linkid,youryou,mae,usiro,bunki,bunki_count,koutuuryou01_up,koutuuryou01_down,koutuuryou02_up,koutuuryou02_down,koutuuryou03_up,koutuuryou03_down,koutuuryou04_up,koutuuryou04_down,koutuuryou05_up,koutuuryou05_down,koutuuryou06_up,koutuuryou06_down,koutuuryou07_up,koutuuryou07_down,koutuuryou08_up,koutuuryou08_down,koutuuryou09_up,koutuuryou09_down,koutuuryou10_up,koutuuryou10_down,koutuuryou11_up,koutuuryou11_down,koutuuryou12_up,koutuuryou12_down,koutuuryou13_up,koutuuryou13_down,koutuuryou14_up,koutuuryou14_down,koutuuryou15_up,koutuuryou15_down,koutuuryou16_up,koutuuryou16_down,koutuuryou17_up,koutuuryou17_down,koutuuryou18_up,koutuuryou18_down,koutuuryou19_up,koutuuryou19_down,koutuuryou20_up,koutuuryou20_down,koutuuryou21_up,koutuuryou21_down,koutuuryou22_up,koutuuryou22_down,koutuuryou23_up,koutuuryou23_down,koutuuryou24_up,koutuuryou24_down,R00_up,R00_down,R01_up,R01_down,R02_up,R02_down,R03_up,R03_down,R04_up,R04_down,R05_up,R05_down,R06_up,R06_down,R07_up,R07_down,R08_up,R08_down,R09_up,R09_down,R10_up,R10_down,R11_up,R11_down,R12_up,R12_down,R13_up,R13_down,R14_up,R14_down,R15_up,R15_down,R16_up,R16_down,R17_up,R17_down,R18_up,R18_down,R19_up,R19_down,R20_up,R20_down,R21_up,R21_down,R22_up,R22_down,R23_up,R23_down
1,1600,2361,32,2362;6,2,0,0,0,0,0,0,0,0,0,0,0,0,1,1,8,8,9,9,9,9,9,9,8,8,8,8,8,8,8,8,8,8,8,8,9,9,8,8,2,2,1,1,1,1,1,1,0,0,,,,,,,,,,,,,,,,,,,,,,,,,,,,,,,,,,,,,,,,,,,,,,,,
10,2000,9,14,,0,50,50,52,52,37,37,40,40,46,46,50,50,140,140,967,967,1151,1151,1088,1088,1047,1047,967,967,880,880,932,932,911,911,933,933,958,958,1007,1007,913,913,393,393,252,252,170,170,124,124,63,63,,,,,,,,,,,,,,,,,,,,,,,,,,,,,,,,,,,,,,,,,,,,,,,,
100,1600,97,115,95;109,2,0,0,0,0,0,0,0,0,0,0,0,0,0,0,2,2,2,2,2,2,2,2,2,2,2,2,2,2,2,2,2,2,2,2,2,2,2,2,0,0,0,0,0,0,0,0,0,0,,,,,,,,,,,,,,,,,,,,,,,,,,,,,,,,,,,,,,,,,,,,,,,,
10000,1200,9999,9776,10001,1,0,0,0,0,0,0,0,0,0,0,0,0,1,1,5,5,6,6,6,6,6,6,5,5,5,5,5,5,5,5,5,5,5,5,6,6,5,5,3,3,2,2,1,1,1,1,0,0,,,,,,,,,,,,,,,,,,,,,,,,,,,,,,,,,,,,,,,,,,,,,,,,
10001,1200,10000,10002,,0,0,0,0,0,0,0,0,0,0,0,0,0,1,1,4,4,5,5,5,5,4,4,4,4,4,4,4,4,4,4,4,4,4,4,4,4,4,4,2,2,1,1,1,1,1,1,0,0,,,,,,,,,,,,,,,,,,,,,,,,,,,,,,,,,,,,,,,,,,,,,,,,
10002,1200,10003,10001,9781,1,0,0,0,0,0,0,0,0,0,0,0,0,1,1,6,6,7,7,6,6,6,6,5,5,5,5,5,5,5,5,5,5,5,5,6,6,5,5,3,3,2,2,1,1,1,1,0,0,,,,,,,,,,,,,,,,,,,,,,,,,,,,,,,,,,,,,,,,,,,,,,,,
10003,1200,10004,10002,,0,1,1,1,1,0,0,0,0,0,0,1,1,1,1,9,9,11,11,10,10,10,10,9,9,8,8,8,8,9,9,9,9,9,9,9,9,9,9,5,5,3,3,2,2,1,1,1,1,,,,,,,,,,,,,,,,,,,,,,,,,,,,,,,,,,,,,,,,,,,,,,,,
10004,1600,10003,9995,9783,1,1,1,1,1,0,0,0,0,1,1,1,1,2,2,10,10,12,12,11,11,11,11,10,10,9,9,9,9,10,10,9,9,10,10,10,10,10,10,5,5,3,3,2,2,2,2,1,1,,,,,,,,,,,,,,,,,,,,,,,,,,,,,,,,,,,,,,,,,,,,,,,,
10005,4400,9896,9895,10006,1,60,60,61,61,43,43,46,46,54,54,59,59,165,165,1034,1034,1217,1217,1116,1116,1091,1091,994,994,936,936,928,928,983,983,979,979,992,992,1064,1064,1008,1008,527,527,330,330,216,216,158,158,85,85,,,,,,,,,,,,,,,,,,,,,,,,,,,,,,,,,,,,,,,,,,,,,,,,
10006,4000,9896,10005,10007,1,60,60,61,61,43,43,46,46,54,54,59,59,165,165,1034,1034,1217,1217,1116,1116,1091,1091,994,994,936,936,928,928,983,983,979,979,992,992,1064,1064,1008,1008,527,527,330,330,216,216,158,158,85,85,,,,,,,,,,,,,,,,,,,,,,,,,,,,,,,,,,,,,,,,,,,,,,,,
10007,2500,10006,9896,10008,1,60,60,61,61,43,43,46,46,54,54,59,59,165,165,1034,1034,1217,1217,1116,1116,1091,1091,994,994,936,936,928,928,983,983,979,979,992,992,1064,1064,1008,1008,527,527,330,330,216,216,158,158,85,85,,,,,,,,,,,,,,,,,,,,,,,,,,,,,,,,,,,,,,,,,,,,,,,,
10008,2500,9896,10007,9803;10009,2,42,42,39,39,28,28,29,29,34,34,39,39,112,112,1343,1343,1424,1424,1347,1347,1375,1375,1229,1229,1247,1247,1096,1096,1282,1282,1299,1299,1257,1257,1375,1375,1394,1394,536,536,316,316,190,190,140,140,87,87,,,,,,,,,,,,,,,,,,,,,,,,,,,,,,,,,,,,,,,,,,,,,,,,
10009,1200,10023,10029,10008,1,0,0,0,0,0,0,0,0,0,0,0,0,1,1,7,7,8,8,7,7,7,7,7,7,6,6,6,6,7,7,7,7,7,7,7,7,7,7,4,4,2,2,1,1,1,1,1,1,,,,,,,,,,,,,,,,,,,,,,,,,,,,,,,,,,,,,,,,,,,,,,,,
10010,2000,,9995,9790,1,60,60,61,61,43,43,46,46,54,54,59,59,165,165,1034,1034,1217,1217,1116,1116,1091,1091,994,994,936,936,928,928,983,983,979,979,992,992,1064,1064,1008,1008,527,527,330,330,216,216,158,158,85,85,,,,,,,,,,,,,,,,,,,,,,,,,,,,,,,,,,,,,,,,,,,,,,,,
10011,800,9773,10012,,0,0,0,0,0,0,0,0,0,0,0,0,0,1,1,4,4,4,4,4,4,4,4,4,4,3,3,3,3,4,4,4,4,4,4,4,4,4,4,2,2,1,1,1,1,1,1,0,0,,,,,,,,,,,,,,,,,,,,,,,,,,,,,,,,,,,,,,,,,,,,,,,,
10012,800,10013,10011,9769,1,0,0,0,0,0,0,0,0,0,0,0,0,0,0,3,3,4,4,3,3,3,3,3,3,3,3,3,3,3,3,3,3,3,3,3,3,3,3,2,2,1,1,1,1,0,0,0,0,,,,,,,,,,,,,,,,,,,,,,,,,,,,,,,,,,,,,,,,,,,,,,,,
10013,800,10012,10014,,0,0,0,0,0,0,0,0,0,0,0,0,0,0,0,2,2,3,3,2,2,2,2,2,2,2,2,2,2,2,2,2,2,2,2,2,2,2,2,1,1,1,1,0,0,0,0,0,0,,,,,,,,,,,,,,,,,,,,,,,,,,,,,,,,,,,,,,,,,,,,,,,,
10014,400,10013,9779,9772,1,0,0,0,0,0,0,0,0,0,0,0,0,0,0,2,2,2,2,2,2,2,2,2,2,2,2,2,2,2,2,2,2,2,2,2,2,2,2,1,1,1,1,0,0,0,0,0,0,,,,,,,,,,,,,,,,,,,,,,,,,,,,,,,,,,,,,,,,,,,,,,,,
10015,1200,10018,10016,,0,0,0,0,0,0,0,0,0,0,0,0,0,0,0,3,3,4,4,3,3,3,3,3,3,3,3,3,3,3,3,3,3,3,3,3,3,3,3,2,2,1,1,1,1,0,0,0,0,,,,,,,,,,,,,,,,,,,,,,,,,,,,,,,,,,,,,,,,,,,,,,,,
10016,800,10015,10104,9772,1,0,0,0,0,0,0,0,0,0,0,0,0,0,0,3,3,3,3,3,3,3,3,3,3,2,2,2,2,3,3,3,3,3,3,3,3,3,3,1,1,1,1,1,1,0,0,0,0,,,,,,,,,,,,,,,,,,,,,,,,,,,,,,,,,,,,,,,,,,,,,,,,
10017,800,10018,9894,,0,0,0,0,0,0,0,0,0,0,0,0,0,0,0,3,3,3,3,3,3,3,3,3,3,3,3,3,3,3,3,3,3,3,3,3,3,3,3,1,1,1,1,1,1,0,0,0,0,,,,,,,,,,,,,,,,,,,,,,,,,,,,,,,,,,,,,,,,,,,,,,,,
10018,800,10015,10017,10037,1,0,0,0,0,0,0,0,0,0,0,0,0,0,0,2,2,2,2,2,2,2,2,2,2,2,2,2,2,2,2,2,2,2,2,2,2,2,2,1,1,1,1,0,0,0,0,0,0,,,,,,,,,,,,,,,,,,,,,,,,,,,,,,,,,,,,,,,,,,,,,,,,
10019,3000,10020,9895,,0,42,42,39,39,28,28,29,29,34,34,39,39,112,112,1343,1343,1424,1424,1347,1347,1375,1375,1229,1229,1247,1247,1096,1096,1282,1282,1299,1299,1257,1257,1375,1375,1394,1394,536,536,316,316,190,190,140,140,87,87,,,,,,,,,,,,,,,,,,,,,,,,,,,,,,,,,,,,,,,,,,,,,,,,
10020,300,9815,10019,10021,1,0,0,0,0,0,0,0,0,0,0,0,0,1,1,8,8,10,10,9,9,9,9,8,8,7,7,7,7,8,8,8,8,8,8,8,8,8,8,4,4,3,3,2,2,1,1,1,1,,,,,,,,,,,,,,,,,,,,,,,,,,,,,,,,,,,,,,,,,,,,,,,,
10021,1600,10020,10022,,0,1,1,1,1,0,0,0,0,0,0,1,1,1,1,9,9,10,10,10,10,9,9,9,9,8,8,8,8,8,8,8,8,9,9,9,9,9,9,5,5,3,3,2,2,1,1,1,1,,,,,,,,,,,,,,,,,,,,,,,,,,,,,,,,,,,,,,,,,,,,,,,,
10022,2500,10021,9847,9837,1,60,60,61,61,43,43,46,46,54,54,59,59,165,165,1034,1034,1217,1217,1116,1116,1091,1091,994,994,936,936,928,928,983,983,979,979,992,992,1064,1064,1008,1008,527,527,330,330,216,216,158,158,85,85,,,,,,,,,,,,,,,,,,,,,,,,,,,,,,,,,,,,,,,,,,,,,,,,
10023,4400,10028,10009,,0,60,60,61,61,43,43,46,46,54,54,59,59,165,165,1034,1034,1217,1217,1116,1116,1091,1091,994,994,936,936,928,928,983,983,979,979,992,992,1064,1064,1008,1008,527,527,330,330,216,216,158,158,85,85,,,,,,,,,,,,,,,,,,,,,,,,,,,,,,,,,,,,,,,,,,,,,,,,
10024,1500,10025,9891,9842,1,60,60,61,61,43,43,46,46,54,54,59,59,165,165,1034,1034,1217,1217,1116,1116,1091,1091,994,994,936,936,928,928,983,983,979,979,992,992,1064,1064,1008,1008,527,527,330,330,216,216,158,158,85,85,,,,,,,,,,,,,,,,,,,,,,,,,,,,,,,,,,,,,,,,,,,,,,,,
10025,800,10024,10026,,0,1,1,1,1,0,0,0,0,0,0,1,1,1,1,9,9,10,10,10,10,9,9,9,9,8,8,8,8,8,8,8,8,8,8,9,9,9,9,5,5,3,3,2,2,1,1,1,1,,,,,,,,,,,,,,,,,,,,,,,,,,,,,,,,,,,,,,,,,,,,,,,,
10026,1200,10025,10027,9828,1,0,0,0,0,0,0,0,0,0,0,0,0,1,1,5,5,6,6,6,6,6,6,5,5,5,5,5,5,5,5,5,5,5,5,5,5,5,5,3,3,2,2,1,1,1,1,0,0,,,,,,,,,,,,,,,,,,,,,,,,,,,,,,,,,,,,,,,,,,,,,,,,
10027,800,10028,10026,,0,1,1,1,1,0,0,0,0,0,0,1,1,1,1,9,9,11,11,10,10,10,10,9,9,8,8,8,8,9,9,9,9,9,9,9,9,9,9,5,5,3,3,2,2,1,1,1,1,,,,,,,,,,,,,,,,,,,,,,,,,,,,,,,,,,,,,,,,,,,,,,,,
10028,1200,10023,10027,9818;9815,2,0,0,0,0,0,0,0,0,0,0,0,0,1,1,7,7,8,8,8,8,7,7,7,7,6,6,6,6,7,7,7,7,7,7,7,7,7,7,4,4,2,2,1,1,1,1,1,1,,,,,,,,,,,,,,,,,,,,,,,,,,,,,,,,,,,,,,,,,,,,,,,,
10029,1600,10009,10030,,0,0,0,0,0,0,0,0,0,0,0,0,0,1,1,8,8,9,9,8,8,8,8,8,8,7,7,7,7,7,7,7,7,8,8,8,8,8,8,4,4,3,3,2,2,1,1,1,1,,,,,,,,,,,,,,,,,,,,,,,,,,,,,,,,,,,,,,,,,,,,,,,,
10030,2500,10029,9812,9818,1,60,60,61,61,43,43,46,46,54,54,59,59,165,165,1034,1034,1217,1217,1116,1116,1091,1091,994,994,936,936,928,928,983,983,979,979,992,992,1064,1064,1008,1008,527,527,330,330,216,216,158,158,85,85,,,,,,,,,,,,,,,,,,,,,,,,,,,,,,,,,,,,,,,,,,,,,,,,
10031,1600,9894,10032,,0,0,0,0,0,0,0,0,0,0,0,0,0,1,1,8,8,9,9,9,9,8,8,8,8,7,7,7,7,8,8,8,8,8,8,8,8,8,8,4,4,3,3,2,2,1,1,1,1,,,,,,,,,,,,,,,,,,,,,,,,,,,,,,,,,,,,,,,,,,,,,,,,
10032,2000,10031,9798,9810,1,60,60,61,61,43,43,46,46,54,54,59,59,165,165,1034,1034,1217,1217,1116,1116,1091,1091,994,994,936,936,928,928,983,983,979,979,992,992,1064,1064,1008,1008,527,527,330,330,216,216,158,158,85,85,,,,,,,,,,,,,,,,,,,,,,,,,,,,,,,,,,,,,,,,,,,,,,,,
10033,1500,9813,10034,9810,1,60,60,61,61,43,43,46,46,54,54,59,59,165,165,1034,1034,1217,1217,1116,1116,1091,1091,994,994,936,936,928,928,983,983,979,979,992,992,1064,1064,1008,1008,527,527,330,330,216,216,158,158,85,85,,,,,,,,,,,,,,,,,,,,,,,,,,,,,,,,,,,,,,,,,,,,,,,,
10034,300,9817,10033,,0,1,1,1,1,0,0,0,0,1,1,1,1,2,2,10,10,12,12,11,11,11,11,10,10,9,9,9,9,10,10,10,10,10,10,11,11,10,10,5,5,3,3,2,2,2,2,1,1,,,,,,,,,,,,,,,,,,,,,,,,,,,,,,,,,,,,,,,,,,,,,,,,
10035,1200,10036,9797,,0,0,0,0,0,0,0,0,0,0,0,0,0,1,1,8,8,9,9,8,8,8,8,7,7,7,7,7,7,7,7,7,7,7,7,8,8,7,7,4,4,2,2,2,2,1,1,1,1,,,,,,,,,,,,,,,,,,,,,,,,,,,,,,,,,,,,,,,,,,,,,,,,
10036,1500,10035,9793,9798,1,60,60,61,61,43,43,46,46,54,54,59,59,165,165,1034,1034,1217,1217,1116,1116,1091,1091,994,994,936,936,928,928,983,983,979,979,992,992,1064,1064,1008,1008,527,527,330,330,216,216,158,158,85,85,,,,,,,,,,,,,,,,,,,,,,,,,,,,,,,,,,,,,,,,,,,,,,,,
10037,2500,10018,10038,,0,67,67,70,70,49,49,53,53,62,62,67,67,186,186,910,910,1134,1134,1023,1023,977,977,900,900,812,812,861,861,864,864,851,851,886,886,939,939,854,854,524,524,336,336,227,227,165,165,84,84,,,,,,,,,,,,,,,,,,,,,,,,,,,,,,,,,,,,,,,,,,,,,,,,
10038,1000,9771,10037,9763,1,67,67,70,70,49,49,53,53,62,62,67,67,186,186,910,910,1134,1134,1023,1023,977,977,900,900,812,812,861,861,864,864,851,851,886,886,939,939,854,854,524,524,336,336,227,227,165,165,84,84,,,,,,,,,,,,,,,,,,,,,,,,,,,,,,,,,,,,,,,,,,,,,,,,
10039,800,10040,10131,,0,0,0,0,0,0,0,0,0,0,0,0,0,0,0,2,2,3,3,3,3,3,3,2,2,2,2,2,2,2,2,2,2,2,2,3,3,2,2,1,1,1,1,1,1,0,0,0,0,,,,,,,,,,,,,,,,,,,,,,,,,,,,,,,,,,,,,,,,,,,,,,,,
10040,800,10039,9771,10126,1,0,0,0,0,0,0,0,0,0,0,0,0,0,0,3,3,3,3,3,3,3,3,3,3,3,3,3,3,3,3,3,3,3,3,3,3,3,3,1,1,1,1,1,1,0,0,0,0,,,,,,,,,,,,,,,,,,,,,,,,,,,,,,,,,,,,,,,,,,,,,,,,
10041,4400,10042,9807,,0,44,44,46,46,32,32,34,34,40,40,44,44,122,122,1037,1037,1195,1195,1144,1144,1114,1114,1024,1024,952,952,976,976,977,977,1009,1009,1021,1021,1079,1079,999,999,376,376,237,237,157,157,114,114,60,60,,,,,,,,,,,,,,,,,,,,,,,,,,,,,,,,,,,,,,,,,,,,,,,,
10042,2500,9819,9839,10041;9833,2,44,44,46,46,32,32,34,34,40,40,44,44,122,122,1037,1037,1195,1195,1144,1144,1114,1114,1024,1024,952,952,976,976,977,977,1009,1009,1021,1021,1079,1079,999,999,376,376,237,237,157,157,114,114,60,60,,,,,,,,,,,,,,,,,,,,,,,,,,,,,,,,,,,,,,,,,,,,,,,,
10043,4400,10044,9807,,0,44,44,46,46,32,32,34,34,40,40,44,44,122,122,1037,1037,1195,1195,1144,1144,1114,1114,1024,1024,952,952,976,976,977,977,1009,1009,1021,1021,1079,1079,999,999,376,376,237,237,157,157,114,114,60,60,,,,,,,,,,,,,,,,,,,,,,,,,,,,,,,,,,,,,,,,,,,,,,,,
10044,3500,10049,9808,10045;10043,2,44,44,46,46,32,32,34,34,40,40,44,44,122,122,1037,1037,1195,1195,1144,1144,1114,1114,1024,1024,952,952,976,976,977,977,1009,1009,1021,1021,1079,1079,999,999,376,376,237,237,157,157,114,114,60,60,,,,,,,,,,,,,,,,,,,,,,,,,,,,,,,,,,,,,,,,,,,,,,,,
10045,4400,10046,10044,,0,44,44,46,46,32,32,34,34,40,40,44,44,122,122,1037,1037,1195,1195,1144,1144,1114,1114,1024,1024,952,952,976,976,977,977,1009,1009,1021,1021,1079,1079,999,999,376,376,237,237,157,157,114,114,60,60,,,,,,,,,,,,,,,,,,,,,,,,,,,,,,,,,,,,,,,,,,,,,,,,
10046,2000,10045,9794,9804,1,44,44,46,46,32,32,34,34,40,40,44,44,122,122,1037,1037,1195,1195,1144,1144,1114,1114,1024,1024,952,952,976,976,977,977,1009,1009,1021,1021,1079,1079,999,999,376,376,237,237,157,157,114,114,60,60,,,,,,,,,,,,,,,,,,,,,,,,,,,,,,,,,,,,,,,,,,,,,,,,
10047,1200,10056,10048,,0,0,0,0,0,0,0,0,0,0,0,0,0,1,1,7,7,8,8,8,8,7,7,7,7,6,6,7,7,7,7,7,7,7,7,7,7,7,7,3,3,2,2,1,1,1,1,0,0,,,,,,,,,,,,,,,,,,,,,,,,,,,,,,,,,,,,,,,,,,,,,,,,
10048,1500,9802,10047,9792,1,44,44,46,46,32,32,34,34,40,40,44,44,122,122,1037,1037,1195,1195,1144,1144,1114,1114,1024,1024,952,952,976,976,977,977,1009,1009,1021,1021,1079,1079,999,999,376,376,237,237,157,157,114,114,60,60,,,,,,,,,,,,,,,,,,,,,,,,,,,,,,,,,,,,,,,,,,,,,,,,
10049,2000,10044,10050,,0,44,44,46,46,32,32,34,34,40,40,44,44,122,122,1037,1037,1195,1195,1144,1144,1114,1114,1024,1024,952,952,976,976,977,977,1009,1009,1021,1021,1079,1079,999,999,376,376,237,237,157,157,114,114,60,60,,,,,,,,,,,,,,,,,,,,,,,,,,,,,,,,,,,,,,,,,,,,,,,,
10050,1200,9789,10049,9792,1,0,0,0,0,0,0,0,0,0,0,0,0,1,1,7,7,8,8,8,8,7,7,7,7,6,6,7,7,7,7,7,7,7,7,7,7,7,7,3,3,2,2,1,1,1,1,0,0,,,,,,,,,,,,,,,,,,,,,,,,,,,,,,,,,,,,,,,,,,,,,,,,
10051,4400,9896,10053,10052,1,44,44,46,46,32,32,34,34,40,40,44,44,122,122,1037,1037,1195,1195,1144,1144,1114,1114,1024,1024,952,952,976,976,977,977,1009,1009,1021,1021,1079,1079,999,999,376,376,237,237,157,157,114,114,60,60,,,,,,,,,,,,,,,,,,,,,,,,,,,,,,,,,,,,,,,,,,,,,,,,
10052,4400,10059,9896,9784;10051,2,44,44,46,46,32,32,34,34,40,40,44,44,122,122,1037,1037,1195,1195,1144,1144,1114,1114,1024,1024,952,952,976,976,977,977,1009,1009,1021,1021,1079,1079,999,999,376,376,237,237,157,157,114,114,60,60,,,,,,,,,,,,,,,,,,,,,,,,,,,,,,,,,,,,,,,,,,,,,,,,
10053,3500,9896,9770,10051;10054,2,44,44,46,46,32,32,34,34,40,40,44,44,122,122,1037,1037,1195,1195,1144,1144,1114,1114,1024,1024,952,952,976,976,977,977,1009,1009,1021,1021,1079,1079,999,999,376,376,237,237,157,157,114,114,60,60,,,,,,,,,,,,,,,,,,,,,,,,,,,,,,,,,,,,,,,,,,,,,,,,
10054,2000,9896,9786,10053,1,44,44,46,46,32,32,34,34,40,40,44,44,122,122,1037,1037,1195,1195,1144,1144,1114,1114,1024,1024,952,952,976,976,977,977,1009,1009,1021,1021,1079,1079,999,999,376,376,237,237,157,157,114,114,60,60,,,,,,,,,,,,,,,,,,,,,,,,,,,,,,,,,,,,,,,,,,,,,,,,
10055,2000,9786,10056,,0,44,44,46,46,32,32,34,34,40,40,44,44,122,122,1037,1037,1195,1195,1144,1144,1114,1114,1024,1024,952,952,976,976,977,977,1009,1009,1021,1021,1079,1079,999,999,376,376,237,237,157,157,114,114,60,60,,,,,,,,,,,,,,,,,,,,,,,,,,,,,,,,,,,,,,,,,,,,,,,,
10056,1200,10055,10047,9799,1,0,0,0,0,0,0,0,0,0,0,0,0,1,1,9,9,10,10,10,10,9,9,8,8,8,8,8,8,8,8,8,8,8,8,9,9,8,8,4,4,2,2,2,2,1,1,1,1,,,,,,,,,,,,,,,,,,,,,,,,,,,,,,,,,,,,,,,,,,,,,,,,
10057,1500,10058,9786,,0,44,44,46,46,32,32,34,34,40,40,44,44,122,122,1037,1037,1195,1195,1144,1144,1114,1114,1024,1024,952,952,976,976,977,977,1009,1009,1021,1021,1079,1079,999,999,376,376,237,237,157,157,114,114,60,60,,,,,,,,,,,,,,,,,,,,,,,,,,,,,,,,,,,,,,,,,,,,,,,,
10058,800,9774,9765,10057,1,0,0,0,0,0,0,0,0,0,0,0,0,1,1,9,9,11,11,10,10,10,10,9,9,8,8,8,8,8,8,9,9,9,9,9,9,9,9,4,4,2,2,2,2,1,1,1,1,,,,,,,,,,,,,,,,,,,,,,,,,,,,,,,,,,,,,,,,,,,,,,,,
10059,1600,10060,10052,,0,53,53,55,55,38,38,42,42,48,48,53,53,146,146,715,715,891,891,804,804,768,768,707,707,638,638,676,676,679,679,669,669,696,696,738,738,671,671,411,411,264,264,178,178,130,130,66,66,,,,,,,,,,,,,,,,,,,,,,,,,,,,,,,,,,,,,,,,,,,,,,,,
10060,1200,10061,10059,10150,1,0,0,0,0,0,0,0,0,0,0,0,0,0,0,894,894,944,944,1009,1009,988,988,917,917,851,851,900,900,826,826,926,926,922,922,952,952,857,857,0,0,0,0,0,0,0,0,0,0,,,,,,,,,,,,,,,,,,,,,,,,,,,,,,,,,,,,,,,,,,,,,,,,
10061,1200,10062,10060,,0,0,0,0,0,0,0,0,0,0,0,0,0,0,0,3,3,3,3,3,3,3,3,2,2,2,2,2,2,2,2,2,2,2,2,3,3,2,2,1,1,1,1,0,0,0,0,0,0,,,,,,,,,,,,,,,,,,,,,,,,,,,,,,,,,,,,,,,,,,,,,,,,
10062,1200,10061,10063,9770,1,0,0,0,0,0,0,0,0,0,0,0,0,0,0,2,2,3,3,2,2,2,2,2,2,2,2,2,2,2,2,2,2,2,2,2,2,2,2,1,1,1,1,0,0,0,0,0,0,,,,,,,,,,,,,,,,,,,,,,,,,,,,,,,,,,,,,,,,,,,,,,,,
10063,1600,10062,10064,,0,0,0,0,0,0,0,0,0,0,0,0,0,0,0,2,2,2,2,2,2,2,2,2,2,2,2,2,2,2,2,2,2,2,2,2,2,2,2,1,1,1,1,0,0,0,0,0,0,,,,,,,,,,,,,,,,,,,,,,,,,,,,,,,,,,,,,,,,,,,,,,,,
10064,1200,10063,10069,9754;10065,2,0,0,0,0,0,0,0,0,0,0,0,0,0,0,2,2,2,2,2,2,2,2,2,2,2,2,2,2,2,2,2,2,2,2,2,2,2,2,1,1,1,1,0,0,0,0,0,0,,,,,,,,,,,,,,,,,,,,,,,,,,,,,,,,,,,,,,,,,,,,,,,,
10065,300,10066,10064,,0,0,0,0,0,0,0,0,0,0,0,0,0,0,0,2,2,3,3,2,2,2,2,2,2,2,2,2,2,2,2,2,2,2,2,2,2,2,2,1,1,1,1,0,0,0,0,0,0,,,,,,,,,,,,,,,,,,,,,,,,,,,,,,,,,,,,,,,,,,,,,,,,
10066,800,9751,10067,10065,1,0,0,0,0,0,0,0,0,0,0,0,0,0,0,2,2,3,3,2,2,2,2,2,2,2,2,2,2,2,2,2,2,2,2,2,2,2,2,1,1,1,1,0,0,0,0,0,0,,,,,,,,,,,,,,,,,,,,,,,,,,,,,,,,,,,,,,,,,,,,,,,,
10067,1200,10068,10066,,0,0,0,0,0,0,0,0,0,0,0,0,0,0,0,2,2,3,3,2,2,2,2,2,2,2,2,2,2,2,2,2,2,2,2,2,2,2,2,1,1,1,1,0,0,0,0,0,0,,,,,,,,,,,,,,,,,,,,,,,,,,,,,,,,,,,,,,,,,,,,,,,,
10068,800,9745,9761,10067,1,0,0,0,0,0,0,0,0,0,0,0,0,0,0,2,2,2,2,2,2,2,2,2,2,2,2,2,2,2,2,2,2,2,2,2,2,2,2,1,1,0,0,0,0,0,0,0,0,,,,,,,,,,,,,,,,,,,,,,,,,,,,,,,,,,,,,,,,,,,,,,,,
10069,2500,10070,10064,,0,67,67,70,70,49,49,53,53,62,62,67,67,186,186,910,910,1134,1134,1023,1023,977,977,900,900,812,812,861,861,864,864,851,851,886,886,939,939,854,854,524,524,336,336,227,227,165,165,84,84,,,,,,,,,,,,,,,,,,,,,,,,,,,,,,,,,,,,,,,,,,,,,,,,
10070,1500,9767,10069,9774,1,67,67,70,70,49,49,53,53,62,62,67,67,186,186,910,910,1134,1134,1023,1023,977,977,900,900,812,812,861,861,864,864,851,851,886,886,939,939,854,854,524,524,336,336,227,227,165,165,84,84,,,,,,,,,,,,,,,,,,,,,,,,,,,,,,,,,,,,,,,,,,,,,,,,
10071,4400,10072,9896,,0,44,44,46,46,32,32,34,34,40,40,44,44,122,122,1037,1037,1195,1195,1144,1144,1114,1114,1024,1024,952,952,976,976,977,977,1009,1009,1021,1021,1079,1079,999,999,376,376,237,237,157,157,114,114,60,60,,,,,,,,,,,,,,,,,,,,,,,,,,,,,,,,,,,,,,,,,,,,,,,,
10072,3500,9896,10073,10071,1,44,44,46,46,32,32,34,34,40,40,44,44,122,122,1037,1037,1195,1195,1144,1144,1114,1114,1024,1024,952,952,976,976,977,977,1009,1009,1021,1021,1079,1079,999,999,376,376,237,237,157,157,114,114,60,60,,,,,,,,,,,,,,,,,,,,,,,,,,,,,,,,,,,,,,,,,,,,,,,,
10073,4400,10074,9896,9787;10072,2,44,44,46,46,32,32,34,34,40,40,44,44,122,122,1037,1037,1195,1195,1144,1144,1114,1114,1024,1024,952,952,976,976,977,977,1009,1009,1021,1021,1079,1079,999,999,376,376,237,237,157,157,114,114,60,60,,,,,,,,,,,,,,,,,,,,,,,,,,,,,,,,,,,,,,,,,,,,,,,,
10074,4400,10075,9896,9787;10073;10079,3,44,44,46,46,32,32,34,34,40,40,44,44,122,122,1037,1037,1195,1195,1144,1144,1114,1114,1024,1024,952,952,976,976,977,977,1009,1009,1021,1021,1079,1079,999,999,376,376,237,237,157,157,114,114,60,60,,,,,,,,,,,,,,,,,,,,,,,,,,,,,,,,,,,,,,,,,,,,,,,,
10075,4400,9896,,10076;10074,2,44,44,46,46,32,32,34,34,40,40,44,44,122,122,1037,1037,1195,1195,1144,1144,1114,1114,1024,1024,952,952,976,976,977,977,1009,1009,1021,1021,1079,1079,999,999,376,376,237,237,157,157,114,114,60,60,,,,,,,,,,,,,,,,,,,,,,,,,,,,,,,,,,,,,,,,,,,,,,,,
10076,2000,9796,9896,10075,1,44,44,46,46,32,32,34,34,40,40,44,44,122,122,1037,1037,1195,1195,1144,1144,1114,1114,1024,1024,952,952,976,976,977,977,1009,1009,1021,1021,1079,1079,999,999,376,376,237,237,157,157,114,114,60,60,,,,,,,,,,,,,,,,,,,,,,,,,,,,,,,,,,,,,,,,,,,,,,,,
10077,2500,10196,10078,,0,44,44,46,46,32,32,34,34,40,40,44,44,122,122,1037,1037,1195,1195,1144,1144,1114,1114,1024,1024,952,952,976,976,977,977,1009,1009,1021,1021,1079,1079,999,999,376,376,237,237,157,157,114,114,60,60,,,,,,,,,,,,,,,,,,,,,,,,,,,,,,,,,,,,,,,,,,,,,,,,
10078,1500,10077,9845,9827,1,44,44,46,46,32,32,34,34,40,40,44,44,122,122,1037,1037,1195,1195,1144,1144,1114,1114,1024,1024,952,952,976,976,977,977,1009,1009,1021,1021,1079,1079,999,999,376,376,237,237,157,157,114,114,60,60,,,,,,,,,,,,,,,,,,,,,,,,,,,,,,,,,,,,,,,,,,,,,,,,
10079,2500,9805,9816,10074,1,44,44,46,46,32,32,34,34,40,40,44,44,122,122,1037,1037,1195,1195,1144,1144,1114,1114,1024,1024,952,952,976,976,977,977,1009,1009,1021,1021,1079,1079,999,999,376,376,237,237,157,157,114,114,60,60,,,,,,,,,,,,,,,,,,,,,,,,,,,,,,,,,,,,,,,,,,,,,,,,
10080,2000,10081,9762,,0,44,44,46,46,32,32,34,34,40,40,44,44,122,122,1037,1037,1195,1195,1144,1144,1114,1114,1024,1024,952,952,976,976,977,977,1009,1009,1021,1021,1079,1079,999,999,376,376,237,237,157,157,114,114,60,60,,,,,,,,,,,,,,,,,,,,,,,,,,,,,,,,,,,,,,,,,,,,,,,,
10081,1500,9778,10080,9785,1,44,44,46,46,32,32,34,34,40,40,44,44,122,122,1037,1037,1195,1195,1144,1144,1114,1114,1024,1024,952,952,976,976,977,977,1009,1009,1021,1021,1079,1079,999,999,376,376,237,237,157,157,114,114,60,60,,,,,,,,,,,,,,,,,,,,,,,,,,,,,,,,,,,,,,,,,,,,,,,,
10082,2000,9811,10083,,0,44,44,46,46,32,32,34,34,40,40,44,44,122,122,1037,1037,1195,1195,1144,1144,1114,1114,1024,1024,952,952,976,976,977,977,1009,1009,1021,1021,1079,1079,999,999,376,376,237,237,157,157,114,114,60,60,,,,,,,,,,,,,,,,,,,,,,,,,,,,,,,,,,,,,,,,,,,,,,,,
10083,1500,10082,215,9831,1,44,44,46,46,32,32,34,34,40,40,44,44,122,122,1037,1037,1195,1195,1144,1144,1114,1114,1024,1024,952,952,976,976,977,977,1009,1009,1021,1021,1079,1079,999,999,376,376,237,237,157,157,114,114,60,60,,,,,,,,,,,,,,,,,,,,,,,,,,,,,,,,,,,,,,,,,,,,,,,,
10084,1600,9996,10085,,0,0,0,0,0,0,0,0,0,0,0,0,0,0,0,1,1,1,1,1,1,1,1,1,1,1,1,1,1,1,1,1,1,1,1,1,1,1,1,0,0,0,0,0,0,0,0,0,0,,,,,,,,,,,,,,,,,,,,,,,,,,,,,,,,,,,,,,,,,,,,,,,,
10085,1200,10086,10084,9719,1,0,0,0,0,0,0,0,0,0,0,0,0,0,0,1,1,1,1,1,1,1,1,1,1,1,1,1,1,1,1,1,1,1,1,1,1,1,1,0,0,0,0,0,0,0,0,0,0,,,,,,,,,,,,,,,,,,,,,,,,,,,,,,,,,,,,,,,,,,,,,,,,
10086,1200,10085,10087,,0,0,0,0,0,0,0,0,0,0,0,0,0,0,0,1,1,2,2,2,2,2,2,1,1,1,1,1,1,1,1,1,1,1,1,1,1,1,1,1,1,0,0,0,0,0,0,0,0,,,,,,,,,,,,,,,,,,,,,,,,,,,,,,,,,,,,,,,,,,,,,,,,
10087,600,9693,10088,10086,1,0,0,0,0,0,0,0,0,0,0,0,0,0,0,2,2,3,3,3,3,3,3,2,2,2,2,2,2,2,2,2,2,2,2,2,2,2,2,1,1,1,1,0,0,0,0,0,0,,,,,,,,,,,,,,,,,,,,,,,,,,,,,,,,,,,,,,,,,,,,,,,,
10088,1500,10089,10087,,0,67,67,70,70,49,49,53,53,62,62,67,67,186,186,910,910,1134,1134,1023,1023,977,977,900,900,812,812,861,861,864,864,851,851,886,886,939,939,854,854,524,524,336,336,227,227,165,165,84,84,,,,,,,,,,,,,,,,,,,,,,,,,,,,,,,,,,,,,,,,,,,,,,,,
10089,1500,9791,10088,9664,1,67,67,70,70,49,49,53,53,62,62,67,67,186,186,910,910,1134,1134,1023,1023,977,977,900,900,812,812,861,861,864,864,851,851,886,886,939,939,854,854,524,524,336,336,227,227,165,165,84,84,,,,,,,,,,,,,,,,,,,,,,,,,,,,,,,,,,,,,,,,,,,,,,,,
10090,800,10091,9715,,0,0,0,0,0,0,0,0,0,0,0,0,0,0,0,1,1,1,1,1,1,1,1,1,1,1,1,1,1,1,1,1,1,1,1,1,1,1,1,0,0,0,0,0,0,0,0,0,0,,,,,,,,,,,,,,,,,,,,,,,,,,,,,,,,,,,,,,,,,,,,,,,,
10091,300,9710,10090,9720,1,0,0,0,0,0,0,0,0,0,0,0,0,0,0,1,1,1,1,1,1,1,1,1,1,1,1,1,1,1,1,1,1,1,1,1,1,1,1,0,0,0,0,0,0,0,0,0,0,,,,,,,,,,,,,,,,,,,,,,,,,,,,,,,,,,,,,,,,,,,,,,,,
10092,800,10093,9698,,0,0,0,0,0,0,0,0,0,0,0,0,0,0,0,1,1,1,1,1,1,1,1,1,1,1,1,1,1,1,1,1,1,1,1,1,1,1,1,0,0,0,0,0,0,0,0,0,0,,,,,,,,,,,,,,,,,,,,,,,,,,,,,,,,,,,,,,,,,,,,,,,,
10093,300,9710,9713,10092,1,0,0,0,0,0,0,0,0,0,0,0,0,0,0,1,1,1,1,1,1,1,1,1,1,1,1,1,1,1,1,1,1,1,1,1,1,1,1,0,0,0,0,0,0,0,0,0,0,,,,,,,,,,,,,,,,,,,,,,,,,,,,,,,,,,,,,,,,,,,,,,,,
10094,800,9692,10095,,0,0,0,0,0,0,0,0,0,0,0,0,0,0,0,1,1,1,1,1,1,1,1,1,1,1,1,1,1,1,1,1,1,1,1,1,1,1,1,1,1,0,0,0,0,0,0,0,0,,,,,,,,,,,,,,,,,,,,,,,,,,,,,,,,,,,,,,,,,,,,,,,,
10095,800,10096,10094,9684,1,0,0,0,0,0,0,0,0,0,0,0,0,0,0,1,1,2,2,1,1,1,1,1,1,1,1,1,1,1,1,1,1,1,1,1,1,1,1,1,1,0,0,0,0,0,0,0,0,,,,,,,,,,,,,,,,,,,,,,,,,,,,,,,,,,,,,,,,,,,,,,,,
10096,800,10095,10097,,0,0,0,0,0,0,0,0,0,0,0,0,0,0,0,1,1,2,2,2,2,2,2,1,1,1,1,1,1,1,1,1,1,1,1,2,2,1,1,1,1,0,0,0,0,0,0,0,0,,,,,,,,,,,,,,,,,,,,,,,,,,,,,,,,,,,,,,,,,,,,,,,,
10097,800,9690,10096,9678,1,0,0,0,0,0,0,0,0,0,0,0,0,0,0,1,1,2,2,2,2,1,1,1,1,1,1,1,1,1,1,1,1,1,1,1,1,1,1,1,1,0,0,0,0,0,0,0,0,,,,,,,,,,,,,,,,,,,,,,,,,,,,,,,,,,,,,,,,,,,,,,,,
10098,3000,10099,,,0,67,67,70,70,49,49,53,53,62,62,67,67,186,186,910,910,1134,1134,1023,1023,977,977,900,900,812,812,861,861,864,864,851,851,886,886,939,939,854,854,524,524,336,336,227,227,165,165,84,84,,,,,,,,,,,,,,,,,,,,,,,,,,,,,,,,,,,,,,,,,,,,,,,,
10099,500,10098,9755,9750,1,67,67,70,70,49,49,53,53,62,62,67,67,186,186,910,910,1134,1134,1023,1023,977,977,900,900,812,812,861,861,864,864,851,851,886,886,939,939,854,854,524,524,336,336,227,227,165,165,84,84,,,,,,,,,,,,,,,,,,,,,,,,,,,,,,,,,,,,,,,,,,,,,,,,
101,3500,83,499,85;93;497;98,4,50,50,52,52,37,37,40,40,46,46,50,50,140,140,967,967,1151,1151,1088,1088,1047,1047,967,967,880,880,932,932,911,911,933,933,958,958,1007,1007,913,913,393,393,252,252,170,170,124,124,63,63,,,,,,,,,,,,,,,,,,,,,,,,,,,,,,,,,,,,,,,,,,,,,,,,
10100,800,10101,9741,,0,0,0,0,0,0,0,0,0,0,0,0,0,0,0,2,2,3,3,2,2,2,2,2,2,2,2,2,2,2,2,2,2,2,2,2,2,2,2,1,1,1,1,0,0,0,0,0,0,,,,,,,,,,,,,,,,,,,,,,,,,,,,,,,,,,,,,,,,,,,,,,,,
10101,400,10100,9750,10102,1,0,0,0,0,0,0,0,0,0,0,0,0,0,0,2,2,3,3,2,2,2,2,2,2,2,2,2,2,2,2,2,2,2,2,2,2,2,2,1,1,1,1,0,0,0,0,0,0,,,,,,,,,,,,,,,,,,,,,,,,,,,,,,,,,,,,,,,,,,,,,,,,
10102,800,10101,10103,,0,0,0,0,0,0,0,0,0,0,0,0,0,0,0,2,2,3,3,3,3,2,2,2,2,2,2,2,2,2,2,2,2,2,2,2,2,2,2,1,1,1,1,0,0,0,0,0,0,,,,,,,,,,,,,,,,,,,,,,,,,,,,,,,,,,,,,,,,,,,,,,,,
10103,300,10102,9755,9740,1,0,0,0,0,0,0,0,0,0,0,0,0,0,0,2,2,3,3,3,3,3,3,2,2,2,2,2,2,2,2,2,2,2,2,2,2,2,2,1,1,1,1,0,0,0,0,0,0,,,,,,,,,,,,,,,,,,,,,,,,,,,,,,,,,,,,,,,,,,,,,,,,
10104,1200,10105,10016,,0,0,0,0,0,0,0,0,0,0,0,0,0,0,0,2,2,3,3,3,3,3,3,2,2,2,2,2,2,2,2,2,2,2,2,3,3,2,2,1,1,1,1,1,1,0,0,0,0,,,,,,,,,,,,,,,,,,,,,,,,,,,,,,,,,,,,,,,,,,,,,,,,
10105,400,10104,9782,10106,1,0,0,0,0,0,0,0,0,0,0,0,0,0,0,2,2,2,2,2,2,2,2,2,2,2,2,2,2,2,2,2,2,2,2,2,2,2,2,1,1,1,1,0,0,0,0,0,0,,,,,,,,,,,,,,,,,,,,,,,,,,,,,,,,,,,,,,,,,,,,,,,,
10106,1600,10105,10107,,0,0,0,0,0,0,0,0,0,0,0,0,0,0,0,1,1,2,2,1,1,1,1,1,1,1,1,1,1,1,1,1,1,1,1,1,1,1,1,1,1,0,0,0,0,0,0,0,0,,,,,,,,,,,,,,,,,,,,,,,,,,,,,,,,,,,,,,,,,,,,,,,,
10107,800,10108,10106,9731,1,0,0,0,0,0,0,0,0,0,0,0,0,0,0,1,1,1,1,1,1,1,1,1,1,1,1,1,1,1,1,1,1,1,1,1,1,1,1,0,0,0,0,0,0,0,0,0,0,,,,,,,,,,,,,,,,,,,,,,,,,,,,,,,,,,,,,,,,,,,,,,,,
10108,800,10107,10109,,0,0,0,0,0,0,0,0,0,0,0,0,0,0,0,2,2,2,2,2,2,2,2,1,1,1,1,1,1,1,1,1,1,1,1,2,2,1,1,1,1,0,0,0,0,0,0,0,0,,,,,,,,,,,,,,,,,,,,,,,,,,,,,,,,,,,,,,,,,,,,,,,,
10109,800,10108,10110,10112,1,0,0,0,0,0,0,0,0,0,0,0,0,0,0,2,2,2,2,2,2,2,2,2,2,2,2,2,2,2,2,2,2,2,2,2,2,2,2,1,1,1,1,0,0,0,0,0,0,,,,,,,,,,,,,,,,,,,,,,,,,,,,,,,,,,,,,,,,,,,,,,,,
10110,800,10111,10109,,0,0,0,0,0,0,0,0,0,0,0,0,0,0,0,3,3,3,3,3,3,3,3,3,3,3,3,3,3,3,3,3,3,3,3,3,3,3,3,1,1,1,1,1,1,0,0,0,0,,,,,,,,,,,,,,,,,,,,,,,,,,,,,,,,,,,,,,,,,,,,,,,,
10111,550,9709,9743,10110,1,67,67,70,70,49,49,53,53,62,62,67,67,186,186,910,910,1134,1134,1023,1023,977,977,900,900,812,812,861,861,864,864,851,851,886,886,939,939,854,854,524,524,336,336,227,227,165,165,84,84,,,,,,,,,,,,,,,,,,,,,,,,,,,,,,,,,,,,,,,,,,,,,,,,
10112,800,10113,10109,,0,0,0,0,0,0,0,0,0,0,0,0,0,0,0,2,2,2,2,2,2,2,2,2,2,2,2,2,2,2,2,2,2,2,2,2,2,2,2,1,1,1,1,0,0,0,0,0,0,,,,,,,,,,,,,,,,,,,,,,,,,,,,,,,,,,,,,,,,,,,,,,,,
10113,800,9723,10112,9706,1,0,0,0,0,0,0,0,0,0,0,0,0,0,0,2,2,2,2,2,2,2,2,2,2,2,2,2,2,2,2,2,2,2,2,2,2,2,2,1,1,1,1,0,0,0,0,0,0,,,,,,,,,,,,,,,,,,,,,,,,,,,,,,,,,,,,,,,,,,,,,,,,
10114,800,10115,9726,,0,0,0,0,0,0,0,0,0,0,0,0,0,0,0,1,1,1,1,1,1,1,1,1,1,1,1,1,1,1,1,1,1,1,1,1,1,1,1,1,1,0,0,0,0,0,0,0,0,,,,,,,,,,,,,,,,,,,,,,,,,,,,,,,,,,,,,,,,,,,,,,,,
10115,400,10114,9733,10116,1,0,0,0,0,0,0,0,0,0,0,0,0,0,0,1,1,1,1,1,1,1,1,1,1,1,1,1,1,1,1,1,1,1,1,1,1,1,1,0,0,0,0,0,0,0,0,0,0,,,,,,,,,,,,,,,,,,,,,,,,,,,,,,,,,,,,,,,,,,,,,,,,
10116,800,10115,10117,,0,0,0,0,0,0,0,0,0,0,0,0,0,0,0,1,1,1,1,1,1,1,1,1,1,1,1,1,1,1,1,1,1,1,1,1,1,1,1,0,0,0,0,0,0,0,0,0,0,,,,,,,,,,,,,,,,,,,,,,,,,,,,,,,,,,,,,,,,,,,,,,,,
10117,600,9731,10116,9725,1,0,0,0,0,0,0,0,0,0,0,0,0,0,0,1,1,1,1,1,1,1,1,1,1,1,1,1,1,1,1,1,1,1,1,1,1,1,1,0,0,0,0,0,0,0,0,0,0,,,,,,,,,,,,,,,,,,,,,,,,,,,,,,,,,,,,,,,,,,,,,,,,
10118,1200,10119,9704,,0,0,0,0,0,0,0,0,0,0,0,0,0,0,0,1,1,1,1,1,1,1,1,1,1,1,1,1,1,1,1,1,1,1,1,1,1,1,1,1,1,0,0,0,0,0,0,0,0,,,,,,,,,,,,,,,,,,,,,,,,,,,,,,,,,,,,,,,,,,,,,,,,
10119,400,9696,10118,9701,1,0,0,0,0,0,0,0,0,0,0,0,0,0,0,1,1,1,1,1,1,1,1,1,1,1,1,1,1,1,1,1,1,1,1,1,1,1,1,1,1,0,0,0,0,0,0,0,0,,,,,,,,,,,,,,,,,,,,,,,,,,,,,,,,,,,,,,,,,,,,,,,,
10120,800,9657,10121,,0,0,0,0,0,0,0,0,0,0,0,0,0,0,0,2,2,2,2,2,2,2,2,1,1,1,1,1,1,1,1,1,1,1,1,2,2,1,1,1,1,0,0,0,0,0,0,0,0,,,,,,,,,,,,,,,,,,,,,,,,,,,,,,,,,,,,,,,,,,,,,,,,
10121,400,10120,9648,9656,1,0,0,0,0,0,0,0,0,0,0,0,0,0,0,2,2,2,2,2,2,2,2,2,2,2,2,2,2,2,2,2,2,2,2,2,2,2,2,1,1,1,1,0,0,0,0,0,0,,,,,,,,,,,,,,,,,,,,,,,,,,,,,,,,,,,,,,,,,,,,,,,,
10122,800,10123,9921,,0,53,53,55,55,38,38,42,42,48,48,53,53,146,146,715,715,891,891,804,804,768,768,707,707,638,638,676,676,679,679,669,669,696,696,738,738,671,671,411,411,264,264,178,178,130,130,66,66,,,,,,,,,,,,,,,,,,,,,,,,,,,,,,,,,,,,,,,,,,,,,,,,
10123,500,9656,9685,10122,1,67,67,70,70,49,49,53,53,62,62,67,67,186,186,910,910,1134,1134,1023,1023,977,977,900,900,812,812,861,861,864,864,851,851,886,886,939,939,854,854,524,524,336,336,227,227,165,165,84,84,,,,,,,,,,,,,,,,,,,,,,,,,,,,,,,,,,,,,,,,,,,,,,,,
10124,1650,9675,10125,,0,67,67,70,70,49,49,53,53,62,62,67,67,186,186,910,910,1134,1134,1023,1023,977,977,900,900,812,812,861,861,864,864,851,851,886,886,939,939,854,854,524,524,336,336,227,227,165,165,84,84,,,,,,,,,,,,,,,,,,,,,,,,,,,,,,,,,,,,,,,,,,,,,,,,
10125,300,10124,9685,9702,1,0,0,0,0,0,0,0,0,0,0,0,0,0,0,3,3,3,3,3,3,3,3,3,3,3,3,3,3,3,3,3,3,3,3,3,3,3,3,1,1,1,1,1,1,0,0,0,0,,,,,,,,,,,,,,,,,,,,,,,,,,,,,,,,,,,,,,,,,,,,,,,,
10126,1650,10040,10127,,0,67,67,70,70,49,49,53,53,62,62,67,67,186,186,910,910,1134,1134,1023,1023,977,977,900,900,812,812,861,861,864,864,851,851,886,886,939,939,854,854,524,524,336,336,227,227,165,165,84,84,,,,,,,,,,,,,,,,,,,,,,,,,,,,,,,,,,,,,,,,,,,,,,,,
10127,1100,10126,9743,9728,1,67,67,70,70,49,49,53,53,62,62,67,67,186,186,910,910,1134,1134,1023,1023,977,977,900,900,812,812,861,861,864,864,851,851,886,886,939,939,854,854,524,524,336,336,227,227,165,165,84,84,,,,,,,,,,,,,,,,,,,,,,,,,,,,,,,,,,,,,,,,,,,,,,,,
10128,4400,,9675,10129,1,67,67,70,70,49,49,53,53,62,62,67,67,186,186,910,910,1134,1134,1023,1023,977,977,900,900,812,812,861,861,864,864,851,851,886,886,939,939,854,854,524,524,336,336,227,227,165,165,84,84,,,,,,,,,,,,,,,,,,,,,,,,,,,,,,,,,,,,,,,,,,,,,,,,
10129,1100,10144,10128,9716,1,67,67,70,70,49,49,53,53,62,62,67,67,186,186,910,910,1134,1134,1023,1023,977,977,900,900,812,812,861,861,864,864,851,851,886,886,939,939,854,854,524,524,336,336,227,227,165,165,84,84,,,,,,,,,,,,,,,,,,,,,,,,,,,,,,,,,,,,,,,,,,,,,,,,
10130,4400,9722,10131,,0,67,67,70,70,49,49,53,53,62,62,67,67,186,186,910,910,1134,1134,1023,1023,977,977,900,900,812,812,861,861,864,864,851,851,886,886,939,939,854,854,524,524,336,336,227,227,165,165,84,84,,,,,,,,,,,,,,,,,,,,,,,,,,,,,,,,,,,,,,,,,,,,,,,,
10131,800,9748,10039,10130,1,0,0,0,0,0,0,0,0,0,0,0,0,0,0,3,3,4,4,3,3,3,3,3,3,3,3,3,3,3,3,3,3,3,3,3,3,3,3,2,2,1,1,1,1,0,0,0,0,,,,,,,,,,,,,,,,,,,,,,,,,,,,,,,,,,,,,,,,,,,,,,,,
10132,800,9748,10133,,0,0,0,0,0,0,0,0,0,0,0,0,0,0,0,0,0,0,0,0,0,0,0,0,0,0,0,0,0,0,0,0,0,0,0,0,0,0,0,0,0,0,0,0,0,0,0,0,0,,,,,,,,,,,,,,,,,,,,,,,,,,,,,,,,,,,,,,,,,,,,,,,,
10133,800,10132,10134,9744,1,0,0,0,0,0,0,0,0,0,0,0,0,0,0,0,0,0,0,0,0,0,0,0,0,0,0,0,0,0,0,0,0,0,0,0,0,0,0,0,0,0,0,0,0,0,0,0,0,,,,,,,,,,,,,,,,,,,,,,,,,,,,,,,,,,,,,,,,,,,,,,,,
10134,800,10135,10133,,0,0,0,0,0,0,0,0,0,0,0,0,0,0,0,0,0,0,0,0,0,0,0,0,0,0,0,0,0,0,0,0,0,0,0,0,0,0,0,0,0,0,0,0,0,0,0,0,0,,,,,,,,,,,,,,,,,,,,,,,,,,,,,,,,,,,,,,,,,,,,,,,,
10135,800,9746,10134,9742,1,0,0,0,0,0,0,0,0,0,0,0,0,0,0,0,0,0,0,0,0,0,0,0,0,0,0,0,0,0,0,0,0,0,0,0,0,0,0,0,0,0,0,0,0,0,0,0,0,,,,,,,,,,,,,,,,,,,,,,,,,,,,,,,,,,,,,,,,,,,,,,,,
10136,800,9722,10137,,0,0,0,0,0,0,0,0,0,0,0,0,0,0,0,3,3,4,4,3,3,3,3,3,3,3,3,3,3,3,3,3,3,3,3,3,3,3,3,2,2,1,1,1,1,0,0,0,0,,,,,,,,,,,,,,,,,,,,,,,,,,,,,,,,,,,,,,,,,,,,,,,,
10137,800,10136,9727,10138,1,0,0,0,0,0,0,0,0,0,0,0,0,0,0,1,1,1,1,1,1,1,1,1,1,1,1,1,1,1,1,1,1,1,1,1,1,1,1,0,0,0,0,0,0,0,0,0,0,,,,,,,,,,,,,,,,,,,,,,,,,,,,,,,,,,,,,,,,,,,,,,,,
10138,1200,10137,10139,,0,0,0,0,0,0,0,0,0,0,0,0,0,0,0,1,1,1,1,1,1,1,1,1,1,1,1,1,1,1,1,1,1,1,1,1,1,1,1,0,0,0,0,0,0,0,0,0,0,,,,,,,,,,,,,,,,,,,,,,,,,,,,,,,,,,,,,,,,,,,,,,,,
10139,800,9718,10138,10140,1,0,0,0,0,0,0,0,0,0,0,0,0,0,0,1,1,1,1,1,1,1,1,1,1,1,1,1,1,1,1,1,1,1,1,1,1,1,1,0,0,0,0,0,0,0,0,0,0,,,,,,,,,,,,,,,,,,,,,,,,,,,,,,,,,,,,,,,,,,,,,,,,
10140,400,10139,10141,,0,0,0,0,0,0,0,0,0,0,0,0,0,0,0,1,1,1,1,1,1,1,1,1,1,1,1,1,1,1,1,1,1,1,1,1,1,1,1,0,0,0,0,0,0,0,0,0,0,,,,,,,,,,,,,,,,,,,,,,,,,,,,,,,,,,,,,,,,,,,,,,,,
10141,800,10140,9708,9699,1,0,0,0,0,0,0,0,0,0,0,0,0,0,0,1,1,1,1,1,1,1,1,1,1,1,1,1,1,1,1,1,1,1,1,1,1,1,1,0,0,0,0,0,0,0,0,0,0,,,,,,,,,,,,,,,,,,,,,,,,,,,,,,,,,,,,,,,,,,,,,,,,
10142,4400,10143,9675,,0,67,67,70,70,49,49,53,53,62,62,67,67,186,186,910,910,1134,1134,1023,1023,977,977,900,900,812,812,861,861,864,864,851,851,886,886,939,939,854,854,524,524,336,336,227,227,165,165,84,84,,,,,,,,,,,,,,,,,,,,,,,,,,,,,,,,,,,,,,,,,,,,,,,,
10143,300,9679,10142,9916,1,0,0,0,0,0,0,0,0,0,0,0,0,0,0,3,3,4,4,3,3,3,3,3,3,3,3,3,3,3,3,3,3,3,3,3,3,3,3,2,2,1,1,1,1,0,0,0,0,,,,,,,,,,,,,,,,,,,,,,,,,,,,,,,,,,,,,,,,,,,,,,,,
10144,1000,10145,10129,,0,67,67,70,70,49,49,53,53,62,62,67,67,186,186,910,910,1134,1134,1023,1023,977,977,900,900,812,812,861,861,864,864,851,851,886,886,939,939,854,854,524,524,336,336,227,227,165,165,84,84,,,,,,,,,,,,,,,,,,,,,,,,,,,,,,,,,,,,,,,,,,,,,,,,
10145,300,,9679,9683;10144,2,0,0,0,0,0,0,0,0,0,0,0,0,0,0,3,3,3,3,3,3,3,3,3,3,3,3,3,3,3,3,3,3,3,3,3,3,3,3,1,1,1,1,1,1,0,0,0,0,,,,,,,,,,,,,,,,,,,,,,,,,,,,,,,,,,,,,,,,,,,,,,,,
10146,800,10147,9732,,0,0,0,0,0,0,0,0,0,0,0,0,0,0,0,0,0,1,1,0,0,0,0,0,0,0,0,0,0,0,0,0,0,0,0,0,0,0,0,0,0,0,0,0,0,0,0,0,0,,,,,,,,,,,,,,,,,,,,,,,,,,,,,,,,,,,,,,,,,,,,,,,,
10147,800,10148,10146,9721,1,0,0,0,0,0,0,0,0,0,0,0,0,0,0,0,0,1,1,1,1,1,1,0,0,0,0,0,0,0,0,0,0,0,0,0,0,0,0,0,0,0,0,0,0,0,0,0,0,,,,,,,,,,,,,,,,,,,,,,,,,,,,,,,,,,,,,,,,,,,,,,,,
10148,800,10149,10147,,0,0,0,0,0,0,0,0,0,0,0,0,0,0,0,1,1,1,1,1,1,1,1,0,0,0,0,0,0,0,0,0,0,1,1,1,1,1,1,0,0,0,0,0,0,0,0,0,0,,,,,,,,,,,,,,,,,,,,,,,,,,,,,,,,,,,,,,,,,,,,,,,,
10149,300,9712,9729,10148,1,0,0,0,0,0,0,0,0,0,0,0,0,0,0,1,1,1,1,1,1,1,1,1,1,0,0,0,0,1,1,1,1,1,1,1,1,1,1,0,0,0,0,0,0,0,0,0,0,,,,,,,,,,,,,,,,,,,,,,,,,,,,,,,,,,,,,,,,,,,,,,,,
10150,1200,10060,10151,,0,0,0,0,0,0,0,0,0,0,0,0,0,0,0,2,2,3,3,2,2,2,2,2,2,2,2,2,2,2,2,2,2,2,2,2,2,2,2,1,1,1,1,0,0,0,0,0,0,,,,,,,,,,,,,,,,,,,,,,,,,,,,,,,,,,,,,,,,,,,,,,,,
10151,600,9753,9758,9756;10150,2,0,0,0,0,0,0,0,0,0,0,0,0,0,0,2,2,2,2,2,2,2,2,2,2,2,2,2,2,2,2,2,2,2,2,2,2,2,2,1,1,0,0,0,0,0,0,0,0,,,,,,,,,,,,,,,,,,,,,,,,,,,,,,,,,,,,,,,,,,,,,,,,
10152,2500,10153,9775,,0,67,67,70,70,49,49,53,53,62,62,67,67,186,186,910,910,1134,1134,1023,1023,977,977,900,900,812,812,861,861,864,864,851,851,886,886,939,939,854,854,524,524,336,336,227,227,165,165,84,84,,,,,,,,,,,,,,,,,,,,,,,,,,,,,,,,,,,,,,,,,,,,,,,,
10153,1000,10152,10154,9761,1,67,67,70,70,49,49,53,53,62,62,67,67,186,186,910,910,1134,1134,1023,1023,977,977,900,900,812,812,861,861,864,864,851,851,886,886,939,939,854,854,524,524,336,336,227,227,165,165,84,84,,,,,,,,,,,,,,,,,,,,,,,,,,,,,,,,,,,,,,,,,,,,,,,,
10154,1000,10153,10155,,0,67,67,70,70,49,49,53,53,62,62,67,67,186,186,910,910,1134,1134,1023,1023,977,977,900,900,812,812,861,861,864,864,851,851,886,886,939,939,854,854,524,524,336,336,227,227,165,165,84,84,,,,,,,,,,,,,,,,,,,,,,,,,,,,,,,,,,,,,,,,,,,,,,,,
10155,300,9737,10154,10156,1,0,0,0,0,0,0,0,0,0,0,0,0,0,0,2,2,3,3,3,3,3,3,2,2,2,2,2,2,2,2,2,2,2,2,3,3,2,2,1,1,1,1,0,0,0,0,0,0,,,,,,,,,,,,,,,,,,,,,,,,,,,,,,,,,,,,,,,,,,,,,,,,
10156,800,10155,10157,,0,0,0,0,0,0,0,0,0,0,0,0,0,0,0,2,2,3,3,2,2,2,2,2,2,2,2,2,2,2,2,2,2,2,2,2,2,2,2,1,1,1,1,0,0,0,0,0,0,,,,,,,,,,,,,,,,,,,,,,,,,,,,,,,,,,,,,,,,,,,,,,,,
10157,800,9764,10156,9734,1,0,0,0,0,0,0,0,0,0,0,0,0,0,0,2,2,2,2,2,2,2,2,2,2,2,2,2,2,2,2,2,2,2,2,2,2,2,2,1,1,0,0,0,0,0,0,0,0,,,,,,,,,,,,,,,,,,,,,,,,,,,,,,,,,,,,,,,,,,,,,,,,
10158,1200,9732,10159,,0,0,0,0,0,0,0,0,0,0,0,0,0,0,0,1,1,1,1,1,1,1,1,1,1,0,0,0,0,1,1,1,1,1,1,1,1,1,1,0,0,0,0,0,0,0,0,0,0,,,,,,,,,,,,,,,,,,,,,,,,,,,,,,,,,,,,,,,,,,,,,,,,
10159,800,10158,10160,9717,1,0,0,0,0,0,0,0,0,0,0,0,0,0,0,1,1,1,1,1,1,1,1,1,1,0,0,0,0,0,0,1,1,1,1,1,1,1,1,0,0,0,0,0,0,0,0,0,0,,,,,,,,,,,,,,,,,,,,,,,,,,,,,,,,,,,,,,,,,,,,,,,,
10160,800,10161,10159,,0,0,0,0,0,0,0,0,0,0,0,0,0,0,0,1,1,1,1,1,1,1,1,1,1,0,0,0,0,1,1,1,1,1,1,1,1,1,1,0,0,0,0,0,0,0,0,0,0,,,,,,,,,,,,,,,,,,,,,,,,,,,,,,,,,,,,,,,,,,,,,,,,
10161,800,10162,10160,9711,1,0,0,0,0,0,0,0,0,0,0,0,0,0,0,1,1,1,1,1,1,1,1,1,1,0,0,0,0,1,1,1,1,1,1,1,1,1,1,0,0,0,0,0,0,0,0,0,0,,,,,,,,,,,,,,,,,,,,,,,,,,,,,,,,,,,,,,,,,,,,,,,,
10162,800,10161,10163,,0,0,0,0,0,0,0,0,0,0,0,0,0,0,0,1,1,1,1,1,1,1,1,1,1,0,0,0,0,1,1,1,1,1,1,1,1,1,1,0,0,0,0,0,0,0,0,0,0,,,,,,,,,,,,,,,,,,,,,,,,,,,,,,,,,,,,,,,,,,,,,,,,
10163,800,10162,9745,9730,1,0,0,0,0,0,0,0,0,0,0,0,0,0,0,1,1,1,1,1,1,1,1,1,1,0,0,0,0,1,1,1,1,1,1,1,1,1,1,0,0,0,0,0,0,0,0,0,0,,,,,,,,,,,,,,,,,,,,,,,,,,,,,,,,,,,,,,,,,,,,,,,,
10164,1200,10165,9681,,0,0,0,0,0,0,0,0,0,0,0,0,0,0,0,2,2,3,3,2,2,2,2,2,2,2,2,2,2,2,2,2,2,2,2,2,2,2,2,1,1,1,1,0,0,0,0,0,0,,,,,,,,,,,,,,,,,,,,,,,,,,,,,,,,,,,,,,,,,,,,,,,,
10165,1100,10166,9663,10164,1,67,67,70,70,49,49,53,53,62,62,67,67,186,186,910,910,1134,1134,1023,1023,977,977,900,900,812,812,861,861,864,864,851,851,886,886,939,939,854,854,524,524,336,336,227,227,165,165,84,84,,,,,,,,,,,,,,,,,,,,,,,,,,,,,,,,,,,,,,,,,,,,,,,,
10166,1200,10167,10165,9663,1,0,0,0,0,0,0,0,0,0,0,0,0,0,0,2,2,3,3,3,3,2,2,2,2,2,2,2,2,2,2,2,2,2,2,2,2,2,2,1,1,1,1,0,0,0,0,0,0,,,,,,,,,,,,,,,,,,,,,,,,,,,,,,,,,,,,,,,,,,,,,,,,
10167,800,9680,9663,10166,1,0,0,0,0,0,0,0,0,0,0,0,0,0,0,2,2,2,2,2,2,2,2,2,2,2,2,2,2,2,2,2,2,2,2,2,2,2,2,1,1,1,1,0,0,0,0,0,0,,,,,,,,,,,,,,,,,,,,,,,,,,,,,,,,,,,,,,,,,,,,,,,,
10168,1200,9705,10169,,0,0,0,0,0,0,0,0,0,0,0,0,0,0,0,1,1,1,1,1,1,1,1,1,1,1,1,1,1,1,1,1,1,1,1,1,1,1,1,0,0,0,0,0,0,0,0,0,0,,,,,,,,,,,,,,,,,,,,,,,,,,,,,,,,,,,,,,,,,,,,,,,,
10169,800,10168,9703,9689,1,0,0,0,0,0,0,0,0,0,0,0,0,0,0,1,1,1,1,1,1,1,1,1,1,1,1,1,1,1,1,1,1,1,1,1,1,1,1,0,0,0,0,0,0,0,0,0,0,,,,,,,,,,,,,,,,,,,,,,,,,,,,,,,,,,,,,,,,,,,,,,,,
10170,2000,10171,9752,,0,67,67,70,70,49,49,53,53,62,62,67,67,186,186,910,910,1134,1134,1023,1023,977,977,900,900,812,812,861,861,864,864,851,851,886,886,939,939,854,854,524,524,336,336,227,227,165,165,84,84,,,,,,,,,,,,,,,,,,,,,,,,,,,,,,,,,,,,,,,,,,,,,,,,
10171,2000,10170,10172,10177,1,67,67,70,70,49,49,53,53,62,62,67,67,186,186,910,910,1134,1134,1023,1023,977,977,900,900,812,812,861,861,864,864,851,851,886,886,939,939,854,854,524,524,336,336,227,227,165,165,84,84,,,,,,,,,,,,,,,,,,,,,,,,,,,,,,,,,,,,,,,,,,,,,,,,
10172,2000,10171,10173,,0,67,67,70,70,49,49,53,53,62,62,67,67,186,186,910,910,1134,1134,1023,1023,977,977,900,900,812,812,861,861,864,864,851,851,886,886,939,939,854,854,524,524,336,336,227,227,165,165,84,84,,,,,,,,,,,,,,,,,,,,,,,,,,,,,,,,,,,,,,,,,,,,,,,,
10173,1200,10174,9714,10172,1,0,0,0,0,0,0,0,0,0,0,0,0,0,0,2,2,3,3,2,2,2,2,2,2,2,2,2,2,2,2,2,2,2,2,2,2,2,2,1,1,1,1,0,0,0,0,0,0,,,,,,,,,,,,,,,,,,,,,,,,,,,,,,,,,,,,,,,,,,,,,,,,
10174,1200,10173,10175,,0,0,0,0,0,0,0,0,0,0,0,0,0,0,0,1,1,2,2,2,2,2,2,1,1,1,1,1,1,1,1,1,1,1,1,2,2,1,1,1,1,0,0,0,0,0,0,0,0,,,,,,,,,,,,,,,,,,,,,,,,,,,,,,,,,,,,,,,,,,,,,,,,
10175,800,9694,9747,10174,1,0,0,0,0,0,0,0,0,0,0,0,0,0,0,1,1,1,1,1,1,1,1,1,1,1,1,1,1,1,1,1,1,1,1,1,1,1,1,0,0,0,0,0,0,0,0,0,0,,,,,,,,,,,,,,,,,,,,,,,,,,,,,,,,,,,,,,,,,,,,,,,,
10176,1500,9752,458,,0,67,67,70,70,49,49,53,53,62,62,67,67,186,186,910,910,1134,1134,1023,1023,977,977,900,900,812,812,861,861,864,864,851,851,886,886,939,939,854,854,524,524,336,336,227,227,165,165,84,84,,,,,,,,,,,,,,,,,,,,,,,,,,,,,,,,,,,,,,,,,,,,,,,,
10177,2000,10178,10171,,0,67,67,70,70,49,49,53,53,62,62,67,67,186,186,910,910,1134,1134,1023,1023,977,977,900,900,812,812,861,861,864,864,851,851,886,886,939,939,854,854,524,524,336,336,227,227,165,165,84,84,,,,,,,,,,,,,,,,,,,,,,,,,,,,,,,,,,,,,,,,,,,,,,,,
10178,1500,9735,10177,9736,1,67,67,70,70,49,49,53,53,62,62,67,67,186,186,910,910,1134,1134,1023,1023,977,977,900,900,812,812,861,861,864,864,851,851,886,886,939,939,854,854,524,524,336,336,227,227,165,165,84,84,,,,,,,,,,,,,,,,,,,,,,,,,,,,,,,,,,,,,,,,,,,,,,,,
10179,2500,10180,466,,0,67,67,70,70,49,49,53,53,62,62,67,67,186,186,910,910,1134,1134,1023,1023,977,977,900,900,812,812,861,861,864,864,851,851,886,886,939,939,854,854,524,524,336,336,227,227,165,165,84,84,,,,,,,,,,,,,,,,,,,,,,,,,,,,,,,,,,,,,,,,,,,,,,,,
10180,1500,9714,10179,9757,1,67,67,70,70,49,49,53,53,62,62,67,67,186,186,910,910,1134,1134,1023,1023,977,977,900,900,812,812,861,861,864,864,851,851,886,886,939,939,854,854,524,524,336,336,227,227,165,165,84,84,,,,,,,,,,,,,,,,,,,,,,,,,,,,,,,,,,,,,,,,,,,,,,,,
10181,1600,10182,,,0,4,4,5,5,3,3,4,4,4,4,4,4,12,12,154,154,174,174,174,174,169,169,156,156,144,144,152,152,144,144,154,154,156,156,162,162,147,147,34,34,22,22,15,15,11,11,6,6,,,,,,,,,,,,,,,,,,,,,,,,,,,,,,,,,,,,,,,,,,,,,,,,
10182,2000,10181,9893,9872,1,60,60,61,61,43,43,46,46,54,54,59,59,165,165,1034,1034,1217,1217,1116,1116,1091,1091,994,994,936,936,928,928,983,983,979,979,992,992,1064,1064,1008,1008,527,527,330,330,216,216,158,158,85,85,,,,,,,,,,,,,,,,,,,,,,,,,,,,,,,,,,,,,,,,,,,,,,,,
10183,2500,5318,10184,,0,67,67,70,70,49,49,53,53,62,62,67,67,186,186,910,910,1134,1134,1023,1023,977,977,900,900,812,812,861,861,864,864,851,851,886,886,939,939,854,854,524,524,336,336,227,227,165,165,84,84,,,,,,,,,,,,,,,,,,,,,,,,,,,,,,,,,,,,,,,,,,,,,,,,
10184,2000,10183,9891,9869,1,67,67,70,70,49,49,53,53,62,62,67,67,186,186,910,910,1134,1134,1023,1023,977,977,900,900,812,812,861,861,864,864,851,851,886,886,939,939,854,854,524,524,336,336,227,227,165,165,84,84,,,,,,,,,,,,,,,,,,,,,,,,,,,,,,,,,,,,,,,,,,,,,,,,
10185,2500,10186,9838,,0,60,60,61,61,43,43,46,46,54,54,59,59,165,165,1034,1034,1217,1217,1116,1116,1091,1091,994,994,936,936,928,928,983,983,979,979,992,992,1064,1064,1008,1008,527,527,330,330,216,216,158,158,85,85,,,,,,,,,,,,,,,,,,,,,,,,,,,,,,,,,,,,,,,,,,,,,,,,
10186,2500,9851,10185,9856,1,60,60,61,61,43,43,46,46,54,54,59,59,165,165,1034,1034,1217,1217,1116,1116,1091,1091,994,994,936,936,928,928,983,983,979,979,992,992,1064,1064,1008,1008,527,527,330,330,216,216,158,158,85,85,,,,,,,,,,,,,,,,,,,,,,,,,,,,,,,,,,,,,,,,,,,,,,,,
10187,1200,10188,9853,,0,0,0,0,0,0,0,0,0,0,0,0,0,1,1,6,6,7,7,7,7,7,7,6,6,6,6,6,6,6,6,6,6,6,6,6,6,6,6,3,3,2,2,1,1,1,1,0,0,,,,,,,,,,,,,,,,,,,,,,,,,,,,,,,,,,,,,,,,,,,,,,,,
10188,2000,9839,9846,10187,1,44,44,46,46,32,32,34,34,40,40,44,44,122,122,1037,1037,1195,1195,1144,1144,1114,1114,1024,1024,952,952,976,976,977,977,1009,1009,1021,1021,1079,1079,999,999,376,376,237,237,157,157,114,114,60,60,,,,,,,,,,,,,,,,,,,,,,,,,,,,,,,,,,,,,,,,,,,,,,,,
10189,2000,9860,10190,,0,44,44,46,46,32,32,34,34,40,40,44,44,122,122,1037,1037,1195,1195,1144,1144,1114,1114,1024,1024,952,952,976,976,977,977,1009,1009,1021,1021,1079,1079,999,999,376,376,237,237,157,157,114,114,60,60,,,,,,,,,,,,,,,,,,,,,,,,,,,,,,,,,,,,,,,,,,,,,,,,
10190,2500,10189,10191,9870,1,44,44,46,46,32,32,34,34,40,40,44,44,122,122,1037,1037,1195,1195,1144,1144,1114,1114,1024,1024,952,952,976,976,977,977,1009,1009,1021,1021,1079,1079,999,999,376,376,237,237,157,157,114,114,60,60,,,,,,,,,,,,,,,,,,,,,,,,,,,,,,,,,,,,,,,,,,,,,,,,
10191,2000,10190,10192,,0,44,44,46,46,32,32,34,34,40,40,44,44,122,122,1037,1037,1195,1195,1144,1144,1114,1114,1024,1024,952,952,976,976,977,977,1009,1009,1021,1021,1079,1079,999,999,376,376,237,237,157,157,114,114,60,60,,,,,,,,,,,,,,,,,,,,,,,,,,,,,,,,,,,,,,,,,,,,,,,,
10192,2500,10199,10191,9867,1,44,44,46,46,32,32,34,34,40,40,44,44,122,122,1037,1037,1195,1195,1144,1144,1114,1114,1024,1024,952,952,976,976,977,977,1009,1009,1021,1021,1079,1079,999,999,376,376,237,237,157,157,114,114,60,60,,,,,,,,,,,,,,,,,,,,,,,,,,,,,,,,,,,,,,,,,,,,,,,,
10193,2500,9867,10218,10194,1,44,44,46,46,32,32,34,34,40,40,44,44,122,122,1037,1037,1195,1195,1144,1144,1114,1114,1024,1024,952,952,976,976,977,977,1009,1009,1021,1021,1079,1079,999,999,376,376,237,237,157,157,114,114,60,60,,,,,,,,,,,,,,,,,,,,,,,,,,,,,,,,,,,,,,,,,,,,,,,,
10194,4400,10196,10193,,0,44,44,46,46,32,32,34,34,40,40,44,44,122,122,1037,1037,1195,1195,1144,1144,1114,1114,1024,1024,952,952,976,976,977,977,1009,1009,1021,1021,1079,1079,999,999,376,376,237,237,157,157,114,114,60,60,,,,,,,,,,,,,,,,,,,,,,,,,,,,,,,,,,,,,,,,,,,,,,,,
10195,4400,10196,9840,,0,44,44,46,46,32,32,34,34,40,40,44,44,122,122,1037,1037,1195,1195,1144,1144,1114,1114,1024,1024,952,952,976,976,977,977,1009,1009,1021,1021,1079,1079,999,999,376,376,237,237,157,157,114,114,60,60,,,,,,,,,,,,,,,,,,,,,,,,,,,,,,,,,,,,,,,,,,,,,,,,
10196,2000,10077,9855,10195;10194,2,44,44,46,46,32,32,34,34,40,40,44,44,122,122,1037,1037,1195,1195,1144,1144,1114,1114,1024,1024,952,952,976,976,977,977,1009,1009,1021,1021,1079,1079,999,999,376,376,237,237,157,157,114,114,60,60,,,,,,,,,,,,,,,,,,,,,,,,,,,,,,,,,,,,,,,,,,,,,,,,
10197,2000,9832,10198,,0,60,60,61,61,43,43,46,46,54,54,59,59,165,165,1034,1034,1217,1217,1116,1116,1091,1091,994,994,936,936,928,928,983,983,979,979,992,992,1064,1064,1008,1008,527,527,330,330,216,216,158,158,85,85,,,,,,,,,,,,,,,,,,,,,,,,,,,,,,,,,,,,,,,,,,,,,,,,
10198,2500,10197,9854,9844,1,60,60,61,61,43,43,46,46,54,54,59,59,165,165,1034,1034,1217,1217,1116,1116,1091,1091,994,994,936,936,928,928,983,983,979,979,992,992,1064,1064,1008,1008,527,527,330,330,216,216,158,158,85,85,,,,,,,,,,,,,,,,,,,,,,,,,,,,,,,,,,,,,,,,,,,,,,,,
10199,2500,10200,10192,,0,44,44,46,46,32,32,34,34,40,40,44,44,122,122,1037,1037,1195,1195,1144,1144,1114,1114,1024,1024,952,952,976,976,977,977,1009,1009,1021,1021,1079,1079,999,999,376,376,237,237,157,157,114,114,60,60,,,,,,,,,,,,,,,,,,,,,,,,,,,,,,,,,,,,,,,,,,,,,,,,
102,2500,496,383,,0,50,50,52,52,37,37,40,40,46,46,50,50,140,140,967,967,1151,1151,1088,1088,1047,1047,967,967,880,880,932,932,911,911,933,933,958,958,1007,1007,913,913,393,393,252,252,170,170,124,124,63,63,,,,,,,,,,,,,,,,,,,,,,,,,,,,,,,,,,,,,,,,,,,,,,,,
10200,2500,10199,10217,9890,1,44,44,46,46,32,32,34,34,40,40,44,44,122,122,1037,1037,1195,1195,1144,1144,1114,1114,1024,1024,952,952,976,976,977,977,1009,1009,1021,1021,1079,1079,999,999,376,376,237,237,157,157,114,114,60,60,,,,,,,,,,,,,,,,,,,,,,,,,,,,,,,,,,,,,,,,,,,,,,,,
10201,800,10202,9880,,0,0,0,0,0,0,0,0,0,0,0,0,0,1,1,4,4,5,5,5,5,4,4,4,4,4,4,4,4,4,4,4,4,4,4,4,4,4,4,2,2,1,1,1,1,1,1,0,0,,,,,,,,,,,,,,,,,,,,,,,,,,,,,,,,,,,,,,,,,,,,,,,,
10202,1200,10201,5307,9884,1,0,0,0,0,0,0,0,0,0,0,0,0,1,1,6,6,7,7,7,7,6,6,6,6,6,6,6,6,6,6,6,6,6,6,6,6,6,6,3,3,2,2,1,1,1,1,0,0,,,,,,,,,,,,,,,,,,,,,,,,,,,,,,,,,,,,,,,,,,,,,,,,
10203,800,10219,10210,9876,1,0,0,0,0,0,0,0,0,0,0,0,0,0,0,2,2,2,2,2,2,2,2,2,2,2,2,2,2,2,2,2,2,2,2,2,2,2,2,1,1,1,1,0,0,0,0,0,0,,,,,,,,,,,,,,,,,,,,,,,,,,,,,,,,,,,,,,,,,,,,,,,,
10204,1200,10205,9863,,0,0,0,0,0,0,0,0,0,0,0,0,0,0,0,3,3,4,4,4,4,3,3,3,3,3,3,3,3,3,3,3,3,3,3,3,3,3,3,1,1,1,1,1,1,0,0,0,0,,,,,,,,,,,,,,,,,,,,,,,,,,,,,,,,,,,,,,,,,,,,,,,,
10205,800,9884,9875,10204;9885,2,0,0,0,0,0,0,0,0,0,0,0,0,0,0,3,3,3,3,3,3,3,3,3,3,3,3,3,3,3,3,3,3,3,3,3,3,3,3,1,1,1,1,1,1,0,0,0,0,,,,,,,,,,,,,,,,,,,,,,,,,,,,,,,,,,,,,,,,,,,,,,,,
10206,1500,10207,9881,,0,44,44,46,46,32,32,34,34,40,40,44,44,122,122,1037,1037,1195,1195,1144,1144,1114,1114,1024,1024,952,952,976,976,977,977,1009,1009,1021,1021,1079,1079,999,999,376,376,237,237,157,157,114,114,60,60,,,,,,,,,,,,,,,,,,,,,,,,,,,,,,,,,,,,,,,,,,,,,,,,
10207,1600,10206,9875,9873,1,0,0,0,0,0,0,0,0,0,0,0,0,1,1,7,7,9,9,8,8,8,8,7,7,7,7,7,7,7,7,7,7,7,7,8,8,7,7,3,3,2,2,1,1,1,1,0,0,,,,,,,,,,,,,,,,,,,,,,,,,,,,,,,,,,,,,,,,,,,,,,,,
10208,1600,10209,10213,,0,0,0,0,0,0,0,0,0,0,0,0,0,1,1,4,4,5,5,5,5,5,5,4,4,4,4,4,4,4,4,4,4,4,4,4,4,4,4,2,2,1,1,1,1,1,1,0,0,,,,,,,,,,,,,,,,,,,,,,,,,,,,,,,,,,,,,,,,,,,,,,,,
10209,1600,9861,10208,9873,1,0,0,0,0,0,0,0,0,0,0,0,0,0,0,3,3,3,3,3,3,3,3,3,3,2,2,2,2,2,2,2,2,3,3,3,3,2,2,1,1,1,1,0,0,0,0,0,0,,,,,,,,,,,,,,,,,,,,,,,,,,,,,,,,,,,,,,,,,,,,,,,,
10210,1200,10203,10211,,0,0,0,0,0,0,0,0,0,0,0,0,0,1,1,5,5,6,6,6,6,6,6,5,5,5,5,5,5,5,5,5,5,5,5,6,6,5,5,2,2,1,1,1,1,1,1,0,0,,,,,,,,,,,,,,,,,,,,,,,,,,,,,,,,,,,,,,,,,,,,,,,,
10211,800,10210,9879,9859,1,0,0,0,0,0,0,0,0,0,0,0,0,0,0,3,3,4,4,4,4,4,4,3,3,3,3,3,3,3,3,3,3,3,3,4,4,3,3,1,1,1,1,1,1,0,0,0,0,,,,,,,,,,,,,,,,,,,,,,,,,,,,,,,,,,,,,,,,,,,,,,,,
10212,4000,9843,10213,,0,44,44,46,46,32,32,34,34,40,40,44,44,122,122,1037,1037,1195,1195,1144,1144,1114,1114,1024,1024,952,952,976,976,977,977,1009,1009,1021,1021,1079,1079,999,999,376,376,237,237,157,157,114,114,60,60,,,,,,,,,,,,,,,,,,,,,,,,,,,,,,,,,,,,,,,,,,,,,,,,
10213,1600,10208,277,10212;9864,2,0,0,0,0,0,0,0,0,0,0,0,0,1,1,9,9,11,11,10,10,10,10,9,9,9,9,9,9,9,9,9,9,9,9,10,10,9,9,4,4,3,3,2,2,1,1,1,1,,,,,,,,,,,,,,,,,,,,,,,,,,,,,,,,,,,,,,,,,,,,,,,,
10214,2000,9881,10215,,0,0,0,0,0,0,0,0,0,0,0,0,0,0,0,1138,1138,1201,1201,1284,1284,1257,1257,1168,1168,1084,1084,1145,1145,1051,1051,1179,1179,1173,1173,1211,1211,1091,1091,0,0,0,0,0,0,0,0,0,0,,,,,,,,,,,,,,,,,,,,,,,,,,,,,,,,,,,,,,,,,,,,,,,,
10215,1600,10214,2650,5310,1,0,0,0,0,0,0,0,0,0,0,0,0,1,1,9,9,11,11,10,10,10,10,9,9,9,9,9,9,9,9,9,9,9,9,10,10,9,9,4,4,3,3,2,2,1,1,1,1,,,,,,,,,,,,,,,,,,,,,,,,,,,,,,,,,,,,,,,,,,,,,,,,
10216,1600,9880,10221,,0,53,53,55,55,38,38,42,42,48,48,53,53,146,146,715,715,891,891,804,804,768,768,707,707,638,638,676,676,679,679,669,669,696,696,738,738,671,671,411,411,264,264,178,178,130,130,66,66,,,,,,,,,,,,,,,,,,,,,,,,,,,,,,,,,,,,,,,,,,,,,,,,
10217,1600,10220,10200,,0,0,0,0,0,0,0,0,0,0,0,0,0,1,1,9,9,11,11,10,10,10,10,9,9,9,9,9,9,9,9,9,9,9,9,10,10,9,9,4,4,3,3,2,2,1,1,1,1,,,,,,,,,,,,,,,,,,,,,,,,,,,,,,,,,,,,,,,,,,,,,,,,
10218,4400,10193,10220,,0,67,67,70,70,49,49,53,53,62,62,67,67,186,186,910,910,1134,1134,1023,1023,977,977,900,900,812,812,861,861,864,864,851,851,886,886,939,939,854,854,524,524,336,336,227,227,165,165,84,84,,,,,,,,,,,,,,,,,,,,,,,,,,,,,,,,,,,,,,,,,,,,,,,,
10219,800,10222,10203,,0,0,0,0,0,0,0,0,0,0,0,0,0,1,1,4,4,5,5,4,4,4,4,4,4,4,4,4,4,4,4,4,4,4,4,4,4,4,4,2,2,1,1,1,1,1,1,0,0,,,,,,,,,,,,,,,,,,,,,,,,,,,,,,,,,,,,,,,,,,,,,,,,
10220,4400,6081,10221,10218;10222;10217;6098,4,67,67,70,70,49,49,53,53,62,62,67,67,186,186,910,910,1134,1134,1023,1023,977,977,900,900,812,812,861,861,864,864,851,851,886,886,939,939,854,854,524,524,336,336,227,227,165,165,84,84,,,,,,,,,,,,,,,,,,,,,,,,,,,,,,,,,,,,,,,,,,,,,,,,
10221,300,10216,10220,,0,0,0,0,0,0,0,0,0,0,0,0,0,1,1,6,6,8,8,7,7,7,7,6,6,6,6,6,6,6,6,6,6,6,6,7,7,6,6,3,3,2,2,1,1,1,1,0,0,,,,,,,,,,,,,,,,,,,,,,,,,,,,,,,,,,,,,,,,,,,,,,,,
10222,300,10220,,10219,1,0,0,0,0,0,0,0,0,0,0,0,0,1,1,7,7,8,8,7,7,7,7,6,6,6,6,6,6,6,6,6,6,6,6,7,7,6,6,3,3,2,2,1,1,1,1,0,0,,,,,,,,,,,,,,,,,,,,,,,,,,,,,,,,,,,,,,,,,,,,,,,,
10223,4400,9896,,,0,0,0,0,0,0,0,0,0,0,0,0,0,0,0,1138,1138,1201,1201,1284,1284,1257,1257,1168,1168,1084,1084,1145,1145,1051,1051,1179,1179,1173,1173,1211,1211,1091,1091,0,0,0,0,0,0,0,0,0,0,,,,,,,,,,,,,,,,,,,,,,,,,,,,,,,,,,,,,,,,,,,,,,,,
10224,1600,10442,10229,,0,53,53,55,55,38,38,42,42,48,48,53,53,146,146,715,715,891,891,804,804,768,768,707,707,638,638,676,676,679,679,669,669,696,696,738,738,671,671,411,411,264,264,178,178,130,130,66,66,,,,,,,,,,,,,,,,,,,,,,,,,,,,,,,,,,,,,,,,,,,,,,,,
10225,800,,10426,,0,2,2,2,2,1,1,1,1,2,2,2,2,5,5,29,29,35,35,32,32,31,31,29,29,26,26,27,27,27,27,27,27,28,28,30,30,27,27,13,13,8,8,6,6,4,4,2,2,,,,,,,,,,,,,,,,,,,,,,,,,,,,,,,,,,,,,,,,,,,,,,,,
10226,3000,10440,,,0,34,34,35,35,24,24,26,26,31,31,34,34,93,93,1024,1024,1168,1168,1154,1154,1117,1117,1034,1034,948,948,1003,1003,958,958,1015,1015,1030,1030,1075,1075,972,972,262,262,168,168,114,114,82,82,42,42,,,,,,,,,,,,,,,,,,,,,,,,,,,,,,,,,,,,,,,,,,,,,,,,
10227,2500,10428,10424,,0,54,54,56,56,39,39,42,42,50,50,54,54,149,149,956,956,1147,1147,1075,1075,1033,1033,954,954,866,866,918,918,901,901,917,917,943,943,993,993,901,901,419,419,269,269,182,182,132,132,67,67,,,,,,,,,,,,,,,,,,,,,,,,,,,,,,,,,,,,,,,,,,,,,,,,
10228,1200,10432,,,0,1,1,1,1,1,1,1,1,1,1,1,1,3,3,17,17,20,20,19,19,18,18,16,16,15,15,16,16,16,16,16,16,16,16,17,17,16,16,8,8,5,5,3,3,2,2,1,1,,,,,,,,,,,,,,,,,,,,,,,,,,,,,,,,,,,,,,,,,,,,,,,,
10229,4400,10224,10231,,0,34,34,35,35,24,24,26,26,31,31,34,34,93,93,1024,1024,1168,1168,1154,1154,1117,1117,1034,1034,948,948,1003,1003,958,958,1015,1015,1030,1030,1075,1075,972,972,262,262,168,168,114,114,82,82,42,42,,,,,,,,,,,,,,,,,,,,,,,,,,,,,,,,,,,,,,,,,,,,,,,,
10230,4400,10231,10438,,0,34,34,35,35,24,24,26,26,31,31,34,34,93,93,1024,1024,1168,1168,1154,1154,1117,1117,1034,1034,948,948,1003,1003,958,958,1015,1015,1030,1030,1075,1075,972,972,262,262,168,168,114,114,82,82,42,42,,,,,,,,,,,,,,,,,,,,,,,,,,,,,,,,,,,,,,,,,,,,,,,,
10231,3300,10435,10229,10230;10233,2,34,34,35,35,24,24,26,26,31,31,34,34,93,93,1024,1024,1168,1168,1154,1154,1117,1117,1034,1034,948,948,1003,1003,958,958,1015,1015,1030,1030,1075,1075,972,972,262,262,168,168,114,114,82,82,42,42,,,,,,,,,,,,,,,,,,,,,,,,,,,,,,,,,,,,,,,,,,,,,,,,
10232,4400,10442,10432,,0,54,54,56,56,39,39,42,42,50,50,54,54,149,149,956,956,1147,1147,1075,1075,1033,1033,954,954,866,866,918,918,901,901,917,917,943,943,993,993,901,901,419,419,269,269,182,182,132,132,67,67,,,,,,,,,,,,,,,,,,,,,,,,,,,,,,,,,,,,,,,,,,,,,,,,
10233,4400,10234,10231,,0,34,34,35,35,24,24,26,26,31,31,34,34,93,93,1024,1024,1168,1168,1154,1154,1117,1117,1034,1034,948,948,1003,1003,958,958,1015,1015,1030,1030,1075,1075,972,972,262,262,168,168,114,114,82,82,42,42,,,,,,,,,,,,,,,,,,,,,,,,,,,,,,,,,,,,,,,,,,,,,,,,
10234,4400,10233,10238,10431;10433,2,67,67,70,70,49,49,53,53,62,62,67,67,186,186,910,910,1134,1134,1023,1023,977,977,900,900,812,812,861,861,864,864,851,851,886,886,939,939,854,854,524,524,336,336,227,227,165,165,84,84,,,,,,,,,,,,,,,,,,,,,,,,,,,,,,,,,,,,,,,,,,,,,,,,
10235,3000,10430,10413,,0,54,54,56,56,39,39,42,42,50,50,54,54,149,149,956,956,1147,1147,1075,1075,1033,1033,954,954,866,866,918,918,901,901,917,917,943,943,993,993,901,901,419,419,269,269,182,182,132,132,67,67,,,,,,,,,,,,,,,,,,,,,,,,,,,,,,,,,,,,,,,,,,,,,,,,
10236,4400,10411,10428,,0,54,54,56,56,39,39,42,42,50,50,54,54,149,149,956,956,1147,1147,1075,1075,1033,1033,954,954,866,866,918,918,901,901,917,917,943,943,993,993,901,901,419,419,269,269,182,182,132,132,67,67,,,,,,,,,,,,,,,,,,,,,,,,,,,,,,,,,,,,,,,,,,,,,,,,
10237,2500,10434,10436,,0,34,34,35,35,24,24,26,26,31,31,34,34,93,93,1024,1024,1168,1168,1154,1154,1117,1117,1034,1034,948,948,1003,1003,958,958,1015,1015,1030,1030,1075,1075,972,972,262,262,168,168,114,114,82,82,42,42,,,,,,,,,,,,,,,,,,,,,,,,,,,,,,,,,,,,,,,,,,,,,,,,
10238,4400,10415,10234,,0,54,54,56,56,39,39,42,42,50,50,54,54,149,149,956,956,1147,1147,1075,1075,1033,1033,954,954,866,866,918,918,901,901,917,917,943,943,993,993,901,901,419,419,269,269,182,182,132,132,67,67,,,,,,,,,,,,,,,,,,,,,,,,,,,,,,,,,,,,,,,,,,,,,,,,
10239,4000,10436,10242,,0,0,0,0,0,0,0,0,0,0,0,0,0,0,0,1138,1138,1201,1201,1284,1284,1257,1257,1168,1168,1084,1084,1145,1145,1051,1051,1179,1179,1173,1173,1211,1211,1091,1091,0,0,0,0,0,0,0,0,0,0,,,,,,,,,,,,,,,,,,,,,,,,,,,,,,,,,,,,,,,,,,,,,,,,
10240,3000,10421,10422,,0,63,63,66,66,46,46,50,50,58,58,63,63,175,175,972,972,1175,1175,1069,1069,1034,1034,947,947,874,874,895,895,924,924,915,915,939,939,1001,1001,931,931,526,526,333,333,222,222,161,161,84,84,,,,,,,,,,,,,,,,,,,,,,,,,,,,,,,,,,,,,,,,,,,,,,,,
10241,800,10421,10246,,0,0,0,0,0,0,0,0,0,0,0,0,0,1,1,3,3,4,4,4,4,4,4,3,3,3,3,3,3,3,3,3,3,3,3,4,4,3,3,2,2,1,1,1,1,1,1,0,0,,,,,,,,,,,,,,,,,,,,,,,,,,,,,,,,,,,,,,,,,,,,,,,,
10242,3000,10239,10249,10420;10247,2,63,63,66,66,46,46,50,50,58,58,63,63,175,175,972,972,1175,1175,1069,1069,1034,1034,947,947,874,874,895,895,924,924,915,915,939,939,1001,1001,931,931,526,526,333,333,222,222,161,161,84,84,,,,,,,,,,,,,,,,,,,,,,,,,,,,,,,,,,,,,,,,,,,,,,,,
10243,1600,10246,10422,,0,0,0,0,0,0,0,0,0,0,0,0,0,1,1,5,5,6,6,5,5,5,5,5,5,4,4,4,4,4,4,4,4,5,5,5,5,5,5,3,3,2,2,1,1,1,1,0,0,,,,,,,,,,,,,,,,,,,,,,,,,,,,,,,,,,,,,,,,,,,,,,,,
10244,4400,10248,10434,,0,34,34,35,35,24,24,26,26,31,31,34,34,93,93,1024,1024,1168,1168,1154,1154,1117,1117,1034,1034,948,948,1003,1003,958,958,1015,1015,1030,1030,1075,1075,972,972,262,262,168,168,114,114,82,82,42,42,,,,,,,,,,,,,,,,,,,,,,,,,,,,,,,,,,,,,,,,,,,,,,,,
10245,1200,,10407,,0,1,1,1,1,1,1,1,1,1,1,1,1,3,3,16,16,19,19,17,17,17,17,15,15,14,14,15,15,15,15,15,15,15,15,16,16,15,15,7,7,5,5,3,3,2,2,1,1,,,,,,,,,,,,,,,,,,,,,,,,,,,,,,,,,,,,,,,,,,,,,,,,
10246,1200,10253,10340,10243;10241,2,0,0,0,0,0,0,0,0,0,0,0,0,1,1,3,3,4,4,4,4,4,4,3,3,3,3,3,3,3,3,3,3,3,3,4,4,3,3,2,2,1,1,1,1,1,1,0,0,,,,,,,,,,,,,,,,,,,,,,,,,,,,,,,,,,,,,,,,,,,,,,,,
10247,3850,10242,10248,,0,63,63,66,66,46,46,50,50,58,58,63,63,175,175,972,972,1175,1175,1069,1069,1034,1034,947,947,874,874,895,895,924,924,915,915,939,939,1001,1001,931,931,526,526,333,333,222,222,161,161,84,84,,,,,,,,,,,,,,,,,,,,,,,,,,,,,,,,,,,,,,,,,,,,,,,,
10248,4400,10251,10247,10244;10262,2,63,63,66,66,46,46,50,50,58,58,63,63,175,175,972,972,1175,1175,1069,1069,1034,1034,947,947,874,874,895,895,924,924,915,915,939,939,1001,1001,931,931,526,526,333,333,222,222,161,161,84,84,,,,,,,,,,,,,,,,,,,,,,,,,,,,,,,,,,,,,,,,,,,,,,,,
10249,2500,10417,10242,,0,63,63,66,66,46,46,50,50,58,58,63,63,175,175,972,972,1175,1175,1069,1069,1034,1034,947,947,874,874,895,895,924,924,915,915,939,939,1001,1001,931,931,526,526,333,333,222,222,161,161,84,84,,,,,,,,,,,,,,,,,,,,,,,,,,,,,,,,,,,,,,,,,,,,,,,,
10250,4400,10252,10415,,0,54,54,56,56,39,39,42,42,50,50,54,54,149,149,956,956,1147,1147,1075,1075,1033,1033,954,954,866,866,918,918,901,901,917,917,943,943,993,993,901,901,419,419,269,269,182,182,132,132,67,67,,,,,,,,,,,,,,,,,,,,,,,,,,,,,,,,,,,,,,,,,,,,,,,,
10251,3300,10248,10367,,0,63,63,66,66,46,46,50,50,58,58,63,63,175,175,972,972,1175,1175,1069,1069,1034,1034,947,947,874,874,895,895,924,924,915,915,939,939,1001,1001,931,931,526,526,333,333,222,222,161,161,84,84,,,,,,,,,,,,,,,,,,,,,,,,,,,,,,,,,,,,,,,,,,,,,,,,
10252,2750,10279,10250,10366;10257,2,50,50,52,52,37,37,40,40,46,46,50,50,140,140,967,967,1151,1151,1088,1088,1047,1047,967,967,880,880,932,932,911,911,933,933,958,958,1007,1007,913,913,393,393,252,252,170,170,124,124,63,63,,,,,,,,,,,,,,,,,,,,,,,,,,,,,,,,,,,,,,,,,,,,,,,,
10253,1200,10256,10340,10339;10246;570,3,0,0,0,0,0,0,0,0,0,0,0,0,0,0,2,2,3,3,3,3,3,3,2,2,2,2,2,2,2,2,2,2,2,2,2,2,2,2,1,1,1,1,1,1,0,0,0,0,,,,,,,,,,,,,,,,,,,,,,,,,,,,,,,,,,,,,,,,,,,,,,,,
10254,1600,10381,10256,,0,0,0,0,0,0,0,0,0,0,0,0,0,0,0,1,1,2,2,2,2,1,1,1,1,1,1,1,1,1,1,1,1,1,1,1,1,1,1,1,1,0,0,0,0,0,0,0,0,,,,,,,,,,,,,,,,,,,,,,,,,,,,,,,,,,,,,,,,,,,,,,,,
10255,4000,10411,10407,,0,0,0,0,0,0,0,0,0,0,0,0,0,0,0,1138,1138,1201,1201,1284,1284,1257,1257,1168,1168,1084,1084,1145,1145,1051,1051,1179,1179,1173,1173,1211,1211,1091,1091,0,0,0,0,0,0,0,0,0,0,,,,,,,,,,,,,,,,,,,,,,,,,,,,,,,,,,,,,,,,,,,,,,,,
10256,1600,10266,10253,10254;10371,2,0,0,0,0,0,0,0,0,0,0,0,0,0,0,2,2,3,3,3,3,3,3,2,2,2,2,2,2,2,2,2,2,2,2,3,3,2,2,1,1,1,1,1,1,0,0,0,0,,,,,,,,,,,,,,,,,,,,,,,,,,,,,,,,,,,,,,,,,,,,,,,,
10257,3000,10359,10252,,0,50,50,52,52,37,37,40,40,46,46,50,50,140,140,967,967,1151,1151,1088,1088,1047,1047,967,967,880,880,932,932,911,911,933,933,958,958,1007,1007,913,913,393,393,252,252,170,170,124,124,63,63,,,,,,,,,,,,,,,,,,,,,,,,,,,,,,,,,,,,,,,,,,,,,,,,
10258,1100,,10268,10419,1,63,63,66,66,46,46,50,50,58,58,63,63,175,175,972,972,1175,1175,1069,1069,1034,1034,947,947,874,874,895,895,924,924,915,915,939,939,1001,1001,931,931,526,526,333,333,222,222,161,161,84,84,,,,,,,,,,,,,,,,,,,,,,,,,,,,,,,,,,,,,,,,,,,,,,,,
10259,1600,10290,10406,10358;10272,2,0,0,0,0,0,0,0,0,0,0,0,0,1,1,7,7,8,8,8,8,7,7,7,7,6,6,7,7,7,7,7,7,7,7,7,7,7,7,3,3,2,2,1,1,1,1,1,1,,,,,,,,,,,,,,,,,,,,,,,,,,,,,,,,,,,,,,,,,,,,,,,,
10260,4400,10438,10422,,0,67,67,70,70,49,49,53,53,62,62,67,67,186,186,910,910,1134,1134,1023,1023,977,977,900,900,812,812,861,861,864,864,851,851,886,886,939,939,854,854,524,524,336,336,227,227,165,165,84,84,,,,,,,,,,,,,,,,,,,,,,,,,,,,,,,,,,,,,,,,,,,,,,,,
10261,3000,10419,10417,,0,63,63,66,66,46,46,50,50,58,58,63,63,175,175,972,972,1175,1175,1069,1069,1034,1034,947,947,874,874,895,895,924,924,915,915,939,939,1001,1001,931,931,526,526,333,333,222,222,161,161,84,84,,,,,,,,,,,,,,,,,,,,,,,,,,,,,,,,,,,,,,,,,,,,,,,,
10262,4400,10269,10248,,0,63,63,66,66,46,46,50,50,58,58,63,63,175,175,972,972,1175,1175,1069,1069,1034,1034,947,947,874,874,895,895,924,924,915,915,939,939,1001,1001,931,931,526,526,333,333,222,222,161,161,84,84,,,,,,,,,,,,,,,,,,,,,,,,,,,,,,,,,,,,,,,,,,,,,,,,
10263,1200,10267,10403,,0,0,0,0,0,0,0,0,0,0,0,0,0,1,1,3,3,3,3,3,3,3,3,3,3,3,3,3,3,3,3,3,3,3,3,3,3,3,3,2,2,1,1,1,1,0,0,0,0,,,,,,,,,,,,,,,,,,,,,,,,,,,,,,,,,,,,,,,,,,,,,,,,
10264,2500,10304,10332,10382;10379,2,63,63,66,66,46,46,50,50,58,58,63,63,175,175,972,972,1175,1175,1069,1069,1034,1034,947,947,874,874,895,895,924,924,915,915,939,939,1001,1001,931,931,526,526,333,333,222,222,161,161,84,84,,,,,,,,,,,,,,,,,,,,,,,,,,,,,,,,,,,,,,,,,,,,,,,,
10265,800,10267,6302,,0,0,0,0,0,0,0,0,0,0,0,0,0,1,1,7,7,9,9,8,8,7,7,7,7,6,6,6,6,7,7,7,7,7,7,7,7,7,7,4,4,2,2,2,2,1,1,1,1,,,,,,,,,,,,,,,,,,,,,,,,,,,,,,,,,,,,,,,,,,,,,,,,
10266,800,10256,10380,,0,0,0,0,0,0,0,0,0,0,0,0,0,1,1,4,4,5,5,4,4,4,4,4,4,3,3,3,3,4,4,4,4,4,4,4,4,4,4,2,2,1,1,1,1,1,1,0,0,,,,,,,,,,,,,,,,,,,,,,,,,,,,,,,,,,,,,,,,,,,,,,,,
10267,800,10263,10286,10265;10398,2,0,0,0,0,0,0,0,0,0,0,0,0,1,1,4,4,4,4,4,4,4,4,4,4,3,3,3,3,3,3,3,3,4,4,4,4,3,3,2,2,1,1,1,1,1,1,0,0,,,,,,,,,,,,,,,,,,,,,,,,,,,,,,,,,,,,,,,,,,,,,,,,
10268,4400,10340,10334,10258;571,2,63,63,66,66,46,46,50,50,58,58,63,63,175,175,972,972,1175,1175,1069,1069,1034,1034,947,947,874,874,895,895,924,924,915,915,939,939,1001,1001,931,931,526,526,333,333,222,222,161,161,84,84,,,,,,,,,,,,,,,,,,,,,,,,,,,,,,,,,,,,,,,,,,,,,,,,
10269,3500,10418,10274,10262,1,63,63,66,66,46,46,50,50,58,58,63,63,175,175,972,972,1175,1175,1069,1069,1034,1034,947,947,874,874,895,895,924,924,915,915,939,939,1001,1001,931,931,526,526,333,333,222,222,161,161,84,84,,,,,,,,,,,,,,,,,,,,,,,,,,,,,,,,,,,,,,,,,,,,,,,,
10270,1200,10276,10367,,0,0,0,0,0,0,0,0,0,0,0,0,0,0,0,2,2,2,2,2,2,2,2,2,2,1,1,2,2,2,2,2,2,2,2,2,2,2,2,1,1,1,1,0,0,0,0,0,0,,,,,,,,,,,,,,,,,,,,,,,,,,,,,,,,,,,,,,,,,,,,,,,,
10271,3000,10275,10372,,0,63,63,66,66,46,46,50,50,58,58,63,63,175,175,972,972,1175,1175,1069,1069,1034,1034,947,947,874,874,895,895,924,924,915,915,939,939,1001,1001,931,931,526,526,333,333,222,222,161,161,84,84,,,,,,,,,,,,,,,,,,,,,,,,,,,,,,,,,,,,,,,,,,,,,,,,
10272,3000,10357,10259,,0,50,50,52,52,37,37,40,40,46,46,50,50,140,140,967,967,1151,1151,1088,1088,1047,1047,967,967,880,880,932,932,911,911,933,933,958,958,1007,1007,913,913,393,393,252,252,170,170,124,124,63,63,,,,,,,,,,,,,,,,,,,,,,,,,,,,,,,,,,,,,,,,,,,,,,,,
10273,2000,10380,10275,,0,63,63,66,66,46,46,50,50,58,58,63,63,175,175,972,972,1175,1175,1069,1069,1034,1034,947,947,874,874,895,895,924,924,915,915,939,939,1001,1001,931,931,526,526,333,333,222,222,161,161,84,84,,,,,,,,,,,,,,,,,,,,,,,,,,,,,,,,,,,,,,,,,,,,,,,,
10274,2500,10269,10276,,0,63,63,66,66,46,46,50,50,58,58,63,63,175,175,972,972,1175,1175,1069,1069,1034,1034,947,947,874,874,895,895,924,924,915,915,939,939,1001,1001,931,931,526,526,333,333,222,222,161,161,84,84,,,,,,,,,,,,,,,,,,,,,,,,,,,,,,,,,,,,,,,,,,,,,,,,
10275,2500,10273,10287,10271;10319,2,63,63,66,66,46,46,50,50,58,58,63,63,175,175,972,972,1175,1175,1069,1069,1034,1034,947,947,874,874,895,895,924,924,915,915,939,939,1001,1001,931,931,526,526,333,333,222,222,161,161,84,84,,,,,,,,,,,,,,,,,,,,,,,,,,,,,,,,,,,,,,,,,,,,,,,,
10276,1600,10285,10270,10274;10288,2,0,0,0,0,0,0,0,0,0,0,0,0,1,1,4,4,5,5,4,4,4,4,4,4,4,4,4,4,4,4,4,4,4,4,4,4,4,4,2,2,1,1,1,1,1,1,0,0,,,,,,,,,,,,,,,,,,,,,,,,,,,,,,,,,,,,,,,,,,,,,,,,
10277,1200,10389,10399,,0,0,0,0,0,0,0,0,0,0,0,0,0,0,0,1,1,2,2,2,2,1,1,1,1,1,1,1,1,1,1,1,1,1,1,1,1,1,1,1,1,0,0,0,0,0,0,0,0,,,,,,,,,,,,,,,,,,,,,,,,,,,,,,,,,,,,,,,,,,,,,,,,
10278,3300,572,,,0,63,63,66,66,46,46,50,50,58,58,63,63,175,175,972,972,1175,1175,1069,1069,1034,1034,947,947,874,874,895,895,924,924,915,915,939,939,1001,1001,931,931,526,526,333,333,222,222,161,161,84,84,,,,,,,,,,,,,,,,,,,,,,,,,,,,,,,,,,,,,,,,,,,,,,,,
10279,2500,10252,10361,,0,63,63,66,66,46,46,50,50,58,58,63,63,175,175,972,972,1175,1175,1069,1069,1034,1034,947,947,874,874,895,895,924,924,915,915,939,939,1001,1001,931,931,526,526,333,333,222,222,161,161,84,84,,,,,,,,,,,,,,,,,,,,,,,,,,,,,,,,,,,,,,,,,,,,,,,,
10280,1200,10374,10446,,0,0,0,0,0,0,0,0,0,0,0,0,0,1,1,5,5,6,6,6,6,6,6,5,5,5,5,5,5,5,5,5,5,5,5,5,5,5,5,3,3,2,2,1,1,1,1,0,0,,,,,,,,,,,,,,,,,,,,,,,,,,,,,,,,,,,,,,,,,,,,,,,,
10281,2500,10351,9473,,0,63,63,65,65,46,46,49,49,57,57,62,62,174,174,982,982,1182,1182,1077,1077,1043,1043,955,955,884,884,900,900,934,934,926,926,948,948,1012,1012,944,944,526,526,333,333,221,221,161,161,84,84,,,,,,,,,,,,,,,,,,,,,,,,,,,,,,,,,,,,,,,,,,,,,,,,
10282,800,,10401,,0,0,0,0,0,0,0,0,0,0,0,0,0,0,0,2,2,2,2,2,2,2,2,2,2,2,2,2,2,2,2,2,2,2,2,2,2,2,2,1,1,1,1,0,0,0,0,0,0,,,,,,,,,,,,,,,,,,,,,,,,,,,,,,,,,,,,,,,,,,,,,,,,
10283,3000,10446,10372,,0,63,63,66,66,46,46,50,50,58,58,63,63,175,175,972,972,1175,1175,1069,1069,1034,1034,947,947,874,874,895,895,924,924,915,915,939,939,1001,1001,931,931,526,526,333,333,222,222,161,161,84,84,,,,,,,,,,,,,,,,,,,,,,,,,,,,,,,,,,,,,,,,,,,,,,,,
10284,1200,10359,10292,,0,0,0,0,0,0,0,0,0,0,0,0,0,1,1,4,4,5,5,5,5,5,5,4,4,4,4,4,4,4,4,4,4,4,4,5,5,4,4,2,2,1,1,1,1,1,1,0,0,,,,,,,,,,,,,,,,,,,,,,,,,,,,,,,,,,,,,,,,,,,,,,,,
10285,1200,573,10276,,0,0,0,0,0,0,0,0,0,0,0,0,0,1,1,7,7,8,8,7,7,7,7,7,7,6,6,6,6,6,6,6,6,6,6,7,7,6,6,4,4,2,2,2,2,1,1,1,1,,,,,,,,,,,,,,,,,,,,,,,,,,,,,,,,,,,,,,,,,,,,,,,,
10286,1200,10397,10267,,0,0,0,0,0,0,0,0,0,0,0,0,0,1,1,3,3,4,4,3,3,3,3,3,3,3,3,3,3,3,3,3,3,3,3,3,3,3,3,2,2,1,1,1,1,0,0,0,0,,,,,,,,,,,,,,,,,,,,,,,,,,,,,,,,,,,,,,,,,,,,,,,,
10287,2000,10275,10374,,0,63,63,66,66,46,46,50,50,58,58,63,63,175,175,972,972,1175,1175,1069,1069,1034,1034,947,947,874,874,895,895,924,924,915,915,939,939,1001,1001,931,931,526,526,333,333,222,222,161,161,84,84,,,,,,,,,,,,,,,,,,,,,,,,,,,,,,,,,,,,,,,,,,,,,,,,
10288,2500,10361,10276,,0,63,63,66,66,46,46,50,50,58,58,63,63,175,175,972,972,1175,1175,1069,1069,1034,1034,947,947,874,874,895,895,924,924,915,915,939,939,1001,1001,931,931,526,526,333,333,222,222,161,161,84,84,,,,,,,,,,,,,,,,,,,,,,,,,,,,,,,,,,,,,,,,,,,,,,,,
10289,1200,10399,10401,,0,0,0,0,0,0,0,0,0,0,0,0,0,0,0,1,1,1,1,1,1,1,1,1,1,1,1,1,1,1,1,1,1,1,1,1,1,1,1,1,1,0,0,0,0,0,0,0,0,,,,,,,,,,,,,,,,,,,,,,,,,,,,,,,,,,,,,,,,,,,,,,,,
10290,1600,10259,10298,,0,0,0,0,0,0,0,0,0,0,0,0,0,1,1,4,4,5,5,5,5,5,5,4,4,4,4,4,4,4,4,4,4,4,4,5,5,4,4,2,2,1,1,1,1,1,1,0,0,,,,,,,,,,,,,,,,,,,,,,,,,,,,,,,,,,,,,,,,,,,,,,,,
10291,800,10387,,,0,0,0,0,0,0,0,0,0,0,0,0,0,1,1,3,3,4,4,4,4,4,4,3,3,3,3,3,3,3,3,3,3,3,3,4,4,3,3,2,2,1,1,1,1,1,1,0,0,,,,,,,,,,,,,,,,,,,,,,,,,,,,,,,,,,,,,,,,,,,,,,,,
10292,2500,10284,10301,10360;10294,2,50,50,52,52,37,37,40,40,46,46,50,50,140,140,967,967,1151,1151,1088,1088,1047,1047,967,967,880,880,932,932,911,911,933,933,958,958,1007,1007,913,913,393,393,252,252,170,170,124,124,63,63,,,,,,,,,,,,,,,,,,,,,,,,,,,,,,,,,,,,,,,,,,,,,,,,
10293,500,10364,10448,,0,63,63,66,66,46,46,50,50,58,58,63,63,175,175,972,972,1175,1175,1069,1069,1034,1034,947,947,874,874,895,895,924,924,915,915,939,939,1001,1001,931,931,526,526,333,333,222,222,161,161,84,84,,,,,,,,,,,,,,,,,,,,,,,,,,,,,,,,,,,,,,,,,,,,,,,,
10294,2500,10292,10298,,0,50,50,52,52,37,37,40,40,46,46,50,50,140,140,967,967,1151,1151,1088,1088,1047,1047,967,967,880,880,932,932,911,911,933,933,958,958,1007,1007,913,913,393,393,252,252,170,170,124,124,63,63,,,,,,,,,,,,,,,,,,,,,,,,,,,,,,,,,,,,,,,,,,,,,,,,
10295,1600,10303,10357,,0,0,0,0,0,0,0,0,0,0,0,0,0,1,1,4,4,5,5,5,5,4,4,4,4,4,4,4,4,4,4,4,4,4,4,4,4,4,4,2,2,1,1,1,1,1,1,0,0,,,,,,,,,,,,,,,,,,,,,,,,,,,,,,,,,,,,,,,,,,,,,,,,
10296,3000,10385,10389,,0,63,63,66,66,46,46,50,50,58,58,63,63,175,175,972,972,1175,1175,1069,1069,1034,1034,947,947,874,874,895,895,924,924,915,915,939,939,1001,1001,931,931,526,526,333,333,222,222,161,161,84,84,,,,,,,,,,,,,,,,,,,,,,,,,,,,,,,,,,,,,,,,,,,,,,,,
10297,2200,574,10448,,0,63,63,66,66,46,46,50,50,58,58,63,63,175,175,972,972,1175,1175,1069,1069,1034,1034,947,947,874,874,895,895,924,924,915,915,939,939,1001,1001,931,931,526,526,333,333,222,222,161,161,84,84,,,,,,,,,,,,,,,,,,,,,,,,,,,,,,,,,,,,,,,,,,,,,,,,
10298,3000,10290,10306,10294;10300,2,50,50,52,52,37,37,40,40,46,46,50,50,140,140,967,967,1151,1151,1088,1088,1047,1047,967,967,880,880,932,932,911,911,933,933,958,958,1007,1007,913,913,393,393,252,252,170,170,124,124,63,63,,,,,,,,,,,,,,,,,,,,,,,,,,,,,,,,,,,,,,,,,,,,,,,,
10299,800,10310,10350,10348;12933,2,1,1,1,1,0,0,0,0,1,1,1,1,2,2,9,9,11,11,10,10,10,10,9,9,8,8,9,9,9,9,9,9,9,9,10,10,9,9,4,4,3,3,2,2,1,1,1,1,,,,,,,,,,,,,,,,,,,,,,,,,,,,,,,,,,,,,,,,,,,,,,,,
103,2000,81,476,,0,27,27,28,28,20,20,21,21,25,25,27,27,74,74,1049,1049,1182,1182,1170,1170,1126,1126,1056,1056,970,970,1022,1022,982,982,1052,1052,1066,1066,1112,1112,1010,1010,210,210,134,134,91,91,66,66,34,34,,,,,,,,,,,,,,,,,,,,,,,,,,,,,,,,,,,,,,,,,,,,,,,,
10300,2000,10298,10303,,0,50,50,52,52,37,37,40,40,46,46,50,50,140,140,967,967,1151,1151,1088,1088,1047,1047,967,967,880,880,932,932,911,911,933,933,958,958,1007,1007,913,913,393,393,252,252,170,170,124,124,63,63,,,,,,,,,,,,,,,,,,,,,,,,,,,,,,,,,,,,,,,,,,,,,,,,
10301,4400,10336,10292,575,1,50,50,52,52,37,37,40,40,46,46,50,50,140,140,967,967,1151,1151,1088,1088,1047,1047,967,967,880,880,932,932,911,911,933,933,958,958,1007,1007,913,913,393,393,252,252,170,170,124,124,63,63,,,,,,,,,,,,,,,,,,,,,,,,,,,,,,,,,,,,,,,,,,,,,,,,
10302,2000,10378,10383,,0,67,67,70,70,49,49,53,53,62,62,67,67,186,186,910,910,1134,1134,1023,1023,977,977,900,900,812,812,861,861,864,864,851,851,886,886,939,939,854,854,524,524,336,336,227,227,165,165,84,84,,,,,,,,,,,,,,,,,,,,,,,,,,,,,,,,,,,,,,,,,,,,,,,,
10303,2500,10295,10314,10300;10308,2,50,50,52,52,37,37,40,40,46,46,50,50,140,140,967,967,1151,1151,1088,1088,1047,1047,967,967,880,880,932,932,911,911,933,933,958,958,1007,1007,913,913,393,393,252,252,170,170,124,124,63,63,,,,,,,,,,,,,,,,,,,,,,,,,,,,,,,,,,,,,,,,,,,,,,,,
10304,1500,10317,10264,,0,63,63,66,66,46,46,50,50,58,58,63,63,175,175,972,972,1175,1175,1069,1069,1034,1034,947,947,874,874,895,895,924,924,915,915,939,939,1001,1001,931,931,526,526,333,333,222,222,161,161,84,84,,,,,,,,,,,,,,,,,,,,,,,,,,,,,,,,,,,,,,,,,,,,,,,,
10305,3000,10321,10386,10392;10316,2,63,63,66,66,46,46,50,50,58,58,63,63,175,175,972,972,1175,1175,1069,1069,1034,1034,947,947,874,874,895,895,924,924,915,915,939,939,1001,1001,931,931,526,526,333,333,222,222,161,161,84,84,,,,,,,,,,,,,,,,,,,,,,,,,,,,,,,,,,,,,,,,,,,,,,,,
10306,2000,576,10298,,0,50,50,52,52,37,37,40,40,46,46,50,50,140,140,967,967,1151,1151,1088,1088,1047,1047,967,967,880,880,932,932,911,911,933,933,958,958,1007,1007,913,913,393,393,252,252,170,170,124,124,63,63,,,,,,,,,,,,,,,,,,,,,,,,,,,,,,,,,,,,,,,,,,,,,,,,
10307,800,10352,10353,,0,1,1,1,1,1,1,1,1,1,1,1,1,2,2,12,12,14,14,13,13,12,12,11,11,10,10,11,11,11,11,11,11,11,11,12,12,11,11,5,5,3,3,2,2,2,2,1,1,,,,,,,,,,,,,,,,,,,,,,,,,,,,,,,,,,,,,,,,,,,,,,,,
10308,3000,10353,10303,,0,50,50,52,52,37,37,40,40,46,46,50,50,140,140,967,967,1151,1151,1088,1088,1047,1047,967,967,880,880,932,932,911,911,933,933,958,958,1007,1007,913,913,393,393,252,252,170,170,124,124,63,63,,,,,,,,,,,,,,,,,,,,,,,,,,,,,,,,,,,,,,,,,,,,,,,,
10309,1200,10391,10395,,0,0,0,0,0,0,0,0,0,0,0,0,0,1,1,3,3,4,4,3,3,3,3,3,3,3,3,3,3,3,3,3,3,3,3,3,3,3,3,2,2,1,1,1,1,1,1,0,0,,,,,,,,,,,,,,,,,,,,,,,,,,,,,,,,,,,,,,,,,,,,,,,,
10310,800,10299,10345,,0,1,1,1,1,0,0,1,1,1,1,1,1,2,2,11,11,13,13,12,12,12,12,11,11,10,10,11,11,10,10,11,11,11,11,11,11,10,10,5,5,3,3,2,2,2,2,1,1,,,,,,,,,,,,,,,,,,,,,,,,,,,,,,,,,,,,,,,,,,,,,,,,
10311,2500,10380,10376,,0,63,63,66,66,46,46,50,50,58,58,63,63,175,175,972,972,1175,1175,1069,1069,1034,1034,947,947,874,874,895,895,924,924,915,915,939,939,1001,1001,931,931,526,526,333,333,222,222,161,161,84,84,,,,,,,,,,,,,,,,,,,,,,,,,,,,,,,,,,,,,,,,,,,,,,,,
10312,2500,10336,10337,,0,50,50,52,52,37,37,40,40,46,46,50,50,140,140,967,967,1151,1151,1088,1088,1047,1047,967,967,880,880,932,932,911,911,933,933,958,958,1007,1007,913,913,393,393,252,252,170,170,124,124,63,63,,,,,,,,,,,,,,,,,,,,,,,,,,,,,,,,,,,,,,,,,,,,,,,,
10313,1600,10391,10347,,0,0,0,0,0,0,0,0,0,0,0,0,0,1,1,4,4,5,5,4,4,4,4,4,4,3,3,3,3,4,4,3,3,4,4,4,4,4,4,2,2,1,1,1,1,1,1,0,0,,,,,,,,,,,,,,,,,,,,,,,,,,,,,,,,,,,,,,,,,,,,,,,,
10314,1200,10303,577,,0,1,1,1,1,1,1,1,1,1,1,1,1,3,3,16,16,20,20,18,18,18,18,16,16,15,15,16,16,15,15,16,16,16,16,17,17,15,15,8,8,5,5,3,3,2,2,1,1,,,,,,,,,,,,,,,,,,,,,,,,,,,,,,,,,,,,,,,,,,,,,,,,
10315,1600,6282,10323,10390;10325,2,0,0,0,0,0,0,0,0,0,0,0,0,1,1,5,5,6,6,6,6,6,6,5,5,5,5,5,5,5,5,5,5,5,5,5,5,5,5,3,3,2,2,1,1,1,1,0,0,,,,,,,,,,,,,,,,,,,,,,,,,,,,,,,,,,,,,,,,,,,,,,,,
10316,4000,10378,10305,,0,63,63,66,66,46,46,50,50,58,58,63,63,175,175,972,972,1175,1175,1069,1069,1034,1034,947,947,874,874,895,895,924,924,915,915,939,939,1001,1001,931,931,526,526,333,333,222,222,161,161,84,84,,,,,,,,,,,,,,,,,,,,,,,,,,,,,,,,,,,,,,,,,,,,,,,,
10317,1500,12918,10304,10377;10375,2,63,63,66,66,46,46,50,50,58,58,63,63,175,175,972,972,1175,1175,1069,1069,1034,1034,947,947,874,874,895,895,924,924,915,915,939,939,1001,1001,931,931,526,526,333,333,222,222,161,161,84,84,,,,,,,,,,,,,,,,,,,,,,,,,,,,,,,,,,,,,,,,,,,,,,,,
10318,1600,10370,10368,,0,0,0,0,0,0,0,0,0,0,0,0,0,0,0,1,1,2,2,2,2,2,2,1,1,1,1,1,1,1,1,1,1,1,1,1,1,1,1,1,1,0,0,0,0,0,0,0,0,,,,,,,,,,,,,,,,,,,,,,,,,,,,,,,,,,,,,,,,,,,,,,,,
10319,2500,10370,10275,,0,63,63,66,66,46,46,50,50,58,58,63,63,175,175,972,972,1175,1175,1069,1069,1034,1034,947,947,874,874,895,895,924,924,915,915,939,939,1001,1001,931,931,526,526,333,333,222,222,161,161,84,84,,,,,,,,,,,,,,,,,,,,,,,,,,,,,,,,,,,,,,,,,,,,,,,,
10320,1600,10337,,,0,1,1,1,1,0,0,1,1,1,1,1,1,2,2,11,11,13,13,12,12,12,12,11,11,10,10,11,11,10,10,11,11,11,11,11,11,10,10,5,5,3,3,2,2,2,2,1,1,,,,,,,,,,,,,,,,,,,,,,,,,,,,,,,,,,,,,,,,,,,,,,,,
10321,2500,10305,10347,,0,63,63,66,66,46,46,50,50,58,58,63,63,175,175,972,972,1175,1175,1069,1069,1034,1034,947,947,874,874,895,895,924,924,915,915,939,939,1001,1001,931,931,526,526,333,333,222,222,161,161,84,84,,,,,,,,,,,,,,,,,,,,,,,,,,,,,,,,,,,,,,,,,,,,,,,,
10322,800,12912,9367,,0,0,0,0,0,0,0,0,0,0,0,0,0,0,0,3,3,4,4,3,3,3,3,3,3,3,3,3,3,3,3,3,3,3,3,3,3,3,3,1,1,1,1,1,1,0,0,0,0,,,,,,,,,,,,,,,,,,,,,,,,,,,,,,,,,,,,,,,,,,,,,,,,
10323,1200,10315,12913,,0,0,0,0,0,0,0,0,0,0,0,0,0,1,1,7,7,9,9,8,8,7,7,7,7,6,6,6,6,7,7,7,7,7,7,7,7,7,7,4,4,2,2,2,2,1,1,1,1,,,,,,,,,,,,,,,,,,,,,,,,,,,,,,,,,,,,,,,,,,,,,,,,
10324,4000,12915,10376,,0,67,67,70,70,49,49,53,53,62,62,67,67,186,186,910,910,1134,1134,1023,1023,977,977,900,900,812,812,861,861,864,864,851,851,886,886,939,939,854,854,524,524,336,336,227,227,165,165,84,84,,,,,,,,,,,,,,,,,,,,,,,,,,,,,,,,,,,,,,,,,,,,,,,,
10325,1200,13498,10315,,0,0,0,0,0,0,0,0,0,0,0,0,0,1,1,7,7,9,9,8,8,7,7,7,7,6,6,6,6,7,7,7,7,7,7,7,7,7,7,4,4,2,2,2,2,1,1,1,1,,,,,,,,,,,,,,,,,,,,,,,,,,,,,,,,,,,,,,,,,,,,,,,,
10326,4400,10334,10368,,0,63,63,66,66,46,46,50,50,58,58,63,63,175,175,972,972,1175,1175,1069,1069,1034,1034,947,947,874,874,895,895,924,924,915,915,939,939,1001,1001,931,931,526,526,333,333,222,222,161,161,84,84,,,,,,,,,,,,,,,,,,,,,,,,,,,,,,,,,,,,,,,,,,,,,,,,
10327,1200,10341,10345,,0,1,1,1,1,0,0,0,0,1,1,1,1,2,2,10,10,13,13,12,12,11,11,10,10,9,9,10,10,10,10,10,10,10,10,11,11,10,10,5,5,3,3,2,2,2,2,1,1,,,,,,,,,,,,,,,,,,,,,,,,,,,,,,,,,,,,,,,,,,,,,,,,
10328,1600,12936,10365,,0,53,53,55,55,38,38,42,42,48,48,53,53,146,146,715,715,891,891,804,804,768,768,707,707,638,638,676,676,679,679,669,669,696,696,738,738,671,671,411,411,264,264,178,178,130,130,66,66,,,,,,,,,,,,,,,,,,,,,,,,,,,,,,,,,,,,,,,,,,,,,,,,
10329,4400,10352,,,0,67,67,70,70,49,49,53,53,62,62,67,67,186,186,910,910,1134,1134,1023,1023,977,977,900,900,812,812,861,861,864,864,851,851,886,886,939,939,854,854,524,524,336,336,227,227,165,165,84,84,,,,,,,,,,,,,,,,,,,,,,,,,,,,,,,,,,,,,,,,,,,,,,,,
10330,4400,10355,10409,,0,50,50,52,52,37,37,40,40,46,46,50,50,140,140,967,967,1151,1151,1088,1088,1047,1047,967,967,880,880,932,932,911,911,933,933,958,958,1007,1007,913,913,393,393,252,252,170,170,124,124,63,63,,,,,,,,,,,,,,,,,,,,,,,,,,,,,,,,,,,,,,,,,,,,,,,,
10331,1600,10340,10381,10339;10422;578,3,0,0,0,0,0,0,0,0,0,0,0,0,0,0,2,2,2,2,2,2,2,2,2,2,1,1,2,2,2,2,2,2,2,2,2,2,2,2,1,1,1,1,0,0,0,0,0,0,,,,,,,,,,,,,,,,,,,,,,,,,,,,,,,,,,,,,,,,,,,,,,,,
10332,1200,10264,10381,,0,0,0,0,0,0,0,0,0,0,0,0,0,1,1,3,3,4,4,3,3,3,3,3,3,3,3,3,3,3,3,3,3,3,3,3,3,3,3,2,2,1,1,1,1,1,1,0,0,,,,,,,,,,,,,,,,,,,,,,,,,,,,,,,,,,,,,,,,,,,,,,,,
10333,2200,10339,10334,,0,63,63,66,66,46,46,50,50,58,58,63,63,175,175,972,972,1175,1175,1069,1069,1034,1034,947,947,874,874,895,895,924,924,915,915,939,939,1001,1001,931,931,526,526,333,333,222,222,161,161,84,84,,,,,,,,,,,,,,,,,,,,,,,,,,,,,,,,,,,,,,,,,,,,,,,,
10334,4400,10335,10268,10333;579;10445;10373;10326,5,63,63,66,66,46,46,50,50,58,58,63,63,175,175,972,972,1175,1175,1069,1069,1034,1034,947,947,874,874,895,895,924,924,915,915,939,939,1001,1001,931,931,526,526,333,333,222,222,161,161,84,84,,,,,,,,,,,,,,,,,,,,,,,,,,,,,,,,,,,,,,,,,,,,,,,,
10335,4400,10365,10334,580;10447,2,63,63,66,66,46,46,50,50,58,58,63,63,175,175,972,972,1175,1175,1069,1069,1034,1034,947,947,874,874,895,895,924,924,915,915,939,939,1001,1001,931,931,526,526,333,333,222,222,161,161,84,84,,,,,,,,,,,,,,,,,,,,,,,,,,,,,,,,,,,,,,,,,,,,,,,,
10336,2500,10312,10362,10301;12939,2,50,50,52,52,37,37,40,40,46,46,50,50,140,140,967,967,1151,1151,1088,1088,1047,1047,967,967,880,880,932,932,911,911,933,933,958,958,1007,1007,913,913,393,393,252,252,170,170,124,124,63,63,,,,,,,,,,,,,,,,,,,,,,,,,,,,,,,,,,,,,,,,,,,,,,,,
10337,3000,10312,10320,,0,50,50,52,52,37,37,40,40,46,46,50,50,140,140,967,967,1151,1151,1088,1088,1047,1047,967,967,880,880,932,932,911,911,933,933,958,958,1007,1007,913,913,393,393,252,252,170,170,124,124,63,63,,,,,,,,,,,,,,,,,,,,,,,,,,,,,,,,,,,,,,,,,,,,,,,,
10338,2500,12916,12951,,0,50,50,52,52,37,37,40,40,46,46,50,50,140,140,967,967,1151,1151,1088,1088,1047,1047,967,967,880,880,932,932,911,911,933,933,958,958,1007,1007,913,913,393,393,252,252,170,170,124,124,63,63,,,,,,,,,,,,,,,,,,,,,,,,,,,,,,,,,,,,,,,,,,,,,,,,
10339,4400,14738,581,10331;10253;10333,3,34,34,35,35,24,24,26,26,31,31,34,34,93,93,1024,1024,1168,1168,1154,1154,1117,1117,1034,1034,948,948,1003,1003,958,958,1015,1015,1030,1030,1075,1075,972,972,262,262,168,168,114,114,82,82,42,42,,,,,,,,,,,,,,,,,,,,,,,,,,,,,,,,,,,,,,,,,,,,,,,,
10340,4400,10268,,10246;10331;10253,3,34,34,35,35,24,24,26,26,31,31,34,34,93,93,1024,1024,1168,1168,1154,1154,1117,1117,1034,1034,948,948,1003,1003,958,958,1015,1015,1030,1030,1075,1075,972,972,262,262,168,168,114,114,82,82,42,42,,,,,,,,,,,,,,,,,,,,,,,,,,,,,,,,,,,,,,,,,,,,,,,,
10341,800,10327,13436,12911,1,1,1,1,1,1,1,1,1,1,1,1,1,3,3,20,20,24,24,22,22,21,21,19,19,18,18,19,19,18,18,19,19,19,19,20,20,18,18,9,9,6,6,4,4,3,3,1,1,,,,,,,,,,,,,,,,,,,,,,,,,,,,,,,,,,,,,,,,,,,,,,,,
10342,800,10343,9367,,0,53,53,55,55,38,38,42,42,48,48,53,53,146,146,715,715,891,891,804,804,768,768,707,707,638,638,676,676,679,679,669,669,696,696,738,738,671,671,411,411,264,264,178,178,130,130,66,66,,,,,,,,,,,,,,,,,,,,,,,,,,,,,,,,,,,,,,,,,,,,,,,,
10343,800,10342,10344,9322,1,53,53,55,55,38,38,42,42,48,48,53,53,146,146,715,715,891,891,804,804,768,768,707,707,638,638,676,676,679,679,669,669,696,696,738,738,671,671,411,411,264,264,178,178,130,130,66,66,,,,,,,,,,,,,,,,,,,,,,,,,,,,,,,,,,,,,,,,,,,,,,,,
10344,300,10345,10343,,0,0,0,0,0,0,0,0,0,0,0,0,0,1,1,5,5,6,6,6,6,6,6,5,5,5,5,5,5,5,5,5,5,5,5,6,6,5,5,3,3,2,2,1,1,1,1,0,0,,,,,,,,,,,,,,,,,,,,,,,,,,,,,,,,,,,,,,,,,,,,,,,,
10345,800,10310,10344,10327,1,53,53,55,55,38,38,42,42,48,48,53,53,146,146,715,715,891,891,804,804,768,768,707,707,638,638,676,676,679,679,669,669,696,696,738,738,671,671,411,411,264,264,178,178,130,130,66,66,,,,,,,,,,,,,,,,,,,,,,,,,,,,,,,,,,,,,,,,,,,,,,,,
10346,2500,12913,10347,,0,67,67,70,70,49,49,53,53,62,62,67,67,186,186,910,910,1134,1134,1023,1023,977,977,900,900,812,812,861,861,864,864,851,851,886,886,939,939,854,854,524,524,336,336,227,227,165,165,84,84,,,,,,,,,,,,,,,,,,,,,,,,,,,,,,,,,,,,,,,,,,,,,,,,
10347,1200,10321,10313,10346,1,0,0,0,0,0,0,0,0,0,0,0,0,1,1,6,6,8,8,7,7,7,7,6,6,6,6,6,6,6,6,6,6,6,6,6,6,6,6,3,3,2,2,1,1,1,1,1,1,,,,,,,,,,,,,,,,,,,,,,,,,,,,,,,,,,,,,,,,,,,,,,,,
10348,2500,10299,10349,,0,50,50,52,52,37,37,40,40,46,46,50,50,140,140,967,967,1151,1151,1088,1088,1047,1047,967,967,880,880,932,932,911,911,933,933,958,958,1007,1007,913,913,393,393,252,252,170,170,124,124,63,63,,,,,,,,,,,,,,,,,,,,,,,,,,,,,,,,,,,,,,,,,,,,,,,,
10349,1500,9474,10348,9322,1,67,67,70,70,49,49,53,53,62,62,67,67,186,186,910,910,1134,1134,1023,1023,977,977,900,900,812,812,861,861,864,864,851,851,886,886,939,939,854,854,524,524,336,336,227,227,165,165,84,84,,,,,,,,,,,,,,,,,,,,,,,,,,,,,,,,,,,,,,,,,,,,,,,,
10350,4400,10299,10351,,0,50,50,52,52,37,37,40,40,46,46,50,50,140,140,967,967,1151,1151,1088,1088,1047,1047,967,967,880,880,932,932,911,911,933,933,958,958,1007,1007,913,913,393,393,252,252,170,170,124,124,63,63,,,,,,,,,,,,,,,,,,,,,,,,,,,,,,,,,,,,,,,,,,,,,,,,
10351,1100,10350,9477,10281,1,63,63,65,65,46,46,49,49,57,57,62,62,174,174,982,982,1182,1182,1077,1077,1043,1043,955,955,884,884,900,900,934,934,926,926,948,948,1012,1012,944,944,526,526,333,333,221,221,161,161,84,84,,,,,,,,,,,,,,,,,,,,,,,,,,,,,,,,,,,,,,,,,,,,,,,,
10352,1100,10307,10329,,0,50,50,52,52,37,37,40,40,46,46,50,50,140,140,967,967,1151,1151,1088,1088,1047,1047,967,967,880,880,932,932,911,911,933,933,958,958,1007,1007,913,913,393,393,252,252,170,170,124,124,63,63,,,,,,,,,,,,,,,,,,,,,,,,,,,,,,,,,,,,,,,,,,,,,,,,
10353,3000,10308,10307,10354;10444,2,50,50,52,52,37,37,40,40,46,46,50,50,140,140,967,967,1151,1151,1088,1088,1047,1047,967,967,880,880,932,932,911,911,933,933,958,958,1007,1007,913,913,393,393,252,252,170,170,124,124,63,63,,,,,,,,,,,,,,,,,,,,,,,,,,,,,,,,,,,,,,,,,,,,,,,,
10354,2500,10353,10355,,0,50,50,52,52,37,37,40,40,46,46,50,50,140,140,967,967,1151,1151,1088,1088,1047,1047,967,967,880,880,932,932,911,911,933,933,958,958,1007,1007,913,913,393,393,252,252,170,170,124,124,63,63,,,,,,,,,,,,,,,,,,,,,,,,,,,,,,,,,,,,,,,,,,,,,,,,
10355,3500,10330,10354,10356,1,50,50,52,52,37,37,40,40,46,46,50,50,140,140,967,967,1151,1151,1088,1088,1047,1047,967,967,880,880,932,932,911,911,933,933,958,958,1007,1007,913,913,393,393,252,252,170,170,124,124,63,63,,,,,,,,,,,,,,,,,,,,,,,,,,,,,,,,,,,,,,,,,,,,,,,,
10356,3500,10357,10355,,0,50,50,52,52,37,37,40,40,46,46,50,50,140,140,967,967,1151,1151,1088,1088,1047,1047,967,967,880,880,932,932,911,911,933,933,958,958,1007,1007,913,913,393,393,252,252,170,170,124,124,63,63,,,,,,,,,,,,,,,,,,,,,,,,,,,,,,,,,,,,,,,,,,,,,,,,
10357,1600,10356,10295,10272,1,1,1,1,1,0,0,1,1,1,1,1,1,2,2,11,11,13,13,12,12,12,12,11,11,10,10,11,11,10,10,11,11,11,11,11,11,10,10,5,5,3,3,2,2,2,2,1,1,,,,,,,,,,,,,,,,,,,,,,,,,,,,,,,,,,,,,,,,,,,,,,,,
10358,3000,10359,10259,,0,50,50,52,52,37,37,40,40,46,46,50,50,140,140,967,967,1151,1151,1088,1088,1047,1047,967,967,880,880,932,932,911,911,933,933,958,958,1007,1007,913,913,393,393,252,252,170,170,124,124,63,63,,,,,,,,,,,,,,,,,,,,,,,,,,,,,,,,,,,,,,,,,,,,,,,,
10359,800,10358,10284,10257,1,1,1,1,1,1,1,1,1,1,1,1,1,2,2,12,12,14,14,13,13,13,13,12,12,11,11,11,11,11,11,11,11,11,11,12,12,11,11,5,5,3,3,2,2,2,2,1,1,,,,,,,,,,,,,,,,,,,,,,,,,,,,,,,,,,,,,,,,,,,,,,,,
10360,2500,10361,10292,,0,50,50,52,52,37,37,40,40,46,46,50,50,140,140,967,967,1151,1151,1088,1088,1047,1047,967,967,880,880,932,932,911,911,933,933,958,958,1007,1007,913,913,393,393,252,252,170,170,124,124,63,63,,,,,,,,,,,,,,,,,,,,,,,,,,,,,,,,,,,,,,,,,,,,,,,,
10361,2500,10288,10279,10360,1,63,63,66,66,46,46,50,50,58,58,63,63,175,175,972,972,1175,1175,1069,1069,1034,1034,947,947,874,874,895,895,924,924,915,915,939,939,1001,1001,931,931,526,526,333,333,222,222,161,161,84,84,,,,,,,,,,,,,,,,,,,,,,,,,,,,,,,,,,,,,,,,,,,,,,,,
10362,2000,10363,10336,,0,63,63,66,66,46,46,50,50,58,58,63,63,175,175,972,972,1175,1175,1069,1069,1034,1034,947,947,874,874,895,895,924,924,915,915,939,939,1001,1001,931,931,526,526,333,333,222,222,161,161,84,84,,,,,,,,,,,,,,,,,,,,,,,,,,,,,,,,,,,,,,,,,,,,,,,,
10363,2500,10362,10364,12931,1,63,63,66,66,46,46,50,50,58,58,63,63,175,175,972,972,1175,1175,1069,1069,1034,1034,947,947,874,874,895,895,924,924,915,915,939,939,1001,1001,931,931,526,526,333,333,222,222,161,161,84,84,,,,,,,,,,,,,,,,,,,,,,,,,,,,,,,,,,,,,,,,,,,,,,,,
10364,2500,10363,10365,10293,1,63,63,66,66,46,46,50,50,58,58,63,63,175,175,972,972,1175,1175,1069,1069,1034,1034,947,947,874,874,895,895,924,924,915,915,939,939,1001,1001,931,931,526,526,333,333,222,222,161,161,84,84,,,,,,,,,,,,,,,,,,,,,,,,,,,,,,,,,,,,,,,,,,,,,,,,
10365,1200,10328,10364,10335,1,0,0,0,0,0,0,0,0,0,0,0,0,1,1,5,5,7,7,6,6,6,6,5,5,5,5,5,5,5,5,5,5,5,5,6,6,5,5,3,3,2,2,1,1,1,1,0,0,,,,,,,,,,,,,,,,,,,,,,,,,,,,,,,,,,,,,,,,,,,,,,,,
10366,3000,10367,10252,,0,63,63,66,66,46,46,50,50,58,58,63,63,175,175,972,972,1175,1175,1069,1069,1034,1034,947,947,874,874,895,895,924,924,915,915,939,939,1001,1001,931,931,526,526,333,333,222,222,161,161,84,84,,,,,,,,,,,,,,,,,,,,,,,,,,,,,,,,,,,,,,,,,,,,,,,,
10367,1200,10270,10366,10251,1,0,0,0,0,0,0,0,0,0,0,0,0,1,1,4,4,5,5,5,5,5,5,4,4,4,4,4,4,4,4,4,4,4,4,4,4,4,4,2,2,1,1,1,1,1,1,0,0,,,,,,,,,,,,,,,,,,,,,,,,,,,,,,,,,,,,,,,,,,,,,,,,
10368,800,10318,10326,13499,1,0,0,0,0,0,0,0,0,0,0,0,0,1,1,4,4,5,5,5,5,5,5,4,4,4,4,4,4,4,4,4,4,4,4,4,4,4,4,2,2,2,2,1,1,1,1,0,0,,,,,,,,,,,,,,,,,,,,,,,,,,,,,,,,,,,,,,,,,,,,,,,,
10369,1500,12915,10370,,0,63,63,66,66,46,46,50,50,58,58,63,63,175,175,972,972,1175,1175,1069,1069,1034,1034,947,947,874,874,895,895,924,924,915,915,939,939,1001,1001,931,931,526,526,333,333,222,222,161,161,84,84,,,,,,,,,,,,,,,,,,,,,,,,,,,,,,,,,,,,,,,,,,,,,,,,
10370,800,10369,10318,10319,1,0,0,0,0,0,0,0,0,0,0,0,0,1,1,5,5,6,6,5,5,5,5,5,5,4,4,5,5,5,5,5,5,5,5,5,5,5,5,3,3,2,2,1,1,1,1,0,0,,,,,,,,,,,,,,,,,,,,,,,,,,,,,,,,,,,,,,,,,,,,,,,,
10371,2500,10372,10256,,0,63,63,66,66,46,46,50,50,58,58,63,63,175,175,972,972,1175,1175,1069,1069,1034,1034,947,947,874,874,895,895,924,924,915,915,939,939,1001,1001,931,931,526,526,333,333,222,222,161,161,84,84,,,,,,,,,,,,,,,,,,,,,,,,,,,,,,,,,,,,,,,,,,,,,,,,
10372,2500,10371,10283,10271,1,63,63,66,66,46,46,50,50,58,58,63,63,175,175,972,972,1175,1175,1069,1069,1034,1034,947,947,874,874,895,895,924,924,915,915,939,939,1001,1001,931,931,526,526,333,333,222,222,161,161,84,84,,,,,,,,,,,,,,,,,,,,,,,,,,,,,,,,,,,,,,,,,,,,,,,,
10373,1650,10334,10374,,0,63,63,66,66,46,46,50,50,58,58,63,63,175,175,972,972,1175,1175,1069,1069,1034,1034,947,947,874,874,895,895,924,924,915,915,939,939,1001,1001,931,931,526,526,333,333,222,222,161,161,84,84,,,,,,,,,,,,,,,,,,,,,,,,,,,,,,,,,,,,,,,,,,,,,,,,
10374,1600,10373,10287,10280,1,0,0,0,0,0,0,0,0,0,0,0,0,1,1,5,5,6,6,5,5,5,5,4,4,4,4,4,4,4,4,4,4,4,4,5,5,4,4,3,3,2,2,1,1,1,1,0,0,,,,,,,,,,,,,,,,,,,,,,,,,,,,,,,,,,,,,,,,,,,,,,,,
10375,4000,10376,10317,,0,63,63,66,66,46,46,50,50,58,58,63,63,175,175,972,972,1175,1175,1069,1069,1034,1034,947,947,874,874,895,895,924,924,915,915,939,939,1001,1001,931,931,526,526,333,333,222,222,161,161,84,84,,,,,,,,,,,,,,,,,,,,,,,,,,,,,,,,,,,,,,,,,,,,,,,,
10376,2000,10375,10311,10324,1,63,63,66,66,46,46,50,50,58,58,63,63,175,175,972,972,1175,1175,1069,1069,1034,1034,947,947,874,874,895,895,924,924,915,915,939,939,1001,1001,931,931,526,526,333,333,222,222,161,161,84,84,,,,,,,,,,,,,,,,,,,,,,,,,,,,,,,,,,,,,,,,,,,,,,,,
10377,4000,10317,10378,,0,63,63,66,66,46,46,50,50,58,58,63,63,175,175,972,972,1175,1175,1069,1069,1034,1034,947,947,874,874,895,895,924,924,915,915,939,939,1001,1001,931,931,526,526,333,333,222,222,161,161,84,84,,,,,,,,,,,,,,,,,,,,,,,,,,,,,,,,,,,,,,,,,,,,,,,,
10378,1500,10302,10316,10377,1,63,63,66,66,46,46,50,50,58,58,63,63,175,175,972,972,1175,1175,1069,1069,1034,1034,947,947,874,874,895,895,924,924,915,915,939,939,1001,1001,931,931,526,526,333,333,222,222,161,161,84,84,,,,,,,,,,,,,,,,,,,,,,,,,,,,,,,,,,,,,,,,,,,,,,,,
10379,2000,10380,10264,,0,63,63,66,66,46,46,50,50,58,58,63,63,175,175,972,972,1175,1175,1069,1069,1034,1034,947,947,874,874,895,895,924,924,915,915,939,939,1001,1001,931,931,526,526,333,333,222,222,161,161,84,84,,,,,,,,,,,,,,,,,,,,,,,,,,,,,,,,,,,,,,,,,,,,,,,,
10380,1200,10266,10311,10379;10273,2,0,0,0,0,0,0,0,0,0,0,0,0,1,1,5,5,6,6,5,5,5,5,4,4,4,4,4,4,4,4,4,4,4,4,5,5,4,4,2,2,2,2,1,1,1,1,0,0,,,,,,,,,,,,,,,,,,,,,,,,,,,,,,,,,,,,,,,,,,,,,,,,
10381,1200,10331,10332,10254,1,0,0,0,0,0,0,0,0,0,0,0,0,0,0,1,1,2,2,1,1,1,1,1,1,1,1,1,1,1,1,1,1,1,1,1,1,1,1,1,1,0,0,0,0,0,0,0,0,,,,,,,,,,,,,,,,,,,,,,,,,,,,,,,,,,,,,,,,,,,,,,,,
10382,1600,10383,10264,,0,0,0,0,0,0,0,0,0,0,0,0,0,1,1,5,5,6,6,5,5,5,5,5,5,4,4,5,5,5,5,5,5,5,5,5,5,5,5,3,3,2,2,1,1,1,1,0,0,,,,,,,,,,,,,,,,,,,,,,,,,,,,,,,,,,,,,,,,,,,,,,,,
10383,1500,10382,10302,10384,1,63,63,66,66,46,46,50,50,58,58,63,63,175,175,972,972,1175,1175,1069,1069,1034,1034,947,947,874,874,895,895,924,924,915,915,939,939,1001,1001,931,931,526,526,333,333,222,222,161,161,84,84,,,,,,,,,,,,,,,,,,,,,,,,,,,,,,,,,,,,,,,,,,,,,,,,
10384,2000,10385,10383,,0,63,63,66,66,46,46,50,50,58,58,63,63,175,175,972,972,1175,1175,1069,1069,1034,1034,947,947,874,874,895,895,924,924,915,915,939,939,1001,1001,931,931,526,526,333,333,222,222,161,161,84,84,,,,,,,,,,,,,,,,,,,,,,,,,,,,,,,,,,,,,,,,,,,,,,,,
10385,2000,10402,10384,10296,1,63,63,66,66,46,46,50,50,58,58,63,63,175,175,972,972,1175,1175,1069,1069,1034,1034,947,947,874,874,895,895,924,924,915,915,939,939,1001,1001,931,931,526,526,333,333,222,222,161,161,84,84,,,,,,,,,,,,,,,,,,,,,,,,,,,,,,,,,,,,,,,,,,,,,,,,
10386,2000,10305,10387,,0,67,67,70,70,49,49,53,53,62,62,67,67,186,186,910,910,1134,1134,1023,1023,977,977,900,900,812,812,861,861,864,864,851,851,886,886,939,939,854,854,524,524,336,336,227,227,165,165,84,84,,,,,,,,,,,,,,,,,,,,,,,,,,,,,,,,,,,,,,,,,,,,,,,,
10387,400,10291,10388,10386,1,0,0,0,0,0,0,0,0,0,0,0,0,1,1,6,6,8,8,7,7,7,7,6,6,6,6,6,6,6,6,6,6,6,6,7,7,6,6,4,4,2,2,1,1,1,1,1,1,,,,,,,,,,,,,,,,,,,,,,,,,,,,,,,,,,,,,,,,,,,,,,,,
10388,1200,10389,10387,,0,0,0,0,0,0,0,0,0,0,0,0,0,1,1,3,3,4,4,3,3,3,3,3,3,3,3,3,3,3,3,3,3,3,3,3,3,3,3,2,2,1,1,1,1,1,1,0,0,,,,,,,,,,,,,,,,,,,,,,,,,,,,,,,,,,,,,,,,,,,,,,,,
10389,1200,10277,10296,10388,1,0,0,0,0,0,0,0,0,0,0,0,0,0,0,3,3,3,3,3,3,3,3,3,3,2,2,2,2,2,2,2,2,3,3,3,3,3,3,1,1,1,1,1,1,0,0,0,0,,,,,,,,,,,,,,,,,,,,,,,,,,,,,,,,,,,,,,,,,,,,,,,,
10390,800,10315,10391,,0,0,0,0,0,0,0,0,0,0,0,0,0,1,1,3,3,4,4,4,4,3,3,3,3,3,3,3,3,3,3,3,3,3,3,3,3,3,3,2,2,1,1,1,1,1,1,0,0,,,,,,,,,,,,,,,,,,,,,,,,,,,,,,,,,,,,,,,,,,,,,,,,
10391,800,10309,10390,10313,1,0,0,0,0,0,0,0,0,0,0,0,0,0,0,2,2,3,3,3,3,3,3,2,2,2,2,2,2,2,2,2,2,2,2,2,2,2,2,1,1,1,1,1,1,0,0,0,0,,,,,,,,,,,,,,,,,,,,,,,,,,,,,,,,,,,,,,,,,,,,,,,,
10392,4000,10393,10305,,0,67,67,70,70,49,49,53,53,62,62,67,67,186,186,910,910,1134,1134,1023,1023,977,977,900,900,812,812,861,861,864,864,851,851,886,886,939,939,854,854,524,524,336,336,227,227,165,165,84,84,,,,,,,,,,,,,,,,,,,,,,,,,,,,,,,,,,,,,,,,,,,,,,,,
10393,1200,10400,10394,10392,1,0,0,0,0,0,0,0,0,0,0,0,0,1,1,3,3,4,4,3,3,3,3,3,3,3,3,3,3,3,3,3,3,3,3,3,3,3,3,2,2,1,1,1,1,1,1,0,0,,,,,,,,,,,,,,,,,,,,,,,,,,,,,,,,,,,,,,,,,,,,,,,,
10394,800,10395,10393,,0,0,0,0,0,0,0,0,0,0,0,0,0,1,1,3,3,3,3,3,3,3,3,3,3,3,3,3,3,3,3,3,3,3,3,3,3,3,3,2,2,1,1,1,1,0,0,0,0,,,,,,,,,,,,,,,,,,,,,,,,,,,,,,,,,,,,,,,,,,,,,,,,
10395,1600,10394,10309,10396,1,0,0,0,0,0,0,0,0,0,0,0,0,1,1,4,4,4,4,4,4,4,4,4,4,3,3,3,3,3,3,3,3,4,4,4,4,3,3,2,2,1,1,1,1,1,1,0,0,,,,,,,,,,,,,,,,,,,,,,,,,,,,,,,,,,,,,,,,,,,,,,,,
10396,4000,10395,10397,,0,63,63,66,66,46,46,50,50,58,58,63,63,175,175,972,972,1175,1175,1069,1069,1034,1034,947,947,874,874,895,895,924,924,915,915,939,939,1001,1001,931,931,526,526,333,333,222,222,161,161,84,84,,,,,,,,,,,,,,,,,,,,,,,,,,,,,,,,,,,,,,,,,,,,,,,,
10397,1600,10286,6276,10396,1,0,0,0,0,0,0,0,0,0,0,0,0,1,1,5,5,6,6,5,5,5,5,5,5,4,4,4,4,5,5,4,4,5,5,5,5,5,5,3,3,2,2,1,1,1,1,0,0,,,,,,,,,,,,,,,,,,,,,,,,,,,,,,,,,,,,,,,,,,,,,,,,
10398,800,10267,10399,,0,0,0,0,0,0,0,0,0,0,0,0,0,0,0,1,1,1,1,1,1,1,1,1,1,1,1,1,1,1,1,1,1,1,1,1,1,1,1,1,1,0,0,0,0,0,0,0,0,,,,,,,,,,,,,,,,,,,,,,,,,,,,,,,,,,,,,,,,,,,,,,,,
10399,800,10398,10277,10289,1,0,0,0,0,0,0,0,0,0,0,0,0,0,0,1,1,1,1,1,1,1,1,1,1,1,1,1,1,1,1,1,1,1,1,1,1,1,1,1,1,0,0,0,0,0,0,0,0,,,,,,,,,,,,,,,,,,,,,,,,,,,,,,,,,,,,,,,,,,,,,,,,
104,2000,383,490,,0,67,67,70,70,49,49,53,53,62,62,67,67,186,186,910,910,1134,1134,1023,1023,977,977,900,900,812,812,861,861,864,864,851,851,886,886,939,939,854,854,524,524,336,336,227,227,165,165,84,84,,,,,,,,,,,,,,,,,,,,,,,,,,,,,,,,,,,,,,,,,,,,,,,,
10400,800,10393,10401,,0,0,0,0,0,0,0,0,0,0,0,0,0,0,0,2,2,3,3,3,3,3,3,2,2,2,2,2,2,2,2,2,2,2,2,3,3,2,2,1,1,1,1,1,1,0,0,0,0,,,,,,,,,,,,,,,,,,,,,,,,,,,,,,,,,,,,,,,,,,,,,,,,
10401,300,10400,10289,10282,1,0,0,0,0,0,0,0,0,0,0,0,0,0,0,2,2,2,2,2,2,2,2,2,2,2,2,2,2,2,2,2,2,2,2,2,2,2,2,1,1,1,1,0,0,0,0,0,0,,,,,,,,,,,,,,,,,,,,,,,,,,,,,,,,,,,,,,,,,,,,,,,,
10402,2500,10403,10385,,0,63,63,66,66,46,46,50,50,58,58,63,63,175,175,972,972,1175,1175,1069,1069,1034,1034,947,947,874,874,895,895,924,924,915,915,939,939,1001,1001,931,931,526,526,333,333,222,222,161,161,84,84,,,,,,,,,,,,,,,,,,,,,,,,,,,,,,,,,,,,,,,,,,,,,,,,
10403,1600,10263,10402,10404,1,0,0,0,0,0,0,0,0,0,0,0,0,1,1,4,4,5,5,5,5,4,4,4,4,4,4,4,4,4,4,4,4,4,4,4,4,4,4,2,2,1,1,1,1,1,1,0,0,,,,,,,,,,,,,,,,,,,,,,,,,,,,,,,,,,,,,,,,,,,,,,,,
10404,2200,10403,10405,,0,63,63,66,66,46,46,50,50,58,58,63,63,175,175,972,972,1175,1175,1069,1069,1034,1034,947,947,874,874,895,895,924,924,915,915,939,939,1001,1001,931,931,526,526,333,333,222,222,161,161,84,84,,,,,,,,,,,,,,,,,,,,,,,,,,,,,,,,,,,,,,,,,,,,,,,,
10405,2200,10404,6241,6252,1,63,63,66,66,46,46,50,50,58,58,63,63,175,175,972,972,1175,1175,1069,1069,1034,1034,947,947,874,874,895,895,924,924,915,915,939,939,1001,1001,931,931,526,526,333,333,222,222,161,161,84,84,,,,,,,,,,,,,,,,,,,,,,,,,,,,,,,,,,,,,,,,,,,,,,,,
10406,1200,10259,10407,,0,1,1,1,1,0,0,0,0,0,0,1,1,1,1,9,9,11,11,10,10,10,10,9,9,8,8,9,9,9,9,9,9,9,9,9,9,9,9,4,4,3,3,2,2,1,1,1,1,,,,,,,,,,,,,,,,,,,,,,,,,,,,,,,,,,,,,,,,,,,,,,,,
10407,1000,10255,10406,10245,1,50,50,52,52,37,37,40,40,46,46,50,50,140,140,967,967,1151,1151,1088,1088,1047,1047,967,967,880,880,932,932,911,911,933,933,958,958,1007,1007,913,913,393,393,252,252,170,170,124,124,63,63,,,,,,,,,,,,,,,,,,,,,,,,,,,,,,,,,,,,,,,,,,,,,,,,
10408,3500,10424,10409,,0,54,54,56,56,39,39,42,42,50,50,54,54,149,149,956,956,1147,1147,1075,1075,1033,1033,954,954,866,866,918,918,901,901,917,917,943,943,993,993,901,901,419,419,269,269,182,182,132,132,67,67,,,,,,,,,,,,,,,,,,,,,,,,,,,,,,,,,,,,,,,,,,,,,,,,
10409,2750,10330,10408,10410,1,67,67,70,70,49,49,53,53,62,62,67,67,186,186,910,910,1134,1134,1023,1023,977,977,900,900,812,812,861,861,864,864,851,851,886,886,939,939,854,854,524,524,336,336,227,227,165,165,84,84,,,,,,,,,,,,,,,,,,,,,,,,,,,,,,,,,,,,,,,,,,,,,,,,
10410,4400,10411,10409,,0,54,54,56,56,39,39,42,42,50,50,54,54,149,149,956,956,1147,1147,1075,1075,1033,1033,954,954,866,866,918,918,901,901,917,917,943,943,993,993,901,901,419,419,269,269,182,182,132,132,67,67,,,,,,,,,,,,,,,,,,,,,,,,,,,,,,,,,,,,,,,,,,,,,,,,
10411,1600,10255,10236,10412;10410,2,1,1,1,1,1,1,1,1,1,1,1,1,3,3,19,19,23,23,21,21,20,20,19,19,17,17,18,18,18,18,18,18,18,18,19,19,18,18,9,9,5,5,4,4,3,3,1,1,,,,,,,,,,,,,,,,,,,,,,,,,,,,,,,,,,,,,,,,,,,,,,,,
10412,3500,10413,10411,,0,54,54,56,56,39,39,42,42,50,50,54,54,149,149,956,956,1147,1147,1075,1075,1033,1033,954,954,866,866,918,918,901,901,917,917,943,943,993,993,901,901,419,419,269,269,182,182,132,132,67,67,,,,,,,,,,,,,,,,,,,,,,,,,,,,,,,,,,,,,,,,,,,,,,,,
10413,3000,10235,10414,10412,1,54,54,56,56,39,39,42,42,50,50,54,54,149,149,956,956,1147,1147,1075,1075,1033,1033,954,954,866,866,918,918,901,901,917,917,943,943,993,993,901,901,419,419,269,269,182,182,132,132,67,67,,,,,,,,,,,,,,,,,,,,,,,,,,,,,,,,,,,,,,,,,,,,,,,,
10414,2000,10415,10413,,0,54,54,56,56,39,39,42,42,50,50,54,54,149,149,956,956,1147,1147,1075,1075,1033,1033,954,954,866,866,918,918,901,901,917,917,943,943,993,993,901,901,419,419,269,269,182,182,132,132,67,67,,,,,,,,,,,,,,,,,,,,,,,,,,,,,,,,,,,,,,,,,,,,,,,,
10415,3300,10414,10250,10238,1,54,54,56,56,39,39,42,42,50,50,54,54,149,149,956,956,1147,1147,1075,1075,1033,1033,954,954,866,866,918,918,901,901,917,917,943,943,993,993,901,901,419,419,269,269,182,182,132,132,67,67,,,,,,,,,,,,,,,,,,,,,,,,,,,,,,,,,,,,,,,,,,,,,,,,
10416,2000,10417,,,0,63,63,66,66,46,46,50,50,58,58,63,63,175,175,972,972,1175,1175,1069,1069,1034,1034,947,947,874,874,895,895,924,924,915,915,939,939,1001,1001,931,931,526,526,333,333,222,222,161,161,84,84,,,,,,,,,,,,,,,,,,,,,,,,,,,,,,,,,,,,,,,,,,,,,,,,
10417,2000,10416,10261,10249,1,63,63,66,66,46,46,50,50,58,58,63,63,175,175,972,972,1175,1175,1069,1069,1034,1034,947,947,874,874,895,895,924,924,915,915,939,939,1001,1001,931,931,526,526,333,333,222,222,161,161,84,84,,,,,,,,,,,,,,,,,,,,,,,,,,,,,,,,,,,,,,,,,,,,,,,,
10418,2500,10419,10269,,0,63,63,66,66,46,46,50,50,58,58,63,63,175,175,972,972,1175,1175,1069,1069,1034,1034,947,947,874,874,895,895,924,924,915,915,939,939,1001,1001,931,931,526,526,333,333,222,222,161,161,84,84,,,,,,,,,,,,,,,,,,,,,,,,,,,,,,,,,,,,,,,,,,,,,,,,
10419,2500,10261,10418,10258,1,63,63,66,66,46,46,50,50,58,58,63,63,175,175,972,972,1175,1175,1069,1069,1034,1034,947,947,874,874,895,895,924,924,915,915,939,939,1001,1001,931,931,526,526,333,333,222,222,161,161,84,84,,,,,,,,,,,,,,,,,,,,,,,,,,,,,,,,,,,,,,,,,,,,,,,,
10420,3000,10421,10242,,0,63,63,66,66,46,46,50,50,58,58,63,63,175,175,972,972,1175,1175,1069,1069,1034,1034,947,947,874,874,895,895,924,924,915,915,939,939,1001,1001,931,931,526,526,333,333,222,222,161,161,84,84,,,,,,,,,,,,,,,,,,,,,,,,,,,,,,,,,,,,,,,,,,,,,,,,
10421,1200,10241,10420,10240,1,0,0,0,0,0,0,0,0,0,0,0,0,1,1,4,4,5,5,5,5,5,5,4,4,4,4,4,4,4,4,4,4,4,4,4,4,4,4,2,2,1,1,1,1,1,1,0,0,,,,,,,,,,,,,,,,,,,,,,,,,,,,,,,,,,,,,,,,,,,,,,,,
10422,2750,10331,10260,10240;10243,2,63,63,66,66,46,46,50,50,58,58,63,63,175,175,972,972,1175,1175,1069,1069,1034,1034,947,947,874,874,895,895,924,924,915,915,939,939,1001,1001,931,931,526,526,333,333,222,222,161,161,84,84,,,,,,,,,,,,,,,,,,,,,,,,,,,,,,,,,,,,,,,,,,,,,,,,
10423,1600,10426,10424,,0,2,2,2,2,1,1,1,1,2,2,2,2,5,5,31,31,38,38,35,35,34,34,31,31,28,28,30,30,29,29,30,30,31,31,32,32,29,29,14,14,9,9,6,6,4,4,2,2,,,,,,,,,,,,,,,,,,,,,,,,,,,,,,,,,,,,,,,,,,,,,,,,
10424,3000,10227,10423,10408,1,54,54,56,56,39,39,42,42,50,50,54,54,149,149,956,956,1147,1147,1075,1075,1033,1033,954,954,866,866,918,918,901,901,917,917,943,943,993,993,901,901,419,419,269,269,182,182,132,132,67,67,,,,,,,,,,,,,,,,,,,,,,,,,,,,,,,,,,,,,,,,,,,,,,,,
10425,3500,,10426,,0,54,54,56,56,39,39,42,42,50,50,54,54,149,149,956,956,1147,1147,1075,1075,1033,1033,954,954,866,866,918,918,901,901,917,917,943,943,993,993,901,901,419,419,269,269,182,182,132,132,67,67,,,,,,,,,,,,,,,,,,,,,,,,,,,,,,,,,,,,,,,,,,,,,,,,
10426,800,10425,10225,10423,1,3,3,3,3,2,2,2,2,2,2,3,3,7,7,45,45,54,54,50,50,48,48,45,45,40,40,43,43,42,42,43,43,44,44,46,46,42,42,20,20,13,13,9,9,6,6,3,3,,,,,,,,,,,,,,,,,,,,,,,,,,,,,,,,,,,,,,,,,,,,,,,,
10427,2500,10428,10430,,0,54,54,56,56,39,39,42,42,50,50,54,54,149,149,956,956,1147,1147,1075,1075,1033,1033,954,954,866,866,918,918,901,901,917,917,943,943,993,993,901,901,419,419,269,269,182,182,132,132,67,67,,,,,,,,,,,,,,,,,,,,,,,,,,,,,,,,,,,,,,,,,,,,,,,,
10428,1500,10427,10227,10236,1,54,54,56,56,39,39,42,42,50,50,54,54,149,149,956,956,1147,1147,1075,1075,1033,1033,954,954,866,866,918,918,901,901,917,917,943,943,993,993,901,901,419,419,269,269,182,182,132,132,67,67,,,,,,,,,,,,,,,,,,,,,,,,,,,,,,,,,,,,,,,,,,,,,,,,
10429,2500,,10430,,0,54,54,56,56,39,39,42,42,50,50,54,54,149,149,956,956,1147,1147,1075,1075,1033,1033,954,954,866,866,918,918,901,901,917,917,943,943,993,993,901,901,419,419,269,269,182,182,132,132,67,67,,,,,,,,,,,,,,,,,,,,,,,,,,,,,,,,,,,,,,,,,,,,,,,,
10430,1500,10235,10429,10427,1,54,54,56,56,39,39,42,42,50,50,54,54,149,149,956,956,1147,1147,1075,1075,1033,1033,954,954,866,866,918,918,901,901,917,917,943,943,993,993,901,901,419,419,269,269,182,182,132,132,67,67,,,,,,,,,,,,,,,,,,,,,,,,,,,,,,,,,,,,,,,,,,,,,,,,
10431,4000,10234,10432,,0,54,54,56,56,39,39,42,42,50,50,54,54,149,149,956,956,1147,1147,1075,1075,1033,1033,954,954,866,866,918,918,901,901,917,917,943,943,993,993,901,901,419,419,269,269,182,182,132,132,67,67,,,,,,,,,,,,,,,,,,,,,,,,,,,,,,,,,,,,,,,,,,,,,,,,
10432,1200,10431,10228,10232,1,2,2,2,2,1,1,1,1,2,2,2,2,5,5,29,29,36,36,33,33,32,32,29,29,27,27,28,28,28,28,28,28,29,29,31,31,28,28,13,13,9,9,6,6,4,4,2,2,,,,,,,,,,,,,,,,,,,,,,,,,,,,,,,,,,,,,,,,,,,,,,,,
10433,4400,10234,10434,,0,67,67,70,70,49,49,53,53,62,62,67,67,186,186,910,910,1134,1134,1023,1023,977,977,900,900,812,812,861,861,864,864,851,851,886,886,939,939,854,854,524,524,336,336,227,227,165,165,84,84,,,,,,,,,,,,,,,,,,,,,,,,,,,,,,,,,,,,,,,,,,,,,,,,
10434,1000,10433,10237,10244,1,34,34,35,35,24,24,26,26,31,31,34,34,93,93,1024,1024,1168,1168,1154,1154,1117,1117,1034,1034,948,948,1003,1003,958,958,1015,1015,1030,1030,1075,1075,972,972,262,262,168,168,114,114,82,82,42,42,,,,,,,,,,,,,,,,,,,,,,,,,,,,,,,,,,,,,,,,,,,,,,,,
10435,2750,10436,10231,,0,34,34,35,35,24,24,26,26,31,31,34,34,93,93,1024,1024,1168,1168,1154,1154,1117,1117,1034,1034,948,948,1003,1003,958,958,1015,1015,1030,1030,1075,1075,972,972,262,262,168,168,114,114,82,82,42,42,,,,,,,,,,,,,,,,,,,,,,,,,,,,,,,,,,,,,,,,,,,,,,,,
10436,2000,10435,10239,10237,1,34,34,35,35,24,24,26,26,31,31,34,34,93,93,1024,1024,1168,1168,1154,1154,1117,1117,1034,1034,948,948,1003,1003,958,958,1015,1015,1030,1030,1075,1075,972,972,262,262,168,168,114,114,82,82,42,42,,,,,,,,,,,,,,,,,,,,,,,,,,,,,,,,,,,,,,,,,,,,,,,,
10437,3500,,10440,,0,34,34,35,35,24,24,26,26,31,31,34,34,93,93,1024,1024,1168,1168,1154,1154,1117,1117,1034,1034,948,948,1003,1003,958,958,1015,1015,1030,1030,1075,1075,972,972,262,262,168,168,114,114,82,82,42,42,,,,,,,,,,,,,,,,,,,,,,,,,,,,,,,,,,,,,,,,,,,,,,,,
10438,1650,10260,10439,10230,1,34,34,35,35,24,24,26,26,31,31,34,34,93,93,1024,1024,1168,1168,1154,1154,1117,1117,1034,1034,948,948,1003,1003,958,958,1015,1015,1030,1030,1075,1075,972,972,262,262,168,168,114,114,82,82,42,42,,,,,,,,,,,,,,,,,,,,,,,,,,,,,,,,,,,,,,,,,,,,,,,,
10439,1500,10440,10438,,0,34,34,35,35,24,24,26,26,31,31,34,34,93,93,1024,1024,1168,1168,1154,1154,1117,1117,1034,1034,948,948,1003,1003,958,958,1015,1015,1030,1030,1075,1075,972,972,262,262,168,168,114,114,82,82,42,42,,,,,,,,,,,,,,,,,,,,,,,,,,,,,,,,,,,,,,,,,,,,,,,,
10440,1500,10437,10439,10226,1,34,34,35,35,24,24,26,26,31,31,34,34,93,93,1024,1024,1168,1168,1154,1154,1117,1117,1034,1034,948,948,1003,1003,958,958,1015,1015,1030,1030,1075,1075,972,972,262,262,168,168,114,114,82,82,42,42,,,,,,,,,,,,,,,,,,,,,,,,,,,,,,,,,,,,,,,,,,,,,,,,
10441,4400,10442,,,0,54,54,56,56,39,39,42,42,50,50,54,54,149,149,956,956,1147,1147,1075,1075,1033,1033,954,954,866,866,918,918,901,901,917,917,943,943,993,993,901,901,419,419,269,269,182,182,132,132,67,67,,,,,,,,,,,,,,,,,,,,,,,,,,,,,,,,,,,,,,,,,,,,,,,,
10442,800,10224,10441,10232,1,1,1,1,1,1,1,1,1,1,1,1,1,3,3,19,19,23,23,21,21,21,21,19,19,17,17,18,18,18,18,18,18,19,19,20,20,18,18,9,9,6,6,4,4,3,3,1,1,,,,,,,,,,,,,,,,,,,,,,,,,,,,,,,,,,,,,,,,,,,,,,,,
10443,2500,,6506,,0,67,67,70,70,49,49,53,53,62,62,67,67,186,186,910,910,1134,1134,1023,1023,977,977,900,900,812,812,861,861,864,864,851,851,886,886,939,939,854,854,524,524,336,336,227,227,165,165,84,84,,,,,,,,,,,,,,,,,,,,,,,,,,,,,,,,,,,,,,,,,,,,,,,,
10444,2500,10353,,582,1,50,50,52,52,37,37,40,40,46,46,50,50,140,140,967,967,1151,1151,1088,1088,1047,1047,967,967,880,880,932,932,911,911,933,933,958,958,1007,1007,913,913,393,393,252,252,170,170,124,124,63,63,,,,,,,,,,,,,,,,,,,,,,,,,,,,,,,,,,,,,,,,,,,,,,,,
10445,2750,10446,10334,,0,63,63,66,66,46,46,50,50,58,58,63,63,175,175,972,972,1175,1175,1069,1069,1034,1034,947,947,874,874,895,895,924,924,915,915,939,939,1001,1001,931,931,526,526,333,333,222,222,161,161,84,84,,,,,,,,,,,,,,,,,,,,,,,,,,,,,,,,,,,,,,,,,,,,,,,,
10446,800,10280,10445,10283,1,0,0,0,0,0,0,0,0,0,0,0,0,1,1,6,6,8,8,7,7,7,7,6,6,6,6,6,6,6,6,6,6,6,6,7,7,6,6,3,3,2,2,1,1,1,1,1,1,,,,,,,,,,,,,,,,,,,,,,,,,,,,,,,,,,,,,,,,,,,,,,,,
10447,1200,10449,10335,583,1,0,0,0,0,0,0,0,0,0,0,0,0,1,1,6,6,7,7,7,7,6,6,6,6,5,5,6,6,6,6,6,6,6,6,6,6,6,6,3,3,2,2,1,1,1,1,1,1,,,,,,,,,,,,,,,,,,,,,,,,,,,,,,,,,,,,,,,,,,,,,,,,
10448,800,10293,584,10449;10297,2,0,0,0,0,0,0,0,0,0,0,0,0,1,1,7,7,8,8,7,7,7,7,7,7,6,6,6,6,6,6,6,6,7,7,7,7,6,6,4,4,2,2,2,2,1,1,1,1,,,,,,,,,,,,,,,,,,,,,,,,,,,,,,,,,,,,,,,,,,,,,,,,
10449,1200,10447,10448,585,1,0,0,0,0,0,0,0,0,0,0,0,0,1,1,7,7,8,8,7,7,7,7,6,6,6,6,6,6,6,6,6,6,6,6,7,7,6,6,4,4,2,2,2,2,1,1,1,1,,,,,,,,,,,,,,,,,,,,,,,,,,,,,,,,,,,,,,,,,,,,,,,,
10450,1200,10451,4471,4467;10465,2,53,53,55,55,38,38,42,42,48,48,53,53,146,146,715,715,891,891,804,804,768,768,707,707,638,638,676,676,679,679,669,669,696,696,738,738,671,671,411,411,264,264,178,178,130,130,66,66,,,,,,,,,,,,,,,,,,,,,,,,,,,,,,,,,,,,,,,,,,,,,,,,
10451,800,10450,10452,,0,0,0,0,0,0,0,0,0,0,0,0,0,0,0,1,1,1,1,1,1,1,1,1,1,1,1,1,1,1,1,1,1,1,1,1,1,1,1,1,1,0,0,0,0,0,0,0,0,,,,,,,,,,,,,,,,,,,,,,,,,,,,,,,,,,,,,,,,,,,,,,,,
10452,1200,10454,10451,4470;10467,2,0,0,0,0,0,0,0,0,0,0,0,0,0,0,1,1,2,2,2,2,2,2,1,1,1,1,1,1,1,1,1,1,1,1,1,1,1,1,1,1,0,0,0,0,0,0,0,0,,,,,,,,,,,,,,,,,,,,,,,,,,,,,,,,,,,,,,,,,,,,,,,,
10453,400,10455,,,0,0,0,0,0,0,0,0,0,0,0,0,0,0,0,0,0,0,0,0,0,0,0,0,0,0,0,0,0,0,0,0,0,0,0,0,0,0,0,0,0,0,0,0,0,0,0,0,0,,,,,,,,,,,,,,,,,,,,,,,,,,,,,,,,,,,,,,,,,,,,,,,,
10454,1200,10452,11301,,0,0,0,0,0,0,0,0,0,0,0,0,0,0,0,3,3,3,3,3,3,3,3,2,2,2,2,2,2,2,2,2,2,2,2,3,3,2,2,1,1,1,1,0,0,0,0,0,0,,,,,,,,,,,,,,,,,,,,,,,,,,,,,,,,,,,,,,,,,,,,,,,,
10455,800,11249,11245,4472;10453,2,0,0,0,0,0,0,0,0,0,0,0,0,0,0,0,0,0,0,0,0,0,0,0,0,0,0,0,0,0,0,0,0,0,0,0,0,0,0,0,0,0,0,0,0,0,0,0,0,,,,,,,,,,,,,,,,,,,,,,,,,,,,,,,,,,,,,,,,,,,,,,,,
10456,800,,11263,,0,0,0,0,0,0,0,0,0,0,0,0,0,0,0,1,1,1,1,1,1,1,1,1,1,1,1,1,1,1,1,1,1,1,1,1,1,1,1,1,1,0,0,0,0,0,0,0,0,,,,,,,,,,,,,,,,,,,,,,,,,,,,,,,,,,,,,,,,,,,,,,,,
10457,800,,11250,,0,0,0,0,0,0,0,0,0,0,0,0,0,0,0,0,0,0,0,0,0,0,0,0,0,0,0,0,0,0,0,0,0,0,0,0,0,0,0,0,0,0,0,0,0,0,0,0,0,,,,,,,,,,,,,,,,,,,,,,,,,,,,,,,,,,,,,,,,,,,,,,,,
10458,800,,11298,,0,0,0,0,0,0,0,0,0,0,0,0,0,0,0,2,2,2,2,2,2,2,2,2,2,2,2,2,2,2,2,2,2,2,2,2,2,2,2,1,1,1,1,0,0,0,0,0,0,,,,,,,,,,,,,,,,,,,,,,,,,,,,,,,,,,,,,,,,,,,,,,,,
10459,2500,,11265,,0,54,54,54,54,38,38,41,41,48,48,53,53,149,149,1126,1126,1279,1279,1185,1185,1176,1176,1064,1064,1030,1030,978,978,1073,1073,1075,1075,1072,1072,1157,1157,1124,1124,530,530,326,326,208,208,152,152,86,86,,,,,,,,,,,,,,,,,,,,,,,,,,,,,,,,,,,,,,,,,,,,,,,,
10460,1200,11261,11252,,0,0,0,0,0,0,0,0,0,0,0,0,0,0,0,0,0,1,1,0,0,0,0,0,0,0,0,0,0,0,0,0,0,0,0,0,0,0,0,0,0,0,0,0,0,0,0,0,0,,,,,,,,,,,,,,,,,,,,,,,,,,,,,,,,,,,,,,,,,,,,,,,,
10461,1200,,11260,,0,0,0,0,0,0,0,0,0,0,0,0,0,0,0,1,1,1,1,1,1,1,1,1,1,1,1,1,1,1,1,1,1,1,1,1,1,1,1,0,0,0,0,0,0,0,0,0,0,,,,,,,,,,,,,,,,,,,,,,,,,,,,,,,,,,,,,,,,,,,,,,,,
10462,1200,11252,11258,,0,0,0,0,0,0,0,0,0,0,0,0,0,0,0,1,1,1,1,1,1,1,1,1,1,1,1,1,1,1,1,1,1,1,1,1,1,1,1,0,0,0,0,0,0,0,0,0,0,,,,,,,,,,,,,,,,,,,,,,,,,,,,,,,,,,,,,,,,,,,,,,,,
10463,4000,11288,11293,,0,54,54,54,54,38,38,41,41,48,48,53,53,149,149,1126,1126,1279,1279,1185,1185,1176,1176,1064,1064,1030,1030,978,978,1073,1073,1075,1075,1072,1072,1157,1157,1124,1124,530,530,326,326,208,208,152,152,86,86,,,,,,,,,,,,,,,,,,,,,,,,,,,,,,,,,,,,,,,,,,,,,,,,
10464,800,4496,11281,,0,1,1,1,1,0,0,0,0,1,1,1,1,2,2,14,14,16,16,14,14,14,14,13,13,12,12,12,12,13,13,13,13,13,13,14,14,14,14,6,6,4,4,2,2,2,2,1,1,,,,,,,,,,,,,,,,,,,,,,,,,,,,,,,,,,,,,,,,,,,,,,,,
10465,800,10450,10472,,0,0,0,0,0,0,0,0,0,0,0,0,0,0,0,3,3,4,4,3,3,3,3,3,3,3,3,3,3,3,3,3,3,3,3,3,3,3,3,1,1,1,1,1,1,0,0,0,0,,,,,,,,,,,,,,,,,,,,,,,,,,,,,,,,,,,,,,,,,,,,,,,,
10466,1200,11277,11283,,0,0,0,0,0,0,0,0,0,0,0,0,0,0,0,1,1,1,1,1,1,1,1,1,1,1,1,1,1,1,1,1,1,1,1,1,1,1,1,0,0,0,0,0,0,0,0,0,0,,,,,,,,,,,,,,,,,,,,,,,,,,,,,,,,,,,,,,,,,,,,,,,,
10467,800,10477,10452,,0,0,0,0,0,0,0,0,0,0,0,0,0,0,0,2,2,2,2,2,2,2,2,2,2,2,2,2,2,2,2,2,2,2,2,2,2,2,2,1,1,0,0,0,0,0,0,0,0,,,,,,,,,,,,,,,,,,,,,,,,,,,,,,,,,,,,,,,,,,,,,,,,
10468,2000,10469,11274,11302;10494,2,54,54,54,54,38,38,41,41,48,48,53,53,149,149,1126,1126,1279,1279,1185,1185,1176,1176,1064,1064,1030,1030,978,978,1073,1073,1075,1075,1072,1072,1157,1157,1124,1124,530,530,326,326,208,208,152,152,86,86,,,,,,,,,,,,,,,,,,,,,,,,,,,,,,,,,,,,,,,,,,,,,,,,
10469,1500,10472,10468,,0,54,54,56,56,39,39,42,42,50,50,54,54,149,149,956,956,1147,1147,1075,1075,1033,1033,954,954,866,866,918,918,901,901,917,917,943,943,993,993,901,901,419,419,269,269,182,182,132,132,67,67,,,,,,,,,,,,,,,,,,,,,,,,,,,,,,,,,,,,,,,,,,,,,,,,
10470,400,11300,10481,,0,0,0,0,0,0,0,0,0,0,0,0,0,0,0,3,3,4,4,3,3,3,3,3,3,3,3,3,3,3,3,3,3,3,3,3,3,3,3,1,1,1,1,1,1,0,0,0,0,,,,,,,,,,,,,,,,,,,,,,,,,,,,,,,,,,,,,,,,,,,,,,,,
10471,800,,11290,,0,0,0,0,0,0,0,0,0,0,0,0,0,0,0,1,1,2,2,1,1,1,1,1,1,1,1,1,1,1,1,1,1,1,1,1,1,1,1,1,1,0,0,0,0,0,0,0,0,,,,,,,,,,,,,,,,,,,,,,,,,,,,,,,,,,,,,,,,,,,,,,,,
10472,1500,10501,10465,10469;10474,2,54,54,56,56,39,39,42,42,50,50,54,54,149,149,956,956,1147,1147,1075,1075,1033,1033,954,954,866,866,918,918,901,901,917,917,943,943,993,993,901,901,419,419,269,269,182,182,132,132,67,67,,,,,,,,,,,,,,,,,,,,,,,,,,,,,,,,,,,,,,,,,,,,,,,,
10473,4400,11260,10492,11267,1,54,54,54,54,38,38,41,41,48,48,53,53,149,149,1126,1126,1279,1279,1185,1185,1176,1176,1064,1064,1030,1030,978,978,1073,1073,1075,1075,1072,1072,1157,1157,1124,1124,530,530,326,326,208,208,152,152,86,86,,,,,,,,,,,,,,,,,,,,,,,,,,,,,,,,,,,,,,,,,,,,,,,,
10474,1200,10477,10472,,0,0,0,0,0,0,0,0,0,0,0,0,0,1,1,4,4,4,4,4,4,4,4,4,4,3,3,3,3,3,3,3,3,4,4,4,4,3,3,2,2,1,1,1,1,1,1,0,0,,,,,,,,,,,,,,,,,,,,,,,,,,,,,,,,,,,,,,,,,,,,,,,,
10475,300,11256,11260,,0,0,0,0,0,0,0,0,0,0,0,0,0,0,0,1,1,1,1,1,1,1,1,1,1,1,1,1,1,1,1,1,1,1,1,1,1,1,1,0,0,0,0,0,0,0,0,0,0,,,,,,,,,,,,,,,,,,,,,,,,,,,,,,,,,,,,,,,,,,,,,,,,
10476,600,11252,11254,,0,0,0,0,0,0,0,0,0,0,0,0,0,0,0,1,1,1,1,1,1,1,1,1,1,1,1,1,1,1,1,1,1,1,1,1,1,1,1,1,1,0,0,0,0,0,0,0,0,,,,,,,,,,,,,,,,,,,,,,,,,,,,,,,,,,,,,,,,,,,,,,,,
10477,1200,10505,10467,10474;10480,2,0,0,0,0,0,0,0,0,0,0,0,0,0,0,2,2,3,3,3,3,2,2,2,2,2,2,2,2,2,2,2,2,2,2,2,2,2,2,1,1,1,1,0,0,0,0,0,0,,,,,,,,,,,,,,,,,,,,,,,,,,,,,,,,,,,,,,,,,,,,,,,,
10478,800,11299,10483,,0,0,0,0,0,0,0,0,0,0,0,0,0,1,1,4,4,5,5,5,5,4,4,4,4,4,4,4,4,4,4,4,4,4,4,4,4,4,4,2,2,1,1,1,1,1,1,0,0,,,,,,,,,,,,,,,,,,,,,,,,,,,,,,,,,,,,,,,,,,,,,,,,
10479,3000,11290,11286,,0,54,54,54,54,38,38,41,41,48,48,53,53,149,149,1126,1126,1279,1279,1185,1185,1176,1176,1064,1064,1030,1030,978,978,1073,1073,1075,1075,1072,1072,1157,1157,1124,1124,530,530,326,326,208,208,152,152,86,86,,,,,,,,,,,,,,,,,,,,,,,,,,,,,,,,,,,,,,,,,,,,,,,,
10480,1200,10477,10481,,0,0,0,0,0,0,0,0,0,0,0,0,0,0,0,2,2,2,2,2,2,2,2,2,2,2,2,2,2,2,2,2,2,2,2,2,2,2,2,1,1,1,1,0,0,0,0,0,0,,,,,,,,,,,,,,,,,,,,,,,,,,,,,,,,,,,,,,,,,,,,,,,,
10481,800,10503,10470,10480;10482,2,0,0,0,0,0,0,0,0,0,0,0,0,0,0,2,2,2,2,2,2,2,2,2,2,2,2,2,2,2,2,2,2,2,2,2,2,2,2,1,1,1,1,0,0,0,0,0,0,,,,,,,,,,,,,,,,,,,,,,,,,,,,,,,,,,,,,,,,,,,,,,,,
10482,1200,10481,10483,,0,0,0,0,0,0,0,0,0,0,0,0,0,0,0,2,2,3,3,3,3,3,3,2,2,2,2,2,2,2,2,2,2,2,2,2,2,2,2,1,1,1,1,0,0,0,0,0,0,,,,,,,,,,,,,,,,,,,,,,,,,,,,,,,,,,,,,,,,,,,,,,,,
10483,1200,11303,10478,10482;11294,2,0,0,0,0,0,0,0,0,0,0,0,0,0,0,2,2,3,3,3,3,3,3,2,2,2,2,2,2,2,2,2,2,2,2,2,2,2,2,1,1,1,1,0,0,0,0,0,0,,,,,,,,,,,,,,,,,,,,,,,,,,,,,,,,,,,,,,,,,,,,,,,,
10484,300,11174,,,0,0,0,0,0,0,0,0,0,0,0,0,0,0,0,1,1,2,2,1,1,1,1,1,1,1,1,1,1,1,1,1,1,1,1,1,1,1,1,1,1,0,0,0,0,0,0,0,0,,,,,,,,,,,,,,,,,,,,,,,,,,,,,,,,,,,,,,,,,,,,,,,,
10485,800,,11271,,0,0,0,0,0,0,0,0,0,0,0,0,0,0,0,1,1,1,1,1,1,1,1,1,1,1,1,1,1,1,1,1,1,1,1,1,1,1,1,0,0,0,0,0,0,0,0,0,0,,,,,,,,,,,,,,,,,,,,,,,,,,,,,,,,,,,,,,,,,,,,,,,,
10486,300,11256,11254,,0,0,0,0,0,0,0,0,0,0,0,0,0,0,0,1,1,1,1,1,1,1,1,1,1,1,1,1,1,1,1,1,1,1,1,1,1,1,1,1,1,0,0,0,0,0,0,0,0,,,,,,,,,,,,,,,,,,,,,,,,,,,,,,,,,,,,,,,,,,,,,,,,
10487,800,11297,,,0,0,0,0,0,0,0,0,0,0,0,0,0,0,0,2,2,3,3,3,3,3,3,2,2,2,2,2,2,2,2,2,2,2,2,2,2,2,2,1,1,1,1,0,0,0,0,0,0,,,,,,,,,,,,,,,,,,,,,,,,,,,,,,,,,,,,,,,,,,,,,,,,
10488,3000,7189,10489,,0,0,0,0,0,0,0,0,0,0,0,0,0,0,0,1156,1156,1275,1275,1184,1184,1063,1063,1121,1121,1033,1033,1056,1056,1105,1105,1218,1218,1250,1250,1308,1308,1226,1226,0,0,0,0,0,0,0,0,0,0,,,,,,,,,,,,,,,,,,,,,,,,,,,,,,,,,,,,,,,,,,,,,,,,
10489,500,10502,11253,10488;11020,2,54,54,54,54,38,38,41,41,48,48,53,53,149,149,1126,1126,1279,1279,1185,1185,1176,1176,1064,1064,1030,1030,978,978,1073,1073,1075,1075,1072,1072,1157,1157,1124,1124,530,530,326,326,208,208,152,152,86,86,,,,,,,,,,,,,,,,,,,,,,,,,,,,,,,,,,,,,,,,,,,,,,,,
10490,1200,11295,,,0,0,0,0,0,0,0,0,0,0,0,0,0,0,0,2,2,2,2,2,2,2,2,2,2,2,2,2,2,2,2,2,2,2,2,2,2,2,2,1,1,0,0,0,0,0,0,0,0,,,,,,,,,,,,,,,,,,,,,,,,,,,,,,,,,,,,,,,,,,,,,,,,
10491,1200,11279,10498,,0,0,0,0,0,0,0,0,0,0,0,0,0,0,0,1,1,1,1,1,1,1,1,1,1,1,1,1,1,1,1,1,1,1,1,1,1,1,1,0,0,0,0,0,0,0,0,0,0,,,,,,,,,,,,,,,,,,,,,,,,,,,,,,,,,,,,,,,,,,,,,,,,
10492,800,11176,10473,,0,0,0,0,0,0,0,0,0,0,0,0,0,0,0,1,1,1,1,1,1,1,1,1,1,1,1,1,1,1,1,1,1,1,1,1,1,1,1,1,1,0,0,0,0,0,0,0,0,,,,,,,,,,,,,,,,,,,,,,,,,,,,,,,,,,,,,,,,,,,,,,,,
10493,300,,10495,,0,0,0,0,0,0,0,0,0,0,0,0,0,0,0,1,1,1,1,1,1,1,1,1,1,1,1,1,1,1,1,1,1,1,1,1,1,1,1,1,1,0,0,0,0,0,0,0,0,,,,,,,,,,,,,,,,,,,,,,,,,,,,,,,,,,,,,,,,,,,,,,,,
10494,1200,10500,10468,,0,0,0,0,0,0,0,0,0,0,0,0,0,0,0,1,1,1,1,1,1,1,1,1,1,1,1,1,1,1,1,1,1,1,1,1,1,1,1,0,0,0,0,0,0,0,0,0,0,,,,,,,,,,,,,,,,,,,,,,,,,,,,,,,,,,,,,,,,,,,,,,,,
10495,300,11021,10493,,0,0,0,0,0,0,0,0,0,0,0,0,0,0,0,1,1,2,2,1,1,1,1,1,1,1,1,1,1,1,1,1,1,1,1,1,1,1,1,1,1,0,0,0,0,0,0,0,0,,,,,,,,,,,,,,,,,,,,,,,,,,,,,,,,,,,,,,,,,,,,,,,,
10496,800,10498,11192,,0,0,0,0,0,0,0,0,0,0,0,0,0,0,0,1,1,1,1,1,1,1,1,1,1,1,1,1,1,1,1,1,1,1,1,1,1,1,1,0,0,0,0,0,0,0,0,0,0,,,,,,,,,,,,,,,,,,,,,,,,,,,,,,,,,,,,,,,,,,,,,,,,
10497,4400,11269,11273,,0,54,54,54,54,38,38,41,41,48,48,53,53,149,149,1126,1126,1279,1279,1185,1185,1176,1176,1064,1064,1030,1030,978,978,1073,1073,1075,1075,1072,1072,1157,1157,1124,1124,530,530,326,326,208,208,152,152,86,86,,,,,,,,,,,,,,,,,,,,,,,,,,,,,,,,,,,,,,,,,,,,,,,,
10498,1200,10499,10496,10491;10507,2,0,0,0,0,0,0,0,0,0,0,0,0,0,0,1,1,1,1,1,1,1,1,1,1,1,1,1,1,1,1,1,1,1,1,1,1,1,1,0,0,0,0,0,0,0,0,0,0,,,,,,,,,,,,,,,,,,,,,,,,,,,,,,,,,,,,,,,,,,,,,,,,
10499,800,10500,10498,,0,0,0,0,0,0,0,0,0,0,0,0,0,0,0,1,1,1,1,1,1,1,1,1,1,1,1,1,1,1,1,1,1,1,1,1,1,1,1,0,0,0,0,0,0,0,0,0,0,,,,,,,,,,,,,,,,,,,,,,,,,,,,,,,,,,,,,,,,,,,,,,,,
105,3000,96,111,483;116,2,27,27,28,28,20,20,21,21,25,25,27,27,74,74,1049,1049,1182,1182,1170,1170,1126,1126,1056,1056,970,970,1022,1022,982,982,1052,1052,1066,1066,1112,1112,1010,1010,210,210,134,134,91,91,66,66,34,34,,,,,,,,,,,,,,,,,,,,,,,,,,,,,,,,,,,,,,,,,,,,,,,,
10500,1200,10499,10501,10494;10513,2,0,0,0,0,0,0,0,0,0,0,0,0,0,0,1,1,1,1,1,1,1,1,1,1,1,1,1,1,1,1,1,1,1,1,1,1,1,1,1,1,0,0,0,0,0,0,0,0,,,,,,,,,,,,,,,,,,,,,,,,,,,,,,,,,,,,,,,,,,,,,,,,
10501,4000,10506,10472,10500,1,54,54,54,54,38,38,41,41,48,48,53,53,149,149,1126,1126,1279,1279,1185,1185,1176,1176,1064,1064,1030,1030,978,978,1073,1073,1075,1075,1072,1072,1157,1157,1124,1124,530,530,326,326,208,208,152,152,86,86,,,,,,,,,,,,,,,,,,,,,,,,,,,,,,,,,,,,,,,,,,,,,,,,
10502,2500,10508,10489,,0,54,54,54,54,38,38,41,41,48,48,53,53,149,149,1126,1126,1279,1279,1185,1185,1176,1176,1064,1064,1030,1030,978,978,1073,1073,1075,1075,1072,1072,1157,1157,1124,1124,530,530,326,326,208,208,152,152,86,86,,,,,,,,,,,,,,,,,,,,,,,,,,,,,,,,,,,,,,,,,,,,,,,,
10503,1200,11304,10481,,0,0,0,0,0,0,0,0,0,0,0,0,0,0,0,3,3,4,4,3,3,3,3,3,3,3,3,3,3,3,3,3,3,3,3,3,3,3,3,1,1,1,1,1,1,0,0,0,0,,,,,,,,,,,,,,,,,,,,,,,,,,,,,,,,,,,,,,,,,,,,,,,,
10504,4400,11176,11025,,0,54,54,54,54,38,38,41,41,48,48,53,53,149,149,1126,1126,1279,1279,1185,1185,1176,1176,1064,1064,1030,1030,978,978,1073,1073,1075,1075,1072,1072,1157,1157,1124,1124,530,530,326,326,208,208,152,152,86,86,,,,,,,,,,,,,,,,,,,,,,,,,,,,,,,,,,,,,,,,,,,,,,,,
10505,4400,10506,10477,11304,1,54,54,56,56,39,39,42,42,50,50,54,54,149,149,956,956,1147,1147,1075,1075,1033,1033,954,954,866,866,918,918,901,901,917,917,943,943,993,993,901,901,419,419,269,269,182,182,132,132,67,67,,,,,,,,,,,,,,,,,,,,,,,,,,,,,,,,,,,,,,,,,,,,,,,,
10506,2500,10505,10501,,0,54,54,56,56,39,39,42,42,50,50,54,54,149,149,956,956,1147,1147,1075,1075,1033,1033,954,954,866,866,918,918,901,901,917,917,943,943,993,993,901,901,419,419,269,269,182,182,132,132,67,67,,,,,,,,,,,,,,,,,,,,,,,,,,,,,,,,,,,,,,,,,,,,,,,,
10507,4400,10498,11190,,0,54,54,54,54,38,38,41,41,48,48,53,53,149,149,1126,1126,1279,1279,1185,1185,1176,1176,1064,1064,1030,1030,978,978,1073,1073,1075,1075,1072,1072,1157,1157,1124,1124,530,530,326,326,208,208,152,152,86,86,,,,,,,,,,,,,,,,,,,,,,,,,,,,,,,,,,,,,,,,,,,,,,,,
10508,4400,7921,10502,10510,1,41,41,41,41,29,29,31,31,36,36,40,40,112,112,1104,1104,1257,1257,1162,1162,1115,1115,1057,1057,999,999,984,984,1052,1052,1084,1084,1096,1096,1169,1169,1115,1115,378,378,234,234,152,152,111,111,61,61,,,,,,,,,,,,,,,,,,,,,,,,,,,,,,,,,,,,,,,,,,,,,,,,
10509,1600,,11196,,0,0,0,0,0,0,0,0,0,0,0,0,0,0,0,894,894,944,944,1009,1009,988,988,917,917,851,851,900,900,826,826,926,926,922,922,952,952,857,857,0,0,0,0,0,0,0,0,0,0,,,,,,,,,,,,,,,,,,,,,,,,,,,,,,,,,,,,,,,,,,,,,,,,
10510,800,11145,7243,10508;10520,2,0,0,0,0,0,0,0,0,0,0,0,0,0,0,1,1,1,1,1,1,1,1,1,1,1,1,1,1,1,1,1,1,1,1,1,1,1,1,0,0,0,0,0,0,0,0,0,0,,,,,,,,,,,,,,,,,,,,,,,,,,,,,,,,,,,,,,,,,,,,,,,,
10511,2500,11273,11172,,0,54,54,54,54,38,38,41,41,48,48,53,53,149,149,1126,1126,1279,1279,1185,1185,1176,1176,1064,1064,1030,1030,978,978,1073,1073,1075,1075,1072,1072,1157,1157,1124,1124,530,530,326,326,208,208,152,152,86,86,,,,,,,,,,,,,,,,,,,,,,,,,,,,,,,,,,,,,,,,,,,,,,,,
10512,1200,11192,11275,,0,0,0,0,0,0,0,0,0,0,0,0,0,0,0,1,1,1,1,1,1,1,1,1,1,1,1,1,1,1,1,1,1,1,1,1,1,1,1,0,0,0,0,0,0,0,0,0,0,,,,,,,,,,,,,,,,,,,,,,,,,,,,,,,,,,,,,,,,,,,,,,,,
10513,2000,10500,11196,,0,54,54,54,54,38,38,41,41,48,48,53,53,149,149,1126,1126,1279,1279,1185,1185,1176,1176,1064,1064,1030,1030,978,978,1073,1073,1075,1075,1072,1072,1157,1157,1124,1124,530,530,326,326,208,208,152,152,86,86,,,,,,,,,,,,,,,,,,,,,,,,,,,,,,,,,,,,,,,,,,,,,,,,
10514,400,11027,10516,,0,0,0,0,0,0,0,0,0,0,0,0,0,0,0,1,1,1,1,1,1,1,1,1,1,1,1,1,1,1,1,1,1,1,1,1,1,1,1,0,0,0,0,0,0,0,0,0,0,,,,,,,,,,,,,,,,,,,,,,,,,,,,,,,,,,,,,,,,,,,,,,,,
10515,1200,11146,,,0,0,0,0,0,0,0,0,0,0,0,0,0,0,0,1,1,1,1,1,1,1,1,1,1,1,1,1,1,1,1,1,1,1,1,1,1,1,1,0,0,0,0,0,0,0,0,0,0,,,,,,,,,,,,,,,,,,,,,,,,,,,,,,,,,,,,,,,,,,,,,,,,
10516,1200,10514,11017,,0,0,0,0,0,0,0,0,0,0,0,0,0,0,0,1,1,1,1,1,1,1,1,1,1,1,1,1,1,1,1,1,1,1,1,1,1,1,1,0,0,0,0,0,0,0,0,0,0,,,,,,,,,,,,,,,,,,,,,,,,,,,,,,,,,,,,,,,,,,,,,,,,
10517,4400,11168,11286,,0,54,54,54,54,38,38,41,41,48,48,53,53,149,149,1126,1126,1279,1279,1185,1185,1176,1176,1064,1064,1030,1030,978,978,1073,1073,1075,1075,1072,1072,1157,1157,1124,1124,530,530,326,326,208,208,152,152,86,86,,,,,,,,,,,,,,,,,,,,,,,,,,,,,,,,,,,,,,,,,,,,,,,,
10518,800,11148,11170,,0,0,0,0,0,0,0,0,0,0,0,0,0,0,0,1,1,1,1,1,1,1,1,1,1,1,1,1,1,1,1,1,1,1,1,1,1,1,1,0,0,0,0,0,0,0,0,0,0,,,,,,,,,,,,,,,,,,,,,,,,,,,,,,,,,,,,,,,,,,,,,,,,
10519,1600,11178,11172,,0,0,0,0,0,0,0,0,0,0,0,0,0,0,0,1,1,1,1,1,1,1,1,1,1,1,1,1,1,1,1,1,1,1,1,1,1,1,1,0,0,0,0,0,0,0,0,0,0,,,,,,,,,,,,,,,,,,,,,,,,,,,,,,,,,,,,,,,,,,,,,,,,
10520,1200,7274,10510,,0,0,0,0,0,0,0,0,0,0,0,0,0,0,0,3,3,3,3,3,3,3,3,3,3,2,2,2,2,3,3,3,3,3,3,3,3,3,3,1,1,1,1,0,0,0,0,0,0,,,,,,,,,,,,,,,,,,,,,,,,,,,,,,,,,,,,,,,,,,,,,,,,
10521,1200,11023,10523,,0,0,0,0,0,0,0,0,0,0,0,0,0,0,0,0,0,1,1,0,0,0,0,0,0,0,0,0,0,0,0,0,0,0,0,0,0,0,0,0,0,0,0,0,0,0,0,0,0,,,,,,,,,,,,,,,,,,,,,,,,,,,,,,,,,,,,,,,,,,,,,,,,
10522,800,11146,10523,,0,0,0,0,0,0,0,0,0,0,0,0,0,0,0,0,0,0,0,0,0,0,0,0,0,0,0,0,0,0,0,0,0,0,0,0,0,0,0,0,0,0,0,0,0,0,0,0,0,,,,,,,,,,,,,,,,,,,,,,,,,,,,,,,,,,,,,,,,,,,,,,,,
10523,300,10522,10526,10521;10535,2,0,0,0,0,0,0,0,0,0,0,0,0,0,0,0,0,0,0,0,0,0,0,0,0,0,0,0,0,0,0,0,0,0,0,0,0,0,0,0,0,0,0,0,0,0,0,0,0,,,,,,,,,,,,,,,,,,,,,,,,,,,,,,,,,,,,,,,,,,,,,,,,
10524,300,11194,10529,,0,0,0,0,0,0,0,0,0,0,0,0,0,0,0,1,1,1,1,1,1,1,1,1,1,1,1,1,1,1,1,1,1,1,1,1,1,1,1,0,0,0,0,0,0,0,0,0,0,,,,,,,,,,,,,,,,,,,,,,,,,,,,,,,,,,,,,,,,,,,,,,,,
10525,1200,11019,10531,,0,0,0,0,0,0,0,0,0,0,0,0,0,0,0,1,1,1,1,1,1,1,1,1,1,1,1,1,1,1,1,1,1,1,1,1,1,1,1,0,0,0,0,0,0,0,0,0,0,,,,,,,,,,,,,,,,,,,,,,,,,,,,,,,,,,,,,,,,,,,,,,,,
10526,800,10531,10523,,0,0,0,0,0,0,0,0,0,0,0,0,0,0,0,0,0,0,0,0,0,0,0,0,0,0,0,0,0,0,0,0,0,0,0,0,0,0,0,0,0,0,0,0,0,0,0,0,0,,,,,,,,,,,,,,,,,,,,,,,,,,,,,,,,,,,,,,,,,,,,,,,,
10527,4000,10529,11196,,0,54,54,54,54,38,38,41,41,48,48,53,53,149,149,1126,1126,1279,1279,1185,1185,1176,1176,1064,1064,1030,1030,978,978,1073,1073,1075,1075,1072,1072,1157,1157,1124,1124,530,530,326,326,208,208,152,152,86,86,,,,,,,,,,,,,,,,,,,,,,,,,,,,,,,,,,,,,,,,,,,,,,,,
10528,4400,,11206,,0,54,54,56,56,39,39,42,42,50,50,54,54,149,149,956,956,1147,1147,1075,1075,1033,1033,954,954,866,866,918,918,901,901,917,917,943,943,993,993,901,901,419,419,269,269,182,182,132,132,67,67,,,,,,,,,,,,,,,,,,,,,,,,,,,,,,,,,,,,,,,,,,,,,,,,
10529,300,10536,10527,10524;10532,2,0,0,0,0,0,0,0,0,0,0,0,0,0,0,1,1,1,1,1,1,1,1,1,1,1,1,1,1,1,1,1,1,1,1,1,1,1,1,0,0,0,0,0,0,0,0,0,0,,,,,,,,,,,,,,,,,,,,,,,,,,,,,,,,,,,,,,,,,,,,,,,,
10530,800,11170,11033,,0,0,0,0,0,0,0,0,0,0,0,0,0,0,0,1,1,1,1,1,1,1,1,1,1,1,1,1,1,1,1,1,1,1,1,1,1,1,1,0,0,0,0,0,0,0,0,0,0,,,,,,,,,,,,,,,,,,,,,,,,,,,,,,,,,,,,,,,,,,,,,,,,
10531,800,10526,10552,10525;10543,2,33,33,31,31,22,22,23,23,26,26,31,31,88,88,1055,1055,1119,1119,1058,1058,1080,1080,966,966,980,980,861,861,1008,1008,1021,1021,988,988,1080,1080,1096,1096,421,421,249,249,150,150,110,110,68,68,,,,,,,,,,,,,,,,,,,,,,,,,,,,,,,,,,,,,,,,,,,,,,,,
10532,600,10540,10529,,0,0,0,0,0,0,0,0,0,0,0,0,0,0,0,1,1,1,1,1,1,1,1,1,1,1,1,1,1,1,1,1,1,1,1,1,1,1,1,0,0,0,0,0,0,0,0,0,0,,,,,,,,,,,,,,,,,,,,,,,,,,,,,,,,,,,,,,,,,,,,,,,,
10533,1200,11031,11015,,0,0,0,0,0,0,0,0,0,0,0,0,0,0,0,1,1,1,1,1,1,1,1,1,1,1,1,1,1,1,1,1,1,1,1,1,1,1,1,0,0,0,0,0,0,0,0,0,0,,,,,,,,,,,,,,,,,,,,,,,,,,,,,,,,,,,,,,,,,,,,,,,,
10534,1200,11166,11039,,0,0,0,0,0,0,0,0,0,0,0,0,0,0,0,1,1,1,1,1,1,1,1,1,1,1,1,1,1,1,1,1,1,1,1,1,1,1,1,0,0,0,0,0,0,0,0,0,0,,,,,,,,,,,,,,,,,,,,,,,,,,,,,,,,,,,,,,,,,,,,,,,,
10535,800,11144,10523,,0,0,0,0,0,0,0,0,0,0,0,0,0,0,0,0,0,0,0,0,0,0,0,0,0,0,0,0,0,0,0,0,0,0,0,0,0,0,0,0,0,0,0,0,0,0,0,0,0,,,,,,,,,,,,,,,,,,,,,,,,,,,,,,,,,,,,,,,,,,,,,,,,
10536,600,,10529,,0,0,0,0,0,0,0,0,0,0,0,0,0,0,0,1,1,1,1,1,1,1,1,1,1,1,1,1,1,1,1,1,1,1,1,1,1,1,1,0,0,0,0,0,0,0,0,0,0,,,,,,,,,,,,,,,,,,,,,,,,,,,,,,,,,,,,,,,,,,,,,,,,
10537,300,11210,11208,,0,0,0,0,0,0,0,0,0,0,0,0,0,1,1,4,4,4,4,4,4,4,4,4,4,3,3,4,4,3,3,4,4,4,4,4,4,3,3,2,2,1,1,1,1,1,1,0,0,,,,,,,,,,,,,,,,,,,,,,,,,,,,,,,,,,,,,,,,,,,,,,,,
10538,4400,,11204,,0,67,67,70,70,49,49,53,53,62,62,67,67,186,186,910,910,1134,1134,1023,1023,977,977,900,900,812,812,861,861,864,864,851,851,886,886,939,939,854,854,524,524,336,336,227,227,165,165,84,84,,,,,,,,,,,,,,,,,,,,,,,,,,,,,,,,,,,,,,,,,,,,,,,,
10539,1000,10684,11205,10553;11201;10620,3,0,0,0,0,0,0,0,0,0,0,0,0,0,0,1138,1138,1201,1201,1284,1284,1257,1257,1168,1168,1084,1084,1145,1145,1051,1051,1179,1179,1173,1173,1211,1211,1091,1091,0,0,0,0,0,0,0,0,0,0,,,,,,,,,,,,,,,,,,,,,,,,,,,,,,,,,,,,,,,,,,,,,,,,
10540,800,11043,11188,10532,1,0,0,0,0,0,0,0,0,0,0,0,0,0,0,0,0,0,0,0,0,0,0,0,0,0,0,0,0,0,0,0,0,0,0,0,0,0,0,0,0,0,0,0,0,0,0,0,0,,,,,,,,,,,,,,,,,,,,,,,,,,,,,,,,,,,,,,,,,,,,,,,,
10541,300,10545,11013,,0,0,0,0,0,0,0,0,0,0,0,0,0,0,0,1,1,1,1,1,1,1,1,1,1,1,1,1,1,1,1,1,1,1,1,1,1,1,1,0,0,0,0,0,0,0,0,0,0,,,,,,,,,,,,,,,,,,,,,,,,,,,,,,,,,,,,,,,,,,,,,,,,
10542,800,10554,11204,,0,0,0,0,0,0,0,0,0,0,0,0,0,0,0,2,2,3,3,3,3,2,2,2,2,2,2,2,2,2,2,2,2,2,2,2,2,2,2,1,1,1,1,0,0,0,0,0,0,,,,,,,,,,,,,,,,,,,,,,,,,,,,,,,,,,,,,,,,,,,,,,,,
10543,1200,10549,10531,,0,0,0,0,0,0,0,0,0,0,0,0,0,0,0,0,0,0,0,0,0,0,0,0,0,0,0,0,0,0,0,0,0,0,0,0,0,0,0,0,0,0,0,0,0,0,0,0,0,,,,,,,,,,,,,,,,,,,,,,,,,,,,,,,,,,,,,,,,,,,,,,,,
10544,800,11244,11238,,0,0,0,0,0,0,0,0,0,0,0,0,0,0,0,2,2,3,3,2,2,2,2,2,2,2,2,2,2,2,2,2,2,2,2,2,2,2,2,1,1,1,1,0,0,0,0,0,0,,,,,,,,,,,,,,,,,,,,,,,,,,,,,,,,,,,,,,,,,,,,,,,,
10545,800,10541,,,0,53,53,55,55,38,38,42,42,48,48,53,53,146,146,715,715,891,891,804,804,768,768,707,707,638,638,676,676,679,679,669,669,696,696,738,738,671,671,411,411,264,264,178,178,130,130,66,66,,,,,,,,,,,,,,,,,,,,,,,,,,,,,,,,,,,,,,,,,,,,,,,,
10546,1600,7274,11144,,0,53,53,55,55,38,38,42,42,48,48,53,53,146,146,715,715,891,891,804,804,768,768,707,707,638,638,676,676,679,679,669,669,696,696,738,738,671,671,411,411,264,264,178,178,130,130,66,66,,,,,,,,,,,,,,,,,,,,,,,,,,,,,,,,,,,,,,,,,,,,,,,,
10547,800,,11218,,0,0,0,0,0,0,0,0,0,0,0,0,0,0,0,1,1,2,2,2,2,2,2,1,1,1,1,1,1,1,1,1,1,1,1,2,2,1,1,1,1,0,0,0,0,0,0,0,0,,,,,,,,,,,,,,,,,,,,,,,,,,,,,,,,,,,,,,,,,,,,,,,,
10548,1200,11208,10558,,0,53,53,55,55,38,38,42,42,48,48,53,53,146,146,715,715,891,891,804,804,768,768,707,707,638,638,676,676,679,679,669,669,696,696,738,738,671,671,411,411,264,264,178,178,130,130,66,66,,,,,,,,,,,,,,,,,,,,,,,,,,,,,,,,,,,,,,,,,,,,,,,,
10549,1200,10574,11143,10543;10568,2,0,0,0,0,0,0,0,0,0,0,0,0,0,0,0,0,1,1,1,1,0,0,0,0,0,0,0,0,0,0,0,0,0,0,0,0,0,0,0,0,0,0,0,0,0,0,0,0,,,,,,,,,,,,,,,,,,,,,,,,,,,,,,,,,,,,,,,,,,,,,,,,
10550,800,10555,,,0,0,0,0,0,0,0,0,0,0,0,0,0,1,1,3,3,4,4,4,4,4,4,3,3,3,3,3,3,3,3,3,3,3,3,3,3,3,3,2,2,1,1,1,1,0,0,0,0,,,,,,,,,,,,,,,,,,,,,,,,,,,,,,,,,,,,,,,,,,,,,,,,
10551,800,,11198,,0,0,0,0,0,0,0,0,0,0,0,0,0,0,0,1,1,1,1,1,1,1,1,1,1,1,1,1,1,1,1,1,1,1,1,1,1,1,1,0,0,0,0,0,0,0,0,0,0,,,,,,,,,,,,,,,,,,,,,,,,,,,,,,,,,,,,,,,,,,,,,,,,
10552,1600,10531,11011,,0,0,0,0,0,0,0,0,0,0,0,0,0,0,0,1,1,1,1,1,1,1,1,1,1,1,1,0,0,1,1,1,1,1,1,1,1,1,1,0,0,0,0,0,0,0,0,0,0,,,,,,,,,,,,,,,,,,,,,,,,,,,,,,,,,,,,,,,,,,,,,,,,
10553,1200,10539,11210,,0,0,0,0,0,0,0,0,0,0,0,0,0,1,1,4,4,4,4,4,4,4,4,4,4,3,3,3,3,3,3,3,3,4,4,4,4,3,3,2,2,1,1,1,1,1,1,0,0,,,,,,,,,,,,,,,,,,,,,,,,,,,,,,,,,,,,,,,,,,,,,,,,
10554,1600,10542,,,0,0,0,0,0,0,0,0,0,0,0,0,0,0,0,2,2,2,2,2,2,2,2,2,2,2,2,2,2,2,2,2,2,2,2,2,2,2,2,1,1,1,1,0,0,0,0,0,0,,,,,,,,,,,,,,,,,,,,,,,,,,,,,,,,,,,,,,,,,,,,,,,,
10555,400,10569,10550,11209;11044,2,0,0,0,0,0,0,0,0,0,0,0,0,1,1,3,3,4,4,4,4,4,4,3,3,3,3,3,3,3,3,3,3,3,3,3,3,3,3,2,2,1,1,1,1,0,0,0,0,,,,,,,,,,,,,,,,,,,,,,,,,,,,,,,,,,,,,,,,,,,,,,,,
10556,4000,11244,10559,,0,54,54,56,56,39,39,42,42,50,50,54,54,149,149,956,956,1147,1147,1075,1075,1033,1033,954,954,866,866,918,918,901,901,917,917,943,943,993,993,901,901,419,419,269,269,182,182,132,132,67,67,,,,,,,,,,,,,,,,,,,,,,,,,,,,,,,,,,,,,,,,,,,,,,,,
10557,1200,10559,11240,,0,0,0,0,0,0,0,0,0,0,0,0,0,0,0,3,3,3,3,3,3,3,3,3,3,2,2,3,3,3,3,3,3,3,3,3,3,3,3,1,1,1,1,1,1,0,0,0,0,,,,,,,,,,,,,,,,,,,,,,,,,,,,,,,,,,,,,,,,,,,,,,,,
10558,3500,11045,11043,10548,1,54,54,54,54,38,38,41,41,48,48,53,53,149,149,1126,1126,1279,1279,1185,1185,1176,1176,1064,1064,1030,1030,978,978,1073,1073,1075,1075,1072,1072,1157,1157,1124,1124,530,530,326,326,208,208,152,152,86,86,,,,,,,,,,,,,,,,,,,,,,,,,,,,,,,,,,,,,,,,,,,,,,,,
10559,800,10594,10556,10557;10564,2,0,0,0,0,0,0,0,0,0,0,0,0,0,0,3,3,3,3,3,3,3,3,3,3,2,2,2,2,2,2,2,2,3,3,3,3,2,2,1,1,1,1,1,1,0,0,0,0,,,,,,,,,,,,,,,,,,,,,,,,,,,,,,,,,,,,,,,,,,,,,,,,
10560,1600,10565,,,0,0,0,0,0,0,0,0,0,0,0,0,0,0,0,2,2,2,2,2,2,2,2,2,2,2,2,2,2,2,2,2,2,2,2,2,2,2,2,1,1,0,0,0,0,0,0,0,0,,,,,,,,,,,,,,,,,,,,,,,,,,,,,,,,,,,,,,,,,,,,,,,,
10561,300,10587,,11009,1,0,0,0,0,0,0,0,0,0,0,0,0,0,0,0,0,0,0,0,0,0,0,0,0,0,0,0,0,0,0,0,0,0,0,0,0,0,0,0,0,0,0,0,0,0,0,0,0,,,,,,,,,,,,,,,,,,,,,,,,,,,,,,,,,,,,,,,,,,,,,,,,
10562,1200,,11047,,0,0,0,0,0,0,0,0,0,0,0,0,0,0,0,1,1,1,1,1,1,1,1,1,1,1,1,1,1,1,1,1,1,1,1,1,1,1,1,0,0,0,0,0,0,0,0,0,0,,,,,,,,,,,,,,,,,,,,,,,,,,,,,,,,,,,,,,,,,,,,,,,,
10563,1200,11212,,,0,0,0,0,0,0,0,0,0,0,0,0,0,0,0,3,3,4,4,3,3,3,3,3,3,3,3,3,3,3,3,3,3,3,3,3,3,3,3,1,1,1,1,1,1,0,0,0,0,,,,,,,,,,,,,,,,,,,,,,,,,,,,,,,,,,,,,,,,,,,,,,,,
10564,800,10559,10565,,0,0,0,0,0,0,0,0,0,0,0,0,0,0,0,2,2,2,2,2,2,2,2,2,2,2,2,2,2,2,2,2,2,2,2,2,2,2,2,1,1,1,1,0,0,0,0,0,0,,,,,,,,,,,,,,,,,,,,,,,,,,,,,,,,,,,,,,,,,,,,,,,,
10565,1600,10596,10578,10560;10564,2,0,0,0,0,0,0,0,0,0,0,0,0,0,0,1,1,2,2,1,1,1,1,1,1,1,1,1,1,1,1,1,1,1,1,1,1,1,1,1,1,0,0,0,0,0,0,0,0,,,,,,,,,,,,,,,,,,,,,,,,,,,,,,,,,,,,,,,,,,,,,,,,
10566,800,11214,11218,,0,0,0,0,0,0,0,0,0,0,0,0,0,0,0,2,2,3,3,3,3,3,3,2,2,2,2,2,2,2,2,2,2,2,2,3,3,2,2,1,1,1,1,0,0,0,0,0,0,,,,,,,,,,,,,,,,,,,,,,,,,,,,,,,,,,,,,,,,,,,,,,,,
10567,1600,11230,11232,,0,0,0,0,0,0,0,0,0,0,0,0,0,1,1,3,3,4,4,4,4,4,4,3,3,3,3,3,3,3,3,3,3,3,3,4,4,3,3,2,2,1,1,1,1,1,1,0,0,,,,,,,,,,,,,,,,,,,,,,,,,,,,,,,,,,,,,,,,,,,,,,,,
10568,800,10573,10549,,0,0,0,0,0,0,0,0,0,0,0,0,0,0,0,1,1,1,1,1,1,1,1,1,1,1,1,1,1,1,1,1,1,1,1,1,1,1,1,0,0,0,0,0,0,0,0,0,0,,,,,,,,,,,,,,,,,,,,,,,,,,,,,,,,,,,,,,,,,,,,,,,,
10569,2500,10592,10555,,0,42,42,39,39,28,28,29,29,34,34,39,39,112,112,1343,1343,1424,1424,1347,1347,1375,1375,1229,1229,1247,1247,1096,1096,1282,1282,1299,1299,1257,1257,1375,1375,1394,1394,536,536,316,316,190,190,140,140,87,87,,,,,,,,,,,,,,,,,,,,,,,,,,,,,,,,,,,,,,,,,,,,,,,,
10570,2500,7295,10573,,0,41,41,41,41,29,29,31,31,36,36,40,40,112,112,1104,1104,1257,1257,1162,1162,1115,1115,1057,1057,999,999,984,984,1052,1052,1084,1084,1096,1096,1169,1169,1115,1115,378,378,234,234,152,152,111,111,61,61,,,,,,,,,,,,,,,,,,,,,,,,,,,,,,,,,,,,,,,,,,,,,,,,
10571,300,11164,,,0,0,0,0,0,0,0,0,0,0,0,0,0,0,0,1,1,1,1,1,1,1,1,1,1,1,1,1,1,1,1,1,1,1,1,1,1,1,1,0,0,0,0,0,0,0,0,0,0,,,,,,,,,,,,,,,,,,,,,,,,,,,,,,,,,,,,,,,,,,,,,,,,
10572,800,,11158,,0,0,0,0,0,0,0,0,0,0,0,0,0,0,0,1,1,2,2,2,2,2,2,1,1,1,1,1,1,1,1,1,1,1,1,1,1,1,1,1,1,0,0,0,0,0,0,0,0,,,,,,,,,,,,,,,,,,,,,,,,,,,,,,,,,,,,,,,,,,,,,,,,
10573,1500,10603,10570,10568;10601,2,54,54,54,54,38,38,41,41,48,48,53,53,149,149,1126,1126,1279,1279,1185,1185,1176,1176,1064,1064,1030,1030,978,978,1073,1073,1075,1075,1072,1072,1157,1157,1124,1124,530,530,326,326,208,208,152,152,86,86,,,,,,,,,,,,,,,,,,,,,,,,,,,,,,,,,,,,,,,,,,,,,,,,
10574,2500,11007,10549,,0,54,54,54,54,38,38,41,41,48,48,53,53,149,149,1126,1126,1279,1279,1185,1185,1176,1176,1064,1064,1030,1030,978,978,1073,1073,1075,1075,1072,1072,1157,1157,1124,1124,530,530,326,326,208,208,152,152,86,86,,,,,,,,,,,,,,,,,,,,,,,,,,,,,,,,,,,,,,,,,,,,,,,,
10575,2500,11157,11198,,0,54,54,54,54,38,38,41,41,48,48,53,53,149,149,1126,1126,1279,1279,1185,1185,1176,1176,1064,1064,1030,1030,978,978,1073,1073,1075,1075,1072,1072,1157,1157,1124,1124,530,530,326,326,208,208,152,152,86,86,,,,,,,,,,,,,,,,,,,,,,,,,,,,,,,,,,,,,,,,,,,,,,,,
10576,1600,11236,11228,,0,0,0,0,0,0,0,0,0,0,0,0,0,0,0,1,1,2,2,1,1,1,1,1,1,1,1,1,1,1,1,1,1,1,1,1,1,1,1,1,1,0,0,0,0,0,0,0,0,,,,,,,,,,,,,,,,,,,,,,,,,,,,,,,,,,,,,,,,,,,,,,,,
10577,300,,11150,,0,0,0,0,0,0,0,0,0,0,0,0,0,0,0,0,0,0,0,0,0,0,0,0,0,0,0,0,0,0,0,0,0,0,0,0,0,0,0,0,0,0,0,0,0,0,0,0,0,,,,,,,,,,,,,,,,,,,,,,,,,,,,,,,,,,,,,,,,,,,,,,,,
10578,1200,11216,10565,,0,0,0,0,0,0,0,0,0,0,0,0,0,0,0,2,2,2,2,2,2,2,2,2,2,2,2,2,2,2,2,2,2,2,2,2,2,2,2,1,1,1,1,0,0,0,0,0,0,,,,,,,,,,,,,,,,,,,,,,,,,,,,,,,,,,,,,,,,,,,,,,,,
10579,800,,11160,,0,0,0,0,0,0,0,0,0,0,0,0,0,0,0,0,0,0,0,0,0,0,0,0,0,0,0,0,0,0,0,0,0,0,0,0,0,0,0,0,0,0,0,0,0,0,0,0,0,,,,,,,,,,,,,,,,,,,,,,,,,,,,,,,,,,,,,,,,,,,,,,,,
10580,2500,11212,10589,,0,54,54,56,56,39,39,42,42,50,50,54,54,149,149,956,956,1147,1147,1075,1075,1033,1033,954,954,866,866,918,918,901,901,917,917,943,943,993,993,901,901,419,419,269,269,182,182,132,132,67,67,,,,,,,,,,,,,,,,,,,,,,,,,,,,,,,,,,,,,,,,,,,,,,,,
10581,1600,11041,11158,,0,0,0,0,0,0,0,0,0,0,0,0,0,0,0,1,1,1,1,1,1,1,1,1,1,1,1,1,1,1,1,1,1,1,1,1,1,1,1,0,0,0,0,0,0,0,0,0,0,,,,,,,,,,,,,,,,,,,,,,,,,,,,,,,,,,,,,,,,,,,,,,,,
10582,1200,11240,11226,,0,0,0,0,0,0,0,0,0,0,0,0,0,0,0,1,1,1,1,1,1,1,1,1,1,1,1,1,1,1,1,1,1,1,1,1,1,1,1,0,0,0,0,0,0,0,0,0,0,,,,,,,,,,,,,,,,,,,,,,,,,,,,,,,,,,,,,,,,,,,,,,,,
10583,300,,10608,11005,1,0,0,0,0,0,0,0,0,0,0,0,0,0,0,1,1,1,1,1,1,1,1,1,1,0,0,0,0,1,1,1,1,1,1,1,1,1,1,0,0,0,0,0,0,0,0,0,0,,,,,,,,,,,,,,,,,,,,,,,,,,,,,,,,,,,,,,,,,,,,,,,,
10584,300,,10590,,0,0,0,0,0,0,0,0,0,0,0,0,0,0,0,0,0,0,0,0,0,0,0,0,0,0,0,0,0,0,0,0,0,0,0,0,0,0,0,0,0,0,0,0,0,0,0,0,0,,,,,,,,,,,,,,,,,,,,,,,,,,,,,,,,,,,,,,,,,,,,,,,,
10585,3000,10588,10591,,0,54,54,54,54,38,38,41,41,48,48,53,53,149,149,1126,1126,1279,1279,1185,1185,1176,1176,1064,1064,1030,1030,978,978,1073,1073,1075,1075,1072,1072,1157,1157,1124,1124,530,530,326,326,208,208,152,152,86,86,,,,,,,,,,,,,,,,,,,,,,,,,,,,,,,,,,,,,,,,,,,,,,,,
10586,1200,,11164,,0,0,0,0,0,0,0,0,0,0,0,0,0,0,0,1,1,1,1,1,1,1,1,1,1,1,1,1,1,1,1,1,1,1,1,1,1,1,1,0,0,0,0,0,0,0,0,0,0,,,,,,,,,,,,,,,,,,,,,,,,,,,,,,,,,,,,,,,,,,,,,,,,
10587,1600,11150,10561,,0,0,0,0,0,0,0,0,0,0,0,0,0,0,0,0,0,0,0,0,0,0,0,0,0,0,0,0,0,0,0,0,0,0,0,0,0,0,0,0,0,0,0,0,0,0,0,0,0,,,,,,,,,,,,,,,,,,,,,,,,,,,,,,,,,,,,,,,,,,,,,,,,
10588,300,10585,11157,10597;10600,2,0,0,0,0,0,0,0,0,0,0,0,0,0,0,1,1,1,1,1,1,1,1,1,1,1,1,1,1,1,1,1,1,1,1,1,1,1,1,1,1,0,0,0,0,0,0,0,0,,,,,,,,,,,,,,,,,,,,,,,,,,,,,,,,,,,,,,,,,,,,,,,,
10589,1500,10580,11088,11213;11080,2,54,54,56,56,39,39,42,42,50,50,54,54,149,149,956,956,1147,1147,1075,1075,1033,1033,954,954,866,866,918,918,901,901,917,917,943,943,993,993,901,901,419,419,269,269,182,182,132,132,67,67,,,,,,,,,,,,,,,,,,,,,,,,,,,,,,,,,,,,,,,,,,,,,,,,
10590,300,11151,10584,11149;10598,2,0,0,0,0,0,0,0,0,0,0,0,0,0,0,0,0,0,0,0,0,0,0,0,0,0,0,0,0,0,0,0,0,0,0,0,0,0,0,0,0,0,0,0,0,0,0,0,0,,,,,,,,,,,,,,,,,,,,,,,,,,,,,,,,,,,,,,,,,,,,,,,,
10591,1000,10592,11155,10585;10616,2,54,54,54,54,38,38,41,41,48,48,53,53,149,149,1126,1126,1279,1279,1185,1185,1176,1176,1064,1064,1030,1030,978,978,1073,1073,1075,1075,1072,1072,1157,1157,1124,1124,530,530,326,326,208,208,152,152,86,86,,,,,,,,,,,,,,,,,,,,,,,,,,,,,,,,,,,,,,,,,,,,,,,,
10592,3000,10591,10569,11047,1,54,54,54,54,38,38,41,41,48,48,53,53,149,149,1126,1126,1279,1279,1185,1185,1176,1176,1064,1064,1030,1030,978,978,1073,1073,1075,1075,1072,1072,1157,1157,1124,1124,530,530,326,326,208,208,152,152,86,86,,,,,,,,,,,,,,,,,,,,,,,,,,,,,,,,,,,,,,,,,,,,,,,,
10593,1600,11162,11035,,0,0,0,0,0,0,0,0,0,0,0,0,0,0,0,1,1,1,1,1,1,1,1,1,1,1,1,1,1,1,1,1,1,1,1,1,1,1,1,0,0,0,0,0,0,0,0,0,0,,,,,,,,,,,,,,,,,,,,,,,,,,,,,,,,,,,,,,,,,,,,,,,,
10594,1200,11224,10559,,0,0,0,0,0,0,0,0,0,0,0,0,0,0,0,1,1,1,1,1,1,1,1,1,1,1,1,1,1,1,1,1,1,1,1,1,1,1,1,0,0,0,0,0,0,0,0,0,0,,,,,,,,,,,,,,,,,,,,,,,,,,,,,,,,,,,,,,,,,,,,,,,,
10595,300,11152,,,0,0,0,0,0,0,0,0,0,0,0,0,0,0,0,0,0,0,0,0,0,0,0,0,0,0,0,0,0,0,0,0,0,0,0,0,0,0,0,0,0,0,0,0,0,0,0,0,0,,,,,,,,,,,,,,,,,,,,,,,,,,,,,,,,,,,,,,,,,,,,,,,,
10596,1200,11222,10565,,0,0,0,0,0,0,0,0,0,0,0,0,0,0,0,1,1,1,1,1,1,1,1,1,1,1,1,1,1,1,1,1,1,1,1,1,1,1,1,1,1,0,0,0,0,0,0,0,0,,,,,,,,,,,,,,,,,,,,,,,,,,,,,,,,,,,,,,,,,,,,,,,,
10597,2500,10588,11156,,0,54,54,54,54,38,38,41,41,48,48,53,53,149,149,1126,1126,1279,1279,1185,1185,1176,1176,1064,1064,1030,1030,978,978,1073,1073,1075,1075,1072,1072,1157,1157,1124,1124,530,530,326,326,208,208,152,152,86,86,,,,,,,,,,,,,,,,,,,,,,,,,,,,,,,,,,,,,,,,,,,,,,,,
10598,800,11186,10590,,0,0,0,0,0,0,0,0,0,0,0,0,0,0,0,0,0,0,0,0,0,0,0,0,0,0,0,0,0,0,0,0,0,0,0,0,0,0,0,0,0,0,0,0,0,0,0,0,0,,,,,,,,,,,,,,,,,,,,,,,,,,,,,,,,,,,,,,,,,,,,,,,,
10599,3000,10604,7318,,0,41,41,41,41,29,29,31,31,36,36,40,40,112,112,1104,1104,1257,1257,1162,1162,1115,1115,1057,1057,999,999,984,984,1052,1052,1084,1084,1096,1096,1169,1169,1115,1115,378,378,234,234,152,152,111,111,61,61,,,,,,,,,,,,,,,,,,,,,,,,,,,,,,,,,,,,,,,,,,,,,,,,
106,4400,110,92,,0,50,50,52,52,37,37,40,40,46,46,50,50,140,140,967,967,1151,1151,1088,1088,1047,1047,967,967,880,880,932,932,911,911,933,933,958,958,1007,1007,913,913,393,393,252,252,170,170,124,124,63,63,,,,,,,,,,,,,,,,,,,,,,,,,,,,,,,,,,,,,,,,,,,,,,,,
10600,600,,10588,,0,0,0,0,0,0,0,0,0,0,0,0,0,0,0,1,1,2,2,1,1,1,1,1,1,1,1,1,1,1,1,1,1,1,1,1,1,1,1,1,1,0,0,0,0,0,0,0,0,,,,,,,,,,,,,,,,,,,,,,,,,,,,,,,,,,,,,,,,,,,,,,,,
10601,1600,10573,10604,,0,0,0,0,0,0,0,0,0,0,0,0,0,0,0,1,1,1,1,1,1,1,1,1,1,1,1,1,1,1,1,1,1,1,1,1,1,1,1,0,0,0,0,0,0,0,0,0,0,,,,,,,,,,,,,,,,,,,,,,,,,,,,,,,,,,,,,,,,,,,,,,,,
10602,1200,11220,11216,,0,0,0,0,0,0,0,0,0,0,0,0,0,1,1,3,3,4,4,4,4,3,3,3,3,3,3,3,3,3,3,3,3,3,3,3,3,3,3,1,1,1,1,1,1,0,0,0,0,,,,,,,,,,,,,,,,,,,,,,,,,,,,,,,,,,,,,,,,,,,,,,,,
10603,1500,11065,10573,,0,54,54,54,54,38,38,41,41,48,48,53,53,149,149,1126,1126,1279,1279,1185,1185,1176,1176,1064,1064,1030,1030,978,978,1073,1073,1075,1075,1072,1072,1157,1157,1124,1124,530,530,326,326,208,208,152,152,86,86,,,,,,,,,,,,,,,,,,,,,,,,,,,,,,,,,,,,,,,,,,,,,,,,
10604,800,10599,10956,10601;10646,2,0,0,0,0,0,0,0,0,0,0,0,0,0,0,1,1,1,1,1,1,1,1,1,1,0,0,0,0,1,1,1,1,1,1,1,1,1,1,0,0,0,0,0,0,0,0,0,0,,,,,,,,,,,,,,,,,,,,,,,,,,,,,,,,,,,,,,,,,,,,,,,,
10605,4400,11230,11232,,0,54,54,56,56,39,39,42,42,50,50,54,54,149,149,956,956,1147,1147,1075,1075,1033,1033,954,954,866,866,918,918,901,901,917,917,943,943,993,993,901,901,419,419,269,269,182,182,132,132,67,67,,,,,,,,,,,,,,,,,,,,,,,,,,,,,,,,,,,,,,,,,,,,,,,,
10606,600,11152,10609,,0,0,0,0,0,0,0,0,0,0,0,0,0,0,0,0,0,0,0,0,0,0,0,0,0,0,0,0,0,0,0,0,0,0,0,0,0,0,0,0,0,0,0,0,0,0,0,0,0,,,,,,,,,,,,,,,,,,,,,,,,,,,,,,,,,,,,,,,,,,,,,,,,
10607,1600,,11123,,0,0,0,0,0,0,0,0,0,0,0,0,0,0,0,3,3,4,4,3,3,3,3,3,3,3,3,3,3,3,3,3,3,3,3,3,3,3,3,1,1,1,1,1,1,0,0,0,0,,,,,,,,,,,,,,,,,,,,,,,,,,,,,,,,,,,,,,,,,,,,,,,,
10608,800,10609,10583,,0,0,0,0,0,0,0,0,0,0,0,0,0,0,0,0,0,0,0,0,0,0,0,0,0,0,0,0,0,0,0,0,0,0,0,0,0,0,0,0,0,0,0,0,0,0,0,0,0,,,,,,,,,,,,,,,,,,,,,,,,,,,,,,,,,,,,,,,,,,,,,,,,
10609,300,10608,10606,10615;10998,2,0,0,0,0,0,0,0,0,0,0,0,0,0,0,0,0,0,0,0,0,0,0,0,0,0,0,0,0,0,0,0,0,0,0,0,0,0,0,0,0,0,0,0,0,0,0,0,0,,,,,,,,,,,,,,,,,,,,,,,,,,,,,,,,,,,,,,,,,,,,,,,,
10610,800,11182,,,0,0,0,0,0,0,0,0,0,0,0,0,0,0,0,0,0,0,0,0,0,0,0,0,0,0,0,0,0,0,0,0,0,0,0,0,0,0,0,0,0,0,0,0,0,0,0,0,0,,,,,,,,,,,,,,,,,,,,,,,,,,,,,,,,,,,,,,,,,,,,,,,,
10611,800,,,,0,0,0,0,0,0,0,0,0,0,0,0,0,0,0,0,0,0,0,0,0,0,0,0,0,0,0,0,0,0,0,0,0,0,0,0,0,0,0,0,0,0,0,0,0,0,0,0,0,,,,,,,,,,,,,,,,,,,,,,,,,,,,,,,,,,,,,,,,,,,,,,,,
10612,300,11199,,,0,0,0,0,0,0,0,0,0,0,0,0,0,1,1,3,3,4,4,4,4,4,4,3,3,3,3,3,3,3,3,3,3,3,3,4,4,3,3,2,2,1,1,1,1,0,0,0,0,,,,,,,,,,,,,,,,,,,,,,,,,,,,,,,,,,,,,,,,,,,,,,,,
10613,4400,11200,11087,,0,54,54,56,56,39,39,42,42,50,50,54,54,149,149,956,956,1147,1147,1075,1075,1033,1033,954,954,866,866,918,918,901,901,917,917,943,943,993,993,901,901,419,419,269,269,182,182,132,132,67,67,,,,,,,,,,,,,,,,,,,,,,,,,,,,,,,,,,,,,,,,,,,,,,,,
10614,2000,10957,11063,,0,54,54,54,54,38,38,41,41,48,48,53,53,149,149,1126,1126,1279,1279,1185,1185,1176,1176,1064,1064,1030,1030,978,978,1073,1073,1075,1075,1072,1072,1157,1157,1124,1124,530,530,326,326,208,208,152,152,86,86,,,,,,,,,,,,,,,,,,,,,,,,,,,,,,,,,,,,,,,,,,,,,,,,
10615,800,10609,11153,,0,0,0,0,0,0,0,0,0,0,0,0,0,0,0,0,0,0,0,0,0,0,0,0,0,0,0,0,0,0,0,0,0,0,0,0,0,0,0,0,0,0,0,0,0,0,0,0,0,,,,,,,,,,,,,,,,,,,,,,,,,,,,,,,,,,,,,,,,,,,,,,,,
10616,4000,,10591,,0,54,54,54,54,38,38,41,41,48,48,53,53,149,149,1126,1126,1279,1279,1185,1185,1176,1176,1064,1064,1030,1030,978,978,1073,1073,1075,1075,1072,1072,1157,1157,1124,1124,530,530,326,326,208,208,152,152,86,86,,,,,,,,,,,,,,,,,,,,,,,,,,,,,,,,,,,,,,,,,,,,,,,,
10617,800,11063,11001,,0,0,0,0,0,0,0,0,0,0,0,0,0,0,0,0,0,1,1,0,0,0,0,0,0,0,0,0,0,0,0,0,0,0,0,0,0,0,0,0,0,0,0,0,0,0,0,0,0,,,,,,,,,,,,,,,,,,,,,,,,,,,,,,,,,,,,,,,,,,,,,,,,
10618,300,10626,,11001,1,0,0,0,0,0,0,0,0,0,0,0,0,0,0,1,1,1,1,1,1,1,1,1,1,1,1,1,1,1,1,1,1,1,1,1,1,1,1,0,0,0,0,0,0,0,0,0,0,,,,,,,,,,,,,,,,,,,,,,,,,,,,,,,,,,,,,,,,,,,,,,,,
10619,600,10630,10624,10625;11092,2,0,0,0,0,0,0,0,0,0,0,0,0,0,0,0,0,1,1,1,1,1,1,0,0,0,0,0,0,0,0,0,0,0,0,1,1,0,0,0,0,0,0,0,0,0,0,0,0,,,,,,,,,,,,,,,,,,,,,,,,,,,,,,,,,,,,,,,,,,,,,,,,
10620,1600,11200,10539,,0,0,0,0,0,0,0,0,0,0,0,0,0,0,0,2,2,3,3,3,3,2,2,2,2,2,2,2,2,2,2,2,2,2,2,2,2,2,2,1,1,1,1,0,0,0,0,0,0,,,,,,,,,,,,,,,,,,,,,,,,,,,,,,,,,,,,,,,,,,,,,,,,
10621,800,,11119,,0,0,0,0,0,0,0,0,0,0,0,0,0,0,0,2,2,2,2,2,2,2,2,2,2,1,1,1,1,2,2,2,2,2,2,2,2,2,2,1,1,0,0,0,0,0,0,0,0,,,,,,,,,,,,,,,,,,,,,,,,,,,,,,,,,,,,,,,,,,,,,,,,
10622,4400,11156,,,0,54,54,54,54,38,38,41,41,48,48,53,53,149,149,1126,1126,1279,1279,1185,1185,1176,1176,1064,1064,1030,1030,978,978,1073,1073,1075,1075,1072,1072,1157,1157,1124,1124,530,530,326,326,208,208,152,152,86,86,,,,,,,,,,,,,,,,,,,,,,,,,,,,,,,,,,,,,,,,,,,,,,,,
10623,1200,11085,,,0,0,0,0,0,0,0,0,0,0,0,0,0,1,1,4,4,4,4,4,4,4,4,4,4,3,3,4,4,3,3,4,4,4,4,4,4,3,3,2,2,1,1,1,1,1,1,0,0,,,,,,,,,,,,,,,,,,,,,,,,,,,,,,,,,,,,,,,,,,,,,,,,
10624,800,11186,10619,,0,0,0,0,0,0,0,0,0,0,0,0,0,0,0,0,0,0,0,0,0,0,0,0,0,0,0,0,0,0,0,0,0,0,0,0,0,0,0,0,0,0,0,0,0,0,0,0,0,,,,,,,,,,,,,,,,,,,,,,,,,,,,,,,,,,,,,,,,,,,,,,,,
10625,600,,10619,,0,0,0,0,0,0,0,0,0,0,0,0,0,0,0,1,1,1,1,1,1,1,1,1,1,1,1,1,1,1,1,1,1,1,1,1,1,1,1,0,0,0,0,0,0,0,0,0,0,,,,,,,,,,,,,,,,,,,,,,,,,,,,,,,,,,,,,,,,,,,,,,,,
10626,1600,10618,10997,,0,0,0,0,0,0,0,0,0,0,0,0,0,0,0,1,1,1,1,1,1,1,1,1,1,1,1,1,1,1,1,1,1,1,1,1,1,1,1,0,0,0,0,0,0,0,0,0,0,,,,,,,,,,,,,,,,,,,,,,,,,,,,,,,,,,,,,,,,,,,,,,,,
10627,300,,10999,,0,0,0,0,0,0,0,0,0,0,0,0,0,0,0,1,1,1,1,1,1,1,1,1,1,1,1,1,1,1,1,1,1,1,1,1,1,1,1,0,0,0,0,0,0,0,0,0,0,,,,,,,,,,,,,,,,,,,,,,,,,,,,,,,,,,,,,,,,,,,,,,,,
10628,300,11180,11095,,0,0,0,0,0,0,0,0,0,0,0,0,0,0,0,1,1,1,1,1,1,1,1,1,1,1,1,1,1,1,1,1,1,1,1,1,1,1,1,0,0,0,0,0,0,0,0,0,0,,,,,,,,,,,,,,,,,,,,,,,,,,,,,,,,,,,,,,,,,,,,,,,,
10629,600,,11091,,0,0,0,0,0,0,0,0,0,0,0,0,0,1,1,4,4,4,4,4,4,4,4,4,4,3,3,3,3,3,3,3,3,4,4,4,4,3,3,2,2,1,1,1,1,1,1,0,0,,,,,,,,,,,,,,,,,,,,,,,,,,,,,,,,,,,,,,,,,,,,,,,,
10630,800,10619,,,0,0,0,0,0,0,0,0,0,0,0,0,0,0,0,1,1,1,1,1,1,1,1,1,1,1,1,1,1,1,1,1,1,1,1,1,1,1,1,0,0,0,0,0,0,0,0,0,0,,,,,,,,,,,,,,,,,,,,,,,,,,,,,,,,,,,,,,,,,,,,,,,,
10631,1200,10951,10955,,0,0,0,0,0,0,0,0,0,0,0,0,0,0,0,1,1,1,1,1,1,1,1,1,1,1,1,1,1,1,1,1,1,1,1,1,1,1,1,0,0,0,0,0,0,0,0,0,0,,,,,,,,,,,,,,,,,,,,,,,,,,,,,,,,,,,,,,,,,,,,,,,,
10632,300,,11101,,0,0,0,0,0,0,0,0,0,0,0,0,0,0,0,1,1,1,1,1,1,1,1,1,1,1,1,1,1,1,1,1,1,1,1,1,1,1,1,0,0,0,0,0,0,0,0,0,0,,,,,,,,,,,,,,,,,,,,,,,,,,,,,,,,,,,,,,,,,,,,,,,,
10633,300,11057,10645,,0,0,0,0,0,0,0,0,0,0,0,0,0,0,0,1,1,1,1,1,1,1,1,1,1,1,1,1,1,1,1,1,1,1,1,1,1,1,1,1,1,0,0,0,0,0,0,0,0,,,,,,,,,,,,,,,,,,,,,,,,,,,,,,,,,,,,,,,,,,,,,,,,
10634,300,11061,11055,,0,0,0,0,0,0,0,0,0,0,0,0,0,0,0,1,1,1,1,1,1,1,1,1,1,1,1,1,1,1,1,1,1,1,1,1,1,1,1,1,1,0,0,0,0,0,0,0,0,,,,,,,,,,,,,,,,,,,,,,,,,,,,,,,,,,,,,,,,,,,,,,,,
10635,2500,11123,11083,,0,54,54,56,56,39,39,42,42,50,50,54,54,149,149,956,956,1147,1147,1075,1075,1033,1033,954,954,866,866,918,918,901,901,917,917,943,943,993,993,901,901,419,419,269,269,182,182,132,132,67,67,,,,,,,,,,,,,,,,,,,,,,,,,,,,,,,,,,,,,,,,,,,,,,,,
10636,600,11097,,,0,0,0,0,0,0,0,0,0,0,0,0,0,0,0,1,1,1,1,1,1,1,1,1,1,1,1,1,1,1,1,1,1,1,1,1,1,1,1,1,1,0,0,0,0,0,0,0,0,,,,,,,,,,,,,,,,,,,,,,,,,,,,,,,,,,,,,,,,,,,,,,,,
10637,1200,11061,11063,,0,0,0,0,0,0,0,0,0,0,0,0,0,0,0,1,1,1,1,1,1,1,1,1,1,1,1,1,1,1,1,1,1,1,1,1,1,1,1,0,0,0,0,0,0,0,0,0,0,,,,,,,,,,,,,,,,,,,,,,,,,,,,,,,,,,,,,,,,,,,,,,,,
10638,600,,10946,,0,0,0,0,0,0,0,0,0,0,0,0,0,0,0,1,1,1,1,1,1,1,1,1,1,1,1,1,1,1,1,1,1,1,1,1,1,1,1,1,1,0,0,0,0,0,0,0,0,,,,,,,,,,,,,,,,,,,,,,,,,,,,,,,,,,,,,,,,,,,,,,,,
10639,600,11105,,,0,0,0,0,0,0,0,0,0,0,0,0,0,0,0,1,1,2,2,2,2,2,2,1,1,1,1,1,1,1,1,1,1,1,1,2,2,1,1,1,1,0,0,0,0,0,0,0,0,,,,,,,,,,,,,,,,,,,,,,,,,,,,,,,,,,,,,,,,,,,,,,,,
10640,300,11099,,,0,0,0,0,0,0,0,0,0,0,0,0,0,0,0,1,1,1,1,1,1,1,1,1,1,1,1,1,1,1,1,1,1,1,1,1,1,1,1,0,0,0,0,0,0,0,0,0,0,,,,,,,,,,,,,,,,,,,,,,,,,,,,,,,,,,,,,,,,,,,,,,,,
10641,3500,11117,,,0,54,54,56,56,39,39,42,42,50,50,54,54,149,149,956,956,1147,1147,1075,1075,1033,1033,954,954,866,866,918,918,901,901,917,917,943,943,993,993,901,901,419,419,269,269,182,182,132,132,67,67,,,,,,,,,,,,,,,,,,,,,,,,,,,,,,,,,,,,,,,,,,,,,,,,
10642,2500,11105,,,0,54,54,54,54,38,38,41,41,48,48,53,53,149,149,1126,1126,1279,1279,1185,1185,1176,1176,1064,1064,1030,1030,978,978,1073,1073,1075,1075,1072,1072,1157,1157,1124,1124,530,530,326,326,208,208,152,152,86,86,,,,,,,,,,,,,,,,,,,,,,,,,,,,,,,,,,,,,,,,,,,,,,,,
10643,300,11081,,,0,0,0,0,0,0,0,0,0,0,0,0,0,1,1,5,5,6,6,5,5,5,5,5,5,4,4,4,4,4,4,4,4,5,5,5,5,4,4,2,2,1,1,1,1,1,1,0,0,,,,,,,,,,,,,,,,,,,,,,,,,,,,,,,,,,,,,,,,,,,,,,,,
10644,300,10647,,,0,0,0,0,0,0,0,0,0,0,0,0,0,0,0,0,0,0,0,0,0,0,0,0,0,0,0,0,0,0,0,0,0,0,0,0,0,0,0,0,0,0,0,0,0,0,0,0,0,,,,,,,,,,,,,,,,,,,,,,,,,,,,,,,,,,,,,,,,,,,,,,,,
10645,800,,10633,,0,33,33,31,31,22,22,23,23,26,26,31,31,88,88,1055,1055,1119,1119,1058,1058,1080,1080,966,966,980,980,861,861,1008,1008,1021,1021,988,988,1080,1080,1096,1096,421,421,249,249,150,150,110,110,68,68,,,,,,,,,,,,,,,,,,,,,,,,,,,,,,,,,,,,,,,,,,,,,,,,
10646,1200,10949,10604,,0,0,0,0,0,0,0,0,0,0,0,0,0,0,0,0,0,0,0,0,0,0,0,0,0,0,0,0,0,0,0,0,0,0,0,0,0,0,0,0,0,0,0,0,0,0,0,0,0,,,,,,,,,,,,,,,,,,,,,,,,,,,,,,,,,,,,,,,,,,,,,,,,
10647,600,11059,11053,10644,1,0,0,0,0,0,0,0,0,0,0,0,0,0,0,2,2,2,2,2,2,2,2,2,2,1,1,1,1,2,2,2,2,2,2,2,2,2,2,1,1,0,0,0,0,0,0,0,0,,,,,,,,,,,,,,,,,,,,,,,,,,,,,,,,,,,,,,,,,,,,,,,,
10648,1200,11103,,,0,0,0,0,0,0,0,0,0,0,0,0,0,0,0,2,2,2,2,2,2,2,2,2,2,1,1,1,1,2,2,2,2,2,2,2,2,2,2,1,1,0,0,0,0,0,0,0,0,,,,,,,,,,,,,,,,,,,,,,,,,,,,,,,,,,,,,,,,,,,,,,,,
10649,300,,10993,,0,0,0,0,0,0,0,0,0,0,0,0,0,0,0,1,1,1,1,1,1,1,1,1,1,1,1,1,1,1,1,1,1,1,1,1,1,1,1,0,0,0,0,0,0,0,0,0,0,,,,,,,,,,,,,,,,,,,,,,,,,,,,,,,,,,,,,,,,,,,,,,,,
10650,400,11051,10671,,0,0,0,0,0,0,0,0,0,0,0,0,0,0,0,1,1,1,1,1,1,1,1,1,1,1,1,1,1,1,1,1,1,1,1,1,1,1,1,0,0,0,0,0,0,0,0,0,0,,,,,,,,,,,,,,,,,,,,,,,,,,,,,,,,,,,,,,,,,,,,,,,,
10651,600,10941,,,0,0,0,0,0,0,0,0,0,0,0,0,0,0,0,1,1,1,1,1,1,1,1,1,1,0,0,0,0,1,1,1,1,1,1,1,1,1,1,0,0,0,0,0,0,0,0,0,0,,,,,,,,,,,,,,,,,,,,,,,,,,,,,,,,,,,,,,,,,,,,,,,,
10652,300,10957,10955,,0,0,0,0,0,0,0,0,0,0,0,0,0,0,0,1,1,1,1,1,1,1,1,1,1,1,1,1,1,1,1,1,1,1,1,1,1,1,1,0,0,0,0,0,0,0,0,0,0,,,,,,,,,,,,,,,,,,,,,,,,,,,,,,,,,,,,,,,,,,,,,,,,
10653,800,10997,10995,,0,0,0,0,0,0,0,0,0,0,0,0,0,0,0,1,1,1,1,1,1,1,1,1,1,1,1,1,1,1,1,1,1,1,1,1,1,1,1,0,0,0,0,0,0,0,0,0,0,,,,,,,,,,,,,,,,,,,,,,,,,,,,,,,,,,,,,,,,,,,,,,,,
10654,3500,10951,10935,,0,54,54,54,54,38,38,41,41,48,48,53,53,149,149,1126,1126,1279,1279,1185,1185,1176,1176,1064,1064,1030,1030,978,978,1073,1073,1075,1075,1072,1072,1157,1157,1124,1124,530,530,326,326,208,208,152,152,86,86,,,,,,,,,,,,,,,,,,,,,,,,,,,,,,,,,,,,,,,,,,,,,,,,
10655,600,,10946,,0,0,0,0,0,0,0,0,0,0,0,0,0,0,0,1,1,1,1,1,1,1,1,1,1,1,1,1,1,1,1,1,1,1,1,1,1,1,1,1,1,0,0,0,0,0,0,0,0,,,,,,,,,,,,,,,,,,,,,,,,,,,,,,,,,,,,,,,,,,,,,,,,
10656,300,11127,11129,,0,0,0,0,0,0,0,0,0,0,0,0,0,0,0,2,2,2,2,2,2,2,2,2,2,2,2,2,2,2,2,2,2,2,2,2,2,2,2,1,1,1,1,0,0,0,0,0,0,,,,,,,,,,,,,,,,,,,,,,,,,,,,,,,,,,,,,,,,,,,,,,,,
10657,1200,11093,11129,,0,0,0,0,0,0,0,0,0,0,0,0,0,0,0,2,2,2,2,2,2,2,2,2,2,1,1,1,1,2,2,2,2,2,2,2,2,2,2,1,1,0,0,0,0,0,0,0,0,,,,,,,,,,,,,,,,,,,,,,,,,,,,,,,,,,,,,,,,,,,,,,,,
10658,3500,11127,10995,,0,54,54,54,54,38,38,41,41,48,48,53,53,149,149,1126,1126,1279,1279,1185,1185,1176,1176,1064,1064,1030,1030,978,978,1073,1073,1075,1075,1072,1072,1157,1157,1124,1124,530,530,326,326,208,208,152,152,86,86,,,,,,,,,,,,,,,,,,,,,,,,,,,,,,,,,,,,,,,,,,,,,,,,
10659,3000,10766,11115,,0,54,54,54,54,38,38,41,41,48,48,53,53,149,149,1126,1126,1279,1279,1185,1185,1176,1176,1064,1064,1030,1030,978,978,1073,1073,1075,1075,1072,1072,1157,1157,1124,1124,530,530,326,326,208,208,152,152,86,86,,,,,,,,,,,,,,,,,,,,,,,,,,,,,,,,,,,,,,,,,,,,,,,,
10660,300,,11306,,0,0,0,0,0,0,0,0,0,0,0,0,0,0,0,2,2,2,2,2,2,2,2,2,2,2,2,2,2,2,2,2,2,2,2,2,2,2,2,1,1,1,1,0,0,0,0,0,0,,,,,,,,,,,,,,,,,,,,,,,,,,,,,,,,,,,,,,,,,,,,,,,,
10661,1200,,10988,,0,0,0,0,0,0,0,0,0,0,0,0,0,0,0,1,1,2,2,1,1,1,1,1,1,1,1,1,1,1,1,1,1,1,1,1,1,1,1,1,1,0,0,0,0,0,0,0,0,,,,,,,,,,,,,,,,,,,,,,,,,,,,,,,,,,,,,,,,,,,,,,,,
10662,3500,7702,10944,,0,36,36,36,36,26,26,27,27,32,32,35,35,99,99,1130,1130,1253,1253,1218,1218,1203,1203,1099,1099,1048,1048,1034,1034,1066,1066,1110,1110,1105,1105,1175,1175,1113,1113,353,353,217,217,139,139,102,102,57,57,,,,,,,,,,,,,,,,,,,,,,,,,,,,,,,,,,,,,,,,,,,,,,,,
10663,800,10991,,,0,0,0,0,0,0,0,0,0,0,0,0,0,0,0,1,1,1,1,1,1,1,1,1,1,1,1,1,1,1,1,1,1,1,1,1,1,1,1,1,1,0,0,0,0,0,0,0,0,,,,,,,,,,,,,,,,,,,,,,,,,,,,,,,,,,,,,,,,,,,,,,,,
10664,300,,10933,,0,0,0,0,0,0,0,0,0,0,0,0,0,0,0,1,1,1,1,1,1,1,1,1,1,1,1,1,1,1,1,1,1,1,1,1,1,1,1,1,1,0,0,0,0,0,0,0,0,,,,,,,,,,,,,,,,,,,,,,,,,,,,,,,,,,,,,,,,,,,,,,,,
10665,800,,11306,,0,0,0,0,0,0,0,0,0,0,0,0,0,0,0,2,2,2,2,2,2,2,2,1,1,1,1,1,1,1,1,1,1,1,1,2,2,1,1,1,1,0,0,0,0,0,0,0,0,,,,,,,,,,,,,,,,,,,,,,,,,,,,,,,,,,,,,,,,,,,,,,,,
10666,1500,11137,,,0,67,67,70,70,49,49,53,53,62,62,67,67,186,186,910,910,1134,1134,1023,1023,977,977,900,900,812,812,861,861,864,864,851,851,886,886,939,939,854,854,524,524,336,336,227,227,165,165,84,84,,,,,,,,,,,,,,,,,,,,,,,,,,,,,,,,,,,,,,,,,,,,,,,,
10667,1200,11017,11019,,0,0,0,0,0,0,0,0,0,0,0,0,0,0,0,1,1,2,2,1,1,1,1,1,1,1,1,1,1,1,1,1,1,1,1,1,1,1,1,1,1,0,0,0,0,0,0,0,0,,,,,,,,,,,,,,,,,,,,,,,,,,,,,,,,,,,,,,,,,,,,,,,,
10668,300,11139,,,0,0,0,0,0,0,0,0,0,0,0,0,0,0,0,1,1,1,1,1,1,1,1,1,1,1,1,1,1,1,1,1,1,1,1,1,1,1,1,1,1,0,0,0,0,0,0,0,0,,,,,,,,,,,,,,,,,,,,,,,,,,,,,,,,,,,,,,,,,,,,,,,,
10669,300,10961,10963,,0,0,0,0,0,0,0,0,0,0,0,0,0,0,0,0,0,1,1,0,0,0,0,0,0,0,0,0,0,0,0,0,0,0,0,0,0,0,0,0,0,0,0,0,0,0,0,0,0,,,,,,,,,,,,,,,,,,,,,,,,,,,,,,,,,,,,,,,,,,,,,,,,
10670,2500,,11142,,0,42,42,39,39,28,28,29,29,34,34,39,39,112,112,1343,1343,1424,1424,1347,1347,1375,1375,1229,1229,1247,1247,1096,1096,1282,1282,1299,1299,1257,1257,1375,1375,1394,1394,536,536,316,316,190,190,140,140,87,87,,,,,,,,,,,,,,,,,,,,,,,,,,,,,,,,,,,,,,,,,,,,,,,,
10671,2000,10991,10650,,0,67,67,70,70,49,49,53,53,62,62,67,67,186,186,910,910,1134,1134,1023,1023,977,977,900,900,812,812,861,861,864,864,851,851,886,886,939,939,854,854,524,524,336,336,227,227,165,165,84,84,,,,,,,,,,,,,,,,,,,,,,,,,,,,,,,,,,,,,,,,,,,,,,,,
10672,2500,11111,11135,,0,67,67,70,70,49,49,53,53,62,62,67,67,186,186,910,910,1134,1134,1023,1023,977,977,900,900,812,812,861,861,864,864,851,851,886,886,939,939,854,854,524,524,336,336,227,227,165,165,84,84,,,,,,,,,,,,,,,,,,,,,,,,,,,,,,,,,,,,,,,,,,,,,,,,
10673,1200,10941,10961,,0,0,0,0,0,0,0,0,0,0,0,0,0,0,0,0,0,0,0,0,0,0,0,0,0,0,0,0,0,0,0,0,0,0,0,0,0,0,0,0,0,0,0,0,0,0,0,0,0,,,,,,,,,,,,,,,,,,,,,,,,,,,,,,,,,,,,,,,,,,,,,,,,
10674,4000,11091,,,0,67,67,70,70,49,49,53,53,62,62,67,67,186,186,910,910,1134,1134,1023,1023,977,977,900,900,812,812,861,861,864,864,851,851,886,886,939,939,854,854,524,524,336,336,227,227,165,165,84,84,,,,,,,,,,,,,,,,,,,,,,,,,,,,,,,,,,,,,,,,,,,,,,,,
10675,4400,11139,10981,,0,67,67,70,70,49,49,53,53,62,62,67,67,186,186,910,910,1134,1134,1023,1023,977,977,900,900,812,812,861,861,864,864,851,851,886,886,939,939,854,854,524,524,336,336,227,227,165,165,84,84,,,,,,,,,,,,,,,,,,,,,,,,,,,,,,,,,,,,,,,,,,,,,,,,
10676,1200,,10979,,0,0,0,0,0,0,0,0,0,0,0,0,0,0,0,2,2,2,2,2,2,2,2,2,2,2,2,2,2,2,2,2,2,2,2,2,2,2,2,1,1,1,1,0,0,0,0,0,0,,,,,,,,,,,,,,,,,,,,,,,,,,,,,,,,,,,,,,,,,,,,,,,,
10677,4000,11137,11113,,0,54,54,54,54,38,38,41,41,48,48,53,53,149,149,1126,1126,1279,1279,1185,1185,1176,1176,1064,1064,1030,1030,978,978,1073,1073,1075,1075,1072,1072,1157,1157,1124,1124,530,530,326,326,208,208,152,152,86,86,,,,,,,,,,,,,,,,,,,,,,,,,,,,,,,,,,,,,,,,,,,,,,,,
10678,800,,10929,,0,0,0,0,0,0,0,0,0,0,0,0,0,0,0,4,4,5,5,4,4,4,4,4,4,4,4,4,4,4,4,4,4,4,4,4,4,4,4,2,2,1,1,1,1,1,1,0,0,,,,,,,,,,,,,,,,,,,,,,,,,,,,,,,,,,,,,,,,,,,,,,,,
10679,1200,10985,,,0,0,0,0,0,0,0,0,0,0,0,0,0,0,0,1,1,1,1,1,1,1,1,1,1,1,1,1,1,1,1,1,1,1,1,1,1,1,1,0,0,0,0,0,0,0,0,0,0,,,,,,,,,,,,,,,,,,,,,,,,,,,,,,,,,,,,,,,,,,,,,,,,
10680,1200,,10983,,0,0,0,0,0,0,0,0,0,0,0,0,0,0,0,1,1,1,1,1,1,1,1,1,1,1,1,1,1,1,1,1,1,1,1,1,1,1,1,0,0,0,0,0,0,0,0,0,0,,,,,,,,,,,,,,,,,,,,,,,,,,,,,,,,,,,,,,,,,,,,,,,,
10681,2500,10979,10981,,0,67,67,70,70,49,49,53,53,62,62,67,67,186,186,910,910,1134,1134,1023,1023,977,977,900,900,812,812,861,861,864,864,851,851,886,886,939,939,854,854,524,524,336,336,227,227,165,165,84,84,,,,,,,,,,,,,,,,,,,,,,,,,,,,,,,,,,,,,,,,,,,,,,,,
10682,600,10683,,,0,0,0,0,0,0,0,0,0,0,0,0,0,0,0,1,1,1,1,1,1,1,1,1,1,1,1,1,1,1,1,1,1,1,1,1,1,1,1,0,0,0,0,0,0,0,0,0,0,,,,,,,,,,,,,,,,,,,,,,,,,,,,,,,,,,,,,,,,,,,,,,,,
10683,300,10682,10928,10685;10695,2,0,0,0,0,0,0,0,0,0,0,0,0,0,0,1,1,1,1,1,1,1,1,1,1,1,1,1,1,1,1,1,1,1,1,1,1,1,1,0,0,0,0,0,0,0,0,0,0,,,,,,,,,,,,,,,,,,,,,,,,,,,,,,,,,,,,,,,,,,,,,,,,
10684,3000,10539,11121,,0,54,54,56,56,39,39,42,42,50,50,54,54,149,149,956,956,1147,1147,1075,1075,1033,1033,954,954,866,866,918,918,901,901,917,917,943,943,993,993,901,901,419,419,269,269,182,182,132,132,67,67,,,,,,,,,,,,,,,,,,,,,,,,,,,,,,,,,,,,,,,,,,,,,,,,
10685,600,10683,,,0,0,0,0,0,0,0,0,0,0,0,0,0,0,0,0,0,1,1,0,0,0,0,0,0,0,0,0,0,0,0,0,0,0,0,0,0,0,0,0,0,0,0,0,0,0,0,0,0,,,,,,,,,,,,,,,,,,,,,,,,,,,,,,,,,,,,,,,,,,,,,,,,
10686,300,10968,,10967,1,0,0,0,0,0,0,0,0,0,0,0,0,0,0,1,1,1,1,1,1,1,1,1,1,1,1,1,1,1,1,1,1,1,1,1,1,1,1,0,0,0,0,0,0,0,0,0,0,,,,,,,,,,,,,,,,,,,,,,,,,,,,,,,,,,,,,,,,,,,,,,,,
10687,600,10927,,,0,0,0,0,0,0,0,0,0,0,0,0,0,0,0,1,1,1,1,1,1,1,1,1,1,1,1,1,1,1,1,1,1,1,1,1,1,1,1,1,1,0,0,0,0,0,0,0,0,,,,,,,,,,,,,,,,,,,,,,,,,,,,,,,,,,,,,,,,,,,,,,,,
10688,1600,11107,10691,,0,0,0,0,0,0,0,0,0,0,0,0,0,0,0,1,1,1,1,1,1,1,1,1,1,1,1,1,1,1,1,1,1,1,1,1,1,1,1,1,1,0,0,0,0,0,0,0,0,,,,,,,,,,,,,,,,,,,,,,,,,,,,,,,,,,,,,,,,,,,,,,,,
10689,1200,,10691,,0,0,0,0,0,0,0,0,0,0,0,0,0,0,0,0,0,1,1,1,1,1,1,0,0,0,0,0,0,0,0,0,0,0,0,1,1,0,0,0,0,0,0,0,0,0,0,0,0,,,,,,,,,,,,,,,,,,,,,,,,,,,,,,,,,,,,,,,,,,,,,,,,
10690,1200,10977,,,0,0,0,0,0,0,0,0,0,0,0,0,0,0,0,2,2,2,2,2,2,2,2,2,2,2,2,1,1,2,2,2,2,2,2,2,2,2,2,1,1,0,0,0,0,0,0,0,0,,,,,,,,,,,,,,,,,,,,,,,,,,,,,,,,,,,,,,,,,,,,,,,,
10691,1200,10689,11066,10688;10707,2,0,0,0,0,0,0,0,0,0,0,0,0,0,0,1,1,1,1,1,1,1,1,1,1,1,1,1,1,1,1,1,1,1,1,1,1,1,1,0,0,0,0,0,0,0,0,0,0,,,,,,,,,,,,,,,,,,,,,,,,,,,,,,,,,,,,,,,,,,,,,,,,
10692,4000,,11141,11140,1,67,67,70,70,49,49,53,53,62,62,67,67,186,186,910,910,1134,1134,1023,1023,977,977,900,900,812,812,861,861,864,864,851,851,886,886,939,939,854,854,524,524,336,336,227,227,165,165,84,84,,,,,,,,,,,,,,,,,,,,,,,,,,,,,,,,,,,,,,,,,,,,,,,,
10693,1200,11131,11071,,0,0,0,0,0,0,0,0,0,0,0,0,0,0,0,1,1,2,2,1,1,1,1,1,1,1,1,1,1,1,1,1,1,1,1,1,1,1,1,1,1,0,0,0,0,0,0,0,0,,,,,,,,,,,,,,,,,,,,,,,,,,,,,,,,,,,,,,,,,,,,,,,,
10694,4400,10701,11079,,0,42,42,39,39,28,28,29,29,34,34,39,39,112,112,1343,1343,1424,1424,1347,1347,1375,1375,1229,1229,1247,1247,1096,1096,1282,1282,1299,1299,1257,1257,1375,1375,1394,1394,536,536,316,316,190,190,140,140,87,87,,,,,,,,,,,,,,,,,,,,,,,,,,,,,,,,,,,,,,,,,,,,,,,,
10695,800,10683,10927,,0,0,0,0,0,0,0,0,0,0,0,0,0,0,0,1,1,1,1,1,1,1,1,1,1,1,1,1,1,1,1,1,1,1,1,1,1,1,1,0,0,0,0,0,0,0,0,0,0,,,,,,,,,,,,,,,,,,,,,,,,,,,,,,,,,,,,,,,,,,,,,,,,
10696,800,11075,,,0,0,0,0,0,0,0,0,0,0,0,0,0,1,1,9,9,9,9,9,9,9,9,8,8,8,8,7,7,8,8,8,8,8,8,9,9,9,9,3,3,2,2,1,1,1,1,1,1,,,,,,,,,,,,,,,,,,,,,,,,,,,,,,,,,,,,,,,,,,,,,,,,
10697,800,10701,11073,,0,0,0,0,0,0,0,0,0,0,0,0,0,0,0,3,3,3,3,3,3,3,3,3,3,3,3,2,2,3,3,3,3,3,3,3,3,3,3,1,1,1,1,0,0,0,0,0,0,,,,,,,,,,,,,,,,,,,,,,,,,,,,,,,,,,,,,,,,,,,,,,,,
10698,2500,10973,10987,,0,67,67,70,70,49,49,53,53,62,62,67,67,186,186,910,910,1134,1134,1023,1023,977,977,900,900,812,812,861,861,864,864,851,851,886,886,939,939,854,854,524,524,336,336,227,227,165,165,84,84,,,,,,,,,,,,,,,,,,,,,,,,,,,,,,,,,,,,,,,,,,,,,,,,
10699,800,10959,10700,,0,0,0,0,0,0,0,0,0,0,0,0,0,0,0,1,1,1,1,1,1,1,1,1,1,1,1,1,1,1,1,1,1,1,1,1,1,1,1,0,0,0,0,0,0,0,0,0,0,,,,,,,,,,,,,,,,,,,,,,,,,,,,,,,,,,,,,,,,,,,,,,,,
107,1200,510,110,,0,0,0,0,0,0,0,0,0,0,0,0,0,1,1,5,5,6,6,5,5,5,5,5,5,4,4,5,5,5,5,5,5,5,5,5,5,5,5,2,2,1,1,1,1,1,1,0,0,,,,,,,,,,,,,,,,,,,,,,,,,,,,,,,,,,,,,,,,,,,,,,,,
10700,400,10699,10727,10924;10706,2,0,0,0,0,0,0,0,0,0,0,0,0,0,0,1,1,1,1,1,1,1,1,1,1,1,1,1,1,1,1,1,1,1,1,1,1,1,1,1,1,0,0,0,0,0,0,0,0,,,,,,,,,,,,,,,,,,,,,,,,,,,,,,,,,,,,,,,,,,,,,,,,
10701,1200,10697,10694,11074;10713,2,0,0,0,0,0,0,0,0,0,0,0,0,0,0,5,5,5,5,5,5,5,5,5,5,5,5,4,4,5,5,5,5,5,5,5,5,5,5,2,2,1,1,1,1,1,1,0,0,,,,,,,,,,,,,,,,,,,,,,,,,,,,,,,,,,,,,,,,,,,,,,,,
10702,800,7698,10925,,0,0,0,0,0,0,0,0,0,0,0,0,0,0,0,4,4,5,5,4,4,4,4,4,4,4,4,4,4,4,4,4,4,4,4,4,4,4,4,2,2,1,1,1,1,1,1,0,0,,,,,,,,,,,,,,,,,,,,,,,,,,,,,,,,,,,,,,,,,,,,,,,,
10703,1600,11077,11075,,0,0,0,0,0,0,0,0,0,0,0,0,0,0,0,6,6,6,6,6,6,6,6,5,5,5,5,5,5,5,5,5,5,5,5,6,6,6,6,2,2,1,1,1,1,1,1,0,0,,,,,,,,,,,,,,,,,,,,,,,,,,,,,,,,,,,,,,,,,,,,,,,,
10704,1200,,10816,,0,0,0,0,0,0,0,0,0,0,0,0,0,0,0,0,0,0,0,0,0,0,0,0,0,0,0,0,0,0,0,0,0,0,0,0,0,0,0,0,0,0,0,0,0,0,0,0,0,,,,,,,,,,,,,,,,,,,,,,,,,,,,,,,,,,,,,,,,,,,,,,,,
10705,1200,10833,,,0,0,0,0,0,0,0,0,0,0,0,0,0,0,0,1,1,1,1,1,1,1,1,1,1,0,0,0,0,1,1,1,1,1,1,1,1,1,1,0,0,0,0,0,0,0,0,0,0,,,,,,,,,,,,,,,,,,,,,,,,,,,,,,,,,,,,,,,,,,,,,,,,
10706,600,,10700,,0,0,0,0,0,0,0,0,0,0,0,0,0,0,0,1,1,2,2,2,2,2,2,1,1,1,1,1,1,1,1,1,1,1,1,2,2,1,1,1,1,0,0,0,0,0,0,0,0,,,,,,,,,,,,,,,,,,,,,,,,,,,,,,,,,,,,,,,,,,,,,,,,
10707,4400,10691,10868,,0,67,67,70,70,49,49,53,53,62,62,67,67,186,186,910,910,1134,1134,1023,1023,977,977,900,900,812,812,861,861,864,864,851,851,886,886,939,939,854,854,524,524,336,336,227,227,165,165,84,84,,,,,,,,,,,,,,,,,,,,,,,,,,,,,,,,,,,,,,,,,,,,,,,,
10708,1200,10814,10816,,0,0,0,0,0,0,0,0,0,0,0,0,0,0,0,0,0,0,0,0,0,0,0,0,0,0,0,0,0,0,0,0,0,0,0,0,0,0,0,0,0,0,0,0,0,0,0,0,0,,,,,,,,,,,,,,,,,,,,,,,,,,,,,,,,,,,,,,,,,,,,,,,,
10709,1200,10921,,,0,0,0,0,0,0,0,0,0,0,0,0,0,0,0,1,1,1,1,1,1,1,1,1,1,1,1,1,1,1,1,1,1,1,1,1,1,1,1,0,0,0,0,0,0,0,0,0,0,,,,,,,,,,,,,,,,,,,,,,,,,,,,,,,,,,,,,,,,,,,,,,,,
10710,1600,11069,10871,,0,0,0,0,0,0,0,0,0,0,0,0,0,0,0,1,1,1,1,1,1,1,1,1,1,1,1,1,1,1,1,1,1,1,1,1,1,1,1,0,0,0,0,0,0,0,0,0,0,,,,,,,,,,,,,,,,,,,,,,,,,,,,,,,,,,,,,,,,,,,,,,,,
10711,1200,10833,10971,,0,0,0,0,0,0,0,0,0,0,0,0,0,0,0,1,1,1,1,1,1,1,1,0,0,0,0,0,0,0,0,0,0,0,0,1,1,0,0,0,0,0,0,0,0,0,0,0,0,,,,,,,,,,,,,,,,,,,,,,,,,,,,,,,,,,,,,,,,,,,,,,,,
10712,1600,10873,11073,,0,33,33,31,31,22,22,23,23,26,26,31,31,88,88,1055,1055,1119,1119,1058,1058,1080,1080,966,966,980,980,861,861,1008,1008,1021,1021,988,988,1080,1080,1096,1096,421,421,249,249,150,150,110,110,68,68,,,,,,,,,,,,,,,,,,,,,,,,,,,,,,,,,,,,,,,,,,,,,,,,
10713,800,10701,10718,,0,0,0,0,0,0,0,0,0,0,0,0,0,0,0,3,3,4,4,3,3,3,3,3,3,3,3,3,3,3,3,3,3,3,3,3,3,4,4,1,1,1,1,0,0,0,0,0,0,,,,,,,,,,,,,,,,,,,,,,,,,,,,,,,,,,,,,,,,,,,,,,,,
10714,1200,10812,10820,,0,0,0,0,0,0,0,0,0,0,0,0,0,0,0,1,1,1,1,1,1,1,1,1,1,1,1,1,1,1,1,1,1,1,1,1,1,1,1,0,0,0,0,0,0,0,0,0,0,,,,,,,,,,,,,,,,,,,,,,,,,,,,,,,,,,,,,,,,,,,,,,,,
10715,1200,10794,,,0,0,0,0,0,0,0,0,0,0,0,0,0,0,0,2,2,2,2,2,2,2,2,2,2,2,2,1,1,2,2,2,2,2,2,2,2,2,2,1,1,0,0,0,0,0,0,0,0,,,,,,,,,,,,,,,,,,,,,,,,,,,,,,,,,,,,,,,,,,,,,,,,
10716,800,10873,10718,,0,0,0,0,0,0,0,0,0,0,0,0,0,0,0,2,2,2,2,2,2,2,2,2,2,2,2,2,2,2,2,2,2,2,2,2,2,2,2,1,1,1,1,0,0,0,0,0,0,,,,,,,,,,,,,,,,,,,,,,,,,,,,,,,,,,,,,,,,,,,,,,,,
10717,4400,11142,,,0,42,42,39,39,28,28,29,29,34,34,39,39,112,112,1343,1343,1424,1424,1347,1347,1375,1375,1229,1229,1247,1247,1096,1096,1282,1282,1299,1299,1257,1257,1375,1375,1394,1394,536,536,316,316,190,190,140,140,87,87,,,,,,,,,,,,,,,,,,,,,,,,,,,,,,,,,,,,,,,,,,,,,,,,
10718,1600,10716,10721,10713;10902,2,0,0,0,0,0,0,0,0,0,0,0,0,1,1,10,10,10,10,10,10,10,10,9,9,9,9,8,8,9,9,9,9,9,9,10,10,10,10,4,4,2,2,1,1,1,1,1,1,,,,,,,,,,,,,,,,,,,,,,,,,,,,,,,,,,,,,,,,,,,,,,,,
10719,2500,10851,,,0,67,67,70,70,49,49,53,53,62,62,67,67,186,186,910,910,1134,1134,1023,1023,977,977,900,900,812,812,861,861,864,864,851,851,886,886,939,939,854,854,524,524,336,336,227,227,165,165,84,84,,,,,,,,,,,,,,,,,,,,,,,,,,,,,,,,,,,,,,,,,,,,,,,,
10720,1200,10971,10827,10829,1,0,0,0,0,0,0,0,0,0,0,0,0,0,0,0,0,0,0,0,0,0,0,0,0,0,0,0,0,0,0,0,0,0,0,0,0,0,0,0,0,0,0,0,0,0,0,0,0,,,,,,,,,,,,,,,,,,,,,,,,,,,,,,,,,,,,,,,,,,,,,,,,
10721,1200,10718,10896,,0,0,0,0,0,0,0,0,0,0,0,0,0,0,0,4,4,4,4,4,4,4,4,3,3,3,3,3,3,4,4,4,4,3,3,4,4,4,4,1,1,1,1,1,1,0,0,0,0,,,,,,,,,,,,,,,,,,,,,,,,,,,,,,,,,,,,,,,,,,,,,,,,
10722,1200,10822,10824,,0,0,0,0,0,0,0,0,0,0,0,0,0,0,0,2,2,2,2,2,2,2,2,2,2,2,2,2,2,2,2,2,2,2,2,2,2,2,2,1,1,1,1,0,0,0,0,0,0,,,,,,,,,,,,,,,,,,,,,,,,,,,,,,,,,,,,,,,,,,,,,,,,
10723,4400,10849,10837,,0,67,67,70,70,49,49,53,53,62,62,67,67,186,186,910,910,1134,1134,1023,1023,977,977,900,900,812,812,861,861,864,864,851,851,886,886,939,939,854,854,524,524,336,336,227,227,165,165,84,84,,,,,,,,,,,,,,,,,,,,,,,,,,,,,,,,,,,,,,,,,,,,,,,,
10724,2500,10905,10893,,0,42,42,39,39,28,28,29,29,34,34,39,39,112,112,1343,1343,1424,1424,1347,1347,1375,1375,1229,1229,1247,1247,1096,1096,1282,1282,1299,1299,1257,1257,1375,1375,1394,1394,536,536,316,316,190,190,140,140,87,87,,,,,,,,,,,,,,,,,,,,,,,,,,,,,,,,,,,,,,,,,,,,,,,,
10725,600,10849,,,0,0,0,0,0,0,0,0,0,0,0,0,0,0,0,2,2,2,2,2,2,2,2,2,2,2,2,1,1,2,2,2,2,2,2,2,2,2,2,1,1,0,0,0,0,0,0,0,0,,,,,,,,,,,,,,,,,,,,,,,,,,,,,,,,,,,,,,,,,,,,,,,,
10726,2500,10792,10810,,0,67,67,70,70,49,49,53,53,62,62,67,67,186,186,910,910,1134,1134,1023,1023,977,977,900,900,812,812,861,861,864,864,851,851,886,886,939,939,854,854,524,524,336,336,227,227,165,165,84,84,,,,,,,,,,,,,,,,,,,,,,,,,,,,,,,,,,,,,,,,,,,,,,,,
10727,3500,10700,10794,,0,67,67,70,70,49,49,53,53,62,62,67,67,186,186,910,910,1134,1134,1023,1023,977,977,900,900,812,812,861,861,864,864,851,851,886,886,939,939,854,854,524,524,336,336,227,227,165,165,84,84,,,,,,,,,,,,,,,,,,,,,,,,,,,,,,,,,,,,,,,,,,,,,,,,
10728,300,10729,,,0,0,0,0,0,0,0,0,0,0,0,0,0,0,0,1,1,1,1,1,1,1,1,1,1,1,1,1,1,1,1,1,1,1,1,1,1,1,1,1,1,0,0,0,0,0,0,0,0,,,,,,,,,,,,,,,,,,,,,,,,,,,,,,,,,,,,,,,,,,,,,,,,
10729,300,10752,7497,10791;10728,2,0,0,0,0,0,0,0,0,0,0,0,0,0,0,1,1,1,1,1,1,1,1,1,1,1,1,1,1,1,1,1,1,1,1,1,1,1,1,1,1,0,0,0,0,0,0,0,0,,,,,,,,,,,,,,,,,,,,,,,,,,,,,,,,,,,,,,,,,,,,,,,,
10730,300,10822,,,0,0,0,0,0,0,0,0,0,0,0,0,0,0,0,1,1,1,1,1,1,1,1,1,1,1,1,1,1,1,1,1,1,1,1,1,1,1,1,1,1,0,0,0,0,0,0,0,0,,,,,,,,,,,,,,,,,,,,,,,,,,,,,,,,,,,,,,,,,,,,,,,,
10731,300,,10847,,0,0,0,0,0,0,0,0,0,0,0,0,0,0,0,1,1,1,1,1,1,1,1,1,1,1,1,1,1,1,1,1,1,1,1,1,1,1,1,0,0,0,0,0,0,0,0,0,0,,,,,,,,,,,,,,,,,,,,,,,,,,,,,,,,,,,,,,,,,,,,,,,,
10732,4400,10903,,10901,1,67,67,70,70,49,49,53,53,62,62,67,67,186,186,910,910,1134,1134,1023,1023,977,977,900,900,812,812,861,861,864,864,851,851,886,886,939,939,854,854,524,524,336,336,227,227,165,165,84,84,,,,,,,,,,,,,,,,,,,,,,,,,,,,,,,,,,,,,,,,,,,,,,,,
10733,1600,10845,10828,,0,0,0,0,0,0,0,0,0,0,0,0,0,0,0,1,1,1,1,1,1,1,1,1,1,1,1,1,1,1,1,1,1,1,1,1,1,1,1,0,0,0,0,0,0,0,0,0,0,,,,,,,,,,,,,,,,,,,,,,,,,,,,,,,,,,,,,,,,,,,,,,,,
10734,2500,10959,,,0,67,67,70,70,49,49,53,53,62,62,67,67,186,186,910,910,1134,1134,1023,1023,977,977,900,900,812,812,861,861,864,864,851,851,886,886,939,939,854,854,524,524,336,336,227,227,165,165,84,84,,,,,,,,,,,,,,,,,,,,,,,,,,,,,,,,,,,,,,,,,,,,,,,,
10735,1600,10901,10903,,0,0,0,0,0,0,0,0,0,0,0,0,0,1,1,9,9,10,10,9,9,9,9,8,8,8,8,7,7,9,9,9,9,8,8,9,9,9,9,4,4,2,2,1,1,1,1,1,1,,,,,,,,,,,,,,,,,,,,,,,,,,,,,,,,,,,,,,,,,,,,,,,,
10736,1200,10865,10863,,0,0,0,0,0,0,0,0,0,0,0,0,0,0,0,1,1,1,1,1,1,1,1,1,1,1,1,1,1,1,1,1,1,1,1,1,1,1,1,0,0,0,0,0,0,0,0,0,0,,,,,,,,,,,,,,,,,,,,,,,,,,,,,,,,,,,,,,,,,,,,,,,,
10737,4400,10899,,,0,42,42,39,39,28,28,29,29,34,34,39,39,112,112,1343,1343,1424,1424,1347,1347,1375,1375,1229,1229,1247,1247,1096,1096,1282,1282,1299,1299,1257,1257,1375,1375,1394,1394,536,536,316,316,190,190,140,140,87,87,,,,,,,,,,,,,,,,,,,,,,,,,,,,,,,,,,,,,,,,,,,,,,,,
10738,1600,10862,10744,10900;10765,2,0,0,0,0,0,0,0,0,0,0,0,0,0,0,2,2,2,2,2,2,2,2,2,2,2,2,2,2,2,2,2,2,2,2,2,2,2,2,1,1,1,1,0,0,0,0,0,0,,,,,,,,,,,,,,,,,,,,,,,,,,,,,,,,,,,,,,,,,,,,,,,,
10739,1200,,10907,10787,1,0,0,0,0,0,0,0,0,0,0,0,0,1,1,7,7,7,7,7,7,7,7,6,6,7,7,6,6,7,7,7,7,7,7,7,7,7,7,3,3,2,2,1,1,1,1,0,0,,,,,,,,,,,,,,,,,,,,,,,,,,,,,,,,,,,,,,,,,,,,,,,,
10740,1200,10899,10896,,0,0,0,0,0,0,0,0,0,0,0,0,0,0,0,4,4,4,4,4,4,4,4,4,4,4,4,3,3,4,4,4,4,4,4,4,4,4,4,2,2,1,1,1,1,0,0,0,0,,,,,,,,,,,,,,,,,,,,,,,,,,,,,,,,,,,,,,,,,,,,,,,,
10741,1200,10795,10796,,0,0,0,0,0,0,0,0,0,0,0,0,0,0,0,1,1,2,2,1,1,1,1,1,1,1,1,1,1,1,1,1,1,1,1,1,1,1,1,1,1,0,0,0,0,0,0,0,0,,,,,,,,,,,,,,,,,,,,,,,,,,,,,,,,,,,,,,,,,,,,,,,,
10742,4000,10889,,,0,42,42,39,39,28,28,29,29,34,34,39,39,112,112,1343,1343,1424,1424,1347,1347,1375,1375,1229,1229,1247,1247,1096,1096,1282,1282,1299,1299,1257,1257,1375,1375,1394,1394,536,536,316,316,190,190,140,140,87,87,,,,,,,,,,,,,,,,,,,,,,,,,,,,,,,,,,,,,,,,,,,,,,,,
10743,4400,10826,10828,,0,67,67,70,70,49,49,53,53,62,62,67,67,186,186,910,910,1134,1134,1023,1023,977,977,900,900,812,812,861,861,864,864,851,851,886,886,939,939,854,854,524,524,336,336,227,227,165,165,84,84,,,,,,,,,,,,,,,,,,,,,,,,,,,,,,,,,,,,,,,,,,,,,,,,
10744,800,10738,10746,,0,0,0,0,0,0,0,0,0,0,0,0,0,0,0,5,5,5,5,5,5,5,5,5,5,5,5,4,4,5,5,5,5,5,5,5,5,5,5,2,2,1,1,1,1,1,1,0,0,,,,,,,,,,,,,,,,,,,,,,,,,,,,,,,,,,,,,,,,,,,,,,,,
10745,800,,10808,,0,0,0,0,0,0,0,0,0,0,0,0,0,0,0,2,2,2,2,2,2,2,2,2,2,2,2,2,2,2,2,2,2,2,2,2,2,2,2,1,1,1,1,0,0,0,0,0,0,,,,,,,,,,,,,,,,,,,,,,,,,,,,,,,,,,,,,,,,,,,,,,,,
10746,1200,10749,10744,10898;10768,2,0,0,0,0,0,0,0,0,0,0,0,0,0,0,3,3,3,3,3,3,3,3,3,3,3,3,2,2,3,3,3,3,3,3,3,3,3,3,1,1,1,1,0,0,0,0,0,0,,,,,,,,,,,,,,,,,,,,,,,,,,,,,,,,,,,,,,,,,,,,,,,,
10747,800,,10841,,0,0,0,0,0,0,0,0,0,0,0,0,0,0,0,0,0,1,1,1,1,0,0,0,0,0,0,0,0,0,0,0,0,0,0,0,0,0,0,0,0,0,0,0,0,0,0,0,0,,,,,,,,,,,,,,,,,,,,,,,,,,,,,,,,,,,,,,,,,,,,,,,,
10748,800,10889,,,0,0,0,0,0,0,0,0,0,0,0,0,0,1,1,8,8,8,8,8,8,8,8,7,7,7,7,6,6,7,7,7,7,7,7,8,8,8,8,3,3,2,2,1,1,1,1,0,0,,,,,,,,,,,,,,,,,,,,,,,,,,,,,,,,,,,,,,,,,,,,,,,,
10749,800,10746,10887,,0,0,0,0,0,0,0,0,0,0,0,0,0,0,0,6,6,6,6,6,6,6,6,5,5,5,5,5,5,5,5,5,5,5,5,6,6,6,6,2,2,1,1,1,1,1,1,0,0,,,,,,,,,,,,,,,,,,,,,,,,,,,,,,,,,,,,,,,,,,,,,,,,
10750,2500,10915,,,0,67,67,70,70,49,49,53,53,62,62,67,67,186,186,910,910,1134,1134,1023,1023,977,977,900,900,812,812,861,861,864,864,851,851,886,886,939,939,854,854,524,524,336,336,227,227,165,165,84,84,,,,,,,,,,,,,,,,,,,,,,,,,,,,,,,,,,,,,,,,,,,,,,,,
10751,1600,10800,10802,,0,0,0,0,0,0,0,0,0,0,0,0,0,0,0,1,1,1,1,1,1,1,1,1,1,1,1,1,1,1,1,1,1,1,1,1,1,1,1,1,1,0,0,0,0,0,0,0,0,,,,,,,,,,,,,,,,,,,,,,,,,,,,,,,,,,,,,,,,,,,,,,,,
10752,3500,,10729,,0,42,42,39,39,28,28,29,29,34,34,39,39,112,112,1343,1343,1424,1424,1347,1347,1375,1375,1229,1229,1247,1247,1096,1096,1282,1282,1299,1299,1257,1257,1375,1375,1394,1394,536,536,316,316,190,190,140,140,87,87,,,,,,,,,,,,,,,,,,,,,,,,,,,,,,,,,,,,,,,,,,,,,,,,
10753,600,10804,,,0,0,0,0,0,0,0,0,0,0,0,0,0,0,0,1,1,2,2,1,1,1,1,1,1,1,1,1,1,1,1,1,1,1,1,1,1,1,1,1,1,0,0,0,0,0,0,0,0,,,,,,,,,,,,,,,,,,,,,,,,,,,,,,,,,,,,,,,,,,,,,,,,
10754,3500,10808,10800,,0,67,67,70,70,49,49,53,53,62,62,67,67,186,186,910,910,1134,1134,1023,1023,977,977,900,900,812,812,861,861,864,864,851,851,886,886,939,939,854,854,524,524,336,336,227,227,165,165,84,84,,,,,,,,,,,,,,,,,,,,,,,,,,,,,,,,,,,,,,,,,,,,,,,,
10755,4400,10760,10859,,0,67,67,70,70,49,49,53,53,62,62,67,67,186,186,910,910,1134,1134,1023,1023,977,977,900,900,812,812,861,861,864,864,851,851,886,886,939,939,854,854,524,524,336,336,227,227,165,165,84,84,,,,,,,,,,,,,,,,,,,,,,,,,,,,,,,,,,,,,,,,,,,,,,,,
10756,1200,10865,10867,,0,0,0,0,0,0,0,0,0,0,0,0,0,0,0,1,1,1,1,1,1,1,1,1,1,1,1,1,1,1,1,1,1,1,1,1,1,1,1,0,0,0,0,0,0,0,0,0,0,,,,,,,,,,,,,,,,,,,,,,,,,,,,,,,,,,,,,,,,,,,,,,,,
10757,3500,10919,10921,,0,42,42,39,39,28,28,29,29,34,34,39,39,112,112,1343,1343,1424,1424,1347,1347,1375,1375,1229,1229,1247,1247,1096,1096,1282,1282,1299,1299,1257,1257,1375,1375,1394,1394,536,536,316,316,190,190,140,140,87,87,,,,,,,,,,,,,,,,,,,,,,,,,,,,,,,,,,,,,,,,,,,,,,,,
10758,1200,10913,,,0,0,0,0,0,0,0,0,0,0,0,0,0,0,0,1,1,2,2,2,2,1,1,1,1,1,1,1,1,1,1,1,1,1,1,1,1,1,1,1,1,0,0,0,0,0,0,0,0,,,,,,,,,,,,,,,,,,,,,,,,,,,,,,,,,,,,,,,,,,,,,,,,
10759,1200,10761,10790,,0,0,0,0,0,0,0,0,0,0,0,0,0,0,0,1,1,1,1,1,1,1,1,1,1,1,1,1,1,1,1,1,1,1,1,1,1,1,1,1,1,0,0,0,0,0,0,0,0,,,,,,,,,,,,,,,,,,,,,,,,,,,,,,,,,,,,,,,,,,,,,,,,
10760,1100,10861,10755,10860,1,67,67,70,70,49,49,53,53,62,62,67,67,186,186,910,910,1134,1134,1023,1023,977,977,900,900,812,812,861,861,864,864,851,851,886,886,939,939,854,854,524,524,336,336,227,227,165,165,84,84,,,,,,,,,,,,,,,,,,,,,,,,,,,,,,,,,,,,,,,,,,,,,,,,
10761,300,10801,10767,10759;10763;10777,3,0,0,0,0,0,0,0,0,0,0,0,0,0,0,1,1,1,1,1,1,1,1,1,1,1,1,1,1,1,1,1,1,1,1,1,1,1,1,0,0,0,0,0,0,0,0,0,0,,,,,,,,,,,,,,,,,,,,,,,,,,,,,,,,,,,,,,,,,,,,,,,,
10762,800,10917,,,0,0,0,0,0,0,0,0,0,0,0,0,0,1,1,9,9,9,9,9,9,9,9,8,8,8,8,7,7,8,8,8,8,8,8,9,9,9,9,3,3,2,2,1,1,1,1,1,1,,,,,,,,,,,,,,,,,,,,,,,,,,,,,,,,,,,,,,,,,,,,,,,,
10763,300,10761,,,0,0,0,0,0,0,0,0,0,0,0,0,0,0,0,1,1,1,1,1,1,1,1,1,1,1,1,1,1,1,1,1,1,1,1,1,1,1,1,0,0,0,0,0,0,0,0,0,0,,,,,,,,,,,,,,,,,,,,,,,,,,,,,,,,,,,,,,,,,,,,,,,,
10764,1600,,10785,,0,0,0,0,0,0,0,0,0,0,0,0,0,0,0,1,1,2,2,1,1,1,1,1,1,1,1,1,1,1,1,1,1,1,1,1,1,1,1,1,1,0,0,0,0,0,0,0,0,,,,,,,,,,,,,,,,,,,,,,,,,,,,,,,,,,,,,,,,,,,,,,,,
10765,800,10915,10738,,0,0,0,0,0,0,0,0,0,0,0,0,0,0,0,2,2,2,2,2,2,2,2,2,2,2,2,2,2,2,2,2,2,2,2,2,2,2,2,1,1,1,1,0,0,0,0,0,0,,,,,,,,,,,,,,,,,,,,,,,,,,,,,,,,,,,,,,,,,,,,,,,,
10766,4400,11079,11081,10659,1,54,54,56,56,39,39,42,42,50,50,54,54,149,149,956,956,1147,1147,1075,1075,1033,1033,954,954,866,866,918,918,901,901,917,917,943,943,993,993,901,901,419,419,269,269,182,182,132,132,67,67,,,,,,,,,,,,,,,,,,,,,,,,,,,,,,,,,,,,,,,,,,,,,,,,
10767,600,10761,,,0,0,0,0,0,0,0,0,0,0,0,0,0,0,0,1,1,1,1,1,1,1,1,1,1,1,1,1,1,1,1,1,1,1,1,1,1,1,1,0,0,0,0,0,0,0,0,0,0,,,,,,,,,,,,,,,,,,,,,,,,,,,,,,,,,,,,,,,,,,,,,,,,
10768,1600,10746,10879,,0,0,0,0,0,0,0,0,0,0,0,0,0,1,1,7,7,7,7,7,7,7,7,6,6,6,6,6,6,6,6,7,7,6,6,7,7,7,7,3,3,2,2,1,1,1,1,0,0,,,,,,,,,,,,,,,,,,,,,,,,,,,,,,,,,,,,,,,,,,,,,,,,
10769,4000,10917,,,0,42,42,39,39,28,28,29,29,34,34,39,39,112,112,1343,1343,1424,1424,1347,1347,1375,1375,1229,1229,1247,1247,1096,1096,1282,1282,1299,1299,1257,1257,1375,1375,1394,1394,536,536,316,316,190,190,140,140,87,87,,,,,,,,,,,,,,,,,,,,,,,,,,,,,,,,,,,,,,,,,,,,,,,,
10770,300,,10806,,0,0,0,0,0,0,0,0,0,0,0,0,0,0,0,1,1,1,1,1,1,1,1,1,1,0,0,0,0,1,1,1,1,1,1,1,1,1,1,0,0,0,0,0,0,0,0,0,0,,,,,,,,,,,,,,,,,,,,,,,,,,,,,,,,,,,,,,,,,,,,,,,,
10771,300,10839,,,0,0,0,0,0,0,0,0,0,0,0,0,0,0,0,1,1,1,1,1,1,1,1,1,1,1,1,1,1,1,1,1,1,1,1,1,1,1,1,0,0,0,0,0,0,0,0,0,0,,,,,,,,,,,,,,,,,,,,,,,,,,,,,,,,,,,,,,,,,,,,,,,,
10772,4000,10804,,,0,67,67,70,70,49,49,53,53,62,62,67,67,186,186,910,910,1134,1134,1023,1023,977,977,900,900,812,812,861,861,864,864,851,851,886,886,939,939,854,854,524,524,336,336,227,227,165,165,84,84,,,,,,,,,,,,,,,,,,,,,,,,,,,,,,,,,,,,,,,,,,,,,,,,
10773,2000,10887,10891,,0,42,42,39,39,28,28,29,29,34,34,39,39,112,112,1343,1343,1424,1424,1347,1347,1375,1375,1229,1229,1247,1247,1096,1096,1282,1282,1299,1299,1257,1257,1375,1375,1394,1394,536,536,316,316,190,190,140,140,87,87,,,,,,,,,,,,,,,,,,,,,,,,,,,,,,,,,,,,,,,,,,,,,,,,
10774,800,10911,,,0,0,0,0,0,0,0,0,0,0,0,0,0,0,0,2,2,2,2,2,2,2,2,2,2,2,2,2,2,2,2,2,2,2,2,2,2,2,2,1,1,1,1,0,0,0,0,0,0,,,,,,,,,,,,,,,,,,,,,,,,,,,,,,,,,,,,,,,,,,,,,,,,
10775,4000,,10923,,0,42,42,39,39,28,28,29,29,34,34,39,39,112,112,1343,1343,1424,1424,1347,1347,1375,1375,1229,1229,1247,1247,1096,1096,1282,1282,1299,1299,1257,1257,1375,1375,1394,1394,536,536,316,316,190,190,140,140,87,87,,,,,,,,,,,,,,,,,,,,,,,,,,,,,,,,,,,,,,,,,,,,,,,,
10776,600,10788,,,0,0,0,0,0,0,0,0,0,0,0,0,0,0,0,1,1,1,1,1,1,1,1,1,1,1,1,1,1,1,1,1,1,1,1,1,1,1,1,0,0,0,0,0,0,0,0,0,0,,,,,,,,,,,,,,,,,,,,,,,,,,,,,,,,,,,,,,,,,,,,,,,,
10777,300,10761,10806,,0,0,0,0,0,0,0,0,0,0,0,0,0,0,0,1,1,1,1,1,1,1,1,1,1,1,1,1,1,1,1,1,1,1,1,1,1,1,1,0,0,0,0,0,0,0,0,0,0,,,,,,,,,,,,,,,,,,,,,,,,,,,,,,,,,,,,,,,,,,,,,,,,
10778,2500,10908,10880,,0,42,42,39,39,28,28,29,29,34,34,39,39,112,112,1343,1343,1424,1424,1347,1347,1375,1375,1229,1229,1247,1247,1096,1096,1282,1282,1299,1299,1257,1257,1375,1375,1394,1394,536,536,316,316,190,190,140,140,87,87,,,,,,,,,,,,,,,,,,,,,,,,,,,,,,,,,,,,,,,,,,,,,,,,
10779,1600,10839,10841,,0,0,0,0,0,0,0,0,0,0,0,0,0,0,0,1,1,1,1,1,1,1,1,1,1,1,1,1,1,1,1,1,1,1,1,1,1,1,1,0,0,0,0,0,0,0,0,0,0,,,,,,,,,,,,,,,,,,,,,,,,,,,,,,,,,,,,,,,,,,,,,,,,
10780,1200,10810,10812,,0,0,0,0,0,0,0,0,0,0,0,0,0,0,0,1,1,2,2,1,1,1,1,1,1,1,1,1,1,1,1,1,1,1,1,1,1,1,1,1,1,0,0,0,0,0,0,0,0,,,,,,,,,,,,,,,,,,,,,,,,,,,,,,,,,,,,,,,,,,,,,,,,
10781,1200,10785,,,0,0,0,0,0,0,0,0,0,0,0,0,0,0,0,2,2,2,2,2,2,2,2,2,2,2,2,2,2,2,2,2,2,2,2,2,2,2,2,1,1,1,1,0,0,0,0,0,0,,,,,,,,,,,,,,,,,,,,,,,,,,,,,,,,,,,,,,,,,,,,,,,,
10782,1200,10879,10881,,0,0,0,0,0,0,0,0,0,0,0,0,0,1,1,6,6,7,7,6,6,6,6,6,6,6,6,5,5,6,6,6,6,6,6,6,6,6,6,2,2,1,1,1,1,1,1,0,0,,,,,,,,,,,,,,,,,,,,,,,,,,,,,,,,,,,,,,,,,,,,,,,,
10783,4400,10923,10919,,0,42,42,39,39,28,28,29,29,34,34,39,39,112,112,1343,1343,1424,1424,1347,1347,1375,1375,1229,1229,1247,1247,1096,1096,1282,1282,1299,1299,1257,1257,1375,1375,1394,1394,536,536,316,316,190,190,140,140,87,87,,,,,,,,,,,,,,,,,,,,,,,,,,,,,,,,,,,,,,,,,,,,,,,,
10784,2000,,10857,,0,67,67,70,70,49,49,53,53,62,62,67,67,186,186,910,910,1134,1134,1023,1023,977,977,900,900,812,812,861,861,864,864,851,851,886,886,939,939,854,854,524,524,336,336,227,227,165,165,84,84,,,,,,,,,,,,,,,,,,,,,,,,,,,,,,,,,,,,,,,,,,,,,,,,
10785,3000,10781,10843,10764,1,67,67,70,70,49,49,53,53,62,62,67,67,186,186,910,910,1134,1134,1023,1023,977,977,900,900,812,812,861,861,864,864,851,851,886,886,939,939,854,854,524,524,336,336,227,227,165,165,84,84,,,,,,,,,,,,,,,,,,,,,,,,,,,,,,,,,,,,,,,,,,,,,,,,
10786,1600,,,,0,0,0,0,0,0,0,0,0,0,0,0,0,1,1,5,5,6,6,5,5,5,5,5,5,4,4,4,4,4,4,4,4,5,5,5,5,4,4,2,2,1,1,1,1,1,1,0,0,,,,,,,,,,,,,,,,,,,,,,,,,,,,,,,,,,,,,,,,,,,,,,,,
10787,4400,10739,10907,,0,42,42,39,39,28,28,29,29,34,34,39,39,112,112,1343,1343,1424,1424,1347,1347,1375,1375,1229,1229,1247,1247,1096,1096,1282,1282,1299,1299,1257,1257,1375,1375,1394,1394,536,536,316,316,190,190,140,140,87,87,,,,,,,,,,,,,,,,,,,,,,,,,,,,,,,,,,,,,,,,,,,,,,,,
10788,800,,10776,10838,1,0,0,0,0,0,0,0,0,0,0,0,0,0,0,1,1,1,1,1,1,1,1,1,1,1,1,1,1,1,1,1,1,1,1,1,1,1,1,0,0,0,0,0,0,0,0,0,0,,,,,,,,,,,,,,,,,,,,,,,,,,,,,,,,,,,,,,,,,,,,,,,,
10789,2500,,10790,,0,36,36,36,36,26,26,27,27,32,32,35,35,99,99,1130,1130,1253,1253,1218,1218,1203,1203,1099,1099,1048,1048,1034,1034,1066,1066,1110,1110,1105,1105,1175,1175,1113,1113,353,353,217,217,139,139,102,102,57,57,,,,,,,,,,,,,,,,,,,,,,,,,,,,,,,,,,,,,,,,,,,,,,,,
10790,300,10789,10759,10795,1,0,0,0,0,0,0,0,0,0,0,0,0,0,0,1,1,1,1,1,1,1,1,1,1,1,1,1,1,1,1,1,1,1,1,1,1,1,1,1,1,0,0,0,0,0,0,0,0,,,,,,,,,,,,,,,,,,,,,,,,,,,,,,,,,,,,,,,,,,,,,,,,
10791,1200,10792,10729,,0,0,0,0,0,0,0,0,0,0,0,0,0,0,0,2,2,2,2,2,2,2,2,2,2,2,2,1,1,2,2,2,2,2,2,2,2,2,2,1,1,0,0,0,0,0,0,0,0,,,,,,,,,,,,,,,,,,,,,,,,,,,,,,,,,,,,,,,,,,,,,,,,
10792,500,10726,10793,10791,1,67,67,70,70,49,49,53,53,62,62,67,67,186,186,910,910,1134,1134,1023,1023,977,977,900,900,812,812,861,861,864,864,851,851,886,886,939,939,854,854,524,524,336,336,227,227,165,165,84,84,,,,,,,,,,,,,,,,,,,,,,,,,,,,,,,,,,,,,,,,,,,,,,,,
10793,1200,10794,10792,,0,0,0,0,0,0,0,0,0,0,0,0,0,0,0,2,2,2,2,2,2,2,2,2,2,2,2,2,2,2,2,2,2,2,2,2,2,2,2,1,1,1,1,0,0,0,0,0,0,,,,,,,,,,,,,,,,,,,,,,,,,,,,,,,,,,,,,,,,,,,,,,,,
10794,300,10727,10793,10715,1,0,0,0,0,0,0,0,0,0,0,0,0,0,0,2,2,2,2,2,2,2,2,1,1,1,1,1,1,1,1,1,1,1,1,2,2,2,2,1,1,0,0,0,0,0,0,0,0,,,,,,,,,,,,,,,,,,,,,,,,,,,,,,,,,,,,,,,,,,,,,,,,
10795,4000,10796,10790,10741,1,67,67,70,70,49,49,53,53,62,62,67,67,186,186,910,910,1134,1134,1023,1023,977,977,900,900,812,812,861,861,864,864,851,851,886,886,939,939,854,854,524,524,336,336,227,227,165,165,84,84,,,,,,,,,,,,,,,,,,,,,,,,,,,,,,,,,,,,,,,,,,,,,,,,
10796,300,10741,,10797;10795,2,0,0,0,0,0,0,0,0,0,0,0,0,0,0,1,1,1,1,1,1,1,1,1,1,1,1,1,1,1,1,1,1,1,1,1,1,1,1,0,0,0,0,0,0,0,0,0,0,,,,,,,,,,,,,,,,,,,,,,,,,,,,,,,,,,,,,,,,,,,,,,,,
10797,800,10798,10796,,0,0,0,0,0,0,0,0,0,0,0,0,0,0,0,1,1,1,1,1,1,1,1,1,1,1,1,1,1,1,1,1,1,1,1,1,1,1,1,1,1,0,0,0,0,0,0,0,0,,,,,,,,,,,,,,,,,,,,,,,,,,,,,,,,,,,,,,,,,,,,,,,,
10798,600,10799,10809,10797,1,0,0,0,0,0,0,0,0,0,0,0,0,0,0,1,1,1,1,1,1,1,1,1,1,1,1,1,1,1,1,1,1,1,1,1,1,1,1,1,1,0,0,0,0,0,0,0,0,,,,,,,,,,,,,,,,,,,,,,,,,,,,,,,,,,,,,,,,,,,,,,,,
10799,300,10800,,10798,1,0,0,0,0,0,0,0,0,0,0,0,0,0,0,1,1,1,1,1,1,1,1,1,1,1,1,1,1,1,1,1,1,1,1,1,1,1,1,1,1,0,0,0,0,0,0,0,0,,,,,,,,,,,,,,,,,,,,,,,,,,,,,,,,,,,,,,,,,,,,,,,,
108,1600,474,476,,0,0,0,0,0,0,0,0,0,0,0,0,0,0,0,3,3,3,3,3,3,3,3,3,3,2,2,3,3,3,3,3,3,3,3,3,3,3,3,1,1,0,0,0,0,0,0,0,0,,,,,,,,,,,,,,,,,,,,,,,,,,,,,,,,,,,,,,,,,,,,,,,,
10800,600,10751,10799,10754,1,0,0,0,0,0,0,0,0,0,0,0,0,0,0,1,1,1,1,1,1,1,1,1,1,1,1,1,1,1,1,1,1,1,1,1,1,1,1,1,1,0,0,0,0,0,0,0,0,,,,,,,,,,,,,,,,,,,,,,,,,,,,,,,,,,,,,,,,,,,,,,,,
10801,600,10802,10761,,0,0,0,0,0,0,0,0,0,0,0,0,0,0,0,1,1,1,1,1,1,1,1,1,1,1,1,1,1,1,1,1,1,1,1,1,1,1,1,0,0,0,0,0,0,0,0,0,0,,,,,,,,,,,,,,,,,,,,,,,,,,,,,,,,,,,,,,,,,,,,,,,,
10802,600,10801,10803,10751,1,0,0,0,0,0,0,0,0,0,0,0,0,0,0,1,1,1,1,1,1,1,1,1,1,1,1,1,1,1,1,1,1,1,1,1,1,1,1,1,1,0,0,0,0,0,0,0,0,,,,,,,,,,,,,,,,,,,,,,,,,,,,,,,,,,,,,,,,,,,,,,,,
10803,300,10802,10804,,0,0,0,0,0,0,0,0,0,0,0,0,0,0,0,2,2,2,2,2,2,2,2,1,1,1,1,1,1,1,1,1,1,1,1,2,2,2,2,1,1,0,0,0,0,0,0,0,0,,,,,,,,,,,,,,,,,,,,,,,,,,,,,,,,,,,,,,,,,,,,,,,,
10804,300,10753,10803,10772,1,0,0,0,0,0,0,0,0,0,0,0,0,0,0,2,2,2,2,2,2,2,2,2,2,1,1,1,1,2,2,2,2,2,2,2,2,2,2,1,1,0,0,0,0,0,0,0,0,,,,,,,,,,,,,,,,,,,,,,,,,,,,,,,,,,,,,,,,,,,,,,,,
10805,300,10806,,,0,0,0,0,0,0,0,0,0,0,0,0,0,0,0,1,1,1,1,1,1,1,1,1,1,1,1,1,1,1,1,1,1,1,1,1,1,1,1,0,0,0,0,0,0,0,0,0,0,,,,,,,,,,,,,,,,,,,,,,,,,,,,,,,,,,,,,,,,,,,,,,,,
10806,300,10777,10805,10770,1,0,0,0,0,0,0,0,0,0,0,0,0,0,0,1,1,1,1,1,1,1,1,1,1,1,1,1,1,1,1,1,1,1,1,1,1,1,1,0,0,0,0,0,0,0,0,0,0,,,,,,,,,,,,,,,,,,,,,,,,,,,,,,,,,,,,,,,,,,,,,,,,
10807,2500,10808,,,0,67,67,70,70,49,49,53,53,62,62,67,67,186,186,910,910,1134,1134,1023,1023,977,977,900,900,812,812,861,861,864,864,851,851,886,886,939,939,854,854,524,524,336,336,227,227,165,165,84,84,,,,,,,,,,,,,,,,,,,,,,,,,,,,,,,,,,,,,,,,,,,,,,,,
10808,500,10807,10754,10745,1,67,67,70,70,49,49,53,53,62,62,67,67,186,186,910,910,1134,1134,1023,1023,977,977,900,900,812,812,861,861,864,864,851,851,886,886,939,939,854,854,524,524,336,336,227,227,165,165,84,84,,,,,,,,,,,,,,,,,,,,,,,,,,,,,,,,,,,,,,,,,,,,,,,,
10809,800,10798,10810,,0,0,0,0,0,0,0,0,0,0,0,0,0,0,0,2,2,2,2,2,2,2,2,2,2,2,2,2,2,2,2,2,2,2,2,2,2,2,2,1,1,1,1,0,0,0,0,0,0,,,,,,,,,,,,,,,,,,,,,,,,,,,,,,,,,,,,,,,,,,,,,,,,
10810,500,10809,10726,10780,1,67,67,70,70,49,49,53,53,62,62,67,67,186,186,910,910,1134,1134,1023,1023,977,977,900,900,812,812,861,861,864,864,851,851,886,886,939,939,854,854,524,524,336,336,227,227,165,165,84,84,,,,,,,,,,,,,,,,,,,,,,,,,,,,,,,,,,,,,,,,,,,,,,,,
10811,600,,10826,,0,0,0,0,0,0,0,0,0,0,0,0,0,0,0,2,2,2,2,2,2,2,2,2,2,2,2,1,1,2,2,2,2,2,2,2,2,2,2,1,1,0,0,0,0,0,0,0,0,,,,,,,,,,,,,,,,,,,,,,,,,,,,,,,,,,,,,,,,,,,,,,,,
10812,800,10813,10714,10823;10780,2,0,0,0,0,0,0,0,0,0,0,0,0,0,0,1,1,1,1,1,1,1,1,1,1,1,1,1,1,1,1,1,1,1,1,1,1,1,1,0,0,0,0,0,0,0,0,0,0,,,,,,,,,,,,,,,,,,,,,,,,,,,,,,,,,,,,,,,,,,,,,,,,
10813,1200,10814,10812,,0,0,0,0,0,0,0,0,0,0,0,0,0,0,0,1,1,1,1,1,1,1,1,1,1,1,1,1,1,1,1,1,1,1,1,1,1,1,1,0,0,0,0,0,0,0,0,0,0,,,,,,,,,,,,,,,,,,,,,,,,,,,,,,,,,,,,,,,,,,,,,,,,
10814,400,10813,10958,10708,1,0,0,0,0,0,0,0,0,0,0,0,0,0,0,0,0,1,1,0,0,0,0,0,0,0,0,0,0,0,0,0,0,0,0,0,0,0,0,0,0,0,0,0,0,0,0,0,0,,,,,,,,,,,,,,,,,,,,,,,,,,,,,,,,,,,,,,,,,,,,,,,,
10815,1200,10818,10816,,0,33,33,31,31,22,22,23,23,26,26,31,31,88,88,1055,1055,1119,1119,1058,1058,1080,1080,966,966,980,980,861,861,1008,1008,1021,1021,988,988,1080,1080,1096,1096,421,421,249,249,150,150,110,110,68,68,,,,,,,,,,,,,,,,,,,,,,,,,,,,,,,,,,,,,,,,,,,,,,,,
10816,800,10815,10708,10704,1,0,0,0,0,0,0,0,0,0,0,0,0,0,0,0,0,1,1,1,1,1,1,0,0,0,0,0,0,0,0,0,0,0,0,1,1,0,0,0,0,0,0,0,0,0,0,0,0,,,,,,,,,,,,,,,,,,,,,,,,,,,,,,,,,,,,,,,,,,,,,,,,
10817,1200,10818,10969,,0,53,53,55,55,38,38,42,42,48,48,53,53,146,146,715,715,891,891,804,804,768,768,707,707,638,638,676,676,679,679,669,669,696,696,738,738,671,671,411,411,264,264,178,178,130,130,66,66,,,,,,,,,,,,,,,,,,,,,,,,,,,,,,,,,,,,,,,,,,,,,,,,
10818,400,10819,10817,10815,1,0,0,0,0,0,0,0,0,0,0,0,0,0,0,0,0,0,0,0,0,0,0,0,0,0,0,0,0,0,0,0,0,0,0,0,0,0,0,0,0,0,0,0,0,0,0,0,0,,,,,,,,,,,,,,,,,,,,,,,,,,,,,,,,,,,,,,,,,,,,,,,,
10819,800,10818,10820,,0,0,0,0,0,0,0,0,0,0,0,0,0,0,0,1,1,1,1,1,1,1,1,0,0,0,0,0,0,0,0,0,0,0,0,1,1,1,1,0,0,0,0,0,0,0,0,0,0,,,,,,,,,,,,,,,,,,,,,,,,,,,,,,,,,,,,,,,,,,,,,,,,
10820,800,10819,10821,10714,1,33,33,31,31,22,22,23,23,26,26,31,31,88,88,1055,1055,1119,1119,1058,1058,1080,1080,966,966,980,980,861,861,1008,1008,1021,1021,988,988,1080,1080,1096,1096,421,421,249,249,150,150,110,110,68,68,,,,,,,,,,,,,,,,,,,,,,,,,,,,,,,,,,,,,,,,,,,,,,,,
10821,800,10822,10820,,0,0,0,0,0,0,0,0,0,0,0,0,0,0,0,1,1,1,1,1,1,1,1,1,1,1,1,1,1,1,1,1,1,1,1,1,1,1,1,0,0,0,0,0,0,0,0,0,0,,,,,,,,,,,,,,,,,,,,,,,,,,,,,,,,,,,,,,,,,,,,,,,,
10822,300,10821,10730,10829;10722,2,0,0,0,0,0,0,0,0,0,0,0,0,0,0,1,1,1,1,1,1,1,1,1,1,1,1,1,1,1,1,1,1,1,1,1,1,1,1,1,1,0,0,0,0,0,0,0,0,,,,,,,,,,,,,,,,,,,,,,,,,,,,,,,,,,,,,,,,,,,,,,,,
10823,800,10824,10812,,0,0,0,0,0,0,0,0,0,0,0,0,0,0,0,1,1,1,1,1,1,1,1,1,1,1,1,1,1,1,1,1,1,1,1,1,1,1,1,1,1,0,0,0,0,0,0,0,0,,,,,,,,,,,,,,,,,,,,,,,,,,,,,,,,,,,,,,,,,,,,,,,,
10824,800,10823,10722,10825,1,0,0,0,0,0,0,0,0,0,0,0,0,0,0,2,2,2,2,2,2,2,2,2,2,2,2,2,2,2,2,2,2,2,2,2,2,2,2,1,1,1,1,0,0,0,0,0,0,,,,,,,,,,,,,,,,,,,,,,,,,,,,,,,,,,,,,,,,,,,,,,,,
10825,1100,10824,10826,,0,67,67,70,70,49,49,53,53,62,62,67,67,186,186,910,910,1134,1134,1023,1023,977,977,900,900,812,812,861,861,864,864,851,851,886,886,939,939,854,854,524,524,336,336,227,227,165,165,84,84,,,,,,,,,,,,,,,,,,,,,,,,,,,,,,,,,,,,,,,,,,,,,,,,
10826,550,10825,10743,10811,1,67,67,70,70,49,49,53,53,62,62,67,67,186,186,910,910,1134,1134,1023,1023,977,977,900,900,812,812,861,861,864,864,851,851,886,886,939,939,854,854,524,524,336,336,227,227,165,165,84,84,,,,,,,,,,,,,,,,,,,,,,,,,,,,,,,,,,,,,,,,,,,,,,,,
10827,400,10720,10828,,0,0,0,0,0,0,0,0,0,0,0,0,0,0,0,1,1,1,1,1,1,1,1,1,1,1,1,1,1,1,1,1,1,1,1,1,1,1,1,0,0,0,0,0,0,0,0,0,0,,,,,,,,,,,,,,,,,,,,,,,,,,,,,,,,,,,,,,,,,,,,,,,,
10828,400,10827,10733,10743,1,0,0,0,0,0,0,0,0,0,0,0,0,0,0,1,1,1,1,1,1,1,1,1,1,1,1,1,1,1,1,1,1,1,1,1,1,1,1,0,0,0,0,0,0,0,0,0,0,,,,,,,,,,,,,,,,,,,,,,,,,,,,,,,,,,,,,,,,,,,,,,,,
10829,300,10720,10822,,0,0,0,0,0,0,0,0,0,0,0,0,0,0,0,1,1,1,1,1,1,1,1,1,1,1,1,1,1,1,1,1,1,1,1,1,1,1,1,0,0,0,0,0,0,0,0,0,0,,,,,,,,,,,,,,,,,,,,,,,,,,,,,,,,,,,,,,,,,,,,,,,,
10830,2500,,10977,,0,67,67,70,70,49,49,53,53,62,62,67,67,186,186,910,910,1134,1134,1023,1023,977,977,900,900,812,812,861,861,864,864,851,851,886,886,939,939,854,854,524,524,336,336,227,227,165,165,84,84,,,,,,,,,,,,,,,,,,,,,,,,,,,,,,,,,,,,,,,,,,,,,,,,
10831,1200,10972,10832,10834,1,0,0,0,0,0,0,0,0,0,0,0,0,0,0,1,1,1,1,1,1,1,1,1,1,1,1,1,1,1,1,1,1,1,1,1,1,1,1,0,0,0,0,0,0,0,0,0,0,,,,,,,,,,,,,,,,,,,,,,,,,,,,,,,,,,,,,,,,,,,,,,,,
10832,1200,10833,10831,,0,0,0,0,0,0,0,0,0,0,0,0,0,0,0,1,1,1,1,1,1,1,1,1,1,1,1,0,0,1,1,1,1,1,1,1,1,1,1,0,0,0,0,0,0,0,0,0,0,,,,,,,,,,,,,,,,,,,,,,,,,,,,,,,,,,,,,,,,,,,,,,,,
10833,800,10705,10711,10832,1,0,0,0,0,0,0,0,0,0,0,0,0,0,0,0,0,1,1,0,0,0,0,0,0,0,0,0,0,0,0,0,0,0,0,0,0,0,0,0,0,0,0,0,0,0,0,0,0,,,,,,,,,,,,,,,,,,,,,,,,,,,,,,,,,,,,,,,,,,,,,,,,
10834,1600,10831,10835,,0,0,0,0,0,0,0,0,0,0,0,0,0,0,0,1,1,1,1,1,1,1,1,1,1,1,1,1,1,1,1,1,1,1,1,1,1,1,1,1,1,0,0,0,0,0,0,0,0,,,,,,,,,,,,,,,,,,,,,,,,,,,,,,,,,,,,,,,,,,,,,,,,
10835,300,10836,10834,10842,1,0,0,0,0,0,0,0,0,0,0,0,0,0,0,1,1,2,2,1,1,1,1,1,1,1,1,1,1,1,1,1,1,1,1,1,1,1,1,1,1,0,0,0,0,0,0,0,0,,,,,,,,,,,,,,,,,,,,,,,,,,,,,,,,,,,,,,,,,,,,,,,,
10836,300,10837,10835,,0,0,0,0,0,0,0,0,0,0,0,0,0,0,0,1,1,2,2,2,2,2,2,1,1,1,1,1,1,1,1,1,1,1,1,1,1,1,1,1,1,0,0,0,0,0,0,0,0,,,,,,,,,,,,,,,,,,,,,,,,,,,,,,,,,,,,,,,,,,,,,,,,
10837,300,10723,10846,10836,1,0,0,0,0,0,0,0,0,0,0,0,0,0,0,1,1,2,2,2,2,1,1,1,1,1,1,1,1,1,1,1,1,1,1,1,1,1,1,1,1,0,0,0,0,0,0,0,0,,,,,,,,,,,,,,,,,,,,,,,,,,,,,,,,,,,,,,,,,,,,,,,,
10838,800,10788,10839,,0,0,0,0,0,0,0,0,0,0,0,0,0,0,0,1,1,1,1,1,1,1,1,1,1,1,1,1,1,1,1,1,1,1,1,1,1,1,1,1,1,0,0,0,0,0,0,0,0,,,,,,,,,,,,,,,,,,,,,,,,,,,,,,,,,,,,,,,,,,,,,,,,
10839,400,10838,10779,10771,1,0,0,0,0,0,0,0,0,0,0,0,0,0,0,1,1,1,1,1,1,1,1,1,1,1,1,1,1,1,1,1,1,1,1,1,1,1,1,1,1,0,0,0,0,0,0,0,0,,,,,,,,,,,,,,,,,,,,,,,,,,,,,,,,,,,,,,,,,,,,,,,,
10840,800,10843,,,0,0,0,0,0,0,0,0,0,0,0,0,0,0,0,0,0,1,1,0,0,0,0,0,0,0,0,0,0,0,0,0,0,0,0,0,0,0,0,0,0,0,0,0,0,0,0,0,0,,,,,,,,,,,,,,,,,,,,,,,,,,,,,,,,,,,,,,,,,,,,,,,,
10841,300,10747,,10779,1,0,0,0,0,0,0,0,0,0,0,0,0,0,0,1,1,1,1,1,1,1,1,0,0,0,0,0,0,0,0,0,0,0,0,1,1,1,1,0,0,0,0,0,0,0,0,0,0,,,,,,,,,,,,,,,,,,,,,,,,,,,,,,,,,,,,,,,,,,,,,,,,
10842,1200,10845,10835,,0,0,0,0,0,0,0,0,0,0,0,0,0,0,0,1,1,1,1,1,1,1,1,1,1,1,1,1,1,1,1,1,1,1,1,1,1,1,1,0,0,0,0,0,0,0,0,0,0,,,,,,,,,,,,,,,,,,,,,,,,,,,,,,,,,,,,,,,,,,,,,,,,
10843,800,10840,10785,10844,1,0,0,0,0,0,0,0,0,0,0,0,0,0,0,0,0,1,1,0,0,0,0,0,0,0,0,0,0,0,0,0,0,0,0,0,0,0,0,0,0,0,0,0,0,0,0,0,0,,,,,,,,,,,,,,,,,,,,,,,,,,,,,,,,,,,,,,,,,,,,,,,,
10844,800,10845,,10843,1,0,0,0,0,0,0,0,0,0,0,0,0,0,0,1,1,1,1,1,1,1,1,0,0,0,0,0,0,0,0,0,0,0,0,1,1,1,1,0,0,0,0,0,0,0,0,0,0,,,,,,,,,,,,,,,,,,,,,,,,,,,,,,,,,,,,,,,,,,,,,,,,
10845,400,10733,10844,10842,1,0,0,0,0,0,0,0,0,0,0,0,0,0,0,1,1,1,1,1,1,1,1,1,1,1,1,1,1,1,1,1,1,1,1,1,1,1,1,0,0,0,0,0,0,0,0,0,0,,,,,,,,,,,,,,,,,,,,,,,,,,,,,,,,,,,,,,,,,,,,,,,,
10846,300,10847,10837,,0,0,0,0,0,0,0,0,0,0,0,0,0,0,0,1,1,1,1,1,1,1,1,1,1,1,1,1,1,1,1,1,1,1,1,1,1,1,1,0,0,0,0,0,0,0,0,0,0,,,,,,,,,,,,,,,,,,,,,,,,,,,,,,,,,,,,,,,,,,,,,,,,
10847,300,10731,10846,,0,0,0,0,0,0,0,0,0,0,0,0,0,0,0,1,1,1,1,1,1,1,1,1,1,1,1,1,1,1,1,1,1,1,1,1,1,1,1,0,0,0,0,0,0,0,0,0,0,,,,,,,,,,,,,,,,,,,,,,,,,,,,,,,,,,,,,,,,,,,,,,,,
10848,300,10851,10849,,0,0,0,0,0,0,0,0,0,0,0,0,0,0,0,2,2,2,2,2,2,2,2,2,2,2,2,2,2,2,2,2,2,2,2,2,2,2,2,1,1,1,1,0,0,0,0,0,0,,,,,,,,,,,,,,,,,,,,,,,,,,,,,,,,,,,,,,,,,,,,,,,,
10849,550,10723,10725,10848,1,67,67,70,70,49,49,53,53,62,62,67,67,186,186,910,910,1134,1134,1023,1023,977,977,900,900,812,812,861,861,864,864,851,851,886,886,939,939,854,854,524,524,336,336,227,227,165,165,84,84,,,,,,,,,,,,,,,,,,,,,,,,,,,,,,,,,,,,,,,,,,,,,,,,
10850,600,10851,,,0,0,0,0,0,0,0,0,0,0,0,0,0,0,0,2,2,2,2,2,2,2,2,2,2,2,2,2,2,2,2,2,2,2,2,2,2,2,2,1,1,1,1,0,0,0,0,0,0,,,,,,,,,,,,,,,,,,,,,,,,,,,,,,,,,,,,,,,,,,,,,,,,
10851,300,10850,10719,10848,1,0,0,0,0,0,0,0,0,0,0,0,0,0,0,2,2,2,2,2,2,2,2,1,1,1,1,1,1,2,2,2,2,2,2,2,2,2,2,1,1,0,0,0,0,0,0,0,0,,,,,,,,,,,,,,,,,,,,,,,,,,,,,,,,,,,,,,,,,,,,,,,,
10852,4400,10853,,,0,67,67,70,70,49,49,53,53,62,62,67,67,186,186,910,910,1134,1134,1023,1023,977,977,900,900,812,812,861,861,864,864,851,851,886,886,939,939,854,854,524,524,336,336,227,227,165,165,84,84,,,,,,,,,,,,,,,,,,,,,,,,,,,,,,,,,,,,,,,,,,,,,,,,
10853,1200,10854,10852,,0,0,0,0,0,0,0,0,0,0,0,0,0,0,0,1,1,1,1,1,1,1,1,1,1,1,1,1,1,1,1,1,1,1,1,1,1,1,1,0,0,0,0,0,0,0,0,0,0,,,,,,,,,,,,,,,,,,,,,,,,,,,,,,,,,,,,,,,,,,,,,,,,
10854,800,10853,10855,,0,0,0,0,0,0,0,0,0,0,0,0,0,0,0,1,1,1,1,1,1,1,1,1,1,1,1,1,1,1,1,1,1,1,1,1,1,1,1,0,0,0,0,0,0,0,0,0,0,,,,,,,,,,,,,,,,,,,,,,,,,,,,,,,,,,,,,,,,,,,,,,,,
10855,1200,10856,10854,10858,1,0,0,0,0,0,0,0,0,0,0,0,0,0,0,1,1,1,1,1,1,1,1,1,1,1,1,1,1,1,1,1,1,1,1,1,1,1,1,1,1,0,0,0,0,0,0,0,0,,,,,,,,,,,,,,,,,,,,,,,,,,,,,,,,,,,,,,,,,,,,,,,,
10856,1200,10855,10857,,0,0,0,0,0,0,0,0,0,0,0,0,0,0,0,1,1,1,1,1,1,1,1,1,1,1,1,1,1,1,1,1,1,1,1,1,1,1,1,1,1,0,0,0,0,0,0,0,0,,,,,,,,,,,,,,,,,,,,,,,,,,,,,,,,,,,,,,,,,,,,,,,,
10857,1200,10874,10856,10784,1,0,0,0,0,0,0,0,0,0,0,0,0,0,0,1,1,1,1,1,1,1,1,1,1,1,1,1,1,1,1,1,1,1,1,1,1,1,1,1,1,0,0,0,0,0,0,0,0,,,,,,,,,,,,,,,,,,,,,,,,,,,,,,,,,,,,,,,,,,,,,,,,
10858,1600,10859,10855,,0,0,0,0,0,0,0,0,0,0,0,0,0,0,0,1,1,2,2,1,1,1,1,1,1,1,1,1,1,1,1,1,1,1,1,1,1,1,1,1,1,0,0,0,0,0,0,0,0,,,,,,,,,,,,,,,,,,,,,,,,,,,,,,,,,,,,,,,,,,,,,,,,
10859,1200,10858,10860,10755,1,0,0,0,0,0,0,0,0,0,0,0,0,0,0,2,2,2,2,2,2,2,2,2,2,1,1,1,1,2,2,2,2,2,2,2,2,2,2,1,1,0,0,0,0,0,0,0,0,,,,,,,,,,,,,,,,,,,,,,,,,,,,,,,,,,,,,,,,,,,,,,,,
10860,1200,10760,10859,,0,0,0,0,0,0,0,0,0,0,0,0,0,0,0,2,2,2,2,2,2,2,2,2,2,2,2,2,2,2,2,2,2,2,2,2,2,2,2,1,1,1,1,0,0,0,0,0,0,,,,,,,,,,,,,,,,,,,,,,,,,,,,,,,,,,,,,,,,,,,,,,,,
10861,2500,10863,,10760,1,67,67,70,70,49,49,53,53,62,62,67,67,186,186,910,910,1134,1134,1023,1023,977,977,900,900,812,812,861,861,864,864,851,851,886,886,939,939,854,854,524,524,336,336,227,227,165,165,84,84,,,,,,,,,,,,,,,,,,,,,,,,,,,,,,,,,,,,,,,,,,,,,,,,
10862,800,10863,10738,,0,0,0,0,0,0,0,0,0,0,0,0,0,0,0,1,1,2,2,1,1,1,1,1,1,1,1,1,1,1,1,1,1,1,1,1,1,1,1,1,1,0,0,0,0,0,0,0,0,,,,,,,,,,,,,,,,,,,,,,,,,,,,,,,,,,,,,,,,,,,,,,,,
10863,800,10862,10736,10861,1,0,0,0,0,0,0,0,0,0,0,0,0,0,0,2,2,2,2,2,2,2,2,2,2,2,2,2,2,2,2,2,2,2,2,2,2,2,2,1,1,1,1,0,0,0,0,0,0,,,,,,,,,,,,,,,,,,,,,,,,,,,,,,,,,,,,,,,,,,,,,,,,
10864,1600,10865,,,0,0,0,0,0,0,0,0,0,0,0,0,0,0,0,1,1,1,1,1,1,1,1,1,1,1,1,1,1,1,1,1,1,1,1,1,1,1,1,0,0,0,0,0,0,0,0,0,0,,,,,,,,,,,,,,,,,,,,,,,,,,,,,,,,,,,,,,,,,,,,,,,,
10865,1200,10756,10864,10736,1,0,0,0,0,0,0,0,0,0,0,0,0,0,0,1,1,1,1,1,1,1,1,1,1,1,1,1,1,1,1,1,1,1,1,1,1,1,1,0,0,0,0,0,0,0,0,0,0,,,,,,,,,,,,,,,,,,,,,,,,,,,,,,,,,,,,,,,,,,,,,,,,
10866,1200,11067,10868,,0,0,0,0,0,0,0,0,0,0,0,0,0,0,0,1,1,2,2,2,2,2,2,1,1,1,1,1,1,1,1,1,1,1,1,1,1,1,1,1,1,0,0,0,0,0,0,0,0,,,,,,,,,,,,,,,,,,,,,,,,,,,,,,,,,,,,,,,,,,,,,,,,
10867,1200,10756,10869,10870,1,0,0,0,0,0,0,0,0,0,0,0,0,0,0,1,1,1,1,1,1,1,1,1,1,1,1,1,1,1,1,1,1,1,1,1,1,1,1,1,1,0,0,0,0,0,0,0,0,,,,,,,,,,,,,,,,,,,,,,,,,,,,,,,,,,,,,,,,,,,,,,,,
10868,1200,10866,10869,10707,1,0,0,0,0,0,0,0,0,0,0,0,0,0,0,2,2,2,2,2,2,2,2,2,2,2,2,2,2,2,2,2,2,2,2,2,2,2,2,1,1,1,1,0,0,0,0,0,0,,,,,,,,,,,,,,,,,,,,,,,,,,,,,,,,,,,,,,,,,,,,,,,,
10869,1200,10867,10868,,0,0,0,0,0,0,0,0,0,0,0,0,0,0,0,2,2,2,2,2,2,2,2,2,2,1,1,1,1,2,2,2,2,2,2,2,2,2,2,1,1,0,0,0,0,0,0,0,0,,,,,,,,,,,,,,,,,,,,,,,,,,,,,,,,,,,,,,,,,,,,,,,,
10870,1200,10867,10871,,0,0,0,0,0,0,0,0,0,0,0,0,0,0,0,1,1,1,1,1,1,1,1,1,1,1,1,1,1,1,1,1,1,1,1,1,1,1,1,1,1,0,0,0,0,0,0,0,0,,,,,,,,,,,,,,,,,,,,,,,,,,,,,,,,,,,,,,,,,,,,,,,,
10871,800,10872,10870,10710,1,0,0,0,0,0,0,0,0,0,0,0,0,0,0,1,1,1,1,1,1,1,1,1,1,1,1,1,1,1,1,1,1,1,1,1,1,1,1,1,1,0,0,0,0,0,0,0,0,,,,,,,,,,,,,,,,,,,,,,,,,,,,,,,,,,,,,,,,,,,,,,,,
10872,800,10873,10871,,0,0,0,0,0,0,0,0,0,0,0,0,0,0,0,1,1,1,1,1,1,1,1,1,1,1,1,1,1,1,1,1,1,1,1,1,1,1,1,1,1,0,0,0,0,0,0,0,0,,,,,,,,,,,,,,,,,,,,,,,,,,,,,,,,,,,,,,,,,,,,,,,,
10873,800,10716,10872,10712,1,0,0,0,0,0,0,0,0,0,0,0,0,0,0,2,2,2,2,2,2,2,2,2,2,2,2,2,2,2,2,2,2,2,2,2,2,2,2,1,1,1,1,0,0,0,0,0,0,,,,,,,,,,,,,,,,,,,,,,,,,,,,,,,,,,,,,,,,,,,,,,,,
10874,1200,10857,10875,,0,0,0,0,0,0,0,0,0,0,0,0,0,0,0,1,1,1,1,1,1,1,1,1,1,1,1,1,1,1,1,1,1,1,1,1,1,1,1,0,0,0,0,0,0,0,0,0,0,,,,,,,,,,,,,,,,,,,,,,,,,,,,,,,,,,,,,,,,,,,,,,,,
10875,1200,10876,10874,10912,1,0,0,0,0,0,0,0,0,0,0,0,0,0,0,2,2,2,2,2,2,2,2,1,1,1,1,1,1,1,1,1,1,1,1,2,2,2,2,1,1,0,0,0,0,0,0,0,0,,,,,,,,,,,,,,,,,,,,,,,,,,,,,,,,,,,,,,,,,,,,,,,,
10876,800,10877,10875,10910,1,53,53,55,55,38,38,42,42,48,48,53,53,146,146,715,715,891,891,804,804,768,768,707,707,638,638,676,676,679,679,669,669,696,696,738,738,671,671,411,411,264,264,178,178,130,130,66,66,,,,,,,,,,,,,,,,,,,,,,,,,,,,,,,,,,,,,,,,,,,,,,,,
10877,1200,10878,10876,10910,1,0,0,0,0,0,0,0,0,0,0,0,0,1,1,12,12,12,12,12,12,12,12,11,11,11,11,9,9,11,11,11,11,11,11,12,12,12,12,5,5,3,3,2,2,1,1,1,1,,,,,,,,,,,,,,,,,,,,,,,,,,,,,,,,,,,,,,,,,,,,,,,,
10878,1500,10879,10910,10877,1,42,42,39,39,28,28,29,29,34,34,39,39,112,112,1343,1343,1424,1424,1347,1347,1375,1375,1229,1229,1247,1247,1096,1096,1282,1282,1299,1299,1257,1257,1375,1375,1394,1394,536,536,316,316,190,190,140,140,87,87,,,,,,,,,,,,,,,,,,,,,,,,,,,,,,,,,,,,,,,,,,,,,,,,
10879,1200,10878,10782,10768,1,0,0,0,0,0,0,0,0,0,0,0,0,1,1,8,8,9,9,8,8,8,8,7,7,7,7,7,7,8,8,8,8,8,8,8,8,8,8,3,3,2,2,1,1,1,1,1,1,,,,,,,,,,,,,,,,,,,,,,,,,,,,,,,,,,,,,,,,,,,,,,,,
10880,1000,10778,10883,,0,42,42,39,39,28,28,29,29,34,34,39,39,112,112,1343,1343,1424,1424,1347,1347,1375,1375,1229,1229,1247,1247,1096,1096,1282,1282,1299,1299,1257,1257,1375,1375,1394,1394,536,536,316,316,190,190,140,140,87,87,,,,,,,,,,,,,,,,,,,,,,,,,,,,,,,,,,,,,,,,,,,,,,,,
10881,1200,10882,10782,10884,1,0,0,0,0,0,0,0,0,0,0,0,0,1,1,8,8,8,8,8,8,8,8,7,7,7,7,6,6,7,7,8,8,7,7,8,8,8,8,3,3,2,2,1,1,1,1,1,1,,,,,,,,,,,,,,,,,,,,,,,,,,,,,,,,,,,,,,,,,,,,,,,,
10882,1200,10881,10883,,0,0,0,0,0,0,0,0,0,0,0,0,0,1,1,11,11,11,11,11,11,11,11,10,10,10,10,9,9,10,10,10,10,10,10,11,11,11,11,4,4,3,3,2,2,1,1,1,1,,,,,,,,,,,,,,,,,,,,,,,,,,,,,,,,,,,,,,,,,,,,,,,,
10883,1500,10880,10882,,0,42,42,39,39,28,28,29,29,34,34,39,39,112,112,1343,1343,1424,1424,1347,1347,1375,1375,1229,1229,1247,1247,1096,1096,1282,1282,1299,1299,1257,1257,1375,1375,1394,1394,536,536,316,316,190,190,140,140,87,87,,,,,,,,,,,,,,,,,,,,,,,,,,,,,,,,,,,,,,,,,,,,,,,,
10884,1200,10881,10885,,0,0,0,0,0,0,0,0,0,0,0,0,0,1,1,7,7,8,8,7,7,7,7,7,7,7,7,6,6,7,7,7,7,7,7,7,7,7,7,3,3,2,2,1,1,1,1,0,0,,,,,,,,,,,,,,,,,,,,,,,,,,,,,,,,,,,,,,,,,,,,,,,,
10885,1200,10886,10884,10916,1,0,0,0,0,0,0,0,0,0,0,0,0,0,0,5,5,5,5,5,5,5,5,4,4,4,4,4,4,4,4,4,4,4,4,5,5,5,5,2,2,1,1,1,1,0,0,0,0,,,,,,,,,,,,,,,,,,,,,,,,,,,,,,,,,,,,,,,,,,,,,,,,
10886,1200,10885,10887,,0,0,0,0,0,0,0,0,0,0,0,0,0,1,1,9,9,10,10,9,9,9,9,8,8,8,8,7,7,9,9,9,9,8,8,9,9,9,9,4,4,2,2,1,1,1,1,1,1,,,,,,,,,,,,,,,,,,,,,,,,,,,,,,,,,,,,,,,,,,,,,,,,
10887,2000,10773,10886,10888;10749,2,42,42,39,39,28,28,29,29,34,34,39,39,112,112,1343,1343,1424,1424,1347,1347,1375,1375,1229,1229,1247,1247,1096,1096,1282,1282,1299,1299,1257,1257,1375,1375,1394,1394,536,536,316,316,190,190,140,140,87,87,,,,,,,,,,,,,,,,,,,,,,,,,,,,,,,,,,,,,,,,,,,,,,,,
10888,1200,10889,10887,,0,0,0,0,0,0,0,0,0,0,0,0,0,1,1,10,10,11,11,11,11,11,11,10,10,10,10,9,9,10,10,10,10,10,10,11,11,11,11,4,4,2,2,1,1,1,1,1,1,,,,,,,,,,,,,,,,,,,,,,,,,,,,,,,,,,,,,,,,,,,,,,,,
10889,800,10888,10748,10742,1,0,0,0,0,0,0,0,0,0,0,0,0,1,1,8,8,9,9,8,8,8,8,7,7,8,8,7,7,8,8,8,8,8,8,8,8,8,8,3,3,2,2,1,1,1,1,1,1,,,,,,,,,,,,,,,,,,,,,,,,,,,,,,,,,,,,,,,,,,,,,,,,
10890,2500,10909,10891,,0,42,42,39,39,28,28,29,29,34,34,39,39,112,112,1343,1343,1424,1424,1347,1347,1375,1375,1229,1229,1247,1247,1096,1096,1282,1282,1299,1299,1257,1257,1375,1375,1394,1394,536,536,316,316,190,190,140,140,87,87,,,,,,,,,,,,,,,,,,,,,,,,,,,,,,,,,,,,,,,,,,,,,,,,
10891,2000,10892,10890,10773,1,42,42,39,39,28,28,29,29,34,34,39,39,112,112,1343,1343,1424,1424,1347,1347,1375,1375,1229,1229,1247,1247,1096,1096,1282,1282,1299,1299,1257,1257,1375,1375,1394,1394,536,536,316,316,190,190,140,140,87,87,,,,,,,,,,,,,,,,,,,,,,,,,,,,,,,,,,,,,,,,,,,,,,,,
10892,1500,10893,10891,,0,42,42,39,39,28,28,29,29,34,34,39,39,112,112,1343,1343,1424,1424,1347,1347,1375,1375,1229,1229,1247,1247,1096,1096,1282,1282,1299,1299,1257,1257,1375,1375,1394,1394,536,536,316,316,190,190,140,140,87,87,,,,,,,,,,,,,,,,,,,,,,,,,,,,,,,,,,,,,,,,,,,,,,,,
10893,2000,10894,10892,10724,1,42,42,39,39,28,28,29,29,34,34,39,39,112,112,1343,1343,1424,1424,1347,1347,1375,1375,1229,1229,1247,1247,1096,1096,1282,1282,1299,1299,1257,1257,1375,1375,1394,1394,536,536,316,316,190,190,140,140,87,87,,,,,,,,,,,,,,,,,,,,,,,,,,,,,,,,,,,,,,,,,,,,,,,,
10894,2500,10895,10893,,0,42,42,39,39,28,28,29,29,34,34,39,39,112,112,1343,1343,1424,1424,1347,1347,1375,1375,1229,1229,1247,1247,1096,1096,1282,1282,1299,1299,1257,1257,1375,1375,1394,1394,536,536,316,316,190,190,140,140,87,87,,,,,,,,,,,,,,,,,,,,,,,,,,,,,,,,,,,,,,,,,,,,,,,,
10895,1200,10897,10894,11076,1,0,0,0,0,0,0,0,0,0,0,0,0,1,1,6,6,6,6,6,6,6,6,6,6,6,6,5,5,6,6,6,6,6,6,6,6,6,6,2,2,1,1,1,1,1,1,0,0,,,,,,,,,,,,,,,,,,,,,,,,,,,,,,,,,,,,,,,,,,,,,,,,
10896,1200,10740,10897,10721,1,0,0,0,0,0,0,0,0,0,0,0,0,0,0,6,6,6,6,6,6,6,6,5,5,5,5,5,5,5,5,6,6,5,5,6,6,6,6,2,2,1,1,1,1,1,1,0,0,,,,,,,,,,,,,,,,,,,,,,,,,,,,,,,,,,,,,,,,,,,,,,,,
10897,800,,10895,10896,1,0,0,0,0,0,0,0,0,0,0,0,0,0,0,5,5,6,6,5,5,6,6,5,5,5,5,4,4,5,5,5,5,5,5,6,6,6,6,2,2,1,1,1,1,1,1,0,0,,,,,,,,,,,,,,,,,,,,,,,,,,,,,,,,,,,,,,,,,,,,,,,,
10898,800,10746,10899,,0,0,0,0,0,0,0,0,0,0,0,0,0,0,0,3,3,3,3,3,3,3,3,3,3,3,3,3,3,3,3,3,3,3,3,3,3,3,3,1,1,1,1,0,0,0,0,0,0,,,,,,,,,,,,,,,,,,,,,,,,,,,,,,,,,,,,,,,,,,,,,,,,
10899,1200,10740,10898,10737,1,0,0,0,0,0,0,0,0,0,0,0,0,0,0,4,4,4,4,4,4,4,4,3,3,3,3,3,3,3,3,4,4,3,3,4,4,4,4,1,1,1,1,1,1,0,0,0,0,,,,,,,,,,,,,,,,,,,,,,,,,,,,,,,,,,,,,,,,,,,,,,,,
109,1600,100,114,,0,0,0,0,0,0,0,0,0,0,0,0,0,0,0,5,5,6,6,6,6,6,6,5,5,5,5,5,5,5,5,5,5,5,5,6,6,5,5,1,1,1,1,0,0,0,0,0,0,,,,,,,,,,,,,,,,,,,,,,,,,,,,,,,,,,,,,,,,,,,,,,,,
10900,2500,10901,10738,,0,42,42,39,39,28,28,29,29,34,34,39,39,112,112,1343,1343,1424,1424,1347,1347,1375,1375,1229,1229,1247,1247,1096,1096,1282,1282,1299,1299,1257,1257,1375,1375,1394,1394,536,536,316,316,190,190,140,140,87,87,,,,,,,,,,,,,,,,,,,,,,,,,,,,,,,,,,,,,,,,,,,,,,,,
10901,1650,10732,10735,10900,1,42,42,39,39,28,28,29,29,34,34,39,39,112,112,1343,1343,1424,1424,1347,1347,1375,1375,1229,1229,1247,1247,1096,1096,1282,1282,1299,1299,1257,1257,1375,1375,1394,1394,536,536,316,316,190,190,140,140,87,87,,,,,,,,,,,,,,,,,,,,,,,,,,,,,,,,,,,,,,,,,,,,,,,,
10902,2500,10903,10718,,0,42,42,39,39,28,28,29,29,34,34,39,39,112,112,1343,1343,1424,1424,1347,1347,1375,1375,1229,1229,1247,1247,1096,1096,1282,1282,1299,1299,1257,1257,1375,1375,1394,1394,536,536,316,316,190,190,140,140,87,87,,,,,,,,,,,,,,,,,,,,,,,,,,,,,,,,,,,,,,,,,,,,,,,,
10903,1650,10902,10732,10735,1,42,42,39,39,28,28,29,29,34,34,39,39,112,112,1343,1343,1424,1424,1347,1347,1375,1375,1229,1229,1247,1247,1096,1096,1282,1282,1299,1299,1257,1257,1375,1375,1394,1394,536,536,316,316,190,190,140,140,87,87,,,,,,,,,,,,,,,,,,,,,,,,,,,,,,,,,,,,,,,,,,,,,,,,
10904,3500,10905,11141,,0,42,42,39,39,28,28,29,29,34,34,39,39,112,112,1343,1343,1424,1424,1347,1347,1375,1375,1229,1229,1247,1247,1096,1096,1282,1282,1299,1299,1257,1257,1375,1375,1394,1394,536,536,316,316,190,190,140,140,87,87,,,,,,,,,,,,,,,,,,,,,,,,,,,,,,,,,,,,,,,,,,,,,,,,
10905,1200,10724,10904,10906,1,33,33,31,31,22,22,23,23,26,26,31,31,88,88,1055,1055,1119,1119,1058,1058,1080,1080,966,966,980,980,861,861,1008,1008,1021,1021,988,988,1080,1080,1096,1096,421,421,249,249,150,150,110,110,68,68,,,,,,,,,,,,,,,,,,,,,,,,,,,,,,,,,,,,,,,,,,,,,,,,
10906,4400,10905,10907,,0,42,42,39,39,28,28,29,29,34,34,39,39,112,112,1343,1343,1424,1424,1347,1347,1375,1375,1229,1229,1247,1247,1096,1096,1282,1282,1299,1299,1257,1257,1375,1375,1394,1394,536,536,316,316,190,190,140,140,87,87,,,,,,,,,,,,,,,,,,,,,,,,,,,,,,,,,,,,,,,,,,,,,,,,
10907,800,10739,10906,10787,1,0,0,0,0,0,0,0,0,0,0,0,0,0,0,4,4,4,4,4,4,4,4,3,3,3,3,3,3,4,4,4,4,3,3,4,4,4,4,1,1,1,1,1,1,0,0,0,0,,,,,,,,,,,,,,,,,,,,,,,,,,,,,,,,,,,,,,,,,,,,,,,,
10908,2500,10778,10909,,0,42,42,39,39,28,28,29,29,34,34,39,39,112,112,1343,1343,1424,1424,1347,1347,1375,1375,1229,1229,1247,1247,1096,1096,1282,1282,1299,1299,1257,1257,1375,1375,1394,1394,536,536,316,316,190,190,140,140,87,87,,,,,,,,,,,,,,,,,,,,,,,,,,,,,,,,,,,,,,,,,,,,,,,,
10909,2000,10908,10922,10890,1,42,42,39,39,28,28,29,29,34,34,39,39,112,112,1343,1343,1424,1424,1347,1347,1375,1375,1229,1229,1247,1247,1096,1096,1282,1282,1299,1299,1257,1257,1375,1375,1394,1394,536,536,316,316,190,190,140,140,87,87,,,,,,,,,,,,,,,,,,,,,,,,,,,,,,,,,,,,,,,,,,,,,,,,
10910,2500,10876,10878,10877,1,42,42,39,39,28,28,29,29,34,34,39,39,112,112,1343,1343,1424,1424,1347,1347,1375,1375,1229,1229,1247,1247,1096,1096,1282,1282,1299,1299,1257,1257,1375,1375,1394,1394,536,536,316,316,190,190,140,140,87,87,,,,,,,,,,,,,,,,,,,,,,,,,,,,,,,,,,,,,,,,,,,,,,,,
10911,800,,10774,,0,0,0,0,0,0,0,0,0,0,0,0,0,1,1,10,10,11,11,10,10,10,10,9,9,9,9,8,8,10,10,10,10,9,9,10,10,10,10,4,4,2,2,1,1,1,1,1,1,,,,,,,,,,,,,,,,,,,,,,,,,,,,,,,,,,,,,,,,,,,,,,,,
10912,1600,10875,10913,,0,0,0,0,0,0,0,0,0,0,0,0,0,0,0,2,2,2,2,2,2,2,2,1,1,1,1,1,1,1,1,1,1,1,1,2,2,2,2,1,1,0,0,0,0,0,0,0,0,,,,,,,,,,,,,,,,,,,,,,,,,,,,,,,,,,,,,,,,,,,,,,,,
10913,1200,10912,10914,10758,1,0,0,0,0,0,0,0,0,0,0,0,0,0,0,2,2,2,2,2,2,2,2,2,2,2,2,2,2,2,2,2,2,2,2,2,2,2,2,1,1,1,1,0,0,0,0,0,0,,,,,,,,,,,,,,,,,,,,,,,,,,,,,,,,,,,,,,,,,,,,,,,,
10914,800,10913,10915,,0,0,0,0,0,0,0,0,0,0,0,0,0,0,0,2,2,2,2,2,2,2,2,2,2,2,2,2,2,2,2,2,2,2,2,2,2,2,2,1,1,1,1,0,0,0,0,0,0,,,,,,,,,,,,,,,,,,,,,,,,,,,,,,,,,,,,,,,,,,,,,,,,
10915,1200,10914,10765,10750,1,0,0,0,0,0,0,0,0,0,0,0,0,0,0,2,2,2,2,2,2,2,2,2,2,2,2,2,2,2,2,2,2,2,2,2,2,2,2,1,1,1,1,0,0,0,0,0,0,,,,,,,,,,,,,,,,,,,,,,,,,,,,,,,,,,,,,,,,,,,,,,,,
10916,1200,10885,10917,,0,0,0,0,0,0,0,0,0,0,0,0,0,1,1,6,6,6,6,6,6,6,6,6,6,6,6,5,5,6,6,6,6,6,6,6,6,6,6,2,2,1,1,1,1,1,1,0,0,,,,,,,,,,,,,,,,,,,,,,,,,,,,,,,,,,,,,,,,,,,,,,,,
10917,800,10762,10916,10769,1,0,0,0,0,0,0,0,0,0,0,0,0,1,1,8,8,8,8,8,8,8,8,7,7,7,7,6,6,7,7,8,8,7,7,8,8,8,8,3,3,2,2,1,1,1,1,1,1,,,,,,,,,,,,,,,,,,,,,,,,,,,,,,,,,,,,,,,,,,,,,,,,
10918,3000,,10919,,0,42,42,39,39,28,28,29,29,34,34,39,39,112,112,1343,1343,1424,1424,1347,1347,1375,1375,1229,1229,1247,1247,1096,1096,1282,1282,1299,1299,1257,1257,1375,1375,1394,1394,536,536,316,316,190,190,140,140,87,87,,,,,,,,,,,,,,,,,,,,,,,,,,,,,,,,,,,,,,,,,,,,,,,,
10919,1650,10783,10918,10757,1,42,42,39,39,28,28,29,29,34,34,39,39,112,112,1343,1343,1424,1424,1347,1347,1375,1375,1229,1229,1247,1247,1096,1096,1282,1282,1299,1299,1257,1257,1375,1375,1394,1394,536,536,316,316,190,190,140,140,87,87,,,,,,,,,,,,,,,,,,,,,,,,,,,,,,,,,,,,,,,,,,,,,,,,
10920,1600,10921,,,0,0,0,0,0,0,0,0,0,0,0,0,0,0,0,1,1,1,1,1,1,1,1,0,0,0,0,0,0,0,0,1,1,0,0,1,1,1,1,0,0,0,0,0,0,0,0,0,0,,,,,,,,,,,,,,,,,,,,,,,,,,,,,,,,,,,,,,,,,,,,,,,,
10921,800,10757,10920,10709,1,0,0,0,0,0,0,0,0,0,0,0,0,0,0,1,1,1,1,1,1,1,1,1,1,1,1,1,1,1,1,1,1,1,1,1,1,1,1,0,0,0,0,0,0,0,0,0,0,,,,,,,,,,,,,,,,,,,,,,,,,,,,,,,,,,,,,,,,,,,,,,,,
10922,2500,10909,10923,,0,42,42,39,39,28,28,29,29,34,34,39,39,112,112,1343,1343,1424,1424,1347,1347,1375,1375,1229,1229,1247,1247,1096,1096,1282,1282,1299,1299,1257,1257,1375,1375,1394,1394,536,536,316,316,190,190,140,140,87,87,,,,,,,,,,,,,,,,,,,,,,,,,,,,,,,,,,,,,,,,,,,,,,,,
10923,2500,10775,10922,10783,1,42,42,39,39,28,28,29,29,34,34,39,39,112,112,1343,1343,1424,1424,1347,1347,1375,1375,1229,1229,1247,1247,1096,1096,1282,1282,1299,1299,1257,1257,1375,1375,1394,1394,536,536,316,316,190,190,140,140,87,87,,,,,,,,,,,,,,,,,,,,,,,,,,,,,,,,,,,,,,,,,,,,,,,,
10924,1200,10700,10925,,0,0,0,0,0,0,0,0,0,0,0,0,0,0,0,1,1,1,1,1,1,1,1,1,1,1,1,1,1,1,1,1,1,1,1,1,1,1,1,1,1,0,0,0,0,0,0,0,0,,,,,,,,,,,,,,,,,,,,,,,,,,,,,,,,,,,,,,,,,,,,,,,,
10925,400,10924,10702,10926,1,0,0,0,0,0,0,0,0,0,0,0,0,0,0,1,1,1,1,1,1,1,1,1,1,1,1,1,1,1,1,1,1,1,1,1,1,1,1,0,0,0,0,0,0,0,0,0,0,,,,,,,,,,,,,,,,,,,,,,,,,,,,,,,,,,,,,,,,,,,,,,,,
10926,300,10925,10927,,0,0,0,0,0,0,0,0,0,0,0,0,0,0,0,1,1,1,1,1,1,1,1,1,1,1,1,1,1,1,1,1,1,1,1,1,1,1,1,0,0,0,0,0,0,0,0,0,0,,,,,,,,,,,,,,,,,,,,,,,,,,,,,,,,,,,,,,,,,,,,,,,,
10927,600,10695,10687,10926,1,0,0,0,0,0,0,0,0,0,0,0,0,0,0,1,1,1,1,1,1,1,1,1,1,1,1,1,1,1,1,1,1,1,1,1,1,1,1,0,0,0,0,0,0,0,0,0,0,,,,,,,,,,,,,,,,,,,,,,,,,,,,,,,,,,,,,,,,,,,,,,,,
10928,800,10929,10683,,0,0,0,0,0,0,0,0,0,0,0,0,0,0,0,0,0,0,0,0,0,0,0,0,0,0,0,0,0,0,0,0,0,0,0,0,0,0,0,0,0,0,0,0,0,0,0,0,0,,,,,,,,,,,,,,,,,,,,,,,,,,,,,,,,,,,,,,,,,,,,,,,,
10929,400,10930,10928,10678,1,0,0,0,0,0,0,0,0,0,0,0,0,0,0,0,0,1,1,1,1,1,1,0,0,0,0,0,0,0,0,0,0,0,0,1,1,0,0,0,0,0,0,0,0,0,0,0,0,,,,,,,,,,,,,,,,,,,,,,,,,,,,,,,,,,,,,,,,,,,,,,,,
10930,1200,10929,10931,,0,0,0,0,0,0,0,0,0,0,0,0,0,0,0,1,1,1,1,1,1,1,1,1,1,1,1,1,1,1,1,1,1,1,1,1,1,1,1,0,0,0,0,0,0,0,0,0,0,,,,,,,,,,,,,,,,,,,,,,,,,,,,,,,,,,,,,,,,,,,,,,,,
10931,800,7699,10930,10932,1,0,0,0,0,0,0,0,0,0,0,0,0,0,0,4,4,5,5,4,4,4,4,4,4,4,4,4,4,4,4,4,4,4,4,4,4,4,4,2,2,1,1,1,1,1,1,0,0,,,,,,,,,,,,,,,,,,,,,,,,,,,,,,,,,,,,,,,,,,,,,,,,
10932,600,10933,10931,,0,0,0,0,0,0,0,0,0,0,0,0,0,0,0,4,4,5,5,4,4,4,4,4,4,4,4,4,4,4,4,4,4,4,4,4,4,4,4,2,2,1,1,1,1,1,1,0,0,,,,,,,,,,,,,,,,,,,,,,,,,,,,,,,,,,,,,,,,,,,,,,,,
10933,300,10934,10932,10664,1,0,0,0,0,0,0,0,0,0,0,0,0,0,0,1,1,1,1,1,1,1,1,1,1,1,1,1,1,1,1,1,1,1,1,1,1,1,1,1,1,0,0,0,0,0,0,0,0,,,,,,,,,,,,,,,,,,,,,,,,,,,,,,,,,,,,,,,,,,,,,,,,
10934,3500,10933,10935,,0,67,67,70,70,49,49,53,53,62,62,67,67,186,186,910,910,1134,1134,1023,1023,977,977,900,900,812,812,861,861,864,864,851,851,886,886,939,939,854,854,524,524,336,336,227,227,165,165,84,84,,,,,,,,,,,,,,,,,,,,,,,,,,,,,,,,,,,,,,,,,,,,,,,,
10935,500,10654,10934,10936,1,67,67,70,70,49,49,53,53,62,62,67,67,186,186,910,910,1134,1134,1023,1023,977,977,900,900,812,812,861,861,864,864,851,851,886,886,939,939,854,854,524,524,336,336,227,227,165,165,84,84,,,,,,,,,,,,,,,,,,,,,,,,,,,,,,,,,,,,,,,,,,,,,,,,
10936,300,10937,10935,,0,0,0,0,0,0,0,0,0,0,0,0,0,0,0,2,2,2,2,2,2,2,2,2,2,2,2,2,2,2,2,2,2,2,2,2,2,2,2,1,1,1,1,0,0,0,0,0,0,,,,,,,,,,,,,,,,,,,,,,,,,,,,,,,,,,,,,,,,,,,,,,,,
10937,300,10938,11305,10936,1,0,0,0,0,0,0,0,0,0,0,0,0,0,0,2,2,2,2,2,2,2,2,2,2,2,2,2,2,2,2,2,2,2,2,2,2,2,2,1,1,1,1,0,0,0,0,0,0,,,,,,,,,,,,,,,,,,,,,,,,,,,,,,,,,,,,,,,,,,,,,,,,
10938,600,10937,10939,,0,0,0,0,0,0,0,0,0,0,0,0,0,0,0,1,1,1,1,1,1,1,1,1,1,1,1,1,1,1,1,1,1,1,1,1,1,1,1,1,1,0,0,0,0,0,0,0,0,,,,,,,,,,,,,,,,,,,,,,,,,,,,,,,,,,,,,,,,,,,,,,,,
10939,300,10952,10940,10938,1,0,0,0,0,0,0,0,0,0,0,0,0,0,0,1,1,1,1,1,1,1,1,1,1,1,1,1,1,1,1,1,1,1,1,1,1,1,1,0,0,0,0,0,0,0,0,0,0,,,,,,,,,,,,,,,,,,,,,,,,,,,,,,,,,,,,,,,,,,,,,,,,
10940,400,10939,10941,,0,0,0,0,0,0,0,0,0,0,0,0,0,0,0,1,1,1,1,1,1,1,1,1,1,1,1,1,1,1,1,1,1,1,1,1,1,1,1,0,0,0,0,0,0,0,0,0,0,,,,,,,,,,,,,,,,,,,,,,,,,,,,,,,,,,,,,,,,,,,,,,,,
10941,1200,10940,11048,10651;10673,2,0,0,0,0,0,0,0,0,0,0,0,0,0,0,1,1,1,1,1,1,1,1,1,1,0,0,0,0,1,1,1,1,1,1,1,1,1,1,0,0,0,0,0,0,0,0,0,0,,,,,,,,,,,,,,,,,,,,,,,,,,,,,,,,,,,,,,,,,,,,,,,,
10942,400,10943,7707,7405,1,0,0,0,0,0,0,0,0,0,0,0,0,0,0,4,4,5,5,4,4,4,4,4,4,4,4,4,4,4,4,4,4,4,4,4,4,4,4,2,2,1,1,1,1,1,1,0,0,,,,,,,,,,,,,,,,,,,,,,,,,,,,,,,,,,,,,,,,,,,,,,,,
10943,800,10944,10942,,0,0,0,0,0,0,0,0,0,0,0,0,0,0,0,2,2,2,2,2,2,2,2,2,2,1,1,1,1,2,2,2,2,2,2,2,2,2,2,1,1,0,0,0,0,0,0,0,0,,,,,,,,,,,,,,,,,,,,,,,,,,,,,,,,,,,,,,,,,,,,,,,,
10944,300,10945,10662,10943,1,0,0,0,0,0,0,0,0,0,0,0,0,0,0,2,2,2,2,2,2,2,2,2,2,1,1,1,1,2,2,2,2,2,2,2,2,2,2,1,1,0,0,0,0,0,0,0,0,,,,,,,,,,,,,,,,,,,,,,,,,,,,,,,,,,,,,,,,,,,,,,,,
10945,300,10944,10946,,0,0,0,0,0,0,0,0,0,0,0,0,0,0,0,2,2,2,2,2,2,2,2,1,1,1,1,1,1,1,1,1,1,1,1,2,2,2,2,1,1,0,0,0,0,0,0,0,0,,,,,,,,,,,,,,,,,,,,,,,,,,,,,,,,,,,,,,,,,,,,,,,,
10946,300,10945,10638,10655,1,0,0,0,0,0,0,0,0,0,0,0,0,0,0,2,2,2,2,2,2,2,2,1,1,1,1,1,1,1,1,1,1,1,1,2,2,1,1,1,1,0,0,0,0,0,0,0,0,,,,,,,,,,,,,,,,,,,,,,,,,,,,,,,,,,,,,,,,,,,,,,,,
10947,800,10948,7712,,0,0,0,0,0,0,0,0,0,0,0,0,0,0,0,1,1,1,1,1,1,1,1,1,1,1,1,0,0,1,1,1,1,1,1,1,1,1,1,0,0,0,0,0,0,0,0,0,0,,,,,,,,,,,,,,,,,,,,,,,,,,,,,,,,,,,,,,,,,,,,,,,,
10948,600,10947,,,0,0,0,0,0,0,0,0,0,0,0,0,0,0,0,0,0,1,1,0,0,0,0,0,0,0,0,0,0,0,0,0,0,0,0,0,0,0,0,0,0,0,0,0,0,0,0,0,0,,,,,,,,,,,,,,,,,,,,,,,,,,,,,,,,,,,,,,,,,,,,,,,,
10949,300,10950,10646,,0,0,0,0,0,0,0,0,0,0,0,0,0,0,0,0,0,0,0,0,0,0,0,0,0,0,0,0,0,0,0,0,0,0,0,0,0,0,0,0,0,0,0,0,0,0,0,0,0,,,,,,,,,,,,,,,,,,,,,,,,,,,,,,,,,,,,,,,,,,,,,,,,
10950,1600,10949,10951,,0,0,0,0,0,0,0,0,0,0,0,0,0,0,0,1,1,1,1,1,1,1,1,1,1,1,1,1,1,1,1,1,1,1,1,1,1,1,1,0,0,0,0,0,0,0,0,0,0,,,,,,,,,,,,,,,,,,,,,,,,,,,,,,,,,,,,,,,,,,,,,,,,
10951,400,10654,10631,10950,1,0,0,0,0,0,0,0,0,0,0,0,0,0,0,1,1,1,1,1,1,1,1,1,1,1,1,1,1,1,1,1,1,1,1,1,1,1,1,0,0,0,0,0,0,0,0,0,0,,,,,,,,,,,,,,,,,,,,,,,,,,,,,,,,,,,,,,,,,,,,,,,,
10952,600,10953,10939,,0,0,0,0,0,0,0,0,0,0,0,0,0,0,0,2,2,2,2,2,2,2,2,2,2,1,1,1,1,2,2,2,2,2,2,2,2,2,2,1,1,0,0,0,0,0,0,0,0,,,,,,,,,,,,,,,,,,,,,,,,,,,,,,,,,,,,,,,,,,,,,,,,
10953,300,10954,10952,11058,1,0,0,0,0,0,0,0,0,0,0,0,0,0,0,1,1,1,1,1,1,1,1,1,1,1,1,1,1,1,1,1,1,1,1,1,1,1,1,0,0,0,0,0,0,0,0,0,0,,,,,,,,,,,,,,,,,,,,,,,,,,,,,,,,,,,,,,,,,,,,,,,,
10954,300,10953,10955,,0,0,0,0,0,0,0,0,0,0,0,0,0,0,0,1,1,1,1,1,1,1,1,1,1,1,1,1,1,1,1,1,1,1,1,1,1,1,1,0,0,0,0,0,0,0,0,0,0,,,,,,,,,,,,,,,,,,,,,,,,,,,,,,,,,,,,,,,,,,,,,,,,
10955,300,10652,10954,10631,1,0,0,0,0,0,0,0,0,0,0,0,0,0,0,1,1,1,1,1,1,1,1,1,1,1,1,1,1,1,1,1,1,1,1,1,1,1,1,0,0,0,0,0,0,0,0,0,0,,,,,,,,,,,,,,,,,,,,,,,,,,,,,,,,,,,,,,,,,,,,,,,,
10956,800,10957,10604,,0,0,0,0,0,0,0,0,0,0,0,0,0,0,0,1,1,1,1,1,1,1,1,1,1,1,1,1,1,1,1,1,1,1,1,1,1,1,1,0,0,0,0,0,0,0,0,0,0,,,,,,,,,,,,,,,,,,,,,,,,,,,,,,,,,,,,,,,,,,,,,,,,
10957,300,10956,10652,10614,1,0,0,0,0,0,0,0,0,0,0,0,0,0,0,1,1,1,1,1,1,1,1,1,1,1,1,1,1,1,1,1,1,1,1,1,1,1,1,0,0,0,0,0,0,0,0,0,0,,,,,,,,,,,,,,,,,,,,,,,,,,,,,,,,,,,,,,,,,,,,,,,,
10958,800,10814,10959,,0,0,0,0,0,0,0,0,0,0,0,0,0,0,0,1,1,1,1,1,1,1,1,1,1,0,0,0,0,1,1,1,1,1,1,1,1,1,1,0,0,0,0,0,0,0,0,0,0,,,,,,,,,,,,,,,,,,,,,,,,,,,,,,,,,,,,,,,,,,,,,,,,
10959,800,10699,10958,10734,1,0,0,0,0,0,0,0,0,0,0,0,0,0,0,1,1,1,1,1,1,1,1,1,1,1,1,1,1,1,1,1,1,1,1,1,1,1,1,0,0,0,0,0,0,0,0,0,0,,,,,,,,,,,,,,,,,,,,,,,,,,,,,,,,,,,,,,,,,,,,,,,,
10960,300,,10961,,0,0,0,0,0,0,0,0,0,0,0,0,0,0,0,0,0,0,0,0,0,0,0,0,0,0,0,0,0,0,0,0,0,0,0,0,0,0,0,0,0,0,0,0,0,0,0,0,0,,,,,,,,,,,,,,,,,,,,,,,,,,,,,,,,,,,,,,,,,,,,,,,,
10961,300,10960,10673,10669,1,0,0,0,0,0,0,0,0,0,0,0,0,0,0,0,0,0,0,0,0,0,0,0,0,0,0,0,0,0,0,0,0,0,0,0,0,0,0,0,0,0,0,0,0,0,0,0,0,,,,,,,,,,,,,,,,,,,,,,,,,,,,,,,,,,,,,,,,,,,,,,,,
10962,600,11049,10963,,0,0,0,0,0,0,0,0,0,0,0,0,0,0,0,1,1,1,1,1,1,1,1,1,1,1,1,0,0,1,1,1,1,1,1,1,1,1,1,0,0,0,0,0,0,0,0,0,0,,,,,,,,,,,,,,,,,,,,,,,,,,,,,,,,,,,,,,,,,,,,,,,,
10963,600,10964,10669,10962,1,0,0,0,0,0,0,0,0,0,0,0,0,0,0,1,1,1,1,1,1,1,1,1,1,0,0,0,0,1,1,1,1,1,1,1,1,1,1,0,0,0,0,0,0,0,0,0,0,,,,,,,,,,,,,,,,,,,,,,,,,,,,,,,,,,,,,,,,,,,,,,,,
10964,1200,10963,10965,,0,0,0,0,0,0,0,0,0,0,0,0,0,0,0,1,1,1,1,1,1,1,1,0,0,0,0,0,0,1,1,1,1,1,1,1,1,1,1,0,0,0,0,0,0,0,0,0,0,,,,,,,,,,,,,,,,,,,,,,,,,,,,,,,,,,,,,,,,,,,,,,,,
10965,300,10964,10982,10966,1,0,0,0,0,0,0,0,0,0,0,0,0,0,0,0,0,1,1,0,0,0,0,0,0,0,0,0,0,0,0,0,0,0,0,0,0,0,0,0,0,0,0,0,0,0,0,0,0,,,,,,,,,,,,,,,,,,,,,,,,,,,,,,,,,,,,,,,,,,,,,,,,
10966,1200,10967,10965,,0,0,0,0,0,0,0,0,0,0,0,0,0,0,0,0,0,1,1,1,1,1,1,0,0,0,0,0,0,0,0,0,0,0,0,0,0,0,0,0,0,0,0,0,0,0,0,0,0,,,,,,,,,,,,,,,,,,,,,,,,,,,,,,,,,,,,,,,,,,,,,,,,
10967,300,10966,10686,10968,1,0,0,0,0,0,0,0,0,0,0,0,0,0,0,1,1,1,1,1,1,1,1,0,0,0,0,0,0,0,0,0,0,0,0,1,1,0,0,0,0,0,0,0,0,0,0,0,0,,,,,,,,,,,,,,,,,,,,,,,,,,,,,,,,,,,,,,,,,,,,,,,,
10968,1200,10967,10969,10686,1,0,0,0,0,0,0,0,0,0,0,0,0,0,0,0,0,0,0,0,0,0,0,0,0,0,0,0,0,0,0,0,0,0,0,0,0,0,0,0,0,0,0,0,0,0,0,0,0,,,,,,,,,,,,,,,,,,,,,,,,,,,,,,,,,,,,,,,,,,,,,,,,
10969,800,10968,10970,10817,1,33,33,31,31,22,22,23,23,26,26,31,31,88,88,1055,1055,1119,1119,1058,1058,1080,1080,966,966,980,980,861,861,1008,1008,1021,1021,988,988,1080,1080,1096,1096,421,421,249,249,150,150,110,110,68,68,,,,,,,,,,,,,,,,,,,,,,,,,,,,,,,,,,,,,,,,,,,,,,,,
10970,800,10969,10971,,0,0,0,0,0,0,0,0,0,0,0,0,0,0,0,0,0,1,1,1,1,1,1,0,0,0,0,0,0,0,0,0,0,0,0,1,1,0,0,0,0,0,0,0,0,0,0,0,0,,,,,,,,,,,,,,,,,,,,,,,,,,,,,,,,,,,,,,,,,,,,,,,,
10971,600,10720,10711,10970,1,0,0,0,0,0,0,0,0,0,0,0,0,0,0,1,1,1,1,1,1,1,1,0,0,0,0,0,0,0,0,0,0,0,0,1,1,1,1,0,0,0,0,0,0,0,0,0,0,,,,,,,,,,,,,,,,,,,,,,,,,,,,,,,,,,,,,,,,,,,,,,,,
10972,800,10831,10973,,0,0,0,0,0,0,0,0,0,0,0,0,0,0,0,1,1,1,1,1,1,1,1,1,1,1,1,1,1,1,1,1,1,1,1,1,1,1,1,0,0,0,0,0,0,0,0,0,0,,,,,,,,,,,,,,,,,,,,,,,,,,,,,,,,,,,,,,,,,,,,,,,,
10973,800,10698,10972,10974,1,0,0,0,0,0,0,0,0,0,0,0,0,0,0,1,1,1,1,1,1,1,1,1,1,1,1,1,1,1,1,1,1,1,1,1,1,1,1,0,0,0,0,0,0,0,0,0,0,,,,,,,,,,,,,,,,,,,,,,,,,,,,,,,,,,,,,,,,,,,,,,,,
10974,1200,10975,10973,,0,0,0,0,0,0,0,0,0,0,0,0,0,0,0,1,1,2,2,1,1,1,1,1,1,1,1,1,1,1,1,1,1,1,1,1,1,1,1,1,1,0,0,0,0,0,0,0,0,,,,,,,,,,,,,,,,,,,,,,,,,,,,,,,,,,,,,,,,,,,,,,,,
10975,800,10974,10976,10980,1,0,0,0,0,0,0,0,0,0,0,0,0,0,0,1,1,1,1,1,1,1,1,1,1,1,1,1,1,1,1,1,1,1,1,1,1,1,1,1,1,0,0,0,0,0,0,0,0,,,,,,,,,,,,,,,,,,,,,,,,,,,,,,,,,,,,,,,,,,,,,,,,
10976,800,10977,10975,,0,0,0,0,0,0,0,0,0,0,0,0,0,0,0,1,1,2,2,2,2,2,2,1,1,1,1,1,1,1,1,1,1,1,1,2,2,1,1,1,1,0,0,0,0,0,0,0,0,,,,,,,,,,,,,,,,,,,,,,,,,,,,,,,,,,,,,,,,,,,,,,,,
10977,800,10976,10830,10690,1,0,0,0,0,0,0,0,0,0,0,0,0,0,0,2,2,2,2,2,2,2,2,2,2,2,2,1,1,2,2,2,2,2,2,2,2,2,2,1,1,0,0,0,0,0,0,0,0,,,,,,,,,,,,,,,,,,,,,,,,,,,,,,,,,,,,,,,,,,,,,,,,
10978,300,10979,,,0,0,0,0,0,0,0,0,0,0,0,0,0,0,0,2,2,2,2,2,2,2,2,2,2,2,2,2,2,2,2,2,2,2,2,2,2,2,2,1,1,1,1,0,0,0,0,0,0,,,,,,,,,,,,,,,,,,,,,,,,,,,,,,,,,,,,,,,,,,,,,,,,
10979,600,10676,10978,10681,1,0,0,0,0,0,0,0,0,0,0,0,0,0,0,2,2,2,2,2,2,2,2,2,2,2,2,2,2,2,2,2,2,2,2,2,2,2,2,1,1,1,1,0,0,0,0,0,0,,,,,,,,,,,,,,,,,,,,,,,,,,,,,,,,,,,,,,,,,,,,,,,,
10980,1200,10975,10981,,0,0,0,0,0,0,0,0,0,0,0,0,0,0,0,1,1,1,1,1,1,1,1,1,1,1,1,1,1,1,1,1,1,1,1,1,1,1,1,1,1,0,0,0,0,0,0,0,0,,,,,,,,,,,,,,,,,,,,,,,,,,,,,,,,,,,,,,,,,,,,,,,,
10981,400,10675,10980,10681,1,0,0,0,0,0,0,0,0,0,0,0,0,0,0,2,2,2,2,2,2,2,2,1,1,1,1,1,1,1,1,1,1,1,1,2,2,2,2,1,1,0,0,0,0,0,0,0,0,,,,,,,,,,,,,,,,,,,,,,,,,,,,,,,,,,,,,,,,,,,,,,,,
10982,300,10983,10965,,0,0,0,0,0,0,0,0,0,0,0,0,0,0,0,1,1,1,1,1,1,1,1,1,1,1,1,0,0,1,1,1,1,1,1,1,1,1,1,0,0,0,0,0,0,0,0,0,0,,,,,,,,,,,,,,,,,,,,,,,,,,,,,,,,,,,,,,,,,,,,,,,,
10983,300,10982,10984,10680,1,0,0,0,0,0,0,0,0,0,0,0,0,0,0,1,1,1,1,1,1,1,1,1,1,1,1,1,1,1,1,1,1,1,1,1,1,1,1,0,0,0,0,0,0,0,0,0,0,,,,,,,,,,,,,,,,,,,,,,,,,,,,,,,,,,,,,,,,,,,,,,,,
10984,300,10985,10983,,0,0,0,0,0,0,0,0,0,0,0,0,0,0,0,1,1,1,1,1,1,1,1,1,1,1,1,1,1,1,1,1,1,1,1,1,1,1,1,0,0,0,0,0,0,0,0,0,0,,,,,,,,,,,,,,,,,,,,,,,,,,,,,,,,,,,,,,,,,,,,,,,,
10985,300,10984,10986,10679,1,0,0,0,0,0,0,0,0,0,0,0,0,0,0,1,1,1,1,1,1,1,1,1,1,1,1,1,1,1,1,1,1,1,1,1,1,1,1,1,1,0,0,0,0,0,0,0,0,,,,,,,,,,,,,,,,,,,,,,,,,,,,,,,,,,,,,,,,,,,,,,,,
10986,300,10985,10987,,0,0,0,0,0,0,0,0,0,0,0,0,0,0,0,1,1,2,2,1,1,1,1,1,1,1,1,1,1,1,1,1,1,1,1,1,1,1,1,1,1,0,0,0,0,0,0,0,0,,,,,,,,,,,,,,,,,,,,,,,,,,,,,,,,,,,,,,,,,,,,,,,,
10987,300,10986,10698,10988,1,0,0,0,0,0,0,0,0,0,0,0,0,0,0,1,1,2,2,2,2,1,1,1,1,1,1,1,1,1,1,1,1,1,1,1,1,1,1,1,1,0,0,0,0,0,0,0,0,,,,,,,,,,,,,,,,,,,,,,,,,,,,,,,,,,,,,,,,,,,,,,,,
10988,3000,10987,10989,10661,1,67,67,70,70,49,49,53,53,62,62,67,67,186,186,910,910,1134,1134,1023,1023,977,977,900,900,812,812,861,861,864,864,851,851,886,886,939,939,854,854,524,524,336,336,227,227,165,165,84,84,,,,,,,,,,,,,,,,,,,,,,,,,,,,,,,,,,,,,,,,,,,,,,,,
10989,300,10988,10990,10992,1,0,0,0,0,0,0,0,0,0,0,0,0,0,0,1,1,2,2,1,1,1,1,1,1,1,1,1,1,1,1,1,1,1,1,1,1,1,1,1,1,0,0,0,0,0,0,0,0,,,,,,,,,,,,,,,,,,,,,,,,,,,,,,,,,,,,,,,,,,,,,,,,
10990,300,10991,10989,,0,0,0,0,0,0,0,0,0,0,0,0,0,0,0,1,1,1,1,1,1,1,1,1,1,1,1,1,1,1,1,1,1,1,1,1,1,1,1,1,1,0,0,0,0,0,0,0,0,,,,,,,,,,,,,,,,,,,,,,,,,,,,,,,,,,,,,,,,,,,,,,,,
10991,300,10990,10663,10671,1,0,0,0,0,0,0,0,0,0,0,0,0,0,0,1,1,1,1,1,1,1,1,1,1,1,1,1,1,1,1,1,1,1,1,1,1,1,1,1,1,0,0,0,0,0,0,0,0,,,,,,,,,,,,,,,,,,,,,,,,,,,,,,,,,,,,,,,,,,,,,,,,
10992,1200,10989,10993,,0,0,0,0,0,0,0,0,0,0,0,0,0,0,0,1,1,1,1,1,1,1,1,1,1,1,1,1,1,1,1,1,1,1,1,1,1,1,1,0,0,0,0,0,0,0,0,0,0,,,,,,,,,,,,,,,,,,,,,,,,,,,,,,,,,,,,,,,,,,,,,,,,
10993,300,10649,10992,10994,1,0,0,0,0,0,0,0,0,0,0,0,0,0,0,1,1,1,1,1,1,1,1,1,1,1,1,1,1,1,1,1,1,1,1,1,1,1,1,0,0,0,0,0,0,0,0,0,0,,,,,,,,,,,,,,,,,,,,,,,,,,,,,,,,,,,,,,,,,,,,,,,,
10994,800,10993,10995,,0,53,53,55,55,38,38,42,42,48,48,53,53,146,146,715,715,891,891,804,804,768,768,707,707,638,638,676,676,679,679,669,669,696,696,738,738,671,671,411,411,264,264,178,178,130,130,66,66,,,,,,,,,,,,,,,,,,,,,,,,,,,,,,,,,,,,,,,,,,,,,,,,
10995,400,10994,10658,10653,1,0,0,0,0,0,0,0,0,0,0,0,0,0,0,1,1,2,2,1,1,1,1,1,1,1,1,1,1,1,1,1,1,1,1,1,1,1,1,1,1,0,0,0,0,0,0,0,0,,,,,,,,,,,,,,,,,,,,,,,,,,,,,,,,,,,,,,,,,,,,,,,,
10996,1200,10997,10999,,0,0,0,0,0,0,0,0,0,0,0,0,0,0,0,1,1,1,1,1,1,1,1,1,1,1,1,1,1,1,1,1,1,1,1,1,1,1,1,0,0,0,0,0,0,0,0,0,0,,,,,,,,,,,,,,,,,,,,,,,,,,,,,,,,,,,,,,,,,,,,,,,,
10997,400,10653,10626,10996,1,0,0,0,0,0,0,0,0,0,0,0,0,0,0,1,1,1,1,1,1,1,1,1,1,1,1,1,1,1,1,1,1,1,1,1,1,1,1,0,0,0,0,0,0,0,0,0,0,,,,,,,,,,,,,,,,,,,,,,,,,,,,,,,,,,,,,,,,,,,,,,,,
10998,800,10609,10999,,0,0,0,0,0,0,0,0,0,0,0,0,0,0,0,0,0,1,1,0,0,0,0,0,0,0,0,0,0,0,0,0,0,0,0,0,0,0,0,0,0,0,0,0,0,0,0,0,0,,,,,,,,,,,,,,,,,,,,,,,,,,,,,,,,,,,,,,,,,,,,,,,,
10999,300,10627,10998,10996,1,0,0,0,0,0,0,0,0,0,0,0,0,0,0,1,1,1,1,1,1,1,1,1,1,1,1,0,0,1,1,1,1,1,1,1,1,1,1,0,0,0,0,0,0,0,0,0,0,,,,,,,,,,,,,,,,,,,,,,,,,,,,,,,,,,,,,,,,,,,,,,,,
11,2000,31,6,3;35,2,27,27,28,28,20,20,21,21,25,25,27,27,74,74,1049,1049,1182,1182,1170,1170,1126,1126,1056,1056,970,970,1022,1022,982,982,1052,1052,1066,1066,1112,1112,1010,1010,210,210,134,134,91,91,66,66,34,34,,,,,,,,,,,,,,,,,,,,,,,,,,,,,,,,,,,,,,,,,,,,,,,,
110,1600,113,107,106;132,2,0,0,0,0,0,0,0,0,0,0,0,0,1,1,8,8,10,10,9,9,9,9,8,8,7,7,8,8,8,8,8,8,8,8,8,8,8,8,3,3,2,2,1,1,1,1,1,1,,,,,,,,,,,,,,,,,,,,,,,,,,,,,,,,,,,,,,,,,,,,,,,,
11000,1600,11057,11001,,0,0,0,0,0,0,0,0,0,0,0,0,0,0,0,1,1,1,1,1,1,1,1,1,1,1,1,1,1,1,1,1,1,1,1,1,1,1,1,0,0,0,0,0,0,0,0,0,0,,,,,,,,,,,,,,,,,,,,,,,,,,,,,,,,,,,,,,,,,,,,,,,,
11001,800,11002,11000,10617;10618,2,0,0,0,0,0,0,0,0,0,0,0,0,0,0,1,1,1,1,1,1,1,1,1,1,1,1,0,0,1,1,1,1,1,1,1,1,1,1,0,0,0,0,0,0,0,0,0,0,,,,,,,,,,,,,,,,,,,,,,,,,,,,,,,,,,,,,,,,,,,,,,,,
11002,800,11003,11001,,0,0,0,0,0,0,0,0,0,0,0,0,0,0,0,0,0,0,0,0,0,0,0,0,0,0,0,0,0,0,0,0,0,0,0,0,0,0,0,0,0,0,0,0,0,0,0,0,0,,,,,,,,,,,,,,,,,,,,,,,,,,,,,,,,,,,,,,,,,,,,,,,,
11003,1200,11002,11004,11064,1,0,0,0,0,0,0,0,0,0,0,0,0,0,0,0,0,0,0,0,0,0,0,0,0,0,0,0,0,0,0,0,0,0,0,0,0,0,0,0,0,0,0,0,0,0,0,0,0,,,,,,,,,,,,,,,,,,,,,,,,,,,,,,,,,,,,,,,,,,,,,,,,
11004,1200,11005,11003,,0,53,53,55,55,38,38,42,42,48,48,53,53,146,146,715,715,891,891,804,804,768,768,707,707,638,638,676,676,679,679,669,669,696,696,738,738,671,671,411,411,264,264,178,178,130,130,66,66,,,,,,,,,,,,,,,,,,,,,,,,,,,,,,,,,,,,,,,,,,,,,,,,
11005,1200,11004,10583,11006,1,0,0,0,0,0,0,0,0,0,0,0,0,0,0,1,1,1,1,1,1,1,1,1,1,1,1,1,1,1,1,1,1,1,1,1,1,1,1,0,0,0,0,0,0,0,0,0,0,,,,,,,,,,,,,,,,,,,,,,,,,,,,,,,,,,,,,,,,,,,,,,,,
11006,1200,11005,11007,,0,0,0,0,0,0,0,0,0,0,0,0,0,0,0,1,1,1,1,1,1,1,1,1,1,1,1,1,1,1,1,1,1,1,1,1,1,1,1,0,0,0,0,0,0,0,0,0,0,,,,,,,,,,,,,,,,,,,,,,,,,,,,,,,,,,,,,,,,,,,,,,,,
11007,800,11008,10574,11006,1,0,0,0,0,0,0,0,0,0,0,0,0,0,0,1,1,1,1,1,1,1,1,1,1,1,1,1,1,1,1,1,1,1,1,1,1,1,1,0,0,0,0,0,0,0,0,0,0,,,,,,,,,,,,,,,,,,,,,,,,,,,,,,,,,,,,,,,,,,,,,,,,
11008,1200,11009,11007,,0,0,0,0,0,0,0,0,0,0,0,0,0,0,0,1,1,1,1,1,1,1,1,1,1,1,1,1,1,1,1,1,1,1,1,1,1,1,1,0,0,0,0,0,0,0,0,0,0,,,,,,,,,,,,,,,,,,,,,,,,,,,,,,,,,,,,,,,,,,,,,,,,
11009,1200,11010,11008,10561,1,0,0,0,0,0,0,0,0,0,0,0,0,0,0,0,0,0,0,0,0,0,0,0,0,0,0,0,0,0,0,0,0,0,0,0,0,0,0,0,0,0,0,0,0,0,0,0,0,,,,,,,,,,,,,,,,,,,,,,,,,,,,,,,,,,,,,,,,,,,,,,,,
11010,800,11009,11011,,0,0,0,0,0,0,0,0,0,0,0,0,0,0,0,0,0,0,0,0,0,0,0,0,0,0,0,0,0,0,0,0,0,0,0,0,0,0,0,0,0,0,0,0,0,0,0,0,0,,,,,,,,,,,,,,,,,,,,,,,,,,,,,,,,,,,,,,,,,,,,,,,,
11011,800,11010,11012,10552,1,0,0,0,0,0,0,0,0,0,0,0,0,0,0,0,0,0,0,0,0,0,0,0,0,0,0,0,0,0,0,0,0,0,0,0,0,0,0,0,0,0,0,0,0,0,0,0,0,,,,,,,,,,,,,,,,,,,,,,,,,,,,,,,,,,,,,,,,,,,,,,,,
11012,800,11011,11013,,0,0,0,0,0,0,0,0,0,0,0,0,0,0,0,1,1,1,1,1,1,1,1,0,0,0,0,0,0,0,0,0,0,0,0,1,1,1,1,0,0,0,0,0,0,0,0,0,0,,,,,,,,,,,,,,,,,,,,,,,,,,,,,,,,,,,,,,,,,,,,,,,,
11013,1200,11012,11014,10541,1,33,33,31,31,22,22,23,23,26,26,31,31,88,88,1055,1055,1119,1119,1058,1058,1080,1080,966,966,980,980,861,861,1008,1008,1021,1021,988,988,1080,1080,1096,1096,421,421,249,249,150,150,110,110,68,68,,,,,,,,,,,,,,,,,,,,,,,,,,,,,,,,,,,,,,,,,,,,,,,,
11014,1200,11015,11013,,0,0,0,0,0,0,0,0,0,0,0,0,0,0,0,1,1,1,1,1,1,1,1,1,1,1,1,1,1,1,1,1,1,1,1,1,1,1,1,0,0,0,0,0,0,0,0,0,0,,,,,,,,,,,,,,,,,,,,,,,,,,,,,,,,,,,,,,,,,,,,,,,,
11015,1600,10533,11016,11014,1,0,0,0,0,0,0,0,0,0,0,0,0,0,0,1,1,1,1,1,1,1,1,1,1,1,1,1,1,1,1,1,1,1,1,1,1,1,1,0,0,0,0,0,0,0,0,0,0,,,,,,,,,,,,,,,,,,,,,,,,,,,,,,,,,,,,,,,,,,,,,,,,
11016,2500,11017,11015,,0,54,54,54,54,38,38,41,41,48,48,53,53,149,149,1126,1126,1279,1279,1185,1185,1176,1176,1064,1064,1030,1030,978,978,1073,1073,1075,1075,1072,1072,1157,1157,1124,1124,530,530,326,326,208,208,152,152,86,86,,,,,,,,,,,,,,,,,,,,,,,,,,,,,,,,,,,,,,,,,,,,,,,,
11017,600,10516,10667,11016,1,0,0,0,0,0,0,0,0,0,0,0,0,0,0,1,1,1,1,1,1,1,1,1,1,1,1,1,1,1,1,1,1,1,1,1,1,1,1,0,0,0,0,0,0,0,0,0,0,,,,,,,,,,,,,,,,,,,,,,,,,,,,,,,,,,,,,,,,,,,,,,,,
11018,3000,11019,11025,,0,54,54,54,54,38,38,41,41,48,48,53,53,149,149,1126,1126,1279,1279,1185,1185,1176,1176,1064,1064,1030,1030,978,978,1073,1073,1075,1075,1072,1072,1157,1157,1124,1124,530,530,326,326,208,208,152,152,86,86,,,,,,,,,,,,,,,,,,,,,,,,,,,,,,,,,,,,,,,,,,,,,,,,
11019,800,,10525,11018;10667,2,0,0,0,0,0,0,0,0,0,0,0,0,0,0,1,1,2,2,1,1,1,1,1,1,1,1,1,1,1,1,1,1,1,1,1,1,1,1,1,1,0,0,0,0,0,0,0,0,,,,,,,,,,,,,,,,,,,,,,,,,,,,,,,,,,,,,,,,,,,,,,,,
11020,2500,10489,11021,,0,54,54,54,54,38,38,41,41,48,48,53,53,149,149,1126,1126,1279,1279,1185,1185,1176,1176,1064,1064,1030,1030,978,978,1073,1073,1075,1075,1072,1072,1157,1157,1124,1124,530,530,326,326,208,208,152,152,86,86,,,,,,,,,,,,,,,,,,,,,,,,,,,,,,,,,,,,,,,,,,,,,,,,
11021,300,11020,11022,10495,1,0,0,0,0,0,0,0,0,0,0,0,0,0,0,1,1,2,2,1,1,1,1,1,1,1,1,1,1,1,1,1,1,1,1,1,1,1,1,1,1,0,0,0,0,0,0,0,0,,,,,,,,,,,,,,,,,,,,,,,,,,,,,,,,,,,,,,,,,,,,,,,,
11022,1600,11021,11023,,0,0,0,0,0,0,0,0,0,0,0,0,0,0,0,1,1,1,1,1,1,1,1,1,1,1,1,1,1,1,1,1,1,1,1,1,1,1,1,0,0,0,0,0,0,0,0,0,0,,,,,,,,,,,,,,,,,,,,,,,,,,,,,,,,,,,,,,,,,,,,,,,,
11023,800,11022,10521,11024,1,0,0,0,0,0,0,0,0,0,0,0,0,0,0,1,1,1,1,1,1,1,1,1,1,1,1,1,1,1,1,1,1,1,1,1,1,1,1,0,0,0,0,0,0,0,0,0,0,,,,,,,,,,,,,,,,,,,,,,,,,,,,,,,,,,,,,,,,,,,,,,,,
11024,1600,11023,11025,,0,0,0,0,0,0,0,0,0,0,0,0,0,0,0,1,1,1,1,1,1,1,1,1,1,1,1,1,1,1,1,1,1,1,1,1,1,1,1,1,1,0,0,0,0,0,0,0,0,,,,,,,,,,,,,,,,,,,,,,,,,,,,,,,,,,,,,,,,,,,,,,,,
11025,1200,11024,11026,10504;11018,2,0,0,0,0,0,0,0,0,0,0,0,0,0,0,2,2,2,2,2,2,2,2,1,1,1,1,1,1,1,1,1,1,1,1,2,2,2,2,1,1,0,0,0,0,0,0,0,0,,,,,,,,,,,,,,,,,,,,,,,,,,,,,,,,,,,,,,,,,,,,,,,,
11026,2500,11027,11025,,0,54,54,54,54,38,38,41,41,48,48,53,53,149,149,1126,1126,1279,1279,1185,1185,1176,1176,1064,1064,1030,1030,978,978,1073,1073,1075,1075,1072,1072,1157,1157,1124,1124,530,530,326,326,208,208,152,152,86,86,,,,,,,,,,,,,,,,,,,,,,,,,,,,,,,,,,,,,,,,,,,,,,,,
11027,800,11028,11026,10514,1,0,0,0,0,0,0,0,0,0,0,0,0,0,0,1,1,1,1,1,1,1,1,1,1,1,1,1,1,1,1,1,1,1,1,1,1,1,1,0,0,0,0,0,0,0,0,0,0,,,,,,,,,,,,,,,,,,,,,,,,,,,,,,,,,,,,,,,,,,,,,,,,
11028,1200,11029,11027,,0,0,0,0,0,0,0,0,0,0,0,0,0,0,0,1,1,1,1,1,1,1,1,1,1,1,1,1,1,1,1,1,1,1,1,1,1,1,1,0,0,0,0,0,0,0,0,0,0,,,,,,,,,,,,,,,,,,,,,,,,,,,,,,,,,,,,,,,,,,,,,,,,
11029,1200,11030,11028,11147,1,0,0,0,0,0,0,0,0,0,0,0,0,0,0,1,1,1,1,1,1,1,1,1,1,1,1,1,1,1,1,1,1,1,1,1,1,1,1,1,1,0,0,0,0,0,0,0,0,,,,,,,,,,,,,,,,,,,,,,,,,,,,,,,,,,,,,,,,,,,,,,,,
11030,1200,11029,11031,,0,0,0,0,0,0,0,0,0,0,0,0,0,0,0,1,1,1,1,1,1,1,1,1,1,1,1,1,1,1,1,1,1,1,1,1,1,1,1,0,0,0,0,0,0,0,0,0,0,,,,,,,,,,,,,,,,,,,,,,,,,,,,,,,,,,,,,,,,,,,,,,,,
11031,1600,11032,10533,11030,1,0,0,0,0,0,0,0,0,0,0,0,0,0,0,1,1,1,1,1,1,1,1,1,1,1,1,1,1,1,1,1,1,1,1,1,1,1,1,0,0,0,0,0,0,0,0,0,0,,,,,,,,,,,,,,,,,,,,,,,,,,,,,,,,,,,,,,,,,,,,,,,,
11032,1600,11031,11033,,0,0,0,0,0,0,0,0,0,0,0,0,0,0,0,1,1,1,1,1,1,1,1,1,1,1,1,0,0,1,1,1,1,1,1,1,1,1,1,0,0,0,0,0,0,0,0,0,0,,,,,,,,,,,,,,,,,,,,,,,,,,,,,,,,,,,,,,,,,,,,,,,,
11033,800,10530,11034,11032,1,0,0,0,0,0,0,0,0,0,0,0,0,0,0,1,1,1,1,1,1,1,1,1,1,1,1,1,1,1,1,1,1,1,1,1,1,1,1,0,0,0,0,0,0,0,0,0,0,,,,,,,,,,,,,,,,,,,,,,,,,,,,,,,,,,,,,,,,,,,,,,,,
11034,2000,11035,11033,,0,54,54,54,54,38,38,41,41,48,48,53,53,149,149,1126,1126,1279,1279,1185,1185,1176,1176,1064,1064,1030,1030,978,978,1073,1073,1075,1075,1072,1072,1157,1157,1124,1124,530,530,326,326,208,208,152,152,86,86,,,,,,,,,,,,,,,,,,,,,,,,,,,,,,,,,,,,,,,,,,,,,,,,
11035,400,10593,11036,11034,1,0,0,0,0,0,0,0,0,0,0,0,0,0,0,1,1,1,1,1,1,1,1,1,1,1,1,1,1,1,1,1,1,1,1,1,1,1,1,1,1,0,0,0,0,0,0,0,0,,,,,,,,,,,,,,,,,,,,,,,,,,,,,,,,,,,,,,,,,,,,,,,,
11036,1200,11037,11035,,0,0,0,0,0,0,0,0,0,0,0,0,0,0,0,1,1,1,1,1,1,1,1,1,1,1,1,1,1,1,1,1,1,1,1,1,1,1,1,0,0,0,0,0,0,0,0,0,0,,,,,,,,,,,,,,,,,,,,,,,,,,,,,,,,,,,,,,,,,,,,,,,,
11037,300,11197,11038,11036,1,0,0,0,0,0,0,0,0,0,0,0,0,0,0,1,1,1,1,1,1,1,1,1,1,1,1,1,1,1,1,1,1,1,1,1,1,1,1,0,0,0,0,0,0,0,0,0,0,,,,,,,,,,,,,,,,,,,,,,,,,,,,,,,,,,,,,,,,,,,,,,,,
11038,300,11039,,11037,1,0,0,0,0,0,0,0,0,0,0,0,0,0,0,1,1,1,1,1,1,1,1,1,1,1,1,1,1,1,1,1,1,1,1,1,1,1,1,0,0,0,0,0,0,0,0,0,0,,,,,,,,,,,,,,,,,,,,,,,,,,,,,,,,,,,,,,,,,,,,,,,,
11039,600,10534,11038,11040,1,0,0,0,0,0,0,0,0,0,0,0,0,0,0,1,1,1,1,1,1,1,1,1,1,1,1,1,1,1,1,1,1,1,1,1,1,1,1,0,0,0,0,0,0,0,0,0,0,,,,,,,,,,,,,,,,,,,,,,,,,,,,,,,,,,,,,,,,,,,,,,,,
11040,1600,11039,11041,,0,0,0,0,0,0,0,0,0,0,0,0,0,0,0,1,1,1,1,1,1,1,1,0,0,0,0,0,0,0,0,0,0,0,0,1,1,1,1,0,0,0,0,0,0,0,0,0,0,,,,,,,,,,,,,,,,,,,,,,,,,,,,,,,,,,,,,,,,,,,,,,,,
11041,1600,10581,11042,11040,1,0,0,0,0,0,0,0,0,0,0,0,0,0,0,0,0,1,1,1,1,1,1,0,0,0,0,0,0,0,0,0,0,0,0,0,0,0,0,0,0,0,0,0,0,0,0,0,0,,,,,,,,,,,,,,,,,,,,,,,,,,,,,,,,,,,,,,,,,,,,,,,,
11042,1600,11043,11041,,0,0,0,0,0,0,0,0,0,0,0,0,0,0,0,1,1,1,1,1,1,1,1,1,1,1,1,1,1,1,1,1,1,1,1,1,1,1,1,0,0,0,0,0,0,0,0,0,0,,,,,,,,,,,,,,,,,,,,,,,,,,,,,,,,,,,,,,,,,,,,,,,,
11043,1200,10540,11042,10558,1,0,0,0,0,0,0,0,0,0,0,0,0,0,0,1,1,1,1,1,1,1,1,1,1,1,1,1,1,1,1,1,1,1,1,1,1,1,1,0,0,0,0,0,0,0,0,0,0,,,,,,,,,,,,,,,,,,,,,,,,,,,,,,,,,,,,,,,,,,,,,,,,
11044,2500,11045,10555,,0,67,67,70,70,49,49,53,53,62,62,67,67,186,186,910,910,1134,1134,1023,1023,977,977,900,900,812,812,861,861,864,864,851,851,886,886,939,939,854,854,524,524,336,336,227,227,165,165,84,84,,,,,,,,,,,,,,,,,,,,,,,,,,,,,,,,,,,,,,,,,,,,,,,,
11045,1200,11046,11044,10558,1,0,0,0,0,0,0,0,0,0,0,0,0,0,0,1,1,1,1,1,1,1,1,1,1,1,1,1,1,1,1,1,1,1,1,1,1,1,1,1,1,0,0,0,0,0,0,0,0,,,,,,,,,,,,,,,,,,,,,,,,,,,,,,,,,,,,,,,,,,,,,,,,
11046,800,11045,11047,,0,0,0,0,0,0,0,0,0,0,0,0,0,0,0,1,1,1,1,1,1,1,1,1,1,1,1,1,1,1,1,1,1,1,1,1,1,1,1,0,0,0,0,0,0,0,0,0,0,,,,,,,,,,,,,,,,,,,,,,,,,,,,,,,,,,,,,,,,,,,,,,,,
11047,300,10562,10592,11046,1,0,0,0,0,0,0,0,0,0,0,0,0,0,0,1,1,1,1,1,1,1,1,1,1,1,1,1,1,1,1,1,1,1,1,1,1,1,1,0,0,0,0,0,0,0,0,0,0,,,,,,,,,,,,,,,,,,,,,,,,,,,,,,,,,,,,,,,,,,,,,,,,
11048,1200,10941,11049,,0,0,0,0,0,0,0,0,0,0,0,0,0,0,0,0,0,1,1,0,0,0,0,0,0,0,0,0,0,0,0,0,0,0,0,0,0,0,0,0,0,0,0,0,0,0,0,0,0,,,,,,,,,,,,,,,,,,,,,,,,,,,,,,,,,,,,,,,,,,,,,,,,
11049,800,11050,11048,10962,1,0,0,0,0,0,0,0,0,0,0,0,0,0,0,1,1,1,1,1,1,1,1,1,1,1,1,0,0,1,1,1,1,1,1,1,1,1,1,0,0,0,0,0,0,0,0,0,0,,,,,,,,,,,,,,,,,,,,,,,,,,,,,,,,,,,,,,,,,,,,,,,,
11050,800,11049,11051,,0,0,0,0,0,0,0,0,0,0,0,0,0,0,0,1,1,1,1,1,1,1,1,1,1,1,1,1,1,1,1,1,1,1,1,1,1,1,1,0,0,0,0,0,0,0,0,0,0,,,,,,,,,,,,,,,,,,,,,,,,,,,,,,,,,,,,,,,,,,,,,,,,
11051,800,11050,11052,10650,1,0,0,0,0,0,0,0,0,0,0,0,0,0,0,1,1,1,1,1,1,1,1,1,1,1,1,1,1,1,1,1,1,1,1,1,1,1,1,0,0,0,0,0,0,0,0,0,0,,,,,,,,,,,,,,,,,,,,,,,,,,,,,,,,,,,,,,,,,,,,,,,,
11052,800,11053,11051,,0,0,0,0,0,0,0,0,0,0,0,0,0,0,0,1,1,1,1,1,1,1,1,1,1,1,1,1,1,1,1,1,1,1,1,1,1,1,1,0,0,0,0,0,0,0,0,0,0,,,,,,,,,,,,,,,,,,,,,,,,,,,,,,,,,,,,,,,,,,,,,,,,
11053,300,10647,11054,11052,1,0,0,0,0,0,0,0,0,0,0,0,0,0,0,1,1,1,1,1,1,1,1,1,1,1,1,1,1,1,1,1,1,1,1,1,1,1,1,0,0,0,0,0,0,0,0,0,0,,,,,,,,,,,,,,,,,,,,,,,,,,,,,,,,,,,,,,,,,,,,,,,,
11054,800,11053,11055,,0,0,0,0,0,0,0,0,0,0,0,0,0,0,0,2,2,2,2,2,2,2,2,2,2,1,1,1,1,2,2,2,2,2,2,2,2,2,2,1,1,0,0,0,0,0,0,0,0,,,,,,,,,,,,,,,,,,,,,,,,,,,,,,,,,,,,,,,,,,,,,,,,
11055,300,10634,11056,11054,1,0,0,0,0,0,0,0,0,0,0,0,0,0,0,1,1,1,1,1,1,1,1,1,1,1,1,1,1,1,1,1,1,1,1,1,1,1,1,1,1,0,0,0,0,0,0,0,0,,,,,,,,,,,,,,,,,,,,,,,,,,,,,,,,,,,,,,,,,,,,,,,,
11056,300,11057,11055,,0,0,0,0,0,0,0,0,0,0,0,0,0,0,0,1,1,1,1,1,1,1,1,1,1,1,1,1,1,1,1,1,1,1,1,1,1,1,1,1,1,0,0,0,0,0,0,0,0,,,,,,,,,,,,,,,,,,,,,,,,,,,,,,,,,,,,,,,,,,,,,,,,
11057,1200,11056,11000,10633,1,0,0,0,0,0,0,0,0,0,0,0,0,0,0,1,1,1,1,1,1,1,1,1,1,1,1,1,1,1,1,1,1,1,1,1,1,1,1,1,1,0,0,0,0,0,0,0,0,,,,,,,,,,,,,,,,,,,,,,,,,,,,,,,,,,,,,,,,,,,,,,,,
11058,600,10953,11059,,0,0,0,0,0,0,0,0,0,0,0,0,0,0,0,1,1,1,1,1,1,1,1,1,1,1,1,1,1,1,1,1,1,1,1,1,1,1,1,1,1,0,0,0,0,0,0,0,0,,,,,,,,,,,,,,,,,,,,,,,,,,,,,,,,,,,,,,,,,,,,,,,,
11059,300,10647,11058,11060,1,0,0,0,0,0,0,0,0,0,0,0,0,0,0,1,1,2,2,1,1,1,1,1,1,1,1,1,1,1,1,1,1,1,1,1,1,1,1,1,1,0,0,0,0,0,0,0,0,,,,,,,,,,,,,,,,,,,,,,,,,,,,,,,,,,,,,,,,,,,,,,,,
11060,600,11061,11059,,0,0,0,0,0,0,0,0,0,0,0,0,0,0,0,1,1,2,2,1,1,1,1,1,1,1,1,1,1,1,1,1,1,1,1,1,1,1,1,1,1,0,0,0,0,0,0,0,0,,,,,,,,,,,,,,,,,,,,,,,,,,,,,,,,,,,,,,,,,,,,,,,,
11061,300,11060,10634,10637,1,0,0,0,0,0,0,0,0,0,0,0,0,0,0,1,1,1,1,1,1,1,1,1,1,1,1,1,1,1,1,1,1,1,1,1,1,1,1,1,1,0,0,0,0,0,0,0,0,,,,,,,,,,,,,,,,,,,,,,,,,,,,,,,,,,,,,,,,,,,,,,,,
11062,800,11065,11063,,0,0,0,0,0,0,0,0,0,0,0,0,0,0,0,1,1,1,1,1,1,1,1,1,1,1,1,1,1,1,1,1,1,1,1,1,1,1,1,0,0,0,0,0,0,0,0,0,0,,,,,,,,,,,,,,,,,,,,,,,,,,,,,,,,,,,,,,,,,,,,,,,,
11063,300,10614,10617,11062;10637,2,0,0,0,0,0,0,0,0,0,0,0,0,0,0,1,1,1,1,1,1,1,1,1,1,1,1,1,1,1,1,1,1,1,1,1,1,1,1,0,0,0,0,0,0,0,0,0,0,,,,,,,,,,,,,,,,,,,,,,,,,,,,,,,,,,,,,,,,,,,,,,,,
11064,1200,11003,11065,,0,0,0,0,0,0,0,0,0,0,0,0,0,0,0,1,1,1,1,1,1,1,1,1,1,1,1,0,0,1,1,1,1,1,1,1,1,1,1,0,0,0,0,0,0,0,0,0,0,,,,,,,,,,,,,,,,,,,,,,,,,,,,,,,,,,,,,,,,,,,,,,,,
11065,400,10603,11064,11062,1,0,0,0,0,0,0,0,0,0,0,0,0,0,0,1,1,1,1,1,1,1,1,1,1,1,1,1,1,1,1,1,1,1,1,1,1,1,1,0,0,0,0,0,0,0,0,0,0,,,,,,,,,,,,,,,,,,,,,,,,,,,,,,,,,,,,,,,,,,,,,,,,
11066,1200,10691,11067,,0,0,0,0,0,0,0,0,0,0,0,0,0,0,0,1,1,1,1,1,1,1,1,1,1,1,1,1,1,1,1,1,1,1,1,1,1,1,1,1,1,0,0,0,0,0,0,0,0,,,,,,,,,,,,,,,,,,,,,,,,,,,,,,,,,,,,,,,,,,,,,,,,
11067,800,11066,11068,10866,1,0,0,0,0,0,0,0,0,0,0,0,0,0,0,1,1,1,1,1,1,1,1,1,1,1,1,1,1,1,1,1,1,1,1,1,1,1,1,0,0,0,0,0,0,0,0,0,0,,,,,,,,,,,,,,,,,,,,,,,,,,,,,,,,,,,,,,,,,,,,,,,,
11068,800,11067,11069,,0,0,0,0,0,0,0,0,0,0,0,0,0,0,0,1,1,1,1,1,1,1,1,1,1,1,1,1,1,1,1,1,1,1,1,1,1,1,1,0,0,0,0,0,0,0,0,0,0,,,,,,,,,,,,,,,,,,,,,,,,,,,,,,,,,,,,,,,,,,,,,,,,
11069,800,11068,11070,10710,1,0,0,0,0,0,0,0,0,0,0,0,0,0,0,1,1,1,1,1,1,1,1,1,1,1,1,1,1,1,1,1,1,1,1,1,1,1,1,0,0,0,0,0,0,0,0,0,0,,,,,,,,,,,,,,,,,,,,,,,,,,,,,,,,,,,,,,,,,,,,,,,,
11070,800,11071,11069,,0,0,0,0,0,0,0,0,0,0,0,0,0,0,0,1,1,1,1,1,1,1,1,1,1,1,1,1,1,1,1,1,1,1,1,1,1,1,1,1,1,0,0,0,0,0,0,0,0,,,,,,,,,,,,,,,,,,,,,,,,,,,,,,,,,,,,,,,,,,,,,,,,
11071,800,11072,11070,10693,1,0,0,0,0,0,0,0,0,0,0,0,0,0,0,2,2,2,2,2,2,2,2,1,1,1,1,1,1,1,1,1,1,1,1,2,2,2,2,1,1,0,0,0,0,0,0,0,0,,,,,,,,,,,,,,,,,,,,,,,,,,,,,,,,,,,,,,,,,,,,,,,,
11072,800,11073,11071,,0,0,0,0,0,0,0,0,0,0,0,0,0,0,0,2,2,2,2,2,2,2,2,2,2,2,2,2,2,2,2,2,2,2,2,2,2,2,2,1,1,1,1,0,0,0,0,0,0,,,,,,,,,,,,,,,,,,,,,,,,,,,,,,,,,,,,,,,,,,,,,,,,
11073,800,10697,11072,10712,1,0,0,0,0,0,0,0,0,0,0,0,0,0,0,2,2,2,2,2,2,2,2,2,2,2,2,2,2,2,2,2,2,2,2,2,2,2,2,1,1,1,1,0,0,0,0,0,0,,,,,,,,,,,,,,,,,,,,,,,,,,,,,,,,,,,,,,,,,,,,,,,,
11074,800,10701,11075,,0,0,0,0,0,0,0,0,0,0,0,0,0,1,1,6,6,7,7,6,6,6,6,6,6,6,6,5,5,6,6,6,6,6,6,6,6,6,6,2,2,1,1,1,1,1,1,0,0,,,,,,,,,,,,,,,,,,,,,,,,,,,,,,,,,,,,,,,,,,,,,,,,
11075,800,11074,10703,10696,1,0,0,0,0,0,0,0,0,0,0,0,0,1,1,6,6,7,7,6,6,6,6,6,6,6,6,5,5,6,6,6,6,6,6,6,6,7,7,3,3,1,1,1,1,1,1,0,0,,,,,,,,,,,,,,,,,,,,,,,,,,,,,,,,,,,,,,,,,,,,,,,,
11076,2500,11077,10895,,0,42,42,39,39,28,28,29,29,34,34,39,39,112,112,1343,1343,1424,1424,1347,1347,1375,1375,1229,1229,1247,1247,1096,1096,1282,1282,1299,1299,1257,1257,1375,1375,1394,1394,536,536,316,316,190,190,140,140,87,87,,,,,,,,,,,,,,,,,,,,,,,,,,,,,,,,,,,,,,,,,,,,,,,,
11077,800,11076,11078,10703,1,0,0,0,0,0,0,0,0,0,0,0,0,0,0,6,6,6,6,6,6,6,6,5,5,6,6,5,5,6,6,6,6,6,6,6,6,6,6,2,2,1,1,1,1,1,1,0,0,,,,,,,,,,,,,,,,,,,,,,,,,,,,,,,,,,,,,,,,,,,,,,,,
11078,1200,11077,11079,,0,0,0,0,0,0,0,0,0,0,0,0,0,1,1,10,10,10,10,10,10,10,10,9,9,9,9,8,8,9,9,9,9,9,9,10,10,10,10,4,4,2,2,1,1,1,1,1,1,,,,,,,,,,,,,,,,,,,,,,,,,,,,,,,,,,,,,,,,,,,,,,,,
11079,2200,10694,10766,11078,1,42,42,39,39,28,28,29,29,34,34,39,39,112,112,1343,1343,1424,1424,1347,1347,1375,1375,1229,1229,1247,1247,1096,1096,1282,1282,1299,1299,1257,1257,1375,1375,1394,1394,536,536,316,316,190,190,140,140,87,87,,,,,,,,,,,,,,,,,,,,,,,,,,,,,,,,,,,,,,,,,,,,,,,,
11080,2500,11087,10589,,0,54,54,56,56,39,39,42,42,50,50,54,54,149,149,956,956,1147,1147,1075,1075,1033,1033,954,954,866,866,918,918,901,901,917,917,943,943,993,993,901,901,419,419,269,269,182,182,132,132,67,67,,,,,,,,,,,,,,,,,,,,,,,,,,,,,,,,,,,,,,,,,,,,,,,,
11081,300,10766,,11082;10643,2,0,0,0,0,0,0,0,0,0,0,0,0,1,1,5,5,6,6,5,5,5,5,5,5,4,4,4,4,4,4,4,4,5,5,5,5,4,4,2,2,1,1,1,1,1,1,0,0,,,,,,,,,,,,,,,,,,,,,,,,,,,,,,,,,,,,,,,,,,,,,,,,
11082,800,,11083,11081,1,0,0,0,0,0,0,0,0,0,0,0,0,1,1,5,5,5,5,5,5,5,5,5,5,4,4,4,4,4,4,4,4,4,4,5,5,4,4,2,2,1,1,1,1,1,1,0,0,,,,,,,,,,,,,,,,,,,,,,,,,,,,,,,,,,,,,,,,,,,,,,,,
11083,1000,10635,11084,11082,1,54,54,56,56,39,39,42,42,50,50,54,54,149,149,956,956,1147,1147,1075,1075,1033,1033,954,954,866,866,918,918,901,901,917,917,943,943,993,993,901,901,419,419,269,269,182,182,132,132,67,67,,,,,,,,,,,,,,,,,,,,,,,,,,,,,,,,,,,,,,,,,,,,,,,,
11084,3000,11083,11085,,0,54,54,56,56,39,39,42,42,50,50,54,54,149,149,956,956,1147,1147,1075,1075,1033,1033,954,954,866,866,918,918,901,901,917,917,943,943,993,993,901,901,419,419,269,269,182,182,132,132,67,67,,,,,,,,,,,,,,,,,,,,,,,,,,,,,,,,,,,,,,,,,,,,,,,,
11085,2000,11084,11086,10623,1,54,54,56,56,39,39,42,42,50,50,54,54,149,149,956,956,1147,1147,1075,1075,1033,1033,954,954,866,866,918,918,901,901,917,917,943,943,993,993,901,901,419,419,269,269,182,182,132,132,67,67,,,,,,,,,,,,,,,,,,,,,,,,,,,,,,,,,,,,,,,,,,,,,,,,
11086,3000,11085,11087,,0,54,54,56,56,39,39,42,42,50,50,54,54,149,149,956,956,1147,1147,1075,1075,1033,1033,954,954,866,866,918,918,901,901,917,917,943,943,993,993,901,901,419,419,269,269,182,182,132,132,67,67,,,,,,,,,,,,,,,,,,,,,,,,,,,,,,,,,,,,,,,,,,,,,,,,
11087,550,10613,,11080;11086,2,54,54,56,56,39,39,42,42,50,50,54,54,149,149,956,956,1147,1147,1075,1075,1033,1033,954,954,866,866,918,918,901,901,917,917,943,943,993,993,901,901,419,419,269,269,182,182,132,132,67,67,,,,,,,,,,,,,,,,,,,,,,,,,,,,,,,,,,,,,,,,,,,,,,,,
11088,2500,11089,10589,,0,54,54,56,56,39,39,42,42,50,50,54,54,149,149,956,956,1147,1147,1075,1075,1033,1033,954,954,866,866,918,918,901,901,917,917,943,943,993,993,901,901,419,419,269,269,182,182,132,132,67,67,,,,,,,,,,,,,,,,,,,,,,,,,,,,,,,,,,,,,,,,,,,,,,,,
11089,800,11219,11088,11090,1,0,0,0,0,0,0,0,0,0,0,0,0,1,1,4,4,5,5,4,4,4,4,4,4,3,3,4,4,4,4,4,4,4,4,4,4,4,4,2,2,1,1,1,1,1,1,0,0,,,,,,,,,,,,,,,,,,,,,,,,,,,,,,,,,,,,,,,,,,,,,,,,
11090,2500,11089,11091,,0,54,54,56,56,39,39,42,42,50,50,54,54,149,149,956,956,1147,1147,1075,1075,1033,1033,954,954,866,866,918,918,901,901,917,917,943,943,993,993,901,901,419,419,269,269,182,182,132,132,67,67,,,,,,,,,,,,,,,,,,,,,,,,,,,,,,,,,,,,,,,,,,,,,,,,
11091,1200,,10629,11090;10674,2,0,0,0,0,0,0,0,0,0,0,0,0,1,1,4,4,5,5,5,5,4,4,4,4,4,4,4,4,4,4,4,4,4,4,4,4,4,4,2,2,1,1,1,1,1,1,0,0,,,,,,,,,,,,,,,,,,,,,,,,,,,,,,,,,,,,,,,,,,,,,,,,
11092,1200,11093,10619,,0,0,0,0,0,0,0,0,0,0,0,0,0,0,0,1,1,1,1,1,1,1,1,1,1,1,1,1,1,1,1,1,1,1,1,1,1,1,1,0,0,0,0,0,0,0,0,0,0,,,,,,,,,,,,,,,,,,,,,,,,,,,,,,,,,,,,,,,,,,,,,,,,
11093,300,10657,11094,11092,1,0,0,0,0,0,0,0,0,0,0,0,0,0,0,1,1,1,1,1,1,1,1,1,1,1,1,1,1,1,1,1,1,1,1,1,1,1,1,0,0,0,0,0,0,0,0,0,0,,,,,,,,,,,,,,,,,,,,,,,,,,,,,,,,,,,,,,,,,,,,,,,,
11094,300,11093,11095,,0,0,0,0,0,0,0,0,0,0,0,0,0,0,0,1,1,1,1,1,1,1,1,1,1,1,1,1,1,1,1,1,1,1,1,1,1,1,1,0,0,0,0,0,0,0,0,0,0,,,,,,,,,,,,,,,,,,,,,,,,,,,,,,,,,,,,,,,,,,,,,,,,
11095,300,11096,11094,10628,1,0,0,0,0,0,0,0,0,0,0,0,0,0,0,1,1,1,1,1,1,1,1,1,1,1,1,1,1,1,1,1,1,1,1,1,1,1,1,0,0,0,0,0,0,0,0,0,0,,,,,,,,,,,,,,,,,,,,,,,,,,,,,,,,,,,,,,,,,,,,,,,,
11096,300,11095,11097,,0,0,0,0,0,0,0,0,0,0,0,0,0,0,0,1,1,1,1,1,1,1,1,1,1,1,1,1,1,1,1,1,1,1,1,1,1,1,1,0,0,0,0,0,0,0,0,0,0,,,,,,,,,,,,,,,,,,,,,,,,,,,,,,,,,,,,,,,,,,,,,,,,
11097,300,10636,11098,11096,1,0,0,0,0,0,0,0,0,0,0,0,0,0,0,1,1,1,1,1,1,1,1,1,1,1,1,1,1,1,1,1,1,1,1,1,1,1,1,0,0,0,0,0,0,0,0,0,0,,,,,,,,,,,,,,,,,,,,,,,,,,,,,,,,,,,,,,,,,,,,,,,,
11098,600,11099,11097,,0,0,0,0,0,0,0,0,0,0,0,0,0,0,0,1,1,1,1,1,1,1,1,1,1,1,1,1,1,1,1,1,1,1,1,1,1,1,1,0,0,0,0,0,0,0,0,0,0,,,,,,,,,,,,,,,,,,,,,,,,,,,,,,,,,,,,,,,,,,,,,,,,
11099,300,11100,10640,11098,1,0,0,0,0,0,0,0,0,0,0,0,0,0,0,1,1,1,1,1,1,1,1,1,1,1,1,1,1,1,1,1,1,1,1,1,1,1,1,0,0,0,0,0,0,0,0,0,0,,,,,,,,,,,,,,,,,,,,,,,,,,,,,,,,,,,,,,,,,,,,,,,,
111,2500,105,114,,0,27,27,28,28,20,20,21,21,25,25,27,27,74,74,1049,1049,1182,1182,1170,1170,1126,1126,1056,1056,970,970,1022,1022,982,982,1052,1052,1066,1066,1112,1112,1010,1010,210,210,134,134,91,91,66,66,34,34,,,,,,,,,,,,,,,,,,,,,,,,,,,,,,,,,,,,,,,,,,,,,,,,
11100,300,11101,11099,,0,0,0,0,0,0,0,0,0,0,0,0,0,0,0,1,1,1,1,1,1,1,1,1,1,1,1,1,1,1,1,1,1,1,1,1,1,1,1,0,0,0,0,0,0,0,0,0,0,,,,,,,,,,,,,,,,,,,,,,,,,,,,,,,,,,,,,,,,,,,,,,,,
11101,300,11100,10632,11102,1,0,0,0,0,0,0,0,0,0,0,0,0,0,0,1,1,1,1,1,1,1,1,1,1,1,1,1,1,1,1,1,1,1,1,1,1,1,1,0,0,0,0,0,0,0,0,0,0,,,,,,,,,,,,,,,,,,,,,,,,,,,,,,,,,,,,,,,,,,,,,,,,
11102,800,11103,11101,,0,0,0,0,0,0,0,0,0,0,0,0,0,0,0,1,1,2,2,1,1,1,1,1,1,1,1,1,1,1,1,1,1,1,1,1,1,1,1,1,1,0,0,0,0,0,0,0,0,,,,,,,,,,,,,,,,,,,,,,,,,,,,,,,,,,,,,,,,,,,,,,,,
11103,400,11104,11102,10648,1,0,0,0,0,0,0,0,0,0,0,0,0,0,0,2,2,2,2,2,2,2,2,2,2,1,1,1,1,2,2,2,2,2,2,2,2,2,2,1,1,0,0,0,0,0,0,0,0,,,,,,,,,,,,,,,,,,,,,,,,,,,,,,,,,,,,,,,,,,,,,,,,
11104,500,11103,11105,,0,54,54,54,54,38,38,41,41,48,48,53,53,149,149,1126,1126,1279,1279,1185,1185,1176,1176,1064,1064,1030,1030,978,978,1073,1073,1075,1075,1072,1072,1157,1157,1124,1124,530,530,326,326,208,208,152,152,86,86,,,,,,,,,,,,,,,,,,,,,,,,,,,,,,,,,,,,,,,,,,,,,,,,
11105,500,11104,10642,10639,1,54,54,54,54,38,38,41,41,48,48,53,53,149,149,1126,1126,1279,1279,1185,1185,1176,1176,1064,1064,1030,1030,978,978,1073,1073,1075,1075,1072,1072,1157,1157,1124,1124,530,530,326,326,208,208,152,152,86,86,,,,,,,,,,,,,,,,,,,,,,,,,,,,,,,,,,,,,,,,,,,,,,,,
11106,1200,11131,11107,,0,0,0,0,0,0,0,0,0,0,0,0,0,0,0,1,1,1,1,1,1,1,1,1,1,1,1,1,1,1,1,1,1,1,1,1,1,1,1,0,0,0,0,0,0,0,0,0,0,,,,,,,,,,,,,,,,,,,,,,,,,,,,,,,,,,,,,,,,,,,,,,,,
11107,800,10688,11106,11108,1,0,0,0,0,0,0,0,0,0,0,0,0,0,0,2,2,2,2,2,2,2,2,2,2,1,1,1,1,2,2,2,2,2,2,2,2,2,2,1,1,0,0,0,0,0,0,0,0,,,,,,,,,,,,,,,,,,,,,,,,,,,,,,,,,,,,,,,,,,,,,,,,
11108,3000,11109,11107,,0,67,67,70,70,49,49,53,53,62,62,67,67,186,186,910,910,1134,1134,1023,1023,977,977,900,900,812,812,861,861,864,864,851,851,886,886,939,939,854,854,524,524,336,336,227,227,165,165,84,84,,,,,,,,,,,,,,,,,,,,,,,,,,,,,,,,,,,,,,,,,,,,,,,,
11109,1500,11110,11108,11132,1,67,67,70,70,49,49,53,53,62,62,67,67,186,186,910,910,1134,1134,1023,1023,977,977,900,900,812,812,861,861,864,864,851,851,886,886,939,939,854,854,524,524,336,336,227,227,165,165,84,84,,,,,,,,,,,,,,,,,,,,,,,,,,,,,,,,,,,,,,,,,,,,,,,,
11110,1200,11111,11109,,0,0,0,0,0,0,0,0,0,0,0,0,0,0,0,2,2,2,2,2,2,2,2,2,2,2,2,1,1,2,2,2,2,2,2,2,2,2,2,1,1,0,0,0,0,0,0,0,0,,,,,,,,,,,,,,,,,,,,,,,,,,,,,,,,,,,,,,,,,,,,,,,,
11111,800,10672,11112,11110,1,0,0,0,0,0,0,0,0,0,0,0,0,0,0,1,1,1,1,1,1,1,1,1,1,1,1,1,1,1,1,1,1,1,1,1,1,1,1,0,0,0,0,0,0,0,0,0,0,,,,,,,,,,,,,,,,,,,,,,,,,,,,,,,,,,,,,,,,,,,,,,,,
11112,1200,11111,11113,,0,0,0,0,0,0,0,0,0,0,0,0,0,0,0,2,2,2,2,2,2,2,2,2,2,1,1,1,1,2,2,2,2,2,2,2,2,2,2,1,1,0,0,0,0,0,0,0,0,,,,,,,,,,,,,,,,,,,,,,,,,,,,,,,,,,,,,,,,,,,,,,,,
11113,800,11114,11112,10677,1,0,0,0,0,0,0,0,0,0,0,0,0,0,0,1,1,1,1,1,1,1,1,1,1,1,1,1,1,1,1,1,1,1,1,1,1,1,1,1,1,0,0,0,0,0,0,0,0,,,,,,,,,,,,,,,,,,,,,,,,,,,,,,,,,,,,,,,,,,,,,,,,
11114,800,11115,11113,,0,0,0,0,0,0,0,0,0,0,0,0,0,0,0,1,1,1,1,1,1,1,1,1,1,1,1,1,1,1,1,1,1,1,1,1,1,1,1,0,0,0,0,0,0,0,0,0,0,,,,,,,,,,,,,,,,,,,,,,,,,,,,,,,,,,,,,,,,,,,,,,,,
11115,800,11116,11114,10659,1,0,0,0,0,0,0,0,0,0,0,0,0,0,0,1,1,1,1,1,1,1,1,1,1,1,1,1,1,1,1,1,1,1,1,1,1,1,1,1,1,0,0,0,0,0,0,0,0,,,,,,,,,,,,,,,,,,,,,,,,,,,,,,,,,,,,,,,,,,,,,,,,
11116,1200,11115,11117,,0,0,0,0,0,0,0,0,0,0,0,0,0,0,0,2,2,2,2,2,2,2,2,2,2,1,1,1,1,2,2,2,2,2,2,2,2,2,2,1,1,0,0,0,0,0,0,0,0,,,,,,,,,,,,,,,,,,,,,,,,,,,,,,,,,,,,,,,,,,,,,,,,
11117,1200,11116,11118,10641,1,0,0,0,0,0,0,0,0,0,0,0,0,0,0,2,2,2,2,2,2,2,2,2,2,1,1,1,1,2,2,2,2,2,2,2,2,2,2,1,1,0,0,0,0,0,0,0,0,,,,,,,,,,,,,,,,,,,,,,,,,,,,,,,,,,,,,,,,,,,,,,,,
11118,1200,11119,11117,,0,0,0,0,0,0,0,0,0,0,0,0,0,1,1,4,4,5,5,4,4,4,4,4,4,4,4,4,4,4,4,4,4,4,4,4,4,4,4,2,2,1,1,1,1,1,1,0,0,,,,,,,,,,,,,,,,,,,,,,,,,,,,,,,,,,,,,,,,,,,,,,,,
11119,800,11120,10621,11118,1,0,0,0,0,0,0,0,0,0,0,0,0,1,1,4,4,5,5,5,5,5,5,4,4,4,4,4,4,4,4,4,4,4,4,5,5,4,4,2,2,1,1,1,1,1,1,0,0,,,,,,,,,,,,,,,,,,,,,,,,,,,,,,,,,,,,,,,,,,,,,,,,
11120,1500,11119,11121,,0,54,54,56,56,39,39,42,42,50,50,54,54,149,149,956,956,1147,1147,1075,1075,1033,1033,954,954,866,866,918,918,901,901,917,917,943,943,993,993,901,901,419,419,269,269,182,182,132,132,67,67,,,,,,,,,,,,,,,,,,,,,,,,,,,,,,,,,,,,,,,,,,,,,,,,
11121,1500,11120,10684,11122,1,54,54,56,56,39,39,42,42,50,50,54,54,149,149,956,956,1147,1147,1075,1075,1033,1033,954,954,866,866,918,918,901,901,917,917,943,943,993,993,901,901,419,419,269,269,182,182,132,132,67,67,,,,,,,,,,,,,,,,,,,,,,,,,,,,,,,,,,,,,,,,,,,,,,,,
11122,1500,11123,11121,,0,54,54,56,56,39,39,42,42,50,50,54,54,149,149,956,956,1147,1147,1075,1075,1033,1033,954,954,866,866,918,918,901,901,917,917,943,943,993,993,901,901,419,419,269,269,182,182,132,132,67,67,,,,,,,,,,,,,,,,,,,,,,,,,,,,,,,,,,,,,,,,,,,,,,,,
11123,1000,10635,11122,10607,1,54,54,56,56,39,39,42,42,50,50,54,54,149,149,956,956,1147,1147,1075,1075,1033,1033,954,954,866,866,918,918,901,901,917,917,943,943,993,993,901,901,419,419,269,269,182,182,132,132,67,67,,,,,,,,,,,,,,,,,,,,,,,,,,,,,,,,,,,,,,,,,,,,,,,,
11124,3000,11125,,,0,67,67,70,70,49,49,53,53,62,62,67,67,186,186,910,910,1134,1134,1023,1023,977,977,900,900,812,812,861,861,864,864,851,851,886,886,939,939,854,854,524,524,336,336,227,227,165,165,84,84,,,,,,,,,,,,,,,,,,,,,,,,,,,,,,,,,,,,,,,,,,,,,,,,
11125,300,11126,11124,,0,0,0,0,0,0,0,0,0,0,0,0,0,0,0,2,2,2,2,2,2,2,2,2,2,2,2,2,2,2,2,2,2,2,2,2,2,2,2,1,1,1,1,0,0,0,0,0,0,,,,,,,,,,,,,,,,,,,,,,,,,,,,,,,,,,,,,,,,,,,,,,,,
11126,500,11127,11125,,0,67,67,70,70,49,49,53,53,62,62,67,67,186,186,910,910,1134,1134,1023,1023,977,977,900,900,812,812,861,861,864,864,851,851,886,886,939,939,854,854,524,524,336,336,227,227,165,165,84,84,,,,,,,,,,,,,,,,,,,,,,,,,,,,,,,,,,,,,,,,,,,,,,,,
11127,500,10658,11126,10656,1,67,67,70,70,49,49,53,53,62,62,67,67,186,186,910,910,1134,1134,1023,1023,977,977,900,900,812,812,861,861,864,864,851,851,886,886,939,939,854,854,524,524,336,336,227,227,165,165,84,84,,,,,,,,,,,,,,,,,,,,,,,,,,,,,,,,,,,,,,,,,,,,,,,,
11128,300,11129,,,0,0,0,0,0,0,0,0,0,0,0,0,0,0,0,2,2,2,2,2,2,2,2,2,2,2,2,2,2,2,2,2,2,2,2,2,2,2,2,1,1,1,1,0,0,0,0,0,0,,,,,,,,,,,,,,,,,,,,,,,,,,,,,,,,,,,,,,,,,,,,,,,,
11129,300,11128,10656,10657,1,0,0,0,0,0,0,0,0,0,0,0,0,0,0,2,2,2,2,2,2,2,2,2,2,2,2,2,2,2,2,2,2,2,2,2,2,2,2,1,1,1,1,0,0,0,0,0,0,,,,,,,,,,,,,,,,,,,,,,,,,,,,,,,,,,,,,,,,,,,,,,,,
11130,1200,11131,11133,,0,0,0,0,0,0,0,0,0,0,0,0,0,0,0,2,2,2,2,2,2,2,2,2,2,2,2,2,2,2,2,2,2,2,2,2,2,2,2,1,1,1,1,0,0,0,0,0,0,,,,,,,,,,,,,,,,,,,,,,,,,,,,,,,,,,,,,,,,,,,,,,,,
11131,800,10693,11130,11106,1,0,0,0,0,0,0,0,0,0,0,0,0,0,0,1,1,1,1,1,1,1,1,1,1,1,1,1,1,1,1,1,1,1,1,1,1,1,1,1,1,0,0,0,0,0,0,0,0,,,,,,,,,,,,,,,,,,,,,,,,,,,,,,,,,,,,,,,,,,,,,,,,
11132,2500,11109,11133,,0,67,67,70,70,49,49,53,53,62,62,67,67,186,186,910,910,1134,1134,1023,1023,977,977,900,900,812,812,861,861,864,864,851,851,886,886,939,939,854,854,524,524,336,336,227,227,165,165,84,84,,,,,,,,,,,,,,,,,,,,,,,,,,,,,,,,,,,,,,,,,,,,,,,,
11133,1000,11134,11132,11130,1,67,67,70,70,49,49,53,53,62,62,67,67,186,186,910,910,1134,1134,1023,1023,977,977,900,900,812,812,861,861,864,864,851,851,886,886,939,939,854,854,524,524,336,336,227,227,165,165,84,84,,,,,,,,,,,,,,,,,,,,,,,,,,,,,,,,,,,,,,,,,,,,,,,,
11134,2000,11135,11133,,0,67,67,70,70,49,49,53,53,62,62,67,67,186,186,910,910,1134,1134,1023,1023,977,977,900,900,812,812,861,861,864,864,851,851,886,886,939,939,854,854,524,524,336,336,227,227,165,165,84,84,,,,,,,,,,,,,,,,,,,,,,,,,,,,,,,,,,,,,,,,,,,,,,,,
11135,800,11134,10672,11136,1,0,0,0,0,0,0,0,0,0,0,0,0,1,1,9,9,9,9,9,9,9,9,8,8,8,8,7,7,9,9,9,9,8,8,9,9,9,9,4,4,2,2,1,1,1,1,1,1,,,,,,,,,,,,,,,,,,,,,,,,,,,,,,,,,,,,,,,,,,,,,,,,
11136,800,11135,11137,,0,0,0,0,0,0,0,0,0,0,0,0,0,1,1,11,11,12,12,12,12,12,12,11,11,11,11,9,9,11,11,11,11,11,11,12,12,12,12,5,5,3,3,2,2,1,1,1,1,,,,,,,,,,,,,,,,,,,,,,,,,,,,,,,,,,,,,,,,,,,,,,,,
11137,500,10677,,10666;11136,2,42,42,39,39,28,28,29,29,34,34,39,39,112,112,1343,1343,1424,1424,1347,1347,1375,1375,1229,1229,1247,1247,1096,1096,1282,1282,1299,1299,1257,1257,1375,1375,1394,1394,536,536,316,316,190,190,140,140,87,87,,,,,,,,,,,,,,,,,,,,,,,,,,,,,,,,,,,,,,,,,,,,,,,,
11138,300,11139,,,0,0,0,0,0,0,0,0,0,0,0,0,0,0,0,1,1,2,2,1,1,1,1,1,1,1,1,1,1,1,1,1,1,1,1,1,1,1,1,1,1,0,0,0,0,0,0,0,0,,,,,,,,,,,,,,,,,,,,,,,,,,,,,,,,,,,,,,,,,,,,,,,,
11139,300,10675,11138,10668,1,0,0,0,0,0,0,0,0,0,0,0,0,0,0,1,1,2,2,2,2,2,2,1,1,1,1,1,1,1,1,1,1,1,1,1,1,1,1,1,1,0,0,0,0,0,0,0,0,,,,,,,,,,,,,,,,,,,,,,,,,,,,,,,,,,,,,,,,,,,,,,,,
11140,600,,10692,11141,1,33,33,31,31,22,22,23,23,26,26,31,31,88,88,1055,1055,1119,1119,1058,1058,1080,1080,966,966,980,980,861,861,1008,1008,1021,1021,988,988,1080,1080,1096,1096,421,421,249,249,150,150,110,110,68,68,,,,,,,,,,,,,,,,,,,,,,,,,,,,,,,,,,,,,,,,,,,,,,,,
11141,300,10904,10692,11140,1,0,0,0,0,0,0,0,0,0,0,0,0,1,1,7,7,8,8,7,7,7,7,7,7,7,7,6,6,7,7,7,7,7,7,7,7,7,7,3,3,2,2,1,1,1,1,0,0,,,,,,,,,,,,,,,,,,,,,,,,,,,,,,,,,,,,,,,,,,,,,,,,
11142,300,10717,,10670,1,0,0,0,0,0,0,0,0,0,0,0,0,1,1,7,7,7,7,7,7,7,7,6,6,6,6,6,6,7,7,7,7,6,6,7,7,7,7,3,3,2,2,1,1,1,1,0,0,,,,,,,,,,,,,,,,,,,,,,,,,,,,,,,,,,,,,,,,,,,,,,,,
11143,800,11144,10549,,0,0,0,0,0,0,0,0,0,0,0,0,0,0,0,0,0,1,1,0,0,0,0,0,0,0,0,0,0,0,0,0,0,0,0,0,0,0,0,0,0,0,0,0,0,0,0,0,0,,,,,,,,,,,,,,,,,,,,,,,,,,,,,,,,,,,,,,,,,,,,,,,,
11144,400,10546,10535,11143,1,0,0,0,0,0,0,0,0,0,0,0,0,0,0,0,0,0,0,0,0,0,0,0,0,0,0,0,0,0,0,0,0,0,0,0,0,0,0,0,0,0,0,0,0,0,0,0,0,,,,,,,,,,,,,,,,,,,,,,,,,,,,,,,,,,,,,,,,,,,,,,,,
11145,800,11146,10510,,0,0,0,0,0,0,0,0,0,0,0,0,0,0,0,1,1,1,1,1,1,1,1,1,1,1,1,1,1,1,1,1,1,1,1,1,1,1,1,0,0,0,0,0,0,0,0,0,0,,,,,,,,,,,,,,,,,,,,,,,,,,,,,,,,,,,,,,,,,,,,,,,,
11146,400,11145,10522,10515,1,0,0,0,0,0,0,0,0,0,0,0,0,0,0,1,1,1,1,1,1,1,1,0,0,0,0,0,0,0,0,0,0,0,0,1,1,1,1,0,0,0,0,0,0,0,0,0,0,,,,,,,,,,,,,,,,,,,,,,,,,,,,,,,,,,,,,,,,,,,,,,,,
11147,1200,11029,11148,,0,0,0,0,0,0,0,0,0,0,0,0,0,0,0,1,1,1,1,1,1,1,1,1,1,1,1,1,1,1,1,1,1,1,1,1,1,1,1,0,0,0,0,0,0,0,0,0,0,,,,,,,,,,,,,,,,,,,,,,,,,,,,,,,,,,,,,,,,,,,,,,,,
11148,400,10518,11147,11171,1,0,0,0,0,0,0,0,0,0,0,0,0,0,0,1,1,1,1,1,1,1,1,1,1,1,1,1,1,1,1,1,1,1,1,1,1,1,1,0,0,0,0,0,0,0,0,0,0,,,,,,,,,,,,,,,,,,,,,,,,,,,,,,,,,,,,,,,,,,,,,,,,
11149,800,10590,11150,,0,0,0,0,0,0,0,0,0,0,0,0,0,0,0,0,0,0,0,0,0,0,0,0,0,0,0,0,0,0,0,0,0,0,0,0,0,0,0,0,0,0,0,0,0,0,0,0,0,,,,,,,,,,,,,,,,,,,,,,,,,,,,,,,,,,,,,,,,,,,,,,,,
11150,300,10587,11149,10577,1,0,0,0,0,0,0,0,0,0,0,0,0,0,0,0,0,0,0,0,0,0,0,0,0,0,0,0,0,0,0,0,0,0,0,0,0,0,0,0,0,0,0,0,0,0,0,0,0,,,,,,,,,,,,,,,,,,,,,,,,,,,,,,,,,,,,,,,,,,,,,,,,
11151,300,11152,10590,,0,0,0,0,0,0,0,0,0,0,0,0,0,0,0,0,0,0,0,0,0,0,0,0,0,0,0,0,0,0,0,0,0,0,0,0,0,0,0,0,0,0,0,0,0,0,0,0,0,,,,,,,,,,,,,,,,,,,,,,,,,,,,,,,,,,,,,,,,,,,,,,,,
11152,300,11151,10606,10595,1,0,0,0,0,0,0,0,0,0,0,0,0,0,0,0,0,0,0,0,0,0,0,0,0,0,0,0,0,0,0,0,0,0,0,0,0,0,0,0,0,0,0,0,0,0,0,0,0,,,,,,,,,,,,,,,,,,,,,,,,,,,,,,,,,,,,,,,,,,,,,,,,
11153,800,11154,10615,,0,0,0,0,0,0,0,0,0,0,0,0,0,0,0,0,0,0,0,0,0,0,0,0,0,0,0,0,0,0,0,0,0,0,0,0,0,0,0,0,0,0,0,0,0,0,0,0,0,,,,,,,,,,,,,,,,,,,,,,,,,,,,,,,,,,,,,,,,,,,,,,,,
11154,300,11153,,,0,0,0,0,0,0,0,0,0,0,0,0,0,0,0,0,0,0,0,0,0,0,0,0,0,0,0,0,0,0,0,0,0,0,0,0,0,0,0,0,0,0,0,0,0,0,0,0,0,,,,,,,,,,,,,,,,,,,,,,,,,,,,,,,,,,,,,,,,,,,,,,,,
11155,300,11156,10591,,0,0,0,0,0,0,0,0,0,0,0,0,0,0,0,1,1,2,2,2,2,2,2,1,1,1,1,1,1,1,1,1,1,1,1,2,2,1,1,1,1,0,0,0,0,0,0,0,0,,,,,,,,,,,,,,,,,,,,,,,,,,,,,,,,,,,,,,,,,,,,,,,,
11156,500,11155,10597,10622,1,54,54,54,54,38,38,41,41,48,48,53,53,149,149,1126,1126,1279,1279,1185,1185,1176,1176,1064,1064,1030,1030,978,978,1073,1073,1075,1075,1072,1072,1157,1157,1124,1124,530,530,326,326,208,208,152,152,86,86,,,,,,,,,,,,,,,,,,,,,,,,,,,,,,,,,,,,,,,,,,,,,,,,
11157,3000,10575,11158,10588,1,54,54,54,54,38,38,41,41,48,48,53,53,149,149,1126,1126,1279,1279,1185,1185,1176,1176,1064,1064,1030,1030,978,978,1073,1073,1075,1075,1072,1072,1157,1157,1124,1124,530,530,326,326,208,208,152,152,86,86,,,,,,,,,,,,,,,,,,,,,,,,,,,,,,,,,,,,,,,,,,,,,,,,
11158,1000,10581,11157,10572,1,54,54,54,54,38,38,41,41,48,48,53,53,149,149,1126,1126,1279,1279,1185,1185,1176,1176,1064,1064,1030,1030,978,978,1073,1073,1075,1075,1072,1072,1157,1157,1124,1124,530,530,326,326,208,208,152,152,86,86,,,,,,,,,,,,,,,,,,,,,,,,,,,,,,,,,,,,,,,,,,,,,,,,
11159,600,11160,11184,,0,0,0,0,0,0,0,0,0,0,0,0,0,0,0,0,0,0,0,0,0,0,0,0,0,0,0,0,0,0,0,0,0,0,0,0,0,0,0,0,0,0,0,0,0,0,0,0,0,,,,,,,,,,,,,,,,,,,,,,,,,,,,,,,,,,,,,,,,,,,,,,,,
11160,300,11159,11161,10579,1,0,0,0,0,0,0,0,0,0,0,0,0,0,0,0,0,0,0,0,0,0,0,0,0,0,0,0,0,0,0,0,0,0,0,0,0,0,0,0,0,0,0,0,0,0,0,0,0,,,,,,,,,,,,,,,,,,,,,,,,,,,,,,,,,,,,,,,,,,,,,,,,
11161,300,11160,11162,,0,0,0,0,0,0,0,0,0,0,0,0,0,0,0,1,1,1,1,1,1,1,1,0,0,0,0,0,0,0,0,0,0,0,0,1,1,1,1,0,0,0,0,0,0,0,0,0,0,,,,,,,,,,,,,,,,,,,,,,,,,,,,,,,,,,,,,,,,,,,,,,,,
11162,600,11161,10593,11163,1,0,0,0,0,0,0,0,0,0,0,0,0,0,0,1,1,1,1,1,1,1,1,1,1,1,1,1,1,1,1,1,1,1,1,1,1,1,1,0,0,0,0,0,0,0,0,0,0,,,,,,,,,,,,,,,,,,,,,,,,,,,,,,,,,,,,,,,,,,,,,,,,
11163,300,11164,11162,,0,0,0,0,0,0,0,0,0,0,0,0,0,0,0,1,1,1,1,1,1,1,1,1,1,1,1,1,1,1,1,1,1,1,1,1,1,1,1,0,0,0,0,0,0,0,0,0,0,,,,,,,,,,,,,,,,,,,,,,,,,,,,,,,,,,,,,,,,,,,,,,,,
11164,300,11163,10586,10571,1,0,0,0,0,0,0,0,0,0,0,0,0,0,0,1,1,1,1,1,1,1,1,1,1,1,1,1,1,1,1,1,1,1,1,1,1,1,1,0,0,0,0,0,0,0,0,0,0,,,,,,,,,,,,,,,,,,,,,,,,,,,,,,,,,,,,,,,,,,,,,,,,
11165,1200,11188,11166,,0,0,0,0,0,0,0,0,0,0,0,0,0,0,0,1,1,1,1,1,1,1,1,1,1,1,1,1,1,1,1,1,1,1,1,1,1,1,1,0,0,0,0,0,0,0,0,0,0,,,,,,,,,,,,,,,,,,,,,,,,,,,,,,,,,,,,,,,,,,,,,,,,
11166,600,11165,10534,11167,1,0,0,0,0,0,0,0,0,0,0,0,0,0,0,0,0,1,1,1,1,0,0,0,0,0,0,0,0,0,0,0,0,0,0,0,0,0,0,0,0,0,0,0,0,0,0,0,0,,,,,,,,,,,,,,,,,,,,,,,,,,,,,,,,,,,,,,,,,,,,,,,,
11167,600,11166,11168,,0,0,0,0,0,0,0,0,0,0,0,0,0,0,0,0,0,1,1,1,1,1,1,0,0,0,0,0,0,0,0,0,0,0,0,1,1,0,0,0,0,0,0,0,0,0,0,0,0,,,,,,,,,,,,,,,,,,,,,,,,,,,,,,,,,,,,,,,,,,,,,,,,
11168,600,11169,10517,11167,1,0,0,0,0,0,0,0,0,0,0,0,0,0,0,1,1,1,1,1,1,1,1,1,1,1,1,0,0,1,1,1,1,1,1,1,1,1,1,0,0,0,0,0,0,0,0,0,0,,,,,,,,,,,,,,,,,,,,,,,,,,,,,,,,,,,,,,,,,,,,,,,,
11169,600,11170,11168,,0,0,0,0,0,0,0,0,0,0,0,0,0,0,0,1,1,1,1,1,1,1,1,1,1,1,1,1,1,1,1,1,1,1,1,1,1,1,1,0,0,0,0,0,0,0,0,0,0,,,,,,,,,,,,,,,,,,,,,,,,,,,,,,,,,,,,,,,,,,,,,,,,
11170,300,10518,10530,11169,1,0,0,0,0,0,0,0,0,0,0,0,0,0,0,1,1,1,1,1,1,1,1,1,1,1,1,1,1,1,1,1,1,1,1,1,1,1,1,0,0,0,0,0,0,0,0,0,0,,,,,,,,,,,,,,,,,,,,,,,,,,,,,,,,,,,,,,,,,,,,,,,,
11171,1200,11148,11172,,0,0,0,0,0,0,0,0,0,0,0,0,0,0,0,1,1,1,1,1,1,1,1,1,1,1,1,1,1,1,1,1,1,1,1,1,1,1,1,0,0,0,0,0,0,0,0,0,0,,,,,,,,,,,,,,,,,,,,,,,,,,,,,,,,,,,,,,,,,,,,,,,,
11172,300,10511,10519,11171,1,0,0,0,0,0,0,0,0,0,0,0,0,0,0,1,1,1,1,1,1,1,1,1,1,1,1,1,1,1,1,1,1,1,1,1,1,1,1,0,0,0,0,0,0,0,0,0,0,,,,,,,,,,,,,,,,,,,,,,,,,,,,,,,,,,,,,,,,,,,,,,,,
11173,800,,11174,,0,0,0,0,0,0,0,0,0,0,0,0,0,0,0,1,1,2,2,1,1,1,1,1,1,1,1,1,1,1,1,1,1,1,1,1,1,1,1,1,1,0,0,0,0,0,0,0,0,,,,,,,,,,,,,,,,,,,,,,,,,,,,,,,,,,,,,,,,,,,,,,,,
11174,400,11173,11177,10484,1,0,0,0,0,0,0,0,0,0,0,0,0,0,0,1,1,1,1,1,1,1,1,1,1,1,1,1,1,1,1,1,1,1,1,1,1,1,1,1,1,0,0,0,0,0,0,0,0,,,,,,,,,,,,,,,,,,,,,,,,,,,,,,,,,,,,,,,,,,,,,,,,
11175,1200,11178,11176,,0,0,0,0,0,0,0,0,0,0,0,0,0,0,0,1,1,2,2,2,2,2,2,1,1,1,1,1,1,1,1,1,1,1,1,2,2,1,1,1,1,0,0,0,0,0,0,0,0,,,,,,,,,,,,,,,,,,,,,,,,,,,,,,,,,,,,,,,,,,,,,,,,
11176,550,10504,11175,10492,1,54,54,54,54,38,38,41,41,48,48,53,53,149,149,1126,1126,1279,1279,1185,1185,1176,1176,1064,1064,1030,1030,978,978,1073,1073,1075,1075,1072,1072,1157,1157,1124,1124,530,530,326,326,208,208,152,152,86,86,,,,,,,,,,,,,,,,,,,,,,,,,,,,,,,,,,,,,,,,,,,,,,,,
11177,800,11174,11178,,0,0,0,0,0,0,0,0,0,0,0,0,0,0,0,1,1,1,1,1,1,1,1,1,1,1,1,1,1,1,1,1,1,1,1,1,1,1,1,1,1,0,0,0,0,0,0,0,0,,,,,,,,,,,,,,,,,,,,,,,,,,,,,,,,,,,,,,,,,,,,,,,,
11178,300,11175,10519,11177,1,0,0,0,0,0,0,0,0,0,0,0,0,0,0,1,1,1,1,1,1,1,1,1,1,1,1,1,1,1,1,1,1,1,1,1,1,1,1,0,0,0,0,0,0,0,0,0,0,,,,,,,,,,,,,,,,,,,,,,,,,,,,,,,,,,,,,,,,,,,,,,,,
11179,300,11180,,,0,0,0,0,0,0,0,0,0,0,0,0,0,0,0,1,1,1,1,1,1,1,1,1,1,1,1,1,1,1,1,1,1,1,1,1,1,1,1,0,0,0,0,0,0,0,0,0,0,,,,,,,,,,,,,,,,,,,,,,,,,,,,,,,,,,,,,,,,,,,,,,,,
11180,300,11181,11179,10628,1,0,0,0,0,0,0,0,0,0,0,0,0,0,0,1,1,1,1,1,1,1,1,1,1,1,1,1,1,1,1,1,1,1,1,1,1,1,1,0,0,0,0,0,0,0,0,0,0,,,,,,,,,,,,,,,,,,,,,,,,,,,,,,,,,,,,,,,,,,,,,,,,
11181,300,11182,11180,,0,0,0,0,0,0,0,0,0,0,0,0,0,0,0,1,1,1,1,1,1,1,1,1,1,1,1,0,0,1,1,1,1,1,1,1,1,1,1,0,0,0,0,0,0,0,0,0,0,,,,,,,,,,,,,,,,,,,,,,,,,,,,,,,,,,,,,,,,,,,,,,,,
11182,300,11183,11181,10610,1,0,0,0,0,0,0,0,0,0,0,0,0,0,0,0,0,1,1,1,1,1,1,0,0,0,0,0,0,0,0,0,0,0,0,1,1,0,0,0,0,0,0,0,0,0,0,0,0,,,,,,,,,,,,,,,,,,,,,,,,,,,,,,,,,,,,,,,,,,,,,,,,
11183,1200,11184,11182,,0,0,0,0,0,0,0,0,0,0,0,0,0,0,0,0,0,0,0,0,0,0,0,0,0,0,0,0,0,0,0,0,0,0,0,0,0,0,0,0,0,0,0,0,0,0,0,0,0,,,,,,,,,,,,,,,,,,,,,,,,,,,,,,,,,,,,,,,,,,,,,,,,
11184,400,11185,11183,11159,1,0,0,0,0,0,0,0,0,0,0,0,0,0,0,0,0,0,0,0,0,0,0,0,0,0,0,0,0,0,0,0,0,0,0,0,0,0,0,0,0,0,0,0,0,0,0,0,0,,,,,,,,,,,,,,,,,,,,,,,,,,,,,,,,,,,,,,,,,,,,,,,,
11185,400,11186,11184,,0,0,0,0,0,0,0,0,0,0,0,0,0,0,0,0,0,0,0,0,0,0,0,0,0,0,0,0,0,0,0,0,0,0,0,0,0,0,0,0,0,0,0,0,0,0,0,0,0,,,,,,,,,,,,,,,,,,,,,,,,,,,,,,,,,,,,,,,,,,,,,,,,
11186,600,11185,10624,10598,1,0,0,0,0,0,0,0,0,0,0,0,0,0,0,0,0,0,0,0,0,0,0,0,0,0,0,0,0,0,0,0,0,0,0,0,0,0,0,0,0,0,0,0,0,0,0,0,0,,,,,,,,,,,,,,,,,,,,,,,,,,,,,,,,,,,,,,,,,,,,,,,,
11187,800,,11188,,0,0,0,0,0,0,0,0,0,0,0,0,0,0,0,1,1,1,1,1,1,1,1,1,1,1,1,1,1,1,1,1,1,1,1,1,1,1,1,0,0,0,0,0,0,0,0,0,0,,,,,,,,,,,,,,,,,,,,,,,,,,,,,,,,,,,,,,,,,,,,,,,,
11188,1200,11165,11193,11189;11187;10540,3,0,0,0,0,0,0,0,0,0,0,0,0,0,0,1,1,1,1,1,1,1,1,1,1,1,1,1,1,1,1,1,1,1,1,1,1,1,1,0,0,0,0,0,0,0,0,0,0,,,,,,,,,,,,,,,,,,,,,,,,,,,,,,,,,,,,,,,,,,,,,,,,
11189,1200,11188,11190,,0,0,0,0,0,0,0,0,0,0,0,0,0,0,0,1,1,1,1,1,1,1,1,1,1,1,1,1,1,1,1,1,1,1,1,1,1,1,1,0,0,0,0,0,0,0,0,0,0,,,,,,,,,,,,,,,,,,,,,,,,,,,,,,,,,,,,,,,,,,,,,,,,
11190,800,11189,11191,10507,1,0,0,0,0,0,0,0,0,0,0,0,0,0,0,1,1,1,1,1,1,1,1,1,1,1,1,1,1,1,1,1,1,1,1,1,1,1,1,0,0,0,0,0,0,0,0,0,0,,,,,,,,,,,,,,,,,,,,,,,,,,,,,,,,,,,,,,,,,,,,,,,,
11191,800,11192,11190,,0,0,0,0,0,0,0,0,0,0,0,0,0,0,0,1,1,1,1,1,1,1,1,1,1,1,1,1,1,1,1,1,1,1,1,1,1,1,1,0,0,0,0,0,0,0,0,0,0,,,,,,,,,,,,,,,,,,,,,,,,,,,,,,,,,,,,,,,,,,,,,,,,
11192,400,10512,11191,10496,1,0,0,0,0,0,0,0,0,0,0,0,0,0,0,1,1,1,1,1,1,1,1,1,1,1,1,1,1,1,1,1,1,1,1,1,1,1,1,0,0,0,0,0,0,0,0,0,0,,,,,,,,,,,,,,,,,,,,,,,,,,,,,,,,,,,,,,,,,,,,,,,,
11193,1200,11194,11188,,0,0,0,0,0,0,0,0,0,0,0,0,0,0,0,1,1,1,1,1,1,1,1,1,1,1,1,1,1,1,1,1,1,1,1,1,1,1,1,1,1,0,0,0,0,0,0,0,0,,,,,,,,,,,,,,,,,,,,,,,,,,,,,,,,,,,,,,,,,,,,,,,,
11194,800,11193,10524,11195,1,0,0,0,0,0,0,0,0,0,0,0,0,0,0,1,1,1,1,1,1,1,1,1,1,1,1,1,1,1,1,1,1,1,1,1,1,1,1,0,0,0,0,0,0,0,0,0,0,,,,,,,,,,,,,,,,,,,,,,,,,,,,,,,,,,,,,,,,,,,,,,,,
11195,1200,11196,11194,,0,0,0,0,0,0,0,0,0,0,0,0,0,0,0,1,1,1,1,1,1,1,1,1,1,1,1,1,1,1,1,1,1,1,1,1,1,1,1,0,0,0,0,0,0,0,0,0,0,,,,,,,,,,,,,,,,,,,,,,,,,,,,,,,,,,,,,,,,,,,,,,,,
11196,1200,10509,11195,10513;10527,2,0,0,0,0,0,0,0,0,0,0,0,0,0,0,1,1,2,2,2,2,2,2,1,1,1,1,1,1,1,1,1,1,1,1,2,2,1,1,1,1,0,0,0,0,0,0,0,0,,,,,,,,,,,,,,,,,,,,,,,,,,,,,,,,,,,,,,,,,,,,,,,,
11197,300,11037,11198,,0,0,0,0,0,0,0,0,0,0,0,0,0,0,0,1,1,1,1,1,1,1,1,1,1,1,1,1,1,1,1,1,1,1,1,1,1,1,1,0,0,0,0,0,0,0,0,0,0,,,,,,,,,,,,,,,,,,,,,,,,,,,,,,,,,,,,,,,,,,,,,,,,
11198,300,10575,11197,10551,1,0,0,0,0,0,0,0,0,0,0,0,0,0,0,1,1,1,1,1,1,1,1,1,1,1,1,1,1,1,1,1,1,1,1,1,1,1,1,0,0,0,0,0,0,0,0,0,0,,,,,,,,,,,,,,,,,,,,,,,,,,,,,,,,,,,,,,,,,,,,,,,,
11199,4000,10612,11200,,0,54,54,56,56,39,39,42,42,50,50,54,54,149,149,956,956,1147,1147,1075,1075,1033,1033,954,954,866,866,918,918,901,901,917,917,943,943,993,993,901,901,419,419,269,269,182,182,132,132,67,67,,,,,,,,,,,,,,,,,,,,,,,,,,,,,,,,,,,,,,,,,,,,,,,,
112,2500,490,90,,0,27,27,28,28,20,20,21,21,25,25,27,27,74,74,1049,1049,1182,1182,1170,1170,1126,1126,1056,1056,970,970,1022,1022,982,982,1052,1052,1066,1066,1112,1112,1010,1010,210,210,134,134,91,91,66,66,34,34,,,,,,,,,,,,,,,,,,,,,,,,,,,,,,,,,,,,,,,,,,,,,,,,
11200,550,10613,10620,11199,1,54,54,56,56,39,39,42,42,50,50,54,54,149,149,956,956,1147,1147,1075,1075,1033,1033,954,954,866,866,918,918,901,901,917,917,943,943,993,993,901,901,419,419,269,269,182,182,132,132,67,67,,,,,,,,,,,,,,,,,,,,,,,,,,,,,,,,,,,,,,,,,,,,,,,,
11201,2500,11202,10539,,0,54,54,56,56,39,39,42,42,50,50,54,54,149,149,956,956,1147,1147,1075,1075,1033,1033,954,954,866,866,918,918,901,901,917,917,943,943,993,993,901,901,419,419,269,269,182,182,132,132,67,67,,,,,,,,,,,,,,,,,,,,,,,,,,,,,,,,,,,,,,,,,,,,,,,,
11202,800,11211,11203,11201,1,0,0,0,0,0,0,0,0,0,0,0,0,1,1,4,4,5,5,5,5,5,5,4,4,4,4,4,4,4,4,4,4,4,4,4,4,4,4,2,2,1,1,1,1,1,1,0,0,,,,,,,,,,,,,,,,,,,,,,,,,,,,,,,,,,,,,,,,,,,,,,,,
11203,600,11202,11204,,0,0,0,0,0,0,0,0,0,0,0,0,0,1,1,3,3,4,4,4,4,3,3,3,3,3,3,3,3,3,3,3,3,3,3,3,3,3,3,1,1,1,1,1,1,0,0,0,0,,,,,,,,,,,,,,,,,,,,,,,,,,,,,,,,,,,,,,,,,,,,,,,,
11204,300,10542,10538,11203,1,0,0,0,0,0,0,0,0,0,0,0,0,0,0,3,3,3,3,3,3,3,3,3,3,2,2,2,2,2,2,2,2,3,3,3,3,2,2,1,1,1,1,1,1,0,0,0,0,,,,,,,,,,,,,,,,,,,,,,,,,,,,,,,,,,,,,,,,,,,,,,,,
11205,1600,10539,11206,,0,0,0,0,0,0,0,0,0,0,0,0,0,1,1,3,3,4,4,4,4,4,4,3,3,3,3,3,3,3,3,3,3,3,3,3,3,3,3,2,2,1,1,1,1,0,0,0,0,,,,,,,,,,,,,,,,,,,,,,,,,,,,,,,,,,,,,,,,,,,,,,,,
11206,300,11205,10528,11207,1,0,0,0,0,0,0,0,0,0,0,0,0,1,1,3,3,4,4,4,4,3,3,3,3,3,3,3,3,3,3,3,3,3,3,3,3,3,3,1,1,1,1,1,1,0,0,0,0,,,,,,,,,,,,,,,,,,,,,,,,,,,,,,,,,,,,,,,,,,,,,,,,
11207,300,11208,11206,,0,0,0,0,0,0,0,0,0,0,0,0,0,0,0,3,3,4,4,3,3,3,3,3,3,3,3,3,3,3,3,3,3,3,3,3,3,3,3,1,1,1,1,1,1,0,0,0,0,,,,,,,,,,,,,,,,,,,,,,,,,,,,,,,,,,,,,,,,,,,,,,,,
11208,300,,10537,11207;10548,2,0,0,0,0,0,0,0,0,0,0,0,0,0,0,3,3,4,4,3,3,3,3,3,3,3,3,3,3,3,3,3,3,3,3,3,3,3,3,1,1,1,1,1,1,0,0,0,0,,,,,,,,,,,,,,,,,,,,,,,,,,,,,,,,,,,,,,,,,,,,,,,,
11209,2500,11210,10555,,0,54,54,56,56,39,39,42,42,50,50,54,54,149,149,956,956,1147,1147,1075,1075,1033,1033,954,954,866,866,918,918,901,901,917,917,943,943,993,993,901,901,419,419,269,269,182,182,132,132,67,67,,,,,,,,,,,,,,,,,,,,,,,,,,,,,,,,,,,,,,,,,,,,,,,,
11210,300,10537,10553,11209,1,0,0,0,0,0,0,0,0,0,0,0,0,1,1,4,4,5,5,5,5,5,5,4,4,4,4,4,4,4,4,4,4,4,4,5,5,4,4,2,2,1,1,1,1,1,1,0,0,,,,,,,,,,,,,,,,,,,,,,,,,,,,,,,,,,,,,,,,,,,,,,,,
11211,2500,11202,11212,,0,67,67,70,70,49,49,53,53,62,62,67,67,186,186,910,910,1134,1134,1023,1023,977,977,900,900,812,812,861,861,864,864,851,851,886,886,939,939,854,854,524,524,336,336,227,227,165,165,84,84,,,,,,,,,,,,,,,,,,,,,,,,,,,,,,,,,,,,,,,,,,,,,,,,
11212,1200,11211,,10563;10580,2,53,53,55,55,38,38,42,42,48,48,53,53,146,146,715,715,891,891,804,804,768,768,707,707,638,638,676,676,679,679,669,669,696,696,738,738,671,671,411,411,264,264,178,178,130,130,66,66,,,,,,,,,,,,,,,,,,,,,,,,,,,,,,,,,,,,,,,,,,,,,,,,
11213,2500,10589,11214,,0,54,54,56,56,39,39,42,42,50,50,54,54,149,149,956,956,1147,1147,1075,1075,1033,1033,954,954,866,866,918,918,901,901,917,917,943,943,993,993,901,901,419,419,269,269,182,182,132,132,67,67,,,,,,,,,,,,,,,,,,,,,,,,,,,,,,,,,,,,,,,,,,,,,,,,
11214,1200,11213,11215,10566,1,0,0,0,0,0,0,0,0,0,0,0,0,1,1,4,4,5,5,5,5,4,4,4,4,4,4,4,4,4,4,4,4,4,4,4,4,4,4,2,2,1,1,1,1,1,1,0,0,,,,,,,,,,,,,,,,,,,,,,,,,,,,,,,,,,,,,,,,,,,,,,,,
11215,800,11214,11216,,0,0,0,0,0,0,0,0,0,0,0,0,0,1,1,3,3,4,4,4,4,4,4,3,3,3,3,3,3,3,3,3,3,3,3,4,4,3,3,2,2,1,1,1,1,0,0,0,0,,,,,,,,,,,,,,,,,,,,,,,,,,,,,,,,,,,,,,,,,,,,,,,,
11216,800,10578,10602,11215,1,0,0,0,0,0,0,0,0,0,0,0,0,0,0,3,3,3,3,3,3,3,3,3,3,3,3,3,3,3,3,3,3,3,3,3,3,3,3,1,1,1,1,1,1,0,0,0,0,,,,,,,,,,,,,,,,,,,,,,,,,,,,,,,,,,,,,,,,,,,,,,,,
11217,800,11218,,,0,0,0,0,0,0,0,0,0,0,0,0,0,0,0,1,1,1,1,1,1,1,1,1,1,1,1,1,1,1,1,1,1,1,1,1,1,1,1,0,0,0,0,0,0,0,0,0,0,,,,,,,,,,,,,,,,,,,,,,,,,,,,,,,,,,,,,,,,,,,,,,,,
11218,800,11217,10566,10547,1,0,0,0,0,0,0,0,0,0,0,0,0,0,0,1,1,2,2,2,2,2,2,1,1,1,1,1,1,1,1,1,1,1,1,1,1,1,1,1,1,0,0,0,0,0,0,0,0,,,,,,,,,,,,,,,,,,,,,,,,,,,,,,,,,,,,,,,,,,,,,,,,
11219,800,11089,11220,,0,0,0,0,0,0,0,0,0,0,0,0,0,1,1,4,4,5,5,4,4,4,4,4,4,4,4,4,4,4,4,4,4,4,4,4,4,4,4,2,2,1,1,1,1,1,1,0,0,,,,,,,,,,,,,,,,,,,,,,,,,,,,,,,,,,,,,,,,,,,,,,,,
11220,800,11219,11221,10602,1,0,0,0,0,0,0,0,0,0,0,0,0,1,1,3,3,4,4,4,4,4,4,3,3,3,3,3,3,3,3,3,3,3,3,3,3,3,3,2,2,1,1,1,1,0,0,0,0,,,,,,,,,,,,,,,,,,,,,,,,,,,,,,,,,,,,,,,,,,,,,,,,
11221,800,11222,11220,,0,0,0,0,0,0,0,0,0,0,0,0,0,0,0,2,2,3,3,2,2,2,2,2,2,2,2,2,2,2,2,2,2,2,2,2,2,2,2,1,1,1,1,0,0,0,0,0,0,,,,,,,,,,,,,,,,,,,,,,,,,,,,,,,,,,,,,,,,,,,,,,,,
11222,800,11221,11223,10596,1,0,0,0,0,0,0,0,0,0,0,0,0,0,0,1,1,2,2,2,2,2,2,1,1,1,1,1,1,1,1,1,1,1,1,1,1,1,1,1,1,0,0,0,0,0,0,0,0,,,,,,,,,,,,,,,,,,,,,,,,,,,,,,,,,,,,,,,,,,,,,,,,
11223,800,11224,11222,,0,0,0,0,0,0,0,0,0,0,0,0,0,0,0,1,1,1,1,1,1,1,1,1,1,1,1,1,1,1,1,1,1,1,1,1,1,1,1,0,0,0,0,0,0,0,0,0,0,,,,,,,,,,,,,,,,,,,,,,,,,,,,,,,,,,,,,,,,,,,,,,,,
11224,400,11223,11225,10594,1,0,0,0,0,0,0,0,0,0,0,0,0,0,0,1,1,1,1,1,1,1,1,1,1,1,1,1,1,1,1,1,1,1,1,1,1,1,1,0,0,0,0,0,0,0,0,0,0,,,,,,,,,,,,,,,,,,,,,,,,,,,,,,,,,,,,,,,,,,,,,,,,
11225,800,11226,11224,,0,0,0,0,0,0,0,0,0,0,0,0,0,0,0,0,0,1,1,1,1,1,1,0,0,0,0,0,0,0,0,0,0,0,0,1,1,0,0,0,0,0,0,0,0,0,0,0,0,,,,,,,,,,,,,,,,,,,,,,,,,,,,,,,,,,,,,,,,,,,,,,,,
11226,400,11227,11225,10582,1,0,0,0,0,0,0,0,0,0,0,0,0,0,0,1,1,1,1,1,1,1,1,1,1,1,1,1,1,1,1,1,1,1,1,1,1,1,1,0,0,0,0,0,0,0,0,0,0,,,,,,,,,,,,,,,,,,,,,,,,,,,,,,,,,,,,,,,,,,,,,,,,
11227,400,11226,11228,,0,0,0,0,0,0,0,0,0,0,0,0,0,0,0,1,1,1,1,1,1,1,1,1,1,1,1,1,1,1,1,1,1,1,1,1,1,1,1,0,0,0,0,0,0,0,0,0,0,,,,,,,,,,,,,,,,,,,,,,,,,,,,,,,,,,,,,,,,,,,,,,,,
11228,400,11227,11229,10576,1,0,0,0,0,0,0,0,0,0,0,0,0,0,0,1,1,2,2,1,1,1,1,1,1,1,1,1,1,1,1,1,1,1,1,1,1,1,1,1,1,0,0,0,0,0,0,0,0,,,,,,,,,,,,,,,,,,,,,,,,,,,,,,,,,,,,,,,,,,,,,,,,
11229,800,11230,11228,,0,0,0,0,0,0,0,0,0,0,0,0,0,0,0,2,2,2,2,2,2,2,2,2,2,2,2,2,2,2,2,2,2,2,2,2,2,2,2,1,1,1,1,0,0,0,0,0,0,,,,,,,,,,,,,,,,,,,,,,,,,,,,,,,,,,,,,,,,,,,,,,,,
11230,300,10567,,10605;11229,2,0,0,0,0,0,0,0,0,0,0,0,0,0,0,3,3,3,3,3,3,3,3,3,3,2,2,2,2,2,2,2,2,3,3,3,3,2,2,1,1,1,1,1,1,0,0,0,0,,,,,,,,,,,,,,,,,,,,,,,,,,,,,,,,,,,,,,,,,,,,,,,,
11231,300,11234,11232,,0,0,0,0,0,0,0,0,0,0,0,0,0,0,0,1,1,2,2,1,1,1,1,1,1,1,1,1,1,1,1,1,1,1,1,1,1,1,1,1,1,0,0,0,0,0,0,0,0,,,,,,,,,,,,,,,,,,,,,,,,,,,,,,,,,,,,,,,,,,,,,,,,
11232,600,11231,10605,10567,1,0,0,0,0,0,0,0,0,0,0,0,0,0,0,1,1,2,2,2,2,2,2,1,1,1,1,1,1,1,1,1,1,1,1,2,2,1,1,1,1,0,0,0,0,0,0,0,0,,,,,,,,,,,,,,,,,,,,,,,,,,,,,,,,,,,,,,,,,,,,,,,,
11233,1200,11242,11234,,0,0,0,0,0,0,0,0,0,0,0,0,0,0,0,1,1,1,1,1,1,1,1,1,1,1,1,1,1,1,1,1,1,1,1,1,1,1,1,0,0,0,0,0,0,0,0,0,0,,,,,,,,,,,,,,,,,,,,,,,,,,,,,,,,,,,,,,,,,,,,,,,,
11234,800,11233,11235,11231,1,0,0,0,0,0,0,0,0,0,0,0,0,0,0,1,1,1,1,1,1,1,1,1,1,1,1,1,1,1,1,1,1,1,1,1,1,1,1,1,1,0,0,0,0,0,0,0,0,,,,,,,,,,,,,,,,,,,,,,,,,,,,,,,,,,,,,,,,,,,,,,,,
11235,800,11234,11236,,0,0,0,0,0,0,0,0,0,0,0,0,0,0,0,1,1,1,1,1,1,1,1,1,1,1,1,1,1,1,1,1,1,1,1,1,1,1,1,0,0,0,0,0,0,0,0,0,0,,,,,,,,,,,,,,,,,,,,,,,,,,,,,,,,,,,,,,,,,,,,,,,,
11236,800,11237,11235,10576,1,0,0,0,0,0,0,0,0,0,0,0,0,0,0,1,1,2,2,2,2,1,1,1,1,1,1,1,1,1,1,1,1,1,1,1,1,1,1,1,1,0,0,0,0,0,0,0,0,,,,,,,,,,,,,,,,,,,,,,,,,,,,,,,,,,,,,,,,,,,,,,,,
11237,800,11236,11238,,0,0,0,0,0,0,0,0,0,0,0,0,0,0,0,2,2,2,2,2,2,2,2,2,2,1,1,1,1,1,1,1,1,2,2,2,2,1,1,1,1,0,0,0,0,0,0,0,0,,,,,,,,,,,,,,,,,,,,,,,,,,,,,,,,,,,,,,,,,,,,,,,,
11238,600,10544,11237,11239,1,0,0,0,0,0,0,0,0,0,0,0,0,0,0,2,2,2,2,2,2,2,2,2,2,2,2,2,2,2,2,2,2,2,2,2,2,2,2,1,1,1,1,0,0,0,0,0,0,,,,,,,,,,,,,,,,,,,,,,,,,,,,,,,,,,,,,,,,,,,,,,,,
11239,1200,11240,11238,,0,0,0,0,0,0,0,0,0,0,0,0,0,0,0,2,2,2,2,2,2,2,2,2,2,2,2,2,2,2,2,2,2,2,2,2,2,2,2,1,1,1,1,0,0,0,0,0,0,,,,,,,,,,,,,,,,,,,,,,,,,,,,,,,,,,,,,,,,,,,,,,,,
11240,800,10582,10557,11239,1,0,0,0,0,0,0,0,0,0,0,0,0,0,0,2,2,3,3,3,3,3,3,2,2,2,2,2,2,2,2,2,2,2,2,2,2,2,2,1,1,1,1,0,0,0,0,0,0,,,,,,,,,,,,,,,,,,,,,,,,,,,,,,,,,,,,,,,,,,,,,,,,
11241,800,11242,,,0,0,0,0,0,0,0,0,0,0,0,0,0,0,0,1,1,2,2,2,2,1,1,1,1,1,1,1,1,1,1,1,1,1,1,1,1,1,1,1,1,0,0,0,0,0,0,0,0,,,,,,,,,,,,,,,,,,,,,,,,,,,,,,,,,,,,,,,,,,,,,,,,
11242,400,11243,11241,11233,1,0,0,0,0,0,0,0,0,0,0,0,0,0,0,1,1,1,1,1,1,1,1,1,1,1,1,1,1,1,1,1,1,1,1,1,1,1,1,0,0,0,0,0,0,0,0,0,0,,,,,,,,,,,,,,,,,,,,,,,,,,,,,,,,,,,,,,,,,,,,,,,,
11243,1200,11244,11242,,0,0,0,0,0,0,0,0,0,0,0,0,0,0,0,1,1,1,1,1,1,1,1,1,1,1,1,1,1,1,1,1,1,1,1,1,1,1,1,0,0,0,0,0,0,0,0,0,0,,,,,,,,,,,,,,,,,,,,,,,,,,,,,,,,,,,,,,,,,,,,,,,,
11244,600,,10544,11243;10556,2,0,0,0,0,0,0,0,0,0,0,0,0,0,0,2,2,3,3,3,3,3,3,2,2,2,2,2,2,2,2,2,2,2,2,2,2,2,2,1,1,1,1,0,0,0,0,0,0,,,,,,,,,,,,,,,,,,,,,,,,,,,,,,,,,,,,,,,,,,,,,,,,
11245,800,10455,11246,,0,0,0,0,0,0,0,0,0,0,0,0,0,0,0,0,0,0,0,0,0,0,0,0,0,0,0,0,0,0,0,0,0,0,0,0,0,0,0,0,0,0,0,0,0,0,0,0,0,,,,,,,,,,,,,,,,,,,,,,,,,,,,,,,,,,,,,,,,,,,,,,,,
11246,300,11245,7166,11247,1,0,0,0,0,0,0,0,0,0,0,0,0,0,0,0,0,0,0,0,0,0,0,0,0,0,0,0,0,0,0,0,0,0,0,0,0,0,0,0,0,0,0,0,0,0,0,0,0,,,,,,,,,,,,,,,,,,,,,,,,,,,,,,,,,,,,,,,,,,,,,,,,
11247,600,11248,11246,,0,0,0,0,0,0,0,0,0,0,0,0,0,0,0,0,0,0,0,0,0,0,0,0,0,0,0,0,0,0,0,0,0,0,0,0,0,0,0,0,0,0,0,0,0,0,0,0,0,,,,,,,,,,,,,,,,,,,,,,,,,,,,,,,,,,,,,,,,,,,,,,,,
11248,400,11247,7172,7185,1,0,0,0,0,0,0,0,0,0,0,0,0,0,0,3,3,3,3,3,3,3,3,3,3,2,2,2,2,3,3,3,3,3,3,3,3,3,3,1,1,1,1,0,0,0,0,0,0,,,,,,,,,,,,,,,,,,,,,,,,,,,,,,,,,,,,,,,,,,,,,,,,
11249,600,11250,10455,,0,0,0,0,0,0,0,0,0,0,0,0,0,0,0,0,0,0,0,0,0,0,0,0,0,0,0,0,0,0,0,0,0,0,0,0,0,0,0,0,0,0,0,0,0,0,0,0,0,,,,,,,,,,,,,,,,,,,,,,,,,,,,,,,,,,,,,,,,,,,,,,,,
11250,800,11251,11249,10457,1,0,0,0,0,0,0,0,0,0,0,0,0,0,0,0,0,0,0,0,0,0,0,0,0,0,0,0,0,0,0,0,0,0,0,0,0,0,0,0,0,0,0,0,0,0,0,0,0,,,,,,,,,,,,,,,,,,,,,,,,,,,,,,,,,,,,,,,,,,,,,,,,
11251,800,11252,11250,,0,0,0,0,0,0,0,0,0,0,0,0,0,0,0,1,1,1,1,1,1,1,1,1,1,1,1,0,0,1,1,1,1,1,1,1,1,1,1,0,0,0,0,0,0,0,0,0,0,,,,,,,,,,,,,,,,,,,,,,,,,,,,,,,,,,,,,,,,,,,,,,,,
11252,400,10476,11251,10460;10462,2,0,0,0,0,0,0,0,0,0,0,0,0,0,0,1,1,1,1,1,1,1,1,1,1,1,1,1,1,1,1,1,1,1,1,1,1,1,1,0,0,0,0,0,0,0,0,0,0,,,,,,,,,,,,,,,,,,,,,,,,,,,,,,,,,,,,,,,,,,,,,,,,
11253,500,10489,11254,,0,54,54,54,54,38,38,41,41,48,48,53,53,149,149,1126,1126,1279,1279,1185,1185,1176,1176,1064,1064,1030,1030,978,978,1073,1073,1075,1075,1072,1072,1157,1157,1124,1124,530,530,326,326,208,208,152,152,86,86,,,,,,,,,,,,,,,,,,,,,,,,,,,,,,,,,,,,,,,,,,,,,,,,
11254,300,10476,11253,10486,1,0,0,0,0,0,0,0,0,0,0,0,0,0,0,1,1,2,2,2,2,2,2,1,1,1,1,1,1,1,1,1,1,1,1,2,2,1,1,1,1,0,0,0,0,0,0,0,0,,,,,,,,,,,,,,,,,,,,,,,,,,,,,,,,,,,,,,,,,,,,,,,,
11255,300,,11256,,0,0,0,0,0,0,0,0,0,0,0,0,0,0,0,1,1,1,1,1,1,1,1,1,1,1,1,1,1,1,1,1,1,1,1,1,1,1,1,0,0,0,0,0,0,0,0,0,0,,,,,,,,,,,,,,,,,,,,,,,,,,,,,,,,,,,,,,,,,,,,,,,,
11256,300,11255,10486,10475,1,0,0,0,0,0,0,0,0,0,0,0,0,0,0,1,1,1,1,1,1,1,1,1,1,1,1,1,1,1,1,1,1,1,1,1,1,1,1,0,0,0,0,0,0,0,0,0,0,,,,,,,,,,,,,,,,,,,,,,,,,,,,,,,,,,,,,,,,,,,,,,,,
11257,1600,,11258,,0,1,1,1,1,0,0,0,0,1,1,1,1,2,2,14,14,16,16,14,14,14,14,13,13,12,12,12,12,13,13,13,13,13,13,14,14,14,14,6,6,4,4,2,2,2,2,1,1,,,,,,,,,,,,,,,,,,,,,,,,,,,,,,,,,,,,,,,,,,,,,,,,
11258,300,11259,11257,10462,1,0,0,0,0,0,0,0,0,0,0,0,0,0,0,1,1,1,1,1,1,1,1,1,1,1,1,0,0,1,1,1,1,1,1,1,1,1,1,0,0,0,0,0,0,0,0,0,0,,,,,,,,,,,,,,,,,,,,,,,,,,,,,,,,,,,,,,,,,,,,,,,,
11259,300,11260,11258,,0,0,0,0,0,0,0,0,0,0,0,0,0,0,0,1,1,1,1,1,1,1,1,1,1,1,1,1,1,1,1,1,1,1,1,1,1,1,1,0,0,0,0,0,0,0,0,0,0,,,,,,,,,,,,,,,,,,,,,,,,,,,,,,,,,,,,,,,,,,,,,,,,
11260,300,10473,10461,11259;10475,2,0,0,0,0,0,0,0,0,0,0,0,0,0,0,1,1,1,1,1,1,1,1,1,1,1,1,1,1,1,1,1,1,1,1,1,1,1,1,0,0,0,0,0,0,0,0,0,0,,,,,,,,,,,,,,,,,,,,,,,,,,,,,,,,,,,,,,,,,,,,,,,,
11261,300,10460,4479,4480,1,1,1,1,1,0,0,0,0,1,1,1,1,2,2,14,14,16,16,14,14,14,14,13,13,12,12,12,12,13,13,13,13,13,13,14,14,14,14,6,6,4,4,2,2,2,2,1,1,,,,,,,,,,,,,,,,,,,,,,,,,,,,,,,,,,,,,,,,,,,,,,,,
11262,300,,11263,,0,0,0,0,0,0,0,0,0,0,0,0,0,0,0,1,1,1,1,1,1,1,1,1,1,1,1,1,1,1,1,1,1,1,1,1,1,1,1,0,0,0,0,0,0,0,0,0,0,,,,,,,,,,,,,,,,,,,,,,,,,,,,,,,,,,,,,,,,,,,,,,,,
11263,300,11264,11262,10456,1,0,0,0,0,0,0,0,0,0,0,0,0,0,0,1,1,1,1,1,1,1,1,1,1,1,1,1,1,1,1,1,1,1,1,1,1,1,1,0,0,0,0,0,0,0,0,0,0,,,,,,,,,,,,,,,,,,,,,,,,,,,,,,,,,,,,,,,,,,,,,,,,
11264,3000,11265,11263,,0,54,54,54,54,38,38,41,41,48,48,53,53,149,149,1126,1126,1279,1279,1185,1185,1176,1176,1064,1064,1030,1030,978,978,1073,1073,1075,1075,1072,1072,1157,1157,1124,1124,530,530,326,326,208,208,152,152,86,86,,,,,,,,,,,,,,,,,,,,,,,,,,,,,,,,,,,,,,,,,,,,,,,,
11265,300,11264,10459,11266,1,0,0,0,0,0,0,0,0,0,0,0,0,0,0,1,1,2,2,1,1,1,1,1,1,1,1,1,1,1,1,1,1,1,1,1,1,1,1,1,1,0,0,0,0,0,0,0,0,,,,,,,,,,,,,,,,,,,,,,,,,,,,,,,,,,,,,,,,,,,,,,,,
11266,300,,11267,11265,1,0,0,0,0,0,0,0,0,0,0,0,0,0,0,1,1,1,1,1,1,1,1,1,1,1,1,1,1,1,1,1,1,1,1,1,1,1,1,1,1,0,0,0,0,0,0,0,0,,,,,,,,,,,,,,,,,,,,,,,,,,,,,,,,,,,,,,,,,,,,,,,,
11267,300,11268,10473,11266,1,0,0,0,0,0,0,0,0,0,0,0,0,0,0,1,1,1,1,1,1,1,1,1,1,1,1,1,1,1,1,1,1,1,1,1,1,1,1,1,1,0,0,0,0,0,0,0,0,,,,,,,,,,,,,,,,,,,,,,,,,,,,,,,,,,,,,,,,,,,,,,,,
11268,3500,11267,11269,,0,54,54,54,54,38,38,41,41,48,48,53,53,149,149,1126,1126,1279,1279,1185,1185,1176,1176,1064,1064,1030,1030,978,978,1073,1073,1075,1075,1072,1072,1157,1157,1124,1124,530,530,326,326,208,208,152,152,86,86,,,,,,,,,,,,,,,,,,,,,,,,,,,,,,,,,,,,,,,,,,,,,,,,
11269,1000,10497,11268,11270,1,54,54,54,54,38,38,41,41,48,48,53,53,149,149,1126,1126,1279,1279,1185,1185,1176,1176,1064,1064,1030,1030,978,978,1073,1073,1075,1075,1072,1072,1157,1157,1124,1124,530,530,326,326,208,208,152,152,86,86,,,,,,,,,,,,,,,,,,,,,,,,,,,,,,,,,,,,,,,,,,,,,,,,
11270,800,11269,11271,,0,0,0,0,0,0,0,0,0,0,0,0,0,0,0,1,1,2,2,2,2,1,1,1,1,1,1,1,1,1,1,1,1,1,1,1,1,1,1,1,1,0,0,0,0,0,0,0,0,,,,,,,,,,,,,,,,,,,,,,,,,,,,,,,,,,,,,,,,,,,,,,,,
11271,800,11272,11270,10485,1,0,0,0,0,0,0,0,0,0,0,0,0,0,0,1,1,1,1,1,1,1,1,1,1,1,1,1,1,1,1,1,1,1,1,1,1,1,1,0,0,0,0,0,0,0,0,0,0,,,,,,,,,,,,,,,,,,,,,,,,,,,,,,,,,,,,,,,,,,,,,,,,
11272,800,11273,11271,,0,0,0,0,0,0,0,0,0,0,0,0,0,0,0,1,1,1,1,1,1,1,1,1,1,1,1,1,1,1,1,1,1,1,1,1,1,1,1,0,0,0,0,0,0,0,0,0,0,,,,,,,,,,,,,,,,,,,,,,,,,,,,,,,,,,,,,,,,,,,,,,,,
11273,600,10497,10511,11272,1,0,0,0,0,0,0,0,0,0,0,0,0,0,0,1,1,1,1,1,1,1,1,1,1,1,1,1,1,1,1,1,1,1,1,1,1,1,1,1,1,0,0,0,0,0,0,0,0,,,,,,,,,,,,,,,,,,,,,,,,,,,,,,,,,,,,,,,,,,,,,,,,
11274,1000,11281,10468,,0,54,54,54,54,38,38,41,41,48,48,53,53,149,149,1126,1126,1279,1279,1185,1185,1176,1176,1064,1064,1030,1030,978,978,1073,1073,1075,1075,1072,1072,1157,1157,1124,1124,530,530,326,326,208,208,152,152,86,86,,,,,,,,,,,,,,,,,,,,,,,,,,,,,,,,,,,,,,,,,,,,,,,,
11275,800,11276,11282,10512,1,0,0,0,0,0,0,0,0,0,0,0,0,0,0,1,1,1,1,1,1,1,1,1,1,1,1,1,1,1,1,1,1,1,1,1,1,1,1,0,0,0,0,0,0,0,0,0,0,,,,,,,,,,,,,,,,,,,,,,,,,,,,,,,,,,,,,,,,,,,,,,,,
11276,800,11275,11277,,0,0,0,0,0,0,0,0,0,0,0,0,0,0,0,1,1,1,1,1,1,1,1,1,1,1,1,1,1,1,1,1,1,1,1,1,1,1,1,0,0,0,0,0,0,0,0,0,0,,,,,,,,,,,,,,,,,,,,,,,,,,,,,,,,,,,,,,,,,,,,,,,,
11277,800,10466,11276,11278,1,0,0,0,0,0,0,0,0,0,0,0,0,0,0,1,1,1,1,1,1,1,1,1,1,1,1,1,1,1,1,1,1,1,1,1,1,1,1,0,0,0,0,0,0,0,0,0,0,,,,,,,,,,,,,,,,,,,,,,,,,,,,,,,,,,,,,,,,,,,,,,,,
11278,600,11277,11279,,0,0,0,0,0,0,0,0,0,0,0,0,0,0,0,1,1,1,1,1,1,1,1,1,1,1,1,1,1,1,1,1,1,1,1,1,1,1,1,0,0,0,0,0,0,0,0,0,0,,,,,,,,,,,,,,,,,,,,,,,,,,,,,,,,,,,,,,,,,,,,,,,,
11279,800,11280,11278,10491,1,0,0,0,0,0,0,0,0,0,0,0,0,0,0,1,1,1,1,1,1,1,1,1,1,1,1,1,1,1,1,1,1,1,1,1,1,1,1,0,0,0,0,0,0,0,0,0,0,,,,,,,,,,,,,,,,,,,,,,,,,,,,,,,,,,,,,,,,,,,,,,,,
11280,800,11281,11279,,0,0,0,0,0,0,0,0,0,0,0,0,0,0,0,1,1,2,2,1,1,1,1,1,1,1,1,1,1,1,1,1,1,1,1,1,1,1,1,1,1,0,0,0,0,0,0,0,0,,,,,,,,,,,,,,,,,,,,,,,,,,,,,,,,,,,,,,,,,,,,,,,,
11281,800,11274,11280,10464,1,0,0,0,0,0,0,0,0,0,0,0,0,0,0,2,2,2,2,2,2,2,2,1,1,1,1,1,1,1,1,1,1,1,1,2,2,2,2,1,1,0,0,0,0,0,0,0,0,,,,,,,,,,,,,,,,,,,,,,,,,,,,,,,,,,,,,,,,,,,,,,,,
11282,4400,11283,11275,,0,47,47,47,47,33,33,35,35,41,41,45,45,128,128,1131,1131,1278,1278,1185,1185,1160,1160,1073,1073,1030,1030,990,990,1078,1078,1095,1095,1097,1097,1179,1179,1139,1139,454,454,279,279,179,179,131,131,73,73,,,,,,,,,,,,,,,,,,,,,,,,,,,,,,,,,,,,,,,,,,,,,,,,
11283,600,11284,11282,10466,1,0,0,0,0,0,0,0,0,0,0,0,0,0,0,1,1,2,2,2,2,2,2,1,1,1,1,1,1,1,1,1,1,1,1,1,1,1,1,1,1,0,0,0,0,0,0,0,0,,,,,,,,,,,,,,,,,,,,,,,,,,,,,,,,,,,,,,,,,,,,,,,,
11284,1000,11285,11283,,0,54,54,54,54,38,38,41,41,48,48,53,53,149,149,1126,1126,1279,1279,1185,1185,1176,1176,1064,1064,1030,1030,978,978,1073,1073,1075,1075,1072,1072,1157,1157,1124,1124,530,530,326,326,208,208,152,152,86,86,,,,,,,,,,,,,,,,,,,,,,,,,,,,,,,,,,,,,,,,,,,,,,,,
11285,1000,4492,,4486;11284,2,54,54,54,54,38,38,41,41,48,48,53,53,149,149,1126,1126,1279,1279,1185,1185,1176,1176,1064,1064,1030,1030,978,978,1073,1073,1075,1075,1072,1072,1157,1157,1124,1124,530,530,326,326,208,208,152,152,86,86,,,,,,,,,,,,,,,,,,,,,,,,,,,,,,,,,,,,,,,,,,,,,,,,
11286,550,10517,11287,10479,1,54,54,54,54,38,38,41,41,48,48,53,53,149,149,1126,1126,1279,1279,1185,1185,1176,1176,1064,1064,1030,1030,978,978,1073,1073,1075,1075,1072,1072,1157,1157,1124,1124,530,530,326,326,208,208,152,152,86,86,,,,,,,,,,,,,,,,,,,,,,,,,,,,,,,,,,,,,,,,,,,,,,,,
11287,800,11288,11286,,0,0,0,0,0,0,0,0,0,0,0,0,0,0,0,1,1,2,2,2,2,2,2,1,1,1,1,1,1,1,1,1,1,1,1,2,2,1,1,1,1,0,0,0,0,0,0,0,0,,,,,,,,,,,,,,,,,,,,,,,,,,,,,,,,,,,,,,,,,,,,,,,,
11288,300,11291,10463,11287,1,0,0,0,0,0,0,0,0,0,0,0,0,0,0,1,1,1,1,1,1,1,1,1,1,1,1,1,1,1,1,1,1,1,1,1,1,1,1,1,1,0,0,0,0,0,0,0,0,,,,,,,,,,,,,,,,,,,,,,,,,,,,,,,,,,,,,,,,,,,,,,,,
11289,800,11293,11290,,0,0,0,0,0,0,0,0,0,0,0,0,0,0,0,1,1,2,2,1,1,1,1,1,1,1,1,1,1,1,1,1,1,1,1,1,1,1,1,1,1,0,0,0,0,0,0,0,0,,,,,,,,,,,,,,,,,,,,,,,,,,,,,,,,,,,,,,,,,,,,,,,,
11290,300,10479,11289,10471,1,0,0,0,0,0,0,0,0,0,0,0,0,0,0,1,1,1,1,1,1,1,1,1,1,1,1,1,1,1,1,1,1,1,1,1,1,1,1,1,1,0,0,0,0,0,0,0,0,,,,,,,,,,,,,,,,,,,,,,,,,,,,,,,,,,,,,,,,,,,,,,,,
11291,1200,4495,11288,,0,53,53,55,55,38,38,42,42,48,48,53,53,146,146,715,715,891,891,804,804,768,768,707,707,638,638,676,676,679,679,669,669,696,696,738,738,671,671,411,411,264,264,178,178,130,130,66,66,,,,,,,,,,,,,,,,,,,,,,,,,,,,,,,,,,,,,,,,,,,,,,,,
11292,300,11293,,,0,0,0,0,0,0,0,0,0,0,0,0,0,0,0,1,1,1,1,1,1,1,1,1,1,1,1,1,1,1,1,1,1,1,1,1,1,1,1,0,0,0,0,0,0,0,0,0,0,,,,,,,,,,,,,,,,,,,,,,,,,,,,,,,,,,,,,,,,,,,,,,,,
11293,400,11292,11289,10463,1,0,0,0,0,0,0,0,0,0,0,0,0,0,0,1,1,1,1,1,1,1,1,1,1,1,1,1,1,1,1,1,1,1,1,1,1,1,1,0,0,0,0,0,0,0,0,0,0,,,,,,,,,,,,,,,,,,,,,,,,,,,,,,,,,,,,,,,,,,,,,,,,
11294,600,11295,10483,,0,0,0,0,0,0,0,0,0,0,0,0,0,0,0,2,2,2,2,2,2,2,2,2,2,2,2,2,2,2,2,2,2,2,2,2,2,2,2,1,1,1,1,0,0,0,0,0,0,,,,,,,,,,,,,,,,,,,,,,,,,,,,,,,,,,,,,,,,,,,,,,,,
11295,300,11296,11294,10490,1,0,0,0,0,0,0,0,0,0,0,0,0,0,0,2,2,3,3,2,2,2,2,2,2,2,2,2,2,2,2,2,2,2,2,2,2,2,2,1,1,1,1,0,0,0,0,0,0,,,,,,,,,,,,,,,,,,,,,,,,,,,,,,,,,,,,,,,,,,,,,,,,
11296,300,11295,11297,,0,0,0,0,0,0,0,0,0,0,0,0,0,0,0,3,3,3,3,3,3,3,3,3,3,3,3,3,3,3,3,3,3,3,3,3,3,3,3,1,1,1,1,1,1,0,0,0,0,,,,,,,,,,,,,,,,,,,,,,,,,,,,,,,,,,,,,,,,,,,,,,,,
11297,300,,11296,11298;10487,2,0,0,0,0,0,0,0,0,0,0,0,0,0,0,3,3,3,3,3,3,3,3,3,3,3,3,3,3,3,3,3,3,3,3,3,3,3,3,1,1,1,1,1,1,0,0,0,0,,,,,,,,,,,,,,,,,,,,,,,,,,,,,,,,,,,,,,,,,,,,,,,,
11298,4400,10458,11299,11297,1,54,54,56,56,39,39,42,42,50,50,54,54,149,149,956,956,1147,1147,1075,1075,1033,1033,954,954,866,866,918,918,901,901,917,917,943,943,993,993,901,901,419,419,269,269,182,182,132,132,67,67,,,,,,,,,,,,,,,,,,,,,,,,,,,,,,,,,,,,,,,,,,,,,,,,
11299,550,11300,11298,10478,1,54,54,56,56,39,39,42,42,50,50,54,54,149,149,956,956,1147,1147,1075,1075,1033,1033,954,954,866,866,918,918,901,901,917,917,943,943,993,993,901,901,419,419,269,269,182,182,132,132,67,67,,,,,,,,,,,,,,,,,,,,,,,,,,,,,,,,,,,,,,,,,,,,,,,,
113,1200,502,110,,0,0,0,0,0,0,0,0,0,0,0,0,0,1,1,5,5,6,6,5,5,5,5,5,5,4,4,5,5,4,4,5,5,5,5,5,5,4,4,2,2,1,1,1,1,1,1,0,0,,,,,,,,,,,,,,,,,,,,,,,,,,,,,,,,,,,,,,,,,,,,,,,,
11300,2500,11299,11301,10470,1,54,54,56,56,39,39,42,42,50,50,54,54,149,149,956,956,1147,1147,1075,1075,1033,1033,954,954,866,866,918,918,901,901,917,917,943,943,993,993,901,901,419,419,269,269,182,182,132,132,67,67,,,,,,,,,,,,,,,,,,,,,,,,,,,,,,,,,,,,,,,,,,,,,,,,
11301,800,11300,10454,4498,1,0,0,0,0,0,0,0,0,0,0,0,0,1,1,3,3,4,4,4,4,4,4,3,3,3,3,3,3,3,3,3,3,3,3,4,4,3,3,2,2,1,1,1,1,0,0,0,0,,,,,,,,,,,,,,,,,,,,,,,,,,,,,,,,,,,,,,,,,,,,,,,,
11302,1200,4506,10468,,0,0,0,0,0,0,0,0,0,0,0,0,0,0,0,2,2,2,2,2,2,2,2,2,2,1,1,1,1,2,2,2,2,2,2,2,2,2,2,1,1,0,0,0,0,0,0,0,0,,,,,,,,,,,,,,,,,,,,,,,,,,,,,,,,,,,,,,,,,,,,,,,,
11303,4000,11304,10483,,0,54,54,56,56,39,39,42,42,50,50,54,54,149,149,956,956,1147,1147,1075,1075,1033,1033,954,954,866,866,918,918,901,901,917,917,943,943,993,993,901,901,419,419,269,269,182,182,132,132,67,67,,,,,,,,,,,,,,,,,,,,,,,,,,,,,,,,,,,,,,,,,,,,,,,,
11304,300,11303,10505,10503,1,0,0,0,0,0,0,0,0,0,0,0,0,0,0,3,3,3,3,3,3,3,3,3,3,2,2,3,3,3,3,3,3,3,3,3,3,3,3,1,1,1,1,1,1,0,0,0,0,,,,,,,,,,,,,,,,,,,,,,,,,,,,,,,,,,,,,,,,,,,,,,,,
11305,300,11306,10937,,0,0,0,0,0,0,0,0,0,0,0,0,0,0,0,2,2,2,2,2,2,2,2,2,2,2,2,2,2,2,2,2,2,2,2,2,2,2,2,1,1,1,1,0,0,0,0,0,0,,,,,,,,,,,,,,,,,,,,,,,,,,,,,,,,,,,,,,,,,,,,,,,,
11306,400,11305,10665,10660,1,0,0,0,0,0,0,0,0,0,0,0,0,0,0,2,2,2,2,2,2,2,2,2,2,2,2,1,1,2,2,2,2,2,2,2,2,2,2,1,1,0,0,0,0,0,0,0,0,,,,,,,,,,,,,,,,,,,,,,,,,,,,,,,,,,,,,,,,,,,,,,,,
11307,800,11311,6284,6285;11313,2,1,1,1,1,0,0,0,0,1,1,1,1,2,2,17,17,19,19,19,19,19,19,17,17,16,16,17,17,16,16,17,17,17,17,18,18,16,16,4,4,3,3,2,2,1,1,1,1,,,,,,,,,,,,,,,,,,,,,,,,,,,,,,,,,,,,,,,,,,,,,,,,
11308,1600,11310,6300,,0,1,1,1,1,0,0,0,0,1,1,1,1,2,2,17,17,19,19,19,19,19,19,17,17,16,16,17,17,16,16,17,17,17,17,18,18,16,16,4,4,3,3,2,2,1,1,1,1,,,,,,,,,,,,,,,,,,,,,,,,,,,,,,,,,,,,,,,,,,,,,,,,
11309,300,6288,,,0,0,0,0,0,0,0,0,0,0,0,0,0,0,0,3,3,4,4,4,4,4,4,3,3,3,3,3,3,3,3,3,3,3,3,4,4,3,3,2,2,1,1,1,1,0,0,0,0,,,,,,,,,,,,,,,,,,,,,,,,,,,,,,,,,,,,,,,,,,,,,,,,
11310,2000,11312,6286,11308;11317,2,50,50,49,49,35,35,37,37,43,43,48,48,137,137,1199,1199,1327,1327,1239,1239,1242,1242,1119,1119,1102,1102,1018,1018,1143,1143,1150,1150,1133,1133,1230,1230,1214,1214,532,532,323,323,202,202,148,148,86,86,,,,,,,,,,,,,,,,,,,,,,,,,,,,,,,,,,,,,,,,,,,,,,,,
11311,1200,11307,12921,,0,0,0,0,0,0,0,0,0,0,0,0,0,0,0,4,4,4,4,4,4,4,4,4,4,4,4,3,3,4,4,4,4,4,4,4,4,4,4,2,2,1,1,1,1,0,0,0,0,,,,,,,,,,,,,,,,,,,,,,,,,,,,,,,,,,,,,,,,,,,,,,,,
11312,1500,11316,11310,,0,50,50,49,49,35,35,37,37,43,43,48,48,137,137,1199,1199,1327,1327,1239,1239,1242,1242,1119,1119,1102,1102,1018,1018,1143,1143,1150,1150,1133,1133,1230,1230,1214,1214,532,532,323,323,202,202,148,148,86,86,,,,,,,,,,,,,,,,,,,,,,,,,,,,,,,,,,,,,,,,,,,,,,,,
11313,4400,11319,11307,,0,67,67,70,70,49,49,53,53,62,62,67,67,186,186,910,910,1134,1134,1023,1023,977,977,900,900,812,812,861,861,864,864,851,851,886,886,939,939,854,854,524,524,336,336,227,227,165,165,84,84,,,,,,,,,,,,,,,,,,,,,,,,,,,,,,,,,,,,,,,,,,,,,,,,
11314,1200,11629,11631,,0,0,0,0,0,0,0,0,0,0,0,0,0,0,0,1,1,1,1,1,1,1,1,1,1,1,1,1,1,1,1,1,1,1,1,1,1,1,1,1,1,0,0,0,0,0,0,0,0,,,,,,,,,,,,,,,,,,,,,,,,,,,,,,,,,,,,,,,,,,,,,,,,
11315,2500,,6328,,0,54,54,54,54,38,38,41,41,48,48,53,53,149,149,1126,1126,1279,1279,1185,1185,1176,1176,1064,1064,1030,1030,978,978,1073,1073,1075,1075,1072,1072,1157,1157,1124,1124,530,530,326,326,208,208,152,152,86,86,,,,,,,,,,,,,,,,,,,,,,,,,,,,,,,,,,,,,,,,,,,,,,,,
11316,1200,11630,11622,11312;11330,2,0,0,0,0,0,0,0,0,0,0,0,0,0,0,4,4,4,4,4,4,4,4,4,4,3,3,3,3,4,4,4,4,4,4,4,4,4,4,2,2,1,1,1,1,1,1,0,0,,,,,,,,,,,,,,,,,,,,,,,,,,,,,,,,,,,,,,,,,,,,,,,,
11317,2000,11633,11310,,0,50,50,49,49,35,35,37,37,43,43,48,48,137,137,1199,1199,1327,1327,1239,1239,1242,1242,1119,1119,1102,1102,1018,1018,1143,1143,1150,1150,1133,1133,1230,1230,1214,1214,532,532,323,323,202,202,148,148,86,86,,,,,,,,,,,,,,,,,,,,,,,,,,,,,,,,,,,,,,,,,,,,,,,,
11318,1200,11629,6300,,0,1,1,1,1,0,0,0,0,1,1,1,1,2,2,17,17,19,19,19,19,19,19,17,17,16,16,17,17,16,16,17,17,17,17,18,18,16,16,4,4,3,3,2,2,1,1,1,1,,,,,,,,,,,,,,,,,,,,,,,,,,,,,,,,,,,,,,,,,,,,,,,,
11319,3000,11632,11583,11313;11338,2,50,50,49,49,35,35,37,37,43,43,48,48,137,137,1199,1199,1327,1327,1239,1239,1242,1242,1119,1119,1102,1102,1018,1018,1143,1143,1150,1150,1133,1133,1230,1230,1214,1214,532,532,323,323,202,202,148,148,86,86,,,,,,,,,,,,,,,,,,,,,,,,,,,,,,,,,,,,,,,,,,,,,,,,
11320,1200,11392,11669,tran_6da331c4-b955-452d-9142-258e7d0b8a13;11657,2,0,0,0,0,0,0,0,0,0,0,0,0,1,1,5,5,6,6,5,5,5,5,5,5,4,4,4,4,5,5,5,5,5,5,5,5,5,5,2,2,1,1,1,1,1,1,0,0,,,,,,,,,,,,,,,,,,,,,,,,,,,,,,,,,,,,,,,,,,,,,,,,
11321,1200,11625,11627,,0,0,0,0,0,0,0,0,0,0,0,0,0,0,0,1,1,1,1,1,1,1,1,1,1,1,1,1,1,1,1,1,1,1,1,1,1,1,1,1,1,0,0,0,0,0,0,0,0,,,,,,,,,,,,,,,,,,,,,,,,,,,,,,,,,,,,,,,,,,,,,,,,
11322,4400,11662,11668,,0,54,54,54,54,38,38,41,41,48,48,53,53,149,149,1126,1126,1279,1279,1185,1185,1176,1176,1064,1064,1030,1030,978,978,1073,1073,1075,1075,1072,1072,1157,1157,1124,1124,530,530,326,326,208,208,152,152,86,86,,,,,,,,,,,,,,,,,,,,,,,,,,,,,,,,,,,,,,,,,,,,,,,,
11323,1600,11660,11658,,0,0,0,0,0,0,0,0,0,0,0,0,0,1,1,5,5,5,5,5,5,5,5,4,4,4,4,4,4,4,4,4,4,4,4,5,5,5,5,2,2,1,1,1,1,1,1,0,0,,,,,,,,,,,,,,,,,,,,,,,,,,,,,,,,,,,,,,,,,,,,,,,,
11324,1200,11623,11621,,0,0,0,0,0,0,0,0,0,0,0,0,0,0,0,3,3,3,3,3,3,3,3,2,2,2,2,2,2,2,2,2,2,2,2,3,3,3,3,1,1,1,1,0,0,0,0,0,0,,,,,,,,,,,,,,,,,,,,,,,,,,,,,,,,,,,,,,,,,,,,,,,,
11325,1600,6288,11644,11659;11515,2,0,0,0,0,0,0,0,0,0,0,0,0,1,1,8,8,10,10,9,9,9,9,8,8,8,8,7,7,8,8,8,8,8,8,9,9,8,8,4,4,2,2,2,2,1,1,1,1,,,,,,,,,,,,,,,,,,,,,,,,,,,,,,,,,,,,,,,,,,,,,,,,
11326,1600,11327,11584,,0,0,0,0,0,0,0,0,0,0,0,0,0,0,0,2,2,3,3,3,3,2,2,2,2,2,2,2,2,2,2,2,2,2,2,2,2,2,2,1,1,1,1,0,0,0,0,0,0,,,,,,,,,,,,,,,,,,,,,,,,,,,,,,,,,,,,,,,,,,,,,,,,
11327,1600,13493,11333,11326;12947,2,0,0,0,0,0,0,0,0,0,0,0,0,0,0,4,4,4,4,4,4,4,4,4,4,4,4,3,3,4,4,4,4,4,4,4,4,4,4,2,2,1,1,1,1,0,0,0,0,,,,,,,,,,,,,,,,,,,,,,,,,,,,,,,,,,,,,,,,,,,,,,,,
11328,1200,11631,11625,,0,0,0,0,0,0,0,0,0,0,0,0,0,0,0,2,2,2,2,2,2,2,2,2,2,2,2,2,2,2,2,2,2,2,2,2,2,2,2,1,1,1,1,0,0,0,0,0,0,,,,,,,,,,,,,,,,,,,,,,,,,,,,,,,,,,,,,,,,,,,,,,,,
11329,1600,11596,11332,,0,0,0,0,0,0,0,0,0,0,0,0,0,0,0,2,2,3,3,3,3,2,2,2,2,2,2,2,2,2,2,2,2,2,2,2,2,2,2,1,1,1,1,0,0,0,0,0,0,,,,,,,,,,,,,,,,,,,,,,,,,,,,,,,,,,,,,,,,,,,,,,,,
11330,1200,11316,11339,,0,0,0,0,0,0,0,0,0,0,0,0,0,0,0,2,2,2,2,2,2,2,2,2,2,2,2,2,2,2,2,2,2,2,2,2,2,2,2,1,1,1,1,0,0,0,0,0,0,,,,,,,,,,,,,,,,,,,,,,,,,,,,,,,,,,,,,,,,,,,,,,,,
11331,1200,11633,11621,,0,0,0,0,0,0,0,0,0,0,0,0,0,0,0,4,4,4,4,4,4,4,4,3,3,3,3,3,3,4,4,4,4,4,4,4,4,4,4,2,2,1,1,1,1,0,0,0,0,,,,,,,,,,,,,,,,,,,,,,,,,,,,,,,,,,,,,,,,,,,,,,,,
11332,1200,11624,11612,11329;11334,2,0,0,0,0,0,0,0,0,0,0,0,0,0,0,1,1,1,1,1,1,1,1,1,1,1,1,1,1,1,1,1,1,1,1,1,1,1,1,0,0,0,0,0,0,0,0,0,0,,,,,,,,,,,,,,,,,,,,,,,,,,,,,,,,,,,,,,,,,,,,,,,,
11333,1200,11340,11327,,0,0,0,0,0,0,0,0,0,0,0,0,0,0,0,1,1,1,1,1,1,1,1,1,1,1,1,1,1,1,1,1,1,1,1,1,1,1,1,1,1,0,0,0,0,0,0,0,0,,,,,,,,,,,,,,,,,,,,,,,,,,,,,,,,,,,,,,,,,,,,,,,,
11334,800,11339,11332,,0,0,0,0,0,0,0,0,0,0,0,0,0,0,0,1,1,1,1,1,1,1,1,1,1,1,1,1,1,1,1,1,1,1,1,1,1,1,1,0,0,0,0,0,0,0,0,0,0,,,,,,,,,,,,,,,,,,,,,,,,,,,,,,,,,,,,,,,,,,,,,,,,
11335,1200,11582,11580,,0,0,0,0,0,0,0,0,0,0,0,0,0,0,0,2,2,3,3,2,2,2,2,2,2,2,2,2,2,2,2,2,2,2,2,2,2,2,2,1,1,1,1,0,0,0,0,0,0,,,,,,,,,,,,,,,,,,,,,,,,,,,,,,,,,,,,,,,,,,,,,,,,
11336,1200,11623,11617,,0,0,0,0,0,0,0,0,0,0,0,0,0,0,0,2,2,3,3,2,2,2,2,2,2,2,2,2,2,2,2,2,2,2,2,2,2,2,2,1,1,1,1,0,0,0,0,0,0,,,,,,,,,,,,,,,,,,,,,,,,,,,,,,,,,,,,,,,,,,,,,,,,
11337,1200,11619,11617,,0,0,0,0,0,0,0,0,0,0,0,0,0,0,0,1,1,1,1,1,1,1,1,1,1,1,1,1,1,1,1,1,1,1,1,1,1,1,1,1,1,0,0,0,0,0,0,0,0,,,,,,,,,,,,,,,,,,,,,,,,,,,,,,,,,,,,,,,,,,,,,,,,
11338,4400,11342,11319,,0,50,50,49,49,35,35,37,37,43,43,48,48,137,137,1199,1199,1327,1327,1239,1239,1242,1242,1119,1119,1102,1102,1018,1018,1143,1143,1150,1150,1133,1133,1230,1230,1214,1214,532,532,323,323,202,202,148,148,86,86,,,,,,,,,,,,,,,,,,,,,,,,,,,,,,,,,,,,,,,,,,,,,,,,
11339,1600,11334,11341,11330;11356,2,0,0,0,0,0,0,0,0,0,0,0,0,0,0,1,1,1,1,1,1,1,1,1,1,1,1,1,1,1,1,1,1,1,1,1,1,1,1,1,1,0,0,0,0,0,0,0,0,,,,,,,,,,,,,,,,,,,,,,,,,,,,,,,,,,,,,,,,,,,,,,,,
11340,800,11579,12955,11333;11357,2,0,0,0,0,0,0,0,0,0,0,0,0,0,0,1,1,1,1,1,1,1,1,1,1,1,1,1,1,1,1,1,1,1,1,1,1,1,1,0,0,0,0,0,0,0,0,0,0,,,,,,,,,,,,,,,,,,,,,,,,,,,,,,,,,,,,,,,,,,,,,,,,
11341,800,11343,11339,,0,0,0,0,0,0,0,0,0,0,0,0,0,0,0,1,1,1,1,1,1,1,1,1,1,1,1,1,1,1,1,1,1,1,1,1,1,1,1,1,1,0,0,0,0,0,0,0,0,,,,,,,,,,,,,,,,,,,,,,,,,,,,,,,,,,,,,,,,,,,,,,,,
11342,1200,11618,11347,11338;11348,2,0,0,0,0,0,0,0,0,0,0,0,0,0,0,4,4,4,4,4,4,4,4,3,3,3,3,3,3,3,3,3,3,3,3,4,4,4,4,2,2,1,1,1,1,0,0,0,0,,,,,,,,,,,,,,,,,,,,,,,,,,,,,,,,,,,,,,,,,,,,,,,,
11343,1200,11616,11368,11341;11349,2,0,0,0,0,0,0,0,0,0,0,0,0,0,0,1,1,1,1,1,1,1,1,1,1,1,1,1,1,1,1,1,1,1,1,1,1,1,1,0,0,0,0,0,0,0,0,0,0,,,,,,,,,,,,,,,,,,,,,,,,,,,,,,,,,,,,,,,,,,,,,,,,
11344,1200,11584,11582,,0,0,0,0,0,0,0,0,0,0,0,0,0,0,0,3,3,4,4,4,4,4,4,3,3,3,3,3,3,3,3,3,3,3,3,3,3,3,3,2,2,1,1,1,1,0,0,0,0,,,,,,,,,,,,,,,,,,,,,,,,,,,,,,,,,,,,,,,,,,,,,,,,
11345,1200,11594,11615,,0,0,0,0,0,0,0,0,0,0,0,0,0,0,0,3,3,4,4,4,4,4,4,3,3,3,3,3,3,3,3,3,3,3,3,4,4,3,3,2,2,1,1,1,1,0,0,0,0,,,,,,,,,,,,,,,,,,,,,,,,,,,,,,,,,,,,,,,,,,,,,,,,
11346,800,11639,11643,,0,0,0,0,0,0,0,0,0,0,0,0,0,1,1,4,4,5,5,4,4,4,4,4,4,4,4,4,4,4,4,4,4,4,4,4,4,4,4,2,2,1,1,1,1,1,1,0,0,,,,,,,,,,,,,,,,,,,,,,,,,,,,,,,,,,,,,,,,,,,,,,,,
11347,800,11342,11578,,0,0,0,0,0,0,0,0,0,0,0,0,0,0,0,2,2,3,3,3,3,3,3,2,2,2,2,2,2,2,2,2,2,2,2,3,3,2,2,1,1,1,1,0,0,0,0,0,0,,,,,,,,,,,,,,,,,,,,,,,,,,,,,,,,,,,,,,,,,,,,,,,,
11348,3500,11351,,11342,1,50,50,49,49,35,35,37,37,43,43,48,48,137,137,1199,1199,1327,1327,1239,1239,1242,1242,1119,1119,1102,1102,1018,1018,1143,1143,1150,1150,1133,1133,1230,1230,1214,1214,532,532,323,323,202,202,148,148,86,86,,,,,,,,,,,,,,,,,,,,,,,,,,,,,,,,,,,,,,,,,,,,,,,,
11349,1200,11351,11343,,0,53,53,55,55,38,38,42,42,48,48,53,53,146,146,715,715,891,891,804,804,768,768,707,707,638,638,676,676,679,679,669,669,696,696,738,738,671,671,411,411,264,264,178,178,130,130,66,66,,,,,,,,,,,,,,,,,,,,,,,,,,,,,,,,,,,,,,,,,,,,,,,,
11350,2500,11656,11658,,0,54,54,54,54,38,38,41,41,48,48,53,53,149,149,1126,1126,1279,1279,1185,1185,1176,1176,1064,1064,1030,1030,978,978,1073,1073,1075,1075,1072,1072,1157,1157,1124,1124,530,530,326,326,208,208,152,152,86,86,,,,,,,,,,,,,,,,,,,,,,,,,,,,,,,,,,,,,,,,,,,,,,,,
11351,1600,11355,11349,11348;11363,2,0,0,0,0,0,0,0,0,0,0,0,0,0,0,4,4,4,4,4,4,4,4,3,3,3,3,3,3,4,4,4,4,4,4,4,4,4,4,2,2,1,1,1,1,0,0,0,0,,,,,,,,,,,,,,,,,,,,,,,,,,,,,,,,,,,,,,,,,,,,,,,,
11352,1200,11580,11576,,0,0,0,0,0,0,0,0,0,0,0,0,0,0,0,2,2,2,2,2,2,2,2,1,1,1,1,1,1,2,2,2,2,1,1,2,2,2,2,1,1,0,0,0,0,0,0,0,0,,,,,,,,,,,,,,,,,,,,,,,,,,,,,,,,,,,,,,,,,,,,,,,,
11353,1200,11613,11609,,0,0,0,0,0,0,0,0,0,0,0,0,0,0,0,1,1,2,2,1,1,1,1,1,1,1,1,1,1,1,1,1,1,1,1,1,1,1,1,1,1,0,0,0,0,0,0,0,0,,,,,,,,,,,,,,,,,,,,,,,,,,,,,,,,,,,,,,,,,,,,,,,,
11354,1200,11643,11666,,0,0,0,0,0,0,0,0,0,0,0,0,0,0,0,3,3,4,4,4,4,4,4,3,3,3,3,3,3,3,3,3,3,3,3,4,4,3,3,2,2,1,1,1,1,0,0,0,0,,,,,,,,,,,,,,,,,,,,,,,,,,,,,,,,,,,,,,,,,,,,,,,,
11355,1200,11351,11359,,0,0,0,0,0,0,0,0,0,0,0,0,0,0,0,2,2,3,3,3,3,2,2,2,2,2,2,2,2,2,2,2,2,2,2,2,2,2,2,1,1,1,1,0,0,0,0,0,0,,,,,,,,,,,,,,,,,,,,,,,,,,,,,,,,,,,,,,,,,,,,,,,,
11356,1200,11366,11339,,0,0,0,0,0,0,0,0,0,0,0,0,0,0,0,1,1,1,1,1,1,1,1,1,1,1,1,1,1,1,1,1,1,1,1,1,1,1,1,1,1,0,0,0,0,0,0,0,0,,,,,,,,,,,,,,,,,,,,,,,,,,,,,,,,,,,,,,,,,,,,,,,,
11357,1200,11369,11340,,0,0,0,0,0,0,0,0,0,0,0,0,0,0,0,1,1,1,1,1,1,1,1,1,1,1,1,1,1,1,1,1,1,1,1,1,1,1,1,0,0,0,0,0,0,0,0,0,0,,,,,,,,,,,,,,,,,,,,,,,,,,,,,,,,,,,,,,,,,,,,,,,,
11358,800,11647,11360,,0,0,0,0,0,0,0,0,0,0,0,0,0,0,0,2,2,2,2,2,2,2,2,2,2,2,2,2,2,2,2,2,2,2,2,2,2,2,2,1,1,1,1,0,0,0,0,0,0,,,,,,,,,,,,,,,,,,,,,,,,,,,,,,,,,,,,,,,,,,,,,,,,
11359,1200,11575,11380,11355;11365,2,0,0,0,0,0,0,0,0,0,0,0,0,0,0,1,1,1,1,1,1,1,1,1,1,1,1,1,1,1,1,1,1,1,1,1,1,1,1,1,1,0,0,0,0,0,0,0,0,,,,,,,,,,,,,,,,,,,,,,,,,,,,,,,,,,,,,,,,,,,,,,,,
11360,1200,11364,11358,11642;11397,2,0,0,0,0,0,0,0,0,0,0,0,0,0,0,2,2,3,3,2,2,2,2,2,2,2,2,2,2,2,2,2,2,2,2,2,2,2,2,1,1,1,1,0,0,0,0,0,0,,,,,,,,,,,,,,,,,,,,,,,,,,,,,,,,,,,,,,,,,,,,,,,,
11361,800,11609,11611,,0,0,0,0,0,0,0,0,0,0,0,0,0,0,0,2,2,2,2,2,2,2,2,2,2,2,2,2,2,2,2,2,2,2,2,2,2,2,2,1,1,1,1,0,0,0,0,0,0,,,,,,,,,,,,,,,,,,,,,,,,,,,,,,,,,,,,,,,,,,,,,,,,
11362,1200,11607,11605,,0,0,0,0,0,0,0,0,0,0,0,0,0,0,0,1,1,1,1,1,1,1,1,1,1,1,1,1,1,1,1,1,1,1,1,1,1,1,1,1,1,0,0,0,0,0,0,0,0,,,,,,,,,,,,,,,,,,,,,,,,,,,,,,,,,,,,,,,,,,,,,,,,
11363,3500,11370,11351,,0,67,67,70,70,49,49,53,53,62,62,67,67,186,186,910,910,1134,1134,1023,1023,977,977,900,900,812,812,861,861,864,864,851,851,886,886,939,939,854,854,524,524,336,336,227,227,165,165,84,84,,,,,,,,,,,,,,,,,,,,,,,,,,,,,,,,,,,,,,,,,,,,,,,,
11364,800,11637,11360,,0,0,0,0,0,0,0,0,0,0,0,0,0,0,0,3,3,4,4,4,4,4,4,3,3,3,3,3,3,3,3,3,3,3,3,4,4,3,3,2,2,1,1,1,1,0,0,0,0,,,,,,,,,,,,,,,,,,,,,,,,,,,,,,,,,,,,,,,,,,,,,,,,
11365,800,11359,11369,,0,0,0,0,0,0,0,0,0,0,0,0,0,0,0,1,1,1,1,1,1,1,1,1,1,1,1,1,1,1,1,1,1,1,1,1,1,1,1,0,0,0,0,0,0,0,0,0,0,,,,,,,,,,,,,,,,,,,,,,,,,,,,,,,,,,,,,,,,,,,,,,,,
11366,1200,11602,11608,11356;11375,2,0,0,0,0,0,0,0,0,0,0,0,0,0,0,2,2,2,2,2,2,2,2,2,2,2,2,2,2,2,2,2,2,2,2,2,2,2,2,1,1,1,1,0,0,0,0,0,0,,,,,,,,,,,,,,,,,,,,,,,,,,,,,,,,,,,,,,,,,,,,,,,,
11367,600,11645,11649,,0,0,0,0,0,0,0,0,0,0,0,0,0,0,0,3,3,3,3,3,3,3,3,3,3,3,3,2,2,3,3,3,3,3,3,3,3,3,3,1,1,1,1,1,1,0,0,0,0,,,,,,,,,,,,,,,,,,,,,,,,,,,,,,,,,,,,,,,,,,,,,,,,
11368,800,11605,11343,,0,0,0,0,0,0,0,0,0,0,0,0,0,0,0,1,1,1,1,1,1,1,1,1,1,1,1,1,1,1,1,1,1,1,1,1,1,1,1,0,0,0,0,0,0,0,0,0,0,,,,,,,,,,,,,,,,,,,,,,,,,,,,,,,,,,,,,,,,,,,,,,,,
11369,1600,11365,11372,11357;11382,2,0,0,0,0,0,0,0,0,0,0,0,0,0,0,1,1,1,1,1,1,1,1,1,1,1,1,1,1,1,1,1,1,1,1,1,1,1,1,0,0,0,0,0,0,0,0,0,0,,,,,,,,,,,,,,,,,,,,,,,,,,,,,,,,,,,,,,,,,,,,,,,,
11370,1200,11606,11571,11363;11384,2,0,0,0,0,0,0,0,0,0,0,0,0,0,0,4,4,4,4,4,4,4,4,4,4,3,3,3,3,4,4,4,4,4,4,4,4,4,4,2,2,1,1,1,1,1,1,0,0,,,,,,,,,,,,,,,,,,,,,,,,,,,,,,,,,,,,,,,,,,,,,,,,
11371,1200,11615,11611,,0,0,0,0,0,0,0,0,0,0,0,0,0,0,0,3,3,3,3,3,3,3,3,2,2,2,2,2,2,2,2,2,2,2,2,3,3,3,3,1,1,1,1,0,0,0,0,0,0,,,,,,,,,,,,,,,,,,,,,,,,,,,,,,,,,,,,,,,,,,,,,,,,
11372,800,11369,11373,,0,0,0,0,0,0,0,0,0,0,0,0,0,0,0,1,1,1,1,1,1,1,1,1,1,1,1,1,1,1,1,1,1,1,1,1,1,1,1,0,0,0,0,0,0,0,0,0,0,,,,,,,,,,,,,,,,,,,,,,,,,,,,,,,,,,,,,,,,,,,,,,,,
11373,1200,11372,12993,13485;11387,2,0,0,0,0,0,0,0,0,0,0,0,0,0,0,4,4,4,4,4,4,4,4,4,4,4,4,3,3,4,4,4,4,4,4,4,4,4,4,2,2,1,1,1,1,0,0,0,0,,,,,,,,,,,,,,,,,,,,,,,,,,,,,,,,,,,,,,,,,,,,,,,,
11374,1200,11574,11572,,0,0,0,0,0,0,0,0,0,0,0,0,0,0,0,1,1,2,2,2,2,2,2,1,1,1,1,1,1,1,1,1,1,1,1,2,2,1,1,1,1,0,0,0,0,0,0,0,0,,,,,,,,,,,,,,,,,,,,,,,,,,,,,,,,,,,,,,,,,,,,,,,,
11375,1600,11590,11366,,0,0,0,0,0,0,0,0,0,0,0,0,0,0,0,2,2,3,3,2,2,2,2,2,2,2,2,2,2,2,2,2,2,2,2,2,2,2,2,1,1,1,1,0,0,0,0,0,0,,,,,,,,,,,,,,,,,,,,,,,,,,,,,,,,,,,,,,,,,,,,,,,,
11376,4400,11652,,11656,1,67,67,70,70,49,49,53,53,62,62,67,67,186,186,910,910,1134,1134,1023,1023,977,977,900,900,812,812,861,861,864,864,851,851,886,886,939,939,854,854,524,524,336,336,227,227,165,165,84,84,,,,,,,,,,,,,,,,,,,,,,,,,,,,,,,,,,,,,,,,,,,,,,,,
11377,1200,11603,11601,,0,0,0,0,0,0,0,0,0,0,0,0,0,0,0,2,2,2,2,2,2,2,2,2,2,2,2,2,2,2,2,2,2,2,2,2,2,2,2,1,1,1,1,0,0,0,0,0,0,,,,,,,,,,,,,,,,,,,,,,,,,,,,,,,,,,,,,,,,,,,,,,,,
11378,800,11660,11649,,0,0,0,0,0,0,0,0,0,0,0,0,0,0,0,4,4,4,4,4,4,4,4,3,3,3,3,3,3,3,3,3,3,3,3,4,4,4,4,2,2,1,1,1,1,0,0,0,0,,,,,,,,,,,,,,,,,,,,,,,,,,,,,,,,,,,,,,,,,,,,,,,,
11379,1200,11607,11601,,0,53,53,55,55,38,38,42,42,48,48,53,53,146,146,715,715,891,891,804,804,768,768,707,707,638,638,676,676,679,679,669,669,696,696,738,738,671,671,411,411,264,264,178,178,130,130,66,66,,,,,,,,,,,,,,,,,,,,,,,,,,,,,,,,,,,,,,,,,,,,,,,,
11380,800,11574,11359,,0,0,0,0,0,0,0,0,0,0,0,0,0,0,0,1,1,1,1,1,1,1,1,1,1,1,1,1,1,1,1,1,1,1,1,1,1,1,1,1,1,0,0,0,0,0,0,0,0,,,,,,,,,,,,,,,,,,,,,,,,,,,,,,,,,,,,,,,,,,,,,,,,
11381,1200,11566,13482,,0,0,0,0,0,0,0,0,0,0,0,0,0,0,0,894,894,944,944,1009,1009,988,988,917,917,851,851,900,900,826,826,926,926,922,922,952,952,857,857,0,0,0,0,0,0,0,0,0,0,,,,,,,,,,,,,,,,,,,,,,,,,,,,,,,,,,,,,,,,,,,,,,,,
11382,1200,11369,11386,,0,0,0,0,0,0,0,0,0,0,0,0,0,0,0,2,2,2,2,2,2,2,2,2,2,2,2,2,2,2,2,2,2,2,2,2,2,2,2,1,1,1,1,0,0,0,0,0,0,,,,,,,,,,,,,,,,,,,,,,,,,,,,,,,,,,,,,,,,,,,,,,,,
11383,1200,11570,11568,,0,0,0,0,0,0,0,0,0,0,0,0,0,0,0,2,2,2,2,2,2,2,2,2,2,2,2,2,2,2,2,2,2,2,2,2,2,2,2,1,1,1,1,0,0,0,0,0,0,,,,,,,,,,,,,,,,,,,,,,,,,,,,,,,,,,,,,,,,,,,,,,,,
11384,4400,11586,11370,,0,50,50,49,49,35,35,37,37,43,43,48,48,137,137,1199,1199,1327,1327,1239,1239,1242,1242,1119,1119,1102,1102,1018,1018,1143,1143,1150,1150,1133,1133,1230,1230,1214,1214,532,532,323,323,202,202,148,148,86,86,,,,,,,,,,,,,,,,,,,,,,,,,,,,,,,,,,,,,,,,,,,,,,,,
11385,1600,11388,tran_c3069ff1-7c2c-4379-bb43-ad5d82a71151,,0,53,53,55,55,38,38,42,42,48,48,53,53,146,146,715,715,891,891,804,804,768,768,707,707,638,638,676,676,679,679,669,669,696,696,738,738,671,671,411,411,264,264,178,178,130,130,66,66,,,,,,,,,,,,,,,,,,,,,,,,,,,,,,,,,,,,,,,,,,,,,,,,
11386,1200,11390,11567,11382;11391,2,0,0,0,0,0,0,0,0,0,0,0,0,0,0,3,3,4,4,4,4,4,4,3,3,3,3,3,3,3,3,3,3,3,3,4,4,3,3,2,2,1,1,1,1,0,0,0,0,,,,,,,,,,,,,,,,,,,,,,,,,,,,,,,,,,,,,,,,,,,,,,,,
11387,800,11566,11373,,0,0,0,0,0,0,0,0,0,0,0,0,0,0,0,1,1,1,1,1,1,1,1,1,1,1,1,1,1,1,1,1,1,1,1,1,1,1,1,1,1,0,0,0,0,0,0,0,0,,,,,,,,,,,,,,,,,,,,,,,,,,,,,,,,,,,,,,,,,,,,,,,,
11388,600,,11385,,0,0,0,0,0,0,0,0,0,0,0,0,0,1,1,9,9,10,10,9,9,9,9,8,8,8,8,7,7,8,8,8,8,8,8,9,9,9,9,4,4,2,2,2,2,1,1,1,1,,,,,,,,,,,,,,,,,,,,,,,,,,,,,,,,,,,,,,,,,,,,,,,,
11389,1200,11572,11570,,0,0,0,0,0,0,0,0,0,0,0,0,0,0,0,2,2,2,2,2,2,2,2,2,2,2,2,2,2,2,2,2,2,2,2,2,2,2,2,1,1,1,1,0,0,0,0,0,0,,,,,,,,,,,,,,,,,,,,,,,,,,,,,,,,,,,,,,,,,,,,,,,,
11390,800,11564,11386,,0,0,0,0,0,0,0,0,0,0,0,0,0,0,0,3,3,3,3,3,3,3,3,3,3,3,3,2,2,3,3,3,3,3,3,3,3,3,3,1,1,1,1,1,1,0,0,0,0,,,,,,,,,,,,,,,,,,,,,,,,,,,,,,,,,,,,,,,,,,,,,,,,
11391,2000,11386,11536,,0,50,50,49,49,35,35,37,37,43,43,48,48,137,137,1199,1199,1327,1327,1239,1239,1242,1242,1119,1119,1102,1102,1018,1018,1143,1143,1150,1150,1133,1133,1230,1230,1214,1214,532,532,323,323,202,202,148,148,86,86,,,,,,,,,,,,,,,,,,,,,,,,,,,,,,,,,,,,,,,,,,,,,,,,
11392,1200,11320,11654,,0,33,33,31,31,22,22,23,23,26,26,31,31,88,88,1055,1055,1119,1119,1058,1058,1080,1080,966,966,980,980,861,861,1008,1008,1021,1021,988,988,1080,1080,1096,1096,421,421,249,249,150,150,110,110,68,68,,,,,,,,,,,,,,,,,,,,,,,,,,,,,,,,,,,,,,,,,,,,,,,,
11393,1200,11651,,,0,0,0,0,0,0,0,0,0,0,0,0,0,1,1,7,7,8,8,8,8,7,7,7,7,7,7,6,6,7,7,7,7,7,7,7,7,7,7,3,3,2,2,1,1,1,1,1,1,,,,,,,,,,,,,,,,,,,,,,,,,,,,,,,,,,,,,,,,,,,,,,,,
11394,1200,11645,11396,,0,53,53,55,55,38,38,42,42,48,48,53,53,146,146,715,715,891,891,804,804,768,768,707,707,638,638,676,676,679,679,669,669,696,696,738,738,671,671,411,411,264,264,178,178,130,130,66,66,,,,,,,,,,,,,,,,,,,,,,,,,,,,,,,,,,,,,,,,,,,,,,,,
11395,800,11651,11396,,0,0,0,0,0,0,0,0,0,0,0,0,0,1,1,5,5,5,5,5,5,5,5,4,4,4,4,4,4,4,4,4,4,4,4,5,5,5,5,2,2,1,1,1,1,1,1,0,0,,,,,,,,,,,,,,,,,,,,,,,,,,,,,,,,,,,,,,,,,,,,,,,,
11396,1600,11394,11400,11395;11398,2,0,0,0,0,0,0,0,0,0,0,0,0,1,1,5,5,6,6,6,6,6,6,5,5,5,5,5,5,5,5,5,5,5,5,5,5,5,5,2,2,2,2,1,1,1,1,0,0,,,,,,,,,,,,,,,,,,,,,,,,,,,,,,,,,,,,,,,,,,,,,,,,
11397,2000,11360,11398,11635,1,54,54,54,54,38,38,41,41,48,48,53,53,149,149,1126,1126,1279,1279,1185,1185,1176,1176,1064,1064,1030,1030,978,978,1073,1073,1075,1075,1072,1072,1157,1157,1124,1124,530,530,326,326,208,208,152,152,86,86,,,,,,,,,,,,,,,,,,,,,,,,,,,,,,,,,,,,,,,,,,,,,,,,
11398,1000,11635,11396,11397,1,54,54,54,54,38,38,41,41,48,48,53,53,149,149,1126,1126,1279,1279,1185,1185,1176,1176,1064,1064,1030,1030,978,978,1073,1073,1075,1075,1072,1072,1157,1157,1124,1124,530,530,326,326,208,208,152,152,86,86,,,,,,,,,,,,,,,,,,,,,,,,,,,,,,,,,,,,,,,,,,,,,,,,
11399,3000,11534,11516,,0,50,50,49,49,35,35,37,37,43,43,48,48,137,137,1199,1199,1327,1327,1239,1239,1242,1242,1119,1119,1102,1102,1018,1018,1143,1143,1150,1150,1133,1133,1230,1230,1214,1214,532,532,323,323,202,202,148,148,86,86,,,,,,,,,,,,,,,,,,,,,,,,,,,,,,,,,,,,,,,,,,,,,,,,
114,2500,118,109,111;120,2,27,27,28,28,20,20,21,21,25,25,27,27,74,74,1049,1049,1182,1182,1170,1170,1126,1126,1056,1056,970,970,1022,1022,982,982,1052,1052,1066,1066,1112,1112,1010,1010,210,210,134,134,91,91,66,66,34,34,,,,,,,,,,,,,,,,,,,,,,,,,,,,,,,,,,,,,,,,,,,,,,,,
11400,1200,11402,11396,,0,0,0,0,0,0,0,0,0,0,0,0,0,1,1,4,4,4,4,4,4,4,4,4,4,4,4,3,3,4,4,4,4,4,4,4,4,4,4,2,2,1,1,1,1,1,1,0,0,,,,,,,,,,,,,,,,,,,,,,,,,,,,,,,,,,,,,,,,,,,,,,,,
11401,400,11402,11560,,0,0,0,0,0,0,0,0,0,0,0,0,0,1,1,5,5,6,6,5,5,5,5,5,5,5,5,4,4,5,5,5,5,5,5,5,5,5,5,2,2,1,1,1,1,1,1,0,0,,,,,,,,,,,,,,,,,,,,,,,,,,,,,,,,,,,,,,,,,,,,,,,,
11402,800,11401,11403,11400;11422,2,0,0,0,0,0,0,0,0,0,0,0,0,0,0,3,3,3,3,3,3,3,3,2,2,2,2,2,2,2,2,2,2,2,2,3,3,3,3,1,1,1,1,0,0,0,0,0,0,,,,,,,,,,,,,,,,,,,,,,,,,,,,,,,,,,,,,,,,,,,,,,,,
11403,400,11402,11552,,0,0,0,0,0,0,0,0,0,0,0,0,0,0,0,2,2,3,3,2,2,2,2,2,2,2,2,2,2,2,2,2,2,2,2,2,2,2,2,1,1,1,1,0,0,0,0,0,0,,,,,,,,,,,,,,,,,,,,,,,,,,,,,,,,,,,,,,,,,,,,,,,,
11404,4400,,11544,,0,54,54,54,54,38,38,41,41,48,48,53,53,149,149,1126,1126,1279,1279,1185,1185,1176,1176,1064,1064,1030,1030,978,978,1073,1073,1075,1075,1072,1072,1157,1157,1124,1124,530,530,326,326,208,208,152,152,86,86,,,,,,,,,,,,,,,,,,,,,,,,,,,,,,,,,,,,,,,,,,,,,,,,
11405,4400,11522,,,0,42,42,39,39,28,28,29,29,34,34,39,39,112,112,1343,1343,1424,1424,1347,1347,1375,1375,1229,1229,1247,1247,1096,1096,1282,1282,1299,1299,1257,1257,1375,1375,1394,1394,536,536,316,316,190,190,140,140,87,87,,,,,,,,,,,,,,,,,,,,,,,,,,,,,,,,,,,,,,,,,,,,,,,,
11406,2500,,11550,,0,59,59,60,60,42,42,45,45,53,53,58,58,161,161,1054,1054,1231,1231,1131,1131,1110,1110,1010,1010,957,957,939,939,1003,1003,1000,1000,1010,1010,1084,1084,1034,1034,528,528,329,329,215,215,157,157,85,85,,,,,,,,,,,,,,,,,,,,,,,,,,,,,,,,,,,,,,,,,,,,,,,,
11407,800,11550,,,0,0,0,0,0,0,0,0,0,0,0,0,0,1,1,3,3,4,4,4,4,4,4,3,3,3,3,3,3,3,3,3,3,3,3,4,4,3,3,2,2,1,1,1,1,1,1,0,0,,,,,,,,,,,,,,,,,,,,,,,,,,,,,,,,,,,,,,,,,,,,,,,,
11408,1200,13118,,,0,0,0,0,0,0,0,0,0,0,0,0,0,0,0,2,2,3,3,2,2,2,2,2,2,2,2,2,2,2,2,2,2,2,2,2,2,2,2,1,1,1,1,0,0,0,0,0,0,,,,,,,,,,,,,,,,,,,,,,,,,,,,,,,,,,,,,,,,,,,,,,,,
11409,4400,11526,13109,,0,42,42,39,39,28,28,29,29,34,34,39,39,112,112,1343,1343,1424,1424,1347,1347,1375,1375,1229,1229,1247,1247,1096,1096,1282,1282,1299,1299,1257,1257,1375,1375,1394,1394,536,536,316,316,190,190,140,140,87,87,,,,,,,,,,,,,,,,,,,,,,,,,,,,,,,,,,,,,,,,,,,,,,,,
11410,800,11560,11411,,0,53,53,55,55,38,38,42,42,48,48,53,53,146,146,715,715,891,891,804,804,768,768,707,707,638,638,676,676,679,679,669,669,696,696,738,738,671,671,411,411,264,264,178,178,130,130,66,66,,,,,,,,,,,,,,,,,,,,,,,,,,,,,,,,,,,,,,,,,,,,,,,,
11411,600,11410,11557,11412;tran_32d0ec5a-150e-4eb4-a8a5-1002abeef945,2,0,0,0,0,0,0,0,0,0,0,0,0,0,0,1,1,1,1,1,1,1,1,1,1,1,1,1,1,1,1,1,1,1,1,1,1,1,1,0,0,0,0,0,0,0,0,0,0,,,,,,,,,,,,,,,,,,,,,,,,,,,,,,,,,,,,,,,,,,,,,,,,
11412,800,11556,11411,,0,0,0,0,0,0,0,0,0,0,0,0,0,0,0,1,1,1,1,1,1,1,1,1,1,1,1,1,1,1,1,1,1,1,1,1,1,1,1,0,0,0,0,0,0,0,0,0,0,,,,,,,,,,,,,,,,,,,,,,,,,,,,,,,,,,,,,,,,,,,,,,,,
11413,500,11540,11542,,0,41,41,41,41,29,29,31,31,36,36,40,40,112,112,1099,1099,1236,1236,1190,1190,1171,1171,1071,1071,1014,1014,1009,1009,1037,1037,1073,1073,1074,1074,1141,1141,1076,1076,378,378,234,234,152,152,111,111,61,61,,,,,,,,,,,,,,,,,,,,,,,,,,,,,,,,,,,,,,,,,,,,,,,,
11414,300,11554,11558,,0,0,0,0,0,0,0,0,0,0,0,0,0,0,0,1,1,1,1,1,1,1,1,1,1,1,1,1,1,1,1,1,1,1,1,1,1,1,1,1,1,0,0,0,0,0,0,0,0,,,,,,,,,,,,,,,,,,,,,,,,,,,,,,,,,,,,,,,,,,,,,,,,
11415,800,11527,13705,,0,0,0,0,0,0,0,0,0,0,0,0,0,0,0,2,2,3,3,2,2,2,2,2,2,2,2,2,2,2,2,2,2,2,2,2,2,2,2,1,1,1,1,0,0,0,0,0,0,,,,,,,,,,,,,,,,,,,,,,,,,,,,,,,,,,,,,,,,,,,,,,,,
11416,4400,11417,11548,,0,59,59,60,60,42,42,45,45,53,53,58,58,161,161,1054,1054,1231,1231,1131,1131,1110,1110,1010,1010,957,957,939,939,1003,1003,1000,1000,1010,1010,1084,1084,1034,1034,528,528,329,329,215,215,157,157,85,85,,,,,,,,,,,,,,,,,,,,,,,,,,,,,,,,,,,,,,,,,,,,,,,,
11417,800,11446,11420,11416;11454,2,0,0,0,0,0,0,0,0,0,0,0,0,0,0,2,2,2,2,2,2,2,2,2,2,2,2,2,2,2,2,2,2,2,2,2,2,2,2,1,1,1,1,0,0,0,0,0,0,,,,,,,,,,,,,,,,,,,,,,,,,,,,,,,,,,,,,,,,,,,,,,,,
11418,400,11759,11771,,0,0,0,0,0,0,0,0,0,0,0,0,0,0,0,2,2,2,2,2,2,2,2,2,2,2,2,1,1,2,2,2,2,2,2,2,2,2,2,1,1,1,1,0,0,0,0,0,0,,,,,,,,,,,,,,,,,,,,,,,,,,,,,,,,,,,,,,,,,,,,,,,,
11419,800,13136,,,0,0,0,0,0,0,0,0,0,0,0,0,0,0,0,2,2,3,3,2,2,2,2,2,2,2,2,2,2,2,2,2,2,2,2,2,2,2,2,1,1,1,1,0,0,0,0,0,0,,,,,,,,,,,,,,,,,,,,,,,,,,,,,,,,,,,,,,,,,,,,,,,,
11420,1000,11417,11725,,0,42,42,39,39,28,28,29,29,34,34,39,39,112,112,1343,1343,1424,1424,1347,1347,1375,1375,1229,1229,1247,1247,1096,1096,1282,1282,1299,1299,1257,1257,1375,1375,1394,1394,536,536,316,316,190,190,140,140,87,87,,,,,,,,,,,,,,,,,,,,,,,,,,,,,,,,,,,,,,,,,,,,,,,,
11421,300,,11777,,0,0,0,0,0,0,0,0,0,0,0,0,0,0,0,0,0,0,0,0,0,0,0,0,0,0,0,0,0,0,0,0,0,0,0,0,0,0,0,0,0,0,0,0,0,0,0,0,0,,,,,,,,,,,,,,,,,,,,,,,,,,,,,,,,,,,,,,,,,,,,,,,,
11422,1200,11556,11402,,0,0,0,0,0,0,0,0,0,0,0,0,0,1,1,9,9,10,10,10,10,9,9,9,9,8,8,8,8,9,9,9,9,9,9,9,9,9,9,4,4,3,3,2,2,1,1,1,1,,,,,,,,,,,,,,,,,,,,,,,,,,,,,,,,,,,,,,,,,,,,,,,,
11423,300,11802,11424,,0,0,0,0,0,0,0,0,0,0,0,0,0,0,0,2,2,3,3,3,3,3,3,2,2,2,2,2,2,2,2,2,2,2,2,2,2,2,2,1,1,1,1,0,0,0,0,0,0,,,,,,,,,,,,,,,,,,,,,,,,,,,,,,,,,,,,,,,,,,,,,,,,
11424,300,11423,11426,11553;11459,2,0,0,0,0,0,0,0,0,0,0,0,0,0,0,1,1,2,2,2,2,2,2,1,1,1,1,1,1,1,1,1,1,1,1,1,1,1,1,1,1,0,0,0,0,0,0,0,0,,,,,,,,,,,,,,,,,,,,,,,,,,,,,,,,,,,,,,,,,,,,,,,,
11425,300,11836,11727,,0,0,0,0,0,0,0,0,0,0,0,0,0,0,0,4,4,5,5,5,5,5,5,4,4,4,4,4,4,4,4,4,4,4,4,5,5,4,4,1,1,1,1,1,1,0,0,0,0,,,,,,,,,,,,,,,,,,,,,,,,,,,,,,,,,,,,,,,,,,,,,,,,
11426,300,11779,11424,,0,0,0,0,0,0,0,0,0,0,0,0,0,0,0,1,1,1,1,1,1,1,1,1,1,1,1,1,1,1,1,1,1,1,1,1,1,1,1,1,1,0,0,0,0,0,0,0,0,,,,,,,,,,,,,,,,,,,,,,,,,,,,,,,,,,,,,,,,,,,,,,,,
11427,600,11819,,,0,0,0,0,0,0,0,0,0,0,0,0,0,0,0,2,2,3,3,2,2,2,2,2,2,2,2,2,2,2,2,2,2,2,2,2,2,2,2,1,1,0,0,0,0,0,0,0,0,,,,,,,,,,,,,,,,,,,,,,,,,,,,,,,,,,,,,,,,,,,,,,,,
11428,300,11769,11757,,0,0,0,0,0,0,0,0,0,0,0,0,0,0,0,1,1,1,1,1,1,1,1,1,1,1,1,1,1,1,1,1,1,1,1,1,1,1,1,0,0,0,0,0,0,0,0,0,0,,,,,,,,,,,,,,,,,,,,,,,,,,,,,,,,,,,,,,,,,,,,,,,,
11429,4000,11531,,,0,41,41,41,41,29,29,31,31,36,36,40,40,112,112,1099,1099,1236,1236,1190,1190,1171,1171,1071,1071,1014,1014,1009,1009,1037,1037,1073,1073,1074,1074,1141,1141,1076,1076,378,378,234,234,152,152,111,111,61,61,,,,,,,,,,,,,,,,,,,,,,,,,,,,,,,,,,,,,,,,,,,,,,,,
11430,300,11558,11802,,0,0,0,0,0,0,0,0,0,0,0,0,0,0,0,3,3,3,3,3,3,3,3,2,2,2,2,2,2,2,2,2,2,2,2,3,3,2,2,1,1,1,1,1,1,0,0,0,0,,,,,,,,,,,,,,,,,,,,,,,,,,,,,,,,,,,,,,,,,,,,,,,,
11431,300,11755,11767,,0,0,0,0,0,0,0,0,0,0,0,0,0,0,0,1,1,1,1,1,1,1,1,1,1,1,1,1,1,1,1,1,1,1,1,1,1,1,1,0,0,0,0,0,0,0,0,0,0,,,,,,,,,,,,,,,,,,,,,,,,,,,,,,,,,,,,,,,,,,,,,,,,
11432,600,11834,,,0,0,0,0,0,0,0,0,0,0,0,0,0,0,0,2,2,3,3,3,3,2,2,2,2,2,2,2,2,2,2,2,2,2,2,2,2,2,2,1,1,0,0,0,0,0,0,0,0,,,,,,,,,,,,,,,,,,,,,,,,,,,,,,,,,,,,,,,,,,,,,,,,
11433,1600,11753,11777,,0,0,0,0,0,0,0,0,0,0,0,0,0,0,0,0,0,1,1,1,1,1,1,0,0,0,0,0,0,0,0,0,0,0,0,0,0,0,0,0,0,0,0,0,0,0,0,0,0,,,,,,,,,,,,,,,,,,,,,,,,,,,,,,,,,,,,,,,,,,,,,,,,
11434,800,11833,11834,,0,0,0,0,0,0,0,0,0,0,0,0,0,0,0,3,3,4,4,4,4,4,4,3,3,3,3,3,3,3,3,3,3,3,3,4,4,3,3,1,1,1,1,0,0,0,0,0,0,,,,,,,,,,,,,,,,,,,,,,,,,,,,,,,,,,,,,,,,,,,,,,,,
11435,600,11436,11819,,0,0,0,0,0,0,0,0,0,0,0,0,0,0,0,2,2,3,3,2,2,2,2,2,2,2,2,2,2,2,2,2,2,2,2,2,2,2,2,1,1,1,1,0,0,0,0,0,0,,,,,,,,,,,,,,,,,,,,,,,,,,,,,,,,,,,,,,,,,,,,,,,,
11436,300,11443,11435,11817;13154,2,0,0,0,0,0,0,0,0,0,0,0,0,0,0,3,3,4,4,4,4,3,3,3,3,3,3,3,3,3,3,3,3,3,3,3,3,3,3,1,1,1,1,0,0,0,0,0,0,,,,,,,,,,,,,,,,,,,,,,,,,,,,,,,,,,,,,,,,,,,,,,,,
11437,300,11818,,,0,0,0,0,0,0,0,0,0,0,0,0,0,1,1,5,5,6,6,6,6,6,6,5,5,5,5,5,5,5,5,5,5,5,5,6,6,5,5,2,2,1,1,1,1,1,1,0,0,,,,,,,,,,,,,,,,,,,,,,,,,,,,,,,,,,,,,,,,,,,,,,,,
11438,600,11735,11729,,0,53,53,55,55,38,38,42,42,48,48,53,53,146,146,715,715,891,891,804,804,768,768,707,707,638,638,676,676,679,679,669,669,696,696,738,738,671,671,411,411,264,264,178,178,130,130,66,66,,,,,,,,,,,,,,,,,,,,,,,,,,,,,,,,,,,,,,,,,,,,,,,,
11439,300,11763,11751,,0,0,0,0,0,0,0,0,0,0,0,0,0,0,0,1,1,1,1,1,1,1,1,1,1,1,1,1,1,1,1,1,1,1,1,1,1,1,1,0,0,0,0,0,0,0,0,0,0,,,,,,,,,,,,,,,,,,,,,,,,,,,,,,,,,,,,,,,,,,,,,,,,
11440,4400,11818,11816,,0,41,41,41,41,29,29,31,31,36,36,40,40,112,112,1099,1099,1236,1236,1190,1190,1171,1171,1071,1071,1014,1014,1009,1009,1037,1037,1073,1073,1074,1074,1141,1141,1076,1076,378,378,234,234,152,152,111,111,61,61,,,,,,,,,,,,,,,,,,,,,,,,,,,,,,,,,,,,,,,,,,,,,,,,
11441,300,,11765,,0,0,0,0,0,0,0,0,0,0,0,0,0,0,0,1,1,1,1,1,1,1,1,1,1,1,1,1,1,1,1,1,1,1,1,1,1,1,1,0,0,0,0,0,0,0,0,0,0,,,,,,,,,,,,,,,,,,,,,,,,,,,,,,,,,,,,,,,,,,,,,,,,
11442,600,11804,,,0,0,0,0,0,0,0,0,0,0,0,0,0,0,0,3,3,3,3,3,3,3,3,3,3,3,3,3,3,3,3,3,3,3,3,3,3,3,3,1,1,1,1,1,1,0,0,0,0,,,,,,,,,,,,,,,,,,,,,,,,,,,,,,,,,,,,,,,,,,,,,,,,
11443,300,11436,11814,,0,0,0,0,0,0,0,0,0,0,0,0,0,0,0,3,3,4,4,4,4,3,3,3,3,3,3,3,3,3,3,3,3,3,3,3,3,3,3,1,1,1,1,0,0,0,0,0,0,,,,,,,,,,,,,,,,,,,,,,,,,,,,,,,,,,,,,,,,,,,,,,,,
11444,4000,11831,11829,,0,41,41,41,41,29,29,31,31,36,36,40,40,112,112,1099,1099,1236,1236,1190,1190,1171,1171,1071,1071,1014,1014,1009,1009,1037,1037,1073,1073,1074,1074,1141,1141,1076,1076,378,378,234,234,152,152,111,111,61,61,,,,,,,,,,,,,,,,,,,,,,,,,,,,,,,,,,,,,,,,,,,,,,,,
11445,600,11735,,11839,1,0,0,0,0,0,0,0,0,0,0,0,0,1,1,5,5,6,6,6,6,6,6,5,5,5,5,5,5,5,5,5,5,5,5,6,6,5,5,2,2,1,1,1,1,1,1,0,0,,,,,,,,,,,,,,,,,,,,,,,,,,,,,,,,,,,,,,,,,,,,,,,,
11446,1600,11417,11771,,0,0,0,0,0,0,0,0,0,0,0,0,0,0,0,2,2,2,2,2,2,2,2,2,2,2,2,2,2,2,2,2,2,2,2,2,2,2,2,1,1,1,1,0,0,0,0,0,0,,,,,,,,,,,,,,,,,,,,,,,,,,,,,,,,,,,,,,,,,,,,,,,,
11447,2500,11816,11531,,0,41,41,41,41,29,29,31,31,36,36,40,40,112,112,1099,1099,1236,1236,1190,1190,1171,1171,1071,1071,1014,1014,1009,1009,1037,1037,1073,1073,1074,1074,1141,1141,1076,1076,378,378,234,234,152,152,111,111,61,61,,,,,,,,,,,,,,,,,,,,,,,,,,,,,,,,,,,,,,,,,,,,,,,,
11448,800,11829,11731,,0,0,0,0,0,0,0,0,0,0,0,0,0,0,0,2,2,2,2,2,2,2,2,2,2,2,2,2,2,2,2,2,2,2,2,2,2,2,2,1,1,0,0,0,0,0,0,0,0,,,,,,,,,,,,,,,,,,,,,,,,,,,,,,,,,,,,,,,,,,,,,,,,
11449,300,,11775,,0,0,0,0,0,0,0,0,0,0,0,0,0,0,0,1,1,1,1,1,1,1,1,1,1,1,1,1,1,1,1,1,1,1,1,1,1,1,1,0,0,0,0,0,0,0,0,0,0,,,,,,,,,,,,,,,,,,,,,,,,,,,,,,,,,,,,,,,,,,,,,,,,
11450,1200,11733,11825,,0,0,0,0,0,0,0,0,0,0,0,0,0,0,0,2,2,2,2,2,2,2,2,2,2,2,2,2,2,2,2,2,2,2,2,2,2,2,2,1,1,0,0,0,0,0,0,0,0,,,,,,,,,,,,,,,,,,,,,,,,,,,,,,,,,,,,,,,,,,,,,,,,
11451,300,11453,,,0,0,0,0,0,0,0,0,0,0,0,0,0,0,0,3,3,4,4,3,3,3,3,3,3,3,3,3,3,3,3,3,3,3,3,3,3,3,3,2,2,1,1,1,1,0,0,0,0,,,,,,,,,,,,,,,,,,,,,,,,,,,,,,,,,,,,,,,,,,,,,,,,
11452,300,11792,11453,,0,0,0,0,0,0,0,0,0,0,0,0,0,0,0,3,3,3,3,3,3,3,3,3,3,2,2,2,2,3,3,3,3,3,3,3,3,3,3,1,1,1,1,1,1,0,0,0,0,,,,,,,,,,,,,,,,,,,,,,,,,,,,,,,,,,,,,,,,,,,,,,,,
11453,300,11451,11468,11452;11461,2,0,0,0,0,0,0,0,0,0,0,0,0,0,0,3,3,3,3,3,3,3,3,3,3,3,3,3,3,3,3,3,3,3,3,3,3,3,3,1,1,1,1,1,1,0,0,0,0,,,,,,,,,,,,,,,,,,,,,,,,,,,,,,,,,,,,,,,,,,,,,,,,
11454,1200,11458,11417,,0,0,0,0,0,0,0,0,0,0,0,0,0,0,0,1,1,2,2,2,2,2,2,1,1,1,1,1,1,1,1,1,1,1,1,2,2,1,1,1,1,0,0,0,0,0,0,0,0,,,,,,,,,,,,,,,,,,,,,,,,,,,,,,,,,,,,,,,,,,,,,,,,
11455,1200,11761,11458,,0,0,0,0,0,0,0,0,0,0,0,0,0,0,0,1,1,1,1,1,1,1,1,1,1,1,1,1,1,1,1,1,1,1,1,1,1,1,1,1,1,0,0,0,0,0,0,0,0,,,,,,,,,,,,,,,,,,,,,,,,,,,,,,,,,,,,,,,,,,,,,,,,
11456,800,tran_8fdf63dc-ce11-4a81-8f8b-a2af8cb25e39,11794,,0,53,53,55,55,38,38,42,42,48,48,53,53,146,146,715,715,891,891,804,804,768,768,707,707,638,638,676,676,679,679,669,669,696,696,738,738,671,671,411,411,264,264,178,178,130,130,66,66,,,,,,,,,,,,,,,,,,,,,,,,,,,,,,,,,,,,,,,,,,,,,,,,
11457,3000,11815,11820,11811;11462,2,41,41,41,41,29,29,31,31,36,36,40,40,112,112,1099,1099,1236,1236,1190,1190,1171,1171,1071,1071,1014,1014,1009,1009,1037,1037,1073,1073,1074,1074,1141,1141,1076,1076,378,378,234,234,152,152,111,111,61,61,,,,,,,,,,,,,,,,,,,,,,,,,,,,,,,,,,,,,,,,,,,,,,,,
11458,1500,11466,11455,11454;11736,2,59,59,60,60,42,42,45,45,53,53,58,58,161,161,1054,1054,1231,1231,1131,1131,1110,1110,1010,1010,957,957,939,939,1003,1003,1000,1000,1010,1010,1084,1084,1034,1034,528,528,329,329,215,215,157,157,85,85,,,,,,,,,,,,,,,,,,,,,,,,,,,,,,,,,,,,,,,,,,,,,,,,
11459,800,11790,11424,,0,0,0,0,0,0,0,0,0,0,0,0,0,0,0,2,2,3,3,2,2,2,2,2,2,2,2,2,2,2,2,2,2,2,2,2,2,2,2,1,1,1,1,0,0,0,0,0,0,,,,,,,,,,,,,,,,,,,,,,,,,,,,,,,,,,,,,,,,,,,,,,,,
11460,2000,11812,11810,,0,41,41,41,41,29,29,31,31,36,36,40,40,112,112,1099,1099,1236,1236,1190,1190,1171,1171,1071,1071,1014,1014,1009,1009,1037,1037,1073,1073,1074,1074,1141,1141,1076,1076,378,378,234,234,152,152,111,111,61,61,,,,,,,,,,,,,,,,,,,,,,,,,,,,,,,,,,,,,,,,,,,,,,,,
11461,800,11453,tran_f82d660b-3465-4916-82f8-be0ea23a6151,,0,0,0,0,0,0,0,0,0,0,0,0,0,1,1,4,4,4,4,4,4,4,4,4,4,3,3,3,3,4,4,4,4,4,4,4,4,4,4,2,2,1,1,1,1,1,1,0,0,,,,,,,,,,,,,,,,,,,,,,,,,,,,,,,,,,,,,,,,,,,,,,,,
11462,4400,11467,11457,,0,41,41,41,41,29,29,31,31,36,36,40,40,112,112,1099,1099,1236,1236,1190,1190,1171,1171,1071,1071,1014,1014,1009,1009,1037,1037,1073,1073,1074,1074,1141,1141,1076,1076,378,378,234,234,152,152,111,111,61,61,,,,,,,,,,,,,,,,,,,,,,,,,,,,,,,,,,,,,,,,,,,,,,,,
11463,1600,11773,11775,,0,0,0,0,0,0,0,0,0,0,0,0,0,0,0,2,2,2,2,2,2,2,2,2,2,2,2,2,2,2,2,2,2,2,2,2,2,2,2,1,1,1,1,0,0,0,0,0,0,,,,,,,,,,,,,,,,,,,,,,,,,,,,,,,,,,,,,,,,,,,,,,,,
11464,800,11747,11743,,0,0,0,0,0,0,0,0,0,0,0,0,0,0,0,2,2,2,2,2,2,2,2,2,2,2,2,2,2,2,2,2,2,2,2,2,2,2,2,1,1,1,1,0,0,0,0,0,0,,,,,,,,,,,,,,,,,,,,,,,,,,,,,,,,,,,,,,,,,,,,,,,,
11465,300,11788,11786,,0,0,0,0,0,0,0,0,0,0,0,0,0,0,0,3,3,4,4,3,3,3,3,3,3,3,3,3,3,3,3,3,3,3,3,3,3,3,3,2,2,1,1,1,1,0,0,0,0,,,,,,,,,,,,,,,,,,,,,,,,,,,,,,,,,,,,,,,,,,,,,,,,
11466,2500,11458,11823,,0,67,67,70,70,49,49,53,53,62,62,67,67,186,186,910,910,1134,1134,1023,1023,977,977,900,900,812,812,861,861,864,864,851,851,886,886,939,939,854,854,524,524,336,336,227,227,165,165,84,84,,,,,,,,,,,,,,,,,,,,,,,,,,,,,,,,,,,,,,,,,,,,,,,,
11467,4400,11462,11472,,0,41,41,41,41,29,29,31,31,36,36,40,40,112,112,1099,1099,1236,1236,1190,1190,1171,1171,1071,1071,1014,1014,1009,1009,1037,1037,1073,1073,1074,1074,1141,1141,1076,1076,378,378,234,234,152,152,111,111,61,61,,,,,,,,,,,,,,,,,,,,,,,,,,,,,,,,,,,,,,,,,,,,,,,,
11468,300,11786,11453,,0,0,0,0,0,0,0,0,0,0,0,0,0,0,0,2,2,3,3,3,3,3,3,2,2,2,2,2,2,2,2,2,2,2,2,3,3,2,2,1,1,1,1,0,0,0,0,0,0,,,,,,,,,,,,,,,,,,,,,,,,,,,,,,,,,,,,,,,,,,,,,,,,
11469,800,,11737,,0,0,0,0,0,0,0,0,0,0,0,0,0,0,0,2,2,2,2,2,2,2,2,1,1,1,1,1,1,1,1,1,1,1,1,2,2,2,2,1,1,0,0,0,0,0,0,0,0,,,,,,,,,,,,,,,,,,,,,,,,,,,,,,,,,,,,,,,,,,,,,,,,
11470,3000,,11725,,0,42,42,39,39,28,28,29,29,34,34,39,39,112,112,1343,1343,1424,1424,1347,1347,1375,1375,1229,1229,1247,1247,1096,1096,1282,1282,1299,1299,1257,1257,1375,1375,1394,1394,536,536,316,316,190,190,140,140,87,87,,,,,,,,,,,,,,,,,,,,,,,,,,,,,,,,,,,,,,,,,,,,,,,,
11471,3000,11810,11821,11820,1,41,41,41,41,29,29,31,31,36,36,40,40,112,112,1099,1099,1236,1236,1190,1190,1171,1171,1071,1071,1014,1014,1009,1009,1037,1037,1073,1073,1074,1074,1141,1141,1076,1076,378,378,234,234,152,152,111,111,61,61,,,,,,,,,,,,,,,,,,,,,,,,,,,,,,,,,,,,,,,,,,,,,,,,
11472,2750,11474,11467,,0,41,41,41,41,29,29,31,31,36,36,40,40,112,112,1099,1099,1236,1236,1190,1190,1171,1171,1071,1071,1014,1014,1009,1009,1037,1037,1073,1073,1074,1074,1141,1141,1076,1076,378,378,234,234,152,152,111,111,61,61,,,,,,,,,,,,,,,,,,,,,,,,,,,,,,,,,,,,,,,,,,,,,,,,
11473,1200,11696,11739,,0,0,0,0,0,0,0,0,0,0,0,0,0,0,0,2,2,2,2,2,2,2,2,2,2,2,2,1,1,2,2,2,2,2,2,2,2,2,2,1,1,1,1,0,0,0,0,0,0,,,,,,,,,,,,,,,,,,,,,,,,,,,,,,,,,,,,,,,,,,,,,,,,
11474,4400,11838,11514,11472;11480,2,0,0,0,0,0,0,0,0,0,0,0,0,0,0,1138,1138,1201,1201,1284,1284,1257,1257,1168,1168,1084,1084,1145,1145,1051,1051,1179,1179,1173,1173,1211,1211,1091,1091,0,0,0,0,0,0,0,0,0,0,,,,,,,,,,,,,,,,,,,,,,,,,,,,,,,,,,,,,,,,,,,,,,,,
11475,800,11777,11775,,0,0,0,0,0,0,0,0,0,0,0,0,0,0,0,1,1,1,1,1,1,1,1,1,1,1,1,1,1,1,1,1,1,1,1,1,1,1,1,0,0,0,0,0,0,0,0,0,0,,,,,,,,,,,,,,,,,,,,,,,,,,,,,,,,,,,,,,,,,,,,,,,,
11476,300,11478,,,0,0,0,0,0,0,0,0,0,0,0,0,0,0,0,1,1,1,1,1,1,1,1,1,1,1,1,1,1,1,1,1,1,1,1,1,1,1,1,0,0,0,0,0,0,0,0,0,0,,,,,,,,,,,,,,,,,,,,,,,,,,,,,,,,,,,,,,,,,,,,,,,,
11477,300,11808,11788,,0,0,0,0,0,0,0,0,0,0,0,0,0,1,1,3,3,4,4,4,4,4,4,3,3,3,3,3,3,3,3,3,3,3,3,3,3,3,3,2,2,1,1,1,1,0,0,0,0,,,,,,,,,,,,,,,,,,,,,,,,,,,,,,,,,,,,,,,,,,,,,,,,
11478,1200,11722,11774,11476,1,0,0,0,0,0,0,0,0,0,0,0,0,0,0,1,1,1,1,1,1,1,1,1,1,1,1,1,1,1,1,1,1,1,1,1,1,1,1,1,1,0,0,0,0,0,0,0,0,,,,,,,,,,,,,,,,,,,,,,,,,,,,,,,,,,,,,,,,,,,,,,,,
11479,1600,11773,11723,,0,33,33,31,31,22,22,23,23,26,26,31,31,88,88,1055,1055,1119,1119,1058,1058,1080,1080,966,966,980,980,861,861,1008,1008,1021,1021,988,988,1080,1080,1096,1096,421,421,249,249,150,150,110,110,68,68,,,,,,,,,,,,,,,,,,,,,,,,,,,,,,,,,,,,,,,,,,,,,,,,
11480,4400,11474,11689,11514,1,41,41,41,41,29,29,31,31,36,36,40,40,112,112,1099,1099,1236,1236,1190,1190,1171,1171,1071,1071,1014,1014,1009,1009,1037,1037,1073,1073,1074,1074,1141,1141,1076,1076,378,378,234,234,152,152,111,111,61,61,,,,,,,,,,,,,,,,,,,,,,,,,,,,,,,,,,,,,,,,,,,,,,,,
11481,800,11822,11700,11697;11695,2,0,0,0,0,0,0,0,0,0,0,0,0,0,0,5,5,6,6,5,5,5,5,5,5,4,4,4,4,5,5,5,5,5,5,5,5,5,5,2,2,1,1,1,1,0,0,0,0,,,,,,,,,,,,,,,,,,,,,,,,,,,,,,,,,,,,,,,,,,,,,,,,
11482,1600,11759,11548,,0,0,0,0,0,0,0,0,0,0,0,0,0,0,0,2,2,3,3,3,3,3,3,2,2,2,2,2,2,2,2,2,2,2,2,3,3,2,2,1,1,1,1,0,0,0,0,0,0,,,,,,,,,,,,,,,,,,,,,,,,,,,,,,,,,,,,,,,,,,,,,,,,
11483,800,11723,11486,,0,0,0,0,0,0,0,0,0,0,0,0,0,0,0,3,3,3,3,3,3,3,3,3,3,3,3,2,2,3,3,3,3,3,3,3,3,3,3,1,1,1,1,1,1,0,0,0,0,,,,,,,,,,,,,,,,,,,,,,,,,,,,,,,,,,,,,,,,,,,,,,,,
11484,3000,11689,11678,11514,1,41,41,41,41,29,29,31,31,36,36,40,40,112,112,1099,1099,1236,1236,1190,1190,1171,1171,1071,1071,1014,1014,1009,1009,1037,1037,1073,1073,1074,1074,1141,1141,1076,1076,378,378,234,234,152,152,111,111,61,61,,,,,,,,,,,,,,,,,,,,,,,,,,,,,,,,,,,,,,,,,,,,,,,,
11485,600,11710,11712,,0,0,0,0,0,0,0,0,0,0,0,0,0,0,0,2,2,2,2,2,2,2,2,2,2,2,2,2,2,2,2,2,2,2,2,2,2,2,2,1,1,1,1,0,0,0,0,0,0,,,,,,,,,,,,,,,,,,,,,,,,,,,,,,,,,,,,,,,,,,,,,,,,
11486,1200,11490,11483,11711;11506,2,0,0,0,0,0,0,0,0,0,0,0,0,1,1,4,4,4,4,4,4,4,4,3,3,3,3,3,3,3,3,3,3,3,3,4,4,3,3,2,2,1,1,1,1,1,1,0,0,,,,,,,,,,,,,,,,,,,,,,,,,,,,,,,,,,,,,,,,,,,,,,,,
11487,800,11698,,,0,0,0,0,0,0,0,0,0,0,0,0,0,0,0,3,3,3,3,3,3,3,3,3,3,3,3,3,3,3,3,3,3,3,3,3,3,3,3,1,1,1,1,0,0,0,0,0,0,,,,,,,,,,,,,,,,,,,,,,,,,,,,,,,,,,,,,,,,,,,,,,,,
11488,800,11743,11710,,0,0,0,0,0,0,0,0,0,0,0,0,0,0,0,2,2,2,2,2,2,2,2,1,1,1,1,1,1,1,1,1,1,1,1,2,2,1,1,1,1,0,0,0,0,0,0,0,0,,,,,,,,,,,,,,,,,,,,,,,,,,,,,,,,,,,,,,,,,,,,,,,,
11489,800,11737,11494,,0,0,0,0,0,0,0,0,0,0,0,0,0,0,0,1,1,2,2,1,1,1,1,1,1,1,1,1,1,1,1,1,1,1,1,1,1,1,1,1,1,0,0,0,0,0,0,0,0,,,,,,,,,,,,,,,,,,,,,,,,,,,,,,,,,,,,,,,,,,,,,,,,
11490,800,11486,11708,,0,0,0,0,0,0,0,0,0,0,0,0,0,0,0,3,3,3,3,3,3,3,3,3,3,2,2,2,2,3,3,3,3,3,3,3,3,3,3,1,1,1,1,1,1,0,0,0,0,,,,,,,,,,,,,,,,,,,,,,,,,,,,,,,,,,,,,,,,,,,,,,,,
11491,4400,11494,11714,,0,59,59,60,60,42,42,45,45,53,53,58,58,161,161,1054,1054,1231,1231,1131,1131,1110,1110,1010,1010,957,957,939,939,1003,1003,1000,1000,1010,1010,1084,1084,1034,1034,528,528,329,329,215,215,157,157,85,85,,,,,,,,,,,,,,,,,,,,,,,,,,,,,,,,,,,,,,,,,,,,,,,,
11492,300,11690,11687,11688,1,0,0,0,0,0,0,0,0,0,0,0,0,0,0,2,2,2,2,2,2,2,2,2,2,2,2,2,2,2,2,2,2,2,2,2,2,2,2,1,1,0,0,0,0,0,0,0,0,,,,,,,,,,,,,,,,,,,,,,,,,,,,,,,,,,,,,,,,,,,,,,,,
11493,1200,11677,,,0,0,0,0,0,0,0,0,0,0,0,0,0,0,0,2,2,2,2,2,2,2,2,2,2,2,2,2,2,2,2,2,2,2,2,2,2,2,2,1,1,0,0,0,0,0,0,0,0,,,,,,,,,,,,,,,,,,,,,,,,,,,,,,,,,,,,,,,,,,,,,,,,
11494,4400,11703,11491,11489;11707;11691;11510,4,59,59,60,60,42,42,45,45,53,53,58,58,161,161,1054,1054,1231,1231,1131,1131,1110,1110,1010,1010,957,957,939,939,1003,1003,1000,1000,1010,1010,1084,1084,1034,1034,528,528,329,329,215,215,157,157,85,85,,,,,,,,,,,,,,,,,,,,,,,,,,,,,,,,,,,,,,,,,,,,,,,,
11495,300,,11721,,0,0,0,0,0,0,0,0,0,0,0,0,0,0,0,3,3,4,4,3,3,3,3,3,3,3,3,3,3,3,3,3,3,3,3,3,3,3,3,2,2,1,1,1,1,0,0,0,0,,,,,,,,,,,,,,,,,,,,,,,,,,,,,,,,,,,,,,,,,,,,,,,,
11496,3500,11702,11714,,0,59,59,60,60,42,42,45,45,53,53,58,58,161,161,1054,1054,1231,1231,1131,1131,1110,1110,1010,1010,957,957,939,939,1003,1003,1000,1000,1010,1010,1084,1084,1034,1034,528,528,329,329,215,215,157,157,85,85,,,,,,,,,,,,,,,,,,,,,,,,,,,,,,,,,,,,,,,,,,,,,,,,
11497,2500,11708,11704,,0,59,59,60,60,42,42,45,45,53,53,58,58,161,161,1054,1054,1231,1231,1131,1131,1110,1110,1010,1010,957,957,939,939,1003,1003,1000,1000,1010,1010,1084,1084,1034,1034,528,528,329,329,215,215,157,157,85,85,,,,,,,,,,,,,,,,,,,,,,,,,,,,,,,,,,,,,,,,,,,,,,,,
11498,300,13584,11672,,0,0,0,0,0,0,0,0,0,0,0,0,0,0,0,2,2,3,3,2,2,2,2,2,2,2,2,2,2,2,2,2,2,2,2,2,2,2,2,1,1,1,1,0,0,0,0,0,0,,,,,,,,,,,,,,,,,,,,,,,,,,,,,,,,,,,,,,,,,,,,,,,,
11499,1600,11692,11699,,0,0,0,0,0,0,0,0,0,0,0,0,0,0,0,3,3,3,3,3,3,3,3,3,3,3,3,3,3,3,3,3,3,3,3,3,3,3,3,1,1,1,1,0,0,0,0,0,0,,,,,,,,,,,,,,,,,,,,,,,,,,,,,,,,,,,,,,,,,,,,,,,,
115,1200,100,474,,0,0,0,0,0,0,0,0,0,0,0,0,0,0,0,2,2,2,2,2,2,2,2,2,2,1,1,1,1,1,1,2,2,2,2,2,2,1,1,0,0,0,0,0,0,0,0,0,0,,,,,,,,,,,,,,,,,,,,,,,,,,,,,,,,,,,,,,,,,,,,,,,,
11500,4000,11699,11685,11686,1,41,41,41,41,29,29,31,31,36,36,40,40,112,112,1099,1099,1236,1236,1190,1190,1171,1171,1071,1071,1014,1014,1009,1009,1037,1037,1073,1073,1074,1074,1141,1141,1076,1076,378,378,234,234,152,152,111,111,61,61,,,,,,,,,,,,,,,,,,,,,,,,,,,,,,,,,,,,,,,,,,,,,,,,
11501,300,11675,11680,,0,0,0,0,0,0,0,0,0,0,0,0,0,0,0,5,5,6,6,5,5,5,5,5,5,5,5,5,5,5,5,5,5,5,5,5,5,5,5,2,2,1,1,1,1,0,0,0,0,,,,,,,,,,,,,,,,,,,,,,,,,,,,,,,,,,,,,,,,,,,,,,,,
11502,300,,11694,,0,0,0,0,0,0,0,0,0,0,0,0,0,0,0,3,3,4,4,3,3,3,3,3,3,3,3,3,3,3,3,3,3,3,3,3,3,3,3,2,2,1,1,1,1,0,0,0,0,,,,,,,,,,,,,,,,,,,,,,,,,,,,,,,,,,,,,,,,,,,,,,,,
11503,800,,11721,,0,0,0,0,0,0,0,0,0,0,0,0,0,0,0,2,2,2,2,2,2,2,2,2,2,2,2,2,2,2,2,2,2,2,2,2,2,2,2,1,1,1,1,0,0,0,0,0,0,,,,,,,,,,,,,,,,,,,,,,,,,,,,,,,,,,,,,,,,,,,,,,,,
11504,4400,11780,15550,11717;11507,2,59,59,60,60,42,42,45,45,53,53,58,58,161,161,1054,1054,1231,1231,1131,1131,1110,1110,1010,1010,957,957,939,939,1003,1003,1000,1000,1010,1010,1084,1084,1034,1034,528,528,329,329,215,215,157,157,85,85,,,,,,,,,,,,,,,,,,,,,,,,,,,,,,,,,,,,,,,,,,,,,,,,
11505,300,11680,11683,,0,0,0,0,0,0,0,0,0,0,0,0,0,0,0,5,5,5,5,5,5,5,5,5,5,4,4,4,4,4,4,5,5,5,5,5,5,5,5,2,2,1,1,1,1,0,0,0,0,,,,,,,,,,,,,,,,,,,,,,,,,,,,,,,,,,,,,,,,,,,,,,,,
11506,2500,11486,11716,,0,59,59,60,60,42,42,45,45,53,53,58,58,161,161,1054,1054,1231,1231,1131,1131,1110,1110,1010,1010,957,957,939,939,1003,1003,1000,1000,1010,1010,1084,1084,1034,1034,528,528,329,329,215,215,157,157,85,85,,,,,,,,,,,,,,,,,,,,,,,,,,,,,,,,,,,,,,,,,,,,,,,,
11507,4400,11504,8686,,0,59,59,60,60,42,42,45,45,53,53,58,58,161,161,1054,1054,1231,1231,1131,1131,1110,1110,1010,1010,957,957,939,939,1003,1003,1000,1000,1010,1010,1084,1084,1034,1034,528,528,329,329,215,215,157,157,85,85,,,,,,,,,,,,,,,,,,,,,,,,,,,,,,,,,,,,,,,,,,,,,,,,
11508,1200,9163,11685,,0,0,0,0,0,0,0,0,0,0,0,0,0,1,1,7,7,8,8,8,8,8,8,7,7,7,7,7,7,7,7,7,7,7,7,8,8,7,7,2,2,1,1,1,1,1,1,0,0,,,,,,,,,,,,,,,,,,,,,,,,,,,,,,,,,,,,,,,,,,,,,,,,
11509,2500,11677,11678,,0,41,41,41,41,29,29,31,31,36,36,40,40,112,112,1099,1099,1236,1236,1190,1190,1171,1171,1071,1071,1014,1014,1009,1009,1037,1037,1073,1073,1074,1074,1141,1141,1076,1076,378,378,234,234,152,152,111,111,61,61,,,,,,,,,,,,,,,,,,,,,,,,,,,,,,,,,,,,,,,,,,,,,,,,
11510,2500,9174,11494,,0,59,59,60,60,42,42,45,45,53,53,58,58,161,161,1054,1054,1231,1231,1131,1131,1110,1110,1010,1010,957,957,939,939,1003,1003,1000,1000,1010,1010,1084,1084,1034,1034,528,528,329,329,215,215,157,157,85,85,,,,,,,,,,,,,,,,,,,,,,,,,,,,,,,,,,,,,,,,,,,,,,,,
11511,4000,11683,,,0,41,41,41,41,29,29,31,31,36,36,40,40,112,112,1099,1099,1236,1236,1190,1190,1171,1171,1071,1071,1014,1014,1009,1009,1037,1037,1073,1073,1074,1074,1141,1141,1076,1076,378,378,234,234,152,152,111,111,61,61,,,,,,,,,,,,,,,,,,,,,,,,,,,,,,,,,,,,,,,,,,,,,,,,
11512,4400,11641,6292,605,1,67,67,70,70,49,49,53,53,62,62,67,67,186,186,910,910,1134,1134,1023,1023,977,977,900,900,812,812,861,861,864,864,851,851,886,886,939,939,854,854,524,524,336,336,227,227,165,165,84,84,,,,,,,,,,,,,,,,,,,,,,,,,,,,,,,,,,,,,,,,,,,,,,,,
11513,4400,6245,11539,6261;6292;603;604;605,5,54,54,54,54,38,38,41,41,48,48,53,53,149,149,1126,1126,1279,1279,1185,1185,1176,1176,1064,1064,1030,1030,978,978,1073,1073,1075,1075,1072,1072,1157,1157,1124,1124,530,530,326,326,208,208,152,152,86,86,,,,,,,,,,,,,,,,,,,,,,,,,,,,,,,,,,,,,,,,,,,,,,,,
11514,2500,11484,11541,11474;11480,2,41,41,41,41,29,29,31,31,36,36,40,40,112,112,1099,1099,1236,1236,1190,1190,1171,1171,1071,1071,1014,1014,1009,1009,1037,1037,1073,1073,1074,1074,1141,1141,1076,1076,378,378,234,234,152,152,111,111,61,61,,,,,,,,,,,,,,,,,,,,,,,,,,,,,,,,,,,,,,,,,,,,,,,,
11515,1200,11325,11666,,0,0,0,0,0,0,0,0,0,0,0,0,0,1,1,6,6,6,6,6,6,6,6,5,5,5,5,5,5,5,5,5,5,5,5,6,6,6,6,3,3,2,2,1,1,1,1,0,0,,,,,,,,,,,,,,,,,,,,,,,,,,,,,,,,,,,,,,,,,,,,,,,,
11516,3500,11399,11517,13393,1,50,50,49,49,35,35,37,37,43,43,48,48,137,137,1199,1199,1327,1327,1239,1239,1242,1242,1119,1119,1102,1102,1018,1018,1143,1143,1150,1150,1133,1133,1230,1230,1214,1214,532,532,323,323,202,202,148,148,86,86,,,,,,,,,,,,,,,,,,,,,,,,,,,,,,,,,,,,,,,,,,,,,,,,
11517,2500,11518,11516,,0,50,50,49,49,35,35,37,37,43,43,48,48,137,137,1199,1199,1327,1327,1239,1239,1242,1242,1119,1119,1102,1102,1018,1018,1143,1143,1150,1150,1133,1133,1230,1230,1214,1214,532,532,323,323,202,202,148,148,86,86,,,,,,,,,,,,,,,,,,,,,,,,,,,,,,,,,,,,,,,,,,,,,,,,
11518,1200,13080,11519,11517;13083,2,0,0,0,0,0,0,0,0,0,0,0,0,0,0,4,4,4,4,4,4,4,4,3,3,3,3,3,3,4,4,4,4,4,4,4,4,4,4,2,2,1,1,1,1,0,0,0,0,,,,,,,,,,,,,,,,,,,,,,,,,,,,,,,,,,,,,,,,,,,,,,,,
11519,2500,11518,11521,,0,50,50,49,49,35,35,37,37,43,43,48,48,137,137,1199,1199,1327,1327,1239,1239,1242,1242,1119,1119,1102,1102,1018,1018,1143,1143,1150,1150,1133,1133,1230,1230,1214,1214,532,532,323,323,202,202,148,148,86,86,,,,,,,,,,,,,,,,,,,,,,,,,,,,,,,,,,,,,,,,,,,,,,,,
11520,300,11521,11522,,0,0,0,0,0,0,0,0,0,0,0,0,0,0,0,4,4,4,4,4,4,4,4,3,3,3,3,3,3,3,3,3,3,3,3,4,4,4,4,2,2,1,1,1,1,0,0,0,0,,,,,,,,,,,,,,,,,,,,,,,,,,,,,,,,,,,,,,,,,,,,,,,,
11521,800,11520,13091,11519,1,0,0,0,0,0,0,0,0,0,0,0,0,0,0,4,4,4,4,4,4,4,4,3,3,3,3,3,3,4,4,4,4,4,4,4,4,4,4,2,2,1,1,1,1,0,0,0,0,,,,,,,,,,,,,,,,,,,,,,,,,,,,,,,,,,,,,,,,,,,,,,,,
11522,1600,11520,11405,11523,1,0,0,0,0,0,0,0,0,0,0,0,0,0,0,3,3,3,3,3,3,3,3,3,3,2,2,2,2,3,3,3,3,3,3,3,3,3,3,1,1,1,1,0,0,0,0,0,0,,,,,,,,,,,,,,,,,,,,,,,,,,,,,,,,,,,,,,,,,,,,,,,,
11523,1600,11526,11522,,0,0,0,0,0,0,0,0,0,0,0,0,0,0,0,2,2,2,2,2,2,2,2,2,2,2,2,2,2,2,2,2,2,2,2,2,2,2,2,1,1,1,1,0,0,0,0,0,0,,,,,,,,,,,,,,,,,,,,,,,,,,,,,,,,,,,,,,,,,,,,,,,,
11524,800,11525,,11526,1,0,0,0,0,0,0,0,0,0,0,0,0,0,0,2,2,3,3,3,3,3,3,2,2,2,2,2,2,2,2,2,2,2,2,3,3,2,2,1,1,1,1,0,0,0,0,0,0,,,,,,,,,,,,,,,,,,,,,,,,,,,,,,,,,,,,,,,,,,,,,,,,
11525,800,11524,,11526,1,0,0,0,0,0,0,0,0,0,0,0,0,0,0,1,1,2,2,2,2,2,2,1,1,1,1,1,1,1,1,1,1,1,1,2,2,1,1,0,0,0,0,0,0,0,0,0,0,,,,,,,,,,,,,,,,,,,,,,,,,,,,,,,,,,,,,,,,,,,,,,,,
11526,1600,11527,11523,11409;11525;11524,3,0,0,0,0,0,0,0,0,0,0,0,0,1,1,4,4,5,5,4,4,4,4,4,4,4,4,4,4,4,4,4,4,4,4,4,4,4,4,2,2,1,1,1,1,1,1,0,0,,,,,,,,,,,,,,,,,,,,,,,,,,,,,,,,,,,,,,,,,,,,,,,,
11527,800,11528,11415,11526,1,0,0,0,0,0,0,0,0,0,0,0,0,1,1,6,6,7,7,7,7,7,7,6,6,6,6,6,6,6,6,6,6,6,6,7,7,6,6,2,2,1,1,1,1,1,1,0,0,,,,,,,,,,,,,,,,,,,,,,,,,,,,,,,,,,,,,,,,,,,,,,,,
11528,2500,11529,11527,,0,41,41,41,41,29,29,31,31,36,36,40,40,112,112,1099,1099,1236,1236,1190,1190,1171,1171,1071,1071,1014,1014,1009,1009,1037,1037,1073,1073,1074,1074,1141,1141,1076,1076,378,378,234,234,152,152,111,111,61,61,,,,,,,,,,,,,,,,,,,,,,,,,,,,,,,,,,,,,,,,,,,,,,,,
11529,300,11530,11528,,0,0,0,0,0,0,0,0,0,0,0,0,0,1,1,7,7,7,7,7,7,7,7,6,6,6,6,6,6,6,6,6,6,6,6,7,7,6,6,2,2,1,1,1,1,1,1,0,0,,,,,,,,,,,,,,,,,,,,,,,,,,,,,,,,,,,,,,,,,,,,,,,,
11530,300,11529,11531,,0,0,0,0,0,0,0,0,0,0,0,0,0,1,1,6,6,7,7,7,7,6,6,6,6,6,6,6,6,6,6,6,6,6,6,6,6,6,6,2,2,1,1,1,1,1,1,0,0,,,,,,,,,,,,,,,,,,,,,,,,,,,,,,,,,,,,,,,,,,,,,,,,
11531,1500,11530,11447,11429,1,41,41,41,41,29,29,31,31,36,36,40,40,112,112,1099,1099,1236,1236,1190,1190,1171,1171,1071,1071,1014,1014,1009,1009,1037,1037,1073,1073,1074,1074,1141,1141,1076,1076,378,378,234,234,152,152,111,111,61,61,,,,,,,,,,,,,,,,,,,,,,,,,,,,,,,,,,,,,,,,,,,,,,,,
11532,1600,13394,11533,11561,1,0,0,0,0,0,0,0,0,0,0,0,0,0,0,4,4,4,4,4,4,4,4,3,3,3,3,3,3,3,3,3,3,3,3,4,4,4,4,2,2,1,1,1,1,0,0,0,0,,,,,,,,,,,,,,,,,,,,,,,,,,,,,,,,,,,,,,,,,,,,,,,,
11533,2000,11532,11534,,0,50,50,49,49,35,35,37,37,43,43,48,48,137,137,1199,1199,1327,1327,1239,1239,1242,1242,1119,1119,1102,1102,1018,1018,1143,1143,1150,1150,1133,1133,1230,1230,1214,1214,532,532,323,323,202,202,148,148,86,86,,,,,,,,,,,,,,,,,,,,,,,,,,,,,,,,,,,,,,,,,,,,,,,,
11534,2000,11399,11535,11533,1,50,50,49,49,35,35,37,37,43,43,48,48,137,137,1199,1199,1327,1327,1239,1239,1242,1242,1119,1119,1102,1102,1018,1018,1143,1143,1150,1150,1133,1133,1230,1230,1214,1214,532,532,323,323,202,202,148,148,86,86,,,,,,,,,,,,,,,,,,,,,,,,,,,,,,,,,,,,,,,,,,,,,,,,
11535,300,11536,11534,,0,0,0,0,0,0,0,0,0,0,0,0,0,1,1,4,4,4,4,4,4,4,4,4,4,4,4,3,3,4,4,4,4,4,4,4,4,4,4,2,2,1,1,1,1,1,1,0,0,,,,,,,,,,,,,,,,,,,,,,,,,,,,,,,,,,,,,,,,,,,,,,,,
11536,1600,11537,11535,11391,1,0,0,0,0,0,0,0,0,0,0,0,0,0,0,4,4,4,4,4,4,4,4,4,4,3,3,3,3,4,4,4,4,4,4,4,4,4,4,2,2,1,1,1,1,1,1,0,0,,,,,,,,,,,,,,,,,,,,,,,,,,,,,,,,,,,,,,,,,,,,,,,,
11537,1600,11536,11538,,0,0,0,0,0,0,0,0,0,0,0,0,0,0,0,2,2,3,3,3,3,3,3,2,2,2,2,2,2,2,2,2,2,2,2,2,2,2,2,1,1,1,1,0,0,0,0,0,0,,,,,,,,,,,,,,,,,,,,,,,,,,,,,,,,,,,,,,,,,,,,,,,,
11538,1600,11585,11537,11569,1,0,0,0,0,0,0,0,0,0,0,0,0,0,0,4,4,4,4,4,4,4,4,3,3,3,3,3,3,3,3,3,3,3,3,4,4,4,4,2,2,1,1,1,1,0,0,0,0,,,,,,,,,,,,,,,,,,,,,,,,,,,,,,,,,,,,,,,,,,,,,,,,
11539,4400,11513,11540,,0,42,42,39,39,28,28,29,29,34,34,39,39,112,112,1343,1343,1424,1424,1347,1347,1375,1375,1229,1229,1247,1247,1096,1096,1282,1282,1299,1299,1257,1257,1375,1375,1394,1394,536,536,316,316,190,190,140,140,87,87,,,,,,,,,,,,,,,,,,,,,,,,,,,,,,,,,,,,,,,,,,,,,,,,
11540,4000,11837,11413,11539,1,41,41,41,41,29,29,31,31,36,36,40,40,112,112,1099,1099,1236,1236,1190,1190,1171,1171,1071,1071,1014,1014,1009,1009,1037,1037,1073,1073,1074,1074,1141,1141,1076,1076,378,378,234,234,152,152,111,111,61,61,,,,,,,,,,,,,,,,,,,,,,,,,,,,,,,,,,,,,,,,,,,,,,,,
11541,2000,11733,11514,,0,41,41,41,41,29,29,31,31,36,36,40,40,112,112,1099,1099,1236,1236,1190,1190,1171,1171,1071,1071,1014,1014,1009,1009,1037,1037,1073,1073,1074,1074,1141,1141,1076,1076,378,378,234,234,152,152,111,111,61,61,,,,,,,,,,,,,,,,,,,,,,,,,,,,,,,,,,,,,,,,,,,,,,,,
11542,1500,11543,11726,11413,1,41,41,41,41,29,29,31,31,36,36,40,40,112,112,1099,1099,1236,1236,1190,1190,1171,1171,1071,1071,1014,1014,1009,1009,1037,1037,1073,1073,1074,1074,1141,1141,1076,1076,378,378,234,234,152,152,111,111,61,61,,,,,,,,,,,,,,,,,,,,,,,,,,,,,,,,,,,,,,,,,,,,,,,,
11543,4400,11542,11544,,0,50,50,49,49,35,35,37,37,43,43,48,48,137,137,1199,1199,1327,1327,1239,1239,1242,1242,1119,1119,1102,1102,1018,1018,1143,1143,1150,1150,1133,1133,1230,1230,1214,1214,532,532,323,323,202,202,148,148,86,86,,,,,,,,,,,,,,,,,,,,,,,,,,,,,,,,,,,,,,,,,,,,,,,,
11544,2200,11545,11543,11404,1,54,54,54,54,38,38,41,41,48,48,53,53,149,149,1126,1126,1279,1279,1185,1185,1176,1176,1064,1064,1030,1030,978,978,1073,1073,1075,1075,1072,1072,1157,1157,1124,1124,530,530,326,326,208,208,152,152,86,86,,,,,,,,,,,,,,,,,,,,,,,,,,,,,,,,,,,,,,,,,,,,,,,,
11545,3500,11546,11544,,0,42,42,39,39,28,28,29,29,34,34,39,39,112,112,1343,1343,1424,1424,1347,1347,1375,1375,1229,1229,1247,1247,1096,1096,1282,1282,1299,1299,1257,1257,1375,1375,1394,1394,536,536,316,316,190,190,140,140,87,87,,,,,,,,,,,,,,,,,,,,,,,,,,,,,,,,,,,,,,,,,,,,,,,,
11546,1600,11545,11549,11547,1,0,0,0,0,0,0,0,0,0,0,0,0,0,0,3,3,4,4,3,3,3,3,3,3,3,3,3,3,3,3,3,3,3,3,3,3,3,3,2,2,1,1,1,1,0,0,0,0,,,,,,,,,,,,,,,,,,,,,,,,,,,,,,,,,,,,,,,,,,,,,,,,
11547,1600,11546,11548,,0,0,0,0,0,0,0,0,0,0,0,0,0,1,1,4,4,4,4,4,4,4,4,3,3,3,3,3,3,3,3,3,3,3,3,4,4,4,4,2,2,1,1,1,1,1,1,0,0,,,,,,,,,,,,,,,,,,,,,,,,,,,,,,,,,,,,,,,,,,,,,,,,
11548,2500,11482,11547,11416,1,59,59,60,60,42,42,45,45,53,53,58,58,161,161,1054,1054,1231,1231,1131,1131,1110,1110,1010,1010,957,957,939,939,1003,1003,1000,1000,1010,1010,1084,1084,1034,1034,528,528,329,329,215,215,157,157,85,85,,,,,,,,,,,,,,,,,,,,,,,,,,,,,,,,,,,,,,,,,,,,,,,,
11549,1500,11550,11546,,0,59,59,60,60,42,42,45,45,53,53,58,58,161,161,1054,1054,1231,1231,1131,1131,1110,1110,1010,1010,957,957,939,939,1003,1003,1000,1000,1010,1010,1084,1084,1034,1034,528,528,329,329,215,215,157,157,85,85,,,,,,,,,,,,,,,,,,,,,,,,,,,,,,,,,,,,,,,,,,,,,,,,
11550,1000,11406,11549,11407,1,59,59,60,60,42,42,45,45,53,53,58,58,161,161,1054,1054,1231,1231,1131,1131,1110,1110,1010,1010,957,957,939,939,1003,1003,1000,1000,1010,1010,1084,1084,1034,1034,528,528,329,329,215,215,157,157,85,85,,,,,,,,,,,,,,,,,,,,,,,,,,,,,,,,,,,,,,,,,,,,,,,,
11551,3500,11781,11779,,0,42,42,39,39,28,28,29,29,34,34,39,39,112,112,1343,1343,1424,1424,1347,1347,1375,1375,1229,1229,1247,1247,1096,1096,1282,1282,1299,1299,1257,1257,1375,1375,1394,1394,536,536,316,316,190,190,140,140,87,87,,,,,,,,,,,,,,,,,,,,,,,,,,,,,,,,,,,,,,,,,,,,,,,,
11552,400,11403,11634,11778,1,0,0,0,0,0,0,0,0,0,0,0,0,0,0,3,3,3,3,3,3,3,3,3,3,2,2,2,2,3,3,3,3,3,3,3,3,3,3,1,1,1,1,0,0,0,0,0,0,,,,,,,,,,,,,,,,,,,,,,,,,,,,,,,,,,,,,,,,,,,,,,,,
11553,800,11554,11424,,0,0,0,0,0,0,0,0,0,0,0,0,0,0,0,1,1,1,1,1,1,1,1,1,1,1,1,1,1,1,1,1,1,1,1,1,1,1,1,1,1,0,0,0,0,0,0,0,0,,,,,,,,,,,,,,,,,,,,,,,,,,,,,,,,,,,,,,,,,,,,,,,,
11554,300,,11414,11555;11553,2,0,0,0,0,0,0,0,0,0,0,0,0,0,0,1,1,1,1,1,1,1,1,1,1,1,1,1,1,1,1,1,1,1,1,1,1,1,1,0,0,0,0,0,0,0,0,0,0,,,,,,,,,,,,,,,,,,,,,,,,,,,,,,,,,,,,,,,,,,,,,,,,
11555,800,11556,11554,,0,0,0,0,0,0,0,0,0,0,0,0,0,0,0,1,1,1,1,1,1,1,1,1,1,1,1,1,1,1,1,1,1,1,1,1,1,1,1,0,0,0,0,0,0,0,0,0,0,,,,,,,,,,,,,,,,,,,,,,,,,,,,,,,,,,,,,,,,,,,,,,,,
11556,800,11412,11422,11555,1,0,0,0,0,0,0,0,0,0,0,0,0,0,0,1,1,1,1,1,1,1,1,1,1,1,1,1,1,1,1,1,1,1,1,1,1,1,1,0,0,0,0,0,0,0,0,0,0,,,,,,,,,,,,,,,,,,,,,,,,,,,,,,,,,,,,,,,,,,,,,,,,
11557,300,11411,11558,,0,0,0,0,0,0,0,0,0,0,0,0,0,0,0,1,1,1,1,1,1,1,1,1,1,1,1,1,1,1,1,1,1,1,1,1,1,1,1,1,1,0,0,0,0,0,0,0,0,,,,,,,,,,,,,,,,,,,,,,,,,,,,,,,,,,,,,,,,,,,,,,,,
11558,300,11557,11430,11414,1,0,0,0,0,0,0,0,0,0,0,0,0,0,0,1,1,2,2,2,2,2,2,1,1,1,1,1,1,1,1,1,1,1,1,1,1,1,1,1,1,0,0,0,0,0,0,0,0,,,,,,,,,,,,,,,,,,,,,,,,,,,,,,,,,,,,,,,,,,,,,,,,
11559,1600,tran_5110d8ae-31b6-44bb-ad28-fd705be59c0c,11560,,0,0,0,0,0,0,0,0,0,0,0,0,0,1,1,9,9,10,10,10,10,9,9,9,9,8,8,8,8,9,9,9,9,9,9,9,9,9,9,4,4,3,3,2,2,1,1,1,1,,,,,,,,,,,,,,,,,,,,,,,,,,,,,,,,,,,,,,,,,,,,,,,,
11560,400,11401,11559,11410,1,0,0,0,0,0,0,0,0,0,0,0,0,1,1,8,8,9,9,8,8,8,8,7,7,7,7,7,7,7,7,7,7,7,7,8,8,8,8,4,4,2,2,1,1,1,1,1,1,,,,,,,,,,,,,,,,,,,,,,,,,,,,,,,,,,,,,,,,,,,,,,,,
11561,1200,11532,11562,,0,0,0,0,0,0,0,0,0,0,0,0,0,0,0,3,3,4,4,3,3,3,3,3,3,3,3,3,3,3,3,3,3,3,3,3,3,3,3,2,2,1,1,1,1,0,0,0,0,,,,,,,,,,,,,,,,,,,,,,,,,,,,,,,,,,,,,,,,,,,,,,,,
11562,400,13023,11561,11563,1,0,0,0,0,0,0,0,0,0,0,0,0,0,0,4,4,4,4,4,4,4,4,4,4,4,4,3,3,4,4,4,4,4,4,4,4,4,4,2,2,1,1,1,1,0,0,0,0,,,,,,,,,,,,,,,,,,,,,,,,,,,,,,,,,,,,,,,,,,,,,,,,
11563,1200,11562,11564,,0,0,0,0,0,0,0,0,0,0,0,0,0,0,0,3,3,3,3,3,3,3,3,2,2,2,2,2,2,2,2,2,2,2,2,3,3,3,3,1,1,1,1,0,0,0,0,0,0,,,,,,,,,,,,,,,,,,,,,,,,,,,,,,,,,,,,,,,,,,,,,,,,
11564,800,11390,11563,11565,1,0,0,0,0,0,0,0,0,0,0,0,0,0,0,3,3,3,3,3,3,3,3,3,3,2,2,2,2,3,3,3,3,3,3,3,3,3,3,1,1,1,1,0,0,0,0,0,0,,,,,,,,,,,,,,,,,,,,,,,,,,,,,,,,,,,,,,,,,,,,,,,,
11565,1200,11564,11566,,0,0,0,0,0,0,0,0,0,0,0,0,0,0,0,2,2,2,2,2,2,2,2,2,2,2,2,2,2,2,2,2,2,2,2,2,2,2,2,1,1,1,1,0,0,0,0,0,0,,,,,,,,,,,,,,,,,,,,,,,,,,,,,,,,,,,,,,,,,,,,,,,,
11566,400,11565,11387,11381,1,0,0,0,0,0,0,0,0,0,0,0,0,0,0,1,1,2,2,1,1,1,1,1,1,1,1,1,1,1,1,1,1,1,1,1,1,1,1,1,1,0,0,0,0,0,0,0,0,,,,,,,,,,,,,,,,,,,,,,,,,,,,,,,,,,,,,,,,,,,,,,,,
11567,800,11568,11386,,0,0,0,0,0,0,0,0,0,0,0,0,0,0,0,3,3,4,4,3,3,3,3,3,3,3,3,3,3,3,3,3,3,3,3,3,3,3,3,1,1,1,1,1,1,0,0,0,0,,,,,,,,,,,,,,,,,,,,,,,,,,,,,,,,,,,,,,,,,,,,,,,,
11568,800,11567,11383,11573,1,0,0,0,0,0,0,0,0,0,0,0,0,0,0,2,2,3,3,3,3,3,3,2,2,2,2,2,2,2,2,2,2,2,2,2,2,2,2,1,1,1,1,0,0,0,0,0,0,,,,,,,,,,,,,,,,,,,,,,,,,,,,,,,,,,,,,,,,,,,,,,,,
11569,1200,11538,11570,,0,0,0,0,0,0,0,0,0,0,0,0,0,0,0,3,3,4,4,3,3,3,3,3,3,3,3,3,3,3,3,3,3,3,3,3,3,3,3,1,1,1,1,1,1,0,0,0,0,,,,,,,,,,,,,,,,,,,,,,,,,,,,,,,,,,,,,,,,,,,,,,,,
11570,400,11389,11569,11383,1,0,0,0,0,0,0,0,0,0,0,0,0,0,0,2,2,3,3,2,2,2,2,2,2,2,2,2,2,2,2,2,2,2,2,2,2,2,2,1,1,1,1,0,0,0,0,0,0,,,,,,,,,,,,,,,,,,,,,,,,,,,,,,,,,,,,,,,,,,,,,,,,
11571,800,11370,11572,,0,0,0,0,0,0,0,0,0,0,0,0,0,0,0,3,3,3,3,3,3,3,3,3,3,2,2,2,2,3,3,3,3,3,3,3,3,3,3,1,1,1,1,0,0,0,0,0,0,,,,,,,,,,,,,,,,,,,,,,,,,,,,,,,,,,,,,,,,,,,,,,,,
11572,800,11374,11571,11389,1,0,0,0,0,0,0,0,0,0,0,0,0,0,0,2,2,2,2,2,2,2,2,2,2,2,2,2,2,2,2,2,2,2,2,2,2,2,2,1,1,1,1,0,0,0,0,0,0,,,,,,,,,,,,,,,,,,,,,,,,,,,,,,,,,,,,,,,,,,,,,,,,
11573,1200,11568,11574,,0,0,0,0,0,0,0,0,0,0,0,0,0,0,0,2,2,2,2,2,2,2,2,2,2,2,2,2,2,2,2,2,2,2,2,2,2,2,2,1,1,1,1,0,0,0,0,0,0,,,,,,,,,,,,,,,,,,,,,,,,,,,,,,,,,,,,,,,,,,,,,,,,
11574,400,11573,11380,11374,1,0,0,0,0,0,0,0,0,0,0,0,0,0,0,2,2,2,2,2,2,2,2,1,1,1,1,1,1,1,1,1,1,1,1,2,2,2,2,1,1,0,0,0,0,0,0,0,0,,,,,,,,,,,,,,,,,,,,,,,,,,,,,,,,,,,,,,,,,,,,,,,,
11575,400,11576,11359,,0,0,0,0,0,0,0,0,0,0,0,0,0,0,0,1,1,1,1,1,1,1,1,1,1,1,1,1,1,1,1,1,1,1,1,1,1,1,1,1,1,0,0,0,0,0,0,0,0,,,,,,,,,,,,,,,,,,,,,,,,,,,,,,,,,,,,,,,,,,,,,,,,
11576,400,11352,11575,11577,1,0,0,0,0,0,0,0,0,0,0,0,0,0,0,1,1,1,1,1,1,1,1,1,1,1,1,1,1,1,1,1,1,1,1,1,1,1,1,1,1,0,0,0,0,0,0,0,0,,,,,,,,,,,,,,,,,,,,,,,,,,,,,,,,,,,,,,,,,,,,,,,,
11577,1200,11576,11578,,0,0,0,0,0,0,0,0,0,0,0,0,0,0,0,1,1,2,2,1,1,1,1,1,1,1,1,1,1,1,1,1,1,1,1,1,1,1,1,1,1,0,0,0,0,0,0,0,0,,,,,,,,,,,,,,,,,,,,,,,,,,,,,,,,,,,,,,,,,,,,,,,,
11578,800,11347,11577,11581,1,0,0,0,0,0,0,0,0,0,0,0,0,0,0,2,2,2,2,2,2,2,2,2,2,2,2,2,2,2,2,2,2,2,2,2,2,2,2,1,1,1,1,0,0,0,0,0,0,,,,,,,,,,,,,,,,,,,,,,,,,,,,,,,,,,,,,,,,,,,,,,,,
11579,800,11580,11340,,0,0,0,0,0,0,0,0,0,0,0,0,0,0,0,1,1,2,2,2,2,2,2,1,1,1,1,1,1,1,1,1,1,1,1,2,2,1,1,1,1,0,0,0,0,0,0,0,0,,,,,,,,,,,,,,,,,,,,,,,,,,,,,,,,,,,,,,,,,,,,,,,,
11580,800,11579,11335,11352,1,0,0,0,0,0,0,0,0,0,0,0,0,0,0,2,2,2,2,2,2,2,2,2,2,2,2,2,2,2,2,2,2,2,2,2,2,2,2,1,1,1,1,0,0,0,0,0,0,,,,,,,,,,,,,,,,,,,,,,,,,,,,,,,,,,,,,,,,,,,,,,,,
11581,1200,11582,11578,,0,0,0,0,0,0,0,0,0,0,0,0,0,0,0,2,2,2,2,2,2,2,2,2,2,2,2,2,2,2,2,2,2,2,2,2,2,2,2,1,1,1,1,0,0,0,0,0,0,,,,,,,,,,,,,,,,,,,,,,,,,,,,,,,,,,,,,,,,,,,,,,,,
11582,400,11344,11581,11335,1,0,0,0,0,0,0,0,0,0,0,0,0,0,0,3,3,3,3,3,3,3,3,3,3,2,2,2,2,3,3,3,3,3,3,3,3,3,3,1,1,1,1,0,0,0,0,0,0,,,,,,,,,,,,,,,,,,,,,,,,,,,,,,,,,,,,,,,,,,,,,,,,
11583,2000,11319,11584,,0,50,50,49,49,35,35,37,37,43,43,48,48,137,137,1199,1199,1327,1327,1239,1239,1242,1242,1119,1119,1102,1102,1018,1018,1143,1143,1150,1150,1133,1133,1230,1230,1214,1214,532,532,323,323,202,202,148,148,86,86,,,,,,,,,,,,,,,,,,,,,,,,,,,,,,,,,,,,,,,,,,,,,,,,
11584,1600,11326,11583,11344,1,0,0,0,0,0,0,0,0,0,0,0,0,0,0,4,4,4,4,4,4,4,4,3,3,3,3,3,3,3,3,3,3,3,3,4,4,4,4,2,2,1,1,1,1,0,0,0,0,,,,,,,,,,,,,,,,,,,,,,,,,,,,,,,,,,,,,,,,,,,,,,,,
11585,2000,11538,11586,,0,50,50,49,49,35,35,37,37,43,43,48,48,137,137,1199,1199,1327,1327,1239,1239,1242,1242,1119,1119,1102,1102,1018,1018,1143,1143,1150,1150,1133,1133,1230,1230,1214,1214,532,532,323,323,202,202,148,148,86,86,,,,,,,,,,,,,,,,,,,,,,,,,,,,,,,,,,,,,,,,,,,,,,,,
11586,2500,11585,11587,11384,1,50,50,49,49,35,35,37,37,43,43,48,48,137,137,1199,1199,1327,1327,1239,1239,1242,1242,1119,1119,1102,1102,1018,1018,1143,1143,1150,1150,1133,1133,1230,1230,1214,1214,532,532,323,323,202,202,148,148,86,86,,,,,,,,,,,,,,,,,,,,,,,,,,,,,,,,,,,,,,,,,,,,,,,,
11587,2000,11586,11588,,0,50,50,49,49,35,35,37,37,43,43,48,48,137,137,1199,1199,1327,1327,1239,1239,1242,1242,1119,1119,1102,1102,1018,1018,1143,1143,1150,1150,1133,1133,1230,1230,1214,1214,532,532,323,323,202,202,148,148,86,86,,,,,,,,,,,,,,,,,,,,,,,,,,,,,,,,,,,,,,,,,,,,,,,,
11588,1600,11589,11587,11600,1,0,0,0,0,0,0,0,0,0,0,0,0,0,0,4,4,4,4,4,4,4,4,3,3,3,3,3,3,4,4,4,4,4,4,4,4,4,4,2,2,1,1,1,1,0,0,0,0,,,,,,,,,,,,,,,,,,,,,,,,,,,,,,,,,,,,,,,,,,,,,,,,
11589,2000,11590,11588,,0,50,50,49,49,35,35,37,37,43,43,48,48,137,137,1199,1199,1327,1327,1239,1239,1242,1242,1119,1119,1102,1102,1018,1018,1143,1143,1150,1150,1133,1133,1230,1230,1214,1214,532,532,323,323,202,202,148,148,86,86,,,,,,,,,,,,,,,,,,,,,,,,,,,,,,,,,,,,,,,,,,,,,,,,
11590,1600,11589,11591,11375,1,0,0,0,0,0,0,0,0,0,0,0,0,0,0,2,2,3,3,2,2,2,2,2,2,2,2,2,2,2,2,2,2,2,2,2,2,2,2,1,1,1,1,0,0,0,0,0,0,,,,,,,,,,,,,,,,,,,,,,,,,,,,,,,,,,,,,,,,,,,,,,,,
11591,1600,11592,11590,,0,0,0,0,0,0,0,0,0,0,0,0,0,0,0,1,1,1,1,1,1,1,1,1,1,1,1,1,1,1,1,1,1,1,1,1,1,1,1,1,1,0,0,0,0,0,0,0,0,,,,,,,,,,,,,,,,,,,,,,,,,,,,,,,,,,,,,,,,,,,,,,,,
11592,1600,11591,11593,11610,1,0,0,0,0,0,0,0,0,0,0,0,0,0,0,2,2,2,2,2,2,2,2,2,2,2,2,2,2,2,2,2,2,2,2,2,2,2,2,1,1,1,1,0,0,0,0,0,0,,,,,,,,,,,,,,,,,,,,,,,,,,,,,,,,,,,,,,,,,,,,,,,,
11593,4000,11594,11592,,0,50,50,49,49,35,35,37,37,43,43,48,48,137,137,1199,1199,1327,1327,1239,1239,1242,1242,1119,1119,1102,1102,1018,1018,1143,1143,1150,1150,1133,1133,1230,1230,1214,1214,532,532,323,323,202,202,148,148,86,86,,,,,,,,,,,,,,,,,,,,,,,,,,,,,,,,,,,,,,,,,,,,,,,,
11594,2000,11593,11595,11345,1,50,50,49,49,35,35,37,37,43,43,48,48,137,137,1199,1199,1327,1327,1239,1239,1242,1242,1119,1119,1102,1102,1018,1018,1143,1143,1150,1150,1133,1133,1230,1230,1214,1214,532,532,323,323,202,202,148,148,86,86,,,,,,,,,,,,,,,,,,,,,,,,,,,,,,,,,,,,,,,,,,,,,,,,
11595,1200,11594,11596,,0,0,0,0,0,0,0,0,0,0,0,0,0,0,0,4,4,4,4,4,4,4,4,4,4,3,3,3,3,4,4,4,4,4,4,4,4,4,4,2,2,1,1,1,1,1,1,0,0,,,,,,,,,,,,,,,,,,,,,,,,,,,,,,,,,,,,,,,,,,,,,,,,
11596,1200,11597,11595,11329,1,0,0,0,0,0,0,0,0,0,0,0,0,0,0,3,3,3,3,3,3,3,3,3,3,3,3,2,2,3,3,3,3,3,3,3,3,3,3,1,1,1,1,1,1,0,0,0,0,,,,,,,,,,,,,,,,,,,,,,,,,,,,,,,,,,,,,,,,,,,,,,,,
11597,1200,11596,11598,,0,0,0,0,0,0,0,0,0,0,0,0,0,0,0,2,2,2,2,2,2,2,2,2,2,2,2,2,2,2,2,2,2,2,2,2,2,2,2,1,1,1,1,0,0,0,0,0,0,,,,,,,,,,,,,,,,,,,,,,,,,,,,,,,,,,,,,,,,,,,,,,,,
11598,1600,11599,11597,11626,1,0,0,0,0,0,0,0,0,0,0,0,0,0,0,1,1,2,2,2,2,2,2,1,1,1,1,1,1,1,1,1,1,1,1,2,2,1,1,1,1,0,0,0,0,0,0,0,0,,,,,,,,,,,,,,,,,,,,,,,,,,,,,,,,,,,,,,,,,,,,,,,,
11599,1200,11598,6298,,0,1,1,1,1,0,0,0,0,1,1,1,1,2,2,17,17,19,19,19,19,19,19,17,17,16,16,17,17,16,16,17,17,17,17,18,18,16,16,4,4,3,3,2,2,1,1,1,1,,,,,,,,,,,,,,,,,,,,,,,,,,,,,,,,,,,,,,,,,,,,,,,,
116,4400,105,124,,0,27,27,28,28,20,20,21,21,25,25,27,27,74,74,1049,1049,1182,1182,1170,1170,1126,1126,1056,1056,970,970,1022,1022,982,982,1052,1052,1066,1066,1112,1112,1010,1010,210,210,134,134,91,91,66,66,34,34,,,,,,,,,,,,,,,,,,,,,,,,,,,,,,,,,,,,,,,,,,,,,,,,
11600,1200,11588,11601,,0,33,33,31,31,22,22,23,23,26,26,31,31,88,88,1055,1055,1119,1119,1058,1058,1080,1080,966,966,980,980,861,861,1008,1008,1021,1021,988,988,1080,1080,1096,1096,421,421,249,249,150,150,110,110,68,68,,,,,,,,,,,,,,,,,,,,,,,,,,,,,,,,,,,,,,,,,,,,,,,,
11601,400,11379,11600,11377,1,0,0,0,0,0,0,0,0,0,0,0,0,0,0,3,3,3,3,3,3,3,3,2,2,2,2,2,2,2,2,2,2,2,2,3,3,3,3,1,1,1,1,0,0,0,0,0,0,,,,,,,,,,,,,,,,,,,,,,,,,,,,,,,,,,,,,,,,,,,,,,,,
11602,800,11603,11366,,0,0,0,0,0,0,0,0,0,0,0,0,0,0,0,2,2,3,3,3,3,3,3,2,2,2,2,2,2,2,2,2,2,2,2,3,3,2,2,1,1,1,1,0,0,0,0,0,0,,,,,,,,,,,,,,,,,,,,,,,,,,,,,,,,,,,,,,,,,,,,,,,,
11603,800,11377,11602,11604,1,0,0,0,0,0,0,0,0,0,0,0,0,0,0,3,3,3,3,3,3,3,3,3,3,2,2,2,2,3,3,3,3,3,3,3,3,3,3,1,1,1,1,0,0,0,0,0,0,,,,,,,,,,,,,,,,,,,,,,,,,,,,,,,,,,,,,,,,,,,,,,,,
11604,1200,11603,11605,,0,0,0,0,0,0,0,0,0,0,0,0,0,0,0,2,2,2,2,2,2,2,2,2,2,2,2,2,2,2,2,2,2,2,2,2,2,2,2,1,1,1,1,0,0,0,0,0,0,,,,,,,,,,,,,,,,,,,,,,,,,,,,,,,,,,,,,,,,,,,,,,,,
11605,400,11368,11604,11362,1,0,0,0,0,0,0,0,0,0,0,0,0,0,0,1,1,1,1,1,1,1,1,1,1,1,1,1,1,1,1,1,1,1,1,1,1,1,1,1,1,0,0,0,0,0,0,0,0,,,,,,,,,,,,,,,,,,,,,,,,,,,,,,,,,,,,,,,,,,,,,,,,
11606,800,11607,11370,,0,0,0,0,0,0,0,0,0,0,0,0,0,0,0,3,3,3,3,3,3,3,3,3,3,3,3,2,2,3,3,3,3,3,3,3,3,3,3,1,1,1,1,1,1,0,0,0,0,,,,,,,,,,,,,,,,,,,,,,,,,,,,,,,,,,,,,,,,,,,,,,,,
11607,800,11606,11362,11379,1,0,0,0,0,0,0,0,0,0,0,0,0,0,0,2,2,2,2,2,2,2,2,2,2,2,2,2,2,2,2,2,2,2,2,2,2,2,2,1,1,1,1,0,0,0,0,0,0,,,,,,,,,,,,,,,,,,,,,,,,,,,,,,,,,,,,,,,,,,,,,,,,
11608,800,11366,11609,,0,0,0,0,0,0,0,0,0,0,0,0,0,0,0,1,1,2,2,1,1,1,1,1,1,1,1,1,1,1,1,1,1,1,1,1,1,1,1,1,1,0,0,0,0,0,0,0,0,,,,,,,,,,,,,,,,,,,,,,,,,,,,,,,,,,,,,,,,,,,,,,,,
11609,800,11361,11608,11353,1,0,0,0,0,0,0,0,0,0,0,0,0,0,0,2,2,2,2,2,2,2,2,1,1,1,1,1,1,1,1,1,1,1,1,2,2,2,2,1,1,0,0,0,0,0,0,0,0,,,,,,,,,,,,,,,,,,,,,,,,,,,,,,,,,,,,,,,,,,,,,,,,
11610,1200,11592,11611,,0,0,0,0,0,0,0,0,0,0,0,0,0,0,0,2,2,3,3,2,2,2,2,2,2,2,2,2,2,2,2,2,2,2,2,2,2,2,2,1,1,1,1,0,0,0,0,0,0,,,,,,,,,,,,,,,,,,,,,,,,,,,,,,,,,,,,,,,,,,,,,,,,
11611,300,11371,11610,11361,1,0,0,0,0,0,0,0,0,0,0,0,0,0,0,3,3,3,3,3,3,3,3,3,3,2,2,2,2,3,3,3,3,3,3,3,3,3,3,1,1,1,1,0,0,0,0,0,0,,,,,,,,,,,,,,,,,,,,,,,,,,,,,,,,,,,,,,,,,,,,,,,,
11612,800,11332,11613,,0,0,0,0,0,0,0,0,0,0,0,0,0,0,0,1,1,1,1,1,1,1,1,1,1,1,1,1,1,1,1,1,1,1,1,1,1,1,1,0,0,0,0,0,0,0,0,0,0,,,,,,,,,,,,,,,,,,,,,,,,,,,,,,,,,,,,,,,,,,,,,,,,
11613,800,11353,11612,11614,1,0,0,0,0,0,0,0,0,0,0,0,0,0,0,1,1,1,1,1,1,1,1,1,1,1,1,1,1,1,1,1,1,1,1,1,1,1,1,1,1,0,0,0,0,0,0,0,0,,,,,,,,,,,,,,,,,,,,,,,,,,,,,,,,,,,,,,,,,,,,,,,,
11614,1200,11615,11613,,0,0,0,0,0,0,0,0,0,0,0,0,0,0,0,1,1,2,2,2,2,2,2,1,1,1,1,1,1,1,1,1,1,1,1,2,2,1,1,1,1,0,0,0,0,0,0,0,0,,,,,,,,,,,,,,,,,,,,,,,,,,,,,,,,,,,,,,,,,,,,,,,,
11615,800,11614,11345,11371,1,0,0,0,0,0,0,0,0,0,0,0,0,0,0,2,2,3,3,3,3,3,3,2,2,2,2,2,2,2,2,2,2,2,2,2,2,2,2,1,1,1,1,0,0,0,0,0,0,,,,,,,,,,,,,,,,,,,,,,,,,,,,,,,,,,,,,,,,,,,,,,,,
11616,400,11343,11617,,0,0,0,0,0,0,0,0,0,0,0,0,0,0,0,1,1,2,2,1,1,1,1,1,1,1,1,1,1,1,1,1,1,1,1,1,1,1,1,1,1,0,0,0,0,0,0,0,0,,,,,,,,,,,,,,,,,,,,,,,,,,,,,,,,,,,,,,,,,,,,,,,,
11617,400,11616,11336,11337,1,0,0,0,0,0,0,0,0,0,0,0,0,0,0,2,2,2,2,2,2,2,2,2,2,2,2,1,1,2,2,2,2,2,2,2,2,2,2,1,1,0,0,0,0,0,0,0,0,,,,,,,,,,,,,,,,,,,,,,,,,,,,,,,,,,,,,,,,,,,,,,,,
11618,800,11619,11342,,0,0,0,0,0,0,0,0,0,0,0,0,0,0,0,3,3,3,3,3,3,3,3,3,3,3,3,2,2,3,3,3,3,3,3,3,3,3,3,1,1,1,1,1,1,0,0,0,0,,,,,,,,,,,,,,,,,,,,,,,,,,,,,,,,,,,,,,,,,,,,,,,,
11619,800,11618,11337,11620,1,0,0,0,0,0,0,0,0,0,0,0,0,0,0,2,2,2,2,2,2,2,2,2,2,2,2,2,2,2,2,2,2,2,2,2,2,2,2,1,1,1,1,0,0,0,0,0,0,,,,,,,,,,,,,,,,,,,,,,,,,,,,,,,,,,,,,,,,,,,,,,,,
11620,1200,11619,11621,,0,0,0,0,0,0,0,0,0,0,0,0,0,0,0,2,2,2,2,2,2,2,2,2,2,2,2,2,2,2,2,2,2,2,2,2,2,2,2,1,1,1,1,0,0,0,0,0,0,,,,,,,,,,,,,,,,,,,,,,,,,,,,,,,,,,,,,,,,,,,,,,,,
11621,400,11620,11331,11324,1,0,0,0,0,0,0,0,0,0,0,0,0,0,0,3,3,3,3,3,3,3,3,3,3,3,3,2,2,3,3,3,3,3,3,3,3,3,3,1,1,1,1,1,1,0,0,0,0,,,,,,,,,,,,,,,,,,,,,,,,,,,,,,,,,,,,,,,,,,,,,,,,
11622,800,11316,11623,,0,0,0,0,0,0,0,0,0,0,0,0,0,0,0,3,3,4,4,3,3,3,3,3,3,3,3,3,3,3,3,3,3,3,3,3,3,3,3,2,2,1,1,1,1,0,0,0,0,,,,,,,,,,,,,,,,,,,,,,,,,,,,,,,,,,,,,,,,,,,,,,,,
11623,800,11622,11324,11336,1,0,0,0,0,0,0,0,0,0,0,0,0,0,0,3,3,3,3,3,3,3,3,2,2,2,2,2,2,2,2,2,2,2,2,3,3,3,3,1,1,1,1,0,0,0,0,0,0,,,,,,,,,,,,,,,,,,,,,,,,,,,,,,,,,,,,,,,,,,,,,,,,
11624,400,11332,11625,,0,0,0,0,0,0,0,0,0,0,0,0,0,0,0,1,1,1,1,1,1,1,1,1,1,1,1,1,1,1,1,1,1,1,1,1,1,1,1,1,1,0,0,0,0,0,0,0,0,,,,,,,,,,,,,,,,,,,,,,,,,,,,,,,,,,,,,,,,,,,,,,,,
11625,400,11328,11624,11321,1,0,0,0,0,0,0,0,0,0,0,0,0,0,0,2,2,2,2,2,2,2,2,1,1,1,1,1,1,1,1,1,1,1,1,2,2,2,2,1,1,0,0,0,0,0,0,0,0,,,,,,,,,,,,,,,,,,,,,,,,,,,,,,,,,,,,,,,,,,,,,,,,
11626,1200,11598,11627,,0,0,0,0,0,0,0,0,0,0,0,0,0,0,0,1,1,2,2,2,2,2,2,1,1,1,1,1,1,1,1,1,1,1,1,1,1,1,1,1,1,0,0,0,0,0,0,0,0,,,,,,,,,,,,,,,,,,,,,,,,,,,,,,,,,,,,,,,,,,,,,,,,
11627,800,11626,11321,11628,1,0,0,0,0,0,0,0,0,0,0,0,0,0,0,1,1,1,1,1,1,1,1,1,1,1,1,1,1,1,1,1,1,1,1,1,1,1,1,1,1,0,0,0,0,0,0,0,0,,,,,,,,,,,,,,,,,,,,,,,,,,,,,,,,,,,,,,,,,,,,,,,,
11628,1200,11627,11629,,0,0,0,0,0,0,0,0,0,0,0,0,0,0,0,1,1,1,1,1,1,1,1,1,1,1,1,1,1,1,1,1,1,1,1,1,1,1,1,0,0,0,0,0,0,0,0,0,0,,,,,,,,,,,,,,,,,,,,,,,,,,,,,,,,,,,,,,,,,,,,,,,,
11629,400,11318,11628,11314,1,0,0,0,0,0,0,0,0,0,0,0,0,0,0,1,1,1,1,1,1,1,1,1,1,1,1,1,1,1,1,1,1,1,1,1,1,1,1,0,0,0,0,0,0,0,0,0,0,,,,,,,,,,,,,,,,,,,,,,,,,,,,,,,,,,,,,,,,,,,,,,,,
11630,800,11631,11316,,0,0,0,0,0,0,0,0,0,0,0,0,0,0,0,3,3,4,4,3,3,3,3,3,3,3,3,3,3,3,3,3,3,3,3,3,3,3,3,1,1,1,1,1,1,0,0,0,0,,,,,,,,,,,,,,,,,,,,,,,,,,,,,,,,,,,,,,,,,,,,,,,,
11631,800,11630,11314,11328,1,0,0,0,0,0,0,0,0,0,0,0,0,0,0,2,2,3,3,2,2,2,2,2,2,2,2,2,2,2,2,2,2,2,2,2,2,2,2,1,1,1,1,0,0,0,0,0,0,,,,,,,,,,,,,,,,,,,,,,,,,,,,,,,,,,,,,,,,,,,,,,,,
11632,2000,11633,11319,,0,50,50,49,49,35,35,37,37,43,43,48,48,137,137,1199,1199,1327,1327,1239,1239,1242,1242,1119,1119,1102,1102,1018,1018,1143,1143,1150,1150,1133,1133,1230,1230,1214,1214,532,532,323,323,202,202,148,148,86,86,,,,,,,,,,,,,,,,,,,,,,,,,,,,,,,,,,,,,,,,,,,,,,,,
11633,2000,11317,11632,11331,1,50,50,49,49,35,35,37,37,43,43,48,48,137,137,1199,1199,1327,1327,1239,1239,1242,1242,1119,1119,1102,1102,1018,1018,1143,1143,1150,1150,1133,1133,1230,1230,1214,1214,532,532,323,323,202,202,148,148,86,86,,,,,,,,,,,,,,,,,,,,,,,,,,,,,,,,,,,,,,,,,,,,,,,,
11634,4400,11552,11635,,0,54,54,54,54,38,38,41,41,48,48,53,53,149,149,1126,1126,1279,1279,1185,1185,1176,1176,1064,1064,1030,1030,978,978,1073,1073,1075,1075,1072,1072,1157,1157,1124,1124,530,530,326,326,208,208,152,152,86,86,,,,,,,,,,,,,,,,,,,,,,,,,,,,,,,,,,,,,,,,,,,,,,,,
11635,4000,11634,11636,11397;11398,2,54,54,54,54,38,38,41,41,48,48,53,53,149,149,1126,1126,1279,1279,1185,1185,1176,1176,1064,1064,1030,1030,978,978,1073,1073,1075,1075,1072,1072,1157,1157,1124,1124,530,530,326,326,208,208,152,152,86,86,,,,,,,,,,,,,,,,,,,,,,,,,,,,,,,,,,,,,,,,,,,,,,,,
11636,4000,11635,11637,,0,54,54,54,54,38,38,41,41,48,48,53,53,149,149,1126,1126,1279,1279,1185,1185,1176,1176,1064,1064,1030,1030,978,978,1073,1073,1075,1075,1072,1072,1157,1157,1124,1124,530,530,326,326,208,208,152,152,86,86,,,,,,,,,,,,,,,,,,,,,,,,,,,,,,,,,,,,,,,,,,,,,,,,
11637,800,11638,11364,11636,1,0,0,0,0,0,0,0,0,0,0,0,0,1,1,7,7,8,8,7,7,7,7,7,7,7,7,6,6,7,7,7,7,7,7,7,7,7,7,3,3,2,2,1,1,1,1,1,1,,,,,,,,,,,,,,,,,,,,,,,,,,,,,,,,,,,,,,,,,,,,,,,,
11638,3000,11637,11639,,0,54,54,54,54,38,38,41,41,48,48,53,53,149,149,1126,1126,1279,1279,1185,1185,1176,1176,1064,1064,1030,1030,978,978,1073,1073,1075,1075,1072,1072,1157,1157,1124,1124,530,530,326,326,208,208,152,152,86,86,,,,,,,,,,,,,,,,,,,,,,,,,,,,,,,,,,,,,,,,,,,,,,,,
11639,800,11346,11640,11638,1,0,0,0,0,0,0,0,0,0,0,0,0,1,1,8,8,9,9,8,8,8,8,7,7,7,7,7,7,7,7,7,7,7,7,8,8,8,8,4,4,2,2,1,1,1,1,1,1,,,,,,,,,,,,,,,,,,,,,,,,,,,,,,,,,,,,,,,,,,,,,,,,
11640,4400,11639,11641,,0,54,54,54,54,38,38,41,41,48,48,53,53,149,149,1126,1126,1279,1279,1185,1185,1176,1176,1064,1064,1030,1030,978,978,1073,1073,1075,1075,1072,1072,1157,1157,1124,1124,530,530,326,326,208,208,152,152,86,86,,,,,,,,,,,,,,,,,,,,,,,,,,,,,,,,,,,,,,,,,,,,,,,,
11641,2000,,11661,11512;11640,2,67,67,70,70,49,49,53,53,62,62,67,67,186,186,910,910,1134,1134,1023,1023,977,977,900,900,812,812,861,861,864,864,851,851,886,886,939,939,854,854,524,524,336,336,227,227,165,165,84,84,,,,,,,,,,,,,,,,,,,,,,,,,,,,,,,,,,,,,,,,,,,,,,,,
11642,1200,11360,11643,,0,0,0,0,0,0,0,0,0,0,0,0,0,0,0,2,2,2,2,2,2,2,2,2,2,2,2,2,2,2,2,2,2,2,2,2,2,2,2,1,1,1,1,0,0,0,0,0,0,,,,,,,,,,,,,,,,,,,,,,,,,,,,,,,,,,,,,,,,,,,,,,,,
11643,1200,11346,11642,11354,1,0,0,0,0,0,0,0,0,0,0,0,0,0,0,3,3,3,3,3,3,3,3,2,2,2,2,2,2,2,2,2,2,2,2,3,3,3,3,1,1,1,1,0,0,0,0,0,0,,,,,,,,,,,,,,,,,,,,,,,,,,,,,,,,,,,,,,,,,,,,,,,,
11644,1200,11325,11647,,0,0,0,0,0,0,0,0,0,0,0,0,0,1,1,4,4,5,5,4,4,4,4,4,4,4,4,4,4,4,4,4,4,4,4,4,4,4,4,2,2,1,1,1,1,1,1,0,0,,,,,,,,,,,,,,,,,,,,,,,,,,,,,,,,,,,,,,,,,,,,,,,,
11645,300,11646,11367,11394,1,0,0,0,0,0,0,0,0,0,0,0,0,0,0,2,2,3,3,2,2,2,2,2,2,2,2,2,2,2,2,2,2,2,2,2,2,2,2,1,1,1,1,0,0,0,0,0,0,,,,,,,,,,,,,,,,,,,,,,,,,,,,,,,,,,,,,,,,,,,,,,,,
11646,800,11645,11647,,0,33,33,31,31,22,22,23,23,26,26,31,31,88,88,1055,1055,1119,1119,1058,1058,1080,1080,966,966,980,980,861,861,1008,1008,1021,1021,988,988,1080,1080,1096,1096,421,421,249,249,150,150,110,110,68,68,,,,,,,,,,,,,,,,,,,,,,,,,,,,,,,,,,,,,,,,,,,,,,,,
11647,1200,11646,11358,11644,1,0,0,0,0,0,0,0,0,0,0,0,0,0,0,2,2,2,2,2,2,2,2,2,2,2,2,2,2,2,2,2,2,2,2,2,2,2,2,1,1,1,1,0,0,0,0,0,0,,,,,,,,,,,,,,,,,,,,,,,,,,,,,,,,,,,,,,,,,,,,,,,,
11648,300,,11649,,0,0,0,0,0,0,0,0,0,0,0,0,0,0,0,3,3,4,4,4,4,4,4,3,3,3,3,3,3,3,3,3,3,3,3,3,3,3,3,2,2,1,1,1,1,0,0,0,0,,,,,,,,,,,,,,,,,,,,,,,,,,,,,,,,,,,,,,,,,,,,,,,,
11649,800,11378,11648,11367,1,0,0,0,0,0,0,0,0,0,0,0,0,0,0,3,3,4,4,4,4,3,3,3,3,3,3,3,3,3,3,3,3,3,3,3,3,3,3,2,2,1,1,1,1,0,0,0,0,,,,,,,,,,,,,,,,,,,,,,,,,,,,,,,,,,,,,,,,,,,,,,,,
11650,1600,tran_ea832e5a-513a-4d98-ba0d-452f0c56ebf6,11651,,0,0,0,0,0,0,0,0,0,0,0,0,0,1,1,9,9,10,10,10,10,9,9,9,9,8,8,8,8,9,9,9,9,9,9,9,9,9,9,4,4,3,3,2,2,1,1,1,1,,,,,,,,,,,,,,,,,,,,,,,,,,,,,,,,,,,,,,,,,,,,,,,,
11651,800,11395,11650,11393,1,0,0,0,0,0,0,0,0,0,0,0,0,1,1,8,8,9,9,8,8,8,8,7,7,7,7,7,7,8,8,8,8,8,8,8,8,8,8,4,4,2,2,1,1,1,1,1,1,,,,,,,,,,,,,,,,,,,,,,,,,,,,,,,,,,,,,,,,,,,,,,,,
11652,1600,11653,tran_ed8347db-c578-415c-bf17-d389aa96517c,11376,1,33,33,31,31,22,22,23,23,26,26,31,31,88,88,1055,1055,1119,1119,1058,1058,1080,1080,966,966,980,980,861,861,1008,1008,1021,1021,988,988,1080,1080,1096,1096,421,421,249,249,150,150,110,110,68,68,,,,,,,,,,,,,,,,,,,,,,,,,,,,,,,,,,,,,,,,,,,,,,,,
11653,1200,11654,11652,,0,0,0,0,0,0,0,0,0,0,0,0,0,1,1,9,9,10,10,10,10,9,9,9,9,8,8,8,8,9,9,9,9,9,9,9,9,9,9,4,4,3,3,2,2,1,1,1,1,,,,,,,,,,,,,,,,,,,,,,,,,,,,,,,,,,,,,,,,,,,,,,,,
11654,1200,11392,tran_82205a21-8956-4dc9-907b-167acf116e66,11655;11653,2,0,0,0,0,0,0,0,0,0,0,0,0,1,1,9,9,10,10,10,10,9,9,9,9,8,8,8,8,9,9,9,9,9,9,9,9,9,9,4,4,3,3,2,2,1,1,1,1,,,,,,,,,,,,,,,,,,,,,,,,,,,,,,,,,,,,,,,,,,,,,,,,
11655,1600,11654,11656,,0,0,0,0,0,0,0,0,0,0,0,0,0,1,1,8,8,9,9,8,8,8,8,7,7,7,7,7,7,8,8,8,8,8,8,8,8,8,8,4,4,2,2,1,1,1,1,1,1,,,,,,,,,,,,,,,,,,,,,,,,,,,,,,,,,,,,,,,,,,,,,,,,
11656,1100,11376,11655,11350,1,54,54,54,54,38,38,41,41,48,48,53,53,149,149,1126,1126,1279,1279,1185,1185,1176,1176,1064,1064,1030,1030,978,978,1073,1073,1075,1075,1072,1072,1157,1157,1124,1124,530,530,326,326,208,208,152,152,86,86,,,,,,,,,,,,,,,,,,,,,,,,,,,,,,,,,,,,,,,,,,,,,,,,
11657,1200,11658,11320,,0,0,0,0,0,0,0,0,0,0,0,0,0,1,1,5,5,5,5,5,5,5,5,4,4,4,4,4,4,4,4,4,4,4,4,5,5,5,5,2,2,1,1,1,1,1,1,0,0,,,,,,,,,,,,,,,,,,,,,,,,,,,,,,,,,,,,,,,,,,,,,,,,
11658,1600,11323,11657,11350,1,0,0,0,0,0,0,0,0,0,0,0,0,1,1,5,5,5,5,5,5,5,5,5,5,4,4,4,4,5,5,5,5,5,5,5,5,5,5,2,2,1,1,1,1,1,1,0,0,,,,,,,,,,,,,,,,,,,,,,,,,,,,,,,,,,,,,,,,,,,,,,,,
11659,2000,11325,11660,,0,54,54,54,54,38,38,41,41,48,48,53,53,149,149,1126,1126,1279,1279,1185,1185,1176,1176,1064,1064,1030,1030,978,978,1073,1073,1075,1075,1072,1072,1157,1157,1124,1124,530,530,326,326,208,208,152,152,86,86,,,,,,,,,,,,,,,,,,,,,,,,,,,,,,,,,,,,,,,,,,,,,,,,
11660,800,11659,11378,11323,1,0,0,0,0,0,0,0,0,0,0,0,0,1,1,9,9,10,10,9,9,9,9,8,8,8,8,8,8,8,8,8,8,8,8,9,9,9,9,4,4,3,3,2,2,1,1,1,1,,,,,,,,,,,,,,,,,,,,,,,,,,,,,,,,,,,,,,,,,,,,,,,,
11661,1200,11662,11641,,0,0,0,0,0,0,0,0,0,0,0,0,0,1,1,5,5,6,6,5,5,5,5,5,5,4,4,4,4,5,5,5,5,5,5,5,5,5,5,2,2,1,1,1,1,1,1,0,0,,,,,,,,,,,,,,,,,,,,,,,,,,,,,,,,,,,,,,,,,,,,,,,,
11662,300,11663,11322,11661,1,0,0,0,0,0,0,0,0,0,0,0,0,1,1,5,5,6,6,6,6,5,5,5,5,5,5,5,5,5,5,5,5,5,5,5,5,5,5,2,2,2,2,1,1,1,1,0,0,,,,,,,,,,,,,,,,,,,,,,,,,,,,,,,,,,,,,,,,,,,,,,,,
11663,1200,11664,11662,,0,0,0,0,0,0,0,0,0,0,0,0,0,1,1,6,6,7,7,6,6,6,6,5,5,5,5,5,5,6,6,6,6,6,6,6,6,6,6,3,3,2,2,1,1,1,1,0,0,,,,,,,,,,,,,,,,,,,,,,,,,,,,,,,,,,,,,,,,,,,,,,,,
11664,1200,11663,11665,11667,1,0,0,0,0,0,0,0,0,0,0,0,0,1,1,7,7,8,8,8,8,8,8,7,7,7,7,6,6,7,7,7,7,7,7,7,7,7,7,3,3,2,2,1,1,1,1,1,1,,,,,,,,,,,,,,,,,,,,,,,,,,,,,,,,,,,,,,,,,,,,,,,,
11665,1200,11666,11664,,0,0,0,0,0,0,0,0,0,0,0,0,0,1,1,6,6,7,7,7,7,7,7,6,6,6,6,6,6,6,6,6,6,6,6,7,7,6,6,3,3,2,2,1,1,1,1,0,0,,,,,,,,,,,,,,,,,,,,,,,,,,,,,,,,,,,,,,,,,,,,,,,,
11666,1200,11665,11354,11515,1,0,0,0,0,0,0,0,0,0,0,0,0,1,1,6,6,6,6,6,6,6,6,5,5,5,5,5,5,5,5,5,5,5,5,6,6,6,6,3,3,2,2,1,1,1,1,0,0,,,,,,,,,,,,,,,,,,,,,,,,,,,,,,,,,,,,,,,,,,,,,,,,
11667,2000,11664,11668,,0,54,54,54,54,38,38,41,41,48,48,53,53,149,149,1126,1126,1279,1279,1185,1185,1176,1176,1064,1064,1030,1030,978,978,1073,1073,1075,1075,1072,1072,1157,1157,1124,1124,530,530,326,326,208,208,152,152,86,86,,,,,,,,,,,,,,,,,,,,,,,,,,,,,,,,,,,,,,,,,,,,,,,,
11668,300,11322,11667,6289,1,0,0,0,0,0,0,0,0,0,0,0,0,1,1,7,7,8,8,8,8,8,8,7,7,7,7,6,6,7,7,7,7,7,7,8,8,7,7,3,3,2,2,1,1,1,1,1,1,,,,,,,,,,,,,,,,,,,,,,,,,,,,,,,,,,,,,,,,,,,,,,,,
11669,300,6370,11320,,0,0,0,0,0,0,0,0,0,0,0,0,0,0,0,4,4,4,4,4,4,4,4,4,4,4,4,3,3,4,4,4,4,4,4,4,4,4,4,2,2,1,1,1,1,0,0,0,0,,,,,,,,,,,,,,,,,,,,,,,,,,,,,,,,,,,,,,,,,,,,,,,,
11670,2500,11673,11821,,0,41,41,41,41,29,29,31,31,36,36,40,40,112,112,1099,1099,1236,1236,1190,1190,1171,1171,1071,1071,1014,1014,1009,1009,1037,1037,1073,1073,1074,1074,1141,1141,1076,1076,378,378,234,234,152,152,111,111,61,61,,,,,,,,,,,,,,,,,,,,,,,,,,,,,,,,,,,,,,,,,,,,,,,,
11671,1600,11672,9144,,0,0,0,0,0,0,0,0,0,0,0,0,0,1,1,7,7,8,8,8,8,8,8,7,7,7,7,7,7,7,7,7,7,7,7,8,8,7,7,2,2,1,1,1,1,1,1,0,0,,,,,,,,,,,,,,,,,,,,,,,,,,,,,,,,,,,,,,,,,,,,,,,,
11672,300,11498,11671,13271,1,0,0,0,0,0,0,0,0,0,0,0,0,0,0,1,1,1,1,1,1,1,1,1,1,1,1,1,1,1,1,1,1,1,1,1,1,1,1,0,0,0,0,0,0,0,0,0,0,,,,,,,,,,,,,,,,,,,,,,,,,,,,,,,,,,,,,,,,,,,,,,,,
11673,2500,11670,9157,8688,1,0,0,0,0,0,0,0,0,0,0,0,0,0,0,1138,1138,1201,1201,1284,1284,1257,1257,1168,1168,1084,1084,1145,1145,1051,1051,1179,1179,1173,1173,1211,1211,1091,1091,0,0,0,0,0,0,0,0,0,0,,,,,,,,,,,,,,,,,,,,,,,,,,,,,,,,,,,,,,,,,,,,,,,,
11674,1200,9163,11675,,0,0,0,0,0,0,0,0,0,0,0,0,0,1,1,7,7,8,8,8,8,8,8,7,7,7,7,7,7,7,7,7,7,7,7,8,8,7,7,2,2,1,1,1,1,1,1,0,0,,,,,,,,,,,,,,,,,,,,,,,,,,,,,,,,,,,,,,,,,,,,,,,,
11675,800,11676,11501,11674,1,0,0,0,0,0,0,0,0,0,0,0,0,0,0,4,4,4,4,4,4,4,4,4,4,4,4,4,4,4,4,4,4,4,4,4,4,4,4,1,1,1,1,1,1,0,0,0,0,,,,,,,,,,,,,,,,,,,,,,,,,,,,,,,,,,,,,,,,,,,,,,,,
11676,1600,11677,11675,,0,0,0,0,0,0,0,0,0,0,0,0,0,0,0,3,3,4,4,4,4,4,4,3,3,3,3,3,3,3,3,3,3,3,3,4,4,3,3,1,1,1,1,0,0,0,0,0,0,,,,,,,,,,,,,,,,,,,,,,,,,,,,,,,,,,,,,,,,,,,,,,,,
11677,800,11493,11676,11509,1,0,0,0,0,0,0,0,0,0,0,0,0,0,0,3,3,3,3,3,3,3,3,3,3,3,3,3,3,3,3,3,3,3,3,3,3,3,3,1,1,1,1,0,0,0,0,0,0,,,,,,,,,,,,,,,,,,,,,,,,,,,,,,,,,,,,,,,,,,,,,,,,
11678,1000,11484,11509,,0,41,41,41,41,29,29,31,31,36,36,40,40,112,112,1099,1099,1236,1236,1190,1190,1171,1171,1071,1071,1014,1014,1009,1009,1037,1037,1073,1073,1074,1074,1141,1141,1076,1076,378,378,234,234,152,152,111,111,61,61,,,,,,,,,,,,,,,,,,,,,,,,,,,,,,,,,,,,,,,,,,,,,,,,
11679,300,11681,11680,,0,0,0,0,0,0,0,0,0,0,0,0,0,1,1,6,6,6,6,6,6,6,6,5,5,5,5,5,5,5,5,6,6,6,6,6,6,6,6,2,2,1,1,1,1,1,1,0,0,,,,,,,,,,,,,,,,,,,,,,,,,,,,,,,,,,,,,,,,,,,,,,,,
11680,300,11679,11505,11501,1,0,0,0,0,0,0,0,0,0,0,0,0,1,1,6,6,6,6,6,6,6,6,5,5,5,5,5,5,5,5,5,5,5,5,6,6,5,5,2,2,1,1,1,1,1,1,0,0,,,,,,,,,,,,,,,,,,,,,,,,,,,,,,,,,,,,,,,,,,,,,,,,
11681,800,11679,9164,11682,1,0,0,0,0,0,0,0,0,0,0,0,0,0,0,909,909,1002,1002,931,931,835,835,881,881,812,812,829,829,868,868,957,957,982,982,1027,1027,964,964,0,0,0,0,0,0,0,0,0,0,,,,,,,,,,,,,,,,,,,,,,,,,,,,,,,,,,,,,,,,,,,,,,,,
11682,4400,11681,11683,,0,41,41,41,41,29,29,31,31,36,36,40,40,112,112,1099,1099,1236,1236,1190,1190,1171,1171,1071,1071,1014,1014,1009,1009,1037,1037,1073,1073,1074,1074,1141,1141,1076,1076,378,378,234,234,152,152,111,111,61,61,,,,,,,,,,,,,,,,,,,,,,,,,,,,,,,,,,,,,,,,,,,,,,,,
11683,800,11505,11682,11511,1,0,0,0,0,0,0,0,0,0,0,0,0,0,0,4,4,4,4,4,4,4,4,4,4,4,4,4,4,4,4,4,4,4,4,4,4,4,4,1,1,1,1,1,1,0,0,0,0,,,,,,,,,,,,,,,,,,,,,,,,,,,,,,,,,,,,,,,,,,,,,,,,
11684,300,,11685,,0,0,0,0,0,0,0,0,0,0,0,0,0,0,0,2,2,2,2,2,2,2,2,2,2,2,2,2,2,2,2,2,2,2,2,2,2,2,2,1,1,0,0,0,0,0,0,0,0,,,,,,,,,,,,,,,,,,,,,,,,,,,,,,,,,,,,,,,,,,,,,,,,
11685,300,11684,11500,11508,1,0,0,0,0,0,0,0,0,0,0,0,0,0,0,2,2,2,2,2,2,2,2,2,2,2,2,2,2,2,2,2,2,2,2,2,2,2,2,1,1,0,0,0,0,0,0,0,0,,,,,,,,,,,,,,,,,,,,,,,,,,,,,,,,,,,,,,,,,,,,,,,,
11686,300,11500,,,0,0,0,0,0,0,0,0,0,0,0,0,0,0,0,3,3,3,3,3,3,3,3,3,3,3,3,3,3,3,3,3,3,3,3,3,3,3,3,1,1,1,1,0,0,0,0,0,0,,,,,,,,,,,,,,,,,,,,,,,,,,,,,,,,,,,,,,,,,,,,,,,,
11687,300,11492,,,0,0,0,0,0,0,0,0,0,0,0,0,0,0,0,2,2,3,3,3,3,3,3,2,2,2,2,2,2,2,2,2,2,2,2,3,3,2,2,1,1,1,1,0,0,0,0,0,0,,,,,,,,,,,,,,,,,,,,,,,,,,,,,,,,,,,,,,,,,,,,,,,,
11688,4400,11492,11698,11690,1,41,41,41,41,29,29,31,31,36,36,40,40,112,112,1099,1099,1236,1236,1190,1190,1171,1171,1071,1071,1014,1014,1009,1009,1037,1037,1073,1073,1074,1074,1141,1141,1076,1076,378,378,234,234,152,152,111,111,61,61,,,,,,,,,,,,,,,,,,,,,,,,,,,,,,,,,,,,,,,,,,,,,,,,
11689,1200,11484,11690,11480,1,0,0,0,0,0,0,0,0,0,0,0,0,0,0,2,2,2,2,2,2,2,2,2,2,2,2,2,2,2,2,2,2,2,2,2,2,2,2,1,1,0,0,0,0,0,0,0,0,,,,,,,,,,,,,,,,,,,,,,,,,,,,,,,,,,,,,,,,,,,,,,,,
11690,300,11492,11688,11689,1,0,0,0,0,0,0,0,0,0,0,0,0,0,0,3,3,3,3,3,3,3,3,2,2,2,2,2,2,2,2,3,3,3,3,3,3,3,3,1,1,1,1,0,0,0,0,0,0,,,,,,,,,,,,,,,,,,,,,,,,,,,,,,,,,,,,,,,,,,,,,,,,
11691,2750,11702,11494,,0,59,59,60,60,42,42,45,45,53,53,58,58,161,161,1054,1054,1231,1231,1131,1131,1110,1110,1010,1010,957,957,939,939,1003,1003,1000,1000,1010,1010,1084,1084,1034,1034,528,528,329,329,215,215,157,157,85,85,,,,,,,,,,,,,,,,,,,,,,,,,,,,,,,,,,,,,,,,,,,,,,,,
11692,2500,8710,11693,11499,1,41,41,41,41,29,29,31,31,36,36,40,40,112,112,1099,1099,1236,1236,1190,1190,1171,1171,1071,1071,1014,1014,1009,1009,1037,1037,1073,1073,1074,1074,1141,1141,1076,1076,378,378,234,234,152,152,111,111,61,61,,,,,,,,,,,,,,,,,,,,,,,,,,,,,,,,,,,,,,,,,,,,,,,,
11693,3000,11692,11694,,0,41,41,41,41,29,29,31,31,36,36,40,40,112,112,1099,1099,1236,1236,1190,1190,1171,1171,1071,1071,1014,1014,1009,1009,1037,1037,1073,1073,1074,1074,1141,1141,1076,1076,378,378,234,234,152,152,111,111,61,61,,,,,,,,,,,,,,,,,,,,,,,,,,,,,,,,,,,,,,,,,,,,,,,,
11694,1200,11502,11693,11701,1,0,0,0,0,0,0,0,0,0,0,0,0,0,0,3,3,4,4,4,4,3,3,3,3,3,3,3,3,3,3,3,3,3,3,3,3,3,3,2,2,1,1,1,1,0,0,0,0,,,,,,,,,,,,,,,,,,,,,,,,,,,,,,,,,,,,,,,,,,,,,,,,
11695,4000,11696,11481,,0,67,67,70,70,49,49,53,53,62,62,67,67,186,186,910,910,1134,1134,1023,1023,977,977,900,900,812,812,861,861,864,864,851,851,886,886,939,939,854,854,524,524,336,336,227,227,165,165,84,84,,,,,,,,,,,,,,,,,,,,,,,,,,,,,,,,,,,,,,,,,,,,,,,,
11696,800,,11473,11695;11713,2,0,0,0,0,0,0,0,0,0,0,0,0,0,0,3,3,4,4,3,3,3,3,3,3,3,3,3,3,3,3,3,3,3,3,3,3,3,3,2,2,1,1,1,1,0,0,0,0,,,,,,,,,,,,,,,,,,,,,,,,,,,,,,,,,,,,,,,,,,,,,,,,
11697,1200,11698,,11481,1,0,0,0,0,0,0,0,0,0,0,0,0,0,0,4,4,4,4,4,4,4,4,3,3,3,3,3,3,3,3,3,3,3,3,4,4,3,3,1,1,1,1,0,0,0,0,0,0,,,,,,,,,,,,,,,,,,,,,,,,,,,,,,,,,,,,,,,,,,,,,,,,
11698,800,11688,11487,11697,1,0,0,0,0,0,0,0,0,0,0,0,0,0,0,4,4,4,4,4,4,4,4,4,4,3,3,3,3,3,3,4,4,4,4,4,4,4,4,1,1,1,1,0,0,0,0,0,0,,,,,,,,,,,,,,,,,,,,,,,,,,,,,,,,,,,,,,,,,,,,,,,,
11699,800,11500,11499,11700,1,0,0,0,0,0,0,0,0,0,0,0,0,0,0,3,3,4,4,4,4,3,3,3,3,3,3,3,3,3,3,3,3,3,3,3,3,3,3,1,1,1,1,0,0,0,0,0,0,,,,,,,,,,,,,,,,,,,,,,,,,,,,,,,,,,,,,,,,,,,,,,,,
117,4400,498,496,,0,50,50,52,52,37,37,40,40,46,46,50,50,140,140,967,967,1151,1151,1088,1088,1047,1047,967,967,880,880,932,932,911,911,933,933,958,958,1007,1007,913,913,393,393,252,252,170,170,124,124,63,63,,,,,,,,,,,,,,,,,,,,,,,,,,,,,,,,,,,,,,,,,,,,,,,,
11700,400,11699,11481,,0,0,0,0,0,0,0,0,0,0,0,0,0,0,0,4,4,4,4,4,4,4,4,4,4,3,3,4,4,4,4,4,4,4,4,4,4,4,4,1,1,1,1,1,1,0,0,0,0,,,,,,,,,,,,,,,,,,,,,,,,,,,,,,,,,,,,,,,,,,,,,,,,
11701,1200,,11702,11694,1,0,0,0,0,0,0,0,0,0,0,0,0,1,1,4,4,4,4,4,4,4,4,3,3,3,3,3,3,3,3,3,3,3,3,4,4,4,4,2,2,1,1,1,1,1,1,0,0,,,,,,,,,,,,,,,,,,,,,,,,,,,,,,,,,,,,,,,,,,,,,,,,
11702,2000,11691,11701,11496,1,59,59,60,60,42,42,45,45,53,53,58,58,161,161,1054,1054,1231,1231,1131,1131,1110,1110,1010,1010,957,957,939,939,1003,1003,1000,1000,1010,1010,1084,1084,1034,1034,528,528,329,329,215,215,157,157,85,85,,,,,,,,,,,,,,,,,,,,,,,,,,,,,,,,,,,,,,,,,,,,,,,,
11703,4400,11704,11494,,0,59,59,60,60,42,42,45,45,53,53,58,58,161,161,1054,1054,1231,1231,1131,1131,1110,1110,1010,1010,957,957,939,939,1003,1003,1000,1000,1010,1010,1084,1084,1034,1034,528,528,329,329,215,215,157,157,85,85,,,,,,,,,,,,,,,,,,,,,,,,,,,,,,,,,,,,,,,,,,,,,,,,
11704,2500,11497,11703,11705,1,59,59,60,60,42,42,45,45,53,53,58,58,161,161,1054,1054,1231,1231,1131,1131,1110,1110,1010,1010,957,957,939,939,1003,1003,1000,1000,1010,1010,1084,1084,1034,1034,528,528,329,329,215,215,157,157,85,85,,,,,,,,,,,,,,,,,,,,,,,,,,,,,,,,,,,,,,,,,,,,,,,,
11705,3500,11704,11706,,0,59,59,60,60,42,42,45,45,53,53,58,58,161,161,1054,1054,1231,1231,1131,1131,1110,1110,1010,1010,957,957,939,939,1003,1003,1000,1000,1010,1010,1084,1084,1034,1034,528,528,329,329,215,215,157,157,85,85,,,,,,,,,,,,,,,,,,,,,,,,,,,,,,,,,,,,,,,,,,,,,,,,
11706,3500,8712,8685,11705,1,59,59,60,60,42,42,45,45,53,53,58,58,161,161,1054,1054,1231,1231,1131,1131,1110,1110,1010,1010,957,957,939,939,1003,1003,1000,1000,1010,1010,1084,1084,1034,1034,528,528,329,329,215,215,157,157,85,85,,,,,,,,,,,,,,,,,,,,,,,,,,,,,,,,,,,,,,,,,,,,,,,,
11707,1100,11494,11708,,0,59,59,60,60,42,42,45,45,53,53,58,58,161,161,1054,1054,1231,1231,1131,1131,1110,1110,1010,1010,957,957,939,939,1003,1003,1000,1000,1010,1010,1084,1084,1034,1034,528,528,329,329,215,215,157,157,85,85,,,,,,,,,,,,,,,,,,,,,,,,,,,,,,,,,,,,,,,,,,,,,,,,
11708,550,11707,11490,11709;11497,2,59,59,60,60,42,42,45,45,53,53,58,58,161,161,1054,1054,1231,1231,1131,1131,1110,1110,1010,1010,957,957,939,939,1003,1003,1000,1000,1010,1010,1084,1084,1034,1034,528,528,329,329,215,215,157,157,85,85,,,,,,,,,,,,,,,,,,,,,,,,,,,,,,,,,,,,,,,,,,,,,,,,
11709,300,11710,11708,,0,0,0,0,0,0,0,0,0,0,0,0,0,1,1,4,4,4,4,4,4,4,4,3,3,3,3,3,3,3,3,3,3,3,3,4,4,4,4,2,2,1,1,1,1,1,1,0,0,,,,,,,,,,,,,,,,,,,,,,,,,,,,,,,,,,,,,,,,,,,,,,,,
11710,300,11488,11485,11709,1,0,0,0,0,0,0,0,0,0,0,0,0,1,1,3,3,4,4,4,4,4,4,3,3,3,3,3,3,3,3,3,3,3,3,4,4,3,3,2,2,1,1,1,1,0,0,0,0,,,,,,,,,,,,,,,,,,,,,,,,,,,,,,,,,,,,,,,,,,,,,,,,
11711,2500,11486,11712,,0,59,59,60,60,42,42,45,45,53,53,58,58,161,161,1054,1054,1231,1231,1131,1131,1110,1110,1010,1010,957,957,939,939,1003,1003,1000,1000,1010,1010,1084,1084,1034,1034,528,528,329,329,215,215,157,157,85,85,,,,,,,,,,,,,,,,,,,,,,,,,,,,,,,,,,,,,,,,,,,,,,,,
11712,300,11485,11711,11744,1,0,0,0,0,0,0,0,0,0,0,0,0,1,1,4,4,4,4,4,4,4,4,4,4,3,3,3,3,4,4,4,4,4,4,4,4,4,4,2,2,1,1,1,1,1,1,0,0,,,,,,,,,,,,,,,,,,,,,,,,,,,,,,,,,,,,,,,,,,,,,,,,
11713,4400,11696,,11714,1,59,59,60,60,42,42,45,45,53,53,58,58,161,161,1054,1054,1231,1231,1131,1131,1110,1110,1010,1010,957,957,939,939,1003,1003,1000,1000,1010,1010,1084,1084,1034,1034,528,528,329,329,215,215,157,157,85,85,,,,,,,,,,,,,,,,,,,,,,,,,,,,,,,,,,,,,,,,,,,,,,,,
11714,2000,11496,11491,11713,1,59,59,60,60,42,42,45,45,53,53,58,58,161,161,1054,1054,1231,1231,1131,1131,1110,1110,1010,1010,957,957,939,939,1003,1003,1000,1000,1010,1010,1084,1084,1034,1034,528,528,329,329,215,215,157,157,85,85,,,,,,,,,,,,,,,,,,,,,,,,,,,,,,,,,,,,,,,,,,,,,,,,
11715,3000,11716,8686,,0,59,59,60,60,42,42,45,45,53,53,58,58,161,161,1054,1054,1231,1231,1131,1131,1110,1110,1010,1010,957,957,939,939,1003,1003,1000,1000,1010,1010,1084,1084,1034,1034,528,528,329,329,215,215,157,157,85,85,,,,,,,,,,,,,,,,,,,,,,,,,,,,,,,,,,,,,,,,,,,,,,,,
11716,1200,11506,11720,11715,1,0,0,0,0,0,0,0,0,0,0,0,0,1,1,4,4,4,4,4,4,4,4,3,3,3,3,3,3,3,3,3,3,3,3,4,4,4,4,2,2,1,1,1,1,1,1,0,0,,,,,,,,,,,,,,,,,,,,,,,,,,,,,,,,,,,,,,,,,,,,,,,,
11717,4400,,11504,11718,1,59,59,60,60,42,42,45,45,53,53,58,58,161,161,1054,1054,1231,1231,1131,1131,1110,1110,1010,1010,957,957,939,939,1003,1003,1000,1000,1010,1010,1084,1084,1034,1034,528,528,329,329,215,215,157,157,85,85,,,,,,,,,,,,,,,,,,,,,,,,,,,,,,,,,,,,,,,,,,,,,,,,
11718,4400,tran_2f5c59d4-01c1-44b7-92de-0bb6a433e058,11719,11717,1,59,59,60,60,42,42,45,45,53,53,58,58,161,161,1054,1054,1231,1231,1131,1131,1110,1110,1010,1010,957,957,939,939,1003,1003,1000,1000,1010,1010,1084,1084,1034,1034,528,528,329,329,215,215,157,157,85,85,,,,,,,,,,,,,,,,,,,,,,,,,,,,,,,,,,,,,,,,,,,,,,,,
11719,2200,11718,tran_36fbf329-0497-4aa1-9d3c-13cfd0188c35,,0,59,59,60,60,42,42,45,45,53,53,58,58,161,161,1054,1054,1231,1231,1131,1131,1110,1110,1010,1010,957,957,939,939,1003,1003,1000,1000,1010,1010,1084,1084,1034,1034,528,528,329,329,215,215,157,157,85,85,,,,,,,,,,,,,,,,,,,,,,,,,,,,,,,,,,,,,,,,,,,,,,,,
11720,3500,11716,11721,,0,59,59,60,60,42,42,45,45,53,53,58,58,161,161,1054,1054,1231,1231,1131,1131,1110,1110,1010,1010,957,957,939,939,1003,1003,1000,1000,1010,1010,1084,1084,1034,1034,528,528,329,329,215,215,157,157,85,85,,,,,,,,,,,,,,,,,,,,,,,,,,,,,,,,,,,,,,,,,,,,,,,,
11721,300,11720,11495,11503,1,0,0,0,0,0,0,0,0,0,0,0,0,1,1,3,3,4,4,4,4,4,4,3,3,3,3,3,3,3,3,3,3,3,3,3,3,3,3,2,2,1,1,1,1,0,0,0,0,,,,,,,,,,,,,,,,,,,,,,,,,,,,,,,,,,,,,,,,,,,,,,,,
11722,800,11723,11478,,0,0,0,0,0,0,0,0,0,0,0,0,0,0,0,2,2,2,2,2,2,2,2,1,1,1,1,1,1,1,1,1,1,2,2,2,2,2,2,1,1,0,0,0,0,0,0,0,0,,,,,,,,,,,,,,,,,,,,,,,,,,,,,,,,,,,,,,,,,,,,,,,,
11723,800,11722,11483,11479,1,0,0,0,0,0,0,0,0,0,0,0,0,0,0,2,2,2,2,2,2,2,2,2,2,2,2,2,2,2,2,2,2,2,2,2,2,2,2,1,1,1,1,0,0,0,0,0,0,,,,,,,,,,,,,,,,,,,,,,,,,,,,,,,,,,,,,,,,,,,,,,,,
11724,300,11725,11836,,0,0,0,0,0,0,0,0,0,0,0,0,0,1,1,7,7,8,8,8,8,8,8,7,7,7,7,7,7,7,7,7,7,7,7,8,8,7,7,2,2,1,1,1,1,1,1,0,0,,,,,,,,,,,,,,,,,,,,,,,,,,,,,,,,,,,,,,,,,,,,,,,,
11725,500,11420,11470,11724,1,41,41,41,41,29,29,31,31,36,36,40,40,112,112,1099,1099,1236,1236,1190,1190,1171,1171,1071,1071,1014,1014,1009,1009,1037,1037,1073,1073,1074,1074,1141,1141,1076,1076,378,378,234,234,152,152,111,111,61,61,,,,,,,,,,,,,,,,,,,,,,,,,,,,,,,,,,,,,,,,,,,,,,,,
11726,2000,11542,11727,,0,41,41,41,41,29,29,31,31,36,36,40,40,112,112,1099,1099,1236,1236,1190,1190,1171,1171,1071,1071,1014,1014,1009,1009,1037,1037,1073,1073,1074,1074,1141,1141,1076,1076,378,378,234,234,152,152,111,111,61,61,,,,,,,,,,,,,,,,,,,,,,,,,,,,,,,,,,,,,,,,,,,,,,,,
11727,300,11425,11728,11726,1,0,0,0,0,0,0,0,0,0,0,0,0,0,0,4,4,5,5,5,5,4,4,4,4,4,4,4,4,4,4,4,4,4,4,4,4,4,4,1,1,1,1,1,1,0,0,0,0,,,,,,,,,,,,,,,,,,,,,,,,,,,,,,,,,,,,,,,,,,,,,,,,
11728,2500,11729,11727,,0,41,41,41,41,29,29,31,31,36,36,40,40,112,112,1099,1099,1236,1236,1190,1190,1171,1171,1071,1071,1014,1014,1009,1009,1037,1037,1073,1073,1074,1074,1141,1141,1076,1076,378,378,234,234,152,152,111,111,61,61,,,,,,,,,,,,,,,,,,,,,,,,,,,,,,,,,,,,,,,,,,,,,,,,
11729,300,11728,11438,11730,1,0,0,0,0,0,0,0,0,0,0,0,0,1,1,5,5,6,6,6,6,5,5,5,5,5,5,5,5,5,5,5,5,5,5,5,5,5,5,2,2,1,1,1,1,1,1,0,0,,,,,,,,,,,,,,,,,,,,,,,,,,,,,,,,,,,,,,,,,,,,,,,,
11730,1600,11731,11729,,0,0,0,0,0,0,0,0,0,0,0,0,0,0,0,4,4,4,4,4,4,4,4,3,3,3,3,3,3,3,3,3,3,3,3,4,4,3,3,1,1,1,1,0,0,0,0,0,0,,,,,,,,,,,,,,,,,,,,,,,,,,,,,,,,,,,,,,,,,,,,,,,,
11731,800,11448,11732,11730,1,0,0,0,0,0,0,0,0,0,0,0,0,1,1,6,6,7,7,6,6,6,6,6,6,5,5,5,5,6,6,6,6,6,6,6,6,6,6,2,2,1,1,1,1,1,1,0,0,,,,,,,,,,,,,,,,,,,,,,,,,,,,,,,,,,,,,,,,,,,,,,,,
11732,2500,11731,11733,,0,41,41,41,41,29,29,31,31,36,36,40,40,112,112,1099,1099,1236,1236,1190,1190,1171,1171,1071,1071,1014,1014,1009,1009,1037,1037,1073,1073,1074,1074,1141,1141,1076,1076,378,378,234,234,152,152,111,111,61,61,,,,,,,,,,,,,,,,,,,,,,,,,,,,,,,,,,,,,,,,,,,,,,,,
11733,800,11450,11541,11732,1,0,0,0,0,0,0,0,0,0,0,0,0,1,1,6,6,7,7,7,7,7,7,6,6,6,6,6,6,6,6,6,6,6,6,7,7,6,6,2,2,1,1,1,1,1,1,0,0,,,,,,,,,,,,,,,,,,,,,,,,,,,,,,,,,,,,,,,,,,,,,,,,
11734,550,11839,,11735,1,41,41,41,41,29,29,31,31,36,36,40,40,112,112,1099,1099,1236,1236,1190,1190,1171,1171,1071,1071,1014,1014,1009,1009,1037,1037,1073,1073,1074,1074,1141,1141,1076,1076,378,378,234,234,152,152,111,111,61,61,,,,,,,,,,,,,,,,,,,,,,,,,,,,,,,,,,,,,,,,,,,,,,,,
11735,300,11734,11445,11438,1,0,0,0,0,0,0,0,0,0,0,0,0,1,1,6,6,7,7,6,6,6,6,6,6,5,5,5,5,6,6,6,6,6,6,6,6,6,6,2,2,1,1,1,1,1,1,0,0,,,,,,,,,,,,,,,,,,,,,,,,,,,,,,,,,,,,,,,,,,,,,,,,
11736,1200,11458,11741,,0,0,0,0,0,0,0,0,0,0,0,0,0,1,1,3,3,4,4,4,4,4,4,3,3,3,3,3,3,3,3,3,3,3,3,4,4,3,3,2,2,1,1,1,1,0,0,0,0,,,,,,,,,,,,,,,,,,,,,,,,,,,,,,,,,,,,,,,,,,,,,,,,
11737,800,11489,11469,11738,1,0,0,0,0,0,0,0,0,0,0,0,0,0,0,2,2,2,2,2,2,2,2,2,2,1,1,1,1,2,2,2,2,2,2,2,2,2,2,1,1,1,1,0,0,0,0,0,0,,,,,,,,,,,,,,,,,,,,,,,,,,,,,,,,,,,,,,,,,,,,,,,,
11738,1200,11739,11737,,0,0,0,0,0,0,0,0,0,0,0,0,0,0,0,2,2,3,3,2,2,2,2,2,2,2,2,2,2,2,2,2,2,2,2,2,2,2,2,1,1,1,1,0,0,0,0,0,0,,,,,,,,,,,,,,,,,,,,,,,,,,,,,,,,,,,,,,,,,,,,,,,,
11739,400,11740,11473,11738,1,0,0,0,0,0,0,0,0,0,0,0,0,0,0,3,3,3,3,3,3,3,3,2,2,2,2,2,2,2,2,2,2,2,2,3,3,3,3,1,1,1,1,1,1,0,0,0,0,,,,,,,,,,,,,,,,,,,,,,,,,,,,,,,,,,,,,,,,,,,,,,,,
11740,300,,11741,11739,1,0,0,0,0,0,0,0,0,0,0,0,0,0,0,3,3,3,3,3,3,3,3,3,3,3,3,2,2,3,3,3,3,3,3,3,3,3,3,1,1,1,1,1,1,0,0,0,0,,,,,,,,,,,,,,,,,,,,,,,,,,,,,,,,,,,,,,,,,,,,,,,,
11741,300,,11742,11736;11740,2,0,0,0,0,0,0,0,0,0,0,0,0,0,0,3,3,3,3,3,3,3,3,3,3,3,3,3,3,3,3,3,3,3,3,3,3,3,3,1,1,1,1,1,1,0,0,0,0,,,,,,,,,,,,,,,,,,,,,,,,,,,,,,,,,,,,,,,,,,,,,,,,
11742,300,11741,11743,,0,0,0,0,0,0,0,0,0,0,0,0,0,0,0,2,2,3,3,2,2,2,2,2,2,2,2,2,2,2,2,2,2,2,2,2,2,2,2,1,1,1,1,0,0,0,0,0,0,,,,,,,,,,,,,,,,,,,,,,,,,,,,,,,,,,,,,,,,,,,,,,,,
11743,400,11742,11488,11464,1,0,0,0,0,0,0,0,0,0,0,0,0,0,0,1,1,2,2,1,1,1,1,1,1,1,1,1,1,1,1,1,1,1,1,1,1,1,1,1,1,0,0,0,0,0,0,0,0,,,,,,,,,,,,,,,,,,,,,,,,,,,,,,,,,,,,,,,,,,,,,,,,
11744,2000,11712,11745,,0,59,59,60,60,42,42,45,45,53,53,58,58,161,161,1054,1054,1231,1231,1131,1131,1110,1110,1010,1010,957,957,939,939,1003,1003,1000,1000,1010,1010,1084,1084,1034,1034,528,528,329,329,215,215,157,157,85,85,,,,,,,,,,,,,,,,,,,,,,,,,,,,,,,,,,,,,,,,,,,,,,,,
11745,1500,11746,11744,11772,1,59,59,60,60,42,42,45,45,53,53,58,58,161,161,1054,1054,1231,1231,1131,1131,1110,1110,1010,1010,957,957,939,939,1003,1003,1000,1000,1010,1010,1084,1084,1034,1034,528,528,329,329,215,215,157,157,85,85,,,,,,,,,,,,,,,,,,,,,,,,,,,,,,,,,,,,,,,,,,,,,,,,
11746,1600,11745,11747,,0,0,0,0,0,0,0,0,0,0,0,0,0,1,1,4,4,4,4,4,4,4,4,3,3,3,3,3,3,3,3,3,3,3,3,4,4,3,3,2,2,1,1,1,1,1,1,0,0,,,,,,,,,,,,,,,,,,,,,,,,,,,,,,,,,,,,,,,,,,,,,,,,
11747,400,11464,11746,11748,1,0,0,0,0,0,0,0,0,0,0,0,0,0,0,3,3,4,4,3,3,3,3,3,3,3,3,3,3,3,3,3,3,3,3,3,3,3,3,2,2,1,1,1,1,0,0,0,0,,,,,,,,,,,,,,,,,,,,,,,,,,,,,,,,,,,,,,,,,,,,,,,,
11748,1600,11749,11747,,0,0,0,0,0,0,0,0,0,0,0,0,0,0,0,2,2,3,3,2,2,2,2,2,2,2,2,2,2,2,2,2,2,2,2,2,2,2,2,1,1,1,1,0,0,0,0,0,0,,,,,,,,,,,,,,,,,,,,,,,,,,,,,,,,,,,,,,,,,,,,,,,,
11749,1200,11760,11748,11750,1,0,0,0,0,0,0,0,0,0,0,0,0,0,0,1,1,2,2,2,2,2,2,1,1,1,1,1,1,1,1,1,1,1,1,2,2,1,1,1,1,0,0,0,0,0,0,0,0,,,,,,,,,,,,,,,,,,,,,,,,,,,,,,,,,,,,,,,,,,,,,,,,
11750,1600,11749,11751,,0,0,0,0,0,0,0,0,0,0,0,0,0,0,0,1,1,1,1,1,1,1,1,1,1,1,1,1,1,1,1,1,1,1,1,1,1,1,1,0,0,0,0,0,0,0,0,0,0,,,,,,,,,,,,,,,,,,,,,,,,,,,,,,,,,,,,,,,,,,,,,,,,
11751,300,11439,11750,11752,1,0,0,0,0,0,0,0,0,0,0,0,0,0,0,1,1,1,1,1,1,1,1,1,1,1,1,1,1,1,1,1,1,1,1,1,1,1,1,0,0,0,0,0,0,0,0,0,0,,,,,,,,,,,,,,,,,,,,,,,,,,,,,,,,,,,,,,,,,,,,,,,,
11752,1600,11751,11753,,0,0,0,0,0,0,0,0,0,0,0,0,0,0,0,1,1,1,1,1,1,1,1,1,1,1,1,1,1,1,1,1,1,1,1,1,1,1,1,0,0,0,0,0,0,0,0,0,0,,,,,,,,,,,,,,,,,,,,,,,,,,,,,,,,,,,,,,,,,,,,,,,,
11753,1600,11433,11754,11752,1,0,0,0,0,0,0,0,0,0,0,0,0,0,0,1,1,1,1,1,1,1,1,1,1,1,1,0,0,1,1,1,1,1,1,1,1,1,1,0,0,0,0,0,0,0,0,0,0,,,,,,,,,,,,,,,,,,,,,,,,,,,,,,,,,,,,,,,,,,,,,,,,
11754,400,11755,11753,,0,0,0,0,0,0,0,0,0,0,0,0,0,0,0,1,1,1,1,1,1,1,1,1,1,1,1,1,1,1,1,1,1,1,1,1,1,1,1,0,0,0,0,0,0,0,0,0,0,,,,,,,,,,,,,,,,,,,,,,,,,,,,,,,,,,,,,,,,,,,,,,,,
11755,300,11754,11431,11756,1,0,0,0,0,0,0,0,0,0,0,0,0,0,0,1,1,1,1,1,1,1,1,1,1,1,1,1,1,1,1,1,1,1,1,1,1,1,1,0,0,0,0,0,0,0,0,0,0,,,,,,,,,,,,,,,,,,,,,,,,,,,,,,,,,,,,,,,,,,,,,,,,
11756,1200,11757,11755,,0,0,0,0,0,0,0,0,0,0,0,0,0,0,0,1,1,1,1,1,1,1,1,1,1,1,1,1,1,1,1,1,1,1,1,1,1,1,1,0,0,0,0,0,0,0,0,0,0,,,,,,,,,,,,,,,,,,,,,,,,,,,,,,,,,,,,,,,,,,,,,,,,
11757,300,11756,11428,11758,1,0,0,0,0,0,0,0,0,0,0,0,0,0,0,1,1,1,1,1,1,1,1,1,1,1,1,1,1,1,1,1,1,1,1,1,1,1,1,0,0,0,0,0,0,0,0,0,0,,,,,,,,,,,,,,,,,,,,,,,,,,,,,,,,,,,,,,,,,,,,,,,,
11758,1200,11757,11759,,0,0,0,0,0,0,0,0,0,0,0,0,0,0,0,1,1,2,2,1,1,1,1,1,1,1,1,1,1,1,1,1,1,1,1,1,1,1,1,1,1,0,0,0,0,0,0,0,0,,,,,,,,,,,,,,,,,,,,,,,,,,,,,,,,,,,,,,,,,,,,,,,,
11759,300,11418,11758,11482,1,0,0,0,0,0,0,0,0,0,0,0,0,0,0,2,2,2,2,2,2,2,2,2,2,1,1,1,1,2,2,2,2,2,2,2,2,2,2,1,1,1,1,0,0,0,0,0,0,,,,,,,,,,,,,,,,,,,,,,,,,,,,,,,,,,,,,,,,,,,,,,,,
11760,1200,11749,11761,,0,0,0,0,0,0,0,0,0,0,0,0,0,0,0,1,1,2,2,2,2,1,1,1,1,1,1,1,1,1,1,1,1,1,1,1,1,1,1,1,1,0,0,0,0,0,0,0,0,,,,,,,,,,,,,,,,,,,,,,,,,,,,,,,,,,,,,,,,,,,,,,,,
11761,300,11762,11760,11455,1,0,0,0,0,0,0,0,0,0,0,0,0,0,0,1,1,2,2,1,1,1,1,1,1,1,1,1,1,1,1,1,1,1,1,1,1,1,1,1,1,0,0,0,0,0,0,0,0,,,,,,,,,,,,,,,,,,,,,,,,,,,,,,,,,,,,,,,,,,,,,,,,
11762,300,11761,11763,,0,0,0,0,0,0,0,0,0,0,0,0,0,0,0,1,1,1,1,1,1,1,1,1,1,1,1,1,1,1,1,1,1,1,1,1,1,1,1,0,0,0,0,0,0,0,0,0,0,,,,,,,,,,,,,,,,,,,,,,,,,,,,,,,,,,,,,,,,,,,,,,,,
11763,300,11764,11439,11762,1,0,0,0,0,0,0,0,0,0,0,0,0,0,0,1,1,1,1,1,1,1,1,1,1,1,1,1,1,1,1,1,1,1,1,1,1,1,1,0,0,0,0,0,0,0,0,0,0,,,,,,,,,,,,,,,,,,,,,,,,,,,,,,,,,,,,,,,,,,,,,,,,
11764,300,11763,11765,,0,0,0,0,0,0,0,0,0,0,0,0,0,0,0,1,1,1,1,1,1,1,1,1,1,1,1,1,1,1,1,1,1,1,1,1,1,1,1,0,0,0,0,0,0,0,0,0,0,,,,,,,,,,,,,,,,,,,,,,,,,,,,,,,,,,,,,,,,,,,,,,,,
11765,300,11441,11764,11766,1,0,0,0,0,0,0,0,0,0,0,0,0,0,0,1,1,1,1,1,1,1,1,1,1,1,1,1,1,1,1,1,1,1,1,1,1,1,1,0,0,0,0,0,0,0,0,0,0,,,,,,,,,,,,,,,,,,,,,,,,,,,,,,,,,,,,,,,,,,,,,,,,
11766,300,11765,11767,,0,0,0,0,0,0,0,0,0,0,0,0,0,0,0,1,1,1,1,1,1,1,1,1,1,0,0,0,0,1,1,1,1,1,1,1,1,1,1,0,0,0,0,0,0,0,0,0,0,,,,,,,,,,,,,,,,,,,,,,,,,,,,,,,,,,,,,,,,,,,,,,,,
11767,300,11768,11431,11766,1,0,0,0,0,0,0,0,0,0,0,0,0,0,0,1,1,1,1,1,1,1,1,1,1,1,1,1,1,1,1,1,1,1,1,1,1,1,1,0,0,0,0,0,0,0,0,0,0,,,,,,,,,,,,,,,,,,,,,,,,,,,,,,,,,,,,,,,,,,,,,,,,
11768,300,11767,11769,,0,0,0,0,0,0,0,0,0,0,0,0,0,0,0,1,1,1,1,1,1,1,1,1,1,1,1,1,1,1,1,1,1,1,1,1,1,1,1,0,0,0,0,0,0,0,0,0,0,,,,,,,,,,,,,,,,,,,,,,,,,,,,,,,,,,,,,,,,,,,,,,,,
11769,300,11770,11428,11768,1,0,0,0,0,0,0,0,0,0,0,0,0,0,0,1,1,1,1,1,1,1,1,1,1,1,1,1,1,1,1,1,1,1,1,1,1,1,1,0,0,0,0,0,0,0,0,0,0,,,,,,,,,,,,,,,,,,,,,,,,,,,,,,,,,,,,,,,,,,,,,,,,
11770,300,11771,11769,,0,0,0,0,0,0,0,0,0,0,0,0,0,0,0,1,1,2,2,1,1,1,1,1,1,1,1,1,1,1,1,1,1,1,1,1,1,1,1,1,1,0,0,0,0,0,0,0,0,,,,,,,,,,,,,,,,,,,,,,,,,,,,,,,,,,,,,,,,,,,,,,,,
11771,400,11418,11446,11770,1,0,0,0,0,0,0,0,0,0,0,0,0,0,0,2,2,2,2,2,2,2,2,2,2,2,2,1,1,2,2,2,2,2,2,2,2,2,2,1,1,1,1,0,0,0,0,0,0,,,,,,,,,,,,,,,,,,,,,,,,,,,,,,,,,,,,,,,,,,,,,,,,
11772,2000,11773,11745,,0,59,59,60,60,42,42,45,45,53,53,58,58,161,161,1054,1054,1231,1231,1131,1131,1110,1110,1010,1010,957,957,939,939,1003,1003,1000,1000,1010,1010,1084,1084,1034,1034,528,528,329,329,215,215,157,157,85,85,,,,,,,,,,,,,,,,,,,,,,,,,,,,,,,,,,,,,,,,,,,,,,,,
11773,1200,11772,11479,11463,1,0,0,0,0,0,0,0,0,0,0,0,0,0,0,3,3,3,3,3,3,3,3,3,3,3,3,3,3,3,3,3,3,3,3,3,3,3,3,1,1,1,1,1,1,0,0,0,0,,,,,,,,,,,,,,,,,,,,,,,,,,,,,,,,,,,,,,,,,,,,,,,,
11774,800,11478,11775,,0,53,53,55,55,38,38,42,42,48,48,53,53,146,146,715,715,891,891,804,804,768,768,707,707,638,638,676,676,679,679,669,669,696,696,738,738,671,671,411,411,264,264,178,178,130,130,66,66,,,,,,,,,,,,,,,,,,,,,,,,,,,,,,,,,,,,,,,,,,,,,,,,
11775,800,11774,11475,11449;11463,2,33,33,31,31,22,22,23,23,26,26,31,31,88,88,1055,1055,1119,1119,1058,1058,1080,1080,966,966,980,980,861,861,1008,1008,1021,1021,988,988,1080,1080,1096,1096,421,421,249,249,150,150,110,110,68,68,,,,,,,,,,,,,,,,,,,,,,,,,,,,,,,,,,,,,,,,,,,,,,,,
11776,300,,11777,,0,0,0,0,0,0,0,0,0,0,0,0,0,0,0,0,0,0,0,0,0,0,0,0,0,0,0,0,0,0,0,0,0,0,0,0,0,0,0,0,0,0,0,0,0,0,0,0,0,,,,,,,,,,,,,,,,,,,,,,,,,,,,,,,,,,,,,,,,,,,,,,,,
11777,800,11776,11433,11421;11475,2,0,0,0,0,0,0,0,0,0,0,0,0,0,0,0,0,0,0,0,0,0,0,0,0,0,0,0,0,0,0,0,0,0,0,0,0,0,0,0,0,0,0,0,0,0,0,0,0,,,,,,,,,,,,,,,,,,,,,,,,,,,,,,,,,,,,,,,,,,,,,,,,
11778,4000,11779,11552,,0,42,42,39,39,28,28,29,29,34,34,39,39,112,112,1343,1343,1424,1424,1347,1347,1375,1375,1229,1229,1247,1247,1096,1096,1282,1282,1299,1299,1257,1257,1375,1375,1394,1394,536,536,316,316,190,190,140,140,87,87,,,,,,,,,,,,,,,,,,,,,,,,,,,,,,,,,,,,,,,,,,,,,,,,
11779,300,11426,11778,11551,1,0,0,0,0,0,0,0,0,0,0,0,0,0,0,1,1,1,1,1,1,1,1,1,1,1,1,1,1,1,1,1,1,1,1,1,1,1,1,0,0,0,0,0,0,0,0,0,0,,,,,,,,,,,,,,,,,,,,,,,,,,,,,,,,,,,,,,,,,,,,,,,,
11780,4400,11781,11504,,0,59,59,60,60,42,42,45,45,53,53,58,58,161,161,1054,1054,1231,1231,1131,1131,1110,1110,1010,1010,957,957,939,939,1003,1003,1000,1000,1010,1010,1084,1084,1034,1034,528,528,329,329,215,215,157,157,85,85,,,,,,,,,,,,,,,,,,,,,,,,,,,,,,,,,,,,,,,,,,,,,,,,
11781,3500,11551,11789,11780,1,59,59,60,60,42,42,45,45,53,53,58,58,161,161,1054,1054,1231,1231,1131,1131,1110,1110,1010,1010,957,957,939,939,1003,1003,1000,1000,1010,1010,1084,1084,1034,1034,528,528,329,329,215,215,157,157,85,85,,,,,,,,,,,,,,,,,,,,,,,,,,,,,,,,,,,,,,,,,,,,,,,,
11782,300,11783,tran_8cef6662-7dec-4f10-beb0-00da9f7c51aa,tran_c1c02e83-6944-4184-9373-b543ccbabb04,1,0,0,0,0,0,0,0,0,0,0,0,0,0,0,1,1,2,2,2,2,2,2,1,1,1,1,1,1,1,1,1,1,1,1,2,2,1,1,1,1,0,0,0,0,0,0,0,0,,,,,,,,,,,,,,,,,,,,,,,,,,,,,,,,,,,,,,,,,,,,,,,,
11783,300,11782,11784,,0,0,0,0,0,0,0,0,0,0,0,0,0,0,0,2,2,2,2,2,2,2,2,2,2,2,2,2,2,2,2,2,2,2,2,2,2,2,2,1,1,1,1,0,0,0,0,0,0,,,,,,,,,,,,,,,,,,,,,,,,,,,,,,,,,,,,,,,,,,,,,,,,
11784,300,11787,11783,11785,1,0,0,0,0,0,0,0,0,0,0,0,0,0,0,3,3,3,3,3,3,3,3,3,3,2,2,2,2,3,3,3,3,3,3,3,3,3,3,1,1,1,1,1,1,0,0,0,0,,,,,,,,,,,,,,,,,,,,,,,,,,,,,,,,,,,,,,,,,,,,,,,,
11785,300,11786,11784,,0,0,0,0,0,0,0,0,0,0,0,0,0,0,0,3,3,3,3,3,3,3,3,3,3,3,3,3,3,3,3,3,3,3,3,3,3,3,3,1,1,1,1,1,1,0,0,0,0,,,,,,,,,,,,,,,,,,,,,,,,,,,,,,,,,,,,,,,,,,,,,,,,
11786,300,11785,11468,11465,1,0,0,0,0,0,0,0,0,0,0,0,0,0,0,3,3,3,3,3,3,3,3,3,3,3,3,3,3,3,3,3,3,3,3,3,3,3,3,1,1,1,1,1,1,0,0,0,0,,,,,,,,,,,,,,,,,,,,,,,,,,,,,,,,,,,,,,,,,,,,,,,,
11787,300,11784,11788,,0,0,0,0,0,0,0,0,0,0,0,0,0,0,0,3,3,4,4,3,3,3,3,3,3,3,3,3,3,3,3,3,3,3,3,3,3,3,3,2,2,1,1,1,1,0,0,0,0,,,,,,,,,,,,,,,,,,,,,,,,,,,,,,,,,,,,,,,,,,,,,,,,
11788,300,11787,11477,11465,1,0,0,0,0,0,0,0,0,0,0,0,0,1,1,3,3,4,4,4,4,4,4,3,3,3,3,3,3,3,3,3,3,3,3,3,3,3,3,2,2,1,1,1,1,0,0,0,0,,,,,,,,,,,,,,,,,,,,,,,,,,,,,,,,,,,,,,,,,,,,,,,,
11789,300,11808,11781,,0,0,0,0,0,0,0,0,0,0,0,0,0,1,1,4,4,4,4,4,4,4,4,3,3,3,3,3,3,3,3,3,3,3,3,4,4,3,3,2,2,1,1,1,1,1,1,0,0,,,,,,,,,,,,,,,,,,,,,,,,,,,,,,,,,,,,,,,,,,,,,,,,
11790,1200,11459,11791,11807,1,0,0,0,0,0,0,0,0,0,0,0,0,0,0,2,2,3,3,2,2,2,2,2,2,2,2,2,2,2,2,2,2,2,2,2,2,2,2,1,1,1,1,0,0,0,0,0,0,,,,,,,,,,,,,,,,,,,,,,,,,,,,,,,,,,,,,,,,,,,,,,,,
11791,300,11790,11792,,0,0,0,0,0,0,0,0,0,0,0,0,0,0,0,2,2,3,3,2,2,2,2,2,2,2,2,2,2,2,2,2,2,2,2,2,2,2,2,1,1,1,1,0,0,0,0,0,0,,,,,,,,,,,,,,,,,,,,,,,,,,,,,,,,,,,,,,,,,,,,,,,,
11792,300,11452,11791,11793,1,0,0,0,0,0,0,0,0,0,0,0,0,0,0,2,2,3,3,2,2,2,2,2,2,2,2,2,2,2,2,2,2,2,2,2,2,2,2,1,1,1,1,0,0,0,0,0,0,,,,,,,,,,,,,,,,,,,,,,,,,,,,,,,,,,,,,,,,,,,,,,,,
11793,800,11794,11792,,0,0,0,0,0,0,0,0,0,0,0,0,0,0,0,3,3,3,3,3,3,3,3,3,3,2,2,2,2,3,3,3,3,3,3,3,3,3,3,1,1,1,1,1,1,0,0,0,0,,,,,,,,,,,,,,,,,,,,,,,,,,,,,,,,,,,,,,,,,,,,,,,,
11794,800,11793,11456,11795,1,0,0,0,0,0,0,0,0,0,0,0,0,0,0,3,3,3,3,3,3,3,3,3,3,3,3,3,3,3,3,3,3,3,3,3,3,3,3,1,1,1,1,1,1,0,0,0,0,,,,,,,,,,,,,,,,,,,,,,,,,,,,,,,,,,,,,,,,,,,,,,,,
11795,800,11794,11796,,0,0,0,0,0,0,0,0,0,0,0,0,0,0,0,3,3,3,3,3,3,3,3,2,2,2,2,2,2,2,2,2,2,2,2,3,3,2,2,1,1,1,1,1,1,0,0,0,0,,,,,,,,,,,,,,,,,,,,,,,,,,,,,,,,,,,,,,,,,,,,,,,,
11796,400,tran_d879ac76-a0b2-4957-a0bb-3b782268d777,11795,11797,1,0,0,0,0,0,0,0,0,0,0,0,0,0,0,2,2,3,3,3,3,2,2,2,2,2,2,2,2,2,2,2,2,2,2,2,2,2,2,1,1,1,1,0,0,0,0,0,0,,,,,,,,,,,,,,,,,,,,,,,,,,,,,,,,,,,,,,,,,,,,,,,,
11797,800,11798,11796,,0,0,0,0,0,0,0,0,0,0,0,0,0,1,1,3,3,4,4,4,4,4,4,3,3,3,3,3,3,3,3,3,3,3,3,4,4,3,3,2,2,1,1,1,1,0,0,0,0,,,,,,,,,,,,,,,,,,,,,,,,,,,,,,,,,,,,,,,,,,,,,,,,
11798,300,tran_090e8607-b8f1-4e30-a585-67989b3549c0,11797,11799,1,0,0,0,0,0,0,0,0,0,0,0,0,1,1,4,4,4,4,4,4,4,4,4,4,3,3,3,3,4,4,4,4,4,4,4,4,4,4,2,2,1,1,1,1,1,1,0,0,,,,,,,,,,,,,,,,,,,,,,,,,,,,,,,,,,,,,,,,,,,,,,,,
11799,300,,11800,11798,1,0,0,0,0,0,0,0,0,0,0,0,0,1,1,4,4,4,4,4,4,4,4,4,4,3,3,3,3,4,4,4,4,4,4,4,4,4,4,2,2,1,1,1,1,1,1,0,0,,,,,,,,,,,,,,,,,,,,,,,,,,,,,,,,,,,,,,,,,,,,,,,,
118,3000,114,482,,0,27,27,28,28,20,20,21,21,25,25,27,27,74,74,1049,1049,1182,1182,1170,1170,1126,1126,1056,1056,970,970,1022,1022,982,982,1052,1052,1066,1066,1112,1112,1010,1010,210,210,134,134,91,91,66,66,34,34,,,,,,,,,,,,,,,,,,,,,,,,,,,,,,,,,,,,,,,,,,,,,,,,
11800,1650,11803,tran_649bd22e-b90d-4f57-af0a-e14b8eaa43be,11799,1,59,59,60,60,42,42,45,45,53,53,58,58,161,161,1054,1054,1231,1231,1131,1131,1110,1110,1010,1010,957,957,939,939,1003,1003,1000,1000,1010,1010,1084,1084,1034,1034,528,528,329,329,215,215,157,157,85,85,,,,,,,,,,,,,,,,,,,,,,,,,,,,,,,,,,,,,,,,,,,,,,,,
11801,300,11806,tran_7d03bdb4-7c2c-4ccc-b48f-95b3860262c1,11805,1,0,0,0,0,0,0,0,0,0,0,0,0,1,1,3,3,4,4,4,4,4,4,3,3,3,3,3,3,3,3,3,3,3,3,4,4,3,3,2,2,1,1,1,1,1,1,0,0,,,,,,,,,,,,,,,,,,,,,,,,,,,,,,,,,,,,,,,,,,,,,,,,
11802,300,11423,11430,11806,1,0,0,0,0,0,0,0,0,0,0,0,0,0,0,3,3,4,4,4,4,3,3,3,3,3,3,3,3,3,3,3,3,3,3,3,3,3,3,2,2,1,1,1,1,0,0,0,0,,,,,,,,,,,,,,,,,,,,,,,,,,,,,,,,,,,,,,,,,,,,,,,,
11803,300,11800,11804,,0,0,0,0,0,0,0,0,0,0,0,0,0,1,1,4,4,4,4,4,4,4,4,4,4,3,3,3,3,4,4,4,4,4,4,4,4,4,4,2,2,1,1,1,1,1,1,0,0,,,,,,,,,,,,,,,,,,,,,,,,,,,,,,,,,,,,,,,,,,,,,,,,
11804,300,11442,11803,11805,1,0,0,0,0,0,0,0,0,0,0,0,0,1,1,4,4,4,4,4,4,4,4,3,3,3,3,3,3,3,3,3,3,3,3,4,4,4,4,2,2,1,1,1,1,1,1,0,0,,,,,,,,,,,,,,,,,,,,,,,,,,,,,,,,,,,,,,,,,,,,,,,,
11805,300,11804,11801,,0,0,0,0,0,0,0,0,0,0,0,0,0,1,1,4,4,4,4,4,4,4,4,3,3,3,3,3,3,3,3,3,3,3,3,4,4,3,3,2,2,1,1,1,1,1,1,0,0,,,,,,,,,,,,,,,,,,,,,,,,,,,,,,,,,,,,,,,,,,,,,,,,
11806,300,,11801,11802,1,0,0,0,0,0,0,0,0,0,0,0,0,1,1,3,3,4,4,4,4,4,4,3,3,3,3,3,3,3,3,3,3,3,3,3,3,3,3,2,2,1,1,1,1,0,0,0,0,,,,,,,,,,,,,,,,,,,,,,,,,,,,,,,,,,,,,,,,,,,,,,,,
11807,1200,11808,11790,,0,0,0,0,0,0,0,0,0,0,0,0,0,0,0,3,3,3,3,3,3,3,3,3,3,3,3,3,3,3,3,3,3,3,3,3,3,3,3,1,1,1,1,1,1,0,0,0,0,,,,,,,,,,,,,,,,,,,,,,,,,,,,,,,,,,,,,,,,,,,,,,,,
11808,300,11789,11477,11807,1,0,0,0,0,0,0,0,0,0,0,0,0,0,0,3,3,4,4,3,3,3,3,3,3,3,3,3,3,3,3,3,3,3,3,3,3,3,3,2,2,1,1,1,1,0,0,0,0,,,,,,,,,,,,,,,,,,,,,,,,,,,,,,,,,,,,,,,,,,,,,,,,
11809,800,13196,11810,,0,0,0,0,0,0,0,0,0,0,0,0,0,0,0,2,2,3,3,2,2,2,2,2,2,2,2,2,2,2,2,2,2,2,2,2,2,2,2,1,1,1,1,0,0,0,0,0,0,,,,,,,,,,,,,,,,,,,,,,,,,,,,,,,,,,,,,,,,,,,,,,,,
11810,800,11809,11471,11460,1,0,0,0,0,0,0,0,0,0,0,0,0,0,0,5,5,5,5,5,5,5,5,5,5,4,4,4,4,4,4,5,5,5,5,5,5,5,5,2,2,1,1,1,1,0,0,0,0,,,,,,,,,,,,,,,,,,,,,,,,,,,,,,,,,,,,,,,,,,,,,,,,
11811,4400,11812,11457,,0,41,41,41,41,29,29,31,31,36,36,40,40,112,112,1099,1099,1236,1236,1190,1190,1171,1171,1071,1071,1014,1014,1009,1009,1037,1037,1073,1073,1074,1074,1141,1141,1076,1076,378,378,234,234,152,152,111,111,61,61,,,,,,,,,,,,,,,,,,,,,,,,,,,,,,,,,,,,,,,,,,,,,,,,
11812,2500,,11460,11813;11811,2,41,41,41,41,29,29,31,31,36,36,40,40,112,112,1099,1099,1236,1236,1190,1190,1171,1171,1071,1071,1014,1014,1009,1009,1037,1037,1073,1073,1074,1074,1141,1141,1076,1076,378,378,234,234,152,152,111,111,61,61,,,,,,,,,,,,,,,,,,,,,,,,,,,,,,,,,,,,,,,,,,,,,,,,
11813,2500,11814,11812,,0,41,41,41,41,29,29,31,31,36,36,40,40,112,112,1099,1099,1236,1236,1190,1190,1171,1171,1071,1071,1014,1014,1009,1009,1037,1037,1073,1073,1074,1074,1141,1141,1076,1076,378,378,234,234,152,152,111,111,61,61,,,,,,,,,,,,,,,,,,,,,,,,,,,,,,,,,,,,,,,,,,,,,,,,
11814,300,11443,13178,11813,1,0,0,0,0,0,0,0,0,0,0,0,0,1,1,6,6,7,7,6,6,6,6,6,6,5,5,5,5,6,6,6,6,6,6,6,6,6,6,2,2,1,1,1,1,1,1,0,0,,,,,,,,,,,,,,,,,,,,,,,,,,,,,,,,,,,,,,,,,,,,,,,,
11815,1500,11457,11816,,0,41,41,41,41,29,29,31,31,36,36,40,40,112,112,1099,1099,1236,1236,1190,1190,1171,1171,1071,1071,1014,1014,1009,1009,1037,1037,1073,1073,1074,1074,1141,1141,1076,1076,378,378,234,234,152,152,111,111,61,61,,,,,,,,,,,,,,,,,,,,,,,,,,,,,,,,,,,,,,,,,,,,,,,,
11816,550,11815,11440,11447,1,41,41,41,41,29,29,31,31,36,36,40,40,112,112,1099,1099,1236,1236,1190,1190,1171,1171,1071,1071,1014,1014,1009,1009,1037,1037,1073,1073,1074,1074,1141,1141,1076,1076,378,378,234,234,152,152,111,111,61,61,,,,,,,,,,,,,,,,,,,,,,,,,,,,,,,,,,,,,,,,,,,,,,,,
11817,300,11818,11436,,0,0,0,0,0,0,0,0,0,0,0,0,0,1,1,6,6,7,7,6,6,6,6,6,6,5,5,6,6,6,6,6,6,6,6,6,6,6,6,2,2,1,1,1,1,1,1,0,0,,,,,,,,,,,,,,,,,,,,,,,,,,,,,,,,,,,,,,,,,,,,,,,,
11818,550,11817,11440,11437,1,41,41,41,41,29,29,31,31,36,36,40,40,112,112,1099,1099,1236,1236,1190,1190,1171,1171,1071,1071,1014,1014,1009,1009,1037,1037,1073,1073,1074,1074,1141,1141,1076,1076,378,378,234,234,152,152,111,111,61,61,,,,,,,,,,,,,,,,,,,,,,,,,,,,,,,,,,,,,,,,,,,,,,,,
11819,300,13701,11435,11427,1,0,0,0,0,0,0,0,0,0,0,0,0,0,0,2,2,3,3,2,2,2,2,2,2,2,2,2,2,2,2,2,2,2,2,2,2,2,2,1,1,1,1,0,0,0,0,0,0,,,,,,,,,,,,,,,,,,,,,,,,,,,,,,,,,,,,,,,,,,,,,,,,
11820,2500,11457,11821,11471,1,41,41,41,41,29,29,31,31,36,36,40,40,112,112,1099,1099,1236,1236,1190,1190,1171,1171,1071,1071,1014,1014,1009,1009,1037,1037,1073,1073,1074,1074,1141,1141,1076,1076,378,378,234,234,152,152,111,111,61,61,,,,,,,,,,,,,,,,,,,,,,,,,,,,,,,,,,,,,,,,,,,,,,,,
11821,800,11471,11670,11820,1,0,0,0,0,0,0,0,0,0,0,0,0,0,0,3,3,4,4,3,3,3,3,3,3,3,3,3,3,3,3,3,3,3,3,3,3,3,3,1,1,1,1,0,0,0,0,0,0,,,,,,,,,,,,,,,,,,,,,,,,,,,,,,,,,,,,,,,,,,,,,,,,
11822,800,11823,11481,,0,0,0,0,0,0,0,0,0,0,0,0,0,1,1,7,7,7,7,7,7,7,7,6,6,6,6,6,6,6,6,6,6,7,7,7,7,7,7,2,2,1,1,1,1,1,1,0,0,,,,,,,,,,,,,,,,,,,,,,,,,,,,,,,,,,,,,,,,,,,,,,,,
11823,1500,11824,11466,11822,1,41,41,41,41,29,29,31,31,36,36,40,40,112,112,1099,1099,1236,1236,1190,1190,1171,1171,1071,1071,1014,1014,1009,1009,1037,1037,1073,1073,1074,1074,1141,1141,1076,1076,378,378,234,234,152,152,111,111,61,61,,,,,,,,,,,,,,,,,,,,,,,,,,,,,,,,,,,,,,,,,,,,,,,,
11824,800,11825,11823,,0,0,0,0,0,0,0,0,0,0,0,0,0,0,0,2,2,3,3,3,3,3,3,2,2,2,2,2,2,2,2,2,2,2,2,3,3,2,2,1,1,1,1,0,0,0,0,0,0,,,,,,,,,,,,,,,,,,,,,,,,,,,,,,,,,,,,,,,,,,,,,,,,
11825,800,11826,11450,11824,1,0,0,0,0,0,0,0,0,0,0,0,0,0,0,2,2,2,2,2,2,2,2,2,2,2,2,2,2,2,2,2,2,2,2,2,2,2,2,1,1,0,0,0,0,0,0,0,0,,,,,,,,,,,,,,,,,,,,,,,,,,,,,,,,,,,,,,,,,,,,,,,,
11826,400,11827,11825,,0,0,0,0,0,0,0,0,0,0,0,0,0,0,0,3,3,3,3,3,3,3,3,2,2,2,2,2,2,2,2,3,3,3,3,3,3,3,3,1,1,1,1,0,0,0,0,0,0,,,,,,,,,,,,,,,,,,,,,,,,,,,,,,,,,,,,,,,,,,,,,,,,
11827,800,11830,11826,11828,1,0,0,0,0,0,0,0,0,0,0,0,0,0,0,3,3,4,4,4,4,4,4,3,3,3,3,3,3,3,3,3,3,3,3,4,4,3,3,1,1,1,1,0,0,0,0,0,0,,,,,,,,,,,,,,,,,,,,,,,,,,,,,,,,,,,,,,,,,,,,,,,,
11828,800,11827,11829,,0,0,0,0,0,0,0,0,0,0,0,0,0,0,0,5,5,5,5,5,5,5,5,4,4,4,4,4,4,4,4,4,4,4,4,5,5,4,4,1,1,1,1,1,1,0,0,0,0,,,,,,,,,,,,,,,,,,,,,,,,,,,,,,,,,,,,,,,,,,,,,,,,
11829,800,11448,11828,11444,1,0,0,0,0,0,0,0,0,0,0,0,0,0,0,4,4,5,5,5,5,4,4,4,4,4,4,4,4,4,4,4,4,4,4,4,4,4,4,1,1,1,1,1,1,0,0,0,0,,,,,,,,,,,,,,,,,,,,,,,,,,,,,,,,,,,,,,,,,,,,,,,,
11830,800,11831,11827,,0,0,0,0,0,0,0,0,0,0,0,0,0,0,0,4,4,5,5,5,5,5,5,4,4,4,4,4,4,4,4,4,4,4,4,5,5,4,4,1,1,1,1,1,1,0,0,0,0,,,,,,,,,,,,,,,,,,,,,,,,,,,,,,,,,,,,,,,,,,,,,,,,
11831,1200,11832,11830,11444,1,0,0,0,0,0,0,0,0,0,0,0,0,0,0,4,4,4,4,4,4,4,4,4,4,3,3,3,3,4,4,4,4,4,4,4,4,4,4,1,1,1,1,1,1,0,0,0,0,,,,,,,,,,,,,,,,,,,,,,,,,,,,,,,,,,,,,,,,,,,,,,,,
11832,1200,11833,11831,,0,0,0,0,0,0,0,0,0,0,0,0,0,0,0,3,3,4,4,3,3,3,3,3,3,3,3,3,3,3,3,3,3,3,3,3,3,3,3,1,1,1,1,0,0,0,0,0,0,,,,,,,,,,,,,,,,,,,,,,,,,,,,,,,,,,,,,,,,,,,,,,,,
11833,1200,11434,11835,11832,1,0,0,0,0,0,0,0,0,0,0,0,0,0,0,3,3,3,3,3,3,3,3,3,3,2,2,2,2,2,2,3,3,3,3,3,3,3,3,1,1,1,1,0,0,0,0,0,0,,,,,,,,,,,,,,,,,,,,,,,,,,,,,,,,,,,,,,,,,,,,,,,,
11834,800,11432,11434,,0,0,0,0,0,0,0,0,0,0,0,0,0,0,0,3,3,3,3,3,3,3,3,3,3,2,2,2,2,3,3,3,3,3,3,3,3,3,3,1,1,1,1,0,0,0,0,0,0,,,,,,,,,,,,,,,,,,,,,,,,,,,,,,,,,,,,,,,,,,,,,,,,
11835,800,11833,11836,,0,0,0,0,0,0,0,0,0,0,0,0,0,0,0,5,5,5,5,5,5,5,5,5,5,4,4,4,4,5,5,5,5,5,5,5,5,5,5,2,2,1,1,1,1,0,0,0,0,,,,,,,,,,,,,,,,,,,,,,,,,,,,,,,,,,,,,,,,,,,,,,,,
11836,300,,11425,11724;11835,2,0,0,0,0,0,0,0,0,0,0,0,0,1,1,7,7,8,8,8,8,8,8,7,7,7,7,7,7,7,7,7,7,7,7,7,7,7,7,2,2,1,1,1,1,1,1,0,0,,,,,,,,,,,,,,,,,,,,,,,,,,,,,,,,,,,,,,,,,,,,,,,,
11837,4400,11540,11839,,0,41,41,41,41,29,29,31,31,36,36,40,40,112,112,1099,1099,1236,1236,1190,1190,1171,1171,1071,1071,1014,1014,1009,1009,1037,1037,1073,1073,1074,1074,1141,1141,1076,1076,378,378,234,234,152,152,111,111,61,61,,,,,,,,,,,,,,,,,,,,,,,,,,,,,,,,,,,,,,,,,,,,,,,,
11838,4400,11839,11474,,0,41,41,41,41,29,29,31,31,36,36,40,40,112,112,1099,1099,1236,1236,1190,1190,1171,1171,1071,1071,1014,1014,1009,1009,1037,1037,1073,1073,1074,1074,1141,1141,1076,1076,378,378,234,234,152,152,111,111,61,61,,,,,,,,,,,,,,,,,,,,,,,,,,,,,,,,,,,,,,,,,,,,,,,,
11839,3850,11837,11838,11734;11445,2,41,41,41,41,29,29,31,31,36,36,40,40,112,112,1099,1099,1236,1236,1190,1190,1171,1171,1071,1071,1014,1014,1009,1009,1037,1037,1073,1073,1074,1074,1141,1141,1076,1076,378,378,234,234,152,152,111,111,61,61,,,,,,,,,,,,,,,,,,,,,,,,,,,,,,,,,,,,,,,,,,,,,,,,
11840,4400,16619,11841,,0,67,67,70,70,49,49,53,53,62,62,67,67,186,186,910,910,1134,1134,1023,1023,977,977,900,900,812,812,861,861,864,864,851,851,886,886,939,939,854,854,524,524,336,336,227,227,165,165,84,84,,,,,,,,,,,,,,,,,,,,,,,,,,,,,,,,,,,,,,,,,,,,,,,,
11841,4400,11844,16618,11840;12209,2,43,43,45,45,31,31,34,34,39,39,43,43,118,118,993,993,1158,1158,1118,1118,1079,1079,997,997,911,911,964,964,932,932,970,970,990,990,1038,1038,940,940,333,333,214,214,144,144,105,105,53,53,,,,,,,,,,,,,,,,,,,,,,,,,,,,,,,,,,,,,,,,,,,,,,,,
11842,4400,12210,4386,,0,67,67,70,70,49,49,53,53,62,62,67,67,186,186,910,910,1134,1134,1023,1023,977,977,900,900,812,812,861,861,864,864,851,851,886,886,939,939,854,854,524,524,336,336,227,227,165,165,84,84,,,,,,,,,,,,,,,,,,,,,,,,,,,,,,,,,,,,,,,,,,,,,,,,
11843,2500,12226,12043,,0,62,62,64,64,45,45,48,48,56,56,61,61,171,171,997,997,1192,1192,1088,1088,1057,1057,966,966,899,899,908,908,948,948,941,941,960,960,1026,1026,962,962,526,526,332,332,220,220,160,160,85,85,,,,,,,,,,,,,,,,,,,,,,,,,,,,,,,,,,,,,,,,,,,,,,,,
11844,3850,11841,12043,,0,62,62,64,64,45,45,48,48,56,56,61,61,171,171,997,997,1192,1192,1088,1088,1057,1057,966,966,899,899,908,908,948,948,941,941,960,960,1026,1026,962,962,526,526,332,332,220,220,160,160,85,85,,,,,,,,,,,,,,,,,,,,,,,,,,,,,,,,,,,,,,,,,,,,,,,,
11845,2500,11846,12237,,0,62,62,64,64,45,45,48,48,56,56,61,61,171,171,997,997,1192,1192,1088,1088,1057,1057,966,966,899,899,908,908,948,948,941,941,960,960,1026,1026,962,962,526,526,332,332,220,220,160,160,85,85,,,,,,,,,,,,,,,,,,,,,,,,,,,,,,,,,,,,,,,,,,,,,,,,
11846,4000,12039,11845,12042;11848,2,62,62,64,64,45,45,48,48,56,56,61,61,171,171,997,997,1192,1192,1088,1088,1057,1057,966,966,899,899,908,908,948,948,941,941,960,960,1026,1026,962,962,526,526,332,332,220,220,160,160,85,85,,,,,,,,,,,,,,,,,,,,,,,,,,,,,,,,,,,,,,,,,,,,,,,,
11847,1200,12041,,,0,1,1,1,1,0,0,0,0,0,0,1,1,1,1,8,8,10,10,9,9,9,9,8,8,7,7,7,7,8,8,8,8,8,8,8,8,8,8,4,4,3,3,2,2,1,1,1,1,,,,,,,,,,,,,,,,,,,,,,,,,,,,,,,,,,,,,,,,,,,,,,,,
11848,4400,12271,11846,,0,62,62,64,64,45,45,48,48,56,56,61,61,171,171,997,997,1192,1192,1088,1088,1057,1057,966,966,899,899,908,908,948,948,941,941,960,960,1026,1026,962,962,526,526,332,332,220,220,160,160,85,85,,,,,,,,,,,,,,,,,,,,,,,,,,,,,,,,,,,,,,,,,,,,,,,,
11849,3000,,4623,,0,54,54,54,54,38,38,41,41,48,48,53,53,149,149,1126,1126,1279,1279,1185,1185,1176,1176,1064,1064,1030,1030,978,978,1073,1073,1075,1075,1072,1072,1157,1157,1124,1124,530,530,326,326,208,208,152,152,86,86,,,,,,,,,,,,,,,,,,,,,,,,,,,,,,,,,,,,,,,,,,,,,,,,
11850,4400,12348,12217,12271;11851,2,56,56,57,57,40,40,43,43,50,50,55,55,154,154,1096,1096,1258,1258,1162,1162,1148,1148,1041,1041,998,998,962,962,1043,1043,1043,1043,1045,1045,1126,1126,1085,1085,529,529,327,327,211,211,154,154,85,85,,,,,,,,,,,,,,,,,,,,,,,,,,,,,,,,,,,,,,,,,,,,,,,,
11851,4400,11855,11850,,0,56,56,57,57,40,40,43,43,50,50,55,55,154,154,1096,1096,1258,1258,1162,1162,1148,1148,1041,1041,998,998,962,962,1043,1043,1043,1043,1045,1045,1126,1126,1085,1085,529,529,327,327,211,211,154,154,85,85,,,,,,,,,,,,,,,,,,,,,,,,,,,,,,,,,,,,,,,,,,,,,,,,
11852,2000,12216,11855,,0,56,56,57,57,40,40,43,43,50,50,55,55,154,154,1096,1096,1258,1258,1162,1162,1148,1148,1041,1041,998,998,962,962,1043,1043,1043,1043,1045,1045,1126,1126,1085,1085,529,529,327,327,211,211,154,154,85,85,,,,,,,,,,,,,,,,,,,,,,,,,,,,,,,,,,,,,,,,,,,,,,,,
11853,4400,12212,12218,,0,56,56,57,57,40,40,43,43,50,50,55,55,154,154,1096,1096,1258,1258,1162,1162,1148,1148,1041,1041,998,998,962,962,1043,1043,1043,1043,1045,1045,1126,1126,1085,1085,529,529,327,327,211,211,154,154,85,85,,,,,,,,,,,,,,,,,,,,,,,,,,,,,,,,,,,,,,,,,,,,,,,,
11854,3500,11864,4409,12211;4198,2,52,52,54,54,38,38,41,41,48,48,52,52,145,145,961,961,1149,1149,1081,1081,1039,1039,960,960,872,872,924,924,906,906,924,924,950,950,999,999,907,907,408,408,261,261,177,177,128,128,65,65,,,,,,,,,,,,,,,,,,,,,,,,,,,,,,,,,,,,,,,,,,,,,,,,
11855,2500,11852,11858,11851;11898,2,56,56,57,57,40,40,43,43,50,50,55,55,154,154,1096,1096,1258,1258,1162,1162,1148,1148,1041,1041,998,998,962,962,1043,1043,1043,1043,1045,1045,1126,1126,1085,1085,529,529,327,327,211,211,154,154,85,85,,,,,,,,,,,,,,,,,,,,,,,,,,,,,,,,,,,,,,,,,,,,,,,,
11856,1500,11860,12218,,0,56,56,57,57,40,40,43,43,50,50,55,55,154,154,1096,1096,1258,1258,1162,1162,1148,1148,1041,1041,998,998,962,962,1043,1043,1043,1043,1045,1045,1126,1126,1085,1085,529,529,327,327,211,211,154,154,85,85,,,,,,,,,,,,,,,,,,,,,,,,,,,,,,,,,,,,,,,,,,,,,,,,
11857,400,12178,,,0,0,0,0,0,0,0,0,0,0,0,0,0,0,0,2,2,2,2,2,2,2,2,2,2,2,2,2,2,2,2,2,2,2,2,2,2,2,2,1,1,0,0,0,0,0,0,0,0,,,,,,,,,,,,,,,,,,,,,,,,,,,,,,,,,,,,,,,,,,,,,,,,
11858,2000,11860,11855,,0,56,56,57,57,40,40,43,43,50,50,55,55,154,154,1096,1096,1258,1258,1162,1162,1148,1148,1041,1041,998,998,962,962,1043,1043,1043,1043,1045,1045,1126,1126,1085,1085,529,529,327,327,211,211,154,154,85,85,,,,,,,,,,,,,,,,,,,,,,,,,,,,,,,,,,,,,,,,,,,,,,,,
11859,300,,12180,,0,0,0,0,0,0,0,0,0,0,0,0,0,0,0,2,2,2,2,2,2,2,2,2,2,2,2,2,2,2,2,2,2,2,2,2,2,2,2,1,1,0,0,0,0,0,0,0,0,,,,,,,,,,,,,,,,,,,,,,,,,,,,,,,,,,,,,,,,,,,,,,,,
11860,2500,11875,11856,11858;11869,2,56,56,57,57,40,40,43,43,50,50,55,55,154,154,1096,1096,1258,1258,1162,1162,1148,1148,1041,1041,998,998,962,962,1043,1043,1043,1043,1045,1045,1126,1126,1085,1085,529,529,327,327,211,211,154,154,85,85,,,,,,,,,,,,,,,,,,,,,,,,,,,,,,,,,,,,,,,,,,,,,,,,
11861,2000,12348,12216,,0,56,56,57,57,40,40,43,43,50,50,55,55,154,154,1096,1096,1258,1258,1162,1162,1148,1148,1041,1041,998,998,962,962,1043,1043,1043,1043,1045,1045,1126,1126,1085,1085,529,529,327,327,211,211,154,154,85,85,,,,,,,,,,,,,,,,,,,,,,,,,,,,,,,,,,,,,,,,,,,,,,,,
11862,1600,11866,12147,,0,0,0,0,0,0,0,0,0,0,0,0,0,0,0,1,1,1,1,1,1,1,1,1,1,1,1,1,1,1,1,1,1,1,1,1,1,1,1,0,0,0,0,0,0,0,0,0,0,,,,,,,,,,,,,,,,,,,,,,,,,,,,,,,,,,,,,,,,,,,,,,,,
11863,2000,12212,12214,,0,56,56,57,57,40,40,43,43,50,50,55,55,154,154,1096,1096,1258,1258,1162,1162,1148,1148,1041,1041,998,998,962,962,1043,1043,1043,1043,1045,1045,1126,1126,1085,1085,529,529,327,327,211,211,154,154,85,85,,,,,,,,,,,,,,,,,,,,,,,,,,,,,,,,,,,,,,,,,,,,,,,,
11864,2500,11854,11871,,0,56,56,57,57,40,40,43,43,50,50,55,55,154,154,1096,1096,1258,1258,1162,1162,1148,1148,1041,1041,998,998,962,962,1043,1043,1043,1043,1045,1045,1126,1126,1085,1085,529,529,327,327,211,211,154,154,85,85,,,,,,,,,,,,,,,,,,,,,,,,,,,,,,,,,,,,,,,,,,,,,,,,
11865,1200,,12174,,0,0,0,0,0,0,0,0,0,0,0,0,0,0,0,2,2,2,2,2,2,2,2,2,2,2,2,2,2,2,2,2,2,2,2,2,2,2,2,1,1,0,0,0,0,0,0,0,0,,,,,,,,,,,,,,,,,,,,,,,,,,,,,,,,,,,,,,,,,,,,,,,,
11866,800,11888,11862,12143;12107,2,0,0,0,0,0,0,0,0,0,0,0,0,0,0,1,1,1,1,1,1,1,1,1,1,1,1,1,1,1,1,1,1,1,1,1,1,1,1,1,1,0,0,0,0,0,0,0,0,,,,,,,,,,,,,,,,,,,,,,,,,,,,,,,,,,,,,,,,,,,,,,,,
11867,2500,12214,11871,,0,56,56,57,57,40,40,43,43,50,50,55,55,154,154,1096,1096,1258,1258,1162,1162,1148,1148,1041,1041,998,998,962,962,1043,1043,1043,1043,1045,1045,1126,1126,1085,1085,529,529,327,327,211,211,154,154,85,85,,,,,,,,,,,,,,,,,,,,,,,,,,,,,,,,,,,,,,,,,,,,,,,,
11868,4400,,12180,,0,54,54,54,54,38,38,41,41,48,48,53,53,149,149,1126,1126,1279,1279,1185,1185,1176,1176,1064,1064,1030,1030,978,978,1073,1073,1075,1075,1072,1072,1157,1157,1124,1124,530,530,326,326,208,208,152,152,86,86,,,,,,,,,,,,,,,,,,,,,,,,,,,,,,,,,,,,,,,,,,,,,,,,
11869,1600,11860,11872,,0,0,0,0,0,0,0,0,0,0,0,0,0,0,0,1,1,1,1,1,1,1,1,1,1,1,1,1,1,1,1,1,1,1,1,1,1,1,1,1,1,0,0,0,0,0,0,0,0,,,,,,,,,,,,,,,,,,,,,,,,,,,,,,,,,,,,,,,,,,,,,,,,
11870,300,12114,12108,,0,0,0,0,0,0,0,0,0,0,0,0,0,0,0,3,3,3,3,3,3,3,3,3,3,3,3,3,3,3,3,3,3,3,3,3,3,3,3,1,1,1,1,1,1,0,0,0,0,,,,,,,,,,,,,,,,,,,,,,,,,,,,,,,,,,,,,,,,,,,,,,,,
11871,2500,11867,4209,11864;11887,2,56,56,57,57,40,40,43,43,50,50,55,55,154,154,1096,1096,1258,1258,1162,1162,1148,1148,1041,1041,998,998,962,962,1043,1043,1043,1043,1045,1045,1126,1126,1085,1085,529,529,327,327,211,211,154,154,85,85,,,,,,,,,,,,,,,,,,,,,,,,,,,,,,,,,,,,,,,,,,,,,,,,
11872,2500,11893,11869,12213;11885,2,56,56,57,57,40,40,43,43,50,50,55,55,154,154,1096,1096,1258,1258,1162,1162,1148,1148,1041,1041,998,998,962,962,1043,1043,1043,1043,1045,1045,1126,1126,1085,1085,529,529,327,327,211,211,154,154,85,85,,,,,,,,,,,,,,,,,,,,,,,,,,,,,,,,,,,,,,,,,,,,,,,,
11873,800,12156,,,0,0,0,0,0,0,0,0,0,0,0,0,0,0,0,4,4,4,4,4,4,4,4,3,3,3,3,3,3,3,3,3,3,3,3,4,4,4,4,1,1,1,1,0,0,0,0,0,0,,,,,,,,,,,,,,,,,,,,,,,,,,,,,,,,,,,,,,,,,,,,,,,,
11874,1200,12182,12178,,0,0,0,0,0,0,0,0,0,0,0,0,0,0,0,1,1,1,1,1,1,1,1,1,1,1,1,1,1,1,1,1,1,1,1,1,1,1,1,1,1,0,0,0,0,0,0,0,0,,,,,,,,,,,,,,,,,,,,,,,,,,,,,,,,,,,,,,,,,,,,,,,,
11875,1200,12096,11860,,0,0,0,0,0,0,0,0,0,0,0,0,0,0,0,2,2,2,2,2,2,2,2,2,2,2,2,2,2,2,2,2,2,2,2,2,2,2,2,1,1,1,1,0,0,0,0,0,0,,,,,,,,,,,,,,,,,,,,,,,,,,,,,,,,,,,,,,,,,,,,,,,,
11876,300,,11878,,0,0,0,0,0,0,0,0,0,0,0,0,0,0,0,1,1,1,1,1,1,1,1,1,1,1,1,1,1,1,1,1,1,1,1,1,1,1,1,0,0,0,0,0,0,0,0,0,0,,,,,,,,,,,,,,,,,,,,,,,,,,,,,,,,,,,,,,,,,,,,,,,,
11877,800,12112,12106,,0,0,0,0,0,0,0,0,0,0,0,0,0,0,0,3,3,3,3,3,3,3,3,3,3,3,3,3,3,3,3,3,3,3,3,3,3,3,3,1,1,1,1,1,1,0,0,0,0,,,,,,,,,,,,,,,,,,,,,,,,,,,,,,,,,,,,,,,,,,,,,,,,
11878,1200,11876,12208,,0,0,0,0,0,0,0,0,0,0,0,0,0,0,0,1,1,1,1,1,1,1,1,1,1,1,1,1,1,1,1,1,1,1,1,1,1,1,1,0,0,0,0,0,0,0,0,0,0,,,,,,,,,,,,,,,,,,,,,,,,,,,,,,,,,,,,,,,,,,,,,,,,
11879,800,,12138,,0,0,0,0,0,0,0,0,0,0,0,0,0,0,0,1,1,1,1,1,1,1,1,1,1,1,1,1,1,1,1,1,1,1,1,1,1,1,1,0,0,0,0,0,0,0,0,0,0,,,,,,,,,,,,,,,,,,,,,,,,,,,,,,,,,,,,,,,,,,,,,,,,
11880,1600,12114,12144,,0,0,0,0,0,0,0,0,0,0,0,0,0,0,0,2,2,3,3,2,2,2,2,2,2,2,2,2,2,2,2,2,2,2,2,2,2,2,2,1,1,1,1,0,0,0,0,0,0,,,,,,,,,,,,,,,,,,,,,,,,,,,,,,,,,,,,,,,,,,,,,,,,
11881,800,12104,12110,,0,0,0,0,0,0,0,0,0,0,0,0,0,0,0,3,3,4,4,3,3,3,3,3,3,3,3,3,3,3,3,3,3,3,3,3,3,3,3,2,2,1,1,1,1,0,0,0,0,,,,,,,,,,,,,,,,,,,,,,,,,,,,,,,,,,,,,,,,,,,,,,,,
11882,2500,12182,12204,,0,54,54,54,54,38,38,41,41,48,48,53,53,149,149,1126,1126,1279,1279,1185,1185,1176,1176,1064,1064,1030,1030,978,978,1073,1073,1075,1075,1072,1072,1157,1157,1124,1124,530,530,326,326,208,208,152,152,86,86,,,,,,,,,,,,,,,,,,,,,,,,,,,,,,,,,,,,,,,,,,,,,,,,
11883,1600,,12176,,0,0,0,0,0,0,0,0,0,0,0,0,0,0,0,2,2,2,2,2,2,2,2,2,2,2,2,2,2,2,2,2,2,2,2,2,2,2,2,1,1,0,0,0,0,0,0,0,0,,,,,,,,,,,,,,,,,,,,,,,,,,,,,,,,,,,,,,,,,,,,,,,,
11884,4400,12202,12176,,0,54,54,54,54,38,38,41,41,48,48,53,53,149,149,1126,1126,1279,1279,1185,1185,1176,1176,1064,1064,1030,1030,978,978,1073,1073,1075,1075,1072,1072,1157,1157,1124,1124,530,530,326,326,208,208,152,152,86,86,,,,,,,,,,,,,,,,,,,,,,,,,,,,,,,,,,,,,,,,,,,,,,,,
11885,1600,11872,11894,,0,0,0,0,0,0,0,0,0,0,0,0,0,0,0,2,2,3,3,3,3,3,3,2,2,2,2,2,2,2,2,2,2,2,2,3,3,2,2,1,1,1,1,1,1,0,0,0,0,,,,,,,,,,,,,,,,,,,,,,,,,,,,,,,,,,,,,,,,,,,,,,,,
11886,1200,12356,12154,,0,0,0,0,0,0,0,0,0,0,0,0,0,0,0,2,2,3,3,2,2,2,2,2,2,2,2,2,2,2,2,2,2,2,2,3,3,3,3,1,1,1,1,0,0,0,0,0,0,,,,,,,,,,,,,,,,,,,,,,,,,,,,,,,,,,,,,,,,,,,,,,,,
11887,2500,11897,11871,,0,56,56,57,57,40,40,43,43,50,50,55,55,154,154,1096,1096,1258,1258,1162,1162,1148,1148,1041,1041,998,998,962,962,1043,1043,1043,1043,1045,1045,1126,1126,1085,1085,529,529,327,327,211,211,154,154,85,85,,,,,,,,,,,,,,,,,,,,,,,,,,,,,,,,,,,,,,,,,,,,,,,,
11888,1200,11866,11896,,0,0,0,0,0,0,0,0,0,0,0,0,0,0,0,3,3,3,3,3,3,3,3,3,3,2,2,2,2,2,2,2,2,3,3,3,3,3,3,1,1,1,1,1,1,0,0,0,0,,,,,,,,,,,,,,,,,,,,,,,,,,,,,,,,,,,,,,,,,,,,,,,,
11889,2500,11896,,,0,56,56,57,57,40,40,43,43,50,50,55,55,154,154,1096,1096,1258,1258,1162,1162,1148,1148,1041,1041,998,998,962,962,1043,1043,1043,1043,1045,1045,1126,1126,1085,1085,529,529,327,327,211,211,154,154,85,85,,,,,,,,,,,,,,,,,,,,,,,,,,,,,,,,,,,,,,,,,,,,,,,,
11890,300,,12208,,0,0,0,0,0,0,0,0,0,0,0,0,0,0,0,2,2,2,2,2,2,2,2,2,2,2,2,2,2,2,2,2,2,2,2,2,2,2,2,1,1,0,0,0,0,0,0,0,0,,,,,,,,,,,,,,,,,,,,,,,,,,,,,,,,,,,,,,,,,,,,,,,,
11891,1500,12096,12102,,0,56,56,57,57,40,40,43,43,50,50,55,55,154,154,1096,1096,1258,1258,1162,1162,1148,1148,1041,1041,998,998,962,962,1043,1043,1043,1043,1045,1045,1126,1126,1085,1085,529,529,327,327,211,211,154,154,85,85,,,,,,,,,,,,,,,,,,,,,,,,,,,,,,,,,,,,,,,,,,,,,,,,
11892,400,,12207,,0,0,0,0,0,0,0,0,0,0,0,0,0,0,0,3,3,4,4,3,3,3,3,3,3,3,3,3,3,3,3,3,3,3,3,3,3,3,3,1,1,1,1,0,0,0,0,0,0,,,,,,,,,,,,,,,,,,,,,,,,,,,,,,,,,,,,,,,,,,,,,,,,
11893,2500,11897,11872,,0,56,56,57,57,40,40,43,43,50,50,55,55,154,154,1096,1096,1258,1258,1162,1162,1148,1148,1041,1041,998,998,962,962,1043,1043,1043,1043,1045,1045,1126,1126,1085,1085,529,529,327,327,211,211,154,154,85,85,,,,,,,,,,,,,,,,,,,,,,,,,,,,,,,,,,,,,,,,,,,,,,,,
11894,2500,11908,12093,11885;11911,2,56,56,57,57,40,40,43,43,50,50,55,55,154,154,1096,1096,1258,1258,1162,1162,1148,1148,1041,1041,998,998,962,962,1043,1043,1043,1043,1045,1045,1126,1126,1085,1085,529,529,327,327,211,211,154,154,85,85,,,,,,,,,,,,,,,,,,,,,,,,,,,,,,,,,,,,,,,,,,,,,,,,
11895,1200,12106,12108,,0,0,0,0,0,0,0,0,0,0,0,0,0,0,0,2,2,3,3,3,3,3,3,2,2,2,2,2,2,2,2,2,2,2,2,2,2,2,2,1,1,1,1,0,0,0,0,0,0,,,,,,,,,,,,,,,,,,,,,,,,,,,,,,,,,,,,,,,,,,,,,,,,
11896,1500,11889,11910,11888;11902,2,56,56,57,57,40,40,43,43,50,50,55,55,154,154,1096,1096,1258,1258,1162,1162,1148,1148,1041,1041,998,998,962,962,1043,1043,1043,1043,1045,1045,1126,1126,1085,1085,529,529,327,327,211,211,154,154,85,85,,,,,,,,,,,,,,,,,,,,,,,,,,,,,,,,,,,,,,,,,,,,,,,,
11897,3000,11893,11912,11887;11906,2,56,56,57,57,40,40,43,43,50,50,55,55,154,154,1096,1096,1258,1258,1162,1162,1148,1148,1041,1041,998,998,962,962,1043,1043,1043,1043,1045,1045,1126,1126,1085,1085,529,529,327,327,211,211,154,154,85,85,,,,,,,,,,,,,,,,,,,,,,,,,,,,,,,,,,,,,,,,,,,,,,,,
11898,4400,11855,12102,,0,56,56,57,57,40,40,43,43,50,50,55,55,154,154,1096,1096,1258,1258,1162,1162,1148,1148,1041,1041,998,998,962,962,1043,1043,1043,1043,1045,1045,1126,1126,1085,1085,529,529,327,327,211,211,154,154,85,85,,,,,,,,,,,,,,,,,,,,,,,,,,,,,,,,,,,,,,,,,,,,,,,,
11899,800,12132,12136,,0,0,0,0,0,0,0,0,0,0,0,0,0,0,0,2,2,2,2,2,2,2,2,2,2,2,2,2,2,2,2,2,2,2,2,2,2,2,2,1,1,1,1,0,0,0,0,0,0,,,,,,,,,,,,,,,,,,,,,,,,,,,,,,,,,,,,,,,,,,,,,,,,
119,4400,472,341,,0,27,27,28,28,20,20,21,21,25,25,27,27,74,74,1049,1049,1182,1182,1170,1170,1126,1126,1056,1056,970,970,1022,1022,982,982,1052,1052,1066,1066,1112,1112,1010,1010,210,210,134,134,91,91,66,66,34,34,,,,,,,,,,,,,,,,,,,,,,,,,,,,,,,,,,,,,,,,,,,,,,,,
11900,1500,11933,12103,12099;11916,2,56,56,57,57,40,40,43,43,50,50,55,55,154,154,1096,1096,1258,1258,1162,1162,1148,1148,1041,1041,998,998,962,962,1043,1043,1043,1043,1045,1045,1126,1126,1085,1085,529,529,327,327,211,211,154,154,85,85,,,,,,,,,,,,,,,,,,,,,,,,,,,,,,,,,,,,,,,,,,,,,,,,
11901,800,,12166,,0,0,0,0,0,0,0,0,0,0,0,0,0,0,0,1,1,1,1,1,1,1,1,1,1,1,1,1,1,1,1,1,1,1,1,1,1,1,1,1,1,0,0,0,0,0,0,0,0,,,,,,,,,,,,,,,,,,,,,,,,,,,,,,,,,,,,,,,,,,,,,,,,
11902,800,11909,11896,,0,0,0,0,0,0,0,0,0,0,0,0,0,0,0,2,2,3,3,3,3,3,3,2,2,2,2,2,2,2,2,2,2,2,2,3,3,2,2,1,1,1,1,1,1,0,0,0,0,,,,,,,,,,,,,,,,,,,,,,,,,,,,,,,,,,,,,,,,,,,,,,,,
11903,1200,12094,12092,,0,0,0,0,0,0,0,0,0,0,0,0,0,0,0,2,2,2,2,2,2,2,2,2,2,2,2,2,2,2,2,2,2,2,2,2,2,2,2,1,1,1,1,0,0,0,0,0,0,,,,,,,,,,,,,,,,,,,,,,,,,,,,,,,,,,,,,,,,,,,,,,,,
11904,2000,12140,12134,,0,56,56,57,57,40,40,43,43,50,50,55,55,154,154,1096,1096,1258,1258,1162,1162,1148,1148,1041,1041,998,998,962,962,1043,1043,1043,1043,1045,1045,1126,1126,1085,1085,529,529,327,327,211,211,154,154,85,85,,,,,,,,,,,,,,,,,,,,,,,,,,,,,,,,,,,,,,,,,,,,,,,,
11905,600,12164,12206,,0,0,0,0,0,0,0,0,0,0,0,0,0,0,0,1,1,1,1,1,1,1,1,0,0,0,0,0,0,1,1,1,1,1,1,1,1,1,1,0,0,0,0,0,0,0,0,0,0,,,,,,,,,,,,,,,,,,,,,,,,,,,,,,,,,,,,,,,,,,,,,,,,
11906,2000,11913,11897,,0,56,56,57,57,40,40,43,43,50,50,55,55,154,154,1096,1096,1258,1258,1162,1162,1148,1148,1041,1041,998,998,962,962,1043,1043,1043,1043,1045,1045,1126,1126,1085,1085,529,529,327,327,211,211,154,154,85,85,,,,,,,,,,,,,,,,,,,,,,,,,,,,,,,,,,,,,,,,,,,,,,,,
11907,300,12116,,,0,0,0,0,0,0,0,0,0,0,0,0,0,0,0,2,2,2,2,2,2,2,2,2,2,2,2,2,2,2,2,2,2,2,2,2,2,2,2,1,1,1,1,0,0,0,0,0,0,,,,,,,,,,,,,,,,,,,,,,,,,,,,,,,,,,,,,,,,,,,,,,,,
11908,2500,11894,11913,,0,56,56,57,57,40,40,43,43,50,50,55,55,154,154,1096,1096,1258,1258,1162,1162,1148,1148,1041,1041,998,998,962,962,1043,1043,1043,1043,1045,1045,1126,1126,1085,1085,529,529,327,327,211,211,154,154,85,85,,,,,,,,,,,,,,,,,,,,,,,,,,,,,,,,,,,,,,,,,,,,,,,,
11909,1600,11902,11929,12129;11935,2,0,0,0,0,0,0,0,0,0,0,0,0,0,0,2,2,3,3,2,2,2,2,2,2,2,2,2,2,2,2,2,2,2,2,2,2,2,2,1,1,1,1,0,0,0,0,0,0,,,,,,,,,,,,,,,,,,,,,,,,,,,,,,,,,,,,,,,,,,,,,,,,
11910,1200,12116,11896,,0,0,0,0,0,0,0,0,0,0,0,0,0,0,0,1,1,1,1,1,1,1,1,1,1,1,1,1,1,1,1,1,1,1,1,1,1,1,1,1,1,0,0,0,0,0,0,0,0,,,,,,,,,,,,,,,,,,,,,,,,,,,,,,,,,,,,,,,,,,,,,,,,
11911,1200,11917,11894,,0,0,0,0,0,0,0,0,0,0,0,0,0,0,0,2,2,2,2,2,2,2,2,2,2,2,2,2,2,2,2,2,2,2,2,2,2,2,2,1,1,1,1,0,0,0,0,0,0,,,,,,,,,,,,,,,,,,,,,,,,,,,,,,,,,,,,,,,,,,,,,,,,
11912,1600,11897,4377,,0,53,53,55,55,38,38,42,42,48,48,53,53,146,146,715,715,891,891,804,804,768,768,707,707,638,638,676,676,679,679,669,669,696,696,738,738,671,671,411,411,264,264,178,178,130,130,66,66,,,,,,,,,,,,,,,,,,,,,,,,,,,,,,,,,,,,,,,,,,,,,,,,
11913,2000,11924,11908,11906;11949,2,56,56,57,57,40,40,43,43,50,50,55,55,154,154,1096,1096,1258,1258,1162,1162,1148,1148,1041,1041,998,998,962,962,1043,1043,1043,1043,1045,1045,1126,1126,1085,1085,529,529,327,327,211,211,154,154,85,85,,,,,,,,,,,,,,,,,,,,,,,,,,,,,,,,,,,,,,,,,,,,,,,,
11914,2500,12092,12100,,0,56,56,57,57,40,40,43,43,50,50,55,55,154,154,1096,1096,1258,1258,1162,1162,1148,1148,1041,1041,998,998,962,962,1043,1043,1043,1043,1045,1045,1126,1126,1085,1085,529,529,327,327,211,211,154,154,85,85,,,,,,,,,,,,,,,,,,,,,,,,,,,,,,,,,,,,,,,,,,,,,,,,
11915,1600,12151,11956,12328;11969,2,0,0,0,0,0,0,0,0,0,0,0,0,0,0,2,2,2,2,2,2,2,2,2,2,2,2,2,2,2,2,2,2,2,2,2,2,2,2,1,1,0,0,0,0,0,0,0,0,,,,,,,,,,,,,,,,,,,,,,,,,,,,,,,,,,,,,,,,,,,,,,,,
11916,4400,11921,11900,,0,67,67,70,70,49,49,53,53,62,62,67,67,186,186,910,910,1134,1134,1023,1023,977,977,900,900,812,812,861,861,864,864,851,851,886,886,939,939,854,854,524,524,336,336,227,227,165,165,84,84,,,,,,,,,,,,,,,,,,,,,,,,,,,,,,,,,,,,,,,,,,,,,,,,
11917,1600,11954,11911,12089;11928,2,0,0,0,0,0,0,0,0,0,0,0,0,0,0,1,1,2,2,2,2,2,2,1,1,1,1,1,1,1,1,1,1,1,1,2,2,1,1,1,1,0,0,0,0,0,0,0,0,,,,,,,,,,,,,,,,,,,,,,,,,,,,,,,,,,,,,,,,,,,,,,,,
11918,300,12196,11976,,0,0,0,0,0,0,0,0,0,0,0,0,0,0,0,2,2,3,3,3,3,3,3,2,2,2,2,2,2,2,2,2,2,2,2,3,3,3,3,1,1,1,1,0,0,0,0,0,0,,,,,,,,,,,,,,,,,,,,,,,,,,,,,,,,,,,,,,,,,,,,,,,,
11919,800,12090,12088,,0,0,0,0,0,0,0,0,0,0,0,0,0,0,0,3,3,3,3,3,3,3,3,3,3,3,3,2,2,3,3,3,3,3,3,3,3,3,3,1,1,1,1,1,1,0,0,0,0,,,,,,,,,,,,,,,,,,,,,,,,,,,,,,,,,,,,,,,,,,,,,,,,
11920,300,12124,,,0,0,0,0,0,0,0,0,0,0,0,0,0,0,0,1,1,2,2,2,2,2,2,1,1,1,1,1,1,1,1,1,1,1,1,2,2,1,1,1,1,0,0,0,0,0,0,0,0,,,,,,,,,,,,,,,,,,,,,,,,,,,,,,,,,,,,,,,,,,,,,,,,
11921,1600,11948,12115,11916;11938,2,0,0,0,0,0,0,0,0,0,0,0,0,0,0,3,3,3,3,3,3,3,3,3,3,3,3,3,3,3,3,3,3,3,3,3,3,3,3,1,1,1,1,1,1,0,0,0,0,,,,,,,,,,,,,,,,,,,,,,,,,,,,,,,,,,,,,,,,,,,,,,,,
11922,1000,11930,12132,,0,56,56,57,57,40,40,43,43,50,50,55,55,154,154,1096,1096,1258,1258,1162,1162,1148,1148,1041,1041,998,998,962,962,1043,1043,1043,1043,1045,1045,1126,1126,1085,1085,529,529,327,327,211,211,154,154,85,85,,,,,,,,,,,,,,,,,,,,,,,,,,,,,,,,,,,,,,,,,,,,,,,,
11923,1500,,12122,,0,56,56,57,57,40,40,43,43,50,50,55,55,154,154,1096,1096,1258,1258,1162,1162,1148,1148,1041,1041,998,998,962,962,1043,1043,1043,1043,1045,1045,1126,1126,1085,1085,529,529,327,327,211,211,154,154,85,85,,,,,,,,,,,,,,,,,,,,,,,,,,,,,,,,,,,,,,,,,,,,,,,,
11924,2000,4228,11913,,0,56,56,57,57,40,40,43,43,50,50,55,55,154,154,1096,1096,1258,1258,1162,1162,1148,1148,1041,1041,998,998,962,962,1043,1043,1043,1043,1045,1045,1126,1126,1085,1085,529,529,327,327,211,211,154,154,85,85,,,,,,,,,,,,,,,,,,,,,,,,,,,,,,,,,,,,,,,,,,,,,,,,
11925,1200,,12190,,0,0,0,0,0,0,0,0,0,0,0,0,0,0,0,1,1,1,1,1,1,1,1,1,1,1,1,1,1,1,1,1,1,1,1,1,1,1,1,0,0,0,0,0,0,0,0,0,0,,,,,,,,,,,,,,,,,,,,,,,,,,,,,,,,,,,,,,,,,,,,,,,,
11926,1200,12124,12120,,0,0,0,0,0,0,0,0,0,0,0,0,0,0,0,1,1,2,2,1,1,1,1,1,1,1,1,1,1,1,1,1,1,1,1,1,1,1,1,1,1,0,0,0,0,0,0,0,0,,,,,,,,,,,,,,,,,,,,,,,,,,,,,,,,,,,,,,,,,,,,,,,,
11927,800,12130,12128,,0,0,0,0,0,0,0,0,0,0,0,0,0,0,0,2,2,2,2,2,2,2,2,2,2,2,2,2,2,2,2,2,2,2,2,2,2,2,2,1,1,1,1,0,0,0,0,0,0,,,,,,,,,,,,,,,,,,,,,,,,,,,,,,,,,,,,,,,,,,,,,,,,
11928,1200,11917,11936,,0,0,0,0,0,0,0,0,0,0,0,0,0,0,0,1,1,1,1,1,1,1,1,1,1,1,1,1,1,1,1,1,1,1,1,1,1,1,1,1,1,0,0,0,0,0,0,0,0,,,,,,,,,,,,,,,,,,,,,,,,,,,,,,,,,,,,,,,,,,,,,,,,
11929,1200,11909,11940,,0,0,0,0,0,0,0,0,0,0,0,0,0,0,0,2,2,3,3,2,2,2,2,2,2,2,2,2,2,2,2,2,2,2,2,2,2,2,2,1,1,1,1,0,0,0,0,0,0,,,,,,,,,,,,,,,,,,,,,,,,,,,,,,,,,,,,,,,,,,,,,,,,
11930,2000,11922,11947,12123;11937,2,56,56,57,57,40,40,43,43,50,50,55,55,154,154,1096,1096,1258,1258,1162,1162,1148,1148,1041,1041,998,998,962,962,1043,1043,1043,1043,1045,1045,1126,1126,1085,1085,529,529,327,327,211,211,154,154,85,85,,,,,,,,,,,,,,,,,,,,,,,,,,,,,,,,,,,,,,,,,,,,,,,,
11931,800,12168,11934,,0,0,0,0,0,0,0,0,0,0,0,0,0,0,0,1,1,1,1,1,1,1,1,1,1,1,1,1,1,1,1,1,1,1,1,1,1,1,1,0,0,0,0,0,0,0,0,0,0,,,,,,,,,,,,,,,,,,,,,,,,,,,,,,,,,,,,,,,,,,,,,,,,
11932,1200,11934,12206,,0,0,0,0,0,0,0,0,0,0,0,0,0,0,0,0,0,0,0,0,0,0,0,0,0,0,0,0,0,0,0,0,0,0,0,0,0,0,0,0,0,0,0,0,0,0,0,0,0,,,,,,,,,,,,,,,,,,,,,,,,,,,,,,,,,,,,,,,,,,,,,,,,
11933,2000,12088,11900,,0,56,56,57,57,40,40,43,43,50,50,55,55,154,154,1096,1096,1258,1258,1162,1162,1148,1148,1041,1041,998,998,962,962,1043,1043,1043,1043,1045,1045,1126,1126,1085,1085,529,529,327,327,211,211,154,154,85,85,,,,,,,,,,,,,,,,,,,,,,,,,,,,,,,,,,,,,,,,,,,,,,,,
11934,400,11931,11970,11932;12169,2,0,0,0,0,0,0,0,0,0,0,0,0,0,0,1,1,1,1,1,1,1,1,1,1,1,1,1,1,1,1,1,1,1,1,1,1,1,1,0,0,0,0,0,0,0,0,0,0,,,,,,,,,,,,,,,,,,,,,,,,,,,,,,,,,,,,,,,,,,,,,,,,
11935,2500,11909,11944,,0,67,67,70,70,49,49,53,53,62,62,67,67,186,186,910,910,1134,1134,1023,1023,977,977,900,900,812,812,861,861,864,864,851,851,886,886,939,939,854,854,524,524,336,336,227,227,165,165,84,84,,,,,,,,,,,,,,,,,,,,,,,,,,,,,,,,,,,,,,,,,,,,,,,,
11936,1200,11963,12087,11928;11945,2,0,0,0,0,0,0,0,0,0,0,0,0,0,0,1,1,1,1,1,1,1,1,1,1,1,1,1,1,1,1,1,1,1,1,1,1,1,1,0,0,0,0,0,0,0,0,0,0,,,,,,,,,,,,,,,,,,,,,,,,,,,,,,,,,,,,,,,,,,,,,,,,
11937,800,12128,11930,,0,0,0,0,0,0,0,0,0,0,0,0,0,0,0,2,2,3,3,3,3,3,3,2,2,2,2,2,2,2,2,2,2,2,2,2,2,2,2,1,1,1,1,0,0,0,0,0,0,,,,,,,,,,,,,,,,,,,,,,,,,,,,,,,,,,,,,,,,,,,,,,,,
11938,3500,11944,11921,,0,42,42,39,39,28,28,29,29,34,34,39,39,112,112,1343,1343,1424,1424,1347,1347,1375,1375,1229,1229,1247,1247,1096,1096,1282,1282,1299,1299,1257,1257,1375,1375,1394,1394,536,536,316,316,190,190,140,140,87,87,,,,,,,,,,,,,,,,,,,,,,,,,,,,,,,,,,,,,,,,,,,,,,,,
11939,1200,12188,12196,,0,0,0,0,0,0,0,0,0,0,0,0,0,0,0,2,2,2,2,2,2,2,2,1,1,1,1,1,1,1,1,2,2,1,1,2,2,2,2,1,1,0,0,0,0,0,0,0,0,,,,,,,,,,,,,,,,,,,,,,,,,,,,,,,,,,,,,,,,,,,,,,,,
11940,2500,11943,12127,11929;11984,2,56,56,57,57,40,40,43,43,50,50,55,55,154,154,1096,1096,1258,1258,1162,1162,1148,1148,1041,1041,998,998,962,962,1043,1043,1043,1043,1045,1045,1126,1126,1085,1085,529,529,327,327,211,211,154,154,85,85,,,,,,,,,,,,,,,,,,,,,,,,,,,,,,,,,,,,,,,,,,,,,,,,
11941,800,11952,12170,,0,0,0,0,0,0,0,0,0,0,0,0,0,0,0,2,2,2,2,2,2,2,2,2,2,2,2,1,1,2,2,2,2,2,2,2,2,2,2,1,1,0,0,0,0,0,0,0,0,,,,,,,,,,,,,,,,,,,,,,,,,,,,,,,,,,,,,,,,,,,,,,,,
11942,800,11951,4228,,0,1,1,1,1,0,0,0,0,1,1,1,1,2,2,12,12,14,14,13,13,13,13,12,12,11,11,12,12,11,11,12,12,12,12,13,13,11,11,5,5,3,3,2,2,2,2,1,1,,,,,,,,,,,,,,,,,,,,,,,,,,,,,,,,,,,,,,,,,,,,,,,,
11943,2000,11940,12023,,0,56,56,57,57,40,40,43,43,50,50,55,55,154,154,1096,1096,1258,1258,1162,1162,1148,1148,1041,1041,998,998,962,962,1043,1043,1043,1043,1045,1045,1126,1126,1085,1085,529,529,327,327,211,211,154,154,85,85,,,,,,,,,,,,,,,,,,,,,,,,,,,,,,,,,,,,,,,,,,,,,,,,
11944,3000,11935,11978,11938;12023,2,56,56,57,57,40,40,43,43,50,50,55,55,154,154,1096,1096,1258,1258,1162,1162,1148,1148,1041,1041,998,998,962,962,1043,1043,1043,1043,1045,1045,1126,1126,1085,1085,529,529,327,327,211,211,154,154,85,85,,,,,,,,,,,,,,,,,,,,,,,,,,,,,,,,,,,,,,,,,,,,,,,,
11945,1600,11936,11955,,0,0,0,0,0,0,0,0,0,0,0,0,0,0,0,1,1,1,1,1,1,1,1,1,1,1,1,1,1,1,1,1,1,1,1,1,1,1,1,0,0,0,0,0,0,0,0,0,0,,,,,,,,,,,,,,,,,,,,,,,,,,,,,,,,,,,,,,,,,,,,,,,,
11946,1500,12084,11951,,0,56,56,57,57,40,40,43,43,50,50,55,55,154,154,1096,1096,1258,1258,1162,1162,1148,1148,1041,1041,998,998,962,962,1043,1043,1043,1043,1045,1045,1126,1126,1085,1085,529,529,327,327,211,211,154,154,85,85,,,,,,,,,,,,,,,,,,,,,,,,,,,,,,,,,,,,,,,,,,,,,,,,
11947,1000,11930,11958,,0,56,56,57,57,40,40,43,43,50,50,55,55,154,154,1096,1096,1258,1258,1162,1162,1148,1148,1041,1041,998,998,962,962,1043,1043,1043,1043,1045,1045,1126,1126,1085,1085,529,529,327,327,211,211,154,154,85,85,,,,,,,,,,,,,,,,,,,,,,,,,,,,,,,,,,,,,,,,,,,,,,,,
11948,1600,11955,11921,,0,0,0,0,0,0,0,0,0,0,0,0,0,0,0,1,1,1,1,1,1,1,1,1,1,1,1,1,1,1,1,1,1,1,1,1,1,1,1,1,1,0,0,0,0,0,0,0,0,,,,,,,,,,,,,,,,,,,,,,,,,,,,,,,,,,,,,,,,,,,,,,,,
11949,1600,12084,11913,,0,0,0,0,0,0,0,0,0,0,0,0,0,0,0,3,3,3,3,3,3,3,3,3,3,2,2,2,2,3,3,3,3,3,3,3,3,3,3,1,1,1,1,1,1,0,0,0,0,,,,,,,,,,,,,,,,,,,,,,,,,,,,,,,,,,,,,,,,,,,,,,,,
11950,800,12188,12186,,0,0,0,0,0,0,0,0,0,0,0,0,0,0,0,2,2,2,2,2,2,2,2,2,2,2,2,1,1,2,2,2,2,2,2,2,2,2,2,1,1,0,0,0,0,0,0,0,0,,,,,,,,,,,,,,,,,,,,,,,,,,,,,,,,,,,,,,,,,,,,,,,,
11951,1200,11946,4248,11942;11975,2,1,1,1,1,0,0,0,0,1,1,1,1,2,2,12,12,14,14,13,13,13,13,12,12,11,11,12,12,11,11,12,12,12,12,13,13,11,11,5,5,3,3,2,2,2,2,1,1,,,,,,,,,,,,,,,,,,,,,,,,,,,,,,,,,,,,,,,,,,,,,,,,
11952,1200,12200,12168,11941,1,0,0,0,0,0,0,0,0,0,0,0,0,0,0,2,2,2,2,2,2,2,2,2,2,2,2,2,2,2,2,2,2,2,2,2,2,2,2,1,1,0,0,0,0,0,0,0,0,,,,,,,,,,,,,,,,,,,,,,,,,,,,,,,,,,,,,,,,,,,,,,,,
11953,1200,11958,12118,,0,0,0,0,0,0,0,0,0,0,0,0,0,0,0,1,1,2,2,1,1,1,1,1,1,1,1,1,1,1,1,1,1,1,1,1,1,1,1,1,1,0,0,0,0,0,0,0,0,,,,,,,,,,,,,,,,,,,,,,,,,,,,,,,,,,,,,,,,,,,,,,,,
11954,3000,11965,11917,,0,56,56,57,57,40,40,43,43,50,50,55,55,154,154,1096,1096,1258,1258,1162,1162,1148,1148,1041,1041,998,998,962,962,1043,1043,1043,1043,1045,1045,1126,1126,1085,1085,529,529,327,327,211,211,154,154,85,85,,,,,,,,,,,,,,,,,,,,,,,,,,,,,,,,,,,,,,,,,,,,,,,,
11955,1200,11948,12085,11945;11971,2,0,0,0,0,0,0,0,0,0,0,0,0,0,0,1,1,1,1,1,1,1,1,1,1,1,1,1,1,1,1,1,1,1,1,1,1,1,1,1,1,0,0,0,0,0,0,0,0,,,,,,,,,,,,,,,,,,,,,,,,,,,,,,,,,,,,,,,,,,,,,,,,
11956,1200,12150,11915,,0,0,0,0,0,0,0,0,0,0,0,0,0,0,0,909,909,1002,1002,931,931,835,835,881,881,812,812,829,829,868,868,957,957,982,982,1027,1027,964,964,0,0,0,0,0,0,0,0,0,0,,,,,,,,,,,,,,,,,,,,,,,,,,,,,,,,,,,,,,,,,,,,,,,,
11957,300,,11976,,0,0,0,0,0,0,0,0,0,0,0,0,0,0,0,2,2,2,2,2,2,2,2,2,2,2,2,2,2,2,2,2,2,2,2,2,2,2,2,1,1,1,1,0,0,0,0,0,0,,,,,,,,,,,,,,,,,,,,,,,,,,,,,,,,,,,,,,,,,,,,,,,,
11958,1600,11962,11953,11947;11973,2,0,0,0,0,0,0,0,0,0,0,0,0,0,0,2,2,3,3,3,3,2,2,2,2,2,2,2,2,2,2,2,2,2,2,2,2,2,2,1,1,1,1,0,0,0,0,0,0,,,,,,,,,,,,,,,,,,,,,,,,,,,,,,,,,,,,,,,,,,,,,,,,
11959,300,12172,11977,,0,0,0,0,0,0,0,0,0,0,0,0,0,0,0,2,2,3,3,3,3,3,3,2,2,2,2,2,2,2,2,2,2,2,2,3,3,3,3,1,1,1,1,0,0,0,0,0,0,,,,,,,,,,,,,,,,,,,,,,,,,,,,,,,,,,,,,,,,,,,,,,,,
11960,800,12148,12149,,0,0,0,0,0,0,0,0,0,0,0,0,0,0,0,4,4,4,4,4,4,4,4,3,3,3,3,3,3,4,4,4,4,4,4,4,4,4,4,1,1,1,1,1,1,0,0,0,0,,,,,,,,,,,,,,,,,,,,,,,,,,,,,,,,,,,,,,,,,,,,,,,,
11961,300,,12172,,0,0,0,0,0,0,0,0,0,0,0,0,0,0,0,3,3,3,3,3,3,3,3,3,3,3,3,2,2,3,3,3,3,3,3,3,3,3,3,1,1,1,1,0,0,0,0,0,0,,,,,,,,,,,,,,,,,,,,,,,,,,,,,,,,,,,,,,,,,,,,,,,,
11962,1200,11958,12126,,0,0,0,0,0,0,0,0,0,0,0,0,0,0,0,1,1,1,1,1,1,1,1,1,1,1,1,1,1,1,1,1,1,1,1,1,1,1,1,1,1,0,0,0,0,0,0,0,0,,,,,,,,,,,,,,,,,,,,,,,,,,,,,,,,,,,,,,,,,,,,,,,,
11963,1600,11965,11936,,0,0,0,0,0,0,0,0,0,0,0,0,0,0,0,2,2,2,2,2,2,2,2,2,2,2,2,2,2,2,2,2,2,2,2,2,2,2,2,1,1,1,1,0,0,0,0,0,0,,,,,,,,,,,,,,,,,,,,,,,,,,,,,,,,,,,,,,,,,,,,,,,,
11964,1600,12158,12192,,0,33,33,31,31,22,22,23,23,26,26,31,31,88,88,1055,1055,1119,1119,1058,1058,1080,1080,966,966,980,980,861,861,1008,1008,1021,1021,988,988,1080,1080,1096,1096,421,421,249,249,150,150,110,110,68,68,,,,,,,,,,,,,,,,,,,,,,,,,,,,,,,,,,,,,,,,,,,,,,,,
11965,3000,11983,11954,12083;11963;11998,3,56,56,57,57,40,40,43,43,50,50,55,55,154,154,1096,1096,1258,1258,1162,1162,1148,1148,1041,1041,998,998,962,962,1043,1043,1043,1043,1045,1045,1126,1126,1085,1085,529,529,327,327,211,211,154,154,85,85,,,,,,,,,,,,,,,,,,,,,,,,,,,,,,,,,,,,,,,,,,,,,,,,
11966,800,,12184,,0,0,0,0,0,0,0,0,0,0,0,0,0,0,0,2,2,2,2,2,2,2,2,2,2,2,2,2,2,2,2,2,2,2,2,2,2,2,2,1,1,0,0,0,0,0,0,0,0,,,,,,,,,,,,,,,,,,,,,,,,,,,,,,,,,,,,,,,,,,,,,,,,
11967,1200,12150,11974,,0,0,0,0,0,0,0,0,0,0,0,0,0,0,0,3,3,4,4,3,3,3,3,3,3,3,3,3,3,3,3,3,3,3,3,4,4,4,4,1,1,1,1,0,0,0,0,0,0,,,,,,,,,,,,,,,,,,,,,,,,,,,,,,,,,,,,,,,,,,,,,,,,
11968,800,,12047,,0,0,0,0,0,0,0,0,0,0,0,0,0,0,0,3,3,3,3,3,3,3,3,3,3,2,2,2,2,3,3,3,3,3,3,3,3,3,3,1,1,1,1,1,1,0,0,0,0,,,,,,,,,,,,,,,,,,,,,,,,,,,,,,,,,,,,,,,,,,,,,,,,
11969,4400,12191,11915,11974,1,54,54,54,54,38,38,41,41,48,48,53,53,149,149,1126,1126,1279,1279,1185,1185,1176,1176,1064,1064,1030,1030,978,978,1073,1073,1075,1075,1072,1072,1157,1157,1124,1124,530,530,326,326,208,208,152,152,86,86,,,,,,,,,,,,,,,,,,,,,,,,,,,,,,,,,,,,,,,,,,,,,,,,
11970,1200,12192,11934,,0,0,0,0,0,0,0,0,0,0,0,0,0,0,0,1,1,1,1,1,1,1,1,1,1,1,1,1,1,1,1,1,1,1,1,1,1,1,1,0,0,0,0,0,0,0,0,0,0,,,,,,,,,,,,,,,,,,,,,,,,,,,,,,,,,,,,,,,,,,,,,,,,
11971,1200,11988,11955,,0,0,0,0,0,0,0,0,0,0,0,0,0,0,0,2,2,3,3,2,2,2,2,2,2,2,2,2,2,2,2,2,2,2,2,2,2,2,2,1,1,1,1,0,0,0,0,0,0,,,,,,,,,,,,,,,,,,,,,,,,,,,,,,,,,,,,,,,,,,,,,,,,
11972,600,12086,,,0,0,0,0,0,0,0,0,0,0,0,0,0,0,0,1,1,1,1,1,1,1,1,1,1,1,1,1,1,1,1,1,1,1,1,1,1,1,1,0,0,0,0,0,0,0,0,0,0,,,,,,,,,,,,,,,,,,,,,,,,,,,,,,,,,,,,,,,,,,,,,,,,
11973,800,11958,11986,,0,0,0,0,0,0,0,0,0,0,0,0,0,0,0,1,1,1,1,1,1,1,1,1,1,1,1,1,1,1,1,1,1,1,1,1,1,1,1,0,0,0,0,0,0,0,0,0,0,,,,,,,,,,,,,,,,,,,,,,,,,,,,,,,,,,,,,,,,,,,,,,,,
11974,800,12070,11967,11969;11992,2,0,0,0,0,0,0,0,0,0,0,0,0,0,0,4,4,4,4,4,4,4,4,3,3,3,3,3,3,3,3,4,4,3,3,4,4,4,4,1,1,1,1,1,1,0,0,0,0,,,,,,,,,,,,,,,,,,,,,,,,,,,,,,,,,,,,,,,,,,,,,,,,
11975,1600,11951,12045,,0,0,0,0,0,0,0,0,0,0,0,0,0,0,0,2,2,3,3,2,2,2,2,2,2,2,2,2,2,2,2,2,2,2,2,2,2,2,2,1,1,1,1,0,0,0,0,0,0,,,,,,,,,,,,,,,,,,,,,,,,,,,,,,,,,,,,,,,,,,,,,,,,
11976,3500,12186,12194,11918;11957,2,54,54,54,54,38,38,41,41,48,48,53,53,149,149,1126,1126,1279,1279,1185,1185,1176,1176,1064,1064,1030,1030,978,978,1073,1073,1075,1075,1072,1072,1157,1157,1124,1124,530,530,326,326,208,208,152,152,86,86,,,,,,,,,,,,,,,,,,,,,,,,,,,,,,,,,,,,,,,,,,,,,,,,
11977,800,12198,11982,11959,1,33,33,31,31,22,22,23,23,26,26,31,31,88,88,1055,1055,1119,1119,1058,1058,1080,1080,966,966,980,980,861,861,1008,1008,1021,1021,988,988,1080,1080,1096,1096,421,421,249,249,150,150,110,110,68,68,,,,,,,,,,,,,,,,,,,,,,,,,,,,,,,,,,,,,,,,,,,,,,,,
11978,2500,12098,11944,,0,56,56,57,57,40,40,43,43,50,50,55,55,154,154,1096,1096,1258,1258,1162,1162,1148,1148,1041,1041,998,998,962,962,1043,1043,1043,1043,1045,1045,1126,1126,1085,1085,529,529,327,327,211,211,154,154,85,85,,,,,,,,,,,,,,,,,,,,,,,,,,,,,,,,,,,,,,,,,,,,,,,,
11979,4400,12080,,,0,54,54,54,54,38,38,41,41,48,48,53,53,149,149,1126,1126,1279,1279,1185,1185,1176,1176,1064,1064,1030,1030,978,978,1073,1073,1075,1075,1072,1072,1157,1157,1124,1124,530,530,326,326,208,208,152,152,86,86,,,,,,,,,,,,,,,,,,,,,,,,,,,,,,,,,,,,,,,,,,,,,,,,
11980,300,12080,,,0,0,0,0,0,0,0,0,0,0,0,0,0,0,0,3,3,3,3,3,3,3,3,3,3,3,3,3,3,3,3,3,3,3,3,3,3,3,3,1,1,1,1,0,0,0,0,0,0,,,,,,,,,,,,,,,,,,,,,,,,,,,,,,,,,,,,,,,,,,,,,,,,
11981,1200,11986,12063,,0,0,0,0,0,0,0,0,0,0,0,0,0,0,0,1,1,1,1,1,1,1,1,1,1,1,1,1,1,1,1,1,1,1,1,1,1,1,1,1,1,0,0,0,0,0,0,0,0,,,,,,,,,,,,,,,,,,,,,,,,,,,,,,,,,,,,,,,,,,,,,,,,
11982,400,12006,11977,12183;12076,2,0,0,0,0,0,0,0,0,0,0,0,0,0,0,2,2,2,2,2,2,2,2,2,2,2,2,1,1,2,2,2,2,2,2,2,2,2,2,1,1,0,0,0,0,0,0,0,0,,,,,,,,,,,,,,,,,,,,,,,,,,,,,,,,,,,,,,,,,,,,,,,,
11983,2000,11991,11965,,0,56,56,57,57,40,40,43,43,50,50,55,55,154,154,1096,1096,1258,1258,1162,1162,1148,1148,1041,1041,998,998,962,962,1043,1043,1043,1043,1045,1045,1126,1126,1085,1085,529,529,327,327,211,211,154,154,85,85,,,,,,,,,,,,,,,,,,,,,,,,,,,,,,,,,,,,,,,,,,,,,,,,
11984,1200,12126,11940,,0,0,0,0,0,0,0,0,0,0,0,0,0,0,0,2,2,3,3,2,2,2,2,2,2,2,2,2,2,2,2,2,2,2,2,2,2,2,2,1,1,1,1,0,0,0,0,0,0,,,,,,,,,,,,,,,,,,,,,,,,,,,,,,,,,,,,,,,,,,,,,,,,
11985,1600,11991,12086,,0,0,0,0,0,0,0,0,0,0,0,0,0,0,0,1,1,1,1,1,1,1,1,1,1,1,1,1,1,1,1,1,1,1,1,1,1,1,1,1,1,0,0,0,0,0,0,0,0,,,,,,,,,,,,,,,,,,,,,,,,,,,,,,,,,,,,,,,,,,,,,,,,
11986,1200,11989,11981,11973;12005,2,0,0,0,0,0,0,0,0,0,0,0,0,0,0,1,1,1,1,1,1,1,1,1,1,1,1,1,1,1,1,1,1,1,1,1,1,1,1,0,0,0,0,0,0,0,0,0,0,,,,,,,,,,,,,,,,,,,,,,,,,,,,,,,,,,,,,,,,,,,,,,,,
11987,1600,12071,12198,,0,0,0,0,0,0,0,0,0,0,0,0,0,0,0,1,1,1,1,1,1,1,1,1,1,1,1,1,1,1,1,1,1,1,1,1,1,1,1,0,0,0,0,0,0,0,0,0,0,,,,,,,,,,,,,,,,,,,,,,,,,,,,,,,,,,,,,,,,,,,,,,,,
11988,2000,12097,12048,11971;12050,2,56,56,57,57,40,40,43,43,50,50,55,55,154,154,1096,1096,1258,1258,1162,1162,1148,1148,1041,1041,998,998,962,962,1043,1043,1043,1043,1045,1045,1126,1126,1085,1085,529,529,327,327,211,211,154,154,85,85,,,,,,,,,,,,,,,,,,,,,,,,,,,,,,,,,,,,,,,,,,,,,,,,
11989,800,11994,11986,,0,0,0,0,0,0,0,0,0,0,0,0,0,0,0,1,1,1,1,1,1,1,1,1,1,1,1,1,1,1,1,1,1,1,1,1,1,1,1,0,0,0,0,0,0,0,0,0,0,,,,,,,,,,,,,,,,,,,,,,,,,,,,,,,,,,,,,,,,,,,,,,,,
11990,2000,12148,12002,,0,54,54,54,54,38,38,41,41,48,48,53,53,149,149,1126,1126,1279,1279,1185,1185,1176,1176,1064,1064,1030,1030,978,978,1073,1073,1075,1075,1072,1072,1157,1157,1124,1124,530,530,326,326,208,208,152,152,86,86,,,,,,,,,,,,,,,,,,,,,,,,,,,,,,,,,,,,,,,,,,,,,,,,
11991,1600,11985,12016,11983;12004,2,0,0,0,0,0,0,0,0,0,0,0,0,0,0,3,3,3,3,3,3,3,3,3,3,3,3,2,2,3,3,3,3,3,3,3,3,3,3,1,1,1,1,1,1,0,0,0,0,,,,,,,,,,,,,,,,,,,,,,,,,,,,,,,,,,,,,,,,,,,,,,,,
11992,2000,11974,12002,,0,54,54,54,54,38,38,41,41,48,48,53,53,149,149,1126,1126,1279,1279,1185,1185,1176,1176,1064,1064,1030,1030,978,978,1073,1073,1075,1075,1072,1072,1157,1157,1124,1124,530,530,326,326,208,208,152,152,86,86,,,,,,,,,,,,,,,,,,,,,,,,,,,,,,,,,,,,,,,,,,,,,,,,
11993,1100,12081,4478,,0,54,54,54,54,38,38,41,41,48,48,53,53,149,149,1126,1126,1279,1279,1185,1185,1176,1176,1064,1064,1030,1030,978,978,1073,1073,1075,1075,1072,1072,1157,1157,1124,1124,530,530,326,326,208,208,152,152,86,86,,,,,,,,,,,,,,,,,,,,,,,,,,,,,,,,,,,,,,,,,,,,,,,,
11994,1600,11997,11989,12125;12012,2,0,0,0,0,0,0,0,0,0,0,0,0,0,0,1,1,1,1,1,1,1,1,1,1,1,1,1,1,1,1,1,1,1,1,1,1,1,1,0,0,0,0,0,0,0,0,0,0,,,,,,,,,,,,,,,,,,,,,,,,,,,,,,,,,,,,,,,,,,,,,,,,
11995,2500,11996,12079,,0,54,54,54,54,38,38,41,41,48,48,53,53,149,149,1126,1126,1279,1279,1185,1185,1176,1176,1064,1064,1030,1030,978,978,1073,1073,1075,1075,1072,1072,1157,1157,1124,1124,530,530,326,326,208,208,152,152,86,86,,,,,,,,,,,,,,,,,,,,,,,,,,,,,,,,,,,,,,,,,,,,,,,,
11996,1000,12029,12080,11995;11999,2,54,54,54,54,38,38,41,41,48,48,53,53,149,149,1126,1126,1279,1279,1185,1185,1176,1176,1064,1064,1030,1030,978,978,1073,1073,1075,1075,1072,1072,1157,1157,1124,1124,530,530,326,326,208,208,152,152,86,86,,,,,,,,,,,,,,,,,,,,,,,,,,,,,,,,,,,,,,,,,,,,,,,,
11997,800,12055,11994,,0,0,0,0,0,0,0,0,0,0,0,0,0,0,0,1,1,1,1,1,1,1,1,1,1,1,1,1,1,1,1,1,1,1,1,1,1,1,1,0,0,0,0,0,0,0,0,0,0,,,,,,,,,,,,,,,,,,,,,,,,,,,,,,,,,,,,,,,,,,,,,,,,
11998,2500,12047,11965,,0,56,56,57,57,40,40,43,43,50,50,55,55,154,154,1096,1096,1258,1258,1162,1162,1148,1148,1041,1041,998,998,962,962,1043,1043,1043,1043,1045,1045,1126,1126,1085,1085,529,529,327,327,211,211,154,154,85,85,,,,,,,,,,,,,,,,,,,,,,,,,,,,,,,,,,,,,,,,,,,,,,,,
11999,1600,11996,,,0,0,0,0,0,0,0,0,0,0,0,0,0,0,0,3,3,3,3,3,3,3,3,3,3,3,3,2,2,3,3,3,3,3,3,3,3,3,3,1,1,1,1,0,0,0,0,0,0,,,,,,,,,,,,,,,,,,,,,,,,,,,,,,,,,,,,,,,,,,,,,,,,
12,2000,9,16,,0,50,50,52,52,37,37,40,40,46,46,50,50,140,140,967,967,1151,1151,1088,1088,1047,1047,967,967,880,880,932,932,911,911,933,933,958,958,1007,1007,913,913,393,393,252,252,170,170,124,124,63,63,,,,,,,,,,,,,,,,,,,,,,,,,,,,,,,,,,,,,,,,,,,,,,,,
120,2500,114,125,,0,27,27,28,28,20,20,21,21,25,25,27,27,74,74,1049,1049,1182,1182,1170,1170,1126,1126,1056,1056,970,970,1022,1022,982,982,1052,1052,1066,1066,1112,1112,1010,1010,210,210,134,134,91,91,66,66,34,34,,,,,,,,,,,,,,,,,,,,,,,,,,,,,,,,,,,,,,,,,,,,,,,,
12000,500,12067,,,0,54,54,54,54,38,38,41,41,48,48,53,53,149,149,1126,1126,1279,1279,1185,1185,1176,1176,1064,1064,1030,1030,978,978,1073,1073,1075,1075,1072,1072,1157,1157,1124,1124,530,530,326,326,208,208,152,152,86,86,,,,,,,,,,,,,,,,,,,,,,,,,,,,,,,,,,,,,,,,,,,,,,,,
12001,1600,12051,12053,,0,0,0,0,0,0,0,0,0,0,0,0,0,0,0,1,1,1,1,1,1,1,1,1,1,1,1,1,1,1,1,1,1,1,1,1,1,1,1,1,1,0,0,0,0,0,0,0,0,,,,,,,,,,,,,,,,,,,,,,,,,,,,,,,,,,,,,,,,,,,,,,,,
12002,2500,12020,11990,11992;12068,2,54,54,54,54,38,38,41,41,48,48,53,53,149,149,1126,1126,1279,1279,1185,1185,1176,1176,1064,1064,1030,1030,978,978,1073,1073,1075,1075,1072,1072,1157,1157,1124,1124,530,530,326,326,208,208,152,152,86,86,,,,,,,,,,,,,,,,,,,,,,,,,,,,,,,,,,,,,,,,,,,,,,,,
12003,600,,12068,,0,0,0,0,0,0,0,0,0,0,0,0,0,0,0,3,3,3,3,3,3,3,3,3,3,3,3,2,2,3,3,3,3,3,3,3,3,3,3,1,1,1,1,0,0,0,0,0,0,,,,,,,,,,,,,,,,,,,,,,,,,,,,,,,,,,,,,,,,,,,,,,,,
12004,1200,11991,12013,,0,0,0,0,0,0,0,0,0,0,0,0,0,0,0,2,2,3,3,3,3,3,3,2,2,2,2,2,2,2,2,2,2,2,2,2,2,2,2,1,1,1,1,0,0,0,0,0,0,,,,,,,,,,,,,,,,,,,,,,,,,,,,,,,,,,,,,,,,,,,,,,,,
12005,1600,11986,12061,,0,0,0,0,0,0,0,0,0,0,0,0,0,0,0,2,2,3,3,3,3,3,3,2,2,2,2,2,2,2,2,2,2,2,2,3,3,2,2,1,1,1,1,1,1,0,0,0,0,,,,,,,,,,,,,,,,,,,,,,,,,,,,,,,,,,,,,,,,,,,,,,,,
12006,800,11982,12010,,0,0,0,0,0,0,0,0,0,0,0,0,0,0,0,1,1,1,1,1,1,1,1,1,1,1,1,1,1,1,1,1,1,1,1,1,1,1,1,0,0,0,0,0,0,0,0,0,0,,,,,,,,,,,,,,,,,,,,,,,,,,,,,,,,,,,,,,,,,,,,,,,,
12007,1600,12038,12049,,0,0,0,0,0,0,0,0,0,0,0,0,0,0,0,1,1,1,1,1,1,1,1,1,1,1,1,1,1,1,1,1,1,1,1,1,1,1,1,0,0,0,0,0,0,0,0,0,0,,,,,,,,,,,,,,,,,,,,,,,,,,,,,,,,,,,,,,,,,,,,,,,,
12008,1200,12071,12010,,0,0,0,0,0,0,0,0,0,0,0,0,0,0,0,3,3,3,3,3,3,3,3,3,3,3,3,3,3,3,3,3,3,3,3,3,3,3,3,1,1,1,1,0,0,0,0,0,0,,,,,,,,,,,,,,,,,,,,,,,,,,,,,,,,,,,,,,,,,,,,,,,,
12009,1200,12140,12136,,0,0,0,0,0,0,0,0,0,0,0,0,0,0,0,2,2,2,2,2,2,2,2,2,2,2,2,2,2,2,2,2,2,2,2,2,2,2,2,1,1,1,1,0,0,0,0,0,0,,,,,,,,,,,,,,,,,,,,,,,,,,,,,,,,,,,,,,,,,,,,,,,,
12010,800,12006,12008,12015;12074,2,0,0,0,0,0,0,0,0,0,0,0,0,0,0,3,3,4,4,3,3,3,3,3,3,3,3,3,3,3,3,3,3,3,3,4,4,3,3,1,1,1,1,0,0,0,0,0,0,,,,,,,,,,,,,,,,,,,,,,,,,,,,,,,,,,,,,,,,,,,,,,,,
12011,800,12069,,,0,0,0,0,0,0,0,0,0,0,0,0,0,0,0,3,3,3,3,3,3,3,3,3,3,3,3,3,3,3,3,3,3,3,3,3,3,3,3,1,1,1,1,0,0,0,0,0,0,,,,,,,,,,,,,,,,,,,,,,,,,,,,,,,,,,,,,,,,,,,,,,,,
12012,1600,12059,11994,,0,0,0,0,0,0,0,0,0,0,0,0,0,0,0,2,2,2,2,2,2,2,2,2,2,2,2,2,2,2,2,2,2,2,2,2,2,2,2,1,1,1,1,0,0,0,0,0,0,,,,,,,,,,,,,,,,,,,,,,,,,,,,,,,,,,,,,,,,,,,,,,,,
12013,3000,12037,12031,12004;7872,2,56,56,57,57,40,40,43,43,50,50,55,55,154,154,1096,1096,1258,1258,1162,1162,1148,1148,1041,1041,998,998,962,962,1043,1043,1043,1043,1045,1045,1126,1126,1085,1085,529,529,327,327,211,211,154,154,85,85,,,,,,,,,,,,,,,,,,,,,,,,,,,,,,,,,,,,,,,,,,,,,,,,
12014,800,12065,,,0,0,0,0,0,0,0,0,0,0,0,0,0,0,0,3,3,3,3,3,3,3,3,3,3,3,3,3,3,3,3,3,3,3,3,3,3,3,3,1,1,1,1,0,0,0,0,0,0,,,,,,,,,,,,,,,,,,,,,,,,,,,,,,,,,,,,,,,,,,,,,,,,
12015,1200,12010,12022,,0,0,0,0,0,0,0,0,0,0,0,0,0,0,0,4,4,4,4,4,4,4,4,4,4,4,4,3,3,4,4,4,4,4,4,4,4,4,4,1,1,1,1,1,1,0,0,0,0,,,,,,,,,,,,,,,,,,,,,,,,,,,,,,,,,,,,,,,,,,,,,,,,
12016,1200,11991,12044,,0,0,0,0,0,0,0,0,0,0,0,0,0,0,0,2,2,2,2,2,2,2,2,2,2,1,1,1,1,2,2,2,2,2,2,2,2,2,2,1,1,0,0,0,0,0,0,0,0,,,,,,,,,,,,,,,,,,,,,,,,,,,,,,,,,,,,,,,,,,,,,,,,
12017,800,12077,12075,,0,0,0,0,0,0,0,0,0,0,0,0,0,0,0,3,3,3,3,3,3,3,3,3,3,2,2,2,2,3,3,3,3,3,3,3,3,3,3,1,1,1,1,0,0,0,0,0,0,,,,,,,,,,,,,,,,,,,,,,,,,,,,,,,,,,,,,,,,,,,,,,,,
12018,600,12074,12073,,0,0,0,0,0,0,0,0,0,0,0,0,0,0,0,4,4,4,4,4,4,4,4,4,4,4,4,3,3,4,4,4,4,4,4,4,4,4,4,1,1,1,1,1,1,0,0,0,0,,,,,,,,,,,,,,,,,,,,,,,,,,,,,,,,,,,,,,,,,,,,,,,,
12019,300,7871,12044,12021,1,0,0,0,0,0,0,0,0,0,0,0,0,0,0,3,3,3,3,3,3,3,3,3,3,3,3,3,3,3,3,3,3,3,3,3,3,3,3,1,1,1,1,1,1,0,0,0,0,,,,,,,,,,,,,,,,,,,,,,,,,,,,,,,,,,,,,,,,,,,,,,,,
12020,2000,12022,12002,,0,54,54,54,54,38,38,41,41,48,48,53,53,149,149,1126,1126,1279,1279,1185,1185,1176,1176,1064,1064,1030,1030,978,978,1073,1073,1075,1075,1072,1072,1157,1157,1124,1124,530,530,326,326,208,208,152,152,86,86,,,,,,,,,,,,,,,,,,,,,,,,,,,,,,,,,,,,,,,,,,,,,,,,
12021,300,4280,12019,,0,1,1,1,1,0,0,0,0,1,1,1,1,2,2,12,12,14,14,13,13,13,13,12,12,11,11,12,12,11,11,12,12,12,12,13,13,11,11,5,5,3,3,2,2,2,2,1,1,,,,,,,,,,,,,,,,,,,,,,,,,,,,,,,,,,,,,,,,,,,,,,,,
12022,1200,12020,12072,12015;7905,2,0,0,0,0,0,0,0,0,0,0,0,0,0,0,4,4,4,4,4,4,4,4,4,4,4,4,3,3,4,4,4,4,4,4,4,4,4,4,2,2,1,1,1,1,0,0,0,0,,,,,,,,,,,,,,,,,,,,,,,,,,,,,,,,,,,,,,,,,,,,,,,,
12023,4400,11944,12055,11943,1,56,56,57,57,40,40,43,43,50,50,55,55,154,154,1096,1096,1258,1258,1162,1162,1148,1148,1041,1041,998,998,962,962,1043,1043,1043,1043,1045,1045,1126,1126,1085,1085,529,529,327,327,211,211,154,154,85,85,,,,,,,,,,,,,,,,,,,,,,,,,,,,,,,,,,,,,,,,,,,,,,,,
12024,4000,12121,7903,12062;12025;7162;7889,4,56,56,57,57,40,40,43,43,50,50,55,55,154,154,1096,1096,1258,1258,1162,1162,1148,1148,1041,1041,998,998,962,962,1043,1043,1043,1043,1045,1045,1126,1126,1085,1085,529,529,327,327,211,211,154,154,85,85,,,,,,,,,,,,,,,,,,,,,,,,,,,,,,,,,,,,,,,,,,,,,,,,
12025,2000,12024,12061,,0,56,56,57,57,40,40,43,43,50,50,55,55,154,154,1096,1096,1258,1258,1162,1162,1148,1148,1041,1041,998,998,962,962,1043,1043,1043,1043,1045,1045,1126,1126,1085,1085,529,529,327,327,211,211,154,154,85,85,,,,,,,,,,,,,,,,,,,,,,,,,,,,,,,,,,,,,,,,,,,,,,,,
12026,1200,12079,7927,,0,0,0,0,0,0,0,0,0,0,0,0,0,0,0,4,4,5,5,4,4,4,4,4,4,4,4,4,4,4,4,4,4,4,4,4,4,4,4,2,2,1,1,1,1,0,0,0,0,,,,,,,,,,,,,,,,,,,,,,,,,,,,,,,,,,,,,,,,,,,,,,,,
12027,800,12053,12098,,0,0,0,0,0,0,0,0,0,0,0,0,0,0,0,2,2,3,3,2,2,2,2,2,2,2,2,2,2,2,2,2,2,2,2,2,2,2,2,1,1,1,1,0,0,0,0,0,0,,,,,,,,,,,,,,,,,,,,,,,,,,,,,,,,,,,,,,,,,,,,,,,,
12028,1200,7173,12051,,0,53,53,55,55,38,38,42,42,48,48,53,53,146,146,715,715,891,891,804,804,768,768,707,707,638,638,676,676,679,679,669,669,696,696,738,738,671,671,411,411,264,264,178,178,130,130,66,66,,,,,,,,,,,,,,,,,,,,,,,,,,,,,,,,,,,,,,,,,,,,,,,,
12029,800,7169,11996,,0,0,0,0,0,0,0,0,0,0,0,0,0,0,0,4,4,5,5,4,4,4,4,4,4,4,4,4,4,4,4,4,4,4,4,4,4,4,4,2,2,1,1,1,1,0,0,0,0,,,,,,,,,,,,,,,,,,,,,,,,,,,,,,,,,,,,,,,,,,,,,,,,
12030,1200,12049,7886,,0,0,0,0,0,0,0,0,0,0,0,0,0,1,1,4,4,5,5,4,4,4,4,4,4,4,4,4,4,4,4,4,4,4,4,4,4,4,4,2,2,1,1,1,1,1,1,0,0,,,,,,,,,,,,,,,,,,,,,,,,,,,,,,,,,,,,,,,,,,,,,,,,
12031,1500,12036,12013,,0,56,56,57,57,40,40,43,43,50,50,55,55,154,154,1096,1096,1258,1258,1162,1162,1148,1148,1041,1041,998,998,962,962,1043,1043,1043,1043,1045,1045,1126,1126,1085,1085,529,529,327,327,211,211,154,154,85,85,,,,,,,,,,,,,,,,,,,,,,,,,,,,,,,,,,,,,,,,,,,,,,,,
12032,3500,12067,12148,,0,54,54,54,54,38,38,41,41,48,48,53,53,149,149,1126,1126,1279,1279,1185,1185,1176,1176,1064,1064,1030,1030,978,978,1073,1073,1075,1075,1072,1072,1157,1157,1124,1124,530,530,326,326,208,208,152,152,86,86,,,,,,,,,,,,,,,,,,,,,,,,,,,,,,,,,,,,,,,,,,,,,,,,
12033,4400,12174,,,0,54,54,54,54,38,38,41,41,48,48,53,53,149,149,1126,1126,1279,1279,1185,1185,1176,1176,1064,1064,1030,1030,978,978,1073,1073,1075,1075,1072,1072,1157,1157,1124,1124,530,530,326,326,208,208,152,152,86,86,,,,,,,,,,,,,,,,,,,,,,,,,,,,,,,,,,,,,,,,,,,,,,,,
12034,3000,12147,12348,12383,1,56,56,57,57,40,40,43,43,50,50,55,55,154,154,1096,1096,1258,1258,1162,1162,1148,1148,1041,1041,998,998,962,962,1043,1043,1043,1043,1045,1045,1126,1126,1085,1085,529,529,327,327,211,211,154,154,85,85,,,,,,,,,,,,,,,,,,,,,,,,,,,,,,,,,,,,,,,,,,,,,,,,
12035,2000,12036,7871,,0,56,56,57,57,40,40,43,43,50,50,55,55,154,154,1096,1096,1258,1258,1162,1162,1148,1148,1041,1041,998,998,962,962,1043,1043,1043,1043,1045,1045,1126,1126,1085,1085,529,529,327,327,211,211,154,154,85,85,,,,,,,,,,,,,,,,,,,,,,,,,,,,,,,,,,,,,,,,,,,,,,,,
12036,2000,12035,12031,7183,1,56,56,57,57,40,40,43,43,50,50,55,55,154,154,1096,1096,1258,1258,1162,1162,1148,1148,1041,1041,998,998,962,962,1043,1043,1043,1043,1045,1045,1126,1126,1085,1085,529,529,327,327,211,211,154,154,85,85,,,,,,,,,,,,,,,,,,,,,,,,,,,,,,,,,,,,,,,,,,,,,,,,
12037,1200,12013,12038,,0,0,0,0,0,0,0,0,0,0,0,0,0,0,0,2,2,2,2,2,2,2,2,2,2,2,2,2,2,2,2,2,2,2,2,2,2,2,2,1,1,1,1,0,0,0,0,0,0,,,,,,,,,,,,,,,,,,,,,,,,,,,,,,,,,,,,,,,,,,,,,,,,
12038,1600,12037,12007,7174,1,0,0,0,0,0,0,0,0,0,0,0,0,0,0,2,2,2,2,2,2,2,2,1,1,1,1,1,1,1,1,1,1,1,1,2,2,1,1,1,1,0,0,0,0,0,0,0,0,,,,,,,,,,,,,,,,,,,,,,,,,,,,,,,,,,,,,,,,,,,,,,,,
12039,4000,12041,11846,,0,62,62,64,64,45,45,48,48,56,56,61,61,171,171,997,997,1192,1192,1088,1088,1057,1057,966,966,899,899,908,908,948,948,941,941,960,960,1026,1026,962,962,526,526,332,332,220,220,160,160,85,85,,,,,,,,,,,,,,,,,,,,,,,,,,,,,,,,,,,,,,,,,,,,,,,,
12040,3300,4407,12041,,0,62,62,64,64,45,45,48,48,56,56,61,61,171,171,997,997,1192,1192,1088,1088,1057,1057,966,966,899,899,908,908,948,948,941,941,960,960,1026,1026,962,962,526,526,332,332,220,220,160,160,85,85,,,,,,,,,,,,,,,,,,,,,,,,,,,,,,,,,,,,,,,,,,,,,,,,
12041,1200,12039,11847,12040,1,1,1,1,1,1,1,1,1,1,1,1,1,2,2,11,11,13,13,12,12,12,12,11,11,10,10,10,10,10,10,10,10,11,11,11,11,11,11,6,6,4,4,2,2,2,2,1,1,,,,,,,,,,,,,,,,,,,,,,,,,,,,,,,,,,,,,,,,,,,,,,,,
12042,3500,11846,12043,,0,62,62,64,64,45,45,48,48,56,56,61,61,171,171,997,997,1192,1192,1088,1088,1057,1057,966,966,899,899,908,908,948,948,941,941,960,960,1026,1026,962,962,526,526,332,332,220,220,160,160,85,85,,,,,,,,,,,,,,,,,,,,,,,,,,,,,,,,,,,,,,,,,,,,,,,,
12043,2500,11843,11844,12042,1,62,62,64,64,45,45,48,48,56,56,61,61,171,171,997,997,1192,1192,1088,1088,1057,1057,966,966,899,899,908,908,948,948,941,941,960,960,1026,1026,962,962,526,526,332,332,220,220,160,160,85,85,,,,,,,,,,,,,,,,,,,,,,,,,,,,,,,,,,,,,,,,,,,,,,,,
12044,300,4298,12019,12016,1,0,0,0,0,0,0,0,0,0,0,0,0,0,0,2,2,2,2,2,2,2,2,2,2,2,2,1,1,2,2,2,2,2,2,2,2,2,2,1,1,1,1,0,0,0,0,0,0,,,,,,,,,,,,,,,,,,,,,,,,,,,,,,,,,,,,,,,,,,,,,,,,
12045,2000,4335,12046,11975,1,56,56,57,57,40,40,43,43,50,50,55,55,154,154,1096,1096,1258,1258,1162,1162,1148,1148,1041,1041,998,998,962,962,1043,1043,1043,1043,1045,1045,1126,1126,1085,1085,529,529,327,327,211,211,154,154,85,85,,,,,,,,,,,,,,,,,,,,,,,,,,,,,,,,,,,,,,,,,,,,,,,,
12046,1200,12045,12047,,0,0,0,0,0,0,0,0,0,0,0,0,0,0,0,3,3,3,3,3,3,3,3,3,3,3,3,3,3,3,3,3,3,3,3,3,3,3,3,1,1,1,1,1,1,0,0,0,0,,,,,,,,,,,,,,,,,,,,,,,,,,,,,,,,,,,,,,,,,,,,,,,,
12047,800,11968,11998,12046,1,0,0,0,0,0,0,0,0,0,0,0,0,0,0,3,3,4,4,3,3,3,3,3,3,3,3,3,3,3,3,3,3,3,3,3,3,3,3,2,2,1,1,1,1,0,0,0,0,,,,,,,,,,,,,,,,,,,,,,,,,,,,,,,,,,,,,,,,,,,,,,,,
12048,1600,11988,12049,,0,0,0,0,0,0,0,0,0,0,0,0,0,0,0,3,3,3,3,3,3,3,3,2,2,2,2,2,2,2,2,2,2,2,2,3,3,2,2,1,1,1,1,1,1,0,0,0,0,,,,,,,,,,,,,,,,,,,,,,,,,,,,,,,,,,,,,,,,,,,,,,,,
12049,1200,12030,12007,12048,1,0,0,0,0,0,0,0,0,0,0,0,0,0,0,2,2,2,2,2,2,2,2,2,2,1,1,1,1,2,2,2,2,2,2,2,2,2,2,1,1,1,1,0,0,0,0,0,0,,,,,,,,,,,,,,,,,,,,,,,,,,,,,,,,,,,,,,,,,,,,,,,,
12050,1200,11988,12051,,0,0,0,0,0,0,0,0,0,0,0,0,0,0,0,3,3,3,3,3,3,3,3,3,3,3,3,2,2,3,3,3,3,3,3,3,3,3,3,1,1,1,1,1,1,0,0,0,0,,,,,,,,,,,,,,,,,,,,,,,,,,,,,,,,,,,,,,,,,,,,,,,,
12051,1200,12028,12050,12001,1,0,0,0,0,0,0,0,0,0,0,0,0,0,0,2,2,3,3,2,2,2,2,2,2,2,2,2,2,2,2,2,2,2,2,2,2,2,2,1,1,1,1,0,0,0,0,0,0,,,,,,,,,,,,,,,,,,,,,,,,,,,,,,,,,,,,,,,,,,,,,,,,
12052,800,12053,7168,,0,0,0,0,0,0,0,0,0,0,0,0,0,1,1,4,4,5,5,4,4,4,4,4,4,4,4,4,4,4,4,4,4,4,4,4,4,4,4,2,2,1,1,1,1,1,1,0,0,,,,,,,,,,,,,,,,,,,,,,,,,,,,,,,,,,,,,,,,,,,,,,,,
12053,1200,12027,12052,12001,1,0,0,0,0,0,0,0,0,0,0,0,0,0,0,2,2,2,2,2,2,2,2,2,2,2,2,1,1,2,2,2,2,2,2,2,2,2,2,1,1,1,1,0,0,0,0,0,0,,,,,,,,,,,,,,,,,,,,,,,,,,,,,,,,,,,,,,,,,,,,,,,,
12054,4400,7164,12055,,0,42,42,39,39,28,28,29,29,34,34,39,39,112,112,1343,1343,1424,1424,1347,1347,1375,1375,1229,1229,1247,1247,1096,1096,1282,1282,1299,1299,1257,1257,1375,1375,1394,1394,536,536,316,316,190,190,140,140,87,87,,,,,,,,,,,,,,,,,,,,,,,,,,,,,,,,,,,,,,,,,,,,,,,,
12055,1600,12023,11997,12054,1,0,0,0,0,0,0,0,0,0,0,0,0,0,0,2,2,3,3,2,2,2,2,2,2,2,2,2,2,2,2,2,2,2,2,2,2,2,2,1,1,1,1,0,0,0,0,0,0,,,,,,,,,,,,,,,,,,,,,,,,,,,,,,,,,,,,,,,,,,,,,,,,
12056,1500,12057,7164,,0,56,56,57,57,40,40,43,43,50,50,55,55,154,154,1096,1096,1258,1258,1162,1162,1148,1148,1041,1041,998,998,962,962,1043,1043,1043,1043,1045,1045,1126,1126,1085,1085,529,529,327,327,211,211,154,154,85,85,,,,,,,,,,,,,,,,,,,,,,,,,,,,,,,,,,,,,,,,,,,,,,,,
12057,2000,12058,12056,7887,1,56,56,57,57,40,40,43,43,50,50,55,55,154,154,1096,1096,1258,1258,1162,1162,1148,1148,1041,1041,998,998,962,962,1043,1043,1043,1043,1045,1045,1126,1126,1085,1085,529,529,327,327,211,211,154,154,85,85,,,,,,,,,,,,,,,,,,,,,,,,,,,,,,,,,,,,,,,,,,,,,,,,
12058,1200,12057,12059,,0,0,0,0,0,0,0,0,0,0,0,0,0,1,1,3,3,4,4,4,4,4,4,3,3,3,3,3,3,3,3,3,3,3,3,3,3,3,3,2,2,1,1,1,1,0,0,0,0,,,,,,,,,,,,,,,,,,,,,,,,,,,,,,,,,,,,,,,,,,,,,,,,
12059,1600,12058,12060,12012,1,0,0,0,0,0,0,0,0,0,0,0,0,0,0,2,2,2,2,2,2,2,2,2,2,2,2,2,2,2,2,2,2,2,2,2,2,2,2,1,1,1,1,0,0,0,0,0,0,,,,,,,,,,,,,,,,,,,,,,,,,,,,,,,,,,,,,,,,,,,,,,,,
12060,2000,12061,12059,,0,56,56,57,57,40,40,43,43,50,50,55,55,154,154,1096,1096,1258,1258,1162,1162,1148,1148,1041,1041,998,998,962,962,1043,1043,1043,1043,1045,1045,1126,1126,1085,1085,529,529,327,327,211,211,154,154,85,85,,,,,,,,,,,,,,,,,,,,,,,,,,,,,,,,,,,,,,,,,,,,,,,,
12061,2000,12025,12060,12005,1,56,56,57,57,40,40,43,43,50,50,55,55,154,154,1096,1096,1258,1258,1162,1162,1148,1148,1041,1041,998,998,962,962,1043,1043,1043,1043,1045,1045,1126,1126,1085,1085,529,529,327,327,211,211,154,154,85,85,,,,,,,,,,,,,,,,,,,,,,,,,,,,,,,,,,,,,,,,,,,,,,,,
12062,1200,12024,12063,,0,0,0,0,0,0,0,0,0,0,0,0,0,0,0,2,2,3,3,2,2,2,2,2,2,2,2,2,2,2,2,2,2,2,2,2,2,2,2,1,1,1,1,0,0,0,0,0,0,,,,,,,,,,,,,,,,,,,,,,,,,,,,,,,,,,,,,,,,,,,,,,,,
12063,1600,12117,12062,11981,1,0,0,0,0,0,0,0,0,0,0,0,0,0,0,3,3,4,4,4,4,3,3,3,3,3,3,3,3,3,3,3,3,3,3,3,3,3,3,2,2,1,1,1,1,0,0,0,0,,,,,,,,,,,,,,,,,,,,,,,,,,,,,,,,,,,,,,,,,,,,,,,,
12064,3000,7785,12065,,0,67,67,70,70,49,49,53,53,62,62,67,67,186,186,910,910,1134,1134,1023,1023,977,977,900,900,812,812,861,861,864,864,851,851,886,886,939,939,854,854,524,524,336,336,227,227,165,165,84,84,,,,,,,,,,,,,,,,,,,,,,,,,,,,,,,,,,,,,,,,,,,,,,,,
12065,1200,12014,12064,12066,1,33,33,31,31,22,22,23,23,26,26,31,31,88,88,1055,1055,1119,1119,1058,1058,1080,1080,966,966,980,980,861,861,1008,1008,1021,1021,988,988,1080,1080,1096,1096,421,421,249,249,150,150,110,110,68,68,,,,,,,,,,,,,,,,,,,,,,,,,,,,,,,,,,,,,,,,,,,,,,,,
12066,2500,12067,,12065,1,54,54,54,54,38,38,41,41,48,48,53,53,149,149,1126,1126,1279,1279,1185,1185,1176,1176,1064,1064,1030,1030,978,978,1073,1073,1075,1075,1072,1072,1157,1157,1124,1124,530,530,326,326,208,208,152,152,86,86,,,,,,,,,,,,,,,,,,,,,,,,,,,,,,,,,,,,,,,,,,,,,,,,
12067,500,12066,12000,12032,1,54,54,54,54,38,38,41,41,48,48,53,53,149,149,1126,1126,1279,1279,1185,1185,1176,1176,1064,1064,1030,1030,978,978,1073,1073,1075,1075,1072,1072,1157,1157,1124,1124,530,530,326,326,208,208,152,152,86,86,,,,,,,,,,,,,,,,,,,,,,,,,,,,,,,,,,,,,,,,,,,,,,,,
12068,3500,12069,12002,12003,1,54,54,54,54,38,38,41,41,48,48,53,53,149,149,1126,1126,1279,1279,1185,1185,1176,1176,1064,1064,1030,1030,978,978,1073,1073,1075,1075,1072,1072,1157,1157,1124,1124,530,530,326,326,208,208,152,152,86,86,,,,,,,,,,,,,,,,,,,,,,,,,,,,,,,,,,,,,,,,,,,,,,,,
12069,400,12011,7195,12068,1,0,0,0,0,0,0,0,0,0,0,0,0,0,0,4,4,4,4,4,4,4,4,3,3,3,3,3,3,3,3,4,4,3,3,4,4,4,4,1,1,1,1,1,1,0,0,0,0,,,,,,,,,,,,,,,,,,,,,,,,,,,,,,,,,,,,,,,,,,,,,,,,
12070,800,11974,12071,,0,0,0,0,0,0,0,0,0,0,0,0,0,0,0,3,3,3,3,3,3,3,3,3,3,3,3,2,2,3,3,3,3,3,3,3,3,3,3,1,1,1,1,0,0,0,0,0,0,,,,,,,,,,,,,,,,,,,,,,,,,,,,,,,,,,,,,,,,,,,,,,,,
12071,400,11987,12070,12008,1,0,0,0,0,0,0,0,0,0,0,0,0,0,0,2,2,3,3,2,2,2,2,2,2,2,2,2,2,2,2,2,2,2,2,2,2,2,2,1,1,1,1,0,0,0,0,0,0,,,,,,,,,,,,,,,,,,,,,,,,,,,,,,,,,,,,,,,,,,,,,,,,
12072,300,12022,12073,,0,0,0,0,0,0,0,0,0,0,0,0,0,0,0,4,4,5,5,4,4,4,4,4,4,4,4,4,4,4,4,4,4,4,4,4,4,4,4,2,2,1,1,1,1,0,0,0,0,,,,,,,,,,,,,,,,,,,,,,,,,,,,,,,,,,,,,,,,,,,,,,,,
12073,600,12018,12072,7910,1,0,0,0,0,0,0,0,0,0,0,0,0,0,0,4,4,5,5,4,4,4,4,4,4,4,4,4,4,4,4,4,4,4,4,4,4,4,4,2,2,1,1,1,1,0,0,0,0,,,,,,,,,,,,,,,,,,,,,,,,,,,,,,,,,,,,,,,,,,,,,,,,
12074,1200,12075,12010,12018,1,0,0,0,0,0,0,0,0,0,0,0,0,0,0,3,3,4,4,4,4,4,4,3,3,3,3,3,3,3,3,3,3,3,3,4,4,4,4,1,1,1,1,0,0,0,0,0,0,,,,,,,,,,,,,,,,,,,,,,,,,,,,,,,,,,,,,,,,,,,,,,,,
12075,300,12074,12017,7926,1,0,0,0,0,0,0,0,0,0,0,0,0,0,0,3,3,3,3,3,3,3,3,3,3,3,3,2,2,3,3,3,3,3,3,3,3,3,3,1,1,1,1,0,0,0,0,0,0,,,,,,,,,,,,,,,,,,,,,,,,,,,,,,,,,,,,,,,,,,,,,,,,
12076,800,12077,11982,,0,0,0,0,0,0,0,0,0,0,0,0,0,0,0,3,3,3,3,3,3,3,3,3,3,3,3,2,2,3,3,3,3,3,3,3,3,3,3,1,1,1,1,0,0,0,0,0,0,,,,,,,,,,,,,,,,,,,,,,,,,,,,,,,,,,,,,,,,,,,,,,,,
12077,300,12017,12078,12076,1,0,0,0,0,0,0,0,0,0,0,0,0,0,0,4,4,4,4,4,4,4,4,4,4,4,4,3,3,4,4,4,4,4,4,4,4,4,4,1,1,1,1,1,1,0,0,0,0,,,,,,,,,,,,,,,,,,,,,,,,,,,,,,,,,,,,,,,,,,,,,,,,
12078,500,12077,12079,,0,54,54,54,54,38,38,41,41,48,48,53,53,149,149,1126,1126,1279,1279,1185,1185,1176,1176,1064,1064,1030,1030,978,978,1073,1073,1075,1075,1072,1072,1157,1157,1124,1124,530,530,326,326,208,208,152,152,86,86,,,,,,,,,,,,,,,,,,,,,,,,,,,,,,,,,,,,,,,,,,,,,,,,
12079,500,12078,11995,12026,1,54,54,54,54,38,38,41,41,48,48,53,53,149,149,1126,1126,1279,1279,1185,1185,1176,1176,1064,1064,1030,1030,978,978,1073,1073,1075,1075,1072,1072,1157,1157,1124,1124,530,530,326,326,208,208,152,152,86,86,,,,,,,,,,,,,,,,,,,,,,,,,,,,,,,,,,,,,,,,,,,,,,,,
12080,3500,11979,11996,11980,1,54,54,54,54,38,38,41,41,48,48,53,53,149,149,1126,1126,1279,1279,1185,1185,1176,1176,1064,1064,1030,1030,978,978,1073,1073,1075,1075,1072,1072,1157,1157,1124,1124,530,530,326,326,208,208,152,152,86,86,,,,,,,,,,,,,,,,,,,,,,,,,,,,,,,,,,,,,,,,,,,,,,,,
12081,300,,11993,12082,1,0,0,0,0,0,0,0,0,0,0,0,0,0,0,4,4,4,4,4,4,4,4,3,3,3,3,3,3,3,3,3,3,3,3,4,4,4,4,1,1,1,1,0,0,0,0,0,0,,,,,,,,,,,,,,,,,,,,,,,,,,,,,,,,,,,,,,,,,,,,,,,,
12082,800,601,12081,602,1,0,0,0,0,0,0,0,0,0,0,0,0,0,0,4,4,5,5,4,4,4,4,4,4,4,4,4,4,4,4,4,4,4,4,4,4,4,4,2,2,1,1,1,1,0,0,0,0,,,,,,,,,,,,,,,,,,,,,,,,,,,,,,,,,,,,,,,,,,,,,,,,
12083,2000,12084,11965,,0,56,56,57,57,40,40,43,43,50,50,55,55,154,154,1096,1096,1258,1258,1162,1162,1148,1148,1041,1041,998,998,962,962,1043,1043,1043,1043,1045,1045,1126,1126,1085,1085,529,529,327,327,211,211,154,154,85,85,,,,,,,,,,,,,,,,,,,,,,,,,,,,,,,,,,,,,,,,,,,,,,,,
12084,2000,11949,11946,12083,1,56,56,57,57,40,40,43,43,50,50,55,55,154,154,1096,1096,1258,1258,1162,1162,1148,1148,1041,1041,998,998,962,962,1043,1043,1043,1043,1045,1045,1126,1126,1085,1085,529,529,327,327,211,211,154,154,85,85,,,,,,,,,,,,,,,,,,,,,,,,,,,,,,,,,,,,,,,,,,,,,,,,
12085,1200,12086,11955,,0,0,0,0,0,0,0,0,0,0,0,0,0,0,0,1,1,1,1,1,1,1,1,1,1,1,1,1,1,1,1,1,1,1,1,1,1,1,1,0,0,0,0,0,0,0,0,0,0,,,,,,,,,,,,,,,,,,,,,,,,,,,,,,,,,,,,,,,,,,,,,,,,
12086,600,11985,11972,12085,1,0,0,0,0,0,0,0,0,0,0,0,0,0,0,1,1,1,1,1,1,1,1,1,1,1,1,1,1,1,1,1,1,1,1,1,1,1,1,0,0,0,0,0,0,0,0,0,0,,,,,,,,,,,,,,,,,,,,,,,,,,,,,,,,,,,,,,,,,,,,,,,,
12087,1200,12088,11936,,0,0,0,0,0,0,0,0,0,0,0,0,0,0,0,2,2,2,2,2,2,2,2,1,1,1,1,1,1,1,1,1,1,1,1,2,2,1,1,1,1,0,0,0,0,0,0,0,0,,,,,,,,,,,,,,,,,,,,,,,,,,,,,,,,,,,,,,,,,,,,,,,,
12088,800,11919,11933,12087,1,0,0,0,0,0,0,0,0,0,0,0,0,0,0,2,2,2,2,2,2,2,2,2,2,2,2,2,2,2,2,2,2,2,2,2,2,2,2,1,1,1,1,0,0,0,0,0,0,,,,,,,,,,,,,,,,,,,,,,,,,,,,,,,,,,,,,,,,,,,,,,,,
12089,1600,12090,11917,,0,0,0,0,0,0,0,0,0,0,0,0,0,0,0,3,3,3,3,3,3,3,3,3,3,2,2,2,2,3,3,3,3,3,3,3,3,3,3,1,1,1,1,1,1,0,0,0,0,,,,,,,,,,,,,,,,,,,,,,,,,,,,,,,,,,,,,,,,,,,,,,,,
12090,800,11919,12089,12091,1,0,0,0,0,0,0,0,0,0,0,0,0,1,1,4,4,4,4,4,4,4,4,3,3,3,3,3,3,3,3,3,3,3,3,4,4,3,3,2,2,1,1,1,1,1,1,0,0,,,,,,,,,,,,,,,,,,,,,,,,,,,,,,,,,,,,,,,,,,,,,,,,
12091,2000,12090,12092,,0,56,56,57,57,40,40,43,43,50,50,55,55,154,154,1096,1096,1258,1258,1162,1162,1148,1148,1041,1041,998,998,962,962,1043,1043,1043,1043,1045,1045,1126,1126,1085,1085,529,529,327,327,211,211,154,154,85,85,,,,,,,,,,,,,,,,,,,,,,,,,,,,,,,,,,,,,,,,,,,,,,,,
12092,2500,12091,11914,11903,1,56,56,57,57,40,40,43,43,50,50,55,55,154,154,1096,1096,1258,1258,1162,1162,1148,1148,1041,1041,998,998,962,962,1043,1043,1043,1043,1045,1045,1126,1126,1085,1085,529,529,327,327,211,211,154,154,85,85,,,,,,,,,,,,,,,,,,,,,,,,,,,,,,,,,,,,,,,,,,,,,,,,
12093,1200,12094,11894,,0,0,0,0,0,0,0,0,0,0,0,0,0,0,0,2,2,2,2,2,2,2,2,2,2,2,2,2,2,2,2,2,2,2,2,2,2,2,2,1,1,1,1,0,0,0,0,0,0,,,,,,,,,,,,,,,,,,,,,,,,,,,,,,,,,,,,,,,,,,,,,,,,
12094,1600,12095,12093,11903,1,0,0,0,0,0,0,0,0,0,0,0,0,0,0,1,1,1,1,1,1,1,1,1,1,1,1,1,1,1,1,1,1,1,1,1,1,1,1,0,0,0,0,0,0,0,0,0,0,,,,,,,,,,,,,,,,,,,,,,,,,,,,,,,,,,,,,,,,,,,,,,,,
12095,1200,12096,12094,,0,0,0,0,0,0,0,0,0,0,0,0,0,0,0,1,1,1,1,1,1,1,1,1,1,1,1,1,1,1,1,1,1,1,1,1,1,1,1,1,1,0,0,0,0,0,0,0,0,,,,,,,,,,,,,,,,,,,,,,,,,,,,,,,,,,,,,,,,,,,,,,,,
12096,1200,11891,12095,11875,1,0,0,0,0,0,0,0,0,0,0,0,0,0,0,2,2,2,2,2,2,2,2,2,2,2,2,2,2,2,2,2,2,2,2,2,2,2,2,1,1,1,1,0,0,0,0,0,0,,,,,,,,,,,,,,,,,,,,,,,,,,,,,,,,,,,,,,,,,,,,,,,,
12097,2000,12098,11988,,0,56,56,57,57,40,40,43,43,50,50,55,55,154,154,1096,1096,1258,1258,1162,1162,1148,1148,1041,1041,998,998,962,962,1043,1043,1043,1043,1045,1045,1126,1126,1085,1085,529,529,327,327,211,211,154,154,85,85,,,,,,,,,,,,,,,,,,,,,,,,,,,,,,,,,,,,,,,,,,,,,,,,
12098,2000,12097,11978,12027,1,56,56,57,57,40,40,43,43,50,50,55,55,154,154,1096,1096,1258,1258,1162,1162,1148,1148,1041,1041,998,998,962,962,1043,1043,1043,1043,1045,1045,1126,1126,1085,1085,529,529,327,327,211,211,154,154,85,85,,,,,,,,,,,,,,,,,,,,,,,,,,,,,,,,,,,,,,,,,,,,,,,,
12099,2000,11900,12100,,0,67,67,70,70,49,49,53,53,62,62,67,67,186,186,910,910,1134,1134,1023,1023,977,977,900,900,812,812,861,861,864,864,851,851,886,886,939,939,854,854,524,524,336,336,227,227,165,165,84,84,,,,,,,,,,,,,,,,,,,,,,,,,,,,,,,,,,,,,,,,,,,,,,,,
121,800,,480,,0,0,0,0,0,0,0,0,0,0,0,0,0,0,0,4,4,4,4,4,4,4,4,4,4,3,3,4,4,3,3,4,4,4,4,4,4,4,4,1,1,1,1,0,0,0,0,0,0,,,,,,,,,,,,,,,,,,,,,,,,,,,,,,,,,,,,,,,,,,,,,,,,
12100,2500,11914,12109,12101;12099,2,56,56,57,57,40,40,43,43,50,50,55,55,154,154,1096,1096,1258,1258,1162,1162,1148,1148,1041,1041,998,998,962,962,1043,1043,1043,1043,1045,1045,1126,1126,1085,1085,529,529,327,327,211,211,154,154,85,85,,,,,,,,,,,,,,,,,,,,,,,,,,,,,,,,,,,,,,,,,,,,,,,,
12101,4000,,12100,12102,1,56,56,57,57,40,40,43,43,50,50,55,55,154,154,1096,1096,1258,1258,1162,1162,1148,1148,1041,1041,998,998,962,962,1043,1043,1043,1043,1045,1045,1126,1126,1085,1085,529,529,327,327,211,211,154,154,85,85,,,,,,,,,,,,,,,,,,,,,,,,,,,,,,,,,,,,,,,,,,,,,,,,
12102,2500,11898,11891,12101,1,56,56,57,57,40,40,43,43,50,50,55,55,154,154,1096,1096,1258,1258,1162,1162,1148,1148,1041,1041,998,998,962,962,1043,1043,1043,1043,1045,1045,1126,1126,1085,1085,529,529,327,327,211,211,154,154,85,85,,,,,,,,,,,,,,,,,,,,,,,,,,,,,,,,,,,,,,,,,,,,,,,,
12103,1500,11900,12104,,0,56,56,57,57,40,40,43,43,50,50,55,55,154,154,1096,1096,1258,1258,1162,1162,1148,1148,1041,1041,998,998,962,962,1043,1043,1043,1043,1045,1045,1126,1126,1085,1085,529,529,327,327,211,211,154,154,85,85,,,,,,,,,,,,,,,,,,,,,,,,,,,,,,,,,,,,,,,,,,,,,,,,
12104,800,12105,11881,12103,1,0,0,0,0,0,0,0,0,0,0,0,0,0,0,3,3,4,4,3,3,3,3,3,3,3,3,3,3,3,3,3,3,3,3,3,3,3,3,2,2,1,1,1,1,0,0,0,0,,,,,,,,,,,,,,,,,,,,,,,,,,,,,,,,,,,,,,,,,,,,,,,,
12105,1200,12104,12106,,0,0,0,0,0,0,0,0,0,0,0,0,0,0,0,2,2,3,3,2,2,2,2,2,2,2,2,2,2,2,2,2,2,2,2,2,2,2,2,1,1,1,1,0,0,0,0,0,0,,,,,,,,,,,,,,,,,,,,,,,,,,,,,,,,,,,,,,,,,,,,,,,,
12106,800,11877,11895,12105,1,0,0,0,0,0,0,0,0,0,0,0,0,0,0,2,2,2,2,2,2,2,2,2,2,2,2,2,2,2,2,2,2,2,2,2,2,2,2,1,1,1,1,0,0,0,0,0,0,,,,,,,,,,,,,,,,,,,,,,,,,,,,,,,,,,,,,,,,,,,,,,,,
12107,1200,12108,11866,,0,0,0,0,0,0,0,0,0,0,0,0,0,0,0,2,2,2,2,2,2,2,2,2,2,2,2,2,2,2,2,2,2,2,2,2,2,2,2,1,1,1,1,0,0,0,0,0,0,,,,,,,,,,,,,,,,,,,,,,,,,,,,,,,,,,,,,,,,,,,,,,,,
12108,300,11870,12107,11895,1,0,0,0,0,0,0,0,0,0,0,0,0,0,0,2,2,3,3,2,2,2,2,2,2,2,2,2,2,2,2,2,2,2,2,2,2,2,2,1,1,1,1,0,0,0,0,0,0,,,,,,,,,,,,,,,,,,,,,,,,,,,,,,,,,,,,,,,,,,,,,,,,
12109,1600,12100,12110,,0,0,0,0,0,0,0,0,0,0,0,0,0,0,0,3,3,4,4,3,3,3,3,3,3,3,3,3,3,3,3,3,3,3,3,3,3,3,3,2,2,1,1,1,1,0,0,0,0,,,,,,,,,,,,,,,,,,,,,,,,,,,,,,,,,,,,,,,,,,,,,,,,
12110,800,11881,12109,12111,1,0,0,0,0,0,0,0,0,0,0,0,0,1,1,4,4,4,4,4,4,4,4,3,3,3,3,3,3,3,3,3,3,4,4,4,4,4,4,2,2,1,1,1,1,1,1,0,0,,,,,,,,,,,,,,,,,,,,,,,,,,,,,,,,,,,,,,,,,,,,,,,,
12111,2500,12112,12110,,0,56,56,57,57,40,40,43,43,50,50,55,55,154,154,1096,1096,1258,1258,1162,1162,1148,1148,1041,1041,998,998,962,962,1043,1043,1043,1043,1045,1045,1126,1126,1085,1085,529,529,327,327,211,211,154,154,85,85,,,,,,,,,,,,,,,,,,,,,,,,,,,,,,,,,,,,,,,,,,,,,,,,
12112,800,12111,11877,12113,1,0,0,0,0,0,0,0,0,0,0,0,0,1,1,4,4,4,4,4,4,4,4,4,4,3,3,3,3,4,4,4,4,4,4,4,4,4,4,2,2,1,1,1,1,1,1,0,0,,,,,,,,,,,,,,,,,,,,,,,,,,,,,,,,,,,,,,,,,,,,,,,,
12113,2000,12112,12114,,0,56,56,57,57,40,40,43,43,50,50,55,55,154,154,1096,1096,1258,1258,1162,1162,1148,1148,1041,1041,998,998,962,962,1043,1043,1043,1043,1045,1045,1126,1126,1085,1085,529,529,327,327,211,211,154,154,85,85,,,,,,,,,,,,,,,,,,,,,,,,,,,,,,,,,,,,,,,,,,,,,,,,
12114,300,12113,11870,11880,1,0,0,0,0,0,0,0,0,0,0,0,0,1,1,4,4,4,4,4,4,4,4,3,3,3,3,3,3,3,3,3,3,3,3,4,4,3,3,2,2,1,1,1,1,1,1,0,0,,,,,,,,,,,,,,,,,,,,,,,,,,,,,,,,,,,,,,,,,,,,,,,,
12115,800,12116,11921,,0,0,0,0,0,0,0,0,0,0,0,0,0,0,0,2,2,2,2,2,2,2,2,1,1,1,1,1,1,1,1,1,1,1,1,2,2,2,2,1,1,0,0,0,0,0,0,0,0,,,,,,,,,,,,,,,,,,,,,,,,,,,,,,,,,,,,,,,,,,,,,,,,
12116,300,11907,12115,11910,1,0,0,0,0,0,0,0,0,0,0,0,0,0,0,1,1,2,2,1,1,1,1,1,1,1,1,1,1,1,1,1,1,1,1,1,1,1,1,1,1,0,0,0,0,0,0,0,0,,,,,,,,,,,,,,,,,,,,,,,,,,,,,,,,,,,,,,,,,,,,,,,,
12117,800,12063,12118,,0,0,0,0,0,0,0,0,0,0,0,0,0,0,0,2,2,2,2,2,2,2,2,1,1,1,1,1,1,1,1,1,1,1,1,2,2,2,2,1,1,0,0,0,0,0,0,0,0,,,,,,,,,,,,,,,,,,,,,,,,,,,,,,,,,,,,,,,,,,,,,,,,
12118,1600,12117,12119,11953,1,0,0,0,0,0,0,0,0,0,0,0,0,0,0,1,1,2,2,1,1,1,1,1,1,1,1,1,1,1,1,1,1,1,1,1,1,1,1,1,1,0,0,0,0,0,0,0,0,,,,,,,,,,,,,,,,,,,,,,,,,,,,,,,,,,,,,,,,,,,,,,,,
12119,800,12120,12118,,0,0,0,0,0,0,0,0,0,0,0,0,0,0,0,3,3,3,3,3,3,3,3,3,3,3,3,3,3,3,3,3,3,3,3,3,3,3,3,1,1,1,1,1,1,0,0,0,0,,,,,,,,,,,,,,,,,,,,,,,,,,,,,,,,,,,,,,,,,,,,,,,,
12120,1200,12135,12119,11926,1,0,0,0,0,0,0,0,0,0,0,0,0,1,1,3,3,4,4,4,4,4,4,3,3,3,3,3,3,3,3,3,3,3,3,3,3,3,3,2,2,1,1,1,1,0,0,0,0,,,,,,,,,,,,,,,,,,,,,,,,,,,,,,,,,,,,,,,,,,,,,,,,
12121,2500,12024,12122,,0,56,56,57,57,40,40,43,43,50,50,55,55,154,154,1096,1096,1258,1258,1162,1162,1148,1148,1041,1041,998,998,962,962,1043,1043,1043,1043,1045,1045,1126,1126,1085,1085,529,529,327,327,211,211,154,154,85,85,,,,,,,,,,,,,,,,,,,,,,,,,,,,,,,,,,,,,,,,,,,,,,,,
12122,2500,12121,12137,11923,1,56,56,57,57,40,40,43,43,50,50,55,55,154,154,1096,1096,1258,1258,1162,1162,1148,1148,1041,1041,998,998,962,962,1043,1043,1043,1043,1045,1045,1126,1126,1085,1085,529,529,327,327,211,211,154,154,85,85,,,,,,,,,,,,,,,,,,,,,,,,,,,,,,,,,,,,,,,,,,,,,,,,
12123,1200,12124,11930,,0,0,0,0,0,0,0,0,0,0,0,0,0,0,0,2,2,3,3,3,3,3,3,2,2,2,2,2,2,2,2,2,2,2,2,3,3,2,2,1,1,1,1,0,0,0,0,0,0,,,,,,,,,,,,,,,,,,,,,,,,,,,,,,,,,,,,,,,,,,,,,,,,
12124,300,11926,11920,12123,1,0,0,0,0,0,0,0,0,0,0,0,0,0,0,2,2,2,2,2,2,2,2,2,2,1,1,1,1,2,2,2,2,2,2,2,2,2,2,1,1,0,0,0,0,0,0,0,0,,,,,,,,,,,,,,,,,,,,,,,,,,,,,,,,,,,,,,,,,,,,,,,,
12125,1200,12126,11994,,0,0,0,0,0,0,0,0,0,0,0,0,0,0,0,1,1,1,1,1,1,1,1,1,1,1,1,1,1,1,1,1,1,1,1,1,1,1,1,0,0,0,0,0,0,0,0,0,0,,,,,,,,,,,,,,,,,,,,,,,,,,,,,,,,,,,,,,,,,,,,,,,,
12126,1200,11984,11962,12125,1,0,0,0,0,0,0,0,0,0,0,0,0,0,0,1,1,1,1,1,1,1,1,1,1,1,1,1,1,1,1,1,1,1,1,1,1,1,1,1,1,0,0,0,0,0,0,0,0,,,,,,,,,,,,,,,,,,,,,,,,,,,,,,,,,,,,,,,,,,,,,,,,
12127,1500,11940,12128,,0,56,56,57,57,40,40,43,43,50,50,55,55,154,154,1096,1096,1258,1258,1162,1162,1148,1148,1041,1041,998,998,962,962,1043,1043,1043,1043,1045,1045,1126,1126,1085,1085,529,529,327,327,211,211,154,154,85,85,,,,,,,,,,,,,,,,,,,,,,,,,,,,,,,,,,,,,,,,,,,,,,,,
12128,1200,11937,12127,11927,1,0,0,0,0,0,0,0,0,0,0,0,0,0,0,3,3,3,3,3,3,3,3,3,3,3,3,3,3,3,3,3,3,3,3,3,3,3,3,1,1,1,1,1,1,0,0,0,0,,,,,,,,,,,,,,,,,,,,,,,,,,,,,,,,,,,,,,,,,,,,,,,,
12129,2000,11909,12130,,0,56,56,57,57,40,40,43,43,50,50,55,55,154,154,1096,1096,1258,1258,1162,1162,1148,1148,1041,1041,998,998,962,962,1043,1043,1043,1043,1045,1045,1126,1126,1085,1085,529,529,327,327,211,211,154,154,85,85,,,,,,,,,,,,,,,,,,,,,,,,,,,,,,,,,,,,,,,,,,,,,,,,
12130,2500,12129,12133,11927,1,56,56,57,57,40,40,43,43,50,50,55,55,154,154,1096,1096,1258,1258,1162,1162,1148,1148,1041,1041,998,998,962,962,1043,1043,1043,1043,1045,1045,1126,1126,1085,1085,529,529,327,327,211,211,154,154,85,85,,,,,,,,,,,,,,,,,,,,,,,,,,,,,,,,,,,,,,,,,,,,,,,,
12131,800,12134,12132,,0,0,0,0,0,0,0,0,0,0,0,0,0,0,0,3,3,3,3,3,3,3,3,3,3,3,3,3,3,3,3,3,3,3,3,3,3,3,3,1,1,1,1,1,1,0,0,0,0,,,,,,,,,,,,,,,,,,,,,,,,,,,,,,,,,,,,,,,,,,,,,,,,
12132,1500,11922,12131,11899,1,56,56,57,57,40,40,43,43,50,50,55,55,154,154,1096,1096,1258,1258,1162,1162,1148,1148,1041,1041,998,998,962,962,1043,1043,1043,1043,1045,1045,1126,1126,1085,1085,529,529,327,327,211,211,154,154,85,85,,,,,,,,,,,,,,,,,,,,,,,,,,,,,,,,,,,,,,,,,,,,,,,,
12133,2500,12130,12134,,0,56,56,57,57,40,40,43,43,50,50,55,55,154,154,1096,1096,1258,1258,1162,1162,1148,1148,1041,1041,998,998,962,962,1043,1043,1043,1043,1045,1045,1126,1126,1085,1085,529,529,327,327,211,211,154,154,85,85,,,,,,,,,,,,,,,,,,,,,,,,,,,,,,,,,,,,,,,,,,,,,,,,
12134,2500,12133,11904,12131,1,56,56,57,57,40,40,43,43,50,50,55,55,154,154,1096,1096,1258,1258,1162,1162,1148,1148,1041,1041,998,998,962,962,1043,1043,1043,1043,1045,1045,1126,1126,1085,1085,529,529,327,327,211,211,154,154,85,85,,,,,,,,,,,,,,,,,,,,,,,,,,,,,,,,,,,,,,,,,,,,,,,,
12135,1200,12120,12136,,0,0,0,0,0,0,0,0,0,0,0,0,0,1,1,4,4,4,4,4,4,4,4,3,3,3,3,3,3,3,3,3,3,3,3,4,4,3,3,2,2,1,1,1,1,1,1,0,0,,,,,,,,,,,,,,,,,,,,,,,,,,,,,,,,,,,,,,,,,,,,,,,,
12136,1600,12135,12009,11899,1,0,0,0,0,0,0,0,0,0,0,0,0,0,0,2,2,2,2,2,2,2,2,2,2,2,2,2,2,2,2,2,2,2,2,2,2,2,2,1,1,1,1,0,0,0,0,0,0,,,,,,,,,,,,,,,,,,,,,,,,,,,,,,,,,,,,,,,,,,,,,,,,
12137,2000,12122,12138,,0,56,56,57,57,40,40,43,43,50,50,55,55,154,154,1096,1096,1258,1258,1162,1162,1148,1148,1041,1041,998,998,962,962,1043,1043,1043,1043,1045,1045,1126,1126,1085,1085,529,529,327,327,211,211,154,154,85,85,,,,,,,,,,,,,,,,,,,,,,,,,,,,,,,,,,,,,,,,,,,,,,,,
12138,1200,11879,12145,12137,1,0,0,0,0,0,0,0,0,0,0,0,0,0,0,1,1,1,1,1,1,1,1,1,1,1,1,1,1,1,1,1,1,1,1,1,1,1,1,1,1,0,0,0,0,0,0,0,0,,,,,,,,,,,,,,,,,,,,,,,,,,,,,,,,,,,,,,,,,,,,,,,,
12139,1200,12141,12140,,0,0,0,0,0,0,0,0,0,0,0,0,0,0,0,3,3,3,3,3,3,3,3,3,3,3,3,2,2,3,3,3,3,3,3,3,3,3,3,1,1,1,1,1,1,0,0,0,0,,,,,,,,,,,,,,,,,,,,,,,,,,,,,,,,,,,,,,,,,,,,,,,,
12140,1200,12139,12009,11904,1,0,0,0,0,0,0,0,0,0,0,0,0,1,1,4,4,4,4,4,4,4,4,4,4,3,3,3,3,3,3,3,3,4,4,4,4,4,4,2,2,1,1,1,1,1,1,0,0,,,,,,,,,,,,,,,,,,,,,,,,,,,,,,,,,,,,,,,,,,,,,,,,
12141,1600,,12142,12139,1,0,0,0,0,0,0,0,0,0,0,0,0,1,1,4,4,4,4,4,4,4,4,3,3,3,3,3,3,3,3,3,3,3,3,4,4,4,4,2,2,1,1,1,1,1,1,0,0,,,,,,,,,,,,,,,,,,,,,,,,,,,,,,,,,,,,,,,,,,,,,,,,
12142,1500,12145,12146,12141,1,56,56,57,57,40,40,43,43,50,50,55,55,154,154,1096,1096,1258,1258,1162,1162,1148,1148,1041,1041,998,998,962,962,1043,1043,1043,1043,1045,1045,1126,1126,1085,1085,529,529,327,327,211,211,154,154,85,85,,,,,,,,,,,,,,,,,,,,,,,,,,,,,,,,,,,,,,,,,,,,,,,,
12143,800,12144,11866,,0,0,0,0,0,0,0,0,0,0,0,0,0,0,0,1,1,1,1,1,1,1,1,1,1,1,1,1,1,1,1,1,1,1,1,1,1,1,1,1,1,0,0,0,0,0,0,0,0,,,,,,,,,,,,,,,,,,,,,,,,,,,,,,,,,,,,,,,,,,,,,,,,
12144,1600,12215,12143,11880,1,0,0,0,0,0,0,0,0,0,0,0,0,0,0,1,1,1,1,1,1,1,1,1,1,1,1,1,1,1,1,1,1,1,1,1,1,1,1,1,1,0,0,0,0,0,0,0,0,,,,,,,,,,,,,,,,,,,,,,,,,,,,,,,,,,,,,,,,,,,,,,,,
12145,2500,12142,12138,,0,56,56,57,57,40,40,43,43,50,50,55,55,154,154,1096,1096,1258,1258,1162,1162,1148,1148,1041,1041,998,998,962,962,1043,1043,1043,1043,1045,1045,1126,1126,1085,1085,529,529,327,327,211,211,154,154,85,85,,,,,,,,,,,,,,,,,,,,,,,,,,,,,,,,,,,,,,,,,,,,,,,,
12146,1200,12147,12142,,0,0,0,0,0,0,0,0,0,0,0,0,0,0,0,2,2,2,2,2,2,2,2,2,2,2,2,2,2,2,2,2,2,2,2,2,2,2,2,1,1,1,1,0,0,0,0,0,0,,,,,,,,,,,,,,,,,,,,,,,,,,,,,,,,,,,,,,,,,,,,,,,,
12147,800,11862,12146,12034,1,0,0,0,0,0,0,0,0,0,0,0,0,0,0,1,1,1,1,1,1,1,1,1,1,1,1,1,1,1,1,1,1,1,1,1,1,1,1,0,0,0,0,0,0,0,0,0,0,,,,,,,,,,,,,,,,,,,,,,,,,,,,,,,,,,,,,,,,,,,,,,,,
12148,3000,12032,11990,11960,1,54,54,54,54,38,38,41,41,48,48,53,53,149,149,1126,1126,1279,1279,1185,1185,1176,1176,1064,1064,1030,1030,978,978,1073,1073,1075,1075,1072,1072,1157,1157,1124,1124,530,530,326,326,208,208,152,152,86,86,,,,,,,,,,,,,,,,,,,,,,,,,,,,,,,,,,,,,,,,,,,,,,,,
12149,400,12150,11960,,0,0,0,0,0,0,0,0,0,0,0,0,0,0,0,3,3,4,4,3,3,3,3,3,3,3,3,3,3,3,3,3,3,3,3,3,3,3,3,1,1,1,1,0,0,0,0,0,0,,,,,,,,,,,,,,,,,,,,,,,,,,,,,,,,,,,,,,,,,,,,,,,,
12150,800,11967,11956,12149,1,0,0,0,0,0,0,0,0,0,0,0,0,0,0,3,3,3,3,3,3,3,3,3,3,3,3,2,2,3,3,3,3,3,3,3,3,3,3,1,1,1,1,0,0,0,0,0,0,,,,,,,,,,,,,,,,,,,,,,,,,,,,,,,,,,,,,,,,,,,,,,,,
12151,1200,12152,11915,,0,0,0,0,0,0,0,0,0,0,0,0,0,0,0,2,2,3,3,2,2,2,2,2,2,2,2,2,2,2,2,2,2,2,2,2,2,2,2,1,1,1,1,0,0,0,0,0,0,,,,,,,,,,,,,,,,,,,,,,,,,,,,,,,,,,,,,,,,,,,,,,,,
12152,800,12157,12153,12151,1,0,0,0,0,0,0,0,0,0,0,0,0,0,0,2,2,3,3,2,2,2,2,2,2,2,2,2,2,2,2,2,2,2,2,2,2,2,2,1,1,1,1,0,0,0,0,0,0,,,,,,,,,,,,,,,,,,,,,,,,,,,,,,,,,,,,,,,,,,,,,,,,
12153,1200,12152,12154,,0,0,0,0,0,0,0,0,0,0,0,0,0,0,0,2,2,2,2,2,2,2,2,2,2,2,2,2,2,2,2,2,2,2,2,2,2,2,2,1,1,0,0,0,0,0,0,0,0,,,,,,,,,,,,,,,,,,,,,,,,,,,,,,,,,,,,,,,,,,,,,,,,
12154,800,12155,12153,11886,1,0,0,0,0,0,0,0,0,0,0,0,0,0,0,2,2,2,2,2,2,2,2,2,2,2,2,2,2,2,2,2,2,2,2,2,2,2,2,1,1,0,0,0,0,0,0,0,0,,,,,,,,,,,,,,,,,,,,,,,,,,,,,,,,,,,,,,,,,,,,,,,,
12155,1200,12156,12154,,0,0,0,0,0,0,0,0,0,0,0,0,0,0,0,3,3,3,3,3,3,3,3,3,3,3,3,2,2,3,3,3,3,3,3,3,3,3,3,1,1,1,1,0,0,0,0,0,0,,,,,,,,,,,,,,,,,,,,,,,,,,,,,,,,,,,,,,,,,,,,,,,,
12156,1500,11873,12159,12155,1,54,54,54,54,38,38,41,41,48,48,53,53,149,149,1126,1126,1279,1279,1185,1185,1176,1176,1064,1064,1030,1030,978,978,1073,1073,1075,1075,1072,1072,1157,1157,1124,1124,530,530,326,326,208,208,152,152,86,86,,,,,,,,,,,,,,,,,,,,,,,,,,,,,,,,,,,,,,,,,,,,,,,,
12157,800,12152,12158,,0,0,0,0,0,0,0,0,0,0,0,0,0,0,0,2,2,2,2,2,2,2,2,1,1,1,1,1,1,1,1,1,1,1,1,2,2,2,2,1,1,0,0,0,0,0,0,0,0,,,,,,,,,,,,,,,,,,,,,,,,,,,,,,,,,,,,,,,,,,,,,,,,
12158,800,11964,12205,12157,1,0,0,0,0,0,0,0,0,0,0,0,0,0,0,1,1,1,1,1,1,1,1,1,1,1,1,1,1,1,1,1,1,1,1,1,1,1,1,0,0,0,0,0,0,0,0,0,0,,,,,,,,,,,,,,,,,,,,,,,,,,,,,,,,,,,,,,,,,,,,,,,,
12159,2000,12160,12156,12179,1,54,54,54,54,38,38,41,41,48,48,53,53,149,149,1126,1126,1279,1279,1185,1185,1176,1176,1064,1064,1030,1030,978,978,1073,1073,1075,1075,1072,1072,1157,1157,1124,1124,530,530,326,326,208,208,152,152,86,86,,,,,,,,,,,,,,,,,,,,,,,,,,,,,,,,,,,,,,,,,,,,,,,,
12160,300,12177,12159,12161,1,0,0,0,0,0,0,0,0,0,0,0,0,0,0,2,2,2,2,2,2,2,2,2,2,2,2,2,2,2,2,2,2,2,2,2,2,2,2,1,1,0,0,0,0,0,0,0,0,,,,,,,,,,,,,,,,,,,,,,,,,,,,,,,,,,,,,,,,,,,,,,,,
12161,600,12162,12160,,0,0,0,0,0,0,0,0,0,0,0,0,0,0,0,1,1,2,2,1,1,1,1,1,1,1,1,1,1,1,1,1,1,1,1,1,1,1,1,1,1,0,0,0,0,0,0,0,0,,,,,,,,,,,,,,,,,,,,,,,,,,,,,,,,,,,,,,,,,,,,,,,,
12162,800,12163,12161,12175,1,0,0,0,0,0,0,0,0,0,0,0,0,0,0,1,1,1,1,1,1,1,1,1,1,1,1,1,1,1,1,1,1,1,1,1,1,1,1,0,0,0,0,0,0,0,0,0,0,,,,,,,,,,,,,,,,,,,,,,,,,,,,,,,,,,,,,,,,,,,,,,,,
12163,1200,12162,12164,,0,0,0,0,0,0,0,0,0,0,0,0,0,0,0,1,1,1,1,1,1,1,1,1,1,1,1,1,1,1,1,1,1,1,1,1,1,1,1,0,0,0,0,0,0,0,0,0,0,,,,,,,,,,,,,,,,,,,,,,,,,,,,,,,,,,,,,,,,,,,,,,,,
12164,300,12165,11905,12163,1,0,0,0,0,0,0,0,0,0,0,0,0,0,0,1,1,1,1,1,1,1,1,1,1,1,1,1,1,1,1,1,1,1,1,1,1,1,1,0,0,0,0,0,0,0,0,0,0,,,,,,,,,,,,,,,,,,,,,,,,,,,,,,,,,,,,,,,,,,,,,,,,
12165,300,12166,12164,,0,0,0,0,0,0,0,0,0,0,0,0,0,0,0,1,1,1,1,1,1,1,1,1,1,1,1,1,1,1,1,1,1,1,1,1,1,1,1,0,0,0,0,0,0,0,0,0,0,,,,,,,,,,,,,,,,,,,,,,,,,,,,,,,,,,,,,,,,,,,,,,,,
12166,300,12165,11901,12167,1,0,0,0,0,0,0,0,0,0,0,0,0,0,0,1,1,1,1,1,1,1,1,1,1,1,1,1,1,1,1,1,1,1,1,1,1,1,1,0,0,0,0,0,0,0,0,0,0,,,,,,,,,,,,,,,,,,,,,,,,,,,,,,,,,,,,,,,,,,,,,,,,
12167,800,12166,12168,,0,0,0,0,0,0,0,0,0,0,0,0,0,0,0,1,1,1,1,1,1,1,1,1,1,1,1,1,1,1,1,1,1,1,1,1,1,1,1,0,0,0,0,0,0,0,0,0,0,,,,,,,,,,,,,,,,,,,,,,,,,,,,,,,,,,,,,,,,,,,,,,,,
12168,300,12167,11952,11931,1,0,0,0,0,0,0,0,0,0,0,0,0,0,0,1,1,1,1,1,1,1,1,1,1,1,1,1,1,1,1,1,1,1,1,1,1,1,1,0,0,0,0,0,0,0,0,0,0,,,,,,,,,,,,,,,,,,,,,,,,,,,,,,,,,,,,,,,,,,,,,,,,
12169,800,11934,12170,,0,0,0,0,0,0,0,0,0,0,0,0,0,0,0,1,1,1,1,1,1,1,1,1,1,1,1,1,1,1,1,1,1,1,1,1,1,1,1,0,0,0,0,0,0,0,0,0,0,,,,,,,,,,,,,,,,,,,,,,,,,,,,,,,,,,,,,,,,,,,,,,,,
12170,800,11941,12169,12197,1,0,0,0,0,0,0,0,0,0,0,0,0,0,0,2,2,2,2,2,2,2,2,1,1,1,1,1,1,1,1,2,2,1,1,2,2,2,2,1,1,0,0,0,0,0,0,0,0,,,,,,,,,,,,,,,,,,,,,,,,,,,,,,,,,,,,,,,,,,,,,,,,
12171,300,12172,12200,,0,0,0,0,0,0,0,0,0,0,0,0,0,0,0,3,3,3,3,3,3,3,3,3,3,3,3,3,3,3,3,3,3,3,3,3,3,3,3,1,1,1,1,0,0,0,0,0,0,,,,,,,,,,,,,,,,,,,,,,,,,,,,,,,,,,,,,,,,,,,,,,,,
12172,300,11959,11961,12171,1,0,0,0,0,0,0,0,0,0,0,0,0,0,0,3,3,3,3,3,3,3,3,3,3,3,3,2,2,3,3,3,3,3,3,3,3,3,3,1,1,1,1,0,0,0,0,0,0,,,,,,,,,,,,,,,,,,,,,,,,,,,,,,,,,,,,,,,,,,,,,,,,
12173,2500,12398,12174,12235,1,54,54,54,54,38,38,41,41,48,48,53,53,149,149,1126,1126,1279,1279,1185,1185,1176,1176,1064,1064,1030,1030,978,978,1073,1073,1075,1075,1072,1072,1157,1157,1124,1124,530,530,326,326,208,208,152,152,86,86,,,,,,,,,,,,,,,,,,,,,,,,,,,,,,,,,,,,,,,,,,,,,,,,
12174,1200,12033,11865,12173,1,0,0,0,0,0,0,0,0,0,0,0,0,0,0,3,3,4,4,3,3,3,3,3,3,3,3,3,3,3,3,3,3,3,3,3,3,3,3,1,1,1,1,0,0,0,0,0,0,,,,,,,,,,,,,,,,,,,,,,,,,,,,,,,,,,,,,,,,,,,,,,,,
12175,800,12162,12176,,0,0,0,0,0,0,0,0,0,0,0,0,0,0,0,1,1,1,1,1,1,1,1,1,1,1,1,1,1,1,1,1,1,1,1,1,1,1,1,1,1,0,0,0,0,0,0,0,0,,,,,,,,,,,,,,,,,,,,,,,,,,,,,,,,,,,,,,,,,,,,,,,,
12176,300,11883,11884,12175,1,0,0,0,0,0,0,0,0,0,0,0,0,0,0,2,2,2,2,2,2,2,2,2,2,2,2,2,2,2,2,2,2,2,2,2,2,2,2,1,1,0,0,0,0,0,0,0,0,,,,,,,,,,,,,,,,,,,,,,,,,,,,,,,,,,,,,,,,,,,,,,,,
12177,1600,12160,12178,,0,0,0,0,0,0,0,0,0,0,0,0,0,0,0,1,1,2,2,2,2,2,2,1,1,1,1,1,1,1,1,1,1,1,1,2,2,2,2,1,1,0,0,0,0,0,0,0,0,,,,,,,,,,,,,,,,,,,,,,,,,,,,,,,,,,,,,,,,,,,,,,,,
12178,400,11874,11857,12177,1,0,0,0,0,0,0,0,0,0,0,0,0,0,0,1,1,2,2,1,1,1,1,1,1,1,1,1,1,1,1,1,1,1,1,1,1,1,1,1,1,0,0,0,0,0,0,0,0,,,,,,,,,,,,,,,,,,,,,,,,,,,,,,,,,,,,,,,,,,,,,,,,
12179,800,12159,12180,,0,0,0,0,0,0,0,0,0,0,0,0,0,0,0,3,3,3,3,3,3,3,3,3,3,3,3,2,2,3,3,3,3,3,3,3,3,3,3,1,1,1,1,0,0,0,0,0,0,,,,,,,,,,,,,,,,,,,,,,,,,,,,,,,,,,,,,,,,,,,,,,,,
12180,300,12179,11868,11859,1,0,0,0,0,0,0,0,0,0,0,0,0,0,0,2,2,2,2,2,2,2,2,2,2,2,2,2,2,2,2,2,2,2,2,2,2,2,2,1,1,0,0,0,0,0,0,0,0,,,,,,,,,,,,,,,,,,,,,,,,,,,,,,,,,,,,,,,,,,,,,,,,
12181,1600,12182,,,0,0,0,0,0,0,0,0,0,0,0,0,0,0,0,2,2,2,2,2,2,2,2,2,2,2,2,2,2,2,2,2,2,2,2,2,2,2,2,1,1,0,0,0,0,0,0,0,0,,,,,,,,,,,,,,,,,,,,,,,,,,,,,,,,,,,,,,,,,,,,,,,,
12182,800,11874,11882,12181,1,0,0,0,0,0,0,0,0,0,0,0,0,0,0,2,2,2,2,2,2,2,2,2,2,2,2,2,2,2,2,2,2,2,2,2,2,2,2,1,1,0,0,0,0,0,0,0,0,,,,,,,,,,,,,,,,,,,,,,,,,,,,,,,,,,,,,,,,,,,,,,,,
12183,800,11982,12184,,0,0,0,0,0,0,0,0,0,0,0,0,0,0,0,2,2,2,2,2,2,2,2,2,2,2,2,1,1,2,2,2,2,2,2,2,2,2,2,1,1,0,0,0,0,0,0,0,0,,,,,,,,,,,,,,,,,,,,,,,,,,,,,,,,,,,,,,,,,,,,,,,,
12184,400,12183,12185,11966,1,0,0,0,0,0,0,0,0,0,0,0,0,0,0,2,2,2,2,2,2,2,2,2,2,2,2,1,1,2,2,2,2,2,2,2,2,2,2,1,1,0,0,0,0,0,0,0,0,,,,,,,,,,,,,,,,,,,,,,,,,,,,,,,,,,,,,,,,,,,,,,,,
12185,800,12184,12186,,0,0,0,0,0,0,0,0,0,0,0,0,0,0,0,1,1,1,1,1,1,1,1,1,1,1,1,1,1,1,1,1,1,1,1,1,1,1,1,1,1,0,0,0,0,0,0,0,0,,,,,,,,,,,,,,,,,,,,,,,,,,,,,,,,,,,,,,,,,,,,,,,,
12186,300,12185,11976,11950,1,0,0,0,0,0,0,0,0,0,0,0,0,0,0,1,1,1,1,1,1,1,1,1,1,1,1,1,1,1,1,1,1,1,1,1,1,1,1,0,0,0,0,0,0,0,0,0,0,,,,,,,,,,,,,,,,,,,,,,,,,,,,,,,,,,,,,,,,,,,,,,,,
12187,300,12188,12190,,0,0,0,0,0,0,0,0,0,0,0,0,0,0,0,2,2,3,3,3,3,3,3,2,2,2,2,2,2,2,2,2,2,2,2,3,3,3,3,1,1,1,1,0,0,0,0,0,0,,,,,,,,,,,,,,,,,,,,,,,,,,,,,,,,,,,,,,,,,,,,,,,,
12188,400,11939,12187,11950,1,0,0,0,0,0,0,0,0,0,0,0,0,0,0,2,2,2,2,2,2,2,2,2,2,2,2,2,2,2,2,2,2,2,2,2,2,2,2,1,1,0,0,0,0,0,0,0,0,,,,,,,,,,,,,,,,,,,,,,,,,,,,,,,,,,,,,,,,,,,,,,,,
12189,300,12190,,,0,0,0,0,0,0,0,0,0,0,0,0,0,0,0,2,2,2,2,2,2,2,2,2,2,2,2,2,2,2,2,2,2,2,2,2,2,2,2,1,1,0,0,0,0,0,0,0,0,,,,,,,,,,,,,,,,,,,,,,,,,,,,,,,,,,,,,,,,,,,,,,,,
12190,300,12187,12189,11925,1,0,0,0,0,0,0,0,0,0,0,0,0,0,0,2,2,2,2,2,2,2,2,2,2,2,2,2,2,2,2,2,2,2,2,2,2,2,2,1,1,1,1,0,0,0,0,0,0,,,,,,,,,,,,,,,,,,,,,,,,,,,,,,,,,,,,,,,,,,,,,,,,
12191,300,11969,,12192,1,0,0,0,0,0,0,0,0,0,0,0,0,0,0,3,3,3,3,3,3,3,3,3,3,3,3,2,2,3,3,3,3,3,3,3,3,3,3,1,1,1,1,0,0,0,0,0,0,,,,,,,,,,,,,,,,,,,,,,,,,,,,,,,,,,,,,,,,,,,,,,,,
12192,800,11970,12191,11964,1,0,0,0,0,0,0,0,0,0,0,0,0,0,0,2,2,3,3,2,2,2,2,2,2,2,2,2,2,2,2,2,2,2,2,2,2,2,2,1,1,1,1,0,0,0,0,0,0,,,,,,,,,,,,,,,,,,,,,,,,,,,,,,,,,,,,,,,,,,,,,,,,
12193,600,12194,,,0,0,0,0,0,0,0,0,0,0,0,0,0,0,0,1,1,1,1,1,1,1,1,1,1,1,1,1,1,1,1,1,1,1,1,1,1,1,1,1,1,0,0,0,0,0,0,0,0,,,,,,,,,,,,,,,,,,,,,,,,,,,,,,,,,,,,,,,,,,,,,,,,
12194,800,12193,12195,11976,1,0,0,0,0,0,0,0,0,0,0,0,0,0,0,2,2,2,2,2,2,2,2,2,2,2,2,1,1,2,2,2,2,2,2,2,2,2,2,1,1,0,0,0,0,0,0,0,0,,,,,,,,,,,,,,,,,,,,,,,,,,,,,,,,,,,,,,,,,,,,,,,,
12195,1600,12194,12196,,0,0,0,0,0,0,0,0,0,0,0,0,0,0,0,2,2,2,2,2,2,2,2,2,2,2,2,1,1,2,2,2,2,2,2,2,2,2,2,1,1,0,0,0,0,0,0,0,0,,,,,,,,,,,,,,,,,,,,,,,,,,,,,,,,,,,,,,,,,,,,,,,,
12196,300,11918,11939,12195,1,0,0,0,0,0,0,0,0,0,0,0,0,0,0,2,2,2,2,2,2,2,2,1,1,1,1,1,1,2,2,2,2,2,2,2,2,2,2,1,1,0,0,0,0,0,0,0,0,,,,,,,,,,,,,,,,,,,,,,,,,,,,,,,,,,,,,,,,,,,,,,,,
12197,300,12198,12170,,0,0,0,0,0,0,0,0,0,0,0,0,0,0,0,2,2,2,2,2,2,2,2,2,2,2,2,1,1,2,2,2,2,2,2,2,2,2,2,1,1,0,0,0,0,0,0,0,0,,,,,,,,,,,,,,,,,,,,,,,,,,,,,,,,,,,,,,,,,,,,,,,,
12198,800,11987,11977,12197,1,0,0,0,0,0,0,0,0,0,0,0,0,0,0,2,2,2,2,2,2,2,2,2,2,2,2,1,1,2,2,2,2,2,2,2,2,2,2,1,1,0,0,0,0,0,0,0,0,,,,,,,,,,,,,,,,,,,,,,,,,,,,,,,,,,,,,,,,,,,,,,,,
12199,3000,,12200,,0,54,54,54,54,38,38,41,41,48,48,53,53,149,149,1126,1126,1279,1279,1185,1185,1176,1176,1064,1064,1030,1030,978,978,1073,1073,1075,1075,1072,1072,1157,1157,1124,1124,530,530,326,326,208,208,152,152,86,86,,,,,,,,,,,,,,,,,,,,,,,,,,,,,,,,,,,,,,,,,,,,,,,,
122,1600,486,494,,0,0,0,0,0,0,0,0,0,0,0,0,0,0,0,3,3,4,4,4,4,3,3,3,3,3,3,3,3,3,3,3,3,3,3,3,3,3,3,1,1,1,1,1,1,0,0,0,0,,,,,,,,,,,,,,,,,,,,,,,,,,,,,,,,,,,,,,,,,,,,,,,,
12200,300,11952,12199,12171,1,0,0,0,0,0,0,0,0,0,0,0,0,0,0,3,3,4,4,3,3,3,3,3,3,3,3,3,3,3,3,3,3,3,3,3,3,3,3,1,1,1,1,0,0,0,0,0,0,,,,,,,,,,,,,,,,,,,,,,,,,,,,,,,,,,,,,,,,,,,,,,,,
12201,300,12202,,,0,0,0,0,0,0,0,0,0,0,0,0,0,0,0,4,4,4,4,4,4,4,4,4,4,4,4,3,3,4,4,4,4,4,4,4,4,4,4,2,2,1,1,1,1,0,0,0,0,,,,,,,,,,,,,,,,,,,,,,,,,,,,,,,,,,,,,,,,,,,,,,,,
12202,550,12203,11884,12201,1,54,54,54,54,38,38,41,41,48,48,53,53,149,149,1126,1126,1279,1279,1185,1185,1176,1176,1064,1064,1030,1030,978,978,1073,1073,1075,1075,1072,1072,1157,1157,1124,1124,530,530,326,326,208,208,152,152,86,86,,,,,,,,,,,,,,,,,,,,,,,,,,,,,,,,,,,,,,,,,,,,,,,,
12203,300,12202,12204,,0,0,0,0,0,0,0,0,0,0,0,0,0,0,0,4,4,4,4,4,4,4,4,4,4,4,4,3,3,4,4,4,4,4,4,4,4,4,4,1,1,1,1,1,1,0,0,0,0,,,,,,,,,,,,,,,,,,,,,,,,,,,,,,,,,,,,,,,,,,,,,,,,
12204,800,12207,12203,11882,1,0,0,0,0,0,0,0,0,0,0,0,0,0,0,3,3,4,4,3,3,3,3,3,3,3,3,3,3,3,3,3,3,3,3,3,3,3,3,1,1,1,1,0,0,0,0,0,0,,,,,,,,,,,,,,,,,,,,,,,,,,,,,,,,,,,,,,,,,,,,,,,,
12205,1200,12206,12158,,0,0,0,0,0,0,0,0,0,0,0,0,0,0,0,1,1,1,1,1,1,1,1,1,1,1,1,1,1,1,1,1,1,1,1,1,1,1,1,0,0,0,0,0,0,0,0,0,0,,,,,,,,,,,,,,,,,,,,,,,,,,,,,,,,,,,,,,,,,,,,,,,,
12206,300,11905,12205,11932,1,0,0,0,0,0,0,0,0,0,0,0,0,0,0,1,1,1,1,1,1,1,1,1,1,1,1,0,0,1,1,1,1,1,1,1,1,1,1,0,0,0,0,0,0,0,0,0,0,,,,,,,,,,,,,,,,,,,,,,,,,,,,,,,,,,,,,,,,,,,,,,,,
12207,1200,11892,12208,12204,1,0,0,0,0,0,0,0,0,0,0,0,0,0,0,2,2,2,2,2,2,2,2,2,2,2,2,2,2,2,2,2,2,2,2,2,2,2,2,1,1,1,1,0,0,0,0,0,0,,,,,,,,,,,,,,,,,,,,,,,,,,,,,,,,,,,,,,,,,,,,,,,,
12208,300,11878,12207,11890,1,0,0,0,0,0,0,0,0,0,0,0,0,0,0,2,2,2,2,2,2,2,2,2,2,2,2,1,1,2,2,2,2,2,2,2,2,2,2,1,1,0,0,0,0,0,0,0,0,,,,,,,,,,,,,,,,,,,,,,,,,,,,,,,,,,,,,,,,,,,,,,,,
12209,4400,11841,12210,,0,62,62,64,64,45,45,48,48,56,56,61,61,171,171,997,997,1192,1192,1088,1088,1057,1057,966,966,899,899,908,908,948,948,941,941,960,960,1026,1026,962,962,526,526,332,332,220,220,160,160,85,85,,,,,,,,,,,,,,,,,,,,,,,,,,,,,,,,,,,,,,,,,,,,,,,,
12210,3000,12209,16641,11842,1,62,62,64,64,45,45,48,48,56,56,61,61,171,171,997,997,1192,1192,1088,1088,1057,1057,966,966,899,899,908,908,948,948,941,941,960,960,1026,1026,962,962,526,526,332,332,220,220,160,160,85,85,,,,,,,,,,,,,,,,,,,,,,,,,,,,,,,,,,,,,,,,,,,,,,,,
12211,4400,11854,12212,,0,56,56,57,57,40,40,43,43,50,50,55,55,154,154,1096,1096,1258,1258,1162,1162,1148,1148,1041,1041,998,998,962,962,1043,1043,1043,1043,1045,1045,1126,1126,1085,1085,529,529,327,327,211,211,154,154,85,85,,,,,,,,,,,,,,,,,,,,,,,,,,,,,,,,,,,,,,,,,,,,,,,,
12212,3000,12211,11863,11853,1,56,56,57,57,40,40,43,43,50,50,55,55,154,154,1096,1096,1258,1258,1162,1162,1148,1148,1041,1041,998,998,962,962,1043,1043,1043,1043,1045,1045,1126,1126,1085,1085,529,529,327,327,211,211,154,154,85,85,,,,,,,,,,,,,,,,,,,,,,,,,,,,,,,,,,,,,,,,,,,,,,,,
12213,1200,11872,12214,,0,0,0,0,0,0,0,0,0,0,0,0,0,0,0,3,3,3,3,3,3,3,3,3,3,2,2,2,2,3,3,2,2,3,3,3,3,3,3,1,1,1,1,1,1,0,0,0,0,,,,,,,,,,,,,,,,,,,,,,,,,,,,,,,,,,,,,,,,,,,,,,,,
12214,2500,12213,11863,11867,1,56,56,57,57,40,40,43,43,50,50,55,55,154,154,1096,1096,1258,1258,1162,1162,1148,1148,1041,1041,998,998,962,962,1043,1043,1043,1043,1045,1045,1126,1126,1085,1085,529,529,327,327,211,211,154,154,85,85,,,,,,,,,,,,,,,,,,,,,,,,,,,,,,,,,,,,,,,,,,,,,,,,
12215,800,12144,12216,,0,0,0,0,0,0,0,0,0,0,0,0,0,0,0,2,2,3,3,3,3,3,3,2,2,2,2,2,2,2,2,2,2,2,2,2,2,2,2,1,1,1,1,0,0,0,0,0,0,,,,,,,,,,,,,,,,,,,,,,,,,,,,,,,,,,,,,,,,,,,,,,,,
12216,2500,11861,12215,11852,1,56,56,57,57,40,40,43,43,50,50,55,55,154,154,1096,1096,1258,1258,1162,1162,1148,1148,1041,1041,998,998,962,962,1043,1043,1043,1043,1045,1045,1126,1126,1085,1085,529,529,327,327,211,211,154,154,85,85,,,,,,,,,,,,,,,,,,,,,,,,,,,,,,,,,,,,,,,,,,,,,,,,
12217,4400,12218,11850,,0,56,56,57,57,40,40,43,43,50,50,55,55,154,154,1096,1096,1258,1258,1162,1162,1148,1148,1041,1041,998,998,962,962,1043,1043,1043,1043,1045,1045,1126,1126,1085,1085,529,529,327,327,211,211,154,154,85,85,,,,,,,,,,,,,,,,,,,,,,,,,,,,,,,,,,,,,,,,,,,,,,,,
12218,2500,11856,12217,11853,1,56,56,57,57,40,40,43,43,50,50,55,55,154,154,1096,1096,1258,1258,1162,1162,1148,1148,1041,1041,998,998,962,962,1043,1043,1043,1043,1045,1045,1126,1126,1085,1085,529,529,327,327,211,211,154,154,85,85,,,,,,,,,,,,,,,,,,,,,,,,,,,,,,,,,,,,,,,,,,,,,,,,
12219,800,12363,12308,,0,0,0,0,0,0,0,0,0,0,0,0,0,0,0,3,3,3,3,3,3,3,3,3,3,3,3,3,3,3,3,3,3,3,3,3,3,3,3,1,1,1,1,1,1,0,0,0,0,,,,,,,,,,,,,,,,,,,,,,,,,,,,,,,,,,,,,,,,,,,,,,,,
12220,300,12330,,,0,0,0,0,0,0,0,0,0,0,0,0,0,0,0,3,3,3,3,3,3,3,3,3,3,2,2,3,3,3,3,3,3,3,3,3,3,3,3,1,1,1,1,0,0,0,0,0,0,,,,,,,,,,,,,,,,,,,,,,,,,,,,,,,,,,,,,,,,,,,,,,,,
12221,800,12272,12327,,0,53,53,55,55,38,38,42,42,48,48,53,53,146,146,715,715,891,891,804,804,768,768,707,707,638,638,676,676,679,679,669,669,696,696,738,738,671,671,411,411,264,264,178,178,130,130,66,66,,,,,,,,,,,,,,,,,,,,,,,,,,,,,,,,,,,,,,,,,,,,,,,,
12222,2500,12288,12336,,0,67,67,70,70,49,49,53,53,62,62,67,67,186,186,910,910,1134,1134,1023,1023,977,977,900,900,812,812,861,861,864,864,851,851,886,886,939,939,854,854,524,524,336,336,227,227,165,165,84,84,,,,,,,,,,,,,,,,,,,,,,,,,,,,,,,,,,,,,,,,,,,,,,,,
12223,2500,12287,12264,12375;12282,2,45,45,47,47,33,33,35,35,41,41,45,45,124,124,986,986,1156,1156,1110,1110,1070,1070,989,989,903,903,956,956,926,926,960,960,982,982,1030,1030,933,933,349,349,224,224,151,151,110,110,56,56,,,,,,,,,,,,,,,,,,,,,,,,,,,,,,,,,,,,,,,,,,,,,,,,
12224,1200,12311,12261,,0,0,0,0,0,0,0,0,0,0,0,0,0,0,0,1,1,1,1,1,1,1,1,1,1,1,1,1,1,1,1,1,1,1,1,1,1,1,1,0,0,0,0,0,0,0,0,0,0,,,,,,,,,,,,,,,,,,,,,,,,,,,,,,,,,,,,,,,,,,,,,,,,
12225,2500,12262,12260,,0,67,67,70,70,49,49,53,53,62,62,67,67,186,186,910,910,1134,1134,1023,1023,977,977,900,900,812,812,861,861,864,864,851,851,886,886,939,939,854,854,524,524,336,336,227,227,165,165,84,84,,,,,,,,,,,,,,,,,,,,,,,,,,,,,,,,,,,,,,,,,,,,,,,,
12226,2500,12229,11843,12366,1,62,62,64,64,45,45,48,48,56,56,61,61,171,171,997,997,1192,1192,1088,1088,1057,1057,966,966,899,899,908,908,948,948,941,941,960,960,1026,1026,962,962,526,526,332,332,220,220,160,160,85,85,,,,,,,,,,,,,,,,,,,,,,,,,,,,,,,,,,,,,,,,,,,,,,,,
12227,800,12265,12347,12318;12357,2,0,0,0,0,0,0,0,0,0,0,0,0,0,0,2,2,2,2,2,2,2,2,2,2,2,2,2,2,2,2,2,2,2,2,2,2,2,2,1,1,1,1,0,0,0,0,0,0,,,,,,,,,,,,,,,,,,,,,,,,,,,,,,,,,,,,,,,,,,,,,,,,
12228,800,12276,12355,12295,1,0,0,0,0,0,0,0,0,0,0,0,0,0,0,3,3,4,4,3,3,3,3,3,3,3,3,3,3,3,3,3,3,3,3,3,3,3,3,1,1,1,1,1,1,0,0,0,0,,,,,,,,,,,,,,,,,,,,,,,,,,,,,,,,,,,,,,,,,,,,,,,,
12229,4400,12226,12278,,0,62,62,64,64,45,45,48,48,56,56,61,61,171,171,997,997,1192,1192,1088,1088,1057,1057,966,966,899,899,908,908,948,948,941,941,960,960,1026,1026,962,962,526,526,332,332,220,220,160,160,85,85,,,,,,,,,,,,,,,,,,,,,,,,,,,,,,,,,,,,,,,,,,,,,,,,
12230,800,12316,12258,,0,0,0,0,0,0,0,0,0,0,0,0,0,1,1,4,4,5,5,4,4,4,4,4,4,4,4,4,4,4,4,4,4,4,4,4,4,4,4,2,2,1,1,1,1,0,0,0,0,,,,,,,,,,,,,,,,,,,,,,,,,,,,,,,,,,,,,,,,,,,,,,,,
12231,2000,12360,,12345,1,45,45,47,47,33,33,35,35,41,41,45,45,124,124,986,986,1156,1156,1110,1110,1070,1070,989,989,903,903,956,956,926,926,960,960,982,982,1030,1030,933,933,349,349,224,224,151,151,110,110,56,56,,,,,,,,,,,,,,,,,,,,,,,,,,,,,,,,,,,,,,,,,,,,,,,,
12232,4400,12377,12369,12312,1,62,62,64,64,45,45,48,48,56,56,61,61,171,171,997,997,1192,1192,1088,1088,1057,1057,966,966,899,899,908,908,948,948,941,941,960,960,1026,1026,962,962,526,526,332,332,220,220,160,160,85,85,,,,,,,,,,,,,,,,,,,,,,,,,,,,,,,,,,,,,,,,,,,,,,,,
12233,300,12258,,,0,0,0,0,0,0,0,0,0,0,0,0,0,1,1,5,5,6,6,5,5,5,5,5,5,4,4,4,4,4,4,5,5,5,5,5,5,5,5,2,2,1,1,1,1,1,1,0,0,,,,,,,,,,,,,,,,,,,,,,,,,,,,,,,,,,,,,,,,,,,,,,,,
12234,1200,,12397,,0,53,53,55,55,38,38,42,42,48,48,53,53,146,146,715,715,891,891,804,804,768,768,707,707,638,638,676,676,679,679,669,669,696,696,738,738,671,671,411,411,264,264,178,178,130,130,66,66,,,,,,,,,,,,,,,,,,,,,,,,,,,,,,,,,,,,,,,,,,,,,,,,
12235,3500,12398,12173,12269,1,54,54,54,54,38,38,41,41,48,48,53,53,149,149,1126,1126,1279,1279,1185,1185,1176,1176,1064,1064,1030,1030,978,978,1073,1073,1075,1075,1072,1072,1157,1157,1124,1124,530,530,326,326,208,208,152,152,86,86,,,,,,,,,,,,,,,,,,,,,,,,,,,,,,,,,,,,,,,,,,,,,,,,
12236,1000,12252,12290,12400,1,62,62,64,64,45,45,48,48,56,56,61,61,171,171,997,997,1192,1192,1088,1088,1057,1057,966,966,899,899,908,908,948,948,941,941,960,960,1026,1026,962,962,526,526,332,332,220,220,160,160,85,85,,,,,,,,,,,,,,,,,,,,,,,,,,,,,,,,,,,,,,,,,,,,,,,,
12237,3500,12292,12271,12351;11845,2,62,62,64,64,45,45,48,48,56,56,61,61,171,171,997,997,1192,1192,1088,1088,1057,1057,966,966,899,899,908,908,948,948,941,941,960,960,1026,1026,962,962,526,526,332,332,220,220,160,160,85,85,,,,,,,,,,,,,,,,,,,,,,,,,,,,,,,,,,,,,,,,,,,,,,,,
12238,1200,12376,12308,,0,0,0,0,0,0,0,0,0,0,0,0,0,0,0,2,2,3,3,2,2,2,2,2,2,2,2,2,2,2,2,2,2,2,2,2,2,2,2,1,1,1,1,0,0,0,0,0,0,,,,,,,,,,,,,,,,,,,,,,,,,,,,,,,,,,,,,,,,,,,,,,,,
12239,1200,12260,12327,,0,2,2,3,3,2,2,2,2,2,2,2,2,7,7,39,39,47,47,42,42,41,41,38,38,35,35,35,35,37,37,37,37,37,37,40,40,37,37,21,21,13,13,9,9,6,6,3,3,,,,,,,,,,,,,,,,,,,,,,,,,,,,,,,,,,,,,,,,,,,,,,,,
12240,600,12241,,,0,0,0,0,0,0,0,0,0,0,0,0,0,0,0,1,1,1,1,1,1,1,1,1,1,1,1,1,1,1,1,1,1,1,1,1,1,1,1,0,0,0,0,0,0,0,0,0,0,,,,,,,,,,,,,,,,,,,,,,,,,,,,,,,,,,,,,,,,,,,,,,,,
12241,1100,12240,16797,,0,67,67,70,70,49,49,53,53,62,62,67,67,186,186,910,910,1134,1134,1023,1023,977,977,900,900,812,812,861,861,864,864,851,851,886,886,939,939,854,854,524,524,336,336,227,227,165,165,84,84,,,,,,,,,,,,,,,,,,,,,,,,,,,,,,,,,,,,,,,,,,,,,,,,
12242,600,12316,,,0,0,0,0,0,0,0,0,0,0,0,0,0,0,0,3,3,4,4,3,3,3,3,3,3,3,3,3,3,3,3,3,3,3,3,3,3,3,3,1,1,1,1,1,1,0,0,0,0,,,,,,,,,,,,,,,,,,,,,,,,,,,,,,,,,,,,,,,,,,,,,,,,
12243,1600,12325,12293,,0,53,53,55,55,38,38,42,42,48,48,53,53,146,146,715,715,891,891,804,804,768,768,707,707,638,638,676,676,679,679,669,669,696,696,738,738,671,671,411,411,264,264,178,178,130,130,66,66,,,,,,,,,,,,,,,,,,,,,,,,,,,,,,,,,,,,,,,,,,,,,,,,
12244,1600,12296,,,0,1,1,1,1,0,0,0,0,1,1,1,1,2,2,8,8,10,10,9,9,9,9,8,8,8,8,8,8,8,8,8,8,8,8,9,9,8,8,4,4,3,3,2,2,1,1,1,1,,,,,,,,,,,,,,,,,,,,,,,,,,,,,,,,,,,,,,,,,,,,,,,,
12245,2000,12340,12402,12322;12350,2,45,45,47,47,33,33,35,35,41,41,45,45,124,124,986,986,1156,1156,1110,1110,1070,1070,989,989,903,903,956,956,926,926,960,960,982,982,1030,1030,933,933,349,349,224,224,151,151,110,110,56,56,,,,,,,,,,,,,,,,,,,,,,,,,,,,,,,,,,,,,,,,,,,,,,,,
12246,1200,12344,12393,,0,0,0,0,0,0,0,0,0,0,0,0,0,1,1,4,4,4,4,4,4,4,4,4,4,3,3,3,3,3,3,4,4,4,4,4,4,4,4,2,2,1,1,1,1,0,0,0,0,,,,,,,,,,,,,,,,,,,,,,,,,,,,,,,,,,,,,,,,,,,,,,,,
12247,1600,12329,12382,,0,0,0,0,0,0,0,0,0,0,0,0,0,0,0,3,3,4,4,3,3,3,3,3,3,3,3,3,3,3,3,3,3,3,3,3,3,3,3,1,1,1,1,1,1,0,0,0,0,,,,,,,,,,,,,,,,,,,,,,,,,,,,,,,,,,,,,,,,,,,,,,,,
12248,4400,12342,12403,12294;12297,2,45,45,47,47,33,33,35,35,41,41,45,45,124,124,986,986,1156,1156,1110,1110,1070,1070,989,989,903,903,956,956,926,926,960,960,982,982,1030,1030,933,933,349,349,224,224,151,151,110,110,56,56,,,,,,,,,,,,,,,,,,,,,,,,,,,,,,,,,,,,,,,,,,,,,,,,
12249,1600,12336,12271,,0,1,1,2,2,1,1,1,1,1,1,1,1,4,4,23,23,28,28,25,25,24,24,22,22,21,21,21,21,22,22,22,22,22,22,24,24,22,22,12,12,8,8,5,5,4,4,2,2,,,,,,,,,,,,,,,,,,,,,,,,,,,,,,,,,,,,,,,,,,,,,,,,
12250,800,12285,12257,,0,0,0,0,0,0,0,0,0,0,0,0,0,1,1,4,4,5,5,4,4,4,4,4,4,4,4,4,4,4,4,4,4,4,4,4,4,4,4,2,2,1,1,1,1,0,0,0,0,,,,,,,,,,,,,,,,,,,,,,,,,,,,,,,,,,,,,,,,,,,,,,,,
12251,800,12315,12285,,0,0,0,0,0,0,0,0,0,0,0,0,0,0,0,3,3,3,3,3,3,3,3,3,3,3,3,3,3,3,3,3,3,3,3,3,3,3,3,1,1,1,1,0,0,0,0,0,0,,,,,,,,,,,,,,,,,,,,,,,,,,,,,,,,,,,,,,,,,,,,,,,,
12252,2500,12236,12278,12292,1,62,62,64,64,45,45,48,48,56,56,61,61,171,171,997,997,1192,1192,1088,1088,1057,1057,966,966,899,899,908,908,948,948,941,941,960,960,1026,1026,962,962,526,526,332,332,220,220,160,160,85,85,,,,,,,,,,,,,,,,,,,,,,,,,,,,,,,,,,,,,,,,,,,,,,,,
12253,2500,12271,12348,,0,62,62,64,64,45,45,48,48,56,56,61,61,171,171,997,997,1192,1192,1088,1088,1057,1057,966,966,899,899,908,908,948,948,941,941,960,960,1026,1026,962,962,526,526,332,332,220,220,160,160,85,85,,,,,,,,,,,,,,,,,,,,,,,,,,,,,,,,,,,,,,,,,,,,,,,,
12254,3000,12382,12361,,0,45,45,47,47,33,33,35,35,41,41,45,45,124,124,986,986,1156,1156,1110,1110,1070,1070,989,989,903,903,956,956,926,926,960,960,982,982,1030,1030,933,933,349,349,224,224,151,151,110,110,56,56,,,,,,,,,,,,,,,,,,,,,,,,,,,,,,,,,,,,,,,,,,,,,,,,
12255,4400,12317,12299,,0,45,45,47,47,33,33,35,35,41,41,45,45,124,124,986,986,1156,1156,1110,1110,1070,1070,989,989,903,903,956,956,926,926,960,960,982,982,1030,1030,933,933,349,349,224,224,151,151,110,110,56,56,,,,,,,,,,,,,,,,,,,,,,,,,,,,,,,,,,,,,,,,,,,,,,,,
12256,300,12325,12315,,0,0,0,0,0,0,0,0,0,0,0,0,0,0,0,2,2,2,2,2,2,2,2,2,2,2,2,2,2,2,2,2,2,2,2,2,2,2,2,1,1,1,1,0,0,0,0,0,0,,,,,,,,,,,,,,,,,,,,,,,,,,,,,,,,,,,,,,,,,,,,,,,,
12257,1200,12367,12300,12250,1,0,0,0,0,0,0,0,0,0,0,0,0,1,1,4,4,4,4,4,4,4,4,4,4,3,3,4,4,4,4,4,4,4,4,4,4,4,4,2,2,1,1,1,1,0,0,0,0,,,,,,,,,,,,,,,,,,,,,,,,,,,,,,,,,,,,,,,,,,,,,,,,
12258,300,12298,12233,12230,1,0,0,0,0,0,0,0,0,0,0,0,0,1,1,6,6,7,7,6,6,6,6,6,6,5,5,5,5,5,5,5,5,5,5,6,6,5,5,2,2,1,1,1,1,1,1,0,0,,,,,,,,,,,,,,,,,,,,,,,,,,,,,,,,,,,,,,,,,,,,,,,,
12259,800,,12401,,0,0,0,0,0,0,0,0,0,0,0,0,0,0,0,3,3,4,4,4,4,4,4,3,3,3,3,3,3,3,3,3,3,3,3,4,4,3,3,1,1,1,1,1,1,0,0,0,0,,,,,,,,,,,,,,,,,,,,,,,,,,,,,,,,,,,,,,,,,,,,,,,,
12260,2000,12225,12239,12358,1,67,67,70,70,49,49,53,53,62,62,67,67,186,186,910,910,1134,1134,1023,1023,977,977,900,900,812,812,861,861,864,864,851,851,886,886,939,939,854,854,524,524,336,336,227,227,165,165,84,84,,,,,,,,,,,,,,,,,,,,,,,,,,,,,,,,,,,,,,,,,,,,,,,,
12261,1200,12268,12224,,0,0,0,0,0,0,0,0,0,0,0,0,0,0,0,3,3,3,3,3,3,3,3,2,2,2,2,2,2,2,2,2,2,2,2,3,3,2,2,1,1,1,1,0,0,0,0,0,0,,,,,,,,,,,,,,,,,,,,,,,,,,,,,,,,,,,,,,,,,,,,,,,,
12262,2000,12359,12225,12335,1,45,45,47,47,33,33,35,35,41,41,45,45,124,124,986,986,1156,1156,1110,1110,1070,1070,989,989,903,903,956,956,926,926,960,960,982,982,1030,1030,933,933,349,349,224,224,151,151,110,110,56,56,,,,,,,,,,,,,,,,,,,,,,,,,,,,,,,,,,,,,,,,,,,,,,,,
12263,2500,12324,12327,,0,67,67,70,70,49,49,53,53,62,62,67,67,186,186,910,910,1134,1134,1023,1023,977,977,900,900,812,812,861,861,864,864,851,851,886,886,939,939,854,854,524,524,336,336,227,227,165,165,84,84,,,,,,,,,,,,,,,,,,,,,,,,,,,,,,,,,,,,,,,,,,,,,,,,
12264,1600,12309,12223,12355,1,0,0,0,0,0,0,0,0,0,0,0,0,0,0,3,3,4,4,3,3,3,3,3,3,3,3,3,3,3,3,3,3,3,3,3,3,3,3,1,1,1,1,1,1,0,0,0,0,,,,,,,,,,,,,,,,,,,,,,,,,,,,,,,,,,,,,,,,,,,,,,,,
12265,4400,12227,12302,,0,45,45,47,47,33,33,35,35,41,41,45,45,124,124,986,986,1156,1156,1110,1110,1070,1070,989,989,903,903,956,956,926,926,960,960,982,982,1030,1030,933,933,349,349,224,224,151,151,110,110,56,56,,,,,,,,,,,,,,,,,,,,,,,,,,,,,,,,,,,,,,,,,,,,,,,,
12266,3000,12310,4709,12294,1,45,45,47,47,33,33,35,35,41,41,45,45,124,124,986,986,1156,1156,1110,1110,1070,1070,989,989,903,903,956,956,926,926,960,960,982,982,1030,1030,933,933,349,349,224,224,151,151,110,110,56,56,,,,,,,,,,,,,,,,,,,,,,,,,,,,,,,,,,,,,,,,,,,,,,,,
12267,4400,12384,12376,,0,45,45,47,47,33,33,35,35,41,41,45,45,124,124,986,986,1156,1156,1110,1110,1070,1070,989,989,903,903,956,956,926,926,960,960,982,982,1030,1030,933,933,349,349,224,224,151,151,110,110,56,56,,,,,,,,,,,,,,,,,,,,,,,,,,,,,,,,,,,,,,,,,,,,,,,,
12268,1000,12261,12395,12373;12394,2,45,45,47,47,33,33,35,35,41,41,45,45,124,124,986,986,1156,1156,1110,1110,1070,1070,989,989,903,903,956,956,926,926,960,960,982,982,1030,1030,933,933,349,349,224,224,151,151,110,110,56,56,,,,,,,,,,,,,,,,,,,,,,,,,,,,,,,,,,,,,,,,,,,,,,,,
12269,4400,12356,12235,,0,54,54,54,54,38,38,41,41,48,48,53,53,149,149,1126,1126,1279,1279,1185,1185,1176,1176,1064,1064,1030,1030,978,978,1073,1073,1075,1075,1072,1072,1157,1157,1124,1124,530,530,326,326,208,208,152,152,86,86,,,,,,,,,,,,,,,,,,,,,,,,,,,,,,,,,,,,,,,,,,,,,,,,
12270,800,12381,12390,12388,1,0,0,0,0,0,0,0,0,0,0,0,0,0,0,2,2,2,2,2,2,2,2,2,2,2,2,2,2,2,2,2,2,2,2,2,2,2,2,1,1,0,0,0,0,0,0,0,0,,,,,,,,,,,,,,,,,,,,,,,,,,,,,,,,,,,,,,,,,,,,,,,,
12271,4400,11850,12237,12249;11848;12253,3,42,42,39,39,28,28,29,29,34,34,39,39,112,112,1343,1343,1424,1424,1347,1347,1375,1375,1229,1229,1247,1247,1096,1096,1282,1282,1299,1299,1257,1257,1375,1375,1394,1394,536,536,316,316,190,190,140,140,87,87,,,,,,,,,,,,,,,,,,,,,,,,,,,,,,,,,,,,,,,,,,,,,,,,
12272,4400,12324,12331,12358;12221,2,45,45,47,47,33,33,35,35,41,41,45,45,124,124,986,986,1156,1156,1110,1110,1070,1070,989,989,903,903,956,956,926,926,960,960,982,982,1030,1030,933,933,349,349,224,224,151,151,110,110,56,56,,,,,,,,,,,,,,,,,,,,,,,,,,,,,,,,,,,,,,,,,,,,,,,,
12273,1600,12354,12313,,0,0,0,0,0,0,0,0,0,0,0,0,0,0,0,3,3,3,3,3,3,3,3,3,3,3,3,3,3,3,3,3,3,3,3,3,3,3,3,1,1,1,1,1,1,0,0,0,0,,,,,,,,,,,,,,,,,,,,,,,,,,,,,,,,,,,,,,,,,,,,,,,,
12274,300,12326,12338,,0,0,0,0,0,0,0,0,0,0,0,0,0,0,0,1,1,1,1,1,1,1,1,1,1,1,1,1,1,1,1,1,1,1,1,1,1,1,1,0,0,0,0,0,0,0,0,0,0,,,,,,,,,,,,,,,,,,,,,,,,,,,,,,,,,,,,,,,,,,,,,,,,
12275,2000,12384,12357,,0,45,45,47,47,33,33,35,35,41,41,45,45,124,124,986,986,1156,1156,1110,1110,1070,1070,989,989,903,903,956,956,926,926,960,960,982,982,1030,1030,933,933,349,349,224,224,151,151,110,110,56,56,,,,,,,,,,,,,,,,,,,,,,,,,,,,,,,,,,,,,,,,,,,,,,,,
12276,300,12228,12337,,0,0,0,0,0,0,0,0,0,0,0,0,0,1,1,5,5,6,6,5,5,5,5,5,5,4,4,4,4,5,5,5,5,5,5,5,5,5,5,2,2,1,1,1,1,1,1,0,0,,,,,,,,,,,,,,,,,,,,,,,,,,,,,,,,,,,,,,,,,,,,,,,,
12277,4400,,12397,,0,54,54,54,54,38,38,41,41,48,48,53,53,149,149,1126,1126,1279,1279,1185,1185,1176,1176,1064,1064,1030,1030,978,978,1073,1073,1075,1075,1072,1072,1157,1157,1124,1124,530,530,326,326,208,208,152,152,86,86,,,,,,,,,,,,,,,,,,,,,,,,,,,,,,,,,,,,,,,,,,,,,,,,
12278,3000,12252,12229,12351,1,62,62,64,64,45,45,48,48,56,56,61,61,171,171,997,997,1192,1192,1088,1088,1057,1057,966,966,899,899,908,908,948,948,941,941,960,960,1026,1026,962,962,526,526,332,332,220,220,160,160,85,85,,,,,,,,,,,,,,,,,,,,,,,,,,,,,,,,,,,,,,,,,,,,,,,,
12279,4400,12384,12317,,0,45,45,47,47,33,33,35,35,41,41,45,45,124,124,986,986,1156,1156,1110,1110,1070,1070,989,989,903,903,956,956,926,926,960,960,982,982,1030,1030,933,933,349,349,224,224,151,151,110,110,56,56,,,,,,,,,,,,,,,,,,,,,,,,,,,,,,,,,,,,,,,,,,,,,,,,
12280,800,12390,12319,12350;12373,2,0,0,0,0,0,0,0,0,0,0,0,0,1,1,4,4,4,4,4,4,4,4,4,4,3,3,3,3,4,4,4,4,4,4,4,4,4,4,2,2,1,1,1,1,0,0,0,0,,,,,,,,,,,,,,,,,,,,,,,,,,,,,,,,,,,,,,,,,,,,,,,,
12281,1200,12381,12303,12352,1,0,0,0,0,0,0,0,0,0,0,0,0,1,1,4,4,5,5,4,4,4,4,4,4,4,4,4,4,4,4,4,4,4,4,4,4,4,4,2,2,1,1,1,1,1,1,0,0,,,,,,,,,,,,,,,,,,,,,,,,,,,,,,,,,,,,,,,,,,,,,,,,
12282,500,,12223,12337,1,45,45,47,47,33,33,35,35,41,41,45,45,124,124,986,986,1156,1156,1110,1110,1070,1070,989,989,903,903,956,956,926,926,960,960,982,982,1030,1030,933,933,349,349,224,224,151,151,110,110,56,56,,,,,,,,,,,,,,,,,,,,,,,,,,,,,,,,,,,,,,,,,,,,,,,,
12283,3850,12377,12348,,0,62,62,64,64,45,45,48,48,56,56,61,61,171,171,997,997,1192,1192,1088,1088,1057,1057,966,966,899,899,908,908,948,948,941,941,960,960,1026,1026,962,962,526,526,332,332,220,220,160,160,85,85,,,,,,,,,,,,,,,,,,,,,,,,,,,,,,,,,,,,,,,,,,,,,,,,
12284,2500,12329,12372,,0,45,45,47,47,33,33,35,35,41,41,45,45,124,124,986,986,1156,1156,1110,1110,1070,1070,989,989,903,903,956,956,926,926,960,960,982,982,1030,1030,933,933,349,349,224,224,151,151,110,110,56,56,,,,,,,,,,,,,,,,,,,,,,,,,,,,,,,,,,,,,,,,,,,,,,,,
12285,1600,12250,12251,12323,1,0,0,0,0,0,0,0,0,0,0,0,0,1,1,5,5,6,6,5,5,5,5,5,5,4,4,4,4,5,5,5,5,5,5,5,5,5,5,2,2,1,1,1,1,1,1,0,0,,,,,,,,,,,,,,,,,,,,,,,,,,,,,,,,,,,,,,,,,,,,,,,,
12286,2500,12380,,,0,45,45,47,47,33,33,35,35,41,41,45,45,124,124,986,986,1156,1156,1110,1110,1070,1070,989,989,903,903,956,956,926,926,960,960,982,982,1030,1030,933,933,349,349,224,224,151,151,110,110,56,56,,,,,,,,,,,,,,,,,,,,,,,,,,,,,,,,,,,,,,,,,,,,,,,,
12287,2000,12223,12305,,0,45,45,47,47,33,33,35,35,41,41,45,45,124,124,986,986,1156,1156,1110,1110,1070,1070,989,989,903,903,956,956,926,926,960,960,982,982,1030,1030,933,933,349,349,224,224,151,151,110,110,56,56,,,,,,,,,,,,,,,,,,,,,,,,,,,,,,,,,,,,,,,,,,,,,,,,
12288,1000,12222,12400,12292,1,62,62,64,64,45,45,48,48,56,56,61,61,171,171,997,997,1192,1192,1088,1088,1057,1057,966,966,899,899,908,908,948,948,941,941,960,960,1026,1026,962,962,526,526,332,332,220,220,160,160,85,85,,,,,,,,,,,,,,,,,,,,,,,,,,,,,,,,,,,,,,,,,,,,,,,,
12289,1000,16922,12375,12306,1,45,45,47,47,33,33,35,35,41,41,45,45,124,124,986,986,1156,1156,1110,1110,1070,1070,989,989,903,903,956,956,926,926,960,960,982,982,1030,1030,933,933,349,349,224,224,151,151,110,110,56,56,,,,,,,,,,,,,,,,,,,,,,,,,,,,,,,,,,,,,,,,,,,,,,,,
12290,800,,12236,,0,2,2,2,2,1,1,2,2,2,2,2,2,5,5,30,30,36,36,33,33,32,32,29,29,27,27,28,28,29,29,28,28,29,29,31,31,29,29,16,16,10,10,7,7,5,5,3,3,,,,,,,,,,,,,,,,,,,,,,,,,,,,,,,,,,,,,,,,,,,,,,,,
12291,3000,12299,12316,,0,45,45,47,47,33,33,35,35,41,41,45,45,124,124,986,986,1156,1156,1110,1110,1070,1070,989,989,903,903,956,956,926,926,960,960,982,982,1030,1030,933,933,349,349,224,224,151,151,110,110,56,56,,,,,,,,,,,,,,,,,,,,,,,,,,,,,,,,,,,,,,,,,,,,,,,,
12292,4400,12237,12252,12288,1,62,62,64,64,45,45,48,48,56,56,61,61,171,171,997,997,1192,1192,1088,1088,1057,1057,966,966,899,899,908,908,948,948,941,941,960,960,1026,1026,962,962,526,526,332,332,220,220,160,160,85,85,,,,,,,,,,,,,,,,,,,,,,,,,,,,,,,,,,,,,,,,,,,,,,,,
12293,2000,12322,12243,12388,1,45,45,47,47,33,33,35,35,41,41,45,45,124,124,986,986,1156,1156,1110,1110,1070,1070,989,989,903,903,956,956,926,926,960,960,982,982,1030,1030,933,933,349,349,224,224,151,151,110,110,56,56,,,,,,,,,,,,,,,,,,,,,,,,,,,,,,,,,,,,,,,,,,,,,,,,
12294,2500,12266,12248,,0,45,45,47,47,33,33,35,35,41,41,45,45,124,124,986,986,1156,1156,1110,1110,1070,1070,989,989,903,903,956,956,926,926,960,960,982,982,1030,1030,933,933,349,349,224,224,151,151,110,110,56,56,,,,,,,,,,,,,,,,,,,,,,,,,,,,,,,,,,,,,,,,,,,,,,,,
12295,2500,12228,12320,,0,45,45,47,47,33,33,35,35,41,41,45,45,124,124,986,986,1156,1156,1110,1110,1070,1070,989,989,903,903,956,956,926,926,960,960,982,982,1030,1030,933,933,349,349,224,224,151,151,110,110,56,56,,,,,,,,,,,,,,,,,,,,,,,,,,,,,,,,,,,,,,,,,,,,,,,,
12296,800,12326,12314,12244,1,0,0,0,0,0,0,0,0,0,0,0,0,0,0,2,2,2,2,2,2,2,2,2,2,1,1,2,2,2,2,2,2,2,2,2,2,2,2,1,1,0,0,0,0,0,0,0,0,,,,,,,,,,,,,,,,,,,,,,,,,,,,,,,,,,,,,,,,,,,,,,,,
12297,4400,12382,12248,,0,45,45,47,47,33,33,35,35,41,41,45,45,124,124,986,986,1156,1156,1110,1110,1070,1070,989,989,903,903,956,956,926,926,960,960,982,982,1030,1030,933,933,349,349,224,224,151,151,110,110,56,56,,,,,,,,,,,,,,,,,,,,,,,,,,,,,,,,,,,,,,,,,,,,,,,,
12298,550,12258,12302,,0,45,45,47,47,33,33,35,35,41,41,45,45,124,124,986,986,1156,1156,1110,1110,1070,1070,989,989,903,903,956,956,926,926,960,960,982,982,1030,1030,933,933,349,349,224,224,151,151,110,110,56,56,,,,,,,,,,,,,,,,,,,,,,,,,,,,,,,,,,,,,,,,,,,,,,,,
12299,2750,12255,12401,12396;12291,2,45,45,47,47,33,33,35,35,41,41,45,45,124,124,986,986,1156,1156,1110,1110,1070,1070,989,989,903,903,956,956,926,926,960,960,982,982,1030,1030,933,933,349,349,224,224,151,151,110,110,56,56,,,,,,,,,,,,,,,,,,,,,,,,,,,,,,,,,,,,,,,,,,,,,,,,
123,2000,496,494,,0,50,50,52,52,37,37,40,40,46,46,50,50,140,140,967,967,1151,1151,1088,1088,1047,1047,967,967,880,880,932,932,911,911,933,933,958,958,1007,1007,913,913,393,393,252,252,170,170,124,124,63,63,,,,,,,,,,,,,,,,,,,,,,,,,,,,,,,,,,,,,,,,,,,,,,,,
12300,2500,12305,12257,,0,45,45,47,47,33,33,35,35,41,41,45,45,124,124,986,986,1156,1156,1110,1110,1070,1070,989,989,903,903,956,956,926,926,960,960,982,982,1030,1030,933,933,349,349,224,224,151,151,110,110,56,56,,,,,,,,,,,,,,,,,,,,,,,,,,,,,,,,,,,,,,,,,,,,,,,,
12301,4400,12348,12377,,0,62,62,64,64,45,45,48,48,56,56,61,61,171,171,997,997,1192,1192,1088,1088,1057,1057,966,966,899,899,908,908,948,948,941,941,960,960,1026,1026,962,962,526,526,332,332,220,220,160,160,85,85,,,,,,,,,,,,,,,,,,,,,,,,,,,,,,,,,,,,,,,,,,,,,,,,
12302,4400,12265,,12298,1,45,45,47,47,33,33,35,35,41,41,45,45,124,124,986,986,1156,1156,1110,1110,1070,1070,989,989,903,903,956,956,926,926,960,960,982,982,1030,1030,933,933,349,349,224,224,151,151,110,110,56,56,,,,,,,,,,,,,,,,,,,,,,,,,,,,,,,,,,,,,,,,,,,,,,,,
12303,1200,12281,12385,,0,0,0,0,0,0,0,0,0,0,0,0,0,1,1,4,4,5,5,5,5,4,4,4,4,4,4,4,4,4,4,4,4,4,4,4,4,4,4,2,2,1,1,1,1,1,1,0,0,,,,,,,,,,,,,,,,,,,,,,,,,,,,,,,,,,,,,,,,,,,,,,,,
12304,1600,16718,16737,12334,1,0,0,0,0,0,0,0,0,0,0,0,0,1,1,5,5,5,5,5,5,5,5,5,5,4,4,4,4,4,4,4,4,5,5,5,5,4,4,2,2,1,1,1,1,1,1,0,0,,,,,,,,,,,,,,,,,,,,,,,,,,,,,,,,,,,,,,,,,,,,,,,,
12305,2500,12300,12334,12379;12287,2,45,45,47,47,33,33,35,35,41,41,45,45,124,124,986,986,1156,1156,1110,1110,1070,1070,989,989,903,903,956,956,926,926,960,960,982,982,1030,1030,933,933,349,349,224,224,151,151,110,110,56,56,,,,,,,,,,,,,,,,,,,,,,,,,,,,,,,,,,,,,,,,,,,,,,,,
12306,1000,16688,12289,,0,45,45,47,47,33,33,35,35,41,41,45,45,124,124,986,986,1156,1156,1110,1110,1070,1070,989,989,903,903,956,956,926,926,960,960,982,982,1030,1030,933,933,349,349,224,224,151,151,110,110,56,56,,,,,,,,,,,,,,,,,,,,,,,,,,,,,,,,,,,,,,,,,,,,,,,,
12307,1200,,12385,,0,0,0,0,0,0,0,0,0,0,0,0,0,1,1,5,5,6,6,5,5,5,5,5,5,4,4,5,5,5,5,5,5,5,5,5,5,5,5,2,2,1,1,1,1,1,1,0,0,,,,,,,,,,,,,,,,,,,,,,,,,,,,,,,,,,,,,,,,,,,,,,,,
12308,600,12238,12341,12219,1,0,0,0,0,0,0,0,0,0,0,0,0,0,0,2,2,3,3,2,2,2,2,2,2,2,2,2,2,2,2,2,2,2,2,2,2,2,2,1,1,1,1,0,0,0,0,0,0,,,,,,,,,,,,,,,,,,,,,,,,,,,,,,,,,,,,,,,,,,,,,,,,
12309,4400,12342,12317,12264,1,45,45,47,47,33,33,35,35,41,41,45,45,124,124,986,986,1156,1156,1110,1110,1070,1070,989,989,903,903,956,956,926,926,960,960,982,982,1030,1030,933,933,349,349,224,224,151,151,110,110,56,56,,,,,,,,,,,,,,,,,,,,,,,,,,,,,,,,,,,,,,,,,,,,,,,,
12310,2500,12380,12266,,0,45,45,47,47,33,33,35,35,41,41,45,45,124,124,986,986,1156,1156,1110,1110,1070,1070,989,989,903,903,956,956,926,926,960,960,982,982,1030,1030,933,933,349,349,224,224,151,151,110,110,56,56,,,,,,,,,,,,,,,,,,,,,,,,,,,,,,,,,,,,,,,,,,,,,,,,
12311,1600,12224,,,0,0,0,0,0,0,0,0,0,0,0,0,0,0,0,1,1,1,1,1,1,1,1,1,1,1,1,1,1,1,1,1,1,1,1,1,1,1,1,0,0,0,0,0,0,0,0,0,0,,,,,,,,,,,,,,,,,,,,,,,,,,,,,,,,,,,,,,,,,,,,,,,,
12312,3850,12232,12377,12324,1,62,62,64,64,45,45,48,48,56,56,61,61,171,171,997,997,1192,1192,1088,1088,1057,1057,966,966,899,899,908,908,948,948,941,941,960,960,1026,1026,962,962,526,526,332,332,220,220,160,160,85,85,,,,,,,,,,,,,,,,,,,,,,,,,,,,,,,,,,,,,,,,,,,,,,,,
12313,300,12273,12399,12371,1,0,0,0,0,0,0,0,0,0,0,0,0,0,0,2,2,3,3,3,3,2,2,2,2,2,2,2,2,2,2,2,2,2,2,2,2,2,2,1,1,1,1,0,0,0,0,0,0,,,,,,,,,,,,,,,,,,,,,,,,,,,,,,,,,,,,,,,,,,,,,,,,
12314,800,12296,12321,,0,0,0,0,0,0,0,0,0,0,0,0,0,0,0,2,2,2,2,2,2,2,2,2,2,2,2,2,2,2,2,2,2,2,2,2,2,2,2,1,1,1,1,0,0,0,0,0,0,,,,,,,,,,,,,,,,,,,,,,,,,,,,,,,,,,,,,,,,,,,,,,,,
12315,400,12362,12251,12256,1,0,0,0,0,0,0,0,0,0,0,0,0,0,0,2,2,2,2,2,2,2,2,2,2,2,2,2,2,2,2,2,2,2,2,2,2,2,2,1,1,0,0,0,0,0,0,0,0,,,,,,,,,,,,,,,,,,,,,,,,,,,,,,,,,,,,,,,,,,,,,,,,
12316,800,12318,12230,12291;12242,2,0,0,0,0,0,0,0,0,0,0,0,0,0,0,3,3,3,3,3,3,3,3,3,3,3,3,3,3,3,3,3,3,3,3,3,3,3,3,1,1,1,1,1,1,0,0,0,0,,,,,,,,,,,,,,,,,,,,,,,,,,,,,,,,,,,,,,,,,,,,,,,,
12317,4400,12279,12309,12255,1,45,45,47,47,33,33,35,35,41,41,45,45,124,124,986,986,1156,1156,1110,1110,1070,1070,989,989,903,903,956,956,926,926,960,960,982,982,1030,1030,933,933,349,349,224,224,151,151,110,110,56,56,,,,,,,,,,,,,,,,,,,,,,,,,,,,,,,,,,,,,,,,,,,,,,,,
12318,2500,12316,12227,,0,45,45,47,47,33,33,35,35,41,41,45,45,124,124,986,986,1156,1156,1110,1110,1070,1070,989,989,903,903,956,956,926,926,960,960,982,982,1030,1030,933,933,349,349,224,224,151,151,110,110,56,56,,,,,,,,,,,,,,,,,,,,,,,,,,,,,,,,,,,,,,,,,,,,,,,,
12319,1600,12365,12280,,0,0,0,0,0,0,0,0,0,0,0,0,0,0,0,3,3,3,3,3,3,3,3,3,3,3,3,3,3,3,3,3,3,3,3,3,3,3,3,1,1,1,1,1,1,0,0,0,0,,,,,,,,,,,,,,,,,,,,,,,,,,,,,,,,,,,,,,,,,,,,,,,,
12320,2000,12364,12344,12295,1,45,45,47,47,33,33,35,35,41,41,45,45,124,124,986,986,1156,1156,1110,1110,1070,1070,989,989,903,903,956,956,926,926,960,960,982,982,1030,1030,933,933,349,349,224,224,151,151,110,110,56,56,,,,,,,,,,,,,,,,,,,,,,,,,,,,,,,,,,,,,,,,,,,,,,,,
12321,400,12367,12314,12379,1,0,0,0,0,0,0,0,0,0,0,0,0,0,0,2,2,3,3,3,3,3,3,2,2,2,2,2,2,2,2,2,2,2,2,3,3,2,2,1,1,1,1,0,0,0,0,0,0,,,,,,,,,,,,,,,,,,,,,,,,,,,,,,,,,,,,,,,,,,,,,,,,
12322,2500,12245,12293,,0,45,45,47,47,33,33,35,35,41,41,45,45,124,124,986,986,1156,1156,1110,1110,1070,1070,989,989,903,903,956,956,926,926,960,960,982,982,1030,1030,933,933,349,349,224,224,151,151,110,110,56,56,,,,,,,,,,,,,,,,,,,,,,,,,,,,,,,,,,,,,,,,,,,,,,,,
12323,2000,12285,12385,,0,45,45,47,47,33,33,35,35,41,41,45,45,124,124,986,986,1156,1156,1110,1110,1070,1070,989,989,903,903,956,956,926,926,960,960,982,982,1030,1030,933,933,349,349,224,224,151,151,110,110,56,56,,,,,,,,,,,,,,,,,,,,,,,,,,,,,,,,,,,,,,,,,,,,,,,,
12324,3500,12272,12263,12312,1,62,62,64,64,45,45,48,48,56,56,61,61,171,171,997,997,1192,1192,1088,1088,1057,1057,966,966,899,899,908,908,948,948,941,941,960,960,1026,1026,962,962,526,526,332,332,220,220,160,160,85,85,,,,,,,,,,,,,,,,,,,,,,,,,,,,,,,,,,,,,,,,,,,,,,,,
12325,300,12256,12352,12243,1,0,0,0,0,0,0,0,0,0,0,0,0,0,0,2,2,3,3,2,2,2,2,2,2,2,2,2,2,2,2,2,2,2,2,2,2,2,2,1,1,1,1,0,0,0,0,0,0,,,,,,,,,,,,,,,,,,,,,,,,,,,,,,,,,,,,,,,,,,,,,,,,
12326,800,12274,12296,,0,0,0,0,0,0,0,0,0,0,0,0,0,0,0,1,1,1,1,1,1,1,1,1,1,1,1,1,1,1,1,1,1,1,1,1,1,1,1,0,0,0,0,0,0,0,0,0,0,,,,,,,,,,,,,,,,,,,,,,,,,,,,,,,,,,,,,,,,,,,,,,,,
12327,400,,12221,12239;12263,2,2,2,2,2,2,2,2,2,2,2,2,2,6,6,34,34,41,41,37,37,36,36,33,33,31,31,31,31,32,32,32,32,33,33,35,35,33,33,18,18,12,12,8,8,6,6,3,3,,,,,,,,,,,,,,,,,,,,,,,,,,,,,,,,,,,,,,,,,,,,,,,,
12328,3500,11915,12356,,0,54,54,54,54,38,38,41,41,48,48,53,53,149,149,1126,1126,1279,1279,1185,1185,1176,1176,1064,1064,1030,1030,978,978,1073,1073,1075,1075,1072,1072,1157,1157,1124,1124,530,530,326,326,208,208,152,152,86,86,,,,,,,,,,,,,,,,,,,,,,,,,,,,,,,,,,,,,,,,,,,,,,,,
12329,800,12346,12284,12247,1,0,0,0,0,0,0,0,0,0,0,0,0,1,1,4,4,5,5,5,5,5,5,4,4,4,4,4,4,4,4,4,4,4,4,4,4,4,4,2,2,1,1,1,1,1,1,0,0,,,,,,,,,,,,,,,,,,,,,,,,,,,,,,,,,,,,,,,,,,,,,,,,
12330,400,12392,12401,12361;12220,2,0,0,0,0,0,0,0,0,0,0,0,0,0,0,3,3,3,3,3,3,3,3,3,3,3,3,3,3,3,3,3,3,3,3,3,3,3,3,1,1,1,1,0,0,0,0,0,0,,,,,,,,,,,,,,,,,,,,,,,,,,,,,,,,,,,,,,,,,,,,,,,,
12331,2500,12333,12335,12272,1,45,45,47,47,33,33,35,35,41,41,45,45,124,124,986,986,1156,1156,1110,1110,1070,1070,989,989,903,903,956,956,926,926,960,960,982,982,1030,1030,933,933,349,349,224,224,151,151,110,110,56,56,,,,,,,,,,,,,,,,,,,,,,,,,,,,,,,,,,,,,,,,,,,,,,,,
12332,1200,12365,12363,,0,0,0,0,0,0,0,0,0,0,0,0,0,1,1,4,4,5,5,5,5,4,4,4,4,4,4,4,4,4,4,4,4,4,4,4,4,4,4,2,2,1,1,1,1,1,1,0,0,,,,,,,,,,,,,,,,,,,,,,,,,,,,,,,,,,,,,,,,,,,,,,,,
12333,4400,12368,12331,,0,45,45,47,47,33,33,35,35,41,41,45,45,124,124,986,986,1156,1156,1110,1110,1070,1070,989,989,903,903,956,956,926,926,960,960,982,982,1030,1030,933,933,349,349,224,224,151,151,110,110,56,56,,,,,,,,,,,,,,,,,,,,,,,,,,,,,,,,,,,,,,,,,,,,,,,,
12334,600,12304,12305,,0,0,0,0,0,0,0,0,0,0,0,0,0,1,1,5,5,6,6,6,6,6,6,5,5,5,5,5,5,5,5,5,5,5,5,6,6,5,5,2,2,1,1,1,1,1,1,0,0,,,,,,,,,,,,,,,,,,,,,,,,,,,,,,,,,,,,,,,,,,,,,,,,
12335,3000,12331,12262,,0,45,45,47,47,33,33,35,35,41,41,45,45,124,124,986,986,1156,1156,1110,1110,1070,1070,989,989,903,903,956,956,926,926,960,960,982,982,1030,1030,933,933,349,349,224,224,151,151,110,110,56,56,,,,,,,,,,,,,,,,,,,,,,,,,,,,,,,,,,,,,,,,,,,,,,,,
12336,1600,12348,12222,12249,1,1,1,1,1,1,1,1,1,1,1,1,1,2,2,13,13,15,15,14,14,13,13,12,12,11,11,12,12,12,12,12,12,12,12,13,13,12,12,7,7,4,4,3,3,2,2,1,1,,,,,,,,,,,,,,,,,,,,,,,,,,,,,,,,,,,,,,,,,,,,,,,,
12337,300,12364,12276,12282,1,0,0,0,0,0,0,0,0,0,0,0,0,1,1,6,6,7,7,6,6,6,6,6,6,5,5,5,5,5,5,6,6,6,6,6,6,6,6,2,2,2,2,1,1,1,1,0,0,,,,,,,,,,,,,,,,,,,,,,,,,,,,,,,,,,,,,,,,,,,,,,,,
12338,800,12274,12391,12343,1,0,0,0,0,0,0,0,0,0,0,0,0,0,0,1,1,1,1,1,1,1,1,1,1,1,1,1,1,1,1,1,1,1,1,1,1,1,1,0,0,0,0,0,0,0,0,0,0,,,,,,,,,,,,,,,,,,,,,,,,,,,,,,,,,,,,,,,,,,,,,,,,
12339,1200,,12372,,0,0,0,0,0,0,0,0,0,0,0,0,0,0,0,3,3,4,4,3,3,3,3,3,3,3,3,3,3,3,3,3,3,3,3,3,3,3,3,1,1,1,1,1,1,0,0,0,0,,,,,,,,,,,,,,,,,,,,,,,,,,,,,,,,,,,,,,,,,,,,,,,,
12340,2000,12368,12245,,0,45,45,47,47,33,33,35,35,41,41,45,45,124,124,986,986,1156,1156,1110,1110,1070,1070,989,989,903,903,956,956,926,926,960,960,982,982,1030,1030,933,933,349,349,224,224,151,151,110,110,56,56,,,,,,,,,,,,,,,,,,,,,,,,,,,,,,,,,,,,,,,,,,,,,,,,
12341,1200,12308,12387,,0,0,0,0,0,0,0,0,0,0,0,0,0,0,0,2,2,2,2,2,2,2,2,2,2,1,1,1,1,1,1,2,2,2,2,2,2,2,2,1,1,0,0,0,0,0,0,0,0,,,,,,,,,,,,,,,,,,,,,,,,,,,,,,,,,,,,,,,,,,,,,,,,
12342,4400,16936,12309,16688;12248,2,67,67,70,70,49,49,53,53,62,62,67,67,186,186,910,910,1134,1134,1023,1023,977,977,900,900,812,812,861,861,864,864,851,851,886,886,939,939,854,854,524,524,336,336,227,227,165,165,84,84,,,,,,,,,,,,,,,,,,,,,,,,,,,,,,,,,,,,,,,,,,,,,,,,
12343,300,12338,12391,12362,1,0,0,0,0,0,0,0,0,0,0,0,0,0,0,1,1,1,1,1,1,1,1,1,1,1,1,1,1,1,1,1,1,1,1,1,1,1,1,0,0,0,0,0,0,0,0,0,0,,,,,,,,,,,,,,,,,,,,,,,,,,,,,,,,,,,,,,,,,,,,,,,,
12344,1200,12246,12320,,0,0,0,0,0,0,0,0,0,0,0,0,0,0,0,4,4,4,4,4,4,4,4,4,4,3,3,3,3,3,3,3,3,3,3,4,4,3,3,2,2,1,1,1,1,0,0,0,0,,,,,,,,,,,,,,,,,,,,,,,,,,,,,,,,,,,,,,,,,,,,,,,,
12345,4400,12403,12386,12231;12360;12370,3,45,45,47,47,33,33,35,35,41,41,45,45,124,124,986,986,1156,1156,1110,1110,1070,1070,989,989,903,903,956,956,926,926,960,960,982,982,1030,1030,933,933,349,349,224,224,151,151,110,110,56,56,,,,,,,,,,,,,,,,,,,,,,,,,,,,,,,,,,,,,,,,,,,,,,,,
12346,1200,12329,,,0,0,0,0,0,0,0,0,0,0,0,0,0,1,1,4,4,5,5,4,4,4,4,4,4,4,4,4,4,4,4,4,4,4,4,4,4,4,4,2,2,1,1,1,1,0,0,0,0,,,,,,,,,,,,,,,,,,,,,,,,,,,,,,,,,,,,,,,,,,,,,,,,
12347,600,12227,,,0,0,0,0,0,0,0,0,0,0,0,0,0,0,0,2,2,2,2,2,2,2,2,2,2,2,2,2,2,2,2,2,2,2,2,2,2,2,2,1,1,1,1,0,0,0,0,0,0,,,,,,,,,,,,,,,,,,,,,,,,,,,,,,,,,,,,,,,,,,,,,,,,
12348,4400,12301,11850,12336;12283;12253;12383;11861;12034,6,62,62,64,64,45,45,48,48,56,56,61,61,171,171,997,997,1192,1192,1088,1088,1057,1057,966,966,899,899,908,908,948,948,941,941,960,960,1026,1026,962,962,526,526,332,332,220,220,160,160,85,85,,,,,,,,,,,,,,,,,,,,,,,,,,,,,,,,,,,,,,,,,,,,,,,,
12349,800,12357,,,0,0,0,0,0,0,0,0,0,0,0,0,0,1,1,6,6,7,7,6,6,6,6,6,6,5,5,5,5,5,5,6,6,6,6,6,6,6,6,2,2,2,2,1,1,1,1,0,0,,,,,,,,,,,,,,,,,,,,,,,,,,,,,,,,,,,,,,,,,,,,,,,,
12350,2500,12280,12245,,0,45,45,47,47,33,33,35,35,41,41,45,45,124,124,986,986,1156,1156,1110,1110,1070,1070,989,989,903,903,956,956,926,926,960,960,982,982,1030,1030,933,933,349,349,224,224,151,151,110,110,56,56,,,,,,,,,,,,,,,,,,,,,,,,,,,,,,,,,,,,,,,,,,,,,,,,
12351,4400,12237,12278,,0,62,62,64,64,45,45,48,48,56,56,61,61,171,171,997,997,1192,1192,1088,1088,1057,1057,966,966,899,899,908,908,948,948,941,941,960,960,1026,1026,962,962,526,526,332,332,220,220,160,160,85,85,,,,,,,,,,,,,,,,,,,,,,,,,,,,,,,,,,,,,,,,,,,,,,,,
12352,2500,12325,12281,,0,0,0,0,0,0,0,0,0,0,0,0,0,0,0,1138,1138,1201,1201,1284,1284,1257,1257,1168,1168,1084,1084,1145,1145,1051,1051,1179,1179,1173,1173,1211,1211,1091,1091,0,0,0,0,0,0,0,0,0,0,,,,,,,,,,,,,,,,,,,,,,,,,,,,,,,,,,,,,,,,,,,,,,,,
12353,1500,12387,12369,,0,45,45,47,47,33,33,35,35,41,41,45,45,124,124,986,986,1156,1156,1110,1110,1070,1070,989,989,903,903,956,956,926,926,960,960,982,982,1030,1030,933,933,349,349,224,224,151,151,110,110,56,56,,,,,,,,,,,,,,,,,,,,,,,,,,,,,,,,,,,,,,,,,,,,,,,,
12354,800,12273,12357,12376;12374,2,0,0,0,0,0,0,0,0,0,0,0,0,1,1,4,4,5,5,5,5,5,5,4,4,4,4,4,4,4,4,4,4,4,4,4,4,4,4,2,2,1,1,1,1,1,1,0,0,,,,,,,,,,,,,,,,,,,,,,,,,,,,,,,,,,,,,,,,,,,,,,,,
12355,1200,12228,12264,,0,0,0,0,0,0,0,0,0,0,0,0,0,0,0,3,3,4,4,4,4,4,4,3,3,3,3,3,3,3,3,3,3,3,3,4,4,3,3,1,1,1,1,1,1,0,0,0,0,,,,,,,,,,,,,,,,,,,,,,,,,,,,,,,,,,,,,,,,,,,,,,,,
12356,1200,11886,12269,12328,1,0,0,0,0,0,0,0,0,0,0,0,0,0,0,3,3,3,3,3,3,3,3,3,3,3,3,2,2,3,3,3,3,3,3,3,3,3,3,1,1,1,1,0,0,0,0,0,0,,,,,,,,,,,,,,,,,,,,,,,,,,,,,,,,,,,,,,,,,,,,,,,,
12357,4400,12227,12354,12275;12389;12349,3,45,45,47,47,33,33,35,35,41,41,45,45,124,124,986,986,1156,1156,1110,1110,1070,1070,989,989,903,903,956,956,926,926,960,960,982,982,1030,1030,933,933,349,349,224,224,151,151,110,110,56,56,,,,,,,,,,,,,,,,,,,,,,,,,,,,,,,,,,,,,,,,,,,,,,,,
12358,3000,12272,12260,,0,62,62,64,64,45,45,48,48,56,56,61,61,171,171,997,997,1192,1192,1088,1088,1057,1057,966,966,899,899,908,908,948,948,941,941,960,960,1026,1026,962,962,526,526,332,332,220,220,160,160,85,85,,,,,,,,,,,,,,,,,,,,,,,,,,,,,,,,,,,,,,,,,,,,,,,,
12359,3500,12262,16797,,0,45,45,47,47,33,33,35,35,41,41,45,45,124,124,986,986,1156,1156,1110,1110,1070,1070,989,989,903,903,956,956,926,926,960,960,982,982,1030,1030,933,933,349,349,224,224,151,151,110,110,56,56,,,,,,,,,,,,,,,,,,,,,,,,,,,,,,,,,,,,,,,,,,,,,,,,
12360,2000,,12231,12345,1,45,45,47,47,33,33,35,35,41,41,45,45,124,124,986,986,1156,1156,1110,1110,1070,1070,989,989,903,903,956,956,926,926,960,960,982,982,1030,1030,933,933,349,349,224,224,151,151,110,110,56,56,,,,,,,,,,,,,,,,,,,,,,,,,,,,,,,,,,,,,,,,,,,,,,,,
12361,4400,12330,12254,,0,45,45,47,47,33,33,35,35,41,41,45,45,124,124,986,986,1156,1156,1110,1110,1070,1070,989,989,903,903,956,956,926,926,960,960,982,982,1030,1030,933,933,349,349,224,224,151,151,110,110,56,56,,,,,,,,,,,,,,,,,,,,,,,,,,,,,,,,,,,,,,,,,,,,,,,,
12362,800,12343,12315,,0,0,0,0,0,0,0,0,0,0,0,0,0,0,0,1,1,1,1,1,1,1,1,1,1,1,1,1,1,1,1,1,1,1,1,1,1,1,1,1,1,0,0,0,0,0,0,0,0,,,,,,,,,,,,,,,,,,,,,,,,,,,,,,,,,,,,,,,,,,,,,,,,
12363,1000,12219,12395,12332,1,45,45,47,47,33,33,35,35,41,41,45,45,124,124,986,986,1156,1156,1110,1110,1070,1070,989,989,903,903,956,956,926,926,960,960,982,982,1030,1030,933,933,349,349,224,224,151,151,110,110,56,56,,,,,,,,,,,,,,,,,,,,,,,,,,,,,,,,,,,,,,,,,,,,,,,,
12364,2500,12320,12337,,0,45,45,47,47,33,33,35,35,41,41,45,45,124,124,986,986,1156,1156,1110,1110,1070,1070,989,989,903,903,956,956,926,926,960,960,982,982,1030,1030,933,933,349,349,224,224,151,151,110,110,56,56,,,,,,,,,,,,,,,,,,,,,,,,,,,,,,,,,,,,,,,,,,,,,,,,
12365,1200,12332,12402,12319,1,0,0,0,0,0,0,0,0,0,0,0,0,0,0,3,3,4,4,4,4,3,3,3,3,3,3,3,3,3,3,3,3,3,3,3,3,3,3,1,1,1,1,1,1,0,0,0,0,,,,,,,,,,,,,,,,,,,,,,,,,,,,,,,,,,,,,,,,,,,,,,,,
12366,4400,16619,12226,,0,43,43,45,45,31,31,34,34,39,39,43,43,118,118,993,993,1158,1158,1118,1118,1079,1079,997,997,911,911,964,964,932,932,970,970,990,990,1038,1038,940,940,333,333,214,214,144,144,105,105,53,53,,,,,,,,,,,,,,,,,,,,,,,,,,,,,,,,,,,,,,,,,,,,,,,,
12367,800,12257,12321,,0,0,0,0,0,0,0,0,0,0,0,0,0,0,0,3,3,3,3,3,3,3,3,3,3,2,2,3,3,3,3,3,3,3,3,3,3,3,3,1,1,1,1,0,0,0,0,0,0,,,,,,,,,,,,,,,,,,,,,,,,,,,,,,,,,,,,,,,,,,,,,,,,
12368,3000,12333,12340,12378,1,45,45,47,47,33,33,35,35,41,41,45,45,124,124,986,986,1156,1156,1110,1110,1070,1070,989,989,903,903,956,956,926,926,960,960,982,982,1030,1030,933,933,349,349,224,224,151,151,110,110,56,56,,,,,,,,,,,,,,,,,,,,,,,,,,,,,,,,,,,,,,,,,,,,,,,,
12369,3500,12398,12353,12232;12374,2,45,45,47,47,33,33,35,35,41,41,45,45,124,124,986,986,1156,1156,1110,1110,1070,1070,989,989,903,903,956,956,926,926,960,960,982,982,1030,1030,933,933,349,349,224,224,151,151,110,110,56,56,,,,,,,,,,,,,,,,,,,,,,,,,,,,,,,,,,,,,,,,,,,,,,,,
12370,1200,12386,,12345,1,0,0,0,0,0,0,0,0,0,0,0,0,0,0,3,3,4,4,4,4,3,3,3,3,3,3,3,3,3,3,3,3,3,3,3,3,3,3,1,1,1,1,1,1,0,0,0,0,,,,,,,,,,,,,,,,,,,,,,,,,,,,,,,,,,,,,,,,,,,,,,,,
12371,1200,12387,12313,,0,0,0,0,0,0,0,0,0,0,0,0,0,0,0,3,3,3,3,3,3,3,3,3,3,3,3,3,3,3,3,3,3,3,3,3,3,3,3,1,1,1,1,1,1,0,0,0,0,,,,,,,,,,,,,,,,,,,,,,,,,,,,,,,,,,,,,,,,,,,,,,,,
12372,800,12339,12284,12396,1,0,0,0,0,0,0,0,0,0,0,0,0,0,0,3,3,4,4,4,4,4,4,3,3,3,3,3,3,3,3,3,3,3,3,3,3,3,3,1,1,1,1,1,1,0,0,0,0,,,,,,,,,,,,,,,,,,,,,,,,,,,,,,,,,,,,,,,,,,,,,,,,
12373,1600,12280,12268,,0,33,33,31,31,22,22,23,23,26,26,31,31,88,88,1055,1055,1119,1119,1058,1058,1080,1080,966,966,980,980,861,861,1008,1008,1021,1021,988,988,1080,1080,1096,1096,421,421,249,249,150,150,110,110,68,68,,,,,,,,,,,,,,,,,,,,,,,,,,,,,,,,,,,,,,,,,,,,,,,,
12374,4400,,12354,12369,1,45,45,47,47,33,33,35,35,41,41,45,45,124,124,986,986,1156,1156,1110,1110,1070,1070,989,989,903,903,956,956,926,926,960,960,982,982,1030,1030,933,933,349,349,224,224,151,151,110,110,56,56,,,,,,,,,,,,,,,,,,,,,,,,,,,,,,,,,,,,,,,,,,,,,,,,
12375,3000,12223,12289,,0,45,45,47,47,33,33,35,35,41,41,45,45,124,124,986,986,1156,1156,1110,1110,1070,1070,989,989,903,903,956,956,926,926,960,960,982,982,1030,1030,933,933,349,349,224,224,151,151,110,110,56,56,,,,,,,,,,,,,,,,,,,,,,,,,,,,,,,,,,,,,,,,,,,,,,,,
12376,4400,12354,12267,12238;12399,2,45,45,47,47,33,33,35,35,41,41,45,45,124,124,986,986,1156,1156,1110,1110,1070,1070,989,989,903,903,956,956,926,926,960,960,982,982,1030,1030,933,933,349,349,224,224,151,151,110,110,56,56,,,,,,,,,,,,,,,,,,,,,,,,,,,,,,,,,,,,,,,,,,,,,,,,
12377,4400,12312,12301,12232;12283,2,62,62,64,64,45,45,48,48,56,56,61,61,171,171,997,997,1192,1192,1088,1088,1057,1057,966,966,899,899,908,908,948,948,941,941,960,960,1026,1026,962,962,526,526,332,332,220,220,160,160,85,85,,,,,,,,,,,,,,,,,,,,,,,,,,,,,,,,,,,,,,,,,,,,,,,,
12378,500,16797,12368,,0,45,45,47,47,33,33,35,35,41,41,45,45,124,124,986,986,1156,1156,1110,1110,1070,1070,989,989,903,903,956,956,926,926,960,960,982,982,1030,1030,933,933,349,349,224,224,151,151,110,110,56,56,,,,,,,,,,,,,,,,,,,,,,,,,,,,,,,,,,,,,,,,,,,,,,,,
12379,1000,12321,12305,,0,45,45,47,47,33,33,35,35,41,41,45,45,124,124,986,986,1156,1156,1110,1110,1070,1070,989,989,903,903,956,956,926,926,960,960,982,982,1030,1030,933,933,349,349,224,224,151,151,110,110,56,56,,,,,,,,,,,,,,,,,,,,,,,,,,,,,,,,,,,,,,,,,,,,,,,,
12380,2500,12286,4772,12310;4560,2,45,45,47,47,33,33,35,35,41,41,45,45,124,124,986,986,1156,1156,1110,1110,1070,1070,989,989,903,903,956,956,926,926,960,960,982,982,1030,1030,933,933,349,349,224,224,151,151,110,110,56,56,,,,,,,,,,,,,,,,,,,,,,,,,,,,,,,,,,,,,,,,,,,,,,,,
12381,1600,12281,12270,,0,0,0,0,0,0,0,0,0,0,0,0,0,0,0,2,2,3,3,2,2,2,2,2,2,2,2,2,2,2,2,2,2,2,2,2,2,2,2,1,1,1,1,0,0,0,0,0,0,,,,,,,,,,,,,,,,,,,,,,,,,,,,,,,,,,,,,,,,,,,,,,,,
12382,1600,12297,12247,12254,1,0,0,0,0,0,0,0,0,0,0,0,0,0,0,3,3,4,4,4,4,4,4,3,3,3,3,3,3,3,3,3,3,3,3,4,4,3,3,1,1,1,1,1,1,0,0,0,0,,,,,,,,,,,,,,,,,,,,,,,,,,,,,,,,,,,,,,,,,,,,,,,,
12383,550,12348,12034,,0,56,56,57,57,40,40,43,43,50,50,55,55,154,154,1096,1096,1258,1258,1162,1162,1148,1148,1041,1041,998,998,962,962,1043,1043,1043,1043,1045,1045,1126,1126,1085,1085,529,529,327,327,211,211,154,154,85,85,,,,,,,,,,,,,,,,,,,,,,,,,,,,,,,,,,,,,,,,,,,,,,,,
12384,3000,12275,12394,12279;12267,2,45,45,47,47,33,33,35,35,41,41,45,45,124,124,986,986,1156,1156,1110,1110,1070,1070,989,989,903,903,956,956,926,926,960,960,982,982,1030,1030,933,933,349,349,224,224,151,151,110,110,56,56,,,,,,,,,,,,,,,,,,,,,,,,,,,,,,,,,,,,,,,,,,,,,,,,
12385,1600,12303,12307,12323,1,0,0,0,0,0,0,0,0,0,0,0,0,1,1,5,5,6,6,6,6,6,6,5,5,5,5,5,5,5,5,5,5,5,5,5,5,5,5,2,2,1,1,1,1,1,1,0,0,,,,,,,,,,,,,,,,,,,,,,,,,,,,,,,,,,,,,,,,,,,,,,,,
12386,400,,12370,12345,1,0,0,0,0,0,0,0,0,0,0,0,0,0,0,2,2,3,3,3,3,2,2,2,2,2,2,2,2,2,2,2,2,2,2,2,2,2,2,1,1,1,1,0,0,0,0,0,0,,,,,,,,,,,,,,,,,,,,,,,,,,,,,,,,,,,,,,,,,,,,,,,,
12387,800,12341,12353,12371,1,0,0,0,0,0,0,0,0,0,0,0,0,0,0,3,3,3,3,3,3,3,3,3,3,2,2,2,2,3,3,3,3,3,3,3,3,3,3,1,1,1,1,0,0,0,0,0,0,,,,,,,,,,,,,,,,,,,,,,,,,,,,,,,,,,,,,,,,,,,,,,,,
12388,1200,12270,12293,,0,0,0,0,0,0,0,0,0,0,0,0,0,0,0,3,3,4,4,4,4,4,4,3,3,3,3,3,3,3,3,3,3,3,3,4,4,3,3,1,1,1,1,1,1,0,0,0,0,,,,,,,,,,,,,,,,,,,,,,,,,,,,,,,,,,,,,,,,,,,,,,,,
12389,800,12397,12357,,0,0,0,0,0,0,0,0,0,0,0,0,0,1,1,6,6,7,7,6,6,6,6,6,6,5,5,5,5,5,5,6,6,6,6,6,6,6,6,2,2,2,2,1,1,1,1,0,0,,,,,,,,,,,,,,,,,,,,,,,,,,,,,,,,,,,,,,,,,,,,,,,,
12390,1200,12270,12280,,0,0,0,0,0,0,0,0,0,0,0,0,0,0,0,3,3,3,3,3,3,3,3,3,3,2,2,3,3,3,3,3,3,3,3,3,3,3,3,1,1,1,1,0,0,0,0,0,0,,,,,,,,,,,,,,,,,,,,,,,,,,,,,,,,,,,,,,,,,,,,,,,,
12391,300,,12338,12343,1,0,0,0,0,0,0,0,0,0,0,0,0,0,0,1,1,1,1,1,1,1,1,1,1,1,1,1,1,1,1,1,1,1,1,1,1,1,1,0,0,0,0,0,0,0,0,0,0,,,,,,,,,,,,,,,,,,,,,,,,,,,,,,,,,,,,,,,,,,,,,,,,
12392,1600,12330,,,0,0,0,0,0,0,0,0,0,0,0,0,0,0,0,1,1,1,1,1,1,1,1,1,1,1,1,1,1,1,1,1,1,1,1,1,1,1,1,1,1,0,0,0,0,0,0,0,0,,,,,,,,,,,,,,,,,,,,,,,,,,,,,,,,,,,,,,,,,,,,,,,,
12393,3000,,12246,,0,45,45,47,47,33,33,35,35,41,41,45,45,124,124,986,986,1156,1156,1110,1110,1070,1070,989,989,903,903,956,956,926,926,960,960,982,982,1030,1030,933,933,349,349,224,224,151,151,110,110,56,56,,,,,,,,,,,,,,,,,,,,,,,,,,,,,,,,,,,,,,,,,,,,,,,,
12394,2500,12384,12268,,0,45,45,47,47,33,33,35,35,41,41,45,45,124,124,986,986,1156,1156,1110,1110,1070,1070,989,989,903,903,956,956,926,926,960,960,982,982,1030,1030,933,933,349,349,224,224,151,151,110,110,56,56,,,,,,,,,,,,,,,,,,,,,,,,,,,,,,,,,,,,,,,,,,,,,,,,
12395,2500,12268,12363,,0,45,45,47,47,33,33,35,35,41,41,45,45,124,124,986,986,1156,1156,1110,1110,1070,1070,989,989,903,903,956,956,926,926,960,960,982,982,1030,1030,933,933,349,349,224,224,151,151,110,110,56,56,,,,,,,,,,,,,,,,,,,,,,,,,,,,,,,,,,,,,,,,,,,,,,,,
12396,3500,12372,12299,,0,45,45,47,47,33,33,35,35,41,41,45,45,124,124,986,986,1156,1156,1110,1110,1070,1070,989,989,903,903,956,956,926,926,960,960,982,982,1030,1030,933,933,349,349,224,224,151,151,110,110,56,56,,,,,,,,,,,,,,,,,,,,,,,,,,,,,,,,,,,,,,,,,,,,,,,,
12397,1200,12277,12234,12389,1,0,0,0,0,0,0,0,0,0,0,0,0,1,1,6,6,7,7,6,6,6,6,6,6,5,5,5,5,5,5,6,6,6,6,6,6,6,6,2,2,2,2,1,1,1,1,0,0,,,,,,,,,,,,,,,,,,,,,,,,,,,,,,,,,,,,,,,,,,,,,,,,
12398,4400,12369,12235,12173,1,67,67,70,70,49,49,53,53,62,62,67,67,186,186,910,910,1134,1134,1023,1023,977,977,900,900,812,812,861,861,864,864,851,851,886,886,939,939,854,854,524,524,336,336,227,227,165,165,84,84,,,,,,,,,,,,,,,,,,,,,,,,,,,,,,,,,,,,,,,,,,,,,,,,
12399,600,12313,12376,,0,0,0,0,0,0,0,0,0,0,0,0,0,0,0,3,3,3,3,3,3,3,3,3,3,3,3,3,3,3,3,3,3,3,3,3,3,3,3,1,1,1,1,0,0,0,0,0,0,,,,,,,,,,,,,,,,,,,,,,,,,,,,,,,,,,,,,,,,,,,,,,,,
124,4400,487,138,116;140,2,27,27,28,28,20,20,21,21,25,25,27,27,74,74,1049,1049,1182,1182,1170,1170,1126,1126,1056,1056,970,970,1022,1022,982,982,1052,1052,1066,1066,1112,1112,1010,1010,210,210,134,134,91,91,66,66,34,34,,,,,,,,,,,,,,,,,,,,,,,,,,,,,,,,,,,,,,,,,,,,,,,,
12400,1200,12236,12288,,0,3,3,3,3,2,2,2,2,2,2,3,3,8,8,43,43,51,51,47,47,45,45,42,42,39,39,39,39,41,41,40,40,41,41,44,44,41,41,23,23,14,14,10,10,7,7,4,4,,,,,,,,,,,,,,,,,,,,,,,,,,,,,,,,,,,,,,,,,,,,,,,,
12401,1100,12299,12330,12259,1,45,45,47,47,33,33,35,35,41,41,45,45,124,124,986,986,1156,1156,1110,1110,1070,1070,989,989,903,903,956,956,926,926,960,960,982,982,1030,1030,933,933,349,349,224,224,151,151,110,110,56,56,,,,,,,,,,,,,,,,,,,,,,,,,,,,,,,,,,,,,,,,,,,,,,,,
12402,1500,12245,12365,,0,45,45,47,47,33,33,35,35,41,41,45,45,124,124,986,986,1156,1156,1110,1110,1070,1070,989,989,903,903,956,956,926,926,960,960,982,982,1030,1030,933,933,349,349,224,224,151,151,110,110,56,56,,,,,,,,,,,,,,,,,,,,,,,,,,,,,,,,,,,,,,,,,,,,,,,,
12403,4400,12345,12248,,0,45,45,47,47,33,33,35,35,41,41,45,45,124,124,986,986,1156,1156,1110,1110,1070,1070,989,989,903,903,956,956,926,926,960,960,982,982,1030,1030,933,933,349,349,224,224,151,151,110,110,56,56,,,,,,,,,,,,,,,,,,,,,,,,,,,,,,,,,,,,,,,,,,,,,,,,
12404,300,12820,12419,,0,0,0,0,0,0,0,0,0,0,0,0,0,0,0,0,0,0,0,0,0,0,0,0,0,0,0,0,0,0,0,0,0,0,0,0,0,0,0,0,0,0,0,0,0,0,0,0,0,,,,,,,,,,,,,,,,,,,,,,,,,,,,,,,,,,,,,,,,,,,,,,,,
12405,300,,5816,,0,0,0,0,0,0,0,0,0,0,0,0,0,0,0,2,2,2,2,2,2,2,2,2,2,2,2,2,2,2,2,2,2,2,2,2,2,2,2,1,1,1,1,0,0,0,0,0,0,,,,,,,,,,,,,,,,,,,,,,,,,,,,,,,,,,,,,,,,,,,,,,,,
12406,300,12910,,,0,0,0,0,0,0,0,0,0,0,0,0,0,0,0,3,3,3,3,3,3,3,3,3,3,2,2,2,2,3,3,3,3,3,3,3,3,3,3,1,1,1,1,1,1,0,0,0,0,,,,,,,,,,,,,,,,,,,,,,,,,,,,,,,,,,,,,,,,,,,,,,,,
12407,600,12822,,,0,0,0,0,0,0,0,0,0,0,0,0,0,0,0,0,0,0,0,0,0,0,0,0,0,0,0,0,0,0,0,0,0,0,0,0,0,0,0,0,0,0,0,0,0,0,0,0,0,,,,,,,,,,,,,,,,,,,,,,,,,,,,,,,,,,,,,,,,,,,,,,,,
12408,300,12820,12822,,0,0,0,0,0,0,0,0,0,0,0,0,0,0,0,0,0,1,1,1,1,0,0,0,0,0,0,0,0,0,0,0,0,0,0,0,0,0,0,0,0,0,0,0,0,0,0,0,0,,,,,,,,,,,,,,,,,,,,,,,,,,,,,,,,,,,,,,,,,,,,,,,,
12409,2500,12818,,,0,44,44,45,45,32,32,34,34,40,40,44,44,122,122,967,967,1118,1118,1048,1048,1018,1018,940,940,881,881,886,886,916,916,935,935,947,947,1007,1007,945,945,387,387,243,243,159,159,116,116,62,62,,,,,,,,,,,,,,,,,,,,,,,,,,,,,,,,,,,,,,,,,,,,,,,,
12410,4000,12412,5726,,0,63,63,65,65,46,46,49,49,57,57,62,62,174,174,982,982,1182,1182,1077,1077,1043,1043,955,955,884,884,900,900,934,934,926,926,948,948,1012,1012,944,944,526,526,333,333,221,221,161,161,84,84,,,,,,,,,,,,,,,,,,,,,,,,,,,,,,,,,,,,,,,,,,,,,,,,
12411,550,12431,12908,,0,53,53,52,52,37,37,39,39,46,46,51,51,144,144,1157,1157,1300,1300,1208,1208,1204,1204,1088,1088,1061,1061,995,995,1103,1103,1107,1107,1098,1098,1188,1188,1163,1163,531,531,325,325,206,206,151,151,86,86,,,,,,,,,,,,,,,,,,,,,,,,,,,,,,,,,,,,,,,,,,,,,,,,
12412,2500,12439,5725,12410;12418,2,50,50,49,49,35,35,37,37,43,43,48,48,137,137,1199,1199,1327,1327,1239,1239,1242,1242,1119,1119,1102,1102,1018,1018,1143,1143,1150,1150,1133,1133,1230,1230,1214,1214,532,532,323,323,202,202,148,148,86,86,,,,,,,,,,,,,,,,,,,,,,,,,,,,,,,,,,,,,,,,,,,,,,,,
12413,1600,,12817,,0,0,0,0,0,0,0,0,0,0,0,0,0,0,0,1,1,2,2,2,2,2,2,1,1,1,1,1,1,1,1,1,1,1,1,2,2,1,1,1,1,0,0,0,0,0,0,0,0,,,,,,,,,,,,,,,,,,,,,,,,,,,,,,,,,,,,,,,,,,,,,,,,
12414,800,12817,,,0,6,6,6,6,4,4,4,4,5,5,5,5,15,15,121,121,140,140,131,131,127,127,118,118,110,110,111,111,115,115,117,117,118,118,126,126,118,118,48,48,30,30,20,20,15,15,8,8,,,,,,,,,,,,,,,,,,,,,,,,,,,,,,,,,,,,,,,,,,,,,,,,
12415,3500,5861,12460,12842,1,63,63,65,65,46,46,49,49,57,57,62,62,174,174,982,982,1182,1182,1077,1077,1043,1043,955,955,884,884,900,900,934,934,926,926,948,948,1012,1012,944,944,526,526,333,333,221,221,161,161,84,84,,,,,,,,,,,,,,,,,,,,,,,,,,,,,,,,,,,,,,,,,,,,,,,,
12416,300,12834,,,0,0,0,0,0,0,0,0,0,0,0,0,0,0,0,0,0,0,0,0,0,0,0,0,0,0,0,0,0,0,0,0,0,0,0,0,0,0,0,0,0,0,0,0,0,0,0,0,0,,,,,,,,,,,,,,,,,,,,,,,,,,,,,,,,,,,,,,,,,,,,,,,,
12417,1600,,12849,,0,0,0,0,0,0,0,0,0,0,0,0,0,1,1,9,9,11,11,10,10,10,10,9,9,9,9,8,8,9,9,9,9,9,9,10,10,10,10,4,4,2,2,1,1,1,1,1,1,,,,,,,,,,,,,,,,,,,,,,,,,,,,,,,,,,,,,,,,,,,,,,,,
12418,4000,12412,12846,,0,50,50,49,49,35,35,37,37,43,43,48,48,137,137,1199,1199,1327,1327,1239,1239,1242,1242,1119,1119,1102,1102,1018,1018,1143,1143,1150,1150,1133,1133,1230,1230,1214,1214,532,532,323,323,202,202,148,148,86,86,,,,,,,,,,,,,,,,,,,,,,,,,,,,,,,,,,,,,,,,,,,,,,,,
12419,800,5808,12838,12404,1,0,0,0,0,0,0,0,0,0,0,0,0,0,0,2,2,2,2,2,2,2,2,2,2,2,2,2,2,2,2,2,2,2,2,2,2,2,2,1,1,1,1,0,0,0,0,0,0,,,,,,,,,,,,,,,,,,,,,,,,,,,,,,,,,,,,,,,,,,,,,,,,
12420,4000,12814,12442,,0,53,53,52,52,37,37,39,39,46,46,51,51,144,144,1157,1157,1300,1300,1208,1208,1204,1204,1088,1088,1061,1061,995,995,1103,1103,1107,1107,1098,1098,1188,1188,1163,1163,531,531,325,325,206,206,151,151,86,86,,,,,,,,,,,,,,,,,,,,,,,,,,,,,,,,,,,,,,,,,,,,,,,,
12421,800,,12836,,0,0,0,0,0,0,0,0,0,0,0,0,0,0,0,1,1,1,1,1,1,1,1,1,1,1,1,1,1,1,1,1,1,1,1,1,1,1,1,0,0,0,0,0,0,0,0,0,0,,,,,,,,,,,,,,,,,,,,,,,,,,,,,,,,,,,,,,,,,,,,,,,,
12422,1600,,12824,,0,0,0,0,0,0,0,0,0,0,0,0,0,0,0,1,1,1,1,1,1,1,1,1,1,1,1,1,1,1,1,1,1,1,1,1,1,1,1,0,0,0,0,0,0,0,0,0,0,,,,,,,,,,,,,,,,,,,,,,,,,,,,,,,,,,,,,,,,,,,,,,,,
12423,1200,,,,0,6,6,6,6,4,4,4,4,5,5,5,5,15,15,121,121,140,140,131,131,127,127,118,118,110,110,111,111,115,115,117,117,118,118,126,126,118,118,48,48,30,30,20,20,15,15,8,8,,,,,,,,,,,,,,,,,,,,,,,,,,,,,,,,,,,,,,,,,,,,,,,,
12424,800,12609,12851,,0,0,0,0,0,0,0,0,0,0,0,0,0,0,0,2,2,2,2,2,2,2,2,2,2,2,2,2,2,2,2,2,2,2,2,2,2,2,2,1,1,1,1,0,0,0,0,0,0,,,,,,,,,,,,,,,,,,,,,,,,,,,,,,,,,,,,,,,,,,,,,,,,
12425,300,,12427,,0,0,0,0,0,0,0,0,0,0,0,0,0,0,0,2,2,2,2,2,2,2,2,2,2,2,2,1,1,2,2,2,2,2,2,2,2,2,2,1,1,0,0,0,0,0,0,0,0,,,,,,,,,,,,,,,,,,,,,,,,,,,,,,,,,,,,,,,,,,,,,,,,
12426,800,12427,12909,,0,0,0,0,0,0,0,0,0,0,0,0,0,0,0,2,2,3,3,2,2,2,2,2,2,2,2,2,2,2,2,2,2,2,2,2,2,2,2,1,1,1,1,0,0,0,0,0,0,,,,,,,,,,,,,,,,,,,,,,,,,,,,,,,,,,,,,,,,,,,,,,,,
12427,300,12434,12444,12426;12425,2,0,0,0,0,0,0,0,0,0,0,0,0,0,0,1,1,2,2,2,2,2,2,1,1,1,1,1,1,1,1,1,1,1,1,2,2,1,1,1,1,0,0,0,0,0,0,0,0,,,,,,,,,,,,,,,,,,,,,,,,,,,,,,,,,,,,,,,,,,,,,,,,
12428,1600,12824,12812,,0,0,0,0,0,0,0,0,0,0,0,0,0,0,0,1,1,1,1,1,1,1,1,1,1,1,1,1,1,1,1,1,1,1,1,1,1,1,1,0,0,0,0,0,0,0,0,0,0,,,,,,,,,,,,,,,,,,,,,,,,,,,,,,,,,,,,,,,,,,,,,,,,
12429,800,12811,,,0,0,0,0,0,0,0,0,0,0,0,0,0,0,0,3,3,3,3,3,3,3,3,3,3,3,3,2,2,3,3,3,3,3,3,3,3,3,3,1,1,1,1,1,1,0,0,0,0,,,,,,,,,,,,,,,,,,,,,,,,,,,,,,,,,,,,,,,,,,,,,,,,
12430,1500,12849,5726,,0,50,50,49,49,35,35,37,37,43,43,48,48,137,137,1199,1199,1327,1327,1239,1239,1242,1242,1119,1119,1102,1102,1018,1018,1143,1143,1150,1150,1133,1133,1230,1230,1214,1214,532,532,323,323,202,202,148,148,86,86,,,,,,,,,,,,,,,,,,,,,,,,,,,,,,,,,,,,,,,,,,,,,,,,
12431,2500,12841,600,12411,1,53,53,52,52,37,37,39,39,46,46,51,51,144,144,1157,1157,1300,1300,1208,1208,1204,1204,1088,1088,1061,1061,995,995,1103,1103,1107,1107,1098,1098,1188,1188,1163,1163,531,531,325,325,206,206,151,151,86,86,,,,,,,,,,,,,,,,,,,,,,,,,,,,,,,,,,,,,,,,,,,,,,,,
12432,1200,12433,,,0,0,0,0,0,0,0,0,0,0,0,0,0,1,1,9,9,11,11,10,10,10,10,9,9,9,9,8,8,9,9,9,9,9,9,10,10,10,10,4,4,2,2,1,1,1,1,1,1,,,,,,,,,,,,,,,,,,,,,,,,,,,,,,,,,,,,,,,,,,,,,,,,
12433,2000,12449,12432,12848;12453,2,50,50,49,49,35,35,37,37,43,43,48,48,137,137,1199,1199,1327,1327,1239,1239,1242,1242,1119,1119,1102,1102,1018,1018,1143,1143,1150,1150,1133,1133,1230,1230,1214,1214,532,532,323,323,202,202,148,148,86,86,,,,,,,,,,,,,,,,,,,,,,,,,,,,,,,,,,,,,,,,,,,,,,,,
12434,1200,12610,12844,12427,1,0,0,0,0,0,0,0,0,0,0,0,0,0,0,2,2,2,2,2,2,2,2,1,1,1,1,1,1,1,1,1,1,1,1,2,2,2,2,1,1,0,0,0,0,0,0,0,0,,,,,,,,,,,,,,,,,,,,,,,,,,,,,,,,,,,,,,,,,,,,,,,,
12435,600,,12841,,0,0,0,0,0,0,0,0,0,0,0,0,0,0,0,2,2,2,2,2,2,2,2,2,2,2,2,2,2,2,2,2,2,2,2,2,2,2,2,1,1,1,1,0,0,0,0,0,0,,,,,,,,,,,,,,,,,,,,,,,,,,,,,,,,,,,,,,,,,,,,,,,,
12436,300,,12441,,0,0,0,0,0,0,0,0,0,0,0,0,0,0,0,1,1,1,1,1,1,1,1,1,1,1,1,1,1,1,1,1,1,1,1,1,1,1,1,1,1,0,0,0,0,0,0,0,0,,,,,,,,,,,,,,,,,,,,,,,,,,,,,,,,,,,,,,,,,,,,,,,,
12437,800,12440,,,0,6,6,6,6,4,4,4,4,5,5,5,5,15,15,121,121,140,140,131,131,127,127,118,118,110,110,111,111,115,115,117,117,118,118,126,126,118,118,48,48,30,30,20,20,15,15,8,8,,,,,,,,,,,,,,,,,,,,,,,,,,,,,,,,,,,,,,,,,,,,,,,,
12438,300,12843,12611,,0,0,0,0,0,0,0,0,0,0,0,0,0,1,1,8,8,9,9,9,9,8,8,8,8,8,8,7,7,8,8,8,8,8,8,9,9,8,8,3,3,2,2,1,1,1,1,1,1,,,,,,,,,,,,,,,,,,,,,,,,,,,,,,,,,,,,,,,,,,,,,,,,
12439,2500,12847,12412,,0,50,50,49,49,35,35,37,37,43,43,48,48,137,137,1199,1199,1327,1327,1239,1239,1242,1242,1119,1119,1102,1102,1018,1018,1143,1143,1150,1150,1133,1133,1230,1230,1214,1214,532,532,323,323,202,202,148,148,86,86,,,,,,,,,,,,,,,,,,,,,,,,,,,,,,,,,,,,,,,,,,,,,,,,
12440,800,12437,12441,,0,0,0,0,0,0,0,0,0,0,0,0,0,0,0,1,1,1,1,1,1,1,1,1,1,1,1,1,1,1,1,1,1,1,1,1,1,1,1,0,0,0,0,0,0,0,0,0,0,,,,,,,,,,,,,,,,,,,,,,,,,,,,,,,,,,,,,,,,,,,,,,,,
12441,800,12475,12445,12436;12440,2,0,0,0,0,0,0,0,0,0,0,0,0,0,0,1,1,1,1,1,1,1,1,1,1,1,1,1,1,1,1,1,1,1,1,1,1,1,1,0,0,0,0,0,0,0,0,0,0,,,,,,,,,,,,,,,,,,,,,,,,,,,,,,,,,,,,,,,,,,,,,,,,
12442,2500,12811,12420,,0,53,53,52,52,37,37,39,39,46,46,51,51,144,144,1157,1157,1300,1300,1208,1208,1204,1204,1088,1088,1061,1061,995,995,1103,1103,1107,1107,1098,1098,1188,1188,1163,1163,531,531,325,325,206,206,151,151,86,86,,,,,,,,,,,,,,,,,,,,,,,,,,,,,,,,,,,,,,,,,,,,,,,,
12443,1200,,12830,,0,0,0,0,0,0,0,0,0,0,0,0,0,0,0,1,1,1,1,1,1,1,1,1,1,1,1,1,1,1,1,1,1,1,1,1,1,1,1,0,0,0,0,0,0,0,0,0,0,,,,,,,,,,,,,,,,,,,,,,,,,,,,,,,,,,,,,,,,,,,,,,,,
12444,3000,12893,12427,,0,53,53,52,52,37,37,39,39,46,46,51,51,144,144,1157,1157,1300,1300,1208,1208,1204,1204,1088,1088,1061,1061,995,995,1103,1103,1107,1107,1098,1098,1188,1188,1163,1163,531,531,325,325,206,206,151,151,86,86,,,,,,,,,,,,,,,,,,,,,,,,,,,,,,,,,,,,,,,,,,,,,,,,
12445,800,12441,12446,,0,0,0,0,0,0,0,0,0,0,0,0,0,0,0,1,1,1,1,1,1,1,1,1,1,1,1,1,1,1,1,1,1,1,1,1,1,1,1,1,1,0,0,0,0,0,0,0,0,,,,,,,,,,,,,,,,,,,,,,,,,,,,,,,,,,,,,,,,,,,,,,,,
12446,800,12447,12445,12810;12478,2,0,0,0,0,0,0,0,0,0,0,0,0,0,0,1,1,1,1,1,1,1,1,1,1,1,1,1,1,1,1,1,1,1,1,1,1,1,1,1,1,0,0,0,0,0,0,0,0,,,,,,,,,,,,,,,,,,,,,,,,,,,,,,,,,,,,,,,,,,,,,,,,
12447,400,,12446,,0,0,0,0,0,0,0,0,0,0,0,0,0,0,0,1,1,1,1,1,1,1,1,1,1,1,1,1,1,1,1,1,1,1,1,1,1,1,1,1,1,0,0,0,0,0,0,0,0,,,,,,,,,,,,,,,,,,,,,,,,,,,,,,,,,,,,,,,,,,,,,,,,
12448,1200,12829,12862,,0,0,0,0,0,0,0,0,0,0,0,0,0,0,0,2,2,2,2,2,2,2,2,1,1,1,1,1,1,1,1,1,1,1,1,2,2,2,2,1,1,0,0,0,0,0,0,0,0,,,,,,,,,,,,,,,,,,,,,,,,,,,,,,,,,,,,,,,,,,,,,,,,
12449,1200,12433,12847,,0,0,0,0,0,0,0,0,0,0,0,0,0,1,1,5,5,6,6,5,5,5,5,5,5,4,4,4,4,5,5,5,5,5,5,5,5,5,5,2,2,1,1,1,1,1,1,0,0,,,,,,,,,,,,,,,,,,,,,,,,,,,,,,,,,,,,,,,,,,,,,,,,
12450,1200,12846,12452,,0,0,0,0,0,0,0,0,0,0,0,0,0,0,0,2,2,3,3,3,3,2,2,2,2,2,2,2,2,2,2,2,2,2,2,3,3,2,2,1,1,1,1,0,0,0,0,0,0,,,,,,,,,,,,,,,,,,,,,,,,,,,,,,,,,,,,,,,,,,,,,,,,
12451,2000,12638,12636,,0,50,50,49,49,35,35,37,37,43,43,48,48,137,137,1199,1199,1327,1327,1239,1239,1242,1242,1119,1119,1102,1102,1018,1018,1143,1143,1150,1150,1133,1133,1230,1230,1214,1214,532,532,323,323,202,202,148,148,86,86,,,,,,,,,,,,,,,,,,,,,,,,,,,,,,,,,,,,,,,,,,,,,,,,
12452,800,12469,12450,12648;12640,2,0,0,0,0,0,0,0,0,0,0,0,0,0,0,3,3,3,3,3,3,3,3,3,3,2,2,2,2,3,3,3,3,3,3,3,3,3,3,1,1,1,1,0,0,0,0,0,0,,,,,,,,,,,,,,,,,,,,,,,,,,,,,,,,,,,,,,,,,,,,,,,,
12453,1600,12433,12456,,0,0,0,0,0,0,0,0,0,0,0,0,0,0,0,4,4,5,5,5,5,5,5,4,4,4,4,4,4,4,4,4,4,4,4,5,5,4,4,2,2,1,1,1,1,0,0,0,0,,,,,,,,,,,,,,,,,,,,,,,,,,,,,,,,,,,,,,,,,,,,,,,,
12454,800,12619,,,0,0,0,0,0,0,0,0,0,0,0,0,0,0,0,1,1,1,1,1,1,1,1,1,1,1,1,1,1,1,1,1,1,1,1,1,1,1,1,1,1,0,0,0,0,0,0,0,0,,,,,,,,,,,,,,,,,,,,,,,,,,,,,,,,,,,,,,,,,,,,,,,,
12455,800,12829,,,0,0,0,0,0,0,0,0,0,0,0,0,0,0,0,2,2,2,2,2,2,2,2,2,2,2,2,2,2,2,2,2,2,2,2,2,2,2,2,1,1,1,1,0,0,0,0,0,0,,,,,,,,,,,,,,,,,,,,,,,,,,,,,,,,,,,,,,,,,,,,,,,,
12456,1200,12466,12465,12453,1,0,0,0,0,0,0,0,0,0,0,0,0,1,1,6,6,7,7,7,7,6,6,6,6,6,6,5,5,6,6,6,6,6,6,7,7,6,6,2,2,1,1,1,1,1,1,0,0,,,,,,,,,,,,,,,,,,,,,,,,,,,,,,,,,,,,,,,,,,,,,,,,
12457,800,12611,12621,,0,0,0,0,0,0,0,0,0,0,0,0,0,0,0,3,3,3,3,3,3,3,3,3,3,3,3,2,2,3,3,3,3,3,3,3,3,3,3,1,1,1,1,0,0,0,0,0,0,,,,,,,,,,,,,,,,,,,,,,,,,,,,,,,,,,,,,,,,,,,,,,,,
12458,1600,,12621,,0,0,0,0,0,0,0,0,0,0,0,0,0,0,0,3,3,4,4,3,3,3,3,3,3,3,3,3,3,3,3,3,3,3,3,3,3,3,3,2,2,1,1,1,1,0,0,0,0,,,,,,,,,,,,,,,,,,,,,,,,,,,,,,,,,,,,,,,,,,,,,,,,
12459,800,12610,12619,,0,0,0,0,0,0,0,0,0,0,0,0,0,0,0,1,1,1,1,1,1,1,1,1,1,1,1,1,1,1,1,1,1,1,1,1,1,1,1,1,1,0,0,0,0,0,0,0,0,,,,,,,,,,,,,,,,,,,,,,,,,,,,,,,,,,,,,,,,,,,,,,,,
12460,1600,12842,5709,598;12415,2,0,0,0,0,0,0,0,0,0,0,0,0,0,0,2,2,2,2,2,2,2,2,2,2,2,2,2,2,2,2,2,2,2,2,2,2,2,2,1,1,1,1,0,0,0,0,0,0,,,,,,,,,,,,,,,,,,,,,,,,,,,,,,,,,,,,,,,,,,,,,,,,
12461,1200,12627,12614,12623;12622,2,53,53,55,55,38,38,42,42,48,48,53,53,146,146,715,715,891,891,804,804,768,768,707,707,638,638,676,676,679,679,669,669,696,696,738,738,671,671,411,411,264,264,178,178,130,130,66,66,,,,,,,,,,,,,,,,,,,,,,,,,,,,,,,,,,,,,,,,,,,,,,,,
12462,300,12829,12862,,0,0,0,0,0,0,0,0,0,0,0,0,0,0,0,3,3,3,3,3,3,3,3,3,3,3,3,3,3,3,3,3,3,3,3,3,3,3,3,1,1,1,1,1,1,0,0,0,0,,,,,,,,,,,,,,,,,,,,,,,,,,,,,,,,,,,,,,,,,,,,,,,,
12463,300,12617,,,0,0,0,0,0,0,0,0,0,0,0,0,0,0,0,1,1,2,2,2,2,2,2,1,1,1,1,1,1,1,1,1,1,1,1,2,2,1,1,1,1,0,0,0,0,0,0,0,0,,,,,,,,,,,,,,,,,,,,,,,,,,,,,,,,,,,,,,,,,,,,,,,,
12464,800,,12634,,0,0,0,0,0,0,0,0,0,0,0,0,0,1,1,7,7,8,8,8,8,7,7,7,7,7,7,6,6,7,7,7,7,7,7,8,8,7,7,3,3,2,2,1,1,1,1,0,0,,,,,,,,,,,,,,,,,,,,,,,,,,,,,,,,,,,,,,,,,,,,,,,,
12465,1200,12641,12456,,0,0,0,0,0,0,0,0,0,0,0,0,0,0,0,3,3,3,3,3,3,3,3,3,3,3,3,3,3,3,3,3,3,3,3,3,3,3,3,1,1,1,1,0,0,0,0,0,0,,,,,,,,,,,,,,,,,,,,,,,,,,,,,,,,,,,,,,,,,,,,,,,,
12466,2000,,12456,,0,50,50,49,49,35,35,37,37,43,43,48,48,137,137,1199,1199,1327,1327,1239,1239,1242,1242,1119,1119,1102,1102,1018,1018,1143,1143,1150,1150,1133,1133,1230,1230,1214,1214,532,532,323,323,202,202,148,148,86,86,,,,,,,,,,,,,,,,,,,,,,,,,,,,,,,,,,,,,,,,,,,,,,,,
12467,1200,12861,,,0,0,0,0,0,0,0,0,0,0,0,0,0,0,0,1,1,1,1,1,1,1,1,1,1,0,0,0,0,1,1,1,1,1,1,1,1,1,1,0,0,0,0,0,0,0,0,0,0,,,,,,,,,,,,,,,,,,,,,,,,,,,,,,,,,,,,,,,,,,,,,,,,
12468,4400,12828,12891,,0,53,53,52,52,37,37,39,39,46,46,51,51,144,144,1157,1157,1300,1300,1208,1208,1204,1204,1088,1088,1061,1061,995,995,1103,1103,1107,1107,1098,1098,1188,1188,1163,1163,531,531,325,325,206,206,151,151,86,86,,,,,,,,,,,,,,,,,,,,,,,,,,,,,,,,,,,,,,,,,,,,,,,,
12469,800,12639,12452,,0,0,0,0,0,0,0,0,0,0,0,0,0,1,1,7,7,7,7,7,7,7,7,6,6,6,6,6,6,6,6,6,6,6,6,7,7,7,7,3,3,2,2,1,1,1,1,0,0,,,,,,,,,,,,,,,,,,,,,,,,,,,,,,,,,,,,,,,,,,,,,,,,
12470,1600,12861,12812,,0,0,0,0,0,0,0,0,0,0,0,0,0,0,0,1,1,1,1,1,1,1,1,1,1,1,1,1,1,1,1,1,1,1,1,1,1,1,1,0,0,0,0,0,0,0,0,0,0,,,,,,,,,,,,,,,,,,,,,,,,,,,,,,,,,,,,,,,,,,,,,,,,
12471,2500,,12908,12910;12909,2,50,50,52,52,37,37,40,40,46,46,50,50,140,140,967,967,1151,1151,1088,1088,1047,1047,967,967,880,880,932,932,911,911,933,933,958,958,1007,1007,913,913,393,393,252,252,170,170,124,124,63,63,,,,,,,,,,,,,,,,,,,,,,,,,,,,,,,,,,,,,,,,,,,,,,,,
12472,550,,12885,,0,53,53,52,52,37,37,39,39,46,46,51,51,144,144,1157,1157,1300,1300,1208,1208,1204,1204,1088,1088,1061,1061,995,995,1103,1103,1107,1107,1098,1098,1188,1188,1163,1163,531,531,325,325,206,206,151,151,86,86,,,,,,,,,,,,,,,,,,,,,,,,,,,,,,,,,,,,,,,,,,,,,,,,
12473,1200,12893,12891,,0,0,0,0,0,0,0,0,0,0,0,0,0,0,0,2,2,3,3,2,2,2,2,2,2,2,2,2,2,2,2,2,2,2,2,2,2,2,2,1,1,1,1,0,0,0,0,0,0,,,,,,,,,,,,,,,,,,,,,,,,,,,,,,,,,,,,,,,,,,,,,,,,
12474,800,12890,12480,12620;12493,2,0,0,0,0,0,0,0,0,0,0,0,0,0,0,2,2,2,2,2,2,2,2,2,2,2,2,2,2,2,2,2,2,2,2,2,2,2,2,1,1,1,1,0,0,0,0,0,0,,,,,,,,,,,,,,,,,,,,,,,,,,,,,,,,,,,,,,,,,,,,,,,,
12475,1200,12853,12441,,0,0,0,0,0,0,0,0,0,0,0,0,0,0,0,0,0,0,0,0,0,0,0,0,0,0,0,0,0,0,0,0,0,0,0,0,0,0,0,0,0,0,0,0,0,0,0,0,0,,,,,,,,,,,,,,,,,,,,,,,,,,,,,,,,,,,,,,,,,,,,,,,,
12476,400,12855,12853,,0,0,0,0,0,0,0,0,0,0,0,0,0,0,0,1,1,1,1,1,1,1,1,1,1,1,1,1,1,1,1,1,1,1,1,1,1,1,1,0,0,0,0,0,0,0,0,0,0,,,,,,,,,,,,,,,,,,,,,,,,,,,,,,,,,,,,,,,,,,,,,,,,
12477,1600,,12643,,0,0,0,0,0,0,0,0,0,0,0,0,0,1,1,9,9,11,11,10,10,10,10,9,9,9,9,8,8,9,9,9,9,9,9,10,10,10,10,4,4,2,2,1,1,1,1,1,1,,,,,,,,,,,,,,,,,,,,,,,,,,,,,,,,,,,,,,,,,,,,,,,,
12478,1200,12855,12446,,0,0,0,0,0,0,0,0,0,0,0,0,0,0,0,1,1,1,1,1,1,1,1,0,0,0,0,0,0,0,0,0,0,0,0,1,1,1,1,0,0,0,0,0,0,0,0,0,0,,,,,,,,,,,,,,,,,,,,,,,,,,,,,,,,,,,,,,,,,,,,,,,,
12479,1200,,12645,,0,0,0,0,0,0,0,0,0,0,0,0,0,1,1,9,9,11,11,10,10,10,10,9,9,9,9,8,8,9,9,9,9,9,9,10,10,10,10,4,4,2,2,1,1,1,1,1,1,,,,,,,,,,,,,,,,,,,,,,,,,,,,,,,,,,,,,,,,,,,,,,,,
12480,2000,,12474,,0,53,53,52,52,37,37,39,39,46,46,51,51,144,144,1157,1157,1300,1300,1208,1208,1204,1204,1088,1088,1061,1061,995,995,1103,1103,1107,1107,1098,1098,1188,1188,1163,1163,531,531,325,325,206,206,151,151,86,86,,,,,,,,,,,,,,,,,,,,,,,,,,,,,,,,,,,,,,,,,,,,,,,,
12481,600,12859,12863,,0,0,0,0,0,0,0,0,0,0,0,0,0,0,0,1,1,2,2,1,1,1,1,1,1,1,1,1,1,1,1,1,1,1,1,1,1,1,1,1,1,0,0,0,0,0,0,0,0,,,,,,,,,,,,,,,,,,,,,,,,,,,,,,,,,,,,,,,,,,,,,,,,
12482,3000,12887,12889,,0,53,53,52,52,37,37,39,39,46,46,51,51,144,144,1157,1157,1300,1300,1208,1208,1204,1204,1088,1088,1061,1061,995,995,1103,1103,1107,1107,1098,1098,1188,1188,1163,1163,531,531,325,325,206,206,151,151,86,86,,,,,,,,,,,,,,,,,,,,,,,,,,,,,,,,,,,,,,,,,,,,,,,,
12483,4400,12827,12836,5857,1,0,0,0,0,0,0,0,0,0,0,0,0,0,0,1138,1138,1201,1201,1284,1284,1257,1257,1168,1168,1084,1084,1145,1145,1051,1051,1179,1179,1173,1173,1211,1211,1091,1091,0,0,0,0,0,0,0,0,0,0,,,,,,,,,,,,,,,,,,,,,,,,,,,,,,,,,,,,,,,,,,,,,,,,
12484,4400,12885,12889,,0,67,67,70,70,49,49,53,53,62,62,67,67,186,186,910,910,1134,1134,1023,1023,977,977,900,900,812,812,861,861,864,864,851,851,886,886,939,939,854,854,524,524,336,336,227,227,165,165,84,84,,,,,,,,,,,,,,,,,,,,,,,,,,,,,,,,,,,,,,,,,,,,,,,,
12485,1600,12857,12824,,0,0,0,0,0,0,0,0,0,0,0,0,0,0,0,1,1,1,1,1,1,1,1,1,1,1,1,1,1,1,1,1,1,1,1,1,1,1,1,1,1,0,0,0,0,0,0,0,0,,,,,,,,,,,,,,,,,,,,,,,,,,,,,,,,,,,,,,,,,,,,,,,,
12486,500,,12895,,0,53,53,52,52,37,37,39,39,46,46,51,51,144,144,1157,1157,1300,1300,1208,1208,1204,1204,1088,1088,1061,1061,995,995,1103,1103,1107,1107,1098,1098,1188,1188,1163,1163,531,531,325,325,206,206,151,151,86,86,,,,,,,,,,,,,,,,,,,,,,,,,,,,,,,,,,,,,,,,,,,,,,,,
12487,1200,12881,,,0,0,0,0,0,0,0,0,0,0,0,0,0,0,0,2,2,2,2,2,2,2,2,2,2,2,2,2,2,2,2,2,2,2,2,2,2,2,2,1,1,1,1,0,0,0,0,0,0,,,,,,,,,,,,,,,,,,,,,,,,,,,,,,,,,,,,,,,,,,,,,,,,
12488,1200,12884,12506,12527;12491,2,0,0,0,0,0,0,0,0,0,0,0,0,0,0,2,2,2,2,2,2,2,2,2,2,2,2,2,2,2,2,2,2,2,2,2,2,2,2,1,1,1,1,0,0,0,0,0,0,,,,,,,,,,,,,,,,,,,,,,,,,,,,,,,,,,,,,,,,,,,,,,,,
12489,300,,12494,,0,0,0,0,0,0,0,0,0,0,0,0,0,0,0,2,2,3,3,3,3,2,2,2,2,2,2,2,2,2,2,2,2,2,2,2,2,2,2,1,1,1,1,0,0,0,0,0,0,,,,,,,,,,,,,,,,,,,,,,,,,,,,,,,,,,,,,,,,,,,,,,,,
12490,1500,12871,12873,12856,1,53,53,52,52,37,37,39,39,46,46,51,51,144,144,1157,1157,1300,1300,1208,1208,1204,1204,1088,1088,1061,1061,995,995,1103,1103,1107,1107,1098,1098,1188,1188,1163,1163,531,531,325,325,206,206,151,151,86,86,,,,,,,,,,,,,,,,,,,,,,,,,,,,,,,,,,,,,,,,,,,,,,,,
12491,1200,12488,12492,,0,0,0,0,0,0,0,0,0,0,0,0,0,0,0,1,1,1,1,1,1,1,1,1,1,1,1,1,1,1,1,1,1,1,1,1,1,1,1,1,1,0,0,0,0,0,0,0,0,,,,,,,,,,,,,,,,,,,,,,,,,,,,,,,,,,,,,,,,,,,,,,,,
12492,1200,12886,12508,12491;12894,2,0,0,0,0,0,0,0,0,0,0,0,0,0,0,1,1,2,2,1,1,1,1,1,1,1,1,1,1,1,1,1,1,1,1,1,1,1,1,1,1,0,0,0,0,0,0,0,0,,,,,,,,,,,,,,,,,,,,,,,,,,,,,,,,,,,,,,,,,,,,,,,,
12493,1600,12474,12895,,0,0,0,0,0,0,0,0,0,0,0,0,0,0,0,2,2,2,2,2,2,2,2,2,2,2,2,2,2,2,2,2,2,2,2,2,2,2,2,1,1,1,1,0,0,0,0,0,0,,,,,,,,,,,,,,,,,,,,,,,,,,,,,,,,,,,,,,,,,,,,,,,,
12494,3000,12873,12489,,0,53,53,52,52,37,37,39,39,46,46,51,51,144,144,1157,1157,1300,1300,1208,1208,1204,1204,1088,1088,1061,1061,995,995,1103,1103,1107,1107,1098,1098,1188,1188,1163,1163,531,531,325,325,206,206,151,151,86,86,,,,,,,,,,,,,,,,,,,,,,,,,,,,,,,,,,,,,,,,,,,,,,,,
12495,4400,,12628,,0,50,50,49,49,35,35,37,37,43,43,48,48,137,137,1199,1199,1327,1327,1239,1239,1242,1242,1119,1119,1102,1102,1018,1018,1143,1143,1150,1150,1133,1133,1230,1230,1214,1214,532,532,323,323,202,202,148,148,86,86,,,,,,,,,,,,,,,,,,,,,,,,,,,,,,,,,,,,,,,,,,,,,,,,
12496,600,,12867,,0,0,0,0,0,0,0,0,0,0,0,0,0,0,0,2,2,2,2,2,2,2,2,2,2,1,1,1,1,2,2,2,2,2,2,2,2,2,2,1,1,0,0,0,0,0,0,0,0,,,,,,,,,,,,,,,,,,,,,,,,,,,,,,,,,,,,,,,,,,,,,,,,
12497,4000,12514,12638,12633,1,50,50,49,49,35,35,37,37,43,43,48,48,137,137,1199,1199,1327,1327,1239,1239,1242,1242,1119,1119,1102,1102,1018,1018,1143,1143,1150,1150,1133,1133,1230,1230,1214,1214,532,532,323,323,202,202,148,148,86,86,,,,,,,,,,,,,,,,,,,,,,,,,,,,,,,,,,,,,,,,,,,,,,,,
12498,1200,,12501,,0,0,0,0,0,0,0,0,0,0,0,0,0,0,0,2,2,2,2,2,2,2,2,2,2,2,2,2,2,2,2,2,2,2,2,2,2,2,2,1,1,1,1,0,0,0,0,0,0,,,,,,,,,,,,,,,,,,,,,,,,,,,,,,,,,,,,,,,,,,,,,,,,
12499,1600,12869,,,0,0,0,0,0,0,0,0,0,0,0,0,0,0,0,2,2,2,2,2,2,2,2,2,2,2,2,1,1,2,2,2,2,2,2,2,2,2,2,1,1,1,1,0,0,0,0,0,0,,,,,,,,,,,,,,,,,,,,,,,,,,,,,,,,,,,,,,,,,,,,,,,,
125,3000,120,127,467;130,2,27,27,28,28,20,20,21,21,25,25,27,27,74,74,1049,1049,1182,1182,1170,1170,1126,1126,1056,1056,970,970,1022,1022,982,982,1052,1052,1066,1066,1112,1112,1010,1010,210,210,134,134,91,91,66,66,34,34,,,,,,,,,,,,,,,,,,,,,,,,,,,,,,,,,,,,,,,,,,,,,,,,
12500,3000,12877,12879,,0,53,53,52,52,37,37,39,39,46,46,51,51,144,144,1157,1157,1300,1300,1208,1208,1204,1204,1088,1088,1061,1061,995,995,1103,1103,1107,1107,1098,1098,1188,1188,1163,1163,531,531,325,325,206,206,151,151,86,86,,,,,,,,,,,,,,,,,,,,,,,,,,,,,,,,,,,,,,,,,,,,,,,,
12501,4400,12791,12899,12498,1,53,53,52,52,37,37,39,39,46,46,51,51,144,144,1157,1157,1300,1300,1208,1208,1204,1204,1088,1088,1061,1061,995,995,1103,1103,1107,1107,1098,1098,1188,1188,1163,1163,531,531,325,325,206,206,151,151,86,86,,,,,,,,,,,,,,,,,,,,,,,,,,,,,,,,,,,,,,,,,,,,,,,,
12502,300,,12877,,0,0,0,0,0,0,0,0,0,0,0,0,0,0,0,1,1,1,1,1,1,1,1,1,1,1,1,1,1,1,1,1,1,1,1,1,1,1,1,1,1,0,0,0,0,0,0,0,0,,,,,,,,,,,,,,,,,,,,,,,,,,,,,,,,,,,,,,,,,,,,,,,,
12503,800,12630,,,0,0,0,0,0,0,0,0,0,0,0,0,0,0,0,3,3,3,3,3,3,3,3,3,3,2,2,2,2,3,3,3,3,3,3,3,3,3,3,1,1,1,1,0,0,0,0,0,0,,,,,,,,,,,,,,,,,,,,,,,,,,,,,,,,,,,,,,,,,,,,,,,,
12504,1650,12632,12631,,0,50,50,49,49,35,35,37,37,43,43,48,48,137,137,1199,1199,1327,1327,1239,1239,1242,1242,1119,1119,1102,1102,1018,1018,1143,1143,1150,1150,1133,1133,1230,1230,1214,1214,532,532,323,323,202,202,148,148,86,86,,,,,,,,,,,,,,,,,,,,,,,,,,,,,,,,,,,,,,,,,,,,,,,,
12505,1600,,12626,,0,0,0,0,0,0,0,0,0,0,0,0,0,0,0,3,3,3,3,3,3,3,3,3,3,3,3,3,3,3,3,3,3,3,3,3,3,3,3,1,1,1,1,1,1,0,0,0,0,,,,,,,,,,,,,,,,,,,,,,,,,,,,,,,,,,,,,,,,,,,,,,,,
12506,800,12903,12488,,0,0,0,0,0,0,0,0,0,0,0,0,0,0,0,1,1,1,1,1,1,1,1,1,1,1,1,1,1,1,1,1,1,1,1,1,1,1,1,0,0,0,0,0,0,0,0,0,0,,,,,,,,,,,,,,,,,,,,,,,,,,,,,,,,,,,,,,,,,,,,,,,,
12507,4000,12626,12628,,0,67,67,70,70,49,49,53,53,62,62,67,67,186,186,910,910,1134,1134,1023,1023,977,977,900,900,812,812,861,861,864,864,851,851,886,886,939,939,854,854,524,524,336,336,227,227,165,165,84,84,,,,,,,,,,,,,,,,,,,,,,,,,,,,,,,,,,,,,,,,,,,,,,,,
12508,1200,12899,12492,,0,0,0,0,0,0,0,0,0,0,0,0,0,0,0,1,1,1,1,1,1,1,1,1,1,1,1,1,1,1,1,1,1,1,1,1,1,1,1,1,1,0,0,0,0,0,0,0,0,,,,,,,,,,,,,,,,,,,,,,,,,,,,,,,,,,,,,,,,,,,,,,,,
12509,1200,,12630,,0,0,0,0,0,0,0,0,0,0,0,0,0,0,0,1,1,2,2,2,2,2,2,1,1,1,1,1,1,1,1,1,1,1,1,2,2,1,1,1,1,0,0,0,0,0,0,0,0,,,,,,,,,,,,,,,,,,,,,,,,,,,,,,,,,,,,,,,,,,,,,,,,
12510,600,12779,,,0,0,0,0,0,0,0,0,0,0,0,0,0,0,0,2,2,3,3,2,2,2,2,2,2,2,2,2,2,2,2,2,2,2,2,2,2,2,2,1,1,1,1,0,0,0,0,0,0,,,,,,,,,,,,,,,,,,,,,,,,,,,,,,,,,,,,,,,,,,,,,,,,
12511,800,12903,12901,,0,0,0,0,0,0,0,0,0,0,0,0,0,0,0,2,2,2,2,2,2,2,2,1,1,1,1,1,1,1,1,1,1,1,1,2,2,2,2,1,1,0,0,0,0,0,0,0,0,,,,,,,,,,,,,,,,,,,,,,,,,,,,,,,,,,,,,,,,,,,,,,,,
12512,2500,12905,12897,12900,1,53,53,52,52,37,37,39,39,46,46,51,51,144,144,1157,1157,1300,1300,1208,1208,1204,1204,1088,1088,1061,1061,995,995,1103,1103,1107,1107,1098,1098,1188,1188,1163,1163,531,531,325,325,206,206,151,151,86,86,,,,,,,,,,,,,,,,,,,,,,,,,,,,,,,,,,,,,,,,,,,,,,,,
12513,600,,12519,,0,0,0,0,0,0,0,0,0,0,0,0,0,0,0,1,1,2,2,1,1,1,1,1,1,1,1,1,1,1,1,1,1,1,1,1,1,1,1,1,1,0,0,0,0,0,0,0,0,,,,,,,,,,,,,,,,,,,,,,,,,,,,,,,,,,,,,,,,,,,,,,,,
12514,3500,12803,12497,,0,50,50,49,49,35,35,37,37,43,43,48,48,137,137,1199,1199,1327,1327,1239,1239,1242,1242,1119,1119,1102,1102,1018,1018,1143,1143,1150,1150,1133,1133,1230,1230,1214,1214,532,532,323,323,202,202,148,148,86,86,,,,,,,,,,,,,,,,,,,,,,,,,,,,,,,,,,,,,,,,,,,,,,,,
12515,600,,12748,,0,0,0,0,0,0,0,0,0,0,0,0,0,0,0,2,2,2,2,2,2,2,2,2,2,2,2,2,2,2,2,2,2,2,2,2,2,2,2,1,1,1,1,0,0,0,0,0,0,,,,,,,,,,,,,,,,,,,,,,,,,,,,,,,,,,,,,,,,,,,,,,,,
12516,300,,12806,,0,0,0,0,0,0,0,0,0,0,0,0,0,0,0,4,4,5,5,4,4,4,4,4,4,4,4,4,4,4,4,4,4,4,4,4,4,4,4,2,2,1,1,1,1,0,0,0,0,,,,,,,,,,,,,,,,,,,,,,,,,,,,,,,,,,,,,,,,,,,,,,,,
12517,800,,12746,,0,0,0,0,0,0,0,0,0,0,0,0,0,0,0,3,3,3,3,3,3,3,3,3,3,3,3,2,2,3,3,3,3,3,3,3,3,3,3,1,1,1,1,1,1,0,0,0,0,,,,,,,,,,,,,,,,,,,,,,,,,,,,,,,,,,,,,,,,,,,,,,,,
12518,4400,12774,12905,,0,53,53,52,52,37,37,39,39,46,46,51,51,144,144,1157,1157,1300,1300,1208,1208,1204,1204,1088,1088,1061,1061,995,995,1103,1103,1107,1107,1098,1098,1188,1188,1163,1163,531,531,325,325,206,206,151,151,86,86,,,,,,,,,,,,,,,,,,,,,,,,,,,,,,,,,,,,,,,,,,,,,,,,
12519,3500,,12744,12513,1,53,53,52,52,37,37,39,39,46,46,51,51,144,144,1157,1157,1300,1300,1208,1208,1204,1204,1088,1088,1061,1061,995,995,1103,1103,1107,1107,1098,1098,1188,1188,1163,1163,531,531,325,325,206,206,151,151,86,86,,,,,,,,,,,,,,,,,,,,,,,,,,,,,,,,,,,,,,,,,,,,,,,,
12520,1200,12804,12802,,0,0,0,0,0,0,0,0,0,0,0,0,0,1,1,9,9,10,10,9,9,9,9,8,8,8,8,8,8,8,8,9,9,9,9,9,9,9,9,3,3,2,2,1,1,1,1,1,1,,,,,,,,,,,,,,,,,,,,,,,,,,,,,,,,,,,,,,,,,,,,,,,,
12521,4400,12615,12792,,0,53,53,52,52,37,37,39,39,46,46,51,51,144,144,1157,1157,1300,1300,1208,1208,1204,1204,1088,1088,1061,1061,995,995,1103,1103,1107,1107,1098,1098,1188,1188,1163,1163,531,531,325,325,206,206,151,151,86,86,,,,,,,,,,,,,,,,,,,,,,,,,,,,,,,,,,,,,,,,,,,,,,,,
12522,2500,12792,,,0,53,53,52,52,37,37,39,39,46,46,51,51,144,144,1157,1157,1300,1300,1208,1208,1204,1204,1088,1088,1061,1061,995,995,1103,1103,1107,1107,1098,1098,1188,1188,1163,1163,531,531,325,325,206,206,151,151,86,86,,,,,,,,,,,,,,,,,,,,,,,,,,,,,,,,,,,,,,,,,,,,,,,,
12523,1200,12716,,,0,0,0,0,0,0,0,0,0,0,0,0,0,0,0,2,2,2,2,2,2,2,2,2,2,2,2,2,2,2,2,2,2,2,2,2,2,2,2,1,1,1,1,0,0,0,0,0,0,,,,,,,,,,,,,,,,,,,,,,,,,,,,,,,,,,,,,,,,,,,,,,,,
12524,4400,12802,12798,,0,50,50,49,49,35,35,37,37,43,43,48,48,137,137,1199,1199,1327,1327,1239,1239,1242,1242,1119,1119,1102,1102,1018,1018,1143,1143,1150,1150,1133,1133,1230,1230,1214,1214,532,532,323,323,202,202,148,148,86,86,,,,,,,,,,,,,,,,,,,,,,,,,,,,,,,,,,,,,,,,,,,,,,,,
12525,3000,12742,12740,,0,53,53,52,52,37,37,39,39,46,46,51,51,144,144,1157,1157,1300,1300,1208,1208,1204,1204,1088,1088,1061,1061,995,995,1103,1103,1107,1107,1098,1098,1188,1188,1163,1163,531,531,325,325,206,206,151,151,86,86,,,,,,,,,,,,,,,,,,,,,,,,,,,,,,,,,,,,,,,,,,,,,,,,
12526,800,12718,,,0,0,0,0,0,0,0,0,0,0,0,0,0,0,0,2,2,2,2,2,2,2,2,2,2,1,1,1,1,1,1,1,1,2,2,2,2,2,2,1,1,0,0,0,0,0,0,0,0,,,,,,,,,,,,,,,,,,,,,,,,,,,,,,,,,,,,,,,,,,,,,,,,
12527,1200,12883,12488,,0,53,53,55,55,38,38,42,42,48,48,53,53,146,146,715,715,891,891,804,804,768,768,707,707,638,638,676,676,679,679,669,669,696,696,738,738,671,671,411,411,264,264,178,178,130,130,66,66,,,,,,,,,,,,,,,,,,,,,,,,,,,,,,,,,,,,,,,,,,,,,,,,
12528,1200,12780,,,0,0,0,0,0,0,0,0,0,0,0,0,0,0,0,3,3,4,4,3,3,3,3,3,3,3,3,3,3,3,3,3,3,3,3,3,3,3,3,2,2,1,1,1,1,0,0,0,0,,,,,,,,,,,,,,,,,,,,,,,,,,,,,,,,,,,,,,,,,,,,,,,,
12529,4400,12740,12877,,0,67,67,70,70,49,49,53,53,62,62,67,67,186,186,910,910,1134,1134,1023,1023,977,977,900,900,812,812,861,861,864,864,851,851,886,886,939,939,854,854,524,524,336,336,227,227,165,165,84,84,,,,,,,,,,,,,,,,,,,,,,,,,,,,,,,,,,,,,,,,,,,,,,,,
12530,1200,12535,12794,,0,0,0,0,0,0,0,0,0,0,0,0,0,1,1,9,9,11,11,10,10,10,10,9,9,9,9,8,8,9,9,9,9,9,9,10,10,10,10,4,4,2,2,1,1,1,1,1,1,,,,,,,,,,,,,,,,,,,,,,,,,,,,,,,,,,,,,,,,,,,,,,,,
12531,800,12533,12738,,0,0,0,0,0,0,0,0,0,0,0,0,0,0,0,1,1,1,1,1,1,1,1,1,1,1,1,1,1,1,1,1,1,1,1,1,1,1,1,0,0,0,0,0,0,0,0,0,0,,,,,,,,,,,,,,,,,,,,,,,,,,,,,,,,,,,,,,,,,,,,,,,,
12532,2000,12796,12790,,0,50,50,49,49,35,35,37,37,43,43,48,48,137,137,1199,1199,1327,1327,1239,1239,1242,1242,1119,1119,1102,1102,1018,1018,1143,1143,1150,1150,1133,1133,1230,1230,1214,1214,532,532,323,323,202,202,148,148,86,86,,,,,,,,,,,,,,,,,,,,,,,,,,,,,,,,,,,,,,,,,,,,,,,,
12533,1200,12703,12531,12769;12538,2,0,0,0,0,0,0,0,0,0,0,0,0,0,0,1,1,1,1,1,1,1,1,1,1,1,1,1,1,1,1,1,1,1,1,1,1,1,1,0,0,0,0,0,0,0,0,0,0,,,,,,,,,,,,,,,,,,,,,,,,,,,,,,,,,,,,,,,,,,,,,,,,
12534,800,12756,12704,,0,0,0,0,0,0,0,0,0,0,0,0,0,0,0,3,3,4,4,3,3,3,3,3,3,3,3,3,3,3,3,3,3,3,3,3,3,3,3,2,2,1,1,1,1,0,0,0,0,,,,,,,,,,,,,,,,,,,,,,,,,,,,,,,,,,,,,,,,,,,,,,,,
12535,2000,12781,12775,12530;12789,2,67,67,70,70,49,49,53,53,62,62,67,67,186,186,910,910,1134,1134,1023,1023,977,977,900,900,812,812,861,861,864,864,851,851,886,886,939,939,854,854,524,524,336,336,227,227,165,165,84,84,,,,,,,,,,,,,,,,,,,,,,,,,,,,,,,,,,,,,,,,,,,,,,,,
12536,800,12706,12758,,0,0,0,0,0,0,0,0,0,0,0,0,0,0,0,3,3,4,4,3,3,3,3,3,3,3,3,3,3,3,3,3,3,3,3,3,3,3,3,2,2,1,1,1,1,0,0,0,0,,,,,,,,,,,,,,,,,,,,,,,,,,,,,,,,,,,,,,,,,,,,,,,,
12537,3000,12543,12800,,0,50,50,49,49,35,35,37,37,43,43,48,48,137,137,1199,1199,1327,1327,1239,1239,1242,1242,1119,1119,1102,1102,1018,1018,1143,1143,1150,1150,1133,1133,1230,1230,1214,1214,532,532,323,323,202,202,148,148,86,86,,,,,,,,,,,,,,,,,,,,,,,,,,,,,,,,,,,,,,,,,,,,,,,,
12538,1200,12541,12533,,0,0,0,0,0,0,0,0,0,0,0,0,0,0,0,1,1,1,1,1,1,1,1,1,1,1,1,1,1,1,1,1,1,1,1,1,1,1,1,0,0,0,0,0,0,0,0,0,0,,,,,,,,,,,,,,,,,,,,,,,,,,,,,,,,,,,,,,,,,,,,,,,,
12539,800,12760,12708,,0,53,53,55,55,38,38,42,42,48,48,53,53,146,146,715,715,891,891,804,804,768,768,707,707,638,638,676,676,679,679,669,669,696,696,738,738,671,671,411,411,264,264,178,178,130,130,66,66,,,,,,,,,,,,,,,,,,,,,,,,,,,,,,,,,,,,,,,,,,,,,,,,
12540,800,12541,12734,,0,0,0,0,0,0,0,0,0,0,0,0,0,0,0,1,1,1,1,1,1,1,1,1,1,1,1,1,1,1,1,1,1,1,1,1,1,1,1,0,0,0,0,0,0,0,0,0,0,,,,,,,,,,,,,,,,,,,,,,,,,,,,,,,,,,,,,,,,,,,,,,,,
12541,800,12553,12540,12538;12547,2,0,0,0,0,0,0,0,0,0,0,0,0,0,0,1,1,1,1,1,1,1,1,1,1,1,1,1,1,1,1,1,1,1,1,1,1,1,1,0,0,0,0,0,0,0,0,0,0,,,,,,,,,,,,,,,,,,,,,,,,,,,,,,,,,,,,,,,,,,,,,,,,
12542,1500,12790,12543,,0,67,67,70,70,49,49,53,53,62,62,67,67,186,186,910,910,1134,1134,1023,1023,977,977,900,900,812,812,861,861,864,864,851,851,886,886,939,939,854,854,524,524,336,336,227,227,165,165,84,84,,,,,,,,,,,,,,,,,,,,,,,,,,,,,,,,,,,,,,,,,,,,,,,,
12543,2000,12545,12537,12542;12550,2,67,67,70,70,49,49,53,53,62,62,67,67,186,186,910,910,1134,1134,1023,1023,977,977,900,900,812,812,861,861,864,864,851,851,886,886,939,939,854,854,524,524,336,336,227,227,165,165,84,84,,,,,,,,,,,,,,,,,,,,,,,,,,,,,,,,,,,,,,,,,,,,,,,,
12544,4000,12768,12760,,0,53,53,52,52,37,37,39,39,46,46,51,51,144,144,1157,1157,1300,1300,1208,1208,1204,1204,1088,1088,1061,1061,995,995,1103,1103,1107,1107,1098,1098,1188,1188,1163,1163,531,531,325,325,206,206,151,151,86,86,,,,,,,,,,,,,,,,,,,,,,,,,,,,,,,,,,,,,,,,,,,,,,,,
12545,2500,12543,12788,,0,67,67,70,70,49,49,53,53,62,62,67,67,186,186,910,910,1134,1134,1023,1023,977,977,900,900,812,812,861,861,864,864,851,851,886,886,939,939,854,854,524,524,336,336,227,227,165,165,84,84,,,,,,,,,,,,,,,,,,,,,,,,,,,,,,,,,,,,,,,,,,,,,,,,
12546,4400,12766,12768,,0,35,35,35,35,24,24,27,27,30,30,34,34,95,95,845,845,961,961,919,919,901,901,824,824,777,777,778,778,798,798,821,821,826,826,877,877,824,824,311,311,194,194,126,126,92,92,50,50,,,,,,,,,,,,,,,,,,,,,,,,,,,,,,,,,,,,,,,,,,,,,,,,
12547,1200,12551,12541,,0,0,0,0,0,0,0,0,0,0,0,0,0,0,0,1,1,1,1,1,1,1,1,1,1,1,1,1,1,1,1,1,1,1,1,1,1,1,1,0,0,0,0,0,0,0,0,0,0,,,,,,,,,,,,,,,,,,,,,,,,,,,,,,,,,,,,,,,,,,,,,,,,
12548,1200,12551,12730,,0,0,0,0,0,0,0,0,0,0,0,0,0,0,0,1,1,1,1,1,1,1,1,1,1,1,1,1,1,1,1,1,1,1,1,1,1,1,1,0,0,0,0,0,0,0,0,0,0,,,,,,,,,,,,,,,,,,,,,,,,,,,,,,,,,,,,,,,,,,,,,,,,
12549,1600,12728,12732,,0,0,0,0,0,0,0,0,0,0,0,0,0,0,0,894,894,944,944,1009,1009,988,988,917,917,851,851,900,900,826,826,926,926,922,922,952,952,857,857,0,0,0,0,0,0,0,0,0,0,,,,,,,,,,,,,,,,,,,,,,,,,,,,,,,,,,,,,,,,,,,,,,,,
12550,300,12543,12784,,0,0,0,0,0,0,0,0,0,0,0,0,0,1,1,7,7,9,9,8,8,8,8,7,7,7,7,7,7,7,7,7,7,7,7,8,8,7,7,4,4,3,3,2,2,1,1,1,1,,,,,,,,,,,,,,,,,,,,,,,,,,,,,,,,,,,,,,,,,,,,,,,,
12551,1200,12548,12562,12547;12557,2,0,0,0,0,0,0,0,0,0,0,0,0,0,0,1,1,1,1,1,1,1,1,1,1,1,1,1,1,1,1,1,1,1,1,1,1,1,1,0,0,0,0,0,0,0,0,0,0,,,,,,,,,,,,,,,,,,,,,,,,,,,,,,,,,,,,,,,,,,,,,,,,
12552,4400,12772,12738,,0,42,42,39,39,28,28,29,29,34,34,39,39,112,112,1343,1343,1424,1424,1347,1347,1375,1375,1229,1229,1247,1247,1096,1096,1282,1282,1299,1299,1257,1257,1375,1375,1394,1394,536,536,316,316,190,190,140,140,87,87,,,,,,,,,,,,,,,,,,,,,,,,,,,,,,,,,,,,,,,,,,,,,,,,
12553,1200,12541,12710,,0,0,0,0,0,0,0,0,0,0,0,0,0,0,0,1,1,2,2,2,2,2,2,1,1,1,1,1,1,1,1,1,1,1,1,2,2,1,1,1,1,0,0,0,0,0,0,0,0,,,,,,,,,,,,,,,,,,,,,,,,,,,,,,,,,,,,,,,,,,,,,,,,
12554,300,,12754,,0,9,9,9,9,6,6,7,7,8,8,9,9,24,24,119,119,148,148,134,134,128,128,118,118,106,106,113,113,113,113,112,112,116,116,123,123,112,112,68,68,44,44,30,30,22,22,11,11,,,,,,,,,,,,,,,,,,,,,,,,,,,,,,,,,,,,,,,,,,,,,,,,
12555,800,,12721,,0,0,0,0,0,0,0,0,0,0,0,0,0,0,0,4,4,5,5,4,4,4,4,4,4,4,4,4,4,4,4,4,4,4,4,4,4,4,4,1,1,1,1,1,1,0,0,0,0,,,,,,,,,,,,,,,,,,,,,,,,,,,,,,,,,,,,,,,,,,,,,,,,
12556,3500,12784,12786,,0,67,67,70,70,49,49,53,53,62,62,67,67,186,186,910,910,1134,1134,1023,1023,977,977,900,900,812,812,861,861,864,864,851,851,886,886,939,939,854,854,524,524,336,336,227,227,165,165,84,84,,,,,,,,,,,,,,,,,,,,,,,,,,,,,,,,,,,,,,,,,,,,,,,,
12557,1200,12561,12551,,0,0,0,0,0,0,0,0,0,0,0,0,0,0,0,1,1,2,2,1,1,1,1,1,1,1,1,1,1,1,1,1,1,1,1,1,1,1,1,0,0,0,0,0,0,0,0,0,0,,,,,,,,,,,,,,,,,,,,,,,,,,,,,,,,,,,,,,,,,,,,,,,,
12558,1200,12750,12561,,0,0,0,0,0,0,0,0,0,0,0,0,0,0,0,2,2,2,2,2,2,2,2,2,2,2,2,2,2,2,2,2,2,2,2,2,2,2,2,1,1,0,0,0,0,0,0,0,0,,,,,,,,,,,,,,,,,,,,,,,,,,,,,,,,,,,,,,,,,,,,,,,,
12559,4000,12776,12780,,0,53,53,52,52,37,37,39,39,46,46,51,51,144,144,1157,1157,1300,1300,1208,1208,1204,1204,1088,1088,1061,1061,995,995,1103,1103,1107,1107,1098,1098,1188,1188,1163,1163,531,531,325,325,206,206,151,151,86,86,,,,,,,,,,,,,,,,,,,,,,,,,,,,,,,,,,,,,,,,,,,,,,,,
12560,2000,12804,12788,,0,50,50,49,49,35,35,37,37,43,43,48,48,137,137,1199,1199,1327,1327,1239,1239,1242,1242,1119,1119,1102,1102,1018,1018,1143,1143,1150,1150,1133,1133,1230,1230,1214,1214,532,532,323,323,202,202,148,148,86,86,,,,,,,,,,,,,,,,,,,,,,,,,,,,,,,,,,,,,,,,,,,,,,,,
12561,1200,12573,12558,12557;12569,2,33,33,31,31,22,22,23,23,26,26,31,31,88,88,1055,1055,1119,1119,1058,1058,1080,1080,966,966,980,980,861,861,1008,1008,1021,1021,988,988,1080,1080,1096,1096,421,421,249,249,150,150,110,110,68,68,,,,,,,,,,,,,,,,,,,,,,,,,,,,,,,,,,,,,,,,,,,,,,,,
12562,1200,12551,12712,,0,0,0,0,0,0,0,0,0,0,0,0,0,0,0,1,1,2,2,2,2,2,2,1,1,1,1,1,1,1,1,1,1,1,1,1,1,1,1,1,1,0,0,0,0,0,0,0,0,,,,,,,,,,,,,,,,,,,,,,,,,,,,,,,,,,,,,,,,,,,,,,,,
12563,2500,12651,12722,,0,35,35,35,35,24,24,27,27,30,30,34,34,95,95,845,845,961,961,919,919,901,901,824,824,777,777,778,778,798,798,821,821,826,826,877,877,824,824,311,311,194,194,126,126,92,92,50,50,,,,,,,,,,,,,,,,,,,,,,,,,,,,,,,,,,,,,,,,,,,,,,,,
12564,800,12590,12724,,0,0,0,0,0,0,0,0,0,0,0,0,0,0,0,4,4,5,5,5,5,4,4,4,4,4,4,4,4,4,4,4,4,4,4,4,4,4,4,2,2,1,1,1,1,0,0,0,0,,,,,,,,,,,,,,,,,,,,,,,,,,,,,,,,,,,,,,,,,,,,,,,,
12565,1650,12612,12606,,0,67,67,70,70,49,49,53,53,62,62,67,67,186,186,910,910,1134,1134,1023,1023,977,977,900,900,812,812,861,861,864,864,851,851,886,886,939,939,854,854,524,524,336,336,227,227,165,165,84,84,,,,,,,,,,,,,,,,,,,,,,,,,,,,,,,,,,,,,,,,,,,,,,,,
12566,4400,12782,12809,,0,67,67,70,70,49,49,53,53,62,62,67,67,186,186,910,910,1134,1134,1023,1023,977,977,900,900,812,812,861,861,864,864,851,851,886,886,939,939,854,854,524,524,336,336,227,227,165,165,84,84,,,,,,,,,,,,,,,,,,,,,,,,,,,,,,,,,,,,,,,,,,,,,,,,
12567,1600,12726,12673,,0,53,53,55,55,38,38,42,42,48,48,53,53,146,146,715,715,891,891,804,804,768,768,707,707,638,638,676,676,679,679,669,669,696,696,738,738,671,671,411,411,264,264,178,178,130,130,66,66,,,,,,,,,,,,,,,,,,,,,,,,,,,,,,,,,,,,,,,,,,,,,,,,
12568,1200,,12649,,0,53,53,55,55,38,38,42,42,48,48,53,53,146,146,715,715,891,891,804,804,768,768,707,707,638,638,676,676,679,679,669,669,696,696,738,738,671,671,411,411,264,264,178,178,130,130,66,66,,,,,,,,,,,,,,,,,,,,,,,,,,,,,,,,,,,,,,,,,,,,,,,,
12569,1600,12673,12561,,0,0,0,0,0,0,0,0,0,0,0,0,0,0,0,2,2,2,2,2,2,2,2,2,2,2,2,2,2,2,2,2,2,2,2,2,2,2,2,1,1,0,0,0,0,0,0,0,0,,,,,,,,,,,,,,,,,,,,,,,,,,,,,,,,,,,,,,,,,,,,,,,,
12570,2500,12778,,,0,67,67,70,70,49,49,53,53,62,62,67,67,186,186,910,910,1134,1134,1023,1023,977,977,900,900,812,812,861,861,864,864,851,851,886,886,939,939,854,854,524,524,336,336,227,227,165,165,84,84,,,,,,,,,,,,,,,,,,,,,,,,,,,,,,,,,,,,,,,,,,,,,,,,
12571,1200,12712,12710,,0,0,0,0,0,0,0,0,0,0,0,0,0,0,0,2,2,3,3,2,2,2,2,2,2,2,2,2,2,2,2,2,2,2,2,2,2,2,2,1,1,1,1,0,0,0,0,0,0,,,,,,,,,,,,,,,,,,,,,,,,,,,,,,,,,,,,,,,,,,,,,,,,
12572,4000,,,,0,53,53,52,52,37,37,39,39,46,46,51,51,144,144,1157,1157,1300,1300,1208,1208,1204,1204,1088,1088,1061,1061,995,995,1103,1103,1107,1107,1098,1098,1188,1188,1163,1163,531,531,325,325,206,206,151,151,86,86,,,,,,,,,,,,,,,,,,,,,,,,,,,,,,,,,,,,,,,,,,,,,,,,
12573,1600,12669,12561,,0,0,0,0,0,0,0,0,0,0,0,0,0,0,0,2,2,3,3,2,2,2,2,2,2,2,2,2,2,2,2,2,2,2,2,2,2,2,2,1,1,1,1,0,0,0,0,0,0,,,,,,,,,,,,,,,,,,,,,,,,,,,,,,,,,,,,,,,,,,,,,,,,
12574,800,12697,12576,,0,53,53,55,55,38,38,42,42,48,48,53,53,146,146,715,715,891,891,804,804,768,768,707,707,638,638,676,676,679,679,669,669,696,696,738,738,671,671,411,411,264,264,178,178,130,130,66,66,,,,,,,,,,,,,,,,,,,,,,,,,,,,,,,,,,,,,,,,,,,,,,,,
12575,3000,12807,12606,12612,1,67,67,70,70,49,49,53,53,62,62,67,67,186,186,910,910,1134,1134,1023,1023,977,977,900,900,812,812,861,861,864,864,851,851,886,886,939,939,854,854,524,524,336,336,227,227,165,165,84,84,,,,,,,,,,,,,,,,,,,,,,,,,,,,,,,,,,,,,,,,,,,,,,,,
12576,400,12606,12686,12574;12578,2,0,0,0,0,0,0,0,0,0,0,0,0,1,1,7,7,9,9,8,8,8,8,7,7,6,6,7,7,7,7,7,7,7,7,7,7,7,7,4,4,2,2,2,2,1,1,1,1,,,,,,,,,,,,,,,,,,,,,,,,,,,,,,,,,,,,,,,,,,,,,,,,
12577,1650,12631,,12698,1,67,67,70,70,49,49,53,53,62,62,67,67,186,186,910,910,1134,1134,1023,1023,977,977,900,900,812,812,861,861,864,864,851,851,886,886,939,939,854,854,524,524,336,336,227,227,165,165,84,84,,,,,,,,,,,,,,,,,,,,,,,,,,,,,,,,,,,,,,,,,,,,,,,,
12578,600,12607,12576,12579,1,1,1,1,1,0,0,0,0,0,0,1,1,1,1,8,8,10,10,9,9,9,9,8,8,7,7,8,8,8,8,8,8,8,8,9,9,8,8,4,4,3,3,2,2,1,1,1,1,,,,,,,,,,,,,,,,,,,,,,,,,,,,,,,,,,,,,,,,,,,,,,,,
12579,1100,12676,12607,12578;12582;12674,3,67,67,70,70,49,49,53,53,62,62,67,67,186,186,910,910,1134,1134,1023,1023,977,977,900,900,812,812,861,861,864,864,851,851,886,886,939,939,854,854,524,524,336,336,227,227,165,165,84,84,,,,,,,,,,,,,,,,,,,,,,,,,,,,,,,,,,,,,,,,,,,,,,,,
12580,3000,,12776,,0,67,67,70,70,49,49,53,53,62,62,67,67,186,186,910,910,1134,1134,1023,1023,977,977,900,900,812,812,861,861,864,864,851,851,886,886,939,939,854,854,524,524,336,336,227,227,165,165,84,84,,,,,,,,,,,,,,,,,,,,,,,,,,,,,,,,,,,,,,,,,,,,,,,,
12581,3000,12612,,,0,67,67,70,70,49,49,53,53,62,62,67,67,186,186,910,910,1134,1134,1023,1023,977,977,900,900,812,812,861,861,864,864,851,851,886,886,939,939,854,854,524,524,336,336,227,227,165,165,84,84,,,,,,,,,,,,,,,,,,,,,,,,,,,,,,,,,,,,,,,,,,,,,,,,
12582,4400,,12579,,0,67,67,70,70,49,49,53,53,62,62,67,67,186,186,910,910,1134,1134,1023,1023,977,977,900,900,812,812,861,861,864,864,851,851,886,886,939,939,854,854,524,524,336,336,227,227,165,165,84,84,,,,,,,,,,,,,,,,,,,,,,,,,,,,,,,,,,,,,,,,,,,,,,,,
12583,300,,12586,,0,0,0,0,0,0,0,0,0,0,0,0,0,0,0,4,4,5,5,5,5,4,4,4,4,4,4,4,4,4,4,4,4,4,4,4,4,4,4,2,2,1,1,1,1,0,0,0,0,,,,,,,,,,,,,,,,,,,,,,,,,,,,,,,,,,,,,,,,,,,,,,,,
12584,1200,12687,12695,,0,0,0,0,0,0,0,0,0,0,0,0,0,1,1,5,5,7,7,6,6,6,6,5,5,5,5,5,5,5,5,5,5,5,5,6,6,5,5,3,3,2,2,1,1,1,1,0,0,,,,,,,,,,,,,,,,,,,,,,,,,,,,,,,,,,,,,,,,,,,,,,,,
12585,4400,12653,12665,,0,35,35,35,35,24,24,27,27,30,30,34,34,95,95,845,845,961,961,919,919,901,901,824,824,777,777,778,778,798,798,821,821,826,826,877,877,824,824,311,311,194,194,126,126,92,92,50,50,,,,,,,,,,,,,,,,,,,,,,,,,,,,,,,,,,,,,,,,,,,,,,,,
12586,3000,,12583,,0,35,35,35,35,24,24,27,27,30,30,34,34,95,95,845,845,961,961,919,919,901,901,824,824,777,777,778,778,798,798,821,821,826,826,877,877,824,824,311,311,194,194,126,126,92,92,50,50,,,,,,,,,,,,,,,,,,,,,,,,,,,,,,,,,,,,,,,,,,,,,,,,
12587,800,12677,12675,,0,0,0,0,0,0,0,0,0,0,0,0,0,1,1,3,3,4,4,4,4,4,4,3,3,3,3,3,3,3,3,3,3,3,3,4,4,3,3,2,2,1,1,1,1,1,1,0,0,,,,,,,,,,,,,,,,,,,,,,,,,,,,,,,,,,,,,,,,,,,,,,,,
12588,2500,5861,12636,,0,67,67,70,70,49,49,53,53,62,62,67,67,186,186,910,910,1134,1134,1023,1023,977,977,900,900,812,812,861,861,864,864,851,851,886,886,939,939,854,854,524,524,336,336,227,227,165,165,84,84,,,,,,,,,,,,,,,,,,,,,,,,,,,,,,,,,,,,,,,,,,,,,,,,
12589,4400,,12807,,0,42,42,39,39,28,28,29,29,34,34,39,39,112,112,1343,1343,1424,1424,1347,1347,1375,1375,1229,1229,1247,1247,1096,1096,1282,1282,1299,1299,1257,1257,1375,1375,1394,1394,536,536,316,316,190,190,140,140,87,87,,,,,,,,,,,,,,,,,,,,,,,,,,,,,,,,,,,,,,,,,,,,,,,,
12590,1200,12651,12671,12564,1,0,0,0,0,0,0,0,0,0,0,0,0,0,0,3,3,3,3,3,3,3,3,3,3,3,3,3,3,3,3,3,3,3,3,3,3,3,3,1,1,1,1,0,0,0,0,0,0,,,,,,,,,,,,,,,,,,,,,,,,,,,,,,,,,,,,,,,,,,,,,,,,
12591,1200,12659,12663,,0,0,0,0,0,0,0,0,0,0,0,0,0,0,0,4,4,4,4,4,4,4,4,4,4,4,4,4,4,4,4,4,4,4,4,4,4,4,4,1,1,1,1,1,1,0,0,0,0,,,,,,,,,,,,,,,,,,,,,,,,,,,,,,,,,,,,,,,,,,,,,,,,
12592,300,,12681,,0,0,0,0,0,0,0,0,0,0,0,0,0,0,0,2,2,2,2,2,2,2,2,2,2,2,2,2,2,2,2,2,2,2,2,2,2,2,2,1,1,1,1,0,0,0,0,0,0,,,,,,,,,,,,,,,,,,,,,,,,,,,,,,,,,,,,,,,,,,,,,,,,
12593,1200,12681,12679,,0,0,0,0,0,0,0,0,0,0,0,0,0,0,0,2,2,2,2,2,2,2,2,2,2,1,1,1,1,2,2,2,2,2,2,2,2,2,2,1,1,1,1,0,0,0,0,0,0,,,,,,,,,,,,,,,,,,,,,,,,,,,,,,,,,,,,,,,,,,,,,,,,
12594,1200,12660,12657,,0,0,0,0,0,0,0,0,0,0,0,0,0,0,0,4,4,5,5,5,5,5,5,4,4,4,4,4,4,4,4,4,4,4,4,5,5,4,4,2,2,1,1,1,1,0,0,0,0,,,,,,,,,,,,,,,,,,,,,,,,,,,,,,,,,,,,,,,,,,,,,,,,
12595,3500,12660,12659,,0,35,35,35,35,24,24,27,27,30,30,34,34,95,95,845,845,961,961,919,919,901,901,824,824,777,777,778,778,798,798,821,821,826,826,877,877,824,824,311,311,194,194,126,126,92,92,50,50,,,,,,,,,,,,,,,,,,,,,,,,,,,,,,,,,,,,,,,,,,,,,,,,
12596,1200,12691,12736,,0,0,0,0,0,0,0,0,0,0,0,0,0,1,1,5,5,6,6,6,6,6,6,5,5,5,5,5,5,5,5,5,5,5,5,6,6,5,5,3,3,2,2,1,1,1,1,0,0,,,,,,,,,,,,,,,,,,,,,,,,,,,,,,,,,,,,,,,,,,,,,,,,
12597,300,12702,12736,,0,0,0,0,0,0,0,0,0,0,0,0,0,1,1,6,6,7,7,7,7,6,6,6,6,5,5,5,5,6,6,6,6,6,6,6,6,6,6,3,3,2,2,1,1,1,1,1,1,,,,,,,,,,,,,,,,,,,,,,,,,,,,,,,,,,,,,,,,,,,,,,,,
12598,4400,12655,12663,,0,35,35,35,35,24,24,27,27,30,30,34,34,95,95,845,845,961,961,919,919,901,901,824,824,777,777,778,778,798,798,821,821,826,826,877,877,824,824,311,311,194,194,126,126,92,92,50,50,,,,,,,,,,,,,,,,,,,,,,,,,,,,,,,,,,,,,,,,,,,,,,,,
12599,1600,12700,12685,,0,0,0,0,0,0,0,0,0,0,0,0,0,1,1,3,3,4,4,4,4,4,4,3,3,3,3,3,3,3,3,3,3,3,3,4,4,3,3,2,2,1,1,1,1,1,1,0,0,,,,,,,,,,,,,,,,,,,,,,,,,,,,,,,,,,,,,,,,,,,,,,,,
126,1200,508,132,,0,0,0,0,0,0,0,0,0,0,0,0,0,0,0,3,3,4,4,4,4,3,3,3,3,3,3,3,3,3,3,3,3,3,3,3,3,3,3,1,1,1,1,1,1,0,0,0,0,,,,,,,,,,,,,,,,,,,,,,,,,,,,,,,,,,,,,,,,,,,,,,,,
12600,1200,,12700,,0,1,1,1,1,0,0,0,0,1,1,1,1,2,2,9,9,11,11,10,10,10,10,9,9,8,8,8,8,9,9,9,9,9,9,9,9,9,9,5,5,3,3,2,2,1,1,1,1,,,,,,,,,,,,,,,,,,,,,,,,,,,,,,,,,,,,,,,,,,,,,,,,
12601,2000,,,,0,67,67,70,70,49,49,53,53,62,62,67,67,186,186,910,910,1134,1134,1023,1023,977,977,900,900,812,812,861,861,864,864,851,851,886,886,939,939,854,854,524,524,336,336,227,227,165,165,84,84,,,,,,,,,,,,,,,,,,,,,,,,,,,,,,,,,,,,,,,,,,,,,,,,
12602,4000,12702,,,0,67,67,70,70,49,49,53,53,62,62,67,67,186,186,910,910,1134,1134,1023,1023,977,977,900,900,812,812,861,861,864,864,851,851,886,886,939,939,854,854,524,524,336,336,227,227,165,165,84,84,,,,,,,,,,,,,,,,,,,,,,,,,,,,,,,,,,,,,,,,,,,,,,,,
12603,300,,,,0,0,0,0,0,0,0,0,0,0,0,0,0,0,0,2,2,2,2,2,2,2,2,2,2,2,2,2,2,2,2,2,2,2,2,2,2,2,2,1,1,1,1,0,0,0,0,0,0,,,,,,,,,,,,,,,,,,,,,,,,,,,,,,,,,,,,,,,,,,,,,,,,
12604,600,,,,0,0,0,0,0,0,0,0,0,0,0,0,0,1,1,7,7,8,8,7,7,7,7,6,6,6,6,6,6,6,6,7,7,7,7,7,7,7,7,3,3,2,2,1,1,1,1,0,0,,,,,,,,,,,,,,,,,,,,,,,,,,,,,,,,,,,,,,,,,,,,,,,,
12605,2500,12842,12843,,0,42,42,39,39,28,28,29,29,34,34,39,39,112,112,1343,1343,1424,1424,1347,1347,1375,1375,1229,1229,1247,1247,1096,1096,1282,1282,1299,1299,1257,1257,1375,1375,1394,1394,536,536,316,316,190,190,140,140,87,87,,,,,,,,,,,,,,,,,,,,,,,,,,,,,,,,,,,,,,,,,,,,,,,,
12606,1500,12576,12575,12612;12565,2,67,67,70,70,49,49,53,53,62,62,67,67,186,186,910,910,1134,1134,1023,1023,977,977,900,900,812,812,861,861,864,864,851,851,886,886,939,939,854,854,524,524,336,336,227,227,165,165,84,84,,,,,,,,,,,,,,,,,,,,,,,,,,,,,,,,,,,,,,,,,,,,,,,,
12607,4400,,12612,12578;12579,2,67,67,70,70,49,49,53,53,62,62,67,67,186,186,910,910,1134,1134,1023,1023,977,977,900,900,812,812,861,861,864,864,851,851,886,886,939,939,854,854,524,524,336,336,227,227,165,165,84,84,,,,,,,,,,,,,,,,,,,,,,,,,,,,,,,,,,,,,,,,,,,,,,,,
12608,1600,12697,,12612,1,0,0,0,0,0,0,0,0,0,0,0,0,1,1,7,7,8,8,8,8,7,7,7,7,6,6,6,6,7,7,7,7,7,7,7,7,7,7,4,4,2,2,2,2,1,1,1,1,,,,,,,,,,,,,,,,,,,,,,,,,,,,,,,,,,,,,,,,,,,,,,,,
12609,2500,5730,12424,599;12908,2,50,50,52,52,37,37,40,40,46,46,50,50,140,140,967,967,1151,1151,1088,1088,1047,1047,967,967,880,880,932,932,911,911,933,933,958,958,1007,1007,913,913,393,393,252,252,170,170,124,124,63,63,,,,,,,,,,,,,,,,,,,,,,,,,,,,,,,,,,,,,,,,,,,,,,,,
12610,300,12459,12434,12850,1,0,0,0,0,0,0,0,0,0,0,0,0,0,0,1,1,1,1,1,1,1,1,1,1,1,1,1,1,1,1,1,1,1,1,1,1,1,1,1,1,0,0,0,0,0,0,0,0,,,,,,,,,,,,,,,,,,,,,,,,,,,,,,,,,,,,,,,,,,,,,,,,
12611,800,12438,12457,,0,0,0,0,0,0,0,0,0,0,0,0,0,1,1,7,7,8,8,7,7,7,7,7,7,6,6,6,6,7,7,7,7,7,7,7,7,7,7,3,3,2,2,1,1,1,1,0,0,,,,,,,,,,,,,,,,,,,,,,,,,,,,,,,,,,,,,,,,,,,,,,,,
12612,4400,,12581,12631;12575;12608;12565;12606;12607,6,50,50,49,49,35,35,37,37,43,43,48,48,137,137,1199,1199,1327,1327,1239,1239,1242,1242,1119,1119,1102,1102,1018,1018,1143,1143,1150,1150,1133,1133,1230,1230,1214,1214,532,532,323,323,202,202,148,148,86,86,,,,,,,,,,,,,,,,,,,,,,,,,,,,,,,,,,,,,,,,,,,,,,,,
12613,4400,12779,12615,,0,53,53,52,52,37,37,39,39,46,46,51,51,144,144,1157,1157,1300,1300,1208,1208,1204,1204,1088,1088,1061,1061,995,995,1103,1103,1107,1107,1098,1098,1188,1188,1163,1163,531,531,325,325,206,206,151,151,86,86,,,,,,,,,,,,,,,,,,,,,,,,,,,,,,,,,,,,,,,,,,,,,,,,
12614,3000,12461,12615,,0,42,42,39,39,28,28,29,29,34,34,39,39,112,112,1343,1343,1424,1424,1347,1347,1375,1375,1229,1229,1247,1247,1096,1096,1282,1282,1299,1299,1257,1257,1375,1375,1394,1394,536,536,316,316,190,190,140,140,87,87,,,,,,,,,,,,,,,,,,,,,,,,,,,,,,,,,,,,,,,,,,,,,,,,
12615,1500,12614,12521,12613,1,53,53,52,52,37,37,39,39,46,46,51,51,144,144,1157,1157,1300,1300,1208,1208,1204,1204,1088,1088,1061,1061,995,995,1103,1103,1107,1107,1098,1098,1188,1188,1163,1163,531,531,325,325,206,206,151,151,86,86,,,,,,,,,,,,,,,,,,,,,,,,,,,,,,,,,,,,,,,,,,,,,,,,
12616,300,12617,,,0,0,0,0,0,0,0,0,0,0,0,0,0,0,0,2,2,2,2,2,2,2,2,2,2,2,2,2,2,2,2,2,2,2,2,2,2,2,2,1,1,1,1,0,0,0,0,0,0,,,,,,,,,,,,,,,,,,,,,,,,,,,,,,,,,,,,,,,,,,,,,,,,
12617,300,12616,12463,12618,1,0,0,0,0,0,0,0,0,0,0,0,0,0,0,2,2,2,2,2,2,2,2,2,2,2,2,2,2,2,2,2,2,2,2,2,2,2,2,1,1,1,1,0,0,0,0,0,0,,,,,,,,,,,,,,,,,,,,,,,,,,,,,,,,,,,,,,,,,,,,,,,,
12618,300,12619,12617,,0,0,0,0,0,0,0,0,0,0,0,0,0,0,0,2,2,2,2,2,2,2,2,2,2,2,2,2,2,2,2,2,2,2,2,2,2,2,2,1,1,1,1,0,0,0,0,0,0,,,,,,,,,,,,,,,,,,,,,,,,,,,,,,,,,,,,,,,,,,,,,,,,
12619,300,12454,12459,12618,1,0,0,0,0,0,0,0,0,0,0,0,0,0,0,2,2,2,2,2,2,2,2,2,2,2,2,1,1,2,2,2,2,2,2,2,2,2,2,1,1,0,0,0,0,0,0,0,0,,,,,,,,,,,,,,,,,,,,,,,,,,,,,,,,,,,,,,,,,,,,,,,,
12620,4000,12844,12474,,0,53,53,52,52,37,37,39,39,46,46,51,51,144,144,1157,1157,1300,1300,1208,1208,1204,1204,1088,1088,1061,1061,995,995,1103,1103,1107,1107,1098,1098,1188,1188,1163,1163,531,531,325,325,206,206,151,151,86,86,,,,,,,,,,,,,,,,,,,,,,,,,,,,,,,,,,,,,,,,,,,,,,,,
12621,600,12457,12458,12622,1,0,0,0,0,0,0,0,0,0,0,0,0,0,0,1,1,2,2,1,1,1,1,1,1,1,1,1,1,1,1,1,1,1,1,1,1,1,1,1,1,0,0,0,0,0,0,0,0,,,,,,,,,,,,,,,,,,,,,,,,,,,,,,,,,,,,,,,,,,,,,,,,
12622,300,12461,,12621,1,0,0,0,0,0,0,0,0,0,0,0,0,0,0,1,1,2,2,1,1,1,1,1,1,1,1,1,1,1,1,1,1,1,1,1,1,1,1,1,1,0,0,0,0,0,0,0,0,,,,,,,,,,,,,,,,,,,,,,,,,,,,,,,,,,,,,,,,,,,,,,,,
12623,1200,12461,12624,,0,0,0,0,0,0,0,0,0,0,0,0,0,0,0,5,5,5,5,5,5,5,5,4,4,4,4,4,4,4,4,4,4,4,4,5,5,5,5,2,2,1,1,1,1,0,0,0,0,,,,,,,,,,,,,,,,,,,,,,,,,,,,,,,,,,,,,,,,,,,,,,,,
12624,800,12623,12843,12637,1,0,0,0,0,0,0,0,0,0,0,0,0,1,1,8,8,9,9,8,8,8,8,8,8,7,7,7,7,8,8,8,8,8,8,8,8,8,8,3,3,2,2,1,1,1,1,0,0,,,,,,,,,,,,,,,,,,,,,,,,,,,,,,,,,,,,,,,,,,,,,,,,
12625,800,12626,12779,,0,0,0,0,0,0,0,0,0,0,0,0,0,0,0,3,3,3,3,3,3,3,3,2,2,2,2,2,2,2,2,2,2,2,2,3,3,2,2,1,1,1,1,0,0,0,0,0,0,,,,,,,,,,,,,,,,,,,,,,,,,,,,,,,,,,,,,,,,,,,,,,,,
12626,500,12625,12507,12505,1,53,53,52,52,37,37,39,39,46,46,51,51,144,144,1157,1157,1300,1300,1208,1208,1204,1204,1088,1088,1061,1061,995,995,1103,1103,1107,1107,1098,1098,1188,1188,1163,1163,531,531,325,325,206,206,151,151,86,86,,,,,,,,,,,,,,,,,,,,,,,,,,,,,,,,,,,,,,,,,,,,,,,,
12627,4400,12628,12461,,0,67,67,70,70,49,49,53,53,62,62,67,67,186,186,910,910,1134,1134,1023,1023,977,977,900,900,812,812,861,861,864,864,851,851,886,886,939,939,854,854,524,524,336,336,227,227,165,165,84,84,,,,,,,,,,,,,,,,,,,,,,,,,,,,,,,,,,,,,,,,,,,,,,,,
12628,550,12507,12627,12495;12629,2,50,50,49,49,35,35,37,37,43,43,48,48,137,137,1199,1199,1327,1327,1239,1239,1242,1242,1119,1119,1102,1102,1018,1018,1143,1143,1150,1150,1133,1133,1230,1230,1214,1214,532,532,323,323,202,202,148,148,86,86,,,,,,,,,,,,,,,,,,,,,,,,,,,,,,,,,,,,,,,,,,,,,,,,
12629,1200,12630,12628,,0,0,0,0,0,0,0,0,0,0,0,0,0,0,0,909,909,1002,1002,931,931,835,835,881,881,812,812,829,829,868,868,957,957,982,982,1027,1027,964,964,0,0,0,0,0,0,0,0,0,0,,,,,,,,,,,,,,,,,,,,,,,,,,,,,,,,,,,,,,,,,,,,,,,,
12630,400,12629,12509,12503,1,0,0,0,0,0,0,0,0,0,0,0,0,0,0,2,2,3,3,2,2,2,2,2,2,2,2,2,2,2,2,2,2,2,2,2,2,2,2,1,1,1,1,0,0,0,0,0,0,,,,,,,,,,,,,,,,,,,,,,,,,,,,,,,,,,,,,,,,,,,,,,,,
12631,4400,12577,12504,12612;12698,2,42,42,39,39,28,28,29,29,34,34,39,39,112,112,1343,1343,1424,1424,1347,1347,1375,1375,1229,1229,1247,1247,1096,1096,1282,1282,1299,1299,1257,1257,1375,1375,1394,1394,536,536,316,316,190,190,140,140,87,87,,,,,,,,,,,,,,,,,,,,,,,,,,,,,,,,,,,,,,,,,,,,,,,,
12632,1650,12633,12504,,0,50,50,49,49,35,35,37,37,43,43,48,48,137,137,1199,1199,1327,1327,1239,1239,1242,1242,1119,1119,1102,1102,1018,1018,1143,1143,1150,1150,1133,1133,1230,1230,1214,1214,532,532,323,323,202,202,148,148,86,86,,,,,,,,,,,,,,,,,,,,,,,,,,,,,,,,,,,,,,,,,,,,,,,,
12633,3000,12634,12632,12497,1,50,50,49,49,35,35,37,37,43,43,48,48,137,137,1199,1199,1327,1327,1239,1239,1242,1242,1119,1119,1102,1102,1018,1018,1143,1143,1150,1150,1133,1133,1230,1230,1214,1214,532,532,323,323,202,202,148,148,86,86,,,,,,,,,,,,,,,,,,,,,,,,,,,,,,,,,,,,,,,,,,,,,,,,
12634,1000,12633,12635,12464,1,50,50,49,49,35,35,37,37,43,43,48,48,137,137,1199,1199,1327,1327,1239,1239,1242,1242,1119,1119,1102,1102,1018,1018,1143,1143,1150,1150,1133,1133,1230,1230,1214,1214,532,532,323,323,202,202,148,148,86,86,,,,,,,,,,,,,,,,,,,,,,,,,,,,,,,,,,,,,,,,,,,,,,,,
12635,1500,12634,12636,,0,50,50,49,49,35,35,37,37,43,43,48,48,137,137,1199,1199,1327,1327,1239,1239,1242,1242,1119,1119,1102,1102,1018,1018,1143,1143,1150,1150,1133,1133,1230,1230,1214,1214,532,532,323,323,202,202,148,148,86,86,,,,,,,,,,,,,,,,,,,,,,,,,,,,,,,,,,,,,,,,,,,,,,,,
12636,1000,12635,12588,12451,1,50,50,49,49,35,35,37,37,43,43,48,48,137,137,1199,1199,1327,1327,1239,1239,1242,1242,1119,1119,1102,1102,1018,1018,1143,1143,1150,1150,1133,1133,1230,1230,1214,1214,532,532,323,323,202,202,148,148,86,86,,,,,,,,,,,,,,,,,,,,,,,,,,,,,,,,,,,,,,,,,,,,,,,,
12637,400,12624,12638,,0,0,0,0,0,0,0,0,0,0,0,0,0,1,1,9,9,10,10,9,9,9,9,9,9,8,8,8,8,9,9,9,9,9,9,9,9,9,9,3,3,2,2,1,1,1,1,1,1,,,,,,,,,,,,,,,,,,,,,,,,,,,,,,,,,,,,,,,,,,,,,,,,
12638,1000,12637,12497,12451,1,50,50,49,49,35,35,37,37,43,43,48,48,137,137,1199,1199,1327,1327,1239,1239,1242,1242,1119,1119,1102,1102,1018,1018,1143,1143,1150,1150,1133,1133,1230,1230,1214,1214,532,532,323,323,202,202,148,148,86,86,,,,,,,,,,,,,,,,,,,,,,,,,,,,,,,,,,,,,,,,,,,,,,,,
12639,1100,,5727,12469,1,50,50,49,49,35,35,37,37,43,43,48,48,137,137,1199,1199,1327,1327,1239,1239,1242,1242,1119,1119,1102,1102,1018,1018,1143,1143,1150,1150,1133,1133,1230,1230,1214,1214,532,532,323,323,202,202,148,148,86,86,,,,,,,,,,,,,,,,,,,,,,,,,,,,,,,,,,,,,,,,,,,,,,,,
12640,1200,12452,12641,,0,0,0,0,0,0,0,0,0,0,0,0,0,1,1,5,5,5,5,5,5,5,5,4,4,4,4,4,4,5,5,5,5,5,5,5,5,5,5,2,2,1,1,1,1,1,1,0,0,,,,,,,,,,,,,,,,,,,,,,,,,,,,,,,,,,,,,,,,,,,,,,,,
12641,800,12640,12642,12465,1,0,0,0,0,0,0,0,0,0,0,0,0,1,1,6,6,7,7,6,6,6,6,6,6,6,6,5,5,6,6,6,6,6,6,6,6,6,6,2,2,1,1,1,1,1,1,0,0,,,,,,,,,,,,,,,,,,,,,,,,,,,,,,,,,,,,,,,,,,,,,,,,
12642,1200,12643,12641,,0,0,0,0,0,0,0,0,0,0,0,0,0,0,0,4,4,5,5,4,4,4,4,4,4,4,4,4,4,4,4,4,4,4,4,4,4,4,4,2,2,1,1,1,1,0,0,0,0,,,,,,,,,,,,,,,,,,,,,,,,,,,,,,,,,,,,,,,,,,,,,,,,
12643,800,12644,12642,12477,1,0,0,0,0,0,0,0,0,0,0,0,0,1,1,6,6,7,7,6,6,6,6,6,6,6,6,5,5,6,6,6,6,6,6,6,6,6,6,2,2,1,1,1,1,1,1,0,0,,,,,,,,,,,,,,,,,,,,,,,,,,,,,,,,,,,,,,,,,,,,,,,,
12644,800,12643,12645,,0,0,0,0,0,0,0,0,0,0,0,0,0,1,1,6,6,7,7,6,6,6,6,6,6,5,5,5,5,6,6,6,6,6,6,6,6,6,6,2,2,1,1,1,1,1,1,0,0,,,,,,,,,,,,,,,,,,,,,,,,,,,,,,,,,,,,,,,,,,,,,,,,
12645,800,12646,12644,12479,1,0,0,0,0,0,0,0,0,0,0,0,0,1,1,6,6,7,7,6,6,6,6,6,6,5,5,5,5,6,6,6,6,6,6,6,6,6,6,2,2,1,1,1,1,1,1,0,0,,,,,,,,,,,,,,,,,,,,,,,,,,,,,,,,,,,,,,,,,,,,,,,,
12646,800,12645,12647,,0,0,0,0,0,0,0,0,0,0,0,0,0,1,1,6,6,7,7,6,6,6,6,6,6,5,5,5,5,6,6,6,6,6,6,6,6,6,6,2,2,1,1,1,1,1,1,0,0,,,,,,,,,,,,,,,,,,,,,,,,,,,,,,,,,,,,,,,,,,,,,,,,
12647,800,12646,,,0,0,0,0,0,0,0,0,0,0,0,0,0,0,0,4,4,4,4,4,4,4,4,3,3,3,3,3,3,3,3,4,4,4,4,4,4,4,4,1,1,1,1,1,1,0,0,0,0,,,,,,,,,,,,,,,,,,,,,,,,,,,,,,,,,,,,,,,,,,,,,,,,
12648,1600,12452,12847,,0,0,0,0,0,0,0,0,0,0,0,0,0,1,1,5,5,5,5,5,5,5,5,4,4,4,4,4,4,5,5,5,5,5,5,5,5,5,5,2,2,1,1,1,1,1,1,0,0,,,,,,,,,,,,,,,,,,,,,,,,,,,,,,,,,,,,,,,,,,,,,,,,
12649,1200,12650,12568,,0,0,0,0,0,0,0,0,0,0,0,0,0,0,0,3,3,4,4,4,4,4,4,3,3,3,3,3,3,3,3,3,3,3,3,4,4,3,3,1,1,1,1,1,1,0,0,0,0,,,,,,,,,,,,,,,,,,,,,,,,,,,,,,,,,,,,,,,,,,,,,,,,
12650,1200,12651,12649,,0,0,0,0,0,0,0,0,0,0,0,0,0,0,0,4,4,4,4,4,4,4,4,4,4,4,4,4,4,4,4,4,4,4,4,4,4,4,4,1,1,1,1,1,1,0,0,0,0,,,,,,,,,,,,,,,,,,,,,,,,,,,,,,,,,,,,,,,,,,,,,,,,
12651,1200,12650,12590,12563,1,0,0,0,0,0,0,0,0,0,0,0,0,0,0,4,4,5,5,5,5,4,4,4,4,4,4,4,4,4,4,4,4,4,4,4,4,4,4,2,2,1,1,1,1,0,0,0,0,,,,,,,,,,,,,,,,,,,,,,,,,,,,,,,,,,,,,,,,,,,,,,,,
12652,4400,12653,,,0,35,35,35,35,24,24,27,27,30,30,34,34,95,95,845,845,961,961,919,919,901,901,824,824,777,777,778,778,798,798,821,821,826,826,877,877,824,824,311,311,194,194,126,126,92,92,50,50,,,,,,,,,,,,,,,,,,,,,,,,,,,,,,,,,,,,,,,,,,,,,,,,
12653,1650,12585,12652,12654,1,35,35,35,35,24,24,27,27,30,30,34,34,95,95,845,845,961,961,919,919,901,901,824,824,777,777,778,778,798,798,821,821,826,826,877,877,824,824,311,311,194,194,126,126,92,92,50,50,,,,,,,,,,,,,,,,,,,,,,,,,,,,,,,,,,,,,,,,,,,,,,,,
12654,1200,12655,12653,,0,0,0,0,0,0,0,0,0,0,0,0,0,0,0,4,4,5,5,5,5,5,5,4,4,4,4,4,4,4,4,4,4,4,4,4,4,4,4,2,2,1,1,1,1,0,0,0,0,,,,,,,,,,,,,,,,,,,,,,,,,,,,,,,,,,,,,,,,,,,,,,,,
12655,1600,12656,12654,12598,1,0,0,0,0,0,0,0,0,0,0,0,0,0,0,4,4,5,5,4,4,4,4,4,4,4,4,4,4,4,4,4,4,4,4,4,4,4,4,1,1,1,1,1,1,0,0,0,0,,,,,,,,,,,,,,,,,,,,,,,,,,,,,,,,,,,,,,,,,,,,,,,,
12656,3000,12657,12655,,0,35,35,35,35,24,24,27,27,30,30,34,34,95,95,845,845,961,961,919,919,901,901,824,824,777,777,778,778,798,798,821,821,826,826,877,877,824,824,311,311,194,194,126,126,92,92,50,50,,,,,,,,,,,,,,,,,,,,,,,,,,,,,,,,,,,,,,,,,,,,,,,,
12657,1200,12656,12658,12594,1,0,0,0,0,0,0,0,0,0,0,0,0,1,1,5,5,5,5,5,5,5,5,4,4,4,4,4,4,4,4,4,4,4,4,5,5,4,4,2,2,1,1,1,1,0,0,0,0,,,,,,,,,,,,,,,,,,,,,,,,,,,,,,,,,,,,,,,,,,,,,,,,
12658,800,12657,12659,,0,0,0,0,0,0,0,0,0,0,0,0,0,0,0,4,4,5,5,4,4,4,4,4,4,4,4,4,4,4,4,4,4,4,4,4,4,4,4,1,1,1,1,1,1,0,0,0,0,,,,,,,,,,,,,,,,,,,,,,,,,,,,,,,,,,,,,,,,,,,,,,,,
12659,1200,12658,12591,12595,1,0,0,0,0,0,0,0,0,0,0,0,0,0,0,4,4,4,4,4,4,4,4,3,3,3,3,3,3,3,3,3,3,3,3,4,4,3,3,1,1,1,1,1,1,0,0,0,0,,,,,,,,,,,,,,,,,,,,,,,,,,,,,,,,,,,,,,,,,,,,,,,,
12660,1000,12661,12595,12594,1,35,35,35,35,24,24,27,27,30,30,34,34,95,95,845,845,961,961,919,919,901,901,824,824,777,777,778,778,798,798,821,821,826,826,877,877,824,824,311,311,194,194,126,126,92,92,50,50,,,,,,,,,,,,,,,,,,,,,,,,,,,,,,,,,,,,,,,,,,,,,,,,
12661,300,,12660,,0,0,0,0,0,0,0,0,0,0,0,0,0,1,1,5,5,5,5,5,5,5,5,5,5,4,4,4,4,5,5,5,5,5,5,5,5,5,5,2,2,1,1,1,1,1,1,0,0,,,,,,,,,,,,,,,,,,,,,,,,,,,,,,,,,,,,,,,,,,,,,,,,
12662,4400,,12663,,0,35,35,35,35,24,24,27,27,30,30,34,34,95,95,845,845,961,961,919,919,901,901,824,824,777,777,778,778,798,798,821,821,826,826,877,877,824,824,311,311,194,194,126,126,92,92,50,50,,,,,,,,,,,,,,,,,,,,,,,,,,,,,,,,,,,,,,,,,,,,,,,,
12663,1600,12598,12662,12591,1,0,0,0,0,0,0,0,0,0,0,0,0,0,0,2,2,3,3,3,3,3,3,2,2,2,2,2,2,2,2,2,2,2,2,3,3,2,2,1,1,1,1,0,0,0,0,0,0,,,,,,,,,,,,,,,,,,,,,,,,,,,,,,,,,,,,,,,,,,,,,,,,
12664,800,12667,12665,,0,0,0,0,0,0,0,0,0,0,0,0,0,0,0,4,4,4,4,4,4,4,4,3,3,3,3,3,3,3,3,3,3,3,3,4,4,3,3,1,1,1,1,1,1,0,0,0,0,,,,,,,,,,,,,,,,,,,,,,,,,,,,,,,,,,,,,,,,,,,,,,,,
12665,1200,12664,12585,12670,1,0,0,0,0,0,0,0,0,0,0,0,0,0,0,3,3,4,4,4,4,3,3,3,3,3,3,3,3,3,3,3,3,3,3,3,3,3,3,1,1,1,1,0,0,0,0,0,0,,,,,,,,,,,,,,,,,,,,,,,,,,,,,,,,,,,,,,,,,,,,,,,,
12666,1600,12766,12667,,0,0,0,0,0,0,0,0,0,0,0,0,0,0,0,2,2,3,3,3,3,3,3,2,2,2,2,2,2,2,2,2,2,2,2,2,2,2,2,1,1,1,1,0,0,0,0,0,0,,,,,,,,,,,,,,,,,,,,,,,,,,,,,,,,,,,,,,,,,,,,,,,,
12667,800,12666,12668,12664,1,0,0,0,0,0,0,0,0,0,0,0,0,0,0,3,3,4,4,4,4,4,4,3,3,3,3,3,3,3,3,3,3,3,3,4,4,3,3,1,1,1,1,1,1,0,0,0,0,,,,,,,,,,,,,,,,,,,,,,,,,,,,,,,,,,,,,,,,,,,,,,,,
12668,400,12667,12669,,0,0,0,0,0,0,0,0,0,0,0,0,0,0,0,3,3,3,3,3,3,3,3,3,3,3,3,3,3,3,3,3,3,3,3,3,3,3,3,1,1,1,1,0,0,0,0,0,0,,,,,,,,,,,,,,,,,,,,,,,,,,,,,,,,,,,,,,,,,,,,,,,,
12669,1200,12668,12573,12711,1,0,0,0,0,0,0,0,0,0,0,0,0,0,0,2,2,3,3,3,3,2,2,2,2,2,2,2,2,2,2,2,2,2,2,2,2,2,2,1,1,1,1,0,0,0,0,0,0,,,,,,,,,,,,,,,,,,,,,,,,,,,,,,,,,,,,,,,,,,,,,,,,
12670,1600,12665,12671,,0,0,0,0,0,0,0,0,0,0,0,0,0,0,0,4,4,4,4,4,4,4,4,4,4,3,3,3,3,3,3,3,3,4,4,4,4,4,4,1,1,1,1,1,1,0,0,0,0,,,,,,,,,,,,,,,,,,,,,,,,,,,,,,,,,,,,,,,,,,,,,,,,
12671,1600,12590,12670,12672,1,0,0,0,0,0,0,0,0,0,0,0,0,0,0,2,2,2,2,2,2,2,2,2,2,2,2,2,2,2,2,2,2,2,2,2,2,2,2,1,1,0,0,0,0,0,0,0,0,,,,,,,,,,,,,,,,,,,,,,,,,,,,,,,,,,,,,,,,,,,,,,,,
12672,800,,12671,12673,1,0,0,0,0,0,0,0,0,0,0,0,0,0,0,2,2,2,2,2,2,2,2,2,2,2,2,2,2,2,2,2,2,2,2,2,2,2,2,1,1,0,0,0,0,0,0,0,0,,,,,,,,,,,,,,,,,,,,,,,,,,,,,,,,,,,,,,,,,,,,,,,,
12673,1200,12567,12569,12672,1,53,53,55,55,38,38,42,42,48,48,53,53,146,146,715,715,891,891,804,804,768,768,707,707,638,638,676,676,679,679,669,669,696,696,738,738,671,671,411,411,264,264,178,178,130,130,66,66,,,,,,,,,,,,,,,,,,,,,,,,,,,,,,,,,,,,,,,,,,,,,,,,
12674,3500,12579,12675,,0,67,67,70,70,49,49,53,53,62,62,67,67,186,186,910,910,1134,1134,1023,1023,977,977,900,900,812,812,861,861,864,864,851,851,886,886,939,939,854,854,524,524,336,336,227,227,165,165,84,84,,,,,,,,,,,,,,,,,,,,,,,,,,,,,,,,,,,,,,,,,,,,,,,,
12675,800,12674,12682,12587,1,0,0,0,0,0,0,0,0,0,0,0,0,1,1,3,3,4,4,4,4,4,4,3,3,3,3,3,3,3,3,3,3,3,3,4,4,3,3,2,2,1,1,1,1,1,1,0,0,,,,,,,,,,,,,,,,,,,,,,,,,,,,,,,,,,,,,,,,,,,,,,,,
12676,1200,12579,12677,,0,0,0,0,0,0,0,0,0,0,0,0,0,1,1,5,5,6,6,6,6,5,5,5,5,5,5,5,5,5,5,5,5,5,5,5,5,5,5,3,3,2,2,1,1,1,1,0,0,,,,,,,,,,,,,,,,,,,,,,,,,,,,,,,,,,,,,,,,,,,,,,,,
12677,800,12678,12676,12587,1,0,0,0,0,0,0,0,0,0,0,0,0,0,0,3,3,3,3,3,3,3,3,2,2,2,2,2,2,2,2,2,2,2,2,3,3,2,2,1,1,1,1,1,1,0,0,0,0,,,,,,,,,,,,,,,,,,,,,,,,,,,,,,,,,,,,,,,,,,,,,,,,
12678,800,12677,12679,,0,0,0,0,0,0,0,0,0,0,0,0,0,0,0,2,2,2,2,2,2,2,2,2,2,2,2,2,2,2,2,2,2,2,2,2,2,2,2,1,1,1,1,0,0,0,0,0,0,,,,,,,,,,,,,,,,,,,,,,,,,,,,,,,,,,,,,,,,,,,,,,,,
12679,1200,12678,12690,12593,1,0,0,0,0,0,0,0,0,0,0,0,0,0,0,2,2,2,2,2,2,2,2,2,2,2,2,2,2,2,2,2,2,2,2,2,2,2,2,1,1,1,1,0,0,0,0,0,0,,,,,,,,,,,,,,,,,,,,,,,,,,,,,,,,,,,,,,,,,,,,,,,,
12680,800,12683,12681,,0,0,0,0,0,0,0,0,0,0,0,0,0,0,0,1,1,2,2,1,1,1,1,1,1,1,1,1,1,1,1,1,1,1,1,1,1,1,1,1,1,0,0,0,0,0,0,0,0,,,,,,,,,,,,,,,,,,,,,,,,,,,,,,,,,,,,,,,,,,,,,,,,
12681,800,12593,12680,12592,1,0,0,0,0,0,0,0,0,0,0,0,0,0,0,2,2,2,2,2,2,2,2,1,1,1,1,1,1,1,1,1,1,1,1,2,2,1,1,1,1,1,1,0,0,0,0,0,0,,,,,,,,,,,,,,,,,,,,,,,,,,,,,,,,,,,,,,,,,,,,,,,,
12682,800,12675,12683,,0,0,0,0,0,0,0,0,0,0,0,0,0,0,0,2,2,2,2,2,2,2,2,2,2,2,2,2,2,2,2,2,2,2,2,2,2,2,2,1,1,1,1,0,0,0,0,0,0,,,,,,,,,,,,,,,,,,,,,,,,,,,,,,,,,,,,,,,,,,,,,,,,
12683,800,12680,,12682;12684,2,0,0,0,0,0,0,0,0,0,0,0,0,0,0,1,1,2,2,1,1,1,1,1,1,1,1,1,1,1,1,1,1,1,1,1,1,1,1,1,1,0,0,0,0,0,0,0,0,,,,,,,,,,,,,,,,,,,,,,,,,,,,,,,,,,,,,,,,,,,,,,,,
12684,800,12685,12683,,0,0,0,0,0,0,0,0,0,0,0,0,0,0,0,2,2,2,2,2,2,2,2,2,2,1,1,1,1,2,2,2,2,2,2,2,2,2,2,1,1,1,1,0,0,0,0,0,0,,,,,,,,,,,,,,,,,,,,,,,,,,,,,,,,,,,,,,,,,,,,,,,,
12685,400,12735,12599,12684,1,0,0,0,0,0,0,0,0,0,0,0,0,0,0,2,2,2,2,2,2,2,2,2,2,2,2,2,2,2,2,2,2,2,2,2,2,2,2,1,1,1,1,0,0,0,0,0,0,,,,,,,,,,,,,,,,,,,,,,,,,,,,,,,,,,,,,,,,,,,,,,,,
12686,1200,12576,12687,,0,33,33,31,31,22,22,23,23,26,26,31,31,88,88,1055,1055,1119,1119,1058,1058,1080,1080,966,966,980,980,861,861,1008,1008,1021,1021,988,988,1080,1080,1096,1096,421,421,249,249,150,150,110,110,68,68,,,,,,,,,,,,,,,,,,,,,,,,,,,,,,,,,,,,,,,,,,,,,,,,
12687,800,12688,12686,12584,1,0,0,0,0,0,0,0,0,0,0,0,0,1,1,3,3,4,4,3,3,3,3,3,3,3,3,3,3,3,3,3,3,3,3,3,3,3,3,2,2,1,1,1,1,0,0,0,0,,,,,,,,,,,,,,,,,,,,,,,,,,,,,,,,,,,,,,,,,,,,,,,,
12688,800,12687,12689,,0,0,0,0,0,0,0,0,0,0,0,0,0,1,1,3,3,4,4,3,3,3,3,3,3,3,3,3,3,3,3,3,3,3,3,3,3,3,3,2,2,1,1,1,1,0,0,0,0,,,,,,,,,,,,,,,,,,,,,,,,,,,,,,,,,,,,,,,,,,,,,,,,
12689,800,12692,12688,,0,0,0,0,0,0,0,0,0,0,0,0,0,0,0,3,3,3,3,3,3,3,3,3,3,2,2,2,2,2,2,2,2,3,3,3,3,3,3,1,1,1,1,1,1,0,0,0,0,,,,,,,,,,,,,,,,,,,,,,,,,,,,,,,,,,,,,,,,,,,,,,,,
12690,800,12679,12691,,0,0,0,0,0,0,0,0,0,0,0,0,0,0,0,2,2,3,3,2,2,2,2,2,2,2,2,2,2,2,2,2,2,2,2,2,2,2,2,1,1,1,1,0,0,0,0,0,0,,,,,,,,,,,,,,,,,,,,,,,,,,,,,,,,,,,,,,,,,,,,,,,,
12691,800,12596,12690,,0,0,0,0,0,0,0,0,0,0,0,0,0,1,1,3,3,4,4,4,4,4,4,3,3,3,3,3,3,3,3,3,3,3,3,4,4,3,3,2,2,1,1,1,1,1,1,0,0,,,,,,,,,,,,,,,,,,,,,,,,,,,,,,,,,,,,,,,,,,,,,,,,
12692,800,12689,12693,,0,0,0,0,0,0,0,0,0,0,0,0,0,1,1,4,4,4,4,4,4,4,4,4,4,3,3,3,3,3,3,3,3,3,3,4,4,3,3,2,2,1,1,1,1,1,1,0,0,,,,,,,,,,,,,,,,,,,,,,,,,,,,,,,,,,,,,,,,,,,,,,,,
12693,800,,12692,,0,0,0,0,0,0,0,0,0,0,0,0,0,1,1,5,5,5,5,5,5,5,5,4,4,4,4,4,4,4,4,4,4,4,4,5,5,4,4,2,2,2,2,1,1,1,1,0,0,,,,,,,,,,,,,,,,,,,,,,,,,,,,,,,,,,,,,,,,,,,,,,,,
12694,800,12695,,,0,1,1,1,1,0,0,0,0,1,1,1,1,2,2,9,9,11,11,10,10,10,10,9,9,8,8,8,8,9,9,9,9,9,9,9,9,9,9,5,5,3,3,2,2,1,1,1,1,,,,,,,,,,,,,,,,,,,,,,,,,,,,,,,,,,,,,,,,,,,,,,,,
12695,1200,12696,12694,12584,1,53,53,55,55,38,38,42,42,48,48,53,53,146,146,715,715,891,891,804,804,768,768,707,707,638,638,676,676,679,679,669,669,696,696,738,738,671,671,411,411,264,264,178,178,130,130,66,66,,,,,,,,,,,,,,,,,,,,,,,,,,,,,,,,,,,,,,,,,,,,,,,,
12696,1200,12695,12697,,0,1,1,1,1,0,0,0,0,0,0,1,1,2,2,9,9,10,10,10,10,9,9,8,8,8,8,8,8,8,8,8,8,8,8,9,9,8,8,5,5,3,3,2,2,1,1,1,1,,,,,,,,,,,,,,,,,,,,,,,,,,,,,,,,,,,,,,,,,,,,,,,,
12697,1600,12608,12696,12574,1,0,0,0,0,0,0,0,0,0,0,0,0,1,1,6,6,7,7,6,6,6,6,5,5,5,5,5,5,5,5,5,5,5,5,6,6,5,5,3,3,2,2,1,1,1,1,0,0,,,,,,,,,,,,,,,,,,,,,,,,,,,,,,,,,,,,,,,,,,,,,,,,
12698,1650,12577,12631,,0,67,67,70,70,49,49,53,53,62,62,67,67,186,186,910,910,1134,1134,1023,1023,977,977,900,900,812,812,861,861,864,864,851,851,886,886,939,939,854,854,524,524,336,336,227,227,165,165,84,84,,,,,,,,,,,,,,,,,,,,,,,,,,,,,,,,,,,,,,,,,,,,,,,,
12699,300,,12700,,0,0,0,0,0,0,0,0,0,0,0,0,0,1,1,6,6,8,8,7,7,7,7,6,6,6,6,6,6,6,6,6,6,6,6,6,6,6,6,3,3,2,2,1,1,1,1,1,1,,,,,,,,,,,,,,,,,,,,,,,,,,,,,,,,,,,,,,,,,,,,,,,,
127,2000,,125,,0,27,27,28,28,20,20,21,21,25,25,27,27,74,74,1049,1049,1182,1182,1170,1170,1126,1126,1056,1056,970,970,1022,1022,982,982,1052,1052,1066,1066,1112,1112,1010,1010,210,210,134,134,91,91,66,66,34,34,,,,,,,,,,,,,,,,,,,,,,,,,,,,,,,,,,,,,,,,,,,,,,,,
12700,800,12599,12600,12699,1,0,0,0,0,0,0,0,0,0,0,0,0,1,1,5,5,6,6,6,6,6,6,5,5,5,5,5,5,5,5,5,5,5,5,6,6,5,5,3,3,2,2,1,1,1,1,0,0,,,,,,,,,,,,,,,,,,,,,,,,,,,,,,,,,,,,,,,,,,,,,,,,
12701,3000,,12702,,0,67,67,70,70,49,49,53,53,62,62,67,67,186,186,910,910,1134,1134,1023,1023,977,977,900,900,812,812,861,861,864,864,851,851,886,886,939,939,854,854,524,524,336,336,227,227,165,165,84,84,,,,,,,,,,,,,,,,,,,,,,,,,,,,,,,,,,,,,,,,,,,,,,,,
12702,300,12597,12701,12602,1,0,0,0,0,0,0,0,0,0,0,0,0,1,1,8,8,9,9,8,8,8,8,7,7,7,7,7,7,7,7,7,7,7,7,8,8,7,7,4,4,3,3,2,2,1,1,1,1,,,,,,,,,,,,,,,,,,,,,,,,,,,,,,,,,,,,,,,,,,,,,,,,
12703,800,12704,12533,,0,0,0,0,0,0,0,0,0,0,0,0,0,0,0,1,1,1,1,1,1,1,1,1,1,1,1,1,1,1,1,1,1,1,1,1,1,1,1,0,0,0,0,0,0,0,0,0,0,,,,,,,,,,,,,,,,,,,,,,,,,,,,,,,,,,,,,,,,,,,,,,,,
12704,1200,12705,12703,12534,1,0,0,0,0,0,0,0,0,0,0,0,0,0,0,1,1,1,1,1,1,1,1,1,1,1,1,1,1,1,1,1,1,1,1,1,1,1,1,0,0,0,0,0,0,0,0,0,0,,,,,,,,,,,,,,,,,,,,,,,,,,,,,,,,,,,,,,,,,,,,,,,,
12705,1200,12706,12704,,0,0,0,0,0,0,0,0,0,0,0,0,0,0,0,2,2,2,2,2,2,2,2,2,2,2,2,2,2,2,2,2,2,2,2,2,2,2,2,1,1,0,0,0,0,0,0,0,0,,,,,,,,,,,,,,,,,,,,,,,,,,,,,,,,,,,,,,,,,,,,,,,,
12706,1200,12707,12705,12536,1,0,0,0,0,0,0,0,0,0,0,0,0,0,0,2,2,2,2,2,2,2,2,2,2,2,2,2,2,2,2,2,2,2,2,2,2,2,2,1,1,0,0,0,0,0,0,0,0,,,,,,,,,,,,,,,,,,,,,,,,,,,,,,,,,,,,,,,,,,,,,,,,
12707,1200,12708,12706,,0,0,0,0,0,0,0,0,0,0,0,0,0,0,0,3,3,3,3,3,3,3,3,3,3,3,3,3,3,3,3,3,3,3,3,3,3,3,3,1,1,1,1,0,0,0,0,0,0,,,,,,,,,,,,,,,,,,,,,,,,,,,,,,,,,,,,,,,,,,,,,,,,
12708,1200,12761,12707,12539,1,0,0,0,0,0,0,0,0,0,0,0,0,0,0,3,3,4,4,4,4,4,4,3,3,3,3,3,3,3,3,3,3,3,3,4,4,3,3,1,1,1,1,1,1,0,0,0,0,,,,,,,,,,,,,,,,,,,,,,,,,,,,,,,,,,,,,,,,,,,,,,,,
12709,1200,12762,12710,,0,0,0,0,0,0,0,0,0,0,0,0,0,0,0,3,3,4,4,4,4,4,4,3,3,3,3,3,3,3,3,3,3,3,3,4,4,3,3,1,1,1,1,1,1,0,0,0,0,,,,,,,,,,,,,,,,,,,,,,,,,,,,,,,,,,,,,,,,,,,,,,,,
12710,1200,12709,12553,12571,1,0,0,0,0,0,0,0,0,0,0,0,0,0,0,3,3,3,3,3,3,3,3,3,3,3,3,3,3,3,3,3,3,3,3,3,3,3,3,1,1,1,1,0,0,0,0,0,0,,,,,,,,,,,,,,,,,,,,,,,,,,,,,,,,,,,,,,,,,,,,,,,,
12711,1200,12669,12712,,0,0,0,0,0,0,0,0,0,0,0,0,0,0,0,2,2,2,2,2,2,2,2,2,2,2,2,2,2,2,2,2,2,2,2,2,2,2,2,1,1,0,0,0,0,0,0,0,0,,,,,,,,,,,,,,,,,,,,,,,,,,,,,,,,,,,,,,,,,,,,,,,,
12712,1200,12562,12571,12711,1,0,0,0,0,0,0,0,0,0,0,0,0,0,0,2,2,2,2,2,2,2,2,2,2,2,2,2,2,2,2,2,2,2,2,2,2,2,2,1,1,0,0,0,0,0,0,0,0,,,,,,,,,,,,,,,,,,,,,,,,,,,,,,,,,,,,,,,,,,,,,,,,
12713,800,12754,,,0,9,9,9,9,6,6,7,7,8,8,9,9,24,24,119,119,148,148,134,134,128,128,118,118,106,106,113,113,113,113,112,112,116,116,123,123,112,112,68,68,44,44,30,30,22,22,11,11,,,,,,,,,,,,,,,,,,,,,,,,,,,,,,,,,,,,,,,,,,,,,,,,
12714,300,12715,12719,,0,0,0,0,0,0,0,0,0,0,0,0,0,0,0,3,3,4,4,3,3,3,3,3,3,3,3,3,3,3,3,3,3,3,3,3,3,3,3,1,1,1,1,1,1,0,0,0,0,,,,,,,,,,,,,,,,,,,,,,,,,,,,,,,,,,,,,,,,,,,,,,,,
12715,800,12716,12714,,0,0,0,0,0,0,0,0,0,0,0,0,0,0,0,3,3,3,3,3,3,3,3,3,3,3,3,3,3,3,3,3,3,3,3,3,3,3,3,1,1,1,1,1,1,0,0,0,0,,,,,,,,,,,,,,,,,,,,,,,,,,,,,,,,,,,,,,,,,,,,,,,,
12716,300,,12523,12715,1,0,0,0,0,0,0,0,0,0,0,0,0,0,0,3,3,3,3,3,3,3,3,2,2,2,2,2,2,2,2,2,2,2,2,3,3,3,3,1,1,1,1,1,1,0,0,0,0,,,,,,,,,,,,,,,,,,,,,,,,,,,,,,,,,,,,,,,,,,,,,,,,
12717,800,12720,12718,,0,0,0,0,0,0,0,0,0,0,0,0,0,0,0,1,1,1,1,1,1,1,1,1,1,1,1,1,1,1,1,1,1,1,1,1,1,1,1,0,0,0,0,0,0,0,0,0,0,,,,,,,,,,,,,,,,,,,,,,,,,,,,,,,,,,,,,,,,,,,,,,,,
12718,800,12721,12717,12526,1,0,0,0,0,0,0,0,0,0,0,0,0,0,0,1,1,2,2,2,2,2,2,1,1,1,1,1,1,1,1,1,1,1,1,2,2,1,1,1,1,0,0,0,0,0,0,0,0,,,,,,,,,,,,,,,,,,,,,,,,,,,,,,,,,,,,,,,,,,,,,,,,
12719,600,12720,12714,,0,0,0,0,0,0,0,0,0,0,0,0,0,0,0,3,3,4,4,3,3,3,3,3,3,3,3,3,3,3,3,3,3,3,3,3,3,3,3,2,2,1,1,1,1,0,0,0,0,,,,,,,,,,,,,,,,,,,,,,,,,,,,,,,,,,,,,,,,,,,,,,,,
12720,300,12717,12719,,0,0,0,0,0,0,0,0,0,0,0,0,0,0,0,1,1,1,1,1,1,1,1,1,1,1,1,1,1,1,1,1,1,1,1,1,1,1,1,0,0,0,0,0,0,0,0,0,0,,,,,,,,,,,,,,,,,,,,,,,,,,,,,,,,,,,,,,,,,,,,,,,,
12721,1600,12728,12718,12555,1,0,0,0,0,0,0,0,0,0,0,0,0,0,0,3,3,3,3,3,3,3,3,3,3,2,2,2,2,3,3,3,3,3,3,3,3,3,3,1,1,1,1,0,0,0,0,0,0,,,,,,,,,,,,,,,,,,,,,,,,,,,,,,,,,,,,,,,,,,,,,,,,
12722,600,12727,12563,12723,1,0,0,0,0,0,0,0,0,0,0,0,0,0,0,4,4,5,5,5,5,5,5,4,4,4,4,4,4,4,4,4,4,4,4,5,5,4,4,2,2,1,1,1,1,0,0,0,0,,,,,,,,,,,,,,,,,,,,,,,,,,,,,,,,,,,,,,,,,,,,,,,,
12723,600,12722,12724,,0,0,0,0,0,0,0,0,0,0,0,0,0,0,0,4,4,5,5,5,5,5,5,4,4,4,4,4,4,4,4,4,4,4,4,4,4,4,4,2,2,1,1,1,1,0,0,0,0,,,,,,,,,,,,,,,,,,,,,,,,,,,,,,,,,,,,,,,,,,,,,,,,
12724,300,12564,12725,12723,1,0,0,0,0,0,0,0,0,0,0,0,0,0,0,4,4,5,5,5,5,4,4,4,4,4,4,4,4,4,4,4,4,4,4,4,4,4,4,2,2,1,1,1,1,0,0,0,0,,,,,,,,,,,,,,,,,,,,,,,,,,,,,,,,,,,,,,,,,,,,,,,,
12725,300,12726,12724,,0,0,0,0,0,0,0,0,0,0,0,0,0,0,0,4,4,5,5,4,4,4,4,4,4,4,4,4,4,4,4,4,4,4,4,4,4,4,4,2,2,1,1,1,1,0,0,0,0,,,,,,,,,,,,,,,,,,,,,,,,,,,,,,,,,,,,,,,,,,,,,,,,
12726,800,12725,12567,12749,1,0,0,0,0,0,0,0,0,0,0,0,0,0,0,4,4,4,4,4,4,4,4,4,4,4,4,4,4,4,4,4,4,4,4,4,4,4,4,1,1,1,1,1,1,0,0,0,0,,,,,,,,,,,,,,,,,,,,,,,,,,,,,,,,,,,,,,,,,,,,,,,,
12727,600,12722,12728,,0,0,0,0,0,0,0,0,0,0,0,0,0,0,0,4,4,5,5,5,5,5,5,4,4,4,4,4,4,4,4,4,4,4,4,5,5,4,4,2,2,1,1,1,1,0,0,0,0,,,,,,,,,,,,,,,,,,,,,,,,,,,,,,,,,,,,,,,,,,,,,,,,
12728,1200,12549,12721,12727,1,0,0,0,0,0,0,0,0,0,0,0,0,0,0,4,4,5,5,5,5,4,4,4,4,4,4,4,4,4,4,4,4,4,4,4,4,4,4,2,2,1,1,1,1,0,0,0,0,,,,,,,,,,,,,,,,,,,,,,,,,,,,,,,,,,,,,,,,,,,,,,,,
12729,800,12750,12730,,0,0,0,0,0,0,0,0,0,0,0,0,0,0,0,2,2,2,2,2,2,2,2,2,2,2,2,2,2,2,2,2,2,2,2,2,2,2,2,1,1,0,0,0,0,0,0,0,0,,,,,,,,,,,,,,,,,,,,,,,,,,,,,,,,,,,,,,,,,,,,,,,,
12730,1200,12729,12548,12731,1,0,0,0,0,0,0,0,0,0,0,0,0,0,0,2,2,2,2,2,2,2,2,1,1,1,1,1,1,1,1,1,1,1,1,2,2,1,1,1,1,0,0,0,0,0,0,0,0,,,,,,,,,,,,,,,,,,,,,,,,,,,,,,,,,,,,,,,,,,,,,,,,
12731,1200,12730,12732,,0,0,0,0,0,0,0,0,0,0,0,0,0,0,0,1,1,2,2,1,1,1,1,1,1,1,1,1,1,1,1,1,1,1,1,1,1,1,1,1,1,0,0,0,0,0,0,0,0,,,,,,,,,,,,,,,,,,,,,,,,,,,,,,,,,,,,,,,,,,,,,,,,
12732,1200,12549,12733,12731,1,0,0,0,0,0,0,0,0,0,0,0,0,0,0,1,1,1,1,1,1,1,1,1,1,1,1,1,1,1,1,1,1,1,1,1,1,1,1,0,0,0,0,0,0,0,0,0,0,,,,,,,,,,,,,,,,,,,,,,,,,,,,,,,,,,,,,,,,,,,,,,,,
12733,400,12732,12734,,0,0,0,0,0,0,0,0,0,0,0,0,0,0,0,1,1,1,1,1,1,1,1,1,1,1,1,1,1,1,1,1,1,1,1,1,1,1,1,0,0,0,0,0,0,0,0,0,0,,,,,,,,,,,,,,,,,,,,,,,,,,,,,,,,,,,,,,,,,,,,,,,,
12734,1200,12540,12733,12737,1,0,0,0,0,0,0,0,0,0,0,0,0,0,0,1,1,1,1,1,1,1,1,1,1,1,1,1,1,1,1,1,1,1,1,1,1,1,1,0,0,0,0,0,0,0,0,0,0,,,,,,,,,,,,,,,,,,,,,,,,,,,,,,,,,,,,,,,,,,,,,,,,
12735,1200,12736,12685,,0,0,0,0,0,0,0,0,0,0,0,0,0,1,1,3,3,4,4,3,3,3,3,3,3,3,3,3,3,3,3,3,3,3,3,3,3,3,3,2,2,1,1,1,1,0,0,0,0,,,,,,,,,,,,,,,,,,,,,,,,,,,,,,,,,,,,,,,,,,,,,,,,
12736,300,12597,12735,12596,1,0,0,0,0,0,0,0,0,0,0,0,0,1,1,5,5,6,6,5,5,5,5,5,5,4,4,5,5,5,5,5,5,5,5,5,5,5,5,3,3,2,2,1,1,1,1,0,0,,,,,,,,,,,,,,,,,,,,,,,,,,,,,,,,,,,,,,,,,,,,,,,,
12737,1200,12734,12738,,0,0,0,0,0,0,0,0,0,0,0,0,0,0,0,1,1,1,1,1,1,1,1,1,1,1,1,1,1,1,1,1,1,1,1,1,1,1,1,0,0,0,0,0,0,0,0,0,0,,,,,,,,,,,,,,,,,,,,,,,,,,,,,,,,,,,,,,,,,,,,,,,,
12738,1200,12737,12531,12552,1,0,0,0,0,0,0,0,0,0,0,0,0,0,0,1,1,1,1,1,1,1,1,1,1,1,1,1,1,1,1,1,1,1,1,1,1,1,1,0,0,0,0,0,0,0,0,0,0,,,,,,,,,,,,,,,,,,,,,,,,,,,,,,,,,,,,,,,,,,,,,,,,
12739,3000,12740,12744,,0,53,53,52,52,37,37,39,39,46,46,51,51,144,144,1157,1157,1300,1300,1208,1208,1204,1204,1088,1088,1061,1061,995,995,1103,1103,1107,1107,1098,1098,1188,1188,1163,1163,531,531,325,325,206,206,151,151,86,86,,,,,,,,,,,,,,,,,,,,,,,,,,,,,,,,,,,,,,,,,,,,,,,,
12740,600,12529,12525,12739,1,0,0,0,0,0,0,0,0,0,0,0,0,0,0,1,1,2,2,2,2,1,1,1,1,1,1,1,1,1,1,1,1,1,1,1,1,1,1,1,1,0,0,0,0,0,0,0,0,,,,,,,,,,,,,,,,,,,,,,,,,,,,,,,,,,,,,,,,,,,,,,,,
12741,800,,12742,,0,0,0,0,0,0,0,0,0,0,0,0,0,0,0,3,3,3,3,3,3,3,3,3,3,3,3,2,2,3,3,3,3,3,3,3,3,3,3,1,1,1,1,1,1,0,0,0,0,,,,,,,,,,,,,,,,,,,,,,,,,,,,,,,,,,,,,,,,,,,,,,,,
12742,500,12741,12525,12743,1,53,53,52,52,37,37,39,39,46,46,51,51,144,144,1157,1157,1300,1300,1208,1208,1204,1204,1088,1088,1061,1061,995,995,1103,1103,1107,1107,1098,1098,1188,1188,1163,1163,531,531,325,325,206,206,151,151,86,86,,,,,,,,,,,,,,,,,,,,,,,,,,,,,,,,,,,,,,,,,,,,,,,,
12743,1000,12744,12742,,0,53,53,52,52,37,37,39,39,46,46,51,51,144,144,1157,1157,1300,1300,1208,1208,1204,1204,1088,1088,1061,1061,995,995,1103,1103,1107,1107,1098,1098,1188,1188,1163,1163,531,531,325,325,206,206,151,151,86,86,,,,,,,,,,,,,,,,,,,,,,,,,,,,,,,,,,,,,,,,,,,,,,,,
12744,500,12519,12739,12745;12743,2,53,53,52,52,37,37,39,39,46,46,51,51,144,144,1157,1157,1300,1300,1208,1208,1204,1204,1088,1088,1061,1061,995,995,1103,1103,1107,1107,1098,1098,1188,1188,1163,1163,531,531,325,325,206,206,151,151,86,86,,,,,,,,,,,,,,,,,,,,,,,,,,,,,,,,,,,,,,,,,,,,,,,,
12745,500,12744,12746,,0,53,53,52,52,37,37,39,39,46,46,51,51,144,144,1157,1157,1300,1300,1208,1208,1204,1204,1088,1088,1061,1061,995,995,1103,1103,1107,1107,1098,1098,1188,1188,1163,1163,531,531,325,325,206,206,151,151,86,86,,,,,,,,,,,,,,,,,,,,,,,,,,,,,,,,,,,,,,,,,,,,,,,,
12746,1200,12747,12517,12745,1,0,0,0,0,0,0,0,0,0,0,0,0,0,0,3,3,4,4,3,3,3,3,3,3,3,3,3,3,3,3,3,3,3,3,3,3,3,3,1,1,1,1,1,1,0,0,0,0,,,,,,,,,,,,,,,,,,,,,,,,,,,,,,,,,,,,,,,,,,,,,,,,
12747,1200,12746,12748,,0,0,0,0,0,0,0,0,0,0,0,0,0,0,0,3,3,3,3,3,3,3,3,3,3,2,2,2,2,3,3,3,3,3,3,3,3,3,3,1,1,1,1,1,1,0,0,0,0,,,,,,,,,,,,,,,,,,,,,,,,,,,,,,,,,,,,,,,,,,,,,,,,
12748,600,,12515,12747,1,0,0,0,0,0,0,0,0,0,0,0,0,0,0,2,2,2,2,2,2,2,2,2,2,2,2,2,2,2,2,2,2,2,2,2,2,2,2,1,1,1,1,0,0,0,0,0,0,,,,,,,,,,,,,,,,,,,,,,,,,,,,,,,,,,,,,,,,,,,,,,,,
12749,400,12726,12750,,0,0,0,0,0,0,0,0,0,0,0,0,0,0,0,3,3,3,3,3,3,3,3,3,3,3,3,3,3,3,3,3,3,3,3,3,3,3,3,1,1,1,1,0,0,0,0,0,0,,,,,,,,,,,,,,,,,,,,,,,,,,,,,,,,,,,,,,,,,,,,,,,,
12750,1200,12558,12749,12729,1,0,0,0,0,0,0,0,0,0,0,0,0,0,0,2,2,2,2,2,2,2,2,2,2,2,2,2,2,2,2,2,2,2,2,2,2,2,2,1,1,0,0,0,0,0,0,0,0,,,,,,,,,,,,,,,,,,,,,,,,,,,,,,,,,,,,,,,,,,,,,,,,
12751,800,,12752,,0,0,0,0,0,0,0,0,0,0,0,0,0,0,0,2,2,2,2,2,2,2,2,2,2,2,2,2,2,2,2,2,2,2,2,2,2,2,2,1,1,0,0,0,0,0,0,0,0,,,,,,,,,,,,,,,,,,,,,,,,,,,,,,,,,,,,,,,,,,,,,,,,
12752,300,,12753,12751,1,0,0,0,0,0,0,0,0,0,0,0,0,0,0,3,3,3,3,3,3,3,3,3,3,2,2,3,3,3,3,3,3,3,3,3,3,3,3,1,1,1,1,0,0,0,0,0,0,,,,,,,,,,,,,,,,,,,,,,,,,,,,,,,,,,,,,,,,,,,,,,,,
12753,800,12752,12754,,0,0,0,0,0,0,0,0,0,0,0,0,0,0,0,3,3,3,3,3,3,3,3,3,3,3,3,3,3,3,3,3,3,3,3,3,3,3,3,1,1,1,1,0,0,0,0,0,0,,,,,,,,,,,,,,,,,,,,,,,,,,,,,,,,,,,,,,,,,,,,,,,,
12754,300,12554,,12753;12713,2,0,0,0,0,0,0,0,0,0,0,0,0,0,0,3,3,3,3,3,3,3,3,3,3,3,3,3,3,3,3,3,3,3,3,3,3,3,3,1,1,1,1,0,0,0,0,0,0,,,,,,,,,,,,,,,,,,,,,,,,,,,,,,,,,,,,,,,,,,,,,,,,
12755,800,12770,12756,,0,0,0,0,0,0,0,0,0,0,0,0,0,0,0,3,3,3,3,3,3,3,3,2,2,2,2,2,2,2,2,2,2,2,2,3,3,3,3,1,1,1,1,0,0,0,0,0,0,,,,,,,,,,,,,,,,,,,,,,,,,,,,,,,,,,,,,,,,,,,,,,,,
12756,800,12755,12757,12534,1,0,0,0,0,0,0,0,0,0,0,0,0,0,0,2,2,2,2,2,2,2,2,2,2,2,2,2,2,2,2,2,2,2,2,2,2,2,2,1,1,1,1,0,0,0,0,0,0,,,,,,,,,,,,,,,,,,,,,,,,,,,,,,,,,,,,,,,,,,,,,,,,
12757,800,12758,12756,,0,0,0,0,0,0,0,0,0,0,0,0,0,0,0,2,2,2,2,2,2,2,2,2,2,1,1,1,1,2,2,2,2,2,2,2,2,2,2,1,1,0,0,0,0,0,0,0,0,,,,,,,,,,,,,,,,,,,,,,,,,,,,,,,,,,,,,,,,,,,,,,,,
12758,800,12759,12757,12536,1,0,0,0,0,0,0,0,0,0,0,0,0,0,0,2,2,2,2,2,2,2,2,2,2,2,2,2,2,2,2,2,2,2,2,2,2,2,2,1,1,1,1,0,0,0,0,0,0,,,,,,,,,,,,,,,,,,,,,,,,,,,,,,,,,,,,,,,,,,,,,,,,
12759,1200,12760,12758,,0,0,0,0,0,0,0,0,0,0,0,0,0,0,0,2,2,2,2,2,2,2,2,1,1,1,1,1,1,1,1,1,1,1,1,2,2,2,2,1,1,0,0,0,0,0,0,0,0,,,,,,,,,,,,,,,,,,,,,,,,,,,,,,,,,,,,,,,,,,,,,,,,
12760,800,12544,12759,12539,1,0,0,0,0,0,0,0,0,0,0,0,0,0,0,2,2,3,3,2,2,2,2,2,2,2,2,2,2,2,2,2,2,2,2,2,2,2,2,1,1,1,1,0,0,0,0,0,0,,,,,,,,,,,,,,,,,,,,,,,,,,,,,,,,,,,,,,,,,,,,,,,,
12761,1200,12708,12762,,0,0,0,0,0,0,0,0,0,0,0,0,0,0,0,4,4,4,4,4,4,4,4,4,4,3,3,3,3,4,4,4,4,4,4,4,4,4,4,1,1,1,1,1,1,0,0,0,0,,,,,,,,,,,,,,,,,,,,,,,,,,,,,,,,,,,,,,,,,,,,,,,,
12762,1200,12761,12763,12709,1,0,0,0,0,0,0,0,0,0,0,0,0,0,0,4,4,5,5,4,4,4,4,4,4,4,4,4,4,4,4,4,4,4,4,4,4,4,4,1,1,1,1,1,1,0,0,0,0,,,,,,,,,,,,,,,,,,,,,,,,,,,,,,,,,,,,,,,,,,,,,,,,
12763,800,12764,12762,,0,0,0,0,0,0,0,0,0,0,0,0,0,0,0,4,4,5,5,5,5,5,5,4,4,4,4,4,4,4,4,4,4,4,4,4,4,4,4,2,2,1,1,1,1,0,0,0,0,,,,,,,,,,,,,,,,,,,,,,,,,,,,,,,,,,,,,,,,,,,,,,,,
12764,800,12765,12763,12767,1,0,0,0,0,0,0,0,0,0,0,0,0,0,0,4,4,5,5,5,5,5,5,4,4,4,4,4,4,4,4,4,4,4,4,5,5,4,4,2,2,1,1,1,1,0,0,0,0,,,,,,,,,,,,,,,,,,,,,,,,,,,,,,,,,,,,,,,,,,,,,,,,
12765,800,12766,12764,,0,0,0,0,0,0,0,0,0,0,0,0,0,0,0,4,4,5,5,5,5,5,5,4,4,4,4,4,4,4,4,4,4,4,4,5,5,4,4,2,2,1,1,1,1,0,0,0,0,,,,,,,,,,,,,,,,,,,,,,,,,,,,,,,,,,,,,,,,,,,,,,,,
12766,800,12765,12546,12666,1,0,0,0,0,0,0,0,0,0,0,0,0,0,0,4,4,5,5,5,5,4,4,4,4,4,4,4,4,4,4,4,4,4,4,4,4,4,4,2,2,1,1,1,1,0,0,0,0,,,,,,,,,,,,,,,,,,,,,,,,,,,,,,,,,,,,,,,,,,,,,,,,
12767,1100,12764,12768,,0,35,35,35,35,24,24,27,27,30,30,34,34,95,95,845,845,961,961,919,919,901,901,824,824,777,777,778,778,798,798,821,821,826,826,877,877,824,824,311,311,194,194,126,126,92,92,50,50,,,,,,,,,,,,,,,,,,,,,,,,,,,,,,,,,,,,,,,,,,,,,,,,
12768,1100,12544,12546,12767,1,35,35,35,35,24,24,27,27,30,30,34,34,95,95,845,845,961,961,919,919,901,901,824,824,777,777,778,778,798,798,821,821,826,826,877,877,824,824,311,311,194,194,126,126,92,92,50,50,,,,,,,,,,,,,,,,,,,,,,,,,,,,,,,,,,,,,,,,,,,,,,,,
12769,2500,12770,12533,,0,42,42,39,39,28,28,29,29,34,34,39,39,112,112,1343,1343,1424,1424,1347,1347,1375,1375,1229,1229,1247,1247,1096,1096,1282,1282,1299,1299,1257,1257,1375,1375,1394,1394,536,536,316,316,190,190,140,140,87,87,,,,,,,,,,,,,,,,,,,,,,,,,,,,,,,,,,,,,,,,,,,,,,,,
12770,2000,12771,12769,12755,1,53,53,52,52,37,37,39,39,46,46,51,51,144,144,1157,1157,1300,1300,1208,1208,1204,1204,1088,1088,1061,1061,995,995,1103,1103,1107,1107,1098,1098,1188,1188,1163,1163,531,531,325,325,206,206,151,151,86,86,,,,,,,,,,,,,,,,,,,,,,,,,,,,,,,,,,,,,,,,,,,,,,,,
12771,1600,12770,12772,,0,0,0,0,0,0,0,0,0,0,0,0,0,0,0,3,3,3,3,3,3,3,3,3,3,3,3,3,3,3,3,3,3,3,3,3,3,3,3,1,1,1,1,1,1,0,0,0,0,,,,,,,,,,,,,,,,,,,,,,,,,,,,,,,,,,,,,,,,,,,,,,,,
12772,2000,12552,12771,12773,1,53,53,52,52,37,37,39,39,46,46,51,51,144,144,1157,1157,1300,1300,1208,1208,1204,1204,1088,1088,1061,1061,995,995,1103,1103,1107,1107,1098,1098,1188,1188,1163,1163,531,531,325,325,206,206,151,151,86,86,,,,,,,,,,,,,,,,,,,,,,,,,,,,,,,,,,,,,,,,,,,,,,,,
12773,300,12774,12772,,0,0,0,0,0,0,0,0,0,0,0,0,0,0,0,3,3,4,4,3,3,3,3,3,3,3,3,3,3,3,3,3,3,3,3,3,3,3,3,1,1,1,1,1,1,0,0,0,0,,,,,,,,,,,,,,,,,,,,,,,,,,,,,,,,,,,,,,,,,,,,,,,,
12774,2500,12518,12874,12773,1,53,53,52,52,37,37,39,39,46,46,51,51,144,144,1157,1157,1300,1300,1208,1208,1204,1204,1088,1088,1061,1061,995,995,1103,1103,1107,1107,1098,1098,1188,1188,1163,1163,531,531,325,325,206,206,151,151,86,86,,,,,,,,,,,,,,,,,,,,,,,,,,,,,,,,,,,,,,,,,,,,,,,,
12775,4000,12778,12535,,0,67,67,70,70,49,49,53,53,62,62,67,67,186,186,910,910,1134,1134,1023,1023,977,977,900,900,812,812,861,861,864,864,851,851,886,886,939,939,854,854,524,524,336,336,227,227,165,165,84,84,,,,,,,,,,,,,,,,,,,,,,,,,,,,,,,,,,,,,,,,,,,,,,,,
12776,1000,12559,12580,12777,1,67,67,70,70,49,49,53,53,62,62,67,67,186,186,910,910,1134,1134,1023,1023,977,977,900,900,812,812,861,861,864,864,851,851,886,886,939,939,854,854,524,524,336,336,227,227,165,165,84,84,,,,,,,,,,,,,,,,,,,,,,,,,,,,,,,,,,,,,,,,,,,,,,,,
12777,1600,12778,12776,,0,0,0,0,0,0,0,0,0,0,0,0,0,1,1,7,7,8,8,8,8,7,7,7,7,6,6,6,6,7,7,7,7,7,7,7,7,7,7,4,4,2,2,2,2,1,1,1,1,,,,,,,,,,,,,,,,,,,,,,,,,,,,,,,,,,,,,,,,,,,,,,,,
12778,800,12570,12775,12777,1,0,0,0,0,0,0,0,0,0,0,0,0,1,1,4,4,5,5,4,4,4,4,4,4,4,4,4,4,4,4,4,4,4,4,4,4,4,4,2,2,1,1,1,1,1,1,0,0,,,,,,,,,,,,,,,,,,,,,,,,,,,,,,,,,,,,,,,,,,,,,,,,
12779,4000,12613,12780,12625;12510,2,53,53,52,52,37,37,39,39,46,46,51,51,144,144,1157,1157,1300,1300,1208,1208,1204,1204,1088,1088,1061,1061,995,995,1103,1103,1107,1107,1098,1098,1188,1188,1163,1163,531,531,325,325,206,206,151,151,86,86,,,,,,,,,,,,,,,,,,,,,,,,,,,,,,,,,,,,,,,,,,,,,,,,
12780,400,,12528,12779;12559,2,0,0,0,0,0,0,0,0,0,0,0,0,0,0,1,1,1,1,1,1,1,1,1,1,1,1,1,1,1,1,1,1,1,1,1,1,1,1,1,1,0,0,0,0,0,0,0,0,,,,,,,,,,,,,,,,,,,,,,,,,,,,,,,,,,,,,,,,,,,,,,,,
12781,2750,12535,12782,,0,67,67,70,70,49,49,53,53,62,62,67,67,186,186,910,910,1134,1134,1023,1023,977,977,900,900,812,812,861,861,864,864,851,851,886,886,939,939,854,854,524,524,336,336,227,227,165,165,84,84,,,,,,,,,,,,,,,,,,,,,,,,,,,,,,,,,,,,,,,,,,,,,,,,
12782,1650,12781,12566,12783,1,67,67,70,70,49,49,53,53,62,62,67,67,186,186,910,910,1134,1134,1023,1023,977,977,900,900,812,812,861,861,864,864,851,851,886,886,939,939,854,854,524,524,336,336,227,227,165,165,84,84,,,,,,,,,,,,,,,,,,,,,,,,,,,,,,,,,,,,,,,,,,,,,,,,
12783,1000,12782,12784,,0,67,67,70,70,49,49,53,53,62,62,67,67,186,186,910,910,1134,1134,1023,1023,977,977,900,900,812,812,861,861,864,864,851,851,886,886,939,939,854,854,524,524,336,336,227,227,165,165,84,84,,,,,,,,,,,,,,,,,,,,,,,,,,,,,,,,,,,,,,,,,,,,,,,,
12784,300,12550,12783,12556,1,1,1,1,1,0,0,0,0,0,0,0,0,1,1,8,8,10,10,9,9,8,8,8,8,7,7,7,7,8,8,7,7,8,8,8,8,8,8,4,4,3,3,2,2,1,1,1,1,,,,,,,,,,,,,,,,,,,,,,,,,,,,,,,,,,,,,,,,,,,,,,,,
12785,1200,12786,12809,,0,0,0,0,0,0,0,0,0,0,0,0,0,1,1,7,7,9,9,8,8,8,8,7,7,6,6,7,7,7,7,7,7,7,7,7,7,7,7,4,4,2,2,2,2,1,1,1,1,,,,,,,,,,,,,,,,,,,,,,,,,,,,,,,,,,,,,,,,,,,,,,,,
12786,1600,12785,12787,12556,1,0,0,0,0,0,0,0,0,0,0,0,0,1,1,7,7,9,9,8,8,8,8,7,7,6,6,7,7,7,7,7,7,7,7,7,7,7,7,4,4,2,2,2,2,1,1,1,1,,,,,,,,,,,,,,,,,,,,,,,,,,,,,,,,,,,,,,,,,,,,,,,,
12787,1000,12788,12786,,0,67,67,70,70,49,49,53,53,62,62,67,67,186,186,910,910,1134,1134,1023,1023,977,977,900,900,812,812,861,861,864,864,851,851,886,886,939,939,854,854,524,524,336,336,227,227,165,165,84,84,,,,,,,,,,,,,,,,,,,,,,,,,,,,,,,,,,,,,,,,,,,,,,,,
12788,2000,12560,12787,12545,1,67,67,70,70,49,49,53,53,62,62,67,67,186,186,910,910,1134,1134,1023,1023,977,977,900,900,812,812,861,861,864,864,851,851,886,886,939,939,854,854,524,524,336,336,227,227,165,165,84,84,,,,,,,,,,,,,,,,,,,,,,,,,,,,,,,,,,,,,,,,,,,,,,,,
12789,1500,12790,12535,,0,67,67,70,70,49,49,53,53,62,62,67,67,186,186,910,910,1134,1134,1023,1023,977,977,900,900,812,812,861,861,864,864,851,851,886,886,939,939,854,854,524,524,336,336,227,227,165,165,84,84,,,,,,,,,,,,,,,,,,,,,,,,,,,,,,,,,,,,,,,,,,,,,,,,
12790,2000,12542,12532,12789,1,67,67,70,70,49,49,53,53,62,62,67,67,186,186,910,910,1134,1134,1023,1023,977,977,900,900,812,812,861,861,864,864,851,851,886,886,939,939,854,854,524,524,336,336,227,227,165,165,84,84,,,,,,,,,,,,,,,,,,,,,,,,,,,,,,,,,,,,,,,,,,,,,,,,
12791,4400,12792,12501,,0,53,53,52,52,37,37,39,39,46,46,51,51,144,144,1157,1157,1300,1300,1208,1208,1204,1204,1088,1088,1061,1061,995,995,1103,1103,1107,1107,1098,1098,1188,1188,1163,1163,531,531,325,325,206,206,151,151,86,86,,,,,,,,,,,,,,,,,,,,,,,,,,,,,,,,,,,,,,,,,,,,,,,,
12792,1200,12791,12521,12522,1,0,0,0,0,0,0,0,0,0,0,0,0,0,0,2,2,3,3,2,2,2,2,2,2,2,2,2,2,2,2,2,2,2,2,2,2,2,2,1,1,1,1,0,0,0,0,0,0,,,,,,,,,,,,,,,,,,,,,,,,,,,,,,,,,,,,,,,,,,,,,,,,
12793,1200,,12794,,0,0,0,0,0,0,0,0,0,0,0,0,0,1,1,9,9,11,11,10,10,10,10,9,9,9,9,8,8,9,9,9,9,9,9,10,10,10,10,4,4,2,2,1,1,1,1,1,1,,,,,,,,,,,,,,,,,,,,,,,,,,,,,,,,,,,,,,,,,,,,,,,,
12794,800,12530,12795,12793,1,0,0,0,0,0,0,0,0,0,0,0,0,1,1,5,5,6,6,5,5,5,5,5,5,5,5,5,5,5,5,5,5,5,5,5,5,5,5,2,2,1,1,1,1,1,1,0,0,,,,,,,,,,,,,,,,,,,,,,,,,,,,,,,,,,,,,,,,,,,,,,,,
12795,800,12794,12796,,0,0,0,0,0,0,0,0,0,0,0,0,0,0,0,3,3,3,3,3,3,3,3,3,3,3,3,3,3,3,3,3,3,3,3,3,3,3,3,1,1,1,1,0,0,0,0,0,0,,,,,,,,,,,,,,,,,,,,,,,,,,,,,,,,,,,,,,,,,,,,,,,,
12796,800,12795,12797,12532,1,0,0,0,0,0,0,0,0,0,0,0,0,0,0,2,2,2,2,2,2,2,2,2,2,2,2,2,2,2,2,2,2,2,2,2,2,2,2,1,1,0,0,0,0,0,0,0,0,,,,,,,,,,,,,,,,,,,,,,,,,,,,,,,,,,,,,,,,,,,,,,,,
12797,800,12798,12796,,0,0,0,0,0,0,0,0,0,0,0,0,0,0,0,1,1,2,2,1,1,1,1,1,1,1,1,1,1,1,1,1,1,1,1,1,1,1,1,1,1,0,0,0,0,0,0,0,0,,,,,,,,,,,,,,,,,,,,,,,,,,,,,,,,,,,,,,,,,,,,,,,,
12798,1200,12797,12524,12799,1,0,0,0,0,0,0,0,0,0,0,0,0,0,0,2,2,2,2,2,2,2,2,2,2,2,2,2,2,2,2,2,2,2,2,2,2,2,2,1,1,0,0,0,0,0,0,0,0,,,,,,,,,,,,,,,,,,,,,,,,,,,,,,,,,,,,,,,,,,,,,,,,
12799,1600,12798,12800,,0,0,0,0,0,0,0,0,0,0,0,0,0,0,0,4,4,4,4,4,4,4,4,4,4,3,3,3,3,4,4,4,4,4,4,4,4,4,4,1,1,1,1,1,1,0,0,0,0,,,,,,,,,,,,,,,,,,,,,,,,,,,,,,,,,,,,,,,,,,,,,,,,
128,2500,488,486,,0,50,50,52,52,37,37,40,40,46,46,50,50,140,140,967,967,1151,1151,1088,1088,1047,1047,967,967,880,880,932,932,911,911,933,933,958,958,1007,1007,913,913,393,393,252,252,170,170,124,124,63,63,,,,,,,,,,,,,,,,,,,,,,,,,,,,,,,,,,,,,,,,,,,,,,,,
12800,1600,12537,12799,12801,1,0,0,0,0,0,0,0,0,0,0,0,0,0,0,4,4,5,5,4,4,4,4,4,4,4,4,4,4,4,4,4,4,4,4,4,4,4,4,2,2,1,1,1,1,0,0,0,0,,,,,,,,,,,,,,,,,,,,,,,,,,,,,,,,,,,,,,,,,,,,,,,,
12801,800,12802,12800,,0,0,0,0,0,0,0,0,0,0,0,0,0,1,1,8,8,9,9,8,8,8,8,7,7,7,7,7,7,7,7,8,8,8,8,8,8,8,8,3,3,2,2,1,1,1,1,0,0,,,,,,,,,,,,,,,,,,,,,,,,,,,,,,,,,,,,,,,,,,,,,,,,
12802,1100,12524,12520,12801,1,50,50,49,49,35,35,37,37,43,43,48,48,137,137,1199,1199,1327,1327,1239,1239,1242,1242,1119,1119,1102,1102,1018,1018,1143,1143,1150,1150,1133,1133,1230,1230,1214,1214,532,532,323,323,202,202,148,148,86,86,,,,,,,,,,,,,,,,,,,,,,,,,,,,,,,,,,,,,,,,,,,,,,,,
12803,1200,12514,12806,,0,0,0,0,0,0,0,0,0,0,0,0,0,1,1,5,5,6,6,5,5,5,5,5,5,5,5,5,5,5,5,5,5,5,5,5,5,5,5,2,2,1,1,1,1,1,1,0,0,,,,,,,,,,,,,,,,,,,,,,,,,,,,,,,,,,,,,,,,,,,,,,,,
12804,1200,12560,12520,12805,1,0,0,0,0,0,0,0,0,0,0,0,0,1,1,5,5,6,6,6,6,5,5,5,5,5,5,5,5,5,5,5,5,5,5,6,6,5,5,2,2,1,1,1,1,1,1,0,0,,,,,,,,,,,,,,,,,,,,,,,,,,,,,,,,,,,,,,,,,,,,,,,,
12805,1200,12804,12806,,0,0,0,0,0,0,0,0,0,0,0,0,0,0,0,4,4,5,5,4,4,4,4,4,4,4,4,4,4,4,4,4,4,4,4,4,4,4,4,2,2,1,1,1,1,0,0,0,0,,,,,,,,,,,,,,,,,,,,,,,,,,,,,,,,,,,,,,,,,,,,,,,,
12806,300,12805,12516,12803,1,0,0,0,0,0,0,0,0,0,0,0,0,0,0,4,4,5,5,5,5,5,5,4,4,4,4,4,4,4,4,4,4,4,4,5,5,4,4,2,2,1,1,1,1,0,0,0,0,,,,,,,,,,,,,,,,,,,,,,,,,,,,,,,,,,,,,,,,,,,,,,,,
12807,1100,12589,12575,,0,67,67,70,70,49,49,53,53,62,62,67,67,186,186,910,910,1134,1134,1023,1023,977,977,900,900,812,812,861,861,864,864,851,851,886,886,939,939,854,854,524,524,336,336,227,227,165,165,84,84,,,,,,,,,,,,,,,,,,,,,,,,,,,,,,,,,,,,,,,,,,,,,,,,
12808,300,12809,,,0,1,1,1,1,0,0,0,0,1,1,1,1,2,2,9,9,11,11,10,10,9,9,9,9,8,8,8,8,8,8,8,8,9,9,9,9,9,9,5,5,3,3,2,2,1,1,1,1,,,,,,,,,,,,,,,,,,,,,,,,,,,,,,,,,,,,,,,,,,,,,,,,
12809,2200,12566,12808,12785,1,67,67,70,70,49,49,53,53,62,62,67,67,186,186,910,910,1134,1134,1023,1023,977,977,900,900,812,812,861,861,864,864,851,851,886,886,939,939,854,854,524,524,336,336,227,227,165,165,84,84,,,,,,,,,,,,,,,,,,,,,,,,,,,,,,,,,,,,,,,,,,,,,,,,
12810,400,12446,12811,,0,0,0,0,0,0,0,0,0,0,0,0,0,0,0,2,2,2,2,2,2,2,2,2,2,2,2,2,2,2,2,2,2,2,2,2,2,2,2,1,1,1,1,0,0,0,0,0,0,,,,,,,,,,,,,,,,,,,,,,,,,,,,,,,,,,,,,,,,,,,,,,,,
12811,800,12442,12810,12429,1,0,0,0,0,0,0,0,0,0,0,0,0,0,0,3,3,3,3,3,3,3,3,3,3,3,3,2,2,3,3,3,3,3,3,3,3,3,3,1,1,1,1,1,1,0,0,0,0,,,,,,,,,,,,,,,,,,,,,,,,,,,,,,,,,,,,,,,,,,,,,,,,
12812,300,12428,12470,12813,1,0,0,0,0,0,0,0,0,0,0,0,0,0,0,1,1,2,2,2,2,2,2,1,1,1,1,1,1,1,1,1,1,1,1,1,1,1,1,1,1,0,0,0,0,0,0,0,0,,,,,,,,,,,,,,,,,,,,,,,,,,,,,,,,,,,,,,,,,,,,,,,,
12813,600,12814,12812,,0,0,0,0,0,0,0,0,0,0,0,0,0,0,0,2,2,3,3,2,2,2,2,2,2,2,2,2,2,2,2,2,2,2,2,2,2,2,2,1,1,1,1,0,0,0,0,0,0,,,,,,,,,,,,,,,,,,,,,,,,,,,,,,,,,,,,,,,,,,,,,,,,
12814,500,12420,,12815;12813,2,53,53,52,52,37,37,39,39,46,46,51,51,144,144,1157,1157,1300,1300,1208,1208,1204,1204,1088,1088,1061,1061,995,995,1103,1103,1107,1107,1098,1098,1188,1188,1163,1163,531,531,325,325,206,206,151,151,86,86,,,,,,,,,,,,,,,,,,,,,,,,,,,,,,,,,,,,,,,,,,,,,,,,
12815,300,5787,12814,,0,0,0,0,0,0,0,0,0,0,0,0,0,0,0,2,2,2,2,2,2,2,2,2,2,2,2,2,2,2,2,2,2,2,2,2,2,2,2,1,1,1,1,0,0,0,0,0,0,,,,,,,,,,,,,,,,,,,,,,,,,,,,,,,,,,,,,,,,,,,,,,,,
12816,300,12817,12818,,0,0,0,0,0,0,0,0,0,0,0,0,0,0,0,1,1,1,1,1,1,1,1,1,1,1,1,1,1,1,1,1,1,1,1,1,1,1,1,0,0,0,0,0,0,0,0,0,0,,,,,,,,,,,,,,,,,,,,,,,,,,,,,,,,,,,,,,,,,,,,,,,,
12817,300,12816,12414,12413,1,0,0,0,0,0,0,0,0,0,0,0,0,0,0,1,1,1,1,1,1,1,1,1,1,1,1,1,1,1,1,1,1,1,1,1,1,1,1,1,1,0,0,0,0,0,0,0,0,,,,,,,,,,,,,,,,,,,,,,,,,,,,,,,,,,,,,,,,,,,,,,,,
12818,300,12409,12816,5788,1,0,0,0,0,0,0,0,0,0,0,0,0,0,0,1,1,1,1,1,1,1,1,1,1,1,1,1,1,1,1,1,1,1,1,1,1,1,1,0,0,0,0,0,0,0,0,0,0,,,,,,,,,,,,,,,,,,,,,,,,,,,,,,,,,,,,,,,,,,,,,,,,
12819,800,12820,5818,,0,0,0,0,0,0,0,0,0,0,0,0,0,0,0,2,2,2,2,2,2,2,2,2,2,2,2,2,2,2,2,2,2,2,2,2,2,2,2,1,1,1,1,0,0,0,0,0,0,,,,,,,,,,,,,,,,,,,,,,,,,,,,,,,,,,,,,,,,,,,,,,,,
12820,300,12819,12404,12408,1,0,0,0,0,0,0,0,0,0,0,0,0,0,0,0,0,1,1,0,0,0,0,0,0,0,0,0,0,0,0,0,0,0,0,0,0,0,0,0,0,0,0,0,0,0,0,0,0,,,,,,,,,,,,,,,,,,,,,,,,,,,,,,,,,,,,,,,,,,,,,,,,
12821,300,12822,,,0,0,0,0,0,0,0,0,0,0,0,0,0,0,0,0,0,1,1,1,1,1,1,0,0,0,0,0,0,0,0,0,0,0,0,1,1,0,0,0,0,0,0,0,0,0,0,0,0,,,,,,,,,,,,,,,,,,,,,,,,,,,,,,,,,,,,,,,,,,,,,,,,
12822,300,12821,12407,12408,1,0,0,0,0,0,0,0,0,0,0,0,0,0,0,0,0,1,1,1,1,1,1,0,0,0,0,0,0,0,0,0,0,0,0,0,0,0,0,0,0,0,0,0,0,0,0,0,0,,,,,,,,,,,,,,,,,,,,,,,,,,,,,,,,,,,,,,,,,,,,,,,,
12823,800,12824,12826,,0,0,0,0,0,0,0,0,0,0,0,0,0,0,0,1,1,1,1,1,1,1,1,1,1,1,1,1,1,1,1,1,1,1,1,1,1,1,1,0,0,0,0,0,0,0,0,0,0,,,,,,,,,,,,,,,,,,,,,,,,,,,,,,,,,,,,,,,,,,,,,,,,
12824,400,12823,12485,12422;12428,2,0,0,0,0,0,0,0,0,0,0,0,0,0,0,1,1,1,1,1,1,1,1,1,1,1,1,1,1,1,1,1,1,1,1,1,1,1,1,0,0,0,0,0,0,0,0,0,0,,,,,,,,,,,,,,,,,,,,,,,,,,,,,,,,,,,,,,,,,,,,,,,,
12825,800,12826,12838,,0,0,0,0,0,0,0,0,0,0,0,0,0,0,0,0,0,1,1,1,1,1,1,0,0,0,0,0,0,0,0,0,0,0,0,1,1,0,0,0,0,0,0,0,0,0,0,0,0,,,,,,,,,,,,,,,,,,,,,,,,,,,,,,,,,,,,,,,,,,,,,,,,
12826,300,12862,12825,12823,1,0,0,0,0,0,0,0,0,0,0,0,0,0,0,1,1,1,1,1,1,1,1,1,1,1,1,1,1,1,1,1,1,1,1,1,1,1,1,0,0,0,0,0,0,0,0,0,0,,,,,,,,,,,,,,,,,,,,,,,,,,,,,,,,,,,,,,,,,,,,,,,,
12827,1600,12828,5857,12483,1,53,53,55,55,38,38,42,42,48,48,53,53,146,146,715,715,891,891,804,804,768,768,707,707,638,638,676,676,679,679,669,669,696,696,738,738,671,671,411,411,264,264,178,178,130,130,66,66,,,,,,,,,,,,,,,,,,,,,,,,,,,,,,,,,,,,,,,,,,,,,,,,
12828,550,12827,12468,12892,1,53,53,52,52,37,37,39,39,46,46,51,51,144,144,1157,1157,1300,1300,1208,1208,1204,1204,1088,1088,1061,1061,995,995,1103,1103,1107,1107,1098,1098,1188,1188,1163,1163,531,531,325,325,206,206,151,151,86,86,,,,,,,,,,,,,,,,,,,,,,,,,,,,,,,,,,,,,,,,,,,,,,,,
12829,3500,12883,12830,12448;12455;12462,3,53,53,52,52,37,37,39,39,46,46,51,51,144,144,1157,1157,1300,1300,1208,1208,1204,1204,1088,1088,1061,1061,995,995,1103,1103,1107,1107,1098,1098,1188,1188,1163,1163,531,531,325,325,206,206,151,151,86,86,,,,,,,,,,,,,,,,,,,,,,,,,,,,,,,,,,,,,,,,,,,,,,,,
12830,300,12831,12829,12443,1,0,0,0,0,0,0,0,0,0,0,0,0,0,0,1,1,1,1,1,1,1,1,1,1,1,1,1,1,1,1,1,1,1,1,1,1,1,1,0,0,0,0,0,0,0,0,0,0,,,,,,,,,,,,,,,,,,,,,,,,,,,,,,,,,,,,,,,,,,,,,,,,
12831,300,12830,12832,,0,0,0,0,0,0,0,0,0,0,0,0,0,0,0,1,1,1,1,1,1,1,1,0,0,0,0,0,0,0,0,0,0,0,0,1,1,0,0,0,0,0,0,0,0,0,0,0,0,,,,,,,,,,,,,,,,,,,,,,,,,,,,,,,,,,,,,,,,,,,,,,,,
12832,300,12833,12831,12837,1,0,0,0,0,0,0,0,0,0,0,0,0,0,0,0,0,0,0,0,0,0,0,0,0,0,0,0,0,0,0,0,0,0,0,0,0,0,0,0,0,0,0,0,0,0,0,0,0,,,,,,,,,,,,,,,,,,,,,,,,,,,,,,,,,,,,,,,,,,,,,,,,
12833,300,12832,12834,,0,0,0,0,0,0,0,0,0,0,0,0,0,0,0,0,0,0,0,0,0,0,0,0,0,0,0,0,0,0,0,0,0,0,0,0,0,0,0,0,0,0,0,0,0,0,0,0,0,,,,,,,,,,,,,,,,,,,,,,,,,,,,,,,,,,,,,,,,,,,,,,,,
12834,300,12835,12833,12416,1,0,0,0,0,0,0,0,0,0,0,0,0,0,0,0,0,0,0,0,0,0,0,0,0,0,0,0,0,0,0,0,0,0,0,0,0,0,0,0,0,0,0,0,0,0,0,0,0,,,,,,,,,,,,,,,,,,,,,,,,,,,,,,,,,,,,,,,,,,,,,,,,
12835,600,12834,12836,,0,0,0,0,0,0,0,0,0,0,0,0,0,0,0,0,0,1,1,0,0,0,0,0,0,0,0,0,0,0,0,0,0,0,0,0,0,0,0,0,0,0,0,0,0,0,0,0,0,,,,,,,,,,,,,,,,,,,,,,,,,,,,,,,,,,,,,,,,,,,,,,,,
12836,300,12483,12835,12421,1,0,0,0,0,0,0,0,0,0,0,0,0,0,0,1,1,1,1,1,1,1,1,1,1,1,1,1,1,1,1,1,1,1,1,1,1,1,1,0,0,0,0,0,0,0,0,0,0,,,,,,,,,,,,,,,,,,,,,,,,,,,,,,,,,,,,,,,,,,,,,,,,
12837,1600,12832,12838,,0,0,0,0,0,0,0,0,0,0,0,0,0,0,0,0,0,0,0,0,0,0,0,0,0,0,0,0,0,0,0,0,0,0,0,0,0,0,0,0,0,0,0,0,0,0,0,0,0,,,,,,,,,,,,,,,,,,,,,,,,,,,,,,,,,,,,,,,,,,,,,,,,
12838,400,12825,12837,12419,1,0,0,0,0,0,0,0,0,0,0,0,0,0,0,0,0,0,0,0,0,0,0,0,0,0,0,0,0,0,0,0,0,0,0,0,0,0,0,0,0,0,0,0,0,0,0,0,0,,,,,,,,,,,,,,,,,,,,,,,,,,,,,,,,,,,,,,,,,,,,,,,,
12839,300,,597,,0,0,0,0,0,0,0,0,0,0,0,0,0,0,0,2,2,2,2,2,2,2,2,2,2,2,2,2,2,2,2,2,2,2,2,2,2,2,2,1,1,1,1,0,0,0,0,0,0,,,,,,,,,,,,,,,,,,,,,,,,,,,,,,,,,,,,,,,,,,,,,,,,
12840,800,,12841,,0,0,0,0,0,0,0,0,0,0,0,0,0,0,0,2,2,2,2,2,2,2,2,2,2,1,1,1,1,2,2,2,2,2,2,2,2,2,2,1,1,0,0,0,0,0,0,0,0,,,,,,,,,,,,,,,,,,,,,,,,,,,,,,,,,,,,,,,,,,,,,,,,
12841,300,12431,12435,12840,1,0,0,0,0,0,0,0,0,0,0,0,0,0,0,2,2,2,2,2,2,2,2,2,2,2,2,2,2,2,2,2,2,2,2,2,2,2,2,1,1,1,1,0,0,0,0,0,0,,,,,,,,,,,,,,,,,,,,,,,,,,,,,,,,,,,,,,,,,,,,,,,,
12842,600,12415,12460,12605,1,0,0,0,0,0,0,0,0,0,0,0,0,0,0,3,3,4,4,3,3,3,3,3,3,3,3,3,3,3,3,3,3,3,3,3,3,3,3,2,2,1,1,1,1,0,0,0,0,,,,,,,,,,,,,,,,,,,,,,,,,,,,,,,,,,,,,,,,,,,,,,,,
12843,1500,12624,12605,12438,1,50,50,49,49,35,35,37,37,43,43,48,48,137,137,1199,1199,1327,1327,1239,1239,1242,1242,1119,1119,1102,1102,1018,1018,1143,1143,1150,1150,1133,1133,1230,1230,1214,1214,532,532,323,323,202,202,148,148,86,86,,,,,,,,,,,,,,,,,,,,,,,,,,,,,,,,,,,,,,,,,,,,,,,,
12844,800,,12620,12434,1,0,0,0,0,0,0,0,0,0,0,0,0,0,0,2,2,2,2,2,2,2,2,2,2,1,1,1,1,2,2,2,2,2,2,2,2,2,2,1,1,0,0,0,0,0,0,0,0,,,,,,,,,,,,,,,,,,,,,,,,,,,,,,,,,,,,,,,,,,,,,,,,
12845,1200,12846,5879,,0,0,0,0,0,0,0,0,0,0,0,0,0,1,1,3,3,4,4,3,3,3,3,3,3,3,3,3,3,3,3,3,3,3,3,3,3,3,3,2,2,1,1,1,1,1,1,0,0,,,,,,,,,,,,,,,,,,,,,,,,,,,,,,,,,,,,,,,,,,,,,,,,
12846,1200,12845,12450,12418,1,0,0,0,0,0,0,0,0,0,0,0,0,1,1,7,7,7,7,7,7,7,7,6,6,6,6,6,6,6,6,6,6,6,6,7,7,7,7,3,3,2,2,1,1,1,1,0,0,,,,,,,,,,,,,,,,,,,,,,,,,,,,,,,,,,,,,,,,,,,,,,,,
12847,1200,12648,12449,12439,1,0,0,0,0,0,0,0,0,0,0,0,0,1,1,5,5,6,6,5,5,5,5,5,5,5,5,5,5,5,5,5,5,5,5,5,5,5,5,2,2,1,1,1,1,1,1,0,0,,,,,,,,,,,,,,,,,,,,,,,,,,,,,,,,,,,,,,,,,,,,,,,,
12848,1200,12849,12433,,0,0,0,0,0,0,0,0,0,0,0,0,0,1,1,5,5,6,6,5,5,5,5,5,5,5,5,4,4,5,5,5,5,5,5,5,5,5,5,2,2,1,1,1,1,1,1,0,0,,,,,,,,,,,,,,,,,,,,,,,,,,,,,,,,,,,,,,,,,,,,,,,,
12849,1200,12417,12430,12848,1,0,0,0,0,0,0,0,0,0,0,0,0,1,1,7,7,8,8,7,7,7,7,7,7,6,6,6,6,7,7,7,7,7,7,7,7,7,7,3,3,2,2,1,1,1,1,0,0,,,,,,,,,,,,,,,,,,,,,,,,,,,,,,,,,,,,,,,,,,,,,,,,
12850,1600,,12851,12610,1,0,0,0,0,0,0,0,0,0,0,0,0,0,0,1,1,1,1,1,1,1,1,1,1,1,1,1,1,1,1,1,1,1,1,1,1,1,1,1,1,0,0,0,0,0,0,0,0,,,,,,,,,,,,,,,,,,,,,,,,,,,,,,,,,,,,,,,,,,,,,,,,
12851,1200,12907,12850,12424,1,0,0,0,0,0,0,0,0,0,0,0,0,0,0,1,1,2,2,1,1,1,1,1,1,1,1,1,1,1,1,1,1,1,1,1,1,1,1,1,1,0,0,0,0,0,0,0,0,,,,,,,,,,,,,,,,,,,,,,,,,,,,,,,,,,,,,,,,,,,,,,,,
12852,800,,12853,,0,6,6,6,6,4,4,4,4,5,5,5,5,15,15,121,121,140,140,131,131,127,127,118,118,110,110,111,111,115,115,117,117,118,118,126,126,118,118,48,48,30,30,20,20,15,15,8,8,,,,,,,,,,,,,,,,,,,,,,,,,,,,,,,,,,,,,,,,,,,,,,,,
12853,800,12852,12476,12475,1,0,0,0,0,0,0,0,0,0,0,0,0,0,0,1,1,1,1,1,1,1,1,1,1,1,1,1,1,1,1,1,1,1,1,1,1,1,1,0,0,0,0,0,0,0,0,0,0,,,,,,,,,,,,,,,,,,,,,,,,,,,,,,,,,,,,,,,,,,,,,,,,
12854,300,12855,,,0,0,0,0,0,0,0,0,0,0,0,0,0,0,0,1,1,1,1,1,1,1,1,1,1,1,1,1,1,1,1,1,1,1,1,1,1,1,1,1,1,0,0,0,0,0,0,0,0,,,,,,,,,,,,,,,,,,,,,,,,,,,,,,,,,,,,,,,,,,,,,,,,
12855,800,12854,12478,12476,1,0,0,0,0,0,0,0,0,0,0,0,0,0,0,1,1,1,1,1,1,1,1,1,1,1,1,1,1,1,1,1,1,1,1,1,1,1,1,0,0,0,0,0,0,0,0,0,0,,,,,,,,,,,,,,,,,,,,,,,,,,,,,,,,,,,,,,,,,,,,,,,,
12856,1200,12859,12490,,0,0,0,0,0,0,0,0,0,0,0,0,0,0,0,2,2,2,2,2,2,2,2,2,2,2,2,2,2,2,2,2,2,2,2,2,2,2,2,1,1,1,1,0,0,0,0,0,0,,,,,,,,,,,,,,,,,,,,,,,,,,,,,,,,,,,,,,,,,,,,,,,,
12857,800,,12860,12485;12858,2,0,0,0,0,0,0,0,0,0,0,0,0,0,0,1,1,1,1,1,1,1,1,1,1,1,1,1,1,1,1,1,1,1,1,1,1,1,1,0,0,0,0,0,0,0,0,0,0,,,,,,,,,,,,,,,,,,,,,,,,,,,,,,,,,,,,,,,,,,,,,,,,
12858,800,12859,12857,,0,0,0,0,0,0,0,0,0,0,0,0,0,0,0,1,1,1,1,1,1,1,1,1,1,1,1,1,1,1,1,1,1,1,1,1,1,1,1,0,0,0,0,0,0,0,0,0,0,,,,,,,,,,,,,,,,,,,,,,,,,,,,,,,,,,,,,,,,,,,,,,,,
12859,800,12856,12858,12481,1,0,0,0,0,0,0,0,0,0,0,0,0,0,0,1,1,1,1,1,1,1,1,1,1,1,1,1,1,1,1,1,1,1,1,1,1,1,1,1,1,0,0,0,0,0,0,0,0,,,,,,,,,,,,,,,,,,,,,,,,,,,,,,,,,,,,,,,,,,,,,,,,
12860,800,12861,12857,,0,0,0,0,0,0,0,0,0,0,0,0,0,0,0,1,1,1,1,1,1,1,1,1,1,0,0,0,0,1,1,1,1,1,1,1,1,1,1,0,0,0,0,0,0,0,0,0,0,,,,,,,,,,,,,,,,,,,,,,,,,,,,,,,,,,,,,,,,,,,,,,,,
12861,400,12470,12860,12467,1,0,0,0,0,0,0,0,0,0,0,0,0,0,0,1,1,1,1,1,1,1,1,1,1,1,1,1,1,1,1,1,1,1,1,1,1,1,1,0,0,0,0,0,0,0,0,0,0,,,,,,,,,,,,,,,,,,,,,,,,,,,,,,,,,,,,,,,,,,,,,,,,
12862,3500,12865,12826,12448;12462,2,53,53,52,52,37,37,39,39,46,46,51,51,144,144,1157,1157,1300,1300,1208,1208,1204,1204,1088,1088,1061,1061,995,995,1103,1103,1107,1107,1098,1098,1188,1188,1163,1163,531,531,325,325,206,206,151,151,86,86,,,,,,,,,,,,,,,,,,,,,,,,,,,,,,,,,,,,,,,,,,,,,,,,
12863,300,12866,12864,12481,1,0,0,0,0,0,0,0,0,0,0,0,0,0,0,2,2,2,2,2,2,2,2,1,1,1,1,1,1,1,1,1,1,1,1,2,2,2,2,1,1,0,0,0,0,0,0,0,0,,,,,,,,,,,,,,,,,,,,,,,,,,,,,,,,,,,,,,,,,,,,,,,,
12864,600,12863,12865,,0,0,0,0,0,0,0,0,0,0,0,0,0,0,0,1,1,1,1,1,1,1,1,1,1,1,1,1,1,1,1,1,1,1,1,1,1,1,1,1,1,0,0,0,0,0,0,0,0,,,,,,,,,,,,,,,,,,,,,,,,,,,,,,,,,,,,,,,,,,,,,,,,
12865,600,12876,12862,12864,1,0,0,0,0,0,0,0,0,0,0,0,0,0,0,1,1,1,1,1,1,1,1,1,1,1,1,1,1,1,1,1,1,1,1,1,1,1,1,1,1,0,0,0,0,0,0,0,0,,,,,,,,,,,,,,,,,,,,,,,,,,,,,,,,,,,,,,,,,,,,,,,,
12866,800,12871,12863,,0,0,0,0,0,0,0,0,0,0,0,0,0,0,0,2,2,3,3,2,2,2,2,2,2,2,2,2,2,2,2,2,2,2,2,2,2,2,2,1,1,1,1,0,0,0,0,0,0,,,,,,,,,,,,,,,,,,,,,,,,,,,,,,,,,,,,,,,,,,,,,,,,
12867,300,,12496,12868,1,0,0,0,0,0,0,0,0,0,0,0,0,0,0,2,2,2,2,2,2,2,2,1,1,1,1,1,1,1,1,1,1,1,1,2,2,1,1,1,1,0,0,0,0,0,0,0,0,,,,,,,,,,,,,,,,,,,,,,,,,,,,,,,,,,,,,,,,,,,,,,,,
12868,800,12869,12867,,0,0,0,0,0,0,0,0,0,0,0,0,0,0,0,2,2,2,2,2,2,2,2,2,2,2,2,2,2,2,2,2,2,2,2,2,2,2,2,1,1,1,1,0,0,0,0,0,0,,,,,,,,,,,,,,,,,,,,,,,,,,,,,,,,,,,,,,,,,,,,,,,,
12869,300,12499,12868,12870,1,0,0,0,0,0,0,0,0,0,0,0,0,0,0,3,3,3,3,3,3,3,3,2,2,2,2,2,2,2,2,2,2,2,2,3,3,3,3,1,1,1,1,0,0,0,0,0,0,,,,,,,,,,,,,,,,,,,,,,,,,,,,,,,,,,,,,,,,,,,,,,,,
12870,800,12871,12869,,0,0,0,0,0,0,0,0,0,0,0,0,0,0,0,3,3,3,3,3,3,3,3,3,3,3,3,2,2,3,3,3,3,3,3,3,3,3,3,1,1,1,1,1,1,0,0,0,0,,,,,,,,,,,,,,,,,,,,,,,,,,,,,,,,,,,,,,,,,,,,,,,,
12871,1200,12870,12866,12490,1,0,0,0,0,0,0,0,0,0,0,0,0,0,0,3,3,3,3,3,3,3,3,3,3,3,3,2,2,3,3,3,3,3,3,3,3,3,3,1,1,1,1,1,1,0,0,0,0,,,,,,,,,,,,,,,,,,,,,,,,,,,,,,,,,,,,,,,,,,,,,,,,
12872,800,12873,,,0,0,0,0,0,0,0,0,0,0,0,0,0,0,0,3,3,3,3,3,3,3,3,3,3,3,3,2,2,3,3,3,3,3,3,3,3,3,3,1,1,1,1,1,1,0,0,0,0,,,,,,,,,,,,,,,,,,,,,,,,,,,,,,,,,,,,,,,,,,,,,,,,
12873,1500,12490,12494,12872,1,53,53,52,52,37,37,39,39,46,46,51,51,144,144,1157,1157,1300,1300,1208,1208,1204,1204,1088,1088,1061,1061,995,995,1103,1103,1107,1107,1098,1098,1188,1188,1163,1163,531,531,325,325,206,206,151,151,86,86,,,,,,,,,,,,,,,,,,,,,,,,,,,,,,,,,,,,,,,,,,,,,,,,
12874,2000,12774,12875,,0,53,53,52,52,37,37,39,39,46,46,51,51,144,144,1157,1157,1300,1300,1208,1208,1204,1204,1088,1088,1061,1061,995,995,1103,1103,1107,1107,1098,1098,1188,1188,1163,1163,531,531,325,325,206,206,151,151,86,86,,,,,,,,,,,,,,,,,,,,,,,,,,,,,,,,,,,,,,,,,,,,,,,,
12875,1600,12878,12874,12902,1,0,0,0,0,0,0,0,0,0,0,0,0,0,0,2,2,2,2,2,2,2,2,2,2,2,2,2,2,2,2,2,2,2,2,2,2,2,2,1,1,1,1,0,0,0,0,0,0,,,,,,,,,,,,,,,,,,,,,,,,,,,,,,,,,,,,,,,,,,,,,,,,
12876,3000,12877,12865,,0,53,53,52,52,37,37,39,39,46,46,51,51,144,144,1157,1157,1300,1300,1208,1208,1204,1204,1088,1088,1061,1061,995,995,1103,1103,1107,1107,1098,1098,1188,1188,1163,1163,531,531,325,325,206,206,151,151,86,86,,,,,,,,,,,,,,,,,,,,,,,,,,,,,,,,,,,,,,,,,,,,,,,,
12877,1200,12500,12529,12876;12502,2,0,0,0,0,0,0,0,0,0,0,0,0,0,0,2,2,2,2,2,2,2,2,2,2,2,2,2,2,2,2,2,2,2,2,2,2,2,2,1,1,1,1,0,0,0,0,0,0,,,,,,,,,,,,,,,,,,,,,,,,,,,,,,,,,,,,,,,,,,,,,,,,
12878,1600,12875,12879,,0,0,0,0,0,0,0,0,0,0,0,0,0,0,0,2,2,2,2,2,2,2,2,2,2,2,2,2,2,2,2,2,2,2,2,2,2,2,2,1,1,1,1,0,0,0,0,0,0,,,,,,,,,,,,,,,,,,,,,,,,,,,,,,,,,,,,,,,,,,,,,,,,
12879,1200,12880,12500,12878,1,0,0,0,0,0,0,0,0,0,0,0,0,0,0,2,2,3,3,2,2,2,2,2,2,2,2,2,2,2,2,2,2,2,2,2,2,2,2,1,1,1,1,0,0,0,0,0,0,,,,,,,,,,,,,,,,,,,,,,,,,,,,,,,,,,,,,,,,,,,,,,,,
12880,1600,12881,12879,,0,0,0,0,0,0,0,0,0,0,0,0,0,0,0,2,2,3,3,2,2,2,2,2,2,2,2,2,2,2,2,2,2,2,2,2,2,2,2,1,1,1,1,0,0,0,0,0,0,,,,,,,,,,,,,,,,,,,,,,,,,,,,,,,,,,,,,,,,,,,,,,,,
12881,800,12487,12882,12880,1,0,0,0,0,0,0,0,0,0,0,0,0,0,0,3,3,3,3,3,3,3,3,3,3,3,3,2,2,3,3,3,3,3,3,3,3,3,3,1,1,1,1,1,1,0,0,0,0,,,,,,,,,,,,,,,,,,,,,,,,,,,,,,,,,,,,,,,,,,,,,,,,
12882,1200,12883,12881,,0,0,0,0,0,0,0,0,0,0,0,0,0,0,0,3,3,3,3,3,3,3,3,3,3,3,3,3,3,3,3,3,3,3,3,3,3,3,3,1,1,1,1,1,1,0,0,0,0,,,,,,,,,,,,,,,,,,,,,,,,,,,,,,,,,,,,,,,,,,,,,,,,
12883,500,12829,12882,12527,1,53,53,52,52,37,37,39,39,46,46,51,51,144,144,1157,1157,1300,1300,1208,1208,1204,1204,1088,1088,1061,1061,995,995,1103,1103,1107,1107,1098,1098,1188,1188,1163,1163,531,531,325,325,206,206,151,151,86,86,,,,,,,,,,,,,,,,,,,,,,,,,,,,,,,,,,,,,,,,,,,,,,,,
12884,800,12488,12885,,0,0,0,0,0,0,0,0,0,0,0,0,0,0,0,2,2,3,3,2,2,2,2,2,2,2,2,2,2,2,2,2,2,2,2,2,2,2,2,1,1,1,1,0,0,0,0,0,0,,,,,,,,,,,,,,,,,,,,,,,,,,,,,,,,,,,,,,,,,,,,,,,,
12885,550,12472,12484,12884,1,53,53,52,52,37,37,39,39,46,46,51,51,144,144,1157,1157,1300,1300,1208,1208,1204,1204,1088,1088,1061,1061,995,995,1103,1103,1107,1107,1098,1098,1188,1188,1163,1163,531,531,325,325,206,206,151,151,86,86,,,,,,,,,,,,,,,,,,,,,,,,,,,,,,,,,,,,,,,,,,,,,,,,
12886,800,12492,12887,,0,53,53,55,55,38,38,42,42,48,48,53,53,146,146,715,715,891,891,804,804,768,768,707,707,638,638,676,676,679,679,669,669,696,696,738,738,671,671,411,411,264,264,178,178,130,130,66,66,,,,,,,,,,,,,,,,,,,,,,,,,,,,,,,,,,,,,,,,,,,,,,,,
12887,1200,12886,12888,12482,1,0,0,0,0,0,0,0,0,0,0,0,0,0,0,2,2,3,3,2,2,2,2,2,2,2,2,2,2,2,2,2,2,2,2,2,2,2,2,1,1,1,1,0,0,0,0,0,0,,,,,,,,,,,,,,,,,,,,,,,,,,,,,,,,,,,,,,,,,,,,,,,,
12888,1200,12887,12889,,0,0,0,0,0,0,0,0,0,0,0,0,0,0,0,3,3,3,3,3,3,3,3,2,2,2,2,2,2,2,2,2,2,2,2,3,3,2,2,1,1,1,1,0,0,0,0,0,0,,,,,,,,,,,,,,,,,,,,,,,,,,,,,,,,,,,,,,,,,,,,,,,,
12889,800,12484,12888,12482,1,0,0,0,0,0,0,0,0,0,0,0,0,0,0,2,2,2,2,2,2,2,2,2,2,2,2,2,2,2,2,2,2,2,2,2,2,2,2,1,1,1,1,0,0,0,0,0,0,,,,,,,,,,,,,,,,,,,,,,,,,,,,,,,,,,,,,,,,,,,,,,,,
12890,1600,12474,12891,,0,0,0,0,0,0,0,0,0,0,0,0,0,0,0,1,1,1,1,1,1,1,1,1,1,1,1,1,1,1,1,1,1,1,1,1,1,1,1,1,1,0,0,0,0,0,0,0,0,,,,,,,,,,,,,,,,,,,,,,,,,,,,,,,,,,,,,,,,,,,,,,,,
12891,300,12890,12468,12473,1,0,0,0,0,0,0,0,0,0,0,0,0,0,0,1,1,2,2,1,1,1,1,1,1,1,1,1,1,1,1,1,1,1,1,1,1,1,1,1,1,0,0,0,0,0,0,0,0,,,,,,,,,,,,,,,,,,,,,,,,,,,,,,,,,,,,,,,,,,,,,,,,
12892,2500,12828,12893,,0,53,53,52,52,37,37,39,39,46,46,51,51,144,144,1157,1157,1300,1300,1208,1208,1204,1204,1088,1088,1061,1061,995,995,1103,1103,1107,1107,1098,1098,1188,1188,1163,1163,531,531,325,325,206,206,151,151,86,86,,,,,,,,,,,,,,,,,,,,,,,,,,,,,,,,,,,,,,,,,,,,,,,,
12893,300,12892,12473,12444,1,0,0,0,0,0,0,0,0,0,0,0,0,0,0,2,2,3,3,3,3,3,3,2,2,2,2,2,2,2,2,2,2,2,2,3,3,2,2,1,1,1,1,0,0,0,0,0,0,,,,,,,,,,,,,,,,,,,,,,,,,,,,,,,,,,,,,,,,,,,,,,,,
12894,2500,12492,12895,,0,53,53,52,52,37,37,39,39,46,46,51,51,144,144,1157,1157,1300,1300,1208,1208,1204,1204,1088,1088,1061,1061,995,995,1103,1103,1107,1107,1098,1098,1188,1188,1163,1163,531,531,325,325,206,206,151,151,86,86,,,,,,,,,,,,,,,,,,,,,,,,,,,,,,,,,,,,,,,,,,,,,,,,
12895,1000,12486,12894,12493,1,53,53,52,52,37,37,39,39,46,46,51,51,144,144,1157,1157,1300,1300,1208,1208,1204,1204,1088,1088,1061,1061,995,995,1103,1103,1107,1107,1098,1098,1188,1188,1163,1163,531,531,325,325,206,206,151,151,86,86,,,,,,,,,,,,,,,,,,,,,,,,,,,,,,,,,,,,,,,,,,,,,,,,
12896,800,12897,12901,,0,0,0,0,0,0,0,0,0,0,0,0,0,0,0,2,2,2,2,2,2,2,2,1,1,1,1,1,1,1,1,1,1,1,1,2,2,2,2,1,1,0,0,0,0,0,0,0,0,,,,,,,,,,,,,,,,,,,,,,,,,,,,,,,,,,,,,,,,,,,,,,,,
12897,300,12512,,12898;12896,2,0,0,0,0,0,0,0,0,0,0,0,0,0,0,2,2,2,2,2,2,2,2,2,2,1,1,1,1,2,2,2,2,2,2,2,2,2,2,1,1,0,0,0,0,0,0,0,0,,,,,,,,,,,,,,,,,,,,,,,,,,,,,,,,,,,,,,,,,,,,,,,,
12898,800,12899,12897,,0,0,0,0,0,0,0,0,0,0,0,0,0,0,0,1,1,1,1,1,1,1,1,1,1,1,1,1,1,1,1,1,1,1,1,1,1,1,1,1,1,0,0,0,0,0,0,0,0,,,,,,,,,,,,,,,,,,,,,,,,,,,,,,,,,,,,,,,,,,,,,,,,
12899,1200,12898,12501,12508,1,0,0,0,0,0,0,0,0,0,0,0,0,0,0,1,1,1,1,1,1,1,1,1,1,1,1,1,1,1,1,1,1,1,1,1,1,1,1,1,1,0,0,0,0,0,0,0,0,,,,,,,,,,,,,,,,,,,,,,,,,,,,,,,,,,,,,,,,,,,,,,,,
129,2500,492,500,,0,50,50,52,52,37,37,40,40,46,46,50,50,140,140,967,967,1151,1151,1088,1088,1047,1047,967,967,880,880,932,932,911,911,933,933,958,958,1007,1007,913,913,393,393,252,252,170,170,124,124,63,63,,,,,,,,,,,,,,,,,,,,,,,,,,,,,,,,,,,,,,,,,,,,,,,,
12900,400,12901,12512,,0,0,0,0,0,0,0,0,0,0,0,0,0,0,0,2,2,3,3,3,3,3,3,2,2,2,2,2,2,2,2,2,2,2,2,3,3,2,2,1,1,1,1,0,0,0,0,0,0,,,,,,,,,,,,,,,,,,,,,,,,,,,,,,,,,,,,,,,,,,,,,,,,
12901,1200,12900,12511,12896,1,0,0,0,0,0,0,0,0,0,0,0,0,0,0,2,2,2,2,2,2,2,2,2,2,2,2,2,2,2,2,2,2,2,2,2,2,2,2,1,1,1,1,0,0,0,0,0,0,,,,,,,,,,,,,,,,,,,,,,,,,,,,,,,,,,,,,,,,,,,,,,,,
12902,1200,12875,12903,,0,0,0,0,0,0,0,0,0,0,0,0,0,0,0,3,3,3,3,3,3,3,3,2,2,2,2,2,2,2,2,2,2,2,2,3,3,3,3,1,1,1,1,1,1,0,0,0,0,,,,,,,,,,,,,,,,,,,,,,,,,,,,,,,,,,,,,,,,,,,,,,,,
12903,1200,12511,12902,12506,1,0,0,0,0,0,0,0,0,0,0,0,0,0,0,2,2,2,2,2,2,2,2,2,2,2,2,2,2,2,2,2,2,2,2,2,2,2,2,1,1,1,1,0,0,0,0,0,0,,,,,,,,,,,,,,,,,,,,,,,,,,,,,,,,,,,,,,,,,,,,,,,,
12904,2000,,12905,,0,53,53,52,52,37,37,39,39,46,46,51,51,144,144,1157,1157,1300,1300,1208,1208,1204,1204,1088,1088,1061,1061,995,995,1103,1103,1107,1107,1098,1098,1188,1188,1163,1163,531,531,325,325,206,206,151,151,86,86,,,,,,,,,,,,,,,,,,,,,,,,,,,,,,,,,,,,,,,,,,,,,,,,
12905,600,12518,12904,12512,1,0,0,0,0,0,0,0,0,0,0,0,0,0,0,3,3,3,3,3,3,3,3,3,3,3,3,2,2,3,3,3,3,3,3,3,3,3,3,1,1,1,1,1,1,0,0,0,0,,,,,,,,,,,,,,,,,,,,,,,,,,,,,,,,,,,,,,,,,,,,,,,,
12906,3000,5730,12908,600,1,53,53,52,52,37,37,39,39,46,46,51,51,144,144,1157,1157,1300,1300,1208,1208,1204,1204,1088,1088,1061,1061,995,995,1103,1103,1107,1107,1098,1098,1188,1188,1163,1163,531,531,325,325,206,206,151,151,86,86,,,,,,,,,,,,,,,,,,,,,,,,,,,,,,,,,,,,,,,,,,,,,,,,
12907,1600,12851,,,0,0,0,0,0,0,0,0,0,0,0,0,0,0,0,2,2,2,2,2,2,2,2,2,2,2,2,2,2,2,2,2,2,2,2,2,2,2,2,1,1,1,1,0,0,0,0,0,0,,,,,,,,,,,,,,,,,,,,,,,,,,,,,,,,,,,,,,,,,,,,,,,,
12908,4400,12906,12471,12609;12411,2,53,53,52,52,37,37,39,39,46,46,51,51,144,144,1157,1157,1300,1300,1208,1208,1204,1204,1088,1088,1061,1061,995,995,1103,1103,1107,1107,1098,1098,1188,1188,1163,1163,531,531,325,325,206,206,151,151,86,86,,,,,,,,,,,,,,,,,,,,,,,,,,,,,,,,,,,,,,,,,,,,,,,,
12909,1000,12471,,12426,1,53,53,52,52,37,37,39,39,46,46,51,51,144,144,1157,1157,1300,1300,1208,1208,1204,1204,1088,1088,1061,1061,995,995,1103,1103,1107,1107,1098,1098,1188,1188,1163,1163,531,531,325,325,206,206,151,151,86,86,,,,,,,,,,,,,,,,,,,,,,,,,,,,,,,,,,,,,,,,,,,,,,,,
12910,300,12471,12406,,0,0,0,0,0,0,0,0,0,0,0,0,0,0,0,3,3,3,3,3,3,3,3,3,3,3,3,3,3,3,3,3,3,3,3,3,3,3,3,1,1,1,1,1,1,0,0,0,0,,,,,,,,,,,,,,,,,,,,,,,,,,,,,,,,,,,,,,,,,,,,,,,,
12911,800,10341,12912,,0,53,53,55,55,38,38,42,42,48,48,53,53,146,146,715,715,891,891,804,804,768,768,707,707,638,638,676,676,679,679,669,669,696,696,738,738,671,671,411,411,264,264,178,178,130,130,66,66,,,,,,,,,,,,,,,,,,,,,,,,,,,,,,,,,,,,,,,,,,,,,,,,
12912,800,12911,12914,10322;12924,2,0,0,0,0,0,0,0,0,0,0,0,0,0,0,0,0,0,0,0,0,0,0,0,0,0,0,0,0,0,0,0,0,0,0,0,0,0,0,0,0,0,0,0,0,0,0,0,0,,,,,,,,,,,,,,,,,,,,,,,,,,,,,,,,,,,,,,,,,,,,,,,,
12913,1600,10323,12920,10346;12925,2,0,0,0,0,0,0,0,0,0,0,0,0,1,1,7,7,9,9,8,8,7,7,7,7,6,6,6,6,7,7,7,7,7,7,7,7,7,7,4,4,2,2,2,2,1,1,1,1,,,,,,,,,,,,,,,,,,,,,,,,,,,,,,,,,,,,,,,,,,,,,,,,
12914,800,12912,14925,,0,53,53,55,55,38,38,42,42,48,48,53,53,146,146,715,715,891,891,804,804,768,768,707,707,638,638,676,676,679,679,669,669,696,696,738,738,671,671,411,411,264,264,178,178,130,130,66,66,,,,,,,,,,,,,,,,,,,,,,,,,,,,,,,,,,,,,,,,,,,,,,,,
12915,3500,13469,10369,10324;12923,2,63,63,66,66,46,46,50,50,58,58,63,63,175,175,972,972,1175,1175,1069,1069,1034,1034,947,947,874,874,895,895,924,924,915,915,939,939,1001,1001,931,931,526,526,333,333,222,222,161,161,84,84,,,,,,,,,,,,,,,,,,,,,,,,,,,,,,,,,,,,,,,,,,,,,,,,
12916,3300,10338,13280,13706,1,0,0,0,0,0,0,0,0,0,0,0,0,0,0,1138,1138,1201,1201,1284,1284,1257,1257,1168,1168,1084,1084,1145,1145,1051,1051,1179,1179,1173,1173,1211,1211,1091,1091,0,0,0,0,0,0,0,0,0,0,,,,,,,,,,,,,,,,,,,,,,,,,,,,,,,,,,,,,,,,,,,,,,,,
12917,800,,12951,,0,0,0,0,0,0,0,0,0,0,0,0,0,0,0,1,1,1,1,1,1,1,1,1,1,1,1,1,1,1,1,1,1,1,1,1,1,1,1,0,0,0,0,0,0,0,0,0,0,,,,,,,,,,,,,,,,,,,,,,,,,,,,,,,,,,,,,,,,,,,,,,,,
12918,1200,10317,12922,,0,0,0,0,0,0,0,0,0,0,0,0,0,1,1,7,7,9,9,8,8,7,7,7,7,6,6,6,6,7,7,7,7,7,7,7,7,7,7,4,4,2,2,2,2,1,1,1,1,,,,,,,,,,,,,,,,,,,,,,,,,,,,,,,,,,,,,,,,,,,,,,,,
12919,1200,13498,13496,,0,0,0,0,0,0,0,0,0,0,0,0,0,0,0,1,1,1,1,1,1,1,1,1,1,1,1,1,1,1,1,1,1,1,1,1,1,1,1,0,0,0,0,0,0,0,0,0,0,,,,,,,,,,,,,,,,,,,,,,,,,,,,,,,,,,,,,,,,,,,,,,,,
12920,1200,12922,12913,,0,0,0,0,0,0,0,0,0,0,0,0,0,0,0,1,1,2,2,1,1,1,1,1,1,1,1,1,1,1,1,1,1,1,1,1,1,1,1,1,1,0,0,0,0,0,0,0,0,,,,,,,,,,,,,,,,,,,,,,,,,,,,,,,,,,,,,,,,,,,,,,,,
12921,1600,12926,11311,13497;12935,2,0,0,0,0,0,0,0,0,0,0,0,0,0,0,2,2,2,2,2,2,2,2,2,2,2,2,2,2,2,2,2,2,2,2,2,2,2,2,1,1,0,0,0,0,0,0,0,0,,,,,,,,,,,,,,,,,,,,,,,,,,,,,,,,,,,,,,,,,,,,,,,,
12922,1600,12920,12930,12918;12937,2,0,0,0,0,0,0,0,0,0,0,0,0,0,0,0,0,0,0,0,0,0,0,0,0,0,0,0,0,0,0,0,0,0,0,0,0,0,0,0,0,0,0,0,0,0,0,0,0,,,,,,,,,,,,,,,,,,,,,,,,,,,,,,,,,,,,,,,,,,,,,,,,
12923,4400,13468,12915,,0,63,63,66,66,46,46,50,50,58,58,63,63,175,175,972,972,1175,1175,1069,1069,1034,1034,947,947,874,874,895,895,924,924,915,915,939,939,1001,1001,931,931,526,526,333,333,222,222,161,161,84,84,,,,,,,,,,,,,,,,,,,,,,,,,,,,,,,,,,,,,,,,,,,,,,,,
12924,1200,13432,12912,,0,0,0,0,0,0,0,0,0,0,0,0,0,0,0,0,0,0,0,0,0,0,0,0,0,0,0,0,0,0,0,0,0,0,0,0,0,0,0,0,0,0,0,0,0,0,0,0,0,,,,,,,,,,,,,,,,,,,,,,,,,,,,,,,,,,,,,,,,,,,,,,,,
12925,2500,13496,12913,,0,42,42,39,39,28,28,29,29,34,34,39,39,112,112,1343,1343,1424,1424,1347,1347,1375,1375,1229,1229,1247,1247,1096,1096,1282,1282,1299,1299,1257,1257,1375,1375,1394,1394,536,536,316,316,190,190,140,140,87,87,,,,,,,,,,,,,,,,,,,,,,,,,,,,,,,,,,,,,,,,,,,,,,,,
12926,1200,12921,12927,,0,0,0,0,0,0,0,0,0,0,0,0,0,0,0,1,1,1,1,1,1,1,1,1,1,1,1,1,1,1,1,1,1,1,1,1,1,1,1,0,0,0,0,0,0,0,0,0,0,,,,,,,,,,,,,,,,,,,,,,,,,,,,,,,,,,,,,,,,,,,,,,,,
12927,1600,12940,12926,13495;12944,2,0,0,0,0,0,0,0,0,0,0,0,0,0,0,3,3,4,4,4,4,4,4,3,3,3,3,3,3,3,3,3,3,3,3,3,3,3,3,1,1,1,1,0,0,0,0,0,0,,,,,,,,,,,,,,,,,,,,,,,,,,,,,,,,,,,,,,,,,,,,,,,,
12928,4400,13467,12934,13499;13459,2,42,42,39,39,28,28,29,29,34,34,39,39,112,112,1343,1343,1424,1424,1347,1347,1375,1375,1229,1229,1247,1247,1096,1096,1282,1282,1299,1299,1257,1257,1375,1375,1394,1394,536,536,316,316,190,190,140,140,87,87,,,,,,,,,,,,,,,,,,,,,,,,,,,,,,,,,,,,,,,,,,,,,,,,
12929,800,13277,13428,13706,1,0,0,0,0,0,0,0,0,0,0,0,0,0,0,2,2,3,3,2,2,2,2,2,2,2,2,2,2,2,2,2,2,2,2,2,2,2,2,1,1,1,1,0,0,0,0,0,0,,,,,,,,,,,,,,,,,,,,,,,,,,,,,,,,,,,,,,,,,,,,,,,,
12930,1600,13470,12922,,0,0,0,0,0,0,0,0,0,0,0,0,0,0,0,2,2,2,2,2,2,2,2,2,2,2,2,2,2,2,2,2,2,2,2,2,2,2,2,1,1,1,1,0,0,0,0,0,0,,,,,,,,,,,,,,,,,,,,,,,,,,,,,,,,,,,,,,,,,,,,,,,,
12931,3000,12943,10363,,0,63,63,66,66,46,46,50,50,58,58,63,63,175,175,972,972,1175,1175,1069,1069,1034,1034,947,947,874,874,895,895,924,924,915,915,939,939,1001,1001,931,931,526,526,333,333,222,222,161,161,84,84,,,,,,,,,,,,,,,,,,,,,,,,,,,,,,,,,,,,,,,,,,,,,,,,
12932,800,13435,13413,13431;14916,2,0,0,0,0,0,0,0,0,0,0,0,0,0,0,0,0,1,1,0,0,0,0,0,0,0,0,0,0,0,0,0,0,0,0,0,0,0,0,0,0,0,0,0,0,0,0,0,0,,,,,,,,,,,,,,,,,,,,,,,,,,,,,,,,,,,,,,,,,,,,,,,,
12933,4400,13434,10299,,0,67,67,70,70,49,49,53,53,62,62,67,67,186,186,910,910,1134,1134,1023,1023,977,977,900,900,812,812,861,861,864,864,851,851,886,886,939,939,854,854,524,524,336,336,227,227,165,165,84,84,,,,,,,,,,,,,,,,,,,,,,,,,,,,,,,,,,,,,,,,,,,,,,,,
12934,4400,12936,12928,,0,42,42,39,39,28,28,29,29,34,34,39,39,112,112,1343,1343,1424,1424,1347,1347,1375,1375,1229,1229,1247,1247,1096,1096,1282,1282,1299,1299,1257,1257,1375,1375,1394,1394,536,536,316,316,190,190,140,140,87,87,,,,,,,,,,,,,,,,,,,,,,,,,,,,,,,,,,,,,,,,,,,,,,,,
12935,1200,13494,12921,,0,0,0,0,0,0,0,0,0,0,0,0,0,0,0,3,3,3,3,3,3,3,3,3,3,3,3,3,3,3,3,3,3,3,3,3,3,3,3,1,1,1,1,0,0,0,0,0,0,,,,,,,,,,,,,,,,,,,,,,,,,,,,,,,,,,,,,,,,,,,,,,,,
12936,1600,10328,12959,12934;12941,2,0,0,0,0,0,0,0,0,0,0,0,0,0,0,3,3,3,3,3,3,3,3,3,3,3,3,2,2,3,3,3,3,3,3,3,3,3,3,1,1,1,1,0,0,0,0,0,0,,,,,,,,,,,,,,,,,,,,,,,,,,,,,,,,,,,,,,,,,,,,,,,,
12937,1200,12942,12922,,0,0,0,0,0,0,0,0,0,0,0,0,0,0,0,0,0,1,1,0,0,0,0,0,0,0,0,0,0,0,0,0,0,0,0,0,0,0,0,0,0,0,0,0,0,0,0,0,0,,,,,,,,,,,,,,,,,,,,,,,,,,,,,,,,,,,,,,,,,,,,,,,,
12938,1200,13494,13480,,0,0,0,0,0,0,0,0,0,0,0,0,0,0,0,2,2,2,2,2,2,2,2,2,2,2,2,2,2,2,2,2,2,2,2,2,2,2,2,1,1,1,1,0,0,0,0,0,0,,,,,,,,,,,,,,,,,,,,,,,,,,,,,,,,,,,,,,,,,,,,,,,,
12939,1200,10336,12948,,0,53,53,55,55,38,38,42,42,48,48,53,53,146,146,715,715,891,891,804,804,768,768,707,707,638,638,676,676,679,679,669,669,696,696,738,738,671,671,411,411,264,264,178,178,130,130,66,66,,,,,,,,,,,,,,,,,,,,,,,,,,,,,,,,,,,,,,,,,,,,,,,,
12940,1200,12942,12927,,0,0,0,0,0,0,0,0,0,0,0,0,0,0,0,1,1,2,2,1,1,1,1,1,1,1,1,1,1,1,1,1,1,1,1,1,1,1,1,1,1,0,0,0,0,0,0,0,0,,,,,,,,,,,,,,,,,,,,,,,,,,,,,,,,,,,,,,,,,,,,,,,,
12941,4000,12943,12936,,0,42,42,39,39,28,28,29,29,34,34,39,39,112,112,1343,1343,1424,1424,1347,1347,1375,1375,1229,1229,1247,1247,1096,1096,1282,1282,1299,1299,1257,1257,1375,1375,1394,1394,536,536,316,316,190,190,140,140,87,87,,,,,,,,,,,,,,,,,,,,,,,,,,,,,,,,,,,,,,,,,,,,,,,,
12942,1600,12940,12950,12937;12954,2,0,0,0,0,0,0,0,0,0,0,0,0,0,0,1,1,1,1,1,1,1,1,1,1,1,1,1,1,1,1,1,1,1,1,1,1,1,1,0,0,0,0,0,0,0,0,0,0,,,,,,,,,,,,,,,,,,,,,,,,,,,,,,,,,,,,,,,,,,,,,,,,
12943,2500,12967,12931,12941;12946,2,42,42,39,39,28,28,29,29,34,34,39,39,112,112,1343,1343,1424,1424,1347,1347,1375,1375,1229,1229,1247,1247,1096,1096,1282,1282,1299,1299,1257,1257,1375,1375,1394,1394,536,536,316,316,190,190,140,140,87,87,,,,,,,,,,,,,,,,,,,,,,,,,,,,,,,,,,,,,,,,,,,,,,,,
12944,2500,13480,12927,,0,42,42,39,39,28,28,29,29,34,34,39,39,112,112,1343,1343,1424,1424,1347,1347,1375,1375,1229,1229,1247,1247,1096,1096,1282,1282,1299,1299,1257,1257,1375,1375,1394,1394,536,536,316,316,190,190,140,140,87,87,,,,,,,,,,,,,,,,,,,,,,,,,,,,,,,,,,,,,,,,,,,,,,,,
12945,2000,,12953,,0,50,50,52,52,37,37,40,40,46,46,50,50,140,140,967,967,1151,1151,1088,1088,1047,1047,967,967,880,880,932,932,911,911,933,933,958,958,1007,1007,913,913,393,393,252,252,170,170,124,124,63,63,,,,,,,,,,,,,,,,,,,,,,,,,,,,,,,,,,,,,,,,,,,,,,,,
12946,3500,12943,12948,,0,42,42,39,39,28,28,29,29,34,34,39,39,112,112,1343,1343,1424,1424,1347,1347,1375,1375,1229,1229,1247,1247,1096,1096,1282,1282,1299,1299,1257,1257,1375,1375,1394,1394,536,536,316,316,190,190,140,140,87,87,,,,,,,,,,,,,,,,,,,,,,,,,,,,,,,,,,,,,,,,,,,,,,,,
12947,1600,13492,11327,,0,0,0,0,0,0,0,0,0,0,0,0,0,0,0,2,2,2,2,2,2,2,2,2,2,2,2,2,2,2,2,2,2,2,2,2,2,2,2,1,1,0,0,0,0,0,0,0,0,,,,,,,,,,,,,,,,,,,,,,,,,,,,,,,,,,,,,,,,,,,,,,,,
12948,1200,12939,12978,12946;12952,2,0,0,0,0,0,0,0,0,0,0,0,0,0,0,3,3,3,3,3,3,3,3,2,2,2,2,2,2,2,2,2,2,2,2,3,3,3,3,1,1,1,1,0,0,0,0,0,0,,,,,,,,,,,,,,,,,,,,,,,,,,,,,,,,,,,,,,,,,,,,,,,,
12949,3000,12958,13491,13479;12970,2,42,42,39,39,28,28,29,29,34,34,39,39,112,112,1343,1343,1424,1424,1347,1347,1375,1375,1229,1229,1247,1247,1096,1096,1282,1282,1299,1299,1257,1257,1375,1375,1394,1394,536,536,316,316,190,190,140,140,87,87,,,,,,,,,,,,,,,,,,,,,,,,,,,,,,,,,,,,,,,,,,,,,,,,
12950,1600,13472,12942,,0,0,0,0,0,0,0,0,0,0,0,0,0,0,0,2,2,2,2,2,2,2,2,2,2,2,2,2,2,2,2,2,2,2,2,2,2,2,2,1,1,1,1,0,0,0,0,0,0,,,,,,,,,,,,,,,,,,,,,,,,,,,,,,,,,,,,,,,,,,,,,,,,
12951,1600,10338,13438,12917,1,0,0,0,0,0,0,0,0,0,0,0,0,0,0,1,1,1,1,1,1,1,1,1,1,1,1,1,1,1,1,1,1,1,1,1,1,1,1,0,0,0,0,0,0,0,0,0,0,,,,,,,,,,,,,,,,,,,,,,,,,,,,,,,,,,,,,,,,,,,,,,,,
12952,3000,12953,12948,,0,42,42,39,39,28,28,29,29,34,34,39,39,112,112,1343,1343,1424,1424,1347,1347,1375,1375,1229,1229,1247,1247,1096,1096,1282,1282,1299,1299,1257,1257,1375,1375,1394,1394,536,536,316,316,190,190,140,140,87,87,,,,,,,,,,,,,,,,,,,,,,,,,,,,,,,,,,,,,,,,,,,,,,,,
12953,2000,12945,12987,12952;12969,2,54,54,54,54,38,38,41,41,48,48,53,53,149,149,1126,1126,1279,1279,1185,1185,1176,1176,1064,1064,1030,1030,978,978,1073,1073,1075,1075,1072,1072,1157,1157,1124,1124,530,530,326,326,208,208,152,152,86,86,,,,,,,,,,,,,,,,,,,,,,,,,,,,,,,,,,,,,,,,,,,,,,,,
12954,1200,12942,12960,,0,0,0,0,0,0,0,0,0,0,0,0,0,0,0,1,1,1,1,1,1,1,1,1,1,1,1,1,1,1,1,1,1,1,1,1,1,1,1,0,0,0,0,0,0,0,0,0,0,,,,,,,,,,,,,,,,,,,,,,,,,,,,,,,,,,,,,,,,,,,,,,,,
12955,800,13488,11340,,0,0,0,0,0,0,0,0,0,0,0,0,0,0,0,4,4,4,4,4,4,4,4,4,4,4,4,3,3,4,4,4,4,4,4,4,4,4,4,2,2,1,1,1,1,0,0,0,0,,,,,,,,,,,,,,,,,,,,,,,,,,,,,,,,,,,,,,,,,,,,,,,,
12956,2500,13408,13406,12964,1,54,54,54,54,38,38,41,41,48,48,53,53,149,149,1126,1126,1279,1279,1185,1185,1176,1176,1064,1064,1030,1030,978,978,1073,1073,1075,1075,1072,1072,1157,1157,1124,1124,530,530,326,326,208,208,152,152,86,86,,,,,,,,,,,,,,,,,,,,,,,,,,,,,,,,,,,,,,,,,,,,,,,,
12957,300,13396,13398,,0,0,0,0,0,0,0,0,0,0,0,0,0,0,0,1,1,2,2,2,2,1,1,1,1,1,1,1,1,1,1,1,1,1,1,1,1,1,1,1,1,0,0,0,0,0,0,0,0,,,,,,,,,,,,,,,,,,,,,,,,,,,,,,,,,,,,,,,,,,,,,,,,
12958,2500,12949,12960,,0,42,42,39,39,28,28,29,29,34,34,39,39,112,112,1343,1343,1424,1424,1347,1347,1375,1375,1229,1229,1247,1247,1096,1096,1282,1282,1299,1299,1257,1257,1375,1375,1394,1394,536,536,316,316,190,190,140,140,87,87,,,,,,,,,,,,,,,,,,,,,,,,,,,,,,,,,,,,,,,,,,,,,,,,
12959,1200,12962,12936,,0,0,0,0,0,0,0,0,0,0,0,0,0,0,0,1,1,1,1,1,1,1,1,1,1,1,1,1,1,1,1,1,1,1,1,1,1,1,1,0,0,0,0,0,0,0,0,0,0,,,,,,,,,,,,,,,,,,,,,,,,,,,,,,,,,,,,,,,,,,,,,,,,
12960,1600,12954,12986,12958;12972,2,0,0,0,0,0,0,0,0,0,0,0,0,0,0,1,1,1,1,1,1,1,1,1,1,1,1,1,1,1,1,1,1,1,1,1,1,1,1,0,0,0,0,0,0,0,0,0,0,,,,,,,,,,,,,,,,,,,,,,,,,,,,,,,,,,,,,,,,,,,,,,,,
12961,1200,13460,12962,,0,0,0,0,0,0,0,0,0,0,0,0,0,0,0,2,2,2,2,2,2,2,2,2,2,2,2,2,2,2,2,2,2,2,2,2,2,2,2,1,1,0,0,0,0,0,0,0,0,,,,,,,,,,,,,,,,,,,,,,,,,,,,,,,,,,,,,,,,,,,,,,,,
12962,1200,12961,12968,12959;12999,2,0,0,0,0,0,0,0,0,0,0,0,0,0,0,1,1,1,1,1,1,1,1,1,1,1,1,1,1,1,1,1,1,1,1,1,1,1,1,0,0,0,0,0,0,0,0,0,0,,,,,,,,,,,,,,,,,,,,,,,,,,,,,,,,,,,,,,,,,,,,,,,,
12963,1200,13450,13452,,0,0,0,0,0,0,0,0,0,0,0,0,0,0,0,2,2,2,2,2,2,2,2,2,2,2,2,2,2,2,2,2,2,2,2,2,2,2,2,1,1,1,1,0,0,0,0,0,0,,,,,,,,,,,,,,,,,,,,,,,,,,,,,,,,,,,,,,,,,,,,,,,,
12964,300,13403,12956,,0,0,0,0,0,0,0,0,0,0,0,0,0,0,0,3,3,3,3,3,3,3,3,3,3,2,2,2,2,3,3,3,3,3,3,3,3,3,3,1,1,1,1,1,1,0,0,0,0,,,,,,,,,,,,,,,,,,,,,,,,,,,,,,,,,,,,,,,,,,,,,,,,
12965,1200,12976,13472,,0,0,0,0,0,0,0,0,0,0,0,0,0,0,0,3,3,3,3,3,3,3,3,3,3,3,3,3,3,3,3,3,3,3,3,3,3,3,3,1,1,1,1,0,0,0,0,0,0,,,,,,,,,,,,,,,,,,,,,,,,,,,,,,,,,,,,,,,,,,,,,,,,
12966,1200,13492,13490,,0,0,0,0,0,0,0,0,0,0,0,0,0,0,0,3,3,3,3,3,3,3,3,3,3,3,3,3,3,3,3,3,3,3,3,3,3,3,3,1,1,1,1,0,0,0,0,0,0,,,,,,,,,,,,,,,,,,,,,,,,,,,,,,,,,,,,,,,,,,,,,,,,
12967,1500,12943,13452,,0,42,42,39,39,28,28,29,29,34,34,39,39,112,112,1343,1343,1424,1424,1347,1347,1375,1375,1229,1229,1247,1247,1096,1096,1282,1282,1299,1299,1257,1257,1375,1375,1394,1394,536,536,316,316,190,190,140,140,87,87,,,,,,,,,,,,,,,,,,,,,,,,,,,,,,,,,,,,,,,,,,,,,,,,
12968,800,12973,12962,,0,0,0,0,0,0,0,0,0,0,0,0,0,0,0,1,1,1,1,1,1,1,1,1,1,1,1,1,1,1,1,1,1,1,1,1,1,1,1,0,0,0,0,0,0,0,0,0,0,,,,,,,,,,,,,,,,,,,,,,,,,,,,,,,,,,,,,,,,,,,,,,,,
12969,4400,13438,12953,,0,54,54,54,54,38,38,41,41,48,48,53,53,149,149,1126,1126,1279,1279,1185,1185,1176,1176,1064,1064,1030,1030,978,978,1073,1073,1075,1075,1072,1072,1157,1157,1124,1124,530,530,326,326,208,208,152,152,86,86,,,,,,,,,,,,,,,,,,,,,,,,,,,,,,,,,,,,,,,,,,,,,,,,
12970,2500,12949,12979,,0,42,42,39,39,28,28,29,29,34,34,39,39,112,112,1343,1343,1424,1424,1347,1347,1375,1375,1229,1229,1247,1247,1096,1096,1282,1282,1299,1299,1257,1257,1375,1375,1394,1394,536,536,316,316,190,190,140,140,87,87,,,,,,,,,,,,,,,,,,,,,,,,,,,,,,,,,,,,,,,,,,,,,,,,
12971,300,13398,13400,,0,0,0,0,0,0,0,0,0,0,0,0,0,0,0,2,2,3,3,2,2,2,2,2,2,2,2,2,2,2,2,2,2,2,2,2,2,2,2,1,1,1,1,0,0,0,0,0,0,,,,,,,,,,,,,,,,,,,,,,,,,,,,,,,,,,,,,,,,,,,,,,,,
12972,1600,12960,12976,,0,0,0,0,0,0,0,0,0,0,0,0,0,0,0,1,1,2,2,2,2,2,2,1,1,1,1,1,1,1,1,1,1,1,1,2,2,2,2,1,1,0,0,0,0,0,0,0,0,,,,,,,,,,,,,,,,,,,,,,,,,,,,,,,,,,,,,,,,,,,,,,,,
12973,1200,12968,12982,13451;13005,2,0,0,0,0,0,0,0,0,0,0,0,0,0,0,1,1,2,2,2,2,2,2,1,1,1,1,1,1,1,1,1,1,1,1,2,2,2,2,1,1,0,0,0,0,0,0,0,0,,,,,,,,,,,,,,,,,,,,,,,,,,,,,,,,,,,,,,,,,,,,,,,,
12974,1200,13486,13484,,0,0,0,0,0,0,0,0,0,0,0,0,0,0,0,3,3,3,3,3,3,3,3,3,3,3,3,3,3,3,3,3,3,3,3,3,3,3,3,1,1,1,1,0,0,0,0,0,0,,,,,,,,,,,,,,,,,,,,,,,,,,,,,,,,,,,,,,,,,,,,,,,,
12975,800,13410,592,13280;586;12998,3,0,0,0,0,0,0,0,0,0,0,0,0,0,0,2,2,3,3,2,2,2,2,2,2,2,2,2,2,2,2,2,2,2,2,2,2,2,2,1,1,1,1,0,0,0,0,0,0,,,,,,,,,,,,,,,,,,,,,,,,,,,,,,,,,,,,,,,,,,,,,,,,
12976,3000,12972,12992,12965;13473,2,42,42,39,39,28,28,29,29,34,34,39,39,112,112,1343,1343,1424,1424,1347,1347,1375,1375,1229,1229,1247,1247,1096,1096,1282,1282,1299,1299,1257,1257,1375,1375,1394,1394,536,536,316,316,190,190,140,140,87,87,,,,,,,,,,,,,,,,,,,,,,,,,,,,,,,,,,,,,,,,,,,,,,,,
12977,1200,13488,13486,,0,0,0,0,0,0,0,0,0,0,0,0,0,0,0,3,3,3,3,3,3,3,3,3,3,3,3,3,3,3,3,3,3,3,3,3,3,3,3,1,1,1,1,0,0,0,0,0,0,,,,,,,,,,,,,,,,,,,,,,,,,,,,,,,,,,,,,,,,,,,,,,,,
12978,800,13450,12948,,0,0,0,0,0,0,0,0,0,0,0,0,0,0,0,2,2,2,2,2,2,2,2,2,2,2,2,1,1,2,2,2,2,2,2,2,2,2,2,1,1,0,0,0,0,0,0,0,0,,,,,,,,,,,,,,,,,,,,,,,,,,,,,,,,,,,,,,,,,,,,,,,,
12979,1600,12990,13483,12970;13001,2,0,0,0,0,0,0,0,0,0,0,0,0,0,0,3,3,4,4,3,3,3,3,3,3,3,3,3,3,3,3,3,3,3,3,3,3,3,3,1,1,1,1,0,0,0,0,0,0,,,,,,,,,,,,,,,,,,,,,,,,,,,,,,,,,,,,,,,,,,,,,,,,
12980,3000,13468,13466,,0,42,42,39,39,28,28,29,29,34,34,39,39,112,112,1343,1343,1424,1424,1347,1347,1375,1375,1229,1229,1247,1247,1096,1096,1282,1282,1299,1299,1257,1257,1375,1375,1394,1394,536,536,316,316,190,190,140,140,87,87,,,,,,,,,,,,,,,,,,,,,,,,,,,,,,,,,,,,,,,,,,,,,,,,
12981,1200,13402,,,0,0,0,0,0,0,0,0,0,0,0,0,0,0,0,3,3,3,3,3,3,3,3,3,3,3,3,3,3,3,3,3,3,3,3,3,3,3,3,2,2,1,1,1,1,0,0,0,0,,,,,,,,,,,,,,,,,,,,,,,,,,,,,,,,,,,,,,,,,,,,,,,,
12982,800,12973,12983,,0,0,0,0,0,0,0,0,0,0,0,0,0,0,0,1,1,1,1,1,1,1,1,1,1,1,1,1,1,1,1,1,1,1,1,1,1,1,1,1,1,0,0,0,0,0,0,0,0,,,,,,,,,,,,,,,,,,,,,,,,,,,,,,,,,,,,,,,,,,,,,,,,
12983,1200,12989,12982,13449;13015,2,0,0,0,0,0,0,0,0,0,0,0,0,0,0,1,1,1,1,1,1,1,1,1,1,1,1,1,1,1,1,1,1,1,1,1,1,1,1,0,0,0,0,0,0,0,0,0,0,,,,,,,,,,,,,,,,,,,,,,,,,,,,,,,,,,,,,,,,,,,,,,,,
12984,2500,13412,13410,,0,54,54,54,54,38,38,41,41,48,48,53,53,149,149,1126,1126,1279,1279,1185,1185,1176,1176,1064,1064,1030,1030,978,978,1073,1073,1075,1075,1072,1072,1157,1157,1124,1124,530,530,326,326,208,208,152,152,86,86,,,,,,,,,,,,,,,,,,,,,,,,,,,,,,,,,,,,,,,,,,,,,,,,
12985,1200,,592,13280;587;13707,3,0,0,0,0,0,0,0,0,0,0,0,0,0,0,2,2,3,3,3,3,3,3,2,2,2,2,2,2,2,2,2,2,2,2,3,3,2,2,1,1,1,1,1,1,0,0,0,0,,,,,,,,,,,,,,,,,,,,,,,,,,,,,,,,,,,,,,,,,,,,,,,,
12986,1200,12994,12960,,0,0,0,0,0,0,0,0,0,0,0,0,0,0,0,1,1,1,1,1,1,1,1,1,1,1,1,1,1,1,1,1,1,1,1,1,1,1,1,0,0,0,0,0,0,0,0,0,0,,,,,,,,,,,,,,,,,,,,,,,,,,,,,,,,,,,,,,,,,,,,,,,,
12987,1200,12995,12953,,0,33,33,31,31,22,22,23,23,26,26,31,31,88,88,1055,1055,1119,1119,1058,1058,1080,1080,966,966,980,980,861,861,1008,1008,1021,1021,988,988,1080,1080,1096,1096,421,421,249,249,150,150,110,110,68,68,,,,,,,,,,,,,,,,,,,,,,,,,,,,,,,,,,,,,,,,,,,,,,,,
12988,4000,12997,13460,,0,42,42,39,39,28,28,29,29,34,34,39,39,112,112,1343,1343,1424,1424,1347,1347,1375,1375,1229,1229,1247,1247,1096,1096,1282,1282,1299,1299,1257,1257,1375,1375,1394,1394,536,536,316,316,190,190,140,140,87,87,,,,,,,,,,,,,,,,,,,,,,,,,,,,,,,,,,,,,,,,,,,,,,,,
12989,800,12995,12983,,0,0,0,0,0,0,0,0,0,0,0,0,0,0,0,1,1,1,1,1,1,1,1,1,1,1,1,1,1,1,1,1,1,1,1,1,1,1,1,0,0,0,0,0,0,0,0,0,0,,,,,,,,,,,,,,,,,,,,,,,,,,,,,,,,,,,,,,,,,,,,,,,,
12990,1200,12979,12994,,0,0,0,0,0,0,0,0,0,0,0,0,0,0,0,1,1,2,2,1,1,1,1,1,1,1,1,1,1,1,1,1,1,1,1,1,1,1,1,1,1,0,0,0,0,0,0,0,0,,,,,,,,,,,,,,,,,,,,,,,,,,,,,,,,,,,,,,,,,,,,,,,,
12991,1600,,13716,,0,0,0,0,0,0,0,0,0,0,0,0,0,0,0,3,3,3,3,3,3,3,3,2,2,2,2,2,2,2,2,2,2,2,2,3,3,2,2,1,1,1,1,1,1,0,0,0,0,,,,,,,,,,,,,,,,,,,,,,,,,,,,,,,,,,,,,,,,,,,,,,,,
12992,2000,13466,12976,,0,42,42,39,39,28,28,29,29,34,34,39,39,112,112,1343,1343,1424,1424,1347,1347,1375,1375,1229,1229,1247,1247,1096,1096,1282,1282,1299,1299,1257,1257,1375,1375,1394,1394,536,536,316,316,190,190,140,140,87,87,,,,,,,,,,,,,,,,,,,,,,,,,,,,,,,,,,,,,,,,,,,,,,,,
12993,1200,11373,13478,,0,0,0,0,0,0,0,0,0,0,0,0,0,0,0,3,3,3,3,3,3,3,3,3,3,3,3,3,3,3,3,3,3,3,3,3,3,3,3,1,1,1,1,0,0,0,0,0,0,,,,,,,,,,,,,,,,,,,,,,,,,,,,,,,,,,,,,,,,,,,,,,,,
12994,1600,13004,12990,12986;13012,2,0,0,0,0,0,0,0,0,0,0,0,0,0,0,1,1,1,1,1,1,1,1,1,1,1,1,1,1,1,1,1,1,1,1,1,1,1,1,0,0,0,0,0,0,0,0,0,0,,,,,,,,,,,,,,,,,,,,,,,,,,,,,,,,,,,,,,,,,,,,,,,,
12995,1200,13000,12989,12987;13022,2,0,0,0,0,0,0,0,0,0,0,0,0,0,0,1,1,2,2,1,1,1,1,1,1,1,1,1,1,1,1,1,1,1,1,1,1,1,1,1,1,0,0,0,0,0,0,0,0,,,,,,,,,,,,,,,,,,,,,,,,,,,,,,,,,,,,,,,,,,,,,,,,
12996,1200,13438,13003,,0,0,0,0,0,0,0,0,0,0,0,0,0,0,0,1,1,2,2,1,1,1,1,1,1,1,1,1,1,1,1,1,1,1,1,1,1,1,1,1,1,0,0,0,0,0,0,0,0,,,,,,,,,,,,,,,,,,,,,,,,,,,,,,,,,,,,,,,,,,,,,,,,
12997,3000,13009,13465,12988;13461,2,42,42,39,39,28,28,29,29,34,34,39,39,112,112,1343,1343,1424,1424,1347,1347,1375,1375,1229,1229,1247,1247,1096,1096,1282,1282,1299,1299,1257,1257,1375,1375,1394,1394,536,536,316,316,190,190,140,140,87,87,,,,,,,,,,,,,,,,,,,,,,,,,,,,,,,,,,,,,,,,,,,,,,,,
12998,2500,13708,13711,12975,1,54,54,54,54,38,38,41,41,48,48,53,53,149,149,1126,1126,1279,1279,1185,1185,1176,1176,1064,1064,1030,1030,978,978,1073,1073,1075,1075,1072,1072,1157,1157,1124,1124,530,530,326,326,208,208,152,152,86,86,,,,,,,,,,,,,,,,,,,,,,,,,,,,,,,,,,,,,,,,,,,,,,,,
12999,1200,12962,13458,,0,0,0,0,0,0,0,0,0,0,0,0,0,0,0,2,2,2,2,2,2,2,2,2,2,2,2,2,2,2,2,2,2,2,2,2,2,2,2,1,1,1,1,0,0,0,0,0,0,,,,,,,,,,,,,,,,,,,,,,,,,,,,,,,,,,,,,,,,,,,,,,,,
13,2000,2356,15,,0,17,17,18,18,12,12,13,13,16,16,17,17,46,46,1086,1086,1203,1203,1194,1194,1138,1138,1089,1089,1003,1003,1052,1052,1018,1018,1107,1107,1120,1120,1167,1167,1066,1066,131,131,84,84,57,57,41,41,21,21,,,,,,,,,,,,,,,,,,,,,,,,,,,,,,,,,,,,,,,,,,,,,,,,
130,3500,125,143,,0,0,0,0,0,0,0,0,0,0,0,0,0,0,0,1138,1138,1201,1201,1284,1284,1257,1257,1168,1168,1084,1084,1145,1145,1051,1051,1179,1179,1173,1173,1211,1211,1091,1091,0,0,0,0,0,0,0,0,0,0,,,,,,,,,,,,,,,,,,,,,,,,,,,,,,,,,,,,,,,,,,,,,,,,
13000,800,12995,13003,,0,0,0,0,0,0,0,0,0,0,0,0,0,1,1,3,3,4,4,3,3,3,3,3,3,3,3,3,3,3,3,3,3,3,3,3,3,3,3,2,2,1,1,1,1,1,1,0,0,,,,,,,,,,,,,,,,,,,,,,,,,,,,,,,,,,,,,,,,,,,,,,,,
13001,2000,13478,12979,,0,42,42,39,39,28,28,29,29,34,34,39,39,112,112,1343,1343,1424,1424,1347,1347,1375,1375,1229,1229,1247,1247,1096,1096,1282,1282,1299,1299,1257,1257,1375,1375,1394,1394,536,536,316,316,190,190,140,140,87,87,,,,,,,,,,,,,,,,,,,,,,,,,,,,,,,,,,,,,,,,,,,,,,,,
13002,1200,13448,13446,,0,0,0,0,0,0,0,0,0,0,0,0,0,0,0,1,1,1,1,1,1,1,1,1,1,1,1,1,1,1,1,1,1,1,1,1,1,1,1,0,0,0,0,0,0,0,0,0,0,,,,,,,,,,,,,,,,,,,,,,,,,,,,,,,,,,,,,,,,,,,,,,,,
13003,1200,13000,13008,12996;13033,2,0,0,0,0,0,0,0,0,0,0,0,0,0,0,2,2,2,2,2,2,2,2,2,2,2,2,2,2,2,2,2,2,2,2,2,2,2,2,1,1,1,1,0,0,0,0,0,0,,,,,,,,,,,,,,,,,,,,,,,,,,,,,,,,,,,,,,,,,,,,,,,,
13004,1600,13474,12994,,0,0,0,0,0,0,0,0,0,0,0,0,0,0,0,2,2,2,2,2,2,2,2,2,2,2,2,2,2,2,2,2,2,2,2,2,2,2,2,1,1,1,1,0,0,0,0,0,0,,,,,,,,,,,,,,,,,,,,,,,,,,,,,,,,,,,,,,,,,,,,,,,,
13005,1600,13448,12973,,0,0,0,0,0,0,0,0,0,0,0,0,0,0,0,1,1,1,1,1,1,1,1,1,1,1,1,1,1,1,1,1,1,1,1,1,1,1,1,0,0,0,0,0,0,0,0,0,0,,,,,,,,,,,,,,,,,,,,,,,,,,,,,,,,,,,,,,,,,,,,,,,,
13006,1600,13016,13481,13477;13025,2,0,0,0,0,0,0,0,0,0,0,0,0,0,0,2,2,3,3,2,2,2,2,2,2,2,2,2,2,2,2,2,2,2,2,2,2,2,2,1,1,1,1,0,0,0,0,0,0,,,,,,,,,,,,,,,,,,,,,,,,,,,,,,,,,,,,,,,,,,,,,,,,
13007,3000,13276,13713,588;13710;13014,3,54,54,54,54,38,38,41,41,48,48,53,53,149,149,1126,1126,1279,1279,1185,1185,1176,1176,1064,1064,1030,1030,978,978,1073,1073,1075,1075,1072,1072,1157,1157,1124,1124,530,530,326,326,208,208,152,152,86,86,,,,,,,,,,,,,,,,,,,,,,,,,,,,,,,,,,,,,,,,,,,,,,,,
13008,800,13346,13003,,0,0,0,0,0,0,0,0,0,0,0,0,0,0,0,2,2,3,3,3,3,3,3,2,2,2,2,2,2,2,2,2,2,2,2,2,2,2,2,1,1,1,1,1,1,0,0,0,0,,,,,,,,,,,,,,,,,,,,,,,,,,,,,,,,,,,,,,,,,,,,,,,,
13009,2000,12997,13458,,0,42,42,39,39,28,28,29,29,34,34,39,39,112,112,1343,1343,1424,1424,1347,1347,1375,1375,1229,1229,1247,1247,1096,1096,1282,1282,1299,1299,1257,1257,1375,1375,1394,1394,536,536,316,316,190,190,140,140,87,87,,,,,,,,,,,,,,,,,,,,,,,,,,,,,,,,,,,,,,,,,,,,,,,,
13010,300,13427,13424,,0,0,0,0,0,0,0,0,0,0,0,0,0,0,0,1,1,1,1,1,1,1,1,1,1,1,1,1,1,1,1,1,1,1,1,1,1,1,1,1,1,0,0,0,0,0,0,0,0,,,,,,,,,,,,,,,,,,,,,,,,,,,,,,,,,,,,,,,,,,,,,,,,
13011,2500,13457,13042,13447;13453,2,42,42,39,39,28,28,29,29,34,34,39,39,112,112,1343,1343,1424,1424,1347,1347,1375,1375,1229,1229,1247,1247,1096,1096,1282,1282,1299,1299,1257,1257,1375,1375,1394,1394,536,536,316,316,190,190,140,140,87,87,,,,,,,,,,,,,,,,,,,,,,,,,,,,,,,,,,,,,,,,,,,,,,,,
13012,1200,13018,12994,,0,0,0,0,0,0,0,0,0,0,0,0,0,0,0,1,1,1,1,1,1,1,1,1,1,1,1,1,1,1,1,1,1,1,1,1,1,1,1,0,0,0,0,0,0,0,0,0,0,,,,,,,,,,,,,,,,,,,,,,,,,,,,,,,,,,,,,,,,,,,,,,,,
13013,2000,13276,,13017,1,67,67,70,70,49,49,53,53,62,62,67,67,186,186,910,910,1134,1134,1023,1023,977,977,900,900,812,812,861,861,864,864,851,851,886,886,939,939,854,854,524,524,336,336,227,227,165,165,84,84,,,,,,,,,,,,,,,,,,,,,,,,,,,,,,,,,,,,,,,,,,,,,,,,
13014,300,13007,13416,,0,0,0,0,0,0,0,0,0,0,0,0,0,0,0,2,2,3,3,3,3,3,3,2,2,2,2,2,2,2,2,2,2,2,2,3,3,2,2,1,1,1,1,1,1,0,0,0,0,,,,,,,,,,,,,,,,,,,,,,,,,,,,,,,,,,,,,,,,,,,,,,,,
13015,800,12983,13446,,0,0,0,0,0,0,0,0,0,0,0,0,0,0,0,1,1,1,1,1,1,1,1,1,1,1,1,1,1,1,1,1,1,1,1,1,1,1,1,0,0,0,0,0,0,0,0,0,0,,,,,,,,,,,,,,,,,,,,,,,,,,,,,,,,,,,,,,,,,,,,,,,,
13016,1200,13006,13018,,0,0,0,0,0,0,0,0,0,0,0,0,0,0,0,1,1,1,1,1,1,1,1,1,1,1,1,1,1,1,1,1,1,1,1,1,1,1,1,1,1,0,0,0,0,0,0,0,0,,,,,,,,,,,,,,,,,,,,,,,,,,,,,,,,,,,,,,,,,,,,,,,,
13017,1500,14559,13066,13013;13415,2,43,43,43,43,30,30,32,32,38,38,42,42,118,118,1168,1168,1302,1302,1212,1212,1190,1190,1101,1101,1066,1066,1011,1011,1113,1113,1136,1136,1132,1132,1218,1218,1186,1186,443,443,270,270,171,171,125,125,72,72,,,,,,,,,,,,,,,,,,,,,,,,,,,,,,,,,,,,,,,,,,,,,,,,
13018,1600,13028,13016,13012;13039,2,0,0,0,0,0,0,0,0,0,0,0,0,0,0,1,1,1,1,1,1,1,1,1,1,1,1,1,1,1,1,1,1,1,1,1,1,1,1,0,0,0,0,0,0,0,0,0,0,,,,,,,,,,,,,,,,,,,,,,,,,,,,,,,,,,,,,,,,,,,,,,,,
13019,800,,13476,,0,0,0,0,0,0,0,0,0,0,0,0,0,0,0,2,2,3,3,2,2,2,2,2,2,2,2,2,2,2,2,2,2,2,2,2,2,2,2,1,1,1,1,0,0,0,0,0,0,,,,,,,,,,,,,,,,,,,,,,,,,,,,,,,,,,,,,,,,,,,,,,,,
13020,300,13420,13712,,0,0,0,0,0,0,0,0,0,0,0,0,0,0,0,2,2,2,2,2,2,2,2,2,2,2,2,2,2,2,2,2,2,2,2,2,2,2,2,1,1,1,1,0,0,0,0,0,0,,,,,,,,,,,,,,,,,,,,,,,,,,,,,,,,,,,,,,,,,,,,,,,,
13021,300,13427,,,0,0,0,0,0,0,0,0,0,0,0,0,0,0,0,1,1,2,2,1,1,1,1,1,1,1,1,1,1,1,1,1,1,1,1,1,1,1,1,1,1,0,0,0,0,0,0,0,0,,,,,,,,,,,,,,,,,,,,,,,,,,,,,,,,,,,,,,,,,,,,,,,,
13022,2000,12995,13442,,0,42,42,39,39,28,28,29,29,34,34,39,39,112,112,1343,1343,1424,1424,1347,1347,1375,1375,1229,1229,1247,1247,1096,1096,1282,1282,1299,1299,1257,1257,1375,1375,1394,1394,536,536,316,316,190,190,140,140,87,87,,,,,,,,,,,,,,,,,,,,,,,,,,,,,,,,,,,,,,,,,,,,,,,,
13023,1200,13482,11562,,0,53,53,55,55,38,38,42,42,48,48,53,53,146,146,715,715,891,891,804,804,768,768,707,707,638,638,676,676,679,679,669,669,696,696,738,738,671,671,411,411,264,264,178,178,130,130,66,66,,,,,,,,,,,,,,,,,,,,,,,,,,,,,,,,,,,,,,,,,,,,,,,,
13024,1200,13030,13476,,0,0,0,0,0,0,0,0,0,0,0,0,0,0,0,3,3,3,3,3,3,3,3,3,3,3,3,3,3,3,3,3,3,3,3,3,3,3,3,1,1,1,1,0,0,0,0,0,0,,,,,,,,,,,,,,,,,,,,,,,,,,,,,,,,,,,,,,,,,,,,,,,,
13025,2500,13006,13036,,0,42,42,39,39,28,28,29,29,34,34,39,39,112,112,1343,1343,1424,1424,1347,1347,1375,1375,1229,1229,1247,1247,1096,1096,1282,1282,1299,1299,1257,1257,1375,1375,1394,1394,536,536,316,316,190,190,140,140,87,87,,,,,,,,,,,,,,,,,,,,,,,,,,,,,,,,,,,,,,,,,,,,,,,,
13026,1200,13416,,,0,0,0,0,0,0,0,0,0,0,0,0,0,0,0,1,1,2,2,1,1,1,1,1,1,1,1,1,1,1,1,1,1,1,1,1,1,1,1,1,1,0,0,0,0,0,0,0,0,,,,,,,,,,,,,,,,,,,,,,,,,,,,,,,,,,,,,,,,,,,,,,,,
13027,1200,13424,13712,,0,0,0,0,0,0,0,0,0,0,0,0,0,0,0,2,2,2,2,2,2,2,2,2,2,2,2,2,2,2,2,2,2,2,2,2,2,2,2,1,1,1,1,0,0,0,0,0,0,,,,,,,,,,,,,,,,,,,,,,,,,,,,,,,,,,,,,,,,,,,,,,,,
13028,1200,13018,13030,,0,0,0,0,0,0,0,0,0,0,0,0,0,0,0,1,1,1,1,1,1,1,1,1,1,1,1,1,1,1,1,1,1,1,1,1,1,1,1,0,0,0,0,0,0,0,0,0,0,,,,,,,,,,,,,,,,,,,,,,,,,,,,,,,,,,,,,,,,,,,,,,,,
13029,1200,13422,13291,13421;13031,2,0,0,0,0,0,0,0,0,0,0,0,0,0,0,1,1,1,1,1,1,1,1,1,1,0,0,0,0,0,0,0,0,1,1,1,1,1,1,0,0,0,0,0,0,0,0,0,0,,,,,,,,,,,,,,,,,,,,,,,,,,,,,,,,,,,,,,,,,,,,,,,,
13030,1200,13028,13041,13024;13044,2,0,0,0,0,0,0,0,0,0,0,0,0,0,0,2,2,2,2,2,2,2,2,2,2,2,2,2,2,2,2,2,2,2,2,2,2,2,2,1,1,1,1,0,0,0,0,0,0,,,,,,,,,,,,,,,,,,,,,,,,,,,,,,,,,,,,,,,,,,,,,,,,
13031,400,13029,,,0,0,0,0,0,0,0,0,0,0,0,0,0,0,0,1,1,1,1,1,1,1,1,0,0,0,0,0,0,0,0,0,0,0,0,1,1,0,0,0,0,0,0,0,0,0,0,0,0,,,,,,,,,,,,,,,,,,,,,,,,,,,,,,,,,,,,,,,,,,,,,,,,
13032,800,13421,13420,,0,53,53,55,55,38,38,42,42,48,48,53,53,146,146,715,715,891,891,804,804,768,768,707,707,638,638,676,676,679,679,669,669,696,696,738,738,671,671,411,411,264,264,178,178,130,130,66,66,,,,,,,,,,,,,,,,,,,,,,,,,,,,,,,,,,,,,,,,,,,,,,,,
13033,1200,13440,13003,,0,0,0,0,0,0,0,0,0,0,0,0,0,0,0,2,2,3,3,2,2,2,2,2,2,2,2,2,2,2,2,2,2,2,2,2,2,2,2,1,1,1,1,0,0,0,0,0,0,,,,,,,,,,,,,,,,,,,,,,,,,,,,,,,,,,,,,,,,,,,,,,,,
13034,1200,13458,13037,,0,0,0,0,0,0,0,0,0,0,0,0,0,0,0,1,1,2,2,1,1,1,1,1,1,1,1,1,1,1,1,1,1,1,1,1,1,1,1,1,1,0,0,0,0,0,0,0,0,,,,,,,,,,,,,,,,,,,,,,,,,,,,,,,,,,,,,,,,,,,,,,,,
13035,1200,13037,13462,,0,0,0,0,0,0,0,0,0,0,0,0,0,0,0,2,2,2,2,2,2,2,2,2,2,2,2,1,1,2,2,2,2,2,2,2,2,2,2,1,1,0,0,0,0,0,0,0,0,,,,,,,,,,,,,,,,,,,,,,,,,,,,,,,,,,,,,,,,,,,,,,,,
13036,3000,13025,13393,13394;13045,2,42,42,39,39,28,28,29,29,34,34,39,39,112,112,1343,1343,1424,1424,1347,1347,1375,1375,1229,1229,1247,1247,1096,1096,1282,1282,1299,1299,1257,1257,1375,1375,1394,1394,536,536,316,316,190,190,140,140,87,87,,,,,,,,,,,,,,,,,,,,,,,,,,,,,,,,,,,,,,,,,,,,,,,,
13037,1200,13040,13035,13034;13050,2,0,0,0,0,0,0,0,0,0,0,0,0,0,0,1,1,1,1,1,1,1,1,1,1,1,1,1,1,1,1,1,1,1,1,1,1,1,1,0,0,0,0,0,0,0,0,0,0,,,,,,,,,,,,,,,,,,,,,,,,,,,,,,,,,,,,,,,,,,,,,,,,
13038,1200,13342,13316,,0,0,0,0,0,0,0,0,0,0,0,0,0,0,0,2,2,3,3,3,3,3,3,2,2,2,2,2,2,2,2,2,2,2,2,3,3,2,2,1,1,1,1,1,1,0,0,0,0,,,,,,,,,,,,,,,,,,,,,,,,,,,,,,,,,,,,,,,,,,,,,,,,
13039,1600,13392,13018,,0,0,0,0,0,0,0,0,0,0,0,0,0,0,0,3,3,3,3,3,3,3,3,3,3,3,3,2,2,3,3,3,3,3,3,3,3,3,3,1,1,1,1,0,0,0,0,0,0,,,,,,,,,,,,,,,,,,,,,,,,,,,,,,,,,,,,,,,,,,,,,,,,
13040,800,13037,13456,,0,0,0,0,0,0,0,0,0,0,0,0,0,0,0,1,1,1,1,1,1,1,1,1,1,1,1,1,1,1,1,1,1,1,1,1,1,1,1,0,0,0,0,0,0,0,0,0,0,,,,,,,,,,,,,,,,,,,,,,,,,,,,,,,,,,,,,,,,,,,,,,,,
13041,1200,13030,13464,,0,0,0,0,0,0,0,0,0,0,0,0,0,0,0,1,1,2,2,2,2,2,2,1,1,1,1,1,1,1,1,1,1,1,1,2,2,2,2,1,1,0,0,0,0,0,0,0,0,,,,,,,,,,,,,,,,,,,,,,,,,,,,,,,,,,,,,,,,,,,,,,,,
13042,1600,13444,13011,,0,0,0,0,0,0,0,0,0,0,0,0,0,0,0,2,2,2,2,2,2,2,2,2,2,2,2,2,2,2,2,2,2,2,2,2,2,2,2,1,1,0,0,0,0,0,0,0,0,,,,,,,,,,,,,,,,,,,,,,,,,,,,,,,,,,,,,,,,,,,,,,,,
13043,1500,13314,13340,,0,54,54,54,54,38,38,41,41,48,48,53,53,149,149,1126,1126,1279,1279,1185,1185,1176,1176,1064,1064,1030,1030,978,978,1073,1073,1075,1075,1072,1072,1157,1157,1124,1124,530,530,326,326,208,208,152,152,86,86,,,,,,,,,,,,,,,,,,,,,,,,,,,,,,,,,,,,,,,,,,,,,,,,
13044,2500,13047,13030,,0,42,42,39,39,28,28,29,29,34,34,39,39,112,112,1343,1343,1424,1424,1347,1347,1375,1375,1229,1229,1247,1247,1096,1096,1282,1282,1299,1299,1257,1257,1375,1375,1394,1394,536,536,316,316,190,190,140,140,87,87,,,,,,,,,,,,,,,,,,,,,,,,,,,,,,,,,,,,,,,,,,,,,,,,
13045,2500,13036,13392,,0,42,42,39,39,28,28,29,29,34,34,39,39,112,112,1343,1343,1424,1424,1347,1347,1375,1375,1229,1229,1247,1247,1096,1096,1282,1282,1299,1299,1257,1257,1375,1375,1394,1394,536,536,316,316,190,190,140,140,87,87,,,,,,,,,,,,,,,,,,,,,,,,,,,,,,,,,,,,,,,,,,,,,,,,
13046,1200,13338,13312,,0,0,0,0,0,0,0,0,0,0,0,0,0,0,0,2,2,3,3,3,3,3,3,2,2,2,2,2,2,2,2,2,2,2,2,3,3,2,2,1,1,1,1,1,1,0,0,0,0,,,,,,,,,,,,,,,,,,,,,,,,,,,,,,,,,,,,,,,,,,,,,,,,
13047,3000,13391,13057,13044;13100,2,42,42,39,39,28,28,29,29,34,34,39,39,112,112,1343,1343,1424,1424,1347,1347,1375,1375,1229,1229,1247,1247,1096,1096,1282,1282,1299,1299,1257,1257,1375,1375,1394,1394,536,536,316,316,190,190,140,140,87,87,,,,,,,,,,,,,,,,,,,,,,,,,,,,,,,,,,,,,,,,,,,,,,,,
13048,4400,13059,13464,,0,42,42,39,39,28,28,29,29,34,34,39,39,112,112,1343,1343,1424,1424,1347,1347,1375,1375,1229,1229,1247,1247,1096,1096,1282,1282,1299,1299,1257,1257,1375,1375,1394,1394,536,536,316,316,190,190,140,140,87,87,,,,,,,,,,,,,,,,,,,,,,,,,,,,,,,,,,,,,,,,,,,,,,,,
13049,800,,13291,,0,0,0,0,0,0,0,0,0,0,0,0,0,0,0,0,0,0,0,0,0,0,0,0,0,0,0,0,0,0,0,0,0,0,0,0,0,0,0,0,0,0,0,0,0,0,0,0,0,,,,,,,,,,,,,,,,,,,,,,,,,,,,,,,,,,,,,,,,,,,,,,,,
13050,1200,13037,13354,,0,0,0,0,0,0,0,0,0,0,0,0,0,0,0,2,2,2,2,2,2,2,2,2,2,2,2,2,2,2,2,2,2,2,2,2,2,2,2,1,1,0,0,0,0,0,0,0,0,,,,,,,,,,,,,,,,,,,,,,,,,,,,,,,,,,,,,,,,,,,,,,,,
13051,2500,13454,13058,,0,54,54,54,54,38,38,41,41,48,48,53,53,149,149,1126,1126,1279,1279,1185,1185,1176,1176,1064,1064,1030,1030,978,978,1073,1073,1075,1075,1072,1072,1157,1157,1124,1124,530,530,326,326,208,208,152,152,86,86,,,,,,,,,,,,,,,,,,,,,,,,,,,,,,,,,,,,,,,,,,,,,,,,
13052,800,13055,13421,,0,0,0,0,0,0,0,0,0,0,0,0,0,0,0,0,0,0,0,0,0,0,0,0,0,0,0,0,0,0,0,0,0,0,0,0,0,0,0,0,0,0,0,0,0,0,0,0,0,,,,,,,,,,,,,,,,,,,,,,,,,,,,,,,,,,,,,,,,,,,,,,,,
13053,1600,13352,13456,,0,0,0,0,0,0,0,0,0,0,0,0,0,0,0,2,2,2,2,2,2,2,2,2,2,2,2,2,2,2,2,2,2,2,2,2,2,2,2,1,1,0,0,0,0,0,0,0,0,,,,,,,,,,,,,,,,,,,,,,,,,,,,,,,,,,,,,,,,,,,,,,,,
13054,300,13292,13055,,0,0,0,0,0,0,0,0,0,0,0,0,0,0,0,0,0,0,0,0,0,0,0,0,0,0,0,0,0,0,0,0,0,0,0,0,0,0,0,0,0,0,0,0,0,0,0,0,0,,,,,,,,,,,,,,,,,,,,,,,,,,,,,,,,,,,,,,,,,,,,,,,,
13055,300,13061,13084,13052;13054,2,0,0,0,0,0,0,0,0,0,0,0,0,0,0,0,0,0,0,0,0,0,0,0,0,0,0,0,0,0,0,0,0,0,0,0,0,0,0,0,0,0,0,0,0,0,0,0,0,,,,,,,,,,,,,,,,,,,,,,,,,,,,,,,,,,,,,,,,,,,,,,,,
13056,1500,13336,13310,,0,54,54,54,54,38,38,41,41,48,48,53,53,149,149,1126,1126,1279,1279,1185,1185,1176,1176,1064,1064,1030,1030,978,978,1073,1073,1075,1075,1072,1072,1157,1157,1124,1124,530,530,326,326,208,208,152,152,86,86,,,,,,,,,,,,,,,,,,,,,,,,,,,,,,,,,,,,,,,,,,,,,,,,
13057,3000,13059,13047,,0,42,42,39,39,28,28,29,29,34,34,39,39,112,112,1343,1343,1424,1424,1347,1347,1375,1375,1229,1229,1247,1247,1096,1096,1282,1282,1299,1299,1257,1257,1375,1375,1394,1394,536,536,316,316,190,190,140,140,87,87,,,,,,,,,,,,,,,,,,,,,,,,,,,,,,,,,,,,,,,,,,,,,,,,
13058,1500,13051,13319,13335;13064,2,54,54,54,54,38,38,41,41,48,48,53,53,149,149,1126,1126,1279,1279,1185,1185,1176,1176,1064,1064,1030,1030,978,978,1073,1073,1075,1075,1072,1072,1157,1157,1124,1124,530,530,326,326,208,208,152,152,86,86,,,,,,,,,,,,,,,,,,,,,,,,,,,,,,,,,,,,,,,,,,,,,,,,
13059,3000,13057,13351,13048;13359,2,42,42,39,39,28,28,29,29,34,34,39,39,112,112,1343,1343,1424,1424,1347,1347,1375,1375,1229,1229,1247,1247,1096,1096,1282,1282,1299,1299,1257,1257,1375,1375,1394,1394,536,536,316,316,190,190,140,140,87,87,,,,,,,,,,,,,,,,,,,,,,,,,,,,,,,,,,,,,,,,,,,,,,,,
13060,1200,13063,13418,,0,53,53,55,55,38,38,42,42,48,48,53,53,146,146,715,715,891,891,804,804,768,768,707,707,638,638,676,676,679,679,669,669,696,696,738,738,671,671,411,411,264,264,178,178,130,130,66,66,,,,,,,,,,,,,,,,,,,,,,,,,,,,,,,,,,,,,,,,,,,,,,,,
13061,600,13063,13055,,0,0,0,0,0,0,0,0,0,0,0,0,0,0,0,0,0,0,0,0,0,0,0,0,0,0,0,0,0,0,0,0,0,0,0,0,0,0,0,0,0,0,0,0,0,0,0,0,0,,,,,,,,,,,,,,,,,,,,,,,,,,,,,,,,,,,,,,,,,,,,,,,,
13062,800,13320,13308,,0,0,0,0,0,0,0,0,0,0,0,0,0,0,0,2,2,3,3,3,3,3,3,2,2,2,2,2,2,2,2,2,2,2,2,2,2,2,2,1,1,1,1,1,1,0,0,0,0,,,,,,,,,,,,,,,,,,,,,,,,,,,,,,,,,,,,,,,,,,,,,,,,
13063,300,13060,13085,13061;13069,2,0,0,0,0,0,0,0,0,0,0,0,0,0,0,0,0,1,1,1,1,1,1,0,0,0,0,0,0,0,0,0,0,0,0,0,0,0,0,0,0,0,0,0,0,0,0,0,0,,,,,,,,,,,,,,,,,,,,,,,,,,,,,,,,,,,,,,,,,,,,,,,,
13064,3500,13071,13058,,0,54,54,54,54,38,38,41,41,48,48,53,53,149,149,1126,1126,1279,1279,1185,1185,1176,1176,1064,1064,1030,1030,978,978,1073,1073,1075,1075,1072,1072,1157,1157,1124,1124,530,530,326,326,208,208,152,152,86,86,,,,,,,,,,,,,,,,,,,,,,,,,,,,,,,,,,,,,,,,,,,,,,,,
13065,800,13320,13318,,0,0,0,0,0,0,0,0,0,0,0,0,0,0,0,3,3,3,3,3,3,3,3,3,3,2,2,2,2,2,2,2,2,3,3,3,3,3,3,1,1,1,1,1,1,0,0,0,0,,,,,,,,,,,,,,,,,,,,,,,,,,,,,,,,,,,,,,,,,,,,,,,,
13066,1600,13017,13070,,0,53,53,55,55,38,38,42,42,48,48,53,53,146,146,715,715,891,891,804,804,768,768,707,707,638,638,676,676,679,679,669,669,696,696,738,738,671,671,411,411,264,264,178,178,130,130,66,66,,,,,,,,,,,,,,,,,,,,,,,,,,,,,,,,,,,,,,,,,,,,,,,,
13067,2500,,13368,,0,42,42,39,39,28,28,29,29,34,34,39,39,112,112,1343,1343,1424,1424,1347,1347,1375,1375,1229,1229,1247,1247,1096,1096,1282,1282,1299,1299,1257,1257,1375,1375,1394,1394,536,536,316,316,190,190,140,140,87,87,,,,,,,,,,,,,,,,,,,,,,,,,,,,,,,,,,,,,,,,,,,,,,,,
13068,2500,13071,13352,,0,67,67,70,70,49,49,53,53,62,62,67,67,186,186,910,910,1134,1134,1023,1023,977,977,900,900,812,812,861,861,864,864,851,851,886,886,939,939,854,854,524,524,336,336,227,227,165,165,84,84,,,,,,,,,,,,,,,,,,,,,,,,,,,,,,,,,,,,,,,,,,,,,,,,
13069,800,13070,13063,,0,0,0,0,0,0,0,0,0,0,0,0,0,0,0,0,0,1,1,1,1,1,1,0,0,0,0,0,0,0,0,0,0,0,0,1,1,0,0,0,0,0,0,0,0,0,0,0,0,,,,,,,,,,,,,,,,,,,,,,,,,,,,,,,,,,,,,,,,,,,,,,,,
13070,600,13095,13066,13069;13074,2,0,0,0,0,0,0,0,0,0,0,0,0,0,0,0,0,1,1,1,1,1,1,0,0,0,0,0,0,0,0,0,0,0,0,1,1,0,0,0,0,0,0,0,0,0,0,0,0,,,,,,,,,,,,,,,,,,,,,,,,,,,,,,,,,,,,,,,,,,,,,,,,
13071,3000,13068,13317,13064;13333,2,54,54,54,54,38,38,41,41,48,48,53,53,149,149,1126,1126,1279,1279,1185,1185,1176,1176,1064,1064,1030,1030,978,978,1073,1073,1075,1075,1072,1072,1157,1157,1124,1124,530,530,326,326,208,208,152,152,86,86,,,,,,,,,,,,,,,,,,,,,,,,,,,,,,,,,,,,,,,,,,,,,,,,
13072,2500,13370,13360,,0,42,42,39,39,28,28,29,29,34,34,39,39,112,112,1343,1343,1424,1424,1347,1347,1375,1375,1229,1229,1247,1247,1096,1096,1282,1282,1299,1299,1257,1257,1375,1375,1394,1394,536,536,316,316,190,190,140,140,87,87,,,,,,,,,,,,,,,,,,,,,,,,,,,,,,,,,,,,,,,,,,,,,,,,
13073,2000,13318,13306,,0,54,54,54,54,38,38,41,41,48,48,53,53,149,149,1126,1126,1279,1279,1185,1185,1176,1176,1064,1064,1030,1030,978,978,1073,1073,1075,1075,1072,1072,1157,1157,1124,1124,530,530,326,326,208,208,152,152,86,86,,,,,,,,,,,,,,,,,,,,,,,,,,,,,,,,,,,,,,,,,,,,,,,,
13074,300,13070,13075,,0,0,0,0,0,0,0,0,0,0,0,0,0,0,0,1,1,1,1,1,1,1,1,1,1,1,1,1,1,1,1,1,1,1,1,1,1,1,1,0,0,0,0,0,0,0,0,0,0,,,,,,,,,,,,,,,,,,,,,,,,,,,,,,,,,,,,,,,,,,,,,,,,
13075,300,13074,14601,14596;13104,2,0,0,0,0,0,0,0,0,0,0,0,0,0,0,1,1,1,1,1,1,1,1,1,1,1,1,1,1,1,1,1,1,1,1,1,1,1,1,0,0,0,0,0,0,0,0,0,0,,,,,,,,,,,,,,,,,,,,,,,,,,,,,,,,,,,,,,,,,,,,,,,,
13076,800,13380,13384,,0,0,0,0,0,0,0,0,0,0,0,0,0,0,0,1,1,1,1,1,1,1,1,1,1,1,1,1,1,1,1,1,1,1,1,1,1,1,1,0,0,0,0,0,0,0,0,0,0,,,,,,,,,,,,,,,,,,,,,,,,,,,,,,,,,,,,,,,,,,,,,,,,
13077,800,13334,13348,,0,53,53,55,55,38,38,42,42,48,48,53,53,146,146,715,715,891,891,804,804,768,768,707,707,638,638,676,676,679,679,669,669,696,696,738,738,671,671,411,411,264,264,178,178,130,130,66,66,,,,,,,,,,,,,,,,,,,,,,,,,,,,,,,,,,,,,,,,,,,,,,,,
13078,800,,13366,,0,0,0,0,0,0,0,0,0,0,0,0,0,0,0,2,2,2,2,2,2,2,2,2,2,2,2,2,2,2,2,2,2,2,2,2,2,2,2,1,1,0,0,0,0,0,0,0,0,,,,,,,,,,,,,,,,,,,,,,,,,,,,,,,,,,,,,,,,,,,,,,,,
13079,800,13382,13378,,0,0,0,0,0,0,0,0,0,0,0,0,0,0,0,1,1,1,1,1,1,1,1,1,1,1,1,1,1,1,1,1,1,1,1,1,1,1,1,0,0,0,0,0,0,0,0,0,0,,,,,,,,,,,,,,,,,,,,,,,,,,,,,,,,,,,,,,,,,,,,,,,,
13080,1200,11518,13386,13083,1,0,0,0,0,0,0,0,0,0,0,0,0,0,0,4,4,4,4,4,4,4,4,4,4,4,4,3,3,4,4,4,4,4,4,4,4,4,4,2,2,1,1,1,1,0,0,0,0,,,,,,,,,,,,,,,,,,,,,,,,,,,,,,,,,,,,,,,,,,,,,,,,
13081,800,13380,13388,,0,0,0,0,0,0,0,0,0,0,0,0,0,0,0,1,1,1,1,1,1,1,1,1,1,1,1,1,1,1,1,1,1,1,1,1,1,1,1,0,0,0,0,0,0,0,0,0,0,,,,,,,,,,,,,,,,,,,,,,,,,,,,,,,,,,,,,,,,,,,,,,,,
13082,800,13390,,,0,0,0,0,0,0,0,0,0,0,0,0,0,0,0,3,3,3,3,3,3,3,3,2,2,2,2,2,2,3,3,3,3,3,3,3,3,3,3,1,1,1,1,0,0,0,0,0,0,,,,,,,,,,,,,,,,,,,,,,,,,,,,,,,,,,,,,,,,,,,,,,,,
13083,800,11518,13390,13080,1,0,0,0,0,0,0,0,0,0,0,0,0,0,0,4,4,4,4,4,4,4,4,4,4,4,4,3,3,4,4,4,4,4,4,4,4,4,4,2,2,1,1,1,1,0,0,0,0,,,,,,,,,,,,,,,,,,,,,,,,,,,,,,,,,,,,,,,,,,,,,,,,
13084,800,13288,13055,,0,0,0,0,0,0,0,0,0,0,0,0,0,0,0,0,0,0,0,0,0,0,0,0,0,0,0,0,0,0,0,0,0,0,0,0,0,0,0,0,0,0,0,0,0,0,0,0,0,,,,,,,,,,,,,,,,,,,,,,,,,,,,,,,,,,,,,,,,,,,,,,,,
13085,1200,13063,13089,,0,0,0,0,0,0,0,0,0,0,0,0,0,0,0,1,1,1,1,1,1,1,1,1,1,1,1,1,1,1,1,1,1,1,1,1,1,1,1,1,1,0,0,0,0,0,0,0,0,,,,,,,,,,,,,,,,,,,,,,,,,,,,,,,,,,,,,,,,,,,,,,,,
13086,300,13286,13288,,0,0,0,0,0,0,0,0,0,0,0,0,0,0,0,1,1,1,1,1,1,1,1,1,1,1,1,1,1,1,1,1,1,1,1,1,1,1,1,0,0,0,0,0,0,0,0,0,0,,,,,,,,,,,,,,,,,,,,,,,,,,,,,,,,,,,,,,,,,,,,,,,,
13087,600,13388,13092,,0,0,0,0,0,0,0,0,0,0,0,0,0,0,0,1,1,1,1,1,1,1,1,1,1,1,1,1,1,1,1,1,1,1,1,1,1,1,1,0,0,0,0,0,0,0,0,0,0,,,,,,,,,,,,,,,,,,,,,,,,,,,,,,,,,,,,,,,,,,,,,,,,
13088,1200,13282,,,0,0,0,0,0,0,0,0,0,0,0,0,0,0,0,3,3,3,3,3,3,3,3,3,3,2,2,2,2,3,3,3,3,3,3,3,3,3,3,1,1,1,1,1,1,0,0,0,0,,,,,,,,,,,,,,,,,,,,,,,,,,,,,,,,,,,,,,,,,,,,,,,,
13089,300,13085,13121,13285;13097,2,0,0,0,0,0,0,0,0,0,0,0,0,0,0,2,2,3,3,2,2,2,2,2,2,2,2,2,2,2,2,2,2,2,2,2,2,2,2,1,1,1,1,0,0,0,0,0,0,,,,,,,,,,,,,,,,,,,,,,,,,,,,,,,,,,,,,,,,,,,,,,,,
13090,300,13350,13348,,0,0,0,0,0,0,0,0,0,0,0,0,0,0,0,1,1,1,1,1,1,1,1,1,1,1,1,1,1,1,1,1,1,1,1,1,1,1,1,0,0,0,0,0,0,0,0,0,0,,,,,,,,,,,,,,,,,,,,,,,,,,,,,,,,,,,,,,,,,,,,,,,,
13091,1200,13092,11521,,0,0,0,0,0,0,0,0,0,0,0,0,0,0,0,4,4,4,4,4,4,4,4,4,4,4,4,3,3,4,4,4,4,4,4,4,4,4,4,2,2,1,1,1,1,0,0,0,0,,,,,,,,,,,,,,,,,,,,,,,,,,,,,,,,,,,,,,,,,,,,,,,,
13092,800,13087,13107,13091;13102,2,0,0,0,0,0,0,0,0,0,0,0,0,0,0,3,3,3,3,3,3,3,3,2,2,2,2,2,2,3,3,3,3,3,3,3,3,3,3,1,1,1,1,0,0,0,0,0,0,,,,,,,,,,,,,,,,,,,,,,,,,,,,,,,,,,,,,,,,,,,,,,,,
13093,1500,13332,13304,,0,54,54,54,54,38,38,41,41,48,48,53,53,149,149,1126,1126,1279,1279,1185,1185,1176,1176,1064,1064,1030,1030,978,978,1073,1073,1075,1075,1072,1072,1157,1157,1124,1124,530,530,326,326,208,208,152,152,86,86,,,,,,,,,,,,,,,,,,,,,,,,,,,,,,,,,,,,,,,,,,,,,,,,
13094,3500,13360,13096,,0,42,42,39,39,28,28,29,29,34,34,39,39,112,112,1343,1343,1424,1424,1347,1347,1375,1375,1229,1229,1247,1247,1096,1096,1282,1282,1299,1299,1257,1257,1375,1375,1394,1394,536,536,316,316,190,190,140,140,87,87,,,,,,,,,,,,,,,,,,,,,,,,,,,,,,,,,,,,,,,,,,,,,,,,
13095,1600,13098,13070,,0,0,0,0,0,0,0,0,0,0,0,0,0,0,0,1,1,1,1,1,1,1,1,1,1,1,1,1,1,1,1,1,1,1,1,1,1,1,1,1,1,0,0,0,0,0,0,0,0,,,,,,,,,,,,,,,,,,,,,,,,,,,,,,,,,,,,,,,,,,,,,,,,
13096,3000,13349,13094,13108;13126,2,42,42,39,39,28,28,29,29,34,34,39,39,112,112,1343,1343,1424,1424,1347,1347,1375,1375,1229,1229,1247,1247,1096,1096,1282,1282,1299,1299,1257,1257,1375,1375,1394,1394,536,536,316,316,190,190,140,140,87,87,,,,,,,,,,,,,,,,,,,,,,,,,,,,,,,,,,,,,,,,,,,,,,,,
13097,1200,13089,13098,,0,53,53,55,55,38,38,42,42,48,48,53,53,146,146,715,715,891,891,804,804,768,768,707,707,638,638,676,676,679,679,669,669,696,696,738,738,671,671,411,411,264,264,178,178,130,130,66,66,,,,,,,,,,,,,,,,,,,,,,,,,,,,,,,,,,,,,,,,,,,,,,,,
13098,300,13128,13095,13097;13105,2,0,0,0,0,0,0,0,0,0,0,0,0,1,1,3,3,4,4,3,3,3,3,3,3,3,3,3,3,3,3,3,3,3,3,3,3,3,3,2,2,1,1,1,1,1,1,0,0,,,,,,,,,,,,,,,,,,,,,,,,,,,,,,,,,,,,,,,,,,,,,,,,
13099,1200,13328,13350,,0,0,0,0,0,0,0,0,0,0,0,0,0,0,0,4,4,4,4,4,4,4,4,4,4,4,4,3,3,4,4,4,4,4,4,4,4,4,4,2,2,1,1,1,1,0,0,0,0,,,,,,,,,,,,,,,,,,,,,,,,,,,,,,,,,,,,,,,,,,,,,,,,
131,1600,135,491,485;177,2,0,0,0,0,0,0,0,0,0,0,0,0,1,1,6,6,7,7,7,7,7,7,6,6,6,6,6,6,6,6,6,6,6,6,6,6,6,6,3,3,2,2,1,1,1,1,0,0,,,,,,,,,,,,,,,,,,,,,,,,,,,,,,,,,,,,,,,,,,,,,,,,
13100,1600,13370,13047,,0,0,0,0,0,0,0,0,0,0,0,0,0,0,0,3,3,4,4,4,4,4,4,3,3,3,3,3,3,3,3,3,3,3,3,4,4,4,4,1,1,1,1,0,0,0,0,0,0,,,,,,,,,,,,,,,,,,,,,,,,,,,,,,,,,,,,,,,,,,,,,,,,
13101,1200,13302,13330,,0,0,0,0,0,0,0,0,0,0,0,0,0,1,1,3,3,4,4,3,3,3,3,3,3,3,3,3,3,3,3,3,3,3,3,3,3,3,3,2,2,1,1,1,1,1,1,0,0,,,,,,,,,,,,,,,,,,,,,,,,,,,,,,,,,,,,,,,,,,,,,,,,
13102,1200,13103,13092,,0,0,0,0,0,0,0,0,0,0,0,0,0,0,0,4,4,4,4,4,4,4,4,4,4,4,4,3,3,4,4,4,4,4,4,4,4,4,4,2,2,1,1,1,1,0,0,0,0,,,,,,,,,,,,,,,,,,,,,,,,,,,,,,,,,,,,,,,,,,,,,,,,
13103,600,13112,13102,13363;13143,2,0,0,0,0,0,0,0,0,0,0,0,0,0,0,0,0,0,0,0,0,0,0,0,0,0,0,0,0,0,0,0,0,0,0,0,0,0,0,0,0,0,0,0,0,0,0,0,0,,,,,,,,,,,,,,,,,,,,,,,,,,,,,,,,,,,,,,,,,,,,,,,,
13104,600,13075,13282,,0,0,0,0,0,0,0,0,0,0,0,0,0,0,0,2,2,2,2,2,2,2,2,1,1,1,1,1,1,1,1,1,1,1,1,2,2,1,1,1,1,0,0,0,0,0,0,0,0,,,,,,,,,,,,,,,,,,,,,,,,,,,,,,,,,,,,,,,,,,,,,,,,
13105,600,13106,13098,,0,53,53,55,55,38,38,42,42,48,48,53,53,146,146,715,715,891,891,804,804,768,768,707,707,638,638,676,676,679,679,669,669,696,696,738,738,671,671,411,411,264,264,178,178,130,130,66,66,,,,,,,,,,,,,,,,,,,,,,,,,,,,,,,,,,,,,,,,,,,,,,,,
13106,300,13132,13281,13105;13111,2,0,0,0,0,0,0,0,0,0,0,0,0,0,0,0,0,0,0,0,0,0,0,0,0,0,0,0,0,0,0,0,0,0,0,0,0,0,0,0,0,0,0,0,0,0,0,0,0,,,,,,,,,,,,,,,,,,,,,,,,,,,,,,,,,,,,,,,,,,,,,,,,
13107,800,13109,13092,,0,0,0,0,0,0,0,0,0,0,0,0,0,0,0,4,4,4,4,4,4,4,4,4,4,4,4,3,3,4,4,4,4,4,4,4,4,4,4,2,2,1,1,1,1,0,0,0,0,,,,,,,,,,,,,,,,,,,,,,,,,,,,,,,,,,,,,,,,,,,,,,,,
13108,2000,,13096,,0,42,42,39,39,28,28,29,29,34,34,39,39,112,112,1343,1343,1424,1424,1347,1347,1375,1375,1229,1229,1247,1247,1096,1096,1282,1282,1299,1299,1257,1257,1375,1375,1394,1394,536,536,316,316,190,190,140,140,87,87,,,,,,,,,,,,,,,,,,,,,,,,,,,,,,,,,,,,,,,,,,,,,,,,
13109,800,13107,13117,11409;13115,2,0,0,0,0,0,0,0,0,0,0,0,0,0,0,1,1,1,1,1,1,1,1,1,1,1,1,1,1,1,1,1,1,1,1,1,1,1,1,0,0,0,0,0,0,0,0,0,0,,,,,,,,,,,,,,,,,,,,,,,,,,,,,,,,,,,,,,,,,,,,,,,,
13110,1200,13328,13300,,0,0,0,0,0,0,0,0,0,0,0,0,0,0,0,3,3,4,4,4,4,4,4,3,3,3,3,3,3,3,3,3,3,3,3,4,4,3,3,1,1,1,1,1,1,0,0,0,0,,,,,,,,,,,,,,,,,,,,,,,,,,,,,,,,,,,,,,,,,,,,,,,,
13111,800,14635,13106,,0,0,0,0,0,0,0,0,0,0,0,0,0,0,0,4,4,4,4,4,4,4,4,3,3,3,3,3,3,3,3,3,3,3,3,4,4,4,4,1,1,1,1,0,0,0,0,0,0,,,,,,,,,,,,,,,,,,,,,,,,,,,,,,,,,,,,,,,,,,,,,,,,
13112,800,13103,13116,,0,0,0,0,0,0,0,0,0,0,0,0,0,0,0,1,1,1,1,1,1,1,1,1,1,1,1,1,1,1,1,1,1,1,1,1,1,1,1,0,0,0,0,0,0,0,0,0,0,,,,,,,,,,,,,,,,,,,,,,,,,,,,,,,,,,,,,,,,,,,,,,,,
13113,4400,13360,13116,,0,42,42,39,39,28,28,29,29,34,34,39,39,112,112,1343,1343,1424,1424,1347,1347,1375,1375,1229,1229,1247,1247,1096,1096,1282,1282,1299,1299,1257,1257,1375,1375,1394,1394,536,536,316,316,190,190,140,140,87,87,,,,,,,,,,,,,,,,,,,,,,,,,,,,,,,,,,,,,,,,,,,,,,,,
13114,1500,13326,13298,,0,49,49,50,50,35,35,38,38,44,44,48,48,134,134,1042,1042,1205,1205,1140,1140,1113,1113,1019,1019,953,953,965,965,985,985,1006,1006,1018,1018,1081,1081,1009,1009,422,422,265,265,174,174,127,127,68,68,,,,,,,,,,,,,,,,,,,,,,,,,,,,,,,,,,,,,,,,,,,,,,,,
13115,1200,13109,13376,,0,0,0,0,0,0,0,0,0,0,0,0,0,0,0,1,1,1,1,1,1,1,1,0,0,0,0,0,0,1,1,1,1,1,1,1,1,1,1,0,0,0,0,0,0,0,0,0,0,,,,,,,,,,,,,,,,,,,,,,,,,,,,,,,,,,,,,,,,,,,,,,,,
13116,1600,13112,13357,13113;13361,2,0,0,0,0,0,0,0,0,0,0,0,0,0,0,2,2,2,2,2,2,2,2,2,2,2,2,2,2,2,2,2,2,2,2,2,2,2,2,1,1,0,0,0,0,0,0,0,0,,,,,,,,,,,,,,,,,,,,,,,,,,,,,,,,,,,,,,,,,,,,,,,,
13117,800,13109,13118,,0,0,0,0,0,0,0,0,0,0,0,0,0,0,0,1,1,1,1,1,1,1,1,1,1,1,1,1,1,1,1,1,1,1,1,1,1,1,1,0,0,0,0,0,0,0,0,0,0,,,,,,,,,,,,,,,,,,,,,,,,,,,,,,,,,,,,,,,,,,,,,,,,
13118,800,13117,13135,11408;13124,2,0,0,0,0,0,0,0,0,0,0,0,0,0,0,1,1,1,1,1,1,1,1,1,1,1,1,1,1,1,1,1,1,1,1,1,1,1,1,0,0,0,0,0,0,0,0,0,0,,,,,,,,,,,,,,,,,,,,,,,,,,,,,,,,,,,,,,,,,,,,,,,,
13119,1200,13296,13324,,0,0,0,0,0,0,0,0,0,0,0,0,0,0,0,4,4,4,4,4,4,4,4,4,4,3,3,3,3,4,4,4,4,4,4,4,4,4,4,1,1,1,1,1,1,0,0,0,0,,,,,,,,,,,,,,,,,,,,,,,,,,,,,,,,,,,,,,,,,,,,,,,,
13120,300,13284,13122,,0,0,0,0,0,0,0,0,0,0,0,0,0,0,0,1,1,1,1,1,1,1,1,1,1,0,0,0,0,0,0,1,1,1,1,1,1,1,1,0,0,0,0,0,0,0,0,0,0,,,,,,,,,,,,,,,,,,,,,,,,,,,,,,,,,,,,,,,,,,,,,,,,
13121,1200,13089,13122,,0,0,0,0,0,0,0,0,0,0,0,0,0,1,1,3,3,4,4,3,3,3,3,3,3,3,3,3,3,3,3,3,3,3,3,3,3,3,3,2,2,1,1,1,1,1,1,0,0,,,,,,,,,,,,,,,,,,,,,,,,,,,,,,,,,,,,,,,,,,,,,,,,
13122,300,13120,13127,13121;13617,2,0,0,0,0,0,0,0,0,0,0,0,0,0,0,0,0,1,1,1,1,1,1,0,0,0,0,0,0,0,0,0,0,0,0,1,1,0,0,0,0,0,0,0,0,0,0,0,0,,,,,,,,,,,,,,,,,,,,,,,,,,,,,,,,,,,,,,,,,,,,,,,,
13123,1600,13376,13362,,0,0,0,0,0,0,0,0,0,0,0,0,0,0,0,0,0,1,1,1,1,1,1,0,0,0,0,0,0,0,0,0,0,0,0,1,1,0,0,0,0,0,0,0,0,0,0,0,0,,,,,,,,,,,,,,,,,,,,,,,,,,,,,,,,,,,,,,,,,,,,,,,,
13124,1200,13374,13118,,0,0,0,0,0,0,0,0,0,0,0,0,0,0,0,1,1,1,1,1,1,1,1,1,1,1,1,1,1,1,1,1,1,1,1,1,1,1,1,1,1,0,0,0,0,0,0,0,0,,,,,,,,,,,,,,,,,,,,,,,,,,,,,,,,,,,,,,,,,,,,,,,,
13125,1200,13322,13294,,0,0,0,0,0,0,0,0,0,0,0,0,0,0,0,4,4,4,4,4,4,4,4,4,4,3,3,3,3,4,4,4,4,4,4,4,4,4,4,1,1,1,1,1,1,0,0,0,0,,,,,,,,,,,,,,,,,,,,,,,,,,,,,,,,,,,,,,,,,,,,,,,,
13126,3000,13096,13356,,0,42,42,39,39,28,28,29,29,34,34,39,39,112,112,1343,1343,1424,1424,1347,1347,1375,1375,1229,1229,1247,1247,1096,1096,1282,1282,1299,1299,1257,1257,1375,1375,1394,1394,536,536,316,316,190,190,140,140,87,87,,,,,,,,,,,,,,,,,,,,,,,,,,,,,,,,,,,,,,,,,,,,,,,,
13127,300,13122,13129,,0,0,0,0,0,0,0,0,0,0,0,0,0,0,0,0,0,1,1,0,0,0,0,0,0,0,0,0,0,0,0,0,0,0,0,0,0,0,0,0,0,0,0,0,0,0,0,0,0,,,,,,,,,,,,,,,,,,,,,,,,,,,,,,,,,,,,,,,,,,,,,,,,
13128,1200,13098,13129,,0,0,0,0,0,0,0,0,0,0,0,0,0,0,0,0,0,0,0,0,0,0,0,0,0,0,0,0,0,0,0,0,0,0,0,0,0,0,0,0,0,0,0,0,0,0,0,0,0,,,,,,,,,,,,,,,,,,,,,,,,,,,,,,,,,,,,,,,,,,,,,,,,
13129,300,13127,13133,13128;13159,2,0,0,0,0,0,0,0,0,0,0,0,0,0,0,0,0,0,0,0,0,0,0,0,0,0,0,0,0,0,0,0,0,0,0,0,0,0,0,0,0,0,0,0,0,0,0,0,0,,,,,,,,,,,,,,,,,,,,,,,,,,,,,,,,,,,,,,,,,,,,,,,,
13130,1200,,13618,,0,0,0,0,0,0,0,0,0,0,0,0,0,0,0,1,1,1,1,1,1,1,1,1,1,1,1,1,1,1,1,1,1,1,1,1,1,1,1,0,0,0,0,0,0,0,0,0,0,,,,,,,,,,,,,,,,,,,,,,,,,,,,,,,,,,,,,,,,,,,,,,,,
13131,1500,13638,13648,,0,49,49,50,50,35,35,38,38,44,44,48,48,134,134,1042,1042,1205,1205,1140,1140,1113,1113,1019,1019,953,953,965,965,985,985,1006,1006,1018,1018,1081,1081,1009,1009,422,422,265,265,174,174,127,127,68,68,,,,,,,,,,,,,,,,,,,,,,,,,,,,,,,,,,,,,,,,,,,,,,,,
13132,1200,13106,13134,,0,0,0,0,0,0,0,0,0,0,0,0,0,0,0,0,0,0,0,0,0,0,0,0,0,0,0,0,0,0,0,0,0,0,0,0,0,0,0,0,0,0,0,0,0,0,0,0,0,,,,,,,,,,,,,,,,,,,,,,,,,,,,,,,,,,,,,,,,,,,,,,,,
13133,300,13134,13129,,0,0,0,0,0,0,0,0,0,0,0,0,0,0,0,0,0,0,0,0,0,0,0,0,0,0,0,0,0,0,0,0,0,0,0,0,0,0,0,0,0,0,0,0,0,0,0,0,0,,,,,,,,,,,,,,,,,,,,,,,,,,,,,,,,,,,,,,,,,,,,,,,,
13134,300,13140,13133,13132;13623,2,0,0,0,0,0,0,0,0,0,0,0,0,0,0,0,0,0,0,0,0,0,0,0,0,0,0,0,0,0,0,0,0,0,0,0,0,0,0,0,0,0,0,0,0,0,0,0,0,,,,,,,,,,,,,,,,,,,,,,,,,,,,,,,,,,,,,,,,,,,,,,,,
13135,600,13118,13705,,0,0,0,0,0,0,0,0,0,0,0,0,0,0,0,1,1,1,1,1,1,1,1,1,1,1,1,1,1,1,1,1,1,1,1,1,1,1,1,0,0,0,0,0,0,0,0,0,0,,,,,,,,,,,,,,,,,,,,,,,,,,,,,,,,,,,,,,,,,,,,,,,,
13136,300,13701,13704,11419;13144,2,0,0,0,0,0,0,0,0,0,0,0,0,0,0,2,2,2,2,2,2,2,2,2,2,2,2,2,2,2,2,2,2,2,2,2,2,2,2,1,1,1,1,0,0,0,0,0,0,,,,,,,,,,,,,,,,,,,,,,,,,,,,,,,,,,,,,,,,,,,,,,,,
13137,1200,,13620,,0,0,0,0,0,0,0,0,0,0,0,0,0,0,0,1,1,1,1,1,1,1,1,1,1,1,1,1,1,1,1,1,1,1,1,1,1,1,1,0,0,0,0,0,0,0,0,0,0,,,,,,,,,,,,,,,,,,,,,,,,,,,,,,,,,,,,,,,,,,,,,,,,
13138,1200,13646,13650,,0,0,0,0,0,0,0,0,0,0,0,0,0,0,0,4,4,4,4,4,4,4,4,4,4,3,3,3,3,4,4,4,4,4,4,4,4,4,4,1,1,1,1,1,1,0,0,0,0,,,,,,,,,,,,,,,,,,,,,,,,,,,,,,,,,,,,,,,,,,,,,,,,
13139,4000,13372,13703,,0,42,42,39,39,28,28,29,29,34,34,39,39,112,112,1343,1343,1424,1424,1347,1347,1375,1375,1229,1229,1247,1247,1096,1096,1282,1282,1299,1299,1257,1257,1375,1375,1394,1394,536,536,316,316,190,190,140,140,87,87,,,,,,,,,,,,,,,,,,,,,,,,,,,,,,,,,,,,,,,,,,,,,,,,
13140,300,13134,15065,,0,0,0,0,0,0,0,0,0,0,0,0,0,0,0,4,4,4,4,4,4,4,4,3,3,3,3,3,3,3,3,3,3,3,3,4,4,4,4,1,1,1,1,0,0,0,0,0,0,,,,,,,,,,,,,,,,,,,,,,,,,,,,,,,,,,,,,,,,,,,,,,,,
13141,800,13666,13688,,0,0,0,0,0,0,0,0,0,0,0,0,0,0,0,1,1,1,1,1,1,1,1,1,1,1,1,1,1,1,1,1,1,1,1,1,1,1,1,0,0,0,0,0,0,0,0,0,0,,,,,,,,,,,,,,,,,,,,,,,,,,,,,,,,,,,,,,,,,,,,,,,,
13142,800,13636,,,0,0,0,0,0,0,0,0,0,0,0,0,0,0,0,2,2,2,2,2,2,2,2,2,2,2,2,2,2,2,2,2,2,2,2,2,2,2,2,1,1,0,0,0,0,0,0,0,0,,,,,,,,,,,,,,,,,,,,,,,,,,,,,,,,,,,,,,,,,,,,,,,,
13143,800,13103,13376,,0,0,0,0,0,0,0,0,0,0,0,0,0,0,0,0,0,0,0,0,0,0,0,0,0,0,0,0,0,0,0,0,0,0,0,0,0,0,0,0,0,0,0,0,0,0,0,0,0,,,,,,,,,,,,,,,,,,,,,,,,,,,,,,,,,,,,,,,,,,,,,,,,
13144,800,13136,13703,,0,0,0,0,0,0,0,0,0,0,0,0,0,0,0,2,2,2,2,2,2,2,2,1,1,1,1,1,1,2,2,2,2,2,2,2,2,2,2,1,1,0,0,0,0,0,0,0,0,,,,,,,,,,,,,,,,,,,,,,,,,,,,,,,,,,,,,,,,,,,,,,,,
13145,600,13151,13702,13371;13158,2,0,0,0,0,0,0,0,0,0,0,0,0,0,0,2,2,2,2,2,2,2,2,2,2,1,1,1,1,2,2,2,2,2,2,2,2,2,2,1,1,0,0,0,0,0,0,0,0,,,,,,,,,,,,,,,,,,,,,,,,,,,,,,,,,,,,,,,,,,,,,,,,
13146,1200,13686,13670,,0,0,0,0,0,0,0,0,0,0,0,0,0,0,0,1,1,1,1,1,1,1,1,1,1,1,1,1,1,1,1,1,1,1,1,1,1,1,1,0,0,0,0,0,0,0,0,0,0,,,,,,,,,,,,,,,,,,,,,,,,,,,,,,,,,,,,,,,,,,,,,,,,
13147,600,13608,,,0,53,53,55,55,38,38,42,42,48,48,53,53,146,146,715,715,891,891,804,804,768,768,707,707,638,638,676,676,679,679,669,669,696,696,738,738,671,671,411,411,264,264,178,178,130,130,66,66,,,,,,,,,,,,,,,,,,,,,,,,,,,,,,,,,,,,,,,,,,,,,,,,
13148,600,13624,13622,,0,0,0,0,0,0,0,0,0,0,0,0,0,0,0,0,0,1,1,1,1,0,0,0,0,0,0,0,0,0,0,0,0,0,0,0,0,0,0,0,0,0,0,0,0,0,0,0,0,,,,,,,,,,,,,,,,,,,,,,,,,,,,,,,,,,,,,,,,,,,,,,,,
13149,800,13286,13284,,0,0,0,0,0,0,0,0,0,0,0,0,0,1,1,3,3,4,4,3,3,3,3,3,3,3,3,3,3,3,3,3,3,3,3,3,3,3,3,2,2,1,1,1,1,1,1,0,0,,,,,,,,,,,,,,,,,,,,,,,,,,,,,,,,,,,,,,,,,,,,,,,,
13150,1600,13646,13642,,0,0,0,0,0,0,0,0,0,0,0,0,0,0,0,2,2,2,2,2,2,2,2,2,2,1,1,1,1,2,2,2,2,2,2,2,2,2,2,1,1,0,0,0,0,0,0,0,0,,,,,,,,,,,,,,,,,,,,,,,,,,,,,,,,,,,,,,,,,,,,,,,,
13151,800,13145,13690,,0,0,0,0,0,0,0,0,0,0,0,0,0,0,0,1,1,1,1,1,1,1,1,1,1,1,1,1,1,1,1,1,1,1,1,1,1,1,1,0,0,0,0,0,0,0,0,0,0,,,,,,,,,,,,,,,,,,,,,,,,,,,,,,,,,,,,,,,,,,,,,,,,
13152,300,13608,13620,,0,0,0,0,0,0,0,0,0,0,0,0,0,0,0,1,1,1,1,1,1,1,1,1,1,1,1,1,1,1,1,1,1,1,1,1,1,1,1,0,0,0,0,0,0,0,0,0,0,,,,,,,,,,,,,,,,,,,,,,,,,,,,,,,,,,,,,,,,,,,,,,,,
13153,600,13626,,,0,0,0,0,0,0,0,0,0,0,0,0,0,0,0,1,1,1,1,1,1,1,1,1,1,1,1,0,0,1,1,1,1,1,1,1,1,1,1,0,0,0,0,0,0,0,0,0,0,,,,,,,,,,,,,,,,,,,,,,,,,,,,,,,,,,,,,,,,,,,,,,,,
13154,300,,11436,,0,0,0,0,0,0,0,0,0,0,0,0,0,0,0,2,2,3,3,2,2,2,2,2,2,2,2,2,2,2,2,2,2,2,2,2,2,2,2,1,1,1,1,0,0,0,0,0,0,,,,,,,,,,,,,,,,,,,,,,,,,,,,,,,,,,,,,,,,,,,,,,,,
13155,1200,13674,13684,,0,0,0,0,0,0,0,0,0,0,0,0,0,0,0,1,1,1,1,1,1,1,1,0,0,0,0,0,0,0,0,1,1,1,1,1,1,1,1,0,0,0,0,0,0,0,0,0,0,,,,,,,,,,,,,,,,,,,,,,,,,,,,,,,,,,,,,,,,,,,,,,,,
13156,3500,13344,13316,,0,54,54,54,54,38,38,41,41,48,48,53,53,149,149,1126,1126,1279,1279,1185,1185,1176,1176,1064,1064,1030,1030,978,978,1073,1073,1075,1075,1072,1072,1157,1157,1124,1124,530,530,326,326,208,208,152,152,86,86,,,,,,,,,,,,,,,,,,,,,,,,,,,,,,,,,,,,,,,,,,,,,,,,
13157,4000,13654,13642,,0,42,42,39,39,28,28,29,29,34,34,39,39,112,112,1343,1343,1424,1424,1347,1347,1375,1375,1229,1229,1247,1247,1096,1096,1282,1282,1299,1299,1257,1257,1375,1375,1394,1394,536,536,316,316,190,190,140,140,87,87,,,,,,,,,,,,,,,,,,,,,,,,,,,,,,,,,,,,,,,,,,,,,,,,
13158,1200,13145,13169,,0,0,0,0,0,0,0,0,0,0,0,0,0,0,0,1,1,1,1,1,1,1,1,1,1,1,1,1,1,1,1,1,1,1,1,1,1,1,1,0,0,0,0,0,0,0,0,0,0,,,,,,,,,,,,,,,,,,,,,,,,,,,,,,,,,,,,,,,,,,,,,,,,
13159,1200,13622,13129,,0,0,0,0,0,0,0,0,0,0,0,0,0,0,0,909,909,1002,1002,931,931,835,835,881,881,812,812,829,829,868,868,957,957,982,982,1027,1027,964,964,0,0,0,0,0,0,0,0,0,0,,,,,,,,,,,,,,,,,,,,,,,,,,,,,,,,,,,,,,,,,,,,,,,,
13160,800,13606,13161,,0,0,0,0,0,0,0,0,0,0,0,0,0,0,0,2,2,2,2,2,2,2,2,2,2,1,1,1,1,2,2,2,2,2,2,2,2,2,2,1,1,0,0,0,0,0,0,0,0,,,,,,,,,,,,,,,,,,,,,,,,,,,,,,,,,,,,,,,,,,,,,,,,
13161,600,13601,13621,13160;13609,2,0,0,0,0,0,0,0,0,0,0,0,0,0,0,1,1,1,1,1,1,1,1,1,1,1,1,1,1,1,1,1,1,1,1,1,1,1,1,0,0,0,0,0,0,0,0,0,0,,,,,,,,,,,,,,,,,,,,,,,,,,,,,,,,,,,,,,,,,,,,,,,,
13162,1200,13662,13668,,0,0,0,0,0,0,0,0,0,0,0,0,0,0,0,2,2,2,2,2,2,2,2,2,2,2,2,2,2,2,2,2,2,2,2,2,2,2,2,1,1,0,0,0,0,0,0,0,0,,,,,,,,,,,,,,,,,,,,,,,,,,,,,,,,,,,,,,,,,,,,,,,,
13163,1200,13676,13682,,0,0,0,0,0,0,0,0,0,0,0,0,0,0,0,1,1,1,1,1,1,1,1,1,1,1,1,1,1,1,1,1,1,1,1,1,1,1,1,0,0,0,0,0,0,0,0,0,0,,,,,,,,,,,,,,,,,,,,,,,,,,,,,,,,,,,,,,,,,,,,,,,,
13164,4400,13690,13362,,0,42,42,39,39,28,28,29,29,34,34,39,39,112,112,1343,1343,1424,1424,1347,1347,1375,1375,1229,1229,1247,1247,1096,1096,1282,1282,1299,1299,1257,1257,1375,1375,1394,1394,536,536,316,316,190,190,140,140,87,87,,,,,,,,,,,,,,,,,,,,,,,,,,,,,,,,,,,,,,,,,,,,,,,,
13165,1200,,13632,,0,0,0,0,0,0,0,0,0,0,0,0,0,0,0,3,3,4,4,4,4,3,3,3,3,3,3,3,3,3,3,3,3,3,3,3,3,3,3,1,1,1,1,1,1,0,0,0,0,,,,,,,,,,,,,,,,,,,,,,,,,,,,,,,,,,,,,,,,,,,,,,,,
13166,2000,13672,13660,,0,42,42,39,39,28,28,29,29,34,34,39,39,112,112,1343,1343,1424,1424,1347,1347,1375,1375,1229,1229,1247,1247,1096,1096,1282,1282,1299,1299,1257,1257,1375,1375,1394,1394,536,536,316,316,190,190,140,140,87,87,,,,,,,,,,,,,,,,,,,,,,,,,,,,,,,,,,,,,,,,,,,,,,,,
13167,300,13626,13610,,0,0,0,0,0,0,0,0,0,0,0,0,0,0,0,1,1,1,1,1,1,1,1,1,1,1,1,1,1,1,1,1,1,1,1,1,1,1,1,0,0,0,0,0,0,0,0,0,0,,,,,,,,,,,,,,,,,,,,,,,,,,,,,,,,,,,,,,,,,,,,,,,,
13168,1200,13358,13688,,0,0,0,0,0,0,0,0,0,0,0,0,0,0,0,1,1,2,2,1,1,1,1,1,1,1,1,1,1,1,1,1,1,1,1,1,1,1,1,1,1,0,0,0,0,0,0,0,0,,,,,,,,,,,,,,,,,,,,,,,,,,,,,,,,,,,,,,,,,,,,,,,,
13169,1200,13699,13158,13178;13173,2,0,0,0,0,0,0,0,0,0,0,0,0,0,0,1,1,1,1,1,1,1,1,1,1,1,1,1,1,1,1,1,1,1,1,1,1,1,1,1,1,0,0,0,0,0,0,0,0,,,,,,,,,,,,,,,,,,,,,,,,,,,,,,,,,,,,,,,,,,,,,,,,
13170,1200,13678,13680,,0,0,0,0,0,0,0,0,0,0,0,0,0,0,0,1,1,2,2,1,1,1,1,1,1,1,1,1,1,1,1,1,1,1,1,1,1,1,1,1,1,0,0,0,0,0,0,0,0,,,,,,,,,,,,,,,,,,,,,,,,,,,,,,,,,,,,,,,,,,,,,,,,
13171,800,13660,13656,,0,0,0,0,0,0,0,0,0,0,0,0,0,0,0,2,2,2,2,2,2,2,2,2,2,1,1,1,1,2,2,2,2,2,2,2,2,2,2,1,1,0,0,0,0,0,0,0,0,,,,,,,,,,,,,,,,,,,,,,,,,,,,,,,,,,,,,,,,,,,,,,,,
13172,800,13678,13676,,0,0,0,0,0,0,0,0,0,0,0,0,0,0,0,1,1,1,1,1,1,1,1,1,1,1,1,1,1,1,1,1,1,1,1,1,1,1,1,0,0,0,0,0,0,0,0,0,0,,,,,,,,,,,,,,,,,,,,,,,,,,,,,,,,,,,,,,,,,,,,,,,,
13173,4400,13179,13169,,0,42,42,39,39,28,28,29,29,34,34,39,39,112,112,1343,1343,1424,1424,1347,1347,1375,1375,1229,1229,1247,1247,1096,1096,1282,1282,1299,1299,1257,1257,1375,1375,1394,1394,536,536,316,316,190,190,140,140,87,87,,,,,,,,,,,,,,,,,,,,,,,,,,,,,,,,,,,,,,,,,,,,,,,,
13174,1200,13615,13176,,0,0,0,0,0,0,0,0,0,0,0,0,0,0,0,1,1,1,1,1,1,1,1,1,1,1,1,1,1,1,1,1,1,1,1,1,1,1,1,0,0,0,0,0,0,0,0,0,0,,,,,,,,,,,,,,,,,,,,,,,,,,,,,,,,,,,,,,,,,,,,,,,,
13175,1200,13176,13610,,0,0,0,0,0,0,0,0,0,0,0,0,0,0,0,1,1,1,1,1,1,1,1,1,1,1,1,1,1,1,1,1,1,1,1,1,1,1,1,0,0,0,0,0,0,0,0,0,0,,,,,,,,,,,,,,,,,,,,,,,,,,,,,,,,,,,,,,,,,,,,,,,,
13176,800,13174,13184,13175;13203,2,0,0,0,0,0,0,0,0,0,0,0,0,0,0,2,2,2,2,2,2,2,2,2,2,2,2,2,2,2,2,2,2,2,2,2,2,2,2,1,1,0,0,0,0,0,0,0,0,,,,,,,,,,,,,,,,,,,,,,,,,,,,,,,,,,,,,,,,,,,,,,,,
13177,1200,13652,13662,,0,0,0,0,0,0,0,0,0,0,0,0,0,0,0,1,1,2,2,1,1,1,1,1,1,1,1,1,1,1,1,1,1,1,1,1,1,1,1,1,1,0,0,0,0,0,0,0,0,,,,,,,,,,,,,,,,,,,,,,,,,,,,,,,,,,,,,,,,,,,,,,,,
13178,4400,11814,13169,,0,42,42,39,39,28,28,29,29,34,34,39,39,112,112,1343,1343,1424,1424,1347,1347,1375,1375,1229,1229,1247,1247,1096,1096,1282,1282,1299,1299,1257,1257,1375,1375,1394,1394,536,536,316,316,190,190,140,140,87,87,,,,,,,,,,,,,,,,,,,,,,,,,,,,,,,,,,,,,,,,,,,,,,,,
13179,4400,13173,13691,13689;13693,2,42,42,39,39,28,28,29,29,34,34,39,39,112,112,1343,1343,1424,1424,1347,1347,1375,1375,1229,1229,1247,1247,1096,1096,1282,1282,1299,1299,1257,1257,1375,1375,1394,1394,536,536,316,316,190,190,140,140,87,87,,,,,,,,,,,,,,,,,,,,,,,,,,,,,,,,,,,,,,,,,,,,,,,,
13180,1600,13598,13600,,0,0,0,0,0,0,0,0,0,0,0,0,0,0,0,1,1,1,1,1,1,1,1,1,1,1,1,1,1,1,1,1,1,1,1,1,1,1,1,0,0,0,0,0,0,0,0,0,0,,,,,,,,,,,,,,,,,,,,,,,,,,,,,,,,,,,,,,,,,,,,,,,,
13181,600,13598,,,0,0,0,0,0,0,0,0,0,0,0,0,0,0,0,1,1,1,1,1,1,1,1,1,1,1,1,1,1,1,1,1,1,1,1,1,1,1,1,0,0,0,0,0,0,0,0,0,0,,,,,,,,,,,,,,,,,,,,,,,,,,,,,,,,,,,,,,,,,,,,,,,,
13182,4400,13594,13630,,0,49,49,50,50,35,35,38,38,44,44,48,48,134,134,1042,1042,1205,1205,1140,1140,1113,1113,1019,1019,953,953,965,965,985,985,1006,1006,1018,1018,1081,1081,1009,1009,422,422,265,265,174,174,127,127,68,68,,,,,,,,,,,,,,,,,,,,,,,,,,,,,,,,,,,,,,,,,,,,,,,,
13183,1200,13656,13654,,0,0,0,0,0,0,0,0,0,0,0,0,0,0,0,2,2,2,2,2,2,2,2,2,2,2,2,2,2,2,2,2,2,2,2,2,2,2,2,1,1,0,0,0,0,0,0,0,0,,,,,,,,,,,,,,,,,,,,,,,,,,,,,,,,,,,,,,,,,,,,,,,,
13184,800,15061,13176,,0,0,0,0,0,0,0,0,0,0,0,0,0,0,0,894,894,944,944,1009,1009,988,988,917,917,851,851,900,900,826,826,926,926,922,922,952,952,857,857,0,0,0,0,0,0,0,0,0,0,,,,,,,,,,,,,,,,,,,,,,,,,,,,,,,,,,,,,,,,,,,,,,,,
13185,4400,13186,13692,,0,42,42,39,39,28,28,29,29,34,34,39,39,112,112,1343,1343,1424,1424,1347,1347,1375,1375,1229,1229,1247,1247,1096,1096,1282,1282,1299,1299,1257,1257,1375,1375,1394,1394,536,536,316,316,190,190,140,140,87,87,,,,,,,,,,,,,,,,,,,,,,,,,,,,,,,,,,,,,,,,,,,,,,,,
13186,800,13677,13232,13185;13192,2,0,0,0,0,0,0,0,0,0,0,0,0,0,0,1,1,2,2,1,1,1,1,1,1,1,1,1,1,1,1,1,1,1,1,1,1,1,1,1,1,0,0,0,0,0,0,0,0,,,,,,,,,,,,,,,,,,,,,,,,,,,,,,,,,,,,,,,,,,,,,,,,
13187,1500,13201,13628,13193,1,49,49,50,50,35,35,38,38,44,44,48,48,134,134,1042,1042,1205,1205,1140,1140,1113,1113,1019,1019,953,953,965,965,985,985,1006,1006,1018,1018,1081,1081,1009,1009,422,422,265,265,174,174,127,127,68,68,,,,,,,,,,,,,,,,,,,,,,,,,,,,,,,,,,,,,,,,,,,,,,,,
13188,800,13602,13197,,0,0,0,0,0,0,0,0,0,0,0,0,0,0,0,2,2,2,2,2,2,2,2,2,2,2,2,2,2,2,2,2,2,2,2,2,2,2,2,1,1,0,0,0,0,0,0,0,0,,,,,,,,,,,,,,,,,,,,,,,,,,,,,,,,,,,,,,,,,,,,,,,,
13189,1200,13612,13600,,0,0,0,0,0,0,0,0,0,0,0,0,0,0,0,1,1,1,1,1,1,1,1,1,1,1,1,1,1,1,1,1,1,1,1,1,1,1,1,0,0,0,0,0,0,0,0,0,0,,,,,,,,,,,,,,,,,,,,,,,,,,,,,,,,,,,,,,,,,,,,,,,,
13190,4400,13652,13664,,0,42,42,39,39,28,28,29,29,34,34,39,39,112,112,1343,1343,1424,1424,1347,1347,1375,1375,1229,1229,1247,1247,1096,1096,1282,1282,1299,1299,1257,1257,1375,1375,1394,1394,536,536,316,316,190,190,140,140,87,87,,,,,,,,,,,,,,,,,,,,,,,,,,,,,,,,,,,,,,,,,,,,,,,,
13191,1200,13694,13700,,0,0,0,0,0,0,0,0,0,0,0,0,0,0,0,1,1,1,1,1,1,1,1,1,1,1,1,1,1,1,1,1,1,1,1,1,1,1,1,0,0,0,0,0,0,0,0,0,0,,,,,,,,,,,,,,,,,,,,,,,,,,,,,,,,,,,,,,,,,,,,,,,,
13192,4400,13195,13186,,0,42,42,39,39,28,28,29,29,34,34,39,39,112,112,1343,1343,1424,1424,1347,1347,1375,1375,1229,1229,1247,1247,1096,1096,1282,1282,1299,1299,1257,1257,1375,1375,1394,1394,536,536,316,316,190,190,140,140,87,87,,,,,,,,,,,,,,,,,,,,,,,,,,,,,,,,,,,,,,,,,,,,,,,,
13193,3000,13628,13596,13187,1,49,49,50,50,35,35,38,38,44,44,48,48,134,134,1042,1042,1205,1205,1140,1140,1113,1113,1019,1019,953,953,965,965,985,985,1006,1006,1018,1018,1081,1081,1009,1009,422,422,265,265,174,174,127,127,68,68,,,,,,,,,,,,,,,,,,,,,,,,,,,,,,,,,,,,,,,,,,,,,,,,
13194,800,13700,13196,,0,0,0,0,0,0,0,0,0,0,0,0,0,0,0,1,1,1,1,1,1,1,1,1,1,1,1,1,1,1,1,1,1,1,1,1,1,1,1,0,0,0,0,0,0,0,0,0,0,,,,,,,,,,,,,,,,,,,,,,,,,,,,,,,,,,,,,,,,,,,,,,,,
13195,2500,13659,13273,13192;13198,2,42,42,39,39,28,28,29,29,34,34,39,39,112,112,1343,1343,1424,1424,1347,1347,1375,1375,1229,1229,1247,1247,1096,1096,1282,1282,1299,1299,1257,1257,1375,1375,1394,1394,536,536,316,316,190,190,140,140,87,87,,,,,,,,,,,,,,,,,,,,,,,,,,,,,,,,,,,,,,,,,,,,,,,,
13196,800,13211,11809,13194;13271,2,0,0,0,0,0,0,0,0,0,0,0,0,0,0,1,1,1,1,1,1,1,1,1,1,1,1,1,1,1,1,1,1,1,1,1,1,1,1,0,0,0,0,0,0,0,0,0,0,,,,,,,,,,,,,,,,,,,,,,,,,,,,,,,,,,,,,,,,,,,,,,,,
13197,1200,13212,13188,13593;13592,2,0,0,0,0,0,0,0,0,0,0,0,0,0,0,3,3,3,3,3,3,3,3,2,2,2,2,2,2,2,2,2,2,2,2,3,3,2,2,1,1,1,1,0,0,0,0,0,0,,,,,,,,,,,,,,,,,,,,,,,,,,,,,,,,,,,,,,,,,,,,,,,,
13198,4400,13195,13199,,0,42,42,39,39,28,28,29,29,34,34,39,39,112,112,1343,1343,1424,1424,1347,1347,1375,1375,1229,1229,1247,1247,1096,1096,1282,1282,1299,1299,1257,1257,1375,1375,1394,1394,536,536,316,316,190,190,140,140,87,87,,,,,,,,,,,,,,,,,,,,,,,,,,,,,,,,,,,,,,,,,,,,,,,,
13199,1200,13532,13655,13198;13206,2,0,0,0,0,0,0,0,0,0,0,0,0,0,0,1,1,2,2,1,1,1,1,1,1,1,1,1,1,1,1,1,1,1,1,1,1,1,1,1,1,0,0,0,0,0,0,0,0,,,,,,,,,,,,,,,,,,,,,,,,,,,,,,,,,,,,,,,,,,,,,,,,
132,4400,110,136,126,1,50,50,52,52,37,37,40,40,46,46,50,50,140,140,967,967,1151,1151,1088,1088,1047,1047,967,967,880,880,932,932,911,911,933,933,958,958,1007,1007,913,913,393,393,252,252,170,170,124,124,63,63,,,,,,,,,,,,,,,,,,,,,,,,,,,,,,,,,,,,,,,,,,,,,,,,
13200,1650,13204,13202,,0,49,49,50,50,35,35,38,38,44,44,48,48,134,134,1042,1042,1205,1205,1140,1140,1113,1113,1019,1019,953,953,965,965,985,985,1006,1006,1018,1018,1081,1081,1009,1009,422,422,265,265,174,174,127,127,68,68,,,,,,,,,,,,,,,,,,,,,,,,,,,,,,,,,,,,,,,,,,,,,,,,
13201,2500,13187,13591,13596,1,49,49,50,50,35,35,38,38,44,44,48,48,134,134,1042,1042,1205,1205,1140,1140,1113,1113,1019,1019,953,953,965,965,985,985,1006,1006,1018,1018,1081,1081,1009,1009,422,422,265,265,174,174,127,127,68,68,,,,,,,,,,,,,,,,,,,,,,,,,,,,,,,,,,,,,,,,,,,,,,,,
13202,1100,13200,13218,,0,49,49,50,50,35,35,38,38,44,44,48,48,134,134,1042,1042,1205,1205,1140,1140,1113,1113,1019,1019,953,953,965,965,985,985,1006,1006,1018,1018,1081,1081,1009,1009,422,422,265,265,174,174,127,127,68,68,,,,,,,,,,,,,,,,,,,,,,,,,,,,,,,,,,,,,,,,,,,,,,,,
13203,300,13612,13176,,0,0,0,0,0,0,0,0,0,0,0,0,0,0,0,2,2,3,3,2,2,2,2,2,2,2,2,2,2,2,2,2,2,2,2,2,2,2,2,1,1,1,1,0,0,0,0,0,0,,,,,,,,,,,,,,,,,,,,,,,,,,,,,,,,,,,,,,,,,,,,,,,,
13204,4400,13644,13218,13200,1,42,42,39,39,28,28,29,29,34,34,39,39,112,112,1343,1343,1424,1424,1347,1347,1375,1375,1229,1229,1247,1247,1096,1096,1282,1282,1299,1299,1257,1257,1375,1375,1394,1394,536,536,316,316,190,190,140,140,87,87,,,,,,,,,,,,,,,,,,,,,,,,,,,,,,,,,,,,,,,,,,,,,,,,
13205,1200,13588,,,0,0,0,0,0,0,0,0,0,0,0,0,0,0,0,1,1,1,1,1,1,1,1,1,1,1,1,1,1,1,1,1,1,1,1,1,1,1,1,0,0,0,0,0,0,0,0,0,0,,,,,,,,,,,,,,,,,,,,,,,,,,,,,,,,,,,,,,,,,,,,,,,,
13206,4400,13207,13199,,0,42,42,39,39,28,28,29,29,34,34,39,39,112,112,1343,1343,1424,1424,1347,1347,1375,1375,1229,1229,1247,1247,1096,1096,1282,1282,1299,1299,1257,1257,1375,1375,1394,1394,536,536,316,316,190,190,140,140,87,87,,,,,,,,,,,,,,,,,,,,,,,,,,,,,,,,,,,,,,,,,,,,,,,,
13207,800,13651,13234,13206;13215,2,0,0,0,0,0,0,0,0,0,0,0,0,0,0,1,1,1,1,1,1,1,1,1,1,1,1,1,1,1,1,1,1,1,1,1,1,1,1,0,0,0,0,0,0,0,0,0,0,,,,,,,,,,,,,,,,,,,,,,,,,,,,,,,,,,,,,,,,,,,,,,,,
13208,500,13627,,,0,49,49,50,50,35,35,38,38,44,44,48,48,134,134,1042,1042,1205,1205,1140,1140,1113,1113,1019,1019,953,953,965,965,985,985,1006,1006,1018,1018,1081,1081,1009,1009,422,422,265,265,174,174,127,127,68,68,,,,,,,,,,,,,,,,,,,,,,,,,,,,,,,,,,,,,,,,,,,,,,,,
13209,1200,13614,13213,,0,0,0,0,0,0,0,0,0,0,0,0,0,0,0,3,3,4,4,3,3,3,3,3,3,3,3,3,3,3,3,3,3,3,3,3,3,3,3,1,1,1,1,0,0,0,0,0,0,,,,,,,,,,,,,,,,,,,,,,,,,,,,,,,,,,,,,,,,,,,,,,,,
13210,4000,13694,13216,,0,42,42,39,39,28,28,29,29,34,34,39,39,112,112,1343,1343,1424,1424,1347,1347,1375,1375,1229,1229,1247,1247,1096,1096,1282,1282,1299,1299,1257,1257,1375,1375,1394,1394,536,536,316,316,190,190,140,140,87,87,,,,,,,,,,,,,,,,,,,,,,,,,,,,,,,,,,,,,,,,,,,,,,,,
13211,800,13196,13698,,0,0,0,0,0,0,0,0,0,0,0,0,0,0,0,1,1,1,1,1,1,1,1,1,1,1,1,1,1,1,1,1,1,1,1,1,1,1,1,0,0,0,0,0,0,0,0,0,0,,,,,,,,,,,,,,,,,,,,,,,,,,,,,,,,,,,,,,,,,,,,,,,,
13212,1600,13590,13197,,0,0,0,0,0,0,0,0,0,0,0,0,0,0,0,1,1,2,2,2,2,2,2,1,1,1,1,1,1,1,1,1,1,1,1,2,2,1,1,1,1,0,0,0,0,0,0,0,0,,,,,,,,,,,,,,,,,,,,,,,,,,,,,,,,,,,,,,,,,,,,,,,,
13213,800,13209,13244,13587;13230,2,0,0,0,0,0,0,0,0,0,0,0,0,0,0,2,2,3,3,3,3,3,3,2,2,2,2,2,2,2,2,2,2,2,2,3,3,2,2,1,1,1,1,0,0,0,0,0,0,,,,,,,,,,,,,,,,,,,,,,,,,,,,,,,,,,,,,,,,,,,,,,,,
13214,800,13533,13658,,0,0,0,0,0,0,0,0,0,0,0,0,0,0,0,1,1,2,2,2,2,2,2,1,1,1,1,1,1,1,1,1,1,1,1,2,2,1,1,1,1,0,0,0,0,0,0,0,0,,,,,,,,,,,,,,,,,,,,,,,,,,,,,,,,,,,,,,,,,,,,,,,,
13215,4400,13218,13207,,0,67,67,70,70,49,49,53,53,62,62,67,67,186,186,910,910,1134,1134,1023,1023,977,977,900,900,812,812,861,861,864,864,851,851,886,886,939,939,854,854,524,524,336,336,227,227,165,165,84,84,,,,,,,,,,,,,,,,,,,,,,,,,,,,,,,,,,,,,,,,,,,,,,,,
13216,1200,13695,13217,13210;13250,2,0,0,0,0,0,0,0,0,0,0,0,0,0,0,2,2,2,2,2,2,2,2,2,2,1,1,1,1,2,2,2,2,2,2,2,2,2,2,1,1,0,0,0,0,0,0,0,0,,,,,,,,,,,,,,,,,,,,,,,,,,,,,,,,,,,,,,,,,,,,,,,,
13217,3000,13692,13216,13269,1,42,42,39,39,28,28,29,29,34,34,39,39,112,112,1343,1343,1424,1424,1347,1347,1375,1375,1229,1229,1247,1247,1096,1096,1282,1282,1299,1299,1257,1257,1375,1375,1394,1394,536,536,316,316,190,190,140,140,87,87,,,,,,,,,,,,,,,,,,,,,,,,,,,,,,,,,,,,,,,,,,,,,,,,
13218,3300,13262,13204,13202;13215;13225,3,49,49,50,50,35,35,38,38,44,44,48,48,134,134,1042,1042,1205,1205,1140,1140,1113,1113,1019,1019,953,953,965,965,985,985,1006,1006,1018,1018,1081,1081,1009,1009,422,422,265,265,174,174,127,127,68,68,,,,,,,,,,,,,,,,,,,,,,,,,,,,,,,,,,,,,,,,,,,,,,,,
13219,2000,13506,13586,,0,49,49,50,50,35,35,38,38,44,44,48,48,134,134,1042,1042,1205,1205,1140,1140,1113,1113,1019,1019,953,953,965,965,985,985,1006,1006,1018,1018,1081,1081,1009,1009,422,422,265,265,174,174,127,127,68,68,,,,,,,,,,,,,,,,,,,,,,,,,,,,,,,,,,,,,,,,,,,,,,,,
13220,800,,13531,,0,0,0,0,0,0,0,0,0,0,0,0,0,0,0,1,1,1,1,1,1,1,1,1,1,1,1,1,1,1,1,1,1,1,1,1,1,1,1,0,0,0,0,0,0,0,0,0,0,,,,,,,,,,,,,,,,,,,,,,,,,,,,,,,,,,,,,,,,,,,,,,,,
13221,3000,13290,13636,,0,42,42,39,39,28,28,29,29,34,34,39,39,112,112,1343,1343,1424,1424,1347,1347,1375,1375,1229,1229,1247,1247,1096,1096,1282,1282,1299,1299,1257,1257,1375,1375,1394,1394,536,536,316,316,190,190,140,140,87,87,,,,,,,,,,,,,,,,,,,,,,,,,,,,,,,,,,,,,,,,,,,,,,,,
13222,800,,13535,,0,0,0,0,0,0,0,0,0,0,0,0,0,0,0,1,1,1,1,1,1,1,1,1,1,1,1,1,1,1,1,1,1,1,1,1,1,1,1,0,0,0,0,0,0,0,0,0,0,,,,,,,,,,,,,,,,,,,,,,,,,,,,,,,,,,,,,,,,,,,,,,,,
13223,800,13568,13572,,0,0,0,0,0,0,0,0,0,0,0,0,0,0,0,909,909,1002,1002,931,931,835,835,881,881,812,812,829,829,868,868,957,957,982,982,1027,1027,964,964,0,0,0,0,0,0,0,0,0,0,,,,,,,,,,,,,,,,,,,,,,,,,,,,,,,,,,,,,,,,,,,,,,,,
13224,800,,13518,,0,0,0,0,0,0,0,0,0,0,0,0,0,0,0,2,2,2,2,2,2,2,2,2,2,2,2,2,2,2,2,2,2,2,2,2,2,2,2,1,1,0,0,0,0,0,0,0,0,,,,,,,,,,,,,,,,,,,,,,,,,,,,,,,,,,,,,,,,,,,,,,,,
13225,4400,13218,13231,,0,49,49,50,50,35,35,38,38,44,44,48,48,134,134,1042,1042,1205,1205,1140,1140,1113,1113,1019,1019,953,953,965,965,985,985,1006,1006,1018,1018,1081,1081,1009,1009,422,422,265,265,174,174,127,127,68,68,,,,,,,,,,,,,,,,,,,,,,,,,,,,,,,,,,,,,,,,,,,,,,,,
13226,800,13566,,,0,0,0,0,0,0,0,0,0,0,0,0,0,0,0,1,1,1,1,1,1,1,1,1,1,1,1,1,1,1,1,1,1,1,1,1,1,1,1,0,0,0,0,0,0,0,0,0,0,,,,,,,,,,,,,,,,,,,,,,,,,,,,,,,,,,,,,,,,,,,,,,,,
13227,1200,13235,,,0,0,0,0,0,0,0,0,0,0,0,0,0,0,0,0,0,1,1,0,0,0,0,0,0,0,0,0,0,0,0,0,0,0,0,0,0,0,0,0,0,0,0,0,0,0,0,0,0,,,,,,,,,,,,,,,,,,,,,,,,,,,,,,,,,,,,,,,,,,,,,,,,
13228,800,13512,13508,,0,0,0,0,0,0,0,0,0,0,0,0,0,0,0,3,3,3,3,3,3,3,3,3,3,3,3,3,3,3,3,3,3,3,3,3,3,3,3,1,1,1,1,0,0,0,0,0,0,,,,,,,,,,,,,,,,,,,,,,,,,,,,,,,,,,,,,,,,,,,,,,,,
13229,600,13537,13529,,0,0,0,0,0,0,0,0,0,0,0,0,0,0,0,1,1,1,1,1,1,1,1,1,1,1,1,1,1,1,1,1,1,1,1,1,1,1,1,0,0,0,0,0,0,0,0,0,0,,,,,,,,,,,,,,,,,,,,,,,,,,,,,,,,,,,,,,,,,,,,,,,,
13230,1200,13213,13506,,0,0,0,0,0,0,0,0,0,0,0,0,0,0,0,3,3,3,3,3,3,3,3,3,3,3,3,3,3,3,3,3,3,3,3,3,3,3,3,1,1,1,1,0,0,0,0,0,0,,,,,,,,,,,,,,,,,,,,,,,,,,,,,,,,,,,,,,,,,,,,,,,,
13231,4000,13627,13522,13225;13254,2,49,49,50,50,35,35,38,38,44,44,48,48,134,134,1042,1042,1205,1205,1140,1140,1113,1113,1019,1019,953,953,965,965,985,985,1006,1006,1018,1018,1081,1081,1009,1009,422,422,265,265,174,174,127,127,68,68,,,,,,,,,,,,,,,,,,,,,,,,,,,,,,,,,,,,,,,,,,,,,,,,
13232,1200,13186,13572,,0,0,0,0,0,0,0,0,0,0,0,0,0,0,0,1,1,1,1,1,1,1,1,1,1,1,1,1,1,1,1,1,1,1,1,1,1,1,1,0,0,0,0,0,0,0,0,0,0,,,,,,,,,,,,,,,,,,,,,,,,,,,,,,,,,,,,,,,,,,,,,,,,
13233,1000,,13262,,0,49,49,50,50,35,35,38,38,44,44,48,48,134,134,1042,1042,1205,1205,1140,1140,1113,1113,1019,1019,953,953,965,965,985,985,1006,1006,1018,1018,1081,1081,1009,1009,422,422,265,265,174,174,127,127,68,68,,,,,,,,,,,,,,,,,,,,,,,,,,,,,,,,,,,,,,,,,,,,,,,,
13234,800,13207,13531,,0,0,0,0,0,0,0,0,0,0,0,0,0,0,0,1,1,1,1,1,1,1,1,1,1,1,1,1,1,1,1,1,1,1,1,1,1,1,1,0,0,0,0,0,0,0,0,0,0,,,,,,,,,,,,,,,,,,,,,,,,,,,,,,,,,,,,,,,,,,,,,,,,
13235,300,13558,13557,13227,1,0,0,0,0,0,0,0,0,0,0,0,0,0,0,0,0,1,1,0,0,0,0,0,0,0,0,0,0,0,0,0,0,0,0,0,0,0,0,0,0,0,0,0,0,0,0,0,0,,,,,,,,,,,,,,,,,,,,,,,,,,,,,,,,,,,,,,,,,,,,,,,,
13236,800,13239,13237,13528;13524,2,0,0,0,0,0,0,0,0,0,0,0,0,0,0,0,0,1,1,1,1,1,1,0,0,0,0,0,0,0,0,0,0,0,0,1,1,0,0,0,0,0,0,0,0,0,0,0,0,,,,,,,,,,,,,,,,,,,,,,,,,,,,,,,,,,,,,,,,,,,,,,,,
13237,800,,13236,,0,0,0,0,0,0,0,0,0,0,0,0,0,0,0,1,1,1,1,1,1,1,1,1,1,1,1,1,1,1,1,1,1,1,1,1,1,1,1,0,0,0,0,0,0,0,0,0,0,,,,,,,,,,,,,,,,,,,,,,,,,,,,,,,,,,,,,,,,,,,,,,,,
13238,600,13539,13564,,0,0,0,0,0,0,0,0,0,0,0,0,0,0,0,1,1,1,1,1,1,1,1,1,1,1,1,1,1,1,1,1,1,1,1,1,1,1,1,0,0,0,0,0,0,0,0,0,0,,,,,,,,,,,,,,,,,,,,,,,,,,,,,,,,,,,,,,,,,,,,,,,,
13239,800,13236,,,0,0,0,0,0,0,0,0,0,0,0,0,0,0,0,0,0,1,1,0,0,0,0,0,0,0,0,0,0,0,0,0,0,0,0,0,0,0,0,0,0,0,0,0,0,0,0,0,0,,,,,,,,,,,,,,,,,,,,,,,,,,,,,,,,,,,,,,,,,,,,,,,,
13240,2000,,13503,,0,42,42,39,39,28,28,29,29,34,34,39,39,112,112,1343,1343,1424,1424,1347,1347,1375,1375,1229,1229,1247,1247,1096,1096,1282,1282,1299,1299,1257,1257,1375,1375,1394,1394,536,536,316,316,190,190,140,140,87,87,,,,,,,,,,,,,,,,,,,,,,,,,,,,,,,,,,,,,,,,,,,,,,,,
13241,600,13556,13554,,0,0,0,0,0,0,0,0,0,0,0,0,0,0,0,1,1,1,1,1,1,1,1,1,1,1,1,1,1,1,1,1,1,1,1,1,1,1,1,0,0,0,0,0,0,0,0,0,0,,,,,,,,,,,,,,,,,,,,,,,,,,,,,,,,,,,,,,,,,,,,,,,,
13242,800,13518,13591,,0,0,0,0,0,0,0,0,0,0,0,0,0,0,0,2,2,2,2,2,2,2,2,2,2,2,2,2,2,2,2,2,2,2,2,2,2,2,2,1,1,1,1,0,0,0,0,0,0,,,,,,,,,,,,,,,,,,,,,,,,,,,,,,,,,,,,,,,,,,,,,,,,
13243,800,13584,,,0,0,0,0,0,0,0,0,0,0,0,0,0,0,0,2,2,2,2,2,2,2,2,2,2,2,2,1,1,2,2,2,2,2,2,2,2,2,2,1,1,0,0,0,0,0,0,0,0,,,,,,,,,,,,,,,,,,,,,,,,,,,,,,,,,,,,,,,,,,,,,,,,
13244,1600,13512,13213,,0,0,0,0,0,0,0,0,0,0,0,0,0,0,0,2,2,2,2,2,2,2,2,2,2,2,2,2,2,2,2,2,2,2,2,2,2,2,2,1,1,0,0,0,0,0,0,0,0,,,,,,,,,,,,,,,,,,,,,,,,,,,,,,,,,,,,,,,,,,,,,,,,
13245,2000,13504,13503,,0,49,49,50,50,35,35,38,38,44,44,48,48,134,134,1042,1042,1205,1205,1140,1140,1113,1113,1019,1019,953,953,965,965,985,985,1006,1006,1018,1018,1081,1081,1009,1009,422,422,265,265,174,174,127,127,68,68,,,,,,,,,,,,,,,,,,,,,,,,,,,,,,,,,,,,,,,,,,,,,,,,
13246,1200,13580,13698,,0,0,0,0,0,0,0,0,0,0,0,0,0,0,0,1,1,1,1,1,1,1,1,1,1,1,1,1,1,1,1,1,1,1,1,1,1,1,1,0,0,0,0,0,0,0,0,0,0,,,,,,,,,,,,,,,,,,,,,,,,,,,,,,,,,,,,,,,,,,,,,,,,
13247,2200,13257,13510,,0,49,49,50,50,35,35,38,38,44,44,48,48,134,134,1042,1042,1205,1205,1140,1140,1113,1113,1019,1019,953,953,965,965,985,985,1006,1006,1018,1018,1081,1081,1009,1009,422,422,265,265,174,174,127,127,68,68,,,,,,,,,,,,,,,,,,,,,,,,,,,,,,,,,,,,,,,,,,,,,,,,
13248,1200,13696,13578,,0,0,0,0,0,0,0,0,0,0,0,0,0,0,0,1,1,1,1,1,1,1,1,1,1,1,1,1,1,1,1,1,1,1,1,1,1,1,1,0,0,0,0,0,0,0,0,0,0,,,,,,,,,,,,,,,,,,,,,,,,,,,,,,,,,,,,,,,,,,,,,,,,
13249,300,13527,13546,,0,0,0,0,0,0,0,0,0,0,0,0,0,0,0,1,1,1,1,1,1,1,1,1,1,1,1,1,1,1,1,1,1,1,1,1,1,1,1,0,0,0,0,0,0,0,0,0,0,,,,,,,,,,,,,,,,,,,,,,,,,,,,,,,,,,,,,,,,,,,,,,,,
13250,4400,13253,13216,,0,42,42,39,39,28,28,29,29,34,34,39,39,112,112,1343,1343,1424,1424,1347,1347,1375,1375,1229,1229,1247,1247,1096,1096,1282,1282,1299,1299,1257,1257,1375,1375,1394,1394,536,536,316,316,190,190,140,140,87,87,,,,,,,,,,,,,,,,,,,,,,,,,,,,,,,,,,,,,,,,,,,,,,,,
13251,1200,,13582,,0,0,0,0,0,0,0,0,0,0,0,0,0,0,0,2,2,2,2,2,2,2,2,1,1,1,1,1,1,1,1,1,1,1,1,2,2,2,2,1,1,0,0,0,0,0,0,0,0,,,,,,,,,,,,,,,,,,,,,,,,,,,,,,,,,,,,,,,,,,,,,,,,
13252,300,13570,13560,,0,0,0,0,0,0,0,0,0,0,0,0,0,0,0,2,2,2,2,2,2,2,2,2,2,1,1,1,1,2,2,2,2,2,2,2,2,2,2,1,1,0,0,0,0,0,0,0,0,,,,,,,,,,,,,,,,,,,,,,,,,,,,,,,,,,,,,,,,,,,,,,,,
13253,600,13577,13260,13250;2073,2,0,0,0,0,0,0,0,0,0,0,0,0,0,0,1,1,1,1,1,1,1,1,1,1,1,1,1,1,1,1,1,1,1,1,1,1,1,1,0,0,0,0,0,0,0,0,0,0,,,,,,,,,,,,,,,,,,,,,,,,,,,,,,,,,,,,,,,,,,,,,,,,
13254,4400,13520,13231,,0,49,49,50,50,35,35,38,38,44,44,48,48,134,134,1042,1042,1205,1205,1140,1140,1113,1113,1019,1019,953,953,965,965,985,985,1006,1006,1018,1018,1081,1081,1009,1009,422,422,265,265,174,174,127,127,68,68,,,,,,,,,,,,,,,,,,,,,,,,,,,,,,,,,,,,,,,,,,,,,,,,
13255,4400,13501,13516,,0,49,49,50,50,35,35,38,38,44,44,48,48,134,134,1042,1042,1205,1205,1140,1140,1113,1113,1019,1019,953,953,965,965,985,985,1006,1006,1018,1018,1081,1081,1009,1009,422,422,265,265,174,174,127,127,68,68,,,,,,,,,,,,,,,,,,,,,,,,,,,,,,,,,,,,,,,,,,,,,,,,
13256,1600,13560,13550,,0,0,0,0,0,0,0,0,0,0,0,0,0,0,0,1,1,1,1,1,1,1,1,1,1,1,1,1,1,1,1,1,1,1,1,1,1,1,1,0,0,0,0,0,0,0,0,0,0,,,,,,,,,,,,,,,,,,,,,,,,,,,,,,,,,,,,,,,,,,,,,,,,
13257,4400,13521,13247,13519;13513,2,49,49,50,50,35,35,38,38,44,44,48,48,134,134,1042,1042,1205,1205,1140,1140,1113,1113,1019,1019,953,953,965,965,985,985,1006,1006,1018,1018,1081,1081,1009,1009,422,422,265,265,174,174,127,127,68,68,,,,,,,,,,,,,,,,,,,,,,,,,,,,,,,,,,,,,,,,,,,,,,,,
13258,600,,13548,,0,0,0,0,0,0,0,0,0,0,0,0,0,0,0,1,1,1,1,1,1,1,1,1,1,1,1,1,1,1,1,1,1,1,1,1,1,1,1,0,0,0,0,0,0,0,0,0,0,,,,,,,,,,,,,,,,,,,,,,,,,,,,,,,,,,,,,,,,,,,,,,,,
13259,1600,13574,13261,,0,0,0,0,0,0,0,0,0,0,0,0,0,0,0,1,1,1,1,1,1,1,1,1,1,1,1,1,1,1,1,1,1,1,1,1,1,1,1,0,0,0,0,0,0,0,0,0,0,,,,,,,,,,,,,,,,,,,,,,,,,,,,,,,,,,,,,,,,,,,,,,,,
13260,300,13576,13253,,0,0,0,0,0,0,0,0,0,0,0,0,0,0,0,1,1,1,1,1,1,1,1,1,1,1,1,1,1,1,1,1,1,1,1,1,1,1,1,0,0,0,0,0,0,0,0,0,0,,,,,,,,,,,,,,,,,,,,,,,,,,,,,,,,,,,,,,,,,,,,,,,,
13261,800,13268,13575,13259;2081,2,0,0,0,0,0,0,0,0,0,0,0,0,0,0,2,2,2,2,2,2,2,2,2,2,2,2,2,2,2,2,2,2,2,2,2,2,2,2,1,1,0,0,0,0,0,0,0,0,,,,,,,,,,,,,,,,,,,,,,,,,,,,,,,,,,,,,,,,,,,,,,,,
13262,2500,13264,13218,13233,1,49,49,50,50,35,35,38,38,44,44,48,48,134,134,1042,1042,1205,1205,1140,1140,1113,1113,1019,1019,953,953,965,965,985,985,1006,1006,1018,1018,1081,1081,1009,1009,422,422,265,265,174,174,127,127,68,68,,,,,,,,,,,,,,,,,,,,,,,,,,,,,,,,,,,,,,,,,,,,,,,,
13263,800,13264,13548,,0,0,0,0,0,0,0,0,0,0,0,0,0,0,0,4,4,4,4,4,4,4,4,4,4,3,3,3,3,4,4,4,4,4,4,4,4,4,4,1,1,1,1,1,1,0,0,0,0,,,,,,,,,,,,,,,,,,,,,,,,,,,,,,,,,,,,,,,,,,,,,,,,
13264,800,13263,13265,13262;2592,2,0,0,0,0,0,0,0,0,0,0,0,0,0,0,4,4,4,4,4,4,4,4,4,4,3,3,3,3,4,4,4,4,4,4,4,4,4,4,1,1,1,1,1,1,0,0,0,0,,,,,,,,,,,,,,,,,,,,,,,,,,,,,,,,,,,,,,,,,,,,,,,,
13265,300,13264,,,0,0,0,0,0,0,0,0,0,0,0,0,0,0,0,4,4,4,4,4,4,4,4,4,4,3,3,3,3,4,4,4,4,4,4,4,4,4,4,1,1,1,1,1,1,0,0,0,0,,,,,,,,,,,,,,,,,,,,,,,,,,,,,,,,,,,,,,,,,,,,,,,,
13266,1200,13552,2046,,0,0,0,0,0,0,0,0,0,0,0,0,0,0,0,2,2,3,3,2,2,2,2,2,2,2,2,2,2,2,2,2,2,2,2,2,2,2,2,1,1,1,1,0,0,0,0,0,0,,,,,,,,,,,,,,,,,,,,,,,,,,,,,,,,,,,,,,,,,,,,,,,,
13267,4400,13516,14954,,0,42,42,39,39,28,28,29,29,34,34,39,39,112,112,1343,1343,1424,1424,1347,1347,1375,1375,1229,1229,1247,1247,1096,1096,1282,1282,1299,1299,1257,1257,1375,1375,1394,1394,536,536,316,316,190,190,140,140,87,87,,,,,,,,,,,,,,,,,,,,,,,,,,,,,,,,,,,,,,,,,,,,,,,,
13268,800,2046,13261,,0,53,53,55,55,38,38,42,42,48,48,53,53,146,146,715,715,891,891,804,804,768,768,707,707,638,638,676,676,679,679,669,669,696,696,738,738,671,671,411,411,264,264,178,178,130,130,66,66,,,,,,,,,,,,,,,,,,,,,,,,,,,,,,,,,,,,,,,,,,,,,,,,
13269,800,13574,13217,,0,0,0,0,0,0,0,0,0,0,0,0,0,0,0,2,2,2,2,2,2,2,2,1,1,1,1,1,1,1,1,1,1,1,1,2,2,2,2,1,1,0,0,0,0,0,0,0,0,,,,,,,,,,,,,,,,,,,,,,,,,,,,,,,,,,,,,,,,,,,,,,,,
13270,800,13570,,,0,53,53,55,55,38,38,42,42,48,48,53,53,146,146,715,715,891,891,804,804,768,768,707,707,638,638,676,676,679,679,669,669,696,696,738,738,671,671,411,411,264,264,178,178,130,130,66,66,,,,,,,,,,,,,,,,,,,,,,,,,,,,,,,,,,,,,,,,,,,,,,,,
13271,1600,13196,11672,,0,53,53,55,55,38,38,42,42,48,48,53,53,146,146,715,715,891,891,804,804,768,768,707,707,638,638,676,676,679,679,669,669,696,696,738,738,671,671,411,411,264,264,178,178,130,130,66,66,,,,,,,,,,,,,,,,,,,,,,,,,,,,,,,,,,,,,,,,,,,,,,,,
13272,800,13520,2579,,0,53,53,55,55,38,38,42,42,48,48,53,53,146,146,715,715,891,891,804,804,768,768,707,707,638,638,676,676,679,679,669,669,696,696,738,738,671,671,411,411,264,264,178,178,130,130,66,66,,,,,,,,,,,,,,,,,,,,,,,,,,,,,,,,,,,,,,,,,,,,,,,,
13273,1500,13195,13658,,0,42,42,39,39,28,28,29,29,34,34,39,39,112,112,1343,1343,1424,1424,1347,1347,1375,1375,1229,1229,1247,1247,1096,1096,1282,1282,1299,1299,1257,1257,1375,1375,1394,1394,536,536,316,316,190,190,140,140,87,87,,,,,,,,,,,,,,,,,,,,,,,,,,,,,,,,,,,,,,,,,,,,,,,,
13274,2500,,13708,13707,1,54,54,54,54,38,38,41,41,48,48,53,53,149,149,1126,1126,1279,1279,1185,1185,1176,1176,1064,1064,1030,1030,978,978,1073,1073,1075,1075,1072,1072,1157,1157,1124,1124,530,530,326,326,208,208,152,152,86,86,,,,,,,,,,,,,,,,,,,,,,,,,,,,,,,,,,,,,,,,,,,,,,,,
13275,800,,589,,0,0,0,0,0,0,0,0,0,0,0,0,0,0,0,3,3,3,3,3,3,3,3,3,3,3,3,3,3,3,3,3,3,3,3,3,3,3,3,1,1,1,1,0,0,0,0,0,0,,,,,,,,,,,,,,,,,,,,,,,,,,,,,,,,,,,,,,,,,,,,,,,,
13276,2750,14550,13007,590;13013,2,43,43,43,43,30,30,32,32,38,38,42,42,118,118,1168,1168,1302,1302,1212,1212,1190,1190,1101,1101,1066,1066,1011,1011,1113,1113,1136,1136,1132,1132,1218,1218,1186,1186,443,443,270,270,171,171,125,125,72,72,,,,,,,,,,,,,,,,,,,,,,,,,,,,,,,,,,,,,,,,,,,,,,,,
13277,1200,13428,,591;12929;592;13280,4,1,1,1,1,1,1,1,1,1,1,1,1,3,3,20,20,24,24,22,22,21,21,19,19,18,18,19,19,18,18,19,19,19,19,20,20,18,18,9,9,6,6,4,4,3,3,1,1,,,,,,,,,,,,,,,,,,,,,,,,,,,,,,,,,,,,,,,,,,,,,,,,
13278,4400,,13428,,0,54,54,54,54,38,38,41,41,48,48,53,53,149,149,1126,1126,1279,1279,1185,1185,1176,1176,1064,1064,1030,1030,978,978,1073,1073,1075,1075,1072,1072,1157,1157,1124,1124,530,530,326,326,208,208,152,152,86,86,,,,,,,,,,,,,,,,,,,,,,,,,,,,,,,,,,,,,,,,,,,,,,,,
13279,2500,13430,13706,,0,54,54,54,54,38,38,41,41,48,48,53,53,149,149,1126,1126,1279,1279,1185,1185,1176,1176,1064,1064,1030,1030,978,978,1073,1073,1075,1075,1072,1072,1157,1157,1124,1124,530,530,326,326,208,208,152,152,86,86,,,,,,,,,,,,,,,,,,,,,,,,,,,,,,,,,,,,,,,,,,,,,,,,
13280,4400,14738,12916,13277;591;13706;592;12985;587;12975;13707,8,50,50,52,52,37,37,40,40,46,46,50,50,140,140,967,967,1151,1151,1088,1088,1047,1047,967,967,880,880,932,932,911,911,933,933,958,958,1007,1007,913,913,393,393,252,252,170,170,124,124,63,63,,,,,,,,,,,,,,,,,,,,,,,,,,,,,,,,,,,,,,,,,,,,,,,,
13281,600,13106,13282,,0,0,0,0,0,0,0,0,0,0,0,0,0,1,1,3,3,4,4,3,3,3,3,3,3,3,3,3,3,3,3,3,3,3,3,3,3,3,3,2,2,1,1,1,1,1,1,0,0,,,,,,,,,,,,,,,,,,,,,,,,,,,,,,,,,,,,,,,,,,,,,,,,
13282,600,13281,13104,13088,1,0,0,0,0,0,0,0,0,0,0,0,0,0,0,3,3,3,3,3,3,3,3,3,3,3,3,3,3,3,3,3,3,3,3,3,3,3,3,1,1,1,1,1,1,0,0,0,0,,,,,,,,,,,,,,,,,,,,,,,,,,,,,,,,,,,,,,,,,,,,,,,,
13283,800,13604,13284,,0,0,0,0,0,0,0,0,0,0,0,0,0,0,0,1,1,1,1,1,1,1,1,1,1,1,1,1,1,1,1,1,1,1,1,1,1,1,1,0,0,0,0,0,0,0,0,0,0,,,,,,,,,,,,,,,,,,,,,,,,,,,,,,,,,,,,,,,,,,,,,,,,
13284,300,13120,13283,13149,1,0,0,0,0,0,0,0,0,0,0,0,0,0,0,1,1,1,1,1,1,1,1,1,1,1,1,1,1,1,1,1,1,1,1,1,1,1,1,0,0,0,0,0,0,0,0,0,0,,,,,,,,,,,,,,,,,,,,,,,,,,,,,,,,,,,,,,,,,,,,,,,,
13285,300,13089,13286,,0,0,0,0,0,0,0,0,0,0,0,0,0,0,0,1,1,1,1,1,1,1,1,1,1,1,1,1,1,1,1,1,1,1,1,1,1,1,1,1,1,0,0,0,0,0,0,0,0,,,,,,,,,,,,,,,,,,,,,,,,,,,,,,,,,,,,,,,,,,,,,,,,
13286,300,13285,13086,13149,1,0,0,0,0,0,0,0,0,0,0,0,0,0,0,1,1,1,1,1,1,1,1,1,1,1,1,1,1,1,1,1,1,1,1,1,1,1,1,0,0,0,0,0,0,0,0,0,0,,,,,,,,,,,,,,,,,,,,,,,,,,,,,,,,,,,,,,,,,,,,,,,,
13287,300,13288,13290,,0,0,0,0,0,0,0,0,0,0,0,0,0,0,0,1,1,1,1,1,1,1,1,1,1,1,1,1,1,1,1,1,1,1,1,1,1,1,1,0,0,0,0,0,0,0,0,0,0,,,,,,,,,,,,,,,,,,,,,,,,,,,,,,,,,,,,,,,,,,,,,,,,
13288,300,13084,13287,13086,1,0,0,0,0,0,0,0,0,0,0,0,0,0,0,1,1,1,1,1,1,1,1,1,1,1,1,1,1,1,1,1,1,1,1,1,1,1,1,0,0,0,0,0,0,0,0,0,0,,,,,,,,,,,,,,,,,,,,,,,,,,,,,,,,,,,,,,,,,,,,,,,,
13289,1600,13292,13290,,0,0,0,0,0,0,0,0,0,0,0,0,0,0,0,0,0,0,0,0,0,0,0,0,0,0,0,0,0,0,0,0,0,0,0,0,0,0,0,0,0,0,0,0,0,0,0,0,0,,,,,,,,,,,,,,,,,,,,,,,,,,,,,,,,,,,,,,,,,,,,,,,,
13290,300,13287,13221,13289,1,0,0,0,0,0,0,0,0,0,0,0,0,0,0,1,1,1,1,1,1,1,1,1,1,1,1,1,1,1,1,1,1,1,1,1,1,1,1,0,0,0,0,0,0,0,0,0,0,,,,,,,,,,,,,,,,,,,,,,,,,,,,,,,,,,,,,,,,,,,,,,,,
13291,1600,13292,13029,13049,1,0,0,0,0,0,0,0,0,0,0,0,0,0,0,0,0,0,0,0,0,0,0,0,0,0,0,0,0,0,0,0,0,0,0,0,0,0,0,0,0,0,0,0,0,0,0,0,0,,,,,,,,,,,,,,,,,,,,,,,,,,,,,,,,,,,,,,,,,,,,,,,,
13292,300,13054,13289,13291,1,0,0,0,0,0,0,0,0,0,0,0,0,0,0,0,0,0,0,0,0,0,0,0,0,0,0,0,0,0,0,0,0,0,0,0,0,0,0,0,0,0,0,0,0,0,0,0,0,,,,,,,,,,,,,,,,,,,,,,,,,,,,,,,,,,,,,,,,,,,,,,,,
13293,1200,13644,13650,,0,0,0,0,0,0,0,0,0,0,0,0,0,0,0,4,4,4,4,4,4,4,4,4,4,3,3,3,3,4,4,4,4,4,4,4,4,4,4,1,1,1,1,1,1,0,0,0,0,,,,,,,,,,,,,,,,,,,,,,,,,,,,,,,,,,,,,,,,,,,,,,,,
13294,800,13125,13295,13647,1,0,0,0,0,0,0,0,0,0,0,0,0,0,0,3,3,4,4,3,3,3,3,3,3,3,3,3,3,3,3,3,3,3,3,3,3,3,3,1,1,1,1,0,0,0,0,0,0,,,,,,,,,,,,,,,,,,,,,,,,,,,,,,,,,,,,,,,,,,,,,,,,
13295,1200,13294,13296,,0,0,0,0,0,0,0,0,0,0,0,0,0,0,0,3,3,4,4,3,3,3,3,3,3,3,3,3,3,3,3,3,3,3,3,3,3,3,3,1,1,1,1,0,0,0,0,0,0,,,,,,,,,,,,,,,,,,,,,,,,,,,,,,,,,,,,,,,,,,,,,,,,
13296,1200,13295,13297,13119,1,0,0,0,0,0,0,0,0,0,0,0,0,0,0,3,3,4,4,3,3,3,3,3,3,3,3,3,3,3,3,3,3,3,3,3,3,3,3,1,1,1,1,0,0,0,0,0,0,,,,,,,,,,,,,,,,,,,,,,,,,,,,,,,,,,,,,,,,,,,,,,,,
13297,1200,13296,13298,,0,0,0,0,0,0,0,0,0,0,0,0,0,0,0,3,3,4,4,3,3,3,3,3,3,3,3,3,3,3,3,3,3,3,3,3,3,3,3,1,1,1,1,0,0,0,0,0,0,,,,,,,,,,,,,,,,,,,,,,,,,,,,,,,,,,,,,,,,,,,,,,,,
13298,800,13114,13299,13297,1,0,0,0,0,0,0,0,0,0,0,0,0,0,0,3,3,4,4,3,3,3,3,3,3,3,3,3,3,3,3,3,3,3,3,3,3,3,3,1,1,1,1,0,0,0,0,0,0,,,,,,,,,,,,,,,,,,,,,,,,,,,,,,,,,,,,,,,,,,,,,,,,
13299,1200,13298,13300,,0,0,0,0,0,0,0,0,0,0,0,0,0,0,0,3,3,3,3,3,3,3,3,3,3,3,3,3,3,3,3,3,3,3,3,3,3,3,3,1,1,1,1,0,0,0,0,0,0,,,,,,,,,,,,,,,,,,,,,,,,,,,,,,,,,,,,,,,,,,,,,,,,
133,1500,506,136,150,1,50,50,52,52,37,37,40,40,46,46,50,50,140,140,967,967,1151,1151,1088,1088,1047,1047,967,967,880,880,932,932,911,911,933,933,958,958,1007,1007,913,913,393,393,252,252,170,170,124,124,63,63,,,,,,,,,,,,,,,,,,,,,,,,,,,,,,,,,,,,,,,,,,,,,,,,
13300,800,13301,13110,13299,1,0,0,0,0,0,0,0,0,0,0,0,0,0,0,3,3,3,3,3,3,3,3,3,3,2,2,2,2,3,3,3,3,3,3,3,3,3,3,1,1,1,1,0,0,0,0,0,0,,,,,,,,,,,,,,,,,,,,,,,,,,,,,,,,,,,,,,,,,,,,,,,,
13301,800,13300,13302,,0,0,0,0,0,0,0,0,0,0,0,0,0,0,0,2,2,3,3,3,3,2,2,2,2,2,2,2,2,2,2,2,2,2,2,2,2,2,2,1,1,1,1,0,0,0,0,0,0,,,,,,,,,,,,,,,,,,,,,,,,,,,,,,,,,,,,,,,,,,,,,,,,
13302,800,13101,13303,13301,1,0,0,0,0,0,0,0,0,0,0,0,0,0,0,2,2,2,2,2,2,2,2,2,2,2,2,2,2,2,2,2,2,2,2,2,2,2,2,1,1,1,1,0,0,0,0,0,0,,,,,,,,,,,,,,,,,,,,,,,,,,,,,,,,,,,,,,,,,,,,,,,,
13303,1200,13304,13302,,0,0,0,0,0,0,0,0,0,0,0,0,0,1,1,3,3,4,4,3,3,3,3,3,3,3,3,3,3,3,3,3,3,3,3,3,3,3,3,2,2,1,1,1,1,1,1,0,0,,,,,,,,,,,,,,,,,,,,,,,,,,,,,,,,,,,,,,,,,,,,,,,,
13304,1200,13305,13093,13303,1,0,0,0,0,0,0,0,0,0,0,0,0,1,1,3,3,4,4,3,3,3,3,3,3,3,3,3,3,3,3,3,3,3,3,3,3,3,3,2,2,1,1,1,1,0,0,0,0,,,,,,,,,,,,,,,,,,,,,,,,,,,,,,,,,,,,,,,,,,,,,,,,
13305,1200,13306,13304,,0,0,0,0,0,0,0,0,0,0,0,0,0,0,0,2,2,2,2,2,2,2,2,2,2,2,2,2,2,2,2,2,2,2,2,2,2,2,2,1,1,1,1,0,0,0,0,0,0,,,,,,,,,,,,,,,,,,,,,,,,,,,,,,,,,,,,,,,,,,,,,,,,
13306,1200,13305,13307,13073,1,0,0,0,0,0,0,0,0,0,0,0,0,0,0,3,3,3,3,3,3,3,3,3,3,2,2,2,2,3,3,3,3,3,3,3,3,3,3,1,1,1,1,1,1,0,0,0,0,,,,,,,,,,,,,,,,,,,,,,,,,,,,,,,,,,,,,,,,,,,,,,,,
13307,1200,13308,13306,,0,0,0,0,0,0,0,0,0,0,0,0,0,0,0,2,2,3,3,3,3,2,2,2,2,2,2,2,2,2,2,2,2,2,2,2,2,2,2,1,1,1,1,1,1,0,0,0,0,,,,,,,,,,,,,,,,,,,,,,,,,,,,,,,,,,,,,,,,,,,,,,,,
13308,1200,13062,13309,13307,1,0,0,0,0,0,0,0,0,0,0,0,0,0,0,2,2,2,2,2,2,2,2,2,2,2,2,2,2,2,2,2,2,2,2,2,2,2,2,1,1,1,1,0,0,0,0,0,0,,,,,,,,,,,,,,,,,,,,,,,,,,,,,,,,,,,,,,,,,,,,,,,,
13309,800,13310,13308,,0,0,0,0,0,0,0,0,0,0,0,0,0,0,0,2,2,3,3,2,2,2,2,2,2,2,2,2,2,2,2,2,2,2,2,2,2,2,2,1,1,1,1,0,0,0,0,0,0,,,,,,,,,,,,,,,,,,,,,,,,,,,,,,,,,,,,,,,,,,,,,,,,
13310,800,13056,13311,13309,1,0,0,0,0,0,0,0,0,0,0,0,0,0,0,2,2,3,3,2,2,2,2,2,2,2,2,2,2,2,2,2,2,2,2,2,2,2,2,1,1,1,1,0,0,0,0,0,0,,,,,,,,,,,,,,,,,,,,,,,,,,,,,,,,,,,,,,,,,,,,,,,,
13311,800,13310,13312,,0,0,0,0,0,0,0,0,0,0,0,0,0,0,0,2,2,2,2,2,2,2,2,2,2,2,2,2,2,2,2,2,2,2,2,2,2,2,2,1,1,1,1,0,0,0,0,0,0,,,,,,,,,,,,,,,,,,,,,,,,,,,,,,,,,,,,,,,,,,,,,,,,
13312,1200,13313,13311,13046,1,0,0,0,0,0,0,0,0,0,0,0,0,0,0,2,2,2,2,2,2,2,2,2,2,2,2,2,2,2,2,2,2,2,2,2,2,2,2,1,1,1,1,0,0,0,0,0,0,,,,,,,,,,,,,,,,,,,,,,,,,,,,,,,,,,,,,,,,,,,,,,,,
13313,800,13312,13314,,0,0,0,0,0,0,0,0,0,0,0,0,0,0,0,2,2,2,2,2,2,2,2,2,2,2,2,2,2,2,2,2,2,2,2,2,2,2,2,1,1,1,1,0,0,0,0,0,0,,,,,,,,,,,,,,,,,,,,,,,,,,,,,,,,,,,,,,,,,,,,,,,,
13314,1200,13315,13313,13043,1,0,0,0,0,0,0,0,0,0,0,0,0,0,0,2,2,3,3,2,2,2,2,2,2,2,2,2,2,2,2,2,2,2,2,2,2,2,2,1,1,1,1,0,0,0,0,0,0,,,,,,,,,,,,,,,,,,,,,,,,,,,,,,,,,,,,,,,,,,,,,,,,
13315,800,13316,13314,,0,0,0,0,0,0,0,0,0,0,0,0,0,0,0,2,2,3,3,2,2,2,2,2,2,2,2,2,2,2,2,2,2,2,2,2,2,2,2,1,1,1,1,0,0,0,0,0,0,,,,,,,,,,,,,,,,,,,,,,,,,,,,,,,,,,,,,,,,,,,,,,,,
13316,800,,13038,13156;13315,2,0,0,0,0,0,0,0,0,0,0,0,0,0,0,2,2,3,3,3,3,3,3,2,2,2,2,2,2,2,2,2,2,2,2,3,3,2,2,1,1,1,1,1,1,0,0,0,0,,,,,,,,,,,,,,,,,,,,,,,,,,,,,,,,,,,,,,,,,,,,,,,,
13317,2000,13318,13071,,0,54,54,54,54,38,38,41,41,48,48,53,53,149,149,1126,1126,1279,1279,1185,1185,1176,1176,1064,1064,1030,1030,978,978,1073,1073,1075,1075,1072,1072,1157,1157,1124,1124,530,530,326,326,208,208,152,152,86,86,,,,,,,,,,,,,,,,,,,,,,,,,,,,,,,,,,,,,,,,,,,,,,,,
13318,800,13065,13317,13073,1,0,0,0,0,0,0,0,0,0,0,0,0,0,0,3,3,3,3,3,3,3,3,3,3,3,3,3,3,3,3,3,3,3,3,3,3,3,3,2,2,1,1,1,1,0,0,0,0,,,,,,,,,,,,,,,,,,,,,,,,,,,,,,,,,,,,,,,,,,,,,,,,
13319,800,13320,13058,,0,0,0,0,0,0,0,0,0,0,0,0,0,0,0,2,2,3,3,3,3,3,3,2,2,2,2,2,2,2,2,2,2,2,2,2,2,2,2,1,1,1,1,1,1,0,0,0,0,,,,,,,,,,,,,,,,,,,,,,,,,,,,,,,,,,,,,,,,,,,,,,,,
13320,800,13319,13062,13065,1,0,0,0,0,0,0,0,0,0,0,0,0,0,0,2,2,3,3,3,3,3,3,2,2,2,2,2,2,2,2,2,2,2,2,2,2,2,2,1,1,1,1,1,1,0,0,0,0,,,,,,,,,,,,,,,,,,,,,,,,,,,,,,,,,,,,,,,,,,,,,,,,
13321,3000,13334,13332,,0,54,54,54,54,38,38,41,41,48,48,53,53,149,149,1126,1126,1279,1279,1185,1185,1176,1176,1064,1064,1030,1030,978,978,1073,1073,1075,1075,1072,1072,1157,1157,1124,1124,530,530,326,326,208,208,152,152,86,86,,,,,,,,,,,,,,,,,,,,,,,,,,,,,,,,,,,,,,,,,,,,,,,,
13322,1000,13125,13637,13323,1,42,42,39,39,28,28,29,29,34,34,39,39,112,112,1343,1343,1424,1424,1347,1347,1375,1375,1229,1229,1247,1247,1096,1096,1282,1282,1299,1299,1257,1257,1375,1375,1394,1394,536,536,316,316,190,190,140,140,87,87,,,,,,,,,,,,,,,,,,,,,,,,,,,,,,,,,,,,,,,,,,,,,,,,
13323,2500,13322,13324,,0,42,42,39,39,28,28,29,29,34,34,39,39,112,112,1343,1343,1424,1424,1347,1347,1375,1375,1229,1229,1247,1247,1096,1096,1282,1282,1299,1299,1257,1257,1375,1375,1394,1394,536,536,316,316,190,190,140,140,87,87,,,,,,,,,,,,,,,,,,,,,,,,,,,,,,,,,,,,,,,,,,,,,,,,
13324,1500,13323,13119,13325,1,42,42,39,39,28,28,29,29,34,34,39,39,112,112,1343,1343,1424,1424,1347,1347,1375,1375,1229,1229,1247,1247,1096,1096,1282,1282,1299,1299,1257,1257,1375,1375,1394,1394,536,536,316,316,190,190,140,140,87,87,,,,,,,,,,,,,,,,,,,,,,,,,,,,,,,,,,,,,,,,,,,,,,,,
13325,2000,13324,13326,,0,67,67,70,70,49,49,53,53,62,62,67,67,186,186,910,910,1134,1134,1023,1023,977,977,900,900,812,812,861,861,864,864,851,851,886,886,939,939,854,854,524,524,336,336,227,227,165,165,84,84,,,,,,,,,,,,,,,,,,,,,,,,,,,,,,,,,,,,,,,,,,,,,,,,
13326,1000,13325,13114,13327,1,49,49,50,50,35,35,38,38,44,44,48,48,134,134,1042,1042,1205,1205,1140,1140,1113,1113,1019,1019,953,953,965,965,985,985,1006,1006,1018,1018,1081,1081,1009,1009,422,422,265,265,174,174,127,127,68,68,,,,,,,,,,,,,,,,,,,,,,,,,,,,,,,,,,,,,,,,,,,,,,,,
13327,3000,13328,13326,,0,49,49,50,50,35,35,38,38,44,44,48,48,134,134,1042,1042,1205,1205,1140,1140,1113,1113,1019,1019,953,953,965,965,985,985,1006,1006,1018,1018,1081,1081,1009,1009,422,422,265,265,174,174,127,127,68,68,,,,,,,,,,,,,,,,,,,,,,,,,,,,,,,,,,,,,,,,,,,,,,,,
13328,1200,13099,13110,13329;13327,2,0,0,0,0,0,0,0,0,0,0,0,0,0,0,4,4,4,4,4,4,4,4,4,4,4,4,3,3,4,4,4,4,4,4,4,4,4,4,2,2,1,1,1,1,0,0,0,0,,,,,,,,,,,,,,,,,,,,,,,,,,,,,,,,,,,,,,,,,,,,,,,,
13329,1600,,13328,13330,1,0,0,0,0,0,0,0,0,0,0,0,0,1,1,3,3,4,4,3,3,3,3,3,3,3,3,3,3,3,3,3,3,3,3,3,3,3,3,2,2,1,1,1,1,1,1,0,0,,,,,,,,,,,,,,,,,,,,,,,,,,,,,,,,,,,,,,,,,,,,,,,,
13330,800,,13101,13331;13329,2,0,0,0,0,0,0,0,0,0,0,0,0,1,1,3,3,4,4,3,3,3,3,3,3,3,3,3,3,3,3,3,3,3,3,3,3,3,3,2,2,1,1,1,1,0,0,0,0,,,,,,,,,,,,,,,,,,,,,,,,,,,,,,,,,,,,,,,,,,,,,,,,
13331,2000,13332,13330,,0,54,54,54,54,38,38,41,41,48,48,53,53,149,149,1126,1126,1279,1279,1185,1185,1176,1176,1064,1064,1030,1030,978,978,1073,1073,1075,1075,1072,1072,1157,1157,1124,1124,530,530,326,326,208,208,152,152,86,86,,,,,,,,,,,,,,,,,,,,,,,,,,,,,,,,,,,,,,,,,,,,,,,,
13332,1500,13331,13093,13321,1,54,54,54,54,38,38,41,41,48,48,53,53,149,149,1126,1126,1279,1279,1185,1185,1176,1176,1064,1064,1030,1030,978,978,1073,1073,1075,1075,1072,1072,1157,1157,1124,1124,530,530,326,326,208,208,152,152,86,86,,,,,,,,,,,,,,,,,,,,,,,,,,,,,,,,,,,,,,,,,,,,,,,,
13333,3500,13071,13334,,0,54,54,54,54,38,38,41,41,48,48,53,53,149,149,1126,1126,1279,1279,1185,1185,1176,1176,1064,1064,1030,1030,978,978,1073,1073,1075,1075,1072,1072,1157,1157,1124,1124,530,530,326,326,208,208,152,152,86,86,,,,,,,,,,,,,,,,,,,,,,,,,,,,,,,,,,,,,,,,,,,,,,,,
13334,800,13077,13333,13321,1,0,0,0,0,0,0,0,0,0,0,0,0,1,1,3,3,4,4,3,3,3,3,3,3,3,3,3,3,3,3,3,3,3,3,3,3,3,3,2,2,1,1,1,1,0,0,0,0,,,,,,,,,,,,,,,,,,,,,,,,,,,,,,,,,,,,,,,,,,,,,,,,
13335,2000,,13058,13336,1,54,54,54,54,38,38,41,41,48,48,53,53,149,149,1126,1126,1279,1279,1185,1185,1176,1176,1064,1064,1030,1030,978,978,1073,1073,1075,1075,1072,1072,1157,1157,1124,1124,530,530,326,326,208,208,152,152,86,86,,,,,,,,,,,,,,,,,,,,,,,,,,,,,,,,,,,,,,,,,,,,,,,,
13336,1000,13335,13056,13337,1,54,54,54,54,38,38,41,41,48,48,53,53,149,149,1126,1126,1279,1279,1185,1185,1176,1176,1064,1064,1030,1030,978,978,1073,1073,1075,1075,1072,1072,1157,1157,1124,1124,530,530,326,326,208,208,152,152,86,86,,,,,,,,,,,,,,,,,,,,,,,,,,,,,,,,,,,,,,,,,,,,,,,,
13337,2500,13338,13336,,0,54,54,54,54,38,38,41,41,48,48,53,53,149,149,1126,1126,1279,1279,1185,1185,1176,1176,1064,1064,1030,1030,978,978,1073,1073,1075,1075,1072,1072,1157,1157,1124,1124,530,530,326,326,208,208,152,152,86,86,,,,,,,,,,,,,,,,,,,,,,,,,,,,,,,,,,,,,,,,,,,,,,,,
13338,1500,13046,13337,13339,1,54,54,54,54,38,38,41,41,48,48,53,53,149,149,1126,1126,1279,1279,1185,1185,1176,1176,1064,1064,1030,1030,978,978,1073,1073,1075,1075,1072,1072,1157,1157,1124,1124,530,530,326,326,208,208,152,152,86,86,,,,,,,,,,,,,,,,,,,,,,,,,,,,,,,,,,,,,,,,,,,,,,,,
13339,500,13338,13340,,0,54,54,54,54,38,38,41,41,48,48,53,53,149,149,1126,1126,1279,1279,1185,1185,1176,1176,1064,1064,1030,1030,978,978,1073,1073,1075,1075,1072,1072,1157,1157,1124,1124,530,530,326,326,208,208,152,152,86,86,,,,,,,,,,,,,,,,,,,,,,,,,,,,,,,,,,,,,,,,,,,,,,,,
13340,3500,13339,13341,13439;13043,2,54,54,54,54,38,38,41,41,48,48,53,53,149,149,1126,1126,1279,1279,1185,1185,1176,1176,1064,1064,1030,1030,978,978,1073,1073,1075,1075,1072,1072,1157,1157,1124,1124,530,530,326,326,208,208,152,152,86,86,,,,,,,,,,,,,,,,,,,,,,,,,,,,,,,,,,,,,,,,,,,,,,,,
13341,3000,13342,13340,,0,54,54,54,54,38,38,41,41,48,48,53,53,149,149,1126,1126,1279,1279,1185,1185,1176,1176,1064,1064,1030,1030,978,978,1073,1073,1075,1075,1072,1072,1157,1157,1124,1124,530,530,326,326,208,208,152,152,86,86,,,,,,,,,,,,,,,,,,,,,,,,,,,,,,,,,,,,,,,,,,,,,,,,
13342,1000,13038,13341,13343,1,54,54,54,54,38,38,41,41,48,48,53,53,149,149,1126,1126,1279,1279,1185,1185,1176,1176,1064,1064,1030,1030,978,978,1073,1073,1075,1075,1072,1072,1157,1157,1124,1124,530,530,326,326,208,208,152,152,86,86,,,,,,,,,,,,,,,,,,,,,,,,,,,,,,,,,,,,,,,,,,,,,,,,
13343,3000,13344,13342,,0,54,54,54,54,38,38,41,41,48,48,53,53,149,149,1126,1126,1279,1279,1185,1185,1176,1176,1064,1064,1030,1030,978,978,1073,1073,1075,1075,1072,1072,1157,1157,1124,1124,530,530,326,326,208,208,152,152,86,86,,,,,,,,,,,,,,,,,,,,,,,,,,,,,,,,,,,,,,,,,,,,,,,,
13344,1500,13343,13156,13345,1,54,54,54,54,38,38,41,41,48,48,53,53,149,149,1126,1126,1279,1279,1185,1185,1176,1176,1064,1064,1030,1030,978,978,1073,1073,1075,1075,1072,1072,1157,1157,1124,1124,530,530,326,326,208,208,152,152,86,86,,,,,,,,,,,,,,,,,,,,,,,,,,,,,,,,,,,,,,,,,,,,,,,,
13345,1500,13344,13346,,0,54,54,54,54,38,38,41,41,48,48,53,53,149,149,1126,1126,1279,1279,1185,1185,1176,1176,1064,1064,1030,1030,978,978,1073,1073,1075,1075,1072,1072,1157,1157,1124,1124,530,530,326,326,208,208,152,152,86,86,,,,,,,,,,,,,,,,,,,,,,,,,,,,,,,,,,,,,,,,,,,,,,,,
13346,800,13429,13008,13345,1,0,0,0,0,0,0,0,0,0,0,0,0,1,1,3,3,4,4,3,3,3,3,3,3,3,3,3,3,3,3,3,3,3,3,3,3,3,3,2,2,1,1,1,1,0,0,0,0,,,,,,,,,,,,,,,,,,,,,,,,,,,,,,,,,,,,,,,,,,,,,,,,
13347,300,,13348,,0,0,0,0,0,0,0,0,0,0,0,0,0,0,0,0,0,0,0,0,0,0,0,0,0,0,0,0,0,0,0,0,0,0,0,0,0,0,0,0,0,0,0,0,0,0,0,0,0,,,,,,,,,,,,,,,,,,,,,,,,,,,,,,,,,,,,,,,,,,,,,,,,
13348,300,13090,13347,13077,1,0,0,0,0,0,0,0,0,0,0,0,0,0,0,1,1,1,1,1,1,1,1,0,0,0,0,0,0,0,0,1,1,0,0,1,1,1,1,0,0,0,0,0,0,0,0,0,0,,,,,,,,,,,,,,,,,,,,,,,,,,,,,,,,,,,,,,,,,,,,,,,,
13349,1000,13096,13350,,0,42,42,39,39,28,28,29,29,34,34,39,39,112,112,1343,1343,1424,1424,1347,1347,1375,1375,1229,1229,1247,1247,1096,1096,1282,1282,1299,1299,1257,1257,1375,1375,1394,1394,536,536,316,316,190,190,140,140,87,87,,,,,,,,,,,,,,,,,,,,,,,,,,,,,,,,,,,,,,,,,,,,,,,,
13350,300,13090,13349,13099,1,0,0,0,0,0,0,0,0,0,0,0,0,0,0,1,1,1,1,1,1,1,1,1,1,1,1,1,1,1,1,1,1,1,1,1,1,1,1,0,0,0,0,0,0,0,0,0,0,,,,,,,,,,,,,,,,,,,,,,,,,,,,,,,,,,,,,,,,,,,,,,,,
13351,2500,13059,13354,,0,42,42,39,39,28,28,29,29,34,34,39,39,112,112,1343,1343,1424,1424,1347,1347,1375,1375,1229,1229,1247,1247,1096,1096,1282,1282,1299,1299,1257,1257,1375,1375,1394,1394,536,536,316,316,190,190,140,140,87,87,,,,,,,,,,,,,,,,,,,,,,,,,,,,,,,,,,,,,,,,,,,,,,,,
13352,2500,13068,13353,13053,1,42,42,39,39,28,28,29,29,34,34,39,39,112,112,1343,1343,1424,1424,1347,1347,1375,1375,1229,1229,1247,1247,1096,1096,1282,1282,1299,1299,1257,1257,1375,1375,1394,1394,536,536,316,316,190,190,140,140,87,87,,,,,,,,,,,,,,,,,,,,,,,,,,,,,,,,,,,,,,,,,,,,,,,,
13353,2500,13354,13352,,0,42,42,39,39,28,28,29,29,34,34,39,39,112,112,1343,1343,1424,1424,1347,1347,1375,1375,1229,1229,1247,1247,1096,1096,1282,1282,1299,1299,1257,1257,1375,1375,1394,1394,536,536,316,316,190,190,140,140,87,87,,,,,,,,,,,,,,,,,,,,,,,,,,,,,,,,,,,,,,,,,,,,,,,,
13354,1600,13050,13351,13353,1,0,0,0,0,0,0,0,0,0,0,0,0,0,0,3,3,3,3,3,3,3,3,3,3,3,3,2,2,3,3,3,3,3,3,3,3,3,3,1,1,1,1,0,0,0,0,0,0,,,,,,,,,,,,,,,,,,,,,,,,,,,,,,,,,,,,,,,,,,,,,,,,
13355,4000,13356,13358,,0,42,42,39,39,28,28,29,29,34,34,39,39,112,112,1343,1343,1424,1424,1347,1347,1375,1375,1229,1229,1247,1247,1096,1096,1282,1282,1299,1299,1257,1257,1375,1375,1394,1394,536,536,316,316,190,190,140,140,87,87,,,,,,,,,,,,,,,,,,,,,,,,,,,,,,,,,,,,,,,,,,,,,,,,
13356,2000,13126,13355,13663,1,42,42,39,39,28,28,29,29,34,34,39,39,112,112,1343,1343,1424,1424,1347,1347,1375,1375,1229,1229,1247,1247,1096,1096,1282,1282,1299,1299,1257,1257,1375,1375,1394,1394,536,536,316,316,190,190,140,140,87,87,,,,,,,,,,,,,,,,,,,,,,,,,,,,,,,,,,,,,,,,,,,,,,,,
13357,2500,,13116,13358,1,42,42,39,39,28,28,29,29,34,34,39,39,112,112,1343,1343,1424,1424,1347,1347,1375,1375,1229,1229,1247,1247,1096,1096,1282,1282,1299,1299,1257,1257,1375,1375,1394,1394,536,536,316,316,190,190,140,140,87,87,,,,,,,,,,,,,,,,,,,,,,,,,,,,,,,,,,,,,,,,,,,,,,,,
13358,800,13168,,13357;13355,2,0,0,0,0,0,0,0,0,0,0,0,0,0,0,2,2,2,2,2,2,2,2,2,2,2,2,2,2,2,2,2,2,2,2,2,2,2,2,1,1,1,1,0,0,0,0,0,0,,,,,,,,,,,,,,,,,,,,,,,,,,,,,,,,,,,,,,,,,,,,,,,,
13359,4400,13059,13360,,0,42,42,39,39,28,28,29,29,34,34,39,39,112,112,1343,1343,1424,1424,1347,1347,1375,1375,1229,1229,1247,1247,1096,1096,1282,1282,1299,1299,1257,1257,1375,1375,1394,1394,536,536,316,316,190,190,140,140,87,87,,,,,,,,,,,,,,,,,,,,,,,,,,,,,,,,,,,,,,,,,,,,,,,,
13360,2000,13072,13094,13359;13113,2,42,42,39,39,28,28,29,29,34,34,39,39,112,112,1343,1343,1424,1424,1347,1347,1375,1375,1229,1229,1247,1247,1096,1096,1282,1282,1299,1299,1257,1257,1375,1375,1394,1394,536,536,316,316,190,190,140,140,87,87,,,,,,,,,,,,,,,,,,,,,,,,,,,,,,,,,,,,,,,,,,,,,,,,
13361,4400,13116,13362,,0,42,42,39,39,28,28,29,29,34,34,39,39,112,112,1343,1343,1424,1424,1347,1347,1375,1375,1229,1229,1247,1247,1096,1096,1282,1282,1299,1299,1257,1257,1375,1375,1394,1394,536,536,316,316,190,190,140,140,87,87,,,,,,,,,,,,,,,,,,,,,,,,,,,,,,,,,,,,,,,,,,,,,,,,
13362,800,13123,13361,13164,1,0,0,0,0,0,0,0,0,0,0,0,0,0,0,2,2,2,2,2,2,2,2,2,2,2,2,2,2,2,2,2,2,2,2,2,2,2,2,1,1,1,1,0,0,0,0,0,0,,,,,,,,,,,,,,,,,,,,,,,,,,,,,,,,,,,,,,,,,,,,,,,,
13363,1200,13103,13364,,0,0,0,0,0,0,0,0,0,0,0,0,0,0,0,4,4,4,4,4,4,4,4,4,4,4,4,3,3,4,4,4,4,4,4,4,4,4,4,2,2,1,1,1,1,0,0,0,0,,,,,,,,,,,,,,,,,,,,,,,,,,,,,,,,,,,,,,,,,,,,,,,,
13364,800,13365,13363,13377,1,0,0,0,0,0,0,0,0,0,0,0,0,0,0,2,2,2,2,2,2,2,2,2,2,2,2,2,2,2,2,2,2,2,2,2,2,2,2,1,1,1,1,0,0,0,0,0,0,,,,,,,,,,,,,,,,,,,,,,,,,,,,,,,,,,,,,,,,,,,,,,,,
13365,800,13364,13366,,0,0,0,0,0,0,0,0,0,0,0,0,0,0,0,2,2,2,2,2,2,2,2,2,2,2,2,1,1,2,2,2,2,2,2,2,2,2,2,1,1,0,0,0,0,0,0,0,0,,,,,,,,,,,,,,,,,,,,,,,,,,,,,,,,,,,,,,,,,,,,,,,,
13366,800,13367,13365,13078,1,0,0,0,0,0,0,0,0,0,0,0,0,0,0,2,2,2,2,2,2,2,2,2,2,2,2,1,1,2,2,2,2,2,2,2,2,2,2,1,1,0,0,0,0,0,0,0,0,,,,,,,,,,,,,,,,,,,,,,,,,,,,,,,,,,,,,,,,,,,,,,,,
13367,800,13368,13366,,0,0,0,0,0,0,0,0,0,0,0,0,0,0,0,2,2,3,3,3,3,3,3,2,2,2,2,2,2,2,2,2,2,2,2,3,3,3,3,1,1,1,1,0,0,0,0,0,0,,,,,,,,,,,,,,,,,,,,,,,,,,,,,,,,,,,,,,,,,,,,,,,,
13368,800,13367,13369,13067,1,0,0,0,0,0,0,0,0,0,0,0,0,0,0,4,4,4,4,4,4,4,4,3,3,3,3,3,3,3,3,4,4,3,3,4,4,4,4,1,1,1,1,1,1,0,0,0,0,,,,,,,,,,,,,,,,,,,,,,,,,,,,,,,,,,,,,,,,,,,,,,,,
13369,1000,13370,,13368,1,42,42,39,39,28,28,29,29,34,34,39,39,112,112,1343,1343,1424,1424,1347,1347,1375,1375,1229,1229,1247,1247,1096,1096,1282,1282,1299,1299,1257,1257,1375,1375,1394,1394,536,536,316,316,190,190,140,140,87,87,,,,,,,,,,,,,,,,,,,,,,,,,,,,,,,,,,,,,,,,,,,,,,,,
13370,500,13072,13381,13100;13369,2,42,42,39,39,28,28,29,29,34,34,39,39,112,112,1343,1343,1424,1424,1347,1347,1375,1375,1229,1229,1247,1247,1096,1096,1282,1282,1299,1299,1257,1257,1375,1375,1394,1394,536,536,316,316,190,190,140,140,87,87,,,,,,,,,,,,,,,,,,,,,,,,,,,,,,,,,,,,,,,,,,,,,,,,
13371,300,13145,13372,,0,0,0,0,0,0,0,0,0,0,0,0,0,0,0,2,2,2,2,2,2,2,2,2,2,2,2,1,1,2,2,2,2,2,2,2,2,2,2,1,1,0,0,0,0,0,0,0,0,,,,,,,,,,,,,,,,,,,,,,,,,,,,,,,,,,,,,,,,,,,,,,,,
13372,600,13373,13371,13139,1,0,0,0,0,0,0,0,0,0,0,0,0,0,0,2,2,2,2,2,2,2,2,1,1,1,1,1,1,1,1,1,1,1,1,2,2,2,2,1,1,0,0,0,0,0,0,0,0,,,,,,,,,,,,,,,,,,,,,,,,,,,,,,,,,,,,,,,,,,,,,,,,
13373,600,13374,13372,,0,0,0,0,0,0,0,0,0,0,0,0,0,0,0,1,1,1,1,1,1,1,1,1,1,1,1,1,1,1,1,1,1,1,1,1,1,1,1,1,1,0,0,0,0,0,0,0,0,,,,,,,,,,,,,,,,,,,,,,,,,,,,,,,,,,,,,,,,,,,,,,,,
13374,300,13375,13373,13124,1,0,0,0,0,0,0,0,0,0,0,0,0,0,0,1,1,1,1,1,1,1,1,1,1,1,1,1,1,1,1,1,1,1,1,1,1,1,1,0,0,0,0,0,0,0,0,0,0,,,,,,,,,,,,,,,,,,,,,,,,,,,,,,,,,,,,,,,,,,,,,,,,
13375,600,13376,13374,,0,0,0,0,0,0,0,0,0,0,0,0,0,0,0,1,1,1,1,1,1,1,1,1,1,1,1,1,1,1,1,1,1,1,1,1,1,1,1,0,0,0,0,0,0,0,0,0,0,,,,,,,,,,,,,,,,,,,,,,,,,,,,,,,,,,,,,,,,,,,,,,,,
13376,800,13375,13143,13115;13123,2,0,0,0,0,0,0,0,0,0,0,0,0,0,0,0,0,1,1,0,0,0,0,0,0,0,0,0,0,0,0,0,0,0,0,0,0,0,0,0,0,0,0,0,0,0,0,0,0,,,,,,,,,,,,,,,,,,,,,,,,,,,,,,,,,,,,,,,,,,,,,,,,
13377,800,13378,13364,,0,0,0,0,0,0,0,0,0,0,0,0,0,0,0,2,2,2,2,2,2,2,2,2,2,2,2,2,2,2,2,2,2,2,2,2,2,2,2,1,1,0,0,0,0,0,0,0,0,,,,,,,,,,,,,,,,,,,,,,,,,,,,,,,,,,,,,,,,,,,,,,,,
13378,800,13377,13379,13079,1,0,0,0,0,0,0,0,0,0,0,0,0,0,0,2,2,2,2,2,2,2,2,2,2,1,1,1,1,2,2,2,2,2,2,2,2,2,2,1,1,0,0,0,0,0,0,0,0,,,,,,,,,,,,,,,,,,,,,,,,,,,,,,,,,,,,,,,,,,,,,,,,
13379,600,13380,13378,,0,0,0,0,0,0,0,0,0,0,0,0,0,0,0,1,1,1,1,1,1,1,1,1,1,1,1,1,1,1,1,1,1,1,1,1,1,1,1,0,0,0,0,0,0,0,0,0,0,,,,,,,,,,,,,,,,,,,,,,,,,,,,,,,,,,,,,,,,,,,,,,,,
13380,800,13081,13379,13076,1,0,0,0,0,0,0,0,0,0,0,0,0,0,0,1,1,1,1,1,1,1,1,1,1,1,1,1,1,1,1,1,1,1,1,1,1,1,1,0,0,0,0,0,0,0,0,0,0,,,,,,,,,,,,,,,,,,,,,,,,,,,,,,,,,,,,,,,,,,,,,,,,
13381,300,13382,13370,,0,0,0,0,0,0,0,0,0,0,0,0,0,0,0,3,3,3,3,3,3,3,3,3,3,3,3,2,2,3,3,3,3,3,3,3,3,3,3,1,1,1,1,0,0,0,0,0,0,,,,,,,,,,,,,,,,,,,,,,,,,,,,,,,,,,,,,,,,,,,,,,,,
13382,600,13381,13383,13079,1,0,0,0,0,0,0,0,0,0,0,0,0,0,0,2,2,2,2,2,2,2,2,2,2,2,2,2,2,2,2,2,2,2,2,2,2,2,2,1,1,0,0,0,0,0,0,0,0,,,,,,,,,,,,,,,,,,,,,,,,,,,,,,,,,,,,,,,,,,,,,,,,
13383,800,13384,13382,,0,0,0,0,0,0,0,0,0,0,0,0,0,0,0,1,1,1,1,1,1,1,1,1,1,1,1,1,1,1,1,1,1,1,1,1,1,1,1,0,0,0,0,0,0,0,0,0,0,,,,,,,,,,,,,,,,,,,,,,,,,,,,,,,,,,,,,,,,,,,,,,,,
13384,800,13385,13383,13076,1,0,0,0,0,0,0,0,0,0,0,0,0,0,0,1,1,1,1,1,1,1,1,1,1,1,1,1,1,1,1,1,1,1,1,1,1,1,1,0,0,0,0,0,0,0,0,0,0,,,,,,,,,,,,,,,,,,,,,,,,,,,,,,,,,,,,,,,,,,,,,,,,
13385,800,13386,13384,,0,0,0,0,0,0,0,0,0,0,0,0,0,0,0,1,1,1,1,1,1,1,1,1,1,1,1,1,1,1,1,1,1,1,1,1,1,1,1,0,0,0,0,0,0,0,0,0,0,,,,,,,,,,,,,,,,,,,,,,,,,,,,,,,,,,,,,,,,,,,,,,,,
13386,600,13080,13385,13387,1,0,0,0,0,0,0,0,0,0,0,0,0,0,0,1,1,1,1,1,1,1,1,1,1,1,1,1,1,1,1,1,1,1,1,1,1,1,1,0,0,0,0,0,0,0,0,0,0,,,,,,,,,,,,,,,,,,,,,,,,,,,,,,,,,,,,,,,,,,,,,,,,
13387,600,13388,13386,,0,0,0,0,0,0,0,0,0,0,0,0,0,0,0,1,1,1,1,1,1,1,1,1,1,1,1,1,1,1,1,1,1,1,1,1,1,1,1,1,1,0,0,0,0,0,0,0,0,,,,,,,,,,,,,,,,,,,,,,,,,,,,,,,,,,,,,,,,,,,,,,,,
13388,300,13387,13087,13081,1,0,0,0,0,0,0,0,0,0,0,0,0,0,0,1,1,2,2,1,1,2,2,1,1,1,1,1,1,1,1,1,1,1,1,1,1,1,1,1,1,0,0,0,0,0,0,0,0,,,,,,,,,,,,,,,,,,,,,,,,,,,,,,,,,,,,,,,,,,,,,,,,
13389,600,13390,,,0,0,0,0,0,0,0,0,0,0,0,0,0,0,0,3,3,3,3,3,3,3,3,2,2,2,2,2,2,2,2,2,2,2,2,3,3,3,3,1,1,1,1,0,0,0,0,0,0,,,,,,,,,,,,,,,,,,,,,,,,,,,,,,,,,,,,,,,,,,,,,,,,
13390,600,13083,13389,13082,1,0,0,0,0,0,0,0,0,0,0,0,0,0,0,3,3,3,3,3,3,3,3,2,2,2,2,2,2,2,2,3,3,2,2,3,3,3,3,1,1,1,1,0,0,0,0,0,0,,,,,,,,,,,,,,,,,,,,,,,,,,,,,,,,,,,,,,,,,,,,,,,,
13391,2500,13392,13047,,0,42,42,39,39,28,28,29,29,34,34,39,39,112,112,1343,1343,1424,1424,1347,1347,1375,1375,1229,1229,1247,1247,1096,1096,1282,1282,1299,1299,1257,1257,1375,1375,1394,1394,536,536,316,316,190,190,140,140,87,87,,,,,,,,,,,,,,,,,,,,,,,,,,,,,,,,,,,,,,,,,,,,,,,,
13392,2500,13391,13045,13039,1,42,42,39,39,28,28,29,29,34,34,39,39,112,112,1343,1343,1424,1424,1347,1347,1375,1375,1229,1229,1247,1247,1096,1096,1282,1282,1299,1299,1257,1257,1375,1375,1394,1394,536,536,316,316,190,190,140,140,87,87,,,,,,,,,,,,,,,,,,,,,,,,,,,,,,,,,,,,,,,,,,,,,,,,
13393,2500,13036,11516,,0,42,42,39,39,28,28,29,29,34,34,39,39,112,112,1343,1343,1424,1424,1347,1347,1375,1375,1229,1229,1247,1247,1096,1096,1282,1282,1299,1299,1257,1257,1375,1375,1394,1394,536,536,316,316,190,190,140,140,87,87,,,,,,,,,,,,,,,,,,,,,,,,,,,,,,,,,,,,,,,,,,,,,,,,
13394,2000,11532,13036,,0,42,42,39,39,28,28,29,29,34,34,39,39,112,112,1343,1343,1424,1424,1347,1347,1375,1375,1229,1229,1247,1247,1096,1096,1282,1282,1299,1299,1257,1257,1375,1375,1394,1394,536,536,316,316,190,190,140,140,87,87,,,,,,,,,,,,,,,,,,,,,,,,,,,,,,,,,,,,,,,,,,,,,,,,
13395,300,13405,13396,,0,0,0,0,0,0,0,0,0,0,0,0,0,0,0,1,1,1,1,1,1,1,1,1,1,1,1,1,1,1,1,1,1,1,1,1,1,1,1,1,1,0,0,0,0,0,0,0,0,,,,,,,,,,,,,,,,,,,,,,,,,,,,,,,,,,,,,,,,,,,,,,,,
13396,300,12957,14522,13395,1,0,0,0,0,0,0,0,0,0,0,0,0,0,0,1,1,1,1,1,1,1,1,1,1,1,1,1,1,1,1,1,1,1,1,1,1,1,1,1,1,0,0,0,0,0,0,0,0,,,,,,,,,,,,,,,,,,,,,,,,,,,,,,,,,,,,,,,,,,,,,,,,
13397,300,13406,13398,,0,0,0,0,0,0,0,0,0,0,0,0,0,0,0,2,2,2,2,2,2,2,2,2,2,2,2,2,2,2,2,2,2,2,2,2,2,2,2,1,1,1,1,0,0,0,0,0,0,,,,,,,,,,,,,,,,,,,,,,,,,,,,,,,,,,,,,,,,,,,,,,,,
13398,300,13397,12957,12971,1,0,0,0,0,0,0,0,0,0,0,0,0,0,0,2,2,2,2,2,2,2,2,2,2,2,2,2,2,2,2,2,2,2,2,2,2,2,2,1,1,1,1,0,0,0,0,0,0,,,,,,,,,,,,,,,,,,,,,,,,,,,,,,,,,,,,,,,,,,,,,,,,
13399,2750,14537,13400,,0,43,43,43,43,30,30,32,32,38,38,42,42,118,118,1168,1168,1302,1302,1212,1212,1190,1190,1101,1101,1066,1066,1011,1011,1113,1113,1136,1136,1132,1132,1218,1218,1186,1186,443,443,270,270,171,171,125,125,72,72,,,,,,,,,,,,,,,,,,,,,,,,,,,,,,,,,,,,,,,,,,,,,,,,
134,1200,480,,,0,0,0,0,0,0,0,0,0,0,0,0,0,0,0,5,5,5,5,5,5,5,5,5,5,4,4,5,5,5,5,5,5,5,5,5,5,5,5,1,1,1,1,0,0,0,0,0,0,,,,,,,,,,,,,,,,,,,,,,,,,,,,,,,,,,,,,,,,,,,,,,,,
13400,600,13401,12971,13399,1,0,0,0,0,0,0,0,0,0,0,0,0,0,0,2,2,3,3,3,3,3,3,2,2,2,2,2,2,2,2,2,2,2,2,2,2,2,2,1,1,1,1,1,1,0,0,0,0,,,,,,,,,,,,,,,,,,,,,,,,,,,,,,,,,,,,,,,,,,,,,,,,
13401,2500,13400,13403,,0,54,54,54,54,38,38,41,41,48,48,53,53,149,149,1126,1126,1279,1279,1185,1185,1176,1176,1064,1064,1030,1030,978,978,1073,1073,1075,1075,1072,1072,1157,1157,1124,1124,530,530,326,326,208,208,152,152,86,86,,,,,,,,,,,,,,,,,,,,,,,,,,,,,,,,,,,,,,,,,,,,,,,,
13402,2500,13404,13407,12981,1,54,54,54,54,38,38,41,41,48,48,53,53,149,149,1126,1126,1279,1279,1185,1185,1176,1176,1064,1064,1030,1030,978,978,1073,1073,1075,1075,1072,1072,1157,1157,1124,1124,530,530,326,326,208,208,152,152,86,86,,,,,,,,,,,,,,,,,,,,,,,,,,,,,,,,,,,,,,,,,,,,,,,,
13403,300,,12964,13404;13401,2,0,0,0,0,0,0,0,0,0,0,0,0,0,0,3,3,3,3,3,3,3,3,3,3,3,3,3,3,3,3,3,3,3,3,3,3,3,3,2,2,1,1,1,1,0,0,0,0,,,,,,,,,,,,,,,,,,,,,,,,,,,,,,,,,,,,,,,,,,,,,,,,
13404,300,,13402,13403,1,0,0,0,0,0,0,0,0,0,0,0,0,1,1,3,3,4,4,3,3,3,3,3,3,3,3,3,3,3,3,3,3,3,3,3,3,3,3,2,2,1,1,1,1,0,0,0,0,,,,,,,,,,,,,,,,,,,,,,,,,,,,,,,,,,,,,,,,,,,,,,,,
13405,1600,13414,13406,13395,1,0,0,0,0,0,0,0,0,0,0,0,0,0,0,1,1,1,1,1,1,1,1,1,1,1,1,1,1,1,1,1,1,1,1,1,1,1,1,0,0,0,0,0,0,0,0,0,0,,,,,,,,,,,,,,,,,,,,,,,,,,,,,,,,,,,,,,,,,,,,,,,,
13406,300,12956,13397,13405,1,0,0,0,0,0,0,0,0,0,0,0,0,0,0,1,1,2,2,2,2,2,2,1,1,1,1,1,1,1,1,1,1,1,1,1,1,1,1,1,1,0,0,0,0,0,0,0,0,,,,,,,,,,,,,,,,,,,,,,,,,,,,,,,,,,,,,,,,,,,,,,,,
13407,2000,13408,13402,,0,54,54,54,54,38,38,41,41,48,48,53,53,149,149,1126,1126,1279,1279,1185,1185,1176,1176,1064,1064,1030,1030,978,978,1073,1073,1075,1075,1072,1072,1157,1157,1124,1124,530,530,326,326,208,208,152,152,86,86,,,,,,,,,,,,,,,,,,,,,,,,,,,,,,,,,,,,,,,,,,,,,,,,
13408,1200,12956,13409,13407,1,0,0,0,0,0,0,0,0,0,0,0,0,0,0,2,2,2,2,2,2,2,2,2,2,2,2,2,2,2,2,2,2,2,2,2,2,2,2,1,1,1,1,0,0,0,0,0,0,,,,,,,,,,,,,,,,,,,,,,,,,,,,,,,,,,,,,,,,,,,,,,,,
13409,1200,13410,13408,,0,0,0,0,0,0,0,0,0,0,0,0,0,0,0,2,2,3,3,2,2,2,2,2,2,2,2,2,2,2,2,2,2,2,2,2,2,2,2,1,1,1,1,0,0,0,0,0,0,,,,,,,,,,,,,,,,,,,,,,,,,,,,,,,,,,,,,,,,,,,,,,,,
13410,800,13409,12975,12984,1,0,0,0,0,0,0,0,0,0,0,0,0,0,0,2,2,3,3,3,3,3,3,2,2,2,2,2,2,2,2,2,2,2,2,3,3,2,2,1,1,1,1,1,1,0,0,0,0,,,,,,,,,,,,,,,,,,,,,,,,,,,,,,,,,,,,,,,,,,,,,,,,
13411,1200,,13412,,0,0,0,0,0,0,0,0,0,0,0,0,0,0,0,2,2,3,3,3,3,3,3,2,2,2,2,2,2,2,2,2,2,2,2,2,2,2,2,1,1,1,1,1,1,0,0,0,0,,,,,,,,,,,,,,,,,,,,,,,,,,,,,,,,,,,,,,,,,,,,,,,,
13412,1200,13411,,12984,1,0,0,0,0,0,0,0,0,0,0,0,0,0,0,3,3,3,3,3,3,3,3,3,3,2,2,2,2,3,3,3,3,3,3,3,3,3,3,1,1,1,1,1,1,0,0,0,0,,,,,,,,,,,,,,,,,,,,,,,,,,,,,,,,,,,,,,,,,,,,,,,,
13413,1200,13414,12932,,0,0,0,0,0,0,0,0,0,0,0,0,0,0,0,1,1,1,1,1,1,1,1,1,1,0,0,0,0,1,1,1,1,1,1,1,1,1,1,0,0,0,0,0,0,0,0,0,0,,,,,,,,,,,,,,,,,,,,,,,,,,,,,,,,,,,,,,,,,,,,,,,,
13414,300,14498,13405,13413,1,0,0,0,0,0,0,0,0,0,0,0,0,0,0,1,1,1,1,1,1,1,1,1,1,1,1,1,1,1,1,1,1,1,1,1,1,1,1,0,0,0,0,0,0,0,0,0,0,,,,,,,,,,,,,,,,,,,,,,,,,,,,,,,,,,,,,,,,,,,,,,,,
13415,800,13416,13017,,0,0,0,0,0,0,0,0,0,0,0,0,0,0,0,2,2,2,2,2,2,2,2,2,2,1,1,1,1,2,2,2,2,2,2,2,2,2,2,1,1,1,1,0,0,0,0,0,0,,,,,,,,,,,,,,,,,,,,,,,,,,,,,,,,,,,,,,,,,,,,,,,,
13416,800,13415,13417,13014;13026,2,0,0,0,0,0,0,0,0,0,0,0,0,0,0,2,2,2,2,2,2,2,2,2,2,2,2,2,2,2,2,2,2,2,2,2,2,2,2,1,1,1,1,0,0,0,0,0,0,,,,,,,,,,,,,,,,,,,,,,,,,,,,,,,,,,,,,,,,,,,,,,,,
13417,800,13416,13418,,0,0,0,0,0,0,0,0,0,0,0,0,0,0,0,1,1,2,2,2,2,2,2,1,1,1,1,1,1,1,1,1,1,1,1,1,1,1,1,1,1,0,0,0,0,0,0,0,0,,,,,,,,,,,,,,,,,,,,,,,,,,,,,,,,,,,,,,,,,,,,,,,,
13418,300,13060,,13417;13419,2,0,0,0,0,0,0,0,0,0,0,0,0,0,0,1,1,2,2,1,1,1,1,1,1,1,1,1,1,1,1,1,1,1,1,1,1,1,1,1,1,0,0,0,0,0,0,0,0,,,,,,,,,,,,,,,,,,,,,,,,,,,,,,,,,,,,,,,,,,,,,,,,
13419,800,13418,13420,,0,53,53,55,55,38,38,42,42,48,48,53,53,146,146,715,715,891,891,804,804,768,768,707,707,638,638,676,676,679,679,669,669,696,696,738,738,671,671,411,411,264,264,178,178,130,130,66,66,,,,,,,,,,,,,,,,,,,,,,,,,,,,,,,,,,,,,,,,,,,,,,,,
13420,300,,13020,13419;13032,2,0,0,0,0,0,0,0,0,0,0,0,0,0,0,1,1,1,1,1,1,1,1,1,1,1,1,1,1,1,1,1,1,1,1,1,1,1,1,1,1,0,0,0,0,0,0,0,0,,,,,,,,,,,,,,,,,,,,,,,,,,,,,,,,,,,,,,,,,,,,,,,,
13421,800,13052,13032,13029,1,0,0,0,0,0,0,0,0,0,0,0,0,0,0,1,1,1,1,1,1,1,1,1,1,0,0,0,0,1,1,1,1,1,1,1,1,1,1,0,0,0,0,0,0,0,0,0,0,,,,,,,,,,,,,,,,,,,,,,,,,,,,,,,,,,,,,,,,,,,,,,,,
13422,800,13423,13029,13426,1,0,0,0,0,0,0,0,0,0,0,0,0,0,0,1,1,1,1,1,1,1,1,1,1,1,1,1,1,1,1,1,1,1,1,1,1,1,1,0,0,0,0,0,0,0,0,0,0,,,,,,,,,,,,,,,,,,,,,,,,,,,,,,,,,,,,,,,,,,,,,,,,
13423,800,13422,13424,,0,0,0,0,0,0,0,0,0,0,0,0,0,0,0,1,1,1,1,1,1,1,1,1,1,1,1,1,1,1,1,1,1,1,1,1,1,1,1,0,0,0,0,0,0,0,0,0,0,,,,,,,,,,,,,,,,,,,,,,,,,,,,,,,,,,,,,,,,,,,,,,,,
13424,800,13027,13010,13423,1,0,0,0,0,0,0,0,0,0,0,0,0,0,0,1,1,1,1,1,1,1,1,1,1,1,1,1,1,1,1,1,1,1,1,1,1,1,1,1,1,0,0,0,0,0,0,0,0,,,,,,,,,,,,,,,,,,,,,,,,,,,,,,,,,,,,,,,,,,,,,,,,
13425,600,13712,13711,,0,0,0,0,0,0,0,0,0,0,0,0,0,1,1,3,3,4,4,3,3,3,3,3,3,3,3,3,3,3,3,3,3,3,3,3,3,3,3,2,2,1,1,1,1,0,0,0,0,,,,,,,,,,,,,,,,,,,,,,,,,,,,,,,,,,,,,,,,,,,,,,,,
13426,300,13427,13422,,0,0,0,0,0,0,0,0,0,0,0,0,0,0,0,1,1,1,1,1,1,1,1,1,1,1,1,1,1,1,1,1,1,1,1,1,1,1,1,0,0,0,0,0,0,0,0,0,0,,,,,,,,,,,,,,,,,,,,,,,,,,,,,,,,,,,,,,,,,,,,,,,,
13427,300,13021,13010,13426,1,0,0,0,0,0,0,0,0,0,0,0,0,0,0,1,1,1,1,1,1,1,1,1,1,1,1,1,1,1,1,1,1,1,1,1,1,1,1,1,1,0,0,0,0,0,0,0,0,,,,,,,,,,,,,,,,,,,,,,,,,,,,,,,,,,,,,,,,,,,,,,,,
13428,800,13278,13277,12929,1,0,0,0,0,0,0,0,0,0,0,0,0,0,0,2,2,2,2,2,2,2,2,2,2,1,1,1,1,2,2,2,2,2,2,2,2,2,2,1,1,1,1,0,0,0,0,0,0,,,,,,,,,,,,,,,,,,,,,,,,,,,,,,,,,,,,,,,,,,,,,,,,
13429,3000,13346,13430,,0,54,54,54,54,38,38,41,41,48,48,53,53,149,149,1126,1126,1279,1279,1185,1185,1176,1176,1064,1064,1030,1030,978,978,1073,1073,1075,1075,1072,1072,1157,1157,1124,1124,530,530,326,326,208,208,152,152,86,86,,,,,,,,,,,,,,,,,,,,,,,,,,,,,,,,,,,,,,,,,,,,,,,,
13430,3500,13279,13429,13437,1,54,54,54,54,38,38,41,41,48,48,53,53,149,149,1126,1126,1279,1279,1185,1185,1176,1176,1064,1064,1030,1030,978,978,1073,1073,1075,1075,1072,1072,1157,1157,1124,1124,530,530,326,326,208,208,152,152,86,86,,,,,,,,,,,,,,,,,,,,,,,,,,,,,,,,,,,,,,,,,,,,,,,,
13431,1600,13432,12932,,0,0,0,0,0,0,0,0,0,0,0,0,0,0,0,0,0,1,1,1,1,1,1,0,0,0,0,0,0,0,0,0,0,0,0,1,1,0,0,0,0,0,0,0,0,0,0,0,0,,,,,,,,,,,,,,,,,,,,,,,,,,,,,,,,,,,,,,,,,,,,,,,,
13432,1200,12924,13433,13431,1,0,0,0,0,0,0,0,0,0,0,0,0,0,0,1,1,1,1,1,1,1,1,1,1,0,0,0,0,1,1,1,1,1,1,1,1,1,1,0,0,0,0,0,0,0,0,0,0,,,,,,,,,,,,,,,,,,,,,,,,,,,,,,,,,,,,,,,,,,,,,,,,
13433,1600,13432,13434,,0,0,0,0,0,0,0,0,0,0,0,0,0,0,0,1,1,1,1,1,1,1,1,1,1,1,1,1,1,1,1,1,1,1,1,1,1,1,1,0,0,0,0,0,0,0,0,0,0,,,,,,,,,,,,,,,,,,,,,,,,,,,,,,,,,,,,,,,,,,,,,,,,
13434,1200,13436,,12933;13433,2,0,0,0,0,0,0,0,0,0,0,0,0,0,0,1,1,1,1,1,1,1,1,1,1,1,1,1,1,1,1,1,1,1,1,1,1,1,1,0,0,0,0,0,0,0,0,0,0,,,,,,,,,,,,,,,,,,,,,,,,,,,,,,,,,,,,,,,,,,,,,,,,
13435,800,14925,12932,,0,0,0,0,0,0,0,0,0,0,0,0,0,0,0,3,3,3,3,3,3,3,3,3,3,3,3,3,3,3,3,3,3,3,3,3,3,3,3,1,1,1,1,0,0,0,0,0,0,,,,,,,,,,,,,,,,,,,,,,,,,,,,,,,,,,,,,,,,,,,,,,,,
13436,1200,13434,10341,,0,1,1,1,1,1,1,1,1,1,1,1,1,3,3,20,20,24,24,22,22,21,21,19,19,18,18,19,19,18,18,19,19,19,19,20,20,18,18,9,9,6,6,4,4,3,3,1,1,,,,,,,,,,,,,,,,,,,,,,,,,,,,,,,,,,,,,,,,,,,,,,,,
13437,4400,13430,13438,,0,54,54,54,54,38,38,41,41,48,48,53,53,149,149,1126,1126,1279,1279,1185,1185,1176,1176,1064,1064,1030,1030,978,978,1073,1073,1075,1075,1072,1072,1157,1157,1124,1124,530,530,326,326,208,208,152,152,86,86,,,,,,,,,,,,,,,,,,,,,,,,,,,,,,,,,,,,,,,,,,,,,,,,
13438,1200,12951,12996,12969;13437,2,0,0,0,0,0,0,0,0,0,0,0,0,0,0,2,2,2,2,2,2,2,2,2,2,2,2,2,2,2,2,2,2,2,2,2,2,2,2,1,1,1,1,0,0,0,0,0,0,,,,,,,,,,,,,,,,,,,,,,,,,,,,,,,,,,,,,,,,,,,,,,,,
13439,2500,13340,13440,,0,54,54,54,54,38,38,41,41,48,48,53,53,149,149,1126,1126,1279,1279,1185,1185,1176,1176,1064,1064,1030,1030,978,978,1073,1073,1075,1075,1072,1072,1157,1157,1124,1124,530,530,326,326,208,208,152,152,86,86,,,,,,,,,,,,,,,,,,,,,,,,,,,,,,,,,,,,,,,,,,,,,,,,
13440,1600,13441,13439,13033,1,0,0,0,0,0,0,0,0,0,0,0,0,1,1,3,3,4,4,3,3,3,3,3,3,3,3,3,3,3,3,3,3,3,3,3,3,3,3,2,2,1,1,1,1,1,1,0,0,,,,,,,,,,,,,,,,,,,,,,,,,,,,,,,,,,,,,,,,,,,,,,,,
13441,2000,13442,13440,,0,54,54,54,54,38,38,41,41,48,48,53,53,149,149,1126,1126,1279,1279,1185,1185,1176,1176,1064,1064,1030,1030,978,978,1073,1073,1075,1075,1072,1072,1157,1157,1124,1124,530,530,326,326,208,208,152,152,86,86,,,,,,,,,,,,,,,,,,,,,,,,,,,,,,,,,,,,,,,,,,,,,,,,
13442,2000,13441,13443,13022,1,42,42,39,39,28,28,29,29,34,34,39,39,112,112,1343,1343,1424,1424,1347,1347,1375,1375,1229,1229,1247,1247,1096,1096,1282,1282,1299,1299,1257,1257,1375,1375,1394,1394,536,536,316,316,190,190,140,140,87,87,,,,,,,,,,,,,,,,,,,,,,,,,,,,,,,,,,,,,,,,,,,,,,,,
13443,1600,13444,13442,,0,53,53,55,55,38,38,42,42,48,48,53,53,146,146,715,715,891,891,804,804,768,768,707,707,638,638,676,676,679,679,669,669,696,696,738,738,671,671,411,411,264,264,178,178,130,130,66,66,,,,,,,,,,,,,,,,,,,,,,,,,,,,,,,,,,,,,,,,,,,,,,,,
13444,1600,13443,13042,13445,1,0,0,0,0,0,0,0,0,0,0,0,0,0,0,1,1,1,1,1,1,1,1,1,1,1,1,1,1,1,1,1,1,1,1,1,1,1,1,0,0,0,0,0,0,0,0,0,0,,,,,,,,,,,,,,,,,,,,,,,,,,,,,,,,,,,,,,,,,,,,,,,,
13445,1200,13444,13446,,0,0,0,0,0,0,0,0,0,0,0,0,0,0,0,1,1,1,1,1,1,1,1,1,1,1,1,1,1,1,1,1,1,1,1,1,1,1,1,0,0,0,0,0,0,0,0,0,0,,,,,,,,,,,,,,,,,,,,,,,,,,,,,,,,,,,,,,,,,,,,,,,,
13446,400,13015,13445,13002,1,0,0,0,0,0,0,0,0,0,0,0,0,0,0,1,1,1,1,1,1,1,1,1,1,1,1,1,1,1,1,1,1,1,1,1,1,1,1,0,0,0,0,0,0,0,0,0,0,,,,,,,,,,,,,,,,,,,,,,,,,,,,,,,,,,,,,,,,,,,,,,,,
13447,800,13448,13011,,0,0,0,0,0,0,0,0,0,0,0,0,0,0,0,3,3,3,3,3,3,3,3,3,3,2,2,2,2,3,3,3,3,3,3,3,3,3,3,1,1,1,1,0,0,0,0,0,0,,,,,,,,,,,,,,,,,,,,,,,,,,,,,,,,,,,,,,,,,,,,,,,,
13448,1200,13447,13002,13005,1,0,0,0,0,0,0,0,0,0,0,0,0,0,0,2,2,2,2,2,2,2,2,2,2,2,2,2,2,2,2,2,2,2,2,2,2,2,2,1,1,0,0,0,0,0,0,0,0,,,,,,,,,,,,,,,,,,,,,,,,,,,,,,,,,,,,,,,,,,,,,,,,
13449,300,13450,12983,,0,0,0,0,0,0,0,0,0,0,0,0,0,0,0,1,1,1,1,1,1,1,1,1,1,1,1,1,1,1,1,1,1,1,1,1,1,1,1,0,0,0,0,0,0,0,0,0,0,,,,,,,,,,,,,,,,,,,,,,,,,,,,,,,,,,,,,,,,,,,,,,,,
13450,400,13449,12978,12963,1,0,0,0,0,0,0,0,0,0,0,0,0,0,0,1,1,1,1,1,1,1,1,1,1,1,1,1,1,1,1,1,1,1,1,1,1,1,1,1,1,0,0,0,0,0,0,0,0,,,,,,,,,,,,,,,,,,,,,,,,,,,,,,,,,,,,,,,,,,,,,,,,
13451,800,12973,13452,,0,0,0,0,0,0,0,0,0,0,0,0,0,0,0,2,2,3,3,3,3,3,3,2,2,2,2,2,2,2,2,2,2,2,2,3,3,3,3,1,1,1,1,0,0,0,0,0,0,,,,,,,,,,,,,,,,,,,,,,,,,,,,,,,,,,,,,,,,,,,,,,,,
13452,800,12963,13451,12967,1,0,0,0,0,0,0,0,0,0,0,0,0,0,0,3,3,4,4,3,3,3,3,3,3,3,3,3,3,3,3,3,3,3,3,3,3,3,3,1,1,1,1,0,0,0,0,0,0,,,,,,,,,,,,,,,,,,,,,,,,,,,,,,,,,,,,,,,,,,,,,,,,
13453,1600,13454,13011,,0,0,0,0,0,0,0,0,0,0,0,0,0,0,0,2,2,2,2,2,2,2,2,2,2,2,2,2,2,2,2,2,2,2,2,2,2,2,2,1,1,0,0,0,0,0,0,0,0,,,,,,,,,,,,,,,,,,,,,,,,,,,,,,,,,,,,,,,,,,,,,,,,
13454,1600,13455,13051,13453,1,0,0,0,0,0,0,0,0,0,0,0,0,0,0,1,1,1,1,1,1,1,1,1,1,1,1,1,1,1,1,1,1,1,1,1,1,1,1,0,0,0,0,0,0,0,0,0,0,,,,,,,,,,,,,,,,,,,,,,,,,,,,,,,,,,,,,,,,,,,,,,,,
13455,800,13454,13456,,0,0,0,0,0,0,0,0,0,0,0,0,0,0,0,1,1,1,1,1,1,1,1,1,1,1,1,1,1,1,1,1,1,1,1,1,1,1,1,0,0,0,0,0,0,0,0,0,0,,,,,,,,,,,,,,,,,,,,,,,,,,,,,,,,,,,,,,,,,,,,,,,,
13456,1200,13455,13040,13053,1,0,0,0,0,0,0,0,0,0,0,0,0,0,0,1,1,1,1,1,1,1,1,1,1,1,1,1,1,1,1,1,1,1,1,1,1,1,1,0,0,0,0,0,0,0,0,0,0,,,,,,,,,,,,,,,,,,,,,,,,,,,,,,,,,,,,,,,,,,,,,,,,
13457,1600,13011,13458,,0,0,0,0,0,0,0,0,0,0,0,0,0,0,0,2,2,2,2,2,2,2,2,2,2,2,2,2,2,2,2,2,2,2,2,2,2,2,2,1,1,0,0,0,0,0,0,0,0,,,,,,,,,,,,,,,,,,,,,,,,,,,,,,,,,,,,,,,,,,,,,,,,
13458,800,12999,13034,13009;13457,2,0,0,0,0,0,0,0,0,0,0,0,0,0,0,3,3,3,3,3,3,3,3,2,2,2,2,2,2,3,3,3,3,3,3,3,3,3,3,1,1,1,1,0,0,0,0,0,0,,,,,,,,,,,,,,,,,,,,,,,,,,,,,,,,,,,,,,,,,,,,,,,,
13459,4400,13460,12928,,0,42,42,39,39,28,28,29,29,34,34,39,39,112,112,1343,1343,1424,1424,1347,1347,1375,1375,1229,1229,1247,1247,1096,1096,1282,1282,1299,1299,1257,1257,1375,1375,1394,1394,536,536,316,316,190,190,140,140,87,87,,,,,,,,,,,,,,,,,,,,,,,,,,,,,,,,,,,,,,,,,,,,,,,,
13460,1200,12961,12988,13459,1,0,0,0,0,0,0,0,0,0,0,0,0,0,0,2,2,3,3,3,3,3,3,2,2,2,2,2,2,2,2,2,2,2,2,3,3,2,2,1,1,1,1,0,0,0,0,0,0,,,,,,,,,,,,,,,,,,,,,,,,,,,,,,,,,,,,,,,,,,,,,,,,
13461,4400,13462,12997,,0,42,42,39,39,28,28,29,29,34,34,39,39,112,112,1343,1343,1424,1424,1347,1347,1375,1375,1229,1229,1247,1247,1096,1096,1282,1282,1299,1299,1257,1257,1375,1375,1394,1394,536,536,316,316,190,190,140,140,87,87,,,,,,,,,,,,,,,,,,,,,,,,,,,,,,,,,,,,,,,,,,,,,,,,
13462,1200,13035,13463,13461,1,0,0,0,0,0,0,0,0,0,0,0,0,0,0,3,3,3,3,3,3,3,3,3,3,3,3,2,2,3,3,3,3,3,3,3,3,3,3,1,1,1,1,0,0,0,0,0,0,,,,,,,,,,,,,,,,,,,,,,,,,,,,,,,,,,,,,,,,,,,,,,,,
13463,4400,13464,13462,,0,42,42,39,39,28,28,29,29,34,34,39,39,112,112,1343,1343,1424,1424,1347,1347,1375,1375,1229,1229,1247,1247,1096,1096,1282,1282,1299,1299,1257,1257,1375,1375,1394,1394,536,536,316,316,190,190,140,140,87,87,,,,,,,,,,,,,,,,,,,,,,,,,,,,,,,,,,,,,,,,,,,,,,,,
13464,1200,13463,13041,13048,1,0,0,0,0,0,0,0,0,0,0,0,0,0,0,3,3,3,3,3,3,3,3,3,3,3,3,3,3,3,3,3,3,3,3,3,3,3,3,1,1,1,1,0,0,0,0,0,0,,,,,,,,,,,,,,,,,,,,,,,,,,,,,,,,,,,,,,,,,,,,,,,,
13465,2000,13466,12997,,0,42,42,39,39,28,28,29,29,34,34,39,39,112,112,1343,1343,1424,1424,1347,1347,1375,1375,1229,1229,1247,1247,1096,1096,1282,1282,1299,1299,1257,1257,1375,1375,1394,1394,536,536,316,316,190,190,140,140,87,87,,,,,,,,,,,,,,,,,,,,,,,,,,,,,,,,,,,,,,,,,,,,,,,,
13466,1600,13465,12992,12980,1,0,0,0,0,0,0,0,0,0,0,0,0,0,0,3,3,3,3,3,3,3,3,3,3,3,3,2,2,3,3,3,3,3,3,3,3,3,3,1,1,1,1,0,0,0,0,0,0,,,,,,,,,,,,,,,,,,,,,,,,,,,,,,,,,,,,,,,,,,,,,,,,
13467,4400,12928,13468,,0,42,42,39,39,28,28,29,29,34,34,39,39,112,112,1343,1343,1424,1424,1347,1347,1375,1375,1229,1229,1247,1247,1096,1096,1282,1282,1299,1299,1257,1257,1375,1375,1394,1394,536,536,316,316,190,190,140,140,87,87,,,,,,,,,,,,,,,,,,,,,,,,,,,,,,,,,,,,,,,,,,,,,,,,
13468,2000,13467,12980,12923,1,42,42,39,39,28,28,29,29,34,34,39,39,112,112,1343,1343,1424,1424,1347,1347,1375,1375,1229,1229,1247,1247,1096,1096,1282,1282,1299,1299,1257,1257,1375,1375,1394,1394,536,536,316,316,190,190,140,140,87,87,,,,,,,,,,,,,,,,,,,,,,,,,,,,,,,,,,,,,,,,,,,,,,,,
13469,2000,13470,12915,,0,42,42,39,39,28,28,29,29,34,34,39,39,112,112,1343,1343,1424,1424,1347,1347,1375,1375,1229,1229,1247,1247,1096,1096,1282,1282,1299,1299,1257,1257,1375,1375,1394,1394,536,536,316,316,190,190,140,140,87,87,,,,,,,,,,,,,,,,,,,,,,,,,,,,,,,,,,,,,,,,,,,,,,,,
13470,2500,13471,13469,12930,1,42,42,39,39,28,28,29,29,34,34,39,39,112,112,1343,1343,1424,1424,1347,1347,1375,1375,1229,1229,1247,1247,1096,1096,1282,1282,1299,1299,1257,1257,1375,1375,1394,1394,536,536,316,316,190,190,140,140,87,87,,,,,,,,,,,,,,,,,,,,,,,,,,,,,,,,,,,,,,,,,,,,,,,,
13471,2000,13470,13472,,0,42,42,39,39,28,28,29,29,34,34,39,39,112,112,1343,1343,1424,1424,1347,1347,1375,1375,1229,1229,1247,1247,1096,1096,1282,1282,1299,1299,1257,1257,1375,1375,1394,1394,536,536,316,316,190,190,140,140,87,87,,,,,,,,,,,,,,,,,,,,,,,,,,,,,,,,,,,,,,,,,,,,,,,,
13472,2500,12965,13471,12950,1,42,42,39,39,28,28,29,29,34,34,39,39,112,112,1343,1343,1424,1424,1347,1347,1375,1375,1229,1229,1247,1247,1096,1096,1282,1282,1299,1299,1257,1257,1375,1375,1394,1394,536,536,316,316,190,190,140,140,87,87,,,,,,,,,,,,,,,,,,,,,,,,,,,,,,,,,,,,,,,,,,,,,,,,
13473,2000,12976,13474,,0,42,42,39,39,28,28,29,29,34,34,39,39,112,112,1343,1343,1424,1424,1347,1347,1375,1375,1229,1229,1247,1247,1096,1096,1282,1282,1299,1299,1257,1257,1375,1375,1394,1394,536,536,316,316,190,190,140,140,87,87,,,,,,,,,,,,,,,,,,,,,,,,,,,,,,,,,,,,,,,,,,,,,,,,
13474,2500,13475,13473,13004,1,42,42,39,39,28,28,29,29,34,34,39,39,112,112,1343,1343,1424,1424,1347,1347,1375,1375,1229,1229,1247,1247,1096,1096,1282,1282,1299,1299,1257,1257,1375,1375,1394,1394,536,536,316,316,190,190,140,140,87,87,,,,,,,,,,,,,,,,,,,,,,,,,,,,,,,,,,,,,,,,,,,,,,,,
13475,2000,13476,13474,,0,42,42,39,39,28,28,29,29,34,34,39,39,112,112,1343,1343,1424,1424,1347,1347,1375,1375,1229,1229,1247,1247,1096,1096,1282,1282,1299,1299,1257,1257,1375,1375,1394,1394,536,536,316,316,190,190,140,140,87,87,,,,,,,,,,,,,,,,,,,,,,,,,,,,,,,,,,,,,,,,,,,,,,,,
13476,800,13024,13019,13475,1,0,0,0,0,0,0,0,0,0,0,0,0,0,0,4,4,4,4,4,4,4,4,4,4,3,3,3,3,4,4,4,4,4,4,4,4,4,4,1,1,1,1,1,1,0,0,0,0,,,,,,,,,,,,,,,,,,,,,,,,,,,,,,,,,,,,,,,,,,,,,,,,
13477,1200,13478,13006,,0,0,0,0,0,0,0,0,0,0,0,0,0,0,0,3,3,4,4,4,4,4,4,3,3,3,3,3,3,3,3,3,3,3,3,4,4,3,3,1,1,1,1,0,0,0,0,0,0,,,,,,,,,,,,,,,,,,,,,,,,,,,,,,,,,,,,,,,,,,,,,,,,
13478,2000,12993,13001,13477,1,42,42,39,39,28,28,29,29,34,34,39,39,112,112,1343,1343,1424,1424,1347,1347,1375,1375,1229,1229,1247,1247,1096,1096,1282,1282,1299,1299,1257,1257,1375,1375,1394,1394,536,536,316,316,190,190,140,140,87,87,,,,,,,,,,,,,,,,,,,,,,,,,,,,,,,,,,,,,,,,,,,,,,,,
13479,1600,12949,13480,,0,0,0,0,0,0,0,0,0,0,0,0,0,0,0,3,3,3,3,3,3,3,3,3,3,3,3,3,3,3,3,3,3,3,3,3,3,3,3,1,1,1,1,0,0,0,0,0,0,,,,,,,,,,,,,,,,,,,,,,,,,,,,,,,,,,,,,,,,,,,,,,,,
13480,1200,12938,12944,13479,1,0,0,0,0,0,0,0,0,0,0,0,0,0,0,4,4,4,4,4,4,4,4,3,3,3,3,3,3,3,3,4,4,3,3,4,4,4,4,1,1,1,1,1,1,0,0,0,0,,,,,,,,,,,,,,,,,,,,,,,,,,,,,,,,,,,,,,,,,,,,,,,,
13481,800,13482,13006,,0,0,0,0,0,0,0,0,0,0,0,0,0,0,0,3,3,3,3,3,3,3,3,3,3,3,3,3,3,3,3,3,3,3,3,3,3,3,3,1,1,1,1,0,0,0,0,0,0,,,,,,,,,,,,,,,,,,,,,,,,,,,,,,,,,,,,,,,,,,,,,,,,
13482,800,13481,11381,13023,1,0,0,0,0,0,0,0,0,0,0,0,0,0,0,3,3,4,4,4,4,4,4,3,3,3,3,3,3,3,3,3,3,3,3,4,4,4,4,1,1,1,1,0,0,0,0,0,0,,,,,,,,,,,,,,,,,,,,,,,,,,,,,,,,,,,,,,,,,,,,,,,,
13483,800,12979,13484,,0,0,0,0,0,0,0,0,0,0,0,0,0,0,0,3,3,3,3,3,3,3,3,3,3,2,2,2,2,3,3,3,3,3,3,3,3,3,3,1,1,1,1,0,0,0,0,0,0,,,,,,,,,,,,,,,,,,,,,,,,,,,,,,,,,,,,,,,,,,,,,,,,
13484,800,12974,13483,13489,1,0,0,0,0,0,0,0,0,0,0,0,0,0,0,3,3,3,3,3,3,3,3,2,2,2,2,2,2,2,2,2,2,2,2,3,3,3,3,1,1,1,1,0,0,0,0,0,0,,,,,,,,,,,,,,,,,,,,,,,,,,,,,,,,,,,,,,,,,,,,,,,,
13485,400,11373,13486,,0,0,0,0,0,0,0,0,0,0,0,0,0,0,0,4,4,4,4,4,4,4,4,4,4,4,4,3,3,4,4,4,4,4,4,4,4,4,4,2,2,1,1,1,1,0,0,0,0,,,,,,,,,,,,,,,,,,,,,,,,,,,,,,,,,,,,,,,,,,,,,,,,
13486,400,12977,13485,12974,1,0,0,0,0,0,0,0,0,0,0,0,0,0,0,3,3,4,4,4,4,4,4,3,3,3,3,3,3,3,3,3,3,3,3,4,4,3,3,1,1,1,1,0,0,0,0,0,0,,,,,,,,,,,,,,,,,,,,,,,,,,,,,,,,,,,,,,,,,,,,,,,,
13487,1200,13490,13488,,0,0,0,0,0,0,0,0,0,0,0,0,0,0,0,2,2,3,3,3,3,3,3,2,2,2,2,2,2,2,2,2,2,2,2,3,3,3,3,1,1,1,1,0,0,0,0,0,0,,,,,,,,,,,,,,,,,,,,,,,,,,,,,,,,,,,,,,,,,,,,,,,,
13488,800,13487,12955,12977,1,0,0,0,0,0,0,0,0,0,0,0,0,0,0,3,3,4,4,4,4,4,4,3,3,3,3,3,3,3,3,3,3,3,3,4,4,3,3,1,1,1,1,0,0,0,0,0,0,,,,,,,,,,,,,,,,,,,,,,,,,,,,,,,,,,,,,,,,,,,,,,,,
13489,1200,13490,13484,,0,0,0,0,0,0,0,0,0,0,0,0,0,0,0,2,2,2,2,2,2,2,2,2,2,2,2,2,2,2,2,2,2,2,2,2,2,2,2,1,1,0,0,0,0,0,0,0,0,,,,,,,,,,,,,,,,,,,,,,,,,,,,,,,,,,,,,,,,,,,,,,,,
13490,400,12966,13489,13487,1,0,0,0,0,0,0,0,0,0,0,0,0,0,0,2,2,2,2,2,2,2,2,2,2,2,2,2,2,2,2,2,2,2,2,2,2,2,2,1,1,1,1,0,0,0,0,0,0,,,,,,,,,,,,,,,,,,,,,,,,,,,,,,,,,,,,,,,,,,,,,,,,
13491,2000,12949,13492,,0,42,42,39,39,28,28,29,29,34,34,39,39,112,112,1343,1343,1424,1424,1347,1347,1375,1375,1229,1229,1247,1247,1096,1096,1282,1282,1299,1299,1257,1257,1375,1375,1394,1394,536,536,316,316,190,190,140,140,87,87,,,,,,,,,,,,,,,,,,,,,,,,,,,,,,,,,,,,,,,,,,,,,,,,
13492,1600,13491,12947,12966,1,0,0,0,0,0,0,0,0,0,0,0,0,0,0,3,3,4,4,3,3,3,3,3,3,3,3,3,3,3,3,3,3,3,3,3,3,3,3,1,1,1,1,0,0,0,0,0,0,,,,,,,,,,,,,,,,,,,,,,,,,,,,,,,,,,,,,,,,,,,,,,,,
13493,800,13494,11327,,0,0,0,0,0,0,0,0,0,0,0,0,0,0,0,4,4,4,4,4,4,4,4,4,4,4,4,3,3,4,4,4,4,4,4,4,4,4,4,2,2,1,1,1,1,0,0,0,0,,,,,,,,,,,,,,,,,,,,,,,,,,,,,,,,,,,,,,,,,,,,,,,,
13494,800,12935,13493,12938,1,0,0,0,0,0,0,0,0,0,0,0,0,0,0,4,4,4,4,4,4,4,4,3,3,3,3,3,3,3,3,3,3,3,3,4,4,4,4,1,1,1,1,1,1,0,0,0,0,,,,,,,,,,,,,,,,,,,,,,,,,,,,,,,,,,,,,,,,,,,,,,,,
13495,1600,12927,13496,,0,0,0,0,0,0,0,0,0,0,0,0,0,0,0,3,3,3,3,3,3,3,3,3,3,3,3,3,3,3,3,3,3,3,3,3,3,3,3,1,1,1,1,0,0,0,0,0,0,,,,,,,,,,,,,,,,,,,,,,,,,,,,,,,,,,,,,,,,,,,,,,,,
13496,1200,12925,12919,13495,1,0,0,0,0,0,0,0,0,0,0,0,0,0,0,4,4,4,4,4,4,4,4,3,3,3,3,3,3,3,3,4,4,3,3,4,4,4,4,1,1,1,1,1,1,0,0,0,0,,,,,,,,,,,,,,,,,,,,,,,,,,,,,,,,,,,,,,,,,,,,,,,,
13497,800,13498,12921,,0,0,0,0,0,0,0,0,0,0,0,0,0,0,0,2,2,2,2,2,2,2,2,2,2,2,2,1,1,2,2,2,2,2,2,2,2,2,2,1,1,0,0,0,0,0,0,0,0,,,,,,,,,,,,,,,,,,,,,,,,,,,,,,,,,,,,,,,,,,,,,,,,
13498,800,10325,13497,12919,1,0,0,0,0,0,0,0,0,0,0,0,0,1,1,7,7,9,9,8,8,7,7,7,7,6,6,6,6,7,7,7,7,7,7,7,7,7,7,4,4,2,2,2,2,1,1,1,1,,,,,,,,,,,,,,,,,,,,,,,,,,,,,,,,,,,,,,,,,,,,,,,,
13499,4400,10368,12928,,0,42,42,39,39,28,28,29,29,34,34,39,39,112,112,1343,1343,1424,1424,1347,1347,1375,1375,1229,1229,1247,1247,1096,1096,1282,1282,1299,1299,1257,1257,1375,1375,1394,1394,536,536,316,316,190,190,140,140,87,87,,,,,,,,,,,,,,,,,,,,,,,,,,,,,,,,,,,,,,,,,,,,,,,,
135,1500,131,145,,0,50,50,52,52,37,37,40,40,46,46,50,50,140,140,967,967,1151,1151,1088,1088,1047,1047,967,967,880,880,932,932,911,911,933,933,958,958,1007,1007,913,913,393,393,252,252,170,170,124,124,63,63,,,,,,,,,,,,,,,,,,,,,,,,,,,,,,,,,,,,,,,,,,,,,,,,
13500,1200,14954,13501,,0,0,0,0,0,0,0,0,0,0,0,0,0,0,0,4,4,4,4,4,4,4,4,3,3,3,3,3,3,3,3,3,3,3,3,4,4,4,4,1,1,1,1,0,0,0,0,0,0,,,,,,,,,,,,,,,,,,,,,,,,,,,,,,,,,,,,,,,,,,,,,,,,
13501,800,13500,13255,13502,1,0,0,0,0,0,0,0,0,0,0,0,0,0,0,4,4,4,4,4,4,4,4,4,4,3,3,3,3,3,3,4,4,4,4,4,4,4,4,1,1,1,1,1,1,0,0,0,0,,,,,,,,,,,,,,,,,,,,,,,,,,,,,,,,,,,,,,,,,,,,,,,,
13502,2000,13501,13503,,0,49,49,50,50,35,35,38,38,44,44,48,48,134,134,1042,1042,1205,1205,1140,1140,1113,1113,1019,1019,953,953,965,965,985,985,1006,1006,1018,1018,1081,1081,1009,1009,422,422,265,265,174,174,127,127,68,68,,,,,,,,,,,,,,,,,,,,,,,,,,,,,,,,,,,,,,,,,,,,,,,,
13503,1000,13502,13245,13240,1,49,49,50,50,35,35,38,38,44,44,48,48,134,134,1042,1042,1205,1205,1140,1140,1113,1113,1019,1019,953,953,965,965,985,985,1006,1006,1018,1018,1081,1081,1009,1009,422,422,265,265,174,174,127,127,68,68,,,,,,,,,,,,,,,,,,,,,,,,,,,,,,,,,,,,,,,,,,,,,,,,
13504,1200,14959,13505,13245,1,0,0,0,0,0,0,0,0,0,0,0,0,0,0,4,4,4,4,4,4,4,4,4,4,3,3,3,3,4,4,4,4,4,4,4,4,4,4,1,1,1,1,1,1,0,0,0,0,,,,,,,,,,,,,,,,,,,,,,,,,,,,,,,,,,,,,,,,,,,,,,,,
13505,1200,13504,13506,,0,0,0,0,0,0,0,0,0,0,0,0,0,0,0,3,3,4,4,4,4,3,3,3,3,3,3,3,3,3,3,3,3,3,3,3,3,3,3,1,1,1,1,1,1,0,0,0,0,,,,,,,,,,,,,,,,,,,,,,,,,,,,,,,,,,,,,,,,,,,,,,,,
13506,1200,13230,13505,13219,1,0,0,0,0,0,0,0,0,0,0,0,0,0,0,3,3,4,4,3,3,3,3,3,3,3,3,3,3,3,3,3,3,3,3,3,3,3,3,1,1,1,1,0,0,0,0,0,0,,,,,,,,,,,,,,,,,,,,,,,,,,,,,,,,,,,,,,,,,,,,,,,,
13507,1200,13590,13508,,0,0,0,0,0,0,0,0,0,0,0,0,0,0,0,2,2,2,2,2,2,2,2,2,2,2,2,1,1,2,2,2,2,2,2,2,2,2,2,1,1,0,0,0,0,0,0,0,0,,,,,,,,,,,,,,,,,,,,,,,,,,,,,,,,,,,,,,,,,,,,,,,,
13508,800,13507,13509,13228,1,0,0,0,0,0,0,0,0,0,0,0,0,0,0,3,3,3,3,3,3,3,3,3,3,3,3,3,3,3,3,3,3,3,3,3,3,3,3,1,1,1,1,0,0,0,0,0,0,,,,,,,,,,,,,,,,,,,,,,,,,,,,,,,,,,,,,,,,,,,,,,,,
13509,800,13508,13510,,0,0,0,0,0,0,0,0,0,0,0,0,0,0,0,4,4,4,4,4,4,4,4,3,3,3,3,3,3,3,3,3,3,4,4,4,4,4,4,1,1,1,1,1,1,0,0,0,0,,,,,,,,,,,,,,,,,,,,,,,,,,,,,,,,,,,,,,,,,,,,,,,,
13510,1650,13247,13511,13509,1,49,49,50,50,35,35,38,38,44,44,48,48,134,134,1042,1042,1205,1205,1140,1140,1113,1113,1019,1019,953,953,965,965,985,985,1006,1006,1018,1018,1081,1081,1009,1009,422,422,265,265,174,174,127,127,68,68,,,,,,,,,,,,,,,,,,,,,,,,,,,,,,,,,,,,,,,,,,,,,,,,
13511,1200,13510,13512,,0,0,0,0,0,0,0,0,0,0,0,0,0,0,0,3,3,4,4,4,4,4,4,3,3,3,3,3,3,3,3,3,3,3,3,4,4,3,3,1,1,1,1,1,1,0,0,0,0,,,,,,,,,,,,,,,,,,,,,,,,,,,,,,,,,,,,,,,,,,,,,,,,
13512,600,13228,13244,13511,1,0,0,0,0,0,0,0,0,0,0,0,0,0,0,3,3,3,3,3,3,3,3,2,2,2,2,2,2,2,2,2,2,2,2,3,3,2,2,1,1,1,1,0,0,0,0,0,0,,,,,,,,,,,,,,,,,,,,,,,,,,,,,,,,,,,,,,,,,,,,,,,,
13513,4400,13514,13257,,0,49,49,50,50,35,35,38,38,44,44,48,48,134,134,1042,1042,1205,1205,1140,1140,1113,1113,1019,1019,953,953,965,965,985,985,1006,1006,1018,1018,1081,1081,1009,1009,422,422,265,265,174,174,127,127,68,68,,,,,,,,,,,,,,,,,,,,,,,,,,,,,,,,,,,,,,,,,,,,,,,,
13514,3000,13513,13515,2056,1,49,49,50,50,35,35,38,38,44,44,48,48,134,134,1042,1042,1205,1205,1140,1140,1113,1113,1019,1019,953,953,965,965,985,985,1006,1006,1018,1018,1081,1081,1009,1009,422,422,265,265,174,174,127,127,68,68,,,,,,,,,,,,,,,,,,,,,,,,,,,,,,,,,,,,,,,,,,,,,,,,
13515,1200,13516,13514,,0,0,0,0,0,0,0,0,0,0,0,0,0,0,0,4,4,4,4,4,4,4,4,4,4,3,3,3,3,4,4,4,4,4,4,4,4,4,4,1,1,1,1,1,1,0,0,0,0,,,,,,,,,,,,,,,,,,,,,,,,,,,,,,,,,,,,,,,,,,,,,,,,
13516,550,13267,13515,13255,1,49,49,50,50,35,35,38,38,44,44,48,48,134,134,1042,1042,1205,1205,1140,1140,1113,1113,1019,1019,953,953,965,965,985,985,1006,1006,1018,1018,1081,1081,1009,1009,422,422,265,265,174,174,127,127,68,68,,,,,,,,,,,,,,,,,,,,,,,,,,,,,,,,,,,,,,,,,,,,,,,,
13517,400,13518,13520,,0,0,0,0,0,0,0,0,0,0,0,0,0,0,0,3,3,3,3,3,3,3,3,3,3,2,2,2,2,3,3,3,3,3,3,3,3,3,3,1,1,1,1,0,0,0,0,0,0,,,,,,,,,,,,,,,,,,,,,,,,,,,,,,,,,,,,,,,,,,,,,,,,
13518,400,13242,13517,13224,1,0,0,0,0,0,0,0,0,0,0,0,0,0,0,2,2,2,2,2,2,2,2,2,2,2,2,2,2,2,2,2,2,2,2,2,2,2,2,1,1,1,1,0,0,0,0,0,0,,,,,,,,,,,,,,,,,,,,,,,,,,,,,,,,,,,,,,,,,,,,,,,,
13519,4400,13257,13520,,0,49,49,50,50,35,35,38,38,44,44,48,48,134,134,1042,1042,1205,1205,1140,1140,1113,1113,1019,1019,953,953,965,965,985,985,1006,1006,1018,1018,1081,1081,1009,1009,422,422,265,265,174,174,127,127,68,68,,,,,,,,,,,,,,,,,,,,,,,,,,,,,,,,,,,,,,,,,,,,,,,,
13520,800,13517,13272,13254;13519,2,33,33,31,31,22,22,23,23,26,26,31,31,88,88,1055,1055,1119,1119,1058,1058,1080,1080,966,966,980,980,861,861,1008,1008,1021,1021,988,988,1080,1080,1096,1096,421,421,249,249,150,150,110,110,68,68,,,,,,,,,,,,,,,,,,,,,,,,,,,,,,,,,,,,,,,,,,,,,,,,
13521,800,2072,2586,13257,1,0,0,0,0,0,0,0,0,0,0,0,0,0,0,3,3,4,4,4,4,4,4,3,3,3,3,3,3,3,3,3,3,3,3,4,4,3,3,1,1,1,1,1,1,0,0,0,0,,,,,,,,,,,,,,,,,,,,,,,,,,,,,,,,,,,,,,,,,,,,,,,,
13522,2500,13523,13231,,0,49,49,50,50,35,35,38,38,44,44,48,48,134,134,1042,1042,1205,1205,1140,1140,1113,1113,1019,1019,953,953,965,965,985,985,1006,1006,1018,1018,1081,1081,1009,1009,422,422,265,265,174,174,127,127,68,68,,,,,,,,,,,,,,,,,,,,,,,,,,,,,,,,,,,,,,,,,,,,,,,,
13523,2500,2405,13522,2057,1,49,49,50,50,35,35,38,38,44,44,48,48,134,134,1042,1042,1205,1205,1140,1140,1113,1113,1019,1019,953,953,965,965,985,985,1006,1006,1018,1018,1081,1081,1009,1009,422,422,265,265,174,174,127,127,68,68,,,,,,,,,,,,,,,,,,,,,,,,,,,,,,,,,,,,,,,,,,,,,,,,
13524,600,13527,13236,,0,0,0,0,0,0,0,0,0,0,0,0,0,0,0,1,1,1,1,1,1,1,1,1,1,1,1,1,1,1,1,1,1,1,1,1,1,1,1,0,0,0,0,0,0,0,0,0,0,,,,,,,,,,,,,,,,,,,,,,,,,,,,,,,,,,,,,,,,,,,,,,,,
13525,800,2097,13526,13547,1,0,0,0,0,0,0,0,0,0,0,0,0,0,0,2,2,2,2,2,2,2,2,2,2,1,1,1,1,2,2,2,2,2,2,2,2,2,2,1,1,0,0,0,0,0,0,0,0,,,,,,,,,,,,,,,,,,,,,,,,,,,,,,,,,,,,,,,,,,,,,,,,
13526,600,13527,13525,,0,0,0,0,0,0,0,0,0,0,0,0,0,0,0,1,1,1,1,1,1,1,1,1,1,1,1,1,1,1,1,1,1,1,1,1,1,1,1,0,0,0,0,0,0,0,0,0,0,,,,,,,,,,,,,,,,,,,,,,,,,,,,,,,,,,,,,,,,,,,,,,,,
13527,300,13526,13249,13524,1,0,0,0,0,0,0,0,0,0,0,0,0,0,0,1,1,1,1,1,1,1,1,1,1,1,1,1,1,1,1,1,1,1,1,1,1,1,1,0,0,0,0,0,0,0,0,0,0,,,,,,,,,,,,,,,,,,,,,,,,,,,,,,,,,,,,,,,,,,,,,,,,
13528,300,13529,13236,,0,0,0,0,0,0,0,0,0,0,0,0,0,0,0,0,0,1,1,0,0,0,0,0,0,0,0,0,0,0,0,0,0,0,0,0,0,0,0,0,0,0,0,0,0,0,0,0,0,,,,,,,,,,,,,,,,,,,,,,,,,,,,,,,,,,,,,,,,,,,,,,,,
13529,300,13528,13229,13530,1,0,0,0,0,0,0,0,0,0,0,0,0,0,0,0,0,0,0,0,0,0,0,0,0,0,0,0,0,0,0,0,0,0,0,0,0,0,0,0,0,0,0,0,0,0,0,0,0,,,,,,,,,,,,,,,,,,,,,,,,,,,,,,,,,,,,,,,,,,,,,,,,
13530,800,13529,13531,,0,0,0,0,0,0,0,0,0,0,0,0,0,0,0,1,1,1,1,1,1,1,1,0,0,0,0,0,0,0,0,1,1,1,1,1,1,1,1,0,0,0,0,0,0,0,0,0,0,,,,,,,,,,,,,,,,,,,,,,,,,,,,,,,,,,,,,,,,,,,,,,,,
13531,800,13530,13234,13220,1,0,0,0,0,0,0,0,0,0,0,0,0,0,0,1,1,1,1,1,1,1,1,1,1,1,1,1,1,1,1,1,1,1,1,1,1,1,1,0,0,0,0,0,0,0,0,0,0,,,,,,,,,,,,,,,,,,,,,,,,,,,,,,,,,,,,,,,,,,,,,,,,
13532,300,13199,13533,,0,0,0,0,0,0,0,0,0,0,0,0,0,0,0,1,1,1,1,1,1,1,1,1,1,1,1,1,1,1,1,1,1,1,1,1,1,1,1,0,0,0,0,0,0,0,0,0,0,,,,,,,,,,,,,,,,,,,,,,,,,,,,,,,,,,,,,,,,,,,,,,,,
13533,600,13534,13532,13214,1,0,0,0,0,0,0,0,0,0,0,0,0,0,0,1,1,1,1,1,1,1,1,1,1,1,1,1,1,1,1,1,1,1,1,1,1,1,1,0,0,0,0,0,0,0,0,0,0,,,,,,,,,,,,,,,,,,,,,,,,,,,,,,,,,,,,,,,,,,,,,,,,
13534,300,13533,13535,,0,0,0,0,0,0,0,0,0,0,0,0,0,0,0,1,1,1,1,1,1,1,1,1,1,1,1,1,1,1,1,1,1,1,1,1,1,1,1,0,0,0,0,0,0,0,0,0,0,,,,,,,,,,,,,,,,,,,,,,,,,,,,,,,,,,,,,,,,,,,,,,,,
13535,300,13536,13534,13222,1,0,0,0,0,0,0,0,0,0,0,0,0,0,0,1,1,1,1,1,1,1,1,1,1,1,1,1,1,1,1,1,1,1,1,1,1,1,1,0,0,0,0,0,0,0,0,0,0,,,,,,,,,,,,,,,,,,,,,,,,,,,,,,,,,,,,,,,,,,,,,,,,
13536,300,13535,13537,,0,0,0,0,0,0,0,0,0,0,0,0,0,0,0,1,1,1,1,1,1,1,1,1,1,1,1,1,1,1,1,1,1,1,1,1,1,1,1,0,0,0,0,0,0,0,0,0,0,,,,,,,,,,,,,,,,,,,,,,,,,,,,,,,,,,,,,,,,,,,,,,,,
13537,300,13538,13536,13229,1,0,0,0,0,0,0,0,0,0,0,0,0,0,0,1,1,1,1,1,1,1,1,1,1,1,1,0,0,1,1,1,1,1,1,1,1,1,1,0,0,0,0,0,0,0,0,0,0,,,,,,,,,,,,,,,,,,,,,,,,,,,,,,,,,,,,,,,,,,,,,,,,
13538,300,13537,13539,,0,0,0,0,0,0,0,0,0,0,0,0,0,0,0,1,1,1,1,1,1,1,1,1,1,1,1,1,1,1,1,1,1,1,1,1,1,1,1,0,0,0,0,0,0,0,0,0,0,,,,,,,,,,,,,,,,,,,,,,,,,,,,,,,,,,,,,,,,,,,,,,,,
13539,300,13540,13538,13238,1,0,0,0,0,0,0,0,0,0,0,0,0,0,0,1,1,1,1,1,1,1,1,1,1,1,1,1,1,1,1,1,1,1,1,1,1,1,1,0,0,0,0,0,0,0,0,0,0,,,,,,,,,,,,,,,,,,,,,,,,,,,,,,,,,,,,,,,,,,,,,,,,
13540,300,13541,13539,,0,0,0,0,0,0,0,0,0,0,0,0,0,0,0,1,1,1,1,1,1,1,1,1,1,1,1,1,1,1,1,1,1,1,1,1,1,1,1,0,0,0,0,0,0,0,0,0,0,,,,,,,,,,,,,,,,,,,,,,,,,,,,,,,,,,,,,,,,,,,,,,,,
13541,300,,13545,13540;13542,2,0,0,0,0,0,0,0,0,0,0,0,0,0,0,1,1,2,2,1,1,1,1,1,1,1,1,1,1,1,1,1,1,1,1,1,1,1,1,1,1,0,0,0,0,0,0,0,0,,,,,,,,,,,,,,,,,,,,,,,,,,,,,,,,,,,,,,,,,,,,,,,,
13542,300,13543,13541,,0,0,0,0,0,0,0,0,0,0,0,0,0,0,0,2,2,2,2,2,2,2,2,2,2,2,2,2,2,2,2,2,2,2,2,2,2,2,2,1,1,0,0,0,0,0,0,0,0,,,,,,,,,,,,,,,,,,,,,,,,,,,,,,,,,,,,,,,,,,,,,,,,
13543,300,13542,13569,13544,1,0,0,0,0,0,0,0,0,0,0,0,0,0,0,2,2,2,2,2,2,2,2,2,2,2,2,2,2,2,2,2,2,2,2,2,2,2,2,1,1,1,1,0,0,0,0,0,0,,,,,,,,,,,,,,,,,,,,,,,,,,,,,,,,,,,,,,,,,,,,,,,,
13544,300,2598,13543,,0,0,0,0,0,0,0,0,0,0,0,0,0,0,0,2,2,3,3,2,2,2,2,2,2,2,2,2,2,2,2,2,2,2,2,2,2,2,2,1,1,1,1,0,0,0,0,0,0,,,,,,,,,,,,,,,,,,,,,,,,,,,,,,,,,,,,,,,,,,,,,,,,
13545,300,13541,13546,,0,0,0,0,0,0,0,0,0,0,0,0,0,0,0,1,1,1,1,1,1,1,1,1,1,1,1,1,1,1,1,1,1,1,1,1,1,1,1,1,1,0,0,0,0,0,0,0,0,,,,,,,,,,,,,,,,,,,,,,,,,,,,,,,,,,,,,,,,,,,,,,,,
13546,300,13545,13249,2055,1,0,0,0,0,0,0,0,0,0,0,0,0,0,0,1,1,1,1,1,1,1,1,1,1,1,1,1,1,1,1,1,1,1,1,1,1,1,1,1,1,0,0,0,0,0,0,0,0,,,,,,,,,,,,,,,,,,,,,,,,,,,,,,,,,,,,,,,,,,,,,,,,
13547,800,13525,13548,,0,0,0,0,0,0,0,0,0,0,0,0,0,0,0,2,2,2,2,2,2,2,2,1,1,1,1,1,1,1,1,1,1,1,1,2,2,2,2,1,1,0,0,0,0,0,0,0,0,,,,,,,,,,,,,,,,,,,,,,,,,,,,,,,,,,,,,,,,,,,,,,,,
13548,600,13547,13263,13258,1,0,0,0,0,0,0,0,0,0,0,0,0,0,0,1,1,1,1,1,1,1,1,1,1,1,1,1,1,1,1,1,1,1,1,1,1,1,1,1,1,0,0,0,0,0,0,0,0,,,,,,,,,,,,,,,,,,,,,,,,,,,,,,,,,,,,,,,,,,,,,,,,
13549,800,13550,2049,,0,0,0,0,0,0,0,0,0,0,0,0,0,0,0,2,2,3,3,2,2,2,2,2,2,2,2,2,2,2,2,2,2,2,2,2,2,2,2,1,1,1,1,0,0,0,0,0,0,,,,,,,,,,,,,,,,,,,,,,,,,,,,,,,,,,,,,,,,,,,,,,,,
13550,1200,13551,13549,13256,1,0,0,0,0,0,0,0,0,0,0,0,0,0,0,2,2,2,2,2,2,2,2,2,2,2,2,2,2,2,2,2,2,2,2,2,2,2,2,1,1,1,1,0,0,0,0,0,0,,,,,,,,,,,,,,,,,,,,,,,,,,,,,,,,,,,,,,,,,,,,,,,,
13551,800,13550,13552,,0,0,0,0,0,0,0,0,0,0,0,0,0,0,0,2,2,2,2,2,2,2,2,2,2,2,2,2,2,2,2,2,2,2,2,2,2,2,2,1,1,0,0,0,0,0,0,0,0,,,,,,,,,,,,,,,,,,,,,,,,,,,,,,,,,,,,,,,,,,,,,,,,
13552,300,13551,13266,13553,1,0,0,0,0,0,0,0,0,0,0,0,0,0,0,2,2,2,2,2,2,2,2,2,2,1,1,1,1,2,2,2,2,2,2,2,2,2,2,1,1,0,0,0,0,0,0,0,0,,,,,,,,,,,,,,,,,,,,,,,,,,,,,,,,,,,,,,,,,,,,,,,,
13553,300,13554,13552,,0,0,0,0,0,0,0,0,0,0,0,0,0,0,0,1,1,1,1,1,1,1,1,1,1,1,1,1,1,1,1,1,1,1,1,1,1,1,1,1,1,0,0,0,0,0,0,0,0,,,,,,,,,,,,,,,,,,,,,,,,,,,,,,,,,,,,,,,,,,,,,,,,
13554,800,13573,13553,13571;13241,2,0,0,0,0,0,0,0,0,0,0,0,0,0,0,1,1,1,1,1,1,1,1,1,1,1,1,1,1,1,1,1,1,1,1,1,1,1,1,0,0,0,0,0,0,0,0,0,0,,,,,,,,,,,,,,,,,,,,,,,,,,,,,,,,,,,,,,,,,,,,,,,,
13555,1200,13556,13562,,0,0,0,0,0,0,0,0,0,0,0,0,0,0,0,1,1,1,1,1,1,1,1,1,1,1,1,1,1,1,1,1,1,1,1,1,1,1,1,0,0,0,0,0,0,0,0,0,0,,,,,,,,,,,,,,,,,,,,,,,,,,,,,,,,,,,,,,,,,,,,,,,,
13556,400,13241,13555,13557,1,0,0,0,0,0,0,0,0,0,0,0,0,0,0,1,1,1,1,1,1,1,1,1,1,1,1,1,1,1,1,1,1,1,1,1,1,1,1,0,0,0,0,0,0,0,0,0,0,,,,,,,,,,,,,,,,,,,,,,,,,,,,,,,,,,,,,,,,,,,,,,,,
13557,1200,13556,13235,,0,0,0,0,0,0,0,0,0,0,0,0,0,0,0,1,1,1,1,1,1,1,1,1,1,0,0,0,0,1,1,1,1,1,1,1,1,1,1,0,0,0,0,0,0,0,0,0,0,,,,,,,,,,,,,,,,,,,,,,,,,,,,,,,,,,,,,,,,,,,,,,,,
13558,800,,13235,,0,33,33,31,31,22,22,23,23,26,26,31,31,88,88,1055,1055,1119,1119,1058,1058,1080,1080,966,966,980,980,861,861,1008,1008,1021,1021,988,988,1080,1080,1096,1096,421,421,249,249,150,150,110,110,68,68,,,,,,,,,,,,,,,,,,,,,,,,,,,,,,,,,,,,,,,,,,,,,,,,
13559,800,2608,13560,,0,53,53,55,55,38,38,42,42,48,48,53,53,146,146,715,715,891,891,804,804,768,768,707,707,638,638,676,676,679,679,669,669,696,696,738,738,671,671,411,411,264,264,178,178,130,130,66,66,,,,,,,,,,,,,,,,,,,,,,,,,,,,,,,,,,,,,,,,,,,,,,,,
13560,800,13561,13559,13252;13256,2,0,0,0,0,0,0,0,0,0,0,0,0,0,0,2,2,2,2,2,2,2,2,2,2,2,2,2,2,2,2,2,2,2,2,2,2,2,2,1,1,1,1,0,0,0,0,0,0,,,,,,,,,,,,,,,,,,,,,,,,,,,,,,,,,,,,,,,,,,,,,,,,
13561,800,13560,13562,,0,33,33,31,31,22,22,23,23,26,26,31,31,88,88,1055,1055,1119,1119,1058,1058,1080,1080,966,966,980,980,861,861,1008,1008,1021,1021,988,988,1080,1080,1096,1096,421,421,249,249,150,150,110,110,68,68,,,,,,,,,,,,,,,,,,,,,,,,,,,,,,,,,,,,,,,,,,,,,,,,
13562,600,13561,13563,13555,1,0,0,0,0,0,0,0,0,0,0,0,0,0,0,1,1,1,1,1,1,1,1,1,1,1,1,1,1,1,1,1,1,1,1,1,1,1,1,0,0,0,0,0,0,0,0,0,0,,,,,,,,,,,,,,,,,,,,,,,,,,,,,,,,,,,,,,,,,,,,,,,,
13563,300,13564,13562,,0,0,0,0,0,0,0,0,0,0,0,0,0,0,0,1,1,1,1,1,1,1,1,1,1,1,1,1,1,1,1,1,1,1,1,1,1,1,1,0,0,0,0,0,0,0,0,0,0,,,,,,,,,,,,,,,,,,,,,,,,,,,,,,,,,,,,,,,,,,,,,,,,
13564,600,13563,13238,13565,1,0,0,0,0,0,0,0,0,0,0,0,0,0,0,1,1,1,1,1,1,1,1,1,1,1,1,1,1,1,1,1,1,1,1,1,1,1,1,0,0,0,0,0,0,0,0,0,0,,,,,,,,,,,,,,,,,,,,,,,,,,,,,,,,,,,,,,,,,,,,,,,,
13565,300,13564,13566,,0,0,0,0,0,0,0,0,0,0,0,0,0,0,0,1,1,1,1,1,1,1,1,1,1,1,1,1,1,1,1,1,1,1,1,1,1,1,1,0,0,0,0,0,0,0,0,0,0,,,,,,,,,,,,,,,,,,,,,,,,,,,,,,,,,,,,,,,,,,,,,,,,
13566,600,13567,13565,13226,1,0,0,0,0,0,0,0,0,0,0,0,0,0,0,1,1,1,1,1,1,1,1,1,1,1,1,1,1,1,1,1,1,1,1,1,1,1,1,0,0,0,0,0,0,0,0,0,0,,,,,,,,,,,,,,,,,,,,,,,,,,,,,,,,,,,,,,,,,,,,,,,,
13567,300,13566,13568,,0,0,0,0,0,0,0,0,0,0,0,0,0,0,0,1,1,1,1,1,1,1,1,1,1,1,1,1,1,1,1,1,1,1,1,1,1,1,1,0,0,0,0,0,0,0,0,0,0,,,,,,,,,,,,,,,,,,,,,,,,,,,,,,,,,,,,,,,,,,,,,,,,
13568,800,13567,13657,13223,1,0,0,0,0,0,0,0,0,0,0,0,0,0,0,1,1,1,1,1,1,1,1,1,1,1,1,1,1,1,1,1,1,1,1,1,1,1,1,1,1,0,0,0,0,0,0,0,0,,,,,,,,,,,,,,,,,,,,,,,,,,,,,,,,,,,,,,,,,,,,,,,,
13569,300,13570,13543,,0,0,0,0,0,0,0,0,0,0,0,0,0,0,0,2,2,2,2,2,2,2,2,1,1,1,1,1,1,1,1,1,1,1,1,2,2,2,2,1,1,0,0,0,0,0,0,0,0,,,,,,,,,,,,,,,,,,,,,,,,,,,,,,,,,,,,,,,,,,,,,,,,
13570,300,13569,13252,13270,1,0,0,0,0,0,0,0,0,0,0,0,0,0,0,2,2,2,2,2,2,2,2,2,2,2,2,2,2,2,2,2,2,2,2,2,2,2,2,1,1,0,0,0,0,0,0,0,0,,,,,,,,,,,,,,,,,,,,,,,,,,,,,,,,,,,,,,,,,,,,,,,,
13571,600,13554,13572,,0,33,33,31,31,22,22,23,23,26,26,31,31,88,88,1055,1055,1119,1119,1058,1058,1080,1080,966,966,980,980,861,861,1008,1008,1021,1021,988,988,1080,1080,1096,1096,421,421,249,249,150,150,110,110,68,68,,,,,,,,,,,,,,,,,,,,,,,,,,,,,,,,,,,,,,,,,,,,,,,,
13572,400,13232,13571,13223,1,0,0,0,0,0,0,0,0,0,0,0,0,0,0,0,0,1,1,1,1,1,1,0,0,0,0,0,0,0,0,0,0,0,0,1,1,0,0,0,0,0,0,0,0,0,0,0,0,,,,,,,,,,,,,,,,,,,,,,,,,,,,,,,,,,,,,,,,,,,,,,,,
13573,1200,13574,13554,,0,0,0,0,0,0,0,0,0,0,0,0,0,0,0,1,1,1,1,1,1,1,1,1,1,1,1,1,1,1,1,1,1,1,1,1,1,1,1,0,0,0,0,0,0,0,0,0,0,,,,,,,,,,,,,,,,,,,,,,,,,,,,,,,,,,,,,,,,,,,,,,,,
13574,400,13269,13573,13259,1,0,0,0,0,0,0,0,0,0,0,0,0,0,0,1,1,1,1,1,1,1,1,1,1,1,1,1,1,1,1,1,1,1,1,1,1,1,1,0,0,0,0,0,0,0,0,0,0,,,,,,,,,,,,,,,,,,,,,,,,,,,,,,,,,,,,,,,,,,,,,,,,
13575,600,13576,13261,,0,0,0,0,0,0,0,0,0,0,0,0,0,0,0,1,1,1,1,1,1,1,1,1,1,1,1,1,1,1,1,1,1,1,1,1,1,1,1,1,1,0,0,0,0,0,0,0,0,,,,,,,,,,,,,,,,,,,,,,,,,,,,,,,,,,,,,,,,,,,,,,,,
13576,600,13260,13575,2077,1,0,0,0,0,0,0,0,0,0,0,0,0,0,0,1,1,1,1,1,1,1,1,1,1,1,1,1,1,1,1,1,1,1,1,1,1,1,1,0,0,0,0,0,0,0,0,0,0,,,,,,,,,,,,,,,,,,,,,,,,,,,,,,,,,,,,,,,,,,,,,,,,
13577,600,13253,13578,,0,0,0,0,0,0,0,0,0,0,0,0,0,0,0,1,1,1,1,1,1,1,1,1,1,1,1,1,1,1,1,1,1,1,1,1,1,1,1,0,0,0,0,0,0,0,0,0,0,,,,,,,,,,,,,,,,,,,,,,,,,,,,,,,,,,,,,,,,,,,,,,,,
13578,300,13577,13579,13248;2063,2,0,0,0,0,0,0,0,0,0,0,0,0,0,0,1,1,1,1,1,1,1,1,1,1,1,1,1,1,1,1,1,1,1,1,1,1,1,1,0,0,0,0,0,0,0,0,0,0,,,,,,,,,,,,,,,,,,,,,,,,,,,,,,,,,,,,,,,,,,,,,,,,
13579,300,13578,13580,,0,0,0,0,0,0,0,0,0,0,0,0,0,0,0,1,1,1,1,1,1,1,1,1,1,1,1,1,1,1,1,1,1,1,1,1,1,1,1,0,0,0,0,0,0,0,0,0,0,,,,,,,,,,,,,,,,,,,,,,,,,,,,,,,,,,,,,,,,,,,,,,,,
13580,400,13246,13581,13579,1,0,0,0,0,0,0,0,0,0,0,0,0,0,0,1,1,2,2,1,1,1,1,1,1,1,1,1,1,1,1,1,1,1,1,1,1,1,1,1,1,0,0,0,0,0,0,0,0,,,,,,,,,,,,,,,,,,,,,,,,,,,,,,,,,,,,,,,,,,,,,,,,
13581,300,13582,13580,,0,0,0,0,0,0,0,0,0,0,0,0,0,0,0,1,1,2,2,2,2,2,2,1,1,1,1,1,1,1,1,1,1,1,1,2,2,1,1,1,1,0,0,0,0,0,0,0,0,,,,,,,,,,,,,,,,,,,,,,,,,,,,,,,,,,,,,,,,,,,,,,,,
13582,300,13583,13581,13251,1,0,0,0,0,0,0,0,0,0,0,0,0,0,0,2,2,2,2,2,2,2,2,2,2,2,2,1,1,2,2,2,2,2,2,2,2,2,2,1,1,0,0,0,0,0,0,0,0,,,,,,,,,,,,,,,,,,,,,,,,,,,,,,,,,,,,,,,,,,,,,,,,
13583,300,13584,13582,,0,0,0,0,0,0,0,0,0,0,0,0,0,0,0,2,2,2,2,2,2,2,2,2,2,2,2,2,2,2,2,2,2,2,2,2,2,2,2,1,1,1,1,0,0,0,0,0,0,,,,,,,,,,,,,,,,,,,,,,,,,,,,,,,,,,,,,,,,,,,,,,,,
13584,400,11498,13243,13583,1,0,0,0,0,0,0,0,0,0,0,0,0,0,0,2,2,2,2,2,2,2,2,2,2,2,2,2,2,2,2,2,2,2,2,2,2,2,2,1,1,1,1,0,0,0,0,0,0,,,,,,,,,,,,,,,,,,,,,,,,,,,,,,,,,,,,,,,,,,,,,,,,
13585,800,13586,15061,,0,33,33,31,31,22,22,23,23,26,26,31,31,88,88,1055,1055,1119,1119,1058,1058,1080,1080,966,966,980,980,861,861,1008,1008,1021,1021,988,988,1080,1080,1096,1096,421,421,249,249,150,150,110,110,68,68,,,,,,,,,,,,,,,,,,,,,,,,,,,,,,,,,,,,,,,,,,,,,,,,
13586,1200,13219,13585,13613,1,0,0,0,0,0,0,0,0,0,0,0,0,0,0,3,3,4,4,3,3,3,3,3,3,3,3,3,3,3,3,3,3,3,3,3,3,3,3,1,1,1,1,0,0,0,0,0,0,,,,,,,,,,,,,,,,,,,,,,,,,,,,,,,,,,,,,,,,,,,,,,,,
13587,1200,13213,13588,,0,0,0,0,0,0,0,0,0,0,0,0,0,0,0,2,2,2,2,2,2,2,2,1,1,1,1,1,1,1,1,1,1,1,1,2,2,1,1,1,1,0,0,0,0,0,0,0,0,,,,,,,,,,,,,,,,,,,,,,,,,,,,,,,,,,,,,,,,,,,,,,,,
13588,1200,13589,13587,13205,1,0,0,0,0,0,0,0,0,0,0,0,0,0,0,1,1,1,1,1,1,1,1,1,1,1,1,1,1,1,1,1,1,1,1,1,1,1,1,0,0,0,0,0,0,0,0,0,0,,,,,,,,,,,,,,,,,,,,,,,,,,,,,,,,,,,,,,,,,,,,,,,,
13589,1200,13588,13590,,0,0,0,0,0,0,0,0,0,0,0,0,0,0,0,1,1,1,1,1,1,1,1,1,1,1,1,1,1,1,1,1,1,1,1,1,1,1,1,0,0,0,0,0,0,0,0,0,0,,,,,,,,,,,,,,,,,,,,,,,,,,,,,,,,,,,,,,,,,,,,,,,,
13590,1200,13589,13212,13507,1,0,0,0,0,0,0,0,0,0,0,0,0,0,0,1,1,1,1,1,1,1,1,1,1,1,1,1,1,1,1,1,1,1,1,1,1,1,1,0,0,0,0,0,0,0,0,0,0,,,,,,,,,,,,,,,,,,,,,,,,,,,,,,,,,,,,,,,,,,,,,,,,
13591,800,13592,13242,13201,1,0,0,0,0,0,0,0,0,0,0,0,0,0,0,3,3,3,3,3,3,3,3,2,2,2,2,2,2,2,2,2,2,2,2,3,3,3,3,1,1,1,1,0,0,0,0,0,0,,,,,,,,,,,,,,,,,,,,,,,,,,,,,,,,,,,,,,,,,,,,,,,,
13592,800,,13591,13197,1,0,0,0,0,0,0,0,0,0,0,0,0,0,0,3,3,3,3,3,3,3,3,2,2,2,2,2,2,2,2,2,2,2,2,3,3,3,3,1,1,1,1,0,0,0,0,0,0,,,,,,,,,,,,,,,,,,,,,,,,,,,,,,,,,,,,,,,,,,,,,,,,
13593,1200,13594,13197,,0,0,0,0,0,0,0,0,0,0,0,0,0,0,0,3,3,4,4,4,4,3,3,3,3,3,3,3,3,3,3,3,3,3,3,3,3,3,3,1,1,1,1,1,1,0,0,0,0,,,,,,,,,,,,,,,,,,,,,,,,,,,,,,,,,,,,,,,,,,,,,,,,
13594,600,13182,13595,13593,1,0,0,0,0,0,0,0,0,0,0,0,0,0,0,4,4,4,4,4,4,4,4,3,3,3,3,3,3,3,3,3,3,4,4,4,4,4,4,1,1,1,1,1,1,0,0,0,0,,,,,,,,,,,,,,,,,,,,,,,,,,,,,,,,,,,,,,,,,,,,,,,,
13595,1200,13596,13594,,0,0,0,0,0,0,0,0,0,0,0,0,0,0,0,3,3,4,4,3,3,3,3,3,3,3,3,3,3,3,3,3,3,3,3,3,3,3,3,1,1,1,1,1,1,0,0,0,0,,,,,,,,,,,,,,,,,,,,,,,,,,,,,,,,,,,,,,,,,,,,,,,,
13596,800,13595,13193,13201,1,0,0,0,0,0,0,0,0,0,0,0,0,0,0,3,3,3,3,3,3,3,3,3,3,3,3,3,3,3,3,3,3,3,3,3,3,3,3,1,1,1,1,0,0,0,0,0,0,,,,,,,,,,,,,,,,,,,,,,,,,,,,,,,,,,,,,,,,,,,,,,,,
13597,600,13598,,,0,0,0,0,0,0,0,0,0,0,0,0,0,0,0,1,1,1,1,1,1,1,1,1,1,1,1,1,1,1,1,1,1,1,1,1,1,1,1,0,0,0,0,0,0,0,0,0,0,,,,,,,,,,,,,,,,,,,,,,,,,,,,,,,,,,,,,,,,,,,,,,,,
13598,600,13597,13181,13180,1,0,0,0,0,0,0,0,0,0,0,0,0,0,0,1,1,1,1,1,1,1,1,1,1,1,1,1,1,1,1,1,1,1,1,1,1,1,1,0,0,0,0,0,0,0,0,0,0,,,,,,,,,,,,,,,,,,,,,,,,,,,,,,,,,,,,,,,,,,,,,,,,
13599,800,13600,13602,,0,0,0,0,0,0,0,0,0,0,0,0,0,0,0,1,1,1,1,1,1,1,1,1,1,1,1,1,1,1,1,1,1,1,1,1,1,1,1,0,0,0,0,0,0,0,0,0,0,,,,,,,,,,,,,,,,,,,,,,,,,,,,,,,,,,,,,,,,,,,,,,,,
136,2000,133,144,132;450,2,50,50,52,52,37,37,40,40,46,46,50,50,140,140,967,967,1151,1151,1088,1088,1047,1047,967,967,880,880,932,932,911,911,933,933,958,958,1007,1007,913,913,393,393,252,252,170,170,124,124,63,63,,,,,,,,,,,,,,,,,,,,,,,,,,,,,,,,,,,,,,,,,,,,,,,,
13600,400,13189,13599,13180,1,0,0,0,0,0,0,0,0,0,0,0,0,0,0,1,1,1,1,1,1,1,1,1,1,1,1,1,1,1,1,1,1,1,1,1,1,1,1,0,0,0,0,0,0,0,0,0,0,,,,,,,,,,,,,,,,,,,,,,,,,,,,,,,,,,,,,,,,,,,,,,,,
13601,600,13161,13602,,0,0,0,0,0,0,0,0,0,0,0,0,0,0,0,1,1,1,1,1,1,1,1,1,1,1,1,1,1,1,1,1,1,1,1,1,1,1,1,0,0,0,0,0,0,0,0,0,0,,,,,,,,,,,,,,,,,,,,,,,,,,,,,,,,,,,,,,,,,,,,,,,,
13602,300,13188,13599,13601,1,0,0,0,0,0,0,0,0,0,0,0,0,0,0,1,1,2,2,1,1,1,1,1,1,1,1,1,1,1,1,1,1,1,1,1,1,1,1,1,1,0,0,0,0,0,0,0,0,,,,,,,,,,,,,,,,,,,,,,,,,,,,,,,,,,,,,,,,,,,,,,,,
13603,1200,13604,13634,,0,0,0,0,0,0,0,0,0,0,0,0,0,0,0,3,3,3,3,3,3,3,3,3,3,2,2,2,2,2,2,3,3,3,3,3,3,3,3,1,1,1,1,0,0,0,0,0,0,,,,,,,,,,,,,,,,,,,,,,,,,,,,,,,,,,,,,,,,,,,,,,,,
13604,400,13603,13283,13605,1,0,0,0,0,0,0,0,0,0,0,0,0,0,0,2,2,3,3,2,2,2,2,2,2,2,2,2,2,2,2,2,2,2,2,2,2,2,2,1,1,1,1,0,0,0,0,0,0,,,,,,,,,,,,,,,,,,,,,,,,,,,,,,,,,,,,,,,,,,,,,,,,
13605,800,13606,13604,,0,0,0,0,0,0,0,0,0,0,0,0,0,0,0,2,2,3,3,2,2,2,2,2,2,2,2,2,2,2,2,2,2,2,2,2,2,2,2,1,1,1,1,0,0,0,0,0,0,,,,,,,,,,,,,,,,,,,,,,,,,,,,,,,,,,,,,,,,,,,,,,,,
13606,300,13605,13607,13160,1,0,0,0,0,0,0,0,0,0,0,0,0,0,0,2,2,2,2,2,2,2,2,2,2,2,2,2,2,2,2,2,2,2,2,2,2,2,2,1,1,1,1,0,0,0,0,0,0,,,,,,,,,,,,,,,,,,,,,,,,,,,,,,,,,,,,,,,,,,,,,,,,
13607,300,13608,13606,,0,0,0,0,0,0,0,0,0,0,0,0,0,0,0,2,2,2,2,2,2,2,2,2,2,2,2,2,2,2,2,2,2,2,2,2,2,2,2,1,1,0,0,0,0,0,0,0,0,,,,,,,,,,,,,,,,,,,,,,,,,,,,,,,,,,,,,,,,,,,,,,,,
13608,300,13152,13607,13147,1,0,0,0,0,0,0,0,0,0,0,0,0,0,0,2,2,2,2,2,2,2,2,2,2,1,1,1,1,2,2,2,2,2,2,2,2,2,2,1,1,0,0,0,0,0,0,0,0,,,,,,,,,,,,,,,,,,,,,,,,,,,,,,,,,,,,,,,,,,,,,,,,
13609,1200,13161,13610,,0,0,0,0,0,0,0,0,0,0,0,0,0,0,0,1,1,1,1,1,1,1,1,1,1,1,1,1,1,1,1,1,1,1,1,1,1,1,1,0,0,0,0,0,0,0,0,0,0,,,,,,,,,,,,,,,,,,,,,,,,,,,,,,,,,,,,,,,,,,,,,,,,
13610,300,13609,13167,13175,1,0,0,0,0,0,0,0,0,0,0,0,0,0,0,1,1,1,1,1,1,1,1,1,1,1,1,1,1,1,1,1,1,1,1,1,1,1,1,0,0,0,0,0,0,0,0,0,0,,,,,,,,,,,,,,,,,,,,,,,,,,,,,,,,,,,,,,,,,,,,,,,,
13611,300,13612,13614,,0,0,0,0,0,0,0,0,0,0,0,0,0,0,0,3,3,3,3,3,3,3,3,3,3,3,3,3,3,3,3,3,3,3,3,3,3,3,3,1,1,1,1,0,0,0,0,0,0,,,,,,,,,,,,,,,,,,,,,,,,,,,,,,,,,,,,,,,,,,,,,,,,
13612,300,13203,13611,13189,1,0,0,0,0,0,0,0,0,0,0,0,0,0,0,3,3,3,3,3,3,3,3,3,3,2,2,2,2,2,2,3,3,3,3,3,3,3,3,1,1,1,1,0,0,0,0,0,0,,,,,,,,,,,,,,,,,,,,,,,,,,,,,,,,,,,,,,,,,,,,,,,,
13613,1200,13614,13586,,0,0,0,0,0,0,0,0,0,0,0,0,0,0,0,3,3,4,4,4,4,4,4,3,3,3,3,3,3,3,3,3,3,3,3,4,4,3,3,1,1,1,1,1,1,0,0,0,0,,,,,,,,,,,,,,,,,,,,,,,,,,,,,,,,,,,,,,,,,,,,,,,,
13614,300,13611,13613,13209,1,0,0,0,0,0,0,0,0,0,0,0,0,0,0,3,3,4,4,4,4,4,4,3,3,3,3,3,3,3,3,3,3,3,3,4,4,3,3,1,1,1,1,1,1,0,0,0,0,,,,,,,,,,,,,,,,,,,,,,,,,,,,,,,,,,,,,,,,,,,,,,,,
13615,1200,13174,14656,13616,1,0,0,0,0,0,0,0,0,0,0,0,0,0,0,0,0,1,1,1,1,0,0,0,0,0,0,0,0,0,0,0,0,0,0,0,0,0,0,0,0,0,0,0,0,0,0,0,0,,,,,,,,,,,,,,,,,,,,,,,,,,,,,,,,,,,,,,,,,,,,,,,,
13616,1200,15063,13615,,0,0,0,0,0,0,0,0,0,0,0,0,0,0,0,4,4,4,4,4,4,4,4,3,3,3,3,3,3,3,3,3,3,3,3,4,4,4,4,1,1,1,1,0,0,0,0,0,0,,,,,,,,,,,,,,,,,,,,,,,,,,,,,,,,,,,,,,,,,,,,,,,,
13617,300,13618,13122,,0,0,0,0,0,0,0,0,0,0,0,0,0,0,0,1,1,1,1,1,1,1,1,1,1,1,1,1,1,1,1,1,1,1,1,1,1,1,1,0,0,0,0,0,0,0,0,0,0,,,,,,,,,,,,,,,,,,,,,,,,,,,,,,,,,,,,,,,,,,,,,,,,
13618,300,13617,13619,13130,1,0,0,0,0,0,0,0,0,0,0,0,0,0,0,1,1,1,1,1,1,1,1,1,1,1,1,1,1,1,1,1,1,1,1,1,1,1,1,0,0,0,0,0,0,0,0,0,0,,,,,,,,,,,,,,,,,,,,,,,,,,,,,,,,,,,,,,,,,,,,,,,,
13619,300,13618,13620,,0,0,0,0,0,0,0,0,0,0,0,0,0,0,0,1,1,1,1,1,1,1,1,1,1,1,1,1,1,1,1,1,1,1,1,1,1,1,1,0,0,0,0,0,0,0,0,0,0,,,,,,,,,,,,,,,,,,,,,,,,,,,,,,,,,,,,,,,,,,,,,,,,
13620,300,13152,13619,13137,1,0,0,0,0,0,0,0,0,0,0,0,0,0,0,1,1,1,1,1,1,1,1,1,1,1,1,1,1,1,1,1,1,1,1,1,1,1,1,0,0,0,0,0,0,0,0,0,0,,,,,,,,,,,,,,,,,,,,,,,,,,,,,,,,,,,,,,,,,,,,,,,,
13621,300,13622,13161,,0,0,0,0,0,0,0,0,0,0,0,0,0,0,0,1,1,1,1,1,1,1,1,1,1,1,1,1,1,1,1,1,1,1,1,1,1,1,1,0,0,0,0,0,0,0,0,0,0,,,,,,,,,,,,,,,,,,,,,,,,,,,,,,,,,,,,,,,,,,,,,,,,
13622,300,13159,13621,13148,1,0,0,0,0,0,0,0,0,0,0,0,0,0,0,1,1,1,1,1,1,1,1,1,1,1,1,1,1,1,1,1,1,1,1,1,1,1,1,0,0,0,0,0,0,0,0,0,0,,,,,,,,,,,,,,,,,,,,,,,,,,,,,,,,,,,,,,,,,,,,,,,,
13623,600,13624,13134,,0,0,0,0,0,0,0,0,0,0,0,0,0,0,0,0,0,0,0,0,0,0,0,0,0,0,0,0,0,0,0,0,0,0,0,0,0,0,0,0,0,0,0,0,0,0,0,0,0,,,,,,,,,,,,,,,,,,,,,,,,,,,,,,,,,,,,,,,,,,,,,,,,
13624,300,13148,13623,13625,1,0,0,0,0,0,0,0,0,0,0,0,0,0,0,0,0,0,0,0,0,0,0,0,0,0,0,0,0,0,0,0,0,0,0,0,0,0,0,0,0,0,0,0,0,0,0,0,0,,,,,,,,,,,,,,,,,,,,,,,,,,,,,,,,,,,,,,,,,,,,,,,,
13625,300,13624,13626,,0,0,0,0,0,0,0,0,0,0,0,0,0,0,0,0,0,1,1,1,1,1,1,0,0,0,0,0,0,0,0,0,0,0,0,1,1,0,0,0,0,0,0,0,0,0,0,0,0,,,,,,,,,,,,,,,,,,,,,,,,,,,,,,,,,,,,,,,,,,,,,,,,
13626,300,13625,13167,13153,1,0,0,0,0,0,0,0,0,0,0,0,0,0,0,1,1,1,1,1,1,1,1,1,1,0,0,0,0,1,1,1,1,1,1,1,1,1,1,0,0,0,0,0,0,0,0,0,0,,,,,,,,,,,,,,,,,,,,,,,,,,,,,,,,,,,,,,,,,,,,,,,,
13627,3000,13231,13628,13208,1,49,49,50,50,35,35,38,38,44,44,48,48,134,134,1042,1042,1205,1205,1140,1140,1113,1113,1019,1019,953,953,965,965,985,985,1006,1006,1018,1018,1081,1081,1009,1009,422,422,265,265,174,174,127,127,68,68,,,,,,,,,,,,,,,,,,,,,,,,,,,,,,,,,,,,,,,,,,,,,,,,
13628,1500,13627,13629,13193;13187,2,49,49,50,50,35,35,38,38,44,44,48,48,134,134,1042,1042,1205,1205,1140,1140,1113,1113,1019,1019,953,953,965,965,985,985,1006,1006,1018,1018,1081,1081,1009,1009,422,422,265,265,174,174,127,127,68,68,,,,,,,,,,,,,,,,,,,,,,,,,,,,,,,,,,,,,,,,,,,,,,,,
13629,1200,13630,13628,,0,0,0,0,0,0,0,0,0,0,0,0,0,0,0,3,3,3,3,3,3,3,3,3,3,3,3,3,3,3,3,3,3,3,3,3,3,3,3,1,1,1,1,0,0,0,0,0,0,,,,,,,,,,,,,,,,,,,,,,,,,,,,,,,,,,,,,,,,,,,,,,,,
13630,1650,13182,13629,13631,1,49,49,50,50,35,35,38,38,44,44,48,48,134,134,1042,1042,1205,1205,1140,1140,1113,1113,1019,1019,953,953,965,965,985,985,1006,1006,1018,1018,1081,1081,1009,1009,422,422,265,265,174,174,127,127,68,68,,,,,,,,,,,,,,,,,,,,,,,,,,,,,,,,,,,,,,,,,,,,,,,,
13631,1100,13630,,13632,1,49,49,50,50,35,35,38,38,44,44,48,48,134,134,1042,1042,1205,1205,1140,1140,1113,1113,1019,1019,953,953,965,965,985,985,1006,1006,1018,1018,1081,1081,1009,1009,422,422,265,265,174,174,127,127,68,68,,,,,,,,,,,,,,,,,,,,,,,,,,,,,,,,,,,,,,,,,,,,,,,,
13632,400,13165,,13633;13631,2,0,0,0,0,0,0,0,0,0,0,0,0,0,0,4,4,4,4,4,4,4,4,4,4,3,3,3,3,4,4,4,4,4,4,4,4,4,4,1,1,1,1,1,1,0,0,0,0,,,,,,,,,,,,,,,,,,,,,,,,,,,,,,,,,,,,,,,,,,,,,,,,
13633,1200,13634,13632,,0,0,0,0,0,0,0,0,0,0,0,0,0,0,0,4,4,4,4,4,4,4,4,3,3,3,3,3,3,3,3,3,3,3,3,4,4,3,3,1,1,1,1,1,1,0,0,0,0,,,,,,,,,,,,,,,,,,,,,,,,,,,,,,,,,,,,,,,,,,,,,,,,
13634,1600,13633,13635,13603,1,0,0,0,0,0,0,0,0,0,0,0,0,0,0,3,3,3,3,3,3,3,3,3,3,3,3,3,3,3,3,3,3,3,3,3,3,3,3,1,1,1,1,0,0,0,0,0,0,,,,,,,,,,,,,,,,,,,,,,,,,,,,,,,,,,,,,,,,,,,,,,,,
13635,800,13636,13634,,0,0,0,0,0,0,0,0,0,0,0,0,0,0,0,2,2,3,3,3,3,2,2,2,2,2,2,2,2,2,2,2,2,2,2,2,2,2,2,1,1,1,1,0,0,0,0,0,0,,,,,,,,,,,,,,,,,,,,,,,,,,,,,,,,,,,,,,,,,,,,,,,,
13636,400,13635,13142,13221,1,0,0,0,0,0,0,0,0,0,0,0,0,0,0,2,2,2,2,2,2,2,2,2,2,2,2,2,2,2,2,2,2,2,2,2,2,2,2,1,1,0,0,0,0,0,0,0,0,,,,,,,,,,,,,,,,,,,,,,,,,,,,,,,,,,,,,,,,,,,,,,,,
13637,3000,13638,13322,,0,42,42,39,39,28,28,29,29,34,34,39,39,112,112,1343,1343,1424,1424,1347,1347,1375,1375,1229,1229,1247,1247,1096,1096,1282,1282,1299,1299,1257,1257,1375,1375,1394,1394,536,536,316,316,190,190,140,140,87,87,,,,,,,,,,,,,,,,,,,,,,,,,,,,,,,,,,,,,,,,,,,,,,,,
13638,1500,13639,13131,13637,1,42,42,39,39,28,28,29,29,34,34,39,39,112,112,1343,1343,1424,1424,1347,1347,1375,1375,1229,1229,1247,1247,1096,1096,1282,1282,1299,1299,1257,1257,1375,1375,1394,1394,536,536,316,316,190,190,140,140,87,87,,,,,,,,,,,,,,,,,,,,,,,,,,,,,,,,,,,,,,,,,,,,,,,,
13639,2500,13640,13638,,0,42,42,39,39,28,28,29,29,34,34,39,39,112,112,1343,1343,1424,1424,1347,1347,1375,1375,1229,1229,1247,1247,1096,1096,1282,1282,1299,1299,1257,1257,1375,1375,1394,1394,536,536,316,316,190,190,140,140,87,87,,,,,,,,,,,,,,,,,,,,,,,,,,,,,,,,,,,,,,,,,,,,,,,,
13640,1600,13645,,13639;13641,2,0,0,0,0,0,0,0,0,0,0,0,0,0,0,2,2,2,2,2,2,2,2,2,2,2,2,2,2,2,2,2,2,2,2,2,2,2,2,1,1,1,1,0,0,0,0,0,0,,,,,,,,,,,,,,,,,,,,,,,,,,,,,,,,,,,,,,,,,,,,,,,,
13641,4000,13642,13640,,0,42,42,39,39,28,28,29,29,34,34,39,39,112,112,1343,1343,1424,1424,1347,1347,1375,1375,1229,1229,1247,1247,1096,1096,1282,1282,1299,1299,1257,1257,1375,1375,1394,1394,536,536,316,316,190,190,140,140,87,87,,,,,,,,,,,,,,,,,,,,,,,,,,,,,,,,,,,,,,,,,,,,,,,,
13642,3000,13641,13643,13150;13157,2,42,42,39,39,28,28,29,29,34,34,39,39,112,112,1343,1343,1424,1424,1347,1347,1375,1375,1229,1229,1247,1247,1096,1096,1282,1282,1299,1299,1257,1257,1375,1375,1394,1394,536,536,316,316,190,190,140,140,87,87,,,,,,,,,,,,,,,,,,,,,,,,,,,,,,,,,,,,,,,,,,,,,,,,
13643,3000,13642,13644,,0,42,42,39,39,28,28,29,29,34,34,39,39,112,112,1343,1343,1424,1424,1347,1347,1375,1375,1229,1229,1247,1247,1096,1096,1282,1282,1299,1299,1257,1257,1375,1375,1394,1394,536,536,316,316,190,190,140,140,87,87,,,,,,,,,,,,,,,,,,,,,,,,,,,,,,,,,,,,,,,,,,,,,,,,
13644,2500,13204,13643,13293,1,49,49,50,50,35,35,38,38,44,44,48,48,134,134,1042,1042,1205,1205,1140,1140,1113,1113,1019,1019,953,953,965,965,985,985,1006,1006,1018,1018,1081,1081,1009,1009,422,422,265,265,174,174,127,127,68,68,,,,,,,,,,,,,,,,,,,,,,,,,,,,,,,,,,,,,,,,,,,,,,,,
13645,1200,13640,13646,,0,0,0,0,0,0,0,0,0,0,0,0,0,0,0,2,2,2,2,2,2,2,2,2,2,2,2,2,2,2,2,2,2,2,2,2,2,2,2,1,1,0,0,0,0,0,0,0,0,,,,,,,,,,,,,,,,,,,,,,,,,,,,,,,,,,,,,,,,,,,,,,,,
13646,800,13645,13138,13150,1,0,0,0,0,0,0,0,0,0,0,0,0,0,0,4,4,4,4,4,4,4,4,4,4,3,3,3,3,4,4,4,4,4,4,4,4,4,4,1,1,1,1,1,1,0,0,0,0,,,,,,,,,,,,,,,,,,,,,,,,,,,,,,,,,,,,,,,,,,,,,,,,
13647,1600,13294,13648,,0,0,0,0,0,0,0,0,0,0,0,0,0,0,0,3,3,4,4,3,3,3,3,3,3,3,3,3,3,3,3,3,3,3,3,3,3,3,3,1,1,1,1,0,0,0,0,0,0,,,,,,,,,,,,,,,,,,,,,,,,,,,,,,,,,,,,,,,,,,,,,,,,
13648,1200,13131,13647,13649,1,0,0,0,0,0,0,0,0,0,0,0,0,0,0,3,3,4,4,3,3,3,3,3,3,3,3,3,3,3,3,3,3,3,3,3,3,3,3,1,1,1,1,0,0,0,0,0,0,,,,,,,,,,,,,,,,,,,,,,,,,,,,,,,,,,,,,,,,,,,,,,,,
13649,1200,13650,13648,,0,0,0,0,0,0,0,0,0,0,0,0,0,0,0,3,3,4,4,4,4,4,4,3,3,3,3,3,3,3,3,3,3,3,3,4,4,3,3,1,1,1,1,1,1,0,0,0,0,,,,,,,,,,,,,,,,,,,,,,,,,,,,,,,,,,,,,,,,,,,,,,,,
13650,1600,13293,13649,13138,1,0,0,0,0,0,0,0,0,0,0,0,0,0,0,4,4,4,4,4,4,4,4,3,3,3,3,3,3,3,3,3,3,3,3,4,4,4,4,1,1,1,1,1,1,0,0,0,0,,,,,,,,,,,,,,,,,,,,,,,,,,,,,,,,,,,,,,,,,,,,,,,,
13651,4000,13654,13207,,0,42,42,39,39,28,28,29,29,34,34,39,39,112,112,1343,1343,1424,1424,1347,1347,1375,1375,1229,1229,1247,1247,1096,1096,1282,1282,1299,1299,1257,1257,1375,1375,1394,1394,536,536,316,316,190,190,140,140,87,87,,,,,,,,,,,,,,,,,,,,,,,,,,,,,,,,,,,,,,,,,,,,,,,,
13652,1200,13177,13653,13190,1,0,0,0,0,0,0,0,0,0,0,0,0,0,0,2,2,2,2,2,2,2,2,2,2,2,2,2,2,2,2,2,2,2,2,2,2,2,2,1,1,0,0,0,0,0,0,0,0,,,,,,,,,,,,,,,,,,,,,,,,,,,,,,,,,,,,,,,,,,,,,,,,
13653,1200,13652,13654,,0,0,0,0,0,0,0,0,0,0,0,0,0,0,0,2,2,2,2,2,2,2,2,2,2,2,2,2,2,2,2,2,2,2,2,2,2,2,2,1,1,1,1,0,0,0,0,0,0,,,,,,,,,,,,,,,,,,,,,,,,,,,,,,,,,,,,,,,,,,,,,,,,
13654,2000,13157,13183,13653;13651,2,42,42,39,39,28,28,29,29,34,34,39,39,112,112,1343,1343,1424,1424,1347,1347,1375,1375,1229,1229,1247,1247,1096,1096,1282,1282,1299,1299,1257,1257,1375,1375,1394,1394,536,536,316,316,190,190,140,140,87,87,,,,,,,,,,,,,,,,,,,,,,,,,,,,,,,,,,,,,,,,,,,,,,,,
13655,800,13199,13656,,0,0,0,0,0,0,0,0,0,0,0,0,0,0,0,1,1,1,1,1,1,1,1,1,1,1,1,1,1,1,1,1,1,1,1,1,1,1,1,0,0,0,0,0,0,0,0,0,0,,,,,,,,,,,,,,,,,,,,,,,,,,,,,,,,,,,,,,,,,,,,,,,,
13656,800,13171,13183,13655,1,0,0,0,0,0,0,0,0,0,0,0,0,0,0,1,1,1,1,1,1,1,1,1,1,1,1,1,1,1,1,1,1,1,1,1,1,1,1,1,1,0,0,0,0,0,0,0,0,,,,,,,,,,,,,,,,,,,,,,,,,,,,,,,,,,,,,,,,,,,,,,,,
13657,600,13568,13658,,0,0,0,0,0,0,0,0,0,0,0,0,0,0,0,2,2,2,2,2,2,2,2,2,2,1,1,1,1,2,2,2,2,2,2,2,2,2,2,1,1,0,0,0,0,0,0,0,0,,,,,,,,,,,,,,,,,,,,,,,,,,,,,,,,,,,,,,,,,,,,,,,,
13658,800,13214,13657,13273,1,0,0,0,0,0,0,0,0,0,0,0,0,0,0,2,2,2,2,2,2,2,2,2,2,2,2,2,2,2,2,2,2,2,2,2,2,2,2,1,1,1,1,0,0,0,0,0,0,,,,,,,,,,,,,,,,,,,,,,,,,,,,,,,,,,,,,,,,,,,,,,,,
13659,1000,13660,13195,,0,42,42,39,39,28,28,29,29,34,34,39,39,112,112,1343,1343,1424,1424,1347,1347,1375,1375,1229,1229,1247,1247,1096,1096,1282,1282,1299,1299,1257,1257,1375,1375,1394,1394,536,536,316,316,190,190,140,140,87,87,,,,,,,,,,,,,,,,,,,,,,,,,,,,,,,,,,,,,,,,,,,,,,,,
13660,800,13166,13659,13661;13171,2,0,0,0,0,0,0,0,0,0,0,0,0,0,0,2,2,2,2,2,2,2,2,2,2,2,2,2,2,2,2,2,2,2,2,2,2,2,2,1,1,1,1,0,0,0,0,0,0,,,,,,,,,,,,,,,,,,,,,,,,,,,,,,,,,,,,,,,,,,,,,,,,
13661,800,13662,13660,,0,0,0,0,0,0,0,0,0,0,0,0,0,0,0,2,2,2,2,2,2,2,2,1,1,1,1,1,1,1,1,1,1,1,1,2,2,2,2,1,1,0,0,0,0,0,0,0,0,,,,,,,,,,,,,,,,,,,,,,,,,,,,,,,,,,,,,,,,,,,,,,,,
13662,800,13177,13162,13661,1,0,0,0,0,0,0,0,0,0,0,0,0,0,0,1,1,1,1,1,1,1,1,1,1,1,1,1,1,1,1,1,1,1,1,1,1,1,1,1,1,0,0,0,0,0,0,0,0,,,,,,,,,,,,,,,,,,,,,,,,,,,,,,,,,,,,,,,,,,,,,,,,
13663,2500,13356,13664,,0,42,42,39,39,28,28,29,29,34,34,39,39,112,112,1343,1343,1424,1424,1347,1347,1375,1375,1229,1229,1247,1247,1096,1096,1282,1282,1299,1299,1257,1257,1375,1375,1394,1394,536,536,316,316,190,190,140,140,87,87,,,,,,,,,,,,,,,,,,,,,,,,,,,,,,,,,,,,,,,,,,,,,,,,
13664,800,13665,13190,13663,1,0,0,0,0,0,0,0,0,0,0,0,0,0,0,2,2,3,3,2,2,2,2,2,2,2,2,2,2,2,2,2,2,2,2,2,2,2,2,1,1,1,1,0,0,0,0,0,0,,,,,,,,,,,,,,,,,,,,,,,,,,,,,,,,,,,,,,,,,,,,,,,,
13665,800,13664,13666,,0,0,0,0,0,0,0,0,0,0,0,0,0,0,0,2,2,2,2,2,2,2,2,2,2,2,2,2,2,2,2,2,2,2,2,2,2,2,2,1,1,0,0,0,0,0,0,0,0,,,,,,,,,,,,,,,,,,,,,,,,,,,,,,,,,,,,,,,,,,,,,,,,
13666,400,13141,13665,13667,1,0,0,0,0,0,0,0,0,0,0,0,0,0,0,2,2,2,2,2,2,2,2,1,1,1,1,1,1,1,1,2,2,2,2,2,2,2,2,1,1,0,0,0,0,0,0,0,0,,,,,,,,,,,,,,,,,,,,,,,,,,,,,,,,,,,,,,,,,,,,,,,,
13667,800,13666,13668,,0,0,0,0,0,0,0,0,0,0,0,0,0,0,0,1,1,1,1,1,1,1,1,1,1,1,1,1,1,1,1,1,1,1,1,1,1,1,1,1,1,0,0,0,0,0,0,0,0,,,,,,,,,,,,,,,,,,,,,,,,,,,,,,,,,,,,,,,,,,,,,,,,
13668,400,13162,13669,13667,1,0,0,0,0,0,0,0,0,0,0,0,0,0,0,1,1,1,1,1,1,1,1,1,1,1,1,1,1,1,1,1,1,1,1,1,1,1,1,0,0,0,0,0,0,0,0,0,0,,,,,,,,,,,,,,,,,,,,,,,,,,,,,,,,,,,,,,,,,,,,,,,,
13669,400,13668,13670,,0,0,0,0,0,0,0,0,0,0,0,0,0,0,0,1,1,1,1,1,1,1,1,1,1,1,1,1,1,1,1,1,1,1,1,1,1,1,1,0,0,0,0,0,0,0,0,0,0,,,,,,,,,,,,,,,,,,,,,,,,,,,,,,,,,,,,,,,,,,,,,,,,
13670,600,13146,13669,13671,1,0,0,0,0,0,0,0,0,0,0,0,0,0,0,1,1,1,1,1,1,1,1,1,1,1,1,1,1,1,1,1,1,1,1,1,1,1,1,0,0,0,0,0,0,0,0,0,0,,,,,,,,,,,,,,,,,,,,,,,,,,,,,,,,,,,,,,,,,,,,,,,,
13671,600,13670,13672,,0,0,0,0,0,0,0,0,0,0,0,0,0,0,0,1,1,1,1,1,1,1,1,1,1,1,1,1,1,1,1,1,1,1,1,1,1,1,1,0,0,0,0,0,0,0,0,0,0,,,,,,,,,,,,,,,,,,,,,,,,,,,,,,,,,,,,,,,,,,,,,,,,
13672,600,13671,13673,13166,1,0,0,0,0,0,0,0,0,0,0,0,0,0,0,1,1,1,1,1,1,1,1,1,1,1,1,1,1,1,1,1,1,1,1,1,1,1,1,0,0,0,0,0,0,0,0,0,0,,,,,,,,,,,,,,,,,,,,,,,,,,,,,,,,,,,,,,,,,,,,,,,,
13673,300,13674,13672,,0,0,0,0,0,0,0,0,0,0,0,0,0,0,0,1,1,1,1,1,1,1,1,1,1,1,1,1,1,1,1,1,1,1,1,1,1,1,1,0,0,0,0,0,0,0,0,0,0,,,,,,,,,,,,,,,,,,,,,,,,,,,,,,,,,,,,,,,,,,,,,,,,
13674,800,13673,13675,13155,1,0,0,0,0,0,0,0,0,0,0,0,0,0,0,1,1,1,1,1,1,1,1,1,1,1,1,1,1,1,1,1,1,1,1,1,1,1,1,0,0,0,0,0,0,0,0,0,0,,,,,,,,,,,,,,,,,,,,,,,,,,,,,,,,,,,,,,,,,,,,,,,,
13675,800,13676,13674,,0,0,0,0,0,0,0,0,0,0,0,0,0,0,0,1,1,1,1,1,1,1,1,1,1,1,1,1,1,1,1,1,1,1,1,1,1,1,1,0,0,0,0,0,0,0,0,0,0,,,,,,,,,,,,,,,,,,,,,,,,,,,,,,,,,,,,,,,,,,,,,,,,
13676,600,13163,13675,13172,1,0,0,0,0,0,0,0,0,0,0,0,0,0,0,1,1,1,1,1,1,1,1,1,1,1,1,1,1,1,1,1,1,1,1,1,1,1,1,0,0,0,0,0,0,0,0,0,0,,,,,,,,,,,,,,,,,,,,,,,,,,,,,,,,,,,,,,,,,,,,,,,,
13677,400,13678,13186,,0,0,0,0,0,0,0,0,0,0,0,0,0,0,0,1,1,1,1,1,1,1,1,1,1,1,1,1,1,1,1,1,1,1,1,1,1,1,1,1,1,0,0,0,0,0,0,0,0,,,,,,,,,,,,,,,,,,,,,,,,,,,,,,,,,,,,,,,,,,,,,,,,
13678,600,13172,13170,13677,1,0,0,0,0,0,0,0,0,0,0,0,0,0,0,1,1,1,1,1,1,1,1,1,1,1,1,1,1,1,1,1,1,1,1,1,1,1,1,1,1,0,0,0,0,0,0,0,0,,,,,,,,,,,,,,,,,,,,,,,,,,,,,,,,,,,,,,,,,,,,,,,,
13679,800,13680,13692,,0,0,0,0,0,0,0,0,0,0,0,0,0,0,0,2,2,2,2,2,2,2,2,2,2,2,2,2,2,2,2,2,2,2,2,2,2,2,2,1,1,0,0,0,0,0,0,0,0,,,,,,,,,,,,,,,,,,,,,,,,,,,,,,,,,,,,,,,,,,,,,,,,
13680,400,13170,13679,13681,1,0,0,0,0,0,0,0,0,0,0,0,0,0,0,1,1,2,2,1,1,1,1,1,1,1,1,1,1,1,1,1,1,1,1,1,1,1,1,1,1,0,0,0,0,0,0,0,0,,,,,,,,,,,,,,,,,,,,,,,,,,,,,,,,,,,,,,,,,,,,,,,,
13681,800,13680,13682,,0,0,0,0,0,0,0,0,0,0,0,0,0,0,0,1,1,1,1,1,1,1,1,1,1,1,1,1,1,1,1,1,1,1,1,1,1,1,1,1,1,0,0,0,0,0,0,0,0,,,,,,,,,,,,,,,,,,,,,,,,,,,,,,,,,,,,,,,,,,,,,,,,
13682,400,13163,13681,13683,1,0,0,0,0,0,0,0,0,0,0,0,0,0,0,1,1,1,1,1,1,1,1,1,1,1,1,1,1,1,1,1,1,1,1,1,1,1,1,1,1,0,0,0,0,0,0,0,0,,,,,,,,,,,,,,,,,,,,,,,,,,,,,,,,,,,,,,,,,,,,,,,,
13683,800,13682,13684,,0,0,0,0,0,0,0,0,0,0,0,0,0,0,0,1,1,2,2,1,1,1,1,1,1,1,1,1,1,1,1,1,1,1,1,1,1,1,1,1,1,0,0,0,0,0,0,0,0,,,,,,,,,,,,,,,,,,,,,,,,,,,,,,,,,,,,,,,,,,,,,,,,
13684,1200,13685,13683,13155,1,0,0,0,0,0,0,0,0,0,0,0,0,0,0,1,1,2,2,2,2,1,1,1,1,1,1,1,1,1,1,1,1,1,1,1,1,1,1,1,1,0,0,0,0,0,0,0,0,,,,,,,,,,,,,,,,,,,,,,,,,,,,,,,,,,,,,,,,,,,,,,,,
13685,800,13686,13684,,0,0,0,0,0,0,0,0,0,0,0,0,0,0,0,1,1,2,2,1,1,1,1,1,1,1,1,1,1,1,1,1,1,1,1,1,1,1,1,1,1,0,0,0,0,0,0,0,0,,,,,,,,,,,,,,,,,,,,,,,,,,,,,,,,,,,,,,,,,,,,,,,,
13686,400,13146,13685,13687,1,0,0,0,0,0,0,0,0,0,0,0,0,0,0,1,1,1,1,1,1,1,1,1,1,1,1,1,1,1,1,1,1,1,1,1,1,1,1,1,1,0,0,0,0,0,0,0,0,,,,,,,,,,,,,,,,,,,,,,,,,,,,,,,,,,,,,,,,,,,,,,,,
13687,800,13688,13686,,0,0,0,0,0,0,0,0,0,0,0,0,0,0,0,1,1,1,1,1,1,1,1,1,1,1,1,1,1,1,1,1,1,1,1,1,1,1,1,0,0,0,0,0,0,0,0,0,0,,,,,,,,,,,,,,,,,,,,,,,,,,,,,,,,,,,,,,,,,,,,,,,,
13688,400,13141,13687,13168,1,0,0,0,0,0,0,0,0,0,0,0,0,0,0,1,1,1,1,1,1,1,1,1,1,1,1,1,1,1,1,1,1,1,1,1,1,1,1,1,1,0,0,0,0,0,0,0,0,,,,,,,,,,,,,,,,,,,,,,,,,,,,,,,,,,,,,,,,,,,,,,,,
13689,4000,13690,13179,,0,42,42,39,39,28,28,29,29,34,34,39,39,112,112,1343,1343,1424,1424,1347,1347,1375,1375,1229,1229,1247,1247,1096,1096,1282,1282,1299,1299,1257,1257,1375,1375,1394,1394,536,536,316,316,190,190,140,140,87,87,,,,,,,,,,,,,,,,,,,,,,,,,,,,,,,,,,,,,,,,,,,,,,,,
13690,400,13151,13164,13689,1,0,0,0,0,0,0,0,0,0,0,0,0,0,0,2,2,2,2,2,2,2,2,2,2,2,2,2,2,2,2,2,2,2,2,2,2,2,2,1,1,1,1,0,0,0,0,0,0,,,,,,,,,,,,,,,,,,,,,,,,,,,,,,,,,,,,,,,,,,,,,,,,
13691,800,13179,13692,,0,0,0,0,0,0,0,0,0,0,0,0,0,0,0,2,2,3,3,2,2,2,2,2,2,2,2,2,2,2,2,2,2,2,2,2,2,2,2,1,1,1,1,0,0,0,0,0,0,,,,,,,,,,,,,,,,,,,,,,,,,,,,,,,,,,,,,,,,,,,,,,,,
13692,1500,13217,13679,13691;13185,2,42,42,39,39,28,28,29,29,34,34,39,39,112,112,1343,1343,1424,1424,1347,1347,1375,1375,1229,1229,1247,1247,1096,1096,1282,1282,1299,1299,1257,1257,1375,1375,1394,1394,536,536,316,316,190,190,140,140,87,87,,,,,,,,,,,,,,,,,,,,,,,,,,,,,,,,,,,,,,,,,,,,,,,,
13693,4400,13694,13179,,0,42,42,39,39,28,28,29,29,34,34,39,39,112,112,1343,1343,1424,1424,1347,1347,1375,1375,1229,1229,1247,1247,1096,1096,1282,1282,1299,1299,1257,1257,1375,1375,1394,1394,536,536,316,316,190,190,140,140,87,87,,,,,,,,,,,,,,,,,,,,,,,,,,,,,,,,,,,,,,,,,,,,,,,,
13694,400,13191,13693,13210,1,0,0,0,0,0,0,0,0,0,0,0,0,0,0,2,2,2,2,2,2,2,2,2,2,2,2,2,2,2,2,2,2,2,2,2,2,2,2,1,1,1,1,0,0,0,0,0,0,,,,,,,,,,,,,,,,,,,,,,,,,,,,,,,,,,,,,,,,,,,,,,,,
13695,800,13696,13216,,0,0,0,0,0,0,0,0,0,0,0,0,0,0,0,1,1,1,1,1,1,1,1,1,1,1,1,1,1,1,1,1,1,1,1,1,1,1,1,0,0,0,0,0,0,0,0,0,0,,,,,,,,,,,,,,,,,,,,,,,,,,,,,,,,,,,,,,,,,,,,,,,,
13696,300,13695,13248,13697,1,0,0,0,0,0,0,0,0,0,0,0,0,0,0,1,1,1,1,1,1,1,1,1,1,1,1,1,1,1,1,1,1,1,1,1,1,1,1,0,0,0,0,0,0,0,0,0,0,,,,,,,,,,,,,,,,,,,,,,,,,,,,,,,,,,,,,,,,,,,,,,,,
13697,800,13696,13698,,0,0,0,0,0,0,0,0,0,0,0,0,0,0,0,1,1,1,1,1,1,1,1,0,0,0,0,0,0,0,0,0,0,0,0,1,1,1,1,0,0,0,0,0,0,0,0,0,0,,,,,,,,,,,,,,,,,,,,,,,,,,,,,,,,,,,,,,,,,,,,,,,,
13698,400,13697,13246,13211,1,0,0,0,0,0,0,0,0,0,0,0,0,0,0,1,1,1,1,1,1,1,1,1,1,0,0,0,0,1,1,1,1,1,1,1,1,1,1,0,0,0,0,0,0,0,0,0,0,,,,,,,,,,,,,,,,,,,,,,,,,,,,,,,,,,,,,,,,,,,,,,,,
13699,800,13700,13169,,0,0,0,0,0,0,0,0,0,0,0,0,0,0,0,1,1,2,2,1,1,1,1,1,1,1,1,1,1,1,1,1,1,1,1,1,1,1,1,1,1,0,0,0,0,0,0,0,0,,,,,,,,,,,,,,,,,,,,,,,,,,,,,,,,,,,,,,,,,,,,,,,,
137,1600,142,460,,0,0,0,0,0,0,0,0,0,0,0,0,0,0,0,4,4,4,4,4,4,4,4,4,4,3,3,4,4,3,3,4,4,4,4,4,4,4,4,1,1,1,1,0,0,0,0,0,0,,,,,,,,,,,,,,,,,,,,,,,,,,,,,,,,,,,,,,,,,,,,,,,,
13700,400,13191,13194,13699,1,0,0,0,0,0,0,0,0,0,0,0,0,0,0,1,1,1,1,1,1,1,1,1,1,1,1,1,1,1,1,1,1,1,1,1,1,1,1,1,1,0,0,0,0,0,0,0,0,,,,,,,,,,,,,,,,,,,,,,,,,,,,,,,,,,,,,,,,,,,,,,,,
13701,300,13136,11819,,0,53,53,55,55,38,38,42,42,48,48,53,53,146,146,715,715,891,891,804,804,768,768,707,707,638,638,676,676,679,679,669,669,696,696,738,738,671,671,411,411,264,264,178,178,130,130,66,66,,,,,,,,,,,,,,,,,,,,,,,,,,,,,,,,,,,,,,,,,,,,,,,,
13702,800,13703,13145,,0,0,0,0,0,0,0,0,0,0,0,0,0,0,0,2,2,2,2,2,2,2,2,2,2,2,2,2,2,2,2,2,2,2,2,2,2,2,2,1,1,1,1,0,0,0,0,0,0,,,,,,,,,,,,,,,,,,,,,,,,,,,,,,,,,,,,,,,,,,,,,,,,
13703,800,13144,13702,13139,1,0,0,0,0,0,0,0,0,0,0,0,0,0,0,2,2,2,2,2,2,2,2,2,2,2,2,2,2,2,2,2,2,2,2,2,2,2,2,1,1,0,0,0,0,0,0,0,0,,,,,,,,,,,,,,,,,,,,,,,,,,,,,,,,,,,,,,,,,,,,,,,,
13704,300,13705,13136,,0,0,0,0,0,0,0,0,0,0,0,0,0,0,0,2,2,2,2,2,2,2,2,2,2,2,2,2,2,2,2,2,2,2,2,2,2,2,2,1,1,0,0,0,0,0,0,0,0,,,,,,,,,,,,,,,,,,,,,,,,,,,,,,,,,,,,,,,,,,,,,,,,
13705,400,13135,11415,13704,1,0,0,0,0,0,0,0,0,0,0,0,0,0,0,1,1,2,2,2,2,2,2,1,1,1,1,1,1,1,1,1,1,1,1,2,2,1,1,1,1,0,0,0,0,0,0,0,0,,,,,,,,,,,,,,,,,,,,,,,,,,,,,,,,,,,,,,,,,,,,,,,,
13706,3300,13280,12916,12929;13279,2,54,54,54,54,38,38,41,41,48,48,53,53,149,149,1126,1126,1279,1279,1185,1185,1176,1176,1064,1064,1030,1030,978,978,1073,1073,1075,1075,1072,1072,1157,1157,1124,1124,530,530,326,326,208,208,152,152,86,86,,,,,,,,,,,,,,,,,,,,,,,,,,,,,,,,,,,,,,,,,,,,,,,,
13707,1200,12985,13274,13280;13709,2,0,0,0,0,0,0,0,0,0,0,0,0,1,1,3,3,4,4,3,3,3,3,3,3,3,3,3,3,3,3,3,3,3,3,3,3,3,3,2,2,1,1,1,1,0,0,0,0,,,,,,,,,,,,,,,,,,,,,,,,,,,,,,,,,,,,,,,,,,,,,,,,
13708,2500,13274,12998,13709,1,54,54,54,54,38,38,41,41,48,48,53,53,149,149,1126,1126,1279,1279,1185,1185,1176,1176,1064,1064,1030,1030,978,978,1073,1073,1075,1075,1072,1072,1157,1157,1124,1124,530,530,326,326,208,208,152,152,86,86,,,,,,,,,,,,,,,,,,,,,,,,,,,,,,,,,,,,,,,,,,,,,,,,
13709,2500,13708,13707,,0,54,54,54,54,38,38,41,41,48,48,53,53,149,149,1126,1126,1279,1279,1185,1185,1176,1176,1064,1064,1030,1030,978,978,1073,1073,1075,1075,1072,1072,1157,1157,1124,1124,530,530,326,326,208,208,152,152,86,86,,,,,,,,,,,,,,,,,,,,,,,,,,,,,,,,,,,,,,,,,,,,,,,,
13710,2500,13711,13007,,0,54,54,54,54,38,38,41,41,48,48,53,53,149,149,1126,1126,1279,1279,1185,1185,1176,1176,1064,1064,1030,1030,978,978,1073,1073,1075,1075,1072,1072,1157,1157,1124,1124,530,530,326,326,208,208,152,152,86,86,,,,,,,,,,,,,,,,,,,,,,,,,,,,,,,,,,,,,,,,,,,,,,,,
13711,2500,13710,13425,12998,1,54,54,54,54,38,38,41,41,48,48,53,53,149,149,1126,1126,1279,1279,1185,1185,1176,1176,1064,1064,1030,1030,978,978,1073,1073,1075,1075,1072,1072,1157,1157,1124,1124,530,530,326,326,208,208,152,152,86,86,,,,,,,,,,,,,,,,,,,,,,,,,,,,,,,,,,,,,,,,,,,,,,,,
13712,600,13020,13027,13425,1,0,0,0,0,0,0,0,0,0,0,0,0,0,0,3,3,3,3,3,3,3,3,3,3,3,3,3,3,3,3,3,3,3,3,3,3,3,3,2,2,1,1,1,1,0,0,0,0,,,,,,,,,,,,,,,,,,,,,,,,,,,,,,,,,,,,,,,,,,,,,,,,
13713,1000,13714,13007,593,1,54,54,54,54,38,38,41,41,48,48,53,53,149,149,1126,1126,1279,1279,1185,1185,1176,1176,1064,1064,1030,1030,978,978,1073,1073,1075,1075,1072,1072,1157,1157,1124,1124,530,530,326,326,208,208,152,152,86,86,,,,,,,,,,,,,,,,,,,,,,,,,,,,,,,,,,,,,,,,,,,,,,,,
13714,1000,,13713,594,1,54,54,54,54,38,38,41,41,48,48,53,53,149,149,1126,1126,1279,1279,1185,1185,1176,1176,1064,1064,1030,1030,978,978,1073,1073,1075,1075,1072,1072,1157,1157,1124,1124,530,530,326,326,208,208,152,152,86,86,,,,,,,,,,,,,,,,,,,,,,,,,,,,,,,,,,,,,,,,,,,,,,,,
13715,1100,595,13716,,0,54,54,54,54,38,38,41,41,48,48,53,53,149,149,1126,1126,1279,1279,1185,1185,1176,1176,1064,1064,1030,1030,978,978,1073,1073,1075,1075,1072,1072,1157,1157,1124,1124,530,530,326,326,208,208,152,152,86,86,,,,,,,,,,,,,,,,,,,,,,,,,,,,,,,,,,,,,,,,,,,,,,,,
13716,1650,14738,13715,596;12991,2,54,54,54,54,38,38,41,41,48,48,53,53,149,149,1126,1126,1279,1279,1185,1185,1176,1176,1064,1064,1030,1030,978,978,1073,1073,1075,1075,1072,1072,1157,1157,1124,1124,530,530,326,326,208,208,152,152,86,86,,,,,,,,,,,,,,,,,,,,,,,,,,,,,,,,,,,,,,,,,,,,,,,,
13717,3000,5073,13718,5266;13739,2,34,34,35,35,24,24,26,26,31,31,34,34,93,93,1033,1033,1204,1204,1104,1104,1020,1020,1010,1010,922,922,958,958,984,984,1034,1034,1068,1068,1124,1124,1040,1040,262,262,168,168,114,114,82,82,42,42,,,,,,,,,,,,,,,,,,,,,,,,,,,,,,,,,,,,,,,,,,,,,,,,
13718,2000,13717,14047,,0,29,29,30,30,21,21,23,23,27,27,29,29,80,80,1048,1048,1204,1204,1129,1129,1054,1054,1033,1033,946,946,985,985,994,994,1055,1055,1083,1083,1136,1136,1047,1047,225,225,144,144,97,97,71,71,36,36,,,,,,,,,,,,,,,,,,,,,,,,,,,,,,,,,,,,,,,,,,,,,,,,
13719,4000,13723,5072,,0,67,67,70,70,49,49,53,53,62,62,67,67,186,186,910,910,1134,1134,1023,1023,977,977,900,900,812,812,861,861,864,864,851,851,886,886,939,939,854,854,524,524,336,336,227,227,165,165,84,84,,,,,,,,,,,,,,,,,,,,,,,,,,,,,,,,,,,,,,,,,,,,,,,,
13720,4000,5291,13723,,0,64,64,66,66,46,46,50,50,58,58,64,64,177,177,964,964,1170,1170,1064,1064,1027,1027,941,941,866,866,890,890,916,916,907,907,932,932,994,994,922,922,526,526,334,334,222,222,162,162,84,84,,,,,,,,,,,,,,,,,,,,,,,,,,,,,,,,,,,,,,,,,,,,,,,,
13721,1200,13724,5071,,0,0,0,0,0,0,0,0,0,0,0,0,0,0,0,5,5,6,6,5,5,5,5,5,5,5,5,5,5,5,5,5,5,5,5,5,5,5,5,1,1,1,1,1,1,0,0,0,0,,,,,,,,,,,,,,,,,,,,,,,,,,,,,,,,,,,,,,,,,,,,,,,,
13722,2000,5072,13724,,0,67,67,70,70,49,49,53,53,62,62,67,67,186,186,910,910,1134,1134,1023,1023,977,977,900,900,812,812,861,861,864,864,851,851,886,886,939,939,854,854,524,524,336,336,227,227,165,165,84,84,,,,,,,,,,,,,,,,,,,,,,,,,,,,,,,,,,,,,,,,,,,,,,,,
13723,1600,13727,13720,13719;13731,2,0,0,0,0,0,0,0,0,0,0,0,0,0,0,4,4,4,4,4,4,4,4,4,4,3,3,3,3,3,3,4,4,4,4,4,4,4,4,1,1,1,1,0,0,0,0,0,0,,,,,,,,,,,,,,,,,,,,,,,,,,,,,,,,,,,,,,,,,,,,,,,,
13724,2500,13728,13722,13721;13726,2,35,35,37,37,26,26,28,28,33,33,35,35,98,98,1037,1037,1191,1191,1138,1138,1087,1087,1028,1028,946,946,985,985,978,978,1028,1028,1047,1047,1100,1100,1011,1011,286,286,182,182,122,122,89,89,46,46,,,,,,,,,,,,,,,,,,,,,,,,,,,,,,,,,,,,,,,,,,,,,,,,
13725,2500,13971,14049,,0,35,35,37,37,26,26,28,28,33,33,35,35,98,98,1037,1037,1191,1191,1138,1138,1087,1087,1028,1028,946,946,985,985,978,978,1028,1028,1047,1047,1100,1100,1011,1011,286,286,182,182,122,122,89,89,46,46,,,,,,,,,,,,,,,,,,,,,,,,,,,,,,,,,,,,,,,,,,,,,,,,
13726,1200,13724,13729,,0,0,0,0,0,0,0,0,0,0,0,0,0,0,0,5,5,5,5,5,5,5,5,5,5,4,4,4,4,4,4,5,5,5,5,5,5,5,5,1,1,1,1,1,1,0,0,0,0,,,,,,,,,,,,,,,,,,,,,,,,,,,,,,,,,,,,,,,,,,,,,,,,
13727,1600,13729,13723,,0,0,0,0,0,0,0,0,0,0,0,0,0,0,0,2,2,2,2,2,2,2,2,2,2,2,2,2,2,2,2,2,2,2,2,2,2,2,2,1,1,0,0,0,0,0,0,0,0,,,,,,,,,,,,,,,,,,,,,,,,,,,,,,,,,,,,,,,,,,,,,,,,
13728,2500,13724,13732,,0,35,35,37,37,26,26,28,28,33,33,35,35,98,98,1037,1037,1191,1191,1138,1138,1087,1087,1028,1028,946,946,985,985,978,978,1028,1028,1047,1047,1100,1100,1011,1011,286,286,182,182,122,122,89,89,46,46,,,,,,,,,,,,,,,,,,,,,,,,,,,,,,,,,,,,,,,,,,,,,,,,
13729,1600,13727,13738,13726;13743,2,0,0,0,0,0,0,0,0,0,0,0,0,0,0,3,3,4,4,3,3,3,3,3,3,3,3,3,3,3,3,3,3,3,3,3,3,3,3,1,1,1,1,0,0,0,0,0,0,,,,,,,,,,,,,,,,,,,,,,,,,,,,,,,,,,,,,,,,,,,,,,,,
13730,1200,5293,14024,,0,1,1,1,1,1,1,1,1,1,1,1,1,2,2,13,13,15,15,14,14,14,14,12,12,11,11,12,12,12,12,12,12,12,12,13,13,12,12,6,6,4,4,3,3,2,2,1,1,,,,,,,,,,,,,,,,,,,,,,,,,,,,,,,,,,,,,,,,,,,,,,,,
13731,3500,13991,13723,,0,0,0,0,0,0,0,0,0,0,0,0,0,0,0,1138,1138,1201,1201,1284,1284,1257,1257,1168,1168,1084,1084,1145,1145,1051,1051,1179,1179,1173,1173,1211,1211,1091,1091,0,0,0,0,0,0,0,0,0,0,,,,,,,,,,,,,,,,,,,,,,,,,,,,,,,,,,,,,,,,,,,,,,,,
13732,2500,13742,13728,14048;13736,2,35,35,37,37,26,26,28,28,33,33,35,35,98,98,1037,1037,1191,1191,1138,1138,1087,1087,1028,1028,946,946,985,985,978,978,1028,1028,1047,1047,1100,1100,1011,1011,286,286,182,182,122,122,89,89,46,46,,,,,,,,,,,,,,,,,,,,,,,,,,,,,,,,,,,,,,,,,,,,,,,,
13733,1200,16547,16555,14021;13735,2,0,0,0,0,0,0,0,0,0,0,0,0,1,1,7,7,8,8,7,7,7,7,6,6,6,6,6,6,6,6,6,6,7,7,7,7,6,6,2,2,1,1,1,1,1,1,0,0,,,,,,,,,,,,,,,,,,,,,,,,,,,,,,,,,,,,,,,,,,,,,,,,
13734,1200,13740,5069,,0,0,0,0,0,0,0,0,0,0,0,0,0,0,0,894,894,944,944,1009,1009,988,988,917,917,851,851,900,900,826,826,926,926,922,922,952,952,857,857,0,0,0,0,0,0,0,0,0,0,,,,,,,,,,,,,,,,,,,,,,,,,,,,,,,,,,,,,,,,,,,,,,,,
13735,2500,13733,14018,,0,35,35,37,37,26,26,28,28,33,33,35,35,98,98,1037,1037,1191,1191,1138,1138,1087,1087,1028,1028,946,946,985,985,978,978,1028,1028,1047,1047,1100,1100,1011,1011,286,286,182,182,122,122,89,89,46,46,,,,,,,,,,,,,,,,,,,,,,,,,,,,,,,,,,,,,,,,,,,,,,,,
13736,2000,13732,13741,,0,35,35,37,37,26,26,28,28,33,33,35,35,98,98,1037,1037,1191,1191,1138,1138,1087,1087,1028,1028,946,946,985,985,978,978,1028,1028,1047,1047,1100,1100,1011,1011,286,286,182,182,122,122,89,89,46,46,,,,,,,,,,,,,,,,,,,,,,,,,,,,,,,,,,,,,,,,,,,,,,,,
13737,2000,13967,13740,,0,29,29,30,30,21,21,23,23,27,27,29,29,80,80,1048,1048,1204,1204,1129,1129,1054,1054,1033,1033,946,946,985,985,994,994,1055,1055,1083,1083,1136,1136,1047,1047,225,225,144,144,97,97,71,71,36,36,,,,,,,,,,,,,,,,,,,,,,,,,,,,,,,,,,,,,,,,,,,,,,,,
13738,1600,13729,13741,,0,0,0,0,0,0,0,0,0,0,0,0,0,0,0,3,3,3,3,3,3,3,3,3,3,3,3,3,3,3,3,3,3,3,3,3,3,3,3,1,1,1,1,0,0,0,0,0,0,,,,,,,,,,,,,,,,,,,,,,,,,,,,,,,,,,,,,,,,,,,,,,,,
13739,2500,13745,13717,,0,29,29,30,30,21,21,23,23,27,27,29,29,80,80,1048,1048,1204,1204,1129,1129,1054,1054,1033,1033,946,946,985,985,994,994,1055,1055,1083,1083,1136,1136,1047,1047,225,225,144,144,97,97,71,71,36,36,,,,,,,,,,,,,,,,,,,,,,,,,,,,,,,,,,,,,,,,,,,,,,,,
13740,1600,13734,13754,13737;13744,2,0,0,0,0,0,0,0,0,0,0,0,0,1,1,10,10,11,11,10,10,10,10,9,9,9,9,9,9,9,9,10,10,10,10,10,10,10,10,2,2,1,1,1,1,1,1,0,0,,,,,,,,,,,,,,,,,,,,,,,,,,,,,,,,,,,,,,,,,,,,,,,,
13741,1600,13749,13738,13736;13748,2,0,0,0,0,0,0,0,0,0,0,0,0,1,1,5,5,6,6,6,6,6,6,5,5,5,5,5,5,5,5,5,5,5,5,6,6,5,5,2,2,1,1,1,1,0,0,0,0,,,,,,,,,,,,,,,,,,,,,,,,,,,,,,,,,,,,,,,,,,,,,,,,
13742,2500,13973,13732,,0,35,35,37,37,26,26,28,28,33,33,35,35,98,98,1037,1037,1191,1191,1138,1138,1087,1087,1028,1028,946,946,985,985,978,978,1028,1028,1047,1047,1100,1100,1011,1011,286,286,182,182,122,122,89,89,46,46,,,,,,,,,,,,,,,,,,,,,,,,,,,,,,,,,,,,,,,,,,,,,,,,
13743,2500,13983,13729,,0,35,35,37,37,26,26,28,28,33,33,35,35,98,98,1037,1037,1191,1191,1138,1138,1087,1087,1028,1028,946,946,985,985,978,978,1028,1028,1047,1047,1100,1100,1011,1011,286,286,182,182,122,122,89,89,46,46,,,,,,,,,,,,,,,,,,,,,,,,,,,,,,,,,,,,,,,,,,,,,,,,
13744,1600,13745,13740,,0,0,0,0,0,0,0,0,0,0,0,0,0,1,1,8,8,9,9,9,9,8,8,8,8,7,7,8,8,8,8,8,8,8,8,9,9,8,8,2,2,1,1,1,1,1,1,0,0,,,,,,,,,,,,,,,,,,,,,,,,,,,,,,,,,,,,,,,,,,,,,,,,
13745,3000,13744,13746,13739;13772,2,29,29,30,30,21,21,23,23,27,27,29,29,80,80,1048,1048,1204,1204,1129,1129,1054,1054,1033,1033,946,946,985,985,994,994,1055,1055,1083,1083,1136,1136,1047,1047,225,225,144,144,97,97,71,71,36,36,,,,,,,,,,,,,,,,,,,,,,,,,,,,,,,,,,,,,,,,,,,,,,,,
13746,2500,13965,13745,,0,29,29,30,30,21,21,23,23,27,27,29,29,80,80,1048,1048,1204,1204,1129,1129,1054,1054,1033,1033,946,946,985,985,994,994,1055,1055,1083,1083,1136,1136,1047,1047,225,225,144,144,97,97,71,71,36,36,,,,,,,,,,,,,,,,,,,,,,,,,,,,,,,,,,,,,,,,,,,,,,,,
13747,2500,13985,13752,,0,35,35,37,37,26,26,28,28,33,33,35,35,98,98,1037,1037,1191,1191,1138,1138,1087,1087,1028,1028,946,946,985,985,978,978,1028,1028,1047,1047,1100,1100,1011,1011,286,286,182,182,122,122,89,89,46,46,,,,,,,,,,,,,,,,,,,,,,,,,,,,,,,,,,,,,,,,,,,,,,,,
13748,2000,13753,13741,,0,35,35,37,37,26,26,28,28,33,33,35,35,98,98,1037,1037,1191,1191,1138,1138,1087,1087,1028,1028,946,946,985,985,978,978,1028,1028,1047,1047,1100,1100,1011,1011,286,286,182,182,122,122,89,89,46,46,,,,,,,,,,,,,,,,,,,,,,,,,,,,,,,,,,,,,,,,,,,,,,,,
13749,2000,13741,13969,,0,35,35,37,37,26,26,28,28,33,33,35,35,98,98,1037,1037,1191,1191,1138,1138,1087,1087,1028,1028,946,946,985,985,978,978,1028,1028,1047,1047,1100,1100,1011,1011,286,286,182,182,122,122,89,89,46,46,,,,,,,,,,,,,,,,,,,,,,,,,,,,,,,,,,,,,,,,,,,,,,,,
13750,2000,13752,14009,,0,35,35,37,37,26,26,28,28,33,33,35,35,98,98,1037,1037,1191,1191,1138,1138,1087,1087,1028,1028,946,946,985,985,978,978,1028,1028,1047,1047,1100,1100,1011,1011,286,286,182,182,122,122,89,89,46,46,,,,,,,,,,,,,,,,,,,,,,,,,,,,,,,,,,,,,,,,,,,,,,,,
13751,2500,13989,13985,,0,35,35,37,37,26,26,28,28,33,33,35,35,98,98,1037,1037,1191,1191,1138,1138,1087,1087,1028,1028,946,946,985,985,978,978,1028,1028,1047,1047,1100,1100,1011,1011,286,286,182,182,122,122,89,89,46,46,,,,,,,,,,,,,,,,,,,,,,,,,,,,,,,,,,,,,,,,,,,,,,,,
13752,2500,13750,13766,13747;13768,2,35,35,37,37,26,26,28,28,33,33,35,35,98,98,1037,1037,1191,1191,1138,1138,1087,1087,1028,1028,946,946,985,985,978,978,1028,1028,1047,1047,1100,1100,1011,1011,286,286,182,182,122,122,89,89,46,46,,,,,,,,,,,,,,,,,,,,,,,,,,,,,,,,,,,,,,,,,,,,,,,,
13753,3000,13982,13761,13748;13790,2,35,35,37,37,26,26,28,28,33,33,35,35,98,98,1037,1037,1191,1191,1138,1138,1087,1087,1028,1028,946,946,985,985,978,978,1028,1028,1047,1047,1100,1100,1011,1011,286,286,182,182,122,122,89,89,46,46,,,,,,,,,,,,,,,,,,,,,,,,,,,,,,,,,,,,,,,,,,,,,,,,
13754,1600,13953,13740,,0,1,1,1,1,0,0,0,0,0,0,1,1,1,1,19,19,22,22,21,21,20,20,19,19,18,18,18,18,18,18,20,20,20,20,21,21,19,19,4,4,3,3,2,2,1,1,1,1,,,,,,,,,,,,,,,,,,,,,,,,,,,,,,,,,,,,,,,,,,,,,,,,
13755,4000,13764,13951,,0,0,0,0,0,0,0,0,0,0,0,0,0,0,0,1138,1138,1201,1201,1284,1284,1257,1257,1168,1168,1084,1084,1145,1145,1051,1051,1179,1179,1173,1173,1211,1211,1091,1091,0,0,0,0,0,0,0,0,0,0,,,,,,,,,,,,,,,,,,,,,,,,,,,,,,,,,,,,,,,,,,,,,,,,
13756,2500,13997,13987,,0,35,35,37,37,26,26,28,28,33,33,35,35,98,98,1037,1037,1191,1191,1138,1138,1087,1087,1028,1028,946,946,985,985,978,978,1028,1028,1047,1047,1100,1100,1011,1011,286,286,182,182,122,122,89,89,46,46,,,,,,,,,,,,,,,,,,,,,,,,,,,,,,,,,,,,,,,,,,,,,,,,
13757,2000,13957,13963,,0,29,29,30,30,21,21,23,23,27,27,29,29,80,80,1048,1048,1204,1204,1129,1129,1054,1054,1033,1033,946,946,985,985,994,994,1055,1055,1083,1083,1136,1136,1047,1047,225,225,144,144,97,97,71,71,36,36,,,,,,,,,,,,,,,,,,,,,,,,,,,,,,,,,,,,,,,,,,,,,,,,
13758,2000,14005,14007,,0,35,35,37,37,26,26,28,28,33,33,35,35,98,98,1037,1037,1191,1191,1138,1138,1087,1087,1028,1028,946,946,985,985,978,978,1028,1028,1047,1047,1100,1100,1011,1011,286,286,182,182,122,122,89,89,46,46,,,,,,,,,,,,,,,,,,,,,,,,,,,,,,,,,,,,,,,,,,,,,,,,
13759,1600,13953,13955,,0,0,0,0,0,0,0,0,0,0,0,0,0,1,1,9,9,11,11,10,10,9,9,9,9,8,8,9,9,9,9,9,9,10,10,10,10,9,9,2,2,1,1,1,1,1,1,0,0,,,,,,,,,,,,,,,,,,,,,,,,,,,,,,,,,,,,,,,,,,,,,,,,
13760,300,13773,,13764,1,0,0,0,0,0,0,0,0,0,0,0,0,1,1,16,16,18,18,17,17,16,16,16,16,14,14,15,15,15,15,16,16,16,16,17,17,16,16,3,3,2,2,1,1,1,1,1,1,,,,,,,,,,,,,,,,,,,,,,,,,,,,,,,,,,,,,,,,,,,,,,,,
13761,2500,13975,13753,,0,35,35,37,37,26,26,28,28,33,33,35,35,98,98,1037,1037,1191,1191,1138,1138,1087,1087,1028,1028,946,946,985,985,978,978,1028,1028,1047,1047,1100,1100,1011,1011,286,286,182,182,122,122,89,89,46,46,,,,,,,,,,,,,,,,,,,,,,,,,,,,,,,,,,,,,,,,,,,,,,,,
13762,1600,13989,14009,,0,0,0,0,0,0,0,0,0,0,0,0,0,0,0,5,5,5,5,5,5,5,5,5,5,4,4,4,4,4,4,5,5,5,5,5,5,5,5,1,1,1,1,1,1,0,0,0,0,,,,,,,,,,,,,,,,,,,,,,,,,,,,,,,,,,,,,,,,,,,,,,,,
13763,4400,13971,5063,,0,34,34,35,35,24,24,26,26,31,31,34,34,93,93,1033,1033,1204,1204,1104,1104,1020,1020,1010,1010,922,922,958,958,984,984,1034,1034,1068,1068,1124,1124,1040,1040,262,262,168,168,114,114,82,82,42,42,,,,,,,,,,,,,,,,,,,,,,,,,,,,,,,,,,,,,,,,,,,,,,,,
13764,4400,13782,13755,13760;13830,2,0,0,0,0,0,0,0,0,0,0,0,0,0,0,1156,1156,1275,1275,1184,1184,1063,1063,1121,1121,1033,1033,1056,1056,1105,1105,1218,1218,1250,1250,1308,1308,1226,1226,0,0,0,0,0,0,0,0,0,0,,,,,,,,,,,,,,,,,,,,,,,,,,,,,,,,,,,,,,,,,,,,,,,,
13765,1600,13955,13959,,0,0,0,0,0,0,0,0,0,0,0,0,0,1,1,8,8,9,9,8,8,8,8,7,7,7,7,7,7,7,7,8,8,8,8,8,8,8,8,2,2,1,1,1,1,1,1,0,0,,,,,,,,,,,,,,,,,,,,,,,,,,,,,,,,,,,,,,,,,,,,,,,,
13766,1200,13752,13999,,0,0,0,0,0,0,0,0,0,0,0,0,0,0,0,3,3,4,4,4,4,4,4,3,3,3,3,3,3,3,3,3,3,4,4,4,4,3,3,1,1,1,1,0,0,0,0,0,0,,,,,,,,,,,,,,,,,,,,,,,,,,,,,,,,,,,,,,,,,,,,,,,,
13767,3000,13974,13778,13968;13802,2,35,35,37,37,26,26,28,28,33,33,35,35,98,98,1037,1037,1191,1191,1138,1138,1087,1087,1028,1028,946,946,985,985,978,978,1028,1028,1047,1047,1100,1100,1011,1011,286,286,182,182,122,122,89,89,46,46,,,,,,,,,,,,,,,,,,,,,,,,,,,,,,,,,,,,,,,,,,,,,,,,
13768,1600,13752,14005,,0,0,0,0,0,0,0,0,0,0,0,0,0,0,0,5,5,5,5,5,5,5,5,5,5,4,4,4,4,4,4,5,5,5,5,5,5,4,4,1,1,1,1,1,1,0,0,0,0,,,,,,,,,,,,,,,,,,,,,,,,,,,,,,,,,,,,,,,,,,,,,,,,
13769,1200,14011,13771,,0,0,0,0,0,0,0,0,0,0,0,0,0,0,0,3,3,4,4,4,4,3,3,3,3,3,3,3,3,3,3,3,3,3,3,3,3,3,3,1,1,1,1,0,0,0,0,0,0,,,,,,,,,,,,,,,,,,,,,,,,,,,,,,,,,,,,,,,,,,,,,,,,
13770,1200,13979,13981,,0,0,0,0,0,0,0,0,0,0,0,0,0,0,0,2,2,2,2,2,2,2,2,2,2,2,2,2,2,2,2,2,2,2,2,2,2,2,2,1,1,0,0,0,0,0,0,0,0,,,,,,,,,,,,,,,,,,,,,,,,,,,,,,,,,,,,,,,,,,,,,,,,
13771,1600,13769,14000,14004;13786,2,0,0,0,0,0,0,0,0,0,0,0,0,0,0,4,4,5,5,4,4,4,4,4,4,4,4,4,4,4,4,4,4,4,4,4,4,4,4,1,1,1,1,1,1,0,0,0,0,,,,,,,,,,,,,,,,,,,,,,,,,,,,,,,,,,,,,,,,,,,,,,,,
13772,2000,13957,13745,,0,29,29,30,30,21,21,23,23,27,27,29,29,80,80,1048,1048,1204,1204,1129,1129,1054,1054,1033,1033,946,946,985,985,994,994,1055,1055,1083,1083,1136,1136,1047,1047,225,225,144,144,97,97,71,71,36,36,,,,,,,,,,,,,,,,,,,,,,,,,,,,,,,,,,,,,,,,,,,,,,,,
13773,2500,13776,13760,,0,67,67,70,70,49,49,53,53,62,62,67,67,186,186,910,910,1134,1134,1023,1023,977,977,900,900,812,812,861,861,864,864,851,851,886,886,939,939,854,854,524,524,336,336,227,227,165,165,84,84,,,,,,,,,,,,,,,,,,,,,,,,,,,,,,,,,,,,,,,,,,,,,,,,
13774,1200,14018,14017,,0,0,0,0,0,0,0,0,0,0,0,0,0,0,0,4,4,4,4,4,4,4,4,4,4,3,3,4,4,4,4,4,4,4,4,4,4,4,4,1,1,1,1,0,0,0,0,0,0,,,,,,,,,,,,,,,,,,,,,,,,,,,,,,,,,,,,,,,,,,,,,,,,
13775,2500,14001,13999,,0,35,35,37,37,26,26,28,28,33,33,35,35,98,98,1037,1037,1191,1191,1138,1138,1087,1087,1028,1028,946,946,985,985,978,978,1028,1028,1047,1047,1100,1100,1011,1011,286,286,182,182,122,122,89,89,46,46,,,,,,,,,,,,,,,,,,,,,,,,,,,,,,,,,,,,,,,,,,,,,,,,
13776,2000,13773,13779,,0,29,29,30,30,21,21,23,23,27,27,29,29,80,80,1048,1048,1204,1204,1129,1129,1054,1054,1033,1033,946,946,985,985,994,994,1055,1055,1083,1083,1136,1136,1047,1047,225,225,144,144,97,97,71,71,36,36,,,,,,,,,,,,,,,,,,,,,,,,,,,,,,,,,,,,,,,,,,,,,,,,
13777,800,,14003,,0,0,0,0,0,0,0,0,0,0,0,0,0,0,0,4,4,4,4,4,4,4,4,4,4,3,3,3,3,3,3,4,4,4,4,4,4,4,4,1,1,1,1,0,0,0,0,0,0,,,,,,,,,,,,,,,,,,,,,,,,,,,,,,,,,,,,,,,,,,,,,,,,
13778,2500,13780,13767,,0,0,0,0,0,0,0,0,0,0,0,0,0,0,0,1156,1156,1275,1275,1184,1184,1063,1063,1121,1121,1033,1033,1056,1056,1105,1105,1218,1218,1250,1250,1308,1308,1226,1226,0,0,0,0,0,0,0,0,0,0,,,,,,,,,,,,,,,,,,,,,,,,,,,,,,,,,,,,,,,,,,,,,,,,
13779,3000,2747,13776,2731;13887,2,0,0,0,0,0,0,0,0,0,0,0,0,0,0,1156,1156,1275,1275,1184,1184,1063,1063,1121,1121,1033,1033,1056,1056,1105,1105,1218,1218,1250,1250,1308,1308,1226,1226,0,0,0,0,0,0,0,0,0,0,,,,,,,,,,,,,,,,,,,,,,,,,,,,,,,,,,,,,,,,,,,,,,,,
13780,3500,13907,13778,13954;13808,2,29,29,30,30,21,21,23,23,27,27,29,29,80,80,1048,1048,1204,1204,1129,1129,1054,1054,1033,1033,946,946,985,985,994,994,1055,1055,1083,1083,1136,1136,1047,1047,225,225,144,144,97,97,71,71,36,36,,,,,,,,,,,,,,,,,,,,,,,,,,,,,,,,,,,,,,,,,,,,,,,,
13781,1600,14013,13977,,0,0,0,0,0,0,0,0,0,0,0,0,0,0,0,1,1,1,1,1,1,1,1,1,1,1,1,1,1,1,1,1,1,1,1,1,1,1,1,0,0,0,0,0,0,0,0,0,0,,,,,,,,,,,,,,,,,,,,,,,,,,,,,,,,,,,,,,,,,,,,,,,,
13782,4400,13788,13764,,0,29,29,30,30,21,21,23,23,27,27,29,29,80,80,1048,1048,1204,1204,1129,1129,1054,1054,1033,1033,946,946,985,985,994,994,1055,1055,1083,1083,1136,1136,1047,1047,225,225,144,144,97,97,71,71,36,36,,,,,,,,,,,,,,,,,,,,,,,,,,,,,,,,,,,,,,,,,,,,,,,,
13783,1600,13995,14013,,0,0,0,0,0,0,0,0,0,0,0,0,0,0,0,2,2,2,2,2,2,2,2,2,2,2,2,2,2,2,2,2,2,2,2,2,2,2,2,1,1,0,0,0,0,0,0,0,0,,,,,,,,,,,,,,,,,,,,,,,,,,,,,,,,,,,,,,,,,,,,,,,,
13784,1200,13908,13959,,0,0,0,0,0,0,0,0,0,0,0,0,0,1,1,8,8,9,9,9,9,8,8,8,8,7,7,8,8,8,8,8,8,8,8,9,9,8,8,2,2,1,1,1,1,1,1,0,0,,,,,,,,,,,,,,,,,,,,,,,,,,,,,,,,,,,,,,,,,,,,,,,,
13785,1200,14003,13787,,0,0,0,0,0,0,0,0,0,0,0,0,0,0,0,2,2,3,3,2,2,2,2,2,2,2,2,2,2,2,2,2,2,2,2,2,2,2,2,1,1,0,0,0,0,0,0,0,0,,,,,,,,,,,,,,,,,,,,,,,,,,,,,,,,,,,,,,,,,,,,,,,,
13786,2000,13799,13771,,0,35,35,37,37,26,26,28,28,33,33,35,35,98,98,1037,1037,1191,1191,1138,1138,1087,1087,1028,1028,946,946,985,985,978,978,1028,1028,1047,1047,1100,1100,1011,1011,286,286,182,182,122,122,89,89,46,46,,,,,,,,,,,,,,,,,,,,,,,,,,,,,,,,,,,,,,,,,,,,,,,,
13787,1600,13785,13794,14012;13798,2,0,0,0,0,0,0,0,0,0,0,0,0,0,0,4,4,4,4,4,4,4,4,4,4,3,3,3,3,3,3,4,4,4,4,4,4,4,4,1,1,1,1,0,0,0,0,0,0,,,,,,,,,,,,,,,,,,,,,,,,,,,,,,,,,,,,,,,,,,,,,,,,
13788,3850,13789,13782,,0,29,29,30,30,21,21,23,23,27,27,29,29,80,80,1048,1048,1204,1204,1129,1129,1054,1054,1033,1033,946,946,985,985,994,994,1055,1055,1083,1083,1136,1136,1047,1047,225,225,144,144,97,97,71,71,36,36,,,,,,,,,,,,,,,,,,,,,,,,,,,,,,,,,,,,,,,,,,,,,,,,
13789,4000,13792,13788,,0,29,29,30,30,21,21,23,23,27,27,29,29,80,80,1048,1048,1204,1204,1129,1129,1054,1054,1033,1033,946,946,985,985,994,994,1055,1055,1083,1083,1136,1136,1047,1047,225,225,144,144,97,97,71,71,36,36,,,,,,,,,,,,,,,,,,,,,,,,,,,,,,,,,,,,,,,,,,,,,,,,
13790,1200,13753,13979,,0,0,0,0,0,0,0,0,0,0,0,0,0,0,0,4,4,5,5,5,5,5,5,4,4,4,4,4,4,4,4,4,4,5,5,5,5,4,4,1,1,1,1,1,1,0,0,0,0,,,,,,,,,,,,,,,,,,,,,,,,,,,,,,,,,,,,,,,,,,,,,,,,
13791,3500,14014,16627,16564;13797,2,67,67,70,70,49,49,53,53,62,62,67,67,186,186,910,910,1134,1134,1023,1023,977,977,900,900,812,812,861,861,864,864,851,851,886,886,939,939,854,854,524,524,336,336,227,227,165,165,84,84,,,,,,,,,,,,,,,,,,,,,,,,,,,,,,,,,,,,,,,,,,,,,,,,
13792,2500,13832,13960,13789;13905,2,29,29,30,30,21,21,23,23,27,27,29,29,80,80,1048,1048,1204,1204,1129,1129,1054,1054,1033,1033,946,946,985,985,994,994,1055,1055,1083,1083,1136,1136,1047,1047,225,225,144,144,97,97,71,71,36,36,,,,,,,,,,,,,,,,,,,,,,,,,,,,,,,,,,,,,,,,,,,,,,,,
13793,1600,13908,13906,,0,0,0,0,0,0,0,0,0,0,0,0,0,0,0,5,5,5,5,5,5,5,5,5,5,4,4,4,4,4,4,5,5,5,5,5,5,5,5,1,1,1,1,0,0,0,0,0,0,,,,,,,,,,,,,,,,,,,,,,,,,,,,,,,,,,,,,,,,,,,,,,,,
13794,1200,13787,13795,,0,0,0,0,0,0,0,0,0,0,0,0,0,0,0,2,2,3,3,2,2,2,2,2,2,2,2,2,2,2,2,2,2,2,2,2,2,2,2,1,1,0,0,0,0,0,0,0,0,,,,,,,,,,,,,,,,,,,,,,,,,,,,,,,,,,,,,,,,,,,,,,,,
13795,1600,13801,13794,13976;13800,2,0,0,0,0,0,0,0,0,0,0,0,0,0,0,4,4,5,5,5,5,4,4,4,4,4,4,4,4,4,4,4,4,4,4,5,5,4,4,1,1,1,1,1,1,0,0,0,0,,,,,,,,,,,,,,,,,,,,,,,,,,,,,,,,,,,,,,,,,,,,,,,,
13796,1600,13914,13981,,0,0,0,0,0,0,0,0,0,0,0,0,0,0,0,2,2,2,2,2,2,2,2,2,2,2,2,2,2,2,2,2,2,2,2,2,2,2,2,1,1,0,0,0,0,0,0,0,0,,,,,,,,,,,,,,,,,,,,,,,,,,,,,,,,,,,,,,,,,,,,,,,,
13797,4400,13791,13799,,0,35,35,37,37,26,26,28,28,33,33,35,35,98,98,1037,1037,1191,1191,1138,1138,1087,1087,1028,1028,946,946,985,985,978,978,1028,1028,1047,1047,1100,1100,1011,1011,286,286,182,182,122,122,89,89,46,46,,,,,,,,,,,,,,,,,,,,,,,,,,,,,,,,,,,,,,,,,,,,,,,,
13798,2000,13916,13787,,0,35,35,37,37,26,26,28,28,33,33,35,35,98,98,1037,1037,1191,1191,1138,1138,1087,1087,1028,1028,946,946,985,985,978,978,1028,1028,1047,1047,1100,1100,1011,1011,286,286,182,182,122,122,89,89,46,46,,,,,,,,,,,,,,,,,,,,,,,,,,,,,,,,,,,,,,,,,,,,,,,,
13799,3000,13919,13786,13797;13809,2,35,35,37,37,26,26,28,28,33,33,35,35,98,98,1037,1037,1191,1191,1138,1138,1087,1087,1028,1028,946,946,985,985,978,978,1028,1028,1047,1047,1100,1100,1011,1011,286,286,182,182,122,122,89,89,46,46,,,,,,,,,,,,,,,,,,,,,,,,,,,,,,,,,,,,,,,,,,,,,,,,
138,4400,482,124,,0,27,27,28,28,20,20,21,21,25,25,27,27,74,74,1049,1049,1182,1182,1170,1170,1126,1126,1056,1056,970,970,1022,1022,982,982,1052,1052,1066,1066,1112,1112,1010,1010,210,210,134,134,91,91,66,66,34,34,,,,,,,,,,,,,,,,,,,,,,,,,,,,,,,,,,,,,,,,,,,,,,,,
13800,2000,13814,13795,,0,35,35,37,37,26,26,28,28,33,33,35,35,98,98,1037,1037,1191,1191,1138,1138,1087,1087,1028,1028,946,946,985,985,978,978,1028,1028,1047,1047,1100,1100,1011,1011,286,286,182,182,122,122,89,89,46,46,,,,,,,,,,,,,,,,,,,,,,,,,,,,,,,,,,,,,,,,,,,,,,,,
13801,1200,13914,13795,,0,0,0,0,0,0,0,0,0,0,0,0,0,0,0,2,2,2,2,2,2,2,2,2,2,2,2,2,2,2,2,2,2,2,2,2,2,2,2,1,1,0,0,0,0,0,0,0,0,,,,,,,,,,,,,,,,,,,,,,,,,,,,,,,,,,,,,,,,,,,,,,,,
13802,4400,13803,13767,,0,35,35,37,37,26,26,28,28,33,33,35,35,98,98,1037,1037,1191,1191,1138,1138,1087,1087,1028,1028,946,946,985,985,978,978,1028,1028,1047,1047,1100,1100,1011,1011,286,286,182,182,122,122,89,89,46,46,,,,,,,,,,,,,,,,,,,,,,,,,,,,,,,,,,,,,,,,,,,,,,,,
13803,2000,13811,13913,13802;13812,2,35,35,37,37,26,26,28,28,33,33,35,35,98,98,1037,1037,1191,1191,1138,1138,1087,1087,1028,1028,946,946,985,985,978,978,1028,1028,1047,1047,1100,1100,1011,1011,286,286,182,182,122,122,89,89,46,46,,,,,,,,,,,,,,,,,,,,,,,,,,,,,,,,,,,,,,,,,,,,,,,,
13804,2500,13807,13906,,0,29,29,30,30,21,21,23,23,27,27,29,29,80,80,1048,1048,1204,1204,1129,1129,1054,1054,1033,1033,946,946,985,985,994,994,1055,1055,1083,1083,1136,1136,1047,1047,225,225,144,144,97,97,71,71,36,36,,,,,,,,,,,,,,,,,,,,,,,,,,,,,,,,,,,,,,,,,,,,,,,,
13805,1600,13890,2809,,0,0,0,0,0,0,0,0,0,0,0,0,0,1,1,7,7,8,8,8,8,8,8,7,7,7,7,7,7,7,7,7,7,8,8,8,8,7,7,2,2,1,1,1,1,0,0,0,0,,,,,,,,,,,,,,,,,,,,,,,,,,,,,,,,,,,,,,,,,,,,,,,,
13806,2500,13910,13807,,0,29,29,30,30,21,21,23,23,27,27,29,29,80,80,1048,1048,1204,1204,1129,1129,1054,1054,1033,1033,946,946,985,985,994,994,1055,1055,1083,1083,1136,1136,1047,1047,225,225,144,144,97,97,71,71,36,36,,,,,,,,,,,,,,,,,,,,,,,,,,,,,,,,,,,,,,,,,,,,,,,,
13807,2000,13806,13816,13804;13821,2,29,29,30,30,21,21,23,23,27,27,29,29,80,80,1048,1048,1204,1204,1129,1129,1054,1054,1033,1033,946,946,985,985,994,994,1055,1055,1083,1083,1136,1136,1047,1047,225,225,144,144,97,97,71,71,36,36,,,,,,,,,,,,,,,,,,,,,,,,,,,,,,,,,,,,,,,,,,,,,,,,
13808,2500,13780,13910,,0,29,29,30,30,21,21,23,23,27,27,29,29,80,80,1048,1048,1204,1204,1129,1129,1054,1054,1033,1033,946,946,985,985,994,994,1055,1055,1083,1083,1136,1136,1047,1047,225,225,144,144,97,97,71,71,36,36,,,,,,,,,,,,,,,,,,,,,,,,,,,,,,,,,,,,,,,,,,,,,,,,
13809,4400,13799,13916,,0,35,35,37,37,26,26,28,28,33,33,35,35,98,98,1037,1037,1191,1191,1138,1138,1087,1087,1028,1028,946,946,985,985,978,978,1028,1028,1047,1047,1100,1100,1011,1011,286,286,182,182,122,122,89,89,46,46,,,,,,,,,,,,,,,,,,,,,,,,,,,,,,,,,,,,,,,,,,,,,,,,
13810,4000,13916,13818,,0,35,35,37,37,26,26,28,28,33,33,35,35,98,98,1037,1037,1191,1191,1138,1138,1087,1087,1028,1028,946,946,985,985,978,978,1028,1028,1047,1047,1100,1100,1011,1011,286,286,182,182,122,122,89,89,46,46,,,,,,,,,,,,,,,,,,,,,,,,,,,,,,,,,,,,,,,,,,,,,,,,
13811,1500,13817,13803,,0,35,35,37,37,26,26,28,28,33,33,35,35,98,98,1037,1037,1191,1191,1138,1138,1087,1087,1028,1028,946,946,985,985,978,978,1028,1028,1047,1047,1100,1100,1011,1011,286,286,182,182,122,122,89,89,46,46,,,,,,,,,,,,,,,,,,,,,,,,,,,,,,,,,,,,,,,,,,,,,,,,
13812,4400,13826,13803,,0,35,35,37,37,26,26,28,28,33,33,35,35,98,98,1037,1037,1191,1191,1138,1138,1087,1087,1028,1028,946,946,985,985,978,978,1028,1028,1047,1047,1100,1100,1011,1011,286,286,182,182,122,122,89,89,46,46,,,,,,,,,,,,,,,,,,,,,,,,,,,,,,,,,,,,,,,,,,,,,,,,
13813,2000,13930,16628,,0,35,35,37,37,26,26,28,28,33,33,35,35,98,98,1037,1037,1191,1191,1138,1138,1087,1087,1028,1028,946,946,985,985,978,978,1028,1028,1047,1047,1100,1100,1011,1011,286,286,182,182,122,122,89,89,46,46,,,,,,,,,,,,,,,,,,,,,,,,,,,,,,,,,,,,,,,,,,,,,,,,
13814,2500,13800,13819,13915;13820,2,35,35,37,37,26,26,28,28,33,33,35,35,98,98,1037,1037,1191,1191,1138,1138,1087,1087,1028,1028,946,946,985,985,978,978,1028,1028,1047,1047,1100,1100,1011,1011,286,286,182,182,122,122,89,89,46,46,,,,,,,,,,,,,,,,,,,,,,,,,,,,,,,,,,,,,,,,,,,,,,,,
13815,2500,13818,13920,,0,35,35,37,37,26,26,28,28,33,33,35,35,98,98,1037,1037,1191,1191,1138,1138,1087,1087,1028,1028,946,946,985,985,978,978,1028,1028,1047,1047,1100,1100,1011,1011,286,286,182,182,122,122,89,89,46,46,,,,,,,,,,,,,,,,,,,,,,,,,,,,,,,,,,,,,,,,,,,,,,,,
13816,1500,13807,13904,,0,29,29,30,30,21,21,23,23,27,27,29,29,80,80,1048,1048,1204,1204,1129,1129,1054,1054,1033,1033,946,946,985,985,994,994,1055,1055,1083,1083,1136,1136,1047,1047,225,225,144,144,97,97,71,71,36,36,,,,,,,,,,,,,,,,,,,,,,,,,,,,,,,,,,,,,,,,,,,,,,,,
13817,1600,13811,13823,13909;13822,2,1,1,1,1,0,0,0,0,0,0,1,1,1,1,19,19,22,22,21,21,20,20,19,19,18,18,18,18,18,18,20,20,20,20,21,21,19,19,4,4,3,3,2,2,1,1,1,1,,,,,,,,,,,,,,,,,,,,,,,,,,,,,,,,,,,,,,,,,,,,,,,,
13818,2000,13917,13815,13810;13841,2,35,35,37,37,26,26,28,28,33,33,35,35,98,98,1037,1037,1191,1191,1138,1138,1087,1087,1028,1028,946,946,985,985,978,978,1028,1028,1047,1047,1100,1100,1011,1011,286,286,182,182,122,122,89,89,46,46,,,,,,,,,,,,,,,,,,,,,,,,,,,,,,,,,,,,,,,,,,,,,,,,
13819,2000,13918,13814,,0,35,35,37,37,26,26,28,28,33,33,35,35,98,98,1037,1037,1191,1191,1138,1138,1087,1087,1028,1028,946,946,985,985,978,978,1028,1028,1047,1047,1100,1100,1011,1011,286,286,182,182,122,122,89,89,46,46,,,,,,,,,,,,,,,,,,,,,,,,,,,,,,,,,,,,,,,,,,,,,,,,
13820,4400,13814,13826,,0,35,35,37,37,26,26,28,28,33,33,35,35,98,98,1037,1037,1191,1191,1138,1138,1087,1087,1028,1028,946,946,985,985,978,978,1028,1028,1047,1047,1100,1100,1011,1011,286,286,182,182,122,122,89,89,46,46,,,,,,,,,,,,,,,,,,,,,,,,,,,,,,,,,,,,,,,,,,,,,,,,
13821,1600,13807,13824,,0,0,0,0,0,0,0,0,0,0,0,0,0,1,1,12,12,14,14,13,13,12,12,12,12,11,11,11,11,11,11,12,12,12,12,13,13,12,12,3,3,2,2,1,1,1,1,0,0,,,,,,,,,,,,,,,,,,,,,,,,,,,,,,,,,,,,,,,,,,,,,,,,
13822,3000,13817,13898,,0,29,29,30,30,21,21,23,23,27,27,29,29,80,80,1048,1048,1204,1204,1129,1129,1054,1054,1033,1033,946,946,985,985,994,994,1055,1055,1083,1083,1136,1136,1047,1047,225,225,144,144,97,97,71,71,36,36,,,,,,,,,,,,,,,,,,,,,,,,,,,,,,,,,,,,,,,,,,,,,,,,
13823,1600,13824,13817,,0,0,0,0,0,0,0,0,0,0,0,0,0,0,0,6,6,7,7,7,7,6,6,6,6,5,5,6,6,6,6,6,6,6,6,7,7,6,6,1,1,1,1,1,1,0,0,0,0,,,,,,,,,,,,,,,,,,,,,,,,,,,,,,,,,,,,,,,,,,,,,,,,
13824,1600,13823,13827,13821;13829,2,0,0,0,0,0,0,0,0,0,0,0,0,1,1,13,13,15,15,14,14,13,13,13,13,12,12,12,12,13,13,13,13,14,14,14,14,13,13,3,3,2,2,1,1,1,1,0,0,,,,,,,,,,,,,,,,,,,,,,,,,,,,,,,,,,,,,,,,,,,,,,,,
13825,800,13924,13936,,0,0,0,0,0,0,0,0,0,0,0,0,0,0,0,3,3,3,3,3,3,3,3,3,3,3,3,3,3,3,3,3,3,3,3,3,3,3,3,1,1,1,1,0,0,0,0,0,0,,,,,,,,,,,,,,,,,,,,,,,,,,,,,,,,,,,,,,,,,,,,,,,,
13826,4400,13820,13897,13812;13911,2,35,35,37,37,26,26,28,28,33,33,35,35,98,98,1037,1037,1191,1191,1138,1138,1087,1087,1028,1028,946,946,985,985,978,978,1028,1028,1047,1047,1100,1100,1011,1011,286,286,182,182,122,122,89,89,46,46,,,,,,,,,,,,,,,,,,,,,,,,,,,,,,,,,,,,,,,,,,,,,,,,
13827,1200,13824,13902,,0,0,0,0,0,0,0,0,0,0,0,0,0,1,1,14,14,16,16,15,15,14,14,13,13,12,12,13,13,13,13,14,14,14,14,15,15,14,14,3,3,2,2,1,1,1,1,0,0,,,,,,,,,,,,,,,,,,,,,,,,,,,,,,,,,,,,,,,,,,,,,,,,
13828,1600,13912,13918,,0,0,0,0,0,0,0,0,0,0,0,0,0,0,0,2,2,3,3,3,3,2,2,2,2,2,2,2,2,2,2,2,2,2,2,2,2,2,2,1,1,0,0,0,0,0,0,0,0,,,,,,,,,,,,,,,,,,,,,,,,,,,,,,,,,,,,,,,,,,,,,,,,
13829,2500,13896,13824,,0,29,29,30,30,21,21,23,23,27,27,29,29,80,80,1048,1048,1204,1204,1129,1129,1054,1054,1033,1033,946,946,985,985,994,994,1055,1055,1083,1083,1136,1136,1047,1047,225,225,144,144,97,97,71,71,36,36,,,,,,,,,,,,,,,,,,,,,,,,,,,,,,,,,,,,,,,,,,,,,,,,
13830,4400,13764,13834,,0,29,29,30,30,21,21,23,23,27,27,29,29,80,80,1048,1048,1204,1204,1129,1129,1054,1054,1033,1033,946,946,985,985,994,994,1055,1055,1083,1083,1136,1136,1047,1047,225,225,144,144,97,97,71,71,36,36,,,,,,,,,,,,,,,,,,,,,,,,,,,,,,,,,,,,,,,,,,,,,,,,
13831,1200,13926,13934,,0,0,0,0,0,0,0,0,0,0,0,0,0,0,0,4,4,5,5,5,5,4,4,4,4,4,4,4,4,4,4,4,4,4,4,4,4,4,4,1,1,1,1,1,1,0,0,0,0,,,,,,,,,,,,,,,,,,,,,,,,,,,,,,,,,,,,,,,,,,,,,,,,
13832,3000,13792,13904,,0,29,29,30,30,21,21,23,23,27,27,29,29,80,80,1048,1048,1204,1204,1129,1129,1054,1054,1033,1033,946,946,985,985,994,994,1055,1055,1083,1083,1136,1136,1047,1047,225,225,144,144,97,97,71,71,36,36,,,,,,,,,,,,,,,,,,,,,,,,,,,,,,,,,,,,,,,,,,,,,,,,
13833,1600,13930,13936,,0,0,0,0,0,0,0,0,0,0,0,0,0,0,0,4,4,5,5,5,5,4,4,4,4,4,4,4,4,4,4,4,4,4,4,5,5,4,4,1,1,1,1,1,1,0,0,0,0,,,,,,,,,,,,,,,,,,,,,,,,,,,,,,,,,,,,,,,,,,,,,,,,
13834,2750,14052,13830,,0,29,29,30,30,21,21,23,23,27,27,29,29,80,80,1048,1048,1204,1204,1129,1129,1054,1054,1033,1033,946,946,985,985,994,994,1055,1055,1083,1083,1136,1136,1047,1047,225,225,144,144,97,97,71,71,36,36,,,,,,,,,,,,,,,,,,,,,,,,,,,,,,,,,,,,,,,,,,,,,,,,
13835,1650,13858,,,0,17,17,18,18,12,12,13,13,16,16,17,17,46,46,1086,1086,1203,1203,1194,1194,1138,1138,1089,1089,1003,1003,1052,1052,1018,1018,1107,1107,1120,1120,1167,1167,1066,1066,131,131,84,84,57,57,41,41,21,21,,,,,,,,,,,,,,,,,,,,,,,,,,,,,,,,,,,,,,,,,,,,,,,,
13836,4400,13892,13890,,0,0,0,0,0,0,0,0,0,0,0,0,0,0,0,1156,1156,1275,1275,1184,1184,1063,1063,1121,1121,1033,1033,1056,1056,1105,1105,1218,1218,1250,1250,1308,1308,1226,1226,0,0,0,0,0,0,0,0,0,0,,,,,,,,,,,,,,,,,,,,,,,,,,,,,,,,,,,,,,,,,,,,,,,,
13837,2000,13892,14033,,0,17,17,18,18,12,12,13,13,16,16,17,17,46,46,1086,1086,1203,1203,1194,1194,1138,1138,1089,1089,1003,1003,1052,1052,1018,1018,1107,1107,1120,1120,1167,1167,1066,1066,131,131,84,84,57,57,41,41,21,21,,,,,,,,,,,,,,,,,,,,,,,,,,,,,,,,,,,,,,,,,,,,,,,,
13838,4400,13900,13898,,0,29,29,30,30,21,21,23,23,27,27,29,29,80,80,1048,1048,1204,1204,1129,1129,1054,1054,1033,1033,946,946,985,985,994,994,1055,1055,1083,1083,1136,1136,1047,1047,225,225,144,144,97,97,71,71,36,36,,,,,,,,,,,,,,,,,,,,,,,,,,,,,,,,,,,,,,,,,,,,,,,,
13839,2000,13928,13840,,0,50,50,52,52,37,37,40,40,46,46,50,50,140,140,972,972,1169,1169,1063,1063,998,998,955,955,867,867,910,910,924,924,943,943,977,977,1031,1031,947,947,393,393,252,252,170,170,124,124,63,63,,,,,,,,,,,,,,,,,,,,,,,,,,,,,,,,,,,,,,,,,,,,,,,,
13840,2500,13847,13839,16597;13843,2,50,50,52,52,37,37,40,40,46,46,50,50,140,140,972,972,1169,1169,1063,1063,998,998,955,955,867,867,910,910,924,924,943,943,977,977,1031,1031,947,947,393,393,252,252,170,170,124,124,63,63,,,,,,,,,,,,,,,,,,,,,,,,,,,,,,,,,,,,,,,,,,,,,,,,
13841,4400,13844,13818,,0,67,67,70,70,49,49,53,53,62,62,67,67,186,186,910,910,1134,1134,1023,1023,977,977,900,900,812,812,861,861,864,864,851,851,886,886,939,939,854,854,524,524,336,336,227,227,165,165,84,84,,,,,,,,,,,,,,,,,,,,,,,,,,,,,,,,,,,,,,,,,,,,,,,,
13842,4400,14037,13891,14050;14029,2,17,17,18,18,12,12,13,13,16,16,17,17,46,46,1086,1086,1203,1203,1194,1194,1138,1138,1089,1089,1003,1003,1052,1052,1018,1018,1107,1107,1120,1120,1167,1167,1066,1066,131,131,84,84,57,57,41,41,21,21,,,,,,,,,,,,,,,,,,,,,,,,,,,,,,,,,,,,,,,,,,,,,,,,
13843,3500,13844,13840,,0,50,50,52,52,37,37,40,40,46,46,50,50,140,140,972,972,1169,1169,1063,1063,998,998,955,955,867,867,910,910,924,924,943,943,977,977,1031,1031,947,947,393,393,252,252,170,170,124,124,63,63,,,,,,,,,,,,,,,,,,,,,,,,,,,,,,,,,,,,,,,,,,,,,,,,
13844,4400,13841,13853,13843;13850,2,50,50,52,52,37,37,40,40,46,46,50,50,140,140,972,972,1169,1169,1063,1063,998,998,955,955,867,867,910,910,924,924,943,943,977,977,1031,1031,947,947,393,393,252,252,170,170,124,124,63,63,,,,,,,,,,,,,,,,,,,,,,,,,,,,,,,,,,,,,,,,,,,,,,,,
13845,4400,13912,13852,,0,67,67,70,70,49,49,53,53,62,62,67,67,186,186,910,910,1134,1134,1023,1023,977,977,900,900,812,812,861,861,864,864,851,851,886,886,939,939,854,854,524,524,336,336,227,227,165,165,84,84,,,,,,,,,,,,,,,,,,,,,,,,,,,,,,,,,,,,,,,,,,,,,,,,
13846,1500,13849,14030,,0,17,17,18,18,12,12,13,13,16,16,17,17,46,46,1086,1086,1203,1203,1194,1194,1138,1138,1089,1089,1003,1003,1052,1052,1018,1018,1107,1107,1120,1120,1167,1167,1066,1066,131,131,84,84,57,57,41,41,21,21,,,,,,,,,,,,,,,,,,,,,,,,,,,,,,,,,,,,,,,,,,,,,,,,
13847,2000,13840,13851,,0,50,50,52,52,37,37,40,40,46,46,50,50,140,140,972,972,1169,1169,1063,1063,998,998,955,955,867,867,910,910,924,924,943,943,977,977,1031,1031,947,947,393,393,252,252,170,170,124,124,63,63,,,,,,,,,,,,,,,,,,,,,,,,,,,,,,,,,,,,,,,,,,,,,,,,
13848,2000,14038,13849,,0,17,17,18,18,12,12,13,13,16,16,17,17,46,46,1086,1086,1203,1203,1194,1194,1138,1138,1089,1089,1003,1003,1052,1052,1018,1018,1107,1107,1120,1120,1167,1167,1066,1066,131,131,84,84,57,57,41,41,21,21,,,,,,,,,,,,,,,,,,,,,,,,,,,,,,,,,,,,,,,,,,,,,,,,
13849,2500,13848,13854,13846;14025,2,17,17,18,18,12,12,13,13,16,16,17,17,46,46,1086,1086,1203,1203,1194,1194,1138,1138,1089,1089,1003,1003,1052,1052,1018,1018,1107,1107,1120,1120,1167,1167,1066,1066,131,131,84,84,57,57,41,41,21,21,,,,,,,,,,,,,,,,,,,,,,,,,,,,,,,,,,,,,,,,,,,,,,,,
13850,4400,13844,13852,,0,50,50,52,52,37,37,40,40,46,46,50,50,140,140,972,972,1169,1169,1063,1063,998,998,955,955,867,867,910,910,924,924,943,943,977,977,1031,1031,947,947,393,393,252,252,170,170,124,124,63,63,,,,,,,,,,,,,,,,,,,,,,,,,,,,,,,,,,,,,,,,,,,,,,,,
13851,3000,13856,16604,13847;13862,2,50,50,52,52,37,37,40,40,46,46,50,50,140,140,972,972,1169,1169,1063,1063,998,998,955,955,867,867,910,910,924,924,943,943,977,977,1031,1031,947,947,393,393,252,252,170,170,124,124,63,63,,,,,,,,,,,,,,,,,,,,,,,,,,,,,,,,,,,,,,,,,,,,,,,,
13852,4400,13861,13850,13845;13870,2,50,50,52,52,37,37,40,40,46,46,50,50,140,140,972,972,1169,1169,1063,1063,998,998,955,955,867,867,910,910,924,924,943,943,977,977,1031,1031,947,947,393,393,252,252,170,170,124,124,63,63,,,,,,,,,,,,,,,,,,,,,,,,,,,,,,,,,,,,,,,,,,,,,,,,
13853,3500,13857,13844,,0,50,50,52,52,37,37,40,40,46,46,50,50,140,140,972,972,1169,1169,1063,1063,998,998,955,955,867,867,910,910,924,924,943,943,977,977,1031,1031,947,947,393,393,252,252,170,170,124,124,63,63,,,,,,,,,,,,,,,,,,,,,,,,,,,,,,,,,,,,,,,,,,,,,,,,
13854,2000,13849,2943,,0,0,0,0,0,0,0,0,0,0,0,0,0,0,0,1138,1138,1201,1201,1284,1284,1257,1257,1168,1168,1084,1084,1145,1145,1051,1051,1179,1179,1173,1173,1211,1211,1091,1091,0,0,0,0,0,0,0,0,0,0,,,,,,,,,,,,,,,,,,,,,,,,,,,,,,,,,,,,,,,,,,,,,,,,
13855,1000,,14040,,0,17,17,18,18,12,12,13,13,16,16,17,17,46,46,1086,1086,1203,1203,1194,1194,1138,1138,1089,1089,1003,1003,1052,1052,1018,1018,1107,1107,1120,1120,1167,1167,1066,1066,131,131,84,84,57,57,41,41,21,21,,,,,,,,,,,,,,,,,,,,,,,,,,,,,,,,,,,,,,,,,,,,,,,,
13856,2000,13857,13851,,0,50,50,52,52,37,37,40,40,46,46,50,50,140,140,972,972,1169,1169,1063,1063,998,998,955,955,867,867,910,910,924,924,943,943,977,977,1031,1031,947,947,393,393,252,252,170,170,124,124,63,63,,,,,,,,,,,,,,,,,,,,,,,,,,,,,,,,,,,,,,,,,,,,,,,,
13857,2500,13856,13863,13853;13865,2,50,50,52,52,37,37,40,40,46,46,50,50,140,140,972,972,1169,1169,1063,1063,998,998,955,955,867,867,910,910,924,924,943,943,977,977,1031,1031,947,947,393,393,252,252,170,170,124,124,63,63,,,,,,,,,,,,,,,,,,,,,,,,,,,,,,,,,,,,,,,,,,,,,,,,
13858,4400,13874,13900,13835;13883;13861,3,0,0,0,0,0,0,0,0,0,0,0,0,0,0,1156,1156,1275,1275,1184,1184,1063,1063,1121,1121,1033,1033,1056,1056,1105,1105,1218,1218,1250,1250,1308,1308,1226,1226,0,0,0,0,0,0,0,0,0,0,,,,,,,,,,,,,,,,,,,,,,,,,,,,,,,,,,,,,,,,,,,,,,,,
13859,1100,,13861,,0,50,50,52,52,37,37,40,40,46,46,50,50,140,140,972,972,1169,1169,1063,1063,998,998,955,955,867,867,910,910,924,924,943,943,977,977,1031,1031,947,947,393,393,252,252,170,170,124,124,63,63,,,,,,,,,,,,,,,,,,,,,,,,,,,,,,,,,,,,,,,,,,,,,,,,
13860,1600,14026,2962,,0,0,0,0,0,0,0,0,0,0,0,0,0,1,1,5,5,6,6,6,6,5,5,5,5,5,5,5,5,5,5,5,5,5,5,5,5,5,5,2,2,1,1,1,1,0,0,0,0,,,,,,,,,,,,,,,,,,,,,,,,,,,,,,,,,,,,,,,,,,,,,,,,
13861,4400,13874,13852,13858;13859,2,50,50,52,52,37,37,40,40,46,46,50,50,140,140,972,972,1169,1169,1063,1063,998,998,955,955,867,867,910,910,924,924,943,943,977,977,1031,1031,947,947,393,393,252,252,170,170,124,124,63,63,,,,,,,,,,,,,,,,,,,,,,,,,,,,,,,,,,,,,,,,,,,,,,,,
13862,2500,16648,13851,,0,50,50,52,52,37,37,40,40,46,46,50,50,140,140,972,972,1169,1169,1063,1063,998,998,955,955,867,867,910,910,924,924,943,943,977,977,1031,1031,947,947,393,393,252,252,170,170,124,124,63,63,,,,,,,,,,,,,,,,,,,,,,,,,,,,,,,,,,,,,,,,,,,,,,,,
13863,2500,14042,13857,,0,50,50,52,52,37,37,40,40,46,46,50,50,140,140,972,972,1169,1169,1063,1063,998,998,955,955,867,867,910,910,924,924,943,943,977,977,1031,1031,947,947,393,393,252,252,170,170,124,124,63,63,,,,,,,,,,,,,,,,,,,,,,,,,,,,,,,,,,,,,,,,,,,,,,,,
13864,1600,14028,2979,,0,0,0,0,0,0,0,0,0,0,0,0,0,1,1,5,5,6,6,6,6,5,5,5,5,5,5,5,5,5,5,5,5,5,5,5,5,5,5,2,2,1,1,1,1,0,0,0,0,,,,,,,,,,,,,,,,,,,,,,,,,,,,,,,,,,,,,,,,,,,,,,,,
13865,3850,14044,13857,,0,50,50,52,52,37,37,40,40,46,46,50,50,140,140,972,972,1169,1169,1063,1063,998,998,955,955,867,867,910,910,924,924,943,943,977,977,1031,1031,947,947,393,393,252,252,170,170,124,124,63,63,,,,,,,,,,,,,,,,,,,,,,,,,,,,,,,,,,,,,,,,,,,,,,,,
13866,1600,14036,2994,,0,53,53,55,55,38,38,42,42,48,48,53,53,146,146,715,715,891,891,804,804,768,768,707,707,638,638,676,676,679,679,669,669,696,696,738,738,671,671,411,411,264,264,178,178,130,130,66,66,,,,,,,,,,,,,,,,,,,,,,,,,,,,,,,,,,,,,,,,,,,,,,,,
13867,1200,14036,13869,,0,0,0,0,0,0,0,0,0,0,0,0,0,1,1,19,19,21,21,21,21,20,20,19,19,18,18,18,18,18,18,19,19,20,20,20,20,19,19,2,2,1,1,1,1,1,1,0,0,,,,,,,,,,,,,,,,,,,,,,,,,,,,,,,,,,,,,,,,,,,,,,,,
13868,1200,13869,,13941,1,0,0,0,0,0,0,0,0,0,0,0,0,1,1,26,26,29,29,29,29,27,27,26,26,24,24,25,25,24,24,26,26,27,27,28,28,25,25,3,3,2,2,1,1,1,1,1,1,,,,,,,,,,,,,,,,,,,,,,,,,,,,,,,,,,,,,,,,,,,,,,,,
13869,2000,13868,13871,13867;13881,2,17,17,18,18,12,12,13,13,16,16,17,17,46,46,1086,1086,1203,1203,1194,1194,1138,1138,1089,1089,1003,1003,1052,1052,1018,1018,1107,1107,1120,1120,1167,1167,1066,1066,131,131,84,84,57,57,41,41,21,21,,,,,,,,,,,,,,,,,,,,,,,,,,,,,,,,,,,,,,,,,,,,,,,,
13870,4400,13852,14042,,0,50,50,52,52,37,37,40,40,46,46,50,50,140,140,972,972,1169,1169,1063,1063,998,998,955,955,867,867,910,910,924,924,943,943,977,977,1031,1031,947,947,393,393,252,252,170,170,124,124,63,63,,,,,,,,,,,,,,,,,,,,,,,,,,,,,,,,,,,,,,,,,,,,,,,,
13871,2000,3015,13869,,0,17,17,18,18,12,12,13,13,16,16,17,17,46,46,1086,1086,1203,1203,1194,1194,1138,1138,1089,1089,1003,1003,1052,1052,1018,1018,1107,1107,1120,1120,1167,1167,1066,1066,131,131,84,84,57,57,41,41,21,21,,,,,,,,,,,,,,,,,,,,,,,,,,,,,,,,,,,,,,,,,,,,,,,,
13872,800,13941,13944,,0,0,0,0,0,0,0,0,0,0,0,0,0,1,1,22,22,24,24,24,24,23,23,22,22,20,20,21,21,21,21,23,23,23,23,24,24,22,22,3,3,2,2,1,1,1,1,0,0,,,,,,,,,,,,,,,,,,,,,,,,,,,,,,,,,,,,,,,,,,,,,,,,
13873,800,3015,13876,,0,0,0,0,0,0,0,0,0,0,0,0,0,1,1,5,5,6,6,6,6,5,5,5,5,5,5,5,5,5,5,5,5,5,5,5,5,5,5,2,2,1,1,1,1,0,0,0,0,,,,,,,,,,,,,,,,,,,,,,,,,,,,,,,,,,,,,,,,,,,,,,,,
13874,4400,13858,13878,13883;13861,2,0,0,0,0,0,0,0,0,0,0,0,0,0,0,1138,1138,1201,1201,1284,1284,1257,1257,1168,1168,1084,1084,1145,1145,1051,1051,1179,1179,1173,1173,1211,1211,1091,1091,0,0,0,0,0,0,0,0,0,0,,,,,,,,,,,,,,,,,,,,,,,,,,,,,,,,,,,,,,,,,,,,,,,,
13875,1600,13876,13939,,0,0,0,0,0,0,0,0,0,0,0,0,0,0,0,6,6,7,7,7,7,7,7,6,6,6,6,6,6,6,6,7,7,7,7,7,7,6,6,1,1,1,1,0,0,0,0,0,0,,,,,,,,,,,,,,,,,,,,,,,,,,,,,,,,,,,,,,,,,,,,,,,,
13876,1600,3195,13875,13873;13879,2,0,0,0,0,0,0,0,0,0,0,0,0,1,1,14,14,16,16,16,16,15,15,14,14,13,13,14,14,13,13,15,15,15,15,15,15,14,14,2,2,1,1,1,1,1,1,0,0,,,,,,,,,,,,,,,,,,,,,,,,,,,,,,,,,,,,,,,,,,,,,,,,
13877,800,,13946,,0,13,13,13,13,9,9,10,10,12,12,13,13,35,35,243,243,292,292,266,266,250,250,239,239,217,217,227,227,231,231,236,236,244,244,258,258,237,237,98,98,63,63,43,43,31,31,16,16,,,,,,,,,,,,,,,,,,,,,,,,,,,,,,,,,,,,,,,,,,,,,,,,
13878,4400,13874,4385,13945;4156,2,0,0,0,0,0,0,0,0,0,0,0,0,0,0,1156,1156,1275,1275,1184,1184,1063,1063,1121,1121,1033,1033,1056,1056,1105,1105,1218,1218,1250,1250,1308,1308,1226,1226,0,0,0,0,0,0,0,0,0,0,,,,,,,,,,,,,,,,,,,,,,,,,,,,,,,,,,,,,,,,,,,,,,,,
13879,1200,13876,4153,,0,0,0,0,0,0,0,0,0,0,0,0,0,1,1,30,30,33,33,33,33,32,32,30,30,28,28,29,29,28,28,31,31,31,31,32,32,30,30,4,4,2,2,2,2,1,1,1,1,,,,,,,,,,,,,,,,,,,,,,,,,,,,,,,,,,,,,,,,,,,,,,,,
13880,4400,14040,4383,,0,67,67,70,70,49,49,53,53,62,62,67,67,186,186,910,910,1134,1134,1023,1023,977,977,900,900,812,812,861,861,864,864,851,851,886,886,939,939,854,854,524,524,336,336,227,227,165,165,84,84,,,,,,,,,,,,,,,,,,,,,,,,,,,,,,,,,,,,,,,,,,,,,,,,
13881,1200,13869,13939,,0,0,0,0,0,0,0,0,0,0,0,0,0,1,1,23,23,25,25,25,25,24,24,23,23,21,21,22,22,21,21,23,23,23,23,24,24,22,22,3,3,2,2,1,1,1,1,0,0,,,,,,,,,,,,,,,,,,,,,,,,,,,,,,,,,,,,,,,,,,,,,,,,
13882,2500,14038,13944,,0,17,17,18,18,12,12,13,13,16,16,17,17,46,46,1086,1086,1203,1203,1194,1194,1138,1138,1089,1089,1003,1003,1052,1052,1018,1018,1107,1107,1120,1120,1167,1167,1066,1066,131,131,84,84,57,57,41,41,21,21,,,,,,,,,,,,,,,,,,,,,,,,,,,,,,,,,,,,,,,,,,,,,,,,
13883,2200,13858,13874,,0,17,17,18,18,12,12,13,13,16,16,17,17,46,46,1086,1086,1203,1203,1194,1194,1138,1138,1089,1089,1003,1003,1052,1052,1018,1018,1107,1107,1120,1120,1167,1167,1066,1066,131,131,84,84,57,57,41,41,21,21,,,,,,,,,,,,,,,,,,,,,,,,,,,,,,,,,,,,,,,,,,,,,,,,
13884,4400,13950,4386,,0,50,50,52,52,37,37,40,40,46,46,50,50,140,140,972,972,1169,1169,1063,1063,998,998,955,955,867,867,910,910,924,924,943,943,977,977,1031,1031,947,947,393,393,252,252,170,170,124,124,63,63,,,,,,,,,,,,,,,,,,,,,,,,,,,,,,,,,,,,,,,,,,,,,,,,
13885,1500,14032,14033,,0,17,17,18,18,12,12,13,13,16,16,17,17,46,46,1086,1086,1203,1203,1194,1194,1138,1138,1089,1089,1003,1003,1052,1052,1018,1018,1107,1107,1120,1120,1167,1167,1066,1066,131,131,84,84,57,57,41,41,21,21,,,,,,,,,,,,,,,,,,,,,,,,,,,,,,,,,,,,,,,,,,,,,,,,
13886,1600,2883,14034,3138,1,0,0,0,0,0,0,0,0,0,0,0,0,1,1,5,5,6,6,6,6,5,5,5,5,5,5,5,5,5,5,5,5,5,5,5,5,5,5,2,2,1,1,1,1,0,0,0,0,,,,,,,,,,,,,,,,,,,,,,,,,,,,,,,,,,,,,,,,,,,,,,,,
13887,3000,13779,13888,,0,19,19,20,20,14,14,15,15,18,18,19,19,53,53,1078,1078,1203,1203,1181,1181,1122,1122,1078,1078,992,992,1038,1038,1013,1013,1096,1096,1113,1113,1161,1161,1062,1062,150,150,96,96,65,65,47,47,24,24,,,,,,,,,,,,,,,,,,,,,,,,,,,,,,,,,,,,,,,,,,,,,,,,
13888,2500,13889,2767,13887,1,29,29,30,30,21,21,23,23,27,27,29,29,80,80,1048,1048,1204,1204,1129,1129,1054,1054,1033,1033,946,946,985,985,994,994,1055,1055,1083,1083,1136,1136,1047,1047,225,225,144,144,97,97,71,71,36,36,,,,,,,,,,,,,,,,,,,,,,,,,,,,,,,,,,,,,,,,,,,,,,,,
13889,3000,13890,13888,,0,29,29,30,30,21,21,23,23,27,27,29,29,80,80,1048,1048,1204,1204,1129,1129,1054,1054,1033,1033,946,946,985,985,994,994,1055,1055,1083,1083,1136,1136,1047,1047,225,225,144,144,97,97,71,71,36,36,,,,,,,,,,,,,,,,,,,,,,,,,,,,,,,,,,,,,,,,,,,,,,,,
13890,1600,13805,13836,13889,1,0,0,0,0,0,0,0,0,0,0,0,0,1,1,10,10,11,11,11,11,10,10,10,10,9,9,9,9,9,9,10,10,10,10,11,11,10,10,2,2,1,1,1,1,1,1,0,0,,,,,,,,,,,,,,,,,,,,,,,,,,,,,,,,,,,,,,,,,,,,,,,,
13891,3300,13892,13842,,0,17,17,18,18,12,12,13,13,16,16,17,17,46,46,1086,1086,1203,1203,1194,1194,1138,1138,1089,1089,1003,1003,1052,1052,1018,1018,1107,1107,1120,1120,1167,1167,1066,1066,131,131,84,84,57,57,41,41,21,21,,,,,,,,,,,,,,,,,,,,,,,,,,,,,,,,,,,,,,,,,,,,,,,,
13892,3000,13837,,13836;13891,2,17,17,18,18,12,12,13,13,16,16,17,17,46,46,1086,1086,1203,1203,1194,1194,1138,1138,1089,1089,1003,1003,1052,1052,1018,1018,1107,1107,1120,1120,1167,1167,1066,1066,131,131,84,84,57,57,41,41,21,21,,,,,,,,,,,,,,,,,,,,,,,,,,,,,,,,,,,,,,,,,,,,,,,,
13893,4400,13894,14051,14039,1,17,17,18,18,12,12,13,13,16,16,17,17,46,46,1086,1086,1203,1203,1194,1194,1138,1138,1089,1089,1003,1003,1052,1052,1018,1018,1107,1107,1120,1120,1167,1167,1066,1066,131,131,84,84,57,57,41,41,21,21,,,,,,,,,,,,,,,,,,,,,,,,,,,,,,,,,,,,,,,,,,,,,,,,
13894,3000,13901,13895,13893,1,29,29,30,30,21,21,23,23,27,27,29,29,80,80,1048,1048,1204,1204,1129,1129,1054,1054,1033,1033,946,946,985,985,994,994,1055,1055,1083,1083,1136,1136,1047,1047,225,225,144,144,97,97,71,71,36,36,,,,,,,,,,,,,,,,,,,,,,,,,,,,,,,,,,,,,,,,,,,,,,,,
13895,4400,13896,13894,,0,29,29,30,30,21,21,23,23,27,27,29,29,80,80,1048,1048,1204,1204,1129,1129,1054,1054,1033,1033,946,946,985,985,994,994,1055,1055,1083,1083,1136,1136,1047,1047,225,225,144,144,97,97,71,71,36,36,,,,,,,,,,,,,,,,,,,,,,,,,,,,,,,,,,,,,,,,,,,,,,,,
13896,3300,13829,13899,13895,1,29,29,30,30,21,21,23,23,27,27,29,29,80,80,1048,1048,1204,1204,1129,1129,1054,1054,1033,1033,946,946,985,985,994,994,1055,1055,1083,1083,1136,1136,1047,1047,225,225,144,144,97,97,71,71,36,36,,,,,,,,,,,,,,,,,,,,,,,,,,,,,,,,,,,,,,,,,,,,,,,,
13897,4400,13826,13898,,0,35,35,37,37,26,26,28,28,33,33,35,35,98,98,1037,1037,1191,1191,1138,1138,1087,1087,1028,1028,946,946,985,985,978,978,1028,1028,1047,1047,1100,1100,1011,1011,286,286,182,182,122,122,89,89,46,46,,,,,,,,,,,,,,,,,,,,,,,,,,,,,,,,,,,,,,,,,,,,,,,,
13898,3500,13822,13897,13838,1,35,35,37,37,26,26,28,28,33,33,35,35,98,98,1037,1037,1191,1191,1138,1138,1087,1087,1028,1028,946,946,985,985,978,978,1028,1028,1047,1047,1100,1100,1011,1011,286,286,182,182,122,122,89,89,46,46,,,,,,,,,,,,,,,,,,,,,,,,,,,,,,,,,,,,,,,,,,,,,,,,
13899,4400,13896,13900,,0,29,29,30,30,21,21,23,23,27,27,29,29,80,80,1048,1048,1204,1204,1129,1129,1054,1054,1033,1033,946,946,985,985,994,994,1055,1055,1083,1083,1136,1136,1047,1047,225,225,144,144,97,97,71,71,36,36,,,,,,,,,,,,,,,,,,,,,,,,,,,,,,,,,,,,,,,,,,,,,,,,
139,2500,462,142,,0,27,27,28,28,20,20,21,21,25,25,27,27,74,74,1049,1049,1182,1182,1170,1170,1126,1126,1056,1056,970,970,1022,1022,982,982,1052,1052,1066,1066,1112,1112,1010,1010,210,210,134,134,91,91,66,66,34,34,,,,,,,,,,,,,,,,,,,,,,,,,,,,,,,,,,,,,,,,,,,,,,,,
13900,4400,13899,13858,13838,1,29,29,30,30,21,21,23,23,27,27,29,29,80,80,1048,1048,1204,1204,1129,1129,1054,1054,1033,1033,946,946,985,985,994,994,1055,1055,1083,1083,1136,1136,1047,1047,225,225,144,144,97,97,71,71,36,36,,,,,,,,,,,,,,,,,,,,,,,,,,,,,,,,,,,,,,,,,,,,,,,,
13901,2500,13902,13894,,0,67,67,70,70,49,49,53,53,62,62,67,67,186,186,910,910,1134,1134,1023,1023,977,977,900,900,812,812,861,861,864,864,851,851,886,886,939,939,854,854,524,524,336,336,227,227,165,165,84,84,,,,,,,,,,,,,,,,,,,,,,,,,,,,,,,,,,,,,,,,,,,,,,,,
13902,2500,13827,13903,13901,1,29,29,30,30,21,21,23,23,27,27,29,29,80,80,1048,1048,1204,1204,1129,1129,1054,1054,1033,1033,946,946,985,985,994,994,1055,1055,1083,1083,1136,1136,1047,1047,225,225,144,144,97,97,71,71,36,36,,,,,,,,,,,,,,,,,,,,,,,,,,,,,,,,,,,,,,,,,,,,,,,,
13903,1600,13904,13902,,0,0,0,0,0,0,0,0,0,0,0,0,0,1,1,11,11,13,13,12,12,12,12,11,11,10,10,11,11,11,11,12,12,12,12,12,12,11,11,2,2,2,2,1,1,1,1,0,0,,,,,,,,,,,,,,,,,,,,,,,,,,,,,,,,,,,,,,,,,,,,,,,,
13904,2000,,13816,13832;13903,2,29,29,30,30,21,21,23,23,27,27,29,29,80,80,1048,1048,1204,1204,1129,1129,1054,1054,1033,1033,946,946,985,985,994,994,1055,1055,1083,1083,1136,1136,1047,1047,225,225,144,144,97,97,71,71,36,36,,,,,,,,,,,,,,,,,,,,,,,,,,,,,,,,,,,,,,,,,,,,,,,,
13905,1600,13906,13792,,0,0,0,0,0,0,0,0,0,0,0,0,0,1,1,14,14,16,16,15,15,14,14,14,14,13,13,13,13,13,13,14,14,15,15,15,15,14,14,3,3,2,2,1,1,1,1,0,0,,,,,,,,,,,,,,,,,,,,,,,,,,,,,,,,,,,,,,,,,,,,,,,,
13906,1200,13905,13793,13804,1,0,0,0,0,0,0,0,0,0,0,0,0,1,1,10,10,11,11,11,11,10,10,10,10,9,9,9,9,9,9,10,10,10,10,11,11,10,10,2,2,1,1,1,1,1,1,0,0,,,,,,,,,,,,,,,,,,,,,,,,,,,,,,,,,,,,,,,,,,,,,,,,
13907,2000,13908,13780,,0,29,29,30,30,21,21,23,23,27,27,29,29,80,80,1048,1048,1204,1204,1129,1129,1054,1054,1033,1033,946,946,985,985,994,994,1055,1055,1083,1083,1136,1136,1047,1047,225,225,144,144,97,97,71,71,36,36,,,,,,,,,,,,,,,,,,,,,,,,,,,,,,,,,,,,,,,,,,,,,,,,
13908,1600,13907,13784,13793,1,0,0,0,0,0,0,0,0,0,0,0,0,1,1,9,9,11,11,10,10,9,9,9,9,8,8,9,9,9,9,9,9,10,10,10,10,9,9,2,2,1,1,1,1,1,1,0,0,,,,,,,,,,,,,,,,,,,,,,,,,,,,,,,,,,,,,,,,,,,,,,,,
13909,1500,13817,13910,,0,67,67,70,70,49,49,53,53,62,62,67,67,186,186,910,910,1134,1134,1023,1023,977,977,900,900,812,812,861,861,864,864,851,851,886,886,939,939,854,854,524,524,336,336,227,227,165,165,84,84,,,,,,,,,,,,,,,,,,,,,,,,,,,,,,,,,,,,,,,,,,,,,,,,
13910,2000,13808,13909,13806,1,29,29,30,30,21,21,23,23,27,27,29,29,80,80,1048,1048,1204,1204,1129,1129,1054,1054,1033,1033,946,946,985,985,994,994,1055,1055,1083,1083,1136,1136,1047,1047,225,225,144,144,97,97,71,71,36,36,,,,,,,,,,,,,,,,,,,,,,,,,,,,,,,,,,,,,,,,,,,,,,,,
13911,3300,13912,13826,,0,35,35,37,37,26,26,28,28,33,33,35,35,98,98,1037,1037,1191,1191,1138,1138,1087,1087,1028,1028,946,946,985,985,978,978,1028,1028,1047,1047,1100,1100,1011,1011,286,286,182,182,122,122,89,89,46,46,,,,,,,,,,,,,,,,,,,,,,,,,,,,,,,,,,,,,,,,,,,,,,,,
13912,1650,13828,13911,13845,1,35,35,37,37,26,26,28,28,33,33,35,35,98,98,1037,1037,1191,1191,1138,1138,1087,1087,1028,1028,946,946,985,985,978,978,1028,1028,1047,1047,1100,1100,1011,1011,286,286,182,182,122,122,89,89,46,46,,,,,,,,,,,,,,,,,,,,,,,,,,,,,,,,,,,,,,,,,,,,,,,,
13913,1500,13914,13803,,0,35,35,37,37,26,26,28,28,33,33,35,35,98,98,1037,1037,1191,1191,1138,1138,1087,1087,1028,1028,946,946,985,985,978,978,1028,1028,1047,1047,1100,1100,1011,1011,286,286,182,182,122,122,89,89,46,46,,,,,,,,,,,,,,,,,,,,,,,,,,,,,,,,,,,,,,,,,,,,,,,,
13914,800,13913,13801,13796,1,0,0,0,0,0,0,0,0,0,0,0,0,0,0,3,3,3,3,3,3,3,3,3,3,2,2,2,2,2,2,3,3,3,3,3,3,3,3,1,1,0,0,0,0,0,0,0,0,,,,,,,,,,,,,,,,,,,,,,,,,,,,,,,,,,,,,,,,,,,,,,,,
13915,4400,13814,13916,,0,35,35,37,37,26,26,28,28,33,33,35,35,98,98,1037,1037,1191,1191,1138,1138,1087,1087,1028,1028,946,946,985,985,978,978,1028,1028,1047,1047,1100,1100,1011,1011,286,286,182,182,122,122,89,89,46,46,,,,,,,,,,,,,,,,,,,,,,,,,,,,,,,,,,,,,,,,,,,,,,,,
13916,3500,13798,13809,13915;13810,2,35,35,37,37,26,26,28,28,33,33,35,35,98,98,1037,1037,1191,1191,1138,1138,1087,1087,1028,1028,946,946,985,985,978,978,1028,1028,1047,1047,1100,1100,1011,1011,286,286,182,182,122,122,89,89,46,46,,,,,,,,,,,,,,,,,,,,,,,,,,,,,,,,,,,,,,,,,,,,,,,,
13917,1500,13818,13918,,0,35,35,37,37,26,26,28,28,33,33,35,35,98,98,1037,1037,1191,1191,1138,1138,1087,1087,1028,1028,946,946,985,985,978,978,1028,1028,1047,1047,1100,1100,1011,1011,286,286,182,182,122,122,89,89,46,46,,,,,,,,,,,,,,,,,,,,,,,,,,,,,,,,,,,,,,,,,,,,,,,,
13918,1000,13917,13828,13819,1,35,35,37,37,26,26,28,28,33,33,35,35,98,98,1037,1037,1191,1191,1138,1138,1087,1087,1028,1028,946,946,985,985,978,978,1028,1028,1047,1047,1100,1100,1011,1011,286,286,182,182,122,122,89,89,46,46,,,,,,,,,,,,,,,,,,,,,,,,,,,,,,,,,,,,,,,,,,,,,,,,
13919,2000,13799,13920,,0,35,35,37,37,26,26,28,28,33,33,35,35,98,98,1037,1037,1191,1191,1138,1138,1087,1087,1028,1028,946,946,985,985,978,978,1028,1028,1047,1047,1100,1100,1011,1011,286,286,182,182,122,122,89,89,46,46,,,,,,,,,,,,,,,,,,,,,,,,,,,,,,,,,,,,,,,,,,,,,,,,
13920,2500,13919,13921,13815,1,35,35,37,37,26,26,28,28,33,33,35,35,98,98,1037,1037,1191,1191,1138,1138,1087,1087,1028,1028,946,946,985,985,978,978,1028,1028,1047,1047,1100,1100,1011,1011,286,286,182,182,122,122,89,89,46,46,,,,,,,,,,,,,,,,,,,,,,,,,,,,,,,,,,,,,,,,,,,,,,,,
13921,2500,13922,13920,,0,35,35,37,37,26,26,28,28,33,33,35,35,98,98,1037,1037,1191,1191,1138,1138,1087,1087,1028,1028,946,946,985,985,978,978,1028,1028,1047,1047,1100,1100,1011,1011,286,286,182,182,122,122,89,89,46,46,,,,,,,,,,,,,,,,,,,,,,,,,,,,,,,,,,,,,,,,,,,,,,,,
13922,2500,13921,13929,13923,1,35,35,37,37,26,26,28,28,33,33,35,35,98,98,1037,1037,1191,1191,1138,1138,1087,1087,1028,1028,946,946,985,985,978,978,1028,1028,1047,1047,1100,1100,1011,1011,286,286,182,182,122,122,89,89,46,46,,,,,,,,,,,,,,,,,,,,,,,,,,,,,,,,,,,,,,,,,,,,,,,,
13923,2000,13924,13922,,0,35,35,37,37,26,26,28,28,33,33,35,35,98,98,1037,1037,1191,1191,1138,1138,1087,1087,1028,1028,946,946,985,985,978,978,1028,1028,1047,1047,1100,1100,1011,1011,286,286,182,182,122,122,89,89,46,46,,,,,,,,,,,,,,,,,,,,,,,,,,,,,,,,,,,,,,,,,,,,,,,,
13924,800,13825,13923,13925,1,0,0,0,0,0,0,0,0,0,0,0,0,0,0,5,5,6,6,5,5,5,5,5,5,4,4,5,5,5,5,5,5,5,5,5,5,5,5,1,1,1,1,1,1,0,0,0,0,,,,,,,,,,,,,,,,,,,,,,,,,,,,,,,,,,,,,,,,,,,,,,,,
13925,1600,13926,13924,,0,0,0,0,0,0,0,0,0,0,0,0,0,1,1,6,6,7,7,7,7,6,6,6,6,5,5,6,6,6,6,6,6,6,6,6,6,6,6,2,2,1,1,1,1,1,1,0,0,,,,,,,,,,,,,,,,,,,,,,,,,,,,,,,,,,,,,,,,,,,,,,,,
13926,800,13925,13831,13927,1,0,0,0,0,0,0,0,0,0,0,0,0,1,1,7,7,8,8,7,7,7,7,6,6,6,6,6,6,6,6,6,6,7,7,7,7,6,6,2,2,1,1,1,1,1,1,0,0,,,,,,,,,,,,,,,,,,,,,,,,,,,,,,,,,,,,,,,,,,,,,,,,
13927,2000,13926,13928,,0,35,35,37,37,26,26,28,28,33,33,35,35,98,98,1037,1037,1191,1191,1138,1138,1087,1087,1028,1028,946,946,985,985,978,978,1028,1028,1047,1047,1100,1100,1011,1011,286,286,182,182,122,122,89,89,46,46,,,,,,,,,,,,,,,,,,,,,,,,,,,,,,,,,,,,,,,,,,,,,,,,
13928,2000,13927,13839,13931,1,50,50,52,52,37,37,40,40,46,46,50,50,140,140,972,972,1169,1169,1063,1063,998,998,955,955,867,867,910,910,924,924,943,943,977,977,1031,1031,947,947,393,393,252,252,170,170,124,124,63,63,,,,,,,,,,,,,,,,,,,,,,,,,,,,,,,,,,,,,,,,,,,,,,,,
13929,1600,13930,13922,,0,0,0,0,0,0,0,0,0,0,0,0,0,0,0,5,5,5,5,5,5,5,5,4,4,4,4,4,4,4,4,4,4,5,5,5,5,4,4,1,1,1,1,1,1,0,0,0,0,,,,,,,,,,,,,,,,,,,,,,,,,,,,,,,,,,,,,,,,,,,,,,,,
13930,1000,13929,13813,13833,1,35,35,37,37,26,26,28,28,33,33,35,35,98,98,1037,1037,1191,1191,1138,1138,1087,1087,1028,1028,946,946,985,985,978,978,1028,1028,1047,1047,1100,1100,1011,1011,286,286,182,182,122,122,89,89,46,46,,,,,,,,,,,,,,,,,,,,,,,,,,,,,,,,,,,,,,,,,,,,,,,,
13931,2500,13928,13932,,0,50,50,52,52,37,37,40,40,46,46,50,50,140,140,972,972,1169,1169,1063,1063,998,998,955,955,867,867,910,910,924,924,943,943,977,977,1031,1031,947,947,393,393,252,252,170,170,124,124,63,63,,,,,,,,,,,,,,,,,,,,,,,,,,,,,,,,,,,,,,,,,,,,,,,,
13932,2000,16590,13931,13933,1,50,50,52,52,37,37,40,40,46,46,50,50,140,140,972,972,1169,1169,1063,1063,998,998,955,955,867,867,910,910,924,924,943,943,977,977,1031,1031,947,947,393,393,252,252,170,170,124,124,63,63,,,,,,,,,,,,,,,,,,,,,,,,,,,,,,,,,,,,,,,,,,,,,,,,
13933,1600,13934,13932,,0,0,0,0,0,0,0,0,0,0,0,0,0,1,1,7,7,8,8,7,7,7,7,6,6,6,6,6,6,6,6,6,6,7,7,7,7,6,6,2,2,1,1,1,1,1,1,0,0,,,,,,,,,,,,,,,,,,,,,,,,,,,,,,,,,,,,,,,,,,,,,,,,
13934,800,13933,13935,13831,1,0,0,0,0,0,0,0,0,0,0,0,0,0,0,5,5,6,6,5,5,5,5,5,5,5,5,5,5,5,5,5,5,5,5,5,5,5,5,1,1,1,1,1,1,0,0,0,0,,,,,,,,,,,,,,,,,,,,,,,,,,,,,,,,,,,,,,,,,,,,,,,,
13935,800,13936,13934,,0,0,0,0,0,0,0,0,0,0,0,0,0,0,0,3,3,4,4,3,3,3,3,3,3,3,3,3,3,3,3,3,3,3,3,3,3,3,3,1,1,1,1,0,0,0,0,0,0,,,,,,,,,,,,,,,,,,,,,,,,,,,,,,,,,,,,,,,,,,,,,,,,
13936,800,13825,13935,13833,1,0,0,0,0,0,0,0,0,0,0,0,0,0,0,2,2,3,3,2,2,2,2,2,2,2,2,2,2,2,2,2,2,2,2,2,2,2,2,1,1,0,0,0,0,0,0,0,0,,,,,,,,,,,,,,,,,,,,,,,,,,,,,,,,,,,,,,,,,,,,,,,,
13937,1650,4378,13938,4152,1,17,17,18,18,12,12,13,13,16,16,17,17,46,46,1086,1086,1203,1203,1194,1194,1138,1138,1089,1089,1003,1003,1052,1052,1018,1018,1107,1107,1120,1120,1167,1167,1066,1066,131,131,84,84,57,57,41,41,21,21,,,,,,,,,,,,,,,,,,,,,,,,,,,,,,,,,,,,,,,,,,,,,,,,
13938,1500,13937,13939,,0,17,17,18,18,12,12,13,13,16,16,17,17,46,46,1086,1086,1203,1203,1194,1194,1138,1138,1089,1089,1003,1003,1052,1052,1018,1018,1107,1107,1120,1120,1167,1167,1066,1066,131,131,84,84,57,57,41,41,21,21,,,,,,,,,,,,,,,,,,,,,,,,,,,,,,,,,,,,,,,,,,,,,,,,
13939,1200,13881,13938,13875,1,0,0,0,0,0,0,0,0,0,0,0,0,1,1,15,15,17,17,17,17,16,16,15,15,14,14,15,15,14,14,16,16,16,16,16,16,15,15,2,2,1,1,1,1,1,1,0,0,,,,,,,,,,,,,,,,,,,,,,,,,,,,,,,,,,,,,,,,,,,,,,,,
13940,800,13941,13942,,0,0,0,0,0,0,0,0,0,0,0,0,0,1,1,25,25,28,28,27,27,26,26,25,25,23,23,24,24,23,23,25,25,26,26,27,27,24,24,3,3,2,2,1,1,1,1,0,0,,,,,,,,,,,,,,,,,,,,,,,,,,,,,,,,,,,,,,,,,,,,,,,,
13941,800,13872,13940,13868,1,0,0,0,0,0,0,0,0,0,0,0,0,1,1,26,26,29,29,29,29,27,27,26,26,24,24,25,25,24,24,26,26,27,27,28,28,25,25,3,3,2,2,1,1,1,1,1,1,,,,,,,,,,,,,,,,,,,,,,,,,,,,,,,,,,,,,,,,,,,,,,,,
13942,2200,4379,13943,13940,1,17,17,18,18,12,12,13,13,16,16,17,17,46,46,1086,1086,1203,1203,1194,1194,1138,1138,1089,1089,1003,1003,1052,1052,1018,1018,1107,1107,1120,1120,1167,1167,1066,1066,131,131,84,84,57,57,41,41,21,21,,,,,,,,,,,,,,,,,,,,,,,,,,,,,,,,,,,,,,,,,,,,,,,,
13943,1650,13942,13944,,0,17,17,18,18,12,12,13,13,16,16,17,17,46,46,1086,1086,1203,1203,1194,1194,1138,1138,1089,1089,1003,1003,1052,1052,1018,1018,1107,1107,1120,1120,1167,1167,1066,1066,131,131,84,84,57,57,41,41,21,21,,,,,,,,,,,,,,,,,,,,,,,,,,,,,,,,,,,,,,,,,,,,,,,,
13944,1600,13872,13882,13943,1,0,0,0,0,0,0,0,0,0,0,0,0,1,1,15,15,16,16,16,16,16,16,15,15,14,14,14,14,14,14,15,15,15,15,16,16,15,15,2,2,1,1,1,1,1,1,0,0,,,,,,,,,,,,,,,,,,,,,,,,,,,,,,,,,,,,,,,,,,,,,,,,
13945,4400,13946,13878,,0,50,50,52,52,37,37,40,40,46,46,50,50,140,140,972,972,1169,1169,1063,1063,998,998,955,955,867,867,910,910,924,924,943,943,977,977,1031,1031,947,947,393,393,252,252,170,170,124,124,63,63,,,,,,,,,,,,,,,,,,,,,,,,,,,,,,,,,,,,,,,,,,,,,,,,
13946,2000,13945,13877,13947,1,50,50,52,52,37,37,40,40,46,46,50,50,140,140,972,972,1169,1169,1063,1063,998,998,955,955,867,867,910,910,924,924,943,943,977,977,1031,1031,947,947,393,393,252,252,170,170,124,124,63,63,,,,,,,,,,,,,,,,,,,,,,,,,,,,,,,,,,,,,,,,,,,,,,,,
13947,4400,13948,13946,,0,50,50,52,52,37,37,40,40,46,46,50,50,140,140,972,972,1169,1169,1063,1063,998,998,955,955,867,867,910,910,924,924,943,943,977,977,1031,1031,947,947,393,393,252,252,170,170,124,124,63,63,,,,,,,,,,,,,,,,,,,,,,,,,,,,,,,,,,,,,,,,,,,,,,,,
13948,4400,13947,13949,14041,1,50,50,52,52,37,37,40,40,46,46,50,50,140,140,972,972,1169,1169,1063,1063,998,998,955,955,867,867,910,910,924,924,943,943,977,977,1031,1031,947,947,393,393,252,252,170,170,124,124,63,63,,,,,,,,,,,,,,,,,,,,,,,,,,,,,,,,,,,,,,,,,,,,,,,,
13949,4400,13950,13948,,0,50,50,52,52,37,37,40,40,46,46,50,50,140,140,972,972,1169,1169,1063,1063,998,998,955,955,867,867,910,910,924,924,943,943,977,977,1031,1031,947,947,393,393,252,252,170,170,124,124,63,63,,,,,,,,,,,,,,,,,,,,,,,,,,,,,,,,,,,,,,,,,,,,,,,,
13950,4400,13949,13884,14043,1,50,50,52,52,37,37,40,40,46,46,50,50,140,140,972,972,1169,1169,1063,1063,998,998,955,955,867,867,910,910,924,924,943,943,977,977,1031,1031,947,947,393,393,252,252,170,170,124,124,63,63,,,,,,,,,,,,,,,,,,,,,,,,,,,,,,,,,,,,,,,,,,,,,,,,
13951,2000,13755,512,5075,1,34,34,35,35,24,24,26,26,31,31,34,34,93,93,1033,1033,1204,1204,1104,1104,1020,1020,1010,1010,922,922,958,958,984,984,1034,1034,1068,1068,1124,1124,1040,1040,262,262,168,168,114,114,82,82,42,42,,,,,,,,,,,,,,,,,,,,,,,,,,,,,,,,,,,,,,,,,,,,,,,,
13952,1500,13953,13969,,0,35,35,37,37,26,26,28,28,33,33,35,35,98,98,1037,1037,1191,1191,1138,1138,1087,1087,1028,1028,946,946,985,985,978,978,1028,1028,1047,1047,1100,1100,1011,1011,286,286,182,182,122,122,89,89,46,46,,,,,,,,,,,,,,,,,,,,,,,,,,,,,,,,,,,,,,,,,,,,,,,,
13953,800,13952,13759,13754,1,1,1,1,1,0,0,0,0,0,0,1,1,1,1,19,19,22,22,21,21,20,20,19,19,18,18,18,18,18,18,20,20,20,20,21,21,19,19,4,4,3,3,2,2,1,1,1,1,,,,,,,,,,,,,,,,,,,,,,,,,,,,,,,,,,,,,,,,,,,,,,,,
13954,1200,13780,13955,,0,0,0,0,0,0,0,0,0,0,0,0,0,1,1,10,10,11,11,10,10,10,10,9,9,9,9,9,9,9,9,10,10,10,10,10,10,10,10,2,2,1,1,1,1,1,1,0,0,,,,,,,,,,,,,,,,,,,,,,,,,,,,,,,,,,,,,,,,,,,,,,,,
13955,1600,13765,13759,13956;13954,2,0,0,0,0,0,0,0,0,0,0,0,0,0,0,5,5,6,6,5,5,5,5,5,5,4,4,5,5,5,5,5,5,5,5,5,5,5,5,1,1,1,1,0,0,0,0,0,0,,,,,,,,,,,,,,,,,,,,,,,,,,,,,,,,,,,,,,,,,,,,,,,,
13956,1200,13955,13957,,0,0,0,0,0,0,0,0,0,0,0,0,0,1,1,8,8,9,9,8,8,8,8,8,8,7,7,7,7,7,7,8,8,8,8,8,8,8,8,2,2,1,1,1,1,1,1,0,0,,,,,,,,,,,,,,,,,,,,,,,,,,,,,,,,,,,,,,,,,,,,,,,,
13957,1600,13772,13956,13757,1,0,0,0,0,0,0,0,0,0,0,0,0,1,1,15,15,17,17,16,16,15,15,15,15,14,14,14,14,14,14,15,15,16,16,16,16,15,15,3,3,2,2,1,1,1,1,1,1,,,,,,,,,,,,,,,,,,,,,,,,,,,,,,,,,,,,,,,,,,,,,,,,
13958,2500,13961,13959,,0,29,29,30,30,21,21,23,23,27,27,29,29,80,80,1048,1048,1204,1204,1129,1129,1054,1054,1033,1033,946,946,985,985,994,994,1055,1055,1083,1083,1136,1136,1047,1047,225,225,144,144,97,97,71,71,36,36,,,,,,,,,,,,,,,,,,,,,,,,,,,,,,,,,,,,,,,,,,,,,,,,
13959,800,13765,13958,13784,1,0,0,0,0,0,0,0,0,0,0,0,0,1,1,14,14,16,16,15,15,14,14,14,14,13,13,13,13,14,14,14,14,15,15,16,16,14,14,3,3,2,2,1,1,1,1,0,0,,,,,,,,,,,,,,,,,,,,,,,,,,,,,,,,,,,,,,,,,,,,,,,,
13960,3000,13792,13961,,0,29,29,30,30,21,21,23,23,27,27,29,29,80,80,1048,1048,1204,1204,1129,1129,1054,1054,1033,1033,946,946,985,985,994,994,1055,1055,1083,1083,1136,1136,1047,1047,225,225,144,144,97,97,71,71,36,36,,,,,,,,,,,,,,,,,,,,,,,,,,,,,,,,,,,,,,,,,,,,,,,,
13961,2500,13962,13960,13958,1,29,29,30,30,21,21,23,23,27,27,29,29,80,80,1048,1048,1204,1204,1129,1129,1054,1054,1033,1033,946,946,985,985,994,994,1055,1055,1083,1083,1136,1136,1047,1047,225,225,144,144,97,97,71,71,36,36,,,,,,,,,,,,,,,,,,,,,,,,,,,,,,,,,,,,,,,,,,,,,,,,
13962,1200,13961,13963,,0,0,0,0,0,0,0,0,0,0,0,0,0,1,1,17,17,19,19,18,18,17,17,17,17,15,15,16,16,16,16,17,17,17,17,18,18,17,17,4,4,2,2,2,2,1,1,1,1,,,,,,,,,,,,,,,,,,,,,,,,,,,,,,,,,,,,,,,,,,,,,,,,
13963,2500,13962,13757,13964,1,29,29,30,30,21,21,23,23,27,27,29,29,80,80,1048,1048,1204,1204,1129,1129,1054,1054,1033,1033,946,946,985,985,994,994,1055,1055,1083,1083,1136,1136,1047,1047,225,225,144,144,97,97,71,71,36,36,,,,,,,,,,,,,,,,,,,,,,,,,,,,,,,,,,,,,,,,,,,,,,,,
13964,2500,13963,13965,,0,29,29,30,30,21,21,23,23,27,27,29,29,80,80,1048,1048,1204,1204,1129,1129,1054,1054,1033,1033,946,946,985,985,994,994,1055,1055,1083,1083,1136,1136,1047,1047,225,225,144,144,97,97,71,71,36,36,,,,,,,,,,,,,,,,,,,,,,,,,,,,,,,,,,,,,,,,,,,,,,,,
13965,1200,13964,14046,13746,1,0,0,0,0,0,0,0,0,0,0,0,0,1,1,14,14,16,16,15,15,14,14,14,14,12,12,13,13,13,13,14,14,14,14,15,15,14,14,3,3,2,2,1,1,1,1,0,0,,,,,,,,,,,,,,,,,,,,,,,,,,,,,,,,,,,,,,,,,,,,,,,,
13966,4400,,13973,13969,1,35,35,37,37,26,26,28,28,33,33,35,35,98,98,1037,1037,1191,1191,1138,1138,1087,1087,1028,1028,946,946,985,985,978,978,1028,1028,1047,1047,1100,1100,1011,1011,286,286,182,182,122,122,89,89,46,46,,,,,,,,,,,,,,,,,,,,,,,,,,,,,,,,,,,,,,,,,,,,,,,,
13967,3000,13737,13972,13970,1,35,35,37,37,26,26,28,28,33,33,35,35,98,98,1037,1037,1191,1191,1138,1138,1087,1087,1028,1028,946,946,985,985,978,978,1028,1028,1047,1047,1100,1100,1011,1011,286,286,182,182,122,122,89,89,46,46,,,,,,,,,,,,,,,,,,,,,,,,,,,,,,,,,,,,,,,,,,,,,,,,
13968,4400,,13969,13767,1,35,35,37,37,26,26,28,28,33,33,35,35,98,98,1037,1037,1191,1191,1138,1138,1087,1087,1028,1028,946,946,985,985,978,978,1028,1028,1047,1047,1100,1100,1011,1011,286,286,182,182,122,122,89,89,46,46,,,,,,,,,,,,,,,,,,,,,,,,,,,,,,,,,,,,,,,,,,,,,,,,
13969,2000,13749,13952,13966;13968,2,35,35,37,37,26,26,28,28,33,33,35,35,98,98,1037,1037,1191,1191,1138,1138,1087,1087,1028,1028,946,946,985,985,978,978,1028,1028,1047,1047,1100,1100,1011,1011,286,286,182,182,122,122,89,89,46,46,,,,,,,,,,,,,,,,,,,,,,,,,,,,,,,,,,,,,,,,,,,,,,,,
13970,4400,13971,,13967,1,35,35,37,37,26,26,28,28,33,33,35,35,98,98,1037,1037,1191,1191,1138,1138,1087,1087,1028,1028,946,946,985,985,978,978,1028,1028,1047,1047,1100,1100,1011,1011,286,286,182,182,122,122,89,89,46,46,,,,,,,,,,,,,,,,,,,,,,,,,,,,,,,,,,,,,,,,,,,,,,,,
13971,2500,13725,13763,13970,1,35,35,37,37,26,26,28,28,33,33,35,35,98,98,1037,1037,1191,1191,1138,1138,1087,1087,1028,1028,946,946,985,985,978,978,1028,1028,1047,1047,1100,1100,1011,1011,286,286,182,182,122,122,89,89,46,46,,,,,,,,,,,,,,,,,,,,,,,,,,,,,,,,,,,,,,,,,,,,,,,,
13972,3000,13967,13973,,0,35,35,37,37,26,26,28,28,33,33,35,35,98,98,1037,1037,1191,1191,1138,1138,1087,1087,1028,1028,946,946,985,985,978,978,1028,1028,1047,1047,1100,1100,1011,1011,286,286,182,182,122,122,89,89,46,46,,,,,,,,,,,,,,,,,,,,,,,,,,,,,,,,,,,,,,,,,,,,,,,,
13973,2000,13742,13972,13966,1,35,35,37,37,26,26,28,28,33,33,35,35,98,98,1037,1037,1191,1191,1138,1138,1087,1087,1028,1028,946,946,985,985,978,978,1028,1028,1047,1047,1100,1100,1011,1011,286,286,182,182,122,122,89,89,46,46,,,,,,,,,,,,,,,,,,,,,,,,,,,,,,,,,,,,,,,,,,,,,,,,
13974,2500,13975,13767,,0,35,35,37,37,26,26,28,28,33,33,35,35,98,98,1037,1037,1191,1191,1138,1138,1087,1087,1028,1028,946,946,985,985,978,978,1028,1028,1047,1047,1100,1100,1011,1011,286,286,182,182,122,122,89,89,46,46,,,,,,,,,,,,,,,,,,,,,,,,,,,,,,,,,,,,,,,,,,,,,,,,
13975,2500,13761,13974,13980,1,35,35,37,37,26,26,28,28,33,33,35,35,98,98,1037,1037,1191,1191,1138,1138,1087,1087,1028,1028,946,946,985,985,978,978,1028,1028,1047,1047,1100,1100,1011,1011,286,286,182,182,122,122,89,89,46,46,,,,,,,,,,,,,,,,,,,,,,,,,,,,,,,,,,,,,,,,,,,,,,,,
13976,1200,13977,13795,,0,0,0,0,0,0,0,0,0,0,0,0,0,0,0,2,2,3,3,2,2,2,2,2,2,2,2,2,2,2,2,2,2,2,2,2,2,2,2,1,1,0,0,0,0,0,0,0,0,,,,,,,,,,,,,,,,,,,,,,,,,,,,,,,,,,,,,,,,,,,,,,,,
13977,1600,13978,13781,13976,1,0,0,0,0,0,0,0,0,0,0,0,0,0,0,1,1,2,2,2,2,2,2,1,1,1,1,1,1,1,1,1,1,1,1,2,2,1,1,0,0,0,0,0,0,0,0,0,0,,,,,,,,,,,,,,,,,,,,,,,,,,,,,,,,,,,,,,,,,,,,,,,,
13978,1600,13977,13979,,0,0,0,0,0,0,0,0,0,0,0,0,0,0,0,1,1,2,2,1,1,1,1,1,1,1,1,1,1,1,1,1,1,1,1,1,1,1,1,0,0,0,0,0,0,0,0,0,0,,,,,,,,,,,,,,,,,,,,,,,,,,,,,,,,,,,,,,,,,,,,,,,,
13979,1600,13994,13770,13790;13978,2,0,0,0,0,0,0,0,0,0,0,0,0,0,0,2,2,2,2,2,2,2,2,2,2,2,2,2,2,2,2,2,2,2,2,2,2,2,2,1,1,0,0,0,0,0,0,0,0,,,,,,,,,,,,,,,,,,,,,,,,,,,,,,,,,,,,,,,,,,,,,,,,
13980,1600,13975,13981,,0,0,0,0,0,0,0,0,0,0,0,0,0,0,0,5,5,6,6,5,5,5,5,5,5,5,5,5,5,5,5,5,5,5,5,5,5,5,5,1,1,1,1,1,1,0,0,0,0,,,,,,,,,,,,,,,,,,,,,,,,,,,,,,,,,,,,,,,,,,,,,,,,
13981,800,13796,13980,13770,1,0,0,0,0,0,0,0,0,0,0,0,0,0,0,2,2,3,3,3,3,2,2,2,2,2,2,2,2,2,2,2,2,2,2,2,2,2,2,1,1,0,0,0,0,0,0,0,0,,,,,,,,,,,,,,,,,,,,,,,,,,,,,,,,,,,,,,,,,,,,,,,,
13982,2500,13753,13987,,0,35,35,37,37,26,26,28,28,33,33,35,35,98,98,1037,1037,1191,1191,1138,1138,1087,1087,1028,1028,946,946,985,985,978,978,1028,1028,1047,1047,1100,1100,1011,1011,286,286,182,182,122,122,89,89,46,46,,,,,,,,,,,,,,,,,,,,,,,,,,,,,,,,,,,,,,,,,,,,,,,,
13983,2500,13984,13986,13743,1,35,35,37,37,26,26,28,28,33,33,35,35,98,98,1037,1037,1191,1191,1138,1138,1087,1087,1028,1028,946,946,985,985,978,978,1028,1028,1047,1047,1100,1100,1011,1011,286,286,182,182,122,122,89,89,46,46,,,,,,,,,,,,,,,,,,,,,,,,,,,,,,,,,,,,,,,,,,,,,,,,
13984,2000,13985,13983,,0,35,35,37,37,26,26,28,28,33,33,35,35,98,98,1037,1037,1191,1191,1138,1138,1087,1087,1028,1028,946,946,985,985,978,978,1028,1028,1047,1047,1100,1100,1011,1011,286,286,182,182,122,122,89,89,46,46,,,,,,,,,,,,,,,,,,,,,,,,,,,,,,,,,,,,,,,,,,,,,,,,
13985,2000,13984,13751,13747,1,35,35,37,37,26,26,28,28,33,33,35,35,98,98,1037,1037,1191,1191,1138,1138,1087,1087,1028,1028,946,946,985,985,978,978,1028,1028,1047,1047,1100,1100,1011,1011,286,286,182,182,122,122,89,89,46,46,,,,,,,,,,,,,,,,,,,,,,,,,,,,,,,,,,,,,,,,,,,,,,,,
13986,2000,13987,13983,,0,35,35,37,37,26,26,28,28,33,33,35,35,98,98,1037,1037,1191,1191,1138,1138,1087,1087,1028,1028,946,946,985,985,978,978,1028,1028,1047,1047,1100,1100,1011,1011,286,286,182,182,122,122,89,89,46,46,,,,,,,,,,,,,,,,,,,,,,,,,,,,,,,,,,,,,,,,,,,,,,,,
13987,2500,13986,13982,13756,1,35,35,37,37,26,26,28,28,33,33,35,35,98,98,1037,1037,1191,1191,1138,1138,1087,1087,1028,1028,946,946,985,985,978,978,1028,1028,1047,1047,1100,1100,1011,1011,286,286,182,182,122,122,89,89,46,46,,,,,,,,,,,,,,,,,,,,,,,,,,,,,,,,,,,,,,,,,,,,,,,,
13988,2000,13993,14022,,0,35,35,37,37,26,26,28,28,33,33,35,35,98,98,1037,1037,1191,1191,1138,1138,1087,1087,1028,1028,946,946,985,985,978,978,1028,1028,1047,1047,1100,1100,1011,1011,286,286,182,182,122,122,89,89,46,46,,,,,,,,,,,,,,,,,,,,,,,,,,,,,,,,,,,,,,,,,,,,,,,,
13989,2500,13990,13751,13762,1,35,35,37,37,26,26,28,28,33,33,35,35,98,98,1037,1037,1191,1191,1138,1138,1087,1087,1028,1028,946,946,985,985,978,978,1028,1028,1047,1047,1100,1100,1011,1011,286,286,182,182,122,122,89,89,46,46,,,,,,,,,,,,,,,,,,,,,,,,,,,,,,,,,,,,,,,,,,,,,,,,
13990,300,13989,13991,,0,0,0,0,0,0,0,0,0,0,0,0,0,1,1,6,6,7,7,7,7,6,6,6,6,6,6,6,6,6,6,6,6,6,6,7,7,6,6,2,2,1,1,1,1,1,1,0,0,,,,,,,,,,,,,,,,,,,,,,,,,,,,,,,,,,,,,,,,,,,,,,,,
13991,1600,13990,13992,13731,1,0,0,0,0,0,0,0,0,0,0,0,0,0,0,5,5,5,5,5,5,5,5,5,5,4,4,4,4,4,4,5,5,5,5,5,5,5,5,1,1,1,1,1,1,0,0,0,0,,,,,,,,,,,,,,,,,,,,,,,,,,,,,,,,,,,,,,,,,,,,,,,,
13992,300,13993,13991,,0,0,0,0,0,0,0,0,0,0,0,0,0,1,1,6,6,7,7,7,7,6,6,6,6,5,5,6,6,6,6,6,6,6,6,6,6,6,6,2,2,1,1,1,1,1,1,0,0,,,,,,,,,,,,,,,,,,,,,,,,,,,,,,,,,,,,,,,,,,,,,,,,
13993,2000,13992,13988,14019,1,35,35,37,37,26,26,28,28,33,33,35,35,98,98,1037,1037,1191,1191,1138,1138,1087,1087,1028,1028,946,946,985,985,978,978,1028,1028,1047,1047,1100,1100,1011,1011,286,286,182,182,122,122,89,89,46,46,,,,,,,,,,,,,,,,,,,,,,,,,,,,,,,,,,,,,,,,,,,,,,,,
13994,1600,13979,13995,,0,0,0,0,0,0,0,0,0,0,0,0,0,0,0,2,2,2,2,2,2,2,2,2,2,2,2,2,2,2,2,2,2,2,2,2,2,2,2,1,1,0,0,0,0,0,0,0,0,,,,,,,,,,,,,,,,,,,,,,,,,,,,,,,,,,,,,,,,,,,,,,,,
13995,1200,13996,13994,13783,1,0,0,0,0,0,0,0,0,0,0,0,0,0,0,3,3,3,3,3,3,3,3,3,3,3,3,3,3,3,3,3,3,3,3,3,3,3,3,1,1,1,1,0,0,0,0,0,0,,,,,,,,,,,,,,,,,,,,,,,,,,,,,,,,,,,,,,,,,,,,,,,,
13996,1200,13995,13997,,0,0,0,0,0,0,0,0,0,0,0,0,0,0,0,4,4,4,4,4,4,4,4,4,4,3,3,3,3,3,3,4,4,4,4,4,4,4,4,1,1,1,1,0,0,0,0,0,0,,,,,,,,,,,,,,,,,,,,,,,,,,,,,,,,,,,,,,,,,,,,,,,,
13997,1200,13996,13998,13756,1,0,0,0,0,0,0,0,0,0,0,0,0,0,0,4,4,4,4,4,4,4,4,4,4,4,4,4,4,4,4,4,4,4,4,4,4,4,4,1,1,1,1,0,0,0,0,0,0,,,,,,,,,,,,,,,,,,,,,,,,,,,,,,,,,,,,,,,,,,,,,,,,
13998,1200,13997,13999,,0,0,0,0,0,0,0,0,0,0,0,0,0,0,0,2,2,3,3,3,3,3,3,2,2,2,2,2,2,2,2,2,2,2,2,3,3,2,2,1,1,0,0,0,0,0,0,0,0,,,,,,,,,,,,,,,,,,,,,,,,,,,,,,,,,,,,,,,,,,,,,,,,
13999,1200,13766,13998,13775,1,0,0,0,0,0,0,0,0,0,0,0,0,0,0,3,3,3,3,3,3,3,3,3,3,2,2,3,3,3,3,3,3,3,3,3,3,3,3,1,1,1,1,0,0,0,0,0,0,,,,,,,,,,,,,,,,,,,,,,,,,,,,,,,,,,,,,,,,,,,,,,,,
14,3500,4812,10,381;4;73,3,50,50,52,52,37,37,40,40,46,46,50,50,140,140,967,967,1151,1151,1088,1088,1047,1047,967,967,880,880,932,932,911,911,933,933,958,958,1007,1007,913,913,393,393,252,252,170,170,124,124,63,63,,,,,,,,,,,,,,,,,,,,,,,,,,,,,,,,,,,,,,,,,,,,,,,,
140,4400,145,124,,0,27,27,28,28,20,20,21,21,25,25,27,27,74,74,1049,1049,1182,1182,1170,1170,1126,1126,1056,1056,970,970,1022,1022,982,982,1052,1052,1066,1066,1112,1112,1010,1010,210,210,134,134,91,91,66,66,34,34,,,,,,,,,,,,,,,,,,,,,,,,,,,,,,,,,,,,,,,,,,,,,,,,
14000,1200,13771,14001,,0,0,0,0,0,0,0,0,0,0,0,0,0,0,0,3,3,3,3,3,3,3,3,3,3,2,2,3,3,3,3,3,3,3,3,3,3,3,3,1,1,1,1,0,0,0,0,0,0,,,,,,,,,,,,,,,,,,,,,,,,,,,,,,,,,,,,,,,,,,,,,,,,
14001,800,14000,14002,13775,1,0,0,0,0,0,0,0,0,0,0,0,0,0,0,3,3,4,4,4,4,4,4,3,3,3,3,3,3,3,3,3,3,3,3,4,4,3,3,1,1,1,1,0,0,0,0,0,0,,,,,,,,,,,,,,,,,,,,,,,,,,,,,,,,,,,,,,,,,,,,,,,,
14002,800,14003,14001,,0,0,0,0,0,0,0,0,0,0,0,0,0,0,0,3,3,4,4,4,4,4,4,3,3,3,3,3,3,3,3,3,3,3,3,4,4,3,3,1,1,1,1,0,0,0,0,0,0,,,,,,,,,,,,,,,,,,,,,,,,,,,,,,,,,,,,,,,,,,,,,,,,
14003,800,13777,14002,13785,1,0,0,0,0,0,0,0,0,0,0,0,0,0,0,3,3,4,4,3,3,3,3,3,3,3,3,3,3,3,3,3,3,3,3,3,3,3,3,1,1,1,1,0,0,0,0,0,0,,,,,,,,,,,,,,,,,,,,,,,,,,,,,,,,,,,,,,,,,,,,,,,,
14004,800,13771,14005,,0,0,0,0,0,0,0,0,0,0,0,0,0,0,0,3,3,3,3,3,3,3,3,3,3,3,3,3,3,3,3,3,3,3,3,3,3,3,3,1,1,1,1,0,0,0,0,0,0,,,,,,,,,,,,,,,,,,,,,,,,,,,,,,,,,,,,,,,,,,,,,,,,
14005,1200,14004,13768,13758,1,0,0,0,0,0,0,0,0,0,0,0,0,0,0,3,3,3,3,3,3,3,3,3,3,3,3,3,3,3,3,3,3,3,3,3,3,3,3,1,1,1,1,0,0,0,0,0,0,,,,,,,,,,,,,,,,,,,,,,,,,,,,,,,,,,,,,,,,,,,,,,,,
14006,1600,14011,14007,,0,0,0,0,0,0,0,0,0,0,0,0,0,0,0,2,2,3,3,2,2,2,2,2,2,2,2,2,2,2,2,2,2,2,2,2,2,2,2,1,1,0,0,0,0,0,0,0,0,,,,,,,,,,,,,,,,,,,,,,,,,,,,,,,,,,,,,,,,,,,,,,,,
14007,800,14008,14006,13758,1,0,0,0,0,0,0,0,0,0,0,0,0,0,0,2,2,3,3,3,3,3,3,2,2,2,2,2,2,2,2,2,2,2,2,3,3,2,2,1,1,0,0,0,0,0,0,0,0,,,,,,,,,,,,,,,,,,,,,,,,,,,,,,,,,,,,,,,,,,,,,,,,
14008,800,14009,14007,,0,0,0,0,0,0,0,0,0,0,0,0,0,0,0,3,3,4,4,4,4,4,4,3,3,3,3,3,3,3,3,3,3,3,3,4,4,3,3,1,1,1,1,0,0,0,0,0,0,,,,,,,,,,,,,,,,,,,,,,,,,,,,,,,,,,,,,,,,,,,,,,,,
14009,800,13762,14008,13750,1,0,0,0,0,0,0,0,0,0,0,0,0,0,0,4,4,5,5,5,5,4,4,4,4,4,4,4,4,4,4,4,4,4,4,4,4,4,4,1,1,1,1,1,1,0,0,0,0,,,,,,,,,,,,,,,,,,,,,,,,,,,,,,,,,,,,,,,,,,,,,,,,
14010,1600,14015,14011,,0,53,53,55,55,38,38,42,42,48,48,53,53,146,146,715,715,891,891,804,804,768,768,707,707,638,638,676,676,679,679,669,669,696,696,738,738,671,671,411,411,264,264,178,178,130,130,66,66,,,,,,,,,,,,,,,,,,,,,,,,,,,,,,,,,,,,,,,,,,,,,,,,
14011,800,13769,14010,14006,1,0,0,0,0,0,0,0,0,0,0,0,0,0,0,3,3,3,3,3,3,3,3,3,3,2,2,2,2,2,2,3,3,3,3,3,3,3,3,1,1,0,0,0,0,0,0,0,0,,,,,,,,,,,,,,,,,,,,,,,,,,,,,,,,,,,,,,,,,,,,,,,,
14012,800,13787,14013,,0,0,0,0,0,0,0,0,0,0,0,0,0,0,0,2,2,2,2,2,2,2,2,2,2,2,2,2,2,2,2,2,2,2,2,2,2,2,2,1,1,0,0,0,0,0,0,0,0,,,,,,,,,,,,,,,,,,,,,,,,,,,,,,,,,,,,,,,,,,,,,,,,
14013,800,13783,14012,13781,1,0,0,0,0,0,0,0,0,0,0,0,0,0,0,1,1,2,2,1,1,1,1,1,1,1,1,1,1,1,1,1,1,1,1,1,1,1,1,0,0,0,0,0,0,0,0,0,0,,,,,,,,,,,,,,,,,,,,,,,,,,,,,,,,,,,,,,,,,,,,,,,,
14014,1500,14015,13791,,0,35,35,37,37,26,26,28,28,33,33,35,35,98,98,1037,1037,1191,1191,1138,1138,1087,1087,1028,1028,946,946,985,985,978,978,1028,1028,1047,1047,1100,1100,1011,1011,286,286,182,182,122,122,89,89,46,46,,,,,,,,,,,,,,,,,,,,,,,,,,,,,,,,,,,,,,,,,,,,,,,,
14015,2500,14016,14014,14010,1,35,35,37,37,26,26,28,28,33,33,35,35,98,98,1037,1037,1191,1191,1138,1138,1087,1087,1028,1028,946,946,985,985,978,978,1028,1028,1047,1047,1100,1100,1011,1011,286,286,182,182,122,122,89,89,46,46,,,,,,,,,,,,,,,,,,,,,,,,,,,,,,,,,,,,,,,,,,,,,,,,
14016,1200,14017,14015,,0,0,0,0,0,0,0,0,0,0,0,0,0,1,1,6,6,6,6,6,6,6,6,6,6,5,5,5,5,5,5,6,6,6,6,6,6,5,5,2,2,1,1,1,1,1,1,0,0,,,,,,,,,,,,,,,,,,,,,,,,,,,,,,,,,,,,,,,,,,,,,,,,
14017,1600,14016,13774,14020,1,0,0,0,0,0,0,0,0,0,0,0,0,0,0,4,4,5,5,5,5,4,4,4,4,4,4,4,4,4,4,4,4,4,4,5,5,4,4,1,1,1,1,1,1,0,0,0,0,,,,,,,,,,,,,,,,,,,,,,,,,,,,,,,,,,,,,,,,,,,,,,,,
14018,2000,13774,14019,13735,1,42,42,39,39,28,28,29,29,34,34,39,39,112,112,1343,1343,1424,1424,1347,1347,1375,1375,1229,1229,1247,1247,1096,1096,1282,1282,1299,1299,1257,1257,1375,1375,1394,1394,536,536,316,316,190,190,140,140,87,87,,,,,,,,,,,,,,,,,,,,,,,,,,,,,,,,,,,,,,,,,,,,,,,,
14019,3000,14018,13993,,0,35,35,37,37,26,26,28,28,33,33,35,35,98,98,1037,1037,1191,1191,1138,1138,1087,1087,1028,1028,946,946,985,985,978,978,1028,1028,1047,1047,1100,1100,1011,1011,286,286,182,182,122,122,89,89,46,46,,,,,,,,,,,,,,,,,,,,,,,,,,,,,,,,,,,,,,,,,,,,,,,,
14020,2500,16643,14017,,0,67,67,70,70,49,49,53,53,62,62,67,67,186,186,910,910,1134,1134,1023,1023,977,977,900,900,812,812,861,861,864,864,851,851,886,886,939,939,854,854,524,524,336,336,227,227,165,165,84,84,,,,,,,,,,,,,,,,,,,,,,,,,,,,,,,,,,,,,,,,,,,,,,,,
14021,1200,13733,14022,,0,0,0,0,0,0,0,0,0,0,0,0,0,1,1,7,7,8,8,7,7,7,7,6,6,6,6,6,6,6,6,6,6,7,7,7,7,6,6,2,2,1,1,1,1,1,1,0,0,,,,,,,,,,,,,,,,,,,,,,,,,,,,,,,,,,,,,,,,,,,,,,,,
14022,1200,14021,14023,13988,1,0,0,0,0,0,0,0,0,0,0,0,0,1,1,6,6,6,6,6,6,6,6,5,5,5,5,5,5,5,5,5,5,6,6,6,6,5,5,2,2,1,1,1,1,1,1,0,0,,,,,,,,,,,,,,,,,,,,,,,,,,,,,,,,,,,,,,,,,,,,,,,,
14023,1600,14022,14024,,0,0,0,0,0,0,0,0,0,0,0,0,0,0,0,4,4,4,4,4,4,4,4,4,4,3,3,3,3,3,3,4,4,4,4,4,4,4,4,1,1,1,1,0,0,0,0,0,0,,,,,,,,,,,,,,,,,,,,,,,,,,,,,,,,,,,,,,,,,,,,,,,,
14024,800,13730,16537,14023,1,33,33,31,31,22,22,23,23,26,26,31,31,88,88,1055,1055,1119,1119,1058,1058,1080,1080,966,966,980,980,861,861,1008,1008,1021,1021,988,988,1080,1080,1096,1096,421,421,249,249,150,150,110,110,68,68,,,,,,,,,,,,,,,,,,,,,,,,,,,,,,,,,,,,,,,,,,,,,,,,
14025,1200,13849,14026,,0,0,0,0,0,0,0,0,0,0,0,0,0,1,1,16,16,18,18,18,18,17,17,16,16,15,15,16,16,15,15,17,17,17,17,18,18,16,16,2,2,1,1,1,1,1,1,0,0,,,,,,,,,,,,,,,,,,,,,,,,,,,,,,,,,,,,,,,,,,,,,,,,
14026,1600,14025,14027,13860,1,0,0,0,0,0,0,0,0,0,0,0,0,0,0,8,8,9,9,9,9,9,9,8,8,8,8,8,8,8,8,8,8,8,8,9,9,8,8,1,1,1,1,0,0,0,0,0,0,,,,,,,,,,,,,,,,,,,,,,,,,,,,,,,,,,,,,,,,,,,,,,,,
14027,1200,14026,14028,,0,0,0,0,0,0,0,0,0,0,0,0,0,0,0,4,4,5,5,5,5,4,4,4,4,4,4,4,4,4,4,4,4,4,4,5,5,4,4,1,1,0,0,0,0,0,0,0,0,,,,,,,,,,,,,,,,,,,,,,,,,,,,,,,,,,,,,,,,,,,,,,,,
14028,1600,14027,14035,13864,1,0,0,0,0,0,0,0,0,0,0,0,0,0,0,4,4,4,4,4,4,4,4,4,4,4,4,4,4,4,4,4,4,4,4,4,4,4,4,0,0,0,0,0,0,0,0,0,0,,,,,,,,,,,,,,,,,,,,,,,,,,,,,,,,,,,,,,,,,,,,,,,,
14029,4400,14030,13842,,0,17,17,18,18,12,12,13,13,16,16,17,17,46,46,1086,1086,1203,1203,1194,1194,1138,1138,1089,1089,1003,1003,1052,1052,1018,1018,1107,1107,1120,1120,1167,1167,1066,1066,131,131,84,84,57,57,41,41,21,21,,,,,,,,,,,,,,,,,,,,,,,,,,,,,,,,,,,,,,,,,,,,,,,,
14030,2500,13846,14031,14029,1,17,17,18,18,12,12,13,13,16,16,17,17,46,46,1086,1086,1203,1203,1194,1194,1138,1138,1089,1089,1003,1003,1052,1052,1018,1018,1107,1107,1120,1120,1167,1167,1066,1066,131,131,84,84,57,57,41,41,21,21,,,,,,,,,,,,,,,,,,,,,,,,,,,,,,,,,,,,,,,,,,,,,,,,
14031,4400,14032,14030,,0,17,17,18,18,12,12,13,13,16,16,17,17,46,46,1086,1086,1203,1203,1194,1194,1138,1138,1089,1089,1003,1003,1052,1052,1018,1018,1107,1107,1120,1120,1167,1167,1066,1066,131,131,84,84,57,57,41,41,21,21,,,,,,,,,,,,,,,,,,,,,,,,,,,,,,,,,,,,,,,,,,,,,,,,
14032,2500,14031,13885,2914,1,17,17,18,18,12,12,13,13,16,16,17,17,46,46,1086,1086,1203,1203,1194,1194,1138,1138,1089,1089,1003,1003,1052,1052,1018,1018,1107,1107,1120,1120,1167,1167,1066,1066,131,131,84,84,57,57,41,41,21,21,,,,,,,,,,,,,,,,,,,,,,,,,,,,,,,,,,,,,,,,,,,,,,,,
14033,2000,13837,14034,13885,1,17,17,18,18,12,12,13,13,16,16,17,17,46,46,1086,1086,1203,1203,1194,1194,1138,1138,1089,1089,1003,1003,1052,1052,1018,1018,1107,1107,1120,1120,1167,1167,1066,1066,131,131,84,84,57,57,41,41,21,21,,,,,,,,,,,,,,,,,,,,,,,,,,,,,,,,,,,,,,,,,,,,,,,,
14034,1500,13886,14033,,0,0,0,0,0,0,0,0,0,0,0,0,0,0,0,1147,1147,1238,1238,1234,1234,1160,1160,1144,1144,1058,1058,1100,1100,1078,1078,1198,1198,1212,1212,1260,1260,1158,1158,0,0,0,0,0,0,0,0,0,0,,,,,,,,,,,,,,,,,,,,,,,,,,,,,,,,,,,,,,,,,,,,,,,,
14035,1600,14028,14036,,0,0,0,0,0,0,0,0,0,0,0,0,0,0,0,6,6,6,6,6,6,6,6,6,6,5,5,6,6,5,5,6,6,6,6,6,6,6,6,1,1,0,0,0,0,0,0,0,0,,,,,,,,,,,,,,,,,,,,,,,,,,,,,,,,,,,,,,,,,,,,,,,,
14036,1200,14035,13867,13866,1,0,0,0,0,0,0,0,0,0,0,0,0,0,0,10,10,11,11,11,11,10,10,10,10,9,9,9,9,9,9,10,10,10,10,11,11,10,10,1,1,1,1,1,1,0,0,0,0,,,,,,,,,,,,,,,,,,,,,,,,,,,,,,,,,,,,,,,,,,,,,,,,
14037,2750,13842,14038,,0,17,17,18,18,12,12,13,13,16,16,17,17,46,46,1086,1086,1203,1203,1194,1194,1138,1138,1089,1089,1003,1003,1052,1052,1018,1018,1107,1107,1120,1120,1167,1167,1066,1066,131,131,84,84,57,57,41,41,21,21,,,,,,,,,,,,,,,,,,,,,,,,,,,,,,,,,,,,,,,,,,,,,,,,
14038,3000,13848,,14037;13882,2,17,17,18,18,12,12,13,13,16,16,17,17,46,46,1086,1086,1203,1203,1194,1194,1138,1138,1089,1089,1003,1003,1052,1052,1018,1018,1107,1107,1120,1120,1167,1167,1066,1066,131,131,84,84,57,57,41,41,21,21,,,,,,,,,,,,,,,,,,,,,,,,,,,,,,,,,,,,,,,,,,,,,,,,
14039,2000,13893,14040,,0,17,17,18,18,12,12,13,13,16,16,17,17,46,46,1086,1086,1203,1203,1194,1194,1138,1138,1089,1089,1003,1003,1052,1052,1018,1018,1107,1107,1120,1120,1167,1167,1066,1066,131,131,84,84,57,57,41,41,21,21,,,,,,,,,,,,,,,,,,,,,,,,,,,,,,,,,,,,,,,,,,,,,,,,
14040,1650,13880,14039,13855,1,17,17,18,18,12,12,13,13,16,16,17,17,46,46,1086,1086,1203,1203,1194,1194,1138,1138,1089,1089,1003,1003,1052,1052,1018,1018,1107,1107,1120,1120,1167,1167,1066,1066,131,131,84,84,57,57,41,41,21,21,,,,,,,,,,,,,,,,,,,,,,,,,,,,,,,,,,,,,,,,,,,,,,,,
14041,4400,13948,14042,,0,50,50,52,52,37,37,40,40,46,46,50,50,140,140,972,972,1169,1169,1063,1063,998,998,955,955,867,867,910,910,924,924,943,943,977,977,1031,1031,947,947,393,393,252,252,170,170,124,124,63,63,,,,,,,,,,,,,,,,,,,,,,,,,,,,,,,,,,,,,,,,,,,,,,,,
14042,2000,13870,13863,14041,1,50,50,52,52,37,37,40,40,46,46,50,50,140,140,972,972,1169,1169,1063,1063,998,998,955,955,867,867,910,910,924,924,943,943,977,977,1031,1031,947,947,393,393,252,252,170,170,124,124,63,63,,,,,,,,,,,,,,,,,,,,,,,,,,,,,,,,,,,,,,,,,,,,,,,,
14043,4400,14044,13950,,0,50,50,52,52,37,37,40,40,46,46,50,50,140,140,972,972,1169,1169,1063,1063,998,998,955,955,867,867,910,910,924,924,943,943,977,977,1031,1031,947,947,393,393,252,252,170,170,124,124,63,63,,,,,,,,,,,,,,,,,,,,,,,,,,,,,,,,,,,,,,,,,,,,,,,,
14044,4400,13865,14045,14043,1,50,50,52,52,37,37,40,40,46,46,50,50,140,140,972,972,1169,1169,1063,1063,998,998,955,955,867,867,910,910,924,924,943,943,977,977,1031,1031,947,947,393,393,252,252,170,170,124,124,63,63,,,,,,,,,,,,,,,,,,,,,,,,,,,,,,,,,,,,,,,,,,,,,,,,
14045,4400,14044,16648,,0,50,50,52,52,37,37,40,40,46,46,50,50,140,140,972,972,1169,1169,1063,1063,998,998,955,955,867,867,910,910,924,924,943,943,977,977,1031,1031,947,947,393,393,252,252,170,170,124,124,63,63,,,,,,,,,,,,,,,,,,,,,,,,,,,,,,,,,,,,,,,,,,,,,,,,
14046,1200,13965,14047,,0,0,0,0,0,0,0,0,0,0,0,0,0,0,0,5,5,6,6,6,6,5,5,5,5,5,5,5,5,5,5,5,5,5,5,6,6,5,5,1,1,1,1,0,0,0,0,0,0,,,,,,,,,,,,,,,,,,,,,,,,,,,,,,,,,,,,,,,,,,,,,,,,
14047,2500,5077,14046,13718,1,29,29,30,30,21,21,23,23,27,27,29,29,80,80,1048,1048,1204,1204,1129,1129,1054,1054,1033,1033,946,946,985,985,994,994,1055,1055,1083,1083,1136,1136,1047,1047,225,225,144,144,97,97,71,71,36,36,,,,,,,,,,,,,,,,,,,,,,,,,,,,,,,,,,,,,,,,,,,,,,,,
14048,1600,14049,13732,,0,0,0,0,0,0,0,0,0,0,0,0,0,0,0,3,3,3,3,3,3,3,3,3,3,3,3,3,3,3,3,3,3,3,3,3,3,3,3,1,1,1,1,0,0,0,0,0,0,,,,,,,,,,,,,,,,,,,,,,,,,,,,,,,,,,,,,,,,,,,,,,,,
14049,2500,13725,14048,5076,1,64,64,66,66,46,46,50,50,58,58,64,64,177,177,964,964,1170,1170,1064,1064,1027,1027,941,941,866,866,890,890,916,916,907,907,932,932,994,994,922,922,526,526,334,334,222,222,162,162,84,84,,,,,,,,,,,,,,,,,,,,,,,,,,,,,,,,,,,,,,,,,,,,,,,,
14050,4400,13842,14052,,0,17,17,18,18,12,12,13,13,16,16,17,17,46,46,1086,1086,1203,1203,1194,1194,1138,1138,1089,1089,1003,1003,1052,1052,1018,1018,1107,1107,1120,1120,1167,1167,1066,1066,131,131,84,84,57,57,41,41,21,21,,,,,,,,,,,,,,,,,,,,,,,,,,,,,,,,,,,,,,,,,,,,,,,,
14051,4400,13893,14052,,0,17,17,18,18,12,12,13,13,16,16,17,17,46,46,1086,1086,1203,1203,1194,1194,1138,1138,1089,1089,1003,1003,1052,1052,1018,1018,1107,1107,1120,1120,1167,1167,1066,1066,131,131,84,84,57,57,41,41,21,21,,,,,,,,,,,,,,,,,,,,,,,,,,,,,,,,,,,,,,,,,,,,,,,,
14052,3300,14051,13834,14050,1,17,17,18,18,12,12,13,13,16,16,17,17,46,46,1086,1086,1203,1203,1194,1194,1138,1138,1089,1089,1003,1003,1052,1052,1018,1018,1107,1107,1120,1120,1167,1167,1066,1066,131,131,84,84,57,57,41,41,21,21,,,,,,,,,,,,,,,,,,,,,,,,,,,,,,,,,,,,,,,,,,,,,,,,
14053,2500,14066,,,0,44,44,45,45,32,32,34,34,40,40,43,43,121,121,1080,1080,1242,1242,1144,1144,1098,1098,1038,1038,976,976,968,968,1029,1029,1055,1055,1070,1070,1140,1140,1082,1082,396,396,247,247,161,161,118,118,64,64,,,,,,,,,,,,,,,,,,,,,,,,,,,,,,,,,,,,,,,,,,,,,,,,
14054,800,,,,0,11,11,11,11,8,8,9,9,10,10,11,11,30,30,242,242,280,280,262,262,254,254,235,235,220,220,222,222,229,229,234,234,237,237,252,252,236,236,97,97,61,61,40,40,29,29,16,16,,,,,,,,,,,,,,,,,,,,,,,,,,,,,,,,,,,,,,,,,,,,,,,,
14055,1600,14057,14469,,0,0,0,0,0,0,0,0,0,0,0,0,0,0,0,2,2,2,2,2,2,2,2,2,2,2,2,2,2,2,2,2,2,2,2,2,2,2,2,1,1,0,0,0,0,0,0,0,0,,,,,,,,,,,,,,,,,,,,,,,,,,,,,,,,,,,,,,,,,,,,,,,,
14056,1200,14442,,,0,11,11,11,11,8,8,9,9,10,10,11,11,30,30,242,242,280,280,262,262,254,254,235,235,220,220,222,222,229,229,234,234,237,237,252,252,236,236,97,97,61,61,40,40,29,29,16,16,,,,,,,,,,,,,,,,,,,,,,,,,,,,,,,,,,,,,,,,,,,,,,,,
14057,1600,14058,14055,14071,1,0,0,0,0,0,0,0,0,0,0,0,0,0,0,4,4,4,4,4,4,4,4,3,3,3,3,3,3,3,3,4,4,4,4,4,4,4,4,1,1,1,1,0,0,0,0,0,0,,,,,,,,,,,,,,,,,,,,,,,,,,,,,,,,,,,,,,,,,,,,,,,,
14058,1500,14057,17052,,0,44,44,45,45,32,32,34,34,40,40,43,43,121,121,1080,1080,1242,1242,1144,1144,1098,1098,1038,1038,976,976,968,968,1029,1029,1055,1055,1070,1070,1140,1140,1082,1082,396,396,247,247,161,161,118,118,64,64,,,,,,,,,,,,,,,,,,,,,,,,,,,,,,,,,,,,,,,,,,,,,,,,
14059,300,14061,14442,,0,1,1,1,1,0,0,0,0,0,0,1,1,1,1,13,13,15,15,15,15,14,14,13,13,12,12,13,13,12,12,13,13,13,13,14,14,12,12,4,4,3,3,2,2,1,1,1,1,,,,,,,,,,,,,,,,,,,,,,,,,,,,,,,,,,,,,,,,,,,,,,,,
14060,600,14445,,,0,0,0,0,0,0,0,0,0,0,0,0,0,1,1,7,7,8,8,8,8,8,8,7,7,6,6,7,7,7,7,7,7,7,7,7,7,7,7,2,2,1,1,1,1,1,1,0,0,,,,,,,,,,,,,,,,,,,,,,,,,,,,,,,,,,,,,,,,,,,,,,,,
14061,1100,14062,14063,14059,1,38,38,40,40,28,28,30,30,35,35,38,38,106,106,1008,1008,1163,1163,1135,1135,1097,1097,1015,1015,929,929,983,983,944,944,992,992,1009,1009,1056,1056,956,956,299,299,192,192,130,130,94,94,48,48,,,,,,,,,,,,,,,,,,,,,,,,,,,,,,,,,,,,,,,,,,,,,,,,
14062,4400,14061,,,0,38,38,40,40,28,28,30,30,35,35,38,38,106,106,1008,1008,1163,1163,1135,1135,1097,1097,1015,1015,929,929,983,983,944,944,992,992,1009,1009,1056,1056,956,956,299,299,192,192,130,130,94,94,48,48,,,,,,,,,,,,,,,,,,,,,,,,,,,,,,,,,,,,,,,,,,,,,,,,
14063,800,14061,14064,,0,1,1,1,1,0,0,0,0,1,1,1,1,2,2,14,14,16,16,16,16,15,15,14,14,13,13,13,13,13,13,14,14,14,14,14,14,13,13,4,4,3,3,2,2,1,1,1,1,,,,,,,,,,,,,,,,,,,,,,,,,,,,,,,,,,,,,,,,,,,,,,,,
14064,800,14068,,14063,1,1,1,1,1,0,0,0,0,0,0,1,1,1,1,12,12,14,14,14,14,13,13,12,12,11,11,12,12,12,12,12,12,12,12,13,13,12,12,4,4,3,3,2,2,1,1,1,1,,,,,,,,,,,,,,,,,,,,,,,,,,,,,,,,,,,,,,,,,,,,,,,,
14065,4000,,,,0,44,44,45,45,32,32,34,34,40,40,43,43,121,121,1080,1080,1242,1242,1144,1144,1098,1098,1038,1038,976,976,968,968,1029,1029,1055,1055,1070,1070,1140,1140,1082,1082,396,396,247,247,161,161,118,118,64,64,,,,,,,,,,,,,,,,,,,,,,,,,,,,,,,,,,,,,,,,,,,,,,,,
14066,2500,14067,14053,,0,44,44,45,45,32,32,34,34,40,40,43,43,121,121,1080,1080,1242,1242,1144,1144,1098,1098,1038,1038,976,976,968,968,1029,1029,1055,1055,1070,1070,1140,1140,1082,1082,396,396,247,247,161,161,118,118,64,64,,,,,,,,,,,,,,,,,,,,,,,,,,,,,,,,,,,,,,,,,,,,,,,,
14067,1200,14454,14066,14069;14082,2,0,0,0,0,0,0,0,0,0,0,0,0,0,0,5,5,5,5,5,5,5,5,4,4,4,4,4,4,4,4,4,4,5,5,5,5,4,4,1,1,1,1,1,1,0,0,0,0,,,,,,,,,,,,,,,,,,,,,,,,,,,,,,,,,,,,,,,,,,,,,,,,
14068,1100,14444,14064,,0,38,38,40,40,28,28,30,30,35,35,38,38,106,106,1008,1008,1163,1163,1135,1135,1097,1097,1015,1015,929,929,983,983,944,944,992,992,1009,1009,1056,1056,956,956,299,299,192,192,130,130,94,94,48,48,,,,,,,,,,,,,,,,,,,,,,,,,,,,,,,,,,,,,,,,,,,,,,,,
14069,400,,14067,,0,0,0,0,0,0,0,0,0,0,0,0,0,0,0,5,5,5,5,5,5,5,5,4,4,4,4,4,4,4,4,5,5,5,5,5,5,5,5,1,1,1,1,1,1,0,0,0,0,,,,,,,,,,,,,,,,,,,,,,,,,,,,,,,,,,,,,,,,,,,,,,,,
14070,4400,,14445,,0,38,38,40,40,28,28,30,30,35,35,38,38,106,106,1008,1008,1163,1163,1135,1135,1097,1097,1015,1015,929,929,983,983,944,944,992,992,1009,1009,1056,1056,956,956,299,299,192,192,130,130,94,94,48,48,,,,,,,,,,,,,,,,,,,,,,,,,,,,,,,,,,,,,,,,,,,,,,,,
14071,800,14057,14467,,0,0,0,0,0,0,0,0,0,0,0,0,0,0,0,4,4,5,5,5,5,4,4,4,4,4,4,4,4,4,4,4,4,4,4,5,5,4,4,1,1,1,1,1,1,0,0,0,0,,,,,,,,,,,,,,,,,,,,,,,,,,,,,,,,,,,,,,,,,,,,,,,,
14072,1200,14453,14451,,0,0,0,0,0,0,0,0,0,0,0,0,0,0,0,2,2,2,2,2,2,2,2,2,2,2,2,2,2,2,2,2,2,2,2,2,2,2,2,1,1,0,0,0,0,0,0,0,0,,,,,,,,,,,,,,,,,,,,,,,,,,,,,,,,,,,,,,,,,,,,,,,,
14073,2000,14079,,,0,38,38,40,40,28,28,30,30,35,35,38,38,106,106,1008,1008,1163,1163,1135,1135,1097,1097,1015,1015,929,929,983,983,944,944,992,992,1009,1009,1056,1056,956,956,299,299,192,192,130,130,94,94,48,48,,,,,,,,,,,,,,,,,,,,,,,,,,,,,,,,,,,,,,,,,,,,,,,,
14074,2000,14463,14461,,0,67,67,70,70,49,49,53,53,62,62,67,67,186,186,910,910,1134,1134,1023,1023,977,977,900,900,812,812,861,861,864,864,851,851,886,886,939,939,854,854,524,524,336,336,227,227,165,165,84,84,,,,,,,,,,,,,,,,,,,,,,,,,,,,,,,,,,,,,,,,,,,,,,,,
14075,1600,14451,14449,,0,0,0,0,0,0,0,0,0,0,0,0,0,0,0,2,2,3,3,3,3,2,2,2,2,2,2,2,2,2,2,2,2,2,2,3,3,2,2,1,1,0,0,0,0,0,0,0,0,,,,,,,,,,,,,,,,,,,,,,,,,,,,,,,,,,,,,,,,,,,,,,,,
14076,1200,14459,14449,,0,0,0,0,0,0,0,0,0,0,0,0,0,0,0,2,2,2,2,2,2,2,2,1,1,1,1,1,1,1,1,2,2,2,2,2,2,2,2,0,0,0,0,0,0,0,0,0,0,,,,,,,,,,,,,,,,,,,,,,,,,,,,,,,,,,,,,,,,,,,,,,,,
14077,400,14459,,,0,0,0,0,0,0,0,0,0,0,0,0,0,0,0,3,3,3,3,3,3,3,3,3,3,3,3,3,3,3,3,3,3,3,3,3,3,3,3,1,1,1,1,0,0,0,0,0,0,,,,,,,,,,,,,,,,,,,,,,,,,,,,,,,,,,,,,,,,,,,,,,,,
14078,3500,14404,,,0,38,38,40,40,28,28,30,30,35,35,38,38,106,106,1008,1008,1163,1163,1135,1135,1097,1097,1015,1015,929,929,983,983,944,944,992,992,1009,1009,1056,1056,956,956,299,299,192,192,130,130,94,94,48,48,,,,,,,,,,,,,,,,,,,,,,,,,,,,,,,,,,,,,,,,,,,,,,,,
14079,2000,14081,14073,,0,38,38,40,40,28,28,30,30,35,35,38,38,106,106,1008,1008,1163,1163,1135,1135,1097,1097,1015,1015,929,929,983,983,944,944,992,992,1009,1009,1056,1056,956,956,299,299,192,192,130,130,94,94,48,48,,,,,,,,,,,,,,,,,,,,,,,,,,,,,,,,,,,,,,,,,,,,,,,,
14080,1600,14453,14461,,0,0,0,0,0,0,0,0,0,0,0,0,0,0,0,894,894,944,944,1009,1009,988,988,917,917,851,851,900,900,826,826,926,926,922,922,952,952,857,857,0,0,0,0,0,0,0,0,0,0,,,,,,,,,,,,,,,,,,,,,,,,,,,,,,,,,,,,,,,,,,,,,,,,
14081,2000,14395,14079,,0,38,38,40,40,28,28,30,30,35,35,38,38,106,106,1008,1008,1163,1163,1135,1135,1097,1097,1015,1015,929,929,983,983,944,944,992,992,1009,1009,1056,1056,956,956,299,299,192,192,130,130,94,94,48,48,,,,,,,,,,,,,,,,,,,,,,,,,,,,,,,,,,,,,,,,,,,,,,,,
14082,3000,14067,14447,,0,44,44,45,45,32,32,34,34,40,40,43,43,121,121,1080,1080,1242,1242,1144,1144,1098,1098,1038,1038,976,976,968,968,1029,1029,1055,1055,1070,1070,1140,1140,1082,1082,396,396,247,247,161,161,118,118,64,64,,,,,,,,,,,,,,,,,,,,,,,,,,,,,,,,,,,,,,,,,,,,,,,,
14083,1500,,14405,,0,38,38,40,40,28,28,30,30,35,35,38,38,106,106,1008,1008,1163,1163,1135,1135,1097,1097,1015,1015,929,929,983,983,944,944,992,992,1009,1009,1056,1056,956,956,299,299,192,192,130,130,94,94,48,48,,,,,,,,,,,,,,,,,,,,,,,,,,,,,,,,,,,,,,,,,,,,,,,,
14084,300,14393,,,0,0,0,0,0,0,0,0,0,0,0,0,0,1,1,5,5,6,6,6,6,5,5,5,5,5,5,5,5,5,5,5,5,5,5,5,5,5,5,2,2,1,1,1,1,1,1,0,0,,,,,,,,,,,,,,,,,,,,,,,,,,,,,,,,,,,,,,,,,,,,,,,,
14085,300,14413,,,0,0,0,0,0,0,0,0,0,0,0,0,0,1,1,6,6,7,7,6,6,6,6,6,6,5,5,5,5,5,5,6,6,6,6,6,6,6,6,2,2,1,1,1,1,1,1,0,0,,,,,,,,,,,,,,,,,,,,,,,,,,,,,,,,,,,,,,,,,,,,,,,,
14086,600,,14419,,0,0,0,0,0,0,0,0,0,0,0,0,0,0,0,1,1,1,1,1,1,1,1,1,1,1,1,1,1,1,1,1,1,1,1,1,1,1,1,0,0,0,0,0,0,0,0,0,0,,,,,,,,,,,,,,,,,,,,,,,,,,,,,,,,,,,,,,,,,,,,,,,,
14087,4400,,14444,,0,38,38,40,40,28,28,30,30,35,35,38,38,106,106,1008,1008,1163,1163,1135,1135,1097,1097,1015,1015,929,929,983,983,944,944,992,992,1009,1009,1056,1056,956,956,299,299,192,192,130,130,94,94,48,48,,,,,,,,,,,,,,,,,,,,,,,,,,,,,,,,,,,,,,,,,,,,,,,,
14088,1200,14417,,,0,53,53,55,55,38,38,42,42,48,48,53,53,146,146,715,715,891,891,804,804,768,768,707,707,638,638,676,676,679,679,669,669,696,696,738,738,671,671,411,411,264,264,178,178,130,130,66,66,,,,,,,,,,,,,,,,,,,,,,,,,,,,,,,,,,,,,,,,,,,,,,,,
14089,1200,14391,,,0,0,0,0,0,0,0,0,0,0,0,0,0,0,0,4,4,4,4,4,4,4,4,4,4,3,3,4,4,3,3,4,4,4,4,4,4,3,3,1,1,1,1,1,1,0,0,0,0,,,,,,,,,,,,,,,,,,,,,,,,,,,,,,,,,,,,,,,,,,,,,,,,
14090,600,,14387,,0,0,0,0,0,0,0,0,0,0,0,0,0,0,0,2,2,3,3,3,3,3,3,2,2,2,2,2,2,2,2,2,2,2,2,3,3,2,2,1,1,1,1,0,0,0,0,0,0,,,,,,,,,,,,,,,,,,,,,,,,,,,,,,,,,,,,,,,,,,,,,,,,
14091,400,,14385,,0,0,0,0,0,0,0,0,0,0,0,0,0,0,0,3,3,4,4,4,4,4,4,3,3,3,3,3,3,3,3,3,3,3,3,4,4,3,3,1,1,1,1,0,0,0,0,0,0,,,,,,,,,,,,,,,,,,,,,,,,,,,,,,,,,,,,,,,,,,,,,,,,
14092,1200,14417,14415,,0,0,0,0,0,0,0,0,0,0,0,0,0,0,0,2,2,2,2,2,2,2,2,2,2,2,2,2,2,2,2,2,2,2,2,2,2,2,2,1,1,0,0,0,0,0,0,0,0,,,,,,,,,,,,,,,,,,,,,,,,,,,,,,,,,,,,,,,,,,,,,,,,
14093,600,,14383,,0,53,53,55,55,38,38,42,42,48,48,53,53,146,146,715,715,891,891,804,804,768,768,707,707,638,638,676,676,679,679,669,669,696,696,738,738,671,671,411,411,264,264,178,178,130,130,66,66,,,,,,,,,,,,,,,,,,,,,,,,,,,,,,,,,,,,,,,,,,,,,,,,
14094,4400,,14439,14238,1,44,44,45,45,32,32,34,34,40,40,43,43,121,121,1080,1080,1242,1242,1144,1144,1098,1098,1038,1038,976,976,968,968,1029,1029,1055,1055,1070,1070,1140,1140,1082,1082,396,396,247,247,161,161,118,118,64,64,,,,,,,,,,,,,,,,,,,,,,,,,,,,,,,,,,,,,,,,,,,,,,,,
14095,3000,14381,14378,,0,38,38,40,40,28,28,30,30,35,35,38,38,106,106,1008,1008,1163,1163,1135,1135,1097,1097,1015,1015,929,929,983,983,944,944,992,992,1009,1009,1056,1056,956,956,299,299,192,192,130,130,94,94,48,48,,,,,,,,,,,,,,,,,,,,,,,,,,,,,,,,,,,,,,,,,,,,,,,,
14096,300,14099,,,0,0,0,0,0,0,0,0,0,0,0,0,0,0,0,2,2,2,2,2,2,2,2,2,2,2,2,2,2,2,2,2,2,2,2,2,2,2,2,1,1,0,0,0,0,0,0,0,0,,,,,,,,,,,,,,,,,,,,,,,,,,,,,,,,,,,,,,,,,,,,,,,,
14097,800,14379,,,0,1,1,1,1,0,0,0,0,0,0,1,1,1,1,12,12,14,14,14,14,13,13,12,12,11,11,12,12,12,12,12,12,12,12,13,13,12,12,4,4,3,3,2,2,1,1,1,1,,,,,,,,,,,,,,,,,,,,,,,,,,,,,,,,,,,,,,,,,,,,,,,,
14098,3000,14438,14415,,0,44,44,45,45,32,32,34,34,40,40,43,43,121,121,1080,1080,1242,1242,1144,1144,1098,1098,1038,1038,976,976,968,968,1029,1029,1055,1055,1070,1070,1140,1140,1082,1082,396,396,247,247,161,161,118,118,64,64,,,,,,,,,,,,,,,,,,,,,,,,,,,,,,,,,,,,,,,,,,,,,,,,
14099,1600,14108,14422,14096;14106,2,0,0,0,0,0,0,0,0,0,0,0,0,0,0,2,2,2,2,2,2,2,2,2,2,2,2,2,2,2,2,2,2,2,2,2,2,2,2,1,1,0,0,0,0,0,0,0,0,,,,,,,,,,,,,,,,,,,,,,,,,,,,,,,,,,,,,,,,,,,,,,,,
141,800,458,460,,0,0,0,0,0,0,0,0,0,0,0,0,0,0,0,1,1,2,2,2,2,2,2,1,1,1,1,1,1,1,1,1,1,1,1,2,2,1,1,0,0,0,0,0,0,0,0,0,0,,,,,,,,,,,,,,,,,,,,,,,,,,,,,,,,,,,,,,,,,,,,,,,,
14100,1600,14427,14425,,0,0,0,0,0,0,0,0,0,0,0,0,0,0,0,1,1,1,1,1,1,1,1,1,1,1,1,1,1,1,1,1,1,1,1,1,1,1,1,0,0,0,0,0,0,0,0,0,0,,,,,,,,,,,,,,,,,,,,,,,,,,,,,,,,,,,,,,,,,,,,,,,,
14101,1200,14425,14104,,0,0,0,0,0,0,0,0,0,0,0,0,0,0,0,2,2,2,2,2,2,2,2,1,1,1,1,1,1,1,1,2,2,2,2,2,2,2,2,0,0,0,0,0,0,0,0,0,0,,,,,,,,,,,,,,,,,,,,,,,,,,,,,,,,,,,,,,,,,,,,,,,,
14102,4400,14115,14389,,0,67,67,70,70,49,49,53,53,62,62,67,67,186,186,910,910,1134,1134,1023,1023,977,977,900,900,812,812,861,861,864,864,851,851,886,886,939,939,854,854,524,524,336,336,227,227,165,165,84,84,,,,,,,,,,,,,,,,,,,,,,,,,,,,,,,,,,,,,,,,,,,,,,,,
14103,1600,14104,14433,,0,0,0,0,0,0,0,0,0,0,0,0,0,0,0,3,3,3,3,3,3,3,3,3,3,2,2,2,2,2,2,3,3,3,3,3,3,3,3,1,1,0,0,0,0,0,0,0,0,,,,,,,,,,,,,,,,,,,,,,,,,,,,,,,,,,,,,,,,,,,,,,,,
14104,1200,14103,14111,14101;14430,2,0,0,0,0,0,0,0,0,0,0,0,0,0,0,3,3,3,3,3,3,3,3,3,3,3,3,3,3,3,3,3,3,3,3,3,3,3,3,1,1,1,1,0,0,0,0,0,0,,,,,,,,,,,,,,,,,,,,,,,,,,,,,,,,,,,,,,,,,,,,,,,,
14105,2500,14397,,,0,38,38,40,40,28,28,30,30,35,35,38,38,106,106,1008,1008,1163,1163,1135,1135,1097,1097,1015,1015,929,929,983,983,944,944,992,992,1009,1009,1056,1056,956,956,299,299,192,192,130,130,94,94,48,48,,,,,,,,,,,,,,,,,,,,,,,,,,,,,,,,,,,,,,,,,,,,,,,,
14106,1600,14099,14113,,0,0,0,0,0,0,0,0,0,0,0,0,0,0,0,3,3,3,3,3,3,3,3,3,3,2,2,2,2,2,2,3,3,3,3,3,3,3,3,1,1,0,0,0,0,0,0,0,0,,,,,,,,,,,,,,,,,,,,,,,,,,,,,,,,,,,,,,,,,,,,,,,,
14107,2500,14397,14395,,0,38,38,40,40,28,28,30,30,35,35,38,38,106,106,1008,1008,1163,1163,1135,1135,1097,1097,1015,1015,929,929,983,983,944,944,992,992,1009,1009,1056,1056,956,956,299,299,192,192,130,130,94,94,48,48,,,,,,,,,,,,,,,,,,,,,,,,,,,,,,,,,,,,,,,,,,,,,,,,
14108,1600,14099,14421,,0,0,0,0,0,0,0,0,0,0,0,0,0,0,0,3,3,4,4,3,3,3,3,3,3,3,3,3,3,3,3,3,3,3,3,3,3,3,3,1,1,1,1,0,0,0,0,0,0,,,,,,,,,,,,,,,,,,,,,,,,,,,,,,,,,,,,,,,,,,,,,,,,
14109,4400,14239,14403,14471;14474,2,38,38,40,40,28,28,30,30,35,35,38,38,106,106,1008,1008,1163,1163,1135,1135,1097,1097,1015,1015,929,929,983,983,944,944,992,992,1009,1009,1056,1056,956,956,299,299,192,192,130,130,94,94,48,48,,,,,,,,,,,,,,,,,,,,,,,,,,,,,,,,,,,,,,,,,,,,,,,,
14110,1650,14399,,,0,38,38,40,40,28,28,30,30,35,35,38,38,106,106,1008,1008,1163,1163,1135,1135,1097,1097,1015,1015,929,929,983,983,944,944,992,992,1009,1009,1056,1056,956,956,299,299,192,192,130,130,94,94,48,48,,,,,,,,,,,,,,,,,,,,,,,,,,,,,,,,,,,,,,,,,,,,,,,,
14111,1600,14113,14104,,0,0,0,0,0,0,0,0,0,0,0,0,0,0,0,2,2,2,2,2,2,2,2,2,2,2,2,2,2,2,2,2,2,2,2,2,2,2,2,1,1,0,0,0,0,0,0,0,0,,,,,,,,,,,,,,,,,,,,,,,,,,,,,,,,,,,,,,,,,,,,,,,,
14112,4400,14439,14471,14437;14239,2,38,38,40,40,28,28,30,30,35,35,38,38,106,106,1008,1008,1163,1163,1135,1135,1097,1097,1015,1015,929,929,983,983,944,944,992,992,1009,1009,1056,1056,956,956,299,299,192,192,130,130,94,94,48,48,,,,,,,,,,,,,,,,,,,,,,,,,,,,,,,,,,,,,,,,,,,,,,,,
14113,1600,14106,14123,14111;14122,2,0,0,0,0,0,0,0,0,0,0,0,0,0,0,3,3,3,3,3,3,3,3,3,3,2,2,2,2,2,2,3,3,3,3,3,3,3,3,1,1,0,0,0,0,0,0,0,0,,,,,,,,,,,,,,,,,,,,,,,,,,,,,,,,,,,,,,,,,,,,,,,,
14114,4000,14438,14407,,0,67,67,70,70,49,49,53,53,62,62,67,67,186,186,910,910,1134,1134,1023,1023,977,977,900,900,812,812,861,861,864,864,851,851,886,886,939,939,854,854,524,524,336,336,227,227,165,165,84,84,,,,,,,,,,,,,,,,,,,,,,,,,,,,,,,,,,,,,,,,,,,,,,,,
14115,2500,14119,14102,,0,38,38,40,40,28,28,30,30,35,35,38,38,106,106,1008,1008,1163,1163,1135,1135,1097,1097,1015,1015,929,929,983,983,944,944,992,992,1009,1009,1056,1056,956,956,299,299,192,192,130,130,94,94,48,48,,,,,,,,,,,,,,,,,,,,,,,,,,,,,,,,,,,,,,,,,,,,,,,,
14116,2500,17573,14433,,0,44,44,45,45,32,32,34,34,40,40,43,43,121,121,1080,1080,1242,1242,1144,1144,1098,1098,1038,1038,976,976,968,968,1029,1029,1055,1055,1070,1070,1140,1140,1082,1082,396,396,247,247,161,161,118,118,64,64,,,,,,,,,,,,,,,,,,,,,,,,,,,,,,,,,,,,,,,,,,,,,,,,
14117,4400,14377,14381,,0,38,38,40,40,28,28,30,30,35,35,38,38,106,106,1008,1008,1163,1163,1135,1135,1097,1097,1015,1015,929,929,983,983,944,944,992,992,1009,1009,1056,1056,956,956,299,299,192,192,130,130,94,94,48,48,,,,,,,,,,,,,,,,,,,,,,,,,,,,,,,,,,,,,,,,,,,,,,,,
14118,2500,14421,14441,,0,44,44,45,45,32,32,34,34,40,40,43,43,121,121,1080,1080,1242,1242,1144,1144,1098,1098,1038,1038,976,976,968,968,1029,1029,1055,1055,1070,1070,1140,1140,1082,1082,396,396,247,247,161,161,118,118,64,64,,,,,,,,,,,,,,,,,,,,,,,,,,,,,,,,,,,,,,,,,,,,,,,,
14119,2200,14401,14115,,0,38,38,40,40,28,28,30,30,35,35,38,38,106,106,1008,1008,1163,1163,1135,1135,1097,1097,1015,1015,929,929,983,983,944,944,992,992,1009,1009,1056,1056,956,956,299,299,192,192,130,130,94,94,48,48,,,,,,,,,,,,,,,,,,,,,,,,,,,,,,,,,,,,,,,,,,,,,,,,
14120,4400,,14379,,0,38,38,40,40,28,28,30,30,35,35,38,38,106,106,1008,1008,1163,1163,1135,1135,1097,1097,1015,1015,929,929,983,983,944,944,992,992,1009,1009,1056,1056,956,956,299,299,192,192,130,130,94,94,48,48,,,,,,,,,,,,,,,,,,,,,,,,,,,,,,,,,,,,,,,,,,,,,,,,
14121,800,14359,14409,,0,0,0,0,0,0,0,0,0,0,0,0,0,0,0,5,5,6,6,5,5,5,5,5,5,4,4,5,5,5,5,5,5,5,5,5,5,5,5,1,1,1,1,1,1,0,0,0,0,,,,,,,,,,,,,,,,,,,,,,,,,,,,,,,,,,,,,,,,,,,,,,,,
14122,1200,14113,14441,,0,0,0,0,0,0,0,0,0,0,0,0,0,0,0,5,5,6,6,5,5,5,5,5,5,5,5,5,5,5,5,5,5,5,5,5,5,5,5,1,1,1,1,1,1,0,0,0,0,,,,,,,,,,,,,,,,,,,,,,,,,,,,,,,,,,,,,,,,,,,,,,,,
14123,1200,14113,14125,,0,0,0,0,0,0,0,0,0,0,0,0,0,0,0,2,2,3,3,3,3,2,2,2,2,2,2,2,2,2,2,2,2,2,2,3,3,2,2,1,1,0,0,0,0,0,0,0,0,,,,,,,,,,,,,,,,,,,,,,,,,,,,,,,,,,,,,,,,,,,,,,,,
14124,1600,14431,14429,,0,0,0,0,0,0,0,0,0,0,0,0,0,0,0,5,5,6,6,6,6,5,5,5,5,5,5,5,5,5,5,5,5,5,5,6,6,5,5,2,2,1,1,1,1,0,0,0,0,,,,,,,,,,,,,,,,,,,,,,,,,,,,,,,,,,,,,,,,,,,,,,,,
14125,1600,14428,14129,14123;14135,2,0,0,0,0,0,0,0,0,0,0,0,0,0,0,4,4,4,4,4,4,4,4,4,4,3,3,3,3,3,3,4,4,4,4,4,4,4,4,1,1,1,1,0,0,0,0,0,0,,,,,,,,,,,,,,,,,,,,,,,,,,,,,,,,,,,,,,,,,,,,,,,,
14126,3000,,14375,,0,38,38,40,40,28,28,30,30,35,35,38,38,106,106,1008,1008,1163,1163,1135,1135,1097,1097,1015,1015,929,929,983,983,944,944,992,992,1009,1009,1056,1056,956,956,299,299,192,192,130,130,94,94,48,48,,,,,,,,,,,,,,,,,,,,,,,,,,,,,,,,,,,,,,,,,,,,,,,,
14127,1500,14431,14130,,0,44,44,45,45,32,32,34,34,40,40,43,43,121,121,1080,1080,1242,1242,1144,1144,1098,1098,1038,1038,976,976,968,968,1029,1029,1055,1055,1070,1070,1140,1140,1082,1082,396,396,247,247,161,161,118,118,64,64,,,,,,,,,,,,,,,,,,,,,,,,,,,,,,,,,,,,,,,,,,,,,,,,
14128,2500,17573,14130,,0,44,44,45,45,32,32,34,34,40,40,43,43,121,121,1080,1080,1242,1242,1144,1144,1098,1098,1038,1038,976,976,968,968,1029,1029,1055,1055,1070,1070,1140,1140,1082,1082,396,396,247,247,161,161,118,118,64,64,,,,,,,,,,,,,,,,,,,,,,,,,,,,,,,,,,,,,,,,,,,,,,,,
14129,1200,14125,14132,,0,0,0,0,0,0,0,0,0,0,0,0,0,0,0,3,3,3,3,3,3,3,3,3,3,3,3,3,3,3,3,3,3,3,3,3,3,3,3,1,1,1,1,0,0,0,0,0,0,,,,,,,,,,,,,,,,,,,,,,,,,,,,,,,,,,,,,,,,,,,,,,,,
14130,2000,14127,14149,14128;14139,2,44,44,45,45,32,32,34,34,40,40,43,43,121,121,1080,1080,1242,1242,1144,1144,1098,1098,1038,1038,976,976,968,968,1029,1029,1055,1055,1070,1070,1140,1140,1082,1082,396,396,247,247,161,161,118,118,64,64,,,,,,,,,,,,,,,,,,,,,,,,,,,,,,,,,,,,,,,,,,,,,,,,
14131,2500,14415,14411,,0,44,44,45,45,32,32,34,34,40,40,43,43,121,121,1080,1080,1242,1242,1144,1144,1098,1098,1038,1038,976,976,968,968,1029,1029,1055,1055,1070,1070,1140,1140,1082,1082,396,396,247,247,161,161,118,118,64,64,,,,,,,,,,,,,,,,,,,,,,,,,,,,,,,,,,,,,,,,,,,,,,,,
14132,1200,14134,14129,14408;14138,2,0,0,0,0,0,0,0,0,0,0,0,0,0,0,4,4,4,4,4,4,4,4,4,4,3,3,3,3,4,4,4,4,4,4,4,4,4,4,1,1,1,1,0,0,0,0,0,0,,,,,,,,,,,,,,,,,,,,,,,,,,,,,,,,,,,,,,,,,,,,,,,,
14133,1600,14429,14367,,0,0,0,0,0,0,0,0,0,0,0,0,0,0,0,4,4,4,4,4,4,4,4,4,4,3,3,3,3,3,3,4,4,4,4,4,4,4,4,1,1,1,1,0,0,0,0,0,0,,,,,,,,,,,,,,,,,,,,,,,,,,,,,,,,,,,,,,,,,,,,,,,,
14134,400,14357,14132,,0,0,0,0,0,0,0,0,0,0,0,0,0,0,0,3,3,4,4,4,4,3,3,3,3,3,3,3,3,3,3,3,3,3,3,4,4,3,3,1,1,1,1,0,0,0,0,0,0,,,,,,,,,,,,,,,,,,,,,,,,,,,,,,,,,,,,,,,,,,,,,,,,
14135,2500,14365,14125,,0,44,44,45,45,32,32,34,34,40,40,43,43,121,121,1080,1080,1242,1242,1144,1144,1098,1098,1038,1038,976,976,968,968,1029,1029,1055,1055,1070,1070,1140,1140,1082,1082,396,396,247,247,161,161,118,118,64,64,,,,,,,,,,,,,,,,,,,,,,,,,,,,,,,,,,,,,,,,,,,,,,,,
14136,4400,,14375,,0,0,0,0,0,0,0,0,0,0,0,0,0,0,0,1138,1138,1201,1201,1284,1284,1257,1257,1168,1168,1084,1084,1145,1145,1051,1051,1179,1179,1173,1173,1211,1211,1091,1091,0,0,0,0,0,0,0,0,0,0,,,,,,,,,,,,,,,,,,,,,,,,,,,,,,,,,,,,,,,,,,,,,,,,
14137,1200,,14474,,0,0,0,1,1,0,0,0,0,0,0,0,0,1,1,12,12,14,14,13,13,13,13,12,12,11,11,11,11,11,11,11,11,12,12,12,12,11,11,4,4,2,2,2,2,1,1,1,1,,,,,,,,,,,,,,,,,,,,,,,,,,,,,,,,,,,,,,,,,,,,,,,,
14138,2500,14140,14132,,0,0,0,0,0,0,0,0,0,0,0,0,0,0,0,1156,1156,1275,1275,1184,1184,1063,1063,1121,1121,1033,1033,1056,1056,1105,1105,1218,1218,1250,1250,1308,1308,1226,1226,0,0,0,0,0,0,0,0,0,0,,,,,,,,,,,,,,,,,,,,,,,,,,,,,,,,,,,,,,,,,,,,,,,,
14139,1200,14130,14367,,0,0,0,0,0,0,0,0,0,0,0,0,0,0,0,4,4,5,5,5,5,4,4,4,4,4,4,4,4,4,4,4,4,4,4,5,5,4,4,1,1,1,1,1,1,0,0,0,0,,,,,,,,,,,,,,,,,,,,,,,,,,,,,,,,,,,,,,,,,,,,,,,,
14140,1600,14159,14138,14362;14141,2,0,0,0,0,0,0,0,0,0,0,0,0,0,0,1,1,2,2,2,2,2,2,1,1,1,1,1,1,1,1,1,1,1,1,2,2,1,1,1,1,0,0,0,0,0,0,0,0,,,,,,,,,,,,,,,,,,,,,,,,,,,,,,,,,,,,,,,,,,,,,,,,
14141,800,14140,14355,,0,0,0,0,0,0,0,0,0,0,0,0,0,0,0,2,2,2,2,2,2,2,2,2,2,1,1,1,1,1,1,1,1,2,2,2,2,1,1,1,1,0,0,0,0,0,0,0,0,,,,,,,,,,,,,,,,,,,,,,,,,,,,,,,,,,,,,,,,,,,,,,,,
14142,300,,14343,,0,0,0,0,0,0,0,0,0,0,0,0,0,0,0,0,0,0,0,0,0,0,0,0,0,0,0,0,0,0,0,0,0,0,0,0,0,0,0,0,0,0,0,0,0,0,0,0,0,,,,,,,,,,,,,,,,,,,,,,,,,,,,,,,,,,,,,,,,,,,,,,,,
14143,1200,14343,14341,,0,53,53,55,55,38,38,42,42,48,48,53,53,146,146,715,715,891,891,804,804,768,768,707,707,638,638,676,676,679,679,669,669,696,696,738,738,671,671,411,411,264,264,178,178,130,130,66,66,,,,,,,,,,,,,,,,,,,,,,,,,,,,,,,,,,,,,,,,,,,,,,,,
14144,1600,17505,14369,,0,0,0,0,0,0,0,0,0,0,0,0,0,1,1,7,7,8,8,8,8,8,8,7,7,7,7,7,7,7,7,7,7,7,7,7,7,7,7,3,3,2,2,1,1,1,1,0,0,,,,,,,,,,,,,,,,,,,,,,,,,,,,,,,,,,,,,,,,,,,,,,,,
14145,1200,14339,14341,,0,53,53,55,55,38,38,42,42,48,48,53,53,146,146,715,715,891,891,804,804,768,768,707,707,638,638,676,676,679,679,669,669,696,696,738,738,671,671,411,411,264,264,178,178,130,130,66,66,,,,,,,,,,,,,,,,,,,,,,,,,,,,,,,,,,,,,,,,,,,,,,,,
14146,1600,14351,,,0,0,0,0,0,0,0,0,0,0,0,0,0,0,0,3,3,3,3,3,3,3,3,2,2,2,2,2,2,2,2,2,2,2,2,3,3,2,2,1,1,1,1,0,0,0,0,0,0,,,,,,,,,,,,,,,,,,,,,,,,,,,,,,,,,,,,,,,,,,,,,,,,
14147,2500,14365,14369,,0,42,42,39,39,28,28,29,29,34,34,39,39,112,112,1343,1343,1424,1424,1347,1347,1375,1375,1229,1229,1247,1247,1096,1096,1282,1282,1299,1299,1257,1257,1375,1375,1394,1394,536,536,316,316,190,190,140,140,87,87,,,,,,,,,,,,,,,,,,,,,,,,,,,,,,,,,,,,,,,,,,,,,,,,
14148,2500,17503,14152,,0,62,62,64,64,45,45,48,48,56,56,61,61,171,171,997,997,1192,1192,1088,1088,1057,1057,966,966,899,899,908,908,948,948,941,941,960,960,1026,1026,962,962,526,526,332,332,220,220,160,160,85,85,,,,,,,,,,,,,,,,,,,,,,,,,,,,,,,,,,,,,,,,,,,,,,,,
14149,2000,14130,17505,,0,44,44,45,45,32,32,34,34,40,40,43,43,121,121,1080,1080,1242,1242,1144,1144,1098,1098,1038,1038,976,976,968,968,1029,1029,1055,1055,1070,1070,1140,1140,1082,1082,396,396,247,247,161,161,118,118,64,64,,,,,,,,,,,,,,,,,,,,,,,,,,,,,,,,,,,,,,,,,,,,,,,,
14150,3500,14333,,,0,54,54,56,56,39,39,42,42,50,50,54,54,149,149,959,959,1162,1162,1055,1055,994,994,944,944,856,856,900,900,912,912,924,924,959,959,1013,1013,928,928,419,419,269,269,182,182,132,132,67,67,,,,,,,,,,,,,,,,,,,,,,,,,,,,,,,,,,,,,,,,,,,,,,,,
14151,3500,14237,14351,14216,1,38,38,40,40,28,28,30,30,35,35,38,38,106,106,1008,1008,1163,1163,1135,1135,1097,1097,1015,1015,929,929,983,983,944,944,992,992,1009,1009,1056,1056,956,956,299,299,192,192,130,130,94,94,48,48,,,,,,,,,,,,,,,,,,,,,,,,,,,,,,,,,,,,,,,,,,,,,,,,
14152,2000,14158,14148,14368;14160,2,62,62,64,64,45,45,48,48,56,56,61,61,171,171,997,997,1192,1192,1088,1088,1057,1057,966,966,899,899,908,908,948,948,941,941,960,960,1026,1026,962,962,526,526,332,332,220,220,160,160,85,85,,,,,,,,,,,,,,,,,,,,,,,,,,,,,,,,,,,,,,,,,,,,,,,,
14153,800,,14337,,0,53,53,55,55,38,38,42,42,48,48,53,53,146,146,715,715,891,891,804,804,768,768,707,707,638,638,676,676,679,679,669,669,696,696,738,738,671,671,411,411,264,264,178,178,130,130,66,66,,,,,,,,,,,,,,,,,,,,,,,,,,,,,,,,,,,,,,,,,,,,,,,,
14154,2500,14363,14361,,0,44,44,45,45,32,32,34,34,40,40,43,43,121,121,1080,1080,1242,1242,1144,1144,1098,1098,1038,1038,976,976,968,968,1029,1029,1055,1055,1070,1070,1140,1140,1082,1082,396,396,247,247,161,161,118,118,64,64,,,,,,,,,,,,,,,,,,,,,,,,,,,,,,,,,,,,,,,,,,,,,,,,
14155,400,,14335,,0,0,0,0,0,0,0,0,0,0,0,0,0,0,0,0,0,0,0,0,0,0,0,0,0,0,0,0,0,0,0,0,0,0,0,0,0,0,0,0,0,0,0,0,0,0,0,0,0,,,,,,,,,,,,,,,,,,,,,,,,,,,,,,,,,,,,,,,,,,,,,,,,
14156,4400,,14349,,0,67,67,70,70,49,49,53,53,62,62,67,67,186,186,910,910,1134,1134,1023,1023,977,977,900,900,812,812,861,861,864,864,851,851,886,886,939,939,854,854,524,524,336,336,227,227,165,165,84,84,,,,,,,,,,,,,,,,,,,,,,,,,,,,,,,,,,,,,,,,,,,,,,,,
14157,4400,14339,14401,,0,67,67,70,70,49,49,53,53,62,62,67,67,186,186,910,910,1134,1134,1023,1023,977,977,900,900,812,812,861,861,864,864,851,851,886,886,939,939,854,854,524,524,336,336,227,227,165,165,84,84,,,,,,,,,,,,,,,,,,,,,,,,,,,,,,,,,,,,,,,,,,,,,,,,
14158,1500,14361,14152,,0,62,62,64,64,45,45,48,48,56,56,61,61,171,171,997,997,1192,1192,1088,1088,1057,1057,966,966,899,899,908,908,948,948,941,941,960,960,1026,1026,962,962,526,526,332,332,220,220,160,160,85,85,,,,,,,,,,,,,,,,,,,,,,,,,,,,,,,,,,,,,,,,,,,,,,,,
14159,3000,14161,14140,,0,62,62,64,64,45,45,48,48,56,56,61,61,171,171,997,997,1192,1192,1088,1088,1057,1057,966,966,899,899,908,908,948,948,941,941,960,960,1026,1026,962,962,526,526,332,332,220,220,160,160,85,85,,,,,,,,,,,,,,,,,,,,,,,,,,,,,,,,,,,,,,,,,,,,,,,,
14160,1600,14152,14163,,0,0,0,0,0,0,0,0,0,0,0,0,0,1,1,5,5,6,6,6,6,6,6,5,5,5,5,5,5,5,5,5,5,5,5,5,5,5,5,2,2,1,1,1,1,1,1,0,0,,,,,,,,,,,,,,,,,,,,,,,,,,,,,,,,,,,,,,,,,,,,,,,,
14161,1600,14360,14162,14159;14164,2,0,0,0,0,0,0,0,0,0,0,0,0,1,1,4,4,5,5,5,5,4,4,4,4,4,4,4,4,4,4,4,4,4,4,4,4,4,4,2,2,1,1,1,1,1,1,0,0,,,,,,,,,,,,,,,,,,,,,,,,,,,,,,,,,,,,,,,,,,,,,,,,
14162,800,14161,14353,,0,0,0,0,0,0,0,0,0,0,0,0,0,1,1,7,7,8,8,7,7,7,7,6,6,6,6,6,6,6,6,6,6,6,6,7,7,6,6,3,3,2,2,1,1,1,1,0,0,,,,,,,,,,,,,,,,,,,,,,,,,,,,,,,,,,,,,,,,,,,,,,,,
14163,2000,14165,17496,14160;14166,2,62,62,64,64,45,45,48,48,56,56,61,61,171,171,997,997,1192,1192,1088,1088,1057,1057,966,966,899,899,908,908,948,948,941,941,960,960,1026,1026,962,962,526,526,332,332,220,220,160,160,85,85,,,,,,,,,,,,,,,,,,,,,,,,,,,,,,,,,,,,,,,,,,,,,,,,
14164,2500,14168,14161,,0,62,62,64,64,45,45,48,48,56,56,61,61,171,171,997,997,1192,1192,1088,1088,1057,1057,966,966,899,899,908,908,948,948,941,941,960,960,1026,1026,962,962,526,526,332,332,220,220,160,160,85,85,,,,,,,,,,,,,,,,,,,,,,,,,,,,,,,,,,,,,,,,,,,,,,,,
14165,1500,14163,14168,,0,62,62,64,64,45,45,48,48,56,56,61,61,171,171,997,997,1192,1192,1088,1088,1057,1057,966,966,899,899,908,908,948,948,941,941,960,960,1026,1026,962,962,526,526,332,332,220,220,160,160,85,85,,,,,,,,,,,,,,,,,,,,,,,,,,,,,,,,,,,,,,,,,,,,,,,,
14166,1600,14163,14169,,0,0,0,0,0,0,0,0,0,0,0,0,0,1,1,5,5,6,6,6,6,6,6,5,5,5,5,5,5,5,5,5,5,5,5,6,6,5,5,2,2,1,1,1,1,1,1,0,0,,,,,,,,,,,,,,,,,,,,,,,,,,,,,,,,,,,,,,,,,,,,,,,,
14167,800,,14347,,0,0,0,0,0,0,0,0,0,0,0,0,0,0,0,2,2,2,2,2,2,2,2,2,2,2,2,2,2,2,2,2,2,2,2,2,2,2,2,1,1,1,1,0,0,0,0,0,0,,,,,,,,,,,,,,,,,,,,,,,,,,,,,,,,,,,,,,,,,,,,,,,,
14168,2500,14165,14372,14164;14370,2,62,62,64,64,45,45,48,48,56,56,61,61,171,171,997,997,1192,1192,1088,1088,1057,1057,966,966,899,899,908,908,948,948,941,941,960,960,1026,1026,962,962,526,526,332,332,220,220,160,160,85,85,,,,,,,,,,,,,,,,,,,,,,,,,,,,,,,,,,,,,,,,,,,,,,,,
14169,1600,17242,14172,14166;17397,2,33,33,31,31,22,22,23,23,26,26,31,31,88,88,1055,1055,1119,1119,1058,1058,1080,1080,966,966,980,980,861,861,1008,1008,1021,1021,988,988,1080,1080,1096,1096,421,421,249,249,150,150,110,110,68,68,,,,,,,,,,,,,,,,,,,,,,,,,,,,,,,,,,,,,,,,,,,,,,,,
14170,1500,14352,,,0,62,62,64,64,45,45,48,48,56,56,61,61,171,171,997,997,1192,1192,1088,1088,1057,1057,966,966,899,899,908,908,948,948,941,941,960,960,1026,1026,962,962,526,526,332,332,220,220,160,160,85,85,,,,,,,,,,,,,,,,,,,,,,,,,,,,,,,,,,,,,,,,,,,,,,,,
14171,800,14373,14370,,0,0,0,0,0,0,0,0,0,0,0,0,0,1,1,5,5,6,6,6,6,6,6,5,5,5,5,5,5,5,5,5,5,5,5,5,5,5,5,2,2,1,1,1,1,1,1,0,0,,,,,,,,,,,,,,,,,,,,,,,,,,,,,,,,,,,,,,,,,,,,,,,,
14172,1600,14169,14371,,0,0,0,0,0,0,0,0,0,0,0,0,0,1,1,5,5,5,5,5,5,5,5,4,4,4,4,4,4,4,4,4,4,4,4,5,5,4,4,2,2,1,1,1,1,1,1,0,0,,,,,,,,,,,,,,,,,,,,,,,,,,,,,,,,,,,,,,,,,,,,,,,,
14173,3000,,14304,,0,62,62,64,64,45,45,48,48,56,56,61,61,171,171,997,997,1192,1192,1088,1088,1057,1057,966,966,899,899,908,908,948,948,941,941,960,960,1026,1026,962,962,526,526,332,332,220,220,160,160,85,85,,,,,,,,,,,,,,,,,,,,,,,,,,,,,,,,,,,,,,,,,,,,,,,,
14174,1200,14357,14359,,0,0,0,0,0,0,0,0,0,0,0,0,0,0,0,3,3,3,3,3,3,3,3,3,3,3,3,3,3,3,3,3,3,3,3,3,3,3,3,1,1,1,1,0,0,0,0,0,0,,,,,,,,,,,,,,,,,,,,,,,,,,,,,,,,,,,,,,,,,,,,,,,,
14175,4400,14301,,,0,54,54,56,56,39,39,42,42,50,50,54,54,149,149,959,959,1162,1162,1055,1055,994,994,944,944,856,856,900,900,912,912,924,924,959,959,1013,1013,928,928,419,419,269,269,182,182,132,132,67,67,,,,,,,,,,,,,,,,,,,,,,,,,,,,,,,,,,,,,,,,,,,,,,,,
14176,400,14322,,14324,1,0,0,0,0,0,0,0,0,0,0,0,0,1,1,7,7,8,8,8,8,7,7,7,7,6,6,6,6,7,7,7,7,7,7,7,7,7,7,3,3,2,2,1,1,1,1,0,0,,,,,,,,,,,,,,,,,,,,,,,,,,,,,,,,,,,,,,,,,,,,,,,,
14177,800,14312,,,0,0,0,0,0,0,0,0,0,0,0,0,0,0,0,3,3,3,3,3,3,3,3,3,3,2,2,2,2,3,3,3,3,3,3,3,3,3,3,1,1,1,1,0,0,0,0,0,0,,,,,,,,,,,,,,,,,,,,,,,,,,,,,,,,,,,,,,,,,,,,,,,,
14178,300,,,,0,0,0,0,0,0,0,0,0,0,0,0,0,0,0,3,3,4,4,4,4,4,4,3,3,3,3,3,3,3,3,3,3,3,3,4,4,3,3,1,1,1,1,1,1,0,0,0,0,,,,,,,,,,,,,,,,,,,,,,,,,,,,,,,,,,,,,,,,,,,,,,,,
14179,1000,14182,14301,,0,54,54,56,56,39,39,42,42,50,50,54,54,149,149,959,959,1162,1162,1055,1055,994,994,944,944,856,856,900,900,912,912,924,924,959,959,1013,1013,928,928,419,419,269,269,182,182,132,132,67,67,,,,,,,,,,,,,,,,,,,,,,,,,,,,,,,,,,,,,,,,,,,,,,,,
14180,1200,14300,14182,,0,0,0,0,0,0,0,0,0,0,0,0,0,1,1,8,8,10,10,9,9,9,9,8,8,8,8,8,8,8,8,8,8,8,8,9,9,8,8,4,4,2,2,2,2,1,1,1,1,,,,,,,,,,,,,,,,,,,,,,,,,,,,,,,,,,,,,,,,,,,,,,,,
14181,550,14218,14330,,0,62,62,64,64,45,45,48,48,56,56,61,61,171,171,997,997,1192,1192,1088,1088,1057,1057,966,966,899,899,908,908,948,948,941,941,960,960,1026,1026,962,962,526,526,332,332,220,220,160,160,85,85,,,,,,,,,,,,,,,,,,,,,,,,,,,,,,,,,,,,,,,,,,,,,,,,
14182,1500,14209,14179,14180;14186,2,54,54,56,56,39,39,42,42,50,50,54,54,149,149,959,959,1162,1162,1055,1055,994,994,944,944,856,856,900,900,912,912,924,924,959,959,1013,1013,928,928,419,419,269,269,182,182,132,132,67,67,,,,,,,,,,,,,,,,,,,,,,,,,,,,,,,,,,,,,,,,,,,,,,,,
14183,550,14330,14218,,0,62,62,64,64,45,45,48,48,56,56,61,61,171,171,997,997,1192,1192,1088,1088,1057,1057,966,966,899,899,908,908,948,948,941,941,960,960,1026,1026,962,962,526,526,332,332,220,220,160,160,85,85,,,,,,,,,,,,,,,,,,,,,,,,,,,,,,,,,,,,,,,,,,,,,,,,
14184,800,,14328,,0,0,0,0,0,0,0,0,0,0,0,0,0,1,1,5,5,6,6,6,6,6,6,5,5,5,5,5,5,5,5,5,5,5,5,5,5,5,5,2,2,1,1,1,1,1,1,0,0,,,,,,,,,,,,,,,,,,,,,,,,,,,,,,,,,,,,,,,,,,,,,,,,
14185,4400,,14312,,0,62,62,64,64,45,45,48,48,56,56,61,61,171,171,997,997,1192,1192,1088,1088,1057,1057,966,966,899,899,908,908,948,948,941,941,960,960,1026,1026,962,962,526,526,332,332,220,220,160,160,85,85,,,,,,,,,,,,,,,,,,,,,,,,,,,,,,,,,,,,,,,,,,,,,,,,
14186,1200,14182,14189,,0,0,0,0,0,0,0,0,0,0,0,0,0,1,1,6,6,7,7,7,7,6,6,6,6,6,6,6,6,6,6,6,6,6,6,6,6,6,6,3,3,2,2,1,1,1,1,0,0,,,,,,,,,,,,,,,,,,,,,,,,,,,,,,,,,,,,,,,,,,,,,,,,
14187,800,,14189,,0,0,0,0,0,0,0,0,0,0,0,0,0,1,1,7,7,8,8,7,7,7,7,7,7,6,6,6,6,6,6,7,7,7,7,7,7,7,7,3,3,2,2,1,1,1,1,1,1,,,,,,,,,,,,,,,,,,,,,,,,,,,,,,,,,,,,,,,,,,,,,,,,
14188,2000,14345,14324,,0,62,62,64,64,45,45,48,48,56,56,61,61,171,171,997,997,1192,1192,1088,1088,1057,1057,966,966,899,899,908,908,948,948,941,941,960,960,1026,1026,962,962,526,526,332,332,220,220,160,160,85,85,,,,,,,,,,,,,,,,,,,,,,,,,,,,,,,,,,,,,,,,,,,,,,,,
14189,1500,14293,14187,14186;14288,2,54,54,56,56,39,39,42,42,50,50,54,54,149,149,959,959,1162,1162,1055,1055,994,994,944,944,856,856,900,900,912,912,924,924,959,959,1013,1013,928,928,419,419,269,269,182,182,132,132,67,67,,,,,,,,,,,,,,,,,,,,,,,,,,,,,,,,,,,,,,,,,,,,,,,,
14190,1600,14289,,,0,0,0,0,0,0,0,0,0,0,0,0,0,0,0,3,3,3,3,3,3,3,3,3,3,2,2,2,2,3,3,3,3,3,3,3,3,3,3,1,1,1,1,1,1,0,0,0,0,,,,,,,,,,,,,,,,,,,,,,,,,,,,,,,,,,,,,,,,,,,,,,,,
14191,500,17385,14329,,0,62,62,64,64,45,45,48,48,56,56,61,61,171,171,997,997,1192,1192,1088,1088,1057,1057,966,966,899,899,908,908,948,948,941,941,960,960,1026,1026,962,962,526,526,332,332,220,220,160,160,85,85,,,,,,,,,,,,,,,,,,,,,,,,,,,,,,,,,,,,,,,,,,,,,,,,
14192,1200,14325,14310,,0,0,0,0,0,0,0,0,0,0,0,0,0,1,1,6,6,7,7,6,6,6,6,6,6,5,5,5,5,6,6,6,6,6,6,6,6,6,6,2,2,2,2,1,1,1,1,0,0,,,,,,,,,,,,,,,,,,,,,,,,,,,,,,,,,,,,,,,,,,,,,,,,
14193,2500,14251,14255,,0,54,54,56,56,39,39,42,42,50,50,54,54,149,149,959,959,1162,1162,1055,1055,994,994,944,944,856,856,900,900,912,912,924,924,959,959,1013,1013,928,928,419,419,269,269,182,182,132,132,67,67,,,,,,,,,,,,,,,,,,,,,,,,,,,,,,,,,,,,,,,,,,,,,,,,
14194,1600,14253,14198,,0,0,0,0,0,0,0,0,0,0,0,0,0,1,1,4,4,5,5,5,5,5,5,4,4,4,4,4,4,4,4,4,4,4,4,5,5,4,4,2,2,1,1,1,1,1,1,0,0,,,,,,,,,,,,,,,,,,,,,,,,,,,,,,,,,,,,,,,,,,,,,,,,
14195,2500,14352,14330,14373,1,62,62,64,64,45,45,48,48,56,56,61,61,171,171,997,997,1192,1192,1088,1088,1057,1057,966,966,899,899,908,908,948,948,941,941,960,960,1026,1026,962,962,526,526,332,332,220,220,160,160,85,85,,,,,,,,,,,,,,,,,,,,,,,,,,,,,,,,,,,,,,,,,,,,,,,,
14196,800,14303,14226,14204;14298,2,0,0,0,0,0,0,0,0,0,0,0,0,0,0,3,3,3,3,3,3,3,3,2,2,2,2,2,2,2,2,2,2,2,2,3,3,2,2,1,1,1,1,0,0,0,0,0,0,,,,,,,,,,,,,,,,,,,,,,,,,,,,,,,,,,,,,,,,,,,,,,,,
14197,2000,14283,14275,,0,54,54,56,56,39,39,42,42,50,50,54,54,149,149,959,959,1162,1162,1055,1055,994,994,944,944,856,856,900,900,912,912,924,924,959,959,1013,1013,928,928,419,419,269,269,182,182,132,132,67,67,,,,,,,,,,,,,,,,,,,,,,,,,,,,,,,,,,,,,,,,,,,,,,,,
14198,1600,14208,14194,14248;14228,2,0,0,0,0,0,0,0,0,0,0,0,0,1,1,4,4,5,5,5,5,4,4,4,4,4,4,4,4,4,4,4,4,4,4,4,4,4,4,2,2,1,1,1,1,1,1,0,0,,,,,,,,,,,,,,,,,,,,,,,,,,,,,,,,,,,,,,,,,,,,,,,,
14199,3000,,14251,,0,54,54,56,56,39,39,42,42,50,50,54,54,149,149,959,959,1162,1162,1055,1055,994,994,944,944,856,856,900,900,912,912,924,924,959,959,1013,1013,928,928,419,419,269,269,182,182,132,132,67,67,,,,,,,,,,,,,,,,,,,,,,,,,,,,,,,,,,,,,,,,,,,,,,,,
142,2000,137,161,139;163,2,27,27,28,28,20,20,21,21,25,25,27,27,74,74,1049,1049,1182,1182,1170,1170,1126,1126,1056,1056,970,970,1022,1022,982,982,1052,1052,1066,1066,1112,1112,1010,1010,210,210,134,134,91,91,66,66,34,34,,,,,,,,,,,,,,,,,,,,,,,,,,,,,,,,,,,,,,,,,,,,,,,,
14200,3000,14297,14300,,0,62,62,64,64,45,45,48,48,56,56,61,61,171,171,997,997,1192,1192,1088,1088,1057,1057,966,966,899,899,908,908,948,948,941,941,960,960,1026,1026,962,962,526,526,332,332,220,220,160,160,85,85,,,,,,,,,,,,,,,,,,,,,,,,,,,,,,,,,,,,,,,,,,,,,,,,
14201,1200,14310,14203,,0,53,53,55,55,38,38,42,42,48,48,53,53,146,146,715,715,891,891,804,804,768,768,707,707,638,638,676,676,679,679,669,669,696,696,738,738,671,671,411,411,264,264,178,178,130,130,66,66,,,,,,,,,,,,,,,,,,,,,,,,,,,,,,,,,,,,,,,,,,,,,,,,
14202,600,14203,14320,,0,0,0,0,0,0,0,0,0,0,0,0,0,0,0,894,894,944,944,1009,1009,988,988,917,917,851,851,900,900,826,826,926,926,922,922,952,952,857,857,0,0,0,0,0,0,0,0,0,0,,,,,,,,,,,,,,,,,,,,,,,,,,,,,,,,,,,,,,,,,,,,,,,,
14203,300,14207,14202,14201;14211,2,0,0,0,0,0,0,0,0,0,0,0,0,0,0,3,3,4,4,4,4,4,4,3,3,3,3,3,3,3,3,3,3,3,3,3,3,3,3,1,1,1,1,1,1,0,0,0,0,,,,,,,,,,,,,,,,,,,,,,,,,,,,,,,,,,,,,,,,,,,,,,,,
14204,4400,14206,14196,,0,62,62,64,64,45,45,48,48,56,56,61,61,171,171,997,997,1192,1192,1088,1088,1057,1057,966,966,899,899,908,908,948,948,941,941,960,960,1026,1026,962,962,526,526,332,332,220,220,160,160,85,85,,,,,,,,,,,,,,,,,,,,,,,,,,,,,,,,,,,,,,,,,,,,,,,,
14205,1600,14308,14206,,0,0,0,0,0,0,0,0,0,0,0,0,0,0,0,3,3,3,3,3,3,3,3,3,3,2,2,2,2,2,2,3,3,3,3,3,3,3,3,1,1,1,1,0,0,0,0,0,0,,,,,,,,,,,,,,,,,,,,,,,,,,,,,,,,,,,,,,,,,,,,,,,,
14206,300,14225,14204,14205;14231,2,0,0,0,0,0,0,0,0,0,0,0,0,0,0,3,3,3,3,3,3,3,3,3,3,2,2,2,2,2,2,3,3,3,3,3,3,3,3,1,1,1,1,0,0,0,0,0,0,,,,,,,,,,,,,,,,,,,,,,,,,,,,,,,,,,,,,,,,,,,,,,,,
14207,300,14203,,,0,0,0,0,0,0,0,0,0,0,0,0,0,1,1,4,4,5,5,5,5,5,5,4,4,4,4,4,4,4,4,4,4,4,4,4,4,4,4,2,2,1,1,1,1,1,1,0,0,,,,,,,,,,,,,,,,,,,,,,,,,,,,,,,,,,,,,,,,,,,,,,,,
14208,1200,14198,14247,,0,0,0,0,0,0,0,0,0,0,0,0,0,1,1,7,7,9,9,8,8,8,8,7,7,6,6,7,7,7,7,7,7,7,7,8,8,7,7,3,3,2,2,1,1,1,1,1,1,,,,,,,,,,,,,,,,,,,,,,,,,,,,,,,,,,,,,,,,,,,,,,,,
14209,2500,14182,14296,,0,67,67,70,70,49,49,53,53,62,62,67,67,186,186,910,910,1134,1134,1023,1023,977,977,900,900,812,812,861,861,864,864,851,851,886,886,939,939,854,854,524,524,336,336,227,227,165,165,84,84,,,,,,,,,,,,,,,,,,,,,,,,,,,,,,,,,,,,,,,,,,,,,,,,
14210,2500,14279,14271,,0,54,54,56,56,39,39,42,42,50,50,54,54,149,149,959,959,1162,1162,1055,1055,994,994,944,944,856,856,900,900,912,912,924,924,959,959,1013,1013,928,928,419,419,269,269,182,182,132,132,67,67,,,,,,,,,,,,,,,,,,,,,,,,,,,,,,,,,,,,,,,,,,,,,,,,
14211,300,14314,14203,,0,0,0,0,0,0,0,0,0,0,0,0,0,0,0,3,3,4,4,4,4,4,4,3,3,3,3,3,3,3,3,3,3,3,3,4,4,3,3,1,1,1,1,1,1,0,0,0,0,,,,,,,,,,,,,,,,,,,,,,,,,,,,,,,,,,,,,,,,,,,,,,,,
14212,1200,14297,14296,,0,0,0,0,0,0,0,0,0,0,0,0,0,1,1,4,4,5,5,4,4,4,4,4,4,4,4,4,4,4,4,4,4,4,4,4,4,4,4,2,2,1,1,1,1,0,0,0,0,,,,,,,,,,,,,,,,,,,,,,,,,,,,,,,,,,,,,,,,,,,,,,,,
14213,550,,14218,,0,62,62,64,64,45,45,48,48,56,56,61,61,171,171,997,997,1192,1192,1088,1088,1057,1057,966,966,899,899,908,908,948,948,941,941,960,960,1026,1026,962,962,526,526,332,332,220,220,160,160,85,85,,,,,,,,,,,,,,,,,,,,,,,,,,,,,,,,,,,,,,,,,,,,,,,,
14214,2500,14269,14281,,0,54,54,56,56,39,39,42,42,50,50,54,54,149,149,959,959,1162,1162,1055,1055,994,994,944,944,856,856,900,900,912,912,924,924,959,959,1013,1013,928,928,419,419,269,269,182,182,132,132,67,67,,,,,,,,,,,,,,,,,,,,,,,,,,,,,,,,,,,,,,,,,,,,,,,,
14215,1000,14281,14257,,0,54,54,56,56,39,39,42,42,50,50,54,54,149,149,959,959,1162,1162,1055,1055,994,994,944,944,856,856,900,900,912,912,924,924,959,959,1013,1013,928,928,419,419,269,269,182,182,132,132,67,67,,,,,,,,,,,,,,,,,,,,,,,,,,,,,,,,,,,,,,,,,,,,,,,,
14216,4400,14407,14349,14151,1,38,38,40,40,28,28,30,30,35,35,38,38,106,106,1008,1008,1163,1163,1135,1135,1097,1097,1015,1015,929,929,983,983,944,944,992,992,1009,1009,1056,1056,956,956,299,299,192,192,130,130,94,94,48,48,,,,,,,,,,,,,,,,,,,,,,,,,,,,,,,,,,,,,,,,,,,,,,,,
14217,2000,14273,14285,,0,54,54,56,56,39,39,42,42,50,50,54,54,149,149,959,959,1162,1162,1055,1055,994,994,944,944,856,856,900,900,912,912,924,924,959,959,1013,1013,928,928,419,419,269,269,182,182,132,132,67,67,,,,,,,,,,,,,,,,,,,,,,,,,,,,,,,,,,,,,,,,,,,,,,,,
14218,4400,14222,14330,14181;14183;14213;14219,4,62,62,64,64,45,45,48,48,56,56,61,61,171,171,997,997,1192,1192,1088,1088,1057,1057,966,966,899,899,908,908,948,948,941,941,960,960,1026,1026,962,962,526,526,332,332,220,220,160,160,85,85,,,,,,,,,,,,,,,,,,,,,,,,,,,,,,,,,,,,,,,,,,,,,,,,
14219,550,14218,,,0,62,62,64,64,45,45,48,48,56,56,61,61,171,171,997,997,1192,1192,1088,1088,1057,1057,966,966,899,899,908,908,948,948,941,941,960,960,1026,1026,962,962,526,526,332,332,220,220,160,160,85,85,,,,,,,,,,,,,,,,,,,,,,,,,,,,,,,,,,,,,,,,,,,,,,,,
14220,800,14263,,,0,0,0,0,0,0,0,0,0,0,0,0,0,1,1,5,5,6,6,5,5,5,5,5,5,4,4,4,4,4,4,4,4,5,5,5,5,5,5,2,2,1,1,1,1,1,1,0,0,,,,,,,,,,,,,,,,,,,,,,,,,,,,,,,,,,,,,,,,,,,,,,,,
14221,2500,14371,14331,,0,62,62,64,64,45,45,48,48,56,56,61,61,171,171,997,997,1192,1192,1088,1088,1057,1057,966,966,899,899,908,908,948,948,941,941,960,960,1026,1026,962,962,526,526,332,332,220,220,160,160,85,85,,,,,,,,,,,,,,,,,,,,,,,,,,,,,,,,,,,,,,,,,,,,,,,,
14222,3300,14319,14218,14317,1,62,62,64,64,45,45,48,48,56,56,61,61,171,171,997,997,1192,1192,1088,1088,1057,1057,966,966,899,899,908,908,948,948,941,941,960,960,1026,1026,962,962,526,526,332,332,220,220,160,160,85,85,,,,,,,,,,,,,,,,,,,,,,,,,,,,,,,,,,,,,,,,,,,,,,,,
14223,3500,14261,,,0,54,54,56,56,39,39,42,42,50,50,54,54,149,149,959,959,1162,1162,1055,1055,994,994,944,944,856,856,900,900,912,912,924,924,959,959,1013,1013,928,928,419,419,269,269,182,182,132,132,67,67,,,,,,,,,,,,,,,,,,,,,,,,,,,,,,,,,,,,,,,,,,,,,,,,
14224,1200,14261,14263,,0,0,0,0,0,0,0,0,0,0,0,0,0,1,1,6,6,7,7,6,6,6,6,6,6,5,5,5,5,5,5,5,5,6,6,6,6,6,6,3,3,2,2,1,1,1,1,0,0,,,,,,,,,,,,,,,,,,,,,,,,,,,,,,,,,,,,,,,,,,,,,,,,
14225,4400,14314,14206,,0,67,67,70,70,49,49,53,53,62,62,67,67,186,186,910,910,1134,1134,1023,1023,977,977,900,900,812,812,861,861,864,864,851,851,886,886,939,939,854,854,524,524,336,336,227,227,165,165,84,84,,,,,,,,,,,,,,,,,,,,,,,,,,,,,,,,,,,,,,,,,,,,,,,,
14226,4400,14294,14196,,0,62,62,64,64,45,45,48,48,56,56,61,61,171,171,997,997,1192,1192,1088,1088,1057,1057,966,966,899,899,908,908,948,948,941,941,960,960,1026,1026,962,962,526,526,332,332,220,220,160,160,85,85,,,,,,,,,,,,,,,,,,,,,,,,,,,,,,,,,,,,,,,,,,,,,,,,
14227,800,,14247,,0,0,0,0,0,0,0,0,0,0,0,0,0,1,1,6,6,7,7,7,7,6,6,6,6,6,6,6,6,6,6,6,6,6,6,6,6,6,6,3,3,2,2,1,1,1,1,0,0,,,,,,,,,,,,,,,,,,,,,,,,,,,,,,,,,,,,,,,,,,,,,,,,
14228,4400,14245,14198,,0,54,54,56,56,39,39,42,42,50,50,54,54,149,149,959,959,1162,1162,1055,1055,994,994,944,944,856,856,900,900,912,912,924,924,959,959,1013,1013,928,928,419,419,269,269,182,182,132,132,67,67,,,,,,,,,,,,,,,,,,,,,,,,,,,,,,,,,,,,,,,,,,,,,,,,
14229,300,14230,,,0,0,0,0,0,0,0,0,0,0,0,0,0,1,1,5,5,6,6,6,6,5,5,5,5,5,5,5,5,5,5,5,5,5,5,5,5,5,5,2,2,2,2,1,1,1,1,0,0,,,,,,,,,,,,,,,,,,,,,,,,,,,,,,,,,,,,,,,,,,,,,,,,
14230,4400,14291,14287,14229,1,54,54,56,56,39,39,42,42,50,50,54,54,149,149,959,959,1162,1162,1055,1055,994,994,944,944,856,856,900,900,912,912,924,924,959,959,1013,1013,928,928,419,419,269,269,182,182,132,132,67,67,,,,,,,,,,,,,,,,,,,,,,,,,,,,,,,,,,,,,,,,,,,,,,,,
14231,3000,,14206,,0,67,67,70,70,49,49,53,53,62,62,67,67,186,186,910,910,1134,1134,1023,1023,977,977,900,900,812,812,861,861,864,864,851,851,886,886,939,939,854,854,524,524,336,336,227,227,165,165,84,84,,,,,,,,,,,,,,,,,,,,,,,,,,,,,,,,,,,,,,,,,,,,,,,,
14232,3850,14292,14291,,0,67,67,70,70,49,49,53,53,62,62,67,67,186,186,910,910,1134,1134,1023,1023,977,977,900,900,812,812,861,861,864,864,851,851,886,886,939,939,854,854,524,524,336,336,227,227,165,165,84,84,,,,,,,,,,,,,,,,,,,,,,,,,,,,,,,,,,,,,,,,,,,,,,,,
14233,4400,14287,,,0,54,54,56,56,39,39,42,42,50,50,54,54,149,149,959,959,1162,1162,1055,1055,994,994,944,944,856,856,900,900,912,912,924,924,959,959,1013,1013,928,928,419,419,269,269,182,182,132,132,67,67,,,,,,,,,,,,,,,,,,,,,,,,,,,,,,,,,,,,,,,,,,,,,,,,
14234,3500,,14292,,0,54,54,56,56,39,39,42,42,50,50,54,54,149,149,959,959,1162,1162,1055,1055,994,994,944,944,856,856,900,900,912,912,924,924,959,959,1013,1013,928,928,419,419,269,269,182,182,132,132,67,67,,,,,,,,,,,,,,,,,,,,,,,,,,,,,,,,,,,,,,,,,,,,,,,,
14235,2500,14266,,,0,67,67,70,70,49,49,53,53,62,62,67,67,186,186,910,910,1134,1134,1023,1023,977,977,900,900,812,812,861,861,864,864,851,851,886,886,939,939,854,854,524,524,336,336,227,227,165,165,84,84,,,,,,,,,,,,,,,,,,,,,,,,,,,,,,,,,,,,,,,,,,,,,,,,
14236,4400,14377,14399,,0,67,67,70,70,49,49,53,53,62,62,67,67,186,186,910,910,1134,1134,1023,1023,977,977,900,900,812,812,861,861,864,864,851,851,886,886,939,939,854,854,524,524,336,336,227,227,165,165,84,84,,,,,,,,,,,,,,,,,,,,,,,,,,,,,,,,,,,,,,,,,,,,,,,,
14237,4400,14151,14474,,0,38,38,40,40,28,28,30,30,35,35,38,38,106,106,1008,1008,1163,1163,1135,1135,1097,1097,1015,1015,929,929,983,983,944,944,992,992,1009,1009,1056,1056,956,956,299,299,192,192,130,130,94,94,48,48,,,,,,,,,,,,,,,,,,,,,,,,,,,,,,,,,,,,,,,,,,,,,,,,
14238,2200,,14094,14412,1,44,44,45,45,32,32,34,34,40,40,43,43,121,121,1080,1080,1242,1242,1144,1144,1098,1098,1038,1038,976,976,968,968,1029,1029,1055,1055,1070,1070,1140,1140,1082,1082,396,396,247,247,161,161,118,118,64,64,,,,,,,,,,,,,,,,,,,,,,,,,,,,,,,,,,,,,,,,,,,,,,,,
14239,4400,14109,14439,14112;14471;14474,3,0,0,0,0,0,0,0,0,0,0,0,0,0,0,1138,1138,1201,1201,1284,1284,1257,1257,1168,1168,1084,1084,1145,1145,1051,1051,1179,1179,1173,1173,1211,1211,1091,1091,0,0,0,0,0,0,0,0,0,0,,,,,,,,,,,,,,,,,,,,,,,,,,,,,,,,,,,,,,,,,,,,,,,,
14240,1200,14316,14318,,0,0,0,0,0,0,0,0,0,0,0,0,0,1,1,5,5,6,6,6,6,6,6,5,5,5,5,5,5,5,5,5,5,5,5,5,5,5,5,2,2,1,1,1,1,1,1,0,0,,,,,,,,,,,,,,,,,,,,,,,,,,,,,,,,,,,,,,,,,,,,,,,,
14241,800,14315,,,0,0,0,0,0,0,0,0,0,0,0,0,0,1,1,7,7,8,8,8,8,8,8,7,7,7,7,7,7,7,7,7,7,7,7,7,7,7,7,3,3,2,2,1,1,1,1,0,0,,,,,,,,,,,,,,,,,,,,,,,,,,,,,,,,,,,,,,,,,,,,,,,,
14242,3000,17386,14329,,0,67,67,70,70,49,49,53,53,62,62,67,67,186,186,910,910,1134,1134,1023,1023,977,977,900,900,812,812,861,861,864,864,851,851,886,886,939,939,854,854,524,524,336,336,227,227,165,165,84,84,,,,,,,,,,,,,,,,,,,,,,,,,,,,,,,,,,,,,,,,,,,,,,,,
14243,1600,,14244,,0,21,21,20,20,14,14,14,14,17,17,20,20,56,56,672,672,712,712,674,674,688,688,614,614,624,624,548,548,641,641,650,650,628,628,688,688,697,697,268,268,158,158,95,95,70,70,44,44,,,,,,,,,,,,,,,,,,,,,,,,,,,,,,,,,,,,,,,,,,,,,,,,
14244,1600,14243,14245,,0,0,0,0,0,0,0,0,0,0,0,0,0,1,1,4,4,5,5,5,5,4,4,4,4,4,4,4,4,4,4,4,4,4,4,4,4,4,4,2,2,1,1,1,1,1,1,0,0,,,,,,,,,,,,,,,,,,,,,,,,,,,,,,,,,,,,,,,,,,,,,,,,
14245,1200,14244,,14228,1,0,0,0,0,0,0,0,0,0,0,0,0,1,1,4,4,5,5,5,5,4,4,4,4,4,4,4,4,4,4,4,4,4,4,4,4,4,4,2,2,1,1,1,1,1,1,0,0,,,,,,,,,,,,,,,,,,,,,,,,,,,,,,,,,,,,,,,,,,,,,,,,
14246,2000,14247,,,0,54,54,56,56,39,39,42,42,50,50,54,54,149,149,959,959,1162,1162,1055,1055,994,994,944,944,856,856,900,900,912,912,924,924,959,959,1013,1013,928,928,419,419,269,269,182,182,132,132,67,67,,,,,,,,,,,,,,,,,,,,,,,,,,,,,,,,,,,,,,,,,,,,,,,,
14247,1000,14227,14246,14208,1,54,54,56,56,39,39,42,42,50,50,54,54,149,149,959,959,1162,1162,1055,1055,994,994,944,944,856,856,900,900,912,912,924,924,959,959,1013,1013,928,928,419,419,269,269,182,182,132,132,67,67,,,,,,,,,,,,,,,,,,,,,,,,,,,,,,,,,,,,,,,,,,,,,,,,
14248,1200,14249,14198,,0,0,0,0,0,0,0,0,0,0,0,0,0,1,1,6,6,7,7,7,7,6,6,6,6,5,5,6,6,6,6,6,6,6,6,6,6,6,6,3,3,2,2,1,1,1,1,0,0,,,,,,,,,,,,,,,,,,,,,,,,,,,,,,,,,,,,,,,,,,,,,,,,
14249,800,14250,14248,,0,0,0,0,0,0,0,0,0,0,0,0,0,1,1,7,7,9,9,8,8,8,8,7,7,7,7,7,7,7,7,7,7,7,7,8,8,7,7,3,3,2,2,1,1,1,1,1,1,,,,,,,,,,,,,,,,,,,,,,,,,,,,,,,,,,,,,,,,,,,,,,,,
14250,300,14251,,14249,1,0,0,0,0,0,0,0,0,0,0,0,0,1,1,8,8,9,9,9,9,8,8,8,8,7,7,7,7,8,8,8,8,8,8,8,8,8,8,4,4,2,2,2,2,1,1,1,1,,,,,,,,,,,,,,,,,,,,,,,,,,,,,,,,,,,,,,,,,,,,,,,,
14251,1000,14199,14250,14193,1,54,54,56,56,39,39,42,42,50,50,54,54,149,149,959,959,1162,1162,1055,1055,994,994,944,944,856,856,900,900,912,912,924,924,959,959,1013,1013,928,928,419,419,269,269,182,182,132,132,67,67,,,,,,,,,,,,,,,,,,,,,,,,,,,,,,,,,,,,,,,,,,,,,,,,
14252,2500,14253,,,0,42,42,39,39,28,28,29,29,34,34,39,39,112,112,1343,1343,1424,1424,1347,1347,1375,1375,1229,1229,1247,1247,1096,1096,1282,1282,1299,1299,1257,1257,1375,1375,1394,1394,536,536,316,316,190,190,140,140,87,87,,,,,,,,,,,,,,,,,,,,,,,,,,,,,,,,,,,,,,,,,,,,,,,,
14253,1200,14254,14252,14194,1,0,0,0,0,0,0,0,0,0,0,0,0,1,1,4,4,5,5,4,4,4,4,4,4,3,3,4,4,4,4,4,4,4,4,4,4,4,4,2,2,1,1,1,1,1,1,0,0,,,,,,,,,,,,,,,,,,,,,,,,,,,,,,,,,,,,,,,,,,,,,,,,
14254,3000,14255,14253,,0,54,54,56,56,39,39,42,42,50,50,54,54,149,149,959,959,1162,1162,1055,1055,994,994,944,944,856,856,900,900,912,912,924,924,959,959,1013,1013,928,928,419,419,269,269,182,182,132,132,67,67,,,,,,,,,,,,,,,,,,,,,,,,,,,,,,,,,,,,,,,,,,,,,,,,
14255,1000,14256,14254,14193,1,54,54,56,56,39,39,42,42,50,50,54,54,149,149,959,959,1162,1162,1055,1055,994,994,944,944,856,856,900,900,912,912,924,924,959,959,1013,1013,928,928,419,419,269,269,182,182,132,132,67,67,,,,,,,,,,,,,,,,,,,,,,,,,,,,,,,,,,,,,,,,,,,,,,,,
14256,2000,14255,14257,,0,54,54,56,56,39,39,42,42,50,50,54,54,149,149,959,959,1162,1162,1055,1055,994,994,944,944,856,856,900,900,912,912,924,924,959,959,1013,1013,928,928,419,419,269,269,182,182,132,132,67,67,,,,,,,,,,,,,,,,,,,,,,,,,,,,,,,,,,,,,,,,,,,,,,,,
14257,1500,14215,14256,14258,1,54,54,56,56,39,39,42,42,50,50,54,54,149,149,959,959,1162,1162,1055,1055,994,994,944,944,856,856,900,900,912,912,924,924,959,959,1013,1013,928,928,419,419,269,269,182,182,132,132,67,67,,,,,,,,,,,,,,,,,,,,,,,,,,,,,,,,,,,,,,,,,,,,,,,,
14258,1600,14257,14259,,0,0,0,0,0,0,0,0,0,0,0,0,0,1,1,7,7,8,8,8,8,7,7,7,7,6,6,6,6,7,7,7,7,7,7,7,7,7,7,3,3,2,2,1,1,1,1,1,1,,,,,,,,,,,,,,,,,,,,,,,,,,,,,,,,,,,,,,,,,,,,,,,,
14259,1100,14268,14258,,0,54,54,56,56,39,39,42,42,50,50,54,54,149,149,959,959,1162,1162,1055,1055,994,994,944,944,856,856,900,900,912,912,924,924,959,959,1013,1013,928,928,419,419,269,269,182,182,132,132,67,67,,,,,,,,,,,,,,,,,,,,,,,,,,,,,,,,,,,,,,,,,,,,,,,,
14260,1600,14261,14266,,0,0,0,0,0,0,0,0,0,0,0,0,0,1,1,8,8,9,9,8,8,8,8,8,8,7,7,7,7,7,7,7,7,8,8,8,8,8,8,4,4,2,2,2,2,1,1,1,1,,,,,,,,,,,,,,,,,,,,,,,,,,,,,,,,,,,,,,,,,,,,,,,,
14261,800,14260,14223,14224,1,0,0,0,0,0,0,0,0,0,0,0,0,1,1,7,7,8,8,7,7,7,7,6,6,6,6,6,6,6,6,6,6,6,6,7,7,6,6,3,3,2,2,1,1,1,1,0,0,,,,,,,,,,,,,,,,,,,,,,,,,,,,,,,,,,,,,,,,,,,,,,,,
14262,300,,14263,,0,0,0,0,0,0,0,0,0,0,0,0,0,1,1,4,4,5,5,4,4,4,4,4,4,3,3,4,4,4,4,4,4,4,4,4,4,4,4,2,2,1,1,1,1,1,1,0,0,,,,,,,,,,,,,,,,,,,,,,,,,,,,,,,,,,,,,,,,,,,,,,,,
14263,800,14224,14262,14220,1,0,0,0,0,0,0,0,0,0,0,0,0,1,1,4,4,5,5,5,5,4,4,4,4,4,4,4,4,4,4,4,4,4,4,4,4,4,4,2,2,1,1,1,1,1,1,0,0,,,,,,,,,,,,,,,,,,,,,,,,,,,,,,,,,,,,,,,,,,,,,,,,
14264,1200,,14265,,0,0,0,0,0,0,0,0,0,0,0,0,0,1,1,4,4,5,5,5,5,4,4,4,4,4,4,4,4,4,4,4,4,4,4,4,4,4,4,2,2,1,1,1,1,1,1,0,0,,,,,,,,,,,,,,,,,,,,,,,,,,,,,,,,,,,,,,,,,,,,,,,,
14265,1200,14266,14264,,0,0,0,0,0,0,0,0,0,0,0,0,0,1,1,7,7,8,8,8,8,7,7,7,7,6,6,6,6,7,7,7,7,7,7,7,7,7,7,3,3,2,2,1,1,1,1,1,1,,,,,,,,,,,,,,,,,,,,,,,,,,,,,,,,,,,,,,,,,,,,,,,,
14266,2000,14265,14235,14260,1,54,54,56,56,39,39,42,42,50,50,54,54,149,149,959,959,1162,1162,1055,1055,994,994,944,944,856,856,900,900,912,912,924,924,959,959,1013,1013,928,928,419,419,269,269,182,182,132,132,67,67,,,,,,,,,,,,,,,,,,,,,,,,,,,,,,,,,,,,,,,,,,,,,,,,
14267,2500,14332,,,0,54,54,56,56,39,39,42,42,50,50,54,54,149,149,959,959,1162,1162,1055,1055,994,994,944,944,856,856,900,900,912,912,924,924,959,959,1013,1013,928,928,419,419,269,269,182,182,132,132,67,67,,,,,,,,,,,,,,,,,,,,,,,,,,,,,,,,,,,,,,,,,,,,,,,,
14268,4400,14269,14259,,0,54,54,56,56,39,39,42,42,50,50,54,54,149,149,959,959,1162,1162,1055,1055,994,994,944,944,856,856,900,900,912,912,924,924,959,959,1013,1013,928,928,419,419,269,269,182,182,132,132,67,67,,,,,,,,,,,,,,,,,,,,,,,,,,,,,,,,,,,,,,,,,,,,,,,,
14269,800,14270,14268,14214,1,0,0,0,0,0,0,0,0,0,0,0,0,1,1,4,4,5,5,5,5,4,4,4,4,4,4,4,4,4,4,4,4,4,4,4,4,4,4,2,2,1,1,1,1,1,1,0,0,,,,,,,,,,,,,,,,,,,,,,,,,,,,,,,,,,,,,,,,,,,,,,,,
14270,800,14269,14271,,0,0,0,0,0,0,0,0,0,0,0,0,0,1,1,4,4,4,4,4,4,4,4,3,3,3,3,3,3,3,3,3,3,4,4,4,4,3,3,2,2,1,1,1,1,1,1,0,0,,,,,,,,,,,,,,,,,,,,,,,,,,,,,,,,,,,,,,,,,,,,,,,,
14271,800,14272,14270,14210,1,0,0,0,0,0,0,0,0,0,0,0,0,1,1,6,6,7,7,7,7,7,7,6,6,6,6,6,6,6,6,6,6,6,6,7,7,6,6,3,3,2,2,1,1,1,1,0,0,,,,,,,,,,,,,,,,,,,,,,,,,,,,,,,,,,,,,,,,,,,,,,,,
14272,1000,14271,14273,,0,54,54,56,56,39,39,42,42,50,50,54,54,149,149,959,959,1162,1162,1055,1055,994,994,944,944,856,856,900,900,912,912,924,924,959,959,1013,1013,928,928,419,419,269,269,182,182,132,132,67,67,,,,,,,,,,,,,,,,,,,,,,,,,,,,,,,,,,,,,,,,,,,,,,,,
14273,1500,14272,14217,14274,1,54,54,56,56,39,39,42,42,50,50,54,54,149,149,959,959,1162,1162,1055,1055,994,994,944,944,856,856,900,900,912,912,924,924,959,959,1013,1013,928,928,419,419,269,269,182,182,132,132,67,67,,,,,,,,,,,,,,,,,,,,,,,,,,,,,,,,,,,,,,,,,,,,,,,,
14274,1600,14275,14273,,0,0,0,0,0,0,0,0,0,0,0,0,0,1,1,7,7,8,8,8,8,7,7,7,7,6,6,6,6,7,7,7,7,7,7,7,7,7,7,3,3,2,2,1,1,1,1,1,1,,,,,,,,,,,,,,,,,,,,,,,,,,,,,,,,,,,,,,,,,,,,,,,,
14275,800,14276,14274,14197,1,0,0,0,0,0,0,0,0,0,0,0,0,1,1,4,4,5,5,5,5,5,5,4,4,4,4,4,4,4,4,4,4,4,4,5,5,4,4,2,2,1,1,1,1,1,1,0,0,,,,,,,,,,,,,,,,,,,,,,,,,,,,,,,,,,,,,,,,,,,,,,,,
14276,800,14275,14277,,0,0,0,0,0,0,0,0,0,0,0,0,0,1,1,4,4,5,5,4,4,4,4,4,4,4,4,4,4,4,4,4,4,4,4,4,4,4,4,2,2,1,1,1,1,1,1,0,0,,,,,,,,,,,,,,,,,,,,,,,,,,,,,,,,,,,,,,,,,,,,,,,,
14277,800,14276,14278,14282,1,0,0,0,0,0,0,0,0,0,0,0,0,1,1,6,6,7,7,6,6,6,6,6,6,5,5,5,5,6,6,6,6,6,6,6,6,6,6,3,3,2,2,1,1,1,1,0,0,,,,,,,,,,,,,,,,,,,,,,,,,,,,,,,,,,,,,,,,,,,,,,,,
14278,4000,14279,14277,,0,54,54,56,56,39,39,42,42,50,50,54,54,149,149,959,959,1162,1162,1055,1055,994,994,944,944,856,856,900,900,912,912,924,924,959,959,1013,1013,928,928,419,419,269,269,182,182,132,132,67,67,,,,,,,,,,,,,,,,,,,,,,,,,,,,,,,,,,,,,,,,,,,,,,,,
14279,1000,14280,14278,14210,1,54,54,56,56,39,39,42,42,50,50,54,54,149,149,959,959,1162,1162,1055,1055,994,994,944,944,856,856,900,900,912,912,924,924,959,959,1013,1013,928,928,419,419,269,269,182,182,132,132,67,67,,,,,,,,,,,,,,,,,,,,,,,,,,,,,,,,,,,,,,,,,,,,,,,,
14280,1500,14281,14279,,0,54,54,56,56,39,39,42,42,50,50,54,54,149,149,959,959,1162,1162,1055,1055,994,994,944,944,856,856,900,900,912,912,924,924,959,959,1013,1013,928,928,419,419,269,269,182,182,132,132,67,67,,,,,,,,,,,,,,,,,,,,,,,,,,,,,,,,,,,,,,,,,,,,,,,,
14281,800,14215,14280,14214,1,0,0,0,0,0,0,0,0,0,0,0,0,1,1,7,7,8,8,8,8,7,7,7,7,6,6,6,6,7,7,7,7,7,7,7,7,7,7,3,3,2,2,1,1,1,1,1,1,,,,,,,,,,,,,,,,,,,,,,,,,,,,,,,,,,,,,,,,,,,,,,,,
14282,4400,14283,14277,,0,54,54,56,56,39,39,42,42,50,50,54,54,149,149,959,959,1162,1162,1055,1055,994,994,944,944,856,856,900,900,912,912,924,924,959,959,1013,1013,928,928,419,419,269,269,182,182,132,132,67,67,,,,,,,,,,,,,,,,,,,,,,,,,,,,,,,,,,,,,,,,,,,,,,,,
14283,800,14282,14284,14197,1,0,0,0,0,0,0,0,0,0,0,0,0,0,0,3,3,4,4,3,3,3,3,3,3,3,3,3,3,3,3,3,3,3,3,3,3,3,3,1,1,1,1,1,1,0,0,0,0,,,,,,,,,,,,,,,,,,,,,,,,,,,,,,,,,,,,,,,,,,,,,,,,
14284,800,14285,14283,,0,0,0,0,0,0,0,0,0,0,0,0,0,1,1,4,4,4,4,4,4,4,4,4,4,3,3,3,3,3,3,3,3,4,4,4,4,4,4,2,2,1,1,1,1,1,1,0,0,,,,,,,,,,,,,,,,,,,,,,,,,,,,,,,,,,,,,,,,,,,,,,,,
14285,1200,14286,14284,14217,1,0,0,0,0,0,0,0,0,0,0,0,0,1,1,5,5,6,6,5,5,5,5,5,5,4,4,4,4,4,4,4,4,5,5,5,5,5,5,2,2,1,1,1,1,1,1,0,0,,,,,,,,,,,,,,,,,,,,,,,,,,,,,,,,,,,,,,,,,,,,,,,,
14286,4400,14287,14285,,0,54,54,56,56,39,39,42,42,50,50,54,54,149,149,959,959,1162,1162,1055,1055,994,994,944,944,856,856,900,900,912,912,924,924,959,959,1013,1013,928,928,419,419,269,269,182,182,132,132,67,67,,,,,,,,,,,,,,,,,,,,,,,,,,,,,,,,,,,,,,,,,,,,,,,,
14287,2200,14233,14230,14286,1,54,54,56,56,39,39,42,42,50,50,54,54,149,149,959,959,1162,1162,1055,1055,994,994,944,944,856,856,900,900,912,912,924,924,959,959,1013,1013,928,928,419,419,269,269,182,182,132,132,67,67,,,,,,,,,,,,,,,,,,,,,,,,,,,,,,,,,,,,,,,,,,,,,,,,
14288,1200,14289,14189,,0,0,0,0,0,0,0,0,0,0,0,0,0,1,1,7,7,8,8,8,8,7,7,7,7,6,6,6,6,7,7,7,7,7,7,7,7,7,7,3,3,2,2,1,1,1,1,1,1,,,,,,,,,,,,,,,,,,,,,,,,,,,,,,,,,,,,,,,,,,,,,,,,
14289,800,14290,14190,14288,1,0,0,0,0,0,0,0,0,0,0,0,0,1,1,6,6,7,7,6,6,6,6,6,6,5,5,5,5,6,6,6,6,6,6,6,6,6,6,3,3,2,2,1,1,1,1,0,0,,,,,,,,,,,,,,,,,,,,,,,,,,,,,,,,,,,,,,,,,,,,,,,,
14290,2500,14291,14289,,0,54,54,56,56,39,39,42,42,50,50,54,54,149,149,959,959,1162,1162,1055,1055,994,994,944,944,856,856,900,900,912,912,924,924,959,959,1013,1013,928,928,419,419,269,269,182,182,132,132,67,67,,,,,,,,,,,,,,,,,,,,,,,,,,,,,,,,,,,,,,,,,,,,,,,,
14291,550,14232,14230,14290,1,54,54,56,56,39,39,42,42,50,50,54,54,149,149,959,959,1162,1162,1055,1055,994,994,944,944,856,856,900,900,912,912,924,924,959,959,1013,1013,928,928,419,419,269,269,182,182,132,132,67,67,,,,,,,,,,,,,,,,,,,,,,,,,,,,,,,,,,,,,,,,,,,,,,,,
14292,500,14232,,14234,1,62,62,64,64,45,45,48,48,56,56,61,61,171,171,997,997,1192,1192,1088,1088,1057,1057,966,966,899,899,908,908,948,948,941,941,960,960,1026,1026,962,962,526,526,332,332,220,220,160,160,85,85,,,,,,,,,,,,,,,,,,,,,,,,,,,,,,,,,,,,,,,,,,,,,,,,
14293,3000,14294,14189,,0,0,0,0,0,0,0,0,0,0,0,0,0,0,0,1156,1156,1275,1275,1184,1184,1063,1063,1121,1121,1033,1033,1056,1056,1105,1105,1218,1218,1250,1250,1308,1308,1226,1226,0,0,0,0,0,0,0,0,0,0,,,,,,,,,,,,,,,,,,,,,,,,,,,,,,,,,,,,,,,,,,,,,,,,
14294,1500,14226,14293,14295,1,62,62,64,64,45,45,48,48,56,56,61,61,171,171,997,997,1192,1192,1088,1088,1057,1057,966,966,899,899,908,908,948,948,941,941,960,960,1026,1026,962,962,526,526,332,332,220,220,160,160,85,85,,,,,,,,,,,,,,,,,,,,,,,,,,,,,,,,,,,,,,,,,,,,,,,,
14295,1000,14296,14294,,0,62,62,64,64,45,45,48,48,56,56,61,61,171,171,997,997,1192,1192,1088,1088,1057,1057,966,966,899,899,908,908,948,948,941,941,960,960,1026,1026,962,962,526,526,332,332,220,220,160,160,85,85,,,,,,,,,,,,,,,,,,,,,,,,,,,,,,,,,,,,,,,,,,,,,,,,
14296,1200,14212,14295,14209,1,0,0,0,0,0,0,0,0,0,0,0,0,1,1,7,7,8,8,7,7,7,7,7,7,6,6,6,6,6,6,7,7,7,7,7,7,7,7,3,3,2,2,1,1,1,1,0,0,,,,,,,,,,,,,,,,,,,,,,,,,,,,,,,,,,,,,,,,,,,,,,,,
14297,1200,14212,14298,14200,1,0,0,0,0,0,0,0,0,0,0,0,0,0,0,3,3,4,4,4,4,3,3,3,3,3,3,3,3,3,3,3,3,3,3,3,3,3,3,1,1,1,1,1,1,0,0,0,0,,,,,,,,,,,,,,,,,,,,,,,,,,,,,,,,,,,,,,,,,,,,,,,,
14298,1200,14196,14297,,0,0,0,0,0,0,0,0,0,0,0,0,0,0,0,3,3,3,3,3,3,3,3,3,3,3,3,3,3,3,3,3,3,3,3,3,3,3,3,1,1,1,1,0,0,0,0,0,0,,,,,,,,,,,,,,,,,,,,,,,,,,,,,,,,,,,,,,,,,,,,,,,,
14299,800,14300,,,0,0,0,0,0,0,0,0,0,0,0,0,0,0,0,3,3,4,4,4,4,3,3,3,3,3,3,3,3,3,3,3,3,3,3,3,3,3,3,1,1,1,1,1,1,0,0,0,0,,,,,,,,,,,,,,,,,,,,,,,,,,,,,,,,,,,,,,,,,,,,,,,,
143,4000,408,146,130;477;17715;154;159,5,0,0,0,0,0,0,0,0,0,0,0,0,0,0,1138,1138,1201,1201,1284,1284,1257,1257,1168,1168,1084,1084,1145,1145,1051,1051,1179,1179,1173,1173,1211,1211,1091,1091,0,0,0,0,0,0,0,0,0,0,,,,,,,,,,,,,,,,,,,,,,,,,,,,,,,,,,,,,,,,,,,,,,,,
14300,1200,14200,14180,14299,1,0,0,0,0,0,0,0,0,0,0,0,0,0,0,2,2,3,3,2,2,2,2,2,2,2,2,2,2,2,2,2,2,2,2,2,2,2,2,1,1,1,1,0,0,0,0,0,0,,,,,,,,,,,,,,,,,,,,,,,,,,,,,,,,,,,,,,,,,,,,,,,,
14301,550,14175,14302,14179,1,54,54,56,56,39,39,42,42,50,50,54,54,149,149,959,959,1162,1162,1055,1055,994,994,944,944,856,856,900,900,912,912,924,924,959,959,1013,1013,928,928,419,419,269,269,182,182,132,132,67,67,,,,,,,,,,,,,,,,,,,,,,,,,,,,,,,,,,,,,,,,,,,,,,,,
14302,550,14301,,,0,54,54,56,56,39,39,42,42,50,50,54,54,149,149,959,959,1162,1162,1055,1055,994,994,944,944,856,856,900,900,912,912,924,924,959,959,1013,1013,928,928,419,419,269,269,182,182,132,132,67,67,,,,,,,,,,,,,,,,,,,,,,,,,,,,,,,,,,,,,,,,,,,,,,,,
14303,4400,14304,14196,,0,62,62,64,64,45,45,48,48,56,56,61,61,171,171,997,997,1192,1192,1088,1088,1057,1057,966,966,899,899,908,908,948,948,941,941,960,960,1026,1026,962,962,526,526,332,332,220,220,160,160,85,85,,,,,,,,,,,,,,,,,,,,,,,,,,,,,,,,,,,,,,,,,,,,,,,,
14304,1500,14173,14303,14305,1,62,62,64,64,45,45,48,48,56,56,61,61,171,171,997,997,1192,1192,1088,1088,1057,1057,966,966,899,899,908,908,948,948,941,941,960,960,1026,1026,962,962,526,526,332,332,220,220,160,160,85,85,,,,,,,,,,,,,,,,,,,,,,,,,,,,,,,,,,,,,,,,,,,,,,,,
14305,4400,14304,14306,,0,62,62,64,64,45,45,48,48,56,56,61,61,171,171,997,997,1192,1192,1088,1088,1057,1057,966,966,899,899,908,908,948,948,941,941,960,960,1026,1026,962,962,526,526,332,332,220,220,160,160,85,85,,,,,,,,,,,,,,,,,,,,,,,,,,,,,,,,,,,,,,,,,,,,,,,,
14306,800,14305,14307,,0,0,0,0,0,0,0,0,0,0,0,0,0,1,1,4,4,5,5,5,5,5,5,4,4,4,4,4,4,4,4,4,4,4,4,4,4,4,4,2,2,1,1,1,1,1,1,0,0,,,,,,,,,,,,,,,,,,,,,,,,,,,,,,,,,,,,,,,,,,,,,,,,
14307,1200,14306,14308,,0,0,0,0,0,0,0,0,0,0,0,0,0,0,0,4,4,4,4,4,4,4,4,4,4,3,3,3,3,4,4,4,4,4,4,4,4,4,4,2,2,1,1,1,1,0,0,0,0,,,,,,,,,,,,,,,,,,,,,,,,,,,,,,,,,,,,,,,,,,,,,,,,
14308,1600,14307,14309,14205,1,0,0,0,0,0,0,0,0,0,0,0,0,0,0,3,3,3,3,3,3,3,3,3,3,3,3,3,3,3,3,3,3,3,3,3,3,3,3,1,1,1,1,0,0,0,0,0,0,,,,,,,,,,,,,,,,,,,,,,,,,,,,,,,,,,,,,,,,,,,,,,,,
14309,1200,14308,14310,,0,0,0,0,0,0,0,0,0,0,0,0,0,0,0,2,2,3,3,2,2,2,2,2,2,2,2,2,2,2,2,2,2,2,2,2,2,2,2,1,1,1,1,0,0,0,0,0,0,,,,,,,,,,,,,,,,,,,,,,,,,,,,,,,,,,,,,,,,,,,,,,,,
14310,1200,14311,14201,14192;14309,2,0,0,0,0,0,0,0,0,0,0,0,0,0,0,3,3,4,4,3,3,3,3,3,3,3,3,3,3,3,3,3,3,3,3,3,3,3,3,1,1,1,1,1,1,0,0,0,0,,,,,,,,,,,,,,,,,,,,,,,,,,,,,,,,,,,,,,,,,,,,,,,,
14311,800,14310,14312,,0,0,0,0,0,0,0,0,0,0,0,0,0,0,0,3,3,3,3,3,3,3,3,3,3,3,3,3,3,3,3,3,3,3,3,3,3,3,3,1,1,1,1,0,0,0,0,0,0,,,,,,,,,,,,,,,,,,,,,,,,,,,,,,,,,,,,,,,,,,,,,,,,
14312,800,14185,14311,14177,1,0,0,0,0,0,0,0,0,0,0,0,0,0,0,3,3,4,4,3,3,3,3,3,3,3,3,3,3,3,3,3,3,3,3,3,3,3,3,1,1,1,1,1,1,0,0,0,0,,,,,,,,,,,,,,,,,,,,,,,,,,,,,,,,,,,,,,,,,,,,,,,,
14313,800,14318,14314,,0,0,0,0,0,0,0,0,0,0,0,0,0,1,1,5,5,5,5,5,5,5,5,4,4,4,4,4,4,4,4,4,4,4,4,5,5,4,4,2,2,1,1,1,1,1,1,0,0,,,,,,,,,,,,,,,,,,,,,,,,,,,,,,,,,,,,,,,,,,,,,,,,
14314,300,14211,14225,14313,1,0,0,0,0,0,0,0,0,0,0,0,0,0,0,3,3,4,4,4,4,4,4,3,3,3,3,3,3,3,3,3,3,3,3,4,4,3,3,1,1,1,1,1,1,0,0,0,0,,,,,,,,,,,,,,,,,,,,,,,,,,,,,,,,,,,,,,,,,,,,,,,,
14315,1200,14316,14241,,0,0,0,0,0,0,0,0,0,0,0,0,0,1,1,7,7,8,8,8,8,8,8,7,7,7,7,7,7,7,7,7,7,7,7,7,7,7,7,3,3,2,2,1,1,1,1,0,0,,,,,,,,,,,,,,,,,,,,,,,,,,,,,,,,,,,,,,,,,,,,,,,,
14316,1200,14240,14315,,0,0,0,0,0,0,0,0,0,0,0,0,0,1,1,4,4,5,5,4,4,4,4,4,4,4,4,4,4,4,4,4,4,4,4,4,4,4,4,2,2,1,1,1,1,0,0,0,0,,,,,,,,,,,,,,,,,,,,,,,,,,,,,,,,,,,,,,,,,,,,,,,,
14317,1500,14222,14318,,0,62,62,64,64,45,45,48,48,56,56,61,61,171,171,997,997,1192,1192,1088,1088,1057,1057,966,966,899,899,908,908,948,948,941,941,960,960,1026,1026,962,962,526,526,332,332,220,220,160,160,85,85,,,,,,,,,,,,,,,,,,,,,,,,,,,,,,,,,,,,,,,,,,,,,,,,
14318,400,14313,14317,14240,1,0,0,0,0,0,0,0,0,0,0,0,0,1,1,7,7,8,8,7,7,7,7,7,7,6,6,6,6,6,6,7,7,7,7,7,7,7,7,3,3,2,2,1,1,1,1,0,0,,,,,,,,,,,,,,,,,,,,,,,,,,,,,,,,,,,,,,,,,,,,,,,,
14319,2500,14222,14320,,0,62,62,64,64,45,45,48,48,56,56,61,61,171,171,997,997,1192,1192,1088,1088,1057,1057,966,966,899,899,908,908,948,948,941,941,960,960,1026,1026,962,962,526,526,332,332,220,220,160,160,85,85,,,,,,,,,,,,,,,,,,,,,,,,,,,,,,,,,,,,,,,,,,,,,,,,
14320,300,14202,14319,14327,1,0,0,0,0,0,0,0,0,0,0,0,0,1,1,6,6,7,7,6,6,6,6,6,6,5,5,5,5,5,5,6,6,6,6,6,6,6,6,2,2,1,1,1,1,1,1,0,0,,,,,,,,,,,,,,,,,,,,,,,,,,,,,,,,,,,,,,,,,,,,,,,,
14321,1600,14328,14322,,0,0,0,0,0,0,0,0,0,0,0,0,0,1,1,6,6,7,7,7,7,7,7,6,6,6,6,6,6,6,6,6,6,6,6,7,7,6,6,3,3,2,2,1,1,1,1,0,0,,,,,,,,,,,,,,,,,,,,,,,,,,,,,,,,,,,,,,,,,,,,,,,,
14322,800,14321,14344,14176,1,0,0,0,0,0,0,0,0,0,0,0,0,1,1,7,7,8,8,7,7,7,7,7,7,6,6,6,6,6,6,6,6,7,7,7,7,7,7,3,3,2,2,1,1,1,1,0,0,,,,,,,,,,,,,,,,,,,,,,,,,,,,,,,,,,,,,,,,,,,,,,,,
14323,1500,14325,14327,,0,62,62,64,64,45,45,48,48,56,56,61,61,171,171,997,997,1192,1192,1088,1088,1057,1057,966,966,899,899,908,908,948,948,941,941,960,960,1026,1026,962,962,526,526,332,332,220,220,160,160,85,85,,,,,,,,,,,,,,,,,,,,,,,,,,,,,,,,,,,,,,,,,,,,,,,,
14324,1000,14188,14326,14176,1,62,62,64,64,45,45,48,48,56,56,61,61,171,171,997,997,1192,1192,1088,1088,1057,1057,966,966,899,899,908,908,948,948,941,941,960,960,1026,1026,962,962,526,526,332,332,220,220,160,160,85,85,,,,,,,,,,,,,,,,,,,,,,,,,,,,,,,,,,,,,,,,,,,,,,,,
14325,1500,14326,14323,14192,1,62,62,64,64,45,45,48,48,56,56,61,61,171,171,997,997,1192,1192,1088,1088,1057,1057,966,966,899,899,908,908,948,948,941,941,960,960,1026,1026,962,962,526,526,332,332,220,220,160,160,85,85,,,,,,,,,,,,,,,,,,,,,,,,,,,,,,,,,,,,,,,,,,,,,,,,
14326,1200,14325,14324,,0,0,0,0,0,0,0,0,0,0,0,0,0,1,1,6,6,7,7,7,7,6,6,6,6,5,5,6,6,6,6,6,6,6,6,6,6,6,6,2,2,2,2,1,1,1,1,0,0,,,,,,,,,,,,,,,,,,,,,,,,,,,,,,,,,,,,,,,,,,,,,,,,
14327,3000,14320,14328,14323,1,62,62,64,64,45,45,48,48,56,56,61,61,171,171,997,997,1192,1192,1088,1088,1057,1057,966,966,899,899,908,908,948,948,941,941,960,960,1026,1026,962,962,526,526,332,332,220,220,160,160,85,85,,,,,,,,,,,,,,,,,,,,,,,,,,,,,,,,,,,,,,,,,,,,,,,,
14328,1200,14327,14184,14321,1,0,0,0,0,0,0,0,0,0,0,0,0,1,1,6,6,7,7,7,7,6,6,6,6,6,6,6,6,6,6,6,6,6,6,6,6,6,6,2,2,2,2,1,1,1,1,0,0,,,,,,,,,,,,,,,,,,,,,,,,,,,,,,,,,,,,,,,,,,,,,,,,
14329,3500,14330,17382,14191;14242,2,67,67,70,70,49,49,53,53,62,62,67,67,186,186,910,910,1134,1134,1023,1023,977,977,900,900,812,812,861,861,864,864,851,851,886,886,939,939,854,854,524,524,336,336,227,227,165,165,84,84,,,,,,,,,,,,,,,,,,,,,,,,,,,,,,,,,,,,,,,,,,,,,,,,
14330,3000,14329,14195,14181;14183;14218,3,62,62,64,64,45,45,48,48,56,56,61,61,171,171,997,997,1192,1192,1088,1088,1057,1057,966,966,899,899,908,908,948,948,941,941,960,960,1026,1026,962,962,526,526,332,332,220,220,160,160,85,85,,,,,,,,,,,,,,,,,,,,,,,,,,,,,,,,,,,,,,,,,,,,,,,,
14331,2000,14221,17383,17395,1,62,62,64,64,45,45,48,48,56,56,61,61,171,171,997,997,1192,1192,1088,1088,1057,1057,966,966,899,899,908,908,948,948,941,941,960,960,1026,1026,962,962,526,526,332,332,220,220,160,160,85,85,,,,,,,,,,,,,,,,,,,,,,,,,,,,,,,,,,,,,,,,,,,,,,,,
14332,4400,14267,14333,,0,54,54,56,56,39,39,42,42,50,50,54,54,149,149,959,959,1162,1162,1055,1055,994,994,944,944,856,856,900,900,912,912,924,924,959,959,1013,1013,928,928,419,419,269,269,182,182,132,132,67,67,,,,,,,,,,,,,,,,,,,,,,,,,,,,,,,,,,,,,,,,,,,,,,,,
14333,1600,14332,14376,14150,1,0,0,0,0,0,0,0,0,0,0,0,0,0,0,3,3,4,4,3,3,3,3,3,3,3,3,3,3,3,3,3,3,3,3,3,3,3,3,1,1,1,1,1,1,0,0,0,0,,,,,,,,,,,,,,,,,,,,,,,,,,,,,,,,,,,,,,,,,,,,,,,,
14334,800,14335,,,0,0,0,0,0,0,0,0,0,0,0,0,0,0,0,0,0,0,0,0,0,0,0,0,0,0,0,0,0,0,0,0,0,0,0,0,0,0,0,0,0,0,0,0,0,0,0,0,0,,,,,,,,,,,,,,,,,,,,,,,,,,,,,,,,,,,,,,,,,,,,,,,,
14335,800,14334,14336,14155,1,0,0,0,0,0,0,0,0,0,0,0,0,0,0,0,0,0,0,0,0,0,0,0,0,0,0,0,0,0,0,0,0,0,0,0,0,0,0,0,0,0,0,0,0,0,0,0,0,,,,,,,,,,,,,,,,,,,,,,,,,,,,,,,,,,,,,,,,,,,,,,,,
14336,1200,14335,14337,,0,0,0,0,0,0,0,0,0,0,0,0,0,0,0,0,0,0,0,0,0,0,0,0,0,0,0,0,0,0,0,0,0,0,0,0,0,0,0,0,0,0,0,0,0,0,0,0,0,,,,,,,,,,,,,,,,,,,,,,,,,,,,,,,,,,,,,,,,,,,,,,,,
14337,400,14336,14153,14338,1,0,0,0,0,0,0,0,0,0,0,0,0,0,0,0,0,0,0,0,0,0,0,0,0,0,0,0,0,0,0,0,0,0,0,0,0,0,0,0,0,0,0,0,0,0,0,0,0,,,,,,,,,,,,,,,,,,,,,,,,,,,,,,,,,,,,,,,,,,,,,,,,
14338,1600,14339,14337,,0,33,33,31,31,22,22,23,23,26,26,31,31,88,88,1055,1055,1119,1119,1058,1058,1080,1080,966,966,980,980,861,861,1008,1008,1021,1021,988,988,1080,1080,1096,1096,421,421,249,249,150,150,110,110,68,68,,,,,,,,,,,,,,,,,,,,,,,,,,,,,,,,,,,,,,,,,,,,,,,,
14339,300,14145,14157,14338,1,0,0,0,0,0,0,0,0,0,0,0,0,0,0,0,0,0,0,0,0,0,0,0,0,0,0,0,0,0,0,0,0,0,0,0,0,0,0,0,0,0,0,0,0,0,0,0,0,,,,,,,,,,,,,,,,,,,,,,,,,,,,,,,,,,,,,,,,,,,,,,,,
14340,1200,14341,,,0,0,0,0,0,0,0,0,0,0,0,0,0,0,0,0,0,0,0,0,0,0,0,0,0,0,0,0,0,0,0,0,0,0,0,0,0,0,0,0,0,0,0,0,0,0,0,0,0,,,,,,,,,,,,,,,,,,,,,,,,,,,,,,,,,,,,,,,,,,,,,,,,
14341,300,14145,14143,14340,1,0,0,0,0,0,0,0,0,0,0,0,0,0,0,0,0,0,0,0,0,0,0,0,0,0,0,0,0,0,0,0,0,0,0,0,0,0,0,0,0,0,0,0,0,0,0,0,0,,,,,,,,,,,,,,,,,,,,,,,,,,,,,,,,,,,,,,,,,,,,,,,,
14342,300,14343,,,0,0,0,0,0,0,0,0,0,0,0,0,0,0,0,0,0,0,0,0,0,0,0,0,0,0,0,0,0,0,0,0,0,0,0,0,0,0,0,0,0,0,0,0,0,0,0,0,0,,,,,,,,,,,,,,,,,,,,,,,,,,,,,,,,,,,,,,,,,,,,,,,,
14343,300,14342,14142,14143,1,0,0,0,0,0,0,0,0,0,0,0,0,0,0,0,0,0,0,0,0,0,0,0,0,0,0,0,0,0,0,0,0,0,0,0,0,0,0,0,0,0,0,0,0,0,0,0,0,,,,,,,,,,,,,,,,,,,,,,,,,,,,,,,,,,,,,,,,,,,,,,,,
14344,1600,14322,14345,,0,0,0,0,0,0,0,0,0,0,0,0,0,1,1,6,6,7,7,7,7,7,7,6,6,6,6,6,6,6,6,6,6,6,6,7,7,6,6,3,3,2,2,1,1,1,1,0,0,,,,,,,,,,,,,,,,,,,,,,,,,,,,,,,,,,,,,,,,,,,,,,,,
14345,1200,14344,14346,14188,1,0,0,0,0,0,0,0,0,0,0,0,0,0,0,3,3,3,3,3,3,3,3,3,3,3,3,3,3,3,3,3,3,3,3,3,3,3,3,1,1,1,1,0,0,0,0,0,0,,,,,,,,,,,,,,,,,,,,,,,,,,,,,,,,,,,,,,,,,,,,,,,,
14346,800,14345,14347,,0,0,0,0,0,0,0,0,0,0,0,0,0,0,0,2,2,2,2,2,2,2,2,2,2,2,2,2,2,2,2,2,2,2,2,2,2,2,2,1,1,1,1,0,0,0,0,0,0,,,,,,,,,,,,,,,,,,,,,,,,,,,,,,,,,,,,,,,,,,,,,,,,
14347,800,14167,14348,14346,1,0,0,0,0,0,0,0,0,0,0,0,0,0,0,2,2,2,2,2,2,2,2,2,2,2,2,2,2,2,2,2,2,2,2,2,2,2,2,1,1,0,0,0,0,0,0,0,0,,,,,,,,,,,,,,,,,,,,,,,,,,,,,,,,,,,,,,,,,,,,,,,,
14348,1600,14347,14349,,0,0,0,0,0,0,0,0,0,0,0,0,0,0,0,3,3,4,4,3,3,3,3,3,3,3,3,3,3,3,3,3,3,3,3,3,3,3,3,1,1,1,1,1,1,0,0,0,0,,,,,,,,,,,,,,,,,,,,,,,,,,,,,,,,,,,,,,,,,,,,,,,,
14349,2750,14348,14156,14216;14350,2,62,62,64,64,45,45,48,48,56,56,61,61,171,171,997,997,1192,1192,1088,1088,1057,1057,966,966,899,899,908,908,948,948,941,941,960,960,1026,1026,962,962,526,526,332,332,220,220,160,160,85,85,,,,,,,,,,,,,,,,,,,,,,,,,,,,,,,,,,,,,,,,,,,,,,,,
14350,2500,14349,14351,,0,62,62,64,64,45,45,48,48,56,56,61,61,171,171,997,997,1192,1192,1088,1088,1057,1057,966,966,899,899,908,908,948,948,941,941,960,960,1026,1026,962,962,526,526,332,332,220,220,160,160,85,85,,,,,,,,,,,,,,,,,,,,,,,,,,,,,,,,,,,,,,,,,,,,,,,,
14351,1200,14350,14146,14151,1,0,0,0,0,0,0,0,0,0,0,0,0,0,0,3,3,3,3,3,3,3,3,3,3,3,3,3,3,3,3,3,3,3,3,3,3,3,3,1,1,1,1,0,0,0,0,0,0,,,,,,,,,,,,,,,,,,,,,,,,,,,,,,,,,,,,,,,,,,,,,,,,
14352,2500,14353,14195,14170,1,42,42,39,39,28,28,29,29,34,34,39,39,112,112,1343,1343,1424,1424,1347,1347,1375,1375,1229,1229,1247,1247,1096,1096,1282,1282,1299,1299,1257,1257,1375,1375,1394,1394,536,536,316,316,190,190,140,140,87,87,,,,,,,,,,,,,,,,,,,,,,,,,,,,,,,,,,,,,,,,,,,,,,,,
14353,1000,14352,14354,14162,1,62,62,64,64,45,45,48,48,56,56,61,61,171,171,997,997,1192,1192,1088,1088,1057,1057,966,966,899,899,908,908,948,948,941,941,960,960,1026,1026,962,962,526,526,332,332,220,220,160,160,85,85,,,,,,,,,,,,,,,,,,,,,,,,,,,,,,,,,,,,,,,,,,,,,,,,
14354,2000,14353,14355,,0,62,62,64,64,45,45,48,48,56,56,61,61,171,171,997,997,1192,1192,1088,1088,1057,1057,966,966,899,899,908,908,948,948,941,941,960,960,1026,1026,962,962,526,526,332,332,220,220,160,160,85,85,,,,,,,,,,,,,,,,,,,,,,,,,,,,,,,,,,,,,,,,,,,,,,,,
14355,800,14354,14356,14141,1,0,0,0,0,0,0,0,0,0,0,0,0,0,0,2,2,2,2,2,2,2,2,1,1,1,1,1,1,1,1,1,1,1,1,2,2,1,1,1,1,0,0,0,0,0,0,0,0,,,,,,,,,,,,,,,,,,,,,,,,,,,,,,,,,,,,,,,,,,,,,,,,
14356,800,14357,14355,,0,0,0,0,0,0,0,0,0,0,0,0,0,1,1,6,6,7,7,6,6,6,6,6,6,5,5,6,6,6,6,6,6,6,6,6,6,6,6,2,2,1,1,1,1,1,1,0,0,,,,,,,,,,,,,,,,,,,,,,,,,,,,,,,,,,,,,,,,,,,,,,,,
14357,300,14134,14174,14356,1,0,0,0,0,0,0,0,0,0,0,0,0,0,0,3,3,4,4,4,4,3,3,3,3,3,3,3,3,3,3,3,3,3,3,4,4,3,3,1,1,1,1,0,0,0,0,0,0,,,,,,,,,,,,,,,,,,,,,,,,,,,,,,,,,,,,,,,,,,,,,,,,
14358,800,14359,,,0,0,0,0,0,0,0,0,0,0,0,0,0,0,0,5,5,5,5,5,5,5,5,4,4,4,4,4,4,4,4,5,5,5,5,5,5,5,5,1,1,1,1,1,1,0,0,0,0,,,,,,,,,,,,,,,,,,,,,,,,,,,,,,,,,,,,,,,,,,,,,,,,
14359,800,14174,14358,14121,1,0,0,0,0,0,0,0,0,0,0,0,0,0,0,4,4,5,5,5,5,4,4,4,4,4,4,4,4,4,4,4,4,4,4,5,5,4,4,1,1,1,1,1,1,0,0,0,0,,,,,,,,,,,,,,,,,,,,,,,,,,,,,,,,,,,,,,,,,,,,,,,,
14360,1200,14361,14161,,0,0,0,0,0,0,0,0,0,0,0,0,0,0,0,4,4,4,4,4,4,4,4,4,4,3,3,3,3,3,3,4,4,4,4,4,4,4,4,2,2,1,1,1,1,0,0,0,0,,,,,,,,,,,,,,,,,,,,,,,,,,,,,,,,,,,,,,,,,,,,,,,,
14361,1200,14158,14360,14154,1,0,0,0,0,0,0,0,0,0,0,0,0,1,1,6,6,7,7,7,7,6,6,6,6,6,6,6,6,6,6,6,6,6,6,6,6,6,6,2,2,2,2,1,1,1,1,0,0,,,,,,,,,,,,,,,,,,,,,,,,,,,,,,,,,,,,,,,,,,,,,,,,
14362,1200,14363,14140,,0,0,0,0,0,0,0,0,0,0,0,0,0,1,1,6,6,7,7,6,6,6,6,6,6,5,5,6,6,6,6,6,6,6,6,6,6,6,6,2,2,1,1,1,1,1,1,0,0,,,,,,,,,,,,,,,,,,,,,,,,,,,,,,,,,,,,,,,,,,,,,,,,
14363,1200,14364,14362,14154,1,0,0,0,0,0,0,0,0,0,0,0,0,1,1,6,6,7,7,6,6,6,6,6,6,5,5,6,6,6,6,6,6,6,6,6,6,6,6,2,2,1,1,1,1,1,1,0,0,,,,,,,,,,,,,,,,,,,,,,,,,,,,,,,,,,,,,,,,,,,,,,,,
14364,1200,14365,14363,,0,0,0,0,0,0,0,0,0,0,0,0,0,0,0,5,5,6,6,5,5,5,5,5,5,4,4,5,5,5,5,5,5,5,5,5,5,5,5,1,1,1,1,1,1,0,0,0,0,,,,,,,,,,,,,,,,,,,,,,,,,,,,,,,,,,,,,,,,,,,,,,,,
14365,1200,14364,14366,14135;14147,2,0,0,0,0,0,0,0,0,0,0,0,0,0,0,4,4,5,5,5,5,5,5,4,4,4,4,4,4,4,4,4,4,5,5,5,5,4,4,1,1,1,1,1,1,0,0,0,0,,,,,,,,,,,,,,,,,,,,,,,,,,,,,,,,,,,,,,,,,,,,,,,,
14366,1200,14365,14367,,0,0,0,0,0,0,0,0,0,0,0,0,0,0,0,4,4,4,4,4,4,4,4,4,4,3,3,3,3,3,3,4,4,4,4,4,4,4,4,1,1,1,1,0,0,0,0,0,0,,,,,,,,,,,,,,,,,,,,,,,,,,,,,,,,,,,,,,,,,,,,,,,,
14367,1200,14139,14366,14133,1,0,0,0,0,0,0,0,0,0,0,0,0,0,0,3,3,4,4,3,3,3,3,3,3,3,3,3,3,3,3,3,3,3,3,3,3,3,3,1,1,1,1,0,0,0,0,0,0,,,,,,,,,,,,,,,,,,,,,,,,,,,,,,,,,,,,,,,,,,,,,,,,
14368,1200,14152,14369,,0,0,0,0,0,0,0,0,0,0,0,0,0,1,1,5,5,6,6,6,6,6,6,5,5,5,5,5,5,5,5,5,5,5,5,5,5,5,5,2,2,1,1,1,1,1,1,0,0,,,,,,,,,,,,,,,,,,,,,,,,,,,,,,,,,,,,,,,,,,,,,,,,
14369,800,14147,14144,14368,1,0,0,0,0,0,0,0,0,0,0,0,0,0,0,3,3,4,4,4,4,4,4,3,3,3,3,3,3,3,3,3,3,3,3,4,4,3,3,1,1,1,1,1,1,0,0,0,0,,,,,,,,,,,,,,,,,,,,,,,,,,,,,,,,,,,,,,,,,,,,,,,,
14370,1600,14168,14371,14171,1,0,0,0,0,0,0,0,0,0,0,0,0,1,1,5,5,6,6,5,5,5,5,5,5,5,5,5,5,5,5,5,5,5,5,5,5,5,5,2,2,1,1,1,1,1,1,0,0,,,,,,,,,,,,,,,,,,,,,,,,,,,,,,,,,,,,,,,,,,,,,,,,
14371,1000,14221,14370,14172,1,62,62,64,64,45,45,48,48,56,56,61,61,171,171,997,997,1192,1192,1088,1088,1057,1057,966,966,899,899,908,908,948,948,941,941,960,960,1026,1026,962,962,526,526,332,332,220,220,160,160,85,85,,,,,,,,,,,,,,,,,,,,,,,,,,,,,,,,,,,,,,,,,,,,,,,,
14372,1200,14373,14168,,0,0,0,0,0,0,0,0,0,0,0,0,0,1,1,6,6,7,7,6,6,6,6,6,6,5,5,5,5,6,6,6,6,6,6,6,6,6,6,2,2,1,1,1,1,1,1,0,0,,,,,,,,,,,,,,,,,,,,,,,,,,,,,,,,,,,,,,,,,,,,,,,,
14373,1200,14372,14195,14171,1,0,0,0,0,0,0,0,0,0,0,0,0,1,1,6,6,7,7,7,7,6,6,6,6,6,6,6,6,6,6,6,6,6,6,6,6,6,6,2,2,2,2,1,1,1,1,0,0,,,,,,,,,,,,,,,,,,,,,,,,,,,,,,,,,,,,,,,,,,,,,,,,
14374,1600,14375,,,0,0,0,0,0,0,0,0,0,0,0,0,0,1,1,8,8,9,9,9,9,9,9,8,8,7,7,8,8,7,7,8,8,8,8,8,8,7,7,3,3,2,2,1,1,1,1,0,0,,,,,,,,,,,,,,,,,,,,,,,,,,,,,,,,,,,,,,,,,,,,,,,,
14375,600,14136,14374,14126,1,0,0,0,0,0,0,0,0,0,0,0,0,1,1,7,7,9,9,8,8,8,8,7,7,7,7,7,7,7,7,7,7,7,7,8,8,7,7,2,2,2,2,1,1,1,1,0,0,,,,,,,,,,,,,,,,,,,,,,,,,,,,,,,,,,,,,,,,,,,,,,,,
14376,4400,14333,14377,,0,0,0,0,0,0,0,0,0,0,0,0,0,0,0,1138,1138,1201,1201,1284,1284,1257,1257,1168,1168,1084,1084,1145,1145,1051,1051,1179,1179,1173,1173,1211,1211,1091,1091,0,0,0,0,0,0,0,0,0,0,,,,,,,,,,,,,,,,,,,,,,,,,,,,,,,,,,,,,,,,,,,,,,,,
14377,300,14236,14376,14117,1,0,0,0,0,0,0,0,0,0,0,0,0,0,0,3,3,4,4,4,4,4,4,3,3,3,3,3,3,3,3,3,3,3,3,4,4,3,3,1,1,1,1,0,0,0,0,0,0,,,,,,,,,,,,,,,,,,,,,,,,,,,,,,,,,,,,,,,,,,,,,,,,
14378,1200,14095,14379,,0,0,0,1,1,0,0,0,0,0,0,0,0,1,1,12,12,14,14,14,14,13,13,12,12,11,11,12,12,11,11,12,12,12,12,13,13,11,11,4,4,3,3,2,2,1,1,1,1,,,,,,,,,,,,,,,,,,,,,,,,,,,,,,,,,,,,,,,,,,,,,,,,
14379,550,14120,14378,14097,1,38,38,40,40,28,28,30,30,35,35,38,38,106,106,1008,1008,1163,1163,1135,1135,1097,1097,1015,1015,929,929,983,983,944,944,992,992,1009,1009,1056,1056,956,956,299,299,192,192,130,130,94,94,48,48,,,,,,,,,,,,,,,,,,,,,,,,,,,,,,,,,,,,,,,,,,,,,,,,
14380,2500,14381,,,0,38,38,40,40,28,28,30,30,35,35,38,38,106,106,1008,1008,1163,1163,1135,1135,1097,1097,1015,1015,929,929,983,983,944,944,992,992,1009,1009,1056,1056,956,956,299,299,192,192,130,130,94,94,48,48,,,,,,,,,,,,,,,,,,,,,,,,,,,,,,,,,,,,,,,,,,,,,,,,
14381,600,14380,14382,14095;14117,2,1,1,1,1,0,0,0,0,0,0,1,1,1,1,12,12,14,14,14,14,13,13,12,12,11,11,12,12,12,12,12,12,12,12,13,13,12,12,4,4,3,3,2,2,1,1,1,1,,,,,,,,,,,,,,,,,,,,,,,,,,,,,,,,,,,,,,,,,,,,,,,,
14382,600,14383,14381,,0,0,0,0,0,0,0,0,0,0,0,0,0,1,1,10,10,11,11,11,11,11,11,10,10,9,9,10,10,9,9,10,10,10,10,10,10,9,9,3,3,2,2,1,1,1,1,1,1,,,,,,,,,,,,,,,,,,,,,,,,,,,,,,,,,,,,,,,,,,,,,,,,
14383,800,14382,14384,14093,1,0,0,0,0,0,0,0,0,0,0,0,0,1,1,7,7,8,8,8,8,8,8,7,7,7,7,7,7,7,7,7,7,7,7,8,8,7,7,2,2,2,2,1,1,1,1,0,0,,,,,,,,,,,,,,,,,,,,,,,,,,,,,,,,,,,,,,,,,,,,,,,,
14384,800,14385,14383,,0,0,0,0,0,0,0,0,0,0,0,0,0,1,1,5,5,5,5,5,5,5,5,5,5,4,4,5,5,4,4,5,5,5,5,5,5,4,4,2,2,1,1,1,1,0,0,0,0,,,,,,,,,,,,,,,,,,,,,,,,,,,,,,,,,,,,,,,,,,,,,,,,
14385,800,14091,,14386;14384,2,0,0,0,0,0,0,0,0,0,0,0,0,0,0,4,4,4,4,4,4,4,4,4,4,3,3,3,3,3,3,3,3,4,4,4,4,3,3,1,1,1,1,0,0,0,0,0,0,,,,,,,,,,,,,,,,,,,,,,,,,,,,,,,,,,,,,,,,,,,,,,,,
14386,1200,14387,14385,,0,0,0,0,0,0,0,0,0,0,0,0,0,0,0,3,3,3,3,3,3,3,3,3,3,3,3,3,3,3,3,3,3,3,3,3,3,3,3,1,1,1,1,0,0,0,0,0,0,,,,,,,,,,,,,,,,,,,,,,,,,,,,,,,,,,,,,,,,,,,,,,,,
14387,300,14090,14386,14388,1,0,0,0,0,0,0,0,0,0,0,0,0,0,0,3,3,3,3,3,3,3,3,3,3,3,3,3,3,3,3,3,3,3,3,3,3,3,3,1,1,1,1,0,0,0,0,0,0,,,,,,,,,,,,,,,,,,,,,,,,,,,,,,,,,,,,,,,,,,,,,,,,
14388,1600,14387,14389,,0,0,0,0,0,0,0,0,0,0,0,0,0,0,0,2,2,3,3,3,3,3,3,2,2,2,2,2,2,2,2,2,2,2,2,3,3,2,2,1,1,1,1,0,0,0,0,0,0,,,,,,,,,,,,,,,,,,,,,,,,,,,,,,,,,,,,,,,,,,,,,,,,
14389,1600,14388,14390,14102,1,0,0,0,0,0,0,0,0,0,0,0,0,0,0,2,2,2,2,2,2,2,2,2,2,2,2,2,2,2,2,2,2,2,2,2,2,2,2,1,1,0,0,0,0,0,0,0,0,,,,,,,,,,,,,,,,,,,,,,,,,,,,,,,,,,,,,,,,,,,,,,,,
14390,1200,14391,14389,,0,0,0,0,0,0,0,0,0,0,0,0,0,0,0,2,2,2,2,2,2,2,2,2,2,2,2,2,2,2,2,2,2,2,2,2,2,2,2,1,1,0,0,0,0,0,0,0,0,,,,,,,,,,,,,,,,,,,,,,,,,,,,,,,,,,,,,,,,,,,,,,,,
14391,800,14392,14390,14089,1,0,0,0,0,0,0,0,0,0,0,0,0,0,0,2,2,2,2,2,2,2,2,2,2,2,2,2,2,2,2,2,2,2,2,2,2,2,2,1,1,0,0,0,0,0,0,0,0,,,,,,,,,,,,,,,,,,,,,,,,,,,,,,,,,,,,,,,,,,,,,,,,
14392,1200,14393,14391,,0,0,0,0,0,0,0,0,0,0,0,0,0,0,0,2,2,3,3,3,3,3,3,2,2,2,2,2,2,2,2,2,2,2,2,3,3,2,2,1,1,0,0,0,0,0,0,0,0,,,,,,,,,,,,,,,,,,,,,,,,,,,,,,,,,,,,,,,,,,,,,,,,
14393,300,14084,14394,14392,1,0,0,0,0,0,0,0,0,0,0,0,0,1,1,6,6,6,6,6,6,6,6,6,6,5,5,5,5,5,5,5,5,6,6,6,6,5,5,2,2,1,1,1,1,1,1,0,0,,,,,,,,,,,,,,,,,,,,,,,,,,,,,,,,,,,,,,,,,,,,,,,,
14394,1200,14395,14393,,0,0,0,0,0,0,0,0,0,0,0,0,0,1,1,10,10,12,12,11,11,11,11,10,10,9,9,10,10,9,9,10,10,10,10,10,10,9,9,3,3,2,2,1,1,1,1,1,1,,,,,,,,,,,,,,,,,,,,,,,,,,,,,,,,,,,,,,,,,,,,,,,,
14395,1000,14081,14107,14394,1,38,38,40,40,28,28,30,30,35,35,38,38,106,106,1008,1008,1163,1163,1135,1135,1097,1097,1015,1015,929,929,983,983,944,944,992,992,1009,1009,1056,1056,956,956,299,299,192,192,130,130,94,94,48,48,,,,,,,,,,,,,,,,,,,,,,,,,,,,,,,,,,,,,,,,,,,,,,,,
14396,3000,14473,14405,,0,38,38,40,40,28,28,30,30,35,35,38,38,106,106,1008,1008,1163,1163,1135,1135,1097,1097,1015,1015,929,929,983,983,944,944,992,992,1009,1009,1056,1056,956,956,299,299,192,192,130,130,94,94,48,48,,,,,,,,,,,,,,,,,,,,,,,,,,,,,,,,,,,,,,,,,,,,,,,,
14397,800,14105,14472,14107,1,0,0,0,0,0,0,0,0,0,0,0,0,1,1,11,11,13,13,13,13,12,12,11,11,10,10,11,11,11,11,11,11,11,11,12,12,11,11,4,4,2,2,2,2,1,1,1,1,,,,,,,,,,,,,,,,,,,,,,,,,,,,,,,,,,,,,,,,,,,,,,,,
14398,2750,14403,,,0,38,38,40,40,28,28,30,30,35,35,38,38,106,106,1008,1008,1163,1163,1135,1135,1097,1097,1015,1015,929,929,983,983,944,944,992,992,1009,1009,1056,1056,956,956,299,299,192,192,130,130,94,94,48,48,,,,,,,,,,,,,,,,,,,,,,,,,,,,,,,,,,,,,,,,,,,,,,,,
14399,550,14400,14236,14110,1,38,38,40,40,28,28,30,30,35,35,38,38,106,106,1008,1008,1163,1163,1135,1135,1097,1097,1015,1015,929,929,983,983,944,944,992,992,1009,1009,1056,1056,956,956,299,299,192,192,130,130,94,94,48,48,,,,,,,,,,,,,,,,,,,,,,,,,,,,,,,,,,,,,,,,,,,,,,,,
144,2000,136,445,,0,50,50,52,52,37,37,40,40,46,46,50,50,140,140,967,967,1151,1151,1088,1088,1047,1047,967,967,880,880,932,932,911,911,933,933,958,958,1007,1007,913,913,393,393,252,252,170,170,124,124,63,63,,,,,,,,,,,,,,,,,,,,,,,,,,,,,,,,,,,,,,,,,,,,,,,,
14400,4400,14399,14401,,0,38,38,40,40,28,28,30,30,35,35,38,38,106,106,1008,1008,1163,1163,1135,1135,1097,1097,1015,1015,929,929,983,983,944,944,992,992,1009,1009,1056,1056,956,956,299,299,192,192,130,130,94,94,48,48,,,,,,,,,,,,,,,,,,,,,,,,,,,,,,,,,,,,,,,,,,,,,,,,
14401,2200,14400,14157,14119;14402,2,38,38,40,40,28,28,30,30,35,35,38,38,106,106,1008,1008,1163,1163,1135,1135,1097,1097,1015,1015,929,929,983,983,944,944,992,992,1009,1009,1056,1056,956,956,299,299,192,192,130,130,94,94,48,48,,,,,,,,,,,,,,,,,,,,,,,,,,,,,,,,,,,,,,,,,,,,,,,,
14402,2750,14401,14403,,0,38,38,40,40,28,28,30,30,35,35,38,38,106,106,1008,1008,1163,1163,1135,1135,1097,1097,1015,1015,929,929,983,983,944,944,992,992,1009,1009,1056,1056,956,956,299,299,192,192,130,130,94,94,48,48,,,,,,,,,,,,,,,,,,,,,,,,,,,,,,,,,,,,,,,,,,,,,,,,
14403,2200,14109,14402,14398,1,38,38,40,40,28,28,30,30,35,35,38,38,106,106,1008,1008,1163,1163,1135,1135,1097,1097,1015,1015,929,929,983,983,944,944,992,992,1009,1009,1056,1056,956,956,299,299,192,192,130,130,94,94,48,48,,,,,,,,,,,,,,,,,,,,,,,,,,,,,,,,,,,,,,,,,,,,,,,,
14404,2000,14405,14078,,0,38,38,40,40,28,28,30,30,35,35,38,38,106,106,1008,1008,1163,1163,1135,1135,1097,1097,1015,1015,929,929,983,983,944,944,992,992,1009,1009,1056,1056,956,956,299,299,192,192,130,130,94,94,48,48,,,,,,,,,,,,,,,,,,,,,,,,,,,,,,,,,,,,,,,,,,,,,,,,
14405,1500,14404,14396,14083,1,38,38,40,40,28,28,30,30,35,35,38,38,106,106,1008,1008,1163,1163,1135,1135,1097,1097,1015,1015,929,929,983,983,944,944,992,992,1009,1009,1056,1056,956,956,299,299,192,192,130,130,94,94,48,48,,,,,,,,,,,,,,,,,,,,,,,,,,,,,,,,,,,,,,,,,,,,,,,,
14406,1100,,14471,14407,1,38,38,40,40,28,28,30,30,35,35,38,38,106,106,1008,1008,1163,1163,1135,1135,1097,1097,1015,1015,929,929,983,983,944,944,992,992,1009,1009,1056,1056,956,956,299,299,192,192,130,130,94,94,48,48,,,,,,,,,,,,,,,,,,,,,,,,,,,,,,,,,,,,,,,,,,,,,,,,
14407,500,14114,14406,14216,1,38,38,40,40,28,28,30,30,35,35,38,38,106,106,1008,1008,1163,1163,1135,1135,1097,1097,1015,1015,929,929,983,983,944,944,992,992,1009,1009,1056,1056,956,956,299,299,192,192,130,130,94,94,48,48,,,,,,,,,,,,,,,,,,,,,,,,,,,,,,,,,,,,,,,,,,,,,,,,
14408,1600,14132,14409,,0,0,0,0,0,0,0,0,0,0,0,0,0,0,0,5,5,5,5,5,5,5,5,4,4,4,4,4,4,4,4,5,5,5,5,5,5,5,5,1,1,1,1,1,1,0,0,0,0,,,,,,,,,,,,,,,,,,,,,,,,,,,,,,,,,,,,,,,,,,,,,,,,
14409,1200,14408,14410,14440;14121,2,0,0,0,0,0,0,0,0,0,0,0,0,0,0,5,5,5,5,5,5,5,5,5,5,4,4,4,4,5,5,5,5,5,5,5,5,5,5,1,1,1,1,1,1,0,0,0,0,,,,,,,,,,,,,,,,,,,,,,,,,,,,,,,,,,,,,,,,,,,,,,,,
14410,2000,14411,14409,,0,44,44,45,45,32,32,34,34,40,40,43,43,121,121,1080,1080,1242,1242,1144,1144,1098,1098,1038,1038,976,976,968,968,1029,1029,1055,1055,1070,1070,1140,1140,1082,1082,396,396,247,247,161,161,118,118,64,64,,,,,,,,,,,,,,,,,,,,,,,,,,,,,,,,,,,,,,,,,,,,,,,,
14411,1500,14131,14410,14420,1,44,44,45,45,32,32,34,34,40,40,43,43,121,121,1080,1080,1242,1242,1144,1144,1098,1098,1038,1038,976,976,968,968,1029,1029,1055,1055,1070,1070,1140,1140,1082,1082,396,396,247,247,161,161,118,118,64,64,,,,,,,,,,,,,,,,,,,,,,,,,,,,,,,,,,,,,,,,,,,,,,,,
14412,2500,14238,14413,,0,44,44,45,45,32,32,34,34,40,40,43,43,121,121,1080,1080,1242,1242,1144,1144,1098,1098,1038,1038,976,976,968,968,1029,1029,1055,1055,1070,1070,1140,1140,1082,1082,396,396,247,247,161,161,118,118,64,64,,,,,,,,,,,,,,,,,,,,,,,,,,,,,,,,,,,,,,,,,,,,,,,,
14413,300,14085,14412,14414,1,0,0,0,0,0,0,0,0,0,0,0,0,1,1,6,6,7,7,6,6,6,6,6,6,5,5,5,5,5,5,6,6,6,6,6,6,6,6,2,2,1,1,1,1,1,1,0,0,,,,,,,,,,,,,,,,,,,,,,,,,,,,,,,,,,,,,,,,,,,,,,,,
14414,2500,14415,14413,,0,44,44,45,45,32,32,34,34,40,40,43,43,121,121,1080,1080,1242,1242,1144,1144,1098,1098,1038,1038,976,976,968,968,1029,1029,1055,1055,1070,1070,1140,1140,1082,1082,396,396,247,247,161,161,118,118,64,64,,,,,,,,,,,,,,,,,,,,,,,,,,,,,,,,,,,,,,,,,,,,,,,,
14415,4000,14131,14098,14414;14092,2,44,44,45,45,32,32,34,34,40,40,43,43,121,121,1080,1080,1242,1242,1144,1144,1098,1098,1038,1038,976,976,968,968,1029,1029,1055,1055,1070,1070,1140,1140,1082,1082,396,396,247,247,161,161,118,118,64,64,,,,,,,,,,,,,,,,,,,,,,,,,,,,,,,,,,,,,,,,,,,,,,,,
14416,1200,14419,14417,,0,0,0,0,0,0,0,0,0,0,0,0,0,0,0,1,1,1,1,1,1,1,1,1,1,1,1,1,1,1,1,1,1,1,1,1,1,1,1,0,0,0,0,0,0,0,0,0,0,,,,,,,,,,,,,,,,,,,,,,,,,,,,,,,,,,,,,,,,,,,,,,,,
14417,1200,14092,14416,14088,1,0,0,0,0,0,0,0,0,0,0,0,0,0,0,1,1,1,1,1,1,1,1,1,1,1,1,1,1,1,1,1,1,1,1,1,1,1,1,0,0,0,0,0,0,0,0,0,0,,,,,,,,,,,,,,,,,,,,,,,,,,,,,,,,,,,,,,,,,,,,,,,,
14418,800,14419,,,0,0,0,0,0,0,0,0,0,0,0,0,0,0,0,1,1,1,1,1,1,1,1,1,1,1,1,1,1,1,1,1,1,1,1,1,1,1,1,0,0,0,0,0,0,0,0,0,0,,,,,,,,,,,,,,,,,,,,,,,,,,,,,,,,,,,,,,,,,,,,,,,,
14419,300,14418,14086,14416,1,0,0,0,0,0,0,0,0,0,0,0,0,0,0,1,1,1,1,1,1,1,1,1,1,1,1,1,1,1,1,1,1,1,1,1,1,1,1,0,0,0,0,0,0,0,0,0,0,,,,,,,,,,,,,,,,,,,,,,,,,,,,,,,,,,,,,,,,,,,,,,,,
14420,3000,14411,14421,,0,44,44,45,45,32,32,34,34,40,40,43,43,121,121,1080,1080,1242,1242,1144,1144,1098,1098,1038,1038,976,976,968,968,1029,1029,1055,1055,1070,1070,1140,1140,1082,1082,396,396,247,247,161,161,118,118,64,64,,,,,,,,,,,,,,,,,,,,,,,,,,,,,,,,,,,,,,,,,,,,,,,,
14421,1600,14108,14420,14118,1,0,0,0,0,0,0,0,0,0,0,0,0,0,0,4,4,4,4,4,4,4,4,4,4,4,4,4,4,4,4,4,4,4,4,4,4,4,4,1,1,1,1,0,0,0,0,0,0,,,,,,,,,,,,,,,,,,,,,,,,,,,,,,,,,,,,,,,,,,,,,,,,
14422,1600,14099,14423,,0,0,0,0,0,0,0,0,0,0,0,0,0,0,0,2,2,2,2,2,2,2,2,1,1,1,1,1,1,1,1,1,1,2,2,2,2,2,2,0,0,0,0,0,0,0,0,0,0,,,,,,,,,,,,,,,,,,,,,,,,,,,,,,,,,,,,,,,,,,,,,,,,
14423,1600,14426,14422,14424,1,0,0,0,0,0,0,0,0,0,0,0,0,0,0,1,1,1,1,1,1,1,1,1,1,1,1,1,1,1,1,1,1,1,1,1,1,1,1,0,0,0,0,0,0,0,0,0,0,,,,,,,,,,,,,,,,,,,,,,,,,,,,,,,,,,,,,,,,,,,,,,,,
14424,1600,14425,14423,,0,0,0,0,0,0,0,0,0,0,0,0,0,0,0,1,1,1,1,1,1,1,1,1,1,1,1,1,1,1,1,1,1,1,1,1,1,1,1,0,0,0,0,0,0,0,0,0,0,,,,,,,,,,,,,,,,,,,,,,,,,,,,,,,,,,,,,,,,,,,,,,,,
14425,1200,14424,14101,14100,1,0,0,0,0,0,0,0,0,0,0,0,0,0,0,1,1,1,1,1,1,1,1,1,1,1,1,1,1,1,1,1,1,1,1,1,1,1,1,0,0,0,0,0,0,0,0,0,0,,,,,,,,,,,,,,,,,,,,,,,,,,,,,,,,,,,,,,,,,,,,,,,,
14426,1600,14427,14423,,0,0,0,0,0,0,0,0,0,0,0,0,0,0,0,1,1,1,1,1,1,1,1,1,1,1,1,1,1,1,1,1,1,1,1,1,1,1,1,0,0,0,0,0,0,0,0,0,0,,,,,,,,,,,,,,,,,,,,,,,,,,,,,,,,,,,,,,,,,,,,,,,,
14427,1200,,14426,14100,1,0,0,0,0,0,0,0,0,0,0,0,0,0,0,2,2,2,2,2,2,2,2,2,2,2,2,2,2,2,2,2,2,2,2,2,2,2,2,1,1,0,0,0,0,0,0,0,0,,,,,,,,,,,,,,,,,,,,,,,,,,,,,,,,,,,,,,,,,,,,,,,,
14428,1200,14125,14429,,0,0,0,0,0,0,0,0,0,0,0,0,0,0,0,3,3,4,4,4,4,3,3,3,3,3,3,3,3,3,3,3,3,3,3,4,4,3,3,1,1,1,1,0,0,0,0,0,0,,,,,,,,,,,,,,,,,,,,,,,,,,,,,,,,,,,,,,,,,,,,,,,,
14429,800,14124,14428,14133,1,0,0,0,0,0,0,0,0,0,0,0,0,0,0,4,4,4,4,4,4,4,4,4,4,4,4,4,4,4,4,4,4,4,4,4,4,4,4,1,1,1,1,0,0,0,0,0,0,,,,,,,,,,,,,,,,,,,,,,,,,,,,,,,,,,,,,,,,,,,,,,,,
14430,1200,14431,14104,,0,0,0,0,0,0,0,0,0,0,0,0,0,0,0,5,5,6,6,5,5,5,5,5,5,5,5,5,5,5,5,5,5,5,5,5,5,5,5,1,1,1,1,1,1,0,0,0,0,,,,,,,,,,,,,,,,,,,,,,,,,,,,,,,,,,,,,,,,,,,,,,,,
14431,1500,14430,14127,14124,1,44,44,45,45,32,32,34,34,40,40,43,43,121,121,1080,1080,1242,1242,1144,1144,1098,1098,1038,1038,976,976,968,968,1029,1029,1055,1055,1070,1070,1140,1140,1082,1082,396,396,247,247,161,161,118,118,64,64,,,,,,,,,,,,,,,,,,,,,,,,,,,,,,,,,,,,,,,,,,,,,,,,
14432,1600,14433,17574,,0,0,0,0,0,0,0,0,0,0,0,0,0,1,1,6,6,7,7,6,6,6,6,6,6,5,5,6,6,6,6,6,6,6,6,6,6,6,6,2,2,1,1,1,1,1,1,0,0,,,,,,,,,,,,,,,,,,,,,,,,,,,,,,,,,,,,,,,,,,,,,,,,
14433,1200,14103,14432,14116,1,0,0,0,0,0,0,0,0,0,0,0,0,0,0,5,5,5,5,5,5,5,5,4,4,4,4,4,4,4,4,4,4,5,5,5,5,5,5,1,1,1,1,1,1,0,0,0,0,,,,,,,,,,,,,,,,,,,,,,,,,,,,,,,,,,,,,,,,,,,,,,,,
14434,2500,17574,,,0,44,44,45,45,32,32,34,34,40,40,43,43,121,121,1080,1080,1242,1242,1144,1144,1098,1098,1038,1038,976,976,968,968,1029,1029,1055,1055,1070,1070,1140,1140,1082,1082,396,396,247,247,161,161,118,118,64,64,,,,,,,,,,,,,,,,,,,,,,,,,,,,,,,,,,,,,,,,,,,,,,,,
14435,800,,14436,,0,0,0,0,0,0,0,0,0,0,0,0,0,0,0,3,3,4,4,3,3,3,3,3,3,3,3,3,3,3,3,3,3,3,3,3,3,3,3,1,1,1,1,0,0,0,0,0,0,,,,,,,,,,,,,,,,,,,,,,,,,,,,,,,,,,,,,,,,,,,,,,,,
14436,1200,,14435,,0,0,0,0,0,0,0,0,0,0,0,0,0,1,1,6,6,7,7,6,6,6,6,6,6,5,5,6,6,6,6,6,6,6,6,6,6,6,6,2,2,1,1,1,1,1,1,0,0,,,,,,,,,,,,,,,,,,,,,,,,,,,,,,,,,,,,,,,,,,,,,,,,
14437,1000,14112,14439,14438,1,44,44,45,45,32,32,34,34,40,40,43,43,121,121,1080,1080,1242,1242,1144,1144,1098,1098,1038,1038,976,976,968,968,1029,1029,1055,1055,1070,1070,1140,1140,1082,1082,396,396,247,247,161,161,118,118,64,64,,,,,,,,,,,,,,,,,,,,,,,,,,,,,,,,,,,,,,,,,,,,,,,,
14438,500,14114,14098,14437,1,44,44,45,45,32,32,34,34,40,40,43,43,121,121,1080,1080,1242,1242,1144,1144,1098,1098,1038,1038,976,976,968,968,1029,1029,1055,1055,1070,1070,1140,1140,1082,1082,396,396,247,247,161,161,118,118,64,64,,,,,,,,,,,,,,,,,,,,,,,,,,,,,,,,,,,,,,,,,,,,,,,,
14439,3500,14094,14239,14437;14112,2,44,44,45,45,32,32,34,34,40,40,43,43,121,121,1080,1080,1242,1242,1144,1144,1098,1098,1038,1038,976,976,968,968,1029,1029,1055,1055,1070,1070,1140,1140,1082,1082,396,396,247,247,161,161,118,118,64,64,,,,,,,,,,,,,,,,,,,,,,,,,,,,,,,,,,,,,,,,,,,,,,,,
14440,2500,14409,14441,,0,44,44,45,45,32,32,34,34,40,40,43,43,121,121,1080,1080,1242,1242,1144,1144,1098,1098,1038,1038,976,976,968,968,1029,1029,1055,1055,1070,1070,1140,1140,1082,1082,396,396,247,247,161,161,118,118,64,64,,,,,,,,,,,,,,,,,,,,,,,,,,,,,,,,,,,,,,,,,,,,,,,,
14441,1500,14440,14122,14118,1,44,44,45,45,32,32,34,34,40,40,43,43,121,121,1080,1080,1242,1242,1144,1144,1098,1098,1038,1038,976,976,968,968,1029,1029,1055,1055,1070,1070,1140,1140,1082,1082,396,396,247,247,161,161,118,118,64,64,,,,,,,,,,,,,,,,,,,,,,,,,,,,,,,,,,,,,,,,,,,,,,,,
14442,300,,14059,14056,1,0,0,0,0,0,0,0,0,0,0,0,0,1,1,10,10,11,11,11,11,11,11,10,10,9,9,9,9,9,9,10,10,10,10,10,10,9,9,3,3,2,2,1,1,1,1,1,1,,,,,,,,,,,,,,,,,,,,,,,,,,,,,,,,,,,,,,,,,,,,,,,,
14443,300,,14444,,0,1,1,1,1,0,0,0,0,0,0,1,1,1,1,13,13,15,15,15,15,14,14,13,13,12,12,13,13,12,12,13,13,13,13,14,14,12,12,4,4,3,3,2,2,1,1,1,1,,,,,,,,,,,,,,,,,,,,,,,,,,,,,,,,,,,,,,,,,,,,,,,,
14444,550,14087,14068,14443,1,38,38,40,40,28,28,30,30,35,35,38,38,106,106,1008,1008,1163,1163,1135,1135,1097,1097,1015,1015,929,929,983,983,944,944,992,992,1009,1009,1056,1056,956,956,299,299,192,192,130,130,94,94,48,48,,,,,,,,,,,,,,,,,,,,,,,,,,,,,,,,,,,,,,,,,,,,,,,,
14445,300,,14060,14070,1,0,0,0,0,0,0,0,0,0,0,0,0,1,1,7,7,8,8,8,8,8,8,7,7,7,7,7,7,7,7,7,7,7,7,8,8,7,7,2,2,2,2,1,1,1,1,0,0,,,,,,,,,,,,,,,,,,,,,,,,,,,,,,,,,,,,,,,,,,,,,,,,
14446,1600,,14447,,0,0,0,0,0,0,0,0,0,0,0,0,0,0,0,4,4,5,5,5,5,4,4,4,4,4,4,4,4,4,4,4,4,4,4,5,5,4,4,1,1,1,1,1,1,0,0,0,0,,,,,,,,,,,,,,,,,,,,,,,,,,,,,,,,,,,,,,,,,,,,,,,,
14447,2500,14446,14082,14448,1,44,44,45,45,32,32,34,34,40,40,43,43,121,121,1080,1080,1242,1242,1144,1144,1098,1098,1038,1038,976,976,968,968,1029,1029,1055,1055,1070,1070,1140,1140,1082,1082,396,396,247,247,161,161,118,118,64,64,,,,,,,,,,,,,,,,,,,,,,,,,,,,,,,,,,,,,,,,,,,,,,,,
14448,1200,14447,14449,,0,0,0,0,0,0,0,0,0,0,0,0,0,0,0,4,4,5,5,5,5,4,4,4,4,4,4,4,4,4,4,4,4,4,4,5,5,4,4,1,1,1,1,1,1,0,0,0,0,,,,,,,,,,,,,,,,,,,,,,,,,,,,,,,,,,,,,,,,,,,,,,,,
14449,800,14076,14448,14075,1,0,0,0,0,0,0,0,0,0,0,0,0,0,0,2,2,2,2,2,2,2,2,2,2,2,2,2,2,2,2,2,2,2,2,2,2,2,2,1,1,0,0,0,0,0,0,0,0,,,,,,,,,,,,,,,,,,,,,,,,,,,,,,,,,,,,,,,,,,,,,,,,
14450,1600,14451,14455,,0,0,0,0,0,0,0,0,0,0,0,0,0,0,0,2,2,3,3,2,2,2,2,2,2,2,2,2,2,2,2,2,2,2,2,2,2,2,2,1,1,0,0,0,0,0,0,0,0,,,,,,,,,,,,,,,,,,,,,,,,,,,,,,,,,,,,,,,,,,,,,,,,
14451,800,14075,14450,14072,1,0,0,0,0,0,0,0,0,0,0,0,0,0,0,2,2,3,3,3,3,3,3,2,2,2,2,2,2,2,2,2,2,3,3,3,3,2,2,1,1,0,0,0,0,0,0,0,0,,,,,,,,,,,,,,,,,,,,,,,,,,,,,,,,,,,,,,,,,,,,,,,,
14452,4400,14453,,,0,67,67,70,70,49,49,53,53,62,62,67,67,186,186,910,910,1134,1134,1023,1023,977,977,900,900,812,812,861,861,864,864,851,851,886,886,939,939,854,854,524,524,336,336,227,227,165,165,84,84,,,,,,,,,,,,,,,,,,,,,,,,,,,,,,,,,,,,,,,,,,,,,,,,
14453,4000,14072,14457,14452;14462;14080,3,44,44,45,45,32,32,34,34,40,40,43,43,121,121,1080,1080,1242,1242,1144,1144,1098,1098,1038,1038,976,976,968,968,1029,1029,1055,1055,1070,1070,1140,1140,1082,1082,396,396,247,247,161,161,118,118,64,64,,,,,,,,,,,,,,,,,,,,,,,,,,,,,,,,,,,,,,,,,,,,,,,,
14454,1200,14455,14067,,0,0,0,0,0,0,0,0,0,0,0,0,0,0,0,3,3,3,3,3,3,3,3,3,3,3,3,3,3,3,3,3,3,3,3,3,3,3,3,1,1,1,1,0,0,0,0,0,0,,,,,,,,,,,,,,,,,,,,,,,,,,,,,,,,,,,,,,,,,,,,,,,,
14455,1200,14456,14454,14450,1,0,0,0,0,0,0,0,0,0,0,0,0,0,0,2,2,2,2,2,2,2,2,2,2,2,2,2,2,2,2,2,2,2,2,2,2,2,2,1,1,0,0,0,0,0,0,0,0,,,,,,,,,,,,,,,,,,,,,,,,,,,,,,,,,,,,,,,,,,,,,,,,
14456,1200,14455,,,0,0,0,0,0,0,0,0,0,0,0,0,0,0,0,1,1,1,1,1,1,1,1,1,1,1,1,1,1,1,1,1,1,1,1,1,1,1,1,0,0,0,0,0,0,0,0,0,0,,,,,,,,,,,,,,,,,,,,,,,,,,,,,,,,,,,,,,,,,,,,,,,,
14457,1200,,14453,,0,53,53,55,55,38,38,42,42,48,48,53,53,146,146,715,715,891,891,804,804,768,768,707,707,638,638,676,676,679,679,669,669,696,696,738,738,671,671,411,411,264,264,178,178,130,130,66,66,,,,,,,,,,,,,,,,,,,,,,,,,,,,,,,,,,,,,,,,,,,,,,,,
14458,1600,14459,,,0,0,0,0,0,0,0,0,0,0,0,0,0,0,0,3,3,3,3,3,3,3,3,3,3,3,3,3,3,3,3,3,3,3,3,3,3,3,3,1,1,1,1,0,0,0,0,0,0,,,,,,,,,,,,,,,,,,,,,,,,,,,,,,,,,,,,,,,,,,,,,,,,
14459,800,14077,14076,14460;14458,2,0,0,0,0,0,0,0,0,0,0,0,0,0,0,3,3,4,4,4,4,3,3,3,3,3,3,3,3,3,3,3,3,3,3,4,4,3,3,1,1,1,1,0,0,0,0,0,0,,,,,,,,,,,,,,,,,,,,,,,,,,,,,,,,,,,,,,,,,,,,,,,,
14460,1600,14461,14459,,0,0,0,0,0,0,0,0,0,0,0,0,0,0,0,4,4,5,5,4,4,4,4,4,4,4,4,4,4,4,4,4,4,4,4,4,4,4,4,1,1,1,1,0,0,0,0,0,0,,,,,,,,,,,,,,,,,,,,,,,,,,,,,,,,,,,,,,,,,,,,,,,,
14461,1200,14080,14460,14074,1,0,0,0,0,0,0,0,0,0,0,0,0,0,0,909,909,1002,1002,931,931,835,835,881,881,812,812,829,829,868,868,957,957,982,982,1027,1027,964,964,0,0,0,0,0,0,0,0,0,0,,,,,,,,,,,,,,,,,,,,,,,,,,,,,,,,,,,,,,,,,,,,,,,,
14462,4400,14453,14463,,0,44,44,45,45,32,32,34,34,40,40,43,43,121,121,1080,1080,1242,1242,1144,1144,1098,1098,1038,1038,976,976,968,968,1029,1029,1055,1055,1070,1070,1140,1140,1082,1082,396,396,247,247,161,161,118,118,64,64,,,,,,,,,,,,,,,,,,,,,,,,,,,,,,,,,,,,,,,,,,,,,,,,
14463,3000,14464,14074,14462,1,44,44,45,45,32,32,34,34,40,40,43,43,121,121,1080,1080,1242,1242,1144,1144,1098,1098,1038,1038,976,976,968,968,1029,1029,1055,1055,1070,1070,1140,1140,1082,1082,396,396,247,247,161,161,118,118,64,64,,,,,,,,,,,,,,,,,,,,,,,,,,,,,,,,,,,,,,,,,,,,,,,,
14464,4400,14463,14465,,0,44,44,45,45,32,32,34,34,40,40,43,43,121,121,1080,1080,1242,1242,1144,1144,1098,1098,1038,1038,976,976,968,968,1029,1029,1055,1055,1070,1070,1140,1140,1082,1082,396,396,247,247,161,161,118,118,64,64,,,,,,,,,,,,,,,,,,,,,,,,,,,,,,,,,,,,,,,,,,,,,,,,
14465,2500,14468,14464,14466,1,44,44,45,45,32,32,34,34,40,40,43,43,121,121,1080,1080,1242,1242,1144,1144,1098,1098,1038,1038,976,976,968,968,1029,1029,1055,1055,1070,1070,1140,1140,1082,1082,396,396,247,247,161,161,118,118,64,64,,,,,,,,,,,,,,,,,,,,,,,,,,,,,,,,,,,,,,,,,,,,,,,,
14466,4400,14467,14465,,0,44,44,45,45,32,32,34,34,40,40,43,43,121,121,1080,1080,1242,1242,1144,1144,1098,1098,1038,1038,976,976,968,968,1029,1029,1055,1055,1070,1070,1140,1140,1082,1082,396,396,247,247,161,161,118,118,64,64,,,,,,,,,,,,,,,,,,,,,,,,,,,,,,,,,,,,,,,,,,,,,,,,
14467,2500,14071,14466,14470,1,44,44,45,45,32,32,34,34,40,40,43,43,121,121,1080,1080,1242,1242,1144,1144,1098,1098,1038,1038,976,976,968,968,1029,1029,1055,1055,1070,1070,1140,1140,1082,1082,396,396,247,247,161,161,118,118,64,64,,,,,,,,,,,,,,,,,,,,,,,,,,,,,,,,,,,,,,,,,,,,,,,,
14468,1200,14469,14465,,0,0,0,0,0,0,0,0,0,0,0,0,0,0,0,3,3,4,4,4,4,3,3,3,3,3,3,3,3,3,3,3,3,3,3,4,4,3,3,1,1,1,1,0,0,0,0,0,0,,,,,,,,,,,,,,,,,,,,,,,,,,,,,,,,,,,,,,,,,,,,,,,,
14469,800,14468,,14055,1,0,0,0,0,0,0,0,0,0,0,0,0,0,0,2,2,2,2,2,2,2,2,2,2,2,2,2,2,2,2,2,2,2,2,2,2,2,2,1,1,0,0,0,0,0,0,0,0,,,,,,,,,,,,,,,,,,,,,,,,,,,,,,,,,,,,,,,,,,,,,,,,
14470,4400,14467,17078,,0,44,44,45,45,32,32,34,34,40,40,43,43,121,121,1080,1080,1242,1242,1144,1144,1098,1098,1038,1038,976,976,968,968,1029,1029,1055,1055,1070,1070,1140,1140,1082,1082,396,396,247,247,161,161,118,118,64,64,,,,,,,,,,,,,,,,,,,,,,,,,,,,,,,,,,,,,,,,,,,,,,,,
14471,3850,14112,14109,14239;14406;14474,3,38,38,40,40,28,28,30,30,35,35,38,38,106,106,1008,1008,1163,1163,1135,1135,1097,1097,1015,1015,929,929,983,983,944,944,992,992,1009,1009,1056,1056,956,956,299,299,192,192,130,130,94,94,48,48,,,,,,,,,,,,,,,,,,,,,,,,,,,,,,,,,,,,,,,,,,,,,,,,
14472,2000,14397,14473,,0,38,38,40,40,28,28,30,30,35,35,38,38,106,106,1008,1008,1163,1163,1135,1135,1097,1097,1015,1015,929,929,983,983,944,944,992,992,1009,1009,1056,1056,956,956,299,299,192,192,130,130,94,94,48,48,,,,,,,,,,,,,,,,,,,,,,,,,,,,,,,,,,,,,,,,,,,,,,,,
14473,3000,14396,,14472,1,38,38,40,40,28,28,30,30,35,35,38,38,106,106,1008,1008,1163,1163,1135,1135,1097,1097,1015,1015,929,929,983,983,944,944,992,992,1009,1009,1056,1056,956,956,299,299,192,192,130,130,94,94,48,48,,,,,,,,,,,,,,,,,,,,,,,,,,,,,,,,,,,,,,,,,,,,,,,,
14474,800,14109,14237,14239;14137;14471,3,1,1,1,1,0,0,0,0,1,1,1,1,2,2,14,14,16,16,15,15,15,15,14,14,12,12,13,13,13,13,13,13,14,14,14,14,13,13,4,4,3,3,2,2,1,1,1,1,,,,,,,,,,,,,,,,,,,,,,,,,,,,,,,,,,,,,,,,,,,,,,,,
14475,400,9337,14483,9335;14480,2,0,0,0,0,0,0,0,0,0,0,0,0,0,0,3,3,4,4,3,3,3,3,3,3,3,3,3,3,3,3,3,3,3,3,3,3,3,3,1,1,1,1,1,1,0,0,0,0,,,,,,,,,,,,,,,,,,,,,,,,,,,,,,,,,,,,,,,,,,,,,,,,
14476,600,,14926,,0,0,0,0,0,0,0,0,0,0,0,0,0,0,0,3,3,4,4,3,3,3,3,3,3,3,3,3,3,3,3,3,3,3,3,3,3,3,3,1,1,1,1,1,1,0,0,0,0,,,,,,,,,,,,,,,,,,,,,,,,,,,,,,,,,,,,,,,,,,,,,,,,
14477,600,14877,9336,,0,0,0,0,0,0,0,0,0,0,0,0,0,0,0,3,3,4,4,3,3,3,3,3,3,3,3,3,3,3,3,3,3,3,3,3,3,3,3,1,1,1,1,1,1,0,0,0,0,,,,,,,,,,,,,,,,,,,,,,,,,,,,,,,,,,,,,,,,,,,,,,,,
14478,4000,14876,9343,9339;9443;14870;14513,4,67,67,70,70,49,49,53,53,62,62,67,67,186,186,910,910,1134,1134,1023,1023,977,977,900,900,812,812,861,861,864,864,851,851,886,886,939,939,854,854,524,524,336,336,227,227,165,165,84,84,,,,,,,,,,,,,,,,,,,,,,,,,,,,,,,,,,,,,,,,,,,,,,,,
14479,300,14879,14484,,0,0,0,0,0,0,0,0,0,0,0,0,0,0,0,1,1,1,1,1,1,1,1,1,1,1,1,1,1,1,1,1,1,1,1,1,1,1,1,0,0,0,0,0,0,0,0,0,0,,,,,,,,,,,,,,,,,,,,,,,,,,,,,,,,,,,,,,,,,,,,,,,,
14480,800,14475,14482,,0,0,0,0,0,0,0,0,0,0,0,0,0,0,0,2,2,2,2,2,2,2,2,2,2,2,2,2,2,2,2,2,2,2,2,2,2,2,2,0,0,0,0,0,0,0,0,0,0,,,,,,,,,,,,,,,,,,,,,,,,,,,,,,,,,,,,,,,,,,,,,,,,
14481,1200,14838,14482,,0,0,0,0,0,0,0,0,0,0,0,0,0,0,0,2,2,2,2,2,2,2,2,2,2,2,2,2,2,2,2,2,2,2,2,2,2,2,2,1,1,0,0,0,0,0,0,0,0,,,,,,,,,,,,,,,,,,,,,,,,,,,,,,,,,,,,,,,,,,,,,,,,
14482,800,14492,14481,14480;14487,2,0,0,0,0,0,0,0,0,0,0,0,0,0,0,3,3,3,3,3,3,3,3,3,3,2,2,2,2,2,2,3,3,3,3,3,3,3,3,1,1,0,0,0,0,0,0,0,0,,,,,,,,,,,,,,,,,,,,,,,,,,,,,,,,,,,,,,,,,,,,,,,,
14483,1200,14823,14475,,0,0,0,0,0,0,0,0,0,0,0,0,0,0,0,1,1,1,1,1,1,1,1,1,1,1,1,1,1,1,1,1,1,1,1,1,1,1,1,0,0,0,0,0,0,0,0,0,0,,,,,,,,,,,,,,,,,,,,,,,,,,,,,,,,,,,,,,,,,,,,,,,,
14484,1600,14479,14877,14871,1,0,0,0,0,0,0,0,0,0,0,0,0,0,0,2,2,2,2,2,2,2,2,2,2,2,2,2,2,2,2,2,2,2,2,2,2,2,2,1,1,1,1,0,0,0,0,0,0,,,,,,,,,,,,,,,,,,,,,,,,,,,,,,,,,,,,,,,,,,,,,,,,
14485,4400,9338,9361,14924,1,63,63,65,65,46,46,49,49,57,57,62,62,174,174,982,982,1182,1182,1077,1077,1043,1043,955,955,884,884,900,900,934,934,926,926,948,948,1012,1012,944,944,526,526,333,333,221,221,161,161,84,84,,,,,,,,,,,,,,,,,,,,,,,,,,,,,,,,,,,,,,,,,,,,,,,,
14486,4400,14927,,,0,43,43,43,43,30,30,32,32,38,38,42,42,118,118,1168,1168,1302,1302,1212,1212,1190,1190,1101,1101,1066,1066,1011,1011,1113,1113,1136,1136,1132,1132,1218,1218,1186,1186,443,443,270,270,171,171,125,125,72,72,,,,,,,,,,,,,,,,,,,,,,,,,,,,,,,,,,,,,,,,,,,,,,,,
14487,800,14482,,,0,0,0,0,0,0,0,0,0,0,0,0,0,0,0,3,3,4,4,3,3,3,3,3,3,3,3,3,3,3,3,3,3,3,3,3,3,3,3,1,1,1,1,0,0,0,0,0,0,,,,,,,,,,,,,,,,,,,,,,,,,,,,,,,,,,,,,,,,,,,,,,,,
14488,800,14919,,,0,0,0,0,0,0,0,0,0,0,0,0,0,0,0,1,1,2,2,1,1,1,1,1,1,1,1,1,1,1,1,1,1,1,1,1,1,1,1,1,1,0,0,0,0,0,0,0,0,,,,,,,,,,,,,,,,,,,,,,,,,,,,,,,,,,,,,,,,,,,,,,,,
14489,300,,14929,,0,0,0,0,0,0,0,0,0,0,0,0,0,0,0,1,1,2,2,2,2,2,2,1,1,1,1,1,1,1,1,1,1,1,1,2,2,1,1,1,1,0,0,0,0,0,0,0,0,,,,,,,,,,,,,,,,,,,,,,,,,,,,,,,,,,,,,,,,,,,,,,,,
14490,300,14840,,,0,0,0,0,0,0,0,0,0,0,0,0,0,1,1,9,9,10,10,9,9,9,9,9,9,8,8,8,8,8,8,9,9,9,9,9,9,9,9,2,2,1,1,1,1,1,1,0,0,,,,,,,,,,,,,,,,,,,,,,,,,,,,,,,,,,,,,,,,,,,,,,,,
14491,1200,14924,,,0,0,0,0,0,0,0,0,0,0,0,0,0,0,0,1,1,1,1,1,1,1,1,1,1,1,1,1,1,1,1,1,1,1,1,1,1,1,1,0,0,0,0,0,0,0,0,0,0,,,,,,,,,,,,,,,,,,,,,,,,,,,,,,,,,,,,,,,,,,,,,,,,
14492,1200,14482,14821,,0,0,0,0,0,0,0,0,0,0,0,0,0,0,0,2,2,2,2,2,2,2,2,2,2,2,2,2,2,2,2,2,2,2,2,2,2,2,2,1,1,0,0,0,0,0,0,0,0,,,,,,,,,,,,,,,,,,,,,,,,,,,,,,,,,,,,,,,,,,,,,,,,
14493,1200,14926,14844,,0,0,0,0,0,0,0,0,0,0,0,0,0,0,0,0,0,0,0,0,0,0,0,0,0,0,0,0,0,0,0,0,0,0,0,0,0,0,0,0,0,0,0,0,0,0,0,0,0,,,,,,,,,,,,,,,,,,,,,,,,,,,,,,,,,,,,,,,,,,,,,,,,
14494,1200,14846,14844,,0,0,0,0,0,0,0,0,0,0,0,0,0,0,0,1,1,1,1,1,1,1,1,1,1,1,1,1,1,1,1,1,1,1,1,1,1,1,1,0,0,0,0,0,0,0,0,0,0,,,,,,,,,,,,,,,,,,,,,,,,,,,,,,,,,,,,,,,,,,,,,,,,
14495,400,14917,14909,,0,0,0,0,0,0,0,0,0,0,0,0,0,0,0,1,1,1,1,1,1,1,1,1,1,1,1,1,1,1,1,1,1,1,1,1,1,1,1,0,0,0,0,0,0,0,0,0,0,,,,,,,,,,,,,,,,,,,,,,,,,,,,,,,,,,,,,,,,,,,,,,,,
14496,1200,14917,14499,,0,0,0,0,0,0,0,0,0,0,0,0,0,0,0,2,2,3,3,3,3,3,3,2,2,2,2,2,2,2,2,2,2,2,2,3,3,2,2,1,1,1,1,0,0,0,0,0,0,,,,,,,,,,,,,,,,,,,,,,,,,,,,,,,,,,,,,,,,,,,,,,,,
14497,600,14885,,,0,0,0,0,0,0,0,0,0,0,0,0,0,0,0,3,3,3,3,3,3,3,3,3,3,3,3,2,2,3,3,3,3,3,3,3,3,3,3,1,1,1,1,0,0,0,0,0,0,,,,,,,,,,,,,,,,,,,,,,,,,,,,,,,,,,,,,,,,,,,,,,,,
14498,300,13414,14499,,0,0,0,0,0,0,0,0,0,0,0,0,0,0,0,894,894,944,944,1009,1009,988,988,917,917,851,851,900,900,826,826,926,926,922,922,952,952,857,857,0,0,0,0,0,0,0,0,0,0,,,,,,,,,,,,,,,,,,,,,,,,,,,,,,,,,,,,,,,,,,,,,,,,
14499,400,14507,14498,14496;14523,2,0,0,0,0,0,0,0,0,0,0,0,0,0,0,2,2,3,3,2,2,2,2,2,2,2,2,2,2,2,2,2,2,2,2,2,2,2,2,1,1,1,1,0,0,0,0,0,0,,,,,,,,,,,,,,,,,,,,,,,,,,,,,,,,,,,,,,,,,,,,,,,,
145,2500,135,152,140;186,2,27,27,28,28,20,20,21,21,25,25,27,27,74,74,1049,1049,1182,1182,1170,1170,1126,1126,1056,1056,970,970,1022,1022,982,982,1052,1052,1066,1066,1112,1112,1010,1010,210,210,134,134,91,91,66,66,34,34,,,,,,,,,,,,,,,,,,,,,,,,,,,,,,,,,,,,,,,,,,,,,,,,
14500,4400,14873,14875,,0,43,43,43,43,30,30,32,32,38,38,42,42,118,118,1168,1168,1302,1302,1212,1212,1190,1190,1101,1101,1066,1066,1011,1011,1113,1113,1136,1136,1132,1132,1218,1218,1186,1186,443,443,270,270,171,171,125,125,72,72,,,,,,,,,,,,,,,,,,,,,,,,,,,,,,,,,,,,,,,,,,,,,,,,
14501,400,14881,14869,,0,0,0,0,0,0,0,0,0,0,0,0,0,0,0,2,2,2,2,2,2,2,2,2,2,2,2,2,2,2,2,2,2,2,2,2,2,2,2,1,1,0,0,0,0,0,0,0,0,,,,,,,,,,,,,,,,,,,,,,,,,,,,,,,,,,,,,,,,,,,,,,,,
14502,400,14911,14907,,0,0,0,0,0,0,0,0,0,0,0,0,0,0,0,1,1,1,1,1,1,1,1,1,1,1,1,0,0,1,1,1,1,1,1,1,1,1,1,0,0,0,0,0,0,0,0,0,0,,,,,,,,,,,,,,,,,,,,,,,,,,,,,,,,,,,,,,,,,,,,,,,,
14503,300,14514,14524,14506;14538,2,0,0,0,0,0,0,0,0,0,0,0,0,0,0,1,1,1,1,1,1,1,1,1,1,1,1,1,1,1,1,1,1,1,1,1,1,1,1,0,0,0,0,0,0,0,0,0,0,,,,,,,,,,,,,,,,,,,,,,,,,,,,,,,,,,,,,,,,,,,,,,,,
14504,1200,14842,14512,,0,0,0,0,0,0,0,0,0,0,0,0,0,0,0,0,0,0,0,0,0,0,0,0,0,0,0,0,0,0,0,0,0,0,0,0,0,0,0,0,0,0,0,0,0,0,0,0,0,,,,,,,,,,,,,,,,,,,,,,,,,,,,,,,,,,,,,,,,,,,,,,,,
14505,1200,,14909,,0,0,0,0,0,0,0,0,0,0,0,0,0,0,0,0,0,1,1,0,0,0,0,0,0,0,0,0,0,0,0,0,0,0,0,0,0,0,0,0,0,0,0,0,0,0,0,0,0,,,,,,,,,,,,,,,,,,,,,,,,,,,,,,,,,,,,,,,,,,,,,,,,
14506,4400,14503,14885,,0,43,43,43,43,30,30,32,32,38,38,42,42,118,118,1168,1168,1302,1302,1212,1212,1190,1190,1101,1101,1066,1066,1011,1011,1113,1113,1136,1136,1132,1132,1218,1218,1186,1186,443,443,270,270,171,171,125,125,72,72,,,,,,,,,,,,,,,,,,,,,,,,,,,,,,,,,,,,,,,,,,,,,,,,
14507,800,14508,14499,,0,0,0,0,0,0,0,0,0,0,0,0,0,0,0,2,2,2,2,2,2,2,2,2,2,1,1,1,1,2,2,2,2,2,2,2,2,2,2,1,1,0,0,0,0,0,0,0,0,,,,,,,,,,,,,,,,,,,,,,,,,,,,,,,,,,,,,,,,,,,,,,,,
14508,300,14906,14527,14507;14519,2,0,0,0,0,0,0,0,0,0,0,0,0,0,0,1,1,1,1,1,1,1,1,1,1,1,1,1,1,1,1,1,1,1,1,1,1,1,1,0,0,0,0,0,0,0,0,0,0,,,,,,,,,,,,,,,,,,,,,,,,,,,,,,,,,,,,,,,,,,,,,,,,
14509,4400,14821,14836,,0,34,34,35,35,25,25,27,27,31,31,34,34,94,94,1045,1045,1197,1197,1143,1143,1090,1090,1034,1034,953,953,989,989,986,986,1038,1038,1058,1058,1111,1111,1023,1023,276,276,176,176,118,118,86,86,44,44,,,,,,,,,,,,,,,,,,,,,,,,,,,,,,,,,,,,,,,,,,,,,,,,
14510,800,14846,9431,,0,0,0,0,0,0,0,0,0,0,0,0,0,0,0,3,3,4,4,3,3,3,3,3,3,3,3,3,3,3,3,3,3,3,3,3,3,3,3,1,1,1,1,1,1,0,0,0,0,,,,,,,,,,,,,,,,,,,,,,,,,,,,,,,,,,,,,,,,,,,,,,,,
14511,1200,14834,14512,,0,53,53,55,55,38,38,42,42,48,48,53,53,146,146,715,715,891,891,804,804,768,768,707,707,638,638,676,676,679,679,669,669,696,696,738,738,671,671,411,411,264,264,178,178,130,130,66,66,,,,,,,,,,,,,,,,,,,,,,,,,,,,,,,,,,,,,,,,,,,,,,,,
14512,1600,14511,14515,14504;14530,2,0,0,0,0,0,0,0,0,0,0,0,0,0,0,0,0,0,0,0,0,0,0,0,0,0,0,0,0,0,0,0,0,0,0,0,0,0,0,0,0,0,0,0,0,0,0,0,0,,,,,,,,,,,,,,,,,,,,,,,,,,,,,,,,,,,,,,,,,,,,,,,,
14513,1650,14478,14875,,0,43,43,43,43,30,30,32,32,38,38,42,42,118,118,1168,1168,1302,1302,1212,1212,1190,1190,1101,1101,1066,1066,1011,1011,1113,1113,1136,1136,1132,1132,1218,1218,1186,1186,443,443,270,270,171,171,125,125,72,72,,,,,,,,,,,,,,,,,,,,,,,,,,,,,,,,,,,,,,,,,,,,,,,,
14514,1200,14911,14503,,0,0,0,0,0,0,0,0,0,0,0,0,0,0,0,1,1,1,1,1,1,1,1,1,1,1,1,1,1,1,1,1,1,1,1,1,1,1,1,0,0,0,0,0,0,0,0,0,0,,,,,,,,,,,,,,,,,,,,,,,,,,,,,,,,,,,,,,,,,,,,,,,,
14515,1200,14512,14516,,0,0,0,0,0,0,0,0,0,0,0,0,0,0,0,1,1,1,1,1,1,1,1,1,1,1,1,1,1,1,1,1,1,1,1,1,1,1,1,0,0,0,0,0,0,0,0,0,0,,,,,,,,,,,,,,,,,,,,,,,,,,,,,,,,,,,,,,,,,,,,,,,,
14516,1600,14515,14517,14845;14851,2,0,0,0,0,0,0,0,0,0,0,0,0,0,0,3,3,3,3,3,3,3,3,2,2,2,2,2,2,2,2,2,2,2,2,3,3,3,3,1,1,1,1,0,0,0,0,0,0,,,,,,,,,,,,,,,,,,,,,,,,,,,,,,,,,,,,,,,,,,,,,,,,
14517,1200,14518,14516,,0,0,0,0,0,0,0,0,0,0,0,0,0,0,0,2,2,2,2,2,2,2,2,1,1,1,1,1,1,1,1,1,1,1,1,2,2,2,2,1,1,0,0,0,0,0,0,0,0,,,,,,,,,,,,,,,,,,,,,,,,,,,,,,,,,,,,,,,,,,,,,,,,
14518,1600,14517,14520,14872;14526,2,0,0,0,0,0,0,0,0,0,0,0,0,0,0,1,1,1,1,1,1,1,1,1,1,1,1,1,1,1,1,1,1,1,1,1,1,1,1,0,0,0,0,0,0,0,0,0,0,,,,,,,,,,,,,,,,,,,,,,,,,,,,,,,,,,,,,,,,,,,,,,,,
14519,600,14508,14905,,0,0,0,0,0,0,0,0,0,0,0,0,0,0,0,1,1,1,1,1,1,1,1,1,1,1,1,1,1,1,1,1,1,1,1,1,1,1,1,0,0,0,0,0,0,0,0,0,0,,,,,,,,,,,,,,,,,,,,,,,,,,,,,,,,,,,,,,,,,,,,,,,,
14520,1200,14541,14518,,0,0,0,0,0,0,0,0,0,0,0,0,0,0,0,2,2,2,2,2,2,2,2,2,2,1,1,1,1,2,2,2,2,2,2,2,2,2,2,1,1,0,0,0,0,0,0,0,0,,,,,,,,,,,,,,,,,,,,,,,,,,,,,,,,,,,,,,,,,,,,,,,,
14521,300,14851,,,0,0,0,0,0,0,0,0,0,0,0,0,0,0,0,3,3,3,3,3,3,3,3,2,2,2,2,2,2,2,2,3,3,2,2,3,3,3,3,1,1,1,1,0,0,0,0,0,0,,,,,,,,,,,,,,,,,,,,,,,,,,,,,,,,,,,,,,,,,,,,,,,,
14522,600,13396,14915,,0,53,53,55,55,38,38,42,42,48,48,53,53,146,146,715,715,891,891,804,804,768,768,707,707,638,638,676,676,679,679,669,669,696,696,738,738,671,671,411,411,264,264,178,178,130,130,66,66,,,,,,,,,,,,,,,,,,,,,,,,,,,,,,,,,,,,,,,,,,,,,,,,
14523,2500,14499,14915,,0,43,43,43,43,30,30,32,32,38,38,42,42,118,118,1168,1168,1302,1302,1212,1212,1190,1190,1101,1101,1066,1066,1011,1011,1113,1113,1136,1136,1132,1132,1218,1218,1186,1186,443,443,270,270,171,171,125,125,72,72,,,,,,,,,,,,,,,,,,,,,,,,,,,,,,,,,,,,,,,,,,,,,,,,
14524,2500,14503,14889,,0,67,67,70,70,49,49,53,53,62,62,67,67,186,186,910,910,1134,1134,1023,1023,977,977,900,900,812,812,861,861,864,864,851,851,886,886,939,939,854,854,524,524,336,336,227,227,165,165,84,84,,,,,,,,,,,,,,,,,,,,,,,,,,,,,,,,,,,,,,,,,,,,,,,,
14525,300,14897,14903,,0,0,0,0,0,0,0,0,0,0,0,0,0,0,0,2,2,2,2,2,2,2,2,1,1,1,1,1,1,1,1,1,1,1,1,2,2,2,2,1,1,0,0,0,0,0,0,0,0,,,,,,,,,,,,,,,,,,,,,,,,,,,,,,,,,,,,,,,,,,,,,,,,
14526,1600,14853,14518,,0,0,0,0,0,0,0,0,0,0,0,0,0,0,0,2,2,2,2,2,2,2,2,2,2,2,2,2,2,2,2,2,2,2,2,2,2,2,2,1,1,0,0,0,0,0,0,0,0,,,,,,,,,,,,,,,,,,,,,,,,,,,,,,,,,,,,,,,,,,,,,,,,
14527,800,14903,14508,,0,53,53,55,55,38,38,42,42,48,48,53,53,146,146,715,715,891,891,804,804,768,768,707,707,638,638,676,676,679,679,669,669,696,696,738,738,671,671,411,411,264,264,178,178,130,130,66,66,,,,,,,,,,,,,,,,,,,,,,,,,,,,,,,,,,,,,,,,,,,,,,,,
14528,300,,14848,,0,0,0,0,0,0,0,0,0,0,0,0,0,0,0,4,4,5,5,5,5,5,5,4,4,4,4,4,4,4,4,4,4,4,4,5,5,4,4,1,1,1,1,0,0,0,0,0,0,,,,,,,,,,,,,,,,,,,,,,,,,,,,,,,,,,,,,,,,,,,,,,,,
14529,800,,14850,,0,0,0,0,0,0,0,0,0,0,0,0,0,1,1,7,7,8,8,8,8,8,8,7,7,7,7,7,7,7,7,7,7,7,7,8,8,7,7,2,2,1,1,1,1,1,1,0,0,,,,,,,,,,,,,,,,,,,,,,,,,,,,,,,,,,,,,,,,,,,,,,,,
14530,1200,14512,14536,,0,0,0,0,0,0,0,0,0,0,0,0,0,0,0,0,0,0,0,0,0,0,0,0,0,0,0,0,0,0,0,0,0,0,0,0,0,0,0,0,0,0,0,0,0,0,0,0,0,,,,,,,,,,,,,,,,,,,,,,,,,,,,,,,,,,,,,,,,,,,,,,,,
14531,300,14891,14887,,0,0,0,0,0,0,0,0,0,0,0,0,0,0,0,2,2,2,2,2,2,2,2,2,2,2,2,2,2,2,2,2,2,2,2,2,2,2,2,1,1,0,0,0,0,0,0,0,0,,,,,,,,,,,,,,,,,,,,,,,,,,,,,,,,,,,,,,,,,,,,,,,,
14532,1000,14534,14552,14831;14599,2,34,34,35,35,25,25,27,27,31,31,34,34,94,94,1045,1045,1197,1197,1143,1143,1090,1090,1034,1034,953,953,989,989,986,986,1038,1038,1058,1058,1111,1111,1023,1023,276,276,176,176,118,118,86,86,44,44,,,,,,,,,,,,,,,,,,,,,,,,,,,,,,,,,,,,,,,,,,,,,,,,
14533,300,14541,14867,,0,0,0,0,0,0,0,0,0,0,0,0,0,0,0,1,1,2,2,2,2,2,2,1,1,1,1,1,1,1,1,1,1,1,1,2,2,1,1,1,1,0,0,0,0,0,0,0,0,,,,,,,,,,,,,,,,,,,,,,,,,,,,,,,,,,,,,,,,,,,,,,,,
14534,800,14848,14532,,0,0,0,0,0,0,0,0,0,0,0,0,0,0,0,3,3,4,4,4,4,4,4,3,3,3,3,3,3,3,3,3,3,3,3,4,4,3,3,1,1,1,1,0,0,0,0,0,0,,,,,,,,,,,,,,,,,,,,,,,,,,,,,,,,,,,,,,,,,,,,,,,,
14535,1200,14893,14899,,0,0,0,0,0,0,0,0,0,0,0,0,0,0,0,1,1,1,1,1,1,1,1,1,1,1,1,1,1,1,1,1,1,1,1,1,1,1,1,0,0,0,0,0,0,0,0,0,0,,,,,,,,,,,,,,,,,,,,,,,,,,,,,,,,,,,,,,,,,,,,,,,,
14536,1200,14847,14539,14530;14554,2,0,0,0,0,0,0,0,0,0,0,0,0,0,0,0,0,0,0,0,0,0,0,0,0,0,0,0,0,0,0,0,0,0,0,0,0,0,0,0,0,0,0,0,0,0,0,0,0,,,,,,,,,,,,,,,,,,,,,,,,,,,,,,,,,,,,,,,,,,,,,,,,
14537,4400,14912,13399,14914,1,43,43,43,43,30,30,32,32,38,38,42,42,118,118,1168,1168,1302,1302,1212,1212,1190,1190,1101,1101,1066,1066,1011,1011,1113,1113,1136,1136,1132,1132,1218,1218,1186,1186,443,443,270,270,171,171,125,125,72,72,,,,,,,,,,,,,,,,,,,,,,,,,,,,,,,,,,,,,,,,,,,,,,,,
14538,300,14503,14901,,0,0,0,0,0,0,0,0,0,0,0,0,0,0,0,1,1,1,1,1,1,1,1,1,1,1,1,1,1,1,1,1,1,1,1,1,1,1,1,0,0,0,0,0,0,0,0,0,0,,,,,,,,,,,,,,,,,,,,,,,,,,,,,,,,,,,,,,,,,,,,,,,,
14539,4400,14536,14851,14557,1,43,43,43,43,30,30,32,32,38,38,42,42,118,118,1168,1168,1302,1302,1212,1212,1190,1190,1101,1101,1066,1066,1011,1011,1113,1113,1136,1136,1132,1132,1218,1218,1186,1186,443,443,270,270,171,171,125,125,72,72,,,,,,,,,,,,,,,,,,,,,,,,,,,,,,,,,,,,,,,,,,,,,,,,
14540,1200,14853,14544,,0,0,0,0,0,0,0,0,0,0,0,0,0,0,0,1,1,1,1,1,1,1,1,1,1,1,1,1,1,1,1,1,1,1,1,1,1,1,1,0,0,0,0,0,0,0,0,0,0,,,,,,,,,,,,,,,,,,,,,,,,,,,,,,,,,,,,,,,,,,,,,,,,
14541,4400,14544,14869,14520;14533,2,43,43,43,43,30,30,32,32,38,38,42,42,118,118,1168,1168,1302,1302,1212,1212,1190,1190,1101,1101,1066,1066,1011,1011,1113,1113,1136,1136,1132,1132,1218,1218,1186,1186,443,443,270,270,171,171,125,125,72,72,,,,,,,,,,,,,,,,,,,,,,,,,,,,,,,,,,,,,,,,,,,,,,,,
14542,4000,14913,14543,,0,43,43,43,43,30,30,32,32,38,38,42,42,118,118,1168,1168,1302,1302,1212,1212,1190,1190,1101,1101,1066,1066,1011,1011,1113,1113,1136,1136,1132,1132,1218,1218,1186,1186,443,443,270,270,171,171,125,125,72,72,,,,,,,,,,,,,,,,,,,,,,,,,,,,,,,,,,,,,,,,,,,,,,,,
14543,800,14548,14896,14542;14560,2,0,0,0,0,0,0,0,0,0,0,0,0,0,0,2,2,2,2,2,2,2,2,2,2,2,2,1,1,2,2,2,2,2,2,2,2,2,2,1,1,0,0,0,0,0,0,0,0,,,,,,,,,,,,,,,,,,,,,,,,,,,,,,,,,,,,,,,,,,,,,,,,
14544,1600,14541,14570,14540;14562,2,0,0,0,0,0,0,0,0,0,0,0,0,0,0,1,1,1,1,1,1,1,1,1,1,1,1,1,1,1,1,1,1,1,1,1,1,1,1,0,0,0,0,0,0,0,0,0,0,,,,,,,,,,,,,,,,,,,,,,,,,,,,,,,,,,,,,,,,,,,,,,,,
14545,300,14893,,,0,0,0,0,0,0,0,0,0,0,0,0,0,0,0,1,1,2,2,2,2,2,2,1,1,1,1,1,1,1,1,1,1,1,1,2,2,1,1,1,1,0,0,0,0,0,0,0,0,,,,,,,,,,,,,,,,,,,,,,,,,,,,,,,,,,,,,,,,,,,,,,,,
14546,4400,14832,9342,14826;14572,2,34,34,35,35,25,25,27,27,31,31,34,34,94,94,1045,1045,1197,1197,1143,1143,1090,1090,1034,1034,953,953,989,989,986,986,1038,1038,1058,1058,1111,1111,1023,1023,276,276,176,176,118,118,86,86,44,44,,,,,,,,,,,,,,,,,,,,,,,,,,,,,,,,,,,,,,,,,,,,,,,,
14547,4400,14871,14869,,0,43,43,43,43,30,30,32,32,38,38,42,42,118,118,1168,1168,1302,1302,1212,1212,1190,1190,1101,1101,1066,1066,1011,1011,1113,1113,1136,1136,1132,1132,1218,1218,1186,1186,443,443,270,270,171,171,125,125,72,72,,,,,,,,,,,,,,,,,,,,,,,,,,,,,,,,,,,,,,,,,,,,,,,,
14548,1200,14543,14738,14560;14551,2,0,0,0,0,0,0,0,0,0,0,0,0,0,0,2,2,2,2,2,2,2,2,2,2,2,2,2,2,2,2,2,2,2,2,2,2,2,2,1,1,0,0,0,0,0,0,0,0,,,,,,,,,,,,,,,,,,,,,,,,,,,,,,,,,,,,,,,,,,,,,,,,
14549,550,14550,14813,,0,43,43,43,43,30,30,32,32,38,38,42,42,118,118,1168,1168,1302,1302,1212,1212,1190,1190,1101,1101,1066,1066,1011,1011,1113,1113,1136,1136,1132,1132,1218,1218,1186,1186,443,443,270,270,171,171,125,125,72,72,,,,,,,,,,,,,,,,,,,,,,,,,,,,,,,,,,,,,,,,,,,,,,,,
14550,2200,14738,13276,590;14549;14551,3,43,43,43,43,30,30,32,32,38,38,42,42,118,118,1168,1168,1302,1302,1212,1212,1190,1190,1101,1101,1066,1066,1011,1011,1113,1113,1136,1136,1132,1132,1218,1218,1186,1186,443,443,270,270,171,171,125,125,72,72,,,,,,,,,,,,,,,,,,,,,,,,,,,,,,,,,,,,,,,,,,,,,,,,
14551,800,14555,14738,14550;14548;14565,3,0,0,0,0,0,0,0,0,0,0,0,0,0,0,2,2,3,3,2,2,2,2,2,2,2,2,2,2,2,2,2,2,2,2,2,2,2,2,1,1,1,1,0,0,0,0,0,0,,,,,,,,,,,,,,,,,,,,,,,,,,,,,,,,,,,,,,,,,,,,,,,,
14552,2200,14532,14820,,0,34,34,35,35,25,25,27,27,31,31,34,34,94,94,1045,1045,1197,1197,1143,1143,1090,1090,1034,1034,953,953,989,989,986,986,1038,1038,1058,1058,1111,1111,1023,1023,276,276,176,176,118,118,86,86,44,44,,,,,,,,,,,,,,,,,,,,,,,,,,,,,,,,,,,,,,,,,,,,,,,,
14553,1600,14865,14859,,0,0,0,0,0,0,0,0,0,0,0,0,0,0,0,1,1,1,1,1,1,1,1,1,1,1,1,1,1,1,1,1,1,1,1,1,1,1,1,0,0,0,0,0,0,0,0,0,0,,,,,,,,,,,,,,,,,,,,,,,,,,,,,,,,,,,,,,,,,,,,,,,,
14554,1200,14536,14558,,0,0,0,0,0,0,0,0,0,0,0,0,0,0,0,0,0,0,0,0,0,0,0,0,0,0,0,0,0,0,0,0,0,0,0,0,0,0,0,0,0,0,0,0,0,0,0,0,0,,,,,,,,,,,,,,,,,,,,,,,,,,,,,,,,,,,,,,,,,,,,,,,,
14555,600,14561,14551,,0,0,0,0,0,0,0,0,0,0,0,0,0,0,0,3,3,3,3,3,3,3,3,3,3,3,3,2,2,3,3,3,3,3,3,3,3,3,3,1,1,1,1,0,0,0,0,0,0,,,,,,,,,,,,,,,,,,,,,,,,,,,,,,,,,,,,,,,,,,,,,,,,
14556,1200,14828,14558,,0,0,0,0,0,0,0,0,0,0,0,0,0,0,0,894,894,944,944,1009,1009,988,988,917,917,851,851,900,900,826,826,926,926,922,922,952,952,857,857,0,0,0,0,0,0,0,0,0,0,,,,,,,,,,,,,,,,,,,,,,,,,,,,,,,,,,,,,,,,,,,,,,,,
14557,1200,14539,14855,,0,0,0,0,0,0,0,0,0,0,0,0,0,0,0,1,1,1,1,1,1,1,1,1,1,1,1,1,1,1,1,1,1,1,1,1,1,1,1,0,0,0,0,0,0,0,0,0,0,,,,,,,,,,,,,,,,,,,,,,,,,,,,,,,,,,,,,,,,,,,,,,,,
14558,1200,14556,14563,14554;14573,2,0,0,0,0,0,0,0,0,0,0,0,0,0,0,1,1,1,1,1,1,1,1,1,1,1,1,1,1,1,1,1,1,1,1,1,1,1,1,0,0,0,0,0,0,0,0,0,0,,,,,,,,,,,,,,,,,,,,,,,,,,,,,,,,,,,,,,,,,,,,,,,,
14559,3500,13017,14815,,0,43,43,43,43,30,30,32,32,38,38,42,42,118,118,1168,1168,1302,1302,1212,1212,1190,1190,1101,1101,1066,1066,1011,1011,1113,1113,1136,1136,1132,1132,1218,1218,1186,1186,443,443,270,270,171,171,125,125,72,72,,,,,,,,,,,,,,,,,,,,,,,,,,,,,,,,,,,,,,,,,,,,,,,,
14560,4400,14738,14543,14548;14895,2,43,43,43,43,30,30,32,32,38,38,42,42,118,118,1168,1168,1302,1302,1212,1212,1190,1190,1101,1101,1066,1066,1011,1011,1113,1113,1136,1136,1132,1132,1218,1218,1186,1186,443,443,270,270,171,171,125,125,72,72,,,,,,,,,,,,,,,,,,,,,,,,,,,,,,,,,,,,,,,,,,,,,,,,
14561,1000,14555,14602,14812;14574,2,43,43,43,43,30,30,32,32,38,38,42,42,118,118,1168,1168,1302,1302,1212,1212,1190,1190,1101,1101,1066,1066,1011,1011,1113,1113,1136,1136,1132,1132,1218,1218,1186,1186,443,443,270,270,171,171,125,125,72,72,,,,,,,,,,,,,,,,,,,,,,,,,,,,,,,,,,,,,,,,,,,,,,,,
14562,1200,14544,14859,,0,0,0,0,0,0,0,0,0,0,0,0,0,0,0,1,1,1,1,1,1,1,1,1,1,1,1,1,1,1,1,1,1,1,1,1,1,1,1,0,0,0,0,0,0,0,0,0,0,,,,,,,,,,,,,,,,,,,,,,,,,,,,,,,,,,,,,,,,,,,,,,,,
14563,800,14558,14855,,0,0,0,0,0,0,0,0,0,0,0,0,0,0,0,1,1,1,1,1,1,1,1,1,1,1,1,1,1,1,1,1,1,1,1,1,1,1,1,0,0,0,0,0,0,0,0,0,0,,,,,,,,,,,,,,,,,,,,,,,,,,,,,,,,,,,,,,,,,,,,,,,,
14564,1200,14811,,14565,1,0,0,0,0,0,0,0,0,0,0,0,0,0,0,3,3,3,3,3,3,3,3,3,3,3,3,3,3,3,3,3,3,3,3,3,3,3,3,1,1,1,1,0,0,0,0,0,0,,,,,,,,,,,,,,,,,,,,,,,,,,,,,,,,,,,,,,,,,,,,,,,,
14565,1650,14551,14738,14564;14577,2,43,43,43,43,30,30,32,32,38,38,42,42,118,118,1168,1168,1302,1302,1212,1212,1190,1190,1101,1101,1066,1066,1011,1011,1113,1113,1136,1136,1132,1132,1218,1218,1186,1186,443,443,270,270,171,171,125,125,72,72,,,,,,,,,,,,,,,,,,,,,,,,,,,,,,,,,,,,,,,,,,,,,,,,
14566,1200,14818,14816,,0,0,0,0,0,0,0,0,0,0,0,0,0,1,1,7,7,8,8,8,8,7,7,7,7,6,6,7,7,7,7,7,7,7,7,8,8,7,7,2,2,1,1,1,1,1,1,0,0,,,,,,,,,,,,,,,,,,,,,,,,,,,,,,,,,,,,,,,,,,,,,,,,
14567,1100,14738,14577,14735,1,43,43,43,43,30,30,32,32,38,38,42,42,118,118,1168,1168,1302,1302,1212,1212,1190,1190,1101,1101,1066,1066,1011,1011,1113,1113,1136,1136,1132,1132,1218,1218,1186,1186,443,443,270,270,171,171,125,125,72,72,,,,,,,,,,,,,,,,,,,,,,,,,,,,,,,,,,,,,,,,,,,,,,,,
14568,2200,14830,14817,,0,34,34,35,35,25,25,27,27,31,31,34,34,94,94,1045,1045,1197,1197,1143,1143,1090,1090,1034,1034,953,953,989,989,986,986,1038,1038,1058,1058,1111,1111,1023,1023,276,276,176,176,118,118,86,86,44,44,,,,,,,,,,,,,,,,,,,,,,,,,,,,,,,,,,,,,,,,,,,,,,,,
14569,1000,14863,14861,,0,43,43,43,43,30,30,32,32,38,38,42,42,118,118,1168,1168,1302,1302,1212,1212,1190,1190,1101,1101,1066,1066,1011,1011,1113,1113,1136,1136,1132,1132,1218,1218,1186,1186,443,443,270,270,171,171,125,125,72,72,,,,,,,,,,,,,,,,,,,,,,,,,,,,,,,,,,,,,,,,,,,,,,,,
14570,1600,14544,14857,,0,0,0,0,0,0,0,0,0,0,0,0,0,0,0,1,1,1,1,1,1,1,1,1,1,1,1,1,1,1,1,1,1,1,1,1,1,1,1,0,0,0,0,0,0,0,0,0,0,,,,,,,,,,,,,,,,,,,,,,,,,,,,,,,,,,,,,,,,,,,,,,,,
14571,800,14751,,,0,0,0,0,0,0,0,0,0,0,0,0,0,0,0,4,4,5,5,5,5,4,4,4,4,4,4,4,4,4,4,4,4,4,4,4,4,4,4,1,1,1,1,0,0,0,0,0,0,,,,,,,,,,,,,,,,,,,,,,,,,,,,,,,,,,,,,,,,,,,,,,,,
14572,4400,14816,14546,14820,1,34,34,35,35,25,25,27,27,31,31,34,34,94,94,1045,1045,1197,1197,1143,1143,1090,1090,1034,1034,953,953,989,989,986,986,1038,1038,1058,1058,1111,1111,1023,1023,276,276,176,176,118,118,86,86,44,44,,,,,,,,,,,,,,,,,,,,,,,,,,,,,,,,,,,,,,,,,,,,,,,,
14573,1200,14558,14579,,0,0,0,0,0,0,0,0,0,0,0,0,0,0,0,1,1,2,2,2,2,2,2,1,1,1,1,1,1,1,1,1,1,1,1,2,2,1,1,1,1,0,0,0,0,0,0,0,0,,,,,,,,,,,,,,,,,,,,,,,,,,,,,,,,,,,,,,,,,,,,,,,,
14574,2000,14561,14811,,0,43,43,43,43,30,30,32,32,38,38,42,42,118,118,1168,1168,1302,1302,1212,1212,1190,1190,1101,1101,1066,1066,1011,1011,1113,1113,1136,1136,1132,1132,1218,1218,1186,1186,443,443,270,270,171,171,125,125,72,72,,,,,,,,,,,,,,,,,,,,,,,,,,,,,,,,,,,,,,,,,,,,,,,,
14575,1100,14600,,14583,1,43,43,43,43,30,30,32,32,38,38,42,42,118,118,1168,1168,1302,1302,1212,1212,1190,1190,1101,1101,1066,1066,1011,1011,1113,1113,1136,1136,1132,1132,1218,1218,1186,1186,443,443,270,270,171,171,125,125,72,72,,,,,,,,,,,,,,,,,,,,,,,,,,,,,,,,,,,,,,,,,,,,,,,,
14576,800,14755,14579,,0,0,0,0,0,0,0,0,0,0,0,0,0,1,1,9,9,10,10,9,9,9,9,9,9,8,8,8,8,8,8,9,9,9,9,9,9,9,9,2,2,1,1,1,1,1,1,0,0,,,,,,,,,,,,,,,,,,,,,,,,,,,,,,,,,,,,,,,,,,,,,,,,
14577,4400,14565,14600,14738;14567;14580;14581,4,43,43,43,43,30,30,32,32,38,38,42,42,118,118,1168,1168,1302,1302,1212,1212,1190,1190,1101,1101,1066,1066,1011,1011,1113,1113,1136,1136,1132,1132,1218,1218,1186,1186,443,443,270,270,171,171,125,125,72,72,,,,,,,,,,,,,,,,,,,,,,,,,,,,,,,,,,,,,,,,,,,,,,,,
14578,1000,14579,14765,,0,43,43,43,43,30,30,32,32,38,38,42,42,118,118,1168,1168,1302,1302,1212,1212,1190,1190,1101,1101,1066,1066,1011,1011,1113,1113,1136,1136,1132,1132,1218,1218,1186,1186,443,443,270,270,171,171,125,125,72,72,,,,,,,,,,,,,,,,,,,,,,,,,,,,,,,,,,,,,,,,,,,,,,,,
14579,1200,14578,14576,14573;14582,2,0,0,0,0,0,0,0,0,0,0,0,0,0,0,3,3,3,3,3,3,3,3,2,2,2,2,2,2,2,2,2,2,2,2,3,3,3,3,1,1,1,1,0,0,0,0,0,0,,,,,,,,,,,,,,,,,,,,,,,,,,,,,,,,,,,,,,,,,,,,,,,,
14580,3300,14583,14577,,0,43,43,43,43,30,30,32,32,38,38,42,42,118,118,1168,1168,1302,1302,1212,1212,1190,1190,1101,1101,1066,1066,1011,1011,1113,1113,1136,1136,1132,1132,1218,1218,1186,1186,443,443,270,270,171,171,125,125,72,72,,,,,,,,,,,,,,,,,,,,,,,,,,,,,,,,,,,,,,,,,,,,,,,,
14581,2500,14588,14810,14577;14809,2,43,43,43,43,30,30,32,32,38,38,42,42,118,118,1168,1168,1302,1302,1212,1212,1190,1190,1101,1101,1066,1066,1011,1011,1113,1113,1136,1136,1132,1132,1218,1218,1186,1186,443,443,270,270,171,171,125,125,72,72,,,,,,,,,,,,,,,,,,,,,,,,,,,,,,,,,,,,,,,,,,,,,,,,
14582,1200,14579,14763,,0,0,0,0,0,0,0,0,0,0,0,0,0,0,0,3,3,3,3,3,3,3,3,3,3,3,3,3,3,3,3,3,3,3,3,3,3,3,3,1,1,1,1,0,0,0,0,0,0,,,,,,,,,,,,,,,,,,,,,,,,,,,,,,,,,,,,,,,,,,,,,,,,
14583,3000,14612,14580,14575;14770,2,43,43,43,43,30,30,32,32,38,38,42,42,118,118,1168,1168,1302,1302,1212,1212,1190,1190,1101,1101,1066,1066,1011,1011,1113,1113,1136,1136,1132,1132,1218,1218,1186,1186,443,443,270,270,171,171,125,125,72,72,,,,,,,,,,,,,,,,,,,,,,,,,,,,,,,,,,,,,,,,,,,,,,,,
14584,1200,,14749,,0,0,0,0,0,0,0,0,0,0,0,0,0,0,0,5,5,5,5,5,5,5,5,5,5,4,4,4,4,4,4,5,5,5,5,5,5,5,5,1,1,1,1,1,1,0,0,0,0,,,,,,,,,,,,,,,,,,,,,,,,,,,,,,,,,,,,,,,,,,,,,,,,
14585,550,,14594,14763,1,43,43,43,43,30,30,32,32,38,38,42,42,118,118,1168,1168,1302,1302,1212,1212,1190,1190,1101,1101,1066,1066,1011,1011,1113,1113,1136,1136,1132,1132,1218,1218,1186,1186,443,443,270,270,171,171,125,125,72,72,,,,,,,,,,,,,,,,,,,,,,,,,,,,,,,,,,,,,,,,,,,,,,,,
14586,600,14771,,,0,0,0,0,0,0,0,0,0,0,0,0,0,0,0,3,3,3,3,3,3,3,3,2,2,2,2,2,2,2,2,2,2,2,2,3,3,3,3,1,1,1,1,0,0,0,0,0,0,,,,,,,,,,,,,,,,,,,,,,,,,,,,,,,,,,,,,,,,,,,,,,,,
14587,1600,14749,14751,,0,0,0,0,0,0,0,0,0,0,0,0,0,0,0,3,3,4,4,4,4,4,4,3,3,3,3,3,3,3,3,3,3,4,4,4,4,3,3,1,1,1,1,0,0,0,0,0,0,,,,,,,,,,,,,,,,,,,,,,,,,,,,,,,,,,,,,,,,,,,,,,,,
14588,2000,14581,14590,,0,43,43,43,43,30,30,32,32,38,38,42,42,118,118,1168,1168,1302,1302,1212,1212,1190,1190,1101,1101,1066,1066,1011,1011,1113,1113,1136,1136,1132,1132,1218,1218,1186,1186,443,443,270,270,171,171,125,125,72,72,,,,,,,,,,,,,,,,,,,,,,,,,,,,,,,,,,,,,,,,,,,,,,,,
14589,1600,14771,14590,,0,0,0,0,0,0,0,0,0,0,0,0,0,0,0,2,2,2,2,2,2,2,2,2,2,2,2,2,2,2,2,2,2,2,2,2,2,2,2,1,1,0,0,0,0,0,0,0,0,,,,,,,,,,,,,,,,,,,,,,,,,,,,,,,,,,,,,,,,,,,,,,,,
14590,1200,14589,14588,14772;14787,2,0,0,0,0,0,0,0,0,0,0,0,0,0,0,2,2,2,2,2,2,2,2,2,2,2,2,2,2,2,2,2,2,2,2,2,2,2,2,1,1,0,0,0,0,0,0,0,0,,,,,,,,,,,,,,,,,,,,,,,,,,,,,,,,,,,,,,,,,,,,,,,,
14591,3000,14767,14861,,0,43,43,43,43,30,30,32,32,38,38,42,42,118,118,1168,1168,1302,1302,1212,1212,1190,1190,1101,1101,1066,1066,1011,1011,1113,1113,1136,1136,1132,1132,1218,1218,1186,1186,443,443,270,270,171,171,125,125,72,72,,,,,,,,,,,,,,,,,,,,,,,,,,,,,,,,,,,,,,,,,,,,,,,,
14592,500,14788,14790,,0,43,43,43,43,30,30,32,32,38,38,42,42,118,118,1168,1168,1302,1302,1212,1212,1190,1190,1101,1101,1066,1066,1011,1011,1113,1113,1136,1136,1132,1132,1218,1218,1186,1186,443,443,270,270,171,171,125,125,72,72,,,,,,,,,,,,,,,,,,,,,,,,,,,,,,,,,,,,,,,,,,,,,,,,
14593,550,14600,,14769,1,43,43,43,43,30,30,32,32,38,38,42,42,118,118,1168,1168,1302,1302,1212,1212,1190,1190,1101,1101,1066,1066,1011,1011,1113,1113,1136,1136,1132,1132,1218,1218,1186,1186,443,443,270,270,171,171,125,125,72,72,,,,,,,,,,,,,,,,,,,,,,,,,,,,,,,,,,,,,,,,,,,,,,,,
14594,4400,14863,14736,14585,1,67,0,70,0,49,0,53,0,62,0,67,0,186,0,910,1138,1134,1201,1023,1284,977,1257,900,1168,812,1084,861,1145,864,1051,851,1179,886,1173,939,1211,854,1091,524,0,336,0,227,0,165,0,84,0,,,,,,,,,,,,,,,,,,,,,,,,,,,,,,,,,,,,,,,,,,,,,,,,
14595,1500,14612,,,0,43,43,43,43,30,30,32,32,38,38,42,42,118,118,1168,1168,1302,1302,1212,1212,1190,1190,1101,1101,1066,1066,1011,1011,1113,1113,1136,1136,1132,1132,1218,1218,1186,1186,443,443,270,270,171,171,125,125,72,72,,,,,,,,,,,,,,,,,,,,,,,,,,,,,,,,,,,,,,,,,,,,,,,,
14596,1200,14815,13075,,0,33,33,31,31,22,22,23,23,26,26,31,31,88,88,1055,1055,1119,1119,1058,1058,1080,1080,966,966,980,980,861,861,1008,1008,1021,1021,988,988,1080,1080,1096,1096,421,421,249,249,150,150,110,110,68,68,,,,,,,,,,,,,,,,,,,,,,,,,,,,,,,,,,,,,,,,,,,,,,,,
14597,4400,14741,14753,,0,34,34,35,35,25,25,27,27,31,31,34,34,94,94,1045,1045,1197,1197,1143,1143,1090,1090,1034,1034,953,953,989,989,986,986,1038,1038,1058,1058,1111,1111,1023,1023,276,276,176,176,118,118,86,86,44,44,,,,,,,,,,,,,,,,,,,,,,,,,,,,,,,,,,,,,,,,,,,,,,,,
14598,800,,14802,,0,0,0,0,0,0,0,0,0,0,0,0,0,0,0,2,2,2,2,2,2,2,2,2,2,2,2,2,2,2,2,2,2,2,2,2,2,2,2,1,1,1,1,0,0,0,0,0,0,,,,,,,,,,,,,,,,,,,,,,,,,,,,,,,,,,,,,,,,,,,,,,,,
14599,1200,14532,14830,,0,0,0,0,0,0,0,0,0,0,0,0,0,1,1,6,6,7,7,7,7,7,7,6,6,6,6,6,6,6,6,6,6,6,6,7,7,6,6,2,2,1,1,1,1,1,1,0,0,,,,,,,,,,,,,,,,,,,,,,,,,,,,,,,,,,,,,,,,,,,,,,,,
146,1650,143,166,147;164,2,27,27,28,28,20,20,21,21,25,25,27,27,74,74,1049,1049,1182,1182,1170,1170,1126,1126,1056,1056,970,970,1022,1022,982,982,1052,1052,1066,1066,1112,1112,1010,1010,210,210,134,134,91,91,66,66,34,34,,,,,,,,,,,,,,,,,,,,,,,,,,,,,,,,,,,,,,,,,,,,,,,,
14600,4400,14736,14577,14738;14575;14593,3,42,42,39,39,28,28,29,29,34,34,39,39,112,112,1343,1343,1424,1424,1347,1347,1375,1375,1229,1229,1247,1247,1096,1096,1282,1282,1299,1299,1257,1257,1375,1375,1394,1394,536,536,316,316,190,190,140,140,87,87,,,,,,,,,,,,,,,,,,,,,,,,,,,,,,,,,,,,,,,,,,,,,,,,
14601,300,14603,13075,,0,0,0,0,0,0,0,0,0,0,0,0,0,0,0,3,3,3,3,3,3,3,3,3,3,3,3,3,3,3,3,3,3,3,3,3,3,3,3,1,1,1,1,0,0,0,0,0,0,,,,,,,,,,,,,,,,,,,,,,,,,,,,,,,,,,,,,,,,,,,,,,,,
14602,2500,14802,14561,,0,43,43,43,43,30,30,32,32,38,38,42,42,118,118,1168,1168,1302,1302,1212,1212,1190,1190,1101,1101,1066,1066,1011,1011,1113,1113,1136,1136,1132,1132,1218,1218,1186,1186,443,443,270,270,171,171,125,125,72,72,,,,,,,,,,,,,,,,,,,,,,,,,,,,,,,,,,,,,,,,,,,,,,,,
14603,300,14601,14607,14801;14634,2,0,0,0,0,0,0,0,0,0,0,0,0,0,0,2,2,2,2,2,2,2,2,2,2,2,2,2,2,2,2,2,2,2,2,2,2,2,2,1,1,0,0,0,0,0,0,0,0,,,,,,,,,,,,,,,,,,,,,,,,,,,,,,,,,,,,,,,,,,,,,,,,
14604,1500,14768,14736,,0,34,34,35,35,25,25,27,27,31,31,34,34,94,94,1045,1045,1197,1197,1143,1143,1090,1090,1034,1034,953,953,989,989,986,986,1038,1038,1058,1058,1111,1111,1023,1023,276,276,176,176,118,118,86,86,44,44,,,,,,,,,,,,,,,,,,,,,,,,,,,,,,,,,,,,,,,,,,,,,,,,
14605,1200,14774,,,0,0,0,0,0,0,0,0,0,0,0,0,0,0,0,1,1,1,1,1,1,1,1,1,1,1,1,1,1,1,1,1,1,1,1,1,1,1,1,0,0,0,0,0,0,0,0,0,0,,,,,,,,,,,,,,,,,,,,,,,,,,,,,,,,,,,,,,,,,,,,,,,,
14606,1200,14608,14811,,0,0,0,0,0,0,0,0,0,0,0,0,0,0,0,1,1,1,1,1,1,1,1,1,1,1,1,1,1,1,1,1,1,1,1,1,1,1,1,0,0,0,0,0,0,0,0,0,0,,,,,,,,,,,,,,,,,,,,,,,,,,,,,,,,,,,,,,,,,,,,,,,,
14607,300,14608,14603,,0,0,0,0,0,0,0,0,0,0,0,0,0,0,0,1,1,1,1,1,1,1,1,1,1,1,1,1,1,1,1,1,1,1,1,1,1,1,1,0,0,0,0,0,0,0,0,0,0,,,,,,,,,,,,,,,,,,,,,,,,,,,,,,,,,,,,,,,,,,,,,,,,
14608,300,14614,14607,14606;14637,2,0,0,0,0,0,0,0,0,0,0,0,0,0,0,2,2,2,2,2,2,2,2,2,2,2,2,2,2,2,2,2,2,2,2,2,2,2,2,1,1,0,0,0,0,0,0,0,0,,,,,,,,,,,,,,,,,,,,,,,,,,,,,,,,,,,,,,,,,,,,,,,,
14609,1650,14633,14769,,0,43,43,43,43,30,30,32,32,38,38,42,42,118,118,1168,1168,1302,1302,1212,1212,1190,1190,1101,1101,1066,1066,1011,1011,1113,1113,1136,1136,1132,1132,1218,1218,1186,1186,443,443,270,270,171,171,125,125,72,72,,,,,,,,,,,,,,,,,,,,,,,,,,,,,,,,,,,,,,,,,,,,,,,,
14610,1600,14737,14613,14736,1,0,0,0,0,0,0,0,0,0,0,0,0,0,0,5,5,6,6,6,6,6,6,5,5,5,5,5,5,5,5,5,5,5,5,6,6,5,5,1,1,1,1,1,1,0,0,0,0,,,,,,,,,,,,,,,,,,,,,,,,,,,,,,,,,,,,,,,,,,,,,,,,
14611,2500,14741,,,0,34,34,35,35,25,25,27,27,31,31,34,34,94,94,1045,1045,1197,1197,1143,1143,1090,1090,1034,1034,953,953,989,989,986,986,1038,1038,1058,1058,1111,1111,1023,1023,276,276,176,176,118,118,86,86,44,44,,,,,,,,,,,,,,,,,,,,,,,,,,,,,,,,,,,,,,,,,,,,,,,,
14612,3500,14583,14769,14595,1,43,43,43,43,30,30,32,32,38,38,42,42,118,118,1168,1168,1302,1302,1212,1212,1190,1190,1101,1101,1066,1066,1011,1011,1113,1113,1136,1136,1132,1132,1218,1218,1186,1186,443,443,270,270,171,171,125,125,72,72,,,,,,,,,,,,,,,,,,,,,,,,,,,,,,,,,,,,,,,,,,,,,,,,
14613,1200,14744,14768,14610;14747,2,0,0,0,0,0,0,0,0,0,0,0,0,0,0,5,5,6,6,5,5,5,5,5,5,5,5,5,5,5,5,5,5,5,5,5,5,5,5,1,1,1,1,1,1,0,0,0,0,,,,,,,,,,,,,,,,,,,,,,,,,,,,,,,,,,,,,,,,,,,,,,,,
14614,300,14618,14608,,0,0,0,0,0,0,0,0,0,0,0,0,0,0,0,1,1,2,2,2,2,2,2,1,1,1,1,1,1,1,1,1,1,1,1,2,2,1,1,1,1,0,0,0,0,0,0,0,0,,,,,,,,,,,,,,,,,,,,,,,,,,,,,,,,,,,,,,,,,,,,,,,,
14615,550,,14648,,0,43,43,43,43,30,30,32,32,38,38,42,42,118,118,1168,1168,1302,1302,1212,1212,1190,1190,1101,1101,1066,1066,1011,1011,1113,1113,1136,1136,1132,1132,1218,1218,1186,1186,443,443,270,270,171,171,125,125,72,72,,,,,,,,,,,,,,,,,,,,,,,,,,,,,,,,,,,,,,,,,,,,,,,,
14616,550,14737,14743,,0,34,34,35,35,25,25,27,27,31,31,34,34,94,94,1045,1045,1197,1197,1143,1143,1090,1090,1034,1034,953,953,989,989,986,986,1038,1038,1058,1058,1111,1111,1023,1023,276,276,176,176,118,118,86,86,44,44,,,,,,,,,,,,,,,,,,,,,,,,,,,,,,,,,,,,,,,,,,,,,,,,
14617,4400,14809,14618,,0,43,43,43,43,30,30,32,32,38,38,42,42,118,118,1168,1168,1302,1302,1212,1212,1190,1190,1101,1101,1066,1066,1011,1011,1113,1113,1136,1136,1132,1132,1218,1218,1186,1186,443,443,270,270,171,171,125,125,72,72,,,,,,,,,,,,,,,,,,,,,,,,,,,,,,,,,,,,,,,,,,,,,,,,
14618,300,14614,14623,14617;14642,2,0,0,0,0,0,0,0,0,0,0,0,0,0,0,1,1,1,1,1,1,1,1,1,1,1,1,1,1,1,1,1,1,1,1,1,1,1,1,0,0,0,0,0,0,0,0,0,0,,,,,,,,,,,,,,,,,,,,,,,,,,,,,,,,,,,,,,,,,,,,,,,,
14619,2500,14788,14624,,0,43,43,43,43,30,30,32,32,38,38,42,42,118,118,1168,1168,1302,1302,1212,1212,1190,1190,1101,1101,1066,1066,1011,1011,1113,1113,1136,1136,1132,1132,1218,1218,1186,1186,443,443,270,270,171,171,125,125,72,72,,,,,,,,,,,,,,,,,,,,,,,,,,,,,,,,,,,,,,,,,,,,,,,,
14620,400,14782,14624,,0,0,0,0,0,0,0,0,0,0,0,0,0,0,0,2,2,2,2,2,2,2,2,2,2,2,2,2,2,2,2,2,2,2,2,2,2,2,2,1,1,0,0,0,0,0,0,0,0,,,,,,,,,,,,,,,,,,,,,,,,,,,,,,,,,,,,,,,,,,,,,,,,
14621,800,,14744,,0,0,0,0,0,0,0,0,0,0,0,0,0,1,1,6,6,7,7,7,7,6,6,6,6,6,6,6,6,6,6,6,6,6,6,6,6,6,6,2,2,1,1,1,1,0,0,0,0,,,,,,,,,,,,,,,,,,,,,,,,,,,,,,,,,,,,,,,,,,,,,,,,
14622,1200,14772,14782,,0,0,0,0,0,0,0,0,0,0,0,0,0,0,0,2,2,2,2,2,2,2,2,2,2,2,2,2,2,2,2,2,2,2,2,2,2,2,2,1,1,0,0,0,0,0,0,0,0,,,,,,,,,,,,,,,,,,,,,,,,,,,,,,,,,,,,,,,,,,,,,,,,
14623,300,14618,14792,,0,0,0,0,0,0,0,0,0,0,0,0,0,0,0,2,2,2,2,2,2,2,2,2,2,2,2,2,2,2,2,2,2,2,2,2,2,2,2,1,1,1,1,0,0,0,0,0,0,,,,,,,,,,,,,,,,,,,,,,,,,,,,,,,,,,,,,,,,,,,,,,,,
14624,800,14619,14636,14620;14625,2,0,0,0,0,0,0,0,0,0,0,0,0,0,0,3,3,3,3,3,3,3,3,2,2,2,2,2,2,2,2,2,2,2,2,3,3,3,3,1,1,1,1,0,0,0,0,0,0,,,,,,,,,,,,,,,,,,,,,,,,,,,,,,,,,,,,,,,,,,,,,,,,
14625,1200,14624,,,0,0,0,0,0,0,0,0,0,0,0,0,0,0,0,2,2,2,2,2,2,2,2,2,2,2,2,2,2,2,2,2,2,2,2,2,2,2,2,1,1,0,0,0,0,0,0,0,0,,,,,,,,,,,,,,,,,,,,,,,,,,,,,,,,,,,,,,,,,,,,,,,,
14626,1600,14746,14747,,0,0,0,0,0,0,0,0,0,0,0,0,0,1,1,7,7,8,8,7,7,7,7,7,7,6,6,6,6,6,6,7,7,7,7,7,7,7,7,2,2,1,1,1,1,1,1,0,0,,,,,,,,,,,,,,,,,,,,,,,,,,,,,,,,,,,,,,,,,,,,,,,,
14627,800,14629,,,0,0,0,0,0,0,0,0,0,0,0,0,0,1,1,9,9,10,10,9,9,9,9,9,9,8,8,8,8,8,8,9,9,9,9,9,9,9,9,2,2,1,1,1,1,1,1,0,0,,,,,,,,,,,,,,,,,,,,,,,,,,,,,,,,,,,,,,,,,,,,,,,,
14628,600,14776,,,0,0,0,0,0,0,0,0,0,0,0,0,0,0,0,3,3,3,3,3,3,3,3,3,3,3,3,3,3,3,3,3,3,3,3,3,3,3,3,1,1,1,1,0,0,0,0,0,0,,,,,,,,,,,,,,,,,,,,,,,,,,,,,,,,,,,,,,,,,,,,,,,,
14629,1200,14627,14654,14745;14760,2,0,0,0,0,0,0,0,0,0,0,0,0,0,0,4,4,4,4,4,4,4,4,3,3,3,3,3,3,3,3,3,3,4,4,4,4,3,3,1,1,1,1,1,1,0,0,0,0,,,,,,,,,,,,,,,,,,,,,,,,,,,,,,,,,,,,,,,,,,,,,,,,
14630,1200,14800,,,0,0,0,0,0,0,0,0,0,0,0,0,0,0,0,1,1,1,1,1,1,1,1,1,1,1,1,1,1,1,1,1,1,1,1,1,1,1,1,0,0,0,0,0,0,0,0,0,0,,,,,,,,,,,,,,,,,,,,,,,,,,,,,,,,,,,,,,,,,,,,,,,,
14631,1200,14794,14786,,0,0,0,0,0,0,0,0,0,0,0,0,0,0,0,3,3,3,3,3,3,3,3,3,3,3,3,3,3,3,3,3,3,3,3,3,3,3,3,1,1,1,1,0,0,0,0,0,0,,,,,,,,,,,,,,,,,,,,,,,,,,,,,,,,,,,,,,,,,,,,,,,,
14632,3500,14746,,,0,0,0,0,0,0,0,0,0,0,0,0,0,0,0,1138,1138,1201,1201,1284,1284,1257,1257,1168,1168,1084,1084,1145,1145,1051,1051,1179,1179,1173,1173,1211,1211,1091,1091,0,0,0,0,0,0,0,0,0,0,,,,,,,,,,,,,,,,,,,,,,,,,,,,,,,,,,,,,,,,,,,,,,,,
14633,4400,14609,14747,14761,1,34,34,35,35,25,25,27,27,31,31,34,34,94,94,1045,1045,1197,1197,1143,1143,1090,1090,1034,1034,953,953,989,989,986,986,1038,1038,1058,1058,1111,1111,1023,1023,276,276,176,176,118,118,86,86,44,44,,,,,,,,,,,,,,,,,,,,,,,,,,,,,,,,,,,,,,,,,,,,,,,,
14634,1600,14603,14635,,0,33,33,31,31,22,22,23,23,26,26,31,31,88,88,1055,1055,1119,1119,1058,1058,1080,1080,966,966,980,980,861,861,1008,1008,1021,1021,988,988,1080,1080,1096,1096,421,421,249,249,150,150,110,110,68,68,,,,,,,,,,,,,,,,,,,,,,,,,,,,,,,,,,,,,,,,,,,,,,,,
14635,400,13111,14638,14634;14803,2,0,0,0,0,0,0,0,0,0,0,0,0,0,0,2,2,2,2,2,2,2,2,2,2,2,2,2,2,2,2,2,2,2,2,2,2,2,2,1,1,0,0,0,0,0,0,0,0,,,,,,,,,,,,,,,,,,,,,,,,,,,,,,,,,,,,,,,,,,,,,,,,
14636,800,14786,14624,,0,0,0,0,0,0,0,0,0,0,0,0,0,0,0,3,3,3,3,3,3,3,3,3,3,3,3,3,3,3,3,3,3,3,3,3,3,3,3,1,1,1,1,0,0,0,0,0,0,,,,,,,,,,,,,,,,,,,,,,,,,,,,,,,,,,,,,,,,,,,,,,,,
14637,800,14800,14608,,0,0,0,0,0,0,0,0,0,0,0,0,0,0,0,3,3,3,3,3,3,3,3,3,3,3,3,3,3,3,3,3,3,3,3,3,3,3,3,1,1,1,1,0,0,0,0,0,0,,,,,,,,,,,,,,,,,,,,,,,,,,,,,,,,,,,,,,,,,,,,,,,,
14638,800,14639,14635,,0,0,0,0,0,0,0,0,0,0,0,0,0,0,0,1,1,1,1,1,1,1,1,1,1,1,1,1,1,1,1,1,1,1,1,1,1,1,1,0,0,0,0,0,0,0,0,0,0,,,,,,,,,,,,,,,,,,,,,,,,,,,,,,,,,,,,,,,,,,,,,,,,
14639,300,15052,14799,14638;14641,2,0,0,0,0,0,0,0,0,0,0,0,0,0,0,1,1,1,1,1,1,1,1,1,1,1,1,1,1,1,1,1,1,1,1,1,1,1,1,0,0,0,0,0,0,0,0,0,0,,,,,,,,,,,,,,,,,,,,,,,,,,,,,,,,,,,,,,,,,,,,,,,,
14640,4400,14759,,,0,54,54,56,56,39,39,42,42,50,50,54,54,149,149,959,959,1162,1162,1055,1055,994,994,944,944,856,856,900,900,912,912,924,924,959,959,1013,1013,928,928,419,419,269,269,182,182,132,132,67,67,,,,,,,,,,,,,,,,,,,,,,,,,,,,,,,,,,,,,,,,,,,,,,,,
14641,800,14643,14639,,0,0,0,0,0,0,0,0,0,0,0,0,0,0,0,2,2,2,2,2,2,2,2,1,1,1,1,1,1,1,1,2,2,1,1,2,2,2,2,1,1,0,0,0,0,0,0,0,0,,,,,,,,,,,,,,,,,,,,,,,,,,,,,,,,,,,,,,,,,,,,,,,,
14642,4400,14618,14643,,0,42,42,39,39,28,28,29,29,34,34,39,39,112,112,1343,1343,1424,1424,1347,1347,1375,1375,1229,1229,1247,1247,1096,1096,1282,1282,1299,1299,1257,1257,1375,1375,1394,1394,536,536,316,316,190,190,140,140,87,87,,,,,,,,,,,,,,,,,,,,,,,,,,,,,,,,,,,,,,,,,,,,,,,,
14643,1200,14641,14647,14642;14657,2,0,0,0,0,0,0,0,0,0,0,0,0,0,0,2,2,3,3,2,2,2,2,2,2,2,2,2,2,2,2,2,2,2,2,2,2,2,2,1,1,1,1,0,0,0,0,0,0,,,,,,,,,,,,,,,,,,,,,,,,,,,,,,,,,,,,,,,,,,,,,,,,
14644,800,14808,,,0,0,0,0,0,0,0,0,0,0,0,0,0,0,0,1,1,1,1,1,1,1,1,1,1,1,1,1,1,1,1,1,1,1,1,1,1,1,1,0,0,0,0,0,0,0,0,0,0,,,,,,,,,,,,,,,,,,,,,,,,,,,,,,,,,,,,,,,,,,,,,,,,
14645,1200,,14778,,0,0,0,0,0,0,0,0,0,0,0,0,0,0,0,2,2,3,3,3,3,3,3,2,2,2,2,2,2,2,2,2,2,2,2,3,3,2,2,1,1,1,1,0,0,0,0,0,0,,,,,,,,,,,,,,,,,,,,,,,,,,,,,,,,,,,,,,,,,,,,,,,,
14646,800,14794,14798,,0,0,0,0,0,0,0,0,0,0,0,0,0,0,0,2,2,2,2,2,2,2,2,2,2,2,2,2,2,2,2,2,2,2,2,2,2,2,2,1,1,0,0,0,0,0,0,0,0,,,,,,,,,,,,,,,,,,,,,,,,,,,,,,,,,,,,,,,,,,,,,,,,
14647,800,14643,14798,,0,0,0,0,0,0,0,0,0,0,0,0,0,0,0,1,1,2,2,2,2,2,2,1,1,1,1,1,1,1,1,1,1,1,1,2,2,1,1,1,1,0,0,0,0,0,0,0,0,,,,,,,,,,,,,,,,,,,,,,,,,,,,,,,,,,,,,,,,,,,,,,,,
14648,4400,14774,14778,14615,1,43,43,43,43,30,30,32,32,38,38,42,42,118,118,1168,1168,1302,1302,1212,1212,1190,1190,1101,1101,1066,1066,1011,1011,1113,1113,1136,1136,1132,1132,1218,1218,1186,1186,443,443,270,270,171,171,125,125,72,72,,,,,,,,,,,,,,,,,,,,,,,,,,,,,,,,,,,,,,,,,,,,,,,,
14649,800,,14805,14806,1,0,0,0,0,0,0,0,0,0,0,0,0,0,0,1,1,2,2,2,2,2,2,1,1,1,1,1,1,1,1,1,1,1,1,1,1,1,1,1,1,0,0,0,0,0,0,0,0,,,,,,,,,,,,,,,,,,,,,,,,,,,,,,,,,,,,,,,,,,,,,,,,
14650,1200,14804,,,0,0,0,0,0,0,0,0,0,0,0,0,0,0,0,2,2,2,2,2,2,2,2,2,2,2,2,1,1,2,2,2,2,2,2,2,2,2,2,1,1,0,0,0,0,0,0,0,0,,,,,,,,,,,,,,,,,,,,,,,,,,,,,,,,,,,,,,,,,,,,,,,,
14651,400,15053,15051,,0,0,0,0,0,0,0,0,0,0,0,0,0,0,0,2,2,2,2,2,2,2,2,2,2,2,2,2,2,2,2,2,2,2,2,2,2,2,2,1,1,0,0,0,0,0,0,0,0,,,,,,,,,,,,,,,,,,,,,,,,,,,,,,,,,,,,,,,,,,,,,,,,
14652,300,15063,15055,,0,0,0,0,0,0,0,0,0,0,0,0,0,0,0,3,3,3,3,3,3,3,3,3,3,2,2,2,2,3,3,3,3,3,3,3,3,3,3,1,1,1,1,0,0,0,0,0,0,,,,,,,,,,,,,,,,,,,,,,,,,,,,,,,,,,,,,,,,,,,,,,,,
14653,4400,14780,14784,14781,1,43,43,43,43,30,30,32,32,38,38,42,42,118,118,1168,1168,1302,1302,1212,1212,1190,1190,1101,1101,1066,1066,1011,1011,1113,1113,1136,1136,1132,1132,1218,1218,1186,1186,443,443,270,270,171,171,125,125,72,72,,,,,,,,,,,,,,,,,,,,,,,,,,,,,,,,,,,,,,,,,,,,,,,,
14654,4400,14629,15019,,0,54,54,56,56,39,39,42,42,50,50,54,54,149,149,959,959,1162,1162,1055,1055,994,994,944,944,856,856,900,900,912,912,924,924,959,959,1013,1013,928,928,419,419,269,269,182,182,132,132,67,67,,,,,,,,,,,,,,,,,,,,,,,,,,,,,,,,,,,,,,,,,,,,,,,,
14655,4000,15018,15035,,0,67,67,70,70,49,49,53,53,62,62,67,67,186,186,910,910,1134,1134,1023,1023,977,977,900,900,812,812,861,861,864,864,851,851,886,886,939,939,854,854,524,524,336,336,227,227,165,165,84,84,,,,,,,,,,,,,,,,,,,,,,,,,,,,,,,,,,,,,,,,,,,,,,,,
14656,800,,13615,,0,0,0,0,0,0,0,0,0,0,0,0,0,0,0,4,4,4,4,4,4,4,4,3,3,3,3,3,3,3,3,3,3,3,3,4,4,4,4,1,1,1,1,0,0,0,0,0,0,,,,,,,,,,,,,,,,,,,,,,,,,,,,,,,,,,,,,,,,,,,,,,,,
14657,4400,15051,14643,,0,42,42,39,39,28,28,29,29,34,34,39,39,112,112,1343,1343,1424,1424,1347,1347,1375,1375,1229,1229,1247,1247,1096,1096,1282,1282,1299,1299,1257,1257,1375,1375,1394,1394,536,536,316,316,190,190,140,140,87,87,,,,,,,,,,,,,,,,,,,,,,,,,,,,,,,,,,,,,,,,,,,,,,,,
14658,2500,,15039,,0,42,42,39,39,28,28,29,29,34,34,39,39,112,112,1343,1343,1424,1424,1347,1347,1375,1375,1229,1229,1247,1247,1096,1096,1282,1282,1299,1299,1257,1257,1375,1375,1394,1394,536,536,316,316,190,190,140,140,87,87,,,,,,,,,,,,,,,,,,,,,,,,,,,,,,,,,,,,,,,,,,,,,,,,
14659,1200,15002,,,0,0,0,0,0,0,0,0,0,0,0,0,0,1,1,7,7,9,9,8,8,8,8,7,7,7,7,7,7,7,7,7,7,7,7,8,8,7,7,3,3,2,2,1,1,1,1,0,0,,,,,,,,,,,,,,,,,,,,,,,,,,,,,,,,,,,,,,,,,,,,,,,,
14660,4400,15056,14661,15050;15058,2,42,42,39,39,28,28,29,29,34,34,39,39,112,112,1343,1343,1424,1424,1347,1347,1375,1375,1229,1229,1247,1247,1096,1096,1282,1282,1299,1299,1257,1257,1375,1375,1394,1394,536,536,316,316,190,190,140,140,87,87,,,,,,,,,,,,,,,,,,,,,,,,,,,,,,,,,,,,,,,,,,,,,,,,
14661,4400,14660,15041,14795;14668,2,42,42,39,39,28,28,29,29,34,34,39,39,112,112,1343,1343,1424,1424,1347,1347,1375,1375,1229,1229,1247,1247,1096,1096,1282,1282,1299,1299,1257,1257,1375,1375,1394,1394,536,536,316,316,190,190,140,140,87,87,,,,,,,,,,,,,,,,,,,,,,,,,,,,,,,,,,,,,,,,,,,,,,,,
14662,3500,,,,0,42,42,39,39,28,28,29,29,34,34,39,39,112,112,1343,1343,1424,1424,1347,1347,1375,1375,1229,1229,1247,1247,1096,1096,1282,1282,1299,1299,1257,1257,1375,1375,1394,1394,536,536,316,316,190,190,140,140,87,87,,,,,,,,,,,,,,,,,,,,,,,,,,,,,,,,,,,,,,,,,,,,,,,,
14663,4000,14669,15035,,0,42,42,39,39,28,28,29,29,34,34,39,39,112,112,1343,1343,1424,1424,1347,1347,1375,1375,1229,1229,1247,1247,1096,1096,1282,1282,1299,1299,1257,1257,1375,1375,1394,1394,536,536,316,316,190,190,140,140,87,87,,,,,,,,,,,,,,,,,,,,,,,,,,,,,,,,,,,,,,,,,,,,,,,,
14664,800,,14669,,0,0,0,0,0,0,0,0,0,0,0,0,0,0,0,1,1,1,1,1,1,1,1,1,1,1,1,1,1,1,1,1,1,1,1,1,1,1,1,0,0,0,0,0,0,0,0,0,0,,,,,,,,,,,,,,,,,,,,,,,,,,,,,,,,,,,,,,,,,,,,,,,,
14665,800,15057,15055,,0,0,0,0,0,0,0,0,0,0,0,0,0,0,0,2,2,3,3,2,2,2,2,2,2,2,2,2,2,2,2,2,2,2,2,2,2,2,2,1,1,1,1,0,0,0,0,0,0,,,,,,,,,,,,,,,,,,,,,,,,,,,,,,,,,,,,,,,,,,,,,,,,
14666,1600,14667,15039,,0,0,0,0,0,0,0,0,0,0,0,0,0,0,0,1,1,1,1,1,1,1,1,1,1,1,1,1,1,1,1,1,1,1,1,1,1,1,1,0,0,0,0,0,0,0,0,0,0,,,,,,,,,,,,,,,,,,,,,,,,,,,,,,,,,,,,,,,,,,,,,,,,
14667,800,14666,14673,14668;14711,2,0,0,0,0,0,0,0,0,0,0,0,0,0,0,1,1,1,1,1,1,1,1,1,1,1,1,1,1,1,1,1,1,1,1,1,1,1,1,0,0,0,0,0,0,0,0,0,0,,,,,,,,,,,,,,,,,,,,,,,,,,,,,,,,,,,,,,,,,,,,,,,,
14668,800,14661,14667,,0,33,33,31,31,22,22,23,23,26,26,31,31,88,88,1055,1055,1119,1119,1058,1058,1080,1080,966,966,980,980,861,861,1008,1008,1021,1021,988,988,1080,1080,1096,1096,421,421,249,249,150,150,110,110,68,68,,,,,,,,,,,,,,,,,,,,,,,,,,,,,,,,,,,,,,,,,,,,,,,,
14669,1600,14715,14663,14664;15024,2,0,0,0,0,0,0,0,0,0,0,0,0,0,0,2,2,2,2,2,2,2,2,2,2,2,2,2,2,2,2,2,2,2,2,2,2,2,2,1,1,0,0,0,0,0,0,0,0,,,,,,,,,,,,,,,,,,,,,,,,,,,,,,,,,,,,,,,,,,,,,,,,
14670,2500,15002,15000,,0,54,54,56,56,39,39,42,42,50,50,54,54,149,149,959,959,1162,1162,1055,1055,994,994,944,944,856,856,900,900,912,912,924,924,959,959,1013,1013,928,928,419,419,269,269,182,182,132,132,67,67,,,,,,,,,,,,,,,,,,,,,,,,,,,,,,,,,,,,,,,,,,,,,,,,
14671,2500,15057,15059,,0,42,42,39,39,28,28,29,29,34,34,39,39,112,112,1343,1343,1424,1424,1347,1347,1375,1375,1229,1229,1247,1247,1096,1096,1282,1282,1299,1299,1257,1257,1375,1375,1394,1394,536,536,316,316,190,190,140,140,87,87,,,,,,,,,,,,,,,,,,,,,,,,,,,,,,,,,,,,,,,,,,,,,,,,
14672,3000,15004,,,0,54,54,56,56,39,39,42,42,50,50,54,54,149,149,959,959,1162,1162,1055,1055,994,994,944,944,856,856,900,900,912,912,924,924,959,959,1013,1013,928,928,419,419,269,269,182,182,132,132,67,67,,,,,,,,,,,,,,,,,,,,,,,,,,,,,,,,,,,,,,,,,,,,,,,,
14673,800,14667,15033,,0,0,0,0,0,0,0,0,0,0,0,0,0,0,0,1,1,1,1,1,1,1,1,1,1,1,1,1,1,1,1,1,1,1,1,1,1,1,1,0,0,0,0,0,0,0,0,0,0,,,,,,,,,,,,,,,,,,,,,,,,,,,,,,,,,,,,,,,,,,,,,,,,
14674,1200,,15031,,0,0,0,0,0,0,0,0,0,0,0,0,0,0,0,1,1,1,1,1,1,1,1,1,1,1,1,1,1,1,1,1,1,1,1,1,1,1,1,0,0,0,0,0,0,0,0,0,0,,,,,,,,,,,,,,,,,,,,,,,,,,,,,,,,,,,,,,,,,,,,,,,,
14675,1200,,,,0,6,6,7,7,5,5,5,5,6,6,6,6,18,18,94,94,115,115,104,104,100,100,92,92,85,85,87,87,90,90,89,89,91,91,97,97,90,90,52,52,33,33,22,22,16,16,8,8,,,,,,,,,,,,,,,,,,,,,,,,,,,,,,,,,,,,,,,,,,,,,,,,
14676,1200,15049,15029,,0,0,0,0,0,0,0,0,0,0,0,0,0,0,0,1,1,1,1,1,1,1,1,1,1,1,1,1,1,1,1,1,1,1,1,1,1,1,1,0,0,0,0,0,0,0,0,0,0,,,,,,,,,,,,,,,,,,,,,,,,,,,,,,,,,,,,,,,,,,,,,,,,
14677,800,15023,,,0,0,0,0,0,0,0,0,0,0,0,0,0,0,0,2,2,2,2,2,2,2,2,2,2,2,2,2,2,2,2,2,2,2,2,2,2,2,2,1,1,0,0,0,0,0,0,0,0,,,,,,,,,,,,,,,,,,,,,,,,,,,,,,,,,,,,,,,,,,,,,,,,
14678,800,15013,15011,,0,0,0,0,0,0,0,0,0,0,0,0,0,0,0,894,894,944,944,1009,1009,988,988,917,917,851,851,900,900,826,826,926,926,922,922,952,952,857,857,0,0,0,0,0,0,0,0,0,0,,,,,,,,,,,,,,,,,,,,,,,,,,,,,,,,,,,,,,,,,,,,,,,,
14679,1600,15007,15009,,0,0,0,0,0,0,0,0,0,0,0,0,0,1,1,5,5,6,6,6,6,6,6,5,5,5,5,5,5,5,5,5,5,5,5,5,5,5,5,2,2,1,1,1,1,1,1,0,0,,,,,,,,,,,,,,,,,,,,,,,,,,,,,,,,,,,,,,,,,,,,,,,,
14680,400,15008,14701,15010;14687,2,0,0,0,0,0,0,0,0,0,0,0,0,0,0,4,4,4,4,4,4,4,4,4,4,3,3,4,4,4,4,4,4,4,4,4,4,4,4,1,1,1,1,1,1,0,0,0,0,,,,,,,,,,,,,,,,,,,,,,,,,,,,,,,,,,,,,,,,,,,,,,,,
14681,800,,15027,,0,0,0,0,0,0,0,0,0,0,0,0,0,0,0,1,1,1,1,1,1,1,1,1,1,1,1,1,1,1,1,1,1,1,1,1,1,1,1,0,0,0,0,0,0,0,0,0,0,,,,,,,,,,,,,,,,,,,,,,,,,,,,,,,,,,,,,,,,,,,,,,,,
14682,800,14685,,,0,33,33,31,31,22,22,23,23,26,26,31,31,88,88,1055,1055,1119,1119,1058,1058,1080,1080,966,966,980,980,861,861,1008,1008,1021,1021,988,988,1080,1080,1096,1096,421,421,249,249,150,150,110,110,68,68,,,,,,,,,,,,,,,,,,,,,,,,,,,,,,,,,,,,,,,,,,,,,,,,
14683,1200,,14685,,0,0,0,0,0,0,0,0,0,0,0,0,0,1,1,5,5,6,6,6,6,6,6,5,5,5,5,5,5,5,5,5,5,5,5,6,6,5,5,2,2,1,1,1,1,1,1,0,0,,,,,,,,,,,,,,,,,,,,,,,,,,,,,,,,,,,,,,,,,,,,,,,,
14684,800,14984,,,0,0,0,0,0,0,0,0,0,0,0,0,0,0,0,1,1,1,1,1,1,1,1,1,1,1,1,1,1,1,1,1,1,1,1,1,1,1,1,0,0,0,0,0,0,0,0,0,0,,,,,,,,,,,,,,,,,,,,,,,,,,,,,,,,,,,,,,,,,,,,,,,,
14685,1200,14683,14682,14689,1,0,0,0,0,0,0,0,0,0,0,0,0,0,0,3,3,3,3,3,3,3,3,3,3,2,2,2,2,2,2,3,3,3,3,3,3,3,3,1,1,1,1,0,0,0,0,0,0,,,,,,,,,,,,,,,,,,,,,,,,,,,,,,,,,,,,,,,,,,,,,,,,
14686,1600,15047,14950,,0,0,0,0,0,0,0,0,0,0,0,0,0,0,0,1,1,1,1,1,1,1,1,1,1,1,1,1,1,1,1,1,1,1,1,1,1,1,1,0,0,0,0,0,0,0,0,0,0,,,,,,,,,,,,,,,,,,,,,,,,,,,,,,,,,,,,,,,,,,,,,,,,
14687,800,14976,14680,,0,0,0,0,0,0,0,0,0,0,0,0,0,1,1,4,4,5,5,5,5,4,4,4,4,4,4,4,4,4,4,4,4,4,4,4,4,4,4,2,2,1,1,1,1,0,0,0,0,,,,,,,,,,,,,,,,,,,,,,,,,,,,,,,,,,,,,,,,,,,,,,,,
14688,800,14948,,,0,53,53,55,55,38,38,42,42,48,48,53,53,146,146,715,715,891,891,804,804,768,768,707,707,638,638,676,676,679,679,669,669,696,696,738,738,671,671,411,411,264,264,178,178,130,130,66,66,,,,,,,,,,,,,,,,,,,,,,,,,,,,,,,,,,,,,,,,,,,,,,,,
14689,800,14694,14685,,0,0,0,0,0,0,0,0,0,0,0,0,0,0,0,2,2,3,3,3,3,3,3,2,2,2,2,2,2,2,2,2,2,2,2,2,2,2,2,1,1,1,1,0,0,0,0,0,0,,,,,,,,,,,,,,,,,,,,,,,,,,,,,,,,,,,,,,,,,,,,,,,,
14690,1200,,14982,,0,0,0,0,0,0,0,0,0,0,0,0,0,0,0,1,1,1,1,1,1,1,1,1,1,1,1,1,1,1,1,1,1,1,1,1,1,1,1,0,0,0,0,0,0,0,0,0,0,,,,,,,,,,,,,,,,,,,,,,,,,,,,,,,,,,,,,,,,,,,,,,,,
14691,1600,15011,14967,,0,0,0,0,0,0,0,0,0,0,0,0,0,0,0,4,4,5,5,4,4,4,4,4,4,4,4,4,4,4,4,4,4,4,4,4,4,4,4,1,1,1,1,1,1,0,0,0,0,,,,,,,,,,,,,,,,,,,,,,,,,,,,,,,,,,,,,,,,,,,,,,,,
14692,1200,14694,,,0,0,0,0,0,0,0,0,0,0,0,0,0,0,0,3,3,4,4,4,4,3,3,3,3,3,3,3,3,3,3,3,3,3,3,3,3,3,3,1,1,1,1,1,1,0,0,0,0,,,,,,,,,,,,,,,,,,,,,,,,,,,,,,,,,,,,,,,,,,,,,,,,
14693,300,14986,,,0,0,0,0,0,0,0,0,0,0,0,0,0,0,0,3,3,4,4,4,4,4,4,3,3,3,3,3,3,3,3,3,3,3,3,4,4,3,3,1,1,1,1,0,0,0,0,0,0,,,,,,,,,,,,,,,,,,,,,,,,,,,,,,,,,,,,,,,,,,,,,,,,
14694,1200,14692,14689,14962,1,0,0,0,0,0,0,0,0,0,0,0,0,0,0,2,2,2,2,2,2,2,2,2,2,2,2,2,2,2,2,2,2,2,2,2,2,2,2,1,1,0,0,0,0,0,0,0,0,,,,,,,,,,,,,,,,,,,,,,,,,,,,,,,,,,,,,,,,,,,,,,,,
14695,800,14970,,,0,0,0,0,0,0,0,0,0,0,0,0,0,1,1,4,4,5,5,5,5,4,4,4,4,4,4,4,4,4,4,4,4,4,4,4,4,4,4,2,2,1,1,1,1,0,0,0,0,,,,,,,,,,,,,,,,,,,,,,,,,,,,,,,,,,,,,,,,,,,,,,,,
14696,1200,,14970,,0,0,0,0,0,0,0,0,0,0,0,0,0,1,1,4,4,5,5,5,5,4,4,4,4,4,4,4,4,4,4,4,4,4,4,4,4,4,4,2,2,1,1,1,1,0,0,0,0,,,,,,,,,,,,,,,,,,,,,,,,,,,,,,,,,,,,,,,,,,,,,,,,
14697,600,15045,14946,,0,0,0,0,0,0,0,0,0,0,0,0,0,0,0,1,1,1,1,1,1,1,1,1,1,1,1,1,1,1,1,1,1,1,1,1,1,1,1,0,0,0,0,0,0,0,0,0,0,,,,,,,,,,,,,,,,,,,,,,,,,,,,,,,,,,,,,,,,,,,,,,,,
14698,3500,15009,14976,,0,54,54,56,56,39,39,42,42,50,50,54,54,149,149,959,959,1162,1162,1055,1055,994,994,944,944,856,856,900,900,912,912,924,924,959,959,1013,1013,928,928,419,419,269,269,182,182,132,132,67,67,,,,,,,,,,,,,,,,,,,,,,,,,,,,,,,,,,,,,,,,,,,,,,,,
14699,2500,14997,,,0,66,66,68,68,48,48,52,52,60,60,65,65,182,182,935,935,1151,1151,1042,1042,1000,1000,919,919,838,838,875,875,889,889,877,877,908,908,965,965,886,886,525,525,335,335,225,225,164,164,84,84,,,,,,,,,,,,,,,,,,,,,,,,,,,,,,,,,,,,,,,,,,,,,,,,
147,300,164,146,166,1,0,0,0,0,0,0,0,0,0,0,0,0,1,1,8,8,9,9,9,9,9,9,8,8,8,8,8,8,8,8,8,8,8,8,9,9,8,8,2,2,1,1,1,1,1,1,0,0,,,,,,,,,,,,,,,,,,,,,,,,,,,,,,,,,,,,,,,,,,,,,,,,
14700,1200,14972,,,0,0,0,0,0,0,0,0,0,0,0,0,0,0,0,4,4,5,5,4,4,4,4,4,4,4,4,4,4,4,4,4,4,4,4,4,4,4,4,1,1,1,1,1,1,0,0,0,0,,,,,,,,,,,,,,,,,,,,,,,,,,,,,,,,,,,,,,,,,,,,,,,,
14701,1200,14703,14680,,0,33,33,31,31,22,22,23,23,26,26,31,31,88,88,1055,1055,1119,1119,1058,1058,1080,1080,966,966,980,980,861,861,1008,1008,1021,1021,988,988,1080,1080,1096,1096,421,421,249,249,150,150,110,110,68,68,,,,,,,,,,,,,,,,,,,,,,,,,,,,,,,,,,,,,,,,,,,,,,,,
14702,600,14944,15043,,0,0,0,0,0,0,0,0,0,0,0,0,0,0,0,2,2,2,2,2,2,2,2,2,2,2,2,1,1,2,2,2,2,2,2,2,2,2,2,1,1,0,0,0,0,0,0,0,0,,,,,,,,,,,,,,,,,,,,,,,,,,,,,,,,,,,,,,,,,,,,,,,,
14703,800,14701,14964,14966;14720,2,0,0,0,0,0,0,0,0,0,0,0,0,1,1,4,4,5,5,5,5,5,5,4,4,4,4,4,4,4,4,4,4,4,4,5,5,4,4,2,2,1,1,1,1,0,0,0,0,,,,,,,,,,,,,,,,,,,,,,,,,,,,,,,,,,,,,,,,,,,,,,,,
14704,3000,14986,15025,,0,42,42,39,39,28,28,29,29,34,34,39,39,112,112,1343,1343,1424,1424,1347,1347,1375,1375,1229,1229,1247,1247,1096,1096,1282,1282,1299,1299,1257,1257,1375,1375,1394,1394,536,536,316,316,190,190,140,140,87,87,,,,,,,,,,,,,,,,,,,,,,,,,,,,,,,,,,,,,,,,,,,,,,,,
14705,1200,14974,,,0,0,0,0,0,0,0,0,0,0,0,0,0,0,0,4,4,4,4,4,4,4,4,4,4,3,3,4,4,4,4,4,4,4,4,4,4,4,4,1,1,1,1,1,1,0,0,0,0,,,,,,,,,,,,,,,,,,,,,,,,,,,,,,,,,,,,,,,,,,,,,,,,
14706,4400,15019,14709,,0,54,54,56,56,39,39,42,42,50,50,54,54,149,149,959,959,1162,1162,1055,1055,994,994,944,944,856,856,900,900,912,912,924,924,959,959,1013,1013,928,928,419,419,269,269,182,182,132,132,67,67,,,,,,,,,,,,,,,,,,,,,,,,,,,,,,,,,,,,,,,,,,,,,,,,
14707,4400,14710,15059,,0,42,42,39,39,28,28,29,29,34,34,39,39,112,112,1343,1343,1424,1424,1347,1347,1375,1375,1229,1229,1247,1247,1096,1096,1282,1282,1299,1299,1257,1257,1375,1375,1394,1394,536,536,316,316,190,190,140,140,87,87,,,,,,,,,,,,,,,,,,,,,,,,,,,,,,,,,,,,,,,,,,,,,,,,
14708,600,14942,14952,,0,33,33,31,31,22,22,23,23,26,26,31,31,88,88,1055,1055,1119,1119,1058,1058,1080,1080,966,966,980,980,861,861,1008,1008,1021,1021,988,988,1080,1080,1096,1096,421,421,249,249,150,150,110,110,68,68,,,,,,,,,,,,,,,,,,,,,,,,,,,,,,,,,,,,,,,,,,,,,,,,
14709,1650,14706,6617,14985;14716,2,42,42,39,39,28,28,29,29,34,34,39,39,112,112,1343,1343,1424,1424,1347,1347,1375,1375,1229,1229,1247,1247,1096,1096,1282,1282,1299,1299,1257,1257,1375,1375,1394,1394,536,536,316,316,190,190,140,140,87,87,,,,,,,,,,,,,,,,,,,,,,,,,,,,,,,,,,,,,,,,,,,,,,,,
14710,1600,14959,14731,14707;14730,2,0,0,0,0,0,0,0,0,0,0,0,0,0,0,3,3,3,3,3,3,3,3,3,3,3,3,2,2,3,3,3,3,3,3,3,3,3,3,1,1,1,1,0,0,0,0,0,0,,,,,,,,,,,,,,,,,,,,,,,,,,,,,,,,,,,,,,,,,,,,,,,,
14711,300,14667,15049,,0,0,0,0,0,0,0,0,0,0,0,0,0,0,0,1,1,1,1,1,1,1,1,1,1,1,1,1,1,1,1,1,1,1,1,1,1,1,1,0,0,0,0,0,0,0,0,0,0,,,,,,,,,,,,,,,,,,,,,,,,,,,,,,,,,,,,,,,,,,,,,,,,
14712,1200,14965,14963,,0,0,0,0,0,0,0,0,0,0,0,0,0,0,0,2,2,2,2,2,2,2,2,2,2,2,2,2,2,2,2,2,2,2,2,2,2,2,2,1,1,0,0,0,0,0,0,0,0,,,,,,,,,,,,,,,,,,,,,,,,,,,,,,,,,,,,,,,,,,,,,,,,
14713,1200,14963,,,0,6,6,7,7,5,5,5,5,6,6,6,6,18,18,94,94,115,115,104,104,100,100,92,92,85,85,87,87,90,90,89,89,91,91,97,97,90,90,52,52,33,33,22,22,16,16,8,8,,,,,,,,,,,,,,,,,,,,,,,,,,,,,,,,,,,,,,,,,,,,,,,,
14714,800,14932,,,0,0,0,0,0,0,0,0,0,0,0,0,0,0,0,3,3,4,4,4,4,4,4,3,3,3,3,3,3,3,3,3,3,3,3,3,3,3,3,1,1,1,1,0,0,0,0,0,0,,,,,,,,,,,,,,,,,,,,,,,,,,,,,,,,,,,,,,,,,,,,,,,,
14715,1200,14669,15033,,0,0,0,0,0,0,0,0,0,0,0,0,0,0,0,1,1,2,2,1,1,1,1,1,1,1,1,1,1,1,1,1,1,1,1,1,1,1,1,0,0,0,0,0,0,0,0,0,0,,,,,,,,,,,,,,,,,,,,,,,,,,,,,,,,,,,,,,,,,,,,,,,,
14716,550,14709,14978,,0,42,42,39,39,28,28,29,29,34,34,39,39,112,112,1343,1343,1424,1424,1347,1347,1375,1375,1229,1229,1247,1247,1096,1096,1282,1282,1299,1299,1257,1257,1375,1375,1394,1394,536,536,316,316,190,190,140,140,87,87,,,,,,,,,,,,,,,,,,,,,,,,,,,,,,,,,,,,,,,,,,,,,,,,
14717,1200,,14977,,0,0,0,0,0,0,0,0,0,0,0,0,0,1,1,7,7,8,8,8,8,7,7,7,7,6,6,7,7,7,7,7,7,7,7,7,7,7,7,3,3,2,2,1,1,1,1,0,0,,,,,,,,,,,,,,,,,,,,,,,,,,,,,,,,,,,,,,,,,,,,,,,,
14718,3000,14980,14932,,0,42,42,39,39,28,28,29,29,34,34,39,39,112,112,1343,1343,1424,1424,1347,1347,1375,1375,1229,1229,1247,1247,1096,1096,1282,1282,1299,1299,1257,1257,1375,1375,1394,1394,536,536,316,316,190,190,140,140,87,87,,,,,,,,,,,,,,,,,,,,,,,,,,,,,,,,,,,,,,,,,,,,,,,,
14719,1200,14965,14961,,0,0,0,0,0,0,0,0,0,0,0,0,0,0,0,2,2,2,2,2,2,2,2,2,2,2,2,2,2,2,2,2,2,2,2,2,2,2,2,1,1,0,0,0,0,0,0,0,0,,,,,,,,,,,,,,,,,,,,,,,,,,,,,,,,,,,,,,,,,,,,,,,,
14720,2000,14723,14703,,0,54,54,56,56,39,39,42,42,50,50,54,54,149,149,959,959,1162,1162,1055,1055,994,994,944,944,856,856,900,900,912,912,924,924,959,959,1013,1013,928,928,419,419,269,269,182,182,132,132,67,67,,,,,,,,,,,,,,,,,,,,,,,,,,,,,,,,,,,,,,,,,,,,,,,,
14721,1600,15023,15025,,0,0,0,0,0,0,0,0,0,0,0,0,0,0,0,2,2,3,3,2,2,2,2,2,2,2,2,2,2,2,2,2,2,2,2,2,2,2,2,1,1,1,1,0,0,0,0,0,0,,,,,,,,,,,,,,,,,,,,,,,,,,,,,,,,,,,,,,,,,,,,,,,,
14722,1200,14934,14988,,0,0,0,0,0,0,0,0,0,0,0,0,0,0,0,3,3,4,4,4,4,4,4,3,3,3,3,3,3,3,3,3,3,3,3,3,3,3,3,1,1,1,1,0,0,0,0,0,0,,,,,,,,,,,,,,,,,,,,,,,,,,,,,,,,,,,,,,,,,,,,,,,,
14723,1600,6556,14732,14720;6566,2,0,0,0,0,0,0,0,0,0,0,0,0,1,1,5,5,6,6,6,6,6,6,5,5,5,5,5,5,5,5,5,5,5,5,6,6,5,5,2,2,1,1,1,1,1,1,0,0,,,,,,,,,,,,,,,,,,,,,,,,,,,,,,,,,,,,,,,,,,,,,,,,
14724,1200,6555,14938,,0,0,0,0,0,0,0,0,0,0,0,0,0,0,0,3,3,3,3,3,3,3,3,3,3,3,3,2,2,3,3,3,3,3,3,3,3,3,3,1,1,1,1,0,0,0,0,0,0,,,,,,,,,,,,,,,,,,,,,,,,,,,,,,,,,,,,,,,,,,,,,,,,
14725,3000,14934,14992,,0,42,42,39,39,28,28,29,29,34,34,39,39,112,112,1343,1343,1424,1424,1347,1347,1375,1375,1229,1229,1247,1247,1096,1096,1282,1282,1299,1299,1257,1257,1375,1375,1394,1394,536,536,316,316,190,190,140,140,87,87,,,,,,,,,,,,,,,,,,,,,,,,,,,,,,,,,,,,,,,,,,,,,,,,
14726,1200,14958,6555,,0,53,53,55,55,38,38,42,42,48,48,53,53,146,146,715,715,891,891,804,804,768,768,707,707,638,638,676,676,679,679,669,669,696,696,738,738,671,671,411,411,264,264,178,178,130,130,66,66,,,,,,,,,,,,,,,,,,,,,,,,,,,,,,,,,,,,,,,,,,,,,,,,
14727,1200,7160,14988,,0,53,53,55,55,38,38,42,42,48,48,53,53,146,146,715,715,891,891,804,804,768,768,707,707,638,638,676,676,679,679,669,669,696,696,738,738,671,671,411,411,264,264,178,178,130,130,66,66,,,,,,,,,,,,,,,,,,,,,,,,,,,,,,,,,,,,,,,,,,,,,,,,
14728,4400,,15017,,0,67,67,70,70,49,49,53,53,62,62,67,67,186,186,910,910,1134,1134,1023,1023,977,977,900,900,812,812,861,861,864,864,851,851,886,886,939,939,854,854,524,524,336,336,227,227,165,165,84,84,,,,,,,,,,,,,,,,,,,,,,,,,,,,,,,,,,,,,,,,,,,,,,,,
14729,1600,6557,14979,14989,1,0,0,0,0,0,0,0,0,0,0,0,0,0,0,894,894,944,944,1009,1009,988,988,917,917,851,851,900,900,826,826,926,926,922,922,952,952,857,857,0,0,0,0,0,0,0,0,0,0,,,,,,,,,,,,,,,,,,,,,,,,,,,,,,,,,,,,,,,,,,,,,,,,
14730,4400,14710,14958,,0,42,42,39,39,28,28,29,29,34,34,39,39,112,112,1343,1343,1424,1424,1347,1347,1375,1375,1229,1229,1247,1247,1096,1096,1282,1282,1299,1299,1257,1257,1375,1375,1394,1394,536,536,316,316,190,190,140,140,87,87,,,,,,,,,,,,,,,,,,,,,,,,,,,,,,,,,,,,,,,,,,,,,,,,
14731,1200,14710,14940,,0,0,0,0,0,0,0,0,0,0,0,0,0,0,0,2,2,2,2,2,2,2,2,2,2,2,2,2,2,2,2,2,2,2,2,2,2,2,2,1,1,0,0,0,0,0,0,0,0,,,,,,,,,,,,,,,,,,,,,,,,,,,,,,,,,,,,,,,,,,,,,,,,
14732,2500,14974,14723,,0,54,54,56,56,39,39,42,42,50,50,54,54,149,149,959,959,1162,1162,1055,1055,994,994,944,944,856,856,900,900,912,912,924,924,959,959,1013,1013,928,928,419,419,269,269,182,182,132,132,67,67,,,,,,,,,,,,,,,,,,,,,,,,,,,,,,,,,,,,,,,,,,,,,,,,
14733,4400,14978,15071,,0,34,34,35,35,25,25,27,27,31,31,34,34,94,94,1045,1045,1197,1197,1143,1143,1090,1090,1034,1034,953,953,989,989,986,986,1038,1038,1058,1058,1111,1111,1023,1023,276,276,176,176,118,118,86,86,44,44,,,,,,,,,,,,,,,,,,,,,,,,,,,,,,,,,,,,,,,,,,,,,,,,
14734,1100,14739,14999,15016,1,54,54,56,56,39,39,42,42,50,50,54,54,149,149,959,959,1162,1162,1055,1055,994,994,944,944,856,856,900,900,912,912,924,924,959,959,1013,1013,928,928,419,419,269,269,182,182,132,132,67,67,,,,,,,,,,,,,,,,,,,,,,,,,,,,,,,,,,,,,,,,,,,,,,,,
14735,4400,14567,14738,14864;14860;14862,3,42,42,39,39,28,28,29,29,34,34,39,39,112,112,1343,1343,1424,1424,1347,1347,1375,1375,1229,1229,1247,1247,1096,1096,1282,1282,1299,1299,1257,1257,1375,1375,1394,1394,536,536,316,316,190,190,140,140,87,87,,,,,,,,,,,,,,,,,,,,,,,,,,,,,,,,,,,,,,,,,,,,,,,,
14736,4400,14600,14752,14738;14594;14604;14737;14610,5,34,34,35,35,25,25,27,27,31,31,34,34,94,94,1045,1045,1197,1197,1143,1143,1090,1090,1034,1034,953,953,989,989,986,986,1038,1038,1058,1058,1111,1111,1023,1023,276,276,176,176,118,118,86,86,44,44,,,,,,,,,,,,,,,,,,,,,,,,,,,,,,,,,,,,,,,,,,,,,,,,
14737,4400,14739,14738,14736;14740;14610;14616,4,34,34,35,35,25,25,27,27,31,31,34,34,94,94,1045,1045,1197,1197,1143,1143,1090,1090,1034,1034,953,953,989,989,986,986,1038,1038,1058,1058,1111,1111,1023,1023,276,276,176,176,118,118,86,86,44,44,,,,,,,,,,,,,,,,,,,,,,,,,,,,,,,,,,,,,,,,,,,,,,,,
14738,4400,14739,581,10339;578;570;571;572;579;580;573;585;584;574;575;576;577;582;592;13280;587;586;594;595;13716;596;588;589;590;14550;14560;14548;14895;14551;14894;14735;14565;14567;14577;14600;14736;14740;14737,40,34,34,35,35,24,24,26,26,31,31,34,34,93,93,1024,1024,1168,1168,1154,1154,1117,1117,1034,1034,948,948,1003,1003,958,958,1015,1015,1030,1030,1075,1075,972,972,262,262,168,168,114,114,82,82,42,42,,,,,,,,,,,,,,,,,,,,,,,,,,,,,,,,,,,,,,,,,,,,,,,,
14739,4400,14738,14999,14740;14737;15016;14734,4,66,66,68,68,48,48,52,52,60,60,65,65,182,182,935,935,1151,1151,1042,1042,1000,1000,919,919,838,838,875,875,889,889,877,877,908,908,965,965,886,886,525,525,335,335,225,225,164,164,84,84,,,,,,,,,,,,,,,,,,,,,,,,,,,,,,,,,,,,,,,,,,,,,,,,
14740,1200,14739,14738,14737;15071,2,0,0,0,0,0,0,0,0,0,0,0,0,1,1,6,6,7,7,6,6,6,6,6,6,5,5,5,5,6,6,6,6,6,6,6,6,6,6,2,2,1,1,1,1,0,0,0,0,,,,,,,,,,,,,,,,,,,,,,,,,,,,,,,,,,,,,,,,,,,,,,,,
14741,500,14611,14597,,0,34,34,35,35,25,25,27,27,31,31,34,34,94,94,1045,1045,1197,1197,1143,1143,1090,1090,1034,1034,953,953,989,989,986,986,1038,1038,1058,1058,1111,1111,1023,1023,276,276,176,176,118,118,86,86,44,44,,,,,,,,,,,,,,,,,,,,,,,,,,,,,,,,,,,,,,,,,,,,,,,,
14742,1600,14744,14743,,0,0,0,0,0,0,0,0,0,0,0,0,0,0,0,4,4,5,5,5,5,5,5,4,4,4,4,4,4,4,4,4,4,4,4,5,5,4,4,1,1,1,1,1,1,0,0,0,0,,,,,,,,,,,,,,,,,,,,,,,,,,,,,,,,,,,,,,,,,,,,,,,,
14743,1600,15071,14742,14616,1,0,0,0,0,0,0,0,0,0,0,0,0,1,1,8,8,9,9,9,9,9,9,8,8,8,8,8,8,8,8,8,8,8,8,9,9,8,8,2,2,1,1,1,1,1,1,0,0,,,,,,,,,,,,,,,,,,,,,,,,,,,,,,,,,,,,,,,,,,,,,,,,
14744,800,14742,14613,14621,1,0,0,0,0,0,0,0,0,0,0,0,0,0,0,5,5,6,6,6,6,5,5,5,5,5,5,5,5,5,5,5,5,5,5,6,6,5,5,1,1,1,1,1,1,0,0,0,0,,,,,,,,,,,,,,,,,,,,,,,,,,,,,,,,,,,,,,,,,,,,,,,,
14745,800,,14629,14746,1,0,0,0,0,0,0,0,0,0,0,0,0,1,1,9,9,10,10,9,9,9,9,9,9,8,8,8,8,8,8,9,9,9,9,9,9,9,9,2,2,1,1,1,1,1,1,0,0,,,,,,,,,,,,,,,,,,,,,,,,,,,,,,,,,,,,,,,,,,,,,,,,
14746,1200,14745,14626,14632,1,0,0,0,0,0,0,0,0,0,0,0,0,1,1,8,8,9,9,9,9,9,9,8,8,7,7,8,8,8,8,8,8,8,8,9,9,8,8,2,2,1,1,1,1,1,1,0,0,,,,,,,,,,,,,,,,,,,,,,,,,,,,,,,,,,,,,,,,,,,,,,,,
14747,400,14613,14633,14626,1,0,0,0,0,0,0,0,0,0,0,0,0,1,1,6,6,7,7,6,6,6,6,6,6,5,5,5,5,6,6,6,6,6,6,6,6,6,6,2,2,1,1,1,1,0,0,0,0,,,,,,,,,,,,,,,,,,,,,,,,,,,,,,,,,,,,,,,,,,,,,,,,
14748,1200,,14749,,0,0,0,0,0,0,0,0,0,0,0,0,0,0,0,6,6,7,7,6,6,6,6,6,6,5,5,5,5,5,5,6,6,6,6,6,6,6,6,2,2,1,1,1,1,0,0,0,0,,,,,,,,,,,,,,,,,,,,,,,,,,,,,,,,,,,,,,,,,,,,,,,,
14749,1200,14748,14587,14584,1,0,0,0,0,0,0,0,0,0,0,0,0,0,0,4,4,5,5,5,5,4,4,4,4,4,4,4,4,4,4,4,4,4,4,4,4,4,4,1,1,1,1,0,0,0,0,0,0,,,,,,,,,,,,,,,,,,,,,,,,,,,,,,,,,,,,,,,,,,,,,,,,
14750,1200,14751,14757,,0,33,33,31,31,22,22,23,23,26,26,31,31,88,88,1055,1055,1119,1119,1058,1058,1080,1080,966,966,980,980,861,861,1008,1008,1021,1021,988,988,1080,1080,1096,1096,421,421,249,249,150,150,110,110,68,68,,,,,,,,,,,,,,,,,,,,,,,,,,,,,,,,,,,,,,,,,,,,,,,,
14751,400,14750,14571,14587,1,0,0,0,0,0,0,0,0,0,0,0,0,0,0,3,3,4,4,3,3,3,3,3,3,3,3,3,3,3,3,3,3,3,3,3,3,3,3,1,1,1,1,0,0,0,0,0,0,,,,,,,,,,,,,,,,,,,,,,,,,,,,,,,,,,,,,,,,,,,,,,,,
14752,2750,,14736,14753,1,34,34,35,35,25,25,27,27,31,31,34,34,94,94,1045,1045,1197,1197,1143,1143,1090,1090,1034,1034,953,953,989,989,986,986,1038,1038,1058,1058,1111,1111,1023,1023,276,276,176,176,118,118,86,86,44,44,,,,,,,,,,,,,,,,,,,,,,,,,,,,,,,,,,,,,,,,,,,,,,,,
14753,1600,14754,14752,14597,1,0,0,0,0,0,0,0,0,0,0,0,0,1,1,7,7,8,8,7,7,7,7,7,7,6,6,6,6,6,6,7,7,7,7,7,7,7,7,2,2,1,1,1,1,1,1,0,0,,,,,,,,,,,,,,,,,,,,,,,,,,,,,,,,,,,,,,,,,,,,,,,,
14754,1200,14755,14753,,0,33,33,31,31,22,22,23,23,26,26,31,31,88,88,1055,1055,1119,1119,1058,1058,1080,1080,966,966,980,980,861,861,1008,1008,1021,1021,988,988,1080,1080,1096,1096,421,421,249,249,150,150,110,110,68,68,,,,,,,,,,,,,,,,,,,,,,,,,,,,,,,,,,,,,,,,,,,,,,,,
14755,1200,14576,14754,14756;14762,2,0,0,0,0,0,0,0,0,0,0,0,0,0,0,4,4,4,4,4,4,4,4,4,4,3,3,3,3,3,3,4,4,4,4,4,4,4,4,1,1,1,1,0,0,0,0,0,0,,,,,,,,,,,,,,,,,,,,,,,,,,,,,,,,,,,,,,,,,,,,,,,,
14756,400,14755,,14757,1,0,0,0,0,0,0,0,0,0,0,0,0,0,0,3,3,4,4,4,4,3,3,3,3,3,3,3,3,3,3,3,3,3,3,3,3,3,3,1,1,1,1,0,0,0,0,0,0,,,,,,,,,,,,,,,,,,,,,,,,,,,,,,,,,,,,,,,,,,,,,,,,
14757,1600,14756,14827,14750,1,33,33,31,31,22,22,23,23,26,26,31,31,88,88,1055,1055,1119,1119,1058,1058,1080,1080,966,966,980,980,861,861,1008,1008,1021,1021,988,988,1080,1080,1096,1096,421,421,249,249,150,150,110,110,68,68,,,,,,,,,,,,,,,,,,,,,,,,,,,,,,,,,,,,,,,,,,,,,,,,
14758,1200,14759,14761,,0,0,0,0,0,0,0,0,0,0,0,0,0,1,1,7,7,8,8,8,8,7,7,7,7,6,6,7,7,7,7,7,7,7,7,7,7,7,7,3,3,2,2,1,1,1,1,0,0,,,,,,,,,,,,,,,,,,,,,,,,,,,,,,,,,,,,,,,,,,,,,,,,
14759,2500,15021,14758,14640,1,54,54,56,56,39,39,42,42,50,50,54,54,149,149,959,959,1162,1162,1055,1055,994,994,944,944,856,856,900,900,912,912,924,924,959,959,1013,1013,928,928,419,419,269,269,182,182,132,132,67,67,,,,,,,,,,,,,,,,,,,,,,,,,,,,,,,,,,,,,,,,,,,,,,,,
14760,1200,14761,14629,,0,0,0,0,0,0,0,0,0,0,0,0,0,1,1,5,5,6,6,5,5,5,5,5,5,4,4,5,5,5,5,5,5,5,5,5,5,5,5,2,2,1,1,1,1,1,1,0,0,,,,,,,,,,,,,,,,,,,,,,,,,,,,,,,,,,,,,,,,,,,,,,,,
14761,300,14633,14760,14758,1,0,0,0,0,0,0,0,0,0,0,0,0,1,1,6,6,7,7,6,6,6,6,6,6,5,5,5,5,5,5,6,6,6,6,6,6,6,6,2,2,1,1,1,1,1,1,0,0,,,,,,,,,,,,,,,,,,,,,,,,,,,,,,,,,,,,,,,,,,,,,,,,
14762,4400,14763,14755,,0,67,67,70,70,49,49,53,53,62,62,67,67,186,186,910,910,1134,1134,1023,1023,977,977,900,900,812,812,861,861,864,864,851,851,886,886,939,939,854,854,524,524,336,336,227,227,165,165,84,84,,,,,,,,,,,,,,,,,,,,,,,,,,,,,,,,,,,,,,,,,,,,,,,,
14763,2750,14764,14762,14582;14585,2,43,43,43,43,30,30,32,32,38,38,42,42,118,118,1168,1168,1302,1302,1212,1212,1190,1190,1101,1101,1066,1066,1011,1011,1113,1113,1136,1136,1132,1132,1218,1218,1186,1186,443,443,270,270,171,171,125,125,72,72,,,,,,,,,,,,,,,,,,,,,,,,,,,,,,,,,,,,,,,,,,,,,,,,
14764,2500,14763,14765,,0,43,43,43,43,30,30,32,32,38,38,42,42,118,118,1168,1168,1302,1302,1212,1212,1190,1190,1101,1101,1066,1066,1011,1011,1113,1113,1136,1136,1132,1132,1218,1218,1186,1186,443,443,270,270,171,171,125,125,72,72,,,,,,,,,,,,,,,,,,,,,,,,,,,,,,,,,,,,,,,,,,,,,,,,
14765,2500,14764,14766,14578,1,43,43,43,43,30,30,32,32,38,38,42,42,118,118,1168,1168,1302,1302,1212,1212,1190,1190,1101,1101,1066,1066,1011,1011,1113,1113,1136,1136,1132,1132,1218,1218,1186,1186,443,443,270,270,171,171,125,125,72,72,,,,,,,,,,,,,,,,,,,,,,,,,,,,,,,,,,,,,,,,,,,,,,,,
14766,2500,14765,14767,,0,43,43,43,43,30,30,32,32,38,38,42,42,118,118,1168,1168,1302,1302,1212,1212,1190,1190,1101,1101,1066,1066,1011,1011,1113,1113,1136,1136,1132,1132,1218,1218,1186,1186,443,443,270,270,171,171,125,125,72,72,,,,,,,,,,,,,,,,,,,,,,,,,,,,,,,,,,,,,,,,,,,,,,,,
14767,2500,14766,14591,14856,1,43,43,43,43,30,30,32,32,38,38,42,42,118,118,1168,1168,1302,1302,1212,1212,1190,1190,1101,1101,1066,1066,1011,1011,1113,1113,1136,1136,1132,1132,1218,1218,1186,1186,443,443,270,270,171,171,125,125,72,72,,,,,,,,,,,,,,,,,,,,,,,,,,,,,,,,,,,,,,,,,,,,,,,,
14768,4000,14769,14613,14604,1,34,34,35,35,25,25,27,27,31,31,34,34,94,94,1045,1045,1197,1197,1143,1143,1090,1090,1034,1034,953,953,989,989,986,986,1038,1038,1058,1058,1111,1111,1023,1023,276,276,176,176,118,118,86,86,44,44,,,,,,,,,,,,,,,,,,,,,,,,,,,,,,,,,,,,,,,,,,,,,,,,
14769,2000,14768,14612,14593;14609,2,43,43,43,43,30,30,32,32,38,38,42,42,118,118,1168,1168,1302,1302,1212,1212,1190,1190,1101,1101,1066,1066,1011,1011,1113,1113,1136,1136,1132,1132,1218,1218,1186,1186,443,443,270,270,171,171,125,125,72,72,,,,,,,,,,,,,,,,,,,,,,,,,,,,,,,,,,,,,,,,,,,,,,,,
14770,1200,14771,14583,,0,0,0,0,0,0,0,0,0,0,0,0,0,0,0,3,3,3,3,3,3,3,3,3,3,3,3,3,3,3,3,3,3,3,3,3,3,3,3,1,1,1,1,0,0,0,0,0,0,,,,,,,,,,,,,,,,,,,,,,,,,,,,,,,,,,,,,,,,,,,,,,,,
14771,300,14586,14589,14770,1,0,0,0,0,0,0,0,0,0,0,0,0,0,0,3,3,3,3,3,3,3,3,2,2,2,2,2,2,2,2,3,3,3,3,3,3,3,3,1,1,1,1,0,0,0,0,0,0,,,,,,,,,,,,,,,,,,,,,,,,,,,,,,,,,,,,,,,,,,,,,,,,
14772,400,14773,14590,14622,1,0,0,0,0,0,0,0,0,0,0,0,0,0,0,2,2,2,2,2,2,2,2,2,2,2,2,2,2,2,2,2,2,2,2,2,2,2,2,1,1,0,0,0,0,0,0,0,0,,,,,,,,,,,,,,,,,,,,,,,,,,,,,,,,,,,,,,,,,,,,,,,,
14773,2500,14774,14772,,0,43,43,43,43,30,30,32,32,38,38,42,42,118,118,1168,1168,1302,1302,1212,1212,1190,1190,1101,1101,1066,1066,1011,1011,1113,1113,1136,1136,1132,1132,1218,1218,1186,1186,443,443,270,270,171,171,125,125,72,72,,,,,,,,,,,,,,,,,,,,,,,,,,,,,,,,,,,,,,,,,,,,,,,,
14774,300,14773,14648,14605,1,0,0,0,0,0,0,0,0,0,0,0,0,0,0,2,2,2,2,2,2,2,2,2,2,2,2,2,2,2,2,2,2,2,2,2,2,2,2,1,1,0,0,0,0,0,0,0,0,,,,,,,,,,,,,,,,,,,,,,,,,,,,,,,,,,,,,,,,,,,,,,,,
14775,1200,14776,,,0,0,0,0,0,0,0,0,0,0,0,0,0,0,0,2,2,2,2,2,2,2,2,2,2,2,2,2,2,2,2,2,2,2,2,2,2,2,2,1,1,1,1,0,0,0,0,0,0,,,,,,,,,,,,,,,,,,,,,,,,,,,,,,,,,,,,,,,,,,,,,,,,
14776,800,14777,,14775;14628,2,0,0,0,0,0,0,0,0,0,0,0,0,0,0,2,2,3,3,2,2,2,2,2,2,2,2,2,2,2,2,2,2,2,2,2,2,2,2,1,1,1,1,0,0,0,0,0,0,,,,,,,,,,,,,,,,,,,,,,,,,,,,,,,,,,,,,,,,,,,,,,,,
14777,4400,14776,14778,,0,0,0,0,0,0,0,0,0,0,0,0,0,0,0,1156,1156,1275,1275,1184,1184,1063,1063,1121,1121,1033,1033,1056,1056,1105,1105,1218,1218,1250,1250,1308,1308,1226,1226,0,0,0,0,0,0,0,0,0,0,,,,,,,,,,,,,,,,,,,,,,,,,,,,,,,,,,,,,,,,,,,,,,,,
14778,1100,14777,14648,14645,1,42,42,39,39,28,28,29,29,34,34,39,39,112,112,1343,1343,1424,1424,1347,1347,1375,1375,1229,1229,1247,1247,1096,1096,1282,1282,1299,1299,1257,1257,1375,1375,1394,1394,536,536,316,316,190,190,140,140,87,87,,,,,,,,,,,,,,,,,,,,,,,,,,,,,,,,,,,,,,,,,,,,,,,,
14779,3500,15035,,,0,42,42,39,39,28,28,29,29,34,34,39,39,112,112,1343,1343,1424,1424,1347,1347,1375,1375,1229,1229,1247,1247,1096,1096,1282,1282,1299,1299,1257,1257,1375,1375,1394,1394,536,536,316,316,190,190,140,140,87,87,,,,,,,,,,,,,,,,,,,,,,,,,,,,,,,,,,,,,,,,,,,,,,,,
14780,2200,14653,,15040,1,42,42,39,39,28,28,29,29,34,34,39,39,112,112,1343,1343,1424,1424,1347,1347,1375,1375,1229,1229,1247,1247,1096,1096,1282,1282,1299,1299,1257,1257,1375,1375,1394,1394,536,536,316,316,190,190,140,140,87,87,,,,,,,,,,,,,,,,,,,,,,,,,,,,,,,,,,,,,,,,,,,,,,,,
14781,800,14782,14653,,0,0,0,0,0,0,0,0,0,0,0,0,0,0,0,1,1,1,1,1,1,1,1,1,1,1,1,1,1,1,1,1,1,1,1,1,1,1,1,0,0,0,0,0,0,0,0,0,0,,,,,,,,,,,,,,,,,,,,,,,,,,,,,,,,,,,,,,,,,,,,,,,,
14782,400,14781,14620,14622,1,0,0,0,0,0,0,0,0,0,0,0,0,0,0,1,1,1,1,1,1,1,1,1,1,1,1,1,1,1,1,1,1,1,1,1,1,1,1,0,0,0,0,0,0,0,0,0,0,,,,,,,,,,,,,,,,,,,,,,,,,,,,,,,,,,,,,,,,,,,,,,,,
14783,3000,14784,14796,,0,42,42,39,39,28,28,29,29,34,34,39,39,112,112,1343,1343,1424,1424,1347,1347,1375,1375,1229,1229,1247,1247,1096,1096,1282,1282,1299,1299,1257,1257,1375,1375,1394,1394,536,536,316,316,190,190,140,140,87,87,,,,,,,,,,,,,,,,,,,,,,,,,,,,,,,,,,,,,,,,,,,,,,,,
14784,1600,14783,14653,14785,1,0,0,0,0,0,0,0,0,0,0,0,0,0,0,2,2,2,2,2,2,2,2,2,2,1,1,1,1,2,2,2,2,2,2,2,2,2,2,1,1,0,0,0,0,0,0,0,0,,,,,,,,,,,,,,,,,,,,,,,,,,,,,,,,,,,,,,,,,,,,,,,,
14785,1200,14786,14784,,0,0,0,0,0,0,0,0,0,0,0,0,0,0,0,1,1,2,2,1,1,1,1,1,1,1,1,1,1,1,1,1,1,1,1,1,1,1,1,1,1,0,0,0,0,0,0,0,0,,,,,,,,,,,,,,,,,,,,,,,,,,,,,,,,,,,,,,,,,,,,,,,,
14786,1200,14636,14785,14631,1,0,0,0,0,0,0,0,0,0,0,0,0,0,0,1,1,1,1,1,1,1,1,1,1,1,1,1,1,1,1,1,1,1,1,1,1,1,1,0,0,0,0,0,0,0,0,0,0,,,,,,,,,,,,,,,,,,,,,,,,,,,,,,,,,,,,,,,,,,,,,,,,
14787,800,14788,14590,,0,0,0,0,0,0,0,0,0,0,0,0,0,0,0,3,3,3,3,3,3,3,3,3,3,3,3,2,2,3,3,3,3,3,3,3,3,3,3,1,1,1,1,0,0,0,0,0,0,,,,,,,,,,,,,,,,,,,,,,,,,,,,,,,,,,,,,,,,,,,,,,,,
14788,500,14619,14592,14787,1,43,43,43,43,30,30,32,32,38,38,42,42,118,118,1168,1168,1302,1302,1212,1212,1190,1190,1101,1101,1066,1066,1011,1011,1113,1113,1136,1136,1132,1132,1218,1218,1186,1186,443,443,270,270,171,171,125,125,72,72,,,,,,,,,,,,,,,,,,,,,,,,,,,,,,,,,,,,,,,,,,,,,,,,
14789,800,14790,14809,,0,0,0,0,0,0,0,0,0,0,0,0,0,0,0,2,2,3,3,3,3,3,3,2,2,2,2,2,2,2,2,2,2,2,2,3,3,2,2,1,1,1,1,0,0,0,0,0,0,,,,,,,,,,,,,,,,,,,,,,,,,,,,,,,,,,,,,,,,,,,,,,,,
14790,400,14592,14789,14791,1,0,0,0,0,0,0,0,0,0,0,0,0,0,0,3,3,3,3,3,3,3,3,3,3,3,3,3,3,3,3,3,3,3,3,3,3,3,3,1,1,1,1,0,0,0,0,0,0,,,,,,,,,,,,,,,,,,,,,,,,,,,,,,,,,,,,,,,,,,,,,,,,
14791,800,14792,14790,,0,0,0,0,0,0,0,0,0,0,0,0,0,0,0,1,1,1,1,1,1,1,1,1,1,1,1,1,1,1,1,1,1,1,1,1,1,1,1,1,1,0,0,0,0,0,0,0,0,,,,,,,,,,,,,,,,,,,,,,,,,,,,,,,,,,,,,,,,,,,,,,,,
14792,300,14623,14791,14793,1,0,0,0,0,0,0,0,0,0,0,0,0,0,0,3,3,3,3,3,3,3,3,3,3,3,3,3,3,3,3,3,3,3,3,3,3,3,3,1,1,1,1,0,0,0,0,0,0,,,,,,,,,,,,,,,,,,,,,,,,,,,,,,,,,,,,,,,,,,,,,,,,
14793,400,14794,14792,,0,0,0,0,0,0,0,0,0,0,0,0,0,0,0,3,3,3,3,3,3,3,3,3,3,3,3,3,3,3,3,3,3,3,3,3,3,3,3,1,1,1,1,0,0,0,0,0,0,,,,,,,,,,,,,,,,,,,,,,,,,,,,,,,,,,,,,,,,,,,,,,,,
14794,400,14646,14793,14631,1,0,0,0,0,0,0,0,0,0,0,0,0,0,0,3,3,3,3,3,3,3,3,3,3,3,3,3,3,3,3,3,3,3,3,3,3,3,3,1,1,1,1,0,0,0,0,0,0,,,,,,,,,,,,,,,,,,,,,,,,,,,,,,,,,,,,,,,,,,,,,,,,
14795,1600,14661,14796,,0,0,0,0,0,0,0,0,0,0,0,0,0,0,0,1,1,1,1,1,1,1,1,1,1,1,1,1,1,1,1,1,1,1,1,1,1,1,1,0,0,0,0,0,0,0,0,0,0,,,,,,,,,,,,,,,,,,,,,,,,,,,,,,,,,,,,,,,,,,,,,,,,
14796,600,14783,14797,14795,1,0,0,0,0,0,0,0,0,0,0,0,0,0,0,2,2,3,3,2,2,2,2,2,2,2,2,2,2,2,2,2,2,2,2,2,2,2,2,1,1,1,1,0,0,0,0,0,0,,,,,,,,,,,,,,,,,,,,,,,,,,,,,,,,,,,,,,,,,,,,,,,,
14797,800,14796,14798,,0,0,0,0,0,0,0,0,0,0,0,0,0,0,0,2,2,2,2,2,2,2,2,2,2,2,2,2,2,2,2,2,2,2,2,2,2,2,2,1,1,0,0,0,0,0,0,0,0,,,,,,,,,,,,,,,,,,,,,,,,,,,,,,,,,,,,,,,,,,,,,,,,
14798,800,14647,14797,14646,1,0,0,0,0,0,0,0,0,0,0,0,0,0,0,2,2,2,2,2,2,2,2,2,2,2,2,2,2,2,2,2,2,2,2,2,2,2,2,1,1,0,0,0,0,0,0,0,0,,,,,,,,,,,,,,,,,,,,,,,,,,,,,,,,,,,,,,,,,,,,,,,,
14799,300,14639,14800,,0,0,0,0,0,0,0,0,0,0,0,0,0,0,0,1,1,1,1,1,1,1,1,1,1,1,1,1,1,1,1,1,1,1,1,1,1,1,1,0,0,0,0,0,0,0,0,0,0,,,,,,,,,,,,,,,,,,,,,,,,,,,,,,,,,,,,,,,,,,,,,,,,
148,2000,423,421,,0,27,27,28,28,20,20,21,21,25,25,27,27,74,74,1049,1049,1182,1182,1170,1170,1126,1126,1056,1056,970,970,1022,1022,982,982,1052,1052,1066,1066,1112,1112,1010,1010,210,210,134,134,91,91,66,66,34,34,,,,,,,,,,,,,,,,,,,,,,,,,,,,,,,,,,,,,,,,,,,,,,,,
14800,400,14637,14799,14630,1,0,0,0,0,0,0,0,0,0,0,0,0,0,0,1,1,1,1,1,1,1,1,1,1,1,1,1,1,1,1,1,1,1,1,1,1,1,1,0,0,0,0,0,0,0,0,0,0,,,,,,,,,,,,,,,,,,,,,,,,,,,,,,,,,,,,,,,,,,,,,,,,
14801,800,14603,14802,,0,0,0,0,0,0,0,0,0,0,0,0,0,0,0,2,2,2,2,2,2,2,2,2,2,2,2,2,2,2,2,2,2,2,2,2,2,2,2,1,1,0,0,0,0,0,0,0,0,,,,,,,,,,,,,,,,,,,,,,,,,,,,,,,,,,,,,,,,,,,,,,,,
14802,800,14602,14598,14801,1,0,0,0,0,0,0,0,0,0,0,0,0,0,0,2,2,2,2,2,2,2,2,2,2,1,1,1,1,2,2,2,2,2,2,2,2,2,2,1,1,0,0,0,0,0,0,0,0,,,,,,,,,,,,,,,,,,,,,,,,,,,,,,,,,,,,,,,,,,,,,,,,
14803,1200,14808,14635,,0,0,0,0,0,0,0,0,0,0,0,0,0,0,0,2,2,2,2,2,2,2,2,2,2,2,2,2,2,2,2,2,2,2,2,2,2,2,2,1,1,0,0,0,0,0,0,0,0,,,,,,,,,,,,,,,,,,,,,,,,,,,,,,,,,,,,,,,,,,,,,,,,
14804,800,15062,14650,14805,1,0,0,0,0,0,0,0,0,0,0,0,0,0,0,2,2,2,2,2,2,2,2,2,2,2,2,2,2,2,2,2,2,2,2,2,2,2,2,1,1,0,0,0,0,0,0,0,0,,,,,,,,,,,,,,,,,,,,,,,,,,,,,,,,,,,,,,,,,,,,,,,,
14805,800,14649,14804,14806,1,0,0,0,0,0,0,0,0,0,0,0,0,0,0,2,2,2,2,2,2,2,2,2,2,2,2,2,2,2,2,2,2,2,2,2,2,2,2,1,1,0,0,0,0,0,0,0,0,,,,,,,,,,,,,,,,,,,,,,,,,,,,,,,,,,,,,,,,,,,,,,,,
14806,800,14649,14805,14807,1,0,0,0,0,0,0,0,0,0,0,0,0,0,0,2,2,2,2,2,2,2,2,1,1,1,1,1,1,1,1,1,1,1,1,2,2,2,2,1,1,0,0,0,0,0,0,0,0,,,,,,,,,,,,,,,,,,,,,,,,,,,,,,,,,,,,,,,,,,,,,,,,
14807,800,14806,14808,,0,0,0,0,0,0,0,0,0,0,0,0,0,0,0,2,2,2,2,2,2,2,2,2,2,1,1,1,1,2,2,2,2,2,2,2,2,2,2,1,1,0,0,0,0,0,0,0,0,,,,,,,,,,,,,,,,,,,,,,,,,,,,,,,,,,,,,,,,,,,,,,,,
14808,400,14644,14807,14803,1,0,0,0,0,0,0,0,0,0,0,0,0,0,0,2,2,2,2,2,2,2,2,2,2,2,2,2,2,2,2,2,2,2,2,2,2,2,2,1,1,0,0,0,0,0,0,0,0,,,,,,,,,,,,,,,,,,,,,,,,,,,,,,,,,,,,,,,,,,,,,,,,
14809,1000,14581,14789,14617,1,43,43,43,43,30,30,32,32,38,38,42,42,118,118,1168,1168,1302,1302,1212,1212,1190,1190,1101,1101,1066,1066,1011,1011,1113,1113,1136,1136,1132,1132,1218,1218,1186,1186,443,443,270,270,171,171,125,125,72,72,,,,,,,,,,,,,,,,,,,,,,,,,,,,,,,,,,,,,,,,,,,,,,,,
14810,3000,14811,14581,,0,43,43,43,43,30,30,32,32,38,38,42,42,118,118,1168,1168,1302,1302,1212,1212,1190,1190,1101,1101,1066,1066,1011,1011,1113,1113,1136,1136,1132,1132,1218,1218,1186,1186,443,443,270,270,171,171,125,125,72,72,,,,,,,,,,,,,,,,,,,,,,,,,,,,,,,,,,,,,,,,,,,,,,,,
14811,800,14564,14606,14574;14810,2,0,0,0,0,0,0,0,0,0,0,0,0,0,0,2,2,2,2,2,2,2,2,2,2,2,2,2,2,2,2,2,2,2,2,2,2,2,2,1,1,0,0,0,0,0,0,0,0,,,,,,,,,,,,,,,,,,,,,,,,,,,,,,,,,,,,,,,,,,,,,,,,
14812,2500,14813,14561,,0,43,43,43,43,30,30,32,32,38,38,42,42,118,118,1168,1168,1302,1302,1212,1212,1190,1190,1101,1101,1066,1066,1011,1011,1113,1113,1136,1136,1132,1132,1218,1218,1186,1186,443,443,270,270,171,171,125,125,72,72,,,,,,,,,,,,,,,,,,,,,,,,,,,,,,,,,,,,,,,,,,,,,,,,
14813,1200,14549,14814,14812,1,0,0,0,0,0,0,0,0,0,0,0,0,0,0,3,3,3,3,3,3,3,3,3,3,3,3,3,3,3,3,3,3,3,3,3,3,3,3,1,1,1,1,0,0,0,0,0,0,,,,,,,,,,,,,,,,,,,,,,,,,,,,,,,,,,,,,,,,,,,,,,,,
14814,2500,14815,14813,,0,43,43,43,43,30,30,32,32,38,38,42,42,118,118,1168,1168,1302,1302,1212,1212,1190,1190,1101,1101,1066,1066,1011,1011,1113,1113,1136,1136,1132,1132,1218,1218,1186,1186,443,443,270,270,171,171,125,125,72,72,,,,,,,,,,,,,,,,,,,,,,,,,,,,,,,,,,,,,,,,,,,,,,,,
14815,400,14814,14596,14559,1,0,0,0,0,0,0,0,0,0,0,0,0,0,0,3,3,3,3,3,3,3,3,3,3,3,3,2,2,3,3,3,3,3,3,3,3,3,3,1,1,1,1,0,0,0,0,0,0,,,,,,,,,,,,,,,,,,,,,,,,,,,,,,,,,,,,,,,,,,,,,,,,
14816,300,14817,14572,14566,1,0,0,0,0,0,0,0,0,0,0,0,0,0,0,5,5,6,6,6,6,5,5,5,5,5,5,5,5,5,5,5,5,5,5,5,5,5,5,1,1,1,1,1,1,0,0,0,0,,,,,,,,,,,,,,,,,,,,,,,,,,,,,,,,,,,,,,,,,,,,,,,,
14817,4400,14816,14568,14818,1,34,34,35,35,25,25,27,27,31,31,34,34,94,94,1045,1045,1197,1197,1143,1143,1090,1090,1034,1034,953,953,989,989,986,986,1038,1038,1058,1058,1111,1111,1023,1023,276,276,176,176,118,118,86,86,44,44,,,,,,,,,,,,,,,,,,,,,,,,,,,,,,,,,,,,,,,,,,,,,,,,
14818,300,14566,14817,14819,1,0,0,0,0,0,0,0,0,0,0,0,0,1,1,9,9,10,10,9,9,9,9,8,8,8,8,8,8,8,8,9,9,9,9,9,9,8,8,2,2,1,1,1,1,1,1,0,0,,,,,,,,,,,,,,,,,,,,,,,,,,,,,,,,,,,,,,,,,,,,,,,,
14819,500,14820,14818,,0,34,34,35,35,25,25,27,27,31,31,34,34,94,94,1045,1045,1197,1197,1143,1143,1090,1090,1034,1034,953,953,989,989,986,986,1038,1038,1058,1058,1111,1111,1023,1023,276,276,176,176,118,118,86,86,44,44,,,,,,,,,,,,,,,,,,,,,,,,,,,,,,,,,,,,,,,,,,,,,,,,
14820,550,14552,14572,14819,1,34,34,35,35,25,25,27,27,31,31,34,34,94,94,1045,1045,1197,1197,1143,1143,1090,1090,1034,1034,953,953,989,989,986,986,1038,1038,1058,1058,1111,1111,1023,1023,276,276,176,176,118,118,86,86,44,44,,,,,,,,,,,,,,,,,,,,,,,,,,,,,,,,,,,,,,,,,,,,,,,,
14821,1200,14822,14509,14492,1,0,0,0,0,0,0,0,0,0,0,0,0,0,0,2,2,2,2,2,2,2,2,2,2,2,2,2,2,2,2,2,2,2,2,2,2,2,2,0,0,0,0,0,0,0,0,0,0,,,,,,,,,,,,,,,,,,,,,,,,,,,,,,,,,,,,,,,,,,,,,,,,
14822,1200,14821,14823,,0,0,0,0,0,0,0,0,0,0,0,0,0,0,0,2,2,2,2,2,2,2,2,2,2,1,1,1,1,2,2,2,2,2,2,2,2,2,2,0,0,0,0,0,0,0,0,0,0,,,,,,,,,,,,,,,,,,,,,,,,,,,,,,,,,,,,,,,,,,,,,,,,
14823,1600,14822,14824,14483,1,0,0,0,0,0,0,0,0,0,0,0,0,0,0,2,2,2,2,2,2,2,2,1,1,1,1,1,1,1,1,1,1,2,2,2,2,1,1,0,0,0,0,0,0,0,0,0,0,,,,,,,,,,,,,,,,,,,,,,,,,,,,,,,,,,,,,,,,,,,,,,,,
14824,1600,14823,14825,,0,0,0,0,0,0,0,0,0,0,0,0,0,0,0,2,2,2,2,2,2,2,2,2,2,2,2,2,2,2,2,2,2,2,2,2,2,2,2,0,0,0,0,0,0,0,0,0,0,,,,,,,,,,,,,,,,,,,,,,,,,,,,,,,,,,,,,,,,,,,,,,,,
14825,1200,9340,9351,14824,1,0,0,0,0,0,0,0,0,0,0,0,0,0,0,2,2,2,2,2,2,2,2,2,2,2,2,2,2,2,2,2,2,2,2,2,2,2,2,1,1,0,0,0,0,0,0,0,0,,,,,,,,,,,,,,,,,,,,,,,,,,,,,,,,,,,,,,,,,,,,,,,,
14826,1650,9342,14546,9352,1,34,34,35,35,25,25,27,27,31,31,34,34,94,94,1045,1045,1197,1197,1143,1143,1090,1090,1034,1034,953,953,989,989,986,986,1038,1038,1058,1058,1111,1111,1023,1023,276,276,176,176,118,118,86,86,44,44,,,,,,,,,,,,,,,,,,,,,,,,,,,,,,,,,,,,,,,,,,,,,,,,
14827,1200,14828,14757,,0,0,0,0,0,0,0,0,0,0,0,0,0,0,0,3,3,3,3,3,3,3,3,3,3,3,3,3,3,3,3,3,3,3,3,3,3,3,3,1,1,0,0,0,0,0,0,0,0,,,,,,,,,,,,,,,,,,,,,,,,,,,,,,,,,,,,,,,,,,,,,,,,
14828,1600,14556,14829,14827,1,0,0,0,0,0,0,0,0,0,0,0,0,0,0,3,3,3,3,3,3,3,3,3,3,3,3,3,3,3,3,3,3,3,3,3,3,3,3,1,1,1,1,0,0,0,0,0,0,,,,,,,,,,,,,,,,,,,,,,,,,,,,,,,,,,,,,,,,,,,,,,,,
14829,1600,14830,14828,,0,0,0,0,0,0,0,0,0,0,0,0,0,0,0,894,894,944,944,1009,1009,988,988,917,917,851,851,900,900,826,826,926,926,922,922,952,952,857,857,0,0,0,0,0,0,0,0,0,0,,,,,,,,,,,,,,,,,,,,,,,,,,,,,,,,,,,,,,,,,,,,,,,,
14830,1200,14568,14599,14829,1,0,0,0,0,0,0,0,0,0,0,0,0,0,0,4,4,5,5,5,5,4,4,4,4,4,4,4,4,4,4,4,4,4,4,5,5,4,4,1,1,1,1,0,0,0,0,0,0,,,,,,,,,,,,,,,,,,,,,,,,,,,,,,,,,,,,,,,,,,,,,,,,
14831,1600,14532,14832,,0,0,0,0,0,0,0,0,0,0,0,0,0,1,1,8,8,9,9,9,9,8,8,8,8,7,7,7,7,7,7,8,8,8,8,8,8,8,8,2,2,1,1,1,1,1,1,0,0,,,,,,,,,,,,,,,,,,,,,,,,,,,,,,,,,,,,,,,,,,,,,,,,
14832,2500,14546,14833,14831,1,34,34,35,35,25,25,27,27,31,31,34,34,94,94,1045,1045,1197,1197,1143,1143,1090,1090,1034,1034,953,953,989,989,986,986,1038,1038,1058,1058,1111,1111,1023,1023,276,276,176,176,118,118,86,86,44,44,,,,,,,,,,,,,,,,,,,,,,,,,,,,,,,,,,,,,,,,,,,,,,,,
14833,2500,14832,14834,,0,34,34,35,35,25,25,27,27,31,31,34,34,94,94,1045,1045,1197,1197,1143,1143,1090,1090,1034,1034,953,953,989,989,986,986,1038,1038,1058,1058,1111,1111,1023,1023,276,276,176,176,118,118,86,86,44,44,,,,,,,,,,,,,,,,,,,,,,,,,,,,,,,,,,,,,,,,,,,,,,,,
14834,1600,14511,14833,14835,1,0,0,0,0,0,0,0,0,0,0,0,0,1,1,8,8,9,9,9,9,8,8,8,8,7,7,7,7,7,7,8,8,8,8,8,8,8,8,2,2,1,1,1,1,1,1,0,0,,,,,,,,,,,,,,,,,,,,,,,,,,,,,,,,,,,,,,,,,,,,,,,,
14835,3000,14836,14834,,0,34,34,35,35,25,25,27,27,31,31,34,34,94,94,1045,1045,1197,1197,1143,1143,1090,1090,1034,1034,953,953,989,989,986,986,1038,1038,1058,1058,1111,1111,1023,1023,276,276,176,176,118,118,86,86,44,44,,,,,,,,,,,,,,,,,,,,,,,,,,,,,,,,,,,,,,,,,,,,,,,,
14836,3000,9348,14509,14837;14839;14835,3,34,34,35,35,25,25,27,27,31,31,34,34,94,94,1045,1045,1197,1197,1143,1143,1090,1090,1034,1034,953,953,989,989,986,986,1038,1038,1058,1058,1111,1111,1023,1023,276,276,176,176,118,118,86,86,44,44,,,,,,,,,,,,,,,,,,,,,,,,,,,,,,,,,,,,,,,,,,,,,,,,
14837,800,14838,14836,,0,0,0,0,0,0,0,0,0,0,0,0,0,0,0,5,5,6,6,6,6,5,5,5,5,5,5,5,5,5,5,5,5,5,5,5,5,5,5,1,1,1,1,1,1,0,0,0,0,,,,,,,,,,,,,,,,,,,,,,,,,,,,,,,,,,,,,,,,,,,,,,,,
14838,800,14837,9355,14481,1,0,0,0,0,0,0,0,0,0,0,0,0,0,0,3,3,4,4,3,3,3,3,3,3,3,3,3,3,3,3,3,3,3,3,3,3,3,3,1,1,1,1,1,1,0,0,0,0,,,,,,,,,,,,,,,,,,,,,,,,,,,,,,,,,,,,,,,,,,,,,,,,
14839,1200,14836,14840,,0,0,0,0,0,0,0,0,0,0,0,0,0,0,0,4,4,5,5,5,5,5,5,4,4,4,4,4,4,4,4,4,4,4,4,5,5,4,4,1,1,1,1,0,0,0,0,0,0,,,,,,,,,,,,,,,,,,,,,,,,,,,,,,,,,,,,,,,,,,,,,,,,
14840,300,14490,14839,14841,1,0,0,0,0,0,0,0,0,0,0,0,0,1,1,9,9,10,10,9,9,9,9,9,9,8,8,8,8,8,8,9,9,9,9,9,9,9,9,2,2,1,1,1,1,1,1,0,0,,,,,,,,,,,,,,,,,,,,,,,,,,,,,,,,,,,,,,,,,,,,,,,,
14841,800,14842,14840,,0,0,0,0,0,0,0,0,0,0,0,0,0,0,0,0,0,0,0,0,0,0,0,0,0,0,0,0,0,0,0,0,0,0,0,0,0,0,0,0,0,0,0,0,0,0,0,0,0,,,,,,,,,,,,,,,,,,,,,,,,,,,,,,,,,,,,,,,,,,,,,,,,
14842,800,14841,14843,14504,1,0,0,0,0,0,0,0,0,0,0,0,0,0,0,0,0,0,0,0,0,0,0,0,0,0,0,0,0,0,0,0,0,0,0,0,0,0,0,0,0,0,0,0,0,0,0,0,0,,,,,,,,,,,,,,,,,,,,,,,,,,,,,,,,,,,,,,,,,,,,,,,,
14843,800,14842,14844,,0,0,0,0,0,0,0,0,0,0,0,0,0,0,0,0,0,0,0,0,0,0,0,0,0,0,0,0,0,0,0,0,0,0,0,0,0,0,0,0,0,0,0,0,0,0,0,0,0,,,,,,,,,,,,,,,,,,,,,,,,,,,,,,,,,,,,,,,,,,,,,,,,
14844,800,14843,14494,14493,1,0,0,0,0,0,0,0,0,0,0,0,0,0,0,0,0,0,0,0,0,0,0,0,0,0,0,0,0,0,0,0,0,0,0,0,0,0,0,0,0,0,0,0,0,0,0,0,0,,,,,,,,,,,,,,,,,,,,,,,,,,,,,,,,,,,,,,,,,,,,,,,,
14845,800,14516,14846,,0,0,0,0,0,0,0,0,0,0,0,0,0,0,0,1,1,1,1,1,1,1,1,1,1,1,1,1,1,1,1,1,1,1,1,1,1,1,1,0,0,0,0,0,0,0,0,0,0,,,,,,,,,,,,,,,,,,,,,,,,,,,,,,,,,,,,,,,,,,,,,,,,
14846,800,14510,14845,14494,1,0,0,0,0,0,0,0,0,0,0,0,0,0,0,1,1,2,2,1,1,1,1,1,1,1,1,1,1,1,1,1,1,1,1,1,1,1,1,1,1,0,0,0,0,0,0,0,0,,,,,,,,,,,,,,,,,,,,,,,,,,,,,,,,,,,,,,,,,,,,,,,,
14847,800,14850,14536,,0,0,0,0,0,0,0,0,0,0,0,0,0,1,1,9,9,10,10,9,9,9,9,9,9,8,8,8,8,8,8,9,9,9,9,9,9,9,9,2,2,1,1,1,1,1,1,0,0,,,,,,,,,,,,,,,,,,,,,,,,,,,,,,,,,,,,,,,,,,,,,,,,
14848,300,14528,14534,14849,1,0,0,0,0,0,0,0,0,0,0,0,0,0,0,5,5,6,6,5,5,5,5,5,5,5,5,5,5,5,5,5,5,5,5,5,5,5,5,1,1,1,1,1,1,0,0,0,0,,,,,,,,,,,,,,,,,,,,,,,,,,,,,,,,,,,,,,,,,,,,,,,,
14849,800,14850,14848,,0,0,0,0,0,0,0,0,0,0,0,0,0,1,1,7,7,7,7,7,7,7,7,6,6,6,6,6,6,6,6,7,7,7,7,7,7,7,7,2,2,1,1,1,1,1,1,0,0,,,,,,,,,,,,,,,,,,,,,,,,,,,,,,,,,,,,,,,,,,,,,,,,
14850,800,14849,14847,14529,1,0,0,0,0,0,0,0,0,0,0,0,0,1,1,8,8,9,9,9,9,8,8,8,8,7,7,8,8,8,8,8,8,8,8,9,9,8,8,2,2,1,1,1,1,1,1,0,0,,,,,,,,,,,,,,,,,,,,,,,,,,,,,,,,,,,,,,,,,,,,,,,,
14851,3000,14852,14516,14521;14539,2,43,43,43,43,30,30,32,32,38,38,42,42,118,118,1168,1168,1302,1302,1212,1212,1190,1190,1101,1101,1066,1066,1011,1011,1113,1113,1136,1136,1132,1132,1218,1218,1186,1186,443,443,270,270,171,171,125,125,72,72,,,,,,,,,,,,,,,,,,,,,,,,,,,,,,,,,,,,,,,,,,,,,,,,
14852,1500,14851,14853,,0,43,43,43,43,30,30,32,32,38,38,42,42,118,118,1168,1168,1302,1302,1212,1212,1190,1190,1101,1101,1066,1066,1011,1011,1113,1113,1136,1136,1132,1132,1218,1218,1186,1186,443,443,270,270,171,171,125,125,72,72,,,,,,,,,,,,,,,,,,,,,,,,,,,,,,,,,,,,,,,,,,,,,,,,
14853,1200,14540,14852,14526,1,0,0,0,0,0,0,0,0,0,0,0,0,0,0,2,2,2,2,2,2,2,2,2,2,2,2,2,2,2,2,2,2,2,2,2,2,2,2,1,1,1,1,0,0,0,0,0,0,,,,,,,,,,,,,,,,,,,,,,,,,,,,,,,,,,,,,,,,,,,,,,,,
14854,1200,14855,14857,,0,0,0,0,0,0,0,0,0,0,0,0,0,0,0,1,1,2,2,2,2,2,2,1,1,1,1,1,1,1,1,1,1,1,1,2,2,1,1,1,1,0,0,0,0,0,0,0,0,,,,,,,,,,,,,,,,,,,,,,,,,,,,,,,,,,,,,,,,,,,,,,,,
14855,800,14854,14563,14557,1,0,0,0,0,0,0,0,0,0,0,0,0,0,0,1,1,2,2,1,1,1,1,1,1,1,1,1,1,1,1,1,1,1,1,1,1,1,1,1,1,0,0,0,0,0,0,0,0,,,,,,,,,,,,,,,,,,,,,,,,,,,,,,,,,,,,,,,,,,,,,,,,
14856,1200,14857,14767,,0,0,0,0,0,0,0,0,0,0,0,0,0,0,0,2,2,2,2,2,2,2,2,2,2,2,2,2,2,2,2,2,2,2,2,2,2,2,2,1,1,1,1,0,0,0,0,0,0,,,,,,,,,,,,,,,,,,,,,,,,,,,,,,,,,,,,,,,,,,,,,,,,
14857,1200,14570,14856,14854,1,0,0,0,0,0,0,0,0,0,0,0,0,0,0,1,1,2,2,2,2,1,1,1,1,1,1,1,1,1,1,1,1,1,1,1,1,1,1,1,1,0,0,0,0,0,0,0,0,,,,,,,,,,,,,,,,,,,,,,,,,,,,,,,,,,,,,,,,,,,,,,,,
14858,1200,14859,14861,,0,0,0,0,0,0,0,0,0,0,0,0,0,0,0,2,2,3,3,2,2,2,2,2,2,2,2,2,2,2,2,2,2,2,2,2,2,2,2,1,1,1,1,0,0,0,0,0,0,,,,,,,,,,,,,,,,,,,,,,,,,,,,,,,,,,,,,,,,,,,,,,,,
14859,800,14858,14562,14553,1,0,0,0,0,0,0,0,0,0,0,0,0,0,0,2,2,2,2,2,2,2,2,1,1,1,1,1,1,1,1,2,2,2,2,2,2,2,2,1,1,0,0,0,0,0,0,0,0,,,,,,,,,,,,,,,,,,,,,,,,,,,,,,,,,,,,,,,,,,,,,,,,
14860,3300,14735,14861,,0,43,43,43,43,30,30,32,32,38,38,42,42,118,118,1168,1168,1302,1302,1212,1212,1190,1190,1101,1101,1066,1066,1011,1011,1113,1113,1136,1136,1132,1132,1218,1218,1186,1186,443,443,270,270,171,171,125,125,72,72,,,,,,,,,,,,,,,,,,,,,,,,,,,,,,,,,,,,,,,,,,,,,,,,
14861,1500,14591,14860,14858;14569,2,43,43,43,43,30,30,32,32,38,38,42,42,118,118,1168,1168,1302,1302,1212,1212,1190,1190,1101,1101,1066,1066,1011,1011,1113,1113,1136,1136,1132,1132,1218,1218,1186,1186,443,443,270,270,171,171,125,125,72,72,,,,,,,,,,,,,,,,,,,,,,,,,,,,,,,,,,,,,,,,,,,,,,,,
14862,2200,14735,14863,,0,43,43,43,43,30,30,32,32,38,38,42,42,118,118,1168,1168,1302,1302,1212,1212,1190,1190,1101,1101,1066,1066,1011,1011,1113,1113,1136,1136,1132,1132,1218,1218,1186,1186,443,443,270,270,171,171,125,125,72,72,,,,,,,,,,,,,,,,,,,,,,,,,,,,,,,,,,,,,,,,,,,,,,,,
14863,2200,14862,14594,14569,1,43,43,43,43,30,30,32,32,38,38,42,42,118,118,1168,1168,1302,1302,1212,1212,1190,1190,1101,1101,1066,1066,1011,1011,1113,1113,1136,1136,1132,1132,1218,1218,1186,1186,443,443,270,270,171,171,125,125,72,72,,,,,,,,,,,,,,,,,,,,,,,,,,,,,,,,,,,,,,,,,,,,,,,,
14864,4400,14735,14887,,0,42,42,39,39,28,28,29,29,34,34,39,39,112,112,1343,1343,1424,1424,1347,1347,1375,1375,1229,1229,1247,1247,1096,1096,1282,1282,1299,1299,1257,1257,1375,1375,1394,1394,536,536,316,316,190,190,140,140,87,87,,,,,,,,,,,,,,,,,,,,,,,,,,,,,,,,,,,,,,,,,,,,,,,,
14865,400,14553,14886,14866,1,0,0,0,0,0,0,0,0,0,0,0,0,0,0,2,2,3,3,2,2,2,2,2,2,2,2,2,2,2,2,2,2,2,2,2,2,2,2,1,1,1,1,0,0,0,0,0,0,,,,,,,,,,,,,,,,,,,,,,,,,,,,,,,,,,,,,,,,,,,,,,,,
14866,400,,14865,14867,1,0,0,0,0,0,0,0,0,0,0,0,0,0,0,2,2,2,2,2,2,2,2,2,2,2,2,2,2,2,2,2,2,2,2,2,2,2,2,1,1,1,1,0,0,0,0,0,0,,,,,,,,,,,,,,,,,,,,,,,,,,,,,,,,,,,,,,,,,,,,,,,,
14867,300,14866,14533,14868,1,0,0,0,0,0,0,0,0,0,0,0,0,0,0,2,2,2,2,2,2,2,2,2,2,2,2,2,2,2,2,2,2,2,2,2,2,2,2,1,1,0,0,0,0,0,0,0,0,,,,,,,,,,,,,,,,,,,,,,,,,,,,,,,,,,,,,,,,,,,,,,,,
14868,4400,14869,14867,,0,43,43,43,43,30,30,32,32,38,38,42,42,118,118,1168,1168,1302,1302,1212,1212,1190,1190,1101,1101,1066,1066,1011,1011,1113,1113,1136,1136,1132,1132,1218,1218,1186,1186,443,443,270,270,171,171,125,125,72,72,,,,,,,,,,,,,,,,,,,,,,,,,,,,,,,,,,,,,,,,,,,,,,,,
14869,2500,14541,14501,14547;14868,2,43,43,43,43,30,30,32,32,38,38,42,42,118,118,1168,1168,1302,1302,1212,1212,1190,1190,1101,1101,1066,1066,1011,1011,1113,1113,1136,1136,1132,1132,1218,1218,1186,1186,443,443,270,270,171,171,125,125,72,72,,,,,,,,,,,,,,,,,,,,,,,,,,,,,,,,,,,,,,,,,,,,,,,,
14870,4400,,14478,14871,1,43,43,43,43,30,30,32,32,38,38,42,42,118,118,1168,1168,1302,1302,1212,1212,1190,1190,1101,1101,1066,1066,1011,1011,1113,1113,1136,1136,1132,1132,1218,1218,1186,1186,443,443,270,270,171,171,125,125,72,72,,,,,,,,,,,,,,,,,,,,,,,,,,,,,,,,,,,,,,,,,,,,,,,,
14871,1100,14484,14870,14547,1,43,43,43,43,30,30,32,32,38,38,42,42,118,118,1168,1168,1302,1302,1212,1212,1190,1190,1101,1101,1066,1066,1011,1011,1113,1113,1136,1136,1132,1132,1218,1218,1186,1186,443,443,270,270,171,171,125,125,72,72,,,,,,,,,,,,,,,,,,,,,,,,,,,,,,,,,,,,,,,,,,,,,,,,
14872,800,14873,14518,,0,0,0,0,0,0,0,0,0,0,0,0,0,0,0,2,2,2,2,2,2,2,2,2,2,1,1,1,1,2,2,2,2,2,2,2,2,2,2,1,1,0,0,0,0,0,0,0,0,,,,,,,,,,,,,,,,,,,,,,,,,,,,,,,,,,,,,,,,,,,,,,,,
14873,800,14872,14874,14500,1,0,0,0,0,0,0,0,0,0,0,0,0,0,0,2,2,3,3,2,2,2,2,2,2,2,2,2,2,2,2,2,2,2,2,2,2,2,2,1,1,1,1,0,0,0,0,0,0,,,,,,,,,,,,,,,,,,,,,,,,,,,,,,,,,,,,,,,,,,,,,,,,
14874,1100,14873,14875,,0,43,43,43,43,30,30,32,32,38,38,42,42,118,118,1168,1168,1302,1302,1212,1212,1190,1190,1101,1101,1066,1066,1011,1011,1113,1113,1136,1136,1132,1132,1218,1218,1186,1186,443,443,270,270,171,171,125,125,72,72,,,,,,,,,,,,,,,,,,,,,,,,,,,,,,,,,,,,,,,,,,,,,,,,
14875,1100,14513,14500,14874,1,43,43,43,43,30,30,32,32,38,38,42,42,118,118,1168,1168,1302,1302,1212,1212,1190,1190,1101,1101,1066,1066,1011,1011,1113,1113,1136,1136,1132,1132,1218,1218,1186,1186,443,443,270,270,171,171,125,125,72,72,,,,,,,,,,,,,,,,,,,,,,,,,,,,,,,,,,,,,,,,,,,,,,,,
14876,800,14877,14478,,0,0,0,0,0,0,0,0,0,0,0,0,0,0,0,3,3,4,4,3,3,3,3,3,3,3,3,3,3,3,3,3,3,3,3,3,3,3,3,1,1,1,1,1,1,0,0,0,0,,,,,,,,,,,,,,,,,,,,,,,,,,,,,,,,,,,,,,,,,,,,,,,,
14877,300,14876,14484,14477,1,0,0,0,0,0,0,0,0,0,0,0,0,0,0,2,2,2,2,2,2,2,2,2,2,2,2,2,2,2,2,2,2,2,2,2,2,2,2,1,1,1,1,0,0,0,0,0,0,,,,,,,,,,,,,,,,,,,,,,,,,,,,,,,,,,,,,,,,,,,,,,,,
14878,300,14879,9336,,0,0,0,0,0,0,0,0,0,0,0,0,0,0,0,1,1,1,1,1,1,1,1,1,1,1,1,1,1,1,1,1,1,1,1,1,1,1,1,0,0,0,0,0,0,0,0,0,0,,,,,,,,,,,,,,,,,,,,,,,,,,,,,,,,,,,,,,,,,,,,,,,,
14879,300,14479,,14878;14880,2,0,0,0,0,0,0,0,0,0,0,0,0,0,0,1,1,1,1,1,1,1,1,1,1,1,1,1,1,1,1,1,1,1,1,1,1,1,1,0,0,0,0,0,0,0,0,0,0,,,,,,,,,,,,,,,,,,,,,,,,,,,,,,,,,,,,,,,,,,,,,,,,
14880,800,14881,14879,,0,0,0,0,0,0,0,0,0,0,0,0,0,0,0,1,1,1,1,1,1,1,1,1,1,1,1,1,1,1,1,1,1,1,1,1,1,1,1,0,0,0,0,0,0,0,0,0,0,,,,,,,,,,,,,,,,,,,,,,,,,,,,,,,,,,,,,,,,,,,,,,,,
14881,400,14882,14501,14880,1,0,0,0,0,0,0,0,0,0,0,0,0,0,0,2,2,2,2,2,2,2,2,2,2,2,2,2,2,2,2,2,2,2,2,2,2,2,2,1,1,1,1,0,0,0,0,0,0,,,,,,,,,,,,,,,,,,,,,,,,,,,,,,,,,,,,,,,,,,,,,,,,
14882,800,14881,14883,,0,0,0,0,0,0,0,0,0,0,0,0,0,0,0,2,2,3,3,2,2,2,2,2,2,2,2,2,2,2,2,2,2,2,2,2,2,2,2,1,1,1,1,0,0,0,0,0,0,,,,,,,,,,,,,,,,,,,,,,,,,,,,,,,,,,,,,,,,,,,,,,,,
14883,400,14888,14882,14884,1,0,0,0,0,0,0,0,0,0,0,0,0,0,0,3,3,3,3,3,3,3,3,3,3,2,2,2,2,3,3,3,3,3,3,3,3,3,3,1,1,1,1,0,0,0,0,0,0,,,,,,,,,,,,,,,,,,,,,,,,,,,,,,,,,,,,,,,,,,,,,,,,
14884,550,14883,14885,,0,43,43,43,43,30,30,32,32,38,38,42,42,118,118,1168,1168,1302,1302,1212,1212,1190,1190,1101,1101,1066,1066,1011,1011,1113,1113,1136,1136,1132,1132,1218,1218,1186,1186,443,443,270,270,171,171,125,125,72,72,,,,,,,,,,,,,,,,,,,,,,,,,,,,,,,,,,,,,,,,,,,,,,,,
14885,550,14884,14506,14497,1,43,43,43,43,30,30,32,32,38,38,42,42,118,118,1168,1168,1302,1302,1212,1212,1190,1190,1101,1101,1066,1066,1011,1011,1113,1113,1136,1136,1132,1132,1218,1218,1186,1186,443,443,270,270,171,171,125,125,72,72,,,,,,,,,,,,,,,,,,,,,,,,,,,,,,,,,,,,,,,,,,,,,,,,
14886,800,14887,14865,,0,0,0,0,0,0,0,0,0,0,0,0,0,0,0,2,2,3,3,3,3,3,3,2,2,2,2,2,2,2,2,2,2,2,2,3,3,2,2,1,1,1,1,0,0,0,0,0,0,,,,,,,,,,,,,,,,,,,,,,,,,,,,,,,,,,,,,,,,,,,,,,,,
14887,400,14886,14531,14864,1,0,0,0,0,0,0,0,0,0,0,0,0,0,0,3,3,3,3,3,3,3,3,2,2,2,2,2,2,2,2,3,3,3,3,3,3,3,3,1,1,1,1,0,0,0,0,0,0,,,,,,,,,,,,,,,,,,,,,,,,,,,,,,,,,,,,,,,,,,,,,,,,
14888,800,14889,14883,,0,0,0,0,0,0,0,0,0,0,0,0,0,0,0,2,2,2,2,2,2,2,2,1,1,1,1,1,1,1,1,1,1,1,1,2,2,2,2,1,1,0,0,0,0,0,0,0,0,,,,,,,,,,,,,,,,,,,,,,,,,,,,,,,,,,,,,,,,,,,,,,,,
14889,400,14524,14888,14890,1,0,0,0,0,0,0,0,0,0,0,0,0,0,0,2,2,2,2,2,2,2,2,1,1,1,1,1,1,1,1,1,1,1,1,2,2,2,2,1,1,0,0,0,0,0,0,0,0,,,,,,,,,,,,,,,,,,,,,,,,,,,,,,,,,,,,,,,,,,,,,,,,
14890,300,14891,14889,,0,0,0,0,0,0,0,0,0,0,0,0,0,0,0,2,2,2,2,2,2,2,2,1,1,1,1,1,1,1,1,1,1,1,1,2,2,2,2,1,1,0,0,0,0,0,0,0,0,,,,,,,,,,,,,,,,,,,,,,,,,,,,,,,,,,,,,,,,,,,,,,,,
14891,300,14890,14892,14531,1,0,0,0,0,0,0,0,0,0,0,0,0,0,0,2,2,2,2,2,2,2,2,1,1,1,1,1,1,1,1,2,2,2,2,2,2,2,2,1,1,0,0,0,0,0,0,0,0,,,,,,,,,,,,,,,,,,,,,,,,,,,,,,,,,,,,,,,,,,,,,,,,
14892,1200,14891,14893,,0,0,0,0,0,0,0,0,0,0,0,0,0,0,0,1,1,1,1,1,1,1,1,1,1,1,1,1,1,1,1,1,1,1,1,1,1,1,1,0,0,0,0,0,0,0,0,0,0,,,,,,,,,,,,,,,,,,,,,,,,,,,,,,,,,,,,,,,,,,,,,,,,
14893,400,14892,14535,14545,1,0,0,0,0,0,0,0,0,0,0,0,0,0,0,1,1,1,1,1,1,1,1,1,1,1,1,1,1,1,1,1,1,1,1,1,1,1,1,0,0,0,0,0,0,0,0,0,0,,,,,,,,,,,,,,,,,,,,,,,,,,,,,,,,,,,,,,,,,,,,,,,,
14894,4400,14895,14738,,0,43,43,43,43,30,30,32,32,38,38,42,42,118,118,1168,1168,1302,1302,1212,1212,1190,1190,1101,1101,1066,1066,1011,1011,1113,1113,1136,1136,1132,1132,1218,1218,1186,1186,443,443,270,270,171,171,125,125,72,72,,,,,,,,,,,,,,,,,,,,,,,,,,,,,,,,,,,,,,,,,,,,,,,,
14895,300,14560,14738,14894,1,0,0,0,0,0,0,0,0,0,0,0,0,0,0,2,2,3,3,3,3,2,2,2,2,2,2,2,2,2,2,2,2,2,2,2,2,2,2,1,1,1,1,0,0,0,0,0,0,,,,,,,,,,,,,,,,,,,,,,,,,,,,,,,,,,,,,,,,,,,,,,,,
14896,400,14897,14543,,0,0,0,0,0,0,0,0,0,0,0,0,0,0,0,1,1,1,1,1,1,1,1,1,1,1,1,1,1,1,1,1,1,1,1,1,1,1,1,0,0,0,0,0,0,0,0,0,0,,,,,,,,,,,,,,,,,,,,,,,,,,,,,,,,,,,,,,,,,,,,,,,,
14897,300,14525,14898,14896,1,0,0,0,0,0,0,0,0,0,0,0,0,0,0,1,1,1,1,1,1,1,1,1,1,1,1,1,1,1,1,1,1,1,1,1,1,1,1,0,0,0,0,0,0,0,0,0,0,,,,,,,,,,,,,,,,,,,,,,,,,,,,,,,,,,,,,,,,,,,,,,,,
14898,300,14899,14897,,0,0,0,0,0,0,0,0,0,0,0,0,0,0,0,1,1,1,1,1,1,1,1,1,1,1,1,1,1,1,1,1,1,1,1,1,1,1,1,0,0,0,0,0,0,0,0,0,0,,,,,,,,,,,,,,,,,,,,,,,,,,,,,,,,,,,,,,,,,,,,,,,,
14899,400,14535,14898,14900,1,0,0,0,0,0,0,0,0,0,0,0,0,0,0,1,1,1,1,1,1,1,1,1,1,1,1,1,1,1,1,1,1,1,1,1,1,1,1,0,0,0,0,0,0,0,0,0,0,,,,,,,,,,,,,,,,,,,,,,,,,,,,,,,,,,,,,,,,,,,,,,,,
149,1200,,,,0,0,0,0,0,0,0,0,0,0,0,0,0,0,0,4,4,5,5,5,5,5,5,4,4,4,4,4,4,4,4,4,4,4,4,5,5,4,4,1,1,1,1,0,0,0,0,0,0,,,,,,,,,,,,,,,,,,,,,,,,,,,,,,,,,,,,,,,,,,,,,,,,
14900,300,14901,14899,,0,0,0,0,0,0,0,0,0,0,0,0,0,0,0,1,1,1,1,1,1,1,1,1,1,1,1,1,1,1,1,1,1,1,1,1,1,1,1,0,0,0,0,0,0,0,0,0,0,,,,,,,,,,,,,,,,,,,,,,,,,,,,,,,,,,,,,,,,,,,,,,,,
14901,300,14900,14538,14904,1,0,0,0,0,0,0,0,0,0,0,0,0,0,0,1,1,1,1,1,1,1,1,1,1,1,1,1,1,1,1,1,1,1,1,1,1,1,1,0,0,0,0,0,0,0,0,0,0,,,,,,,,,,,,,,,,,,,,,,,,,,,,,,,,,,,,,,,,,,,,,,,,
14902,300,14913,14903,,0,0,0,0,0,0,0,0,0,0,0,0,0,0,0,2,2,2,2,2,2,2,2,2,2,2,2,1,1,2,2,2,2,2,2,2,2,2,2,1,1,0,0,0,0,0,0,0,0,,,,,,,,,,,,,,,,,,,,,,,,,,,,,,,,,,,,,,,,,,,,,,,,
14903,300,14525,14902,14527,1,0,0,0,0,0,0,0,0,0,0,0,0,0,0,1,1,2,2,1,1,1,1,1,1,1,1,1,1,1,1,1,1,1,1,1,1,1,1,1,1,0,0,0,0,0,0,0,0,,,,,,,,,,,,,,,,,,,,,,,,,,,,,,,,,,,,,,,,,,,,,,,,
14904,600,14901,14905,,0,0,0,0,0,0,0,0,0,0,0,0,0,0,0,1,1,1,1,1,1,1,1,0,0,0,0,0,0,0,0,1,1,1,1,1,1,1,1,0,0,0,0,0,0,0,0,0,0,,,,,,,,,,,,,,,,,,,,,,,,,,,,,,,,,,,,,,,,,,,,,,,,
14905,300,,14910,14519;14904,2,0,0,0,0,0,0,0,0,0,0,0,0,0,0,1,1,1,1,1,1,1,1,1,1,1,1,0,0,1,1,1,1,1,1,1,1,1,1,0,0,0,0,0,0,0,0,0,0,,,,,,,,,,,,,,,,,,,,,,,,,,,,,,,,,,,,,,,,,,,,,,,,
14906,300,14907,14508,,0,0,0,0,0,0,0,0,0,0,0,0,0,0,0,1,1,1,1,1,1,1,1,1,1,1,1,1,1,1,1,1,1,1,1,1,1,1,1,0,0,0,0,0,0,0,0,0,0,,,,,,,,,,,,,,,,,,,,,,,,,,,,,,,,,,,,,,,,,,,,,,,,
14907,300,14502,14906,14908,1,0,0,0,0,0,0,0,0,0,0,0,0,0,0,1,1,1,1,1,1,1,1,1,1,1,1,1,1,1,1,1,1,1,1,1,1,1,1,0,0,0,0,0,0,0,0,0,0,,,,,,,,,,,,,,,,,,,,,,,,,,,,,,,,,,,,,,,,,,,,,,,,
14908,300,14909,14907,,0,0,0,0,0,0,0,0,0,0,0,0,0,0,0,1,1,1,1,1,1,1,1,1,1,1,1,1,1,1,1,1,1,1,1,1,1,1,1,0,0,0,0,0,0,0,0,0,0,,,,,,,,,,,,,,,,,,,,,,,,,,,,,,,,,,,,,,,,,,,,,,,,
14909,300,14505,14495,14908,1,0,0,0,0,0,0,0,0,0,0,0,0,0,0,1,1,1,1,1,1,1,1,1,1,1,1,1,1,1,1,1,1,1,1,1,1,1,1,0,0,0,0,0,0,0,0,0,0,,,,,,,,,,,,,,,,,,,,,,,,,,,,,,,,,,,,,,,,,,,,,,,,
14910,300,14905,14911,,0,0,0,0,0,0,0,0,0,0,0,0,0,0,0,0,0,1,1,0,0,0,0,0,0,0,0,0,0,0,0,0,0,0,0,0,0,0,0,0,0,0,0,0,0,0,0,0,0,,,,,,,,,,,,,,,,,,,,,,,,,,,,,,,,,,,,,,,,,,,,,,,,
14911,400,14514,14502,14910,1,0,0,0,0,0,0,0,0,0,0,0,0,0,0,0,0,1,1,0,0,0,0,0,0,0,0,0,0,0,0,0,0,0,0,0,0,0,0,0,0,0,0,0,0,0,0,0,0,,,,,,,,,,,,,,,,,,,,,,,,,,,,,,,,,,,,,,,,,,,,,,,,
14912,4400,14913,14537,,0,43,43,43,43,30,30,32,32,38,38,42,42,118,118,1168,1168,1302,1302,1212,1212,1190,1190,1101,1101,1066,1066,1011,1011,1113,1113,1136,1136,1132,1132,1218,1218,1186,1186,443,443,270,270,171,171,125,125,72,72,,,,,,,,,,,,,,,,,,,,,,,,,,,,,,,,,,,,,,,,,,,,,,,,
14913,300,14912,14902,14542,1,0,0,0,0,0,0,0,0,0,0,0,0,0,0,2,2,3,3,3,3,2,2,2,2,2,2,2,2,2,2,2,2,2,2,2,2,2,2,1,1,1,1,0,0,0,0,0,0,,,,,,,,,,,,,,,,,,,,,,,,,,,,,,,,,,,,,,,,,,,,,,,,
14914,800,14915,14537,,0,0,0,0,0,0,0,0,0,0,0,0,0,0,0,3,3,3,3,3,3,3,3,2,2,2,2,2,2,2,2,3,3,3,3,3,3,3,3,1,1,1,1,0,0,0,0,0,0,,,,,,,,,,,,,,,,,,,,,,,,,,,,,,,,,,,,,,,,,,,,,,,,
14915,300,14523,14522,14914,1,0,0,0,0,0,0,0,0,0,0,0,0,0,0,2,2,3,3,3,3,3,3,2,2,2,2,2,2,2,2,2,2,2,2,3,3,2,2,1,1,1,1,0,0,0,0,0,0,,,,,,,,,,,,,,,,,,,,,,,,,,,,,,,,,,,,,,,,,,,,,,,,
14916,800,14917,12932,,0,0,0,0,0,0,0,0,0,0,0,0,0,0,0,3,3,3,3,3,3,3,3,3,3,3,3,3,3,3,3,3,3,3,3,3,3,3,3,1,1,1,1,0,0,0,0,0,0,,,,,,,,,,,,,,,,,,,,,,,,,,,,,,,,,,,,,,,,,,,,,,,,
14917,1200,14495,14916,14918;14496,2,0,0,0,0,0,0,0,0,0,0,0,0,0,0,3,3,3,3,3,3,3,3,3,3,2,2,2,2,3,3,3,3,3,3,3,3,3,3,1,1,1,1,0,0,0,0,0,0,,,,,,,,,,,,,,,,,,,,,,,,,,,,,,,,,,,,,,,,,,,,,,,,
14918,300,14917,14919,,0,0,0,0,0,0,0,0,0,0,0,0,0,0,0,2,2,3,3,2,2,2,2,2,2,2,2,2,2,2,2,2,2,2,2,2,2,2,2,1,1,1,1,0,0,0,0,0,0,,,,,,,,,,,,,,,,,,,,,,,,,,,,,,,,,,,,,,,,,,,,,,,,
14919,300,14920,14918,14488,1,0,0,0,0,0,0,0,0,0,0,0,0,0,0,2,2,2,2,2,2,2,2,2,2,2,2,2,2,2,2,2,2,2,2,2,2,2,2,1,1,0,0,0,0,0,0,0,0,,,,,,,,,,,,,,,,,,,,,,,,,,,,,,,,,,,,,,,,,,,,,,,,
14920,300,14919,14921,,0,0,0,0,0,0,0,0,0,0,0,0,0,0,0,2,2,2,2,2,2,2,2,2,2,2,2,2,2,2,2,2,2,2,2,2,2,2,2,1,1,0,0,0,0,0,0,0,0,,,,,,,,,,,,,,,,,,,,,,,,,,,,,,,,,,,,,,,,,,,,,,,,
14921,300,14923,14920,14922,1,0,0,0,0,0,0,0,0,0,0,0,0,0,0,2,2,2,2,2,2,2,2,2,2,2,2,1,1,2,2,2,2,2,2,2,2,2,2,1,1,0,0,0,0,0,0,0,0,,,,,,,,,,,,,,,,,,,,,,,,,,,,,,,,,,,,,,,,,,,,,,,,
14922,800,14921,9361,,0,0,0,0,0,0,0,0,0,0,0,0,0,0,0,3,3,4,4,3,3,3,3,3,3,3,3,3,3,3,3,3,3,3,3,3,3,3,3,1,1,1,1,1,1,0,0,0,0,,,,,,,,,,,,,,,,,,,,,,,,,,,,,,,,,,,,,,,,,,,,,,,,
14923,300,14924,14921,,0,0,0,0,0,0,0,0,0,0,0,0,0,0,0,1,1,1,1,1,1,1,1,1,1,1,1,1,1,1,1,1,1,1,1,1,1,1,1,0,0,0,0,0,0,0,0,0,0,,,,,,,,,,,,,,,,,,,,,,,,,,,,,,,,,,,,,,,,,,,,,,,,
14924,400,14923,14491,14485,1,0,0,0,0,0,0,0,0,0,0,0,0,0,0,1,1,1,1,1,1,1,1,1,1,1,1,1,1,1,1,1,1,1,1,1,1,1,1,0,0,0,0,0,0,0,0,0,0,,,,,,,,,,,,,,,,,,,,,,,,,,,,,,,,,,,,,,,,,,,,,,,,
14925,400,9362,13435,12914,1,0,0,0,0,0,0,0,0,0,0,0,0,0,0,3,3,3,3,3,3,3,3,3,3,3,3,3,3,3,3,3,3,3,3,3,3,3,3,1,1,1,1,0,0,0,0,0,0,,,,,,,,,,,,,,,,,,,,,,,,,,,,,,,,,,,,,,,,,,,,,,,,
14926,600,14476,14493,9429,1,0,0,0,0,0,0,0,0,0,0,0,0,0,0,3,3,4,4,3,3,3,3,3,3,3,3,3,3,3,3,3,3,3,3,3,3,3,3,1,1,1,1,1,1,0,0,0,0,,,,,,,,,,,,,,,,,,,,,,,,,,,,,,,,,,,,,,,,,,,,,,,,
14927,400,9444,14928,14486,1,0,0,0,0,0,0,0,0,0,0,0,0,0,0,3,3,4,4,3,3,3,3,3,3,3,3,3,3,3,3,3,3,3,3,3,3,3,3,1,1,1,1,1,1,0,0,0,0,,,,,,,,,,,,,,,,,,,,,,,,,,,,,,,,,,,,,,,,,,,,,,,,
14928,1200,14929,14927,,0,0,0,0,0,0,0,0,0,0,0,0,0,0,0,2,2,2,2,2,2,2,2,2,2,2,2,2,2,2,2,2,2,2,2,2,2,2,2,1,1,0,0,0,0,0,0,0,0,,,,,,,,,,,,,,,,,,,,,,,,,,,,,,,,,,,,,,,,,,,,,,,,
14929,400,14928,14930,14489,1,0,0,0,0,0,0,0,0,0,0,0,0,0,0,1,1,1,1,1,1,1,1,1,1,1,1,1,1,1,1,1,1,1,1,1,1,1,1,0,0,0,0,0,0,0,0,0,0,,,,,,,,,,,,,,,,,,,,,,,,,,,,,,,,,,,,,,,,,,,,,,,,
14930,800,14929,14931,,0,0,0,0,0,0,0,0,0,0,0,0,0,0,0,1,1,1,1,1,1,1,1,1,1,1,1,1,1,1,1,1,1,1,1,1,1,1,1,0,0,0,0,0,0,0,0,0,0,,,,,,,,,,,,,,,,,,,,,,,,,,,,,,,,,,,,,,,,,,,,,,,,
14931,300,9344,9341,14930,1,0,0,0,0,0,0,0,0,0,0,0,0,0,0,1,1,1,1,1,1,1,1,1,1,1,1,1,1,1,1,1,1,1,1,1,1,1,1,0,0,0,0,0,0,0,0,0,0,,,,,,,,,,,,,,,,,,,,,,,,,,,,,,,,,,,,,,,,,,,,,,,,
14932,500,14718,14993,14714,1,42,42,39,39,28,28,29,29,34,34,39,39,112,112,1343,1343,1424,1424,1347,1347,1375,1375,1229,1229,1247,1247,1096,1096,1282,1282,1299,1299,1257,1257,1375,1375,1394,1394,536,536,316,316,190,190,140,140,87,87,,,,,,,,,,,,,,,,,,,,,,,,,,,,,,,,,,,,,,,,,,,,,,,,
14933,800,14934,14936,,0,0,0,0,0,0,0,0,0,0,0,0,0,0,0,3,3,3,3,3,3,3,3,3,3,3,3,3,3,3,3,3,3,3,3,3,3,3,3,1,1,1,1,0,0,0,0,0,0,,,,,,,,,,,,,,,,,,,,,,,,,,,,,,,,,,,,,,,,,,,,,,,,
14934,1000,14933,14725,14722,1,42,42,39,39,28,28,29,29,34,34,39,39,112,112,1343,1343,1424,1424,1347,1347,1375,1375,1229,1229,1247,1247,1096,1096,1282,1282,1299,1299,1257,1257,1375,1375,1394,1394,536,536,316,316,190,190,140,140,87,87,,,,,,,,,,,,,,,,,,,,,,,,,,,,,,,,,,,,,,,,,,,,,,,,
14935,1600,7160,14936,,0,0,0,0,0,0,0,0,0,0,0,0,0,0,0,4,4,4,4,4,4,4,4,3,3,3,3,3,3,3,3,3,3,3,3,4,4,4,4,1,1,1,1,0,0,0,0,0,0,,,,,,,,,,,,,,,,,,,,,,,,,,,,,,,,,,,,,,,,,,,,,,,,
14936,800,14937,14933,14935,1,0,0,0,0,0,0,0,0,0,0,0,0,0,0,3,3,3,3,3,3,3,3,2,2,2,2,2,2,2,2,3,3,2,2,3,3,3,3,1,1,1,1,0,0,0,0,0,0,,,,,,,,,,,,,,,,,,,,,,,,,,,,,,,,,,,,,,,,,,,,,,,,
14937,600,14936,14938,,0,0,0,0,0,0,0,0,0,0,0,0,0,0,0,2,2,3,3,2,2,2,2,2,2,2,2,2,2,2,2,2,2,2,2,2,2,2,2,1,1,1,1,0,0,0,0,0,0,,,,,,,,,,,,,,,,,,,,,,,,,,,,,,,,,,,,,,,,,,,,,,,,
14938,800,14939,14941,14937;14724,2,0,0,0,0,0,0,0,0,0,0,0,0,0,0,2,2,2,2,2,2,2,2,2,2,2,2,2,2,2,2,2,2,2,2,2,2,2,2,1,1,0,0,0,0,0,0,0,0,,,,,,,,,,,,,,,,,,,,,,,,,,,,,,,,,,,,,,,,,,,,,,,,
14939,800,14940,14938,,0,0,0,0,0,0,0,0,0,0,0,0,0,0,0,2,2,2,2,2,2,2,2,2,2,2,2,2,2,2,2,2,2,2,2,2,2,2,2,1,1,0,0,0,0,0,0,0,0,,,,,,,,,,,,,,,,,,,,,,,,,,,,,,,,,,,,,,,,,,,,,,,,
14940,400,14731,14951,14939,1,0,0,0,0,0,0,0,0,0,0,0,0,0,0,2,2,2,2,2,2,2,2,2,2,2,2,2,2,2,2,2,2,2,2,2,2,2,2,1,1,0,0,0,0,0,0,0,0,,,,,,,,,,,,,,,,,,,,,,,,,,,,,,,,,,,,,,,,,,,,,,,,
14941,800,14942,14938,,0,0,0,0,0,0,0,0,0,0,0,0,0,0,0,3,3,3,3,3,3,3,3,3,3,3,3,3,3,3,3,3,3,3,3,3,3,3,3,1,1,1,1,0,0,0,0,0,0,,,,,,,,,,,,,,,,,,,,,,,,,,,,,,,,,,,,,,,,,,,,,,,,
14942,400,14941,14943,14708,1,0,0,0,0,0,0,0,0,0,0,0,0,0,0,3,3,4,4,4,4,4,4,3,3,3,3,3,3,3,3,3,3,3,3,3,3,3,3,1,1,1,1,0,0,0,0,0,0,,,,,,,,,,,,,,,,,,,,,,,,,,,,,,,,,,,,,,,,,,,,,,,,
14943,300,14944,14942,,0,0,0,0,0,0,0,0,0,0,0,0,0,0,0,3,3,3,3,3,3,3,3,3,3,3,3,3,3,3,3,3,3,3,3,3,3,3,3,1,1,1,1,0,0,0,0,0,0,,,,,,,,,,,,,,,,,,,,,,,,,,,,,,,,,,,,,,,,,,,,,,,,
14944,300,14943,14945,14702,1,0,0,0,0,0,0,0,0,0,0,0,0,0,0,3,3,3,3,3,3,3,3,3,3,2,2,2,2,3,3,3,3,3,3,3,3,3,3,1,1,1,1,0,0,0,0,0,0,,,,,,,,,,,,,,,,,,,,,,,,,,,,,,,,,,,,,,,,,,,,,,,,
14945,300,14946,14944,,0,0,0,0,0,0,0,0,0,0,0,0,0,0,0,2,2,2,2,2,2,2,2,2,2,2,2,2,2,2,2,2,2,2,2,2,2,2,2,1,1,0,0,0,0,0,0,0,0,,,,,,,,,,,,,,,,,,,,,,,,,,,,,,,,,,,,,,,,,,,,,,,,
14946,300,14945,14947,14697,1,0,0,0,0,0,0,0,0,0,0,0,0,0,0,2,2,2,2,2,2,2,2,2,2,2,2,2,2,2,2,2,2,2,2,2,2,2,2,1,1,0,0,0,0,0,0,0,0,,,,,,,,,,,,,,,,,,,,,,,,,,,,,,,,,,,,,,,,,,,,,,,,
14947,600,14948,14946,,0,0,0,0,0,0,0,0,0,0,0,0,0,0,0,2,2,3,3,2,2,2,2,2,2,2,2,2,2,2,2,2,2,2,2,2,2,2,2,1,1,1,1,0,0,0,0,0,0,,,,,,,,,,,,,,,,,,,,,,,,,,,,,,,,,,,,,,,,,,,,,,,,
14948,300,14947,14949,14688,1,0,0,0,0,0,0,0,0,0,0,0,0,0,0,2,2,2,2,2,2,2,2,2,2,2,2,2,2,2,2,2,2,2,2,2,2,2,2,1,1,0,0,0,0,0,0,0,0,,,,,,,,,,,,,,,,,,,,,,,,,,,,,,,,,,,,,,,,,,,,,,,,
14949,300,14950,14948,,0,0,0,0,0,0,0,0,0,0,0,0,0,0,0,2,2,2,2,2,2,2,2,2,2,2,2,2,2,2,2,2,2,2,2,2,2,2,2,1,1,0,0,0,0,0,0,0,0,,,,,,,,,,,,,,,,,,,,,,,,,,,,,,,,,,,,,,,,,,,,,,,,
14950,300,14949,15026,14686,1,0,0,0,0,0,0,0,0,0,0,0,0,0,0,2,2,2,2,2,2,2,2,2,2,2,2,2,2,2,2,2,2,2,2,2,2,2,2,1,1,0,0,0,0,0,0,0,0,,,,,,,,,,,,,,,,,,,,,,,,,,,,,,,,,,,,,,,,,,,,,,,,
14951,800,14952,14940,,0,0,0,0,0,0,0,0,0,0,0,0,0,0,0,2,2,2,2,2,2,2,2,2,2,2,2,2,2,2,2,2,2,2,2,2,2,2,2,1,1,0,0,0,0,0,0,0,0,,,,,,,,,,,,,,,,,,,,,,,,,,,,,,,,,,,,,,,,,,,,,,,,
14952,400,14951,15042,14708,1,0,0,0,0,0,0,0,0,0,0,0,0,0,0,2,2,2,2,2,2,2,2,2,2,2,2,2,2,2,2,2,2,2,2,2,2,2,2,1,1,0,0,0,0,0,0,0,0,,,,,,,,,,,,,,,,,,,,,,,,,,,,,,,,,,,,,,,,,,,,,,,,
14953,800,14954,14956,,0,0,0,0,0,0,0,0,0,0,0,0,0,0,0,3,3,3,3,3,3,3,3,2,2,2,2,2,2,2,2,2,2,2,2,3,3,3,3,1,1,1,1,0,0,0,0,0,0,,,,,,,,,,,,,,,,,,,,,,,,,,,,,,,,,,,,,,,,,,,,,,,,
14954,300,14953,13267,13500,1,0,0,0,0,0,0,0,0,0,0,0,0,0,0,3,3,3,3,3,3,3,3,3,3,3,3,2,2,3,3,3,3,3,3,3,3,3,3,1,1,1,1,0,0,0,0,0,0,,,,,,,,,,,,,,,,,,,,,,,,,,,,,,,,,,,,,,,,,,,,,,,,
14955,4400,14956,6567,,0,42,42,39,39,28,28,29,29,34,34,39,39,112,112,1343,1343,1424,1424,1347,1347,1375,1375,1229,1229,1247,1247,1096,1096,1282,1282,1299,1299,1257,1257,1375,1375,1394,1394,536,536,316,316,190,190,140,140,87,87,,,,,,,,,,,,,,,,,,,,,,,,,,,,,,,,,,,,,,,,,,,,,,,,
14956,1200,14957,14953,14955,1,0,0,0,0,0,0,0,0,0,0,0,0,0,0,3,3,3,3,3,3,3,3,3,3,3,3,2,2,3,3,3,3,3,3,3,3,3,3,1,1,1,1,0,0,0,0,0,0,,,,,,,,,,,,,,,,,,,,,,,,,,,,,,,,,,,,,,,,,,,,,,,,
14957,400,14956,14958,,0,0,0,0,0,0,0,0,0,0,0,0,0,0,0,3,3,3,3,3,3,3,3,3,3,3,3,3,3,3,3,3,3,3,3,3,3,3,3,1,1,1,1,0,0,0,0,0,0,,,,,,,,,,,,,,,,,,,,,,,,,,,,,,,,,,,,,,,,,,,,,,,,
14958,800,14957,14726,14730,1,0,0,0,0,0,0,0,0,0,0,0,0,0,0,3,3,4,4,3,3,3,3,3,3,3,3,3,3,3,3,3,3,3,3,3,3,3,3,1,1,1,1,0,0,0,0,0,0,,,,,,,,,,,,,,,,,,,,,,,,,,,,,,,,,,,,,,,,,,,,,,,,
14959,1200,13504,14710,,0,0,0,0,0,0,0,0,0,0,0,0,0,0,0,4,4,4,4,4,4,4,4,3,3,3,3,3,3,3,3,3,3,3,3,4,4,4,4,1,1,1,1,0,0,0,0,0,0,,,,,,,,,,,,,,,,,,,,,,,,,,,,,,,,,,,,,,,,,,,,,,,,
14960,1600,7131,14961,,0,6,6,7,7,5,5,5,5,6,6,6,6,18,18,94,94,115,115,104,104,100,100,92,92,85,85,87,87,90,90,89,89,91,91,97,97,90,90,52,52,33,33,22,22,16,16,8,8,,,,,,,,,,,,,,,,,,,,,,,,,,,,,,,,,,,,,,,,,,,,,,,,
14961,800,,14719,14960,1,6,6,7,7,5,5,5,5,6,6,6,6,18,18,94,94,115,115,104,104,100,100,92,92,85,85,87,87,90,90,89,89,91,91,97,97,90,90,52,52,33,33,22,22,16,16,8,8,,,,,,,,,,,,,,,,,,,,,,,,,,,,,,,,,,,,,,,,,,,,,,,,
14962,800,14963,14694,,0,0,0,0,0,0,0,0,0,0,0,0,0,0,0,2,2,2,2,2,2,2,2,2,2,2,2,2,2,2,2,2,2,2,2,2,2,2,2,1,1,0,0,0,0,0,0,0,0,,,,,,,,,,,,,,,,,,,,,,,,,,,,,,,,,,,,,,,,,,,,,,,,
14963,800,14962,14712,14713,1,0,0,0,0,0,0,0,0,0,0,0,0,0,0,2,2,2,2,2,2,2,2,2,2,1,1,1,1,1,1,2,2,2,2,2,2,1,1,1,1,0,0,0,0,0,0,0,0,,,,,,,,,,,,,,,,,,,,,,,,,,,,,,,,,,,,,,,,,,,,,,,,
14964,1200,14965,14703,,0,0,0,0,0,0,0,0,0,0,0,0,0,0,0,3,3,3,3,3,3,3,3,3,3,3,3,3,3,3,3,3,3,3,3,3,3,3,3,1,1,1,1,0,0,0,0,0,0,,,,,,,,,,,,,,,,,,,,,,,,,,,,,,,,,,,,,,,,,,,,,,,,
14965,1200,14719,14964,14712,1,0,0,0,0,0,0,0,0,0,0,0,0,0,0,2,2,3,3,2,2,2,2,2,2,2,2,2,2,2,2,2,2,2,2,2,2,2,2,1,1,1,1,0,0,0,0,0,0,,,,,,,,,,,,,,,,,,,,,,,,,,,,,,,,,,,,,,,,,,,,,,,,
14966,1200,14703,14967,,0,0,0,0,0,0,0,0,0,0,0,0,0,0,0,3,3,4,4,4,4,4,4,3,3,3,3,3,3,3,3,3,3,3,3,4,4,3,3,1,1,1,1,1,1,0,0,0,0,,,,,,,,,,,,,,,,,,,,,,,,,,,,,,,,,,,,,,,,,,,,,,,,
14967,400,14994,14691,14966,1,0,0,0,0,0,0,0,0,0,0,0,0,0,0,3,3,4,4,4,4,3,3,3,3,3,3,3,3,3,3,3,3,3,3,3,3,3,3,1,1,1,1,1,1,0,0,0,0,,,,,,,,,,,,,,,,,,,,,,,,,,,,,,,,,,,,,,,,,,,,,,,,
14968,1600,14969,7145,7146,1,53,53,55,55,38,38,42,42,48,48,53,53,146,146,715,715,891,891,804,804,768,768,707,707,638,638,676,676,679,679,669,669,696,696,738,738,671,671,411,411,264,264,178,178,130,130,66,66,,,,,,,,,,,,,,,,,,,,,,,,,,,,,,,,,,,,,,,,,,,,,,,,
14969,2000,14970,14968,,0,54,54,56,56,39,39,42,42,50,50,54,54,149,149,959,959,1162,1162,1055,1055,994,994,944,944,856,856,900,900,912,912,924,924,959,959,1013,1013,928,928,419,419,269,269,182,182,132,132,67,67,,,,,,,,,,,,,,,,,,,,,,,,,,,,,,,,,,,,,,,,,,,,,,,,
14970,1200,14969,14695,14696;14971,2,0,0,0,0,0,0,0,0,0,0,0,0,1,1,4,4,5,5,5,5,5,5,4,4,4,4,4,4,4,4,4,4,4,4,5,5,4,4,2,2,1,1,1,1,1,1,0,0,,,,,,,,,,,,,,,,,,,,,,,,,,,,,,,,,,,,,,,,,,,,,,,,
14971,1200,14972,14970,,0,0,0,0,0,0,0,0,0,0,0,0,0,0,0,4,4,4,4,4,4,4,4,4,4,3,3,4,4,4,4,4,4,4,4,4,4,4,4,1,1,1,1,1,1,0,0,0,0,,,,,,,,,,,,,,,,,,,,,,,,,,,,,,,,,,,,,,,,,,,,,,,,
14972,1200,14971,14973,14700,1,0,0,0,0,0,0,0,0,0,0,0,0,0,0,3,3,4,4,4,4,3,3,3,3,3,3,3,3,3,3,3,3,3,3,3,3,3,3,1,1,1,1,1,1,0,0,0,0,,,,,,,,,,,,,,,,,,,,,,,,,,,,,,,,,,,,,,,,,,,,,,,,
14973,1200,14972,14974,,0,0,0,0,0,0,0,0,0,0,0,0,0,0,0,3,3,3,3,3,3,3,3,3,3,3,3,3,3,3,3,3,3,3,3,3,3,3,3,1,1,1,1,0,0,0,0,0,0,,,,,,,,,,,,,,,,,,,,,,,,,,,,,,,,,,,,,,,,,,,,,,,,
14974,1200,14973,14705,14732,1,0,0,0,0,0,0,0,0,0,0,0,0,0,0,4,4,4,4,4,4,4,4,4,4,3,3,4,4,4,4,4,4,4,4,4,4,4,4,1,1,1,1,1,1,0,0,0,0,,,,,,,,,,,,,,,,,,,,,,,,,,,,,,,,,,,,,,,,,,,,,,,,
14975,800,14976,,,0,0,0,0,0,0,0,0,0,0,0,0,0,0,0,3,3,4,4,3,3,3,3,3,3,3,3,3,3,3,3,3,3,3,3,3,3,3,3,1,1,1,1,0,0,0,0,0,0,,,,,,,,,,,,,,,,,,,,,,,,,,,,,,,,,,,,,,,,,,,,,,,,
14976,600,14698,14975,14687,1,0,0,0,0,0,0,0,0,0,0,0,0,1,1,4,4,5,5,5,5,4,4,4,4,4,4,4,4,4,4,4,4,4,4,4,4,4,4,2,2,1,1,1,1,0,0,0,0,,,,,,,,,,,,,,,,,,,,,,,,,,,,,,,,,,,,,,,,,,,,,,,,
14977,1650,6905,15006,14717,1,54,54,56,56,39,39,42,42,50,50,54,54,149,149,959,959,1162,1162,1055,1055,994,994,944,944,856,856,900,900,912,912,924,924,959,959,1013,1013,928,928,419,419,269,269,182,182,132,132,67,67,,,,,,,,,,,,,,,,,,,,,,,,,,,,,,,,,,,,,,,,,,,,,,,,
14978,550,14733,7154,14716,1,42,42,39,39,28,28,29,29,34,34,39,39,112,112,1343,1343,1424,1424,1347,1347,1375,1375,1229,1229,1247,1247,1096,1096,1282,1282,1299,1299,1257,1257,1375,1375,1394,1394,536,536,316,316,190,190,140,140,87,87,,,,,,,,,,,,,,,,,,,,,,,,,,,,,,,,,,,,,,,,,,,,,,,,
14979,1600,14980,14990,14729,1,0,0,0,0,0,0,0,0,0,0,0,0,0,0,3,3,3,3,3,3,3,3,3,3,3,3,3,3,3,3,3,3,3,3,3,3,3,3,1,1,1,1,0,0,0,0,0,0,,,,,,,,,,,,,,,,,,,,,,,,,,,,,,,,,,,,,,,,,,,,,,,,
14980,300,14718,14981,14979,1,0,0,0,0,0,0,0,0,0,0,0,0,0,0,2,2,2,2,2,2,2,2,2,2,2,2,2,2,2,2,2,2,2,2,2,2,2,2,1,1,0,0,0,0,0,0,0,0,,,,,,,,,,,,,,,,,,,,,,,,,,,,,,,,,,,,,,,,,,,,,,,,
14981,1200,14982,14980,,0,0,0,0,0,0,0,0,0,0,0,0,0,0,0,1,1,1,1,1,1,1,1,1,1,1,1,1,1,1,1,1,1,1,1,1,1,1,1,0,0,0,0,0,0,0,0,0,0,,,,,,,,,,,,,,,,,,,,,,,,,,,,,,,,,,,,,,,,,,,,,,,,
14982,800,14983,14981,14690,1,0,0,0,0,0,0,0,0,0,0,0,0,0,0,1,1,1,1,1,1,1,1,1,1,1,1,1,1,1,1,1,1,1,1,1,1,1,1,0,0,0,0,0,0,0,0,0,0,,,,,,,,,,,,,,,,,,,,,,,,,,,,,,,,,,,,,,,,,,,,,,,,
14983,1200,14982,14984,,0,0,0,0,0,0,0,0,0,0,0,0,0,0,0,1,1,1,1,1,1,1,1,1,1,1,1,1,1,1,1,1,1,1,1,1,1,1,1,0,0,0,0,0,0,0,0,0,0,,,,,,,,,,,,,,,,,,,,,,,,,,,,,,,,,,,,,,,,,,,,,,,,
14984,400,15022,14684,14983,1,0,0,0,0,0,0,0,0,0,0,0,0,0,0,1,1,1,1,1,1,1,1,1,1,1,1,1,1,1,1,1,1,1,1,1,1,1,1,0,0,0,0,0,0,0,0,0,0,,,,,,,,,,,,,,,,,,,,,,,,,,,,,,,,,,,,,,,,,,,,,,,,
14985,2500,14986,14709,,0,42,42,39,39,28,28,29,29,34,34,39,39,112,112,1343,1343,1424,1424,1347,1347,1375,1375,1229,1229,1247,1247,1096,1096,1282,1282,1299,1299,1257,1257,1375,1375,1394,1394,536,536,316,316,190,190,140,140,87,87,,,,,,,,,,,,,,,,,,,,,,,,,,,,,,,,,,,,,,,,,,,,,,,,
14986,2500,14693,14985,14704,1,42,42,39,39,28,28,29,29,34,34,39,39,112,112,1343,1343,1424,1424,1347,1347,1375,1375,1229,1229,1247,1247,1096,1096,1282,1282,1299,1299,1257,1257,1375,1375,1394,1394,536,536,316,316,190,190,140,140,87,87,,,,,,,,,,,,,,,,,,,,,,,,,,,,,,,,,,,,,,,,,,,,,,,,
14987,800,14992,14988,,0,0,0,0,0,0,0,0,0,0,0,0,0,0,0,3,3,3,3,3,3,3,3,3,3,3,3,3,3,3,3,3,3,3,3,3,3,3,3,1,1,1,1,0,0,0,0,0,0,,,,,,,,,,,,,,,,,,,,,,,,,,,,,,,,,,,,,,,,,,,,,,,,
14988,800,14722,14987,14727,1,0,0,0,0,0,0,0,0,0,0,0,0,0,0,3,3,3,3,3,3,3,3,3,3,3,3,3,3,3,3,3,3,3,3,3,3,3,3,1,1,1,1,0,0,0,0,0,0,,,,,,,,,,,,,,,,,,,,,,,,,,,,,,,,,,,,,,,,,,,,,,,,
14989,800,14990,14729,,0,0,0,0,0,0,0,0,0,0,0,0,0,0,0,3,3,3,3,3,3,3,3,3,3,3,3,3,3,3,3,3,3,3,3,3,3,3,3,1,1,1,1,0,0,0,0,0,0,,,,,,,,,,,,,,,,,,,,,,,,,,,,,,,,,,,,,,,,,,,,,,,,
14990,800,14991,14989,14979,1,0,0,0,0,0,0,0,0,0,0,0,0,0,0,3,3,3,3,3,3,3,3,3,3,3,3,3,3,3,3,3,3,3,3,3,3,3,3,1,1,1,1,0,0,0,0,0,0,,,,,,,,,,,,,,,,,,,,,,,,,,,,,,,,,,,,,,,,,,,,,,,,
14991,600,14990,14992,,0,0,0,0,0,0,0,0,0,0,0,0,0,0,0,3,3,3,3,3,3,3,3,3,3,3,3,3,3,3,3,3,3,3,3,3,3,3,3,1,1,1,1,0,0,0,0,0,0,,,,,,,,,,,,,,,,,,,,,,,,,,,,,,,,,,,,,,,,,,,,,,,,
14992,300,14991,14725,14993;14987,2,0,0,0,0,0,0,0,0,0,0,0,0,0,0,3,3,3,3,3,3,3,3,3,3,3,3,3,3,3,3,3,3,3,3,3,3,3,3,1,1,1,1,0,0,0,0,0,0,,,,,,,,,,,,,,,,,,,,,,,,,,,,,,,,,,,,,,,,,,,,,,,,
14993,1200,14932,14992,,0,0,0,0,0,0,0,0,0,0,0,0,0,0,0,3,3,4,4,4,4,4,4,3,3,3,3,3,3,3,3,3,3,3,3,4,4,3,3,1,1,1,1,0,0,0,0,0,0,,,,,,,,,,,,,,,,,,,,,,,,,,,,,,,,,,,,,,,,,,,,,,,,
14994,1200,14995,14967,,0,0,0,0,0,0,0,0,0,0,0,0,0,1,1,4,4,5,5,5,5,5,5,4,4,4,4,4,4,4,4,4,4,4,4,5,5,4,4,2,2,1,1,1,1,1,1,0,0,,,,,,,,,,,,,,,,,,,,,,,,,,,,,,,,,,,,,,,,,,,,,,,,
14995,800,14996,14994,15003,1,0,0,0,0,0,0,0,0,0,0,0,0,1,1,5,5,6,6,5,5,5,5,5,5,4,4,4,4,5,5,5,5,5,5,5,5,5,5,2,2,1,1,1,1,1,1,0,0,,,,,,,,,,,,,,,,,,,,,,,,,,,,,,,,,,,,,,,,,,,,,,,,
14996,1500,14995,14997,,0,54,54,56,56,39,39,42,42,50,50,54,54,149,149,959,959,1162,1162,1055,1055,994,994,944,944,856,856,900,900,912,912,924,924,959,959,1013,1013,928,928,419,419,269,269,182,182,132,132,67,67,,,,,,,,,,,,,,,,,,,,,,,,,,,,,,,,,,,,,,,,,,,,,,,,
14997,1500,14996,14699,15005,1,54,54,56,56,39,39,42,42,50,50,54,54,149,149,959,959,1162,1162,1055,1055,994,994,944,944,856,856,900,900,912,912,924,924,959,959,1013,1013,928,928,419,419,269,269,182,182,132,132,67,67,,,,,,,,,,,,,,,,,,,,,,,,,,,,,,,,,,,,,,,,,,,,,,,,
14998,3000,15000,,,0,67,67,70,70,49,49,53,53,62,62,67,67,186,186,910,910,1134,1134,1023,1023,977,977,900,900,812,812,861,861,864,864,851,851,886,886,939,939,854,854,524,524,336,336,227,227,165,165,84,84,,,,,,,,,,,,,,,,,,,,,,,,,,,,,,,,,,,,,,,,,,,,,,,,
14999,1650,14739,15000,14734,1,54,54,56,56,39,39,42,42,50,50,54,54,149,149,959,959,1162,1162,1055,1055,994,994,944,944,856,856,900,900,912,912,924,924,959,959,1013,1013,928,928,419,419,269,269,182,182,132,132,67,67,,,,,,,,,,,,,,,,,,,,,,,,,,,,,,,,,,,,,,,,,,,,,,,,
15,2500,13,19,359;360,2,27,27,28,28,20,20,21,21,25,25,27,27,74,74,1049,1049,1182,1182,1170,1170,1126,1126,1056,1056,970,970,1022,1022,982,982,1052,1052,1066,1066,1112,1112,1010,1010,210,210,134,134,91,91,66,66,34,34,,,,,,,,,,,,,,,,,,,,,,,,,,,,,,,,,,,,,,,,,,,,,,,,
150,800,133,158,,0,0,0,0,0,0,0,0,0,0,0,0,0,1,1,7,7,8,8,8,8,7,7,7,7,6,6,6,6,6,6,6,6,7,7,7,7,6,6,3,3,2,2,1,1,1,1,0,0,,,,,,,,,,,,,,,,,,,,,,,,,,,,,,,,,,,,,,,,,,,,,,,,
15000,1500,14999,14998,14670,1,54,54,56,56,39,39,42,42,50,50,54,54,149,149,959,959,1162,1162,1055,1055,994,994,944,944,856,856,900,900,912,912,924,924,959,959,1013,1013,928,928,419,419,269,269,182,182,132,132,67,67,,,,,,,,,,,,,,,,,,,,,,,,,,,,,,,,,,,,,,,,,,,,,,,,
15001,1500,15002,15015,,0,54,54,56,56,39,39,42,42,50,50,54,54,149,149,959,959,1162,1162,1055,1055,994,994,944,944,856,856,900,900,912,912,924,924,959,959,1013,1013,928,928,419,419,269,269,182,182,132,132,67,67,,,,,,,,,,,,,,,,,,,,,,,,,,,,,,,,,,,,,,,,,,,,,,,,
15002,1500,14670,15001,14659,1,54,54,56,56,39,39,42,42,50,50,54,54,149,149,959,959,1162,1162,1055,1055,994,994,944,944,856,856,900,900,912,912,924,924,959,959,1013,1013,928,928,419,419,269,269,182,182,132,132,67,67,,,,,,,,,,,,,,,,,,,,,,,,,,,,,,,,,,,,,,,,,,,,,,,,
15003,2500,14995,15004,,0,54,54,56,56,39,39,42,42,50,50,54,54,149,149,959,959,1162,1162,1055,1055,994,994,944,944,856,856,900,900,912,912,924,924,959,959,1013,1013,928,928,419,419,269,269,182,182,132,132,67,67,,,,,,,,,,,,,,,,,,,,,,,,,,,,,,,,,,,,,,,,,,,,,,,,
15004,1500,15012,15003,14672,1,54,54,56,56,39,39,42,42,50,50,54,54,149,149,959,959,1162,1162,1055,1055,994,994,944,944,856,856,900,900,912,912,924,924,959,959,1013,1013,928,928,419,419,269,269,182,182,132,132,67,67,,,,,,,,,,,,,,,,,,,,,,,,,,,,,,,,,,,,,,,,,,,,,,,,
15005,2500,14997,,,0,66,66,68,68,48,48,52,52,60,60,65,65,182,182,935,935,1151,1151,1042,1042,1000,1000,919,919,838,838,875,875,889,889,877,877,908,908,965,965,886,886,525,525,335,335,225,225,164,164,84,84,,,,,,,,,,,,,,,,,,,,,,,,,,,,,,,,,,,,,,,,,,,,,,,,
15006,2500,15007,14977,,0,54,54,56,56,39,39,42,42,50,50,54,54,149,149,959,959,1162,1162,1055,1055,994,994,944,944,856,856,900,900,912,912,924,924,959,959,1013,1013,928,928,419,419,269,269,182,182,132,132,67,67,,,,,,,,,,,,,,,,,,,,,,,,,,,,,,,,,,,,,,,,,,,,,,,,
15007,1000,15006,15070,14679,1,54,54,56,56,39,39,42,42,50,50,54,54,149,149,959,959,1162,1162,1055,1055,994,994,944,944,856,856,900,900,912,912,924,924,959,959,1013,1013,928,928,419,419,269,269,182,182,132,132,67,67,,,,,,,,,,,,,,,,,,,,,,,,,,,,,,,,,,,,,,,,,,,,,,,,
15008,800,15009,14680,,0,0,0,0,0,0,0,0,0,0,0,0,0,1,1,7,7,8,8,8,8,8,8,7,7,7,7,7,7,7,7,7,7,7,7,8,8,7,7,3,3,2,2,1,1,1,1,0,0,,,,,,,,,,,,,,,,,,,,,,,,,,,,,,,,,,,,,,,,,,,,,,,,
15009,400,15008,14679,14698,1,0,0,0,0,0,0,0,0,0,0,0,0,1,1,6,6,7,7,6,6,6,6,6,6,5,5,5,5,6,6,6,6,6,6,6,6,6,6,2,2,1,1,1,1,1,1,0,0,,,,,,,,,,,,,,,,,,,,,,,,,,,,,,,,,,,,,,,,,,,,,,,,
15010,600,15011,14680,,0,0,0,0,0,0,0,0,0,0,0,0,0,0,0,894,894,944,944,1009,1009,988,988,917,917,851,851,900,900,826,826,926,926,922,922,952,952,857,857,0,0,0,0,0,0,0,0,0,0,,,,,,,,,,,,,,,,,,,,,,,,,,,,,,,,,,,,,,,,,,,,,,,,
15011,400,14691,15010,14678,1,0,0,0,0,0,0,0,0,0,0,0,0,1,1,4,4,5,5,5,5,4,4,4,4,4,4,4,4,4,4,4,4,4,4,4,4,4,4,2,2,1,1,1,1,0,0,0,0,,,,,,,,,,,,,,,,,,,,,,,,,,,,,,,,,,,,,,,,,,,,,,,,
15012,1200,15004,15013,,0,0,0,0,0,0,0,0,0,0,0,0,0,1,1,7,7,8,8,7,7,7,7,7,7,6,6,6,6,6,6,7,7,7,7,7,7,7,7,2,2,2,2,1,1,1,1,0,0,,,,,,,,,,,,,,,,,,,,,,,,,,,,,,,,,,,,,,,,,,,,,,,,
15013,800,14678,15012,15014,1,0,0,0,0,0,0,0,0,0,0,0,0,1,1,8,8,9,9,8,8,8,8,7,7,7,7,7,7,7,7,7,7,7,7,8,8,7,7,3,3,2,2,1,1,1,1,0,0,,,,,,,,,,,,,,,,,,,,,,,,,,,,,,,,,,,,,,,,,,,,,,,,
15014,1200,15015,15013,,0,0,0,0,0,0,0,0,0,0,0,0,0,1,1,8,8,9,9,9,9,8,8,8,8,7,7,7,7,8,8,8,8,8,8,8,8,8,8,3,3,2,2,1,1,1,1,0,0,,,,,,,,,,,,,,,,,,,,,,,,,,,,,,,,,,,,,,,,,,,,,,,,
15015,1500,15014,15067,15001,1,54,54,56,56,39,39,42,42,50,50,54,54,149,149,959,959,1162,1162,1055,1055,994,994,944,944,856,856,900,900,912,912,924,924,959,959,1013,1013,928,928,419,419,269,269,182,182,132,132,67,67,,,,,,,,,,,,,,,,,,,,,,,,,,,,,,,,,,,,,,,,,,,,,,,,
15016,600,14739,14734,15017,1,0,0,0,0,0,0,0,0,0,0,0,0,1,1,5,5,6,6,5,5,5,5,5,5,4,4,4,4,5,5,5,5,5,5,5,5,5,5,2,2,1,1,1,1,1,1,0,0,,,,,,,,,,,,,,,,,,,,,,,,,,,,,,,,,,,,,,,,,,,,,,,,
15017,800,15016,14728,15068,1,0,0,0,0,0,0,0,0,0,0,0,0,0,0,3,3,4,4,4,4,3,3,3,3,3,3,3,3,3,3,3,3,3,3,3,3,3,3,1,1,1,1,1,1,0,0,0,0,,,,,,,,,,,,,,,,,,,,,,,,,,,,,,,,,,,,,,,,,,,,,,,,
15018,3000,15021,14655,15020,1,54,54,56,56,39,39,42,42,50,50,54,54,149,149,959,959,1162,1162,1055,1055,994,994,944,944,856,856,900,900,912,912,924,924,959,959,1013,1013,928,928,419,419,269,269,182,182,132,132,67,67,,,,,,,,,,,,,,,,,,,,,,,,,,,,,,,,,,,,,,,,,,,,,,,,
15019,1200,14706,14654,15020,1,0,0,0,0,0,0,0,0,0,0,0,0,1,1,4,4,5,5,5,5,5,5,4,4,4,4,4,4,4,4,4,4,4,4,5,5,4,4,2,2,1,1,1,1,1,1,0,0,,,,,,,,,,,,,,,,,,,,,,,,,,,,,,,,,,,,,,,,,,,,,,,,
15020,1200,15018,15019,,0,0,0,0,0,0,0,0,0,0,0,0,0,1,1,7,7,8,8,7,7,7,7,7,7,6,6,6,6,6,6,7,7,7,7,7,7,7,7,3,3,2,2,1,1,1,1,0,0,,,,,,,,,,,,,,,,,,,,,,,,,,,,,,,,,,,,,,,,,,,,,,,,
15021,1600,14759,15018,,0,0,0,0,0,0,0,0,0,0,0,0,0,1,1,7,7,8,8,8,8,7,7,7,7,6,6,6,6,7,7,7,7,7,7,7,7,7,7,3,3,2,2,1,1,1,1,0,0,,,,,,,,,,,,,,,,,,,,,,,,,,,,,,,,,,,,,,,,,,,,,,,,
15022,1200,14984,15023,,0,0,0,0,0,0,0,0,0,0,0,0,0,0,0,1,1,2,2,1,1,1,1,1,1,1,1,1,1,1,1,1,1,1,1,1,1,1,1,1,1,0,0,0,0,0,0,0,0,,,,,,,,,,,,,,,,,,,,,,,,,,,,,,,,,,,,,,,,,,,,,,,,
15023,400,14677,14721,15022,1,0,0,0,0,0,0,0,0,0,0,0,0,0,0,2,2,2,2,2,2,2,2,2,2,2,2,2,2,2,2,2,2,2,2,2,2,2,2,1,1,0,0,0,0,0,0,0,0,,,,,,,,,,,,,,,,,,,,,,,,,,,,,,,,,,,,,,,,,,,,,,,,
15024,2500,15025,14669,,0,42,42,39,39,28,28,29,29,34,34,39,39,112,112,1343,1343,1424,1424,1347,1347,1375,1375,1229,1229,1247,1247,1096,1096,1282,1282,1299,1299,1257,1257,1375,1375,1394,1394,536,536,316,316,190,190,140,140,87,87,,,,,,,,,,,,,,,,,,,,,,,,,,,,,,,,,,,,,,,,,,,,,,,,
15025,1200,14704,15024,14721,1,0,0,0,0,0,0,0,0,0,0,0,0,0,0,2,2,3,3,3,3,3,3,2,2,2,2,2,2,2,2,2,2,2,2,3,3,2,2,1,1,1,1,0,0,0,0,0,0,,,,,,,,,,,,,,,,,,,,,,,,,,,,,,,,,,,,,,,,,,,,,,,,
15026,300,15027,14950,,0,0,0,0,0,0,0,0,0,0,0,0,0,0,0,2,2,2,2,2,2,2,2,1,1,1,1,1,1,1,1,1,1,1,1,2,2,2,2,1,1,0,0,0,0,0,0,0,0,,,,,,,,,,,,,,,,,,,,,,,,,,,,,,,,,,,,,,,,,,,,,,,,
15027,300,15026,15028,14681,1,0,0,0,0,0,0,0,0,0,0,0,0,0,0,1,1,1,1,1,1,1,1,1,1,1,1,1,1,1,1,1,1,1,1,1,1,1,1,0,0,0,0,0,0,0,0,0,0,,,,,,,,,,,,,,,,,,,,,,,,,,,,,,,,,,,,,,,,,,,,,,,,
15028,600,15029,15027,,0,0,0,0,0,0,0,0,0,0,0,0,0,0,0,1,1,1,1,1,1,1,1,1,1,1,1,1,1,1,1,1,1,1,1,1,1,1,1,0,0,0,0,0,0,0,0,0,0,,,,,,,,,,,,,,,,,,,,,,,,,,,,,,,,,,,,,,,,,,,,,,,,
15029,600,15028,15030,14676,1,0,0,0,0,0,0,0,0,0,0,0,0,0,0,1,1,1,1,1,1,1,1,1,1,1,1,1,1,1,1,1,1,1,1,1,1,1,1,0,0,0,0,0,0,0,0,0,0,,,,,,,,,,,,,,,,,,,,,,,,,,,,,,,,,,,,,,,,,,,,,,,,
15030,300,15029,15031,,0,0,0,0,0,0,0,0,0,0,0,0,0,0,0,1,1,1,1,1,1,1,1,1,1,1,1,1,1,1,1,1,1,1,1,1,1,1,1,0,0,0,0,0,0,0,0,0,0,,,,,,,,,,,,,,,,,,,,,,,,,,,,,,,,,,,,,,,,,,,,,,,,
15031,300,15032,15030,14674,1,0,0,0,0,0,0,0,0,0,0,0,0,0,0,1,1,1,1,1,1,1,1,1,1,1,1,1,1,1,1,1,1,1,1,1,1,1,1,0,0,0,0,0,0,0,0,0,0,,,,,,,,,,,,,,,,,,,,,,,,,,,,,,,,,,,,,,,,,,,,,,,,
15032,600,15033,15031,,0,0,0,0,0,0,0,0,0,0,0,0,0,0,0,1,1,1,1,1,1,1,1,1,1,1,1,1,1,1,1,1,1,1,1,1,1,1,1,0,0,0,0,0,0,0,0,0,0,,,,,,,,,,,,,,,,,,,,,,,,,,,,,,,,,,,,,,,,,,,,,,,,
15033,400,14715,14673,15032,1,0,0,0,0,0,0,0,0,0,0,0,0,0,0,1,1,1,1,1,1,1,1,1,1,1,1,1,1,1,1,1,1,1,1,1,1,1,1,0,0,0,0,0,0,0,0,0,0,,,,,,,,,,,,,,,,,,,,,,,,,,,,,,,,,,,,,,,,,,,,,,,,
15034,1500,15035,15037,,0,42,42,39,39,28,28,29,29,34,34,39,39,112,112,1343,1343,1424,1424,1347,1347,1375,1375,1229,1229,1247,1247,1096,1096,1282,1282,1299,1299,1257,1257,1375,1375,1394,1394,536,536,316,316,190,190,140,140,87,87,,,,,,,,,,,,,,,,,,,,,,,,,,,,,,,,,,,,,,,,,,,,,,,,
15035,1500,14655,14663,14779;15034,2,42,42,39,39,28,28,29,29,34,34,39,39,112,112,1343,1343,1424,1424,1347,1347,1375,1375,1229,1229,1247,1247,1096,1096,1282,1282,1299,1299,1257,1257,1375,1375,1394,1394,536,536,316,316,190,190,140,140,87,87,,,,,,,,,,,,,,,,,,,,,,,,,,,,,,,,,,,,,,,,,,,,,,,,
15036,1200,15041,15037,,0,0,0,0,0,0,0,0,0,0,0,0,0,0,0,3,3,3,3,3,3,3,3,2,2,2,2,2,2,2,2,3,3,3,3,3,3,3,3,1,1,1,1,0,0,0,0,0,0,,,,,,,,,,,,,,,,,,,,,,,,,,,,,,,,,,,,,,,,,,,,,,,,
15037,800,15036,15034,15038,1,0,0,0,0,0,0,0,0,0,0,0,0,0,0,3,3,3,3,3,3,3,3,3,3,3,3,3,3,3,3,3,3,3,3,3,3,3,3,1,1,1,1,0,0,0,0,0,0,,,,,,,,,,,,,,,,,,,,,,,,,,,,,,,,,,,,,,,,,,,,,,,,
15038,1200,15039,15037,,0,0,0,0,0,0,0,0,0,0,0,0,0,0,0,3,3,3,3,3,3,3,3,3,3,3,3,3,3,3,3,3,3,3,3,3,3,3,3,1,1,1,1,0,0,0,0,0,0,,,,,,,,,,,,,,,,,,,,,,,,,,,,,,,,,,,,,,,,,,,,,,,,
15039,300,14666,14658,15038,1,0,0,0,0,0,0,0,0,0,0,0,0,0,0,3,3,3,3,3,3,3,3,3,3,3,3,2,2,3,3,3,3,3,3,3,3,3,3,1,1,1,1,0,0,0,0,0,0,,,,,,,,,,,,,,,,,,,,,,,,,,,,,,,,,,,,,,,,,,,,,,,,
15040,2500,15041,14780,,0,42,42,39,39,28,28,29,29,34,34,39,39,112,112,1343,1343,1424,1424,1347,1347,1375,1375,1229,1229,1247,1247,1096,1096,1282,1282,1299,1299,1257,1257,1375,1375,1394,1394,536,536,316,316,190,190,140,140,87,87,,,,,,,,,,,,,,,,,,,,,,,,,,,,,,,,,,,,,,,,,,,,,,,,
15041,1650,15040,14661,15036,1,42,42,39,39,28,28,29,29,34,34,39,39,112,112,1343,1343,1424,1424,1347,1347,1375,1375,1229,1229,1247,1247,1096,1096,1282,1282,1299,1299,1257,1257,1375,1375,1394,1394,536,536,316,316,190,190,140,140,87,87,,,,,,,,,,,,,,,,,,,,,,,,,,,,,,,,,,,,,,,,,,,,,,,,
15042,400,14952,15043,,0,0,0,0,0,0,0,0,0,0,0,0,0,0,0,1,1,2,2,2,2,2,2,1,1,1,1,1,1,1,1,1,1,1,1,2,2,1,1,1,1,0,0,0,0,0,0,0,0,,,,,,,,,,,,,,,,,,,,,,,,,,,,,,,,,,,,,,,,,,,,,,,,
15043,300,15042,15044,14702,1,0,0,0,0,0,0,0,0,0,0,0,0,0,0,1,1,1,1,1,1,1,1,1,1,1,1,1,1,1,1,1,1,1,1,1,1,1,1,0,0,0,0,0,0,0,0,0,0,,,,,,,,,,,,,,,,,,,,,,,,,,,,,,,,,,,,,,,,,,,,,,,,
15044,300,15043,15045,,0,0,0,0,0,0,0,0,0,0,0,0,0,0,0,1,1,1,1,1,1,1,1,1,1,1,1,1,1,1,1,1,1,1,1,1,1,1,1,0,0,0,0,0,0,0,0,0,0,,,,,,,,,,,,,,,,,,,,,,,,,,,,,,,,,,,,,,,,,,,,,,,,
15045,300,15046,15044,14697,1,0,0,0,0,0,0,0,0,0,0,0,0,0,0,1,1,1,1,1,1,1,1,1,1,1,1,1,1,1,1,1,1,1,1,1,1,1,1,0,0,0,0,0,0,0,0,0,0,,,,,,,,,,,,,,,,,,,,,,,,,,,,,,,,,,,,,,,,,,,,,,,,
15046,300,15047,15045,,0,0,0,0,0,0,0,0,0,0,0,0,0,0,0,1,1,1,1,1,1,1,1,1,1,1,1,1,1,1,1,1,1,1,1,1,1,1,1,0,0,0,0,0,0,0,0,0,0,,,,,,,,,,,,,,,,,,,,,,,,,,,,,,,,,,,,,,,,,,,,,,,,
15047,300,15048,15046,14686,1,0,0,0,0,0,0,0,0,0,0,0,0,0,0,1,1,1,1,1,1,1,1,1,1,1,1,1,1,1,1,1,1,1,1,1,1,1,1,0,0,0,0,0,0,0,0,0,0,,,,,,,,,,,,,,,,,,,,,,,,,,,,,,,,,,,,,,,,,,,,,,,,
15048,300,15047,15049,,0,0,0,0,0,0,0,0,0,0,0,0,0,0,0,1,1,1,1,1,1,1,1,1,1,1,1,1,1,1,1,1,1,1,1,1,1,1,1,0,0,0,0,0,0,0,0,0,0,,,,,,,,,,,,,,,,,,,,,,,,,,,,,,,,,,,,,,,,,,,,,,,,
15049,300,14711,15048,14676,1,0,0,0,0,0,0,0,0,0,0,0,0,0,0,1,1,1,1,1,1,1,1,1,1,1,1,1,1,1,1,1,1,1,1,1,1,1,1,0,0,0,0,0,0,0,0,0,0,,,,,,,,,,,,,,,,,,,,,,,,,,,,,,,,,,,,,,,,,,,,,,,,
15050,4400,15051,14660,,0,42,42,39,39,28,28,29,29,34,34,39,39,112,112,1343,1343,1424,1424,1347,1347,1375,1375,1229,1229,1247,1247,1096,1096,1282,1282,1299,1299,1257,1257,1375,1375,1394,1394,536,536,316,316,190,190,140,140,87,87,,,,,,,,,,,,,,,,,,,,,,,,,,,,,,,,,,,,,,,,,,,,,,,,
15051,800,14651,14657,15050,1,0,0,0,0,0,0,0,0,0,0,0,0,0,0,3,3,4,4,3,3,3,3,3,3,3,3,3,3,3,3,3,3,3,3,3,3,3,3,1,1,1,1,0,0,0,0,0,0,,,,,,,,,,,,,,,,,,,,,,,,,,,,,,,,,,,,,,,,,,,,,,,,
15052,600,14639,15053,,0,0,0,0,0,0,0,0,0,0,0,0,0,0,0,1,1,1,1,1,1,1,1,1,1,1,1,1,1,1,1,1,1,1,1,1,1,1,1,0,0,0,0,0,0,0,0,0,0,,,,,,,,,,,,,,,,,,,,,,,,,,,,,,,,,,,,,,,,,,,,,,,,
15053,300,15052,15054,14651,1,0,0,0,0,0,0,0,0,0,0,0,0,0,0,1,1,1,1,1,1,1,1,1,1,1,1,1,1,1,1,1,1,1,1,1,1,1,1,0,0,0,0,0,0,0,0,0,0,,,,,,,,,,,,,,,,,,,,,,,,,,,,,,,,,,,,,,,,,,,,,,,,
15054,300,15053,15055,,0,0,0,0,0,0,0,0,0,0,0,0,0,0,0,1,1,1,1,1,1,1,1,1,1,1,1,1,1,1,1,1,1,1,1,1,1,1,1,0,0,0,0,0,0,0,0,0,0,,,,,,,,,,,,,,,,,,,,,,,,,,,,,,,,,,,,,,,,,,,,,,,,
15055,300,14665,15054,14652,1,0,0,0,0,0,0,0,0,0,0,0,0,0,0,1,1,1,1,1,1,1,1,1,1,1,1,1,1,1,1,1,1,1,1,1,1,1,1,0,0,0,0,0,0,0,0,0,0,,,,,,,,,,,,,,,,,,,,,,,,,,,,,,,,,,,,,,,,,,,,,,,,
15056,2750,14660,15057,,0,42,42,39,39,28,28,29,29,34,34,39,39,112,112,1343,1343,1424,1424,1347,1347,1375,1375,1229,1229,1247,1247,1096,1096,1282,1282,1299,1299,1257,1257,1375,1375,1394,1394,536,536,316,316,190,190,140,140,87,87,,,,,,,,,,,,,,,,,,,,,,,,,,,,,,,,,,,,,,,,,,,,,,,,
15057,1000,15060,15056,14665;14671,2,42,42,39,39,28,28,29,29,34,34,39,39,112,112,1343,1343,1424,1424,1347,1347,1375,1375,1229,1229,1247,1247,1096,1096,1282,1282,1299,1299,1257,1257,1375,1375,1394,1394,536,536,316,316,190,190,140,140,87,87,,,,,,,,,,,,,,,,,,,,,,,,,,,,,,,,,,,,,,,,,,,,,,,,
15058,4400,15059,14660,,0,42,42,39,39,28,28,29,29,34,34,39,39,112,112,1343,1343,1424,1424,1347,1347,1375,1375,1229,1229,1247,1247,1096,1096,1282,1282,1299,1299,1257,1257,1375,1375,1394,1394,536,536,316,316,190,190,140,140,87,87,,,,,,,,,,,,,,,,,,,,,,,,,,,,,,,,,,,,,,,,,,,,,,,,
15059,1500,14671,15058,14707,1,42,42,39,39,28,28,29,29,34,34,39,39,112,112,1343,1343,1424,1424,1347,1347,1375,1375,1229,1229,1247,1247,1096,1096,1282,1282,1299,1299,1257,1257,1375,1375,1394,1394,536,536,316,316,190,190,140,140,87,87,,,,,,,,,,,,,,,,,,,,,,,,,,,,,,,,,,,,,,,,,,,,,,,,
15060,800,15057,15061,,0,0,0,0,0,0,0,0,0,0,0,0,0,0,0,3,3,3,3,3,3,3,3,3,3,3,3,3,3,3,3,3,3,3,3,3,3,3,3,1,1,1,1,0,0,0,0,0,0,,,,,,,,,,,,,,,,,,,,,,,,,,,,,,,,,,,,,,,,,,,,,,,,
15061,1200,13585,15060,13184,1,0,0,0,0,0,0,0,0,0,0,0,0,0,0,3,3,4,4,3,3,3,3,3,3,3,3,3,3,3,3,3,3,3,3,3,3,3,3,1,1,1,1,0,0,0,0,0,0,,,,,,,,,,,,,,,,,,,,,,,,,,,,,,,,,,,,,,,,,,,,,,,,
15062,1200,15065,14804,,0,0,0,0,0,0,0,0,0,0,0,0,0,0,0,3,3,4,4,3,3,3,3,3,3,3,3,3,3,3,3,3,3,3,3,3,3,3,3,1,1,1,1,0,0,0,0,0,0,,,,,,,,,,,,,,,,,,,,,,,,,,,,,,,,,,,,,,,,,,,,,,,,
15063,300,14652,13616,15064,1,0,0,0,0,0,0,0,0,0,0,0,0,0,0,4,4,4,4,4,4,4,4,3,3,3,3,3,3,3,3,3,3,3,3,4,4,4,4,1,1,1,1,0,0,0,0,0,0,,,,,,,,,,,,,,,,,,,,,,,,,,,,,,,,,,,,,,,,,,,,,,,,
15064,1200,15063,15065,,0,0,0,0,0,0,0,0,0,0,0,0,0,0,0,4,4,4,4,4,4,4,4,3,3,3,3,3,3,3,3,3,3,3,3,4,4,4,4,1,1,1,1,0,0,0,0,0,0,,,,,,,,,,,,,,,,,,,,,,,,,,,,,,,,,,,,,,,,,,,,,,,,
15065,300,13140,15062,15064,1,0,0,0,0,0,0,0,0,0,0,0,0,0,0,3,3,4,4,4,4,4,4,3,3,3,3,3,3,3,3,3,3,3,3,4,4,3,3,1,1,1,1,0,0,0,0,0,0,,,,,,,,,,,,,,,,,,,,,,,,,,,,,,,,,,,,,,,,,,,,,,,,
15066,3000,15069,,,0,54,54,56,56,39,39,42,42,50,50,54,54,149,149,959,959,1162,1162,1055,1055,994,994,944,944,856,856,900,900,912,912,924,924,959,959,1013,1013,928,928,419,419,269,269,182,182,132,132,67,67,,,,,,,,,,,,,,,,,,,,,,,,,,,,,,,,,,,,,,,,,,,,,,,,
15067,2500,15069,15015,,0,0,0,0,0,0,0,0,0,0,0,0,0,0,0,1156,1156,1275,1275,1184,1184,1063,1063,1121,1121,1033,1033,1056,1056,1105,1105,1218,1218,1250,1250,1308,1308,1226,1226,0,0,0,0,0,0,0,0,0,0,,,,,,,,,,,,,,,,,,,,,,,,,,,,,,,,,,,,,,,,,,,,,,,,
15068,2000,15017,15069,,0,54,54,56,56,39,39,42,42,50,50,54,54,149,149,959,959,1162,1162,1055,1055,994,994,944,944,856,856,900,900,912,912,924,924,959,959,1013,1013,928,928,419,419,269,269,182,182,132,132,67,67,,,,,,,,,,,,,,,,,,,,,,,,,,,,,,,,,,,,,,,,,,,,,,,,
15069,1500,15068,15070,15066;15067,2,54,54,56,56,39,39,42,42,50,50,54,54,149,149,959,959,1162,1162,1055,1055,994,994,944,944,856,856,900,900,912,912,924,924,959,959,1013,1013,928,928,419,419,269,269,182,182,132,132,67,67,,,,,,,,,,,,,,,,,,,,,,,,,,,,,,,,,,,,,,,,,,,,,,,,
15070,1500,15069,15007,,0,54,54,56,56,39,39,42,42,50,50,54,54,149,149,959,959,1162,1162,1055,1055,994,994,944,944,856,856,900,900,912,912,924,924,959,959,1013,1013,928,928,419,419,269,269,182,182,132,132,67,67,,,,,,,,,,,,,,,,,,,,,,,,,,,,,,,,,,,,,,,,,,,,,,,,
15071,1100,14733,14740,14743,1,34,34,35,35,25,25,27,27,31,31,34,34,94,94,1045,1045,1197,1197,1143,1143,1090,1090,1034,1034,953,953,989,989,986,986,1038,1038,1058,1058,1111,1111,1023,1023,276,276,176,176,118,118,86,86,44,44,,,,,,,,,,,,,,,,,,,,,,,,,,,,,,,,,,,,,,,,,,,,,,,,
15072,1200,15394,15396,,0,1,1,0,0,0,0,0,0,0,0,0,0,1,1,53,53,56,56,58,58,57,57,53,53,50,50,50,50,50,50,54,54,53,53,56,56,52,52,7,7,4,4,2,2,2,2,1,1,,,,,,,,,,,,,,,,,,,,,,,,,,,,,,,,,,,,,,,,,,,,,,,,
15073,800,15392,15394,,0,0,0,0,0,0,0,0,0,0,0,0,0,1,1,38,38,40,40,41,41,41,41,38,38,36,36,36,36,35,35,38,38,38,38,40,40,37,37,5,5,3,3,2,2,1,1,1,1,,,,,,,,,,,,,,,,,,,,,,,,,,,,,,,,,,,,,,,,,,,,,,,,
15074,1200,,16452,,0,0,0,0,0,0,0,0,0,0,0,0,0,1,1,4,4,5,5,5,5,4,4,4,4,4,4,4,4,4,4,4,4,4,4,5,5,4,4,2,2,1,1,1,1,1,1,0,0,,,,,,,,,,,,,,,,,,,,,,,,,,,,,,,,,,,,,,,,,,,,,,,,
15075,1500,15079,15388,,0,54,54,54,54,38,38,41,41,48,48,53,53,149,149,1126,1126,1279,1279,1185,1185,1176,1176,1064,1064,1030,1030,978,978,1073,1073,1075,1075,1072,1072,1157,1157,1124,1124,530,530,326,326,208,208,152,152,86,86,,,,,,,,,,,,,,,,,,,,,,,,,,,,,,,,,,,,,,,,,,,,,,,,
15076,300,15085,15390,,0,0,0,0,0,0,0,0,0,0,0,0,0,0,0,4,4,5,5,4,4,4,4,4,4,4,4,4,4,4,4,4,4,4,4,4,4,4,4,2,2,1,1,1,1,1,1,0,0,,,,,,,,,,,,,,,,,,,,,,,,,,,,,,,,,,,,,,,,,,,,,,,,
15077,4400,15335,15325,,0,33,33,31,31,22,22,23,23,26,26,31,31,88,88,1055,1055,1119,1119,1058,1058,1080,1080,966,966,980,980,861,861,1008,1008,1021,1021,988,988,1080,1080,1096,1096,421,421,249,249,150,150,110,110,68,68,,,,,,,,,,,,,,,,,,,,,,,,,,,,,,,,,,,,,,,,,,,,,,,,
15078,1200,,15327,,0,0,0,0,0,0,0,0,0,0,0,0,0,0,0,3,3,4,4,3,3,3,3,3,3,3,3,3,3,3,3,3,3,3,3,3,3,3,3,1,1,1,1,1,1,0,0,0,0,,,,,,,,,,,,,,,,,,,,,,,,,,,,,,,,,,,,,,,,,,,,,,,,
15079,800,,15075,,0,0,0,0,0,0,0,0,0,0,0,0,0,1,1,6,6,7,7,6,6,6,6,6,6,6,6,5,5,6,6,6,6,6,6,6,6,6,6,3,3,2,2,1,1,1,1,0,0,,,,,,,,,,,,,,,,,,,,,,,,,,,,,,,,,,,,,,,,,,,,,,,,
15080,1200,15396,15084,,0,33,33,31,31,22,22,23,23,26,26,31,31,88,88,1055,1055,1119,1119,1058,1058,1080,1080,966,966,980,980,861,861,1008,1008,1021,1021,988,988,1080,1080,1096,1096,421,421,249,249,150,150,110,110,68,68,,,,,,,,,,,,,,,,,,,,,,,,,,,,,,,,,,,,,,,,,,,,,,,,
15081,3850,15329,15388,,0,0,0,0,0,0,0,0,0,0,0,0,0,0,0,1138,1138,1201,1201,1284,1284,1257,1257,1168,1168,1084,1084,1145,1145,1051,1051,1179,1179,1173,1173,1211,1211,1091,1091,0,0,0,0,0,0,0,0,0,0,,,,,,,,,,,,,,,,,,,,,,,,,,,,,,,,,,,,,,,,,,,,,,,,
15082,600,15371,,,0,0,0,0,0,0,0,0,0,0,0,0,0,1,1,4,4,5,5,5,5,5,5,4,4,4,4,4,4,4,4,4,4,4,4,5,5,5,5,2,2,1,1,1,1,1,1,0,0,,,,,,,,,,,,,,,,,,,,,,,,,,,,,,,,,,,,,,,,,,,,,,,,
15083,1200,15333,15323,,0,0,0,0,0,0,0,0,0,0,0,0,0,0,0,1,1,1,1,1,1,1,1,1,1,1,1,1,1,1,1,1,1,1,1,1,1,1,1,1,1,0,0,0,0,0,0,0,0,,,,,,,,,,,,,,,,,,,,,,,,,,,,,,,,,,,,,,,,,,,,,,,,
15084,4000,15387,15089,15080,1,54,54,54,54,38,38,41,41,48,48,53,53,149,149,1126,1126,1279,1279,1185,1185,1176,1176,1064,1064,1030,1030,978,978,1073,1073,1075,1075,1072,1072,1157,1157,1124,1124,530,530,326,326,208,208,152,152,86,86,,,,,,,,,,,,,,,,,,,,,,,,,,,,,,,,,,,,,,,,,,,,,,,,
15085,300,15076,15373,,0,0,0,0,0,0,0,0,0,0,0,0,0,0,0,3,3,4,4,3,3,3,3,3,3,3,3,3,3,3,3,3,3,3,3,3,3,3,3,1,1,1,1,1,1,0,0,0,0,,,,,,,,,,,,,,,,,,,,,,,,,,,,,,,,,,,,,,,,,,,,,,,,
15086,800,15088,,,0,0,0,0,0,0,0,0,0,0,0,0,0,1,1,5,5,6,6,5,5,5,5,5,5,5,5,4,4,5,5,5,5,5,5,5,5,5,5,2,2,1,1,1,1,1,1,0,0,,,,,,,,,,,,,,,,,,,,,,,,,,,,,,,,,,,,,,,,,,,,,,,,
15087,4400,15357,15088,,0,54,54,54,54,38,38,41,41,48,48,53,53,149,149,1126,1126,1279,1279,1185,1185,1176,1176,1064,1064,1030,1030,978,978,1073,1073,1075,1075,1072,1072,1157,1157,1124,1124,530,530,326,326,208,208,152,152,86,86,,,,,,,,,,,,,,,,,,,,,,,,,,,,,,,,,,,,,,,,,,,,,,,,
15088,800,15087,15086,15366;15091,2,0,0,0,0,0,0,0,0,0,0,0,0,1,1,5,5,6,6,6,6,6,6,5,5,5,5,5,5,5,5,5,5,5,5,5,5,5,5,2,2,1,1,1,1,1,1,0,0,,,,,,,,,,,,,,,,,,,,,,,,,,,,,,,,,,,,,,,,,,,,,,,,
15089,1600,15383,15084,,0,0,0,0,0,0,0,0,0,0,0,0,0,1,1,5,5,5,5,5,5,5,5,4,4,4,4,4,4,5,5,5,5,4,4,5,5,5,5,2,2,1,1,1,1,1,1,0,0,,,,,,,,,,,,,,,,,,,,,,,,,,,,,,,,,,,,,,,,,,,,,,,,
15090,1600,15331,15319,,0,0,0,0,0,0,0,0,0,0,0,0,0,0,0,3,3,3,3,3,3,3,3,3,3,2,2,2,2,3,3,3,3,3,3,3,3,3,3,1,1,1,1,0,0,0,0,0,0,,,,,,,,,,,,,,,,,,,,,,,,,,,,,,,,,,,,,,,,,,,,,,,,
15091,1200,15088,15359,,0,0,0,0,0,0,0,0,0,0,0,0,0,0,0,4,4,4,4,4,4,4,4,4,4,3,3,3,3,4,4,4,4,4,4,4,4,4,4,2,2,1,1,1,1,0,0,0,0,,,,,,,,,,,,,,,,,,,,,,,,,,,,,,,,,,,,,,,,,,,,,,,,
15092,1200,,15385,,0,0,0,0,0,0,0,0,0,0,0,0,0,1,1,5,5,5,5,5,5,5,5,4,4,4,4,4,4,4,4,5,5,4,4,5,5,5,5,2,2,1,1,1,1,1,1,0,0,,,,,,,,,,,,,,,,,,,,,,,,,,,,,,,,,,,,,,,,,,,,,,,,
15093,1200,15379,,,0,0,0,0,0,0,0,0,0,0,0,0,0,0,0,2,2,2,2,2,2,2,2,2,2,2,2,2,2,2,2,2,2,2,2,2,2,2,2,1,1,1,1,0,0,0,0,0,0,,,,,,,,,,,,,,,,,,,,,,,,,,,,,,,,,,,,,,,,,,,,,,,,
15094,1600,15355,15339,,0,0,0,0,0,0,0,0,0,0,0,0,0,0,0,1,1,1,1,1,1,1,1,1,1,1,1,1,1,1,1,1,1,1,1,1,1,1,1,0,0,0,0,0,0,0,0,0,0,,,,,,,,,,,,,,,,,,,,,,,,,,,,,,,,,,,,,,,,,,,,,,,,
15095,1200,15381,,,0,0,0,0,0,0,0,0,0,0,0,0,0,0,0,2,2,2,2,2,2,2,2,2,2,2,2,2,2,2,2,2,2,2,2,2,2,2,2,1,1,1,1,0,0,0,0,0,0,,,,,,,,,,,,,,,,,,,,,,,,,,,,,,,,,,,,,,,,,,,,,,,,
15096,1200,15361,15367,,0,0,0,0,0,0,0,0,0,0,0,0,0,1,1,5,5,5,5,5,5,5,5,4,4,4,4,4,4,4,4,4,4,4,4,5,5,5,5,2,2,1,1,1,1,1,1,0,0,,,,,,,,,,,,,,,,,,,,,,,,,,,,,,,,,,,,,,,,,,,,,,,,
15097,1200,15383,,,0,0,0,0,0,0,0,0,0,0,0,0,0,0,0,2,2,2,2,2,2,2,2,2,2,2,2,1,1,2,2,2,2,2,2,2,2,2,2,1,1,0,0,0,0,0,0,0,0,,,,,,,,,,,,,,,,,,,,,,,,,,,,,,,,,,,,,,,,,,,,,,,,
15098,1200,15355,15337,,0,0,0,0,0,0,0,0,0,0,0,0,0,0,0,1,1,1,1,1,1,1,1,1,1,1,1,1,1,1,1,1,1,1,1,1,1,1,1,0,0,0,0,0,0,0,0,0,0,,,,,,,,,,,,,,,,,,,,,,,,,,,,,,,,,,,,,,,,,,,,,,,,
15099,3000,15317,15104,,0,67,67,70,70,49,49,53,53,62,62,67,67,186,186,910,910,1134,1134,1023,1023,977,977,900,900,812,812,861,861,864,864,851,851,886,886,939,939,854,854,524,524,336,336,227,227,165,165,84,84,,,,,,,,,,,,,,,,,,,,,,,,,,,,,,,,,,,,,,,,,,,,,,,,
151,1200,157,423,,0,0,0,0,0,0,0,0,0,0,0,0,0,0,0,6,6,7,7,7,7,6,6,6,6,6,6,6,6,6,6,6,6,6,6,6,6,6,6,1,1,1,1,1,1,0,0,0,0,,,,,,,,,,,,,,,,,,,,,,,,,,,,,,,,,,,,,,,,,,,,,,,,
15100,2000,15339,15104,,0,67,67,70,70,49,49,53,53,62,62,67,67,186,186,910,910,1134,1134,1023,1023,977,977,900,900,812,812,861,861,864,864,851,851,886,886,939,939,854,854,524,524,336,336,227,227,165,165,84,84,,,,,,,,,,,,,,,,,,,,,,,,,,,,,,,,,,,,,,,,,,,,,,,,
15101,2000,15339,15321,,0,67,67,70,70,49,49,53,53,62,62,67,67,186,186,910,910,1134,1134,1023,1023,977,977,900,900,812,812,861,861,864,864,851,851,886,886,939,939,854,854,524,524,336,336,227,227,165,165,84,84,,,,,,,,,,,,,,,,,,,,,,,,,,,,,,,,,,,,,,,,,,,,,,,,
15102,300,,15351,15103,1,0,0,0,0,0,0,0,0,0,0,0,0,0,0,1,1,1,1,1,1,1,1,1,1,1,1,1,1,1,1,1,1,1,1,1,1,1,1,0,0,0,0,0,0,0,0,0,0,,,,,,,,,,,,,,,,,,,,,,,,,,,,,,,,,,,,,,,,,,,,,,,,
15103,1200,15126,15110,15336;15102,2,0,0,0,0,0,0,0,0,0,0,0,0,0,0,1,1,1,1,1,1,1,1,1,1,1,1,1,1,1,1,1,1,1,1,1,1,1,1,1,1,0,0,0,0,0,0,0,0,,,,,,,,,,,,,,,,,,,,,,,,,,,,,,,,,,,,,,,,,,,,,,,,
15104,2000,15100,15114,15099;15109,2,67,67,70,70,49,49,53,53,62,62,67,67,186,186,910,910,1134,1134,1023,1023,977,977,900,900,812,812,861,861,864,864,851,851,886,886,939,939,854,854,524,524,336,336,227,227,165,165,84,84,,,,,,,,,,,,,,,,,,,,,,,,,,,,,,,,,,,,,,,,,,,,,,,,
15105,300,15347,15351,,0,0,0,0,0,0,0,0,0,0,0,0,0,0,0,2,2,2,2,2,2,2,2,2,2,2,2,2,2,2,2,2,2,2,2,2,2,2,2,1,1,0,0,0,0,0,0,0,0,,,,,,,,,,,,,,,,,,,,,,,,,,,,,,,,,,,,,,,,,,,,,,,,
15106,1200,15311,15313,,0,0,0,0,0,0,0,0,0,0,0,0,0,0,0,3,3,3,3,3,3,3,3,3,3,2,2,2,2,3,3,3,3,3,3,3,3,3,3,1,1,1,1,0,0,0,0,0,0,,,,,,,,,,,,,,,,,,,,,,,,,,,,,,,,,,,,,,,,,,,,,,,,
15107,4400,15307,,,0,44,44,45,45,32,32,34,34,40,40,44,44,122,122,967,967,1118,1118,1048,1048,1018,1018,940,940,881,881,886,886,916,916,935,935,947,947,1007,1007,945,945,387,387,243,243,159,159,116,116,62,62,,,,,,,,,,,,,,,,,,,,,,,,,,,,,,,,,,,,,,,,,,,,,,,,
15108,300,15349,15353,,0,0,0,0,0,0,0,0,0,0,0,0,0,0,0,2,2,2,2,2,2,2,2,2,2,2,2,2,2,2,2,2,2,2,2,2,2,2,2,1,1,1,1,0,0,0,0,0,0,,,,,,,,,,,,,,,,,,,,,,,,,,,,,,,,,,,,,,,,,,,,,,,,
15109,2500,15104,15115,,0,67,67,70,70,49,49,53,53,62,62,67,67,186,186,910,910,1134,1134,1023,1023,977,977,900,900,812,812,861,861,864,864,851,851,886,886,939,939,854,854,524,524,336,336,227,227,165,165,84,84,,,,,,,,,,,,,,,,,,,,,,,,,,,,,,,,,,,,,,,,,,,,,,,,
15110,1200,15103,15115,,0,0,0,0,0,0,0,0,0,0,0,0,0,0,0,1,1,1,1,1,1,1,1,1,1,1,1,1,1,1,1,1,1,1,1,1,1,1,1,1,1,0,0,0,0,0,0,0,0,,,,,,,,,,,,,,,,,,,,,,,,,,,,,,,,,,,,,,,,,,,,,,,,
15111,3000,15307,16384,,0,0,0,0,0,0,0,0,0,0,0,0,0,0,0,1156,1156,1275,1275,1184,1184,1063,1063,1121,1121,1033,1033,1056,1056,1105,1105,1218,1218,1250,1250,1308,1308,1226,1226,0,0,0,0,0,0,0,0,0,0,,,,,,,,,,,,,,,,,,,,,,,,,,,,,,,,,,,,,,,,,,,,,,,,
15112,1600,15333,15335,,0,33,33,31,31,22,22,23,23,26,26,31,31,88,88,1055,1055,1119,1119,1058,1058,1080,1080,966,966,980,980,861,861,1008,1008,1021,1021,988,988,1080,1080,1096,1096,421,421,249,249,150,150,110,110,68,68,,,,,,,,,,,,,,,,,,,,,,,,,,,,,,,,,,,,,,,,,,,,,,,,
15113,3000,15307,15309,,0,67,67,70,70,49,49,53,53,62,62,67,67,186,186,910,910,1134,1134,1023,1023,977,977,900,900,812,812,861,861,864,864,851,851,886,886,939,939,854,854,524,524,336,336,227,227,165,165,84,84,,,,,,,,,,,,,,,,,,,,,,,,,,,,,,,,,,,,,,,,,,,,,,,,
15114,2500,15104,15270,,0,67,67,70,70,49,49,53,53,62,62,67,67,186,186,910,910,1134,1134,1023,1023,977,977,900,900,812,812,861,861,864,864,851,851,886,886,939,939,854,854,524,524,336,336,227,227,165,165,84,84,,,,,,,,,,,,,,,,,,,,,,,,,,,,,,,,,,,,,,,,,,,,,,,,
15115,1600,15140,15110,15109;15124,2,0,0,0,0,0,0,0,0,0,0,0,0,0,0,2,2,2,2,2,2,2,2,2,2,2,2,2,2,2,2,2,2,2,2,2,2,2,2,1,1,1,1,0,0,0,0,0,0,,,,,,,,,,,,,,,,,,,,,,,,,,,,,,,,,,,,,,,,,,,,,,,,
15116,300,15118,15345,,0,0,0,0,0,0,0,0,0,0,0,0,0,0,0,2,2,2,2,2,2,2,2,2,2,2,2,2,2,2,2,2,2,2,2,2,2,2,2,1,1,1,1,0,0,0,0,0,0,,,,,,,,,,,,,,,,,,,,,,,,,,,,,,,,,,,,,,,,,,,,,,,,
15117,600,15118,15349,,0,33,33,31,31,22,22,23,23,26,26,31,31,88,88,1055,1055,1119,1119,1058,1058,1080,1080,966,966,980,980,861,861,1008,1008,1021,1021,988,988,1080,1080,1096,1096,421,421,249,249,150,150,110,110,68,68,,,,,,,,,,,,,,,,,,,,,,,,,,,,,,,,,,,,,,,,,,,,,,,,
15118,300,15120,15116,15117;15123,2,0,0,0,0,0,0,0,0,0,0,0,0,0,0,2,2,3,3,3,3,2,2,2,2,2,2,2,2,2,2,2,2,2,2,2,2,2,2,1,1,1,1,0,0,0,0,0,0,,,,,,,,,,,,,,,,,,,,,,,,,,,,,,,,,,,,,,,,,,,,,,,,
15119,1200,15309,15312,15308,1,0,0,0,0,0,0,0,0,0,0,0,0,0,0,2,2,3,3,2,2,2,2,2,2,2,2,2,2,2,2,2,2,2,2,2,2,2,2,1,1,1,1,0,0,0,0,0,0,,,,,,,,,,,,,,,,,,,,,,,,,,,,,,,,,,,,,,,,,,,,,,,,
15120,300,15302,15118,,0,0,0,0,0,0,0,0,0,0,0,0,0,0,0,3,3,3,3,3,3,3,3,3,3,3,3,3,3,3,3,3,3,3,3,3,3,3,3,1,1,1,1,1,1,0,0,0,0,,,,,,,,,,,,,,,,,,,,,,,,,,,,,,,,,,,,,,,,,,,,,,,,
15121,4400,,15375,,0,54,54,54,54,38,38,41,41,48,48,53,53,149,149,1126,1126,1279,1279,1185,1185,1176,1176,1064,1064,1030,1030,978,978,1073,1073,1075,1075,1072,1072,1157,1157,1124,1124,530,530,326,326,208,208,152,152,86,86,,,,,,,,,,,,,,,,,,,,,,,,,,,,,,,,,,,,,,,,,,,,,,,,
15122,600,15343,15125,,0,0,0,0,0,0,0,0,0,0,0,0,0,0,0,1,1,2,2,2,2,1,1,1,1,1,1,1,1,1,1,1,1,1,1,1,1,1,1,1,1,0,0,0,0,0,0,0,0,,,,,,,,,,,,,,,,,,,,,,,,,,,,,,,,,,,,,,,,,,,,,,,,
15123,600,15125,15118,,0,0,0,0,0,0,0,0,0,0,0,0,0,0,0,2,2,2,2,2,2,2,2,2,2,2,2,2,2,2,2,2,2,2,2,2,2,2,2,1,1,1,1,0,0,0,0,0,0,,,,,,,,,,,,,,,,,,,,,,,,,,,,,,,,,,,,,,,,,,,,,,,,
15124,2500,15115,15128,,0,67,67,70,70,49,49,53,53,62,62,67,67,186,186,910,910,1134,1134,1023,1023,977,977,900,900,812,812,861,861,864,864,851,851,886,886,939,939,854,854,524,524,336,336,227,227,165,165,84,84,,,,,,,,,,,,,,,,,,,,,,,,,,,,,,,,,,,,,,,,,,,,,,,,
15125,300,15135,15122,15123;15137,2,0,0,0,0,0,0,0,0,0,0,0,0,0,0,1,1,2,2,1,1,1,1,1,1,1,1,1,1,1,1,1,1,1,1,1,1,1,1,1,1,0,0,0,0,0,0,0,0,,,,,,,,,,,,,,,,,,,,,,,,,,,,,,,,,,,,,,,,,,,,,,,,
15126,3850,15103,15128,,0,67,67,70,70,49,49,53,53,62,62,67,67,186,186,910,910,1134,1134,1023,1023,977,977,900,900,812,812,861,861,864,864,851,851,886,886,939,939,854,854,524,524,336,336,227,227,165,165,84,84,,,,,,,,,,,,,,,,,,,,,,,,,,,,,,,,,,,,,,,,,,,,,,,,
15127,4400,,15377,,0,54,54,54,54,38,38,41,41,48,48,53,53,149,149,1126,1126,1279,1279,1185,1185,1176,1176,1064,1064,1030,1030,978,978,1073,1073,1075,1075,1072,1072,1157,1157,1124,1124,530,530,326,326,208,208,152,152,86,86,,,,,,,,,,,,,,,,,,,,,,,,,,,,,,,,,,,,,,,,,,,,,,,,
15128,1100,15126,15151,15124;15132,2,67,67,70,70,49,49,53,53,62,62,67,67,186,186,910,910,1134,1134,1023,1023,977,977,900,900,812,812,861,861,864,864,851,851,886,886,939,939,854,854,524,524,336,336,227,227,165,165,84,84,,,,,,,,,,,,,,,,,,,,,,,,,,,,,,,,,,,,,,,,,,,,,,,,
15129,4000,15131,15219,15310;15308;15217,3,67,67,70,70,49,49,53,53,62,62,67,67,186,186,910,910,1134,1134,1023,1023,977,977,900,900,812,812,861,861,864,864,851,851,886,886,939,939,854,854,524,524,336,336,227,227,165,165,84,84,,,,,,,,,,,,,,,,,,,,,,,,,,,,,,,,,,,,,,,,,,,,,,,,
15130,800,15353,15365,,0,0,0,0,0,0,0,0,0,0,0,0,0,0,0,4,4,4,4,4,4,4,4,3,3,3,3,3,3,3,3,3,3,3,3,4,4,4,4,2,2,1,1,1,1,0,0,0,0,,,,,,,,,,,,,,,,,,,,,,,,,,,,,,,,,,,,,,,,,,,,,,,,
15131,1600,15217,15268,15129,1,0,0,0,0,0,0,0,0,0,0,0,0,0,0,1,1,1,1,1,1,1,1,1,1,1,1,1,1,1,1,1,1,1,1,1,1,1,1,0,0,0,0,0,0,0,0,0,0,,,,,,,,,,,,,,,,,,,,,,,,,,,,,,,,,,,,,,,,,,,,,,,,
15132,1000,15128,15133,,0,67,67,70,70,49,49,53,53,62,62,67,67,186,186,910,910,1134,1134,1023,1023,977,977,900,900,812,812,861,861,864,864,851,851,886,886,939,939,854,854,524,524,336,336,227,227,165,165,84,84,,,,,,,,,,,,,,,,,,,,,,,,,,,,,,,,,,,,,,,,,,,,,,,,
15133,300,15340,15265,15132;15148,2,0,0,0,0,0,0,0,0,0,0,0,0,0,0,3,3,3,3,3,3,3,3,3,3,3,3,3,3,3,3,3,3,3,3,3,3,3,3,1,1,1,1,1,1,0,0,0,0,,,,,,,,,,,,,,,,,,,,,,,,,,,,,,,,,,,,,,,,,,,,,,,,
15134,300,15139,15341,,0,0,0,0,0,0,0,0,0,0,0,0,0,0,0,1,1,2,2,2,2,1,1,1,1,1,1,1,1,1,1,1,1,1,1,1,1,1,1,1,1,0,0,0,0,0,0,0,0,,,,,,,,,,,,,,,,,,,,,,,,,,,,,,,,,,,,,,,,,,,,,,,,
15135,300,15125,15141,,0,0,0,0,0,0,0,0,0,0,0,0,0,0,0,2,2,2,2,2,2,2,2,2,2,2,2,2,2,2,2,2,2,2,2,2,2,2,2,1,1,1,1,0,0,0,0,0,0,,,,,,,,,,,,,,,,,,,,,,,,,,,,,,,,,,,,,,,,,,,,,,,,
15136,1200,15298,15300,,0,0,0,0,0,0,0,0,0,0,0,0,0,0,0,4,4,4,4,4,4,4,4,3,3,3,3,3,3,3,3,3,3,3,3,4,4,4,4,2,2,1,1,1,1,0,0,0,0,,,,,,,,,,,,,,,,,,,,,,,,,,,,,,,,,,,,,,,,,,,,,,,,
15137,600,15125,15139,,0,0,0,0,0,0,0,0,0,0,0,0,0,0,0,1,1,1,1,1,1,1,1,1,1,1,1,1,1,1,1,1,1,1,1,1,1,1,1,0,0,0,0,0,0,0,0,0,0,,,,,,,,,,,,,,,,,,,,,,,,,,,,,,,,,,,,,,,,,,,,,,,,
15138,800,15306,15363,,0,0,0,0,0,0,0,0,0,0,0,0,0,0,0,2,2,3,3,2,2,2,2,2,2,2,2,2,2,2,2,2,2,2,2,2,2,2,2,1,1,1,1,0,0,0,0,0,0,,,,,,,,,,,,,,,,,,,,,,,,,,,,,,,,,,,,,,,,,,,,,,,,
15139,300,15145,15134,15137;15144,2,0,0,0,0,0,0,0,0,0,0,0,0,0,0,1,1,2,2,2,2,1,1,1,1,1,1,1,1,1,1,1,1,1,1,1,1,1,1,1,1,0,0,0,0,0,0,0,0,,,,,,,,,,,,,,,,,,,,,,,,,,,,,,,,,,,,,,,,,,,,,,,,
15140,1600,15272,15115,,0,0,0,0,0,0,0,0,0,0,0,0,0,0,0,2,2,2,2,2,2,2,2,2,2,1,1,1,1,2,2,2,2,2,2,2,2,2,2,1,1,0,0,0,0,0,0,0,0,,,,,,,,,,,,,,,,,,,,,,,,,,,,,,,,,,,,,,,,,,,,,,,,
15141,300,15135,15201,15299;15146,2,0,0,0,0,0,0,0,0,0,0,0,0,0,0,2,2,3,3,2,2,2,2,2,2,2,2,2,2,2,2,2,2,2,2,2,2,2,2,1,1,1,1,0,0,0,0,0,0,,,,,,,,,,,,,,,,,,,,,,,,,,,,,,,,,,,,,,,,,,,,,,,,
15142,2000,15270,15315,,0,67,67,70,70,49,49,53,53,62,62,67,67,186,186,910,910,1134,1134,1023,1023,977,977,900,900,812,812,861,861,864,864,851,851,886,886,939,939,854,854,524,524,336,336,227,227,165,165,84,84,,,,,,,,,,,,,,,,,,,,,,,,,,,,,,,,,,,,,,,,,,,,,,,,
15143,1200,15150,15271,15267;15153;15178,3,33,33,31,31,22,22,23,23,26,26,31,31,88,88,1055,1055,1119,1119,1058,1058,1080,1080,966,966,980,980,861,861,1008,1008,1021,1021,988,988,1080,1080,1096,1096,421,421,249,249,150,150,110,110,68,68,,,,,,,,,,,,,,,,,,,,,,,,,,,,,,,,,,,,,,,,,,,,,,,,
15144,600,15139,15152,,0,0,0,0,0,0,0,0,0,0,0,0,0,0,0,2,2,2,2,2,2,2,2,2,2,2,2,2,2,2,2,2,2,2,2,2,2,2,2,1,1,1,1,0,0,0,0,0,0,,,,,,,,,,,,,,,,,,,,,,,,,,,,,,,,,,,,,,,,,,,,,,,,
15145,300,15139,15147,,0,0,0,0,0,0,0,0,0,0,0,0,0,0,0,1,1,2,2,2,2,1,1,1,1,1,1,1,1,1,1,1,1,1,1,1,1,1,1,1,1,0,0,0,0,0,0,0,0,,,,,,,,,,,,,,,,,,,,,,,,,,,,,,,,,,,,,,,,,,,,,,,,
15146,800,15141,15147,,0,33,33,31,31,22,22,23,23,26,26,31,31,88,88,1055,1055,1119,1119,1058,1058,1080,1080,966,966,980,980,861,861,1008,1008,1021,1021,988,988,1080,1080,1096,1096,421,421,249,249,150,150,110,110,68,68,,,,,,,,,,,,,,,,,,,,,,,,,,,,,,,,,,,,,,,,,,,,,,,,
15147,300,15145,15184,15146;15156,2,0,0,0,0,0,0,0,0,0,0,0,0,0,0,1,1,1,1,1,1,1,1,1,1,1,1,1,1,1,1,1,1,1,1,1,1,1,1,1,1,0,0,0,0,0,0,0,0,,,,,,,,,,,,,,,,,,,,,,,,,,,,,,,,,,,,,,,,,,,,,,,,
15148,2500,15133,15152,,0,67,67,70,70,49,49,53,53,62,62,67,67,186,186,910,910,1134,1134,1023,1023,977,977,900,900,812,812,861,861,864,864,851,851,886,886,939,939,854,854,524,524,336,336,227,227,165,165,84,84,,,,,,,,,,,,,,,,,,,,,,,,,,,,,,,,,,,,,,,,,,,,,,,,
15149,1200,15304,15298,,0,0,0,0,0,0,0,0,0,0,0,0,0,0,0,3,3,4,4,4,4,4,4,3,3,3,3,3,3,3,3,3,3,3,3,3,3,3,3,2,2,1,1,1,1,0,0,0,0,,,,,,,,,,,,,,,,,,,,,,,,,,,,,,,,,,,,,,,,,,,,,,,,
15150,1650,15226,15143,15182,1,67,67,70,70,49,49,53,53,62,62,67,67,186,186,910,910,1134,1134,1023,1023,977,977,900,900,812,812,861,861,864,864,851,851,886,886,939,939,854,854,524,524,336,336,227,227,165,165,84,84,,,,,,,,,,,,,,,,,,,,,,,,,,,,,,,,,,,,,,,,,,,,,,,,
15151,4400,15128,15272,,0,67,67,70,70,49,49,53,53,62,62,67,67,186,186,910,910,1134,1134,1023,1023,977,977,900,900,812,812,861,861,864,864,851,851,886,886,939,939,854,854,524,524,336,336,227,227,165,165,84,84,,,,,,,,,,,,,,,,,,,,,,,,,,,,,,,,,,,,,,,,,,,,,,,,
15152,300,15144,15158,15148;15161,2,0,0,0,0,0,0,0,0,0,0,0,0,0,0,2,2,3,3,3,3,3,3,2,2,2,2,2,2,2,2,2,2,2,2,3,3,2,2,1,1,1,1,0,0,0,0,0,0,,,,,,,,,,,,,,,,,,,,,,,,,,,,,,,,,,,,,,,,,,,,,,,,
15153,3000,15157,15143,,0,67,67,70,70,49,49,53,53,62,62,67,67,186,186,910,910,1134,1134,1023,1023,977,977,900,900,812,812,861,861,864,864,851,851,886,886,939,939,854,854,524,524,336,336,227,227,165,165,84,84,,,,,,,,,,,,,,,,,,,,,,,,,,,,,,,,,,,,,,,,,,,,,,,,
15154,300,15264,15266,,0,0,0,0,0,0,0,0,0,0,0,0,0,0,0,1,1,1,1,1,1,1,1,1,1,1,1,1,1,1,1,1,1,1,1,1,1,1,1,1,1,0,0,0,0,0,0,0,0,,,,,,,,,,,,,,,,,,,,,,,,,,,,,,,,,,,,,,,,,,,,,,,,
15155,300,15266,15159,,0,0,0,0,0,0,0,0,0,0,0,0,0,0,0,2,2,2,2,2,2,2,2,2,2,1,1,1,1,2,2,2,2,2,2,2,2,2,2,1,1,0,0,0,0,0,0,0,0,,,,,,,,,,,,,,,,,,,,,,,,,,,,,,,,,,,,,,,,,,,,,,,,
15156,800,15147,15163,,0,0,0,0,0,0,0,0,0,0,0,0,0,0,0,2,2,2,2,2,2,2,2,2,2,2,2,1,1,2,2,2,2,2,2,2,2,2,2,1,1,0,0,0,0,0,0,0,0,,,,,,,,,,,,,,,,,,,,,,,,,,,,,,,,,,,,,,,,,,,,,,,,
15157,500,15175,15153,15261;15167,2,67,67,70,70,49,49,53,53,62,62,67,67,186,186,910,910,1134,1134,1023,1023,977,977,900,900,812,812,861,861,864,864,851,851,886,886,939,939,854,854,524,524,336,336,227,227,165,165,84,84,,,,,,,,,,,,,,,,,,,,,,,,,,,,,,,,,,,,,,,,,,,,,,,,
15158,300,15159,15152,,0,0,0,0,0,0,0,0,0,0,0,0,0,0,0,2,2,2,2,2,2,2,2,2,2,2,2,2,2,2,2,2,2,2,2,2,2,2,2,1,1,1,1,0,0,0,0,0,0,,,,,,,,,,,,,,,,,,,,,,,,,,,,,,,,,,,,,,,,,,,,,,,,
15159,300,15155,15169,15158;15165,2,0,0,0,0,0,0,0,0,0,0,0,0,0,0,1,1,2,2,2,2,2,2,1,1,1,1,1,1,1,1,1,1,1,1,2,2,1,1,1,1,0,0,0,0,0,0,0,0,,,,,,,,,,,,,,,,,,,,,,,,,,,,,,,,,,,,,,,,,,,,,,,,
15160,1200,,15226,,0,0,0,0,0,0,0,0,0,0,0,0,0,0,0,1,1,1,1,1,1,1,1,0,0,0,0,0,0,0,0,0,0,0,0,1,1,1,1,0,0,0,0,0,0,0,0,0,0,,,,,,,,,,,,,,,,,,,,,,,,,,,,,,,,,,,,,,,,,,,,,,,,
15161,2500,15152,15163,,0,67,67,70,70,49,49,53,53,62,62,67,67,186,186,910,910,1134,1134,1023,1023,977,977,900,900,812,812,861,861,864,864,851,851,886,886,939,939,854,854,524,524,336,336,227,227,165,165,84,84,,,,,,,,,,,,,,,,,,,,,,,,,,,,,,,,,,,,,,,,,,,,,,,,
15162,2500,,15292,,0,54,54,54,54,38,38,41,41,48,48,53,53,149,149,1126,1126,1279,1279,1185,1185,1176,1176,1064,1064,1030,1030,978,978,1073,1073,1075,1075,1072,1072,1157,1157,1124,1124,530,530,326,326,208,208,152,152,86,86,,,,,,,,,,,,,,,,,,,,,,,,,,,,,,,,,,,,,,,,,,,,,,,,
15163,1200,15156,15170,15161;15203,2,0,0,0,0,0,0,0,0,0,0,0,0,0,0,2,2,3,3,3,3,3,3,2,2,2,2,2,2,2,2,2,2,2,2,3,3,2,2,1,1,1,1,0,0,0,0,0,0,,,,,,,,,,,,,,,,,,,,,,,,,,,,,,,,,,,,,,,,,,,,,,,,
15164,600,15166,15264,,0,0,0,0,0,0,0,0,0,0,0,0,0,0,0,1,1,1,1,1,1,1,1,1,1,1,1,1,1,1,1,1,1,1,1,1,1,1,1,0,0,0,0,0,0,0,0,0,0,,,,,,,,,,,,,,,,,,,,,,,,,,,,,,,,,,,,,,,,,,,,,,,,
15165,300,15166,15159,,0,0,0,0,0,0,0,0,0,0,0,0,0,0,0,1,1,1,1,1,1,1,1,1,1,1,1,1,1,1,1,1,1,1,1,1,1,1,1,0,0,0,0,0,0,0,0,0,0,,,,,,,,,,,,,,,,,,,,,,,,,,,,,,,,,,,,,,,,,,,,,,,,
15166,300,15165,15173,15164;15179,2,0,0,0,0,0,0,0,0,0,0,0,0,0,0,1,1,1,1,1,1,1,1,1,1,1,1,1,1,1,1,1,1,1,1,1,1,1,1,0,0,0,0,0,0,0,0,0,0,,,,,,,,,,,,,,,,,,,,,,,,,,,,,,,,,,,,,,,,,,,,,,,,
15167,800,15258,15157,,0,0,0,0,0,0,0,0,0,0,0,0,0,0,0,2,2,2,2,2,2,2,2,2,2,2,2,2,2,2,2,2,2,2,2,2,2,2,2,1,1,1,1,0,0,0,0,0,0,,,,,,,,,,,,,,,,,,,,,,,,,,,,,,,,,,,,,,,,,,,,,,,,
15168,300,15294,15284,,0,0,0,0,0,0,0,0,0,0,0,0,0,0,0,3,3,3,3,3,3,3,3,3,3,3,3,3,3,3,3,3,3,3,3,3,3,3,3,1,1,1,1,1,1,0,0,0,0,,,,,,,,,,,,,,,,,,,,,,,,,,,,,,,,,,,,,,,,,,,,,,,,
15169,300,15159,15171,,0,0,0,0,0,0,0,0,0,0,0,0,0,0,0,1,1,2,2,2,2,1,1,1,1,1,1,1,1,1,1,1,1,1,1,1,1,1,1,1,1,0,0,0,0,0,0,0,0,,,,,,,,,,,,,,,,,,,,,,,,,,,,,,,,,,,,,,,,,,,,,,,,
15170,800,15171,15163,,0,0,0,0,0,0,0,0,0,0,0,0,0,0,0,909,909,1002,1002,931,931,835,835,881,881,812,812,829,829,868,868,957,957,982,982,1027,1027,964,964,0,0,0,0,0,0,0,0,0,0,,,,,,,,,,,,,,,,,,,,,,,,,,,,,,,,,,,,,,,,,,,,,,,,
15171,400,15209,15169,15170;15183,2,0,0,0,0,0,0,0,0,0,0,0,0,0,0,1,1,2,2,1,1,1,1,1,1,1,1,1,1,1,1,1,1,1,1,1,1,1,1,1,1,0,0,0,0,0,0,0,0,,,,,,,,,,,,,,,,,,,,,,,,,,,,,,,,,,,,,,,,,,,,,,,,
15172,300,15174,15262,,0,0,0,0,0,0,0,0,0,0,0,0,0,0,0,2,2,2,2,2,2,2,2,2,2,2,2,2,2,2,2,2,2,2,2,2,2,2,2,1,1,1,1,0,0,0,0,0,0,,,,,,,,,,,,,,,,,,,,,,,,,,,,,,,,,,,,,,,,,,,,,,,,
15173,300,15166,15174,,0,0,0,0,0,0,0,0,0,0,0,0,0,0,0,1,1,1,1,1,1,1,1,1,1,1,1,1,1,1,1,1,1,1,1,1,1,1,1,0,0,0,0,0,0,0,0,0,0,,,,,,,,,,,,,,,,,,,,,,,,,,,,,,,,,,,,,,,,,,,,,,,,
15174,300,15172,15187,15173;15176,2,0,0,0,0,0,0,0,0,0,0,0,0,0,0,1,1,1,1,1,1,1,1,1,1,1,1,1,1,1,1,1,1,1,1,1,1,1,1,1,1,0,0,0,0,0,0,0,0,,,,,,,,,,,,,,,,,,,,,,,,,,,,,,,,,,,,,,,,,,,,,,,,
15175,300,15157,15177,,0,0,0,0,0,0,0,0,0,0,0,0,0,0,0,2,2,3,3,2,2,2,2,2,2,2,2,2,2,2,2,2,2,2,2,2,2,2,2,1,1,1,1,0,0,0,0,0,0,,,,,,,,,,,,,,,,,,,,,,,,,,,,,,,,,,,,,,,,,,,,,,,,
15176,300,15174,15177,,0,0,0,0,0,0,0,0,0,0,0,0,0,0,0,1,1,2,2,2,2,2,2,1,1,1,1,1,1,1,1,1,1,1,1,2,2,1,1,1,1,0,0,0,0,0,0,0,0,,,,,,,,,,,,,,,,,,,,,,,,,,,,,,,,,,,,,,,,,,,,,,,,
15177,300,15192,15175,15176;15180,2,0,0,0,0,0,0,0,0,0,0,0,0,0,0,1,1,2,2,2,2,2,2,1,1,1,1,1,1,1,1,1,1,1,1,2,2,1,1,1,1,0,0,0,0,0,0,0,0,,,,,,,,,,,,,,,,,,,,,,,,,,,,,,,,,,,,,,,,,,,,,,,,
15178,600,15258,15143,,0,0,0,0,0,0,0,0,0,0,0,0,0,0,0,1,1,2,2,1,1,1,1,1,1,1,1,1,1,1,1,1,1,1,1,1,1,1,1,1,1,0,0,0,0,0,0,0,0,,,,,,,,,,,,,,,,,,,,,,,,,,,,,,,,,,,,,,,,,,,,,,,,
15179,600,15166,15185,,0,0,0,0,0,0,0,0,0,0,0,0,0,0,0,1,1,1,1,1,1,1,1,1,1,1,1,1,1,1,1,1,1,1,1,1,1,1,1,0,0,0,0,0,0,0,0,0,0,,,,,,,,,,,,,,,,,,,,,,,,,,,,,,,,,,,,,,,,,,,,,,,,
15180,300,15181,15177,,0,0,0,0,0,0,0,0,0,0,0,0,0,0,0,1,1,1,1,1,1,1,1,1,1,1,1,1,1,1,1,1,1,1,1,1,1,1,1,0,0,0,0,0,0,0,0,0,0,,,,,,,,,,,,,,,,,,,,,,,,,,,,,,,,,,,,,,,,,,,,,,,,
15181,300,15193,15182,15257;15180,2,0,0,0,0,0,0,0,0,0,0,0,0,0,0,1,1,1,1,1,1,1,1,1,1,1,1,1,1,1,1,1,1,1,1,1,1,1,1,1,1,0,0,0,0,0,0,0,0,,,,,,,,,,,,,,,,,,,,,,,,,,,,,,,,,,,,,,,,,,,,,,,,
15182,4000,15150,15181,15186,1,67,67,70,70,49,49,53,53,62,62,67,67,186,186,910,910,1134,1134,1023,1023,977,977,900,900,812,812,861,861,864,864,851,851,886,886,939,939,854,854,524,524,336,336,227,227,165,165,84,84,,,,,,,,,,,,,,,,,,,,,,,,,,,,,,,,,,,,,,,,,,,,,,,,
15183,600,15185,15171,,0,0,0,0,0,0,0,0,0,0,0,0,0,0,0,1,1,1,1,1,1,1,1,1,1,1,1,1,1,1,1,1,1,1,1,1,1,1,1,0,0,0,0,0,0,0,0,0,0,,,,,,,,,,,,,,,,,,,,,,,,,,,,,,,,,,,,,,,,,,,,,,,,
15184,600,15147,15284,,0,0,0,0,0,0,0,0,0,0,0,0,0,0,0,2,2,2,2,2,2,2,2,2,2,2,2,2,2,2,2,2,2,2,2,2,2,2,2,1,1,0,0,0,0,0,0,0,0,,,,,,,,,,,,,,,,,,,,,,,,,,,,,,,,,,,,,,,,,,,,,,,,
15185,400,15259,15179,15183;15190,2,0,0,0,0,0,0,0,0,0,0,0,0,0,0,1,1,1,1,1,1,1,1,1,1,1,1,1,1,1,1,1,1,1,1,1,1,1,1,0,0,0,0,0,0,0,0,0,0,,,,,,,,,,,,,,,,,,,,,,,,,,,,,,,,,,,,,,,,,,,,,,,,
15186,300,15189,15182,,0,0,0,0,0,0,0,0,0,0,0,0,0,0,0,2,2,2,2,2,2,2,2,2,2,2,2,2,2,2,2,2,2,2,2,2,2,2,2,1,1,1,1,0,0,0,0,0,0,,,,,,,,,,,,,,,,,,,,,,,,,,,,,,,,,,,,,,,,,,,,,,,,
15187,300,15174,15191,,0,0,0,0,0,0,0,0,0,0,0,0,0,0,0,1,1,1,1,1,1,1,1,1,1,1,1,1,1,1,1,1,1,1,1,1,1,1,1,0,0,0,0,0,0,0,0,0,0,,,,,,,,,,,,,,,,,,,,,,,,,,,,,,,,,,,,,,,,,,,,,,,,
15188,1200,15286,15282,,0,53,53,55,55,38,38,42,42,48,48,53,53,146,146,715,715,891,891,804,804,768,768,707,707,638,638,676,676,679,679,669,669,696,696,738,738,671,671,411,411,264,264,178,178,130,130,66,66,,,,,,,,,,,,,,,,,,,,,,,,,,,,,,,,,,,,,,,,,,,,,,,,
15189,300,15226,15186,15196;15200,2,0,0,0,0,0,0,0,0,0,0,0,0,0,0,2,2,3,3,2,2,2,2,2,2,2,2,2,2,2,2,2,2,2,2,2,2,2,2,1,1,1,1,0,0,0,0,0,0,,,,,,,,,,,,,,,,,,,,,,,,,,,,,,,,,,,,,,,,,,,,,,,,
15190,600,15185,15191,,0,0,0,0,0,0,0,0,0,0,0,0,0,0,0,1,1,1,1,1,1,1,1,1,1,0,0,0,0,1,1,1,1,1,1,1,1,1,1,0,0,0,0,0,0,0,0,0,0,,,,,,,,,,,,,,,,,,,,,,,,,,,,,,,,,,,,,,,,,,,,,,,,
15191,300,15187,15206,15190;15194,2,0,0,0,0,0,0,0,0,0,0,0,0,0,0,1,1,1,1,1,1,1,1,1,1,1,1,1,1,1,1,1,1,1,1,1,1,1,1,0,0,0,0,0,0,0,0,0,0,,,,,,,,,,,,,,,,,,,,,,,,,,,,,,,,,,,,,,,,,,,,,,,,
15192,300,15177,15195,,0,0,0,0,0,0,0,0,0,0,0,0,0,0,0,1,1,1,1,1,1,1,1,1,1,1,1,1,1,1,1,1,1,1,1,1,1,1,1,0,0,0,0,0,0,0,0,0,0,,,,,,,,,,,,,,,,,,,,,,,,,,,,,,,,,,,,,,,,,,,,,,,,
15193,300,15181,15197,,0,0,0,0,0,0,0,0,0,0,0,0,0,0,0,1,1,1,1,1,1,1,1,1,1,1,1,1,1,1,1,1,1,1,1,1,1,1,1,0,0,0,0,0,0,0,0,0,0,,,,,,,,,,,,,,,,,,,,,,,,,,,,,,,,,,,,,,,,,,,,,,,,
15194,300,15191,15195,,0,0,0,0,0,0,0,0,0,0,0,0,0,0,0,1,1,1,1,1,1,1,1,1,1,1,1,1,1,1,1,1,1,1,1,1,1,1,1,0,0,0,0,0,0,0,0,0,0,,,,,,,,,,,,,,,,,,,,,,,,,,,,,,,,,,,,,,,,,,,,,,,,
15195,300,15255,15192,15194;15198,2,0,0,0,0,0,0,0,0,0,0,0,0,0,0,1,1,1,1,1,1,1,1,1,1,1,1,1,1,1,1,1,1,1,1,1,1,1,1,0,0,0,0,0,0,0,0,0,0,,,,,,,,,,,,,,,,,,,,,,,,,,,,,,,,,,,,,,,,,,,,,,,,
15196,800,15189,15250,,0,0,0,0,0,0,0,0,0,0,0,0,0,0,0,2,2,3,3,2,2,2,2,2,2,2,2,2,2,2,2,2,2,2,2,2,2,2,2,1,1,1,1,0,0,0,0,0,0,,,,,,,,,,,,,,,,,,,,,,,,,,,,,,,,,,,,,,,,,,,,,,,,
15197,300,15251,15193,15198;15249,2,0,0,0,0,0,0,0,0,0,0,0,0,0,0,1,1,1,1,1,1,1,1,1,1,1,1,1,1,1,1,1,1,1,1,1,1,1,1,0,0,0,0,0,0,0,0,0,0,,,,,,,,,,,,,,,,,,,,,,,,,,,,,,,,,,,,,,,,,,,,,,,,
15198,600,15197,15195,,0,0,0,0,0,0,0,0,0,0,0,0,0,0,0,1,1,1,1,1,1,1,1,1,1,1,1,1,1,1,1,1,1,1,1,1,1,1,1,0,0,0,0,0,0,0,0,0,0,,,,,,,,,,,,,,,,,,,,,,,,,,,,,,,,,,,,,,,,,,,,,,,,
15199,800,,,,0,0,0,0,0,0,0,0,0,0,0,0,0,0,0,2,2,2,2,2,2,2,2,2,2,1,1,1,1,2,2,2,2,2,2,2,2,2,2,1,1,0,0,0,0,0,0,0,0,,,,,,,,,,,,,,,,,,,,,,,,,,,,,,,,,,,,,,,,,,,,,,,,
152,1500,145,157,,0,27,27,28,28,20,20,21,21,25,25,27,27,74,74,1049,1049,1182,1182,1170,1170,1126,1126,1056,1056,970,970,1022,1022,982,982,1052,1052,1066,1066,1112,1112,1010,1010,210,210,134,134,91,91,66,66,34,34,,,,,,,,,,,,,,,,,,,,,,,,,,,,,,,,,,,,,,,,,,,,,,,,
15200,2500,,15189,,0,67,67,70,70,49,49,53,53,62,62,67,67,186,186,910,910,1134,1134,1023,1023,977,977,900,900,812,812,861,861,864,864,851,851,886,886,939,939,854,854,524,524,336,336,227,227,165,165,84,84,,,,,,,,,,,,,,,,,,,,,,,,,,,,,,,,,,,,,,,,,,,,,,,,
15201,600,15141,15296,,0,0,0,0,0,0,0,0,0,0,0,0,0,0,0,3,3,3,3,3,3,3,3,3,3,3,3,3,3,3,3,3,3,3,3,3,3,3,3,1,1,1,1,1,1,0,0,0,0,,,,,,,,,,,,,,,,,,,,,,,,,,,,,,,,,,,,,,,,,,,,,,,,
15202,300,15252,15256,,0,0,0,0,0,0,0,0,0,0,0,0,0,0,0,0,0,1,1,0,0,0,0,0,0,0,0,0,0,0,0,0,0,0,0,0,0,0,0,0,0,0,0,0,0,0,0,0,0,,,,,,,,,,,,,,,,,,,,,,,,,,,,,,,,,,,,,,,,,,,,,,,,
15203,2500,15280,15163,,0,67,67,70,70,49,49,53,53,62,62,67,67,186,186,910,910,1134,1134,1023,1023,977,977,900,900,812,812,861,861,864,864,851,851,886,886,939,939,854,854,524,524,336,336,227,227,165,165,84,84,,,,,,,,,,,,,,,,,,,,,,,,,,,,,,,,,,,,,,,,,,,,,,,,
15204,400,15285,15210,15279;15237,2,0,0,0,0,0,0,0,0,0,0,0,0,0,0,3,3,3,3,3,3,3,3,3,3,3,3,3,3,3,3,3,3,3,3,3,3,3,3,1,1,1,1,1,1,0,0,0,0,,,,,,,,,,,,,,,,,,,,,,,,,,,,,,,,,,,,,,,,,,,,,,,,
15205,4400,,15290,,0,54,54,54,54,38,38,41,41,48,48,53,53,149,149,1126,1126,1279,1279,1185,1185,1176,1176,1064,1064,1030,1030,978,978,1073,1073,1075,1075,1072,1072,1157,1157,1124,1124,530,530,326,326,208,208,152,152,86,86,,,,,,,,,,,,,,,,,,,,,,,,,,,,,,,,,,,,,,,,,,,,,,,,
15206,300,15191,,,0,0,0,0,0,0,0,0,0,0,0,0,0,0,0,0,0,0,0,0,0,0,0,0,0,0,0,0,0,0,0,0,0,0,0,0,0,0,0,0,0,0,0,0,0,0,0,0,0,,,,,,,,,,,,,,,,,,,,,,,,,,,,,,,,,,,,,,,,,,,,,,,,
15207,600,15250,,,0,0,0,0,0,0,0,0,0,0,0,0,0,0,0,2,2,2,2,2,2,2,2,2,2,2,2,2,2,2,2,2,2,2,2,2,2,2,2,1,1,0,0,0,0,0,0,0,0,,,,,,,,,,,,,,,,,,,,,,,,,,,,,,,,,,,,,,,,,,,,,,,,
15208,4400,15240,15369,,0,54,54,54,54,38,38,41,41,48,48,53,53,149,149,1126,1126,1279,1279,1185,1185,1176,1176,1064,1064,1030,1030,978,978,1073,1073,1075,1075,1072,1072,1157,1157,1124,1124,530,530,326,326,208,208,152,152,86,86,,,,,,,,,,,,,,,,,,,,,,,,,,,,,,,,,,,,,,,,,,,,,,,,
15209,1200,15276,15171,,0,0,0,0,0,0,0,0,0,0,0,0,0,0,0,1,1,1,1,1,1,1,1,1,1,1,1,1,1,1,1,1,1,1,1,1,1,1,1,0,0,0,0,0,0,0,0,0,0,,,,,,,,,,,,,,,,,,,,,,,,,,,,,,,,,,,,,,,,,,,,,,,,
15210,1200,15278,15204,,0,0,0,0,0,0,0,0,0,0,0,0,0,0,0,2,2,3,3,3,3,2,2,2,2,2,2,2,2,2,2,2,2,2,2,2,2,2,2,1,1,1,1,0,0,0,0,0,0,,,,,,,,,,,,,,,,,,,,,,,,,,,,,,,,,,,,,,,,,,,,,,,,
15211,800,15240,,,0,0,0,0,0,0,0,0,0,0,0,0,0,0,0,2,2,2,2,2,2,2,2,2,2,2,2,2,2,2,2,2,2,2,2,2,2,2,2,1,1,1,1,0,0,0,0,0,0,,,,,,,,,,,,,,,,,,,,,,,,,,,,,,,,,,,,,,,,,,,,,,,,
15212,300,15237,15278,,0,0,0,0,0,0,0,0,0,0,0,0,0,0,0,3,3,3,3,3,3,3,3,3,3,3,3,3,3,3,3,3,3,3,3,3,3,3,3,1,1,1,1,1,1,0,0,0,0,,,,,,,,,,,,,,,,,,,,,,,,,,,,,,,,,,,,,,,,,,,,,,,,
15213,1200,15254,15260,,0,0,0,0,0,0,0,0,0,0,0,0,0,0,0,1,1,1,1,1,1,1,1,1,1,1,1,1,1,1,1,1,1,1,1,1,1,1,1,0,0,0,0,0,0,0,0,0,0,,,,,,,,,,,,,,,,,,,,,,,,,,,,,,,,,,,,,,,,,,,,,,,,
15214,4400,15248,,15226,1,67,67,70,70,49,49,53,53,62,62,67,67,186,186,910,910,1134,1134,1023,1023,977,977,900,900,812,812,861,861,864,864,851,851,886,886,939,939,854,854,524,524,336,336,227,227,165,165,84,84,,,,,,,,,,,,,,,,,,,,,,,,,,,,,,,,,,,,,,,,,,,,,,,,
15215,300,15278,15229,,0,0,0,0,0,0,0,0,0,0,0,0,0,0,0,2,2,2,2,2,2,2,2,2,2,2,2,2,2,2,2,2,2,2,2,2,2,2,2,1,1,1,1,0,0,0,0,0,0,,,,,,,,,,,,,,,,,,,,,,,,,,,,,,,,,,,,,,,,,,,,,,,,
15216,1600,,15274,,0,0,0,0,0,0,0,0,0,0,0,0,0,0,0,1,1,1,1,1,1,1,1,1,1,1,1,1,1,1,1,1,1,1,1,1,1,1,1,1,1,0,0,0,0,0,0,0,0,,,,,,,,,,,,,,,,,,,,,,,,,,,,,,,,,,,,,,,,,,,,,,,,
15217,4400,15241,15131,15129,1,67,67,70,70,49,49,53,53,62,62,67,67,186,186,910,910,1134,1134,1023,1023,977,977,900,900,812,812,861,861,864,864,851,851,886,886,939,939,854,854,524,524,336,336,227,227,165,165,84,84,,,,,,,,,,,,,,,,,,,,,,,,,,,,,,,,,,,,,,,,,,,,,,,,
15218,300,15256,15254,,0,0,0,0,0,0,0,0,0,0,0,0,0,0,0,0,0,0,0,0,0,0,0,0,0,0,0,0,0,0,0,0,0,0,0,0,0,0,0,0,0,0,0,0,0,0,0,0,0,,,,,,,,,,,,,,,,,,,,,,,,,,,,,,,,,,,,,,,,,,,,,,,,
15219,4400,15129,15241,,0,67,67,70,70,49,49,53,53,62,62,67,67,186,186,910,910,1134,1134,1023,1023,977,977,900,900,812,812,861,861,864,864,851,851,886,886,939,939,854,854,524,524,336,336,227,227,165,165,84,84,,,,,,,,,,,,,,,,,,,,,,,,,,,,,,,,,,,,,,,,,,,,,,,,
15220,2500,15273,,,0,67,67,70,70,49,49,53,53,62,62,67,67,186,186,910,910,1134,1134,1023,1023,977,977,900,900,812,812,861,861,864,864,851,851,886,886,939,939,854,854,524,524,336,336,227,227,165,165,84,84,,,,,,,,,,,,,,,,,,,,,,,,,,,,,,,,,,,,,,,,,,,,,,,,
15221,2500,15248,15246,,0,67,67,70,70,49,49,53,53,62,62,67,67,186,186,910,910,1134,1134,1023,1023,977,977,900,900,812,812,861,861,864,864,851,851,886,886,939,939,854,854,524,524,336,336,227,227,165,165,84,84,,,,,,,,,,,,,,,,,,,,,,,,,,,,,,,,,,,,,,,,,,,,,,,,
15222,600,15230,,,0,0,0,0,0,0,0,0,0,0,0,0,0,0,0,2,2,2,2,2,2,2,2,2,2,2,2,2,2,2,2,2,2,2,2,2,2,2,2,1,1,1,1,0,0,0,0,0,0,,,,,,,,,,,,,,,,,,,,,,,,,,,,,,,,,,,,,,,,,,,,,,,,
15223,500,15229,,,0,54,54,54,54,38,38,41,41,48,48,53,53,149,149,1126,1126,1279,1279,1185,1185,1176,1176,1064,1064,1030,1030,978,978,1073,1073,1075,1075,1072,1072,1157,1157,1124,1124,530,530,326,326,208,208,152,152,86,86,,,,,,,,,,,,,,,,,,,,,,,,,,,,,,,,,,,,,,,,,,,,,,,,
15224,1200,,15252,,0,0,0,0,0,0,0,0,0,0,0,0,0,0,0,1,1,1,1,1,1,1,1,1,1,1,1,1,1,1,1,1,1,1,1,1,1,1,1,0,0,0,0,0,0,0,0,0,0,,,,,,,,,,,,,,,,,,,,,,,,,,,,,,,,,,,,,,,,,,,,,,,,
15225,2000,15241,15231,,0,67,67,70,70,49,49,53,53,62,62,67,67,186,186,910,910,1134,1134,1023,1023,977,977,900,900,812,812,861,861,864,864,851,851,886,886,939,939,854,854,524,524,336,336,227,227,165,165,84,84,,,,,,,,,,,,,,,,,,,,,,,,,,,,,,,,,,,,,,,,,,,,,,,,
15226,4400,15150,15242,15160;15189;15214,3,67,67,70,70,49,49,53,53,62,62,67,67,186,186,910,910,1134,1134,1023,1023,977,977,900,900,812,812,861,861,864,864,851,851,886,886,939,939,854,854,524,524,336,336,227,227,165,165,84,84,,,,,,,,,,,,,,,,,,,,,,,,,,,,,,,,,,,,,,,,,,,,,,,,
15227,4000,15246,,,0,67,67,70,70,49,49,53,53,62,62,67,67,186,186,910,910,1134,1134,1023,1023,977,977,900,900,812,812,861,861,864,864,851,851,886,886,939,939,854,854,524,524,336,336,227,227,165,165,84,84,,,,,,,,,,,,,,,,,,,,,,,,,,,,,,,,,,,,,,,,,,,,,,,,
15228,3000,15234,15241,,0,67,67,70,70,49,49,53,53,62,62,67,67,186,186,910,910,1134,1134,1023,1023,977,977,900,900,812,812,861,861,864,864,851,851,886,886,939,939,854,854,524,524,336,336,227,227,165,165,84,84,,,,,,,,,,,,,,,,,,,,,,,,,,,,,,,,,,,,,,,,,,,,,,,,
15229,4000,15237,15215,15223;15233,2,67,67,70,70,49,49,53,53,62,62,67,67,186,186,910,910,1134,1134,1023,1023,977,977,900,900,812,812,861,861,864,864,851,851,886,886,939,939,854,854,524,524,336,336,227,227,165,165,84,84,,,,,,,,,,,,,,,,,,,,,,,,,,,,,,,,,,,,,,,,,,,,,,,,
15230,1600,15222,15238,,0,0,0,0,0,0,0,0,0,0,0,0,0,0,0,4,4,5,5,4,4,4,4,4,4,4,4,4,4,4,4,4,4,4,4,4,4,4,4,2,2,1,1,1,1,1,1,0,0,,,,,,,,,,,,,,,,,,,,,,,,,,,,,,,,,,,,,,,,,,,,,,,,
15231,2000,18540,17725,15225,1,67,67,70,70,49,49,53,53,62,62,67,67,186,186,910,910,1134,1134,1023,1023,977,977,900,900,812,812,861,861,864,864,851,851,886,886,939,939,854,854,524,524,336,336,227,227,165,165,84,84,,,,,,,,,,,,,,,,,,,,,,,,,,,,,,,,,,,,,,,,,,,,,,,,
15232,4400,18612,15288,,0,67,67,70,70,49,49,53,53,62,62,67,67,186,186,910,910,1134,1134,1023,1023,977,977,900,900,812,812,861,861,864,864,851,851,886,886,939,939,854,854,524,524,336,336,227,227,165,165,84,84,,,,,,,,,,,,,,,,,,,,,,,,,,,,,,,,,,,,,,,,,,,,,,,,
15233,2500,,15229,,0,67,67,70,70,49,49,53,53,62,62,67,67,186,186,910,910,1134,1134,1023,1023,977,977,900,900,812,812,861,861,864,864,851,851,886,886,939,939,854,854,524,524,336,336,227,227,165,165,84,84,,,,,,,,,,,,,,,,,,,,,,,,,,,,,,,,,,,,,,,,,,,,,,,,
15234,4400,18610,15228,17725,1,67,67,70,70,49,49,53,53,62,62,67,67,186,186,910,910,1134,1134,1023,1023,977,977,900,900,812,812,861,861,864,864,851,851,886,886,939,939,854,854,524,524,336,336,227,227,165,165,84,84,,,,,,,,,,,,,,,,,,,,,,,,,,,,,,,,,,,,,,,,,,,,,,,,
15235,4000,18614,15238,,0,54,54,54,54,38,38,41,41,48,48,53,53,149,149,1126,1126,1279,1279,1185,1185,1176,1176,1064,1064,1030,1030,978,978,1073,1073,1075,1075,1072,1072,1157,1157,1124,1124,530,530,326,326,208,208,152,152,86,86,,,,,,,,,,,,,,,,,,,,,,,,,,,,,,,,,,,,,,,,,,,,,,,,
15236,3500,18618,18616,,0,42,42,39,39,28,28,29,29,34,34,39,39,112,112,1343,1343,1424,1424,1347,1347,1375,1375,1229,1229,1247,1247,1096,1096,1282,1282,1299,1299,1257,1257,1375,1375,1394,1394,536,536,316,316,190,190,140,140,87,87,,,,,,,,,,,,,,,,,,,,,,,,,,,,,,,,,,,,,,,,,,,,,,,,
15237,4000,18612,15204,15212;15229,2,67,67,70,70,49,49,53,53,62,62,67,67,186,186,910,910,1134,1134,1023,1023,977,977,900,900,812,812,861,861,864,864,851,851,886,886,939,939,854,854,524,524,336,336,227,227,165,165,84,84,,,,,,,,,,,,,,,,,,,,,,,,,,,,,,,,,,,,,,,,,,,,,,,,
15238,300,15235,15230,18588;17731,2,0,0,0,0,0,0,0,0,0,0,0,0,1,1,7,7,7,7,7,7,7,7,6,6,6,6,6,6,6,6,6,6,6,6,7,7,7,7,3,3,2,2,1,1,1,1,0,0,,,,,,,,,,,,,,,,,,,,,,,,,,,,,,,,,,,,,,,,,,,,,,,,
15239,800,,15240,,0,0,0,0,0,0,0,0,0,0,0,0,0,0,0,2,2,3,3,3,3,3,3,2,2,2,2,2,2,2,2,2,2,2,2,3,3,2,2,1,1,1,1,0,0,0,0,0,0,,,,,,,,,,,,,,,,,,,,,,,,,,,,,,,,,,,,,,,,,,,,,,,,
15240,800,15239,15208,15211,1,0,0,0,0,0,0,0,0,0,0,0,0,0,0,2,2,3,3,2,2,2,2,2,2,2,2,2,2,2,2,2,2,2,2,2,2,2,2,1,1,1,1,0,0,0,0,0,0,,,,,,,,,,,,,,,,,,,,,,,,,,,,,,,,,,,,,,,,,,,,,,,,
15241,4000,15217,15228,15219;15225,2,67,67,70,70,49,49,53,53,62,62,67,67,186,186,910,910,1134,1134,1023,1023,977,977,900,900,812,812,861,861,864,864,851,851,886,886,939,939,854,854,524,524,336,336,227,227,165,165,84,84,,,,,,,,,,,,,,,,,,,,,,,,,,,,,,,,,,,,,,,,,,,,,,,,
15242,1200,15226,,15243;17729,2,0,0,0,0,0,0,0,0,0,0,0,0,0,0,1,1,1,1,1,1,1,1,1,1,1,1,1,1,1,1,1,1,1,1,1,1,1,1,1,1,0,0,0,0,0,0,0,0,,,,,,,,,,,,,,,,,,,,,,,,,,,,,,,,,,,,,,,,,,,,,,,,
15243,2500,15244,15242,,0,67,67,70,70,49,49,53,53,62,62,67,67,186,186,910,910,1134,1134,1023,1023,977,977,900,900,812,812,861,861,864,864,851,851,886,886,939,939,854,854,524,524,336,336,227,227,165,165,84,84,,,,,,,,,,,,,,,,,,,,,,,,,,,,,,,,,,,,,,,,,,,,,,,,
15244,1200,15243,15245,17729,1,0,0,0,0,0,0,0,0,0,0,0,0,0,0,2,2,2,2,2,2,2,2,2,2,2,2,2,2,2,2,2,2,2,2,2,2,2,2,1,1,0,0,0,0,0,0,0,0,,,,,,,,,,,,,,,,,,,,,,,,,,,,,,,,,,,,,,,,,,,,,,,,
15245,1200,15244,15246,,0,0,0,0,0,0,0,0,0,0,0,0,0,0,0,2,2,2,2,2,2,2,2,1,1,1,1,1,1,1,1,1,1,1,1,2,2,2,2,1,1,0,0,0,0,0,0,0,0,,,,,,,,,,,,,,,,,,,,,,,,,,,,,,,,,,,,,,,,,,,,,,,,
15246,800,15245,15227,15221,1,0,0,0,0,0,0,0,0,0,0,0,0,0,0,2,2,2,2,2,2,2,2,2,2,2,2,2,2,2,2,2,2,2,2,2,2,2,2,1,1,0,0,0,0,0,0,0,0,,,,,,,,,,,,,,,,,,,,,,,,,,,,,,,,,,,,,,,,,,,,,,,,
15247,1100,,15248,,0,67,67,70,70,49,49,53,53,62,62,67,67,186,186,910,910,1134,1134,1023,1023,977,977,900,900,812,812,861,861,864,864,851,851,886,886,939,939,854,854,524,524,336,336,227,227,165,165,84,84,,,,,,,,,,,,,,,,,,,,,,,,,,,,,,,,,,,,,,,,,,,,,,,,
15248,1100,15247,15214,15221,1,67,67,70,70,49,49,53,53,62,62,67,67,186,186,910,910,1134,1134,1023,1023,977,977,900,900,812,812,861,861,864,864,851,851,886,886,939,939,854,854,524,524,336,336,227,227,165,165,84,84,,,,,,,,,,,,,,,,,,,,,,,,,,,,,,,,,,,,,,,,,,,,,,,,
15249,400,15197,15250,,0,0,0,0,0,0,0,0,0,0,0,0,0,0,0,1,1,1,1,1,1,1,1,1,1,1,1,1,1,1,1,1,1,1,1,1,1,1,1,1,1,0,0,0,0,0,0,0,0,,,,,,,,,,,,,,,,,,,,,,,,,,,,,,,,,,,,,,,,,,,,,,,,
15250,800,15249,15196,15207,1,0,0,0,0,0,0,0,0,0,0,0,0,0,0,1,1,2,2,2,2,2,2,1,1,1,1,1,1,1,1,1,1,1,1,2,2,1,1,1,1,0,0,0,0,0,0,0,0,,,,,,,,,,,,,,,,,,,,,,,,,,,,,,,,,,,,,,,,,,,,,,,,
15251,300,15197,15252,,0,0,0,0,0,0,0,0,0,0,0,0,0,0,0,1,1,1,1,1,1,1,1,1,1,1,1,1,1,1,1,1,1,1,1,1,1,1,1,0,0,0,0,0,0,0,0,0,0,,,,,,,,,,,,,,,,,,,,,,,,,,,,,,,,,,,,,,,,,,,,,,,,
15252,300,15202,15224,15251,1,0,0,0,0,0,0,0,0,0,0,0,0,0,0,1,1,1,1,1,1,1,1,1,1,1,1,1,1,1,1,1,1,1,1,1,1,1,1,0,0,0,0,0,0,0,0,0,0,,,,,,,,,,,,,,,,,,,,,,,,,,,,,,,,,,,,,,,,,,,,,,,,
15253,600,15254,,,0,0,0,0,0,0,0,0,0,0,0,0,0,0,0,0,0,0,0,0,0,0,0,0,0,0,0,0,0,0,0,0,0,0,0,0,0,0,0,0,0,0,0,0,0,0,0,0,0,,,,,,,,,,,,,,,,,,,,,,,,,,,,,,,,,,,,,,,,,,,,,,,,
15254,400,15253,15213,15218,1,0,0,0,0,0,0,0,0,0,0,0,0,0,0,0,0,0,0,0,0,0,0,0,0,0,0,0,0,0,0,0,0,0,0,0,0,0,0,0,0,0,0,0,0,0,0,0,0,,,,,,,,,,,,,,,,,,,,,,,,,,,,,,,,,,,,,,,,,,,,,,,,
15255,300,15256,15195,,0,0,0,0,0,0,0,0,0,0,0,0,0,0,0,1,1,1,1,1,1,1,1,0,0,0,0,0,0,0,0,0,0,0,0,1,1,1,1,0,0,0,0,0,0,0,0,0,0,,,,,,,,,,,,,,,,,,,,,,,,,,,,,,,,,,,,,,,,,,,,,,,,
15256,300,15218,15202,15255,1,0,0,0,0,0,0,0,0,0,0,0,0,0,0,0,0,1,1,0,0,0,0,0,0,0,0,0,0,0,0,0,0,0,0,0,0,0,0,0,0,0,0,0,0,0,0,0,0,,,,,,,,,,,,,,,,,,,,,,,,,,,,,,,,,,,,,,,,,,,,,,,,
15257,300,15258,15181,,0,0,0,0,0,0,0,0,0,0,0,0,0,0,0,1,1,2,2,1,1,1,1,1,1,1,1,1,1,1,1,1,1,1,1,1,1,1,1,1,1,0,0,0,0,0,0,0,0,,,,,,,,,,,,,,,,,,,,,,,,,,,,,,,,,,,,,,,,,,,,,,,,
15258,300,15257,15178,15167,1,0,0,0,0,0,0,0,0,0,0,0,0,0,0,2,2,2,2,2,2,2,2,1,1,1,1,1,1,1,1,1,1,1,1,2,2,1,1,1,1,0,0,0,0,0,0,0,0,,,,,,,,,,,,,,,,,,,,,,,,,,,,,,,,,,,,,,,,,,,,,,,,
15259,800,15260,15185,,0,0,0,0,0,0,0,0,0,0,0,0,0,0,0,1,1,1,1,1,1,1,1,1,1,1,1,1,1,1,1,1,1,1,1,1,1,1,1,0,0,0,0,0,0,0,0,0,0,,,,,,,,,,,,,,,,,,,,,,,,,,,,,,,,,,,,,,,,,,,,,,,,
15260,400,15273,15213,15259,1,0,0,0,0,0,0,0,0,0,0,0,0,0,0,1,1,1,1,1,1,1,1,1,1,1,1,1,1,1,1,1,1,1,1,1,1,1,1,0,0,0,0,0,0,0,0,0,0,,,,,,,,,,,,,,,,,,,,,,,,,,,,,,,,,,,,,,,,,,,,,,,,
15261,300,15157,15262,,0,0,0,0,0,0,0,0,0,0,0,0,0,0,0,3,3,3,3,3,3,3,3,2,2,2,2,2,2,2,2,2,2,2,2,3,3,3,3,1,1,1,1,0,0,0,0,0,0,,,,,,,,,,,,,,,,,,,,,,,,,,,,,,,,,,,,,,,,,,,,,,,,
15262,300,15261,15172,15263,1,0,0,0,0,0,0,0,0,0,0,0,0,0,0,2,2,2,2,2,2,2,2,2,2,2,2,2,2,2,2,2,2,2,2,2,2,2,2,1,1,1,1,0,0,0,0,0,0,,,,,,,,,,,,,,,,,,,,,,,,,,,,,,,,,,,,,,,,,,,,,,,,
15263,300,15264,15262,,0,0,0,0,0,0,0,0,0,0,0,0,0,0,0,2,2,2,2,2,2,2,2,2,2,2,2,2,2,2,2,2,2,2,2,2,2,2,2,1,1,1,1,0,0,0,0,0,0,,,,,,,,,,,,,,,,,,,,,,,,,,,,,,,,,,,,,,,,,,,,,,,,
15264,300,15263,15154,15164,1,0,0,0,0,0,0,0,0,0,0,0,0,0,0,2,2,2,2,2,2,2,2,2,2,1,1,1,1,2,2,2,2,2,2,2,2,2,2,1,1,0,0,0,0,0,0,0,0,,,,,,,,,,,,,,,,,,,,,,,,,,,,,,,,,,,,,,,,,,,,,,,,
15265,300,15133,15266,,0,0,0,0,0,0,0,0,0,0,0,0,0,0,0,2,2,2,2,2,2,2,2,2,2,2,2,2,2,2,2,2,2,2,2,2,2,2,2,1,1,1,1,0,0,0,0,0,0,,,,,,,,,,,,,,,,,,,,,,,,,,,,,,,,,,,,,,,,,,,,,,,,
15266,300,15154,15155,15265,1,0,0,0,0,0,0,0,0,0,0,0,0,0,0,2,2,2,2,2,2,2,2,2,2,2,2,2,2,2,2,2,2,2,2,2,2,2,2,1,1,0,0,0,0,0,0,0,0,,,,,,,,,,,,,,,,,,,,,,,,,,,,,,,,,,,,,,,,,,,,,,,,
15267,1200,15143,15268,,0,53,53,55,55,38,38,42,42,48,48,53,53,146,146,715,715,891,891,804,804,768,768,707,707,638,638,676,676,679,679,669,669,696,696,738,738,671,671,411,411,264,264,178,178,130,130,66,66,,,,,,,,,,,,,,,,,,,,,,,,,,,,,,,,,,,,,,,,,,,,,,,,
15268,800,15131,15267,15269,1,0,0,0,0,0,0,0,0,0,0,0,0,0,0,2,2,2,2,2,2,2,2,2,2,1,1,1,1,2,2,2,2,2,2,2,2,2,2,1,1,0,0,0,0,0,0,0,0,,,,,,,,,,,,,,,,,,,,,,,,,,,,,,,,,,,,,,,,,,,,,,,,
15269,800,15268,15270,,0,0,0,0,0,0,0,0,0,0,0,0,0,0,0,2,2,3,3,3,3,2,2,2,2,2,2,2,2,2,2,2,2,2,2,2,2,2,2,1,1,1,1,0,0,0,0,0,0,,,,,,,,,,,,,,,,,,,,,,,,,,,,,,,,,,,,,,,,,,,,,,,,
15270,1000,15269,15142,15114,1,67,67,70,70,49,49,53,53,62,62,67,67,186,186,910,910,1134,1134,1023,1023,977,977,900,900,812,812,861,861,864,864,851,851,886,886,939,939,854,854,524,524,336,336,227,227,165,165,84,84,,,,,,,,,,,,,,,,,,,,,,,,,,,,,,,,,,,,,,,,,,,,,,,,
15271,1200,15272,15143,,0,0,0,0,0,0,0,0,0,0,0,0,0,0,0,2,2,2,2,2,2,2,2,2,2,1,1,1,1,2,2,2,2,2,2,2,2,2,2,1,1,0,0,0,0,0,0,0,0,,,,,,,,,,,,,,,,,,,,,,,,,,,,,,,,,,,,,,,,,,,,,,,,
15272,1200,15271,15140,15151,1,0,0,0,0,0,0,0,0,0,0,0,0,0,0,1,1,2,2,2,2,2,2,1,1,1,1,1,1,1,1,1,1,1,1,2,2,1,1,1,1,0,0,0,0,0,0,0,0,,,,,,,,,,,,,,,,,,,,,,,,,,,,,,,,,,,,,,,,,,,,,,,,
15273,1200,15260,15274,15220,1,0,0,0,0,0,0,0,0,0,0,0,0,0,0,1,1,2,2,1,1,1,1,1,1,1,1,1,1,1,1,1,1,1,1,1,1,1,1,1,1,0,0,0,0,0,0,0,0,,,,,,,,,,,,,,,,,,,,,,,,,,,,,,,,,,,,,,,,,,,,,,,,
15274,300,15216,15273,15275,1,0,0,0,0,0,0,0,0,0,0,0,0,0,0,1,1,1,1,1,1,1,1,1,1,1,1,1,1,1,1,1,1,1,1,1,1,1,1,1,1,0,0,0,0,0,0,0,0,,,,,,,,,,,,,,,,,,,,,,,,,,,,,,,,,,,,,,,,,,,,,,,,
15275,300,15274,15276,,0,0,0,0,0,0,0,0,0,0,0,0,0,0,0,1,1,1,1,1,1,1,1,1,1,1,1,1,1,1,1,1,1,1,1,1,1,1,1,0,0,0,0,0,0,0,0,0,0,,,,,,,,,,,,,,,,,,,,,,,,,,,,,,,,,,,,,,,,,,,,,,,,
15276,300,15277,15209,15275,1,0,0,0,0,0,0,0,0,0,0,0,0,0,0,1,1,1,1,1,1,1,1,1,1,1,1,1,1,1,1,1,1,1,1,1,1,1,1,0,0,0,0,0,0,0,0,0,0,,,,,,,,,,,,,,,,,,,,,,,,,,,,,,,,,,,,,,,,,,,,,,,,
15277,300,15278,15276,,0,0,0,0,0,0,0,0,0,0,0,0,0,0,0,1,1,2,2,2,2,2,2,1,1,1,1,1,1,1,1,1,1,1,1,2,2,1,1,1,1,0,0,0,0,0,0,0,0,,,,,,,,,,,,,,,,,,,,,,,,,,,,,,,,,,,,,,,,,,,,,,,,
15278,300,15212,15277,15210;15215,2,0,0,0,0,0,0,0,0,0,0,0,0,0,0,2,2,3,3,2,2,2,2,2,2,2,2,2,2,2,2,2,2,2,2,2,2,2,2,1,1,1,1,0,0,0,0,0,0,,,,,,,,,,,,,,,,,,,,,,,,,,,,,,,,,,,,,,,,,,,,,,,,
15279,1600,15280,15204,,0,53,53,55,55,38,38,42,42,48,48,53,53,146,146,715,715,891,891,804,804,768,768,707,707,638,638,676,676,679,679,669,669,696,696,738,738,671,671,411,411,264,264,178,178,130,130,66,66,,,,,,,,,,,,,,,,,,,,,,,,,,,,,,,,,,,,,,,,,,,,,,,,
15280,300,15281,15203,15279,1,0,0,0,0,0,0,0,0,0,0,0,0,0,0,2,2,2,2,2,2,2,2,2,2,2,2,2,2,2,2,2,2,2,2,2,2,2,2,1,1,1,1,0,0,0,0,0,0,,,,,,,,,,,,,,,,,,,,,,,,,,,,,,,,,,,,,,,,,,,,,,,,
15281,300,15280,15282,,0,0,0,0,0,0,0,0,0,0,0,0,0,0,0,2,2,2,2,2,2,2,2,2,2,1,1,1,1,2,2,2,2,2,2,2,2,2,2,1,1,0,0,0,0,0,0,0,0,,,,,,,,,,,,,,,,,,,,,,,,,,,,,,,,,,,,,,,,,,,,,,,,
15282,300,15281,15188,15283,1,0,0,0,0,0,0,0,0,0,0,0,0,0,0,2,2,2,2,2,2,2,2,2,2,2,2,2,2,2,2,2,2,2,2,2,2,2,2,1,1,1,1,0,0,0,0,0,0,,,,,,,,,,,,,,,,,,,,,,,,,,,,,,,,,,,,,,,,,,,,,,,,
15283,300,15282,15284,,0,0,0,0,0,0,0,0,0,0,0,0,0,0,0,2,2,3,3,2,2,2,2,2,2,2,2,2,2,2,2,2,2,2,2,2,2,2,2,1,1,1,1,0,0,0,0,0,0,,,,,,,,,,,,,,,,,,,,,,,,,,,,,,,,,,,,,,,,,,,,,,,,
15284,300,15168,15184,15283,1,0,0,0,0,0,0,0,0,0,0,0,0,0,0,2,2,3,3,3,3,2,2,2,2,2,2,2,2,2,2,2,2,2,2,2,2,2,2,1,1,1,1,0,0,0,0,0,0,,,,,,,,,,,,,,,,,,,,,,,,,,,,,,,,,,,,,,,,,,,,,,,,
15285,600,15204,15286,,0,0,0,0,0,0,0,0,0,0,0,0,0,0,0,3,3,3,3,3,3,3,3,3,3,3,3,2,2,3,3,3,3,3,3,3,3,3,3,1,1,1,1,0,0,0,0,0,0,,,,,,,,,,,,,,,,,,,,,,,,,,,,,,,,,,,,,,,,,,,,,,,,
15286,400,15287,15188,15285,1,0,0,0,0,0,0,0,0,0,0,0,0,0,0,3,3,4,4,3,3,3,3,3,3,3,3,3,3,3,3,3,3,3,3,3,3,3,3,1,1,1,1,1,1,0,0,0,0,,,,,,,,,,,,,,,,,,,,,,,,,,,,,,,,,,,,,,,,,,,,,,,,
15287,300,15286,15288,,0,0,0,0,0,0,0,0,0,0,0,0,0,0,0,3,3,4,4,4,4,4,4,3,3,3,3,3,3,3,3,3,3,3,3,4,4,4,4,2,2,1,1,1,1,0,0,0,0,,,,,,,,,,,,,,,,,,,,,,,,,,,,,,,,,,,,,,,,,,,,,,,,
15288,300,15232,15289,15287,1,0,0,0,0,0,0,0,0,0,0,0,0,0,0,4,4,4,4,4,4,4,4,3,3,3,3,3,3,3,3,3,3,3,3,4,4,4,4,2,2,1,1,1,1,0,0,0,0,,,,,,,,,,,,,,,,,,,,,,,,,,,,,,,,,,,,,,,,,,,,,,,,
15289,300,15288,15290,,0,0,0,0,0,0,0,0,0,0,0,0,0,0,0,4,4,4,4,4,4,4,4,4,4,3,3,3,3,4,4,4,4,4,4,4,4,4,4,2,2,1,1,1,1,0,0,0,0,,,,,,,,,,,,,,,,,,,,,,,,,,,,,,,,,,,,,,,,,,,,,,,,
15290,300,15291,15205,15289,1,0,0,0,0,0,0,0,0,0,0,0,0,0,0,4,4,5,5,4,4,4,4,4,4,4,4,3,3,4,4,4,4,4,4,4,4,4,4,2,2,1,1,1,1,1,1,0,0,,,,,,,,,,,,,,,,,,,,,,,,,,,,,,,,,,,,,,,,,,,,,,,,
15291,800,15290,15292,,0,0,0,0,0,0,0,0,0,0,0,0,0,1,1,5,5,6,6,6,6,6,6,5,5,5,5,5,5,5,5,5,5,5,5,6,6,6,6,2,2,1,1,1,1,1,1,0,0,,,,,,,,,,,,,,,,,,,,,,,,,,,,,,,,,,,,,,,,,,,,,,,,
15292,500,15162,15293,15291,1,54,54,54,54,38,38,41,41,48,48,53,53,149,149,1126,1126,1279,1279,1185,1185,1176,1176,1064,1064,1030,1030,978,978,1073,1073,1075,1075,1072,1072,1157,1157,1124,1124,530,530,326,326,208,208,152,152,86,86,,,,,,,,,,,,,,,,,,,,,,,,,,,,,,,,,,,,,,,,,,,,,,,,
15293,300,15294,15292,,0,0,0,0,0,0,0,0,0,0,0,0,0,1,1,7,7,7,7,7,7,7,7,6,6,6,6,6,6,6,6,6,6,6,6,7,7,7,7,3,3,2,2,1,1,1,1,0,0,,,,,,,,,,,,,,,,,,,,,,,,,,,,,,,,,,,,,,,,,,,,,,,,
15294,300,15168,15293,15295,1,0,0,0,0,0,0,0,0,0,0,0,0,1,1,6,6,7,7,7,7,7,7,6,6,6,6,5,5,6,6,6,6,6,6,6,6,6,6,3,3,2,2,1,1,1,1,0,0,,,,,,,,,,,,,,,,,,,,,,,,,,,,,,,,,,,,,,,,,,,,,,,,
15295,300,15296,15294,,0,0,0,0,0,0,0,0,0,0,0,0,0,1,1,6,6,6,6,6,6,6,6,5,5,5,5,5,5,6,6,6,6,6,6,6,6,6,6,3,3,2,2,1,1,1,1,0,0,,,,,,,,,,,,,,,,,,,,,,,,,,,,,,,,,,,,,,,,,,,,,,,,
15296,300,15297,15201,15295,1,0,0,0,0,0,0,0,0,0,0,0,0,1,1,5,5,6,6,6,6,6,6,5,5,5,5,5,5,5,5,5,5,5,5,6,6,5,5,2,2,1,1,1,1,1,1,0,0,,,,,,,,,,,,,,,,,,,,,,,,,,,,,,,,,,,,,,,,,,,,,,,,
15297,400,15296,15298,,0,0,0,0,0,0,0,0,0,0,0,0,0,1,1,5,5,5,5,5,5,5,5,5,5,5,5,4,4,5,5,5,5,5,5,5,5,5,5,2,2,1,1,1,1,1,1,0,0,,,,,,,,,,,,,,,,,,,,,,,,,,,,,,,,,,,,,,,,,,,,,,,,
15298,400,15297,15149,15136,1,0,0,0,0,0,0,0,0,0,0,0,0,1,1,5,5,5,5,5,5,5,5,4,4,4,4,4,4,4,4,4,4,4,4,5,5,5,5,2,2,1,1,1,1,1,1,0,0,,,,,,,,,,,,,,,,,,,,,,,,,,,,,,,,,,,,,,,,,,,,,,,,
15299,800,15141,15300,,0,0,0,0,0,0,0,0,0,0,0,0,0,0,0,3,3,3,3,3,3,3,3,3,3,3,3,3,3,3,3,3,3,3,3,3,3,3,3,1,1,1,1,1,1,0,0,0,0,,,,,,,,,,,,,,,,,,,,,,,,,,,,,,,,,,,,,,,,,,,,,,,,
153,1600,504,158,,0,0,0,0,0,0,0,0,0,0,0,0,0,1,1,4,4,5,5,5,5,5,5,4,4,4,4,4,4,4,4,4,4,4,4,4,4,4,4,2,2,1,1,1,1,1,1,0,0,,,,,,,,,,,,,,,,,,,,,,,,,,,,,,,,,,,,,,,,,,,,,,,,
15300,800,15301,15299,15136,1,0,0,0,0,0,0,0,0,0,0,0,0,0,0,3,3,3,3,3,3,3,3,3,3,2,2,2,2,3,3,3,3,3,3,3,3,3,3,1,1,1,1,0,0,0,0,0,0,,,,,,,,,,,,,,,,,,,,,,,,,,,,,,,,,,,,,,,,,,,,,,,,
15301,300,15302,15300,,0,0,0,0,0,0,0,0,0,0,0,0,0,0,0,3,3,3,3,3,3,3,3,3,3,3,3,2,2,3,3,3,3,3,3,3,3,3,3,1,1,1,1,0,0,0,0,0,0,,,,,,,,,,,,,,,,,,,,,,,,,,,,,,,,,,,,,,,,,,,,,,,,
15302,300,15303,15120,15301,1,0,0,0,0,0,0,0,0,0,0,0,0,0,0,3,3,3,3,3,3,3,3,3,3,3,3,2,2,3,3,3,3,3,3,3,3,3,3,1,1,1,1,0,0,0,0,0,0,,,,,,,,,,,,,,,,,,,,,,,,,,,,,,,,,,,,,,,,,,,,,,,,
15303,800,15302,15304,,0,0,0,0,0,0,0,0,0,0,0,0,0,0,0,2,2,3,3,3,3,3,3,2,2,2,2,2,2,2,2,2,2,2,2,3,3,3,3,1,1,1,1,0,0,0,0,0,0,,,,,,,,,,,,,,,,,,,,,,,,,,,,,,,,,,,,,,,,,,,,,,,,
15304,300,15149,15303,15305,1,0,0,0,0,0,0,0,0,0,0,0,0,0,0,2,2,2,2,2,2,2,2,2,2,2,2,2,2,2,2,2,2,2,2,2,2,2,2,1,1,1,1,0,0,0,0,0,0,,,,,,,,,,,,,,,,,,,,,,,,,,,,,,,,,,,,,,,,,,,,,,,,
15305,800,15304,15306,,0,33,33,31,31,22,22,23,23,26,26,31,31,88,88,1055,1055,1119,1119,1058,1058,1080,1080,966,966,980,980,861,861,1008,1008,1021,1021,988,988,1080,1080,1096,1096,421,421,249,249,150,150,110,110,68,68,,,,,,,,,,,,,,,,,,,,,,,,,,,,,,,,,,,,,,,,,,,,,,,,
15306,300,15138,15348,15305,1,0,0,0,0,0,0,0,0,0,0,0,0,0,0,2,2,2,2,2,2,2,2,2,2,2,2,1,1,2,2,2,2,2,2,2,2,2,2,1,1,0,0,0,0,0,0,0,0,,,,,,,,,,,,,,,,,,,,,,,,,,,,,,,,,,,,,,,,,,,,,,,,
15307,1650,15111,15107,15113,1,67,67,70,70,49,49,53,53,62,62,67,67,186,186,910,910,1134,1134,1023,1023,977,977,900,900,812,812,861,861,864,864,851,851,886,886,939,939,854,854,524,524,336,336,227,227,165,165,84,84,,,,,,,,,,,,,,,,,,,,,,,,,,,,,,,,,,,,,,,,,,,,,,,,
15308,800,15129,15119,,0,0,0,0,0,0,0,0,0,0,0,0,0,0,0,2,2,2,2,2,2,2,2,2,2,2,2,2,2,2,2,2,2,2,2,2,2,2,2,1,1,1,1,0,0,0,0,0,0,,,,,,,,,,,,,,,,,,,,,,,,,,,,,,,,,,,,,,,,,,,,,,,,
15309,800,15113,15119,,0,0,0,0,0,0,0,0,0,0,0,0,0,0,0,3,3,3,3,3,3,3,3,2,2,2,2,2,2,2,2,2,2,3,3,3,3,3,3,1,1,1,1,0,0,0,0,0,0,,,,,,,,,,,,,,,,,,,,,,,,,,,,,,,,,,,,,,,,,,,,,,,,
15310,4400,15129,15311,,0,67,67,70,70,49,49,53,53,62,62,67,67,186,186,910,910,1134,1134,1023,1023,977,977,900,900,812,812,861,861,864,864,851,851,886,886,939,939,854,854,524,524,336,336,227,227,165,165,84,84,,,,,,,,,,,,,,,,,,,,,,,,,,,,,,,,,,,,,,,,,,,,,,,,
15311,1200,15314,15106,15310,1,0,0,0,0,0,0,0,0,0,0,0,0,0,0,1,1,2,2,1,1,1,1,1,1,1,1,1,1,1,1,1,1,1,1,1,1,1,1,1,1,0,0,0,0,0,0,0,0,,,,,,,,,,,,,,,,,,,,,,,,,,,,,,,,,,,,,,,,,,,,,,,,
15312,2000,15119,15313,,0,67,67,70,70,49,49,53,53,62,62,67,67,186,186,910,910,1134,1134,1023,1023,977,977,900,900,812,812,861,861,864,864,851,851,886,886,939,939,854,854,524,524,336,336,227,227,165,165,84,84,,,,,,,,,,,,,,,,,,,,,,,,,,,,,,,,,,,,,,,,,,,,,,,,
15313,1500,15312,15330,15106,1,67,67,70,70,49,49,53,53,62,62,67,67,186,186,910,910,1134,1134,1023,1023,977,977,900,900,812,812,861,861,864,864,851,851,886,886,939,939,854,854,524,524,336,336,227,227,165,165,84,84,,,,,,,,,,,,,,,,,,,,,,,,,,,,,,,,,,,,,,,,,,,,,,,,
15314,4400,15311,15315,,0,67,67,70,70,49,49,53,53,62,62,67,67,186,186,910,910,1134,1134,1023,1023,977,977,900,900,812,812,861,861,864,864,851,851,886,886,939,939,854,854,524,524,336,336,227,227,165,165,84,84,,,,,,,,,,,,,,,,,,,,,,,,,,,,,,,,,,,,,,,,,,,,,,,,
15315,2500,15142,15314,15316,1,67,67,70,70,49,49,53,53,62,62,67,67,186,186,910,910,1134,1134,1023,1023,977,977,900,900,812,812,861,861,864,864,851,851,886,886,939,939,854,854,524,524,336,336,227,227,165,165,84,84,,,,,,,,,,,,,,,,,,,,,,,,,,,,,,,,,,,,,,,,,,,,,,,,
15316,4400,15317,15315,,0,67,67,70,70,49,49,53,53,62,62,67,67,186,186,910,910,1134,1134,1023,1023,977,977,900,900,812,812,861,861,864,864,851,851,886,886,939,939,854,854,524,524,336,336,227,227,165,165,84,84,,,,,,,,,,,,,,,,,,,,,,,,,,,,,,,,,,,,,,,,,,,,,,,,
15317,4000,15316,15099,15318,1,67,67,70,70,49,49,53,53,62,62,67,67,186,186,910,910,1134,1134,1023,1023,977,977,900,900,812,812,861,861,864,864,851,851,886,886,939,939,854,854,524,524,336,336,227,227,165,165,84,84,,,,,,,,,,,,,,,,,,,,,,,,,,,,,,,,,,,,,,,,,,,,,,,,
15318,4400,15319,15317,,0,67,67,70,70,49,49,53,53,62,62,67,67,186,186,910,910,1134,1134,1023,1023,977,977,900,900,812,812,861,861,864,864,851,851,886,886,939,939,854,854,524,524,336,336,227,227,165,165,84,84,,,,,,,,,,,,,,,,,,,,,,,,,,,,,,,,,,,,,,,,,,,,,,,,
15319,1200,15320,15090,15318,1,0,0,0,0,0,0,0,0,0,0,0,0,0,0,2,2,2,2,2,2,2,2,2,2,2,2,2,2,2,2,2,2,2,2,2,2,2,2,1,1,1,1,0,0,0,0,0,0,,,,,,,,,,,,,,,,,,,,,,,,,,,,,,,,,,,,,,,,,,,,,,,,
15320,4400,15321,15319,,0,67,67,70,70,49,49,53,53,62,62,67,67,186,186,910,910,1134,1134,1023,1023,977,977,900,900,812,812,861,861,864,864,851,851,886,886,939,939,854,854,524,524,336,336,227,227,165,165,84,84,,,,,,,,,,,,,,,,,,,,,,,,,,,,,,,,,,,,,,,,,,,,,,,,
15321,2000,15101,15320,15322,1,67,67,70,70,49,49,53,53,62,62,67,67,186,186,910,910,1134,1134,1023,1023,977,977,900,900,812,812,861,861,864,864,851,851,886,886,939,939,854,854,524,524,336,336,227,227,165,165,84,84,,,,,,,,,,,,,,,,,,,,,,,,,,,,,,,,,,,,,,,,,,,,,,,,
15322,4400,15323,15321,,0,67,67,70,70,49,49,53,53,62,62,67,67,186,186,910,910,1134,1134,1023,1023,977,977,900,900,812,812,861,861,864,864,851,851,886,886,939,939,854,854,524,524,336,336,227,227,165,165,84,84,,,,,,,,,,,,,,,,,,,,,,,,,,,,,,,,,,,,,,,,,,,,,,,,
15323,1200,15354,15083,15324;15322,2,0,0,0,0,0,0,0,0,0,0,0,0,0,0,2,2,2,2,2,2,2,2,2,2,2,2,2,2,2,2,2,2,2,2,2,2,2,2,1,1,1,1,0,0,0,0,0,0,,,,,,,,,,,,,,,,,,,,,,,,,,,,,,,,,,,,,,,,,,,,,,,,
15324,4400,15325,15323,,0,67,67,70,70,49,49,53,53,62,62,67,67,186,186,910,910,1134,1134,1023,1023,977,977,900,900,812,812,861,861,864,864,851,851,886,886,939,939,854,854,524,524,336,336,227,227,165,165,84,84,,,,,,,,,,,,,,,,,,,,,,,,,,,,,,,,,,,,,,,,,,,,,,,,
15325,4000,15326,15077,15324,1,67,67,70,70,49,49,53,53,62,62,67,67,186,186,910,910,1134,1134,1023,1023,977,977,900,900,812,812,861,861,864,864,851,851,886,886,939,939,854,854,524,524,336,336,227,227,165,165,84,84,,,,,,,,,,,,,,,,,,,,,,,,,,,,,,,,,,,,,,,,,,,,,,,,
15326,4400,15327,15325,,0,54,54,54,54,38,38,41,41,48,48,53,53,149,149,1126,1126,1279,1279,1185,1185,1176,1176,1064,1064,1030,1030,978,978,1073,1073,1075,1075,1072,1072,1157,1157,1124,1124,530,530,326,326,208,208,152,152,86,86,,,,,,,,,,,,,,,,,,,,,,,,,,,,,,,,,,,,,,,,,,,,,,,,
15327,1200,15326,15078,15328,1,0,0,0,0,0,0,0,0,0,0,0,0,0,0,4,4,4,4,4,4,4,4,3,3,3,3,3,3,4,4,4,4,4,4,4,4,4,4,2,2,1,1,1,1,0,0,0,0,,,,,,,,,,,,,,,,,,,,,,,,,,,,,,,,,,,,,,,,,,,,,,,,
15328,4400,15329,15327,,0,0,0,0,0,0,0,0,0,0,0,0,0,0,0,1138,1138,1201,1201,1284,1284,1257,1257,1168,1168,1084,1084,1145,1145,1051,1051,1179,1179,1173,1173,1211,1211,1091,1091,0,0,0,0,0,0,0,0,0,0,,,,,,,,,,,,,,,,,,,,,,,,,,,,,,,,,,,,,,,,,,,,,,,,
15329,4400,15328,15081,15391,1,0,0,0,0,0,0,0,0,0,0,0,0,0,0,1138,1138,1201,1201,1284,1284,1257,1257,1168,1168,1084,1084,1145,1145,1051,1051,1179,1179,1173,1173,1211,1211,1091,1091,0,0,0,0,0,0,0,0,0,0,,,,,,,,,,,,,,,,,,,,,,,,,,,,,,,,,,,,,,,,,,,,,,,,
15330,3500,15331,15313,,0,67,67,70,70,49,49,53,53,62,62,67,67,186,186,910,910,1134,1134,1023,1023,977,977,900,900,812,812,861,861,864,864,851,851,886,886,939,939,854,854,524,524,336,336,227,227,165,165,84,84,,,,,,,,,,,,,,,,,,,,,,,,,,,,,,,,,,,,,,,,,,,,,,,,
15331,1500,15330,15332,15090,1,67,67,70,70,49,49,53,53,62,62,67,67,186,186,910,910,1134,1134,1023,1023,977,977,900,900,812,812,861,861,864,864,851,851,886,886,939,939,854,854,524,524,336,336,227,227,165,165,84,84,,,,,,,,,,,,,,,,,,,,,,,,,,,,,,,,,,,,,,,,,,,,,,,,
15332,1600,15333,15331,,0,0,0,0,0,0,0,0,0,0,0,0,0,0,0,2,2,2,2,2,2,2,2,1,1,1,1,1,1,1,1,1,1,1,1,2,2,2,2,1,1,0,0,0,0,0,0,0,0,,,,,,,,,,,,,,,,,,,,,,,,,,,,,,,,,,,,,,,,,,,,,,,,
15333,800,15332,15112,15083,1,0,0,0,0,0,0,0,0,0,0,0,0,0,0,1,1,1,1,1,1,1,1,1,1,1,1,1,1,1,1,1,1,1,1,1,1,1,1,0,0,0,0,0,0,0,0,0,0,,,,,,,,,,,,,,,,,,,,,,,,,,,,,,,,,,,,,,,,,,,,,,,,
15334,800,,15335,,0,3,3,2,2,2,2,2,2,2,2,2,2,7,7,85,85,90,90,85,85,87,87,78,78,79,79,69,69,81,81,82,82,79,79,87,87,88,88,34,34,20,20,12,12,9,9,5,5,,,,,,,,,,,,,,,,,,,,,,,,,,,,,,,,,,,,,,,,,,,,,,,,
15335,800,15334,15077,15112,1,3,3,3,3,2,2,2,2,2,2,3,3,8,8,91,91,97,97,91,91,93,93,83,83,85,85,74,74,87,87,88,88,85,85,93,93,95,95,36,36,22,22,13,13,10,10,6,6,,,,,,,,,,,,,,,,,,,,,,,,,,,,,,,,,,,,,,,,,,,,,,,,
15336,800,15337,15103,,0,0,0,0,0,0,0,0,0,0,0,0,0,0,0,1,1,1,1,1,1,1,1,1,1,1,1,1,1,1,1,1,1,1,1,1,1,1,1,0,0,0,0,0,0,0,0,0,0,,,,,,,,,,,,,,,,,,,,,,,,,,,,,,,,,,,,,,,,,,,,,,,,
15337,800,15338,15098,15336,1,0,0,0,0,0,0,0,0,0,0,0,0,0,0,1,1,1,1,1,1,1,1,1,1,1,1,1,1,1,1,1,1,1,1,1,1,1,1,0,0,0,0,0,0,0,0,0,0,,,,,,,,,,,,,,,,,,,,,,,,,,,,,,,,,,,,,,,,,,,,,,,,
15338,800,15339,15337,,0,0,0,0,0,0,0,0,0,0,0,0,0,0,0,1,1,2,2,2,2,1,1,1,1,1,1,1,1,1,1,1,1,1,1,1,1,1,1,1,1,0,0,0,0,0,0,0,0,,,,,,,,,,,,,,,,,,,,,,,,,,,,,,,,,,,,,,,,,,,,,,,,
15339,600,15094,15100,15101;15338,2,0,0,0,0,0,0,0,0,0,0,0,0,0,0,2,2,2,2,2,2,2,2,2,2,2,2,2,2,2,2,2,2,2,2,2,2,2,2,1,1,0,0,0,0,0,0,0,0,,,,,,,,,,,,,,,,,,,,,,,,,,,,,,,,,,,,,,,,,,,,,,,,
15340,600,15133,15341,,0,0,0,0,0,0,0,0,0,0,0,0,0,0,0,2,2,2,2,2,2,2,2,2,2,2,2,2,2,2,2,2,2,2,2,2,2,2,2,1,1,1,1,0,0,0,0,0,0,,,,,,,,,,,,,,,,,,,,,,,,,,,,,,,,,,,,,,,,,,,,,,,,
15341,300,15134,15340,15342,1,0,0,0,0,0,0,0,0,0,0,0,0,0,0,1,1,2,2,2,2,2,2,1,1,1,1,1,1,1,1,1,1,1,1,2,2,1,1,1,1,0,0,0,0,0,0,0,0,,,,,,,,,,,,,,,,,,,,,,,,,,,,,,,,,,,,,,,,,,,,,,,,
15342,800,15343,15341,,0,0,0,0,0,0,0,0,0,0,0,0,0,0,0,2,2,2,2,2,2,2,2,1,1,1,1,1,1,1,1,1,1,1,1,2,2,2,2,1,1,0,0,0,0,0,0,0,0,,,,,,,,,,,,,,,,,,,,,,,,,,,,,,,,,,,,,,,,,,,,,,,,
15343,300,15342,15122,15344,1,0,0,0,0,0,0,0,0,0,0,0,0,0,0,2,2,3,3,2,2,2,2,2,2,2,2,2,2,2,2,2,2,2,2,2,2,2,2,1,1,1,1,0,0,0,0,0,0,,,,,,,,,,,,,,,,,,,,,,,,,,,,,,,,,,,,,,,,,,,,,,,,
15344,800,15343,15345,,0,0,0,0,0,0,0,0,0,0,0,0,0,0,0,2,2,2,2,2,2,2,2,2,2,2,2,2,2,2,2,2,2,2,2,2,2,2,2,1,1,1,1,0,0,0,0,0,0,,,,,,,,,,,,,,,,,,,,,,,,,,,,,,,,,,,,,,,,,,,,,,,,
15345,300,15344,15116,15346,1,0,0,0,0,0,0,0,0,0,0,0,0,0,0,1,1,2,2,2,2,2,2,1,1,1,1,1,1,1,1,1,1,1,1,2,2,1,1,1,1,0,0,0,0,0,0,0,0,,,,,,,,,,,,,,,,,,,,,,,,,,,,,,,,,,,,,,,,,,,,,,,,
15346,600,15347,15345,,0,0,0,0,0,0,0,0,0,0,0,0,0,0,0,2,2,2,2,2,2,2,2,2,2,2,2,2,2,2,2,2,2,2,2,2,2,2,2,1,1,1,1,0,0,0,0,0,0,,,,,,,,,,,,,,,,,,,,,,,,,,,,,,,,,,,,,,,,,,,,,,,,
15347,300,15352,15105,15346,1,0,0,0,0,0,0,0,0,0,0,0,0,0,0,3,3,3,3,3,3,3,3,2,2,2,2,2,2,2,2,2,2,2,2,3,3,2,2,1,1,1,1,0,0,0,0,0,0,,,,,,,,,,,,,,,,,,,,,,,,,,,,,,,,,,,,,,,,,,,,,,,,
15348,300,15349,15306,,0,0,0,0,0,0,0,0,0,0,0,0,0,0,0,2,2,2,2,2,2,2,2,2,2,2,2,2,2,2,2,2,2,2,2,2,2,2,2,1,1,1,1,0,0,0,0,0,0,,,,,,,,,,,,,,,,,,,,,,,,,,,,,,,,,,,,,,,,,,,,,,,,
15349,300,15108,15348,15117,1,0,0,0,0,0,0,0,0,0,0,0,0,0,0,2,2,2,2,2,2,2,2,2,2,2,2,2,2,2,2,2,2,2,2,2,2,2,2,1,1,1,1,0,0,0,0,0,0,,,,,,,,,,,,,,,,,,,,,,,,,,,,,,,,,,,,,,,,,,,,,,,,
15350,300,,15351,,0,0,0,0,0,0,0,0,0,0,0,0,0,0,0,1,1,1,1,1,1,1,1,1,1,1,1,1,1,1,1,1,1,1,1,1,1,1,1,0,0,0,0,0,0,0,0,0,0,,,,,,,,,,,,,,,,,,,,,,,,,,,,,,,,,,,,,,,,,,,,,,,,
15351,300,15105,15350,15102,1,0,0,0,0,0,0,0,0,0,0,0,0,0,0,1,1,1,1,1,1,1,1,1,1,1,1,1,1,1,1,1,1,1,1,1,1,1,1,0,0,0,0,0,0,0,0,0,0,,,,,,,,,,,,,,,,,,,,,,,,,,,,,,,,,,,,,,,,,,,,,,,,
15352,600,15353,15347,,0,53,53,55,55,38,38,42,42,48,48,53,53,146,146,715,715,891,891,804,804,768,768,707,707,638,638,676,676,679,679,669,669,696,696,738,738,671,671,411,411,264,264,178,178,130,130,66,66,,,,,,,,,,,,,,,,,,,,,,,,,,,,,,,,,,,,,,,,,,,,,,,,
15353,300,15108,15352,15130,1,0,0,0,0,0,0,0,0,0,0,0,0,0,0,2,2,3,3,2,2,2,2,2,2,2,2,2,2,2,2,2,2,2,2,2,2,2,2,1,1,1,1,0,0,0,0,0,0,,,,,,,,,,,,,,,,,,,,,,,,,,,,,,,,,,,,,,,,,,,,,,,,
15354,1200,15323,15355,,0,0,0,0,0,0,0,0,0,0,0,0,0,0,0,1,1,2,2,1,1,1,1,1,1,1,1,1,1,1,1,1,1,1,1,1,1,1,1,1,1,0,0,0,0,0,0,0,0,,,,,,,,,,,,,,,,,,,,,,,,,,,,,,,,,,,,,,,,,,,,,,,,
15355,400,15354,15098,15094,1,0,0,0,0,0,0,0,0,0,0,0,0,0,0,1,1,1,1,1,1,1,1,1,1,1,1,1,1,1,1,1,1,1,1,1,1,1,1,0,0,0,0,0,0,0,0,0,0,,,,,,,,,,,,,,,,,,,,,,,,,,,,,,,,,,,,,,,,,,,,,,,,
15356,2500,15365,15367,,0,54,54,54,54,38,38,41,41,48,48,53,53,149,149,1126,1126,1279,1279,1185,1185,1176,1176,1064,1064,1030,1030,978,978,1073,1073,1075,1075,1072,1072,1157,1157,1124,1124,530,530,326,326,208,208,152,152,86,86,,,,,,,,,,,,,,,,,,,,,,,,,,,,,,,,,,,,,,,,,,,,,,,,
15357,800,15358,15368,15087,1,0,0,0,0,0,0,0,0,0,0,0,0,0,0,4,4,4,4,4,4,4,4,4,4,4,4,3,3,4,4,4,4,4,4,4,4,4,4,2,2,1,1,1,1,0,0,0,0,,,,,,,,,,,,,,,,,,,,,,,,,,,,,,,,,,,,,,,,,,,,,,,,
15358,800,15359,15357,,0,0,0,0,0,0,0,0,0,0,0,0,0,0,0,3,3,4,4,3,3,3,3,3,3,3,3,3,3,3,3,3,3,3,3,3,3,3,3,1,1,1,1,1,1,0,0,0,0,,,,,,,,,,,,,,,,,,,,,,,,,,,,,,,,,,,,,,,,,,,,,,,,
15359,800,,15091,15358;15360,2,0,0,0,0,0,0,0,0,0,0,0,0,0,0,3,3,3,3,3,3,3,3,2,2,2,2,2,2,3,3,3,3,2,2,3,3,3,3,1,1,1,1,0,0,0,0,0,0,,,,,,,,,,,,,,,,,,,,,,,,,,,,,,,,,,,,,,,,,,,,,,,,
15360,800,15361,15359,,0,0,0,0,0,0,0,0,0,0,0,0,0,0,0,2,2,2,2,2,2,2,2,2,2,2,2,2,2,2,2,2,2,2,2,2,2,2,2,1,1,1,1,0,0,0,0,0,0,,,,,,,,,,,,,,,,,,,,,,,,,,,,,,,,,,,,,,,,,,,,,,,,
15361,800,15096,15360,15362,1,0,0,0,0,0,0,0,0,0,0,0,0,0,0,2,2,3,3,2,2,2,2,2,2,2,2,2,2,2,2,2,2,2,2,2,2,2,2,1,1,1,1,0,0,0,0,0,0,,,,,,,,,,,,,,,,,,,,,,,,,,,,,,,,,,,,,,,,,,,,,,,,
15362,1200,15363,15361,,0,33,33,31,31,22,22,23,23,26,26,31,31,88,88,1055,1055,1119,1119,1058,1058,1080,1080,966,966,980,980,861,861,1008,1008,1021,1021,988,988,1080,1080,1096,1096,421,421,249,249,150,150,110,110,68,68,,,,,,,,,,,,,,,,,,,,,,,,,,,,,,,,,,,,,,,,,,,,,,,,
15363,400,15362,15364,15138,1,0,0,0,0,0,0,0,0,0,0,0,0,0,0,3,3,3,3,3,3,3,3,3,3,3,3,3,3,3,3,3,3,3,3,3,3,3,3,1,1,1,1,1,1,0,0,0,0,,,,,,,,,,,,,,,,,,,,,,,,,,,,,,,,,,,,,,,,,,,,,,,,
15364,600,15363,15365,,0,33,33,31,31,22,22,23,23,26,26,31,31,88,88,1055,1055,1119,1119,1058,1058,1080,1080,966,966,980,980,861,861,1008,1008,1021,1021,988,988,1080,1080,1096,1096,421,421,249,249,150,150,110,110,68,68,,,,,,,,,,,,,,,,,,,,,,,,,,,,,,,,,,,,,,,,,,,,,,,,
15365,600,15364,15356,15130,1,0,0,0,0,0,0,0,0,0,0,0,0,1,1,6,6,6,6,6,6,6,6,5,5,5,5,5,5,5,5,5,5,5,5,6,6,6,6,2,2,2,2,1,1,1,1,0,0,,,,,,,,,,,,,,,,,,,,,,,,,,,,,,,,,,,,,,,,,,,,,,,,
15366,1000,15088,15367,,0,54,54,54,54,38,38,41,41,48,48,53,53,149,149,1126,1126,1279,1279,1185,1185,1176,1176,1064,1064,1030,1030,978,978,1073,1073,1075,1075,1072,1072,1157,1157,1124,1124,530,530,326,326,208,208,152,152,86,86,,,,,,,,,,,,,,,,,,,,,,,,,,,,,,,,,,,,,,,,,,,,,,,,
15367,500,15366,15356,15096,1,54,54,54,54,38,38,41,41,48,48,53,53,149,149,1126,1126,1279,1279,1185,1185,1176,1176,1064,1064,1030,1030,978,978,1073,1073,1075,1075,1072,1072,1157,1157,1124,1124,530,530,326,326,208,208,152,152,86,86,,,,,,,,,,,,,,,,,,,,,,,,,,,,,,,,,,,,,,,,,,,,,,,,
15368,3500,15369,15357,,0,54,54,54,54,38,38,41,41,48,48,53,53,149,149,1126,1126,1279,1279,1185,1185,1176,1176,1064,1064,1030,1030,978,978,1073,1073,1075,1075,1072,1072,1157,1157,1124,1124,530,530,326,326,208,208,152,152,86,86,,,,,,,,,,,,,,,,,,,,,,,,,,,,,,,,,,,,,,,,,,,,,,,,
15369,1100,15368,15370,15208,1,54,54,54,54,38,38,41,41,48,48,53,53,149,149,1126,1126,1279,1279,1185,1185,1176,1176,1064,1064,1030,1030,978,978,1073,1073,1075,1075,1072,1072,1157,1157,1124,1124,530,530,326,326,208,208,152,152,86,86,,,,,,,,,,,,,,,,,,,,,,,,,,,,,,,,,,,,,,,,,,,,,,,,
15370,4400,15369,15371,,0,54,54,54,54,38,38,41,41,48,48,53,53,149,149,1126,1126,1279,1279,1185,1185,1176,1176,1064,1064,1030,1030,978,978,1073,1073,1075,1075,1072,1072,1157,1157,1124,1124,530,530,326,326,208,208,152,152,86,86,,,,,,,,,,,,,,,,,,,,,,,,,,,,,,,,,,,,,,,,,,,,,,,,
15371,300,15370,15082,15372,1,0,0,0,0,0,0,0,0,0,0,0,0,0,0,3,3,3,3,3,3,3,3,2,2,2,2,2,2,3,3,3,3,2,2,3,3,3,3,1,1,1,1,0,0,0,0,0,0,,,,,,,,,,,,,,,,,,,,,,,,,,,,,,,,,,,,,,,,,,,,,,,,
15372,1200,15373,15371,,0,0,0,0,0,0,0,0,0,0,0,0,0,0,0,3,3,3,3,3,3,3,3,3,3,2,2,2,2,3,3,3,3,3,3,3,3,3,3,1,1,1,1,0,0,0,0,0,0,,,,,,,,,,,,,,,,,,,,,,,,,,,,,,,,,,,,,,,,,,,,,,,,
15373,300,15372,15085,15374,1,0,0,0,0,0,0,0,0,0,0,0,0,0,0,3,3,3,3,3,3,3,3,2,2,2,2,2,2,2,2,2,2,2,2,3,3,3,3,1,1,1,1,0,0,0,0,0,0,,,,,,,,,,,,,,,,,,,,,,,,,,,,,,,,,,,,,,,,,,,,,,,,
15374,2000,15375,15373,,0,54,54,54,54,38,38,41,41,48,48,53,53,149,149,1126,1126,1279,1279,1185,1185,1176,1176,1064,1064,1030,1030,978,978,1073,1073,1075,1075,1072,1072,1157,1157,1124,1124,530,530,326,326,208,208,152,152,86,86,,,,,,,,,,,,,,,,,,,,,,,,,,,,,,,,,,,,,,,,,,,,,,,,
15375,300,15374,15121,15376,1,0,0,0,0,0,0,0,0,0,0,0,0,0,0,3,3,3,3,3,3,3,3,2,2,2,2,2,2,2,2,3,3,2,2,3,3,3,3,1,1,1,1,0,0,0,0,0,0,,,,,,,,,,,,,,,,,,,,,,,,,,,,,,,,,,,,,,,,,,,,,,,,
15376,800,15377,15375,,0,0,0,0,0,0,0,0,0,0,0,0,0,0,0,2,2,2,2,2,2,2,2,1,1,1,1,1,1,1,1,1,1,1,1,2,2,2,2,1,1,0,0,0,0,0,0,0,0,,,,,,,,,,,,,,,,,,,,,,,,,,,,,,,,,,,,,,,,,,,,,,,,
15377,800,15376,15378,15127,1,0,0,0,0,0,0,0,0,0,0,0,0,0,0,1,1,2,2,2,2,2,2,1,1,1,1,1,1,1,1,1,1,1,1,1,1,1,1,1,1,0,0,0,0,0,0,0,0,,,,,,,,,,,,,,,,,,,,,,,,,,,,,,,,,,,,,,,,,,,,,,,,
15378,800,15377,15379,,0,0,0,0,0,0,0,0,0,0,0,0,0,0,0,2,2,2,2,2,2,2,2,2,2,2,2,2,2,2,2,2,2,2,2,2,2,2,2,1,1,1,1,0,0,0,0,0,0,,,,,,,,,,,,,,,,,,,,,,,,,,,,,,,,,,,,,,,,,,,,,,,,
15379,600,15378,15380,15093,1,0,0,0,0,0,0,0,0,0,0,0,0,0,0,2,2,3,3,2,2,2,2,2,2,2,2,2,2,2,2,2,2,2,2,2,2,2,2,1,1,1,1,0,0,0,0,0,0,,,,,,,,,,,,,,,,,,,,,,,,,,,,,,,,,,,,,,,,,,,,,,,,
15380,600,15381,15379,,0,0,0,0,0,0,0,0,0,0,0,0,0,0,0,3,3,3,3,3,3,3,3,3,3,3,3,2,2,3,3,3,3,3,3,3,3,3,3,1,1,1,1,0,0,0,0,0,0,,,,,,,,,,,,,,,,,,,,,,,,,,,,,,,,,,,,,,,,,,,,,,,,
15381,600,15380,15382,15095,1,0,0,0,0,0,0,0,0,0,0,0,0,0,0,3,3,3,3,3,3,3,3,3,3,3,3,3,3,3,3,3,3,3,3,3,3,3,3,1,1,1,1,1,1,0,0,0,0,,,,,,,,,,,,,,,,,,,,,,,,,,,,,,,,,,,,,,,,,,,,,,,,
15382,600,15381,15383,,0,0,0,0,0,0,0,0,0,0,0,0,0,0,0,4,4,4,4,4,4,4,4,3,3,3,3,3,3,3,3,3,3,3,3,4,4,4,4,2,2,1,1,1,1,0,0,0,0,,,,,,,,,,,,,,,,,,,,,,,,,,,,,,,,,,,,,,,,,,,,,,,,
15383,300,15382,15384,15089;15097,2,0,0,0,0,0,0,0,0,0,0,0,0,0,0,4,4,4,4,4,4,4,4,3,3,3,3,3,3,3,3,4,4,3,3,4,4,4,4,2,2,1,1,1,1,0,0,0,0,,,,,,,,,,,,,,,,,,,,,,,,,,,,,,,,,,,,,,,,,,,,,,,,
15384,600,15385,15383,,0,0,0,0,0,0,0,0,0,0,0,0,0,0,0,3,3,4,4,3,3,3,3,3,3,3,3,3,3,3,3,3,3,3,3,3,3,3,3,1,1,1,1,1,1,0,0,0,0,,,,,,,,,,,,,,,,,,,,,,,,,,,,,,,,,,,,,,,,,,,,,,,,
15385,800,15384,15386,15092,1,0,0,0,0,0,0,0,0,0,0,0,0,1,1,5,5,6,6,6,6,6,6,5,5,5,5,5,5,5,5,5,5,5,5,6,6,5,5,2,2,1,1,1,1,1,1,0,0,,,,,,,,,,,,,,,,,,,,,,,,,,,,,,,,,,,,,,,,,,,,,,,,
15386,800,15385,,,0,0,0,0,0,0,0,0,0,0,0,0,0,1,1,7,7,7,7,7,7,7,7,6,6,6,6,6,6,6,6,6,6,6,6,7,7,7,7,3,3,2,2,1,1,1,1,0,0,,,,,,,,,,,,,,,,,,,,,,,,,,,,,,,,,,,,,,,,,,,,,,,,
15387,1500,15390,15084,,0,54,54,54,54,38,38,41,41,48,48,53,53,149,149,1126,1126,1279,1279,1185,1185,1176,1176,1064,1064,1030,1030,978,978,1073,1073,1075,1075,1072,1072,1157,1157,1124,1124,530,530,326,326,208,208,152,152,86,86,,,,,,,,,,,,,,,,,,,,,,,,,,,,,,,,,,,,,,,,,,,,,,,,
15388,1000,15389,15081,15075,1,54,54,54,54,38,38,41,41,48,48,53,53,149,149,1126,1126,1279,1279,1185,1185,1176,1176,1064,1064,1030,1030,978,978,1073,1073,1075,1075,1072,1072,1157,1157,1124,1124,530,530,326,326,208,208,152,152,86,86,,,,,,,,,,,,,,,,,,,,,,,,,,,,,,,,,,,,,,,,,,,,,,,,
15389,600,15388,15390,,0,0,0,0,0,0,0,0,0,0,0,0,0,1,1,5,5,6,6,6,6,6,6,5,5,5,5,5,5,5,5,5,5,5,5,6,6,6,6,2,2,1,1,1,1,1,1,0,0,,,,,,,,,,,,,,,,,,,,,,,,,,,,,,,,,,,,,,,,,,,,,,,,
15390,300,15387,15076,15389,1,0,0,0,0,0,0,0,0,0,0,0,0,0,0,4,4,5,5,4,4,4,4,4,4,4,4,4,4,4,4,4,4,4,4,4,4,4,4,2,2,1,1,1,1,1,1,0,0,,,,,,,,,,,,,,,,,,,,,,,,,,,,,,,,,,,,,,,,,,,,,,,,
15391,4400,15392,15329,,0,0,0,0,0,0,0,0,0,0,0,0,0,0,0,1138,1138,1201,1201,1284,1284,1257,1257,1168,1168,1084,1084,1145,1145,1051,1051,1179,1179,1173,1173,1211,1211,1091,1091,0,0,0,0,0,0,0,0,0,0,,,,,,,,,,,,,,,,,,,,,,,,,,,,,,,,,,,,,,,,,,,,,,,,
15392,800,,15073,15397;15391,2,0,0,0,0,0,0,0,0,0,0,0,0,1,1,42,42,44,44,45,45,45,45,41,41,39,39,39,39,39,39,42,42,42,42,44,44,41,41,5,5,3,3,2,2,1,1,1,1,,,,,,,,,,,,,,,,,,,,,,,,,,,,,,,,,,,,,,,,,,,,,,,,
15393,800,,15394,,0,0,0,0,0,0,0,0,0,0,0,0,0,1,1,30,30,32,32,33,33,33,33,30,30,29,29,29,29,28,28,31,31,30,30,32,32,30,30,4,4,2,2,1,1,1,1,1,1,,,,,,,,,,,,,,,,,,,,,,,,,,,,,,,,,,,,,,,,,,,,,,,,
15394,800,15073,15393,15072,1,0,0,0,0,0,0,0,0,0,0,0,0,1,1,35,35,37,37,38,38,37,37,34,34,33,33,33,33,32,32,35,35,35,35,37,37,34,34,4,4,3,3,2,2,1,1,1,1,,,,,,,,,,,,,,,,,,,,,,,,,,,,,,,,,,,,,,,,,,,,,,,,
15395,2500,15398,15396,,0,0,0,0,0,0,0,0,0,0,0,0,0,0,0,1138,1138,1201,1201,1284,1284,1257,1257,1168,1168,1084,1084,1145,1145,1051,1051,1179,1179,1173,1173,1211,1211,1091,1091,0,0,0,0,0,0,0,0,0,0,,,,,,,,,,,,,,,,,,,,,,,,,,,,,,,,,,,,,,,,,,,,,,,,
15396,1600,15072,15080,15395,1,1,1,1,1,0,0,1,1,1,1,1,1,2,2,73,73,78,78,80,80,79,79,73,73,69,69,69,69,69,69,74,74,73,73,77,77,72,72,9,9,5,5,3,3,2,2,1,1,,,,,,,,,,,,,,,,,,,,,,,,,,,,,,,,,,,,,,,,,,,,,,,,
15397,4400,15398,15392,,0,0,0,0,0,0,0,0,0,0,0,0,0,0,0,1138,1138,1201,1201,1284,1284,1257,1257,1168,1168,1084,1084,1145,1145,1051,1051,1179,1179,1173,1173,1211,1211,1091,1091,0,0,0,0,0,0,0,0,0,0,,,,,,,,,,,,,,,,,,,,,,,,,,,,,,,,,,,,,,,,,,,,,,,,
15398,3000,15395,,15397,1,0,0,0,0,0,0,0,0,0,0,0,0,0,0,1138,1138,1201,1201,1284,1284,1257,1257,1168,1168,1084,1084,1145,1145,1051,1051,1179,1179,1173,1173,1211,1211,1091,1091,0,0,0,0,0,0,0,0,0,0,,,,,,,,,,,,,,,,,,,,,,,,,,,,,,,,,,,,,,,,,,,,,,,,
15399,300,,356,17723;353,2,0,0,0,0,0,0,0,0,0,0,0,0,0,0,4,4,4,4,4,4,4,4,4,4,3,3,3,3,3,3,4,4,4,4,4,4,3,3,1,1,0,0,0,0,0,0,0,0,,,,,,,,,,,,,,,,,,,,,,,,,,,,,,,,,,,,,,,,,,,,,,,,
154,4400,143,166,165;155,2,27,27,28,28,20,20,21,21,25,25,27,27,74,74,1049,1049,1182,1182,1170,1170,1126,1126,1056,1056,970,970,1022,1022,982,982,1052,1052,1066,1066,1112,1112,1010,1010,210,210,134,134,91,91,66,66,34,34,,,,,,,,,,,,,,,,,,,,,,,,,,,,,,,,,,,,,,,,,,,,,,,,
15400,500,541,536,17724,1,54,54,56,56,39,39,42,42,50,50,54,54,149,149,956,956,1147,1147,1075,1075,1033,1033,954,954,866,866,918,918,901,901,917,917,943,943,993,993,901,901,419,419,269,269,182,182,132,132,67,67,,,,,,,,,,,,,,,,,,,,,,,,,,,,,,,,,,,,,,,,,,,,,,,,
15401,600,15884,15881,,0,0,0,0,0,0,0,0,0,0,0,0,0,0,0,2,2,2,2,2,2,2,2,2,2,2,2,2,2,2,2,2,2,2,2,2,2,2,2,1,1,0,0,0,0,0,0,0,0,,,,,,,,,,,,,,,,,,,,,,,,,,,,,,,,,,,,,,,,,,,,,,,,
15402,4400,15406,tran_c5783510-b301-4e15-afa8-3b41cf3bebd1,,0,60,60,61,61,43,43,46,46,54,54,59,59,165,165,1034,1034,1217,1217,1116,1116,1091,1091,994,994,936,936,928,928,983,983,979,979,992,992,1064,1064,1008,1008,527,527,330,330,216,216,158,158,85,85,,,,,,,,,,,,,,,,,,,,,,,,,,,,,,,,,,,,,,,,,,,,,,,,
15403,300,15912,,,0,0,0,0,0,0,0,0,0,0,0,0,0,0,0,2,2,2,2,2,2,2,2,2,2,2,2,2,2,2,2,2,2,2,2,2,2,2,2,1,1,1,1,0,0,0,0,0,0,,,,,,,,,,,,,,,,,,,,,,,,,,,,,,,,,,,,,,,,,,,,,,,,
15404,800,15870,15866,,0,0,0,0,0,0,0,0,0,0,0,0,0,0,0,2,2,2,2,2,2,2,2,1,1,1,1,1,1,1,1,1,1,1,1,2,2,1,1,1,1,0,0,0,0,0,0,0,0,,,,,,,,,,,,,,,,,,,,,,,,,,,,,,,,,,,,,,,,,,,,,,,,
15405,1600,15912,tran_4ea14fe7-31c2-4bb2-b70b-87aac2493401,,0,10,10,10,10,7,7,8,8,9,9,10,10,27,27,536,536,591,591,605,605,588,588,546,546,503,503,532,532,499,499,543,543,546,546,567,567,512,512,75,75,48,48,32,32,24,24,12,12,,,,,,,,,,,,,,,,,,,,,,,,,,,,,,,,,,,,,,,,,,,,,,,,
15406,1200,15417,15911,15402;15913,2,0,0,0,0,0,0,0,0,0,0,0,0,1,1,5,5,6,6,6,6,6,6,5,5,5,5,5,5,5,5,5,5,5,5,5,5,5,5,3,3,2,2,1,1,1,1,0,0,,,,,,,,,,,,,,,,,,,,,,,,,,,,,,,,,,,,,,,,,,,,,,,,
15407,2500,tran_c5783510-b301-4e15-afa8-3b41cf3bebd1,15924,,0,67,67,70,70,49,49,53,53,62,62,67,67,186,186,910,910,1134,1134,1023,1023,977,977,900,900,812,812,861,861,864,864,851,851,886,886,939,939,854,854,524,524,336,336,227,227,165,165,84,84,,,,,,,,,,,,,,,,,,,,,,,,,,,,,,,,,,,,,,,,,,,,,,,,
15408,1200,15878,15875,,0,0,0,0,0,0,0,0,0,0,0,0,0,0,0,1,1,1,1,1,1,1,1,1,1,1,1,1,1,1,1,1,1,1,1,1,1,1,1,0,0,0,0,0,0,0,0,0,0,,,,,,,,,,,,,,,,,,,,,,,,,,,,,,,,,,,,,,,,,,,,,,,,
15409,1200,15878,15870,,0,0,0,0,0,0,0,0,0,0,0,0,0,0,0,0,0,0,0,0,0,0,0,0,0,0,0,0,0,0,0,0,0,0,0,0,0,0,0,0,0,0,0,0,0,0,0,0,0,,,,,,,,,,,,,,,,,,,,,,,,,,,,,,,,,,,,,,,,,,,,,,,,
15410,1200,15890,15875,,0,0,0,0,0,0,0,0,0,0,0,0,0,0,0,2,2,3,3,2,2,2,2,2,2,2,2,2,2,2,2,2,2,2,2,2,2,2,2,1,1,1,1,0,0,0,0,0,0,,,,,,,,,,,,,,,,,,,,,,,,,,,,,,,,,,,,,,,,,,,,,,,,
15411,4400,tran_4ea14fe7-31c2-4bb2-b70b-87aac2493401,15910,,0,19,19,20,20,14,14,15,15,18,18,19,19,53,53,1073,1073,1182,1182,1209,1209,1177,1177,1091,1091,1006,1006,1064,1064,998,998,1085,1085,1091,1091,1133,1133,1023,1023,150,150,96,96,65,65,47,47,24,24,,,,,,,,,,,,,,,,,,,,,,,,,,,,,,,,,,,,,,,,,,,,,,,,
15412,1200,15898,15884,,0,0,0,0,0,0,0,0,0,0,0,0,0,0,0,1,1,2,2,2,2,2,2,1,1,1,1,1,1,1,1,1,1,1,1,2,2,1,1,1,1,0,0,0,0,0,0,0,0,,,,,,,,,,,,,,,,,,,,,,,,,,,,,,,,,,,,,,,,,,,,,,,,
15413,300,15415,15898,,0,0,0,0,0,0,0,0,0,0,0,0,0,0,0,2,2,2,2,2,2,2,2,2,2,2,2,2,2,2,2,2,2,2,2,2,2,2,2,1,1,1,1,0,0,0,0,0,0,,,,,,,,,,,,,,,,,,,,,,,,,,,,,,,,,,,,,,,,,,,,,,,,
15414,300,,15415,,0,0,0,0,0,0,0,0,0,0,0,0,0,0,0,2,2,2,2,2,2,2,2,2,2,1,1,1,1,1,1,2,2,2,2,2,2,2,2,1,1,0,0,0,0,0,0,0,0,,,,,,,,,,,,,,,,,,,,,,,,,,,,,,,,,,,,,,,,,,,,,,,,
15415,300,15422,15413,15414;15418,2,0,0,0,0,0,0,0,0,0,0,0,0,0,0,2,2,2,2,2,2,2,2,2,2,2,2,2,2,2,2,2,2,2,2,2,2,2,2,1,1,1,1,0,0,0,0,0,0,,,,,,,,,,,,,,,,,,,,,,,,,,,,,,,,,,,,,,,,,,,,,,,,
15416,800,15909,15431,15897;15743,2,0,0,0,0,0,0,0,0,0,0,0,0,0,0,2,2,3,3,2,2,2,2,2,2,2,2,2,2,2,2,2,2,2,2,2,2,2,2,1,1,1,1,0,0,0,0,0,0,,,,,,,,,,,,,,,,,,,,,,,,,,,,,,,,,,,,,,,,,,,,,,,,
15417,1600,15406,15918,,0,0,0,0,0,0,0,0,0,0,0,0,0,0,0,1,1,1,1,1,1,1,1,1,1,1,1,1,1,1,1,1,1,1,1,1,1,1,1,1,1,0,0,0,0,0,0,0,0,,,,,,,,,,,,,,,,,,,,,,,,,,,,,,,,,,,,,,,,,,,,,,,,
15418,300,15415,15421,,0,0,0,0,0,0,0,0,0,0,0,0,0,0,0,2,2,2,2,2,2,2,2,2,2,2,2,2,2,2,2,2,2,2,2,2,2,2,2,1,1,0,0,0,0,0,0,0,0,,,,,,,,,,,,,,,,,,,,,,,,,,,,,,,,,,,,,,,,,,,,,,,,
15419,1200,15910,15916,,0,0,0,0,0,0,0,0,0,0,0,0,0,0,0,1,1,1,1,1,1,1,1,1,1,1,1,1,1,1,1,1,1,1,1,1,1,1,1,1,1,0,0,0,0,0,0,0,0,,,,,,,,,,,,,,,,,,,,,,,,,,,,,,,,,,,,,,,,,,,,,,,,
15420,300,15421,,,0,0,0,0,0,0,0,0,0,0,0,0,0,0,0,1,1,1,1,1,1,1,1,1,1,1,1,1,1,1,1,1,1,1,1,1,1,1,1,1,1,0,0,0,0,0,0,0,0,,,,,,,,,,,,,,,,,,,,,,,,,,,,,,,,,,,,,,,,,,,,,,,,
15421,300,15420,15429,15418;15426,2,0,0,0,0,0,0,0,0,0,0,0,0,0,0,2,2,2,2,2,2,2,2,2,2,1,1,1,1,1,1,2,2,2,2,2,2,2,2,1,1,0,0,0,0,0,0,0,0,,,,,,,,,,,,,,,,,,,,,,,,,,,,,,,,,,,,,,,,,,,,,,,,
15422,3500,15415,15904,,0,67,67,70,70,49,49,53,53,62,62,67,67,186,186,910,910,1134,1134,1023,1023,977,977,900,900,812,812,861,861,864,864,851,851,886,886,939,939,854,854,524,524,336,336,227,227,165,165,84,84,,,,,,,,,,,,,,,,,,,,,,,,,,,,,,,,,,,,,,,,,,,,,,,,
15423,800,15880,15875,,0,0,0,0,0,0,0,0,0,0,0,0,0,0,0,1,1,2,2,1,1,1,1,1,1,1,1,1,1,1,1,1,1,1,1,1,1,1,1,1,1,0,0,0,0,0,0,0,0,,,,,,,,,,,,,,,,,,,,,,,,,,,,,,,,,,,,,,,,,,,,,,,,
15424,800,15886,15872,,0,0,0,0,0,0,0,0,0,0,0,0,0,0,0,1,1,1,1,1,1,1,1,1,1,1,1,1,1,1,1,1,1,1,1,1,1,1,1,1,1,0,0,0,0,0,0,0,0,,,,,,,,,,,,,,,,,,,,,,,,,,,,,,,,,,,,,,,,,,,,,,,,
15425,1200,15920,15926,,0,0,0,0,0,0,0,0,0,0,0,0,0,1,1,4,4,4,4,4,4,4,4,4,4,3,3,3,3,4,4,4,4,4,4,4,4,4,4,2,2,1,1,1,1,1,1,0,0,,,,,,,,,,,,,,,,,,,,,,,,,,,,,,,,,,,,,,,,,,,,,,,,
15426,300,15421,15896,,0,0,0,0,0,0,0,0,0,0,0,0,0,0,0,1,1,2,2,1,1,1,1,1,1,1,1,1,1,1,1,1,1,1,1,1,1,1,1,1,1,0,0,0,0,0,0,0,0,,,,,,,,,,,,,,,,,,,,,,,,,,,,,,,,,,,,,,,,,,,,,,,,
15427,3000,15881,15890,,0,67,67,70,70,49,49,53,53,62,62,67,67,186,186,910,910,1134,1134,1023,1023,977,977,900,900,812,812,861,861,864,864,851,851,886,886,939,939,854,854,524,524,336,336,227,227,165,165,84,84,,,,,,,,,,,,,,,,,,,,,,,,,,,,,,,,,,,,,,,,,,,,,,,,
15428,800,15433,15916,,0,0,0,0,0,0,0,0,0,0,0,0,0,0,0,1,1,2,2,2,2,2,2,1,1,1,1,1,1,1,1,1,1,1,1,1,1,1,1,1,1,0,0,0,0,0,0,0,0,,,,,,,,,,,,,,,,,,,,,,,,,,,,,,,,,,,,,,,,,,,,,,,,
15429,600,15421,15906,,0,0,0,0,0,0,0,0,0,0,0,0,0,0,0,2,2,2,2,2,2,2,2,2,2,2,2,2,2,2,2,2,2,2,2,2,2,2,2,1,1,0,0,0,0,0,0,0,0,,,,,,,,,,,,,,,,,,,,,,,,,,,,,,,,,,,,,,,,,,,,,,,,
15430,800,15434,15918,,0,0,0,0,0,0,0,0,0,0,0,0,0,0,0,3,3,3,3,3,3,3,3,3,3,2,2,2,2,3,3,3,3,3,3,3,3,3,3,1,1,1,1,1,1,0,0,0,0,,,,,,,,,,,,,,,,,,,,,,,,,,,,,,,,,,,,,,,,,,,,,,,,
15431,1600,15416,15433,,0,0,0,0,0,0,0,0,0,0,0,0,0,0,0,3,3,3,3,3,3,3,3,3,3,3,3,3,3,3,3,3,3,3,3,3,3,3,3,1,1,1,1,1,1,0,0,0,0,,,,,,,,,,,,,,,,,,,,,,,,,,,,,,,,,,,,,,,,,,,,,,,,
15432,1600,15434,15914,,0,0,0,0,0,0,0,0,0,0,0,0,0,0,0,3,3,3,3,3,3,3,3,3,3,3,3,3,3,3,3,3,3,3,3,3,3,3,3,1,1,1,1,1,1,0,0,0,0,,,,,,,,,,,,,,,,,,,,,,,,,,,,,,,,,,,,,,,,,,,,,,,,
15433,800,15431,15442,15428;15755,2,0,0,0,0,0,0,0,0,0,0,0,0,0,0,1,1,2,2,2,2,2,2,1,1,1,1,1,1,1,1,1,1,1,1,2,2,1,1,1,1,0,0,0,0,0,0,0,0,,,,,,,,,,,,,,,,,,,,,,,,,,,,,,,,,,,,,,,,,,,,,,,,
15434,800,15432,15436,15430;15441,2,0,0,0,0,0,0,0,0,0,0,0,0,0,0,2,2,2,2,2,2,2,2,2,2,2,2,2,2,2,2,2,2,2,2,2,2,2,2,1,1,1,1,0,0,0,0,0,0,,,,,,,,,,,,,,,,,,,,,,,,,,,,,,,,,,,,,,,,,,,,,,,,
15435,300,15892,15708,,0,0,0,0,0,0,0,0,0,0,0,0,0,0,0,1,1,1,1,1,1,1,1,1,1,1,1,1,1,1,1,1,1,1,1,1,1,1,1,1,1,0,0,0,0,0,0,0,0,,,,,,,,,,,,,,,,,,,,,,,,,,,,,,,,,,,,,,,,,,,,,,,,
15436,800,15434,15792,,0,0,0,0,0,0,0,0,0,0,0,0,0,0,0,3,3,3,3,3,3,3,3,3,3,3,3,3,3,3,3,3,3,3,3,3,3,3,3,1,1,1,1,1,1,0,0,0,0,,,,,,,,,,,,,,,,,,,,,,,,,,,,,,,,,,,,,,,,,,,,,,,,
15437,1200,15896,15746,,0,0,0,0,0,0,0,0,0,0,0,0,0,0,0,1,1,1,1,1,1,1,1,1,1,1,1,1,1,1,1,1,1,1,1,1,1,1,1,1,1,0,0,0,0,0,0,0,0,,,,,,,,,,,,,,,,,,,,,,,,,,,,,,,,,,,,,,,,,,,,,,,,
15438,4400,15870,tran_cd7ee853-49aa-4d81-9025-b3370af04cfc,,0,44,44,45,45,32,32,34,34,40,40,44,44,122,122,967,967,1118,1118,1048,1048,1018,1018,940,940,881,881,886,886,916,916,935,935,947,947,1007,1007,945,945,387,387,243,243,159,159,116,116,62,62,,,,,,,,,,,,,,,,,,,,,,,,,,,,,,,,,,,,,,,,,,,,,,,,
15439,1600,15756,15908,,0,33,33,31,31,22,22,23,23,26,26,31,31,88,88,1055,1055,1119,1119,1058,1058,1080,1080,966,966,980,980,861,861,1008,1008,1021,1021,988,988,1080,1080,1096,1096,421,421,249,249,150,150,110,110,68,68,,,,,,,,,,,,,,,,,,,,,,,,,,,,,,,,,,,,,,,,,,,,,,,,
15440,800,15868,15894,,0,0,0,0,0,0,0,0,0,0,0,0,0,0,0,0,0,0,0,0,0,0,0,0,0,0,0,0,0,0,0,0,0,0,0,0,0,0,0,0,0,0,0,0,0,0,0,0,0,,,,,,,,,,,,,,,,,,,,,,,,,,,,,,,,,,,,,,,,,,,,,,,,
15441,800,15434,15444,,0,0,0,0,0,0,0,0,0,0,0,0,0,0,0,2,2,2,2,2,2,2,2,2,2,1,1,1,1,2,2,2,2,2,2,2,2,2,2,1,1,0,0,0,0,0,0,0,0,,,,,,,,,,,,,,,,,,,,,,,,,,,,,,,,,,,,,,,,,,,,,,,,
15442,2000,15444,15433,,0,60,60,61,61,43,43,46,46,54,54,59,59,165,165,1034,1034,1217,1217,1116,1116,1091,1091,994,994,936,936,928,928,983,983,979,979,992,992,1064,1064,1008,1008,527,527,330,330,216,216,158,158,85,85,,,,,,,,,,,,,,,,,,,,,,,,,,,,,,,,,,,,,,,,,,,,,,,,
15443,300,15446,15756,,0,0,0,0,0,0,0,0,0,0,0,0,0,0,0,2,2,2,2,2,2,2,2,2,2,1,1,1,1,2,2,2,2,2,2,2,2,2,2,1,1,0,0,0,0,0,0,0,0,,,,,,,,,,,,,,,,,,,,,,,,,,,,,,,,,,,,,,,,,,,,,,,,
15444,800,15783,15441,15442;15449,2,0,0,0,0,0,0,0,0,0,0,0,0,0,0,2,2,2,2,2,2,2,2,2,2,2,2,2,2,2,2,2,2,2,2,2,2,2,2,1,1,1,1,0,0,0,0,0,0,,,,,,,,,,,,,,,,,,,,,,,,,,,,,,,,,,,,,,,,,,,,,,,,
15445,1600,15446,15744,,0,0,0,0,0,0,0,0,0,0,0,0,0,0,0,3,3,3,3,3,3,3,3,3,3,3,3,3,3,3,3,3,3,3,3,3,3,3,3,1,1,1,1,1,1,0,0,0,0,,,,,,,,,,,,,,,,,,,,,,,,,,,,,,,,,,,,,,,,,,,,,,,,
15446,300,15458,15445,15443;15757,2,0,0,0,0,0,0,0,0,0,0,0,0,0,0,2,2,3,3,2,2,2,2,2,2,2,2,2,2,2,2,2,2,2,2,2,2,2,2,1,1,1,1,0,0,0,0,0,0,,,,,,,,,,,,,,,,,,,,,,,,,,,,,,,,,,,,,,,,,,,,,,,,
15447,1600,,15706,,0,0,0,0,0,0,0,0,0,0,0,0,0,0,0,2,2,2,2,2,2,2,2,1,1,1,1,1,1,1,1,1,1,1,1,2,2,1,1,1,1,0,0,0,0,0,0,0,0,,,,,,,,,,,,,,,,,,,,,,,,,,,,,,,,,,,,,,,,,,,,,,,,
15448,800,15784,,,0,0,0,0,0,0,0,0,0,0,0,0,0,0,0,3,3,4,4,3,3,3,3,3,3,3,3,3,3,3,3,3,3,3,3,3,3,3,3,2,2,1,1,1,1,0,0,0,0,,,,,,,,,,,,,,,,,,,,,,,,,,,,,,,,,,,,,,,,,,,,,,,,
15449,1200,15454,15444,,0,0,0,0,0,0,0,0,0,0,0,0,0,0,0,2,2,2,2,2,2,2,2,2,2,2,2,2,2,2,2,2,2,2,2,2,2,2,2,1,1,1,1,0,0,0,0,0,0,,,,,,,,,,,,,,,,,,,,,,,,,,,,,,,,,,,,,,,,,,,,,,,,
15450,1200,,15750,,0,0,0,0,0,0,0,0,0,0,0,0,0,0,0,3,3,3,3,3,3,3,3,3,3,3,3,3,3,3,3,3,3,3,3,3,3,3,3,1,1,1,1,1,1,0,0,0,0,,,,,,,,,,,,,,,,,,,,,,,,,,,,,,,,,,,,,,,,,,,,,,,,
15451,300,,15705,,0,0,0,0,0,0,0,0,0,0,0,0,0,0,0,3,3,3,3,3,3,3,3,2,2,2,2,2,2,2,2,2,2,2,2,3,3,3,3,1,1,1,1,0,0,0,0,0,0,,,,,,,,,,,,,,,,,,,,,,,,,,,,,,,,,,,,,,,,,,,,,,,,
15452,4400,tran_71b3f160-8aa3-481a-acb0-601b39824e81,15924,,0,0,0,0,0,0,0,0,0,0,0,0,0,0,0,1138,1138,1201,1201,1284,1284,1257,1257,1168,1168,1084,1084,1145,1145,1051,1051,1179,1179,1173,1173,1211,1211,1091,1091,0,0,0,0,0,0,0,0,0,0,,,,,,,,,,,,,,,,,,,,,,,,,,,,,,,,,,,,,,,,,,,,,,,,
15453,800,15752,,,0,0,0,0,0,0,0,0,0,0,0,0,0,0,0,894,894,944,944,1009,1009,988,988,917,917,851,851,900,900,826,826,926,926,922,922,952,952,857,857,0,0,0,0,0,0,0,0,0,0,,,,,,,,,,,,,,,,,,,,,,,,,,,,,,,,,,,,,,,,,,,,,,,,
15454,800,15449,15456,15791;15461,2,0,0,0,0,0,0,0,0,0,0,0,0,1,1,6,6,7,7,6,6,6,6,6,6,5,5,5,5,6,6,6,6,6,6,6,6,6,6,3,3,2,2,1,1,1,1,0,0,,,,,,,,,,,,,,,,,,,,,,,,,,,,,,,,,,,,,,,,,,,,,,,,
15455,4400,15704,15866,,0,67,67,70,70,49,49,53,53,62,62,67,67,186,186,910,910,1134,1134,1023,1023,977,977,900,900,812,812,861,861,864,864,851,851,886,886,939,939,854,854,524,524,336,336,227,227,165,165,84,84,,,,,,,,,,,,,,,,,,,,,,,,,,,,,,,,,,,,,,,,,,,,,,,,
15456,800,15454,15460,,0,0,0,0,0,0,0,0,0,0,0,0,0,1,1,4,4,4,4,4,4,4,4,3,3,3,3,3,3,3,3,3,3,3,3,4,4,4,4,2,2,1,1,1,1,1,1,0,0,,,,,,,,,,,,,,,,,,,,,,,,,,,,,,,,,,,,,,,,,,,,,,,,
15457,4400,15459,,,0,0,0,0,0,0,0,0,0,0,0,0,0,0,0,1138,1138,1201,1201,1284,1284,1257,1257,1168,1168,1084,1084,1145,1145,1051,1051,1179,1179,1173,1173,1211,1211,1091,1091,0,0,0,0,0,0,0,0,0,0,,,,,,,,,,,,,,,,,,,,,,,,,,,,,,,,,,,,,,,,,,,,,,,,
15458,1200,15782,15446,,0,0,0,0,0,0,0,0,0,0,0,0,0,0,0,3,3,3,3,3,3,3,3,2,2,2,2,2,2,2,2,2,2,2,2,3,3,3,3,1,1,1,1,0,0,0,0,0,0,,,,,,,,,,,,,,,,,,,,,,,,,,,,,,,,,,,,,,,,,,,,,,,,
15459,800,15476,15457,15925;15460,2,0,0,0,0,0,0,0,0,0,0,0,0,0,0,3,3,4,4,3,3,3,3,3,3,3,3,3,3,3,3,3,3,3,3,3,3,3,3,2,2,1,1,1,1,0,0,0,0,,,,,,,,,,,,,,,,,,,,,,,,,,,,,,,,,,,,,,,,,,,,,,,,
15460,800,15459,15793,15456,1,0,0,0,0,0,0,0,0,0,0,0,0,1,1,4,4,4,4,4,4,4,4,4,4,3,3,3,3,4,4,4,4,4,4,4,4,4,4,2,2,1,1,1,1,1,1,0,0,,,,,,,,,,,,,,,,,,,,,,,,,,,,,,,,,,,,,,,,,,,,,,,,
15461,3500,15454,15464,,0,60,60,61,61,43,43,46,46,54,54,59,59,165,165,1034,1034,1217,1217,1116,1116,1091,1091,994,994,936,936,928,928,983,983,979,979,992,992,1064,1064,1008,1008,527,527,330,330,216,216,158,158,85,85,,,,,,,,,,,,,,,,,,,,,,,,,,,,,,,,,,,,,,,,,,,,,,,,
15462,1200,15710,,,0,0,0,0,0,0,0,0,0,0,0,0,0,0,0,1,1,2,2,1,1,1,1,1,1,1,1,1,1,1,1,1,1,1,1,1,1,1,1,1,1,0,0,0,0,0,0,0,0,,,,,,,,,,,,,,,,,,,,,,,,,,,,,,,,,,,,,,,,,,,,,,,,
15463,2000,15699,15709,15705;15490,2,67,67,70,70,49,49,53,53,62,62,67,67,186,186,910,910,1134,1134,1023,1023,977,977,900,900,812,812,861,861,864,864,851,851,886,886,939,939,854,854,524,524,336,336,227,227,165,165,84,84,,,,,,,,,,,,,,,,,,,,,,,,,,,,,,,,,,,,,,,,,,,,,,,,
15464,800,15467,15793,15461;15787,2,0,0,0,0,0,0,0,0,0,0,0,0,1,1,5,5,6,6,6,6,5,5,5,5,5,5,5,5,5,5,5,5,5,5,5,5,5,5,3,3,2,2,1,1,1,1,0,0,,,,,,,,,,,,,,,,,,,,,,,,,,,,,,,,,,,,,,,,,,,,,,,,
15465,800,15782,15784,,0,0,0,0,0,0,0,0,0,0,0,0,0,0,0,2,2,2,2,2,2,2,2,2,2,2,2,2,2,2,2,2,2,2,2,2,2,2,2,1,1,1,1,0,0,0,0,0,0,,,,,,,,,,,,,,,,,,,,,,,,,,,,,,,,,,,,,,,,,,,,,,,,
15466,1200,15762,15754,,0,33,33,31,31,22,22,23,23,26,26,31,31,88,88,1055,1055,1119,1119,1058,1058,1080,1080,966,966,980,980,861,861,1008,1008,1021,1021,988,988,1080,1080,1096,1096,421,421,249,249,150,150,110,110,68,68,,,,,,,,,,,,,,,,,,,,,,,,,,,,,,,,,,,,,,,,,,,,,,,,
15467,1200,15468,15464,,0,0,0,0,0,0,0,0,0,0,0,0,0,0,0,2,2,2,2,2,2,2,2,2,2,2,2,1,1,2,2,2,2,2,2,2,2,2,2,1,1,1,1,0,0,0,0,0,0,,,,,,,,,,,,,,,,,,,,,,,,,,,,,,,,,,,,,,,,,,,,,,,,
15468,1200,15482,15474,15781;15467;15773,3,0,0,0,0,0,0,0,0,0,0,0,0,0,0,3,3,4,4,4,4,4,4,3,3,3,3,3,3,3,3,3,3,3,3,3,3,3,3,2,2,1,1,1,1,0,0,0,0,,,,,,,,,,,,,,,,,,,,,,,,,,,,,,,,,,,,,,,,,,,,,,,,
15469,2000,15718,15708,,0,67,67,70,70,49,49,53,53,62,62,67,67,186,186,910,910,1134,1134,1023,1023,977,977,900,900,812,812,861,861,864,864,851,851,886,886,939,939,854,854,524,524,336,336,227,227,165,165,84,84,,,,,,,,,,,,,,,,,,,,,,,,,,,,,,,,,,,,,,,,,,,,,,,,
15470,1200,15738,,,0,33,33,31,31,22,22,23,23,26,26,31,31,88,88,1055,1055,1119,1119,1058,1058,1080,1080,966,966,980,980,861,861,1008,1008,1021,1021,988,988,1080,1080,1096,1096,421,421,249,249,150,150,110,110,68,68,,,,,,,,,,,,,,,,,,,,,,,,,,,,,,,,,,,,,,,,,,,,,,,,
15471,800,,15772,,0,0,0,0,0,0,0,0,0,0,0,0,0,0,0,3,3,3,3,3,3,3,3,2,2,2,2,2,2,2,2,2,2,2,2,3,3,3,3,1,1,1,1,0,0,0,0,0,0,,,,,,,,,,,,,,,,,,,,,,,,,,,,,,,,,,,,,,,,,,,,,,,,
15472,3500,15758,15475,,0,60,60,61,61,43,43,46,46,54,54,59,59,165,165,1034,1034,1217,1217,1116,1116,1091,1091,994,994,936,936,928,928,983,983,979,979,992,992,1064,1064,1008,1008,527,527,330,330,216,216,158,158,85,85,,,,,,,,,,,,,,,,,,,,,,,,,,,,,,,,,,,,,,,,,,,,,,,,
15473,600,15760,15768,,0,0,0,0,0,0,0,0,0,0,0,0,0,1,1,4,4,4,4,4,4,4,4,4,4,3,3,3,3,4,4,4,4,4,4,4,4,4,4,2,2,1,1,1,1,1,1,0,0,,,,,,,,,,,,,,,,,,,,,,,,,,,,,,,,,,,,,,,,,,,,,,,,
15474,800,15772,15468,,0,0,0,0,0,0,0,0,0,0,0,0,0,0,0,3,3,4,4,3,3,3,3,3,3,3,3,3,3,3,3,3,3,3,3,3,3,3,3,2,2,1,1,1,1,0,0,0,0,,,,,,,,,,,,,,,,,,,,,,,,,,,,,,,,,,,,,,,,,,,,,,,,
15475,300,15493,15472,15769;15767,2,0,0,0,0,0,0,0,0,0,0,0,0,0,0,3,3,4,4,3,3,3,3,3,3,3,3,3,3,3,3,3,3,3,3,3,3,3,3,2,2,1,1,1,1,0,0,0,0,,,,,,,,,,,,,,,,,,,,,,,,,,,,,,,,,,,,,,,,,,,,,,,,
15476,300,15459,15790,,0,0,0,0,0,0,0,0,0,0,0,0,0,1,1,4,4,5,5,4,4,4,4,4,4,4,4,4,4,4,4,4,4,4,4,4,4,4,4,2,2,1,1,1,1,1,1,0,0,,,,,,,,,,,,,,,,,,,,,,,,,,,,,,,,,,,,,,,,,,,,,,,,
15477,1600,15762,15766,,0,33,33,31,31,22,22,23,23,26,26,31,31,88,88,1055,1055,1119,1119,1058,1058,1080,1080,966,966,980,980,861,861,1008,1008,1021,1021,988,988,1080,1080,1096,1096,421,421,249,249,150,150,110,110,68,68,,,,,,,,,,,,,,,,,,,,,,,,,,,,,,,,,,,,,,,,,,,,,,,,
15478,1200,,15742,,0,0,0,0,0,0,0,0,0,0,0,0,0,0,0,1,1,1,1,1,1,1,1,1,1,1,1,1,1,1,1,1,1,1,1,1,1,1,1,0,0,0,0,0,0,0,0,0,0,,,,,,,,,,,,,,,,,,,,,,,,,,,,,,,,,,,,,,,,,,,,,,,,
15479,600,15690,15702,,0,0,0,0,0,0,0,0,0,0,0,0,0,0,0,2,2,2,2,2,2,2,2,2,2,2,2,2,2,2,2,2,2,2,2,2,2,2,2,1,1,1,1,0,0,0,0,0,0,,,,,,,,,,,,,,,,,,,,,,,,,,,,,,,,,,,,,,,,,,,,,,,,
15480,1200,15754,15483,,0,0,0,0,0,0,0,0,0,0,0,0,0,0,0,1,1,1,1,1,1,1,1,1,1,1,1,1,1,1,1,1,1,1,1,1,1,1,1,1,1,0,0,0,0,0,0,0,0,,,,,,,,,,,,,,,,,,,,,,,,,,,,,,,,,,,,,,,,,,,,,,,,
15481,1200,15742,15738,,0,0,0,0,0,0,0,0,0,0,0,0,0,0,0,1,1,1,1,1,1,1,1,1,1,0,0,0,0,1,1,1,1,1,1,1,1,1,1,0,0,0,0,0,0,0,0,0,0,,,,,,,,,,,,,,,,,,,,,,,,,,,,,,,,,,,,,,,,,,,,,,,,
15482,1600,15468,15790,,0,0,0,0,0,0,0,0,0,0,0,0,0,0,0,2,2,2,2,2,2,2,2,2,2,2,2,2,2,2,2,2,2,2,2,2,2,2,2,1,1,1,1,0,0,0,0,0,0,,,,,,,,,,,,,,,,,,,,,,,,,,,,,,,,,,,,,,,,,,,,,,,,
15483,1200,15491,15480,15741;15763;15810,3,0,0,0,0,0,0,0,0,0,0,0,0,0,0,2,2,2,2,2,2,2,2,2,2,2,2,2,2,2,2,2,2,2,2,2,2,2,2,1,1,1,1,0,0,0,0,0,0,,,,,,,,,,,,,,,,,,,,,,,,,,,,,,,,,,,,,,,,,,,,,,,,
15484,800,15766,15768,,0,0,0,0,0,0,0,0,0,0,0,0,0,0,0,3,3,3,3,3,3,3,3,3,3,3,3,3,3,3,3,3,3,3,3,3,3,3,3,1,1,1,1,1,1,0,0,0,0,,,,,,,,,,,,,,,,,,,,,,,,,,,,,,,,,,,,,,,,,,,,,,,,
15485,800,15770,15780,,0,33,33,31,31,22,22,23,23,26,26,31,31,88,88,1055,1055,1119,1119,1058,1058,1080,1080,966,966,980,980,861,861,1008,1008,1021,1021,988,988,1080,1080,1096,1096,421,421,249,249,150,150,110,110,68,68,,,,,,,,,,,,,,,,,,,,,,,,,,,,,,,,,,,,,,,,,,,,,,,,
15486,3500,15688,15684,,0,67,67,70,70,49,49,53,53,62,62,67,67,186,186,910,910,1134,1134,1023,1023,977,977,900,900,812,812,861,861,864,864,851,851,886,886,939,939,854,854,524,524,336,336,227,227,165,165,84,84,,,,,,,,,,,,,,,,,,,,,,,,,,,,,,,,,,,,,,,,,,,,,,,,
15487,300,15728,15720,,0,0,0,0,0,0,0,0,0,0,0,0,0,0,0,1,1,1,1,1,1,1,1,1,1,1,1,1,1,1,1,1,1,1,1,1,1,1,1,0,0,0,0,0,0,0,0,0,0,,,,,,,,,,,,,,,,,,,,,,,,,,,,,,,,,,,,,,,,,,,,,,,,
15488,300,15724,15716,,0,0,0,0,0,0,0,0,0,0,0,0,0,0,0,1,1,2,2,1,1,1,1,1,1,1,1,1,1,1,1,1,1,1,1,1,1,1,1,1,1,0,0,0,0,0,0,0,0,,,,,,,,,,,,,,,,,,,,,,,,,,,,,,,,,,,,,,,,,,,,,,,,
15489,600,15714,15722,,0,53,53,55,55,38,38,42,42,48,48,53,53,146,146,715,715,891,891,804,804,768,768,707,707,638,638,676,676,679,679,669,669,696,696,738,738,671,671,411,411,264,264,178,178,130,130,66,66,,,,,,,,,,,,,,,,,,,,,,,,,,,,,,,,,,,,,,,,,,,,,,,,
15490,4400,15463,15494,,0,67,67,70,70,49,49,53,53,62,62,67,67,186,186,910,910,1134,1134,1023,1023,977,977,900,900,812,812,861,861,864,864,851,851,886,886,939,939,854,854,524,524,336,336,227,227,165,165,84,84,,,,,,,,,,,,,,,,,,,,,,,,,,,,,,,,,,,,,,,,,,,,,,,,
15491,800,15740,15483,,0,0,0,0,0,0,0,0,0,0,0,0,0,0,0,1,1,1,1,1,1,1,1,1,1,1,1,1,1,1,1,1,1,1,1,1,1,1,1,1,1,0,0,0,0,0,0,0,0,,,,,,,,,,,,,,,,,,,,,,,,,,,,,,,,,,,,,,,,,,,,,,,,
15492,1600,15702,15696,,0,0,0,0,0,0,0,0,0,0,0,0,0,0,0,1,1,1,1,1,1,1,1,1,1,1,1,1,1,1,1,1,1,1,1,1,1,1,1,0,0,0,0,0,0,0,0,0,0,,,,,,,,,,,,,,,,,,,,,,,,,,,,,,,,,,,,,,,,,,,,,,,,
15493,3000,15778,15475,,0,60,60,61,61,43,43,46,46,54,54,59,59,165,165,1034,1034,1217,1217,1116,1116,1091,1091,994,994,936,936,928,928,983,983,979,979,992,992,1064,1064,1008,1008,527,527,330,330,216,216,158,158,85,85,,,,,,,,,,,,,,,,,,,,,,,,,,,,,,,,,,,,,,,,,,,,,,,,
15494,2500,15608,15721,15490;15735,2,67,67,70,70,49,49,53,53,62,62,67,67,186,186,910,910,1134,1134,1023,1023,977,977,900,900,812,812,861,861,864,864,851,851,886,886,939,939,854,854,524,524,336,336,227,227,165,165,84,84,,,,,,,,,,,,,,,,,,,,,,,,,,,,,,,,,,,,,,,,,,,,,,,,
15495,600,15694,,,0,0,0,0,0,0,0,0,0,0,0,0,0,0,0,2,2,3,3,2,2,2,2,2,2,2,2,2,2,2,2,2,2,2,2,2,2,2,2,1,1,1,1,0,0,0,0,0,0,,,,,,,,,,,,,,,,,,,,,,,,,,,,,,,,,,,,,,,,,,,,,,,,
15496,1600,15692,15690,,0,0,0,0,0,0,0,0,0,0,0,0,0,0,0,1,1,2,2,2,2,2,2,1,1,1,1,1,1,1,1,1,1,1,1,2,2,1,1,1,1,0,0,0,0,0,0,0,0,,,,,,,,,,,,,,,,,,,,,,,,,,,,,,,,,,,,,,,,,,,,,,,,
15497,4400,,15795,,0,60,60,61,61,43,43,46,46,54,54,59,59,165,165,1034,1034,1217,1217,1116,1116,1091,1091,994,994,936,936,928,928,983,983,979,979,992,992,1064,1064,1008,1008,527,527,330,330,216,216,158,158,85,85,,,,,,,,,,,,,,,,,,,,,,,,,,,,,,,,,,,,,,,,,,,,,,,,
15498,300,15698,,,0,0,0,0,0,0,0,0,0,0,0,0,0,0,0,2,2,2,2,2,2,2,2,2,2,2,2,2,2,2,2,2,2,2,2,2,2,2,2,1,1,1,1,0,0,0,0,0,0,,,,,,,,,,,,,,,,,,,,,,,,,,,,,,,,,,,,,,,,,,,,,,,,
15499,3000,15776,15764,,0,67,67,70,70,49,49,53,53,62,62,67,67,186,186,910,910,1134,1134,1023,1023,977,977,900,900,812,812,861,861,864,864,851,851,886,886,939,939,854,854,524,524,336,336,227,227,165,165,84,84,,,,,,,,,,,,,,,,,,,,,,,,,,,,,,,,,,,,,,,,,,,,,,,,
155,300,154,166,165,1,0,0,0,0,0,0,0,0,0,0,0,0,0,0,6,6,7,7,6,6,6,6,6,6,5,5,6,6,5,5,6,6,6,6,6,6,6,6,1,1,1,1,1,1,0,0,0,0,,,,,,,,,,,,,,,,,,,,,,,,,,,,,,,,,,,,,,,,,,,,,,,,
15500,800,15734,15726,,0,0,0,0,0,0,0,0,0,0,0,0,0,0,0,1,1,2,2,2,2,2,2,1,1,1,1,1,1,1,1,1,1,1,1,1,1,1,1,1,1,0,0,0,0,0,0,0,0,,,,,,,,,,,,,,,,,,,,,,,,,,,,,,,,,,,,,,,,,,,,,,,,
15501,1200,,15774,,0,0,0,0,0,0,0,0,0,0,0,0,0,0,0,2,2,3,3,3,3,3,3,2,2,2,2,2,2,2,2,2,2,2,2,2,2,2,2,1,1,1,1,0,0,0,0,0,0,,,,,,,,,,,,,,,,,,,,,,,,,,,,,,,,,,,,,,,,,,,,,,,,
15502,2000,15776,15786,,0,60,60,61,61,43,43,46,46,54,54,59,59,165,165,1034,1034,1217,1217,1116,1116,1091,1091,994,994,936,936,928,928,983,983,979,979,992,992,1064,1064,1008,1008,527,527,330,330,216,216,158,158,85,85,,,,,,,,,,,,,,,,,,,,,,,,,,,,,,,,,,,,,,,,,,,,,,,,
15503,1200,15730,15805,,0,0,0,0,0,0,0,0,0,0,0,0,0,0,0,1,1,1,1,1,1,1,1,1,1,1,1,1,1,1,1,1,1,1,1,1,1,1,1,0,0,0,0,0,0,0,0,0,0,,,,,,,,,,,,,,,,,,,,,,,,,,,,,,,,,,,,,,,,,,,,,,,,
15504,1200,15809,15740,,0,0,0,0,0,0,0,0,0,0,0,0,0,0,0,1,1,1,1,1,1,1,1,1,1,1,1,1,1,1,1,1,1,1,1,1,1,1,1,0,0,0,0,0,0,0,0,0,0,,,,,,,,,,,,,,,,,,,,,,,,,,,,,,,,,,,,,,,,,,,,,,,,
15505,1200,15732,15807,,0,0,0,0,0,0,0,0,0,0,0,0,0,0,0,1,1,1,1,1,1,1,1,1,1,1,1,1,1,1,1,1,1,1,1,1,1,1,1,0,0,0,0,0,0,0,0,0,0,,,,,,,,,,,,,,,,,,,,,,,,,,,,,,,,,,,,,,,,,,,,,,,,
15506,400,15811,15809,,0,0,0,0,0,0,0,0,0,0,0,0,0,0,0,3,3,3,3,3,3,3,3,3,3,3,3,2,2,3,3,3,3,3,3,3,3,3,3,1,1,1,1,0,0,0,0,0,0,,,,,,,,,,,,,,,,,,,,,,,,,,,,,,,,,,,,,,,,,,,,,,,,
15507,300,,15516,,0,0,0,0,0,0,0,0,0,0,0,0,0,1,1,5,5,5,5,5,5,5,5,4,4,4,4,4,4,4,4,4,4,4,4,5,5,4,4,2,2,1,1,1,1,1,1,0,0,,,,,,,,,,,,,,,,,,,,,,,,,,,,,,,,,,,,,,,,,,,,,,,,
15508,800,,15807,15513,1,0,0,0,0,0,0,0,0,0,0,0,0,0,0,3,3,3,3,3,3,3,3,3,3,2,2,2,2,3,3,3,3,3,3,3,3,3,3,1,1,1,1,0,0,0,0,0,0,,,,,,,,,,,,,,,,,,,,,,,,,,,,,,,,,,,,,,,,,,,,,,,,
15509,1200,,15835,,0,0,0,0,0,0,0,0,0,0,0,0,0,1,1,5,5,5,5,5,5,5,5,4,4,4,4,4,4,4,4,4,4,4,4,5,5,4,4,2,2,1,1,1,1,1,1,0,0,,,,,,,,,,,,,,,,,,,,,,,,,,,,,,,,,,,,,,,,,,,,,,,,
15510,1500,15811,15513,,0,67,67,70,70,49,49,53,53,62,62,67,67,186,186,910,910,1134,1134,1023,1023,977,977,900,900,812,812,861,861,864,864,851,851,886,886,939,939,854,854,524,524,336,336,227,227,165,165,84,84,,,,,,,,,,,,,,,,,,,,,,,,,,,,,,,,,,,,,,,,,,,,,,,,
15511,300,15516,,,0,0,0,0,0,0,0,0,0,0,0,0,0,1,1,5,5,6,6,6,6,6,6,5,5,5,5,5,5,5,5,5,5,5,5,5,5,5,5,3,3,2,2,1,1,1,1,0,0,,,,,,,,,,,,,,,,,,,,,,,,,,,,,,,,,,,,,,,,,,,,,,,,
15512,4400,15795,15521,,0,60,60,61,61,43,43,46,46,54,54,59,59,165,165,1034,1034,1217,1217,1116,1116,1091,1091,994,994,936,936,928,928,983,983,979,979,992,992,1064,1064,1008,1008,527,527,330,330,216,216,158,158,85,85,,,,,,,,,,,,,,,,,,,,,,,,,,,,,,,,,,,,,,,,,,,,,,,,
15513,2000,15510,15515,15508;15523,2,67,67,70,70,49,49,53,53,62,62,67,67,186,186,910,910,1134,1134,1023,1023,977,977,900,900,812,812,861,861,864,864,851,851,886,886,939,939,854,854,524,524,336,336,227,227,165,165,84,84,,,,,,,,,,,,,,,,,,,,,,,,,,,,,,,,,,,,,,,,,,,,,,,,
15514,800,,15843,,0,0,0,0,0,0,0,0,0,0,0,0,0,0,0,3,3,3,3,3,3,3,3,3,3,3,3,2,2,3,3,3,3,3,3,3,3,3,3,1,1,1,1,1,1,0,0,0,0,,,,,,,,,,,,,,,,,,,,,,,,,,,,,,,,,,,,,,,,,,,,,,,,
15515,1500,15513,15803,,0,67,67,70,70,49,49,53,53,62,62,67,67,186,186,910,910,1134,1134,1023,1023,977,977,900,900,812,812,861,861,864,864,851,851,886,886,939,939,854,854,524,524,336,336,227,227,165,165,84,84,,,,,,,,,,,,,,,,,,,,,,,,,,,,,,,,,,,,,,,,,,,,,,,,
15516,3000,15507,15833,15511;15831,2,60,60,61,61,43,43,46,46,54,54,59,59,165,165,1034,1034,1217,1217,1116,1116,1091,1091,994,994,936,936,928,928,983,983,979,979,992,992,1064,1064,1008,1008,527,527,330,330,216,216,158,158,85,85,,,,,,,,,,,,,,,,,,,,,,,,,,,,,,,,,,,,,,,,,,,,,,,,
15517,4400,15521,15862,,0,60,60,61,61,43,43,46,46,54,54,59,59,165,165,1034,1034,1217,1217,1116,1116,1091,1091,994,994,936,936,928,928,983,983,979,979,992,992,1064,1064,1008,1008,527,527,330,330,216,216,158,158,85,85,,,,,,,,,,,,,,,,,,,,,,,,,,,,,,,,,,,,,,,,,,,,,,,,
15518,800,15845,,,0,0,0,0,0,0,0,0,0,0,0,0,0,0,0,3,3,4,4,3,3,3,3,3,3,3,3,3,3,3,3,3,3,3,3,3,3,3,3,2,2,1,1,1,1,0,0,0,0,,,,,,,,,,,,,,,,,,,,,,,,,,,,,,,,,,,,,,,,,,,,,,,,
15519,1200,15829,,,0,0,0,0,0,0,0,0,0,0,0,0,0,0,0,3,3,3,3,3,3,3,3,3,3,3,3,3,3,3,3,3,3,3,3,3,3,3,3,1,1,1,1,1,1,0,0,0,0,,,,,,,,,,,,,,,,,,,,,,,,,,,,,,,,,,,,,,,,,,,,,,,,
15520,1200,15819,,,0,0,0,0,0,0,0,0,0,0,0,0,0,0,0,3,3,3,3,3,3,3,3,3,3,3,3,3,3,3,3,3,3,3,3,3,3,3,3,1,1,1,1,1,1,0,0,0,0,,,,,,,,,,,,,,,,,,,,,,,,,,,,,,,,,,,,,,,,,,,,,,,,
15521,4400,15517,15552,15512;15860,2,60,60,61,61,43,43,46,46,54,54,59,59,165,165,1034,1034,1217,1217,1116,1116,1091,1091,994,994,936,936,928,928,983,983,979,979,992,992,1064,1064,1008,1008,527,527,330,330,216,216,158,158,85,85,,,,,,,,,,,,,,,,,,,,,,,,,,,,,,,,,,,,,,,,,,,,,,,,
15522,800,15847,,,0,0,0,0,0,0,0,0,0,0,0,0,0,1,1,6,6,7,7,6,6,6,6,6,6,6,6,5,5,6,6,6,6,6,6,6,6,6,6,3,3,2,2,1,1,1,1,0,0,,,,,,,,,,,,,,,,,,,,,,,,,,,,,,,,,,,,,,,,,,,,,,,,
15523,1600,15513,15526,,0,0,0,0,0,0,0,0,0,0,0,0,0,0,0,3,3,3,3,3,3,3,3,3,3,3,3,3,3,3,3,3,3,3,3,3,3,3,3,1,1,1,1,1,1,0,0,0,0,,,,,,,,,,,,,,,,,,,,,,,,,,,,,,,,,,,,,,,,,,,,,,,,
15524,2000,15815,15526,,0,54,54,56,56,39,39,42,42,49,49,53,53,149,149,1004,1004,1185,1185,1107,1107,1074,1074,985,985,913,913,935,935,950,950,962,962,980,980,1040,1040,965,965,451,451,285,285,189,189,138,138,72,72,,,,,,,,,,,,,,,,,,,,,,,,,,,,,,,,,,,,,,,,,,,,,,,,
15525,2500,15788,15786,,0,67,67,70,70,49,49,53,53,62,62,67,67,186,186,910,910,1134,1134,1023,1023,977,977,900,900,812,812,861,861,864,864,851,851,886,886,939,939,854,854,524,524,336,336,227,227,165,165,84,84,,,,,,,,,,,,,,,,,,,,,,,,,,,,,,,,,,,,,,,,,,,,,,,,
15526,2500,15524,15529,15523;15812,2,54,54,56,56,39,39,42,42,49,49,53,53,149,149,1004,1004,1185,1185,1107,1107,1074,1074,985,985,913,913,935,935,950,950,962,962,980,980,1040,1040,965,965,451,451,285,285,189,189,138,138,72,72,,,,,,,,,,,,,,,,,,,,,,,,,,,,,,,,,,,,,,,,,,,,,,,,
15527,3500,15819,15827,,0,67,67,70,70,49,49,53,53,62,62,67,67,186,186,910,910,1134,1134,1023,1023,977,977,900,900,812,812,861,861,864,864,851,851,886,886,939,939,854,854,524,524,336,336,227,227,165,165,84,84,,,,,,,,,,,,,,,,,,,,,,,,,,,,,,,,,,,,,,,,,,,,,,,,
15528,4000,15530,15803,,0,67,67,70,70,49,49,53,53,62,62,67,67,186,186,910,910,1134,1134,1023,1023,977,977,900,900,812,812,861,861,864,864,851,851,886,886,939,939,854,854,524,524,336,336,227,227,165,165,84,84,,,,,,,,,,,,,,,,,,,,,,,,,,,,,,,,,,,,,,,,,,,,,,,,
15529,1500,15530,15526,,0,54,54,56,56,39,39,42,42,49,49,53,53,149,149,1004,1004,1185,1185,1107,1107,1074,1074,985,985,913,913,935,935,950,950,962,962,980,980,1040,1040,965,965,451,451,285,285,189,189,138,138,72,72,,,,,,,,,,,,,,,,,,,,,,,,,,,,,,,,,,,,,,,,,,,,,,,,
15530,2500,15529,15534,15528;15544,2,54,54,56,56,39,39,42,42,49,49,53,53,149,149,1004,1004,1185,1185,1107,1107,1074,1074,985,985,913,913,935,935,950,950,962,962,980,980,1040,1040,965,965,451,451,285,285,189,189,138,138,72,72,,,,,,,,,,,,,,,,,,,,,,,,,,,,,,,,,,,,,,,,,,,,,,,,
15531,3000,15817,15813,,0,54,54,56,56,39,39,42,42,49,49,53,53,149,149,1004,1004,1185,1185,1107,1107,1074,1074,985,985,913,913,935,935,950,950,962,962,980,980,1040,1040,965,965,451,451,285,285,189,189,138,138,72,72,,,,,,,,,,,,,,,,,,,,,,,,,,,,,,,,,,,,,,,,,,,,,,,,
15532,4400,15865,15861,,0,60,60,61,61,43,43,46,46,54,54,59,59,165,165,1034,1034,1217,1217,1116,1116,1091,1091,994,994,936,936,928,928,983,983,979,979,992,992,1064,1064,1008,1008,527,527,330,330,216,216,158,158,85,85,,,,,,,,,,,,,,,,,,,,,,,,,,,,,,,,,,,,,,,,,,,,,,,,
15533,3500,15849,15859,,0,49,49,50,50,35,35,37,37,44,44,48,48,135,135,1103,1103,1260,1260,1165,1165,1137,1137,1051,1051,1003,1003,974,974,1051,1051,1065,1065,1071,1071,1149,1149,1103,1103,463,463,286,286,185,185,135,135,75,75,,,,,,,,,,,,,,,,,,,,,,,,,,,,,,,,,,,,,,,,,,,,,,,,
15534,2500,15530,15801,,0,54,54,56,56,39,39,42,42,49,49,53,53,149,149,1004,1004,1185,1185,1107,1107,1074,1074,985,985,913,913,935,935,950,950,962,962,980,980,1040,1040,965,965,451,451,285,285,189,189,138,138,72,72,,,,,,,,,,,,,,,,,,,,,,,,,,,,,,,,,,,,,,,,,,,,,,,,
15535,4400,15827,15825,,0,42,42,39,39,28,28,29,29,34,34,39,39,112,112,1343,1343,1424,1424,1347,1347,1375,1375,1229,1229,1247,1247,1096,1096,1282,1282,1299,1299,1257,1257,1375,1375,1394,1394,536,536,316,316,190,190,140,140,87,87,,,,,,,,,,,,,,,,,,,,,,,,,,,,,,,,,,,,,,,,,,,,,,,,
15536,4400,15865,8516,,0,42,42,39,39,28,28,29,29,34,34,39,39,112,112,1343,1343,1424,1424,1347,1347,1375,1375,1229,1229,1247,1247,1096,1096,1282,1282,1299,1299,1257,1257,1375,1375,1394,1394,536,536,316,316,190,190,140,140,87,87,,,,,,,,,,,,,,,,,,,,,,,,,,,,,,,,,,,,,,,,,,,,,,,,
15537,4400,15817,15823,,0,54,54,56,56,39,39,42,42,49,49,53,53,149,149,1004,1004,1185,1185,1107,1107,1074,1074,985,985,913,913,935,935,950,950,962,962,980,980,1040,1040,965,965,451,451,285,285,189,189,138,138,72,72,,,,,,,,,,,,,,,,,,,,,,,,,,,,,,,,,,,,,,,,,,,,,,,,
15538,1200,15857,15865,,0,1,1,1,1,1,1,1,1,1,1,1,1,2,2,20,20,23,23,21,21,21,21,19,19,18,18,18,18,19,19,19,19,20,20,21,21,20,20,8,8,5,5,3,3,2,2,1,1,,,,,,,,,,,,,,,,,,,,,,,,,,,,,,,,,,,,,,,,,,,,,,,,
15539,1200,15797,,,0,0,0,0,0,0,0,0,0,0,0,0,0,0,0,2,2,2,2,2,2,2,2,2,2,2,2,2,2,2,2,2,2,2,2,2,2,2,2,1,1,0,0,0,0,0,0,0,0,,,,,,,,,,,,,,,,,,,,,,,,,,,,,,,,,,,,,,,,,,,,,,,,
15540,3500,15855,15859,,0,49,49,50,50,35,35,37,37,44,44,48,48,135,135,1103,1103,1260,1260,1165,1165,1137,1137,1051,1051,1003,1003,974,974,1051,1051,1065,1065,1071,1071,1149,1149,1103,1103,463,463,286,286,185,185,135,135,75,75,,,,,,,,,,,,,,,,,,,,,,,,,,,,,,,,,,,,,,,,,,,,,,,,
15541,2000,15813,15821,,0,54,54,56,56,39,39,42,42,49,49,53,53,149,149,1004,1004,1185,1185,1107,1107,1074,1074,985,985,913,913,935,935,950,950,962,962,980,980,1040,1040,965,965,451,451,285,285,189,189,138,138,72,72,,,,,,,,,,,,,,,,,,,,,,,,,,,,,,,,,,,,,,,,,,,,,,,,
15542,2500,15849,15851,,0,49,49,50,50,35,35,37,37,44,44,48,48,135,135,1103,1103,1260,1260,1165,1165,1137,1137,1051,1051,1003,1003,974,974,1051,1051,1065,1065,1071,1071,1149,1149,1103,1103,463,463,286,286,185,185,135,135,75,75,,,,,,,,,,,,,,,,,,,,,,,,,,,,,,,,,,,,,,,,,,,,,,,,
15543,800,,15799,,0,0,0,0,0,0,0,0,0,0,0,0,0,0,0,3,3,4,4,4,4,4,4,3,3,3,3,3,3,3,3,3,3,3,3,3,3,3,3,1,1,1,1,1,1,0,0,0,0,,,,,,,,,,,,,,,,,,,,,,,,,,,,,,,,,,,,,,,,,,,,,,,,
15544,4400,15554,15530,,0,54,54,56,56,39,39,42,42,49,49,53,53,149,149,1004,1004,1185,1185,1107,1107,1074,1074,985,985,913,913,935,935,950,950,962,962,980,980,1040,1040,965,965,451,451,285,285,189,189,138,138,72,72,,,,,,,,,,,,,,,,,,,,,,,,,,,,,,,,,,,,,,,,,,,,,,,,
15545,2500,9142,15797,,0,47,47,48,48,33,33,36,36,42,42,46,46,128,128,1057,1057,1213,1213,1153,1153,1128,1128,1033,1033,969,969,976,976,998,998,1023,1023,1032,1032,1096,1096,1027,1027,410,410,257,257,168,168,123,123,66,66,,,,,,,,,,,,,,,,,,,,,,,,,,,,,,,,,,,,,,,,,,,,,,,,
15546,1600,15799,15547,,0,0,0,0,0,0,0,0,0,0,0,0,0,1,1,6,6,7,7,6,6,6,6,6,6,5,5,5,5,5,5,6,6,6,6,6,6,6,6,2,2,1,1,1,1,1,1,0,0,,,,,,,,,,,,,,,,,,,,,,,,,,,,,,,,,,,,,,,,,,,,,,,,
15547,2000,15563,15796,15546;15548,2,54,54,56,56,39,39,42,42,49,49,53,53,149,149,1004,1004,1185,1185,1107,1107,1074,1074,985,985,913,913,935,935,950,950,962,962,980,980,1040,1040,965,965,451,451,285,285,189,189,138,138,72,72,,,,,,,,,,,,,,,,,,,,,,,,,,,,,,,,,,,,,,,,,,,,,,,,
15548,1200,15547,15549,,0,0,0,0,0,0,0,0,0,0,0,0,0,1,1,6,6,7,7,6,6,6,6,6,6,5,5,5,5,5,5,6,6,6,6,6,6,6,6,2,2,1,1,1,1,1,1,0,0,,,,,,,,,,,,,,,,,,,,,,,,,,,,,,,,,,,,,,,,,,,,,,,,
15549,1200,15548,8815,8817;15638,2,0,0,0,0,0,0,0,0,0,0,0,0,0,0,3,3,3,3,3,3,3,3,2,2,2,2,2,2,2,2,2,2,2,2,3,3,2,2,1,1,1,1,0,0,0,0,0,0,,,,,,,,,,,,,,,,,,,,,,,,,,,,,,,,,,,,,,,,,,,,,,,,
15550,4400,11504,15684,,0,59,59,60,60,42,42,45,45,53,53,58,58,161,161,1054,1054,1231,1231,1131,1131,1110,1110,1010,1010,957,957,939,939,1003,1003,1000,1000,1010,1010,1084,1084,1034,1034,528,528,329,329,215,215,157,157,85,85,,,,,,,,,,,,,,,,,,,,,,,,,,,,,,,,,,,,,,,,,,,,,,,,
15551,4400,15686,15560,15800,1,67,67,70,70,49,49,53,53,62,62,67,67,186,186,910,910,1134,1134,1023,1023,977,977,900,900,812,812,861,861,864,864,851,851,886,886,939,939,854,854,524,524,336,336,227,227,165,165,84,84,,,,,,,,,,,,,,,,,,,,,,,,,,,,,,,,,,,,,,,,,,,,,,,,
15552,4400,15521,15841,,0,60,60,61,61,43,43,46,46,54,54,59,59,165,165,1034,1034,1217,1217,1116,1116,1091,1091,994,994,936,936,928,928,983,983,979,979,992,992,1064,1064,1008,1008,527,527,330,330,216,216,158,158,85,85,,,,,,,,,,,,,,,,,,,,,,,,,,,,,,,,,,,,,,,,,,,,,,,,
15553,300,15674,,,0,1,1,1,1,0,0,0,0,1,1,1,1,2,2,15,15,17,17,16,16,16,16,14,14,14,14,13,13,14,14,15,15,15,15,16,16,15,15,6,6,4,4,2,2,2,2,1,1,,,,,,,,,,,,,,,,,,,,,,,,,,,,,,,,,,,,,,,,,,,,,,,,
15554,4400,15544,15587,15820;15556,2,54,54,56,56,39,39,42,42,49,49,53,53,149,149,1004,1004,1185,1185,1107,1107,1074,1074,985,985,913,913,935,935,950,950,962,962,980,980,1040,1040,965,965,451,451,285,285,189,189,138,138,72,72,,,,,,,,,,,,,,,,,,,,,,,,,,,,,,,,,,,,,,,,,,,,,,,,
15555,4000,15837,15558,,0,49,49,50,50,35,35,37,37,44,44,48,48,135,135,1103,1103,1260,1260,1165,1165,1137,1137,1051,1051,1003,1003,974,974,1051,1051,1065,1065,1071,1071,1149,1149,1103,1103,463,463,286,286,185,185,135,135,75,75,,,,,,,,,,,,,,,,,,,,,,,,,,,,,,,,,,,,,,,,,,,,,,,,
15556,4400,15560,15554,,0,54,54,56,56,39,39,42,42,49,49,53,53,149,149,1004,1004,1185,1185,1107,1107,1074,1074,985,985,913,913,935,935,950,950,962,962,980,980,1040,1040,965,965,451,451,285,285,189,189,138,138,72,72,,,,,,,,,,,,,,,,,,,,,,,,,,,,,,,,,,,,,,,,,,,,,,,,
15557,2500,15853,15855,,0,49,49,50,50,35,35,37,37,44,44,48,48,135,135,1103,1103,1260,1260,1165,1165,1137,1137,1051,1051,1003,1003,974,974,1051,1051,1065,1065,1071,1071,1149,1149,1103,1103,463,463,286,286,185,185,135,135,75,75,,,,,,,,,,,,,,,,,,,,,,,,,,,,,,,,,,,,,,,,,,,,,,,,
15558,1600,15673,15555,15671;15568,2,1,1,1,1,0,0,0,0,1,1,1,1,2,2,15,15,17,17,16,16,16,16,14,14,14,14,13,13,14,14,15,15,15,15,16,16,15,15,6,6,4,4,2,2,2,2,1,1,,,,,,,,,,,,,,,,,,,,,,,,,,,,,,,,,,,,,,,,,,,,,,,,
15559,1600,15639,9052,,0,53,53,55,55,38,38,42,42,48,48,53,53,146,146,715,715,891,891,804,804,768,768,707,707,638,638,676,676,679,679,669,669,696,696,738,738,671,671,411,411,264,264,178,178,130,130,66,66,,,,,,,,,,,,,,,,,,,,,,,,,,,,,,,,,,,,,,,,,,,,,,,,
15560,4400,15571,15551,15800;15556;15562;15565,4,54,54,56,56,39,39,42,42,49,49,53,53,149,149,1004,1004,1185,1185,1107,1107,1074,1074,985,985,913,913,935,935,950,950,962,962,980,980,1040,1040,965,965,451,451,285,285,189,189,138,138,72,72,,,,,,,,,,,,,,,,,,,,,,,,,,,,,,,,,,,,,,,,,,,,,,,,
15561,800,,15672,,0,1,1,1,1,1,1,1,1,1,1,1,1,3,3,25,25,29,29,27,27,26,26,24,24,23,23,22,22,24,24,24,24,24,24,26,26,25,25,11,11,7,7,4,4,3,3,2,2,,,,,,,,,,,,,,,,,,,,,,,,,,,,,,,,,,,,,,,,,,,,,,,,
15562,3000,15578,15560,,0,54,54,56,56,39,39,42,42,49,49,53,53,149,149,1004,1004,1185,1185,1107,1107,1074,1074,985,985,913,913,935,935,950,950,962,962,980,980,1040,1040,965,965,451,451,285,285,189,189,138,138,72,72,,,,,,,,,,,,,,,,,,,,,,,,,,,,,,,,,,,,,,,,,,,,,,,,
15563,3300,15547,15632,,0,54,54,56,56,39,39,42,42,49,49,53,53,149,149,1004,1004,1185,1185,1107,1107,1074,1074,985,985,913,913,935,935,950,950,962,962,980,980,1040,1040,965,965,451,451,285,285,189,189,138,138,72,72,,,,,,,,,,,,,,,,,,,,,,,,,,,,,,,,,,,,,,,,,,,,,,,,
15564,2500,15641,15637,,0,54,54,56,56,39,39,42,42,49,49,53,53,149,149,1004,1004,1185,1185,1107,1107,1074,1074,985,985,913,913,935,935,950,950,962,962,980,980,1040,1040,965,965,451,451,285,285,189,189,138,138,72,72,,,,,,,,,,,,,,,,,,,,,,,,,,,,,,,,,,,,,,,,,,,,,,,,
15565,3000,15578,15560,,0,54,54,56,56,39,39,42,42,49,49,53,53,149,149,1004,1004,1185,1185,1107,1107,1074,1074,985,985,913,913,935,935,950,950,962,962,980,980,1040,1040,965,965,451,451,285,285,189,189,138,138,72,72,,,,,,,,,,,,,,,,,,,,,,,,,,,,,,,,,,,,,,,,,,,,,,,,
15566,1600,15643,15628,,0,0,0,0,0,0,0,0,0,0,0,0,0,0,0,909,909,1002,1002,931,931,835,835,881,881,812,812,829,829,868,868,957,957,982,982,1027,1027,964,964,0,0,0,0,0,0,0,0,0,0,,,,,,,,,,,,,,,,,,,,,,,,,,,,,,,,,,,,,,,,,,,,,,,,
15567,800,15637,15643,,0,0,0,0,0,0,0,0,0,0,0,0,0,1,1,9,9,10,10,10,10,9,9,9,9,8,8,8,8,8,8,8,8,9,9,9,9,9,9,3,3,2,2,1,1,1,1,1,1,,,,,,,,,,,,,,,,,,,,,,,,,,,,,,,,,,,,,,,,,,,,,,,,
15568,3500,15558,,,0,49,49,50,50,35,35,37,37,44,44,48,48,135,135,1103,1103,1260,1260,1165,1165,1137,1137,1051,1051,1003,1003,974,974,1051,1051,1065,1065,1071,1071,1149,1149,1103,1103,463,463,286,286,185,185,135,135,75,75,,,,,,,,,,,,,,,,,,,,,,,,,,,,,,,,,,,,,,,,,,,,,,,,
15569,800,15670,,,0,33,33,31,31,22,22,23,23,26,26,31,31,88,88,1055,1055,1119,1119,1058,1058,1080,1080,966,966,980,980,861,861,1008,1008,1021,1021,988,988,1080,1080,1096,1096,421,421,249,249,150,150,110,110,68,68,,,,,,,,,,,,,,,,,,,,,,,,,,,,,,,,,,,,,,,,,,,,,,,,
15570,300,15635,15624,,0,0,0,0,0,0,0,0,0,0,0,0,0,1,1,5,5,6,6,6,6,6,6,5,5,5,5,5,5,5,5,5,5,5,5,6,6,5,5,2,2,1,1,1,1,1,1,0,0,,,,,,,,,,,,,,,,,,,,,,,,,,,,,,,,,,,,,,,,,,,,,,,,
15571,4400,15652,15560,,0,54,54,56,56,39,39,42,42,49,49,53,53,149,149,1004,1004,1185,1185,1107,1107,1074,1074,985,985,913,913,935,935,950,950,962,962,980,980,1040,1040,965,965,451,451,285,285,189,189,138,138,72,72,,,,,,,,,,,,,,,,,,,,,,,,,,,,,,,,,,,,,,,,,,,,,,,,
15572,800,15645,,,0,0,0,0,0,0,0,0,0,0,0,0,0,1,1,9,9,10,10,9,9,9,9,8,8,8,8,8,8,8,8,8,8,8,8,9,9,8,8,3,3,2,2,1,1,1,1,1,1,,,,,,,,,,,,,,,,,,,,,,,,,,,,,,,,,,,,,,,,,,,,,,,,
15573,800,15676,15666,,0,1,1,1,1,1,1,1,1,1,1,1,1,3,3,26,26,30,30,28,28,27,27,25,25,24,24,23,23,25,25,26,26,26,26,27,27,27,27,11,11,7,7,4,4,3,3,2,2,,,,,,,,,,,,,,,,,,,,,,,,,,,,,,,,,,,,,,,,,,,,,,,,
15574,2500,15626,15645,,0,67,67,70,70,49,49,53,53,62,62,67,67,186,186,910,910,1134,1134,1023,1023,977,977,900,900,812,812,861,861,864,864,851,851,886,886,939,939,854,854,524,524,336,336,227,227,165,165,84,84,,,,,,,,,,,,,,,,,,,,,,,,,,,,,,,,,,,,,,,,,,,,,,,,
15575,800,,15649,,0,0,0,0,0,0,0,0,0,0,0,0,0,1,1,9,9,10,10,9,9,9,9,9,9,8,8,8,8,8,8,8,8,9,9,9,9,8,8,3,3,2,2,1,1,1,1,1,1,,,,,,,,,,,,,,,,,,,,,,,,,,,,,,,,,,,,,,,,,,,,,,,,
15576,3000,15658,15664,,0,67,67,70,70,49,49,53,53,62,62,67,67,186,186,910,910,1134,1134,1023,1023,977,977,900,900,812,812,861,861,864,864,851,851,886,886,939,939,854,854,524,524,336,336,227,227,165,165,84,84,,,,,,,,,,,,,,,,,,,,,,,,,,,,,,,,,,,,,,,,,,,,,,,,
15577,2500,15647,15579,,0,54,54,56,56,39,39,42,42,49,49,53,53,149,149,1004,1004,1185,1185,1107,1107,1074,1074,985,985,913,913,935,935,950,950,962,962,980,980,1040,1040,965,965,451,451,285,285,189,189,138,138,72,72,,,,,,,,,,,,,,,,,,,,,,,,,,,,,,,,,,,,,,,,,,,,,,,,
15578,4000,15599,15562,15565;15633,2,54,54,56,56,39,39,42,42,49,49,53,53,149,149,1004,1004,1185,1185,1107,1107,1074,1074,985,985,913,913,935,935,950,950,962,962,980,980,1040,1040,965,965,451,451,285,285,189,189,138,138,72,72,,,,,,,,,,,,,,,,,,,,,,,,,,,,,,,,,,,,,,,,,,,,,,,,
15579,2500,15577,15584,15644;15586,2,54,54,56,56,39,39,42,42,49,49,53,53,149,149,1004,1004,1185,1185,1107,1107,1074,1074,985,985,913,913,935,935,950,950,962,962,980,980,1040,1040,965,965,451,451,285,285,189,189,138,138,72,72,,,,,,,,,,,,,,,,,,,,,,,,,,,,,,,,,,,,,,,,,,,,,,,,
15580,4400,15678,,,0,49,49,50,50,35,35,37,37,44,44,48,48,135,135,1103,1103,1260,1260,1165,1165,1137,1137,1051,1051,1003,1003,974,974,1051,1051,1065,1065,1071,1071,1149,1149,1103,1103,463,463,286,286,185,185,135,135,75,75,,,,,,,,,,,,,,,,,,,,,,,,,,,,,,,,,,,,,,,,,,,,,,,,
15581,3000,15656,15660,,0,54,54,56,56,39,39,42,42,49,49,53,53,149,149,1004,1004,1185,1185,1107,1107,1074,1074,985,985,913,913,935,935,950,950,962,962,980,980,1040,1040,965,965,451,451,285,285,189,189,138,138,72,72,,,,,,,,,,,,,,,,,,,,,,,,,,,,,,,,,,,,,,,,,,,,,,,,
15582,4400,15658,15825,,0,67,67,70,70,49,49,53,53,62,62,67,67,186,186,910,910,1134,1134,1023,1023,977,977,900,900,812,812,861,861,864,864,851,851,886,886,939,939,854,854,524,524,336,336,227,227,165,165,84,84,,,,,,,,,,,,,,,,,,,,,,,,,,,,,,,,,,,,,,,,,,,,,,,,
15583,2500,15622,15585,,0,54,54,56,56,39,39,42,42,49,49,53,53,149,149,1004,1004,1185,1185,1107,1107,1074,1074,985,985,913,913,935,935,950,950,962,962,980,980,1040,1040,965,965,451,451,285,285,189,189,138,138,72,72,,,,,,,,,,,,,,,,,,,,,,,,,,,,,,,,,,,,,,,,,,,,,,,,
15584,2500,15585,15579,,0,54,54,56,56,39,39,42,42,49,49,53,53,149,149,1004,1004,1185,1185,1107,1107,1074,1074,985,985,913,913,935,935,950,950,962,962,980,980,1040,1040,965,965,451,451,285,285,189,189,138,138,72,72,,,,,,,,,,,,,,,,,,,,,,,,,,,,,,,,,,,,,,,,,,,,,,,,
15585,2500,15584,8866,15583;15600,2,54,54,56,56,39,39,42,42,49,49,53,53,149,149,1004,1004,1185,1185,1107,1107,1074,1074,985,985,913,913,935,935,950,950,962,962,980,980,1040,1040,965,965,451,451,285,285,189,189,138,138,72,72,,,,,,,,,,,,,,,,,,,,,,,,,,,,,,,,,,,,,,,,,,,,,,,,
15586,2500,15590,15579,,0,54,54,56,56,39,39,42,42,49,49,53,53,149,149,1004,1004,1185,1185,1107,1107,1074,1074,985,985,913,913,935,935,950,950,962,962,980,980,1040,1040,965,965,451,451,285,285,189,189,138,138,72,72,,,,,,,,,,,,,,,,,,,,,,,,,,,,,,,,,,,,,,,,,,,,,,,,
15587,4400,15652,15554,,0,54,54,56,56,39,39,42,42,49,49,53,53,149,149,1004,1004,1185,1185,1107,1107,1074,1074,985,985,913,913,935,935,950,950,962,962,980,980,1040,1040,965,965,451,451,285,285,189,189,138,138,72,72,,,,,,,,,,,,,,,,,,,,,,,,,,,,,,,,,,,,,,,,,,,,,,,,
15588,1500,15590,15650,,0,54,54,56,56,39,39,42,42,49,49,53,53,149,149,1004,1004,1185,1185,1107,1107,1074,1074,985,985,913,913,935,935,950,950,962,962,980,980,1040,1040,965,965,451,451,285,285,189,189,138,138,72,72,,,,,,,,,,,,,,,,,,,,,,,,,,,,,,,,,,,,,,,,,,,,,,,,
15589,2750,15594,15660,,0,54,54,56,56,39,39,42,42,49,49,53,53,149,149,1004,1004,1185,1185,1107,1107,1074,1074,985,985,913,913,935,935,950,950,962,962,980,980,1040,1040,965,965,451,451,285,285,189,189,138,138,72,72,,,,,,,,,,,,,,,,,,,,,,,,,,,,,,,,,,,,,,,,,,,,,,,,
15590,2000,15588,15596,15586;15598,2,54,54,56,56,39,39,42,42,49,49,53,53,149,149,1004,1004,1185,1185,1107,1107,1074,1074,985,985,913,913,935,935,950,950,962,962,980,980,1040,1040,965,965,451,451,285,285,189,189,138,138,72,72,,,,,,,,,,,,,,,,,,,,,,,,,,,,,,,,,,,,,,,,,,,,,,,,
15591,1600,,15621,,0,1,1,1,1,0,0,0,0,1,1,1,1,2,2,15,15,17,17,16,16,15,15,14,14,13,13,13,13,14,14,14,14,14,14,15,15,15,15,6,6,4,4,2,2,2,2,1,1,,,,,,,,,,,,,,,,,,,,,,,,,,,,,,,,,,,,,,,,,,,,,,,,
15592,2500,15618,15615,,0,54,54,56,56,39,39,42,42,49,49,53,53,149,149,1004,1004,1185,1185,1107,1107,1074,1074,985,985,913,913,935,935,950,950,962,962,980,980,1040,1040,965,965,451,451,285,285,189,189,138,138,72,72,,,,,,,,,,,,,,,,,,,,,,,,,,,,,,,,,,,,,,,,,,,,,,,,
15593,600,,15612,,0,0,0,0,0,0,0,0,0,0,0,0,0,0,0,4,4,4,4,4,4,4,4,4,4,3,3,3,3,4,4,4,4,4,4,4,4,4,4,1,1,1,1,1,1,0,0,0,0,,,,,,,,,,,,,,,,,,,,,,,,,,,,,,,,,,,,,,,,,,,,,,,,
15594,4400,15595,15589,15654;tran_2f214eaf-820c-452f-b33b-b81cfbe0958a,2,54,54,56,56,39,39,42,42,49,49,53,53,149,149,1004,1004,1185,1185,1107,1107,1074,1074,985,985,913,913,935,935,950,950,962,962,980,980,1040,1040,965,965,451,451,285,285,189,189,138,138,72,72,,,,,,,,,,,,,,,,,,,,,,,,,,,,,,,,,,,,,,,,,,,,,,,,
15595,300,15601,15594,,0,0,0,0,0,0,0,0,0,0,0,0,0,1,1,7,7,8,8,8,8,7,7,7,7,6,6,6,6,7,7,7,7,7,7,7,7,7,7,3,3,2,2,1,1,1,1,0,0,,,,,,,,,,,,,,,,,,,,,,,,,,,,,,,,,,,,,,,,,,,,,,,,
15596,1500,15590,15612,,0,54,54,56,56,39,39,42,42,49,49,53,53,149,149,1004,1004,1185,1185,1107,1107,1074,1074,985,985,913,913,935,935,950,950,962,962,980,980,1040,1040,965,965,451,451,285,285,189,189,138,138,72,72,,,,,,,,,,,,,,,,,,,,,,,,,,,,,,,,,,,,,,,,,,,,,,,,
15597,4400,tran_239ae957-b987-487d-9c96-0ed8d87c0fc9,15650,,0,54,54,56,56,39,39,42,42,49,49,53,53,149,149,1004,1004,1185,1185,1107,1107,1074,1074,985,985,913,913,935,935,950,950,962,962,980,980,1040,1040,965,965,451,451,285,285,189,189,138,138,72,72,,,,,,,,,,,,,,,,,,,,,,,,,,,,,,,,,,,,,,,,,,,,,,,,
15598,4400,tran_c2de5f4e-d5fc-41a5-b484-47501ec14185,15590,,0,42,42,39,39,28,28,29,29,34,34,39,39,112,112,1343,1343,1424,1424,1347,1347,1375,1375,1229,1229,1247,1247,1096,1096,1282,1282,1299,1299,1257,1257,1375,1375,1394,1394,536,536,316,316,190,190,140,140,87,87,,,,,,,,,,,,,,,,,,,,,,,,,,,,,,,,,,,,,,,,,,,,,,,,
15599,3500,15618,15578,,0,54,54,56,56,39,39,42,42,49,49,53,53,149,149,1004,1004,1185,1185,1107,1107,1074,1074,985,985,913,913,935,935,950,950,962,962,980,980,1040,1040,965,965,451,451,285,285,189,189,138,138,72,72,,,,,,,,,,,,,,,,,,,,,,,,,,,,,,,,,,,,,,,,,,,,,,,,
156,1600,502,445,,0,0,0,0,0,0,0,0,0,0,0,0,0,0,0,2,2,2,2,2,2,2,2,2,2,2,2,2,2,2,2,2,2,2,2,2,2,2,2,1,1,1,1,0,0,0,0,0,0,,,,,,,,,,,,,,,,,,,,,,,,,,,,,,,,,,,,,,,,,,,,,,,,
15600,1600,15610,15585,,0,0,0,0,0,0,0,0,0,0,0,0,0,1,1,6,6,7,7,7,7,7,7,6,6,6,6,6,6,6,6,6,6,6,6,7,7,6,6,3,3,2,2,1,1,1,1,0,0,,,,,,,,,,,,,,,,,,,,,,,,,,,,,,,,,,,,,,,,,,,,,,,,
15601,4400,15595,tran_7ecfa8f4-0c9d-4be9-b7cd-6c4f00f8e533,,0,67,67,70,70,49,49,53,53,62,62,67,67,186,186,910,910,1134,1134,1023,1023,977,977,900,900,812,812,861,861,864,864,851,851,886,886,939,939,854,854,524,524,336,336,227,227,165,165,84,84,,,,,,,,,,,,,,,,,,,,,,,,,,,,,,,,,,,,,,,,,,,,,,,,
15602,3500,15670,15672,,0,67,67,70,70,49,49,53,53,62,62,67,67,186,186,910,910,1134,1134,1023,1023,977,977,900,900,812,812,861,861,864,864,851,851,886,886,939,939,854,854,524,524,336,336,227,227,165,165,84,84,,,,,,,,,,,,,,,,,,,,,,,,,,,,,,,,,,,,,,,,,,,,,,,,
15603,4400,tran_a8700842-2ab7-462e-b64f-ebe8cd2bcd32,,,0,67,67,70,70,49,49,53,53,62,62,67,67,186,186,910,910,1134,1134,1023,1023,977,977,900,900,812,812,861,861,864,864,851,851,886,886,939,939,854,854,524,524,336,336,227,227,165,165,84,84,,,,,,,,,,,,,,,,,,,,,,,,,,,,,,,,,,,,,,,,,,,,,,,,
15604,2000,15649,15650,,0,54,54,56,56,39,39,42,42,49,49,53,53,149,149,1004,1004,1185,1185,1107,1107,1074,1074,985,985,913,913,935,935,950,950,962,962,980,980,1040,1040,965,965,451,451,285,285,189,189,138,138,72,72,,,,,,,,,,,,,,,,,,,,,,,,,,,,,,,,,,,,,,,,,,,,,,,,
15605,4400,15853,15682,,0,49,49,50,50,35,35,37,37,44,44,48,48,135,135,1103,1103,1260,1260,1165,1165,1137,1137,1051,1051,1003,1003,974,974,1051,1051,1065,1065,1071,1071,1149,1149,1103,1103,463,463,286,286,185,185,135,135,75,75,,,,,,,,,,,,,,,,,,,,,,,,,,,,,,,,,,,,,,,,,,,,,,,,
15606,4400,tran_2b0554d8-cac9-4789-89d1-5849aca3f908,,,0,42,42,39,39,28,28,29,29,34,34,39,39,112,112,1343,1343,1424,1424,1347,1347,1375,1375,1229,1229,1247,1247,1096,1096,1282,1282,1299,1299,1257,1257,1375,1375,1394,1394,536,536,316,316,190,190,140,140,87,87,,,,,,,,,,,,,,,,,,,,,,,,,,,,,,,,,,,,,,,,,,,,,,,,
15607,4400,15676,tran_707a1a1a-c106-4210-927b-341c4b7e96ec,,0,67,67,70,70,49,49,53,53,62,62,67,67,186,186,910,910,1134,1134,1023,1023,977,977,900,900,812,812,861,861,864,864,851,851,886,886,939,939,854,854,524,524,336,336,227,227,165,165,84,84,,,,,,,,,,,,,,,,,,,,,,,,,,,,,,,,,,,,,,,,,,,,,,,,
15608,2000,15698,15494,,0,67,67,70,70,49,49,53,53,62,62,67,67,186,186,910,910,1134,1134,1023,1023,977,977,900,900,812,812,861,861,864,864,851,851,886,886,939,939,854,854,524,524,336,336,227,227,165,165,84,84,,,,,,,,,,,,,,,,,,,,,,,,,,,,,,,,,,,,,,,,,,,,,,,,
15609,300,15610,,tran_7d05c94b-c6b0-4570-bcde-c2c150f6da6e,1,0,0,0,0,0,0,0,0,0,0,0,0,0,0,3,3,4,4,3,3,3,3,3,3,3,3,3,3,3,3,3,3,3,3,3,3,3,3,1,1,1,1,1,1,0,0,0,0,,,,,,,,,,,,,,,,,,,,,,,,,,,,,,,,,,,,,,,,,,,,,,,,
15610,1600,15600,15609,15611,1,0,0,0,0,0,0,0,0,0,0,0,0,1,1,4,4,5,5,4,4,4,4,4,4,4,4,4,4,4,4,4,4,4,4,4,4,4,4,2,2,1,1,1,1,0,0,0,0,,,,,,,,,,,,,,,,,,,,,,,,,,,,,,,,,,,,,,,,,,,,,,,,
15611,1600,15610,15612,,0,0,0,0,0,0,0,0,0,0,0,0,0,0,0,3,3,4,4,4,4,4,4,3,3,3,3,3,3,3,3,3,3,3,3,4,4,3,3,1,1,1,1,1,1,0,0,0,0,,,,,,,,,,,,,,,,,,,,,,,,,,,,,,,,,,,,,,,,,,,,,,,,
15612,600,15593,15611,15596,1,0,0,0,0,0,0,0,0,0,0,0,0,0,0,4,4,4,4,4,4,4,4,4,4,3,3,4,4,4,4,4,4,4,4,4,4,4,4,2,2,1,1,1,1,0,0,0,0,,,,,,,,,,,,,,,,,,,,,,,,,,,,,,,,,,,,,,,,,,,,,,,,
15613,1600,15614,tran_e90cece4-df80-4828-9e6e-ed490506640c,tran_c07ce826-b246-46ed-8546-74bb6e5042b9,1,1,1,1,1,0,0,0,0,1,1,1,1,2,2,12,12,14,14,13,13,13,13,12,12,11,11,11,11,11,11,12,12,12,12,13,13,12,12,5,5,3,3,2,2,1,1,1,1,,,,,,,,,,,,,,,,,,,,,,,,,,,,,,,,,,,,,,,,,,,,,,,,
15614,1600,15615,15613,,0,0,0,0,0,0,0,0,0,0,0,0,0,1,1,10,10,12,12,11,11,10,10,10,10,9,9,9,9,9,9,10,10,10,10,10,10,10,10,4,4,2,2,2,2,1,1,1,1,,,,,,,,,,,,,,,,,,,,,,,,,,,,,,,,,,,,,,,,,,,,,,,,
15615,1500,15616,15614,15592,1,54,54,56,56,39,39,42,42,49,49,53,53,149,149,1004,1004,1185,1185,1107,1107,1074,1074,985,985,913,913,935,935,950,950,962,962,980,980,1040,1040,965,965,451,451,285,285,189,189,138,138,72,72,,,,,,,,,,,,,,,,,,,,,,,,,,,,,,,,,,,,,,,,,,,,,,,,
15616,1500,15650,15615,,0,54,54,56,56,39,39,42,42,49,49,53,53,149,149,1004,1004,1185,1185,1107,1107,1074,1074,985,985,913,913,935,935,950,950,962,962,980,980,1040,1040,965,965,451,451,285,285,189,189,138,138,72,72,,,,,,,,,,,,,,,,,,,,,,,,,,,,,,,,,,,,,,,,,,,,,,,,
15617,4400,tran_cfd63963-38c2-4085-9d4c-59aa25cb05f4,15618,,0,0,0,0,0,0,0,0,0,0,0,0,0,0,0,1138,1138,1201,1201,1284,1284,1257,1257,1168,1168,1084,1084,1145,1145,1051,1051,1179,1179,1173,1173,1211,1211,1091,1091,0,0,0,0,0,0,0,0,0,0,,,,,,,,,,,,,,,,,,,,,,,,,,,,,,,,,,,,,,,,,,,,,,,,
15618,1500,15599,15617,15592,1,54,54,56,56,39,39,42,42,49,49,53,53,149,149,1004,1004,1185,1185,1107,1107,1074,1074,985,985,913,913,935,935,950,950,962,962,980,980,1040,1040,965,965,451,451,285,285,189,189,138,138,72,72,,,,,,,,,,,,,,,,,,,,,,,,,,,,,,,,,,,,,,,,,,,,,,,,
15619,1200,tran_b85719d7-164c-4da0-828d-c75c0ef16d8f,15677,tran_5a0bd2f7-58eb-4bfb-986b-199cb1f020fe,1,0,0,0,0,0,0,0,0,0,0,0,0,1,1,6,6,7,7,6,6,6,6,6,6,5,5,5,5,6,6,6,6,6,6,6,6,6,6,2,2,2,2,1,1,1,1,0,0,,,,,,,,,,,,,,,,,,,,,,,,,,,,,,,,,,,,,,,,,,,,,,,,
15620,3000,15680,15621,,0,49,49,50,50,35,35,37,37,44,44,48,48,135,135,1103,1103,1260,1260,1165,1165,1137,1137,1051,1051,1003,1003,974,974,1051,1051,1065,1065,1071,1071,1149,1149,1103,1103,463,463,286,286,185,185,135,135,75,75,,,,,,,,,,,,,,,,,,,,,,,,,,,,,,,,,,,,,,,,,,,,,,,,
15621,1200,,15620,15591;tran_2b0554d8-cac9-4789-89d1-5849aca3f908,2,1,1,1,1,0,0,0,0,0,0,0,0,1,1,12,12,13,13,12,12,12,12,11,11,11,11,10,10,11,11,11,11,11,11,12,12,12,12,5,5,3,3,2,2,1,1,1,1,,,,,,,,,,,,,,,,,,,,,,,,,,,,,,,,,,,,,,,,,,,,,,,,
15622,3000,15583,8842,15623;9050,2,0,0,0,0,0,0,0,0,0,0,0,0,0,0,1138,1138,1201,1201,1284,1284,1257,1257,1168,1168,1084,1084,1145,1145,1051,1051,1179,1179,1173,1173,1211,1211,1091,1091,0,0,0,0,0,0,0,0,0,0,,,,,,,,,,,,,,,,,,,,,,,,,,,,,,,,,,,,,,,,,,,,,,,,
15623,4400,15622,15624,,0,54,54,56,56,39,39,42,42,49,49,53,53,149,149,1004,1004,1185,1185,1107,1107,1074,1074,985,985,913,913,935,935,950,950,962,962,980,980,1040,1040,965,965,451,451,285,285,189,189,138,138,72,72,,,,,,,,,,,,,,,,,,,,,,,,,,,,,,,,,,,,,,,,,,,,,,,,
15624,600,15625,15570,15623,1,0,0,0,0,0,0,0,0,0,0,0,0,1,1,6,6,8,8,7,7,7,7,6,6,6,6,6,6,6,6,6,6,6,6,7,7,6,6,3,3,2,2,1,1,1,1,0,0,,,,,,,,,,,,,,,,,,,,,,,,,,,,,,,,,,,,,,,,,,,,,,,,
15625,4400,15624,15626,,0,54,54,56,56,39,39,42,42,49,49,53,53,149,149,1004,1004,1185,1185,1107,1107,1074,1074,985,985,913,913,935,935,950,950,962,962,980,980,1040,1040,965,965,451,451,285,285,189,189,138,138,72,72,,,,,,,,,,,,,,,,,,,,,,,,,,,,,,,,,,,,,,,,,,,,,,,,
15626,3500,15574,15625,15627,1,54,54,56,56,39,39,42,42,49,49,53,53,149,149,1004,1004,1185,1185,1107,1107,1074,1074,985,985,913,913,935,935,950,950,962,962,980,980,1040,1040,965,965,451,451,285,285,189,189,138,138,72,72,,,,,,,,,,,,,,,,,,,,,,,,,,,,,,,,,,,,,,,,,,,,,,,,
15627,2200,15626,15628,,0,54,54,56,56,39,39,42,42,49,49,53,53,149,149,1004,1004,1185,1185,1107,1107,1074,1074,985,985,913,913,935,935,950,950,962,962,980,980,1040,1040,965,965,451,451,285,285,189,189,138,138,72,72,,,,,,,,,,,,,,,,,,,,,,,,,,,,,,,,,,,,,,,,,,,,,,,,
15628,2750,15566,15629,15627,1,54,54,56,56,39,39,42,42,49,49,53,53,149,149,1004,1004,1185,1185,1107,1107,1074,1074,985,985,913,913,935,935,950,950,962,962,980,980,1040,1040,965,965,451,451,285,285,189,189,138,138,72,72,,,,,,,,,,,,,,,,,,,,,,,,,,,,,,,,,,,,,,,,,,,,,,,,
15629,4400,15628,15630,,0,54,54,56,56,39,39,42,42,49,49,53,53,149,149,1004,1004,1185,1185,1107,1107,1074,1074,985,985,913,913,935,935,950,950,962,962,980,980,1040,1040,965,965,451,451,285,285,189,189,138,138,72,72,,,,,,,,,,,,,,,,,,,,,,,,,,,,,,,,,,,,,,,,,,,,,,,,
15630,2750,15629,15646,15631,1,54,54,56,56,39,39,42,42,49,49,53,53,149,149,1004,1004,1185,1185,1107,1107,1074,1074,985,985,913,913,935,935,950,950,962,962,980,980,1040,1040,965,965,451,451,285,285,189,189,138,138,72,72,,,,,,,,,,,,,,,,,,,,,,,,,,,,,,,,,,,,,,,,,,,,,,,,
15631,1500,15632,15630,,0,54,54,56,56,39,39,42,42,49,49,53,53,149,149,1004,1004,1185,1185,1107,1107,1074,1074,985,985,913,913,935,935,950,950,962,962,980,980,1040,1040,965,965,451,451,285,285,189,189,138,138,72,72,,,,,,,,,,,,,,,,,,,,,,,,,,,,,,,,,,,,,,,,,,,,,,,,
15632,2750,15563,15633,15631,1,54,54,56,56,39,39,42,42,49,49,53,53,149,149,1004,1004,1185,1185,1107,1107,1074,1074,985,985,913,913,935,935,950,950,962,962,980,980,1040,1040,965,965,451,451,285,285,189,189,138,138,72,72,,,,,,,,,,,,,,,,,,,,,,,,,,,,,,,,,,,,,,,,,,,,,,,,
15633,4400,15578,15632,,0,54,54,56,56,39,39,42,42,49,49,53,53,149,149,1004,1004,1185,1185,1107,1107,1074,1074,985,985,913,913,935,935,950,950,962,962,980,980,1040,1040,965,965,451,451,285,285,189,189,138,138,72,72,,,,,,,,,,,,,,,,,,,,,,,,,,,,,,,,,,,,,,,,,,,,,,,,
15634,600,,15635,,0,0,0,0,0,0,0,0,0,0,0,0,0,1,1,6,6,7,7,7,7,7,7,6,6,6,6,6,6,6,6,6,6,6,6,6,6,6,6,2,2,2,2,1,1,1,1,0,0,,,,,,,,,,,,,,,,,,,,,,,,,,,,,,,,,,,,,,,,,,,,,,,,
15635,300,15634,15570,15636,1,0,0,0,0,0,0,0,0,0,0,0,0,1,1,8,8,10,10,9,9,9,9,8,8,8,8,8,8,8,8,8,8,8,8,9,9,8,8,3,3,2,2,1,1,1,1,1,1,,,,,,,,,,,,,,,,,,,,,,,,,,,,,,,,,,,,,,,,,,,,,,,,
15636,300,15635,15637,,0,0,0,0,0,0,0,0,0,0,0,0,0,1,1,9,9,11,11,10,10,10,10,9,9,8,8,8,8,9,9,9,9,9,9,9,9,9,9,4,4,2,2,2,2,1,1,1,1,,,,,,,,,,,,,,,,,,,,,,,,,,,,,,,,,,,,,,,,,,,,,,,,
15637,300,15636,15567,15564,1,0,0,0,0,0,0,0,0,0,0,0,0,1,1,10,10,11,11,11,11,10,10,9,9,9,9,9,9,9,9,9,9,10,10,10,10,9,9,4,4,2,2,2,2,1,1,1,1,,,,,,,,,,,,,,,,,,,,,,,,,,,,,,,,,,,,,,,,,,,,,,,,
15638,1600,15549,15639,,0,0,0,0,0,0,0,0,0,0,0,0,0,0,0,3,3,4,4,4,4,4,4,3,3,3,3,3,3,3,3,3,3,3,3,4,4,3,3,1,1,1,1,1,1,0,0,0,0,,,,,,,,,,,,,,,,,,,,,,,,,,,,,,,,,,,,,,,,,,,,,,,,
15639,1600,15559,15640,15638,1,0,0,0,0,0,0,0,0,0,0,0,0,0,0,4,4,4,4,4,4,4,4,4,4,3,3,3,3,3,3,4,4,4,4,4,4,4,4,1,1,1,1,1,1,0,0,0,0,,,,,,,,,,,,,,,,,,,,,,,,,,,,,,,,,,,,,,,,,,,,,,,,
15640,1600,15639,15641,,0,0,0,0,0,0,0,0,0,0,0,0,0,1,1,7,7,8,8,8,8,7,7,7,7,6,6,7,7,7,7,7,7,7,7,7,7,7,7,3,3,2,2,1,1,1,1,0,0,,,,,,,,,,,,,,,,,,,,,,,,,,,,,,,,,,,,,,,,,,,,,,,,
15641,1000,15642,15564,15640,1,54,54,56,56,39,39,42,42,49,49,53,53,149,149,1004,1004,1185,1185,1107,1107,1074,1074,985,985,913,913,935,935,950,950,962,962,980,980,1040,1040,965,965,451,451,285,285,189,189,138,138,72,72,,,,,,,,,,,,,,,,,,,,,,,,,,,,,,,,,,,,,,,,,,,,,,,,
15642,1600,15641,15643,,0,0,0,1,1,0,0,0,0,0,0,0,0,1,1,10,10,12,12,11,11,11,11,10,10,9,9,10,10,10,10,10,10,10,10,11,11,10,10,4,4,3,3,2,2,1,1,1,1,,,,,,,,,,,,,,,,,,,,,,,,,,,,,,,,,,,,,,,,,,,,,,,,
15643,800,15567,15566,15642,1,0,0,0,0,0,0,0,0,0,0,0,0,1,1,8,8,9,9,9,9,8,8,8,8,7,7,7,7,7,7,8,8,8,8,8,8,8,8,3,3,2,2,1,1,1,1,0,0,,,,,,,,,,,,,,,,,,,,,,,,,,,,,,,,,,,,,,,,,,,,,,,,
15644,1200,15645,15579,,0,0,0,0,0,0,0,0,0,0,0,0,0,1,1,10,10,12,12,11,11,11,11,10,10,9,9,9,9,9,9,10,10,10,10,10,10,10,10,4,4,3,3,2,2,1,1,1,1,,,,,,,,,,,,,,,,,,,,,,,,,,,,,,,,,,,,,,,,,,,,,,,,
15645,800,15644,15572,15574,1,0,0,0,0,0,0,0,0,0,0,0,0,1,1,9,9,11,11,10,10,9,9,9,9,8,8,8,8,9,9,9,9,9,9,9,9,9,9,4,4,2,2,2,2,1,1,1,1,,,,,,,,,,,,,,,,,,,,,,,,,,,,,,,,,,,,,,,,,,,,,,,,
15646,2500,15647,15630,,0,54,54,56,56,39,39,42,42,49,49,53,53,149,149,1004,1004,1185,1185,1107,1107,1074,1074,985,985,913,913,935,935,950,950,962,962,980,980,1040,1040,965,965,451,451,285,285,189,189,138,138,72,72,,,,,,,,,,,,,,,,,,,,,,,,,,,,,,,,,,,,,,,,,,,,,,,,
15647,2000,15646,15648,15577,1,54,54,56,56,39,39,42,42,49,49,53,53,149,149,1004,1004,1185,1185,1107,1107,1074,1074,985,985,913,913,935,935,950,950,962,962,980,980,1040,1040,965,965,451,451,285,285,189,189,138,138,72,72,,,,,,,,,,,,,,,,,,,,,,,,,,,,,,,,,,,,,,,,,,,,,,,,
15648,1200,15649,15647,,0,1,1,1,1,0,0,0,0,0,0,1,1,1,1,11,11,13,13,12,12,11,11,11,11,10,10,10,10,10,10,10,10,11,11,11,11,10,10,4,4,3,3,2,2,1,1,1,1,,,,,,,,,,,,,,,,,,,,,,,,,,,,,,,,,,,,,,,,,,,,,,,,
15649,800,15604,15575,15648,1,0,0,0,0,0,0,0,0,0,0,0,0,1,1,9,9,11,11,10,10,9,9,9,9,8,8,8,8,9,9,9,9,9,9,9,9,9,9,4,4,2,2,2,2,1,1,1,1,,,,,,,,,,,,,,,,,,,,,,,,,,,,,,,,,,,,,,,,,,,,,,,,
15650,3000,15588,15616,15604;15597,2,54,54,56,56,39,39,42,42,49,49,53,53,149,149,1004,1004,1185,1185,1107,1107,1074,1074,985,985,913,913,935,935,950,950,962,962,980,980,1040,1040,965,965,451,451,285,285,189,189,138,138,72,72,,,,,,,,,,,,,,,,,,,,,,,,,,,,,,,,,,,,,,,,,,,,,,,,
15651,4400,15653,15655,15654,1,54,54,56,56,39,39,42,42,49,49,53,53,149,149,1004,1004,1185,1185,1107,1107,1074,1074,985,985,913,913,935,935,950,950,962,962,980,980,1040,1040,965,965,451,451,285,285,189,189,138,138,72,72,,,,,,,,,,,,,,,,,,,,,,,,,,,,,,,,,,,,,,,,,,,,,,,,
15652,4400,15571,15653,15587,1,54,54,56,56,39,39,42,42,49,49,53,53,149,149,1004,1004,1185,1185,1107,1107,1074,1074,985,985,913,913,935,935,950,950,962,962,980,980,1040,1040,965,965,451,451,285,285,189,189,138,138,72,72,,,,,,,,,,,,,,,,,,,,,,,,,,,,,,,,,,,,,,,,,,,,,,,,
15653,4400,15651,15652,,0,54,54,56,56,39,39,42,42,49,49,53,53,149,149,1004,1004,1185,1185,1107,1107,1074,1074,985,985,913,913,935,935,950,950,962,962,980,980,1040,1040,965,965,451,451,285,285,189,189,138,138,72,72,,,,,,,,,,,,,,,,,,,,,,,,,,,,,,,,,,,,,,,,,,,,,,,,
15654,3850,15594,15651,,0,54,54,56,56,39,39,42,42,49,49,53,53,149,149,1004,1004,1185,1185,1107,1107,1074,1074,985,985,913,913,935,935,950,950,962,962,980,980,1040,1040,965,965,451,451,285,285,189,189,138,138,72,72,,,,,,,,,,,,,,,,,,,,,,,,,,,,,,,,,,,,,,,,,,,,,,,,
15655,3500,15656,15651,,0,54,54,56,56,39,39,42,42,49,49,53,53,149,149,1004,1004,1185,1185,1107,1107,1074,1074,985,985,913,913,935,935,950,950,962,962,980,980,1040,1040,965,965,451,451,285,285,189,189,138,138,72,72,,,,,,,,,,,,,,,,,,,,,,,,,,,,,,,,,,,,,,,,,,,,,,,,
15656,2500,15655,15581,15657,1,54,54,56,56,39,39,42,42,49,49,53,53,149,149,1004,1004,1185,1185,1107,1107,1074,1074,985,985,913,913,935,935,950,950,962,962,980,980,1040,1040,965,965,451,451,285,285,189,189,138,138,72,72,,,,,,,,,,,,,,,,,,,,,,,,,,,,,,,,,,,,,,,,,,,,,,,,
15657,4000,15658,15656,,0,54,54,56,56,39,39,42,42,49,49,53,53,149,149,1004,1004,1185,1185,1107,1107,1074,1074,985,985,913,913,935,935,950,950,962,962,980,980,1040,1040,965,965,451,451,285,285,189,189,138,138,72,72,,,,,,,,,,,,,,,,,,,,,,,,,,,,,,,,,,,,,,,,,,,,,,,,
15658,2000,15576,15657,15582,1,54,54,56,56,39,39,42,42,49,49,53,53,149,149,1004,1004,1185,1185,1107,1107,1074,1074,985,985,913,913,935,935,950,950,962,962,980,980,1040,1040,965,965,451,451,285,285,189,189,138,138,72,72,,,,,,,,,,,,,,,,,,,,,,,,,,,,,,,,,,,,,,,,,,,,,,,,
15659,2500,15660,15662,,0,49,49,50,50,35,35,37,37,44,44,48,48,135,135,1103,1103,1260,1260,1165,1165,1137,1137,1051,1051,1003,1003,974,974,1051,1051,1065,1065,1071,1071,1149,1149,1103,1103,463,463,286,286,185,185,135,135,75,75,,,,,,,,,,,,,,,,,,,,,,,,,,,,,,,,,,,,,,,,,,,,,,,,
15660,2200,15589,15659,15581,1,49,49,50,50,35,35,37,37,44,44,48,48,135,135,1103,1103,1260,1260,1165,1165,1137,1137,1051,1051,1003,1003,974,974,1051,1051,1065,1065,1071,1071,1149,1149,1103,1103,463,463,286,286,185,185,135,135,75,75,,,,,,,,,,,,,,,,,,,,,,,,,,,,,,,,,,,,,,,,,,,,,,,,
15661,4400,15662,tran_3110819f-cada-414d-9671-ed0705e993b5,,0,49,49,50,50,35,35,37,37,44,44,48,48,135,135,1103,1103,1260,1260,1165,1165,1137,1137,1051,1051,1003,1003,974,974,1051,1051,1065,1065,1071,1071,1149,1149,1103,1103,463,463,286,286,185,185,135,135,75,75,,,,,,,,,,,,,,,,,,,,,,,,,,,,,,,,,,,,,,,,,,,,,,,,
15662,2200,15661,15663,15659,1,49,49,50,50,35,35,37,37,44,44,48,48,135,135,1103,1103,1260,1260,1165,1165,1137,1137,1051,1051,1003,1003,974,974,1051,1051,1065,1065,1071,1071,1149,1149,1103,1103,463,463,286,286,185,185,135,135,75,75,,,,,,,,,,,,,,,,,,,,,,,,,,,,,,,,,,,,,,,,,,,,,,,,
15663,1200,15662,15664,,0,1,1,1,1,1,1,1,1,1,1,1,1,3,3,28,28,32,32,29,29,29,29,26,26,25,25,24,24,27,27,27,27,27,27,29,29,28,28,12,12,7,7,5,5,3,3,2,2,,,,,,,,,,,,,,,,,,,,,,,,,,,,,,,,,,,,,,,,,,,,,,,,
15664,2500,15576,15665,15663,1,49,49,50,50,35,35,37,37,44,44,48,48,135,135,1103,1103,1260,1260,1165,1165,1137,1137,1051,1051,1003,1003,974,974,1051,1051,1065,1065,1071,1071,1149,1149,1103,1103,463,463,286,286,185,185,135,135,75,75,,,,,,,,,,,,,,,,,,,,,,,,,,,,,,,,,,,,,,,,,,,,,,,,
15665,2500,15666,15664,,0,49,49,50,50,35,35,37,37,44,44,48,48,135,135,1103,1103,1260,1260,1165,1165,1137,1137,1051,1051,1003,1003,974,974,1051,1051,1065,1065,1071,1071,1149,1149,1103,1103,463,463,286,286,185,185,135,135,75,75,,,,,,,,,,,,,,,,,,,,,,,,,,,,,,,,,,,,,,,,,,,,,,,,
15666,400,15573,15665,15667,1,1,1,1,1,1,1,1,1,1,1,1,1,3,3,29,29,33,33,30,30,30,30,27,27,26,26,25,25,27,27,28,28,28,28,30,30,29,29,12,12,7,7,5,5,3,3,2,2,,,,,,,,,,,,,,,,,,,,,,,,,,,,,,,,,,,,,,,,,,,,,,,,
15667,2000,15666,15668,,0,49,49,50,50,35,35,37,37,44,44,48,48,135,135,1103,1103,1260,1260,1165,1165,1137,1137,1051,1051,1003,1003,974,974,1051,1051,1065,1065,1071,1071,1149,1149,1103,1103,463,463,286,286,185,185,135,135,75,75,,,,,,,,,,,,,,,,,,,,,,,,,,,,,,,,,,,,,,,,,,,,,,,,
15668,2500,15667,15675,15669,1,49,49,50,50,35,35,37,37,44,44,48,48,135,135,1103,1103,1260,1260,1165,1165,1137,1137,1051,1051,1003,1003,974,974,1051,1051,1065,1065,1071,1071,1149,1149,1103,1103,463,463,286,286,185,185,135,135,75,75,,,,,,,,,,,,,,,,,,,,,,,,,,,,,,,,,,,,,,,,,,,,,,,,
15669,3000,15670,15668,,0,42,42,39,39,28,28,29,29,34,34,39,39,112,112,1343,1343,1424,1424,1347,1347,1375,1375,1229,1229,1247,1247,1096,1096,1282,1282,1299,1299,1257,1257,1375,1375,1394,1394,536,536,316,316,190,190,140,140,87,87,,,,,,,,,,,,,,,,,,,,,,,,,,,,,,,,,,,,,,,,,,,,,,,,
15670,400,15669,15569,15602,1,1,1,1,1,0,0,1,1,1,1,1,1,2,2,16,16,18,18,17,17,16,16,15,15,15,15,14,14,15,15,15,15,15,15,17,17,16,16,7,7,4,4,3,3,2,2,1,1,,,,,,,,,,,,,,,,,,,,,,,,,,,,,,,,,,,,,,,,,,,,,,,,
15671,1600,15558,15672,,0,1,1,1,1,0,0,0,0,1,1,1,1,2,2,15,15,17,17,15,15,15,15,14,14,13,13,13,13,14,14,14,14,14,14,15,15,15,15,6,6,4,4,2,2,2,2,1,1,,,,,,,,,,,,,,,,,,,,,,,,,,,,,,,,,,,,,,,,,,,,,,,,
15672,1200,15602,15561,15671,1,1,1,1,1,0,0,0,0,0,0,1,1,2,2,13,13,15,15,14,14,13,13,12,12,12,12,11,11,12,12,13,13,13,13,14,14,13,13,5,5,3,3,2,2,2,2,1,1,,,,,,,,,,,,,,,,,,,,,,,,,,,,,,,,,,,,,,,,,,,,,,,,
15673,3000,15558,15674,,0,49,49,50,50,35,35,37,37,44,44,48,48,135,135,1103,1103,1260,1260,1165,1165,1137,1137,1051,1051,1003,1003,974,974,1051,1051,1065,1065,1071,1071,1149,1149,1103,1103,463,463,286,286,185,185,135,135,75,75,,,,,,,,,,,,,,,,,,,,,,,,,,,,,,,,,,,,,,,,,,,,,,,,
15674,300,15673,15553,15850,1,1,1,1,1,0,0,1,1,1,1,1,1,2,2,15,15,17,17,16,16,16,16,15,15,14,14,13,13,15,15,15,15,15,15,16,16,15,15,6,6,4,4,3,3,2,2,1,1,,,,,,,,,,,,,,,,,,,,,,,,,,,,,,,,,,,,,,,,,,,,,,,,
15675,3000,15668,15676,,0,49,49,50,50,35,35,37,37,44,44,48,48,135,135,1103,1103,1260,1260,1165,1165,1137,1137,1051,1051,1003,1003,974,974,1051,1051,1065,1065,1071,1071,1149,1149,1103,1103,463,463,286,286,185,185,135,135,75,75,,,,,,,,,,,,,,,,,,,,,,,,,,,,,,,,,,,,,,,,,,,,,,,,
15676,400,15573,,15675;15607,2,1,1,1,1,1,1,1,1,1,1,1,1,3,3,26,26,29,29,27,27,26,26,24,24,23,23,22,22,24,24,25,25,25,25,27,27,26,26,11,11,7,7,4,4,3,3,2,2,,,,,,,,,,,,,,,,,,,,,,,,,,,,,,,,,,,,,,,,,,,,,,,,
15677,4400,15678,15619,,0,49,49,50,50,35,35,37,37,44,44,48,48,135,135,1103,1103,1260,1260,1165,1165,1137,1137,1051,1051,1003,1003,974,974,1051,1051,1065,1065,1071,1071,1149,1149,1103,1103,463,463,286,286,185,185,135,135,75,75,,,,,,,,,,,,,,,,,,,,,,,,,,,,,,,,,,,,,,,,,,,,,,,,
15678,3000,15679,15928,15580;15677,2,49,49,50,50,35,35,37,37,44,44,48,48,135,135,1103,1103,1260,1260,1165,1165,1137,1137,1051,1051,1003,1003,974,974,1051,1051,1065,1065,1071,1071,1149,1149,1103,1103,463,463,286,286,185,185,135,135,75,75,,,,,,,,,,,,,,,,,,,,,,,,,,,,,,,,,,,,,,,,,,,,,,,,
15679,4400,15680,15678,,0,49,49,50,50,35,35,37,37,44,44,48,48,135,135,1103,1103,1260,1260,1165,1165,1137,1137,1051,1051,1003,1003,974,974,1051,1051,1065,1065,1071,1071,1149,1149,1103,1103,463,463,286,286,185,185,135,135,75,75,,,,,,,,,,,,,,,,,,,,,,,,,,,,,,,,,,,,,,,,,,,,,,,,
15680,1650,15679,15681,15620,1,49,49,50,50,35,35,37,37,44,44,48,48,135,135,1103,1103,1260,1260,1165,1165,1137,1137,1051,1051,1003,1003,974,974,1051,1051,1065,1065,1071,1071,1149,1149,1103,1103,463,463,286,286,185,185,135,135,75,75,,,,,,,,,,,,,,,,,,,,,,,,,,,,,,,,,,,,,,,,,,,,,,,,
15681,4400,15680,15682,,0,49,49,50,50,35,35,37,37,44,44,48,48,135,135,1103,1103,1260,1260,1165,1165,1137,1137,1051,1051,1003,1003,974,974,1051,1051,1065,1065,1071,1071,1149,1149,1103,1103,463,463,286,286,185,185,135,135,75,75,,,,,,,,,,,,,,,,,,,,,,,,,,,,,,,,,,,,,,,,,,,,,,,,
15682,800,15605,15681,,0,0,0,0,0,0,0,0,0,0,0,0,0,1,1,9,9,11,11,10,10,10,10,9,9,8,8,8,8,9,9,9,9,9,9,10,10,9,9,4,4,2,2,2,2,1,1,1,1,,,,,,,,,,,,,,,,,,,,,,,,,,,,,,,,,,,,,,,,,,,,,,,,
15683,4400,15686,15801,,0,67,67,70,70,49,49,53,53,62,62,67,67,186,186,910,910,1134,1134,1023,1023,977,977,900,900,812,812,861,861,864,864,851,851,886,886,939,939,854,854,524,524,336,336,227,227,165,165,84,84,,,,,,,,,,,,,,,,,,,,,,,,,,,,,,,,,,,,,,,,,,,,,,,,
15684,3000,15685,15550,15486,1,67,67,70,70,49,49,53,53,62,62,67,67,186,186,910,910,1134,1134,1023,1023,977,977,900,900,812,812,861,861,864,864,851,851,886,886,939,939,854,854,524,524,336,336,227,227,165,165,84,84,,,,,,,,,,,,,,,,,,,,,,,,,,,,,,,,,,,,,,,,,,,,,,,,
15685,3000,15684,15686,,0,67,67,70,70,49,49,53,53,62,62,67,67,186,186,910,910,1134,1134,1023,1023,977,977,900,900,812,812,861,861,864,864,851,851,886,886,939,939,854,854,524,524,336,336,227,227,165,165,84,84,,,,,,,,,,,,,,,,,,,,,,,,,,,,,,,,,,,,,,,,,,,,,,,,
15686,3300,15685,15551,15691;15683,2,67,67,70,70,49,49,53,53,62,62,67,67,186,186,910,910,1134,1134,1023,1023,977,977,900,900,812,812,861,861,864,864,851,851,886,886,939,939,854,854,524,524,336,336,227,227,165,165,84,84,,,,,,,,,,,,,,,,,,,,,,,,,,,,,,,,,,,,,,,,,,,,,,,,
15687,2500,15688,15700,,0,67,67,70,70,49,49,53,53,62,62,67,67,186,186,910,910,1134,1134,1023,1023,977,977,900,900,812,812,861,861,864,864,851,851,886,886,939,939,854,854,524,524,336,336,227,227,165,165,84,84,,,,,,,,,,,,,,,,,,,,,,,,,,,,,,,,,,,,,,,,,,,,,,,,
15688,2500,15687,15486,15689,1,67,67,70,70,49,49,53,53,62,62,67,67,186,186,910,910,1134,1134,1023,1023,977,977,900,900,812,812,861,861,864,864,851,851,886,886,939,939,854,854,524,524,336,336,227,227,165,165,84,84,,,,,,,,,,,,,,,,,,,,,,,,,,,,,,,,,,,,,,,,,,,,,,,,
15689,1600,15688,15690,,0,0,0,0,0,0,0,0,0,0,0,0,0,0,0,2,2,3,3,3,3,3,3,2,2,2,2,2,2,2,2,2,2,2,2,2,2,2,2,1,1,1,1,0,0,0,0,0,0,,,,,,,,,,,,,,,,,,,,,,,,,,,,,,,,,,,,,,,,,,,,,,,,
15690,300,15479,15689,15496,1,0,0,0,0,0,0,0,0,0,0,0,0,0,0,2,2,2,2,2,2,2,2,2,2,2,2,2,2,2,2,2,2,2,2,2,2,2,2,1,1,0,0,0,0,0,0,0,0,,,,,,,,,,,,,,,,,,,,,,,,,,,,,,,,,,,,,,,,,,,,,,,,
15691,2500,15686,15692,,0,67,67,70,70,49,49,53,53,62,62,67,67,186,186,910,910,1134,1134,1023,1023,977,977,900,900,812,812,861,861,864,864,851,851,886,886,939,939,854,854,524,524,336,336,227,227,165,165,84,84,,,,,,,,,,,,,,,,,,,,,,,,,,,,,,,,,,,,,,,,,,,,,,,,
15692,2000,15693,15691,15496,1,67,67,70,70,49,49,53,53,62,62,67,67,186,186,910,910,1134,1134,1023,1023,977,977,900,900,812,812,861,861,864,864,851,851,886,886,939,939,854,854,524,524,336,336,227,227,165,165,84,84,,,,,,,,,,,,,,,,,,,,,,,,,,,,,,,,,,,,,,,,,,,,,,,,
15693,2000,15694,15692,,0,67,67,70,70,49,49,53,53,62,62,67,67,186,186,910,910,1134,1134,1023,1023,977,977,900,900,812,812,861,861,864,864,851,851,886,886,939,939,854,854,524,524,336,336,227,227,165,165,84,84,,,,,,,,,,,,,,,,,,,,,,,,,,,,,,,,,,,,,,,,,,,,,,,,
15694,300,15695,15495,15693,1,0,0,0,0,0,0,0,0,0,0,0,0,0,0,3,3,3,3,3,3,3,3,2,2,2,2,2,2,2,2,2,2,2,2,3,3,2,2,1,1,1,1,0,0,0,0,0,0,,,,,,,,,,,,,,,,,,,,,,,,,,,,,,,,,,,,,,,,,,,,,,,,
15695,1600,15696,15694,,0,0,0,0,0,0,0,0,0,0,0,0,0,0,0,2,2,2,2,2,2,2,2,2,2,2,2,2,2,2,2,2,2,2,2,2,2,2,2,1,1,0,0,0,0,0,0,0,0,,,,,,,,,,,,,,,,,,,,,,,,,,,,,,,,,,,,,,,,,,,,,,,,
15696,1600,15695,15697,15492,1,0,0,0,0,0,0,0,0,0,0,0,0,0,0,2,2,2,2,2,2,2,2,2,2,2,2,2,2,2,2,2,2,2,2,2,2,2,2,1,1,1,1,0,0,0,0,0,0,,,,,,,,,,,,,,,,,,,,,,,,,,,,,,,,,,,,,,,,,,,,,,,,
15697,600,15696,15698,,0,0,0,0,0,0,0,0,0,0,0,0,0,0,0,2,2,3,3,2,2,2,2,2,2,2,2,2,2,2,2,2,2,2,2,2,2,2,2,1,1,1,1,0,0,0,0,0,0,,,,,,,,,,,,,,,,,,,,,,,,,,,,,,,,,,,,,,,,,,,,,,,,
15698,300,15498,15697,15608,1,0,0,0,0,0,0,0,0,0,0,0,0,0,0,2,2,3,3,3,3,3,3,2,2,2,2,2,2,2,2,2,2,2,2,3,3,2,2,1,1,1,1,0,0,0,0,0,0,,,,,,,,,,,,,,,,,,,,,,,,,,,,,,,,,,,,,,,,,,,,,,,,
15699,2000,15463,15700,,0,67,67,70,70,49,49,53,53,62,62,67,67,186,186,910,910,1134,1134,1023,1023,977,977,900,900,812,812,861,861,864,864,851,851,886,886,939,939,854,854,524,524,336,336,227,227,165,165,84,84,,,,,,,,,,,,,,,,,,,,,,,,,,,,,,,,,,,,,,,,,,,,,,,,
157,2000,152,172,151;191,2,27,27,28,28,20,20,21,21,25,25,27,27,74,74,1049,1049,1182,1182,1170,1170,1126,1126,1056,1056,970,970,1022,1022,982,982,1052,1052,1066,1066,1112,1112,1010,1010,210,210,134,134,91,91,66,66,34,34,,,,,,,,,,,,,,,,,,,,,,,,,,,,,,,,,,,,,,,,,,,,,,,,
15700,2500,15699,15687,15701,1,67,67,70,70,49,49,53,53,62,62,67,67,186,186,910,910,1134,1134,1023,1023,977,977,900,900,812,812,861,861,864,864,851,851,886,886,939,939,854,854,524,524,336,336,227,227,165,165,84,84,,,,,,,,,,,,,,,,,,,,,,,,,,,,,,,,,,,,,,,,,,,,,,,,
15701,1600,15700,15702,,0,0,0,0,0,0,0,0,0,0,0,0,0,0,0,2,2,3,3,3,3,3,3,2,2,2,2,2,2,2,2,2,2,2,2,3,3,2,2,1,1,1,1,0,0,0,0,0,0,,,,,,,,,,,,,,,,,,,,,,,,,,,,,,,,,,,,,,,,,,,,,,,,
15702,300,15492,15479,15701,1,0,0,0,0,0,0,0,0,0,0,0,0,0,0,2,2,2,2,2,2,2,2,2,2,2,2,2,2,2,2,2,2,2,2,2,2,2,2,1,1,1,1,0,0,0,0,0,0,,,,,,,,,,,,,,,,,,,,,,,,,,,,,,,,,,,,,,,,,,,,,,,,
15703,4400,15704,15706,,0,67,67,70,70,49,49,53,53,62,62,67,67,186,186,910,910,1134,1134,1023,1023,977,977,900,900,812,812,861,861,864,864,851,851,886,886,939,939,854,854,524,524,336,336,227,227,165,165,84,84,,,,,,,,,,,,,,,,,,,,,,,,,,,,,,,,,,,,,,,,,,,,,,,,
15704,1200,15455,15867,15703,1,0,0,0,0,0,0,0,0,0,0,0,0,0,0,2,2,3,3,2,2,2,2,2,2,2,2,2,2,2,2,2,2,2,2,2,2,2,2,1,1,1,1,0,0,0,0,0,0,,,,,,,,,,,,,,,,,,,,,,,,,,,,,,,,,,,,,,,,,,,,,,,,
15705,3500,15463,15451,15706,1,67,67,70,70,49,49,53,53,62,62,67,67,186,186,910,910,1134,1134,1023,1023,977,977,900,900,812,812,861,861,864,864,851,851,886,886,939,939,854,854,524,524,336,336,227,227,165,165,84,84,,,,,,,,,,,,,,,,,,,,,,,,,,,,,,,,,,,,,,,,,,,,,,,,
15706,800,15447,15703,15705,1,0,0,0,0,0,0,0,0,0,0,0,0,0,0,3,3,3,3,3,3,3,3,2,2,2,2,2,2,2,2,2,2,2,2,3,3,3,3,1,1,1,1,0,0,0,0,0,0,,,,,,,,,,,,,,,,,,,,,,,,,,,,,,,,,,,,,,,,,,,,,,,,
15707,3000,15712,15708,,0,67,67,70,70,49,49,53,53,62,62,67,67,186,186,910,910,1134,1134,1023,1023,977,977,900,900,812,812,861,861,864,864,851,851,886,886,939,939,854,854,524,524,336,336,227,227,165,165,84,84,,,,,,,,,,,,,,,,,,,,,,,,,,,,,,,,,,,,,,,,,,,,,,,,
15708,300,15707,15469,15435,1,0,0,0,0,0,0,0,0,0,0,0,0,0,0,1,1,2,2,2,2,2,2,1,1,1,1,1,1,1,1,1,1,1,1,1,1,1,1,1,1,0,0,0,0,0,0,0,0,,,,,,,,,,,,,,,,,,,,,,,,,,,,,,,,,,,,,,,,,,,,,,,,
15709,500,15463,15710,,0,67,67,70,70,49,49,53,53,62,62,67,67,186,186,910,910,1134,1134,1023,1023,977,977,900,900,812,812,861,861,864,864,851,851,886,886,939,939,854,854,524,524,336,336,227,227,165,165,84,84,,,,,,,,,,,,,,,,,,,,,,,,,,,,,,,,,,,,,,,,,,,,,,,,
15710,400,15462,15709,15711,1,0,0,0,0,0,0,0,0,0,0,0,0,0,0,3,3,3,3,3,3,3,3,3,3,2,2,2,2,2,2,3,3,3,3,3,3,3,3,1,1,1,1,0,0,0,0,0,0,,,,,,,,,,,,,,,,,,,,,,,,,,,,,,,,,,,,,,,,,,,,,,,,
15711,600,15710,15712,,0,0,0,0,0,0,0,0,0,0,0,0,0,0,0,2,2,2,2,2,2,2,2,2,2,1,1,1,1,2,2,2,2,2,2,2,2,2,2,1,1,0,0,0,0,0,0,0,0,,,,,,,,,,,,,,,,,,,,,,,,,,,,,,,,,,,,,,,,,,,,,,,,
15712,300,15707,15711,15713,1,0,0,0,0,0,0,0,0,0,0,0,0,0,0,1,1,1,1,1,1,1,1,1,1,1,1,1,1,1,1,1,1,1,1,1,1,1,1,0,0,0,0,0,0,0,0,0,0,,,,,,,,,,,,,,,,,,,,,,,,,,,,,,,,,,,,,,,,,,,,,,,,
15713,300,15712,15714,,0,0,0,0,0,0,0,0,0,0,0,0,0,0,0,1,1,1,1,1,1,1,1,1,1,1,1,1,1,1,1,1,1,1,1,1,1,1,1,0,0,0,0,0,0,0,0,0,0,,,,,,,,,,,,,,,,,,,,,,,,,,,,,,,,,,,,,,,,,,,,,,,,
15714,300,15715,15713,15489,1,0,0,0,0,0,0,0,0,0,0,0,0,0,0,1,1,1,1,1,1,1,1,1,1,1,1,1,1,1,1,1,1,1,1,1,1,1,1,0,0,0,0,0,0,0,0,0,0,,,,,,,,,,,,,,,,,,,,,,,,,,,,,,,,,,,,,,,,,,,,,,,,
15715,300,15716,15714,,0,0,0,0,0,0,0,0,0,0,0,0,0,0,0,1,1,1,1,1,1,1,1,1,1,1,1,1,1,1,1,1,1,1,1,1,1,1,1,0,0,0,0,0,0,0,0,0,0,,,,,,,,,,,,,,,,,,,,,,,,,,,,,,,,,,,,,,,,,,,,,,,,
15716,300,15717,15488,15715,1,0,0,0,0,0,0,0,0,0,0,0,0,0,0,1,1,1,1,1,1,1,1,1,1,1,1,1,1,1,1,1,1,1,1,1,1,1,1,0,0,0,0,0,0,0,0,0,0,,,,,,,,,,,,,,,,,,,,,,,,,,,,,,,,,,,,,,,,,,,,,,,,
15717,300,15718,15716,,0,0,0,0,0,0,0,0,0,0,0,0,0,0,0,1,1,1,1,1,1,1,1,1,1,1,1,1,1,1,1,1,1,1,1,1,1,1,1,0,0,0,0,0,0,0,0,0,0,,,,,,,,,,,,,,,,,,,,,,,,,,,,,,,,,,,,,,,,,,,,,,,,
15718,300,15719,15717,15469,1,0,0,0,0,0,0,0,0,0,0,0,0,0,0,1,1,1,1,1,1,1,1,1,1,1,1,1,1,1,1,1,1,1,1,1,1,1,1,0,0,0,0,0,0,0,0,0,0,,,,,,,,,,,,,,,,,,,,,,,,,,,,,,,,,,,,,,,,,,,,,,,,
15719,300,15720,15718,,0,0,0,0,0,0,0,0,0,0,0,0,0,0,0,1,1,1,1,1,1,1,1,1,1,1,1,1,1,1,1,1,1,1,1,1,1,1,1,0,0,0,0,0,0,0,0,0,0,,,,,,,,,,,,,,,,,,,,,,,,,,,,,,,,,,,,,,,,,,,,,,,,
15720,300,15487,15737,15719,1,0,0,0,0,0,0,0,0,0,0,0,0,0,0,1,1,1,1,1,1,1,1,1,1,1,1,1,1,1,1,1,1,1,1,1,1,1,1,0,0,0,0,0,0,0,0,0,0,,,,,,,,,,,,,,,,,,,,,,,,,,,,,,,,,,,,,,,,,,,,,,,,
15721,1000,15494,15722,,0,67,67,70,70,49,49,53,53,62,62,67,67,186,186,910,910,1134,1134,1023,1023,977,977,900,900,812,812,861,861,864,864,851,851,886,886,939,939,854,854,524,524,336,336,227,227,165,165,84,84,,,,,,,,,,,,,,,,,,,,,,,,,,,,,,,,,,,,,,,,,,,,,,,,
15722,800,15723,15489,15721,1,0,0,0,0,0,0,0,0,0,0,0,0,0,0,3,3,3,3,3,3,3,3,2,2,2,2,2,2,2,2,2,2,2,2,3,3,2,2,1,1,1,1,0,0,0,0,0,0,,,,,,,,,,,,,,,,,,,,,,,,,,,,,,,,,,,,,,,,,,,,,,,,
15723,800,15724,15722,,0,0,0,0,0,0,0,0,0,0,0,0,0,0,0,2,2,2,2,2,2,2,2,2,2,2,2,2,2,2,2,2,2,2,2,2,2,2,2,1,1,1,1,0,0,0,0,0,0,,,,,,,,,,,,,,,,,,,,,,,,,,,,,,,,,,,,,,,,,,,,,,,,
15724,300,15725,15488,15723,1,0,0,0,0,0,0,0,0,0,0,0,0,0,0,2,2,2,2,2,2,2,2,2,2,2,2,2,2,2,2,2,2,2,2,2,2,2,2,1,1,1,1,0,0,0,0,0,0,,,,,,,,,,,,,,,,,,,,,,,,,,,,,,,,,,,,,,,,,,,,,,,,
15725,300,15724,15726,,0,0,0,0,0,0,0,0,0,0,0,0,0,0,0,2,2,2,2,2,2,2,2,2,2,2,2,2,2,2,2,2,2,2,2,2,2,2,2,1,1,0,0,0,0,0,0,0,0,,,,,,,,,,,,,,,,,,,,,,,,,,,,,,,,,,,,,,,,,,,,,,,,
15726,300,15500,15725,15727,1,0,0,0,0,0,0,0,0,0,0,0,0,0,0,2,2,2,2,2,2,2,2,2,2,1,1,1,1,2,2,2,2,2,2,2,2,2,2,1,1,0,0,0,0,0,0,0,0,,,,,,,,,,,,,,,,,,,,,,,,,,,,,,,,,,,,,,,,,,,,,,,,
15727,800,15726,15728,,0,53,53,55,55,38,38,42,42,48,48,53,53,146,146,715,715,891,891,804,804,768,768,707,707,638,638,676,676,679,679,669,669,696,696,738,738,671,671,411,411,264,264,178,178,130,130,66,66,,,,,,,,,,,,,,,,,,,,,,,,,,,,,,,,,,,,,,,,,,,,,,,,
15728,300,15729,15487,15727,1,0,0,0,0,0,0,0,0,0,0,0,0,0,0,1,1,1,1,1,1,1,1,1,1,1,1,1,1,1,1,1,1,1,1,1,1,1,1,0,0,0,0,0,0,0,0,0,0,,,,,,,,,,,,,,,,,,,,,,,,,,,,,,,,,,,,,,,,,,,,,,,,
15729,800,15728,15730,,0,0,0,0,0,0,0,0,0,0,0,0,0,0,0,1,1,1,1,1,1,1,1,1,1,1,1,1,1,1,1,1,1,1,1,1,1,1,1,0,0,0,0,0,0,0,0,0,0,,,,,,,,,,,,,,,,,,,,,,,,,,,,,,,,,,,,,,,,,,,,,,,,
15730,600,15729,15503,15731,1,0,0,0,0,0,0,0,0,0,0,0,0,0,0,1,1,1,1,1,1,1,1,1,1,1,1,1,1,1,1,1,1,1,1,1,1,1,1,0,0,0,0,0,0,0,0,0,0,,,,,,,,,,,,,,,,,,,,,,,,,,,,,,,,,,,,,,,,,,,,,,,,
15731,800,15732,15730,,0,0,0,0,0,0,0,0,0,0,0,0,0,0,0,0,0,1,1,0,0,0,0,0,0,0,0,0,0,0,0,0,0,0,0,0,0,0,0,0,0,0,0,0,0,0,0,0,0,,,,,,,,,,,,,,,,,,,,,,,,,,,,,,,,,,,,,,,,,,,,,,,,
15732,800,15505,15731,15739,1,0,0,0,0,0,0,0,0,0,0,0,0,0,0,1,1,1,1,1,1,1,1,1,1,1,1,1,1,1,1,1,1,1,1,1,1,1,1,0,0,0,0,0,0,0,0,0,0,,,,,,,,,,,,,,,,,,,,,,,,,,,,,,,,,,,,,,,,,,,,,,,,
15733,300,15736,15734,,0,0,0,0,0,0,0,0,0,0,0,0,0,0,0,2,2,2,2,2,2,2,2,2,2,2,2,2,2,2,2,2,2,2,2,2,2,2,2,1,1,1,1,0,0,0,0,0,0,,,,,,,,,,,,,,,,,,,,,,,,,,,,,,,,,,,,,,,,,,,,,,,,
15734,300,15804,15500,15733,1,0,0,0,0,0,0,0,0,0,0,0,0,0,0,2,2,2,2,2,2,2,2,2,2,2,2,2,2,2,2,2,2,2,2,2,2,2,2,1,1,1,1,0,0,0,0,0,0,,,,,,,,,,,,,,,,,,,,,,,,,,,,,,,,,,,,,,,,,,,,,,,,
15735,4400,15494,15736,,0,67,67,70,70,49,49,53,53,62,62,67,67,186,186,910,910,1134,1134,1023,1023,977,977,900,900,812,812,861,861,864,864,851,851,886,886,939,939,854,854,524,524,336,336,227,227,165,165,84,84,,,,,,,,,,,,,,,,,,,,,,,,,,,,,,,,,,,,,,,,,,,,,,,,
15736,300,15733,15735,15802,1,0,0,0,0,0,0,0,0,0,0,0,0,0,0,2,2,2,2,2,2,2,2,2,2,2,2,2,2,2,2,2,2,2,2,2,2,2,2,1,1,1,1,0,0,0,0,0,0,,,,,,,,,,,,,,,,,,,,,,,,,,,,,,,,,,,,,,,,,,,,,,,,
15737,400,15720,15738,,0,0,0,0,0,0,0,0,0,0,0,0,0,0,0,1,1,1,1,1,1,1,1,1,1,1,1,1,1,1,1,1,1,1,1,1,1,1,1,0,0,0,0,0,0,0,0,0,0,,,,,,,,,,,,,,,,,,,,,,,,,,,,,,,,,,,,,,,,,,,,,,,,
15738,400,15737,15470,15481,1,0,0,0,0,0,0,0,0,0,0,0,0,0,0,1,1,1,1,1,1,1,1,1,1,1,1,1,1,1,1,1,1,1,1,1,1,1,1,0,0,0,0,0,0,0,0,0,0,,,,,,,,,,,,,,,,,,,,,,,,,,,,,,,,,,,,,,,,,,,,,,,,
15739,800,15740,15732,,0,0,0,0,0,0,0,0,0,0,0,0,0,0,0,1,1,1,1,1,1,1,1,1,1,1,1,1,1,1,1,1,1,1,1,1,1,1,1,0,0,0,0,0,0,0,0,0,0,,,,,,,,,,,,,,,,,,,,,,,,,,,,,,,,,,,,,,,,,,,,,,,,
15740,600,15739,15504,15491,1,0,0,0,0,0,0,0,0,0,0,0,0,0,0,1,1,1,1,1,1,1,1,1,1,1,1,1,1,1,1,1,1,1,1,1,1,1,1,0,0,0,0,0,0,0,0,0,0,,,,,,,,,,,,,,,,,,,,,,,,,,,,,,,,,,,,,,,,,,,,,,,,
15741,300,15742,15483,,0,0,0,0,0,0,0,0,0,0,0,0,0,0,0,1,1,2,2,2,2,2,2,1,1,1,1,1,1,1,1,1,1,1,1,2,2,1,1,1,1,0,0,0,0,0,0,0,0,,,,,,,,,,,,,,,,,,,,,,,,,,,,,,,,,,,,,,,,,,,,,,,,
15742,300,15481,15741,15478,1,0,0,0,0,0,0,0,0,0,0,0,0,0,0,1,1,1,1,1,1,1,1,1,1,1,1,1,1,1,1,1,1,1,1,1,1,1,1,1,1,0,0,0,0,0,0,0,0,,,,,,,,,,,,,,,,,,,,,,,,,,,,,,,,,,,,,,,,,,,,,,,,
15743,800,15908,15416,,0,0,0,0,0,0,0,0,0,0,0,0,0,0,0,2,2,2,2,2,2,2,2,2,2,2,2,2,2,2,2,2,2,2,2,2,2,2,2,1,1,0,0,0,0,0,0,0,0,,,,,,,,,,,,,,,,,,,,,,,,,,,,,,,,,,,,,,,,,,,,,,,,
15744,800,15745,15445,15905,1,0,0,0,0,0,0,0,0,0,0,0,0,0,0,1,1,1,1,1,1,1,1,1,1,1,1,1,1,1,1,1,1,1,1,1,1,1,1,0,0,0,0,0,0,0,0,0,0,,,,,,,,,,,,,,,,,,,,,,,,,,,,,,,,,,,,,,,,,,,,,,,,
15745,800,15746,15744,,0,0,0,0,0,0,0,0,0,0,0,0,0,0,0,1,1,1,1,1,1,1,1,1,1,1,1,1,1,1,1,1,1,1,1,1,1,1,1,1,1,0,0,0,0,0,0,0,0,,,,,,,,,,,,,,,,,,,,,,,,,,,,,,,,,,,,,,,,,,,,,,,,
15746,800,15745,15747,15437,1,0,0,0,0,0,0,0,0,0,0,0,0,0,0,1,1,1,1,1,1,1,1,1,1,1,1,1,1,1,1,1,1,1,1,1,1,1,1,1,1,0,0,0,0,0,0,0,0,,,,,,,,,,,,,,,,,,,,,,,,,,,,,,,,,,,,,,,,,,,,,,,,
15747,800,15746,15748,,0,0,0,0,0,0,0,0,0,0,0,0,0,0,0,1,1,2,2,2,2,2,2,1,1,1,1,1,1,1,1,1,1,1,1,1,1,1,1,1,1,0,0,0,0,0,0,0,0,,,,,,,,,,,,,,,,,,,,,,,,,,,,,,,,,,,,,,,,,,,,,,,,
15748,400,15891,15747,15749,1,0,0,0,0,0,0,0,0,0,0,0,0,0,0,1,1,2,2,2,2,2,2,1,1,1,1,1,1,1,1,1,1,1,1,2,2,1,1,1,1,0,0,0,0,0,0,0,0,,,,,,,,,,,,,,,,,,,,,,,,,,,,,,,,,,,,,,,,,,,,,,,,
15749,800,15748,15750,,0,0,0,0,0,0,0,0,0,0,0,0,0,0,0,1,1,2,2,2,2,2,2,1,1,1,1,1,1,1,1,1,1,1,1,2,2,1,1,1,1,0,0,0,0,0,0,0,0,,,,,,,,,,,,,,,,,,,,,,,,,,,,,,,,,,,,,,,,,,,,,,,,
15750,800,15751,15450,15749,1,0,0,0,0,0,0,0,0,0,0,0,0,0,0,1,1,2,2,2,2,2,2,1,1,1,1,1,1,1,1,1,1,1,1,2,2,1,1,1,1,0,0,0,0,0,0,0,0,,,,,,,,,,,,,,,,,,,,,,,,,,,,,,,,,,,,,,,,,,,,,,,,
15751,800,15750,15752,,0,0,0,0,0,0,0,0,0,0,0,0,0,0,0,1,1,2,2,2,2,1,1,1,1,1,1,1,1,1,1,1,1,1,1,1,1,1,1,1,1,0,0,0,0,0,0,0,0,,,,,,,,,,,,,,,,,,,,,,,,,,,,,,,,,,,,,,,,,,,,,,,,
15752,400,15753,15453,15751,1,0,0,0,0,0,0,0,0,0,0,0,0,0,0,1,1,2,2,1,1,1,1,1,1,1,1,1,1,1,1,1,1,1,1,1,1,1,1,1,1,0,0,0,0,0,0,0,0,,,,,,,,,,,,,,,,,,,,,,,,,,,,,,,,,,,,,,,,,,,,,,,,
15753,800,15752,15754,,0,0,0,0,0,0,0,0,0,0,0,0,0,0,0,1,1,1,1,1,1,1,1,1,1,1,1,1,1,1,1,1,1,1,1,1,1,1,1,1,1,0,0,0,0,0,0,0,0,,,,,,,,,,,,,,,,,,,,,,,,,,,,,,,,,,,,,,,,,,,,,,,,
15754,800,15466,15480,15753,1,0,0,0,0,0,0,0,0,0,0,0,0,0,0,1,1,1,1,1,1,1,1,1,1,1,1,1,1,1,1,1,1,1,1,1,1,1,1,1,1,0,0,0,0,0,0,0,0,,,,,,,,,,,,,,,,,,,,,,,,,,,,,,,,,,,,,,,,,,,,,,,,
15755,300,15433,15756,,0,0,0,0,0,0,0,0,0,0,0,0,0,0,0,1,1,2,2,1,1,1,1,1,1,1,1,1,1,1,1,1,1,1,1,1,1,1,1,1,1,0,0,0,0,0,0,0,0,,,,,,,,,,,,,,,,,,,,,,,,,,,,,,,,,,,,,,,,,,,,,,,,
15756,300,15443,15755,15439,1,0,0,0,0,0,0,0,0,0,0,0,0,0,0,1,1,1,1,1,1,1,1,1,1,1,1,1,1,1,1,1,1,1,1,1,1,1,1,1,1,0,0,0,0,0,0,0,0,,,,,,,,,,,,,,,,,,,,,,,,,,,,,,,,,,,,,,,,,,,,,,,,
15757,1600,15758,15446,,0,0,0,0,0,0,0,0,0,0,0,0,0,1,1,4,4,5,5,4,4,4,4,4,4,4,4,3,3,4,4,4,4,4,4,4,4,4,4,2,2,1,1,1,1,1,1,0,0,,,,,,,,,,,,,,,,,,,,,,,,,,,,,,,,,,,,,,,,,,,,,,,,
15758,400,15472,15757,15759,1,0,0,0,0,0,0,0,0,0,0,0,0,1,1,4,4,5,5,5,5,5,5,4,4,4,4,4,4,4,4,4,4,4,4,4,4,4,4,2,2,1,1,1,1,1,1,0,0,,,,,,,,,,,,,,,,,,,,,,,,,,,,,,,,,,,,,,,,,,,,,,,,
15759,300,15758,15760,,0,0,0,0,0,0,0,0,0,0,0,0,0,1,1,5,5,5,5,5,5,5,5,4,4,4,4,4,4,4,4,4,4,4,4,5,5,5,5,2,2,1,1,1,1,1,1,0,0,,,,,,,,,,,,,,,,,,,,,,,,,,,,,,,,,,,,,,,,,,,,,,,,
15760,300,15759,15473,15761,1,0,0,0,0,0,0,0,0,0,0,0,0,1,1,4,4,5,5,5,5,5,5,4,4,4,4,4,4,4,4,4,4,4,4,5,5,4,4,2,2,1,1,1,1,1,1,0,0,,,,,,,,,,,,,,,,,,,,,,,,,,,,,,,,,,,,,,,,,,,,,,,,
15761,1600,15760,15762,,0,0,0,0,0,0,0,0,0,0,0,0,0,0,0,3,3,4,4,4,4,4,4,3,3,3,3,3,3,3,3,3,3,3,3,4,4,3,3,2,2,1,1,1,1,0,0,0,0,,,,,,,,,,,,,,,,,,,,,,,,,,,,,,,,,,,,,,,,,,,,,,,,
15762,400,15477,15761,15466,1,0,0,0,0,0,0,0,0,0,0,0,0,0,0,2,2,3,3,2,2,2,2,2,2,2,2,2,2,2,2,2,2,2,2,2,2,2,2,1,1,1,1,0,0,0,0,0,0,,,,,,,,,,,,,,,,,,,,,,,,,,,,,,,,,,,,,,,,,,,,,,,,
15763,800,15764,15483,,0,0,0,0,0,0,0,0,0,0,0,0,0,0,0,3,3,3,3,3,3,3,3,2,2,2,2,2,2,2,2,2,2,2,2,3,3,2,2,1,1,1,1,0,0,0,0,0,0,,,,,,,,,,,,,,,,,,,,,,,,,,,,,,,,,,,,,,,,,,,,,,,,
15764,2000,15763,15499,15765,1,67,67,70,70,49,49,53,53,62,62,67,67,186,186,910,910,1134,1134,1023,1023,977,977,900,900,812,812,861,861,864,864,851,851,886,886,939,939,854,854,524,524,336,336,227,227,165,165,84,84,,,,,,,,,,,,,,,,,,,,,,,,,,,,,,,,,,,,,,,,,,,,,,,,
15765,1000,15766,15764,,0,67,67,70,70,49,49,53,53,62,62,67,67,186,186,910,910,1134,1134,1023,1023,977,977,900,900,812,812,861,861,864,864,851,851,886,886,939,939,854,854,524,524,336,336,227,227,165,165,84,84,,,,,,,,,,,,,,,,,,,,,,,,,,,,,,,,,,,,,,,,,,,,,,,,
15766,300,15477,15484,15765,1,0,0,0,0,0,0,0,0,0,0,0,0,0,0,2,2,3,3,3,3,3,3,2,2,2,2,2,2,2,2,2,2,2,2,3,3,2,2,1,1,1,1,0,0,0,0,0,0,,,,,,,,,,,,,,,,,,,,,,,,,,,,,,,,,,,,,,,,,,,,,,,,
15767,800,15768,15475,,0,0,0,0,0,0,0,0,0,0,0,0,0,0,0,2,2,3,3,3,3,3,3,2,2,2,2,2,2,2,2,2,2,2,2,3,3,2,2,1,1,1,1,0,0,0,0,0,0,,,,,,,,,,,,,,,,,,,,,,,,,,,,,,,,,,,,,,,,,,,,,,,,
15768,300,15767,15473,15484,1,0,0,0,0,0,0,0,0,0,0,0,0,0,0,2,2,2,2,2,2,2,2,2,2,2,2,2,2,2,2,2,2,2,2,2,2,2,2,1,1,1,1,0,0,0,0,0,0,,,,,,,,,,,,,,,,,,,,,,,,,,,,,,,,,,,,,,,,,,,,,,,,
15769,800,15475,15770,,0,0,0,0,0,0,0,0,0,0,0,0,0,1,1,4,4,5,5,4,4,4,4,4,4,4,4,3,3,4,4,4,4,4,4,4,4,4,4,2,2,1,1,1,1,1,1,0,0,,,,,,,,,,,,,,,,,,,,,,,,,,,,,,,,,,,,,,,,,,,,,,,,
15770,1200,15485,15769,15771,1,0,0,0,0,0,0,0,0,0,0,0,0,1,1,4,4,5,5,4,4,4,4,4,4,4,4,4,4,4,4,4,4,4,4,4,4,4,4,2,2,1,1,1,1,1,1,0,0,,,,,,,,,,,,,,,,,,,,,,,,,,,,,,,,,,,,,,,,,,,,,,,,
15771,800,15772,15770,,0,0,0,0,0,0,0,0,0,0,0,0,0,0,0,3,3,3,3,3,3,3,3,3,3,3,3,3,3,3,3,3,3,3,3,3,3,3,3,1,1,1,1,1,1,0,0,0,0,,,,,,,,,,,,,,,,,,,,,,,,,,,,,,,,,,,,,,,,,,,,,,,,
15772,1200,15474,15471,15771,1,0,0,0,0,0,0,0,0,0,0,0,0,0,0,2,2,3,3,2,2,2,2,2,2,2,2,2,2,2,2,2,2,2,2,2,2,2,2,1,1,1,1,0,0,0,0,0,0,,,,,,,,,,,,,,,,,,,,,,,,,,,,,,,,,,,,,,,,,,,,,,,,
15773,3500,15780,15468,,0,67,67,70,70,49,49,53,53,62,62,67,67,186,186,910,910,1134,1134,1023,1023,977,977,900,900,812,812,861,861,864,864,851,851,886,886,939,939,854,854,524,524,336,336,227,227,165,165,84,84,,,,,,,,,,,,,,,,,,,,,,,,,,,,,,,,,,,,,,,,,,,,,,,,
15774,400,15775,15501,15826,1,0,0,0,0,0,0,0,0,0,0,0,0,1,1,5,5,6,6,6,6,6,6,5,5,5,5,5,5,5,5,5,5,5,5,6,6,5,5,3,3,2,2,1,1,1,1,0,0,,,,,,,,,,,,,,,,,,,,,,,,,,,,,,,,,,,,,,,,,,,,,,,,
15775,3500,15776,15774,,0,60,60,61,61,43,43,46,46,54,54,59,59,165,165,1034,1034,1217,1217,1116,1116,1091,1091,994,994,936,936,928,928,983,983,979,979,992,992,1064,1064,1008,1008,527,527,330,330,216,216,158,158,85,85,,,,,,,,,,,,,,,,,,,,,,,,,,,,,,,,,,,,,,,,,,,,,,,,
15776,1200,15502,15499,15777;15775,2,0,0,0,0,0,0,0,0,0,0,0,0,1,1,5,5,6,6,5,5,5,5,5,5,5,5,4,4,5,5,5,5,5,5,5,5,5,5,2,2,2,2,1,1,1,1,0,0,,,,,,,,,,,,,,,,,,,,,,,,,,,,,,,,,,,,,,,,,,,,,,,,
15777,3500,15778,15776,,0,60,60,61,61,43,43,46,46,54,54,59,59,165,165,1034,1034,1217,1217,1116,1116,1091,1091,994,994,936,936,928,928,983,983,979,979,992,992,1064,1064,1008,1008,527,527,330,330,216,216,158,158,85,85,,,,,,,,,,,,,,,,,,,,,,,,,,,,,,,,,,,,,,,,,,,,,,,,
15778,500,15493,15779,15777,1,60,60,61,61,43,43,46,46,54,54,59,59,165,165,1034,1034,1217,1217,1116,1116,1091,1091,994,994,936,936,928,928,983,983,979,979,992,992,1064,1064,1008,1008,527,527,330,330,216,216,158,158,85,85,,,,,,,,,,,,,,,,,,,,,,,,,,,,,,,,,,,,,,,,,,,,,,,,
15779,3500,15780,15778,,0,60,60,61,61,43,43,46,46,54,54,59,59,165,165,1034,1034,1217,1217,1116,1116,1091,1091,994,994,936,936,928,928,983,983,979,979,992,992,1064,1064,1008,1008,527,527,330,330,216,216,158,158,85,85,,,,,,,,,,,,,,,,,,,,,,,,,,,,,,,,,,,,,,,,,,,,,,,,
15780,400,15485,15773,15779,1,0,0,0,0,0,0,0,0,0,0,0,0,1,1,6,6,6,6,6,6,6,6,5,5,5,5,5,5,5,5,5,5,5,5,6,6,6,6,3,3,2,2,1,1,1,1,0,0,,,,,,,,,,,,,,,,,,,,,,,,,,,,,,,,,,,,,,,,,,,,,,,,
15781,800,15468,15782,,0,0,0,0,0,0,0,0,0,0,0,0,0,0,0,3,3,4,4,3,3,3,3,3,3,3,3,3,3,3,3,3,3,3,3,3,3,3,3,2,2,1,1,1,1,0,0,0,0,,,,,,,,,,,,,,,,,,,,,,,,,,,,,,,,,,,,,,,,,,,,,,,,
15782,800,15458,15465,15781,1,0,0,0,0,0,0,0,0,0,0,0,0,0,0,2,2,3,3,2,2,2,2,2,2,2,2,2,2,2,2,2,2,2,2,2,2,2,2,1,1,1,1,0,0,0,0,0,0,,,,,,,,,,,,,,,,,,,,,,,,,,,,,,,,,,,,,,,,,,,,,,,,
15783,800,15444,15784,,0,0,0,0,0,0,0,0,0,0,0,0,0,0,0,2,2,2,2,2,2,2,2,2,2,2,2,2,2,2,2,2,2,2,2,2,2,2,2,1,1,1,1,0,0,0,0,0,0,,,,,,,,,,,,,,,,,,,,,,,,,,,,,,,,,,,,,,,,,,,,,,,,
15784,600,15448,15783,15465,1,0,0,0,0,0,0,0,0,0,0,0,0,0,0,2,2,2,2,2,2,2,2,2,2,2,2,2,2,2,2,2,2,2,2,2,2,2,2,1,1,1,1,0,0,0,0,0,0,,,,,,,,,,,,,,,,,,,,,,,,,,,,,,,,,,,,,,,,,,,,,,,,
15785,1600,15845,15847,,0,0,0,0,0,0,0,0,0,0,0,0,0,1,1,4,4,5,5,4,4,4,4,4,4,4,4,4,4,4,4,4,4,4,4,4,4,4,4,2,2,1,1,1,1,1,1,0,0,,,,,,,,,,,,,,,,,,,,,,,,,,,,,,,,,,,,,,,,,,,,,,,,
15786,3000,15525,15502,15842,1,60,60,61,61,43,43,46,46,54,54,59,59,165,165,1034,1034,1217,1217,1116,1116,1091,1091,994,994,936,936,928,928,983,983,979,979,992,992,1064,1064,1008,1008,527,527,330,330,216,216,158,158,85,85,,,,,,,,,,,,,,,,,,,,,,,,,,,,,,,,,,,,,,,,,,,,,,,,
15787,4400,15464,15790,,0,60,60,61,61,43,43,46,46,54,54,59,59,165,165,1034,1034,1217,1217,1116,1116,1091,1091,994,994,936,936,928,928,983,983,979,979,992,992,1064,1064,1008,1008,527,527,330,330,216,216,158,158,85,85,,,,,,,,,,,,,,,,,,,,,,,,,,,,,,,,,,,,,,,,,,,,,,,,
15788,3000,15525,15794,15789,1,60,60,61,61,43,43,46,46,54,54,59,59,165,165,1034,1034,1217,1217,1116,1116,1091,1091,994,994,936,936,928,928,983,983,979,979,992,992,1064,1064,1008,1008,527,527,330,330,216,216,158,158,85,85,,,,,,,,,,,,,,,,,,,,,,,,,,,,,,,,,,,,,,,,,,,,,,,,
15789,4400,15790,15788,,0,60,60,61,61,43,43,46,46,54,54,59,59,165,165,1034,1034,1217,1217,1116,1116,1091,1091,994,994,936,936,928,928,983,983,979,979,992,992,1064,1064,1008,1008,527,527,330,330,216,216,158,158,85,85,,,,,,,,,,,,,,,,,,,,,,,,,,,,,,,,,,,,,,,,,,,,,,,,
15790,1600,15482,15476,15787;15789,2,0,0,0,0,0,0,0,0,0,0,0,0,1,1,5,5,6,6,5,5,5,5,5,5,4,4,4,4,5,5,5,5,5,5,5,5,5,5,2,2,1,1,1,1,1,1,0,0,,,,,,,,,,,,,,,,,,,,,,,,,,,,,,,,,,,,,,,,,,,,,,,,
15791,4400,15792,15454,,0,60,60,61,61,43,43,46,46,54,54,59,59,165,165,1034,1034,1217,1217,1116,1116,1091,1091,994,994,936,936,928,928,983,983,979,979,992,992,1064,1064,1008,1008,527,527,330,330,216,216,158,158,85,85,,,,,,,,,,,,,,,,,,,,,,,,,,,,,,,,,,,,,,,,,,,,,,,,
15792,400,15436,15791,15919,1,0,0,0,0,0,0,0,0,0,0,0,0,1,1,6,6,6,6,6,6,6,6,5,5,5,5,5,5,5,5,5,5,5,5,6,6,5,5,3,3,2,2,1,1,1,1,0,0,,,,,,,,,,,,,,,,,,,,,,,,,,,,,,,,,,,,,,,,,,,,,,,,
15793,800,15460,15464,,0,0,0,0,0,0,0,0,0,0,0,0,0,1,1,4,4,5,5,4,4,4,4,4,4,4,4,4,4,4,4,4,4,4,4,4,4,4,4,2,2,1,1,1,1,1,1,0,0,,,,,,,,,,,,,,,,,,,,,,,,,,,,,,,,,,,,,,,,,,,,,,,,
15794,4400,15795,15788,,0,60,60,61,61,43,43,46,46,54,54,59,59,165,165,1034,1034,1217,1217,1116,1116,1091,1091,994,994,936,936,928,928,983,983,979,979,992,992,1064,1064,1008,1008,527,527,330,330,216,216,158,158,85,85,,,,,,,,,,,,,,,,,,,,,,,,,,,,,,,,,,,,,,,,,,,,,,,,
15795,3500,15497,15794,15512,1,60,60,61,61,43,43,46,46,54,54,59,59,165,165,1034,1034,1217,1217,1116,1116,1091,1091,994,994,936,936,928,928,983,983,979,979,992,992,1064,1064,1008,1008,527,527,330,330,216,216,158,158,85,85,,,,,,,,,,,,,,,,,,,,,,,,,,,,,,,,,,,,,,,,,,,,,,,,
15796,1200,15797,15547,,0,0,0,0,0,0,0,0,0,0,0,0,0,1,1,4,4,5,5,5,5,5,5,4,4,4,4,4,4,4,4,4,4,4,4,5,5,4,4,2,2,1,1,1,1,1,1,0,0,,,,,,,,,,,,,,,,,,,,,,,,,,,,,,,,,,,,,,,,,,,,,,,,
15797,800,15545,15539,15796,1,0,0,0,0,0,0,0,0,0,0,0,0,0,0,2,2,2,2,2,2,2,2,2,2,2,2,2,2,2,2,2,2,2,2,2,2,2,2,1,1,1,1,0,0,0,0,0,0,,,,,,,,,,,,,,,,,,,,,,,,,,,,,,,,,,,,,,,,,,,,,,,,
15798,600,,15799,,0,0,0,0,0,0,0,0,0,0,0,0,0,0,0,3,3,4,4,4,4,3,3,3,3,3,3,3,3,3,3,3,3,3,3,3,3,3,3,1,1,1,1,1,1,0,0,0,0,,,,,,,,,,,,,,,,,,,,,,,,,,,,,,,,,,,,,,,,,,,,,,,,
15799,400,15798,15543,15546,1,0,0,0,0,0,0,0,0,0,0,0,0,0,0,4,4,4,4,4,4,4,4,4,4,3,3,3,3,3,3,4,4,4,4,4,4,4,4,1,1,1,1,1,1,0,0,0,0,,,,,,,,,,,,,,,,,,,,,,,,,,,,,,,,,,,,,,,,,,,,,,,,
158,1200,150,173,153;162,2,0,0,0,0,0,0,0,0,0,0,0,0,1,1,7,7,8,8,8,8,8,8,7,7,6,6,7,7,7,7,7,7,7,7,7,7,7,7,3,3,2,2,1,1,1,1,0,0,,,,,,,,,,,,,,,,,,,,,,,,,,,,,,,,,,,,,,,,,,,,,,,,
15800,2750,15551,15560,15801,1,54,54,56,56,39,39,42,42,49,49,53,53,149,149,1004,1004,1185,1185,1107,1107,1074,1074,985,985,913,913,935,935,950,950,962,962,980,980,1040,1040,965,965,451,451,285,285,189,189,138,138,72,72,,,,,,,,,,,,,,,,,,,,,,,,,,,,,,,,,,,,,,,,,,,,,,,,
15801,1650,15683,15800,15534,1,54,54,56,56,39,39,42,42,49,49,53,53,149,149,1004,1004,1185,1185,1107,1107,1074,1074,985,985,913,913,935,935,950,950,962,962,980,980,1040,1040,965,965,451,451,285,285,189,189,138,138,72,72,,,,,,,,,,,,,,,,,,,,,,,,,,,,,,,,,,,,,,,,,,,,,,,,
15802,4400,15803,15736,,0,67,67,70,70,49,49,53,53,62,62,67,67,186,186,910,910,1134,1134,1023,1023,977,977,900,900,812,812,861,861,864,864,851,851,886,886,939,939,854,854,524,524,336,336,227,227,165,165,84,84,,,,,,,,,,,,,,,,,,,,,,,,,,,,,,,,,,,,,,,,,,,,,,,,
15803,2000,15515,15802,15528,1,67,67,70,70,49,49,53,53,62,62,67,67,186,186,910,910,1134,1134,1023,1023,977,977,900,900,812,812,861,861,864,864,851,851,886,886,939,939,854,854,524,524,336,336,227,227,165,165,84,84,,,,,,,,,,,,,,,,,,,,,,,,,,,,,,,,,,,,,,,,,,,,,,,,
15804,600,15734,15805,,0,0,0,0,0,0,0,0,0,0,0,0,0,0,0,2,2,2,2,2,2,2,2,2,2,2,2,2,2,2,2,2,2,2,2,2,2,2,2,1,1,1,1,0,0,0,0,0,0,,,,,,,,,,,,,,,,,,,,,,,,,,,,,,,,,,,,,,,,,,,,,,,,
15805,300,15804,15806,15503,1,0,0,0,0,0,0,0,0,0,0,0,0,0,0,2,2,2,2,2,2,2,2,2,2,2,2,2,2,2,2,2,2,2,2,2,2,2,2,1,1,1,1,0,0,0,0,0,0,,,,,,,,,,,,,,,,,,,,,,,,,,,,,,,,,,,,,,,,,,,,,,,,
15806,300,15807,15805,,0,0,0,0,0,0,0,0,0,0,0,0,0,0,0,2,2,3,3,2,2,2,2,2,2,2,2,2,2,2,2,2,2,2,2,2,2,2,2,1,1,1,1,0,0,0,0,0,0,,,,,,,,,,,,,,,,,,,,,,,,,,,,,,,,,,,,,,,,,,,,,,,,
15807,300,15505,15806,15808;15508,2,0,0,0,0,0,0,0,0,0,0,0,0,0,0,3,3,3,3,3,3,3,3,2,2,2,2,2,2,2,2,2,2,2,2,3,3,3,3,1,1,1,1,0,0,0,0,0,0,,,,,,,,,,,,,,,,,,,,,,,,,,,,,,,,,,,,,,,,,,,,,,,,
15808,300,15807,15809,,0,0,0,0,0,0,0,0,0,0,0,0,0,0,0,3,3,3,3,3,3,3,3,2,2,2,2,2,2,2,2,2,2,2,2,3,3,2,2,1,1,1,1,0,0,0,0,0,0,,,,,,,,,,,,,,,,,,,,,,,,,,,,,,,,,,,,,,,,,,,,,,,,
15809,300,15504,15808,15506,1,0,0,0,0,0,0,0,0,0,0,0,0,0,0,3,3,3,3,3,3,3,3,3,3,2,2,2,2,3,3,3,3,3,3,3,3,3,3,1,1,1,1,0,0,0,0,0,0,,,,,,,,,,,,,,,,,,,,,,,,,,,,,,,,,,,,,,,,,,,,,,,,
15810,1600,15811,15483,,0,0,0,0,0,0,0,0,0,0,0,0,0,0,0,1,1,1,1,1,1,1,1,1,1,1,1,1,1,1,1,1,1,1,1,1,1,1,1,0,0,0,0,0,0,0,0,0,0,,,,,,,,,,,,,,,,,,,,,,,,,,,,,,,,,,,,,,,,,,,,,,,,
15811,1600,15510,15810,15506;15814,2,0,0,0,0,0,0,0,0,0,0,0,0,0,0,2,2,2,2,2,2,2,2,2,2,2,2,2,2,2,2,2,2,2,2,2,2,2,2,1,1,1,1,0,0,0,0,0,0,,,,,,,,,,,,,,,,,,,,,,,,,,,,,,,,,,,,,,,,,,,,,,,,
15812,1600,15526,15813,,0,0,0,0,0,0,0,0,0,0,0,0,0,1,1,7,7,9,9,8,8,8,8,7,7,7,7,7,7,7,7,7,7,7,7,8,8,7,7,3,3,2,2,1,1,1,1,0,0,,,,,,,,,,,,,,,,,,,,,,,,,,,,,,,,,,,,,,,,,,,,,,,,
15813,1600,15541,15812,15531,1,0,0,0,0,0,0,0,0,0,0,0,0,1,1,6,6,6,6,6,6,6,6,5,5,5,5,5,5,5,5,5,5,5,5,6,6,5,5,2,2,1,1,1,1,1,1,0,0,,,,,,,,,,,,,,,,,,,,,,,,,,,,,,,,,,,,,,,,,,,,,,,,
15814,2500,15811,15815,,0,67,67,70,70,49,49,53,53,62,62,67,67,186,186,910,910,1134,1134,1023,1023,977,977,900,900,812,812,861,861,864,864,851,851,886,886,939,939,854,854,524,524,336,336,227,227,165,165,84,84,,,,,,,,,,,,,,,,,,,,,,,,,,,,,,,,,,,,,,,,,,,,,,,,
15815,1600,15816,15814,15524,1,0,0,0,0,0,0,0,0,0,0,0,0,1,1,9,9,10,10,9,9,9,9,8,8,8,8,8,8,8,8,8,8,9,9,9,9,8,8,3,3,2,2,1,1,1,1,1,1,,,,,,,,,,,,,,,,,,,,,,,,,,,,,,,,,,,,,,,,,,,,,,,,
15816,1600,15817,15815,,0,0,0,0,0,0,0,0,0,0,0,0,0,1,1,6,6,7,7,6,6,6,6,6,6,5,5,6,6,6,6,6,6,6,6,6,6,6,6,2,2,1,1,1,1,1,1,0,0,,,,,,,,,,,,,,,,,,,,,,,,,,,,,,,,,,,,,,,,,,,,,,,,
15817,1500,15537,15531,15818;15816,2,54,54,56,56,39,39,42,42,49,49,53,53,149,149,1004,1004,1185,1185,1107,1107,1074,1074,985,985,913,913,935,935,950,950,962,962,980,980,1040,1040,965,965,451,451,285,285,189,189,138,138,72,72,,,,,,,,,,,,,,,,,,,,,,,,,,,,,,,,,,,,,,,,,,,,,,,,
15818,2000,15817,15819,,0,67,67,70,70,49,49,53,53,62,62,67,67,186,186,910,910,1134,1134,1023,1023,977,977,900,900,812,812,861,861,864,864,851,851,886,886,939,939,854,854,524,524,336,336,227,227,165,165,84,84,,,,,,,,,,,,,,,,,,,,,,,,,,,,,,,,,,,,,,,,,,,,,,,,
15819,1500,15527,15818,15520,1,67,67,70,70,49,49,53,53,62,62,67,67,186,186,910,910,1134,1134,1023,1023,977,977,900,900,812,812,861,861,864,864,851,851,886,886,939,939,854,854,524,524,336,336,227,227,165,165,84,84,,,,,,,,,,,,,,,,,,,,,,,,,,,,,,,,,,,,,,,,,,,,,,,,
15820,4400,15821,15554,,0,54,54,56,56,39,39,42,42,49,49,53,53,149,149,1004,1004,1185,1185,1107,1107,1074,1074,985,985,913,913,935,935,950,950,962,962,980,980,1040,1040,965,965,451,451,285,285,189,189,138,138,72,72,,,,,,,,,,,,,,,,,,,,,,,,,,,,,,,,,,,,,,,,,,,,,,,,
15821,2000,15822,15541,15820,1,54,54,56,56,39,39,42,42,49,49,53,53,149,149,1004,1004,1185,1185,1107,1107,1074,1074,985,985,913,913,935,935,950,950,962,962,980,980,1040,1040,965,965,451,451,285,285,189,189,138,138,72,72,,,,,,,,,,,,,,,,,,,,,,,,,,,,,,,,,,,,,,,,,,,,,,,,
15822,4400,15821,15823,,0,67,67,70,70,49,49,53,53,62,62,67,67,186,186,910,910,1134,1134,1023,1023,977,977,900,900,812,812,861,861,864,864,851,851,886,886,939,939,854,854,524,524,336,336,227,227,165,165,84,84,,,,,,,,,,,,,,,,,,,,,,,,,,,,,,,,,,,,,,,,,,,,,,,,
15823,2750,15537,15824,15822,1,49,49,50,50,35,35,37,37,44,44,48,48,135,135,1103,1103,1260,1260,1165,1165,1137,1137,1051,1051,1003,1003,974,974,1051,1051,1065,1065,1071,1071,1149,1149,1103,1103,463,463,286,286,185,185,135,135,75,75,,,,,,,,,,,,,,,,,,,,,,,,,,,,,,,,,,,,,,,,,,,,,,,,
15824,4400,15823,15825,,0,49,49,50,50,35,35,37,37,44,44,48,48,135,135,1103,1103,1260,1260,1165,1165,1137,1137,1051,1051,1003,1003,974,974,1051,1051,1065,1065,1071,1071,1149,1149,1103,1103,463,463,286,286,185,185,135,135,75,75,,,,,,,,,,,,,,,,,,,,,,,,,,,,,,,,,,,,,,,,,,,,,,,,
15825,4400,15535,15582,15836;15824,2,49,49,50,50,35,35,37,37,44,44,48,48,135,135,1103,1103,1260,1260,1165,1165,1137,1137,1051,1051,1003,1003,974,974,1051,1051,1065,1065,1071,1071,1149,1149,1103,1103,463,463,286,286,185,185,135,135,75,75,,,,,,,,,,,,,,,,,,,,,,,,,,,,,,,,,,,,,,,,,,,,,,,,
15826,3500,15774,15835,,0,60,60,61,61,43,43,46,46,54,54,59,59,165,165,1034,1034,1217,1217,1116,1116,1091,1091,994,994,936,936,928,928,983,983,979,979,992,992,1064,1064,1008,1008,527,527,330,330,216,216,158,158,85,85,,,,,,,,,,,,,,,,,,,,,,,,,,,,,,,,,,,,,,,,,,,,,,,,
15827,1000,15527,15828,15535,1,60,60,61,61,43,43,46,46,54,54,59,59,165,165,1034,1034,1217,1217,1116,1116,1091,1091,994,994,936,936,928,928,983,983,979,979,992,992,1064,1064,1008,1008,527,527,330,330,216,216,158,158,85,85,,,,,,,,,,,,,,,,,,,,,,,,,,,,,,,,,,,,,,,,,,,,,,,,
15828,3500,15829,15827,,0,60,60,61,61,43,43,46,46,54,54,59,59,165,165,1034,1034,1217,1217,1116,1116,1091,1091,994,994,936,936,928,928,983,983,979,979,992,992,1064,1064,1008,1008,527,527,330,330,216,216,158,158,85,85,,,,,,,,,,,,,,,,,,,,,,,,,,,,,,,,,,,,,,,,,,,,,,,,
15829,400,15519,15830,15828,1,0,0,0,0,0,0,0,0,0,0,0,0,1,1,6,6,7,7,6,6,6,6,6,6,5,5,5,5,6,6,6,6,6,6,6,6,6,6,3,3,2,2,1,1,1,1,0,0,,,,,,,,,,,,,,,,,,,,,,,,,,,,,,,,,,,,,,,,,,,,,,,,
15830,2000,15831,15829,,0,60,60,61,61,43,43,46,46,54,54,59,59,165,165,1034,1034,1217,1217,1116,1116,1091,1091,994,994,936,936,928,928,983,983,979,979,992,992,1064,1064,1008,1008,527,527,330,330,216,216,158,158,85,85,,,,,,,,,,,,,,,,,,,,,,,,,,,,,,,,,,,,,,,,,,,,,,,,
15831,500,15516,15832,15830,1,60,60,61,61,43,43,46,46,54,54,59,59,165,165,1034,1034,1217,1217,1116,1116,1091,1091,994,994,936,936,928,928,983,983,979,979,992,992,1064,1064,1008,1008,527,527,330,330,216,216,158,158,85,85,,,,,,,,,,,,,,,,,,,,,,,,,,,,,,,,,,,,,,,,,,,,,,,,
15832,2000,15831,15833,,0,67,67,70,70,49,49,53,53,62,62,67,67,186,186,910,910,1134,1134,1023,1023,977,977,900,900,812,812,861,861,864,864,851,851,886,886,939,939,854,854,524,524,336,336,227,227,165,165,84,84,,,,,,,,,,,,,,,,,,,,,,,,,,,,,,,,,,,,,,,,,,,,,,,,
15833,500,15516,15834,15832,1,60,60,61,61,43,43,46,46,54,54,59,59,165,165,1034,1034,1217,1217,1116,1116,1091,1091,994,994,936,936,928,928,983,983,979,979,992,992,1064,1064,1008,1008,527,527,330,330,216,216,158,158,85,85,,,,,,,,,,,,,,,,,,,,,,,,,,,,,,,,,,,,,,,,,,,,,,,,
15834,1600,15835,15833,,0,0,0,0,0,0,0,0,0,0,0,0,0,1,1,6,6,7,7,6,6,6,6,6,6,5,5,5,5,6,6,6,6,6,6,6,6,6,6,3,3,2,2,1,1,1,1,0,0,,,,,,,,,,,,,,,,,,,,,,,,,,,,,,,,,,,,,,,,,,,,,,,,
15835,400,15826,15509,15834,1,0,0,0,0,0,0,0,0,0,0,0,0,1,1,6,6,7,7,6,6,6,6,5,5,5,5,5,5,5,5,5,5,5,5,6,6,6,6,3,3,2,2,1,1,1,1,0,0,,,,,,,,,,,,,,,,,,,,,,,,,,,,,,,,,,,,,,,,,,,,,,,,
15836,4400,15837,15825,,0,49,49,50,50,35,35,37,37,44,44,48,48,135,135,1103,1103,1260,1260,1165,1165,1137,1137,1051,1051,1003,1003,974,974,1051,1051,1065,1065,1071,1071,1149,1149,1103,1103,463,463,286,286,185,185,135,135,75,75,,,,,,,,,,,,,,,,,,,,,,,,,,,,,,,,,,,,,,,,,,,,,,,,
15837,3000,15555,15836,15838,1,49,49,50,50,35,35,37,37,44,44,48,48,135,135,1103,1103,1260,1260,1165,1165,1137,1137,1051,1051,1003,1003,974,974,1051,1051,1065,1065,1071,1071,1149,1149,1103,1103,463,463,286,286,185,185,135,135,75,75,,,,,,,,,,,,,,,,,,,,,,,,,,,,,,,,,,,,,,,,,,,,,,,,
15838,4400,15837,15839,,0,49,49,50,50,35,35,37,37,44,44,48,48,135,135,1103,1103,1260,1260,1165,1165,1137,1137,1051,1051,1003,1003,974,974,1051,1051,1065,1065,1071,1071,1149,1149,1103,1103,463,463,286,286,185,185,135,135,75,75,,,,,,,,,,,,,,,,,,,,,,,,,,,,,,,,,,,,,,,,,,,,,,,,
15839,3000,15840,15846,15838,1,49,49,50,50,35,35,37,37,44,44,48,48,135,135,1103,1103,1260,1260,1165,1165,1137,1137,1051,1051,1003,1003,974,974,1051,1051,1065,1065,1071,1071,1149,1149,1103,1103,463,463,286,286,185,185,135,135,75,75,,,,,,,,,,,,,,,,,,,,,,,,,,,,,,,,,,,,,,,,,,,,,,,,
15840,4400,15839,15841,,0,67,67,70,70,49,49,53,53,62,62,67,67,186,186,910,910,1134,1134,1023,1023,977,977,900,900,812,812,861,861,864,864,851,851,886,886,939,939,854,854,524,524,336,336,227,227,165,165,84,84,,,,,,,,,,,,,,,,,,,,,,,,,,,,,,,,,,,,,,,,,,,,,,,,
15841,3500,15840,15848,15552,1,60,60,61,61,43,43,46,46,54,54,59,59,165,165,1034,1034,1217,1217,1116,1116,1091,1091,994,994,936,936,928,928,983,983,979,979,992,992,1064,1064,1008,1008,527,527,330,330,216,216,158,158,85,85,,,,,,,,,,,,,,,,,,,,,,,,,,,,,,,,,,,,,,,,,,,,,,,,
15842,1600,15843,15786,,0,0,0,0,0,0,0,0,0,0,0,0,0,1,1,5,5,5,5,5,5,5,5,4,4,4,4,4,4,4,4,4,4,4,4,5,5,5,5,2,2,1,1,1,1,1,1,0,0,,,,,,,,,,,,,,,,,,,,,,,,,,,,,,,,,,,,,,,,,,,,,,,,
15843,800,15514,15844,15842,1,0,0,0,0,0,0,0,0,0,0,0,0,0,0,3,3,4,4,3,3,3,3,3,3,3,3,3,3,3,3,3,3,3,3,3,3,3,3,2,2,1,1,1,1,0,0,0,0,,,,,,,,,,,,,,,,,,,,,,,,,,,,,,,,,,,,,,,,,,,,,,,,
15844,1600,15843,15845,,0,0,0,0,0,0,0,0,0,0,0,0,0,0,0,3,3,3,3,3,3,3,3,2,2,2,2,2,2,2,2,2,2,2,2,3,3,2,2,1,1,1,1,0,0,0,0,0,0,,,,,,,,,,,,,,,,,,,,,,,,,,,,,,,,,,,,,,,,,,,,,,,,
15845,800,,15518,15844;15785,2,0,0,0,0,0,0,0,0,0,0,0,0,0,0,3,3,3,3,3,3,3,3,2,2,2,2,2,2,2,2,2,2,2,2,3,3,3,3,1,1,1,1,1,1,0,0,0,0,,,,,,,,,,,,,,,,,,,,,,,,,,,,,,,,,,,,,,,,,,,,,,,,
15846,2000,15839,15847,,0,42,42,39,39,28,28,29,29,34,34,39,39,112,112,1343,1343,1424,1424,1347,1347,1375,1375,1229,1229,1247,1247,1096,1096,1282,1282,1299,1299,1257,1257,1375,1375,1394,1394,536,536,316,316,190,190,140,140,87,87,,,,,,,,,,,,,,,,,,,,,,,,,,,,,,,,,,,,,,,,,,,,,,,,
15847,800,15522,15846,15785,1,33,33,31,31,22,22,23,23,26,26,31,31,88,88,1055,1055,1119,1119,1058,1058,1080,1080,966,966,980,980,861,861,1008,1008,1021,1021,988,988,1080,1080,1096,1096,421,421,249,249,150,150,110,110,68,68,,,,,,,,,,,,,,,,,,,,,,,,,,,,,,,,,,,,,,,,,,,,,,,,
15848,3000,15841,15849,,0,49,49,50,50,35,35,37,37,44,44,48,48,135,135,1103,1103,1260,1260,1165,1165,1137,1137,1051,1051,1003,1003,974,974,1051,1051,1065,1065,1071,1071,1149,1149,1103,1103,463,463,286,286,185,185,135,135,75,75,,,,,,,,,,,,,,,,,,,,,,,,,,,,,,,,,,,,,,,,,,,,,,,,
15849,2500,15542,15848,15533,1,49,49,50,50,35,35,37,37,44,44,48,48,135,135,1103,1103,1260,1260,1165,1165,1137,1137,1051,1051,1003,1003,974,974,1051,1051,1065,1065,1071,1071,1149,1149,1103,1103,463,463,286,286,185,185,135,135,75,75,,,,,,,,,,,,,,,,,,,,,,,,,,,,,,,,,,,,,,,,,,,,,,,,
15850,2500,15851,15674,,0,49,49,50,50,35,35,37,37,44,44,48,48,135,135,1103,1103,1260,1260,1165,1165,1137,1137,1051,1051,1003,1003,974,974,1051,1051,1065,1065,1071,1071,1149,1149,1103,1103,463,463,286,286,185,185,135,135,75,75,,,,,,,,,,,,,,,,,,,,,,,,,,,,,,,,,,,,,,,,,,,,,,,,
15851,2500,15850,15852,15542,1,49,49,50,50,35,35,37,37,44,44,48,48,135,135,1103,1103,1260,1260,1165,1165,1137,1137,1051,1051,1003,1003,974,974,1051,1051,1065,1065,1071,1071,1149,1149,1103,1103,463,463,286,286,185,185,135,135,75,75,,,,,,,,,,,,,,,,,,,,,,,,,,,,,,,,,,,,,,,,,,,,,,,,
15852,2000,15853,15851,,0,49,49,50,50,35,35,37,37,44,44,48,48,135,135,1103,1103,1260,1260,1165,1165,1137,1137,1051,1051,1003,1003,974,974,1051,1051,1065,1065,1071,1071,1149,1149,1103,1103,463,463,286,286,185,185,135,135,75,75,,,,,,,,,,,,,,,,,,,,,,,,,,,,,,,,,,,,,,,,,,,,,,,,
15853,800,15605,15557,15852,1,1,1,1,1,0,0,1,1,1,1,1,1,2,2,15,15,18,18,16,16,16,16,15,15,14,14,14,14,15,15,15,15,15,15,16,16,16,16,6,6,4,4,3,3,2,2,1,1,,,,,,,,,,,,,,,,,,,,,,,,,,,,,,,,,,,,,,,,,,,,,,,,
15854,2200,8516,15857,,0,49,49,50,50,35,35,37,37,44,44,48,48,135,135,1103,1103,1260,1260,1165,1165,1137,1137,1051,1051,1003,1003,974,974,1051,1051,1065,1065,1071,1071,1149,1149,1103,1103,463,463,286,286,185,185,135,135,75,75,,,,,,,,,,,,,,,,,,,,,,,,,,,,,,,,,,,,,,,,,,,,,,,,
15855,2000,15856,15557,15540,1,49,49,50,50,35,35,37,37,44,44,48,48,135,135,1103,1103,1260,1260,1165,1165,1137,1137,1051,1051,1003,1003,974,974,1051,1051,1065,1065,1071,1071,1149,1149,1103,1103,463,463,286,286,185,185,135,135,75,75,,,,,,,,,,,,,,,,,,,,,,,,,,,,,,,,,,,,,,,,,,,,,,,,
15856,2500,15857,15855,,0,49,49,50,50,35,35,37,37,44,44,48,48,135,135,1103,1103,1260,1260,1165,1165,1137,1137,1051,1051,1003,1003,974,974,1051,1051,1065,1065,1071,1071,1149,1149,1103,1103,463,463,286,286,185,185,135,135,75,75,,,,,,,,,,,,,,,,,,,,,,,,,,,,,,,,,,,,,,,,,,,,,,,,
15857,2500,15854,15856,15538,1,49,49,50,50,35,35,37,37,44,44,48,48,135,135,1103,1103,1260,1260,1165,1165,1137,1137,1051,1051,1003,1003,974,974,1051,1051,1065,1065,1071,1071,1149,1149,1103,1103,463,463,286,286,185,185,135,135,75,75,,,,,,,,,,,,,,,,,,,,,,,,,,,,,,,,,,,,,,,,,,,,,,,,
15858,2500,15861,15859,,0,49,49,50,50,35,35,37,37,44,44,48,48,135,135,1103,1103,1260,1260,1165,1165,1137,1137,1051,1051,1003,1003,974,974,1051,1051,1065,1065,1071,1071,1149,1149,1103,1103,463,463,286,286,185,185,135,135,75,75,,,,,,,,,,,,,,,,,,,,,,,,,,,,,,,,,,,,,,,,,,,,,,,,
15859,2000,15533,15858,15540,1,49,49,50,50,35,35,37,37,44,44,48,48,135,135,1103,1103,1260,1260,1165,1165,1137,1137,1051,1051,1003,1003,974,974,1051,1051,1065,1065,1071,1071,1149,1149,1103,1103,463,463,286,286,185,185,135,135,75,75,,,,,,,,,,,,,,,,,,,,,,,,,,,,,,,,,,,,,,,,,,,,,,,,
15860,4400,15521,15861,,0,60,60,61,61,43,43,46,46,54,54,59,59,165,165,1034,1034,1217,1217,1116,1116,1091,1091,994,994,936,936,928,928,983,983,979,979,992,992,1064,1064,1008,1008,527,527,330,330,216,216,158,158,85,85,,,,,,,,,,,,,,,,,,,,,,,,,,,,,,,,,,,,,,,,,,,,,,,,
15861,2500,15532,15858,15860,1,60,60,61,61,43,43,46,46,54,54,59,59,165,165,1034,1034,1217,1217,1116,1116,1091,1091,994,994,936,936,928,928,983,983,979,979,992,992,1064,1064,1008,1008,527,527,330,330,216,216,158,158,85,85,,,,,,,,,,,,,,,,,,,,,,,,,,,,,,,,,,,,,,,,,,,,,,,,
15862,2500,15863,15517,8515,1,60,60,61,61,43,43,46,46,54,54,59,59,165,165,1034,1034,1217,1217,1116,1116,1091,1091,994,994,936,936,928,928,983,983,979,979,992,992,1064,1064,1008,1008,527,527,330,330,216,216,158,158,85,85,,,,,,,,,,,,,,,,,,,,,,,,,,,,,,,,,,,,,,,,,,,,,,,,
15863,2000,15862,15864,,0,60,60,61,61,43,43,46,46,54,54,59,59,165,165,1034,1034,1217,1217,1116,1116,1091,1091,994,994,936,936,928,928,983,983,979,979,992,992,1064,1064,1008,1008,527,527,330,330,216,216,158,158,85,85,,,,,,,,,,,,,,,,,,,,,,,,,,,,,,,,,,,,,,,,,,,,,,,,
15864,1500,15863,8127,8120,1,60,60,61,61,43,43,46,46,54,54,59,59,165,165,1034,1034,1217,1217,1116,1116,1091,1091,994,994,936,936,928,928,983,983,979,979,992,992,1064,1064,1008,1008,527,527,330,330,216,216,158,158,85,85,,,,,,,,,,,,,,,,,,,,,,,,,,,,,,,,,,,,,,,,,,,,,,,,
15865,2750,15536,15538,15532,1,49,49,50,50,35,35,37,37,44,44,48,48,135,135,1103,1103,1260,1260,1165,1165,1137,1137,1051,1051,1003,1003,974,974,1051,1051,1065,1065,1071,1071,1149,1149,1103,1103,463,463,286,286,185,185,135,135,75,75,,,,,,,,,,,,,,,,,,,,,,,,,,,,,,,,,,,,,,,,,,,,,,,,
15866,2000,15404,tran_2e481174-f713-4cc7-b8fe-24428977eaf9,15455,1,67,67,70,70,49,49,53,53,62,62,67,67,186,186,910,910,1134,1134,1023,1023,977,977,900,900,812,812,861,861,864,864,851,851,886,886,939,939,854,854,524,524,336,336,227,227,165,165,84,84,,,,,,,,,,,,,,,,,,,,,,,,,,,,,,,,,,,,,,,,,,,,,,,,
15867,1200,15868,15704,,0,0,0,0,0,0,0,0,0,0,0,0,0,0,0,1,1,1,1,1,1,1,1,1,1,1,1,1,1,1,1,1,1,1,1,1,1,1,1,0,0,0,0,0,0,0,0,0,0,,,,,,,,,,,,,,,,,,,,,,,,,,,,,,,,,,,,,,,,,,,,,,,,
15868,600,15869,15867,15440,1,0,0,0,0,0,0,0,0,0,0,0,0,0,0,1,1,1,1,1,1,1,1,1,1,1,1,1,1,1,1,1,1,1,1,1,1,1,1,0,0,0,0,0,0,0,0,0,0,,,,,,,,,,,,,,,,,,,,,,,,,,,,,,,,,,,,,,,,,,,,,,,,
15869,800,15870,15868,,0,0,0,0,0,0,0,0,0,0,0,0,0,0,0,1,1,1,1,1,1,1,1,1,1,1,1,1,1,1,1,1,1,1,1,1,1,1,1,0,0,0,0,0,0,0,0,0,0,,,,,,,,,,,,,,,,,,,,,,,,,,,,,,,,,,,,,,,,,,,,,,,,
15870,300,15404,15438,15409;15869,2,0,0,0,0,0,0,0,0,0,0,0,0,0,0,0,0,1,1,1,1,1,1,0,0,0,0,0,0,0,0,0,0,0,0,1,1,0,0,0,0,0,0,0,0,0,0,0,0,,,,,,,,,,,,,,,,,,,,,,,,,,,,,,,,,,,,,,,,,,,,,,,,
15871,800,15872,15894,,0,0,0,0,0,0,0,0,0,0,0,0,0,0,0,1,1,1,1,1,1,1,1,1,1,1,1,1,1,1,1,1,1,1,1,1,1,1,1,0,0,0,0,0,0,0,0,0,0,,,,,,,,,,,,,,,,,,,,,,,,,,,,,,,,,,,,,,,,,,,,,,,,
15872,800,15873,15871,15424,1,0,0,0,0,0,0,0,0,0,0,0,0,0,0,1,1,1,1,1,1,1,1,1,1,1,1,1,1,1,1,1,1,1,1,1,1,1,1,0,0,0,0,0,0,0,0,0,0,,,,,,,,,,,,,,,,,,,,,,,,,,,,,,,,,,,,,,,,,,,,,,,,
15873,800,15872,15874,,0,0,0,0,0,0,0,0,0,0,0,0,0,0,0,1,1,1,1,1,1,1,1,1,1,1,1,1,1,1,1,1,1,1,1,1,1,1,1,0,0,0,0,0,0,0,0,0,0,,,,,,,,,,,,,,,,,,,,,,,,,,,,,,,,,,,,,,,,,,,,,,,,
15874,1200,15873,15876,15877,1,0,0,0,0,0,0,0,0,0,0,0,0,0,0,1,1,1,1,1,1,1,1,1,1,1,1,1,1,1,1,1,1,1,1,1,1,1,1,0,0,0,0,0,0,0,0,0,0,,,,,,,,,,,,,,,,,,,,,,,,,,,,,,,,,,,,,,,,,,,,,,,,
15875,600,15423,15876,15408;15410,2,0,0,0,0,0,0,0,0,0,0,0,0,0,0,1,1,1,1,1,1,1,1,1,1,1,1,1,1,1,1,1,1,1,1,1,1,1,1,1,1,0,0,0,0,0,0,0,0,,,,,,,,,,,,,,,,,,,,,,,,,,,,,,,,,,,,,,,,,,,,,,,,
15876,300,15875,,15874,1,0,0,0,0,0,0,0,0,0,0,0,0,0,0,1,1,1,1,1,1,1,1,1,1,1,1,1,1,1,1,1,1,1,1,1,1,1,1,1,1,0,0,0,0,0,0,0,0,,,,,,,,,,,,,,,,,,,,,,,,,,,,,,,,,,,,,,,,,,,,,,,,
15877,800,15874,15878,,0,0,0,0,0,0,0,0,0,0,0,0,0,0,0,1,1,1,1,1,1,1,1,1,1,1,1,1,1,1,1,1,1,1,1,1,1,1,1,0,0,0,0,0,0,0,0,0,0,,,,,,,,,,,,,,,,,,,,,,,,,,,,,,,,,,,,,,,,,,,,,,,,
15878,300,15409,15408,15877,1,0,0,0,0,0,0,0,0,0,0,0,0,0,0,1,1,1,1,1,1,1,1,1,1,1,1,1,1,1,1,1,1,1,1,1,1,1,1,0,0,0,0,0,0,0,0,0,0,,,,,,,,,,,,,,,,,,,,,,,,,,,,,,,,,,,,,,,,,,,,,,,,
15879,1600,15880,15882,,0,0,0,0,0,0,0,0,0,0,0,0,0,0,0,1,1,1,1,1,1,1,1,1,1,1,1,1,1,1,1,1,1,1,1,1,1,1,1,0,0,0,0,0,0,0,0,0,0,,,,,,,,,,,,,,,,,,,,,,,,,,,,,,,,,,,,,,,,,,,,,,,,
15880,1200,15879,15881,15423,1,0,0,0,0,0,0,0,0,0,0,0,0,0,0,1,1,2,2,2,2,2,2,1,1,1,1,1,1,1,1,1,1,1,1,2,2,1,1,1,1,0,0,0,0,0,0,0,0,,,,,,,,,,,,,,,,,,,,,,,,,,,,,,,,,,,,,,,,,,,,,,,,
15881,400,15880,15427,15401,1,0,0,0,0,0,0,0,0,0,0,0,0,0,0,2,2,2,2,2,2,2,2,2,2,2,2,2,2,2,2,2,2,2,2,2,2,2,2,1,1,1,1,0,0,0,0,0,0,,,,,,,,,,,,,,,,,,,,,,,,,,,,,,,,,,,,,,,,,,,,,,,,
15882,300,tran_db10298f-7115-44bb-bde3-a607cfcd22ff,15883,15879,1,0,0,0,0,0,0,0,0,0,0,0,0,0,0,1,1,1,1,1,1,1,1,1,1,1,1,1,1,1,1,1,1,1,1,1,1,1,1,0,0,0,0,0,0,0,0,0,0,,,,,,,,,,,,,,,,,,,,,,,,,,,,,,,,,,,,,,,,,,,,,,,,
15883,800,15884,15882,,0,0,0,0,0,0,0,0,0,0,0,0,0,0,0,1,1,1,1,1,1,1,1,1,1,1,1,1,1,1,1,1,1,1,1,1,1,1,1,1,1,0,0,0,0,0,0,0,0,,,,,,,,,,,,,,,,,,,,,,,,,,,,,,,,,,,,,,,,,,,,,,,,
15884,600,15412,15883,15401,1,0,0,0,0,0,0,0,0,0,0,0,0,0,0,2,2,2,2,2,2,2,2,2,2,2,2,1,1,2,2,2,2,2,2,2,2,2,2,1,1,0,0,0,0,0,0,0,0,,,,,,,,,,,,,,,,,,,,,,,,,,,,,,,,,,,,,,,,,,,,,,,,
15885,800,15886,15892,,0,0,0,0,0,0,0,0,0,0,0,0,0,0,0,1,1,1,1,1,1,1,1,1,1,1,1,1,1,1,1,1,1,1,1,1,1,1,1,0,0,0,0,0,0,0,0,0,0,,,,,,,,,,,,,,,,,,,,,,,,,,,,,,,,,,,,,,,,,,,,,,,,
15886,800,15885,15887,15424,1,0,0,0,0,0,0,0,0,0,0,0,0,0,0,1,1,1,1,1,1,1,1,1,1,1,1,1,1,1,1,1,1,1,1,1,1,1,1,1,1,0,0,0,0,0,0,0,0,,,,,,,,,,,,,,,,,,,,,,,,,,,,,,,,,,,,,,,,,,,,,,,,
15887,800,15886,15888,,0,0,0,0,0,0,0,0,0,0,0,0,0,0,0,1,1,2,2,2,2,2,2,1,1,1,1,1,1,1,1,1,1,1,1,1,1,1,1,1,1,0,0,0,0,0,0,0,0,,,,,,,,,,,,,,,,,,,,,,,,,,,,,,,,,,,,,,,,,,,,,,,,
15888,300,15895,15887,15889,1,0,0,0,0,0,0,0,0,0,0,0,0,0,0,2,2,2,2,2,2,2,2,2,2,1,1,1,1,1,1,2,2,2,2,2,2,2,2,1,1,0,0,0,0,0,0,0,0,,,,,,,,,,,,,,,,,,,,,,,,,,,,,,,,,,,,,,,,,,,,,,,,
15889,600,15888,15890,,0,0,0,0,0,0,0,0,0,0,0,0,0,0,0,2,2,2,2,2,2,2,2,2,2,2,2,2,2,2,2,2,2,2,2,2,2,2,2,1,1,1,1,0,0,0,0,0,0,,,,,,,,,,,,,,,,,,,,,,,,,,,,,,,,,,,,,,,,,,,,,,,,
15890,300,15427,15889,15410,1,0,0,0,0,0,0,0,0,0,0,0,0,0,0,2,2,3,3,3,3,3,3,2,2,2,2,2,2,2,2,2,2,2,2,2,2,2,2,1,1,1,1,0,0,0,0,0,0,,,,,,,,,,,,,,,,,,,,,,,,,,,,,,,,,,,,,,,,,,,,,,,,
15891,1200,15892,15748,,0,0,0,0,0,0,0,0,0,0,0,0,0,0,0,1,1,1,1,1,1,1,1,1,1,1,1,1,1,1,1,1,1,1,1,1,1,1,1,0,0,0,0,0,0,0,0,0,0,,,,,,,,,,,,,,,,,,,,,,,,,,,,,,,,,,,,,,,,,,,,,,,,
15892,400,15893,15891,15885;15435,2,0,0,0,0,0,0,0,0,0,0,0,0,0,0,1,1,1,1,1,1,1,1,1,1,1,1,1,1,1,1,1,1,1,1,1,1,1,1,0,0,0,0,0,0,0,0,0,0,,,,,,,,,,,,,,,,,,,,,,,,,,,,,,,,,,,,,,,,,,,,,,,,
15893,800,15892,15894,,0,0,0,0,0,0,0,0,0,0,0,0,0,0,0,1,1,1,1,1,1,1,1,1,1,1,1,1,1,1,1,1,1,1,1,1,1,1,1,0,0,0,0,0,0,0,0,0,0,,,,,,,,,,,,,,,,,,,,,,,,,,,,,,,,,,,,,,,,,,,,,,,,
15894,800,15893,15440,15871,1,0,0,0,0,0,0,0,0,0,0,0,0,0,0,1,1,1,1,1,1,1,1,1,1,1,1,1,1,1,1,1,1,1,1,1,1,1,1,0,0,0,0,0,0,0,0,0,0,,,,,,,,,,,,,,,,,,,,,,,,,,,,,,,,,,,,,,,,,,,,,,,,
15895,800,15888,15896,,0,0,0,0,0,0,0,0,0,0,0,0,0,0,0,1,1,1,1,1,1,1,1,1,1,1,1,1,1,1,1,1,1,1,1,1,1,1,1,0,0,0,0,0,0,0,0,0,0,,,,,,,,,,,,,,,,,,,,,,,,,,,,,,,,,,,,,,,,,,,,,,,,
15896,300,15426,15895,15437,1,0,0,0,0,0,0,0,0,0,0,0,0,0,0,1,1,1,1,1,1,1,1,1,1,1,1,1,1,1,1,1,1,1,1,1,1,1,1,0,0,0,0,0,0,0,0,0,0,,,,,,,,,,,,,,,,,,,,,,,,,,,,,,,,,,,,,,,,,,,,,,,,
15897,600,15904,15416,,0,0,0,0,0,0,0,0,0,0,0,0,0,0,0,2,2,2,2,2,2,2,2,2,2,1,1,1,1,1,1,2,2,2,2,2,2,2,2,1,1,0,0,0,0,0,0,0,0,,,,,,,,,,,,,,,,,,,,,,,,,,,,,,,,,,,,,,,,,,,,,,,,
15898,300,15899,15413,15412,1,0,0,0,0,0,0,0,0,0,0,0,0,0,0,2,2,2,2,2,2,2,2,2,2,2,2,2,2,2,2,2,2,2,2,2,2,2,2,1,1,1,1,0,0,0,0,0,0,,,,,,,,,,,,,,,,,,,,,,,,,,,,,,,,,,,,,,,,,,,,,,,,
15899,300,15898,15900,,0,0,0,0,0,0,0,0,0,0,0,0,0,0,0,2,2,2,2,2,2,2,2,2,2,2,2,2,2,2,2,2,2,2,2,2,2,2,2,1,1,1,1,0,0,0,0,0,0,,,,,,,,,,,,,,,,,,,,,,,,,,,,,,,,,,,,,,,,,,,,,,,,
159,1200,143,169,168;160,2,33,33,31,31,22,22,23,23,26,26,31,31,88,88,1055,1055,1119,1119,1058,1058,1080,1080,966,966,980,980,861,861,1008,1008,1021,1021,988,988,1080,1080,1096,1096,421,421,249,249,150,150,110,110,68,68,,,,,,,,,,,,,,,,,,,,,,,,,,,,,,,,,,,,,,,,,,,,,,,,
15900,300,15899,tran_ad104dcd-afbd-43f2-9a3d-de2b7c32f386,15901,1,0,0,0,0,0,0,0,0,0,0,0,0,0,0,2,2,2,2,2,2,2,2,2,2,2,2,2,2,2,2,2,2,2,2,2,2,2,2,1,1,1,1,0,0,0,0,0,0,,,,,,,,,,,,,,,,,,,,,,,,,,,,,,,,,,,,,,,,,,,,,,,,
15901,600,15900,15902,,0,0,0,0,0,0,0,0,0,0,0,0,0,0,0,2,2,3,3,2,2,2,2,2,2,2,2,2,2,2,2,2,2,2,2,2,2,2,2,1,1,1,1,0,0,0,0,0,0,,,,,,,,,,,,,,,,,,,,,,,,,,,,,,,,,,,,,,,,,,,,,,,,
15902,600,15903,15901,tran_ad104dcd-afbd-43f2-9a3d-de2b7c32f386,1,0,0,0,0,0,0,0,0,0,0,0,0,0,0,2,2,3,3,3,3,2,2,2,2,2,2,2,2,2,2,2,2,2,2,2,2,2,2,1,1,1,1,0,0,0,0,0,0,,,,,,,,,,,,,,,,,,,,,,,,,,,,,,,,,,,,,,,,,,,,,,,,
15903,300,15902,15904,,0,0,0,0,0,0,0,0,0,0,0,0,0,0,0,2,2,3,3,2,2,2,2,2,2,2,2,2,2,2,2,2,2,2,2,2,2,2,2,1,1,1,1,0,0,0,0,0,0,,,,,,,,,,,,,,,,,,,,,,,,,,,,,,,,,,,,,,,,,,,,,,,,
15904,300,15422,15897,15903,1,0,0,0,0,0,0,0,0,0,0,0,0,0,0,2,2,3,3,2,2,2,2,2,2,2,2,2,2,2,2,2,2,2,2,2,2,2,2,1,1,1,1,0,0,0,0,0,0,,,,,,,,,,,,,,,,,,,,,,,,,,,,,,,,,,,,,,,,,,,,,,,,
15905,300,15744,15906,,0,0,0,0,0,0,0,0,0,0,0,0,0,0,0,1,1,1,1,1,1,1,1,1,1,1,1,1,1,1,1,1,1,1,1,1,1,1,1,0,0,0,0,0,0,0,0,0,0,,,,,,,,,,,,,,,,,,,,,,,,,,,,,,,,,,,,,,,,,,,,,,,,
15906,300,15907,15429,15905,1,0,0,0,0,0,0,0,0,0,0,0,0,0,0,1,1,1,1,1,1,1,1,1,1,1,1,1,1,1,1,1,1,1,1,1,1,1,1,0,0,0,0,0,0,0,0,0,0,,,,,,,,,,,,,,,,,,,,,,,,,,,,,,,,,,,,,,,,,,,,,,,,
15907,800,15908,15906,,0,0,0,0,0,0,0,0,0,0,0,0,0,0,0,1,1,1,1,1,1,1,1,1,1,1,1,1,1,1,1,1,1,1,1,1,1,1,1,0,0,0,0,0,0,0,0,0,0,,,,,,,,,,,,,,,,,,,,,,,,,,,,,,,,,,,,,,,,,,,,,,,,
15908,800,15907,15439,15743,1,0,0,0,0,0,0,0,0,0,0,0,0,0,0,1,1,2,2,1,1,1,1,1,1,1,1,1,1,1,1,1,1,1,1,1,1,1,1,1,1,0,0,0,0,0,0,0,0,,,,,,,,,,,,,,,,,,,,,,,,,,,,,,,,,,,,,,,,,,,,,,,,
15909,1200,15416,15910,,0,0,0,0,0,0,0,0,0,0,0,0,0,0,0,3,3,3,3,3,3,3,3,3,3,3,3,3,3,3,3,3,3,3,3,3,3,3,3,1,1,1,1,1,1,0,0,0,0,,,,,,,,,,,,,,,,,,,,,,,,,,,,,,,,,,,,,,,,,,,,,,,,
15910,400,15419,15909,15411,1,0,0,0,0,0,0,0,0,0,0,0,0,0,0,3,3,3,3,3,3,3,3,3,3,3,3,3,3,3,3,3,3,3,3,3,3,3,3,1,1,1,1,1,1,0,0,0,0,,,,,,,,,,,,,,,,,,,,,,,,,,,,,,,,,,,,,,,,,,,,,,,,
15911,800,15406,15912,,0,0,0,0,0,0,0,0,0,0,0,0,0,0,0,3,3,4,4,3,3,3,3,3,3,3,3,3,3,3,3,3,3,3,3,3,3,3,3,1,1,1,1,1,1,0,0,0,0,,,,,,,,,,,,,,,,,,,,,,,,,,,,,,,,,,,,,,,,,,,,,,,,
15912,300,15403,15911,15405,1,0,0,0,0,0,0,0,0,0,0,0,0,0,0,2,2,2,2,2,2,2,2,2,2,2,2,2,2,2,2,2,2,2,2,2,2,2,2,1,1,1,1,0,0,0,0,0,0,,,,,,,,,,,,,,,,,,,,,,,,,,,,,,,,,,,,,,,,,,,,,,,,
15913,1200,15406,15914,,0,0,0,0,0,0,0,0,0,0,0,0,0,0,0,3,3,4,4,4,4,3,3,3,3,3,3,3,3,3,3,3,3,3,3,3,3,3,3,2,2,1,1,1,1,0,0,0,0,,,,,,,,,,,,,,,,,,,,,,,,,,,,,,,,,,,,,,,,,,,,,,,,
15914,800,15913,15915,15432,1,0,0,0,0,0,0,0,0,0,0,0,0,0,0,2,2,3,3,2,2,2,2,2,2,2,2,2,2,2,2,2,2,2,2,2,2,2,2,1,1,1,1,0,0,0,0,0,0,,,,,,,,,,,,,,,,,,,,,,,,,,,,,,,,,,,,,,,,,,,,,,,,
15915,800,15914,15916,,0,0,0,0,0,0,0,0,0,0,0,0,0,0,0,2,2,2,2,2,2,2,2,2,2,2,2,2,2,2,2,2,2,2,2,2,2,2,2,1,1,1,1,0,0,0,0,0,0,,,,,,,,,,,,,,,,,,,,,,,,,,,,,,,,,,,,,,,,,,,,,,,,
15916,400,15419,15915,15428,1,0,0,0,0,0,0,0,0,0,0,0,0,0,0,2,2,2,2,2,2,2,2,2,2,2,2,2,2,2,2,2,2,2,2,2,2,2,2,1,1,1,1,0,0,0,0,0,0,,,,,,,,,,,,,,,,,,,,,,,,,,,,,,,,,,,,,,,,,,,,,,,,
15917,800,15918,15922,,0,0,0,0,0,0,0,0,0,0,0,0,0,1,1,4,4,4,4,4,4,4,4,4,4,3,3,3,3,4,4,4,4,4,4,4,4,4,4,2,2,1,1,1,1,1,1,0,0,,,,,,,,,,,,,,,,,,,,,,,,,,,,,,,,,,,,,,,,,,,,,,,,
15918,800,15917,15417,15430,1,0,0,0,0,0,0,0,0,0,0,0,0,0,0,3,3,4,4,3,3,3,3,3,3,3,3,3,3,3,3,3,3,3,3,3,3,3,3,2,2,1,1,1,1,0,0,0,0,,,,,,,,,,,,,,,,,,,,,,,,,,,,,,,,,,,,,,,,,,,,,,,,
15919,3500,15920,15792,,0,60,60,61,61,43,43,46,46,54,54,59,59,165,165,1034,1034,1217,1217,1116,1116,1091,1091,994,994,936,936,928,928,983,983,979,979,992,992,1064,1064,1008,1008,527,527,330,330,216,216,158,158,85,85,,,,,,,,,,,,,,,,,,,,,,,,,,,,,,,,,,,,,,,,,,,,,,,,
15920,1000,15425,15921,15919,1,60,60,61,61,43,43,46,46,54,54,59,59,165,165,1034,1034,1217,1217,1116,1116,1091,1091,994,994,936,936,928,928,983,983,979,979,992,992,1064,1064,1008,1008,527,527,330,330,216,216,158,158,85,85,,,,,,,,,,,,,,,,,,,,,,,,,,,,,,,,,,,,,,,,,,,,,,,,
15921,2500,15920,15922,,0,60,60,61,61,43,43,46,46,54,54,59,59,165,165,1034,1034,1217,1217,1116,1116,1091,1091,994,994,936,936,928,928,983,983,979,979,992,992,1064,1064,1008,1008,527,527,330,330,216,216,158,158,85,85,,,,,,,,,,,,,,,,,,,,,,,,,,,,,,,,,,,,,,,,,,,,,,,,
15922,1000,15921,15917,15923,1,60,60,61,61,43,43,46,46,54,54,59,59,165,165,1034,1034,1217,1217,1116,1116,1091,1091,994,994,936,936,928,928,983,983,979,979,992,992,1064,1064,1008,1008,527,527,330,330,216,216,158,158,85,85,,,,,,,,,,,,,,,,,,,,,,,,,,,,,,,,,,,,,,,,,,,,,,,,
15923,4400,15924,15922,,0,60,60,61,61,43,43,46,46,54,54,59,59,165,165,1034,1034,1217,1217,1116,1116,1091,1091,994,994,936,936,928,928,983,983,979,979,992,992,1064,1064,1008,1008,527,527,330,330,216,216,158,158,85,85,,,,,,,,,,,,,,,,,,,,,,,,,,,,,,,,,,,,,,,,,,,,,,,,
15924,1100,15407,15923,15452,1,60,60,61,61,43,43,46,46,54,54,59,59,165,165,1034,1034,1217,1217,1116,1116,1091,1091,994,994,936,936,928,928,983,983,979,979,992,992,1064,1064,1008,1008,527,527,330,330,216,216,158,158,85,85,,,,,,,,,,,,,,,,,,,,,,,,,,,,,,,,,,,,,,,,,,,,,,,,
15925,800,15459,15926,,0,0,0,0,0,0,0,0,0,0,0,0,0,0,0,3,3,3,3,3,3,3,3,3,3,3,3,3,3,3,3,3,3,3,3,3,3,3,3,1,1,1,1,1,1,0,0,0,0,,,,,,,,,,,,,,,,,,,,,,,,,,,,,,,,,,,,,,,,,,,,,,,,
15926,400,15925,15927,15425,1,0,0,0,0,0,0,0,0,0,0,0,0,0,0,3,3,3,3,3,3,3,3,3,3,3,3,3,3,3,3,3,3,3,3,3,3,3,3,1,1,1,1,1,1,0,0,0,0,,,,,,,,,,,,,,,,,,,,,,,,,,,,,,,,,,,,,,,,,,,,,,,,
15927,4400,tran_4278f6eb-4ac1-49ac-8b48-13f57402035e,15926,,0,67,67,70,70,49,49,53,53,62,62,67,67,186,186,910,910,1134,1134,1023,1023,977,977,900,900,812,812,861,861,864,864,851,851,886,886,939,939,854,854,524,524,336,336,227,227,165,165,84,84,,,,,,,,,,,,,,,,,,,,,,,,,,,,,,,,,,,,,,,,,,,,,,,,
15928,4400,15678,tran_a8700842-2ab7-462e-b64f-ebe8cd2bcd32,,0,49,49,50,50,35,35,37,37,44,44,48,48,135,135,1103,1103,1260,1260,1165,1165,1137,1137,1051,1051,1003,1003,974,974,1051,1051,1065,1065,1071,1071,1149,1149,1103,1103,463,463,286,286,185,185,135,135,75,75,,,,,,,,,,,,,,,,,,,,,,,,,,,,,,,,,,,,,,,,,,,,,,,,
15929,800,16536,15930,,0,0,0,0,0,0,0,0,0,0,0,0,0,0,0,2,2,2,2,2,2,2,2,2,2,2,2,2,2,2,2,2,2,2,2,2,2,2,2,1,1,1,1,0,0,0,0,0,0,,,,,,,,,,,,,,,,,,,,,,,,,,,,,,,,,,,,,,,,,,,,,,,,
15930,1600,16527,15929,15940,1,0,0,0,0,0,0,0,0,0,0,0,0,0,0,1,1,1,1,1,1,1,1,1,1,1,1,1,1,1,1,1,1,1,1,1,1,1,1,0,0,0,0,0,0,0,0,0,0,,,,,,,,,,,,,,,,,,,,,,,,,,,,,,,,,,,,,,,,,,,,,,,,
15931,800,16528,15932,,0,0,0,0,0,0,0,0,0,0,0,0,0,0,0,1,1,1,1,1,1,1,1,1,1,1,1,1,1,1,1,1,1,1,1,1,1,1,1,1,1,0,0,0,0,0,0,0,0,,,,,,,,,,,,,,,,,,,,,,,,,,,,,,,,,,,,,,,,,,,,,,,,
15932,1600,15933,15931,16292;15979,2,0,0,0,0,0,0,0,0,0,0,0,0,0,0,2,2,2,2,2,2,2,2,2,2,2,2,2,2,2,2,2,2,2,2,2,2,2,2,1,1,1,1,0,0,0,0,0,0,,,,,,,,,,,,,,,,,,,,,,,,,,,,,,,,,,,,,,,,,,,,,,,,
15933,1200,16506,15932,,0,0,0,0,0,0,0,0,0,0,0,0,0,0,0,1,1,1,1,1,1,1,1,1,1,1,1,1,1,1,1,1,1,1,1,1,1,1,1,0,0,0,0,0,0,0,0,0,0,,,,,,,,,,,,,,,,,,,,,,,,,,,,,,,,,,,,,,,,,,,,,,,,
15934,800,16528,,,0,0,0,0,0,0,0,0,0,0,0,0,0,0,0,1,1,1,1,1,1,1,1,1,1,1,1,1,1,1,1,1,1,1,1,1,1,1,1,0,0,0,0,0,0,0,0,0,0,,,,,,,,,,,,,,,,,,,,,,,,,,,,,,,,,,,,,,,,,,,,,,,,
15935,2500,,16506,,0,67,67,70,70,49,49,53,53,62,62,67,67,186,186,910,910,1134,1134,1023,1023,977,977,900,900,812,812,861,861,864,864,851,851,886,886,939,939,854,854,524,524,336,336,227,227,165,165,84,84,,,,,,,,,,,,,,,,,,,,,,,,,,,,,,,,,,,,,,,,,,,,,,,,
15936,300,15938,16526,,0,0,0,0,0,0,0,0,0,0,0,0,0,0,0,1,1,1,1,1,1,1,1,1,1,1,1,1,1,1,1,1,1,1,1,1,1,1,1,1,1,0,0,0,0,0,0,0,0,,,,,,,,,,,,,,,,,,,,,,,,,,,,,,,,,,,,,,,,,,,,,,,,
15937,1200,16510,,,0,4,4,4,4,3,3,3,3,4,4,4,4,12,12,57,57,71,71,64,64,61,61,56,56,51,51,54,54,54,54,53,53,55,55,59,59,53,53,33,33,21,21,14,14,10,10,5,5,,,,,,,,,,,,,,,,,,,,,,,,,,,,,,,,,,,,,,,,,,,,,,,,
15938,800,15936,15939,16505;15983,2,0,0,0,0,0,0,0,0,0,0,0,0,0,0,1,1,1,1,1,1,1,1,1,1,1,1,1,1,1,1,1,1,1,1,1,1,1,1,0,0,0,0,0,0,0,0,0,0,,,,,,,,,,,,,,,,,,,,,,,,,,,,,,,,,,,,,,,,,,,,,,,,
15939,800,16510,15938,,0,0,0,0,0,0,0,0,0,0,0,0,0,0,0,1,1,1,1,1,1,1,1,1,1,1,1,1,1,1,1,1,1,1,1,1,1,1,1,0,0,0,0,0,0,0,0,0,0,,,,,,,,,,,,,,,,,,,,,,,,,,,,,,,,,,,,,,,,,,,,,,,,
15940,1200,15946,15930,,0,0,0,0,0,0,0,0,0,0,0,0,0,0,0,1,1,1,1,1,1,1,1,1,1,1,1,1,1,1,1,1,1,1,1,1,1,1,1,0,0,0,0,0,0,0,0,0,0,,,,,,,,,,,,,,,,,,,,,,,,,,,,,,,,,,,,,,,,,,,,,,,,
15941,800,16524,16502,,0,0,0,0,0,0,0,0,0,0,0,0,0,0,0,1,1,1,1,1,1,1,1,1,1,1,1,1,1,1,1,1,1,1,1,1,1,1,1,0,0,0,0,0,0,0,0,0,0,,,,,,,,,,,,,,,,,,,,,,,,,,,,,,,,,,,,,,,,,,,,,,,,
15942,800,16534,16530,,0,0,0,0,0,0,0,0,0,0,0,0,0,0,0,2,2,2,2,2,2,2,2,2,2,2,2,2,2,2,2,2,2,2,2,2,2,2,2,1,1,1,1,0,0,0,0,0,0,,,,,,,,,,,,,,,,,,,,,,,,,,,,,,,,,,,,,,,,,,,,,,,,
15943,1200,,16508,,0,4,4,4,4,3,3,3,3,4,4,4,4,12,12,57,57,71,71,64,64,61,61,56,56,51,51,54,54,54,54,53,53,55,55,59,59,53,53,33,33,21,21,14,14,10,10,5,5,,,,,,,,,,,,,,,,,,,,,,,,,,,,,,,,,,,,,,,,,,,,,,,,
15944,300,16500,15945,,0,0,0,0,0,0,0,0,0,0,0,0,0,0,0,1,1,2,2,2,2,2,2,1,1,1,1,1,1,1,1,1,1,1,1,2,2,1,1,1,1,0,0,0,0,0,0,0,0,,,,,,,,,,,,,,,,,,,,,,,,,,,,,,,,,,,,,,,,,,,,,,,,
15945,300,15949,15944,16507;15986,2,0,0,0,0,0,0,0,0,0,0,0,0,0,0,1,1,1,1,1,1,1,1,1,1,1,1,1,1,1,1,1,1,1,1,1,1,1,1,0,0,0,0,0,0,0,0,0,0,,,,,,,,,,,,,,,,,,,,,,,,,,,,,,,,,,,,,,,,,,,,,,,,
15946,1600,16529,15955,15940;15970,2,0,0,0,0,0,0,0,0,0,0,0,0,0,0,1,1,1,1,1,1,1,1,1,1,1,1,1,1,1,1,1,1,1,1,1,1,1,1,0,0,0,0,0,0,0,0,0,0,,,,,,,,,,,,,,,,,,,,,,,,,,,,,,,,,,,,,,,,,,,,,,,,
15947,300,16522,16498,,0,0,0,0,0,0,0,0,0,0,0,0,0,0,0,1,1,1,1,1,1,1,1,1,1,1,1,1,1,1,1,1,1,1,1,1,1,1,1,0,0,0,0,0,0,0,0,0,0,,,,,,,,,,,,,,,,,,,,,,,,,,,,,,,,,,,,,,,,,,,,,,,,
15948,1200,,15950,,0,4,4,4,4,3,3,3,3,4,4,4,4,12,12,57,57,71,71,64,64,61,61,56,56,51,51,54,54,54,54,53,53,55,55,59,59,53,53,33,33,21,21,14,14,10,10,5,5,,,,,,,,,,,,,,,,,,,,,,,,,,,,,,,,,,,,,,,,,,,,,,,,
15949,300,15950,15945,,0,0,0,0,0,0,0,0,0,0,0,0,0,0,0,1,1,1,1,1,1,1,1,1,1,1,1,1,1,1,1,1,1,1,1,1,1,1,1,0,0,0,0,0,0,0,0,0,0,,,,,,,,,,,,,,,,,,,,,,,,,,,,,,,,,,,,,,,,,,,,,,,,
15950,300,15952,15949,15948;15987,2,0,0,0,0,0,0,0,0,0,0,0,0,0,0,1,1,1,1,1,1,1,1,1,1,0,0,0,0,1,1,1,1,1,1,1,1,1,1,0,0,0,0,0,0,0,0,0,0,,,,,,,,,,,,,,,,,,,,,,,,,,,,,,,,,,,,,,,,,,,,,,,,
15951,800,15956,,,0,4,4,4,4,3,3,3,3,4,4,4,4,12,12,57,57,71,71,64,64,61,61,56,56,51,51,54,54,54,54,53,53,55,55,59,59,53,53,33,33,21,21,14,14,10,10,5,5,,,,,,,,,,,,,,,,,,,,,,,,,,,,,,,,,,,,,,,,,,,,,,,,
15952,300,15956,15950,,0,0,0,0,0,0,0,0,0,0,0,0,0,0,0,1,1,1,1,1,1,1,1,1,1,1,1,1,1,1,1,1,1,1,1,1,1,1,1,0,0,0,0,0,0,0,0,0,0,,,,,,,,,,,,,,,,,,,,,,,,,,,,,,,,,,,,,,,,,,,,,,,,
15953,4400,15959,,,0,67,67,70,70,49,49,53,53,62,62,67,67,186,186,910,910,1134,1134,1023,1023,977,977,900,900,812,812,861,861,864,864,851,851,886,886,939,939,854,854,524,524,336,336,227,227,165,165,84,84,,,,,,,,,,,,,,,,,,,,,,,,,,,,,,,,,,,,,,,,,,,,,,,,
15954,800,,15962,,0,4,4,4,4,3,3,3,3,4,4,4,4,12,12,57,57,71,71,64,64,61,61,56,56,51,51,54,54,54,54,53,53,55,55,59,59,53,53,33,33,21,21,14,14,10,10,5,5,,,,,,,,,,,,,,,,,,,,,,,,,,,,,,,,,,,,,,,,,,,,,,,,
15955,1600,15946,16520,,0,0,0,0,0,0,0,0,0,0,0,0,0,0,0,1,1,1,1,1,1,1,1,1,1,1,1,1,1,1,1,1,1,1,1,1,1,1,1,0,0,0,0,0,0,0,0,0,0,,,,,,,,,,,,,,,,,,,,,,,,,,,,,,,,,,,,,,,,,,,,,,,,
15956,300,15989,15951,15952;15958,2,0,0,0,0,0,0,0,0,0,0,0,0,0,0,1,1,1,1,1,1,1,1,1,1,1,1,1,1,1,1,1,1,1,1,1,1,1,1,0,0,0,0,0,0,0,0,0,0,,,,,,,,,,,,,,,,,,,,,,,,,,,,,,,,,,,,,,,,,,,,,,,,
15957,1200,,15964,,0,4,4,4,4,3,3,3,3,4,4,4,4,12,12,57,57,71,71,64,64,61,61,56,56,51,51,54,54,54,54,53,53,55,55,59,59,53,53,33,33,21,21,14,14,10,10,5,5,,,,,,,,,,,,,,,,,,,,,,,,,,,,,,,,,,,,,,,,,,,,,,,,
15958,800,15959,15956,,0,0,0,0,0,0,0,0,0,0,0,0,0,0,0,1,1,1,1,1,1,1,1,1,1,1,1,1,1,1,1,1,1,1,1,1,1,1,1,0,0,0,0,0,0,0,0,0,0,,,,,,,,,,,,,,,,,,,,,,,,,,,,,,,,,,,,,,,,,,,,,,,,
15959,800,15958,15961,15953;15992,2,0,0,0,0,0,0,0,0,0,0,0,0,0,0,1,1,1,1,1,1,1,1,1,1,1,1,1,1,1,1,1,1,1,1,1,1,1,1,0,0,0,0,0,0,0,0,0,0,,,,,,,,,,,,,,,,,,,,,,,,,,,,,,,,,,,,,,,,,,,,,,,,
15960,800,,15966,,0,4,4,4,4,3,3,3,3,4,4,4,4,12,12,57,57,71,71,64,64,61,61,56,56,51,51,54,54,54,54,53,53,55,55,59,59,53,53,33,33,21,21,14,14,10,10,5,5,,,,,,,,,,,,,,,,,,,,,,,,,,,,,,,,,,,,,,,,,,,,,,,,
15961,800,15959,15962,,0,0,0,0,0,0,0,0,0,0,0,0,0,0,0,1,1,1,1,1,1,1,1,1,1,1,1,1,1,1,1,1,1,1,1,1,1,1,1,0,0,0,0,0,0,0,0,0,0,,,,,,,,,,,,,,,,,,,,,,,,,,,,,,,,,,,,,,,,,,,,,,,,
15962,800,15995,15954,15961;15963,2,0,0,0,0,0,0,0,0,0,0,0,0,0,0,1,1,1,1,1,1,1,1,1,1,1,1,1,1,1,1,1,1,1,1,1,1,1,1,0,0,0,0,0,0,0,0,0,0,,,,,,,,,,,,,,,,,,,,,,,,,,,,,,,,,,,,,,,,,,,,,,,,
15963,800,15964,15962,,0,0,0,0,0,0,0,0,0,0,0,0,0,0,0,1,1,1,1,1,1,1,1,1,1,1,1,1,1,1,1,1,1,1,1,1,1,1,1,0,0,0,0,0,0,0,0,0,0,,,,,,,,,,,,,,,,,,,,,,,,,,,,,,,,,,,,,,,,,,,,,,,,
15964,1200,15957,15996,15963;15965,2,0,0,0,0,0,0,0,0,0,0,0,0,0,0,1,1,1,1,1,1,1,1,0,0,0,0,0,0,0,0,0,0,0,0,1,1,0,0,0,0,0,0,0,0,0,0,0,0,,,,,,,,,,,,,,,,,,,,,,,,,,,,,,,,,,,,,,,,,,,,,,,,
15965,800,15964,15966,,0,0,0,0,0,0,0,0,0,0,0,0,0,0,0,0,0,0,0,0,0,0,0,0,0,0,0,0,0,0,0,0,0,0,0,0,0,0,0,0,0,0,0,0,0,0,0,0,0,,,,,,,,,,,,,,,,,,,,,,,,,,,,,,,,,,,,,,,,,,,,,,,,
15966,800,6124,15965,15960;15999,2,0,0,0,0,0,0,0,0,0,0,0,0,0,0,0,0,0,0,0,0,0,0,0,0,0,0,0,0,0,0,0,0,0,0,0,0,0,0,0,0,0,0,0,0,0,0,0,0,,,,,,,,,,,,,,,,,,,,,,,,,,,,,,,,,,,,,,,,,,,,,,,,
15967,1600,16496,16520,,0,0,0,0,0,0,0,0,0,0,0,0,0,0,0,1,1,1,1,1,1,1,1,1,1,1,1,1,1,1,1,1,1,1,1,1,1,1,1,0,0,0,0,0,0,0,0,0,0,,,,,,,,,,,,,,,,,,,,,,,,,,,,,,,,,,,,,,,,,,,,,,,,
15968,600,16530,,,0,0,0,0,0,0,0,0,0,0,0,0,0,0,0,2,2,2,2,2,2,2,2,2,2,1,1,1,1,2,2,2,2,2,2,2,2,2,2,1,1,0,0,0,0,0,0,0,0,,,,,,,,,,,,,,,,,,,,,,,,,,,,,,,,,,,,,,,,,,,,,,,,
15969,300,16504,16518,,0,0,0,0,0,0,0,0,0,0,0,0,0,0,0,1,1,1,1,1,1,1,1,1,1,1,1,1,1,1,1,1,1,1,1,1,1,1,1,0,0,0,0,0,0,0,0,0,0,,,,,,,,,,,,,,,,,,,,,,,,,,,,,,,,,,,,,,,,,,,,,,,,
15970,1200,15946,15973,,0,0,0,0,0,0,0,0,0,0,0,0,0,0,0,1,1,1,1,1,1,1,1,1,1,1,1,1,1,1,1,1,1,1,1,1,1,1,1,0,0,0,0,0,0,0,0,0,0,,,,,,,,,,,,,,,,,,,,,,,,,,,,,,,,,,,,,,,,,,,,,,,,
15971,800,16494,16516,,0,0,0,0,0,0,0,0,0,0,0,0,0,0,0,1,1,1,1,1,1,1,1,1,1,1,1,1,1,1,1,1,1,1,1,1,1,1,1,0,0,0,0,0,0,0,0,0,0,,,,,,,,,,,,,,,,,,,,,,,,,,,,,,,,,,,,,,,,,,,,,,,,
15972,1100,15973,16532,,0,67,67,70,70,49,49,53,53,62,62,67,67,186,186,910,910,1134,1134,1023,1023,977,977,900,900,812,812,861,861,864,864,851,851,886,886,939,939,854,854,524,524,336,336,227,227,165,165,84,84,,,,,,,,,,,,,,,,,,,,,,,,,,,,,,,,,,,,,,,,,,,,,,,,
15973,1600,15972,15975,15970;15977,2,0,0,0,0,0,0,0,0,0,0,0,0,0,0,1,1,1,1,1,1,1,1,1,1,1,1,1,1,1,1,1,1,1,1,1,1,1,1,0,0,0,0,0,0,0,0,0,0,,,,,,,,,,,,,,,,,,,,,,,,,,,,,,,,,,,,,,,,,,,,,,,,
15974,4400,,16492,16496,1,50,50,52,52,37,37,40,40,46,46,50,50,140,140,972,972,1169,1169,1063,1063,998,998,955,955,867,867,910,910,924,924,943,943,977,977,1031,1031,947,947,393,393,252,252,170,170,124,124,63,63,,,,,,,,,,,,,,,,,,,,,,,,,,,,,,,,,,,,,,,,,,,,,,,,
15975,1600,15973,16514,,0,0,0,0,0,0,0,0,0,0,0,0,0,0,0,1,1,1,1,1,1,1,1,1,1,1,1,1,1,1,1,1,1,1,1,1,1,1,1,0,0,0,0,0,0,0,0,0,0,,,,,,,,,,,,,,,,,,,,,,,,,,,,,,,,,,,,,,,,,,,,,,,,
15976,800,16490,16512,,0,33,33,31,31,22,22,23,23,26,26,31,31,88,88,1055,1055,1119,1119,1058,1058,1080,1080,966,966,980,980,861,861,1008,1008,1021,1021,988,988,1080,1080,1096,1096,421,421,249,249,150,150,110,110,68,68,,,,,,,,,,,,,,,,,,,,,,,,,,,,,,,,,,,,,,,,,,,,,,,,
15977,1200,15980,15973,,0,0,0,0,0,0,0,0,0,0,0,0,0,0,0,1,1,1,1,1,1,1,1,1,1,1,1,1,1,1,1,1,1,1,1,1,1,1,1,0,0,0,0,0,0,0,0,0,0,,,,,,,,,,,,,,,,,,,,,,,,,,,,,,,,,,,,,,,,,,,,,,,,
15978,1100,16472,15980,,0,67,67,70,70,49,49,53,53,62,62,67,67,186,186,910,910,1134,1134,1023,1023,977,977,900,900,812,812,861,861,864,864,851,851,886,886,939,939,854,854,524,524,336,336,227,227,165,165,84,84,,,,,,,,,,,,,,,,,,,,,,,,,,,,,,,,,,,,,,,,,,,,,,,,
15979,2000,15932,16526,,0,50,50,52,52,37,37,40,40,46,46,50,50,140,140,972,972,1169,1169,1063,1063,998,998,955,955,867,867,910,910,924,924,943,943,977,977,1031,1031,947,947,393,393,252,252,170,170,124,124,63,63,,,,,,,,,,,,,,,,,,,,,,,,,,,,,,,,,,,,,,,,,,,,,,,,
15980,1600,15978,15981,15977;16004,2,0,0,0,0,0,0,0,0,0,0,0,0,0,0,1,1,1,1,1,1,1,1,1,1,1,1,1,1,1,1,1,1,1,1,1,1,1,1,1,1,0,0,0,0,0,0,0,0,,,,,,,,,,,,,,,,,,,,,,,,,,,,,,,,,,,,,,,,,,,,,,,,
15981,800,15982,15980,,0,0,0,0,0,0,0,0,0,0,0,0,0,0,0,1,1,1,1,1,1,1,1,1,1,1,1,1,1,1,1,1,1,1,1,1,1,1,1,1,1,0,0,0,0,0,0,0,0,,,,,,,,,,,,,,,,,,,,,,,,,,,,,,,,,,,,,,,,,,,,,,,,
15982,800,15984,15981,16511;16008,2,0,0,0,0,0,0,0,0,0,0,0,0,0,0,1,1,1,1,1,1,1,1,1,1,1,1,1,1,1,1,1,1,1,1,1,1,1,1,0,0,0,0,0,0,0,0,0,0,,,,,,,,,,,,,,,,,,,,,,,,,,,,,,,,,,,,,,,,,,,,,,,,
15983,1200,,15938,16502,1,0,0,0,0,0,0,0,0,0,0,0,0,0,0,1,1,1,1,1,1,1,1,1,1,1,1,1,1,1,1,1,1,1,1,1,1,1,1,1,1,0,0,0,0,0,0,0,0,,,,,,,,,,,,,,,,,,,,,,,,,,,,,,,,,,,,,,,,,,,,,,,,
15984,1200,15982,15985,,0,0,0,0,0,0,0,0,0,0,0,0,0,0,0,1,1,1,1,1,1,1,1,1,1,1,1,1,1,1,1,1,1,1,1,1,1,1,1,1,1,0,0,0,0,0,0,0,0,,,,,,,,,,,,,,,,,,,,,,,,,,,,,,,,,,,,,,,,,,,,,,,,
15985,800,15988,15984,16489;16011,2,0,0,0,0,0,0,0,0,0,0,0,0,0,0,2,2,2,2,2,2,2,2,2,2,2,2,2,2,2,2,2,2,2,2,2,2,2,2,1,1,1,1,0,0,0,0,0,0,,,,,,,,,,,,,,,,,,,,,,,,,,,,,,,,,,,,,,,,,,,,,,,,
15986,800,15990,15945,,0,0,0,0,0,0,0,0,0,0,0,0,0,0,0,1,1,1,1,1,1,1,1,1,1,1,1,1,1,1,1,1,1,1,1,1,1,1,1,1,1,0,0,0,0,0,0,0,0,,,,,,,,,,,,,,,,,,,,,,,,,,,,,,,,,,,,,,,,,,,,,,,,
15987,800,15950,15993,,0,0,0,0,0,0,0,0,0,0,0,0,0,0,0,1,1,1,1,1,1,1,1,1,1,1,1,1,1,1,1,1,1,1,1,1,1,1,1,0,0,0,0,0,0,0,0,0,0,,,,,,,,,,,,,,,,,,,,,,,,,,,,,,,,,,,,,,,,,,,,,,,,
15988,1200,15985,15990,,0,0,0,0,0,0,0,0,0,0,0,0,0,0,0,1,1,2,2,1,1,1,1,1,1,1,1,1,1,1,1,1,1,1,1,1,1,1,1,1,1,0,0,0,0,0,0,0,0,,,,,,,,,,,,,,,,,,,,,,,,,,,,,,,,,,,,,,,,,,,,,,,,
15989,400,15998,15956,,0,0,0,0,0,0,0,0,0,0,0,0,0,0,0,1,1,2,2,1,1,1,1,1,1,1,1,1,1,1,1,1,1,1,1,1,1,1,1,1,1,0,0,0,0,0,0,0,0,,,,,,,,,,,,,,,,,,,,,,,,,,,,,,,,,,,,,,,,,,,,,,,,
15990,1200,15986,16012,15988;15991,2,0,0,0,0,0,0,0,0,0,0,0,0,0,0,1,1,1,1,1,1,1,1,1,1,1,1,1,1,1,1,1,1,1,1,1,1,1,1,1,1,0,0,0,0,0,0,0,0,,,,,,,,,,,,,,,,,,,,,,,,,,,,,,,,,,,,,,,,,,,,,,,,
15991,800,15993,15990,,0,0,0,0,0,0,0,0,0,0,0,0,0,0,0,1,1,1,1,1,1,1,1,1,1,1,1,1,1,1,1,1,1,1,1,1,1,1,1,1,1,0,0,0,0,0,0,0,0,,,,,,,,,,,,,,,,,,,,,,,,,,,,,,,,,,,,,,,,,,,,,,,,
15992,4000,15959,16000,,0,50,50,52,52,37,37,40,40,46,46,50,50,140,140,972,972,1169,1169,1063,1063,998,998,955,955,867,867,910,910,924,924,943,943,977,977,1031,1031,947,947,393,393,252,252,170,170,124,124,63,63,,,,,,,,,,,,,,,,,,,,,,,,,,,,,,,,,,,,,,,,,,,,,,,,
15993,800,15994,15991,15987;16013,2,0,0,0,0,0,0,0,0,0,0,0,0,0,0,1,1,1,1,1,1,1,1,1,1,1,1,1,1,1,1,1,1,1,1,1,1,1,1,1,1,0,0,0,0,0,0,0,0,,,,,,,,,,,,,,,,,,,,,,,,,,,,,,,,,,,,,,,,,,,,,,,,
15994,800,15998,15993,,0,0,0,0,0,0,0,0,0,0,0,0,0,0,0,1,1,1,1,1,1,1,1,1,1,1,1,1,1,1,1,1,1,1,1,1,1,1,1,1,1,0,0,0,0,0,0,0,0,,,,,,,,,,,,,,,,,,,,,,,,,,,,,,,,,,,,,,,,,,,,,,,,
15995,800,15962,16002,,0,0,0,0,0,0,0,0,0,0,0,0,0,0,0,1,1,1,1,1,1,1,1,1,1,1,1,1,1,1,1,1,1,1,1,1,1,1,1,1,1,0,0,0,0,0,0,0,0,,,,,,,,,,,,,,,,,,,,,,,,,,,,,,,,,,,,,,,,,,,,,,,,
15996,800,15964,16005,,0,0,0,0,0,0,0,0,0,0,0,0,0,0,0,1,1,1,1,1,1,1,1,1,1,1,1,1,1,1,1,1,1,1,1,1,1,1,1,0,0,0,0,0,0,0,0,0,0,,,,,,,,,,,,,,,,,,,,,,,,,,,,,,,,,,,,,,,,,,,,,,,,
15997,800,16000,15998,,0,0,0,0,0,0,0,0,0,0,0,0,0,0,0,2,2,2,2,2,2,2,2,2,2,1,1,1,1,2,2,2,2,2,2,2,2,2,2,1,1,0,0,0,0,0,0,0,0,,,,,,,,,,,,,,,,,,,,,,,,,,,,,,,,,,,,,,,,,,,,,,,,
15998,800,16016,15989,15994;15997,2,0,0,0,0,0,0,0,0,0,0,0,0,0,0,1,1,2,2,1,1,1,1,1,1,1,1,1,1,1,1,1,1,1,1,1,1,1,1,1,1,0,0,0,0,0,0,0,0,,,,,,,,,,,,,,,,,,,,,,,,,,,,,,,,,,,,,,,,,,,,,,,,
15999,800,16007,15966,,0,0,0,0,0,0,0,0,0,0,0,0,0,0,0,0,0,0,0,0,0,0,0,0,0,0,0,0,0,0,0,0,0,0,0,0,0,0,0,0,0,0,0,0,0,0,0,0,0,,,,,,,,,,,,,,,,,,,,,,,,,,,,,,,,,,,,,,,,,,,,,,,,
16,2500,12,18,2367;46,2,50,50,52,52,37,37,40,40,46,46,50,50,140,140,967,967,1151,1151,1088,1088,1047,1047,967,967,880,880,932,932,911,911,933,933,958,958,1007,1007,913,913,393,393,252,252,170,170,124,124,63,63,,,,,,,,,,,,,,,,,,,,,,,,,,,,,,,,,,,,,,,,,,,,,,,,
160,300,169,159,168,1,0,0,0,0,0,0,0,0,0,0,0,0,1,1,9,9,10,10,10,10,10,10,9,9,9,9,9,9,9,9,9,9,9,9,10,10,9,9,2,2,1,1,1,1,1,1,0,0,,,,,,,,,,,,,,,,,,,,,,,,,,,,,,,,,,,,,,,,,,,,,,,,
16000,800,15997,16001,15992;16047,2,0,0,0,0,0,0,0,0,0,0,0,0,0,0,2,2,2,2,2,2,2,2,2,2,2,2,2,2,2,2,2,2,2,2,2,2,2,2,1,1,1,1,0,0,0,0,0,0,,,,,,,,,,,,,,,,,,,,,,,,,,,,,,,,,,,,,,,,,,,,,,,,
16001,800,16000,16002,,0,0,0,0,0,0,0,0,0,0,0,0,0,0,0,1,1,2,2,2,2,1,1,1,1,1,1,1,1,1,1,1,1,1,1,1,1,1,1,1,1,0,0,0,0,0,0,0,0,,,,,,,,,,,,,,,,,,,,,,,,,,,,,,,,,,,,,,,,,,,,,,,,
16002,300,15995,16048,16001;16003,2,0,0,0,0,0,0,0,0,0,0,0,0,0,0,1,1,1,1,1,1,1,1,1,1,1,1,1,1,1,1,1,1,1,1,1,1,1,1,0,0,0,0,0,0,0,0,0,0,,,,,,,,,,,,,,,,,,,,,,,,,,,,,,,,,,,,,,,,,,,,,,,,
16003,800,16002,16005,,0,33,33,31,31,22,22,23,23,26,26,31,31,88,88,1055,1055,1119,1119,1058,1058,1080,1080,966,966,980,980,861,861,1008,1008,1021,1021,988,988,1080,1080,1096,1096,421,421,249,249,150,150,110,110,68,68,,,,,,,,,,,,,,,,,,,,,,,,,,,,,,,,,,,,,,,,,,,,,,,,
16004,800,15980,16010,,0,0,0,0,0,0,0,0,0,0,0,0,0,0,0,2,2,2,2,2,2,2,2,2,2,1,1,1,1,2,2,2,2,2,2,2,2,2,2,1,1,0,0,0,0,0,0,0,0,,,,,,,,,,,,,,,,,,,,,,,,,,,,,,,,,,,,,,,,,,,,,,,,
16005,1200,16003,16006,15996;16050,2,0,0,0,0,0,0,0,0,0,0,0,0,0,0,1,1,1,1,1,1,1,1,1,1,1,1,1,1,1,1,1,1,1,1,1,1,1,1,0,0,0,0,0,0,0,0,0,0,,,,,,,,,,,,,,,,,,,,,,,,,,,,,,,,,,,,,,,,,,,,,,,,
16006,800,16007,16005,,0,0,0,0,0,0,0,0,0,0,0,0,0,0,0,0,0,1,1,0,0,0,0,0,0,0,0,0,0,0,0,0,0,0,0,0,0,0,0,0,0,0,0,0,0,0,0,0,0,,,,,,,,,,,,,,,,,,,,,,,,,,,,,,,,,,,,,,,,,,,,,,,,
16007,1200,16006,6149,15999;16057,2,0,0,0,0,0,0,0,0,0,0,0,0,0,0,0,0,0,0,0,0,0,0,0,0,0,0,0,0,0,0,0,0,0,0,0,0,0,0,0,0,0,0,0,0,0,0,0,0,,,,,,,,,,,,,,,,,,,,,,,,,,,,,,,,,,,,,,,,,,,,,,,,
16008,1600,16015,15982,,0,0,0,0,0,0,0,0,0,0,0,0,0,0,0,1,1,1,1,1,1,1,1,1,1,1,1,1,1,1,1,1,1,1,1,1,1,1,1,1,1,0,0,0,0,0,0,0,0,,,,,,,,,,,,,,,,,,,,,,,,,,,,,,,,,,,,,,,,,,,,,,,,
16009,2500,16470,16488,,0,63,63,65,65,46,46,49,49,57,57,62,62,174,174,982,982,1182,1182,1077,1077,1043,1043,955,955,884,884,900,900,934,934,926,926,948,948,1012,1012,944,944,526,526,333,333,221,221,161,161,84,84,,,,,,,,,,,,,,,,,,,,,,,,,,,,,,,,,,,,,,,,,,,,,,,,
16010,1200,16027,16004,16483;16481,2,0,0,0,0,0,0,0,0,0,0,0,0,0,0,2,2,2,2,2,2,2,2,2,2,2,2,2,2,2,2,2,2,2,2,2,2,2,2,1,1,1,1,0,0,0,0,0,0,,,,,,,,,,,,,,,,,,,,,,,,,,,,,,,,,,,,,,,,,,,,,,,,
16011,1600,15985,16018,,0,53,53,55,55,38,38,42,42,48,48,53,53,146,146,715,715,891,891,804,804,768,768,707,707,638,638,676,676,679,679,669,669,696,696,738,738,671,671,411,411,264,264,178,178,130,130,66,66,,,,,,,,,,,,,,,,,,,,,,,,,,,,,,,,,,,,,,,,,,,,,,,,
16012,800,16020,15990,,0,0,0,0,0,0,0,0,0,0,0,0,0,0,0,2,2,2,2,2,2,2,2,2,2,1,1,1,1,2,2,2,2,2,2,2,2,2,2,1,1,0,0,0,0,0,0,0,0,,,,,,,,,,,,,,,,,,,,,,,,,,,,,,,,,,,,,,,,,,,,,,,,
16013,800,16023,15993,,0,0,0,0,0,0,0,0,0,0,0,0,0,0,0,2,2,2,2,2,2,2,2,2,2,1,1,1,1,2,2,2,2,2,2,2,2,2,2,1,1,0,0,0,0,0,0,0,0,,,,,,,,,,,,,,,,,,,,,,,,,,,,,,,,,,,,,,,,,,,,,,,,
16014,3000,16482,16015,,0,50,50,52,52,37,37,40,40,46,46,50,50,140,140,972,972,1169,1169,1063,1063,998,998,955,955,867,867,910,910,924,924,943,943,977,977,1031,1031,947,947,393,393,252,252,170,170,124,124,63,63,,,,,,,,,,,,,,,,,,,,,,,,,,,,,,,,,,,,,,,,,,,,,,,,
16015,1600,16032,16008,16014;16017,2,0,0,0,0,0,0,0,0,0,0,0,0,0,0,1,1,2,2,1,1,1,1,1,1,1,1,1,1,1,1,1,1,1,1,1,1,1,1,1,1,0,0,0,0,0,0,0,0,,,,,,,,,,,,,,,,,,,,,,,,,,,,,,,,,,,,,,,,,,,,,,,,
16016,400,15998,16026,,0,0,0,0,0,0,0,0,0,0,0,0,0,0,0,2,2,2,2,2,2,2,2,1,1,1,1,1,1,1,1,1,1,1,1,2,2,1,1,1,1,0,0,0,0,0,0,0,0,,,,,,,,,,,,,,,,,,,,,,,,,,,,,,,,,,,,,,,,,,,,,,,,
16017,3000,16015,16462,,0,50,50,52,52,37,37,40,40,46,46,50,50,140,140,972,972,1169,1169,1063,1063,998,998,955,955,867,867,910,910,924,924,943,943,977,977,1031,1031,947,947,393,393,252,252,170,170,124,124,63,63,,,,,,,,,,,,,,,,,,,,,,,,,,,,,,,,,,,,,,,,,,,,,,,,
16018,1200,16011,16035,16461;16019,2,0,0,0,0,0,0,0,0,0,0,0,0,0,0,2,2,2,2,2,2,2,2,2,2,1,1,1,1,1,1,1,1,2,2,2,2,2,2,1,1,0,0,0,0,0,0,0,0,,,,,,,,,,,,,,,,,,,,,,,,,,,,,,,,,,,,,,,,,,,,,,,,
16019,2500,16018,16020,,0,50,50,52,52,37,37,40,40,46,46,50,50,140,140,972,972,1169,1169,1063,1063,998,998,955,955,867,867,910,910,924,924,943,943,977,977,1031,1031,947,947,393,393,252,252,170,170,124,124,63,63,,,,,,,,,,,,,,,,,,,,,,,,,,,,,,,,,,,,,,,,,,,,,,,,
16020,800,16038,16012,16019;16021,2,0,0,0,0,0,0,0,0,0,0,0,0,0,0,2,2,2,2,2,2,2,2,2,2,2,2,2,2,2,2,2,2,2,2,2,2,2,2,1,1,1,1,0,0,0,0,0,0,,,,,,,,,,,,,,,,,,,,,,,,,,,,,,,,,,,,,,,,,,,,,,,,
16021,2500,16020,16023,,0,50,50,52,52,37,37,40,40,46,46,50,50,140,140,972,972,1169,1169,1063,1063,998,998,955,955,867,867,910,910,924,924,943,943,977,977,1031,1031,947,947,393,393,252,252,170,170,124,124,63,63,,,,,,,,,,,,,,,,,,,,,,,,,,,,,,,,,,,,,,,,,,,,,,,,
16022,800,16480,16486,,0,2,2,3,3,2,2,2,2,2,2,2,2,7,7,38,38,46,46,42,42,40,40,37,37,34,34,35,35,36,36,36,36,37,37,39,39,36,36,20,20,13,13,9,9,6,6,3,3,,,,,,,,,,,,,,,,,,,,,,,,,,,,,,,,,,,,,,,,,,,,,,,,
16023,1200,16041,16013,16021;16024,2,0,0,0,0,0,0,0,0,0,0,0,0,0,0,2,2,2,2,2,2,2,2,2,2,2,2,2,2,2,2,2,2,2,2,2,2,2,2,1,1,1,1,0,0,0,0,0,0,,,,,,,,,,,,,,,,,,,,,,,,,,,,,,,,,,,,,,,,,,,,,,,,
16024,2500,16023,16026,,0,50,50,52,52,37,37,40,40,46,46,50,50,140,140,972,972,1169,1169,1063,1063,998,998,955,955,867,867,910,910,924,924,943,943,977,977,1031,1031,947,947,393,393,252,252,170,170,124,124,63,63,,,,,,,,,,,,,,,,,,,,,,,,,,,,,,,,,,,,,,,,,,,,,,,,
16025,800,16478,16484,,0,0,0,0,0,0,0,0,0,0,0,0,0,0,0,2,2,2,2,2,2,2,2,2,2,2,2,2,2,2,2,2,2,2,2,2,2,2,2,1,1,1,1,0,0,0,0,0,0,,,,,,,,,,,,,,,,,,,,,,,,,,,,,,,,,,,,,,,,,,,,,,,,
16026,800,16016,16045,16024;16029,2,0,0,0,0,0,0,0,0,0,0,0,0,0,0,2,2,2,2,2,2,2,2,2,2,2,2,2,2,2,2,2,2,2,2,2,2,2,2,1,1,1,1,0,0,0,0,0,0,,,,,,,,,,,,,,,,,,,,,,,,,,,,,,,,,,,,,,,,,,,,,,,,
16027,800,16476,16010,,0,0,0,0,0,0,0,0,0,0,0,0,0,0,0,2,2,2,2,2,2,2,2,2,2,2,2,2,2,2,2,2,2,2,2,2,2,2,2,1,1,1,1,0,0,0,0,0,0,,,,,,,,,,,,,,,,,,,,,,,,,,,,,,,,,,,,,,,,,,,,,,,,
16028,800,16474,,,0,0,0,0,0,0,0,0,0,0,0,0,0,0,0,2,2,2,2,2,2,2,2,2,2,2,2,2,2,2,2,2,2,2,2,2,2,2,2,1,1,1,1,0,0,0,0,0,0,,,,,,,,,,,,,,,,,,,,,,,,,,,,,,,,,,,,,,,,,,,,,,,,
16029,3500,16456,16026,,0,50,50,52,52,37,37,40,40,46,46,50,50,140,140,972,972,1169,1169,1063,1063,998,998,955,955,867,867,910,910,924,924,943,943,977,977,1031,1031,947,947,393,393,252,252,170,170,124,124,63,63,,,,,,,,,,,,,,,,,,,,,,,,,,,,,,,,,,,,,,,,,,,,,,,,
16030,2500,16480,16488,,0,63,63,65,65,46,46,49,49,57,57,62,62,174,174,982,982,1182,1182,1077,1077,1043,1043,955,955,884,884,900,900,934,934,926,926,948,948,1012,1012,944,944,526,526,333,333,221,221,161,161,84,84,,,,,,,,,,,,,,,,,,,,,,,,,,,,,,,,,,,,,,,,,,,,,,,,
16031,3000,,16474,,0,50,50,52,52,37,37,40,40,46,46,50,50,140,140,972,972,1169,1169,1063,1063,998,998,955,955,867,867,910,910,924,924,943,943,977,977,1031,1031,947,947,393,393,252,252,170,170,124,124,63,63,,,,,,,,,,,,,,,,,,,,,,,,,,,,,,,,,,,,,,,,,,,,,,,,
16032,1200,16036,16015,,0,0,0,0,0,0,0,0,0,0,0,0,0,0,0,1,1,1,1,1,1,1,1,1,1,1,1,1,1,1,1,1,1,1,1,1,1,1,1,0,0,0,0,0,0,0,0,0,0,,,,,,,,,,,,,,,,,,,,,,,,,,,,,,,,,,,,,,,,,,,,,,,,
16033,300,16036,16468,,0,53,53,55,55,38,38,42,42,48,48,53,53,146,146,715,715,891,891,804,804,768,768,707,707,638,638,676,676,679,679,669,669,696,696,738,738,671,671,411,411,264,264,178,178,130,130,66,66,,,,,,,,,,,,,,,,,,,,,,,,,,,,,,,,,,,,,,,,,,,,,,,,
16034,800,16462,16039,,0,0,0,0,0,0,0,0,0,0,0,0,0,0,0,1,1,2,2,2,2,1,1,1,1,1,1,1,1,1,1,1,1,1,1,1,1,1,1,1,1,0,0,0,0,0,0,0,0,,,,,,,,,,,,,,,,,,,,,,,,,,,,,,,,,,,,,,,,,,,,,,,,
16035,800,16018,16042,,0,0,0,0,0,0,0,0,0,0,0,0,0,0,0,1,1,1,1,1,1,1,1,1,1,1,1,1,1,1,1,1,1,1,1,1,1,1,1,1,1,0,0,0,0,0,0,0,0,,,,,,,,,,,,,,,,,,,,,,,,,,,,,,,,,,,,,,,,,,,,,,,,
16036,800,16033,16037,16032;16071,2,0,0,0,0,0,0,0,0,0,0,0,0,0,0,1,1,1,1,1,1,1,1,1,1,1,1,1,1,1,1,1,1,1,1,1,1,1,1,0,0,0,0,0,0,0,0,0,0,,,,,,,,,,,,,,,,,,,,,,,,,,,,,,,,,,,,,,,,,,,,,,,,
16037,1200,16039,16036,,0,0,0,0,0,0,0,0,0,0,0,0,0,0,0,1,1,1,1,1,1,1,1,1,1,1,1,1,1,1,1,1,1,1,1,1,1,1,1,0,0,0,0,0,0,0,0,0,0,,,,,,,,,,,,,,,,,,,,,,,,,,,,,,,,,,,,,,,,,,,,,,,,
16038,800,16020,16051,,0,0,0,0,0,0,0,0,0,0,0,0,0,0,0,1,1,2,2,1,1,1,1,1,1,1,1,1,1,1,1,1,1,1,1,1,1,1,1,1,1,0,0,0,0,0,0,0,0,,,,,,,,,,,,,,,,,,,,,,,,,,,,,,,,,,,,,,,,,,,,,,,,
16039,1200,16063,16034,16037;16040,2,0,0,0,0,0,0,0,0,0,0,0,0,0,0,1,1,1,1,1,1,1,1,1,1,1,1,1,1,1,1,1,1,1,1,1,1,1,1,0,0,0,0,0,0,0,0,0,0,,,,,,,,,,,,,,,,,,,,,,,,,,,,,,,,,,,,,,,,,,,,,,,,
16040,1200,16042,16039,,0,0,0,0,0,0,0,0,0,0,0,0,0,0,0,1,1,1,1,1,1,1,1,1,1,1,1,1,1,1,1,1,1,1,1,1,1,1,1,0,0,0,0,0,0,0,0,0,0,,,,,,,,,,,,,,,,,,,,,,,,,,,,,,,,,,,,,,,,,,,,,,,,
16041,800,16023,16044,,0,0,0,0,0,0,0,0,0,0,0,0,0,0,0,1,1,2,2,1,1,1,1,1,1,1,1,1,1,1,1,1,1,1,1,1,1,1,1,1,1,0,0,0,0,0,0,0,0,,,,,,,,,,,,,,,,,,,,,,,,,,,,,,,,,,,,,,,,,,,,,,,,
16042,1200,16040,16046,16035;16064,2,0,0,0,0,0,0,0,0,0,0,0,0,0,0,1,1,1,1,1,1,1,1,1,1,1,1,1,1,1,1,1,1,1,1,1,1,1,1,0,0,0,0,0,0,0,0,0,0,,,,,,,,,,,,,,,,,,,,,,,,,,,,,,,,,,,,,,,,,,,,,,,,
16043,300,16044,16051,,0,0,0,0,0,0,0,0,0,0,0,0,0,0,0,1,1,1,1,1,1,1,1,1,1,1,1,1,1,1,1,1,1,1,1,1,1,1,1,0,0,0,0,0,0,0,0,0,0,,,,,,,,,,,,,,,,,,,,,,,,,,,,,,,,,,,,,,,,,,,,,,,,
16044,300,16043,16049,16041;16079,2,0,0,0,0,0,0,0,0,0,0,0,0,0,0,1,1,1,1,1,1,1,1,1,1,1,1,1,1,1,1,1,1,1,1,1,1,1,1,0,0,0,0,0,0,0,0,0,0,,,,,,,,,,,,,,,,,,,,,,,,,,,,,,,,,,,,,,,,,,,,,,,,
16045,400,16026,16052,,0,0,0,0,0,0,0,0,0,0,0,0,0,0,0,2,2,2,2,2,2,2,2,1,1,1,1,1,1,1,1,1,1,1,1,2,2,1,1,1,1,0,0,0,0,0,0,0,0,,,,,,,,,,,,,,,,,,,,,,,,,,,,,,,,,,,,,,,,,,,,,,,,
16046,1200,16042,16051,,0,0,0,0,0,0,0,0,0,0,0,0,0,0,0,1,1,1,1,1,1,1,1,1,1,1,1,1,1,1,1,1,1,1,1,1,1,1,1,0,0,0,0,0,0,0,0,0,0,,,,,,,,,,,,,,,,,,,,,,,,,,,,,,,,,,,,,,,,,,,,,,,,
16047,4400,16456,16000,,0,50,50,52,52,37,37,40,40,46,46,50,50,140,140,972,972,1169,1169,1063,1063,998,998,955,955,867,867,910,910,924,924,943,943,977,977,1031,1031,947,947,393,393,252,252,170,170,124,124,63,63,,,,,,,,,,,,,,,,,,,,,,,,,,,,,,,,,,,,,,,,,,,,,,,,
16048,300,16002,16056,,0,0,0,0,0,0,0,0,0,0,0,0,0,0,0,1,1,1,1,1,1,1,1,1,1,1,1,1,1,1,1,1,1,1,1,1,1,1,1,1,1,0,0,0,0,0,0,0,0,,,,,,,,,,,,,,,,,,,,,,,,,,,,,,,,,,,,,,,,,,,,,,,,
16049,300,16052,16044,,0,0,0,0,0,0,0,0,0,0,0,0,0,0,0,1,1,1,1,1,1,1,1,1,1,1,1,1,1,1,1,1,1,1,1,1,1,1,1,0,0,0,0,0,0,0,0,0,0,,,,,,,,,,,,,,,,,,,,,,,,,,,,,,,,,,,,,,,,,,,,,,,,
16050,1200,16059,16005,,0,0,0,0,0,0,0,0,0,0,0,0,0,0,0,1,1,1,1,1,1,1,1,1,1,1,1,1,1,1,1,1,1,1,1,1,1,1,1,0,0,0,0,0,0,0,0,0,0,,,,,,,,,,,,,,,,,,,,,,,,,,,,,,,,,,,,,,,,,,,,,,,,
16051,800,16046,16038,16043;16075,2,0,0,0,0,0,0,0,0,0,0,0,0,0,0,1,1,1,1,1,1,1,1,1,1,1,1,1,1,1,1,1,1,1,1,1,1,1,1,0,0,0,0,0,0,0,0,0,0,,,,,,,,,,,,,,,,,,,,,,,,,,,,,,,,,,,,,,,,,,,,,,,,
16052,300,16080,16045,16049;16054,2,0,0,0,0,0,0,0,0,0,0,0,0,0,0,1,1,1,1,1,1,1,1,1,1,1,1,1,1,1,1,1,1,1,1,1,1,1,1,1,1,0,0,0,0,0,0,0,0,,,,,,,,,,,,,,,,,,,,,,,,,,,,,,,,,,,,,,,,,,,,,,,,
16053,800,16054,16055,16455;16083,2,0,0,0,0,0,0,0,0,0,0,0,0,0,0,2,2,2,2,2,2,2,2,2,2,2,2,2,2,2,2,2,2,2,2,2,2,2,2,1,1,0,0,0,0,0,0,0,0,,,,,,,,,,,,,,,,,,,,,,,,,,,,,,,,,,,,,,,,,,,,,,,,
16054,800,16053,16052,,0,0,0,0,0,0,0,0,0,0,0,0,0,0,0,1,1,2,2,2,2,1,1,1,1,1,1,1,1,1,1,1,1,1,1,1,1,1,1,1,1,0,0,0,0,0,0,0,0,,,,,,,,,,,,,,,,,,,,,,,,,,,,,,,,,,,,,,,,,,,,,,,,
16055,800,16056,16053,,0,0,0,0,0,0,0,0,0,0,0,0,0,0,0,1,1,2,2,2,2,2,2,1,1,1,1,1,1,1,1,1,1,1,1,1,1,1,1,1,1,0,0,0,0,0,0,0,0,,,,,,,,,,,,,,,,,,,,,,,,,,,,,,,,,,,,,,,,,,,,,,,,
16056,600,16086,16048,16055;16058,2,0,0,0,0,0,0,0,0,0,0,0,0,0,0,1,1,1,1,1,1,1,1,1,1,1,1,1,1,1,1,1,1,1,1,1,1,1,1,0,0,0,0,0,0,0,0,0,0,,,,,,,,,,,,,,,,,,,,,,,,,,,,,,,,,,,,,,,,,,,,,,,,
16057,800,16061,16007,,0,0,0,0,0,0,0,0,0,0,0,0,0,0,0,0,0,0,0,0,0,0,0,0,0,0,0,0,0,0,0,0,0,0,0,0,0,0,0,0,0,0,0,0,0,0,0,0,0,,,,,,,,,,,,,,,,,,,,,,,,,,,,,,,,,,,,,,,,,,,,,,,,
16058,800,16056,16059,,0,0,0,0,0,0,0,0,0,0,0,0,0,0,0,1,1,1,1,1,1,1,1,1,1,1,1,1,1,1,1,1,1,1,1,1,1,1,1,0,0,0,0,0,0,0,0,0,0,,,,,,,,,,,,,,,,,,,,,,,,,,,,,,,,,,,,,,,,,,,,,,,,
16059,1200,16060,16058,16050;16087,2,0,0,0,0,0,0,0,0,0,0,0,0,0,0,1,1,1,1,1,1,1,1,1,1,1,1,1,1,1,1,1,1,1,1,1,1,1,1,0,0,0,0,0,0,0,0,0,0,,,,,,,,,,,,,,,,,,,,,,,,,,,,,,,,,,,,,,,,,,,,,,,,
16060,800,16061,16059,,0,0,0,0,0,0,0,0,0,0,0,0,0,0,0,0,0,1,1,0,0,0,0,0,0,0,0,0,0,0,0,0,0,0,0,0,0,0,0,0,0,0,0,0,0,0,0,0,0,,,,,,,,,,,,,,,,,,,,,,,,,,,,,,,,,,,,,,,,,,,,,,,,
16061,1200,16060,16062,16057;16090,2,0,0,0,0,0,0,0,0,0,0,0,0,0,0,0,0,0,0,0,0,0,0,0,0,0,0,0,0,0,0,0,0,0,0,0,0,0,0,0,0,0,0,0,0,0,0,0,0,,,,,,,,,,,,,,,,,,,,,,,,,,,,,,,,,,,,,,,,,,,,,,,,
16062,400,6500,16061,,0,0,0,0,0,0,0,0,0,0,0,0,0,0,0,5,5,6,6,5,5,5,5,5,5,5,5,4,4,5,5,5,5,5,5,5,5,5,5,2,2,1,1,1,1,1,1,0,0,,,,,,,,,,,,,,,,,,,,,,,,,,,,,,,,,,,,,,,,,,,,,,,,
16063,800,16066,16039,,0,0,0,0,0,0,0,0,0,0,0,0,0,0,0,0,0,1,1,1,1,1,1,0,0,0,0,0,0,0,0,0,0,0,0,1,1,0,0,0,0,0,0,0,0,0,0,0,0,,,,,,,,,,,,,,,,,,,,,,,,,,,,,,,,,,,,,,,,,,,,,,,,
16064,1600,16068,16042,,0,0,0,0,0,0,0,0,0,0,0,0,0,0,0,0,0,1,1,1,1,1,1,0,0,0,0,0,0,0,0,0,0,0,0,1,1,0,0,0,0,0,0,0,0,0,0,0,0,,,,,,,,,,,,,,,,,,,,,,,,,,,,,,,,,,,,,,,,,,,,,,,,
16065,1200,16464,16066,,0,0,0,0,0,0,0,0,0,0,0,0,0,0,0,0,0,0,0,0,0,0,0,0,0,0,0,0,0,0,0,0,0,0,0,0,0,0,0,0,0,0,0,0,0,0,0,0,0,,,,,,,,,,,,,,,,,,,,,,,,,,,,,,,,,,,,,,,,,,,,,,,,
16066,1200,16067,16065,16063;16072,2,0,0,0,0,0,0,0,0,0,0,0,0,0,0,0,0,1,1,1,1,0,0,0,0,0,0,0,0,0,0,0,0,0,0,0,0,0,0,0,0,0,0,0,0,0,0,0,0,,,,,,,,,,,,,,,,,,,,,,,,,,,,,,,,,,,,,,,,,,,,,,,,
16067,800,16066,16068,,0,0,0,0,0,0,0,0,0,0,0,0,0,0,0,1,1,1,1,1,1,1,1,1,1,1,1,1,1,1,1,1,1,1,1,1,1,1,1,0,0,0,0,0,0,0,0,0,0,,,,,,,,,,,,,,,,,,,,,,,,,,,,,,,,,,,,,,,,,,,,,,,,
16068,1200,16067,16069,16064;16073,2,0,0,0,0,0,0,0,0,0,0,0,0,0,0,1,1,1,1,1,1,1,1,1,1,1,1,1,1,1,1,1,1,1,1,1,1,1,1,0,0,0,0,0,0,0,0,0,0,,,,,,,,,,,,,,,,,,,,,,,,,,,,,,,,,,,,,,,,,,,,,,,,
16069,800,16068,16458,,0,0,0,0,0,0,0,0,0,0,0,0,0,0,0,1,1,1,1,1,1,1,1,1,1,1,1,1,1,1,1,1,1,1,1,1,1,1,1,0,0,0,0,0,0,0,0,0,0,,,,,,,,,,,,,,,,,,,,,,,,,,,,,,,,,,,,,,,,,,,,,,,,
16070,300,16083,16454,,0,0,0,0,0,0,0,0,0,0,0,0,0,0,0,2,2,2,2,2,2,2,2,2,2,2,2,2,2,2,2,2,2,2,2,2,2,2,2,1,1,1,1,0,0,0,0,0,0,,,,,,,,,,,,,,,,,,,,,,,,,,,,,,,,,,,,,,,,,,,,,,,,
16071,1200,16036,16464,,0,0,0,0,0,0,0,0,0,0,0,0,0,0,0,0,0,1,1,1,1,0,0,0,0,0,0,0,0,0,0,0,0,0,0,0,0,0,0,0,0,0,0,0,0,0,0,0,0,,,,,,,,,,,,,,,,,,,,,,,,,,,,,,,,,,,,,,,,,,,,,,,,
16072,1200,16460,16066,,0,0,0,0,0,0,0,0,0,0,0,0,0,0,0,1,1,1,1,1,1,1,1,1,1,1,1,1,1,1,1,1,1,1,1,1,1,1,1,0,0,0,0,0,0,0,0,0,0,,,,,,,,,,,,,,,,,,,,,,,,,,,,,,,,,,,,,,,,,,,,,,,,
16073,1600,16068,16078,,0,0,0,0,0,0,0,0,0,0,0,0,0,0,0,1,1,1,1,1,1,1,1,1,1,1,1,1,1,1,1,1,1,1,1,1,1,1,1,0,0,0,0,0,0,0,0,0,0,,,,,,,,,,,,,,,,,,,,,,,,,,,,,,,,,,,,,,,,,,,,,,,,
16074,1600,16076,16466,,0,0,0,0,0,0,0,0,0,0,0,0,0,0,0,2,2,2,2,2,2,2,2,2,2,2,2,2,2,2,2,2,2,2,2,2,2,2,2,1,1,1,1,0,0,0,0,0,0,,,,,,,,,,,,,,,,,,,,,,,,,,,,,,,,,,,,,,,,,,,,,,,,
16075,800,16458,16051,,0,0,0,0,0,0,0,0,0,0,0,0,0,0,0,1,1,1,1,1,1,1,1,0,0,0,0,0,0,0,0,0,0,0,0,1,1,0,0,0,0,0,0,0,0,0,0,0,0,,,,,,,,,,,,,,,,,,,,,,,,,,,,,,,,,,,,,,,,,,,,,,,,
16076,1600,16077,16074,16463;16126,2,0,0,0,0,0,0,0,0,0,0,0,0,0,0,1,1,1,1,1,1,1,1,1,1,1,1,1,1,1,1,1,1,1,1,1,1,1,1,0,0,0,0,0,0,0,0,0,0,,,,,,,,,,,,,,,,,,,,,,,,,,,,,,,,,,,,,,,,,,,,,,,,
16077,1200,16460,16076,,0,0,0,0,0,0,0,0,0,0,0,0,0,0,0,1,1,1,1,1,1,1,1,1,1,1,1,1,1,1,1,1,1,1,1,1,1,1,1,0,0,0,0,0,0,0,0,0,0,,,,,,,,,,,,,,,,,,,,,,,,,,,,,,,,,,,,,,,,,,,,,,,,
16078,1200,16459,16081,16073;16102,2,0,0,0,0,0,0,0,0,0,0,0,0,0,0,1,1,2,2,2,2,2,2,1,1,1,1,1,1,1,1,1,1,1,1,2,2,1,1,1,1,0,0,0,0,0,0,0,0,,,,,,,,,,,,,,,,,,,,,,,,,,,,,,,,,,,,,,,,,,,,,,,,
16079,1200,16044,16085,,0,0,0,0,0,0,0,0,0,0,0,0,0,0,0,1,1,1,1,1,1,1,1,1,1,1,1,1,1,1,1,1,1,1,1,1,1,1,1,0,0,0,0,0,0,0,0,0,0,,,,,,,,,,,,,,,,,,,,,,,,,,,,,,,,,,,,,,,,,,,,,,,,
16080,800,16052,16406,,0,0,0,0,0,0,0,0,0,0,0,0,0,0,0,1,1,2,2,1,1,1,1,1,1,1,1,1,1,1,1,1,1,1,1,1,1,1,1,1,1,0,0,0,0,0,0,0,0,,,,,,,,,,,,,,,,,,,,,,,,,,,,,,,,,,,,,,,,,,,,,,,,
16081,800,16078,16082,,0,0,0,0,0,0,0,0,0,0,0,0,0,0,0,1,1,1,1,1,1,1,1,1,1,1,1,1,1,1,1,1,1,1,1,1,1,1,1,1,1,0,0,0,0,0,0,0,0,,,,,,,,,,,,,,,,,,,,,,,,,,,,,,,,,,,,,,,,,,,,,,,,
16082,1200,16084,16081,16457;16104,2,0,0,0,0,0,0,0,0,0,0,0,0,0,0,2,2,2,2,2,2,2,2,1,1,1,1,1,1,1,1,1,1,1,1,2,2,1,1,1,1,0,0,0,0,0,0,0,0,,,,,,,,,,,,,,,,,,,,,,,,,,,,,,,,,,,,,,,,,,,,,,,,
16083,3500,16053,16089,16070,1,50,50,52,52,37,37,40,40,46,46,50,50,140,140,972,972,1169,1169,1063,1063,998,998,955,955,867,867,910,910,924,924,943,943,977,977,1031,1031,947,947,393,393,252,252,170,170,124,124,63,63,,,,,,,,,,,,,,,,,,,,,,,,,,,,,,,,,,,,,,,,,,,,,,,,
16084,800,16082,16085,,0,0,0,0,0,0,0,0,0,0,0,0,0,0,0,1,1,2,2,1,1,1,1,1,1,1,1,1,1,1,1,1,1,1,1,1,1,1,1,1,1,0,0,0,0,0,0,0,0,,,,,,,,,,,,,,,,,,,,,,,,,,,,,,,,,,,,,,,,,,,,,,,,
16085,1200,16084,16088,16079;16106,2,0,0,0,0,0,0,0,0,0,0,0,0,0,0,1,1,1,1,1,1,1,1,1,1,1,1,1,1,1,1,1,1,1,1,1,1,1,1,0,0,0,0,0,0,0,0,0,0,,,,,,,,,,,,,,,,,,,,,,,,,,,,,,,,,,,,,,,,,,,,,,,,
16086,800,16056,16454,,0,0,0,0,0,0,0,0,0,0,0,0,0,0,0,1,1,1,1,1,1,1,1,1,1,1,1,1,1,1,1,1,1,1,1,1,1,1,1,1,1,0,0,0,0,0,0,0,0,,,,,,,,,,,,,,,,,,,,,,,,,,,,,,,,,,,,,,,,,,,,,,,,
16087,800,16059,16094,,0,0,0,0,0,0,0,0,0,0,0,0,0,0,0,1,1,1,1,1,1,1,1,1,1,1,1,1,1,1,1,1,1,1,1,1,1,1,1,0,0,0,0,0,0,0,0,0,0,,,,,,,,,,,,,,,,,,,,,,,,,,,,,,,,,,,,,,,,,,,,,,,,
16088,800,16085,16406,,0,0,0,0,0,0,0,0,0,0,0,0,0,0,0,1,1,1,1,1,1,1,1,1,1,1,1,1,1,1,1,1,1,1,1,1,1,1,1,0,0,0,0,0,0,0,0,0,0,,,,,,,,,,,,,,,,,,,,,,,,,,,,,,,,,,,,,,,,,,,,,,,,
16089,800,16091,16405,16083;16399,2,0,0,0,0,0,0,0,0,0,0,0,0,0,0,2,2,2,2,2,2,2,2,2,2,2,2,2,2,2,2,2,2,2,2,2,2,2,2,1,1,1,1,0,0,0,0,0,0,,,,,,,,,,,,,,,,,,,,,,,,,,,,,,,,,,,,,,,,,,,,,,,,
16090,800,16061,16096,,0,0,0,0,0,0,0,0,0,0,0,0,0,0,0,0,0,0,0,0,0,0,0,0,0,0,0,0,0,0,0,0,0,0,0,0,0,0,0,0,0,0,0,0,0,0,0,0,0,,,,,,,,,,,,,,,,,,,,,,,,,,,,,,,,,,,,,,,,,,,,,,,,
16091,800,16093,16089,,0,0,0,0,0,0,0,0,0,0,0,0,0,0,0,2,2,2,2,2,2,2,2,2,2,1,1,1,1,1,1,2,2,2,2,2,2,2,2,1,1,0,0,0,0,0,0,0,0,,,,,,,,,,,,,,,,,,,,,,,,,,,,,,,,,,,,,,,,,,,,,,,,
16092,800,16094,16093,,0,0,0,0,0,0,0,0,0,0,0,0,0,0,0,1,1,1,1,1,1,1,1,1,1,1,1,1,1,1,1,1,1,1,1,1,1,1,1,0,0,0,0,0,0,0,0,0,0,,,,,,,,,,,,,,,,,,,,,,,,,,,,,,,,,,,,,,,,,,,,,,,,
16093,800,16453,16112,16091;16092,2,0,0,0,0,0,0,0,0,0,0,0,0,0,0,1,1,1,1,1,1,1,1,1,1,1,1,1,1,1,1,1,1,1,1,1,1,1,1,1,1,0,0,0,0,0,0,0,0,,,,,,,,,,,,,,,,,,,,,,,,,,,,,,,,,,,,,,,,,,,,,,,,
16094,1200,16092,16095,16087;16113,2,0,0,0,0,0,0,0,0,0,0,0,0,0,0,1,1,1,1,1,1,1,1,1,1,1,1,1,1,1,1,1,1,1,1,1,1,1,1,0,0,0,0,0,0,0,0,0,0,,,,,,,,,,,,,,,,,,,,,,,,,,,,,,,,,,,,,,,,,,,,,,,,
16095,800,16096,16094,,0,0,0,0,0,0,0,0,0,0,0,0,0,0,0,1,1,1,1,1,1,1,1,1,1,1,1,1,1,1,1,1,1,1,1,1,1,1,1,0,0,0,0,0,0,0,0,0,0,,,,,,,,,,,,,,,,,,,,,,,,,,,,,,,,,,,,,,,,,,,,,,,,
16096,1200,16097,16095,16090;16147,2,0,0,0,0,0,0,0,0,0,0,0,0,0,0,1,1,1,1,1,1,1,1,1,1,1,1,1,1,1,1,1,1,1,1,1,1,1,1,0,0,0,0,0,0,0,0,0,0,,,,,,,,,,,,,,,,,,,,,,,,,,,,,,,,,,,,,,,,,,,,,,,,
16097,800,6195,16096,,0,0,0,0,0,0,0,0,0,0,0,0,0,0,0,5,5,6,6,5,5,5,5,5,5,5,5,4,4,5,5,5,5,5,5,5,5,5,5,2,2,1,1,1,1,1,1,0,0,,,,,,,,,,,,,,,,,,,,,,,,,,,,,,,,,,,,,,,,,,,,,,,,
16098,300,16404,16400,,0,0,0,0,0,0,0,0,0,0,0,0,0,0,0,2,2,2,2,2,2,2,2,2,2,2,2,2,2,2,2,2,2,2,2,2,2,2,2,1,1,1,1,0,0,0,0,0,0,,,,,,,,,,,,,,,,,,,,,,,,,,,,,,,,,,,,,,,,,,,,,,,,
16099,800,16418,16416,,0,0,0,0,0,0,0,0,0,0,0,0,0,0,0,0,0,1,1,0,0,0,0,0,0,0,0,0,0,0,0,0,0,0,0,0,0,0,0,0,0,0,0,0,0,0,0,0,0,,,,,,,,,,,,,,,,,,,,,,,,,,,,,,,,,,,,,,,,,,,,,,,,
161,1650,142,176,,0,27,27,28,28,20,20,21,21,25,25,27,27,74,74,1049,1049,1182,1182,1170,1170,1126,1126,1056,1056,970,970,1022,1022,982,982,1052,1052,1066,1066,1112,1112,1010,1010,210,210,134,134,91,91,66,66,34,34,,,,,,,,,,,,,,,,,,,,,,,,,,,,,,,,,,,,,,,,,,,,,,,,
16100,1200,16402,16404,,0,0,0,0,0,0,0,0,0,0,0,0,0,0,0,2,2,2,2,2,2,2,2,2,2,2,2,2,2,2,2,2,2,2,2,2,2,2,2,1,1,1,1,0,0,0,0,0,0,,,,,,,,,,,,,,,,,,,,,,,,,,,,,,,,,,,,,,,,,,,,,,,,
16101,300,16398,16402,,0,0,0,0,0,0,0,0,0,0,0,0,0,0,0,2,2,2,2,2,2,2,2,2,2,2,2,2,2,2,2,2,2,2,2,2,2,2,2,1,1,1,1,0,0,0,0,0,0,,,,,,,,,,,,,,,,,,,,,,,,,,,,,,,,,,,,,,,,,,,,,,,,
16102,800,16078,16418,,0,53,53,55,55,38,38,42,42,48,48,53,53,146,146,715,715,891,891,804,804,768,768,707,707,638,638,676,676,679,679,669,669,696,696,738,738,671,671,411,411,264,264,178,178,130,130,66,66,,,,,,,,,,,,,,,,,,,,,,,,,,,,,,,,,,,,,,,,,,,,,,,,
16103,800,16420,16105,,0,0,0,0,0,0,0,0,0,0,0,0,0,0,0,1,1,1,1,1,1,1,1,1,1,1,1,1,1,1,1,1,1,1,1,1,1,1,1,1,1,0,0,0,0,0,0,0,0,,,,,,,,,,,,,,,,,,,,,,,,,,,,,,,,,,,,,,,,,,,,,,,,
16104,800,16416,16082,,0,53,53,55,55,38,38,42,42,48,48,53,53,146,146,715,715,891,891,804,804,768,768,707,707,638,638,676,676,679,679,669,669,696,696,738,738,671,671,411,411,264,264,178,178,130,130,66,66,,,,,,,,,,,,,,,,,,,,,,,,,,,,,,,,,,,,,,,,,,,,,,,,
16105,800,16110,16103,16417;16413,2,0,0,0,0,0,0,0,0,0,0,0,0,0,0,1,1,1,1,1,1,1,1,1,1,1,1,1,1,1,1,1,1,1,1,1,1,1,1,0,0,0,0,0,0,0,0,0,0,,,,,,,,,,,,,,,,,,,,,,,,,,,,,,,,,,,,,,,,,,,,,,,,
16106,1200,16108,16085,,0,53,53,55,55,38,38,42,42,48,48,53,53,146,146,715,715,891,891,804,804,768,768,707,707,638,638,676,676,679,679,669,669,696,696,738,738,671,671,411,411,264,264,178,178,130,130,66,66,,,,,,,,,,,,,,,,,,,,,,,,,,,,,,,,,,,,,,,,,,,,,,,,
16107,300,16108,16109,,0,0,0,0,0,0,0,0,0,0,0,0,0,0,0,1,1,1,1,1,1,1,1,1,1,1,1,1,1,1,1,1,1,1,1,1,1,1,1,0,0,0,0,0,0,0,0,0,0,,,,,,,,,,,,,,,,,,,,,,,,,,,,,,,,,,,,,,,,,,,,,,,,
16108,300,16114,16107,16106;16132,2,0,0,0,0,0,0,0,0,0,0,0,0,0,0,1,1,1,1,1,1,1,1,1,1,1,1,1,1,1,1,1,1,1,1,1,1,1,1,0,0,0,0,0,0,0,0,0,0,,,,,,,,,,,,,,,,,,,,,,,,,,,,,,,,,,,,,,,,,,,,,,,,
16109,800,16131,16415,16110;16107,2,0,0,0,0,0,0,0,0,0,0,0,0,0,0,1,1,1,1,1,1,1,1,1,1,1,1,1,1,1,1,1,1,1,1,1,1,1,1,0,0,0,0,0,0,0,0,0,0,,,,,,,,,,,,,,,,,,,,,,,,,,,,,,,,,,,,,,,,,,,,,,,,
16110,1200,16105,16109,,0,0,0,0,0,0,0,0,0,0,0,0,0,0,0,1,1,1,1,1,1,1,1,1,1,1,1,1,1,1,1,1,1,1,1,1,1,1,1,0,0,0,0,0,0,0,0,0,0,,,,,,,,,,,,,,,,,,,,,,,,,,,,,,,,,,,,,,,,,,,,,,,,
16111,3500,16398,16400,,0,50,50,52,52,37,37,40,40,46,46,50,50,140,140,972,972,1169,1169,1063,1063,998,998,955,955,867,867,910,910,924,924,943,943,977,977,1031,1031,947,947,393,393,252,252,170,170,124,124,63,63,,,,,,,,,,,,,,,,,,,,,,,,,,,,,,,,,,,,,,,,,,,,,,,,
16112,800,16117,16093,,0,0,0,0,0,0,0,0,0,0,0,0,0,0,0,2,2,2,2,2,2,2,2,2,2,2,2,2,2,2,2,2,2,2,2,2,2,2,2,1,1,1,1,0,0,0,0,0,0,,,,,,,,,,,,,,,,,,,,,,,,,,,,,,,,,,,,,,,,,,,,,,,,
16113,800,16119,16094,,0,0,0,0,0,0,0,0,0,0,0,0,0,0,0,2,2,2,2,2,2,2,2,2,2,2,2,2,2,2,2,2,2,2,2,2,2,2,2,1,1,1,1,0,0,0,0,0,0,,,,,,,,,,,,,,,,,,,,,,,,,,,,,,,,,,,,,,,,,,,,,,,,
16114,300,16115,16108,,0,0,0,0,0,0,0,0,0,0,0,0,0,0,0,2,2,2,2,2,2,2,2,2,2,2,2,2,2,2,2,2,2,2,2,2,2,2,2,1,1,0,0,0,0,0,0,0,0,,,,,,,,,,,,,,,,,,,,,,,,,,,,,,,,,,,,,,,,,,,,,,,,
16115,800,16114,16116,16397;16395,2,0,0,0,0,0,0,0,0,0,0,0,0,0,0,2,2,2,2,2,2,2,2,2,2,2,2,2,2,2,2,2,2,2,2,2,2,2,2,1,1,1,1,0,0,0,0,0,0,,,,,,,,,,,,,,,,,,,,,,,,,,,,,,,,,,,,,,,,,,,,,,,,
16116,800,16115,16117,,0,0,0,0,0,0,0,0,0,0,0,0,0,0,0,2,2,2,2,2,2,2,2,2,2,2,2,2,2,2,2,2,2,2,2,2,2,2,2,1,1,1,1,0,0,0,0,0,0,,,,,,,,,,,,,,,,,,,,,,,,,,,,,,,,,,,,,,,,,,,,,,,,
16117,800,16118,16116,16112;16141,2,0,0,0,0,0,0,0,0,0,0,0,0,0,0,1,1,2,2,2,2,2,2,1,1,1,1,1,1,1,1,1,1,1,1,1,1,1,1,1,1,0,0,0,0,0,0,0,0,,,,,,,,,,,,,,,,,,,,,,,,,,,,,,,,,,,,,,,,,,,,,,,,
16118,800,16117,16119,,0,0,0,0,0,0,0,0,0,0,0,0,0,0,0,1,1,1,1,1,1,1,1,1,1,1,1,1,1,1,1,1,1,1,1,1,1,1,1,1,1,0,0,0,0,0,0,0,0,,,,,,,,,,,,,,,,,,,,,,,,,,,,,,,,,,,,,,,,,,,,,,,,
16119,1200,16120,16118,16113;16143,2,0,0,0,0,0,0,0,0,0,0,0,0,0,0,1,1,1,1,1,1,1,1,1,1,1,1,1,1,1,1,1,1,1,1,1,1,1,1,0,0,0,0,0,0,0,0,0,0,,,,,,,,,,,,,,,,,,,,,,,,,,,,,,,,,,,,,,,,,,,,,,,,
16120,800,16119,16390,,0,0,0,0,0,0,0,0,0,0,0,0,0,0,0,1,1,1,1,1,1,1,1,1,1,1,1,1,1,1,1,1,1,1,1,1,1,1,1,0,0,0,0,0,0,0,0,0,0,,,,,,,,,,,,,,,,,,,,,,,,,,,,,,,,,,,,,,,,,,,,,,,,
16121,800,16412,,,0,0,0,0,0,0,0,0,0,0,0,0,0,0,0,2,2,2,2,2,2,2,2,2,2,2,2,2,2,2,2,2,2,2,2,2,2,2,2,1,1,1,1,0,0,0,0,0,0,,,,,,,,,,,,,,,,,,,,,,,,,,,,,,,,,,,,,,,,,,,,,,,,
16122,800,16410,16408,,0,0,0,0,0,0,0,0,0,0,0,0,0,0,0,1,1,1,1,1,1,1,1,1,1,1,1,1,1,1,1,1,1,1,1,1,1,1,1,0,0,0,0,0,0,0,0,0,0,,,,,,,,,,,,,,,,,,,,,,,,,,,,,,,,,,,,,,,,,,,,,,,,
16123,300,16446,16450,,0,0,0,0,0,0,0,0,0,0,0,0,0,0,0,3,3,4,4,3,3,3,3,3,3,3,3,3,3,3,3,3,3,3,3,3,3,3,3,1,1,1,1,1,1,0,0,0,0,,,,,,,,,,,,,,,,,,,,,,,,,,,,,,,,,,,,,,,,,,,,,,,,
16124,1200,16433,16129,16465;16357,2,0,0,0,0,0,0,0,0,0,0,0,0,1,1,4,4,5,5,4,4,4,4,4,4,4,4,4,4,4,4,4,4,4,4,4,4,4,4,2,2,1,1,1,1,0,0,0,0,,,,,,,,,,,,,,,,,,,,,,,,,,,,,,,,,,,,,,,,,,,,,,,,
16125,1200,16438,16436,,0,0,0,0,0,0,0,0,0,0,0,0,0,0,0,2,2,2,2,2,2,2,2,2,2,2,2,2,2,2,2,2,2,2,2,2,2,2,2,1,1,1,1,0,0,0,0,0,0,,,,,,,,,,,,,,,,,,,,,,,,,,,,,,,,,,,,,,,,,,,,,,,,
16126,1600,16076,16420,,0,0,0,0,0,0,0,0,0,0,0,0,0,0,0,2,2,2,2,2,2,2,2,2,2,2,2,2,2,2,2,2,2,2,2,2,2,2,2,1,1,1,1,0,0,0,0,0,0,,,,,,,,,,,,,,,,,,,,,,,,,,,,,,,,,,,,,,,,,,,,,,,,
16127,4400,16414,16326,,0,67,67,70,70,49,49,53,53,62,62,67,67,186,186,910,910,1134,1134,1023,1023,977,977,900,900,812,812,861,861,864,864,851,851,886,886,939,939,854,854,524,524,336,336,227,227,165,165,84,84,,,,,,,,,,,,,,,,,,,,,,,,,,,,,,,,,,,,,,,,,,,,,,,,
16128,800,16412,16414,,0,0,0,0,0,0,0,0,0,0,0,0,0,0,0,1,1,2,2,1,1,1,1,1,1,1,1,1,1,1,1,1,1,1,1,1,1,1,1,1,1,0,0,0,0,0,0,0,0,,,,,,,,,,,,,,,,,,,,,,,,,,,,,,,,,,,,,,,,,,,,,,,,
16129,1200,16124,16426,,0,0,0,0,0,0,0,0,0,0,0,0,0,0,0,3,3,3,3,3,3,3,3,3,3,3,3,3,3,3,3,3,3,3,3,3,3,3,3,1,1,1,1,1,1,0,0,0,0,,,,,,,,,,,,,,,,,,,,,,,,,,,,,,,,,,,,,,,,,,,,,,,,
16130,1600,16323,16421,16419;16159,2,0,0,0,0,0,0,0,0,0,0,0,0,0,0,2,2,2,2,2,2,2,2,2,2,2,2,2,2,2,2,2,2,2,2,2,2,2,2,1,1,0,0,0,0,0,0,0,0,,,,,,,,,,,,,,,,,,,,,,,,,,,,,,,,,,,,,,,,,,,,,,,,
16131,800,16408,16109,,0,0,0,0,0,0,0,0,0,0,0,0,0,0,0,1,1,1,1,1,1,1,1,1,1,1,1,1,1,1,1,1,1,1,1,1,1,1,1,0,0,0,0,0,0,0,0,0,0,,,,,,,,,,,,,,,,,,,,,,,,,,,,,,,,,,,,,,,,,,,,,,,,
16132,1200,16108,16142,,0,0,0,0,0,0,0,0,0,0,0,0,0,0,0,1,1,2,2,2,2,2,2,1,1,1,1,1,1,1,1,1,1,1,1,2,2,1,1,1,1,0,0,0,0,0,0,0,0,,,,,,,,,,,,,,,,,,,,,,,,,,,,,,,,,,,,,,,,,,,,,,,,
16133,1200,16436,16140,,0,0,0,0,0,0,0,0,0,0,0,0,0,0,0,1,1,1,1,1,1,1,1,1,1,1,1,1,1,1,1,1,1,1,1,1,1,1,1,0,0,0,0,0,0,0,0,0,0,,,,,,,,,,,,,,,,,,,,,,,,,,,,,,,,,,,,,,,,,,,,,,,,
16134,1200,16328,16137,,0,0,0,0,0,0,0,0,0,0,0,0,0,0,0,1,1,1,1,1,1,1,1,1,1,1,1,1,1,1,1,1,1,1,1,1,1,1,1,0,0,0,0,0,0,0,0,0,0,,,,,,,,,,,,,,,,,,,,,,,,,,,,,,,,,,,,,,,,,,,,,,,,
16135,4000,16394,16396,,0,67,67,70,70,49,49,53,53,62,62,67,67,186,186,910,910,1134,1134,1023,1023,977,977,900,900,812,812,861,861,864,864,851,851,886,886,939,939,854,854,524,524,336,336,227,227,165,165,84,84,,,,,,,,,,,,,,,,,,,,,,,,,,,,,,,,,,,,,,,,,,,,,,,,
16136,4400,16146,16396,,0,67,67,70,70,49,49,53,53,62,62,67,67,186,186,910,910,1134,1134,1023,1023,977,977,900,900,812,812,861,861,864,864,851,851,886,886,939,939,854,854,524,524,336,336,227,227,165,165,84,84,,,,,,,,,,,,,,,,,,,,,,,,,,,,,,,,,,,,,,,,,,,,,,,,
16137,1200,16203,16407,16134;16139,2,0,0,0,0,0,0,0,0,0,0,0,0,0,0,1,1,1,1,1,1,1,1,1,1,1,1,1,1,1,1,1,1,1,1,1,1,1,1,0,0,0,0,0,0,0,0,0,0,,,,,,,,,,,,,,,,,,,,,,,,,,,,,,,,,,,,,,,,,,,,,,,,
16138,800,16140,,,0,0,0,0,0,0,0,0,0,0,0,0,0,0,0,1,1,2,2,1,1,1,1,1,1,1,1,1,1,1,1,1,1,1,1,1,1,1,1,1,1,0,0,0,0,0,0,0,0,,,,,,,,,,,,,,,,,,,,,,,,,,,,,,,,,,,,,,,,,,,,,,,,
16139,800,16137,16142,,0,0,0,0,0,0,0,0,0,0,0,0,0,0,0,1,1,1,1,1,1,1,1,1,1,1,1,1,1,1,1,1,1,1,1,1,1,1,1,1,1,0,0,0,0,0,0,0,0,,,,,,,,,,,,,,,,,,,,,,,,,,,,,,,,,,,,,,,,,,,,,,,,
16140,1200,16138,16149,16133;16175,2,0,0,0,0,0,0,0,0,0,0,0,0,0,0,1,1,1,1,1,1,1,1,1,1,1,1,1,1,1,1,1,1,1,1,1,1,1,1,0,0,0,0,0,0,0,0,0,0,,,,,,,,,,,,,,,,,,,,,,,,,,,,,,,,,,,,,,,,,,,,,,,,
16141,800,16150,16117,,0,0,0,0,0,0,0,0,0,0,0,0,0,0,0,1,1,2,2,2,2,2,2,1,1,1,1,1,1,1,1,1,1,1,1,2,2,1,1,1,1,0,0,0,0,0,0,0,0,,,,,,,,,,,,,,,,,,,,,,,,,,,,,,,,,,,,,,,,,,,,,,,,
16142,1200,16145,16139,16132;16208,2,0,0,0,0,0,0,0,0,0,0,0,0,0,0,2,2,2,2,2,2,2,2,2,2,1,1,2,2,2,2,2,2,2,2,2,2,2,2,1,1,0,0,0,0,0,0,0,0,,,,,,,,,,,,,,,,,,,,,,,,,,,,,,,,,,,,,,,,,,,,,,,,
16143,1200,16119,16153,,0,0,0,0,0,0,0,0,0,0,0,0,0,0,0,1,1,1,1,1,1,1,1,1,1,1,1,1,1,1,1,1,1,1,1,1,1,1,1,0,0,0,0,0,0,0,0,0,0,,,,,,,,,,,,,,,,,,,,,,,,,,,,,,,,,,,,,,,,,,,,,,,,
16144,1200,16434,16152,,0,0,0,0,0,0,0,0,0,0,0,0,0,0,0,3,3,4,4,3,3,3,3,3,3,3,3,3,3,3,3,3,3,3,3,3,3,3,3,1,1,1,1,1,1,0,0,0,0,,,,,,,,,,,,,,,,,,,,,,,,,,,,,,,,,,,,,,,,,,,,,,,,
16145,800,16394,16142,,0,0,0,0,0,0,0,0,0,0,0,0,0,0,0,2,2,2,2,2,2,2,2,2,2,2,2,2,2,2,2,2,2,2,2,2,2,2,2,1,1,1,1,0,0,0,0,0,0,,,,,,,,,,,,,,,,,,,,,,,,,,,,,,,,,,,,,,,,,,,,,,,,
16146,800,16393,16148,16136;16215,2,0,0,0,0,0,0,0,0,0,0,0,0,0,0,2,2,2,2,2,2,2,2,2,2,2,2,2,2,2,2,2,2,2,2,2,2,2,2,1,1,1,1,0,0,0,0,0,0,,,,,,,,,,,,,,,,,,,,,,,,,,,,,,,,,,,,,,,,,,,,,,,,
16147,1200,16390,16096,,0,0,0,0,0,0,0,0,0,0,0,0,0,0,0,2,2,2,2,2,2,2,2,2,2,2,2,2,2,2,2,2,2,2,2,2,2,2,2,1,1,1,1,0,0,0,0,0,0,,,,,,,,,,,,,,,,,,,,,,,,,,,,,,,,,,,,,,,,,,,,,,,,
16148,800,16146,16150,,0,0,0,0,0,0,0,0,0,0,0,0,0,0,0,2,2,2,2,2,2,2,2,2,2,1,1,2,2,2,2,2,2,2,2,2,2,2,2,1,1,0,0,0,0,0,0,0,0,,,,,,,,,,,,,,,,,,,,,,,,,,,,,,,,,,,,,,,,,,,,,,,,
16149,800,16152,16140,,0,0,0,0,0,0,0,0,0,0,0,0,0,0,0,1,1,2,2,1,1,1,1,1,1,1,1,1,1,1,1,1,1,1,1,1,1,1,1,1,1,0,0,0,0,0,0,0,0,,,,,,,,,,,,,,,,,,,,,,,,,,,,,,,,,,,,,,,,,,,,,,,,
16150,800,16141,16211,16148;16151,2,0,0,0,0,0,0,0,0,0,0,0,0,0,0,1,1,2,2,1,1,1,1,1,1,1,1,1,1,1,1,1,1,1,1,1,1,1,1,1,1,0,0,0,0,0,0,0,0,,,,,,,,,,,,,,,,,,,,,,,,,,,,,,,,,,,,,,,,,,,,,,,,
16151,800,16150,16153,,0,0,0,0,0,0,0,0,0,0,0,0,0,0,0,1,1,1,1,1,1,1,1,1,1,1,1,1,1,1,1,1,1,1,1,1,1,1,1,1,1,0,0,0,0,0,0,0,0,,,,,,,,,,,,,,,,,,,,,,,,,,,,,,,,,,,,,,,,,,,,,,,,
16152,1200,16149,16156,16144;16165,2,0,0,0,0,0,0,0,0,0,0,0,0,0,0,3,3,4,4,3,3,3,3,3,3,3,3,3,3,3,3,3,3,3,3,3,3,3,3,1,1,1,1,1,1,0,0,0,0,,,,,,,,,,,,,,,,,,,,,,,,,,,,,,,,,,,,,,,,,,,,,,,,
16153,1200,16154,16151,16143;16216,2,0,0,0,0,0,0,0,0,0,0,0,0,0,0,1,1,1,1,1,1,1,1,1,1,1,1,1,1,1,1,1,1,1,1,1,1,1,1,0,0,0,0,0,0,0,0,0,0,,,,,,,,,,,,,,,,,,,,,,,,,,,,,,,,,,,,,,,,,,,,,,,,
16154,800,16155,16153,,0,0,0,0,0,0,0,0,0,0,0,0,0,0,0,1,1,1,1,1,1,1,1,1,1,1,1,1,1,1,1,1,1,1,1,1,1,1,1,0,0,0,0,0,0,0,0,0,0,,,,,,,,,,,,,,,,,,,,,,,,,,,,,,,,,,,,,,,,,,,,,,,,
16155,1200,16154,16158,16389;16226,2,0,0,0,0,0,0,0,0,0,0,0,0,0,0,1,1,1,1,1,1,1,1,1,1,1,1,1,1,1,1,1,1,1,1,1,1,1,1,1,1,0,0,0,0,0,0,0,0,,,,,,,,,,,,,,,,,,,,,,,,,,,,,,,,,,,,,,,,,,,,,,,,
16156,1100,16152,16432,,0,34,34,35,35,24,24,26,26,31,31,34,34,93,93,1033,1033,1204,1204,1104,1104,1020,1020,1010,1010,922,922,958,958,984,984,1034,1034,1068,1068,1124,1124,1040,1040,262,262,168,168,114,114,82,82,42,42,,,,,,,,,,,,,,,,,,,,,,,,,,,,,,,,,,,,,,,,,,,,,,,,
16157,800,16158,6229,16385;16279,2,0,0,0,0,0,0,0,0,0,0,0,0,0,0,2,2,2,2,2,2,2,2,2,2,2,2,2,2,2,2,2,2,2,2,2,2,2,2,1,1,1,1,0,0,0,0,0,0,,,,,,,,,,,,,,,,,,,,,,,,,,,,,,,,,,,,,,,,,,,,,,,,
16158,800,16157,16155,,0,0,0,0,0,0,0,0,0,0,0,0,0,0,0,2,2,2,2,2,2,2,2,1,1,1,1,1,1,1,1,1,1,1,1,2,2,1,1,1,1,0,0,0,0,0,0,0,0,,,,,,,,,,,,,,,,,,,,,,,,,,,,,,,,,,,,,,,,,,,,,,,,
16159,1200,16130,16162,,0,0,0,0,0,0,0,0,0,0,0,0,0,0,0,2,2,2,2,2,2,2,2,2,2,2,2,2,2,2,2,2,2,2,2,2,2,2,2,1,1,1,1,0,0,0,0,0,0,,,,,,,,,,,,,,,,,,,,,,,,,,,,,,,,,,,,,,,,,,,,,,,,
16160,800,16322,,,0,0,0,0,0,0,0,0,0,0,0,0,0,0,0,2,2,2,2,2,2,2,2,2,2,1,1,1,1,2,2,2,2,2,2,2,2,2,2,1,1,0,0,0,0,0,0,0,0,,,,,,,,,,,,,,,,,,,,,,,,,,,,,,,,,,,,,,,,,,,,,,,,
16161,1000,16162,16352,,0,67,67,70,70,49,49,53,53,62,62,67,67,186,186,910,910,1134,1134,1023,1023,977,977,900,900,812,812,861,861,864,864,851,851,886,886,939,939,854,854,524,524,336,336,227,227,165,165,84,84,,,,,,,,,,,,,,,,,,,,,,,,,,,,,,,,,,,,,,,,,,,,,,,,
16162,2000,16163,16161,16159;16258,2,67,67,70,70,49,49,53,53,62,62,67,67,186,186,910,910,1134,1134,1023,1023,977,977,900,900,812,812,861,861,864,864,851,851,886,886,939,939,854,854,524,524,336,336,227,227,165,165,84,84,,,,,,,,,,,,,,,,,,,,,,,,,,,,,,,,,,,,,,,,,,,,,,,,
16163,2000,16322,16162,,0,67,67,70,70,49,49,53,53,62,62,67,67,186,186,910,910,1134,1134,1023,1023,977,977,900,900,812,812,861,861,864,864,851,851,886,886,939,939,854,854,524,524,336,336,227,227,165,165,84,84,,,,,,,,,,,,,,,,,,,,,,,,,,,,,,,,,,,,,,,,,,,,,,,,
16164,4400,16444,16440,,0,34,34,35,35,24,24,26,26,31,31,34,34,93,93,1033,1033,1204,1204,1104,1104,1020,1020,1010,1010,922,922,958,958,984,984,1034,1034,1068,1068,1124,1124,1040,1040,262,262,168,168,114,114,82,82,42,42,,,,,,,,,,,,,,,,,,,,,,,,,,,,,,,,,,,,,,,,,,,,,,,,
16165,800,16169,16152,,0,0,0,0,0,0,0,0,0,0,0,0,0,0,0,3,3,4,4,3,3,3,3,3,3,3,3,3,3,3,3,3,3,3,3,3,3,3,3,1,1,1,1,1,1,0,0,0,0,,,,,,,,,,,,,,,,,,,,,,,,,,,,,,,,,,,,,,,,,,,,,,,,
16166,1200,16350,16356,,0,0,0,0,0,0,0,0,0,0,0,0,0,0,0,2,2,2,2,2,2,2,2,2,2,2,2,2,2,2,2,2,2,2,2,2,2,2,2,1,1,1,1,0,0,0,0,0,0,,,,,,,,,,,,,,,,,,,,,,,,,,,,,,,,,,,,,,,,,,,,,,,,
16167,1200,16169,16374,,0,0,0,0,0,0,0,0,0,0,0,0,0,0,0,1,1,1,1,1,1,1,1,1,1,1,1,1,1,1,1,1,1,1,1,1,1,1,1,0,0,0,0,0,0,0,0,0,0,,,,,,,,,,,,,,,,,,,,,,,,,,,,,,,,,,,,,,,,,,,,,,,,
16168,300,16438,16172,,0,0,0,0,0,0,0,0,0,0,0,0,0,0,0,3,3,4,4,4,4,3,3,3,3,3,3,3,3,3,3,3,3,3,3,3,3,3,3,1,1,1,1,1,1,0,0,0,0,,,,,,,,,,,,,,,,,,,,,,,,,,,,,,,,,,,,,,,,,,,,,,,,
16169,800,16174,16167,16165;16183,2,0,0,0,0,0,0,0,0,0,0,0,0,0,0,3,3,3,3,3,3,3,3,3,3,2,2,2,2,3,3,3,3,3,3,3,3,3,3,1,1,1,1,0,0,0,0,0,0,,,,,,,,,,,,,,,,,,,,,,,,,,,,,,,,,,,,,,,,,,,,,,,,
16170,1200,16430,16356,,0,0,0,0,0,0,0,0,0,0,0,0,0,0,0,3,3,4,4,4,4,3,3,3,3,3,3,3,3,3,3,3,3,3,3,3,3,3,3,1,1,1,1,1,1,0,0,0,0,,,,,,,,,,,,,,,,,,,,,,,,,,,,,,,,,,,,,,,,,,,,,,,,
16171,300,16172,16442,,0,0,0,0,0,0,0,0,0,0,0,0,0,0,0,4,4,4,4,4,4,4,4,3,3,3,3,3,3,3,3,3,3,4,4,4,4,4,4,1,1,1,1,1,1,0,0,0,0,,,,,,,,,,,,,,,,,,,,,,,,,,,,,,,,,,,,,,,,,,,,,,,,
16172,300,16176,16171,16168;16381,2,0,0,0,0,0,0,0,0,0,0,0,0,0,0,3,3,3,3,3,3,3,3,3,3,3,3,3,3,3,3,3,3,3,3,3,3,3,3,1,1,1,1,1,1,0,0,0,0,,,,,,,,,,,,,,,,,,,,,,,,,,,,,,,,,,,,,,,,,,,,,,,,
16173,800,16324,16322,,0,0,0,0,0,0,0,0,0,0,0,0,0,0,0,2,2,2,2,2,2,2,2,2,2,2,2,2,2,2,2,2,2,2,2,2,2,2,2,1,1,1,1,0,0,0,0,0,0,,,,,,,,,,,,,,,,,,,,,,,,,,,,,,,,,,,,,,,,,,,,,,,,
16174,800,16428,16169,,0,0,0,0,0,0,0,0,0,0,0,0,0,0,0,4,4,4,4,4,4,4,4,3,3,3,3,3,3,3,3,3,3,4,4,4,4,3,3,1,1,1,1,1,1,0,0,0,0,,,,,,,,,,,,,,,,,,,,,,,,,,,,,,,,,,,,,,,,,,,,,,,,
16175,800,16140,16374,,0,0,0,0,0,0,0,0,0,0,0,0,0,0,0,1,1,1,1,1,1,1,1,1,1,1,1,1,1,1,1,1,1,1,1,1,1,1,1,0,0,0,0,0,0,0,0,0,0,,,,,,,,,,,,,,,,,,,,,,,,,,,,,,,,,,,,,,,,,,,,,,,,
16176,300,16178,16172,,0,0,0,0,0,0,0,0,0,0,0,0,0,0,0,2,2,2,2,2,2,2,2,2,2,2,2,2,2,2,2,2,2,2,2,2,2,2,2,1,1,0,0,0,0,0,0,0,0,,,,,,,,,,,,,,,,,,,,,,,,,,,,,,,,,,,,,,,,,,,,,,,,
16177,300,,16182,,0,0,0,0,0,0,0,0,0,0,0,0,0,0,0,1,1,1,1,1,1,1,1,1,1,1,1,1,1,1,1,1,1,1,1,1,1,1,1,0,0,0,0,0,0,0,0,0,0,,,,,,,,,,,,,,,,,,,,,,,,,,,,,,,,,,,,,,,,,,,,,,,,
16178,300,16185,16176,16373;16367,2,0,0,0,0,0,0,0,0,0,0,0,0,0,0,1,1,1,1,1,1,1,1,1,1,1,1,1,1,1,1,1,1,1,1,1,1,1,1,0,0,0,0,0,0,0,0,0,0,,,,,,,,,,,,,,,,,,,,,,,,,,,,,,,,,,,,,,,,,,,,,,,,
16179,800,16180,16338,,0,0,0,0,0,0,0,0,0,0,0,0,0,0,0,2,2,2,2,2,2,2,2,2,2,1,1,1,1,2,2,2,2,2,2,2,2,2,2,1,1,0,0,0,0,0,0,0,0,,,,,,,,,,,,,,,,,,,,,,,,,,,,,,,,,,,,,,,,,,,,,,,,
16180,1200,16181,16179,16321;16195,2,53,53,55,55,38,38,42,42,48,48,53,53,146,146,715,715,891,891,804,804,768,768,707,707,638,638,676,676,679,679,669,669,696,696,738,738,671,671,411,411,264,264,178,178,130,130,66,66,,,,,,,,,,,,,,,,,,,,,,,,,,,,,,,,,,,,,,,,,,,,,,,,
16181,800,16182,16180,,0,0,0,0,0,0,0,0,0,0,0,0,0,0,0,1,1,2,2,1,1,1,1,1,1,1,1,1,1,1,1,1,1,1,1,1,1,1,1,1,1,0,0,0,0,0,0,0,0,,,,,,,,,,,,,,,,,,,,,,,,,,,,,,,,,,,,,,,,,,,,,,,,
16182,300,16197,16177,16181;16186,2,0,0,0,0,0,0,0,0,0,0,0,0,0,0,1,1,1,1,1,1,1,1,1,1,1,1,1,1,1,1,1,1,1,1,1,1,1,1,0,0,0,0,0,0,0,0,0,0,,,,,,,,,,,,,,,,,,,,,,,,,,,,,,,,,,,,,,,,,,,,,,,,
16183,800,16169,16184,,0,53,53,55,55,38,38,42,42,48,48,53,53,146,146,715,715,891,891,804,804,768,768,707,707,638,638,676,676,679,679,669,669,696,696,738,738,671,671,411,411,264,264,178,178,130,130,66,66,,,,,,,,,,,,,,,,,,,,,,,,,,,,,,,,,,,,,,,,,,,,,,,,
16184,300,16188,16185,16183;16190,2,0,0,0,0,0,0,0,0,0,0,0,0,0,0,2,2,3,3,3,3,2,2,2,2,2,2,2,2,2,2,2,2,2,2,2,2,2,2,1,1,1,1,0,0,0,0,0,0,,,,,,,,,,,,,,,,,,,,,,,,,,,,,,,,,,,,,,,,,,,,,,,,
16185,300,16178,16184,,0,0,0,0,0,0,0,0,0,0,0,0,0,0,0,1,1,1,1,1,1,1,1,1,1,1,1,1,1,1,1,1,1,1,1,1,1,1,1,0,0,0,0,0,0,0,0,0,0,,,,,,,,,,,,,,,,,,,,,,,,,,,,,,,,,,,,,,,,,,,,,,,,
16186,800,16182,16320,,0,0,0,0,0,0,0,0,0,0,0,0,0,0,0,1,1,1,1,1,1,1,1,1,1,1,1,1,1,1,1,1,1,1,1,1,1,1,1,0,0,0,0,0,0,0,0,0,0,,,,,,,,,,,,,,,,,,,,,,,,,,,,,,,,,,,,,,,,,,,,,,,,
16187,600,16426,16356,,0,0,0,0,0,0,0,0,0,0,0,0,0,0,0,3,3,3,3,3,3,3,3,2,2,2,2,2,2,2,2,2,2,3,3,3,3,3,3,1,1,1,1,0,0,0,0,0,0,,,,,,,,,,,,,,,,,,,,,,,,,,,,,,,,,,,,,,,,,,,,,,,,
16188,400,16184,16358,,0,0,0,0,0,0,0,0,0,0,0,0,0,0,0,3,3,3,3,3,3,3,3,3,3,3,3,3,3,3,3,3,3,3,3,3,3,3,3,1,1,1,1,1,1,0,0,0,0,,,,,,,,,,,,,,,,,,,,,,,,,,,,,,,,,,,,,,,,,,,,,,,,
16189,1200,16358,16354,,0,0,0,0,0,0,0,0,0,0,0,0,0,0,0,3,3,4,4,4,4,3,3,3,3,3,3,3,3,3,3,3,3,3,3,4,4,3,3,1,1,1,1,1,1,0,0,0,0,,,,,,,,,,,,,,,,,,,,,,,,,,,,,,,,,,,,,,,,,,,,,,,,
16190,800,16192,16184,,0,53,53,55,55,38,38,42,42,48,48,53,53,146,146,715,715,891,891,804,804,768,768,707,707,638,638,676,676,679,679,669,669,696,696,738,738,671,671,411,411,264,264,178,178,130,130,66,66,,,,,,,,,,,,,,,,,,,,,,,,,,,,,,,,,,,,,,,,,,,,,,,,
16191,1200,16192,16372,,0,0,0,0,0,0,0,0,0,0,0,0,0,0,0,1,1,1,1,1,1,1,1,1,1,1,1,1,1,1,1,1,1,1,1,1,1,1,1,0,0,0,0,0,0,0,0,0,0,,,,,,,,,,,,,,,,,,,,,,,,,,,,,,,,,,,,,,,,,,,,,,,,
16192,800,16191,16196,16190;16363,2,0,0,0,0,0,0,0,0,0,0,0,0,0,0,2,2,2,2,2,2,2,2,2,2,2,2,2,2,2,2,2,2,2,2,2,2,2,2,1,1,1,1,0,0,0,0,0,0,,,,,,,,,,,,,,,,,,,,,,,,,,,,,,,,,,,,,,,,,,,,,,,,
16193,300,16376,16370,,0,0,0,0,0,0,0,0,0,0,0,0,0,0,0,1,1,1,1,1,1,1,1,1,1,1,1,1,1,1,1,1,1,1,1,1,1,1,1,1,1,0,0,0,0,0,0,0,0,,,,,,,,,,,,,,,,,,,,,,,,,,,,,,,,,,,,,,,,,,,,,,,,
16194,1200,,16376,,0,0,0,0,0,0,0,0,0,0,0,0,0,0,0,2,2,2,2,2,2,2,2,2,2,1,1,1,1,1,1,2,2,2,2,2,2,2,2,1,1,0,0,0,0,0,0,0,0,,,,,,,,,,,,,,,,,,,,,,,,,,,,,,,,,,,,,,,,,,,,,,,,
16195,800,16202,16180,,0,0,0,0,0,0,0,0,0,0,0,0,0,0,0,1,1,2,2,1,1,1,1,1,1,1,1,1,1,1,1,1,1,1,1,1,1,1,1,1,1,0,0,0,0,0,0,0,0,,,,,,,,,,,,,,,,,,,,,,,,,,,,,,,,,,,,,,,,,,,,,,,,
16196,800,16362,16192,,0,0,0,0,0,0,0,0,0,0,0,0,0,0,0,2,2,3,3,3,3,2,2,2,2,2,2,2,2,2,2,2,2,2,2,3,3,2,2,1,1,1,1,0,0,0,0,0,0,,,,,,,,,,,,,,,,,,,,,,,,,,,,,,,,,,,,,,,,,,,,,,,,
16197,300,16182,16205,,0,0,0,0,0,0,0,0,0,0,0,0,0,0,0,1,1,1,1,1,1,1,1,1,1,1,1,1,1,1,1,1,1,1,1,1,1,1,1,0,0,0,0,0,0,0,0,0,0,,,,,,,,,,,,,,,,,,,,,,,,,,,,,,,,,,,,,,,,,,,,,,,,
16198,1200,16350,16424,,0,53,53,55,55,38,38,42,42,48,48,53,53,146,146,715,715,891,891,804,804,768,768,707,707,638,638,676,676,679,679,669,669,696,696,738,738,671,671,411,411,264,264,178,178,130,130,66,66,,,,,,,,,,,,,,,,,,,,,,,,,,,,,,,,,,,,,,,,,,,,,,,,
16199,300,16340,16352,,0,0,0,0,0,0,0,0,0,0,0,0,0,0,0,2,2,2,2,2,2,2,2,2,2,1,1,2,2,2,2,2,2,2,2,2,2,2,2,1,1,0,0,0,0,0,0,0,0,,,,,,,,,,,,,,,,,,,,,,,,,,,,,,,,,,,,,,,,,,,,,,,,
162,2000,451,158,,0,50,50,52,52,37,37,40,40,46,46,50,50,140,140,967,967,1151,1151,1088,1088,1047,1047,967,967,880,880,932,932,911,911,933,933,958,958,1007,1007,913,913,393,393,252,252,170,170,124,124,63,63,,,,,,,,,,,,,,,,,,,,,,,,,,,,,,,,,,,,,,,,,,,,,,,,
16200,800,16202,16336,,0,0,0,0,0,0,0,0,0,0,0,0,0,0,0,1,1,1,1,1,1,1,1,1,1,1,1,1,1,1,1,1,1,1,1,1,1,1,1,0,0,0,0,0,0,0,0,0,0,,,,,,,,,,,,,,,,,,,,,,,,,,,,,,,,,,,,,,,,,,,,,,,,
16201,300,,16368,,0,0,0,0,0,0,0,0,0,0,0,0,0,0,0,1,1,1,1,1,1,1,1,1,1,1,1,1,1,1,1,1,1,1,1,1,1,1,1,0,0,0,0,0,0,0,0,0,0,,,,,,,,,,,,,,,,,,,,,,,,,,,,,,,,,,,,,,,,,,,,,,,,
16202,1200,16200,16204,16195;16230,2,53,53,55,55,38,38,42,42,48,48,53,53,146,146,715,715,891,891,804,804,768,768,707,707,638,638,676,676,679,679,669,669,696,696,738,738,671,671,411,411,264,264,178,178,130,130,66,66,,,,,,,,,,,,,,,,,,,,,,,,,,,,,,,,,,,,,,,,,,,,,,,,
16203,800,16137,16320,,0,0,0,0,0,0,0,0,0,0,0,0,0,0,0,1,1,1,1,1,1,1,1,1,1,1,1,1,1,1,1,1,1,1,1,1,1,1,1,0,0,0,0,0,0,0,0,0,0,,,,,,,,,,,,,,,,,,,,,,,,,,,,,,,,,,,,,,,,,,,,,,,,
16204,800,16205,16202,,0,0,0,0,0,0,0,0,0,0,0,0,0,0,0,1,1,1,1,1,1,1,1,1,1,1,1,1,1,1,1,1,1,1,1,1,1,1,1,0,0,0,0,0,0,0,0,0,0,,,,,,,,,,,,,,,,,,,,,,,,,,,,,,,,,,,,,,,,,,,,,,,,
16205,300,16231,16197,16204;16210,2,0,0,0,0,0,0,0,0,0,0,0,0,0,0,1,1,1,1,1,1,1,1,1,1,1,1,1,1,1,1,1,1,1,1,1,1,1,1,0,0,0,0,0,0,0,0,0,0,,,,,,,,,,,,,,,,,,,,,,,,,,,,,,,,,,,,,,,,,,,,,,,,
16206,800,16207,16339,16347;16256,2,0,0,0,0,0,0,0,0,0,0,0,0,0,0,2,2,2,2,2,2,2,2,2,2,1,1,1,1,2,2,2,2,2,2,2,2,2,2,1,1,0,0,0,0,0,0,0,0,,,,,,,,,,,,,,,,,,,,,,,,,,,,,,,,,,,,,,,,,,,,,,,,
16207,800,,16206,,0,0,0,0,0,0,0,0,0,0,0,0,0,0,0,2,2,3,3,2,2,2,2,2,2,2,2,2,2,2,2,2,2,2,2,2,2,2,2,1,1,1,1,0,0,0,0,0,0,,,,,,,,,,,,,,,,,,,,,,,,,,,,,,,,,,,,,,,,,,,,,,,,
16208,1200,16142,16212,,0,0,0,0,0,0,0,0,0,0,0,0,0,0,0,1,1,2,2,2,2,2,2,1,1,1,1,1,1,1,1,1,1,1,1,2,2,1,1,1,1,0,0,0,0,0,0,0,0,,,,,,,,,,,,,,,,,,,,,,,,,,,,,,,,,,,,,,,,,,,,,,,,
16209,300,16214,16212,,0,0,0,0,0,0,0,0,0,0,0,0,0,0,0,1,1,1,1,1,1,1,1,1,1,1,1,1,1,1,1,1,1,1,1,1,1,1,1,0,0,0,0,0,0,0,0,0,0,,,,,,,,,,,,,,,,,,,,,,,,,,,,,,,,,,,,,,,,,,,,,,,,
16210,800,16205,16214,,0,0,0,0,0,0,0,0,0,0,0,0,0,0,0,1,1,1,1,1,1,1,1,1,1,0,0,1,1,1,1,1,1,1,1,1,1,1,1,0,0,0,0,0,0,0,0,0,0,,,,,,,,,,,,,,,,,,,,,,,,,,,,,,,,,,,,,,,,,,,,,,,,
16211,800,16223,16150,,0,0,0,0,0,0,0,0,0,0,0,0,0,0,0,1,1,2,2,2,2,1,1,1,1,1,1,1,1,1,1,1,1,1,1,1,1,1,1,1,1,0,0,0,0,0,0,0,0,,,,,,,,,,,,,,,,,,,,,,,,,,,,,,,,,,,,,,,,,,,,,,,,
16212,300,16217,16209,16208;16307,2,0,0,0,0,0,0,0,0,0,0,0,0,0,0,1,1,2,2,1,1,1,1,1,1,1,1,1,1,1,1,1,1,1,1,1,1,1,1,1,1,0,0,0,0,0,0,0,0,,,,,,,,,,,,,,,,,,,,,,,,,,,,,,,,,,,,,,,,,,,,,,,,
16213,4000,16392,16222,,0,67,67,70,70,49,49,53,53,62,62,67,67,186,186,910,910,1134,1134,1023,1023,977,977,900,900,812,812,861,861,864,864,851,851,886,886,939,939,854,854,524,524,336,336,227,227,165,165,84,84,,,,,,,,,,,,,,,,,,,,,,,,,,,,,,,,,,,,,,,,,,,,,,,,
16214,800,16209,16210,16319;16309,2,0,0,0,0,0,0,0,0,0,0,0,0,0,0,1,1,1,1,1,1,1,1,1,1,1,1,1,1,1,1,1,1,1,1,1,1,1,1,0,0,0,0,0,0,0,0,0,0,,,,,,,,,,,,,,,,,,,,,,,,,,,,,,,,,,,,,,,,,,,,,,,,
16215,4400,16392,16146,,0,67,67,70,70,49,49,53,53,62,62,67,67,186,186,910,910,1134,1134,1023,1023,977,977,900,900,812,812,861,861,864,864,851,851,886,886,939,939,854,854,524,524,336,336,227,227,165,165,84,84,,,,,,,,,,,,,,,,,,,,,,,,,,,,,,,,,,,,,,,,,,,,,,,,
16216,800,16225,16153,,0,0,0,0,0,0,0,0,0,0,0,0,0,0,0,1,1,1,1,1,1,1,1,1,1,1,1,1,1,1,1,1,1,1,1,1,1,1,1,0,0,0,0,0,0,0,0,0,0,,,,,,,,,,,,,,,,,,,,,,,,,,,,,,,,,,,,,,,,,,,,,,,,
16217,300,16212,16222,,0,0,0,0,0,0,0,0,0,0,0,0,0,0,0,2,2,2,2,2,2,2,2,2,2,1,1,1,1,1,1,1,1,2,2,2,2,1,1,1,1,0,0,0,0,0,0,0,0,,,,,,,,,,,,,,,,,,,,,,,,,,,,,,,,,,,,,,,,,,,,,,,,
16218,1600,16334,16340,,0,0,0,0,0,0,0,0,0,0,0,0,0,0,0,1,1,2,2,1,1,1,1,1,1,1,1,1,1,1,1,1,1,1,1,1,1,1,1,1,1,0,0,0,0,0,0,0,0,,,,,,,,,,,,,,,,,,,,,,,,,,,,,,,,,,,,,,,,,,,,,,,,
16219,800,16220,16221,16391;16266,2,0,0,0,0,0,0,0,0,0,0,0,0,0,0,2,2,2,2,2,2,2,2,2,2,2,2,2,2,2,2,2,2,2,2,2,2,2,2,1,1,1,1,0,0,0,0,0,0,,,,,,,,,,,,,,,,,,,,,,,,,,,,,,,,,,,,,,,,,,,,,,,,
16220,800,16219,16222,,0,0,0,0,0,0,0,0,0,0,0,0,0,0,0,2,2,2,2,2,2,2,2,2,2,2,2,2,2,2,2,2,2,2,2,2,2,2,2,1,1,1,1,0,0,0,0,0,0,,,,,,,,,,,,,,,,,,,,,,,,,,,,,,,,,,,,,,,,,,,,,,,,
16221,800,16219,16223,,0,0,0,0,0,0,0,0,0,0,0,0,0,0,0,2,2,2,2,2,2,2,2,2,2,1,1,2,2,2,2,2,2,2,2,2,2,2,2,1,1,0,0,0,0,0,0,0,0,,,,,,,,,,,,,,,,,,,,,,,,,,,,,,,,,,,,,,,,,,,,,,,,
16222,600,16213,16265,16217;16220,2,0,0,0,0,0,0,0,0,0,0,0,0,0,0,2,2,2,2,2,2,2,2,2,2,2,2,2,2,2,2,2,2,2,2,2,2,2,2,1,1,1,1,0,0,0,0,0,0,,,,,,,,,,,,,,,,,,,,,,,,,,,,,,,,,,,,,,,,,,,,,,,,
16223,1200,16224,16221,16211;16269,2,0,0,0,0,0,0,0,0,0,0,0,0,0,0,1,1,2,2,1,1,1,1,1,1,1,1,1,1,1,1,1,1,1,1,1,1,1,1,1,1,0,0,0,0,0,0,0,0,,,,,,,,,,,,,,,,,,,,,,,,,,,,,,,,,,,,,,,,,,,,,,,,
16224,800,16225,16223,,0,0,0,0,0,0,0,0,0,0,0,0,0,0,0,1,1,1,1,1,1,1,1,1,1,1,1,1,1,1,1,1,1,1,1,1,1,1,1,1,1,0,0,0,0,0,0,0,0,,,,,,,,,,,,,,,,,,,,,,,,,,,,,,,,,,,,,,,,,,,,,,,,
16225,1200,16227,16224,16216;16270,2,0,0,0,0,0,0,0,0,0,0,0,0,0,0,1,1,1,1,1,1,1,1,1,1,1,1,1,1,1,1,1,1,1,1,1,1,1,1,0,0,0,0,0,0,0,0,0,0,,,,,,,,,,,,,,,,,,,,,,,,,,,,,,,,,,,,,,,,,,,,,,,,
16226,800,16155,16228,,0,0,0,0,0,0,0,0,0,0,0,0,0,0,0,1,1,1,1,1,1,1,1,1,1,1,1,1,1,1,1,1,1,1,1,1,1,1,1,1,1,0,0,0,0,0,0,0,0,,,,,,,,,,,,,,,,,,,,,,,,,,,,,,,,,,,,,,,,,,,,,,,,
16227,800,16225,16228,,0,0,0,0,0,0,0,0,0,0,0,0,0,0,0,1,1,1,1,1,1,1,1,1,1,1,1,1,1,1,1,1,1,1,1,1,1,1,1,0,0,0,0,0,0,0,0,0,0,,,,,,,,,,,,,,,,,,,,,,,,,,,,,,,,,,,,,,,,,,,,,,,,
16228,800,16227,16229,16226;16272,2,0,0,0,0,0,0,0,0,0,0,0,0,0,0,1,1,1,1,1,1,1,1,1,1,1,1,1,1,1,1,1,1,1,1,1,1,1,1,0,0,0,0,0,0,0,0,0,0,,,,,,,,,,,,,,,,,,,,,,,,,,,,,,,,,,,,,,,,,,,,,,,,
16229,400,16228,16298,,0,0,0,0,0,0,0,0,0,0,0,0,0,0,0,1,1,1,1,1,1,1,1,1,1,1,1,1,1,1,1,1,1,1,1,1,1,1,1,0,0,0,0,0,0,0,0,0,0,,,,,,,,,,,,,,,,,,,,,,,,,,,,,,,,,,,,,,,,,,,,,,,,
16230,800,16202,16235,,0,0,0,0,0,0,0,0,0,0,0,0,0,0,0,1,1,1,1,1,1,1,1,1,1,1,1,1,1,1,1,1,1,1,1,1,1,1,1,0,0,0,0,0,0,0,0,0,0,,,,,,,,,,,,,,,,,,,,,,,,,,,,,,,,,,,,,,,,,,,,,,,,
16231,300,16205,16237,,0,0,0,0,0,0,0,0,0,0,0,0,0,0,0,1,1,1,1,1,1,1,1,1,1,1,1,1,1,1,1,1,1,1,1,1,1,1,1,0,0,0,0,0,0,0,0,0,0,,,,,,,,,,,,,,,,,,,,,,,,,,,,,,,,,,,,,,,,,,,,,,,,
16232,800,16332,16235,,0,0,0,0,0,0,0,0,0,0,0,0,0,0,0,1,1,1,1,1,1,1,1,1,1,1,1,1,1,1,1,1,1,1,1,1,1,1,1,0,0,0,0,0,0,0,0,0,0,,,,,,,,,,,,,,,,,,,,,,,,,,,,,,,,,,,,,,,,,,,,,,,,
16233,800,16360,16364,,0,0,0,0,0,0,0,0,0,0,0,0,0,0,0,2,2,2,2,2,2,2,2,2,2,2,2,2,2,2,2,2,2,2,2,2,2,2,2,1,1,1,1,0,0,0,0,0,0,,,,,,,,,,,,,,,,,,,,,,,,,,,,,,,,,,,,,,,,,,,,,,,,
16234,600,16346,,,0,0,0,0,0,0,0,0,0,0,0,0,0,0,0,2,2,3,3,3,3,2,2,2,2,2,2,2,2,2,2,2,2,2,2,2,2,2,2,1,1,1,1,0,0,0,0,0,0,,,,,,,,,,,,,,,,,,,,,,,,,,,,,,,,,,,,,,,,,,,,,,,,
16235,1200,16236,16232,16230;16243,2,0,0,0,0,0,0,0,0,0,0,0,0,0,0,1,1,1,1,1,1,1,1,1,1,1,1,1,1,1,1,1,1,1,1,1,1,1,1,0,0,0,0,0,0,0,0,0,0,,,,,,,,,,,,,,,,,,,,,,,,,,,,,,,,,,,,,,,,,,,,,,,,
16236,800,16237,16235,,0,0,0,0,0,0,0,0,0,0,0,0,0,0,0,1,1,1,1,1,1,1,1,1,1,1,1,1,1,1,1,1,1,1,1,1,1,1,1,0,0,0,0,0,0,0,0,0,0,,,,,,,,,,,,,,,,,,,,,,,,,,,,,,,,,,,,,,,,,,,,,,,,
16237,300,16244,16231,16236;16238,2,0,0,0,0,0,0,0,0,0,0,0,0,0,0,1,1,1,1,1,1,1,1,1,1,0,0,0,0,0,0,0,0,1,1,1,1,0,0,0,0,0,0,0,0,0,0,0,0,,,,,,,,,,,,,,,,,,,,,,,,,,,,,,,,,,,,,,,,,,,,,,,,
16238,800,16237,16318,,0,0,0,0,0,0,0,0,0,0,0,0,0,0,0,0,0,1,1,0,0,0,0,0,0,0,0,0,0,0,0,0,0,0,0,0,0,0,0,0,0,0,0,0,0,0,0,0,0,,,,,,,,,,,,,,,,,,,,,,,,,,,,,,,,,,,,,,,,,,,,,,,,
16239,800,16308,,,0,0,0,0,0,0,0,0,0,0,0,0,0,0,0,1,1,1,1,1,1,1,1,1,1,1,1,1,1,1,1,1,1,1,1,1,1,1,1,0,0,0,0,0,0,0,0,0,0,,,,,,,,,,,,,,,,,,,,,,,,,,,,,,,,,,,,,,,,,,,,,,,,
16240,300,16382,16378,,0,0,0,0,0,0,0,0,0,0,0,0,0,0,0,2,2,2,2,2,2,2,2,2,2,2,2,2,2,2,2,2,2,2,2,2,2,2,2,1,1,0,0,0,0,0,0,0,0,,,,,,,,,,,,,,,,,,,,,,,,,,,,,,,,,,,,,,,,,,,,,,,,
16241,600,16344,,,0,0,0,0,0,0,0,0,0,0,0,0,0,0,0,2,2,3,3,3,3,2,2,2,2,2,2,2,2,2,2,2,2,2,2,2,2,2,2,1,1,1,1,0,0,0,0,0,0,,,,,,,,,,,,,,,,,,,,,,,,,,,,,,,,,,,,,,,,,,,,,,,,
16242,600,16368,16250,,0,0,0,0,0,0,0,0,0,0,0,0,0,0,0,1,1,1,1,1,1,1,1,1,1,1,1,1,1,1,1,1,1,1,1,1,1,1,1,1,1,0,0,0,0,0,0,0,0,,,,,,,,,,,,,,,,,,,,,,,,,,,,,,,,,,,,,,,,,,,,,,,,
16243,800,16249,16235,,0,0,0,0,0,0,0,0,0,0,0,0,0,0,0,1,1,1,1,1,1,1,1,1,1,0,0,0,0,0,0,0,0,1,1,1,1,0,0,0,0,0,0,0,0,0,0,0,0,,,,,,,,,,,,,,,,,,,,,,,,,,,,,,,,,,,,,,,,,,,,,,,,
16244,300,16237,16252,,0,0,0,0,0,0,0,0,0,0,0,0,0,0,0,0,0,1,1,0,0,0,0,0,0,0,0,0,0,0,0,0,0,0,0,0,0,0,0,0,0,0,0,0,0,0,0,0,0,,,,,,,,,,,,,,,,,,,,,,,,,,,,,,,,,,,,,,,,,,,,,,,,
16245,800,16330,16249,,0,0,0,0,0,0,0,0,0,0,0,0,0,0,0,1,1,1,1,1,1,1,1,1,1,1,1,1,1,1,1,1,1,1,1,1,1,1,1,0,0,0,0,0,0,0,0,0,0,,,,,,,,,,,,,,,,,,,,,,,,,,,,,,,,,,,,,,,,,,,,,,,,
16246,1200,16318,16316,,0,0,0,0,0,0,0,0,0,0,0,0,0,0,0,0,0,1,1,0,0,0,0,0,0,0,0,0,0,0,0,0,0,0,0,0,0,0,0,0,0,0,0,0,0,0,0,0,0,,,,,,,,,,,,,,,,,,,,,,,,,,,,,,,,,,,,,,,,,,,,,,,,
16247,1200,16250,16378,,0,53,53,55,55,38,38,42,42,48,48,53,53,146,146,715,715,891,891,804,804,768,768,707,707,638,638,676,676,679,679,669,669,696,696,738,738,671,671,411,411,264,264,178,178,130,130,66,66,,,,,,,,,,,,,,,,,,,,,,,,,,,,,,,,,,,,,,,,,,,,,,,,
16248,1200,16366,16364,,0,0,0,0,0,0,0,0,0,0,0,0,0,0,0,1,1,1,1,1,1,1,1,1,1,1,1,1,1,1,1,1,1,1,1,1,1,1,1,1,1,0,0,0,0,0,0,0,0,,,,,,,,,,,,,,,,,,,,,,,,,,,,,,,,,,,,,,,,,,,,,,,,
16249,1200,16251,16245,16243;16259,2,0,0,0,0,0,0,0,0,0,0,0,0,0,0,0,0,1,1,0,0,0,0,0,0,0,0,0,0,0,0,0,0,0,0,0,0,0,0,0,0,0,0,0,0,0,0,0,0,,,,,,,,,,,,,,,,,,,,,,,,,,,,,,,,,,,,,,,,,,,,,,,,
16250,1200,16286,16255,16242;16247,2,0,0,0,0,0,0,0,0,0,0,0,0,0,0,2,2,2,2,2,2,2,2,2,2,2,2,2,2,2,2,2,2,2,2,2,2,2,2,1,1,1,1,0,0,0,0,0,0,,,,,,,,,,,,,,,,,,,,,,,,,,,,,,,,,,,,,,,,,,,,,,,,
16251,800,16249,16252,,0,0,0,0,0,0,0,0,0,0,0,0,0,0,0,0,0,0,0,0,0,0,0,0,0,0,0,0,0,0,0,0,0,0,0,0,0,0,0,0,0,0,0,0,0,0,0,0,0,,,,,,,,,,,,,,,,,,,,,,,,,,,,,,,,,,,,,,,,,,,,,,,,
16252,300,16244,16261,16251;16253,2,0,0,0,0,0,0,0,0,0,0,0,0,0,0,0,0,0,0,0,0,0,0,0,0,0,0,0,0,0,0,0,0,0,0,0,0,0,0,0,0,0,0,0,0,0,0,0,0,,,,,,,,,,,,,,,,,,,,,,,,,,,,,,,,,,,,,,,,,,,,,,,,
16253,800,16252,16316,,0,0,0,0,0,0,0,0,0,0,0,0,0,0,0,0,0,1,1,0,0,0,0,0,0,0,0,0,0,0,0,0,0,0,0,0,0,0,0,0,0,0,0,0,0,0,0,0,0,,,,,,,,,,,,,,,,,,,,,,,,,,,,,,,,,,,,,,,,,,,,,,,,
16254,4400,16360,,16362,1,34,34,35,35,24,24,26,26,31,31,34,34,93,93,1033,1033,1204,1204,1104,1104,1020,1020,1010,1010,922,922,958,958,984,984,1034,1034,1068,1068,1124,1124,1040,1040,262,262,168,168,114,114,82,82,42,42,,,,,,,,,,,,,,,,,,,,,,,,,,,,,,,,,,,,,,,,,,,,,,,,
16255,1200,16366,16250,,0,0,0,0,0,0,0,0,0,0,0,0,0,0,0,1,1,2,2,1,1,1,1,1,1,1,1,1,1,1,1,1,1,1,1,1,1,1,1,1,1,0,0,0,0,0,0,0,0,,,,,,,,,,,,,,,,,,,,,,,,,,,,,,,,,,,,,,,,,,,,,,,,
16256,1200,16206,16346,,0,0,0,0,0,0,0,0,0,0,0,0,0,0,0,2,2,2,2,2,2,2,2,2,2,1,1,1,1,1,1,2,2,2,2,2,2,2,2,1,1,0,0,0,0,0,0,0,0,,,,,,,,,,,,,,,,,,,,,,,,,,,,,,,,,,,,,,,,,,,,,,,,
16257,800,16341,16365,16359;16290,2,0,0,0,0,0,0,0,0,0,0,0,0,1,1,4,4,5,5,4,4,4,4,4,4,4,4,4,4,4,4,4,4,4,4,4,4,4,4,2,2,1,1,1,1,0,0,0,0,,,,,,,,,,,,,,,,,,,,,,,,,,,,,,,,,,,,,,,,,,,,,,,,
16258,1200,16162,16338,,0,0,0,0,0,0,0,0,0,0,0,0,0,0,0,2,2,2,2,2,2,2,2,2,2,2,2,2,2,2,2,2,2,2,2,2,2,2,2,1,1,1,1,0,0,0,0,0,0,,,,,,,,,,,,,,,,,,,,,,,,,,,,,,,,,,,,,,,,,,,,,,,,
16259,800,16314,16249,,0,0,0,0,0,0,0,0,0,0,0,0,0,0,0,0,0,0,0,0,0,0,0,0,0,0,0,0,0,0,0,0,0,0,0,0,0,0,0,0,0,0,0,0,0,0,0,0,0,,,,,,,,,,,,,,,,,,,,,,,,,,,,,,,,,,,,,,,,,,,,,,,,
16260,1200,16342,16262,,0,0,0,0,0,0,0,0,0,0,0,0,0,0,0,2,2,2,2,2,2,2,2,2,2,2,2,2,2,2,2,2,2,2,2,2,2,2,2,1,1,1,1,0,0,0,0,0,0,,,,,,,,,,,,,,,,,,,,,,,,,,,,,,,,,,,,,,,,,,,,,,,,
16261,300,16252,16312,,0,0,0,0,0,0,0,0,0,0,0,0,0,0,0,0,0,0,0,0,0,0,0,0,0,0,0,0,0,0,0,0,0,0,0,0,0,0,0,0,0,0,0,0,0,0,0,0,0,,,,,,,,,,,,,,,,,,,,,,,,,,,,,,,,,,,,,,,,,,,,,,,,
16262,1200,16267,16260,16329;tran_f0239265-1979-4236-ae89-273ed82e07e7,2,0,0,0,0,0,0,0,0,0,0,0,0,0,0,1,1,1,1,1,1,1,1,1,1,1,1,1,1,1,1,1,1,1,1,1,1,1,1,0,0,0,0,0,0,0,0,0,0,,,,,,,,,,,,,,,,,,,,,,,,,,,,,,,,,,,,,,,,,,,,,,,,
16263,1200,16306,16310,,0,0,0,0,0,0,0,0,0,0,0,0,0,0,0,1,1,1,1,1,1,1,1,1,1,1,1,1,1,1,1,1,1,1,1,1,1,1,1,0,0,0,0,0,0,0,0,0,0,,,,,,,,,,,,,,,,,,,,,,,,,,,,,,,,,,,,,,,,,,,,,,,,
16264,800,16308,16268,,0,0,0,0,0,0,0,0,0,0,0,0,0,0,0,1,1,1,1,1,1,1,1,1,1,1,1,1,1,1,1,1,1,1,1,1,1,1,1,0,0,0,0,0,0,0,0,0,0,,,,,,,,,,,,,,,,,,,,,,,,,,,,,,,,,,,,,,,,,,,,,,,,
16265,800,16222,16304,,0,0,0,0,0,0,0,0,0,0,0,0,0,0,0,2,2,2,2,2,2,2,2,1,1,1,1,1,1,1,1,1,1,1,1,2,2,1,1,1,1,0,0,0,0,0,0,0,0,,,,,,,,,,,,,,,,,,,,,,,,,,,,,,,,,,,,,,,,,,,,,,,,
16266,3000,16273,16219,,0,67,67,70,70,49,49,53,53,62,62,67,67,186,186,910,910,1134,1134,1023,1023,977,977,900,900,812,812,861,861,864,864,851,851,886,886,939,939,854,854,524,524,336,336,227,227,165,165,84,84,,,,,,,,,,,,,,,,,,,,,,,,,,,,,,,,,,,,,,,,,,,,,,,,
16267,800,16262,16314,,0,0,0,0,0,0,0,0,0,0,0,0,0,0,0,1,1,1,1,1,1,1,1,1,1,0,0,1,1,1,1,1,1,1,1,1,1,1,1,0,0,0,0,0,0,0,0,0,0,,,,,,,,,,,,,,,,,,,,,,,,,,,,,,,,,,,,,,,,,,,,,,,,
16268,800,16305,16271,16264;16287,2,0,0,0,0,0,0,0,0,0,0,0,0,0,0,1,1,2,2,1,1,1,1,1,1,1,1,1,1,1,1,1,1,1,1,1,1,1,1,1,1,0,0,0,0,0,0,0,0,,,,,,,,,,,,,,,,,,,,,,,,,,,,,,,,,,,,,,,,,,,,,,,,
16269,800,16223,16276,,0,0,0,0,0,0,0,0,0,0,0,0,0,0,0,2,2,2,2,2,2,2,2,1,1,1,1,1,1,1,1,1,1,1,1,2,2,1,1,1,1,0,0,0,0,0,0,0,0,,,,,,,,,,,,,,,,,,,,,,,,,,,,,,,,,,,,,,,,,,,,,,,,
16270,1200,16225,16277,,0,0,0,0,0,0,0,0,0,0,0,0,0,0,0,1,1,1,1,1,1,1,1,1,1,1,1,1,1,1,1,1,1,1,1,1,1,1,1,1,1,0,0,0,0,0,0,0,0,,,,,,,,,,,,,,,,,,,,,,,,,,,,,,,,,,,,,,,,,,,,,,,,
16271,800,16268,16304,,0,0,0,0,0,0,0,0,0,0,0,0,0,0,0,2,2,2,2,2,2,2,2,2,2,1,1,1,1,2,2,2,2,2,2,2,2,2,2,1,1,0,0,0,0,0,0,0,0,,,,,,,,,,,,,,,,,,,,,,,,,,,,,,,,,,,,,,,,,,,,,,,,
16272,1200,16228,16280,,0,0,0,0,0,0,0,0,0,0,0,0,0,0,0,1,1,1,1,1,1,1,1,1,1,1,1,1,1,1,1,1,1,1,1,1,1,1,1,0,0,0,0,0,0,0,0,0,0,,,,,,,,,,,,,,,,,,,,,,,,,,,,,,,,,,,,,,,,,,,,,,,,
16273,800,16274,16301,16266;16288,2,0,0,0,0,0,0,0,0,0,0,0,0,0,0,1,1,2,2,2,2,2,2,1,1,1,1,1,1,1,1,1,1,1,1,2,2,1,1,1,1,0,0,0,0,0,0,0,0,,,,,,,,,,,,,,,,,,,,,,,,,,,,,,,,,,,,,,,,,,,,,,,,
16274,800,16273,16276,,0,0,0,0,0,0,0,0,0,0,0,0,0,0,0,2,2,2,2,2,2,2,2,2,2,2,2,2,2,2,2,2,2,2,2,2,2,2,2,1,1,1,1,0,0,0,0,0,0,,,,,,,,,,,,,,,,,,,,,,,,,,,,,,,,,,,,,,,,,,,,,,,,
16275,800,16276,16277,,0,0,0,0,0,0,0,0,0,0,0,0,0,0,0,2,2,2,2,2,2,2,2,2,2,2,2,2,2,2,2,2,2,2,2,2,2,2,2,1,1,1,1,0,0,0,0,0,0,,,,,,,,,,,,,,,,,,,,,,,,,,,,,,,,,,,,,,,,,,,,,,,,
16276,1650,16269,tran_b5fc653f-36ff-445a-b699-49203460d636,16274;16275,2,67,67,70,70,49,49,53,53,62,62,67,67,186,186,910,910,1134,1134,1023,1023,977,977,900,900,812,812,861,861,864,864,851,851,886,886,939,939,854,854,524,524,336,336,227,227,165,165,84,84,,,,,,,,,,,,,,,,,,,,,,,,,,,,,,,,,,,,,,,,,,,,,,,,
16277,1200,16278,16275,16270;tran_8f226781-31e0-412d-a9a3-2f8776e7994b,2,0,0,0,0,0,0,0,0,0,0,0,0,0,0,2,2,2,2,2,2,2,2,2,2,2,2,2,2,2,2,2,2,2,2,2,2,2,2,1,1,1,1,0,0,0,0,0,0,,,,,,,,,,,,,,,,,,,,,,,,,,,,,,,,,,,,,,,,,,,,,,,,
16278,800,16280,16277,,0,0,0,0,0,0,0,0,0,0,0,0,0,0,0,1,1,2,2,2,2,1,1,1,1,1,1,1,1,1,1,1,1,1,1,1,1,1,1,1,1,0,0,0,0,0,0,0,0,,,,,,,,,,,,,,,,,,,,,,,,,,,,,,,,,,,,,,,,,,,,,,,,
16279,2000,16157,16300,,0,67,67,70,70,49,49,53,53,62,62,67,67,186,186,910,910,1134,1134,1023,1023,977,977,900,900,812,812,861,861,864,864,851,851,886,886,939,939,854,854,524,524,336,336,227,227,165,165,84,84,,,,,,,,,,,,,,,,,,,,,,,,,,,,,,,,,,,,,,,,,,,,,,,,
16280,1600,16282,16278,16272;tran_0b7c6932-f4a2-4669-ad14-f76ff4093bd6,2,0,0,0,0,0,0,0,0,0,0,0,0,0,0,1,1,1,1,1,1,1,1,1,1,1,1,1,1,1,1,1,1,1,1,1,1,1,1,0,0,0,0,0,0,0,0,0,0,,,,,,,,,,,,,,,,,,,,,,,,,,,,,,,,,,,,,,,,,,,,,,,,
16281,800,16282,16283,16295;16293,2,0,0,0,0,0,0,0,0,0,0,0,0,0,0,0,0,1,1,1,1,0,0,0,0,0,0,0,0,0,0,0,0,0,0,0,0,0,0,0,0,0,0,0,0,0,0,0,0,,,,,,,,,,,,,,,,,,,,,,,,,,,,,,,,,,,,,,,,,,,,,,,,
16282,800,16281,16280,,0,0,0,0,0,0,0,0,0,0,0,0,0,0,0,1,1,1,1,1,1,1,1,1,1,1,1,1,1,1,1,1,1,1,1,1,1,1,1,0,0,0,0,0,0,0,0,0,0,,,,,,,,,,,,,,,,,,,,,,,,,,,,,,,,,,,,,,,,,,,,,,,,
16283,400,16281,6372,,0,0,0,0,0,0,0,0,0,0,0,0,0,0,0,4,4,4,4,4,4,4,4,4,4,4,4,3,3,4,4,4,4,4,4,4,4,4,4,2,2,1,1,1,1,0,0,0,0,,,,,,,,,,,,,,,,,,,,,,,,,,,,,,,,,,,,,,,,,,,,,,,,
16284,300,16294,6370,,0,0,0,0,0,0,0,0,0,0,0,0,0,0,0,4,4,4,4,4,4,4,4,4,4,4,4,3,3,4,4,4,4,4,4,4,4,4,4,2,2,1,1,1,1,0,0,0,0,,,,,,,,,,,,,,,,,,,,,,,,,,,,,,,,,,,,,,,,,,,,,,,,
16285,1200,16448,,,0,0,0,0,0,0,0,0,0,0,0,0,0,1,1,4,4,4,4,4,4,4,4,4,4,3,3,3,3,4,4,4,4,4,4,4,4,4,4,2,2,1,1,1,1,0,0,0,0,,,,,,,,,,,,,,,,,,,,,,,,,,,,,,,,,,,,,,,,,,,,,,,,
16286,4400,16250,tran_1a28768b-c9d5-4887-9a1a-3578be333f1b,,0,67,67,70,70,49,49,53,53,62,62,67,67,186,186,910,910,1134,1134,1023,1023,977,977,900,900,812,812,861,861,864,864,851,851,886,886,939,939,854,854,524,524,336,336,227,227,165,165,84,84,,,,,,,,,,,,,,,,,,,,,,,,,,,,,,,,,,,,,,,,,,,,,,,,
16287,4400,16268,tran_d16fba1c-e48a-4369-a87e-75fdc154b132,,0,67,67,70,70,49,49,53,53,62,62,67,67,186,186,910,910,1134,1134,1023,1023,977,977,900,900,812,812,861,861,864,864,851,851,886,886,939,939,854,854,524,524,336,336,227,227,165,165,84,84,,,,,,,,,,,,,,,,,,,,,,,,,,,,,,,,,,,,,,,,,,,,,,,,
16288,4400,16273,tran_296b0a88-bbc4-4916-a551-297d6c4115e8,,0,67,67,70,70,49,49,53,53,62,62,67,67,186,186,910,910,1134,1134,1023,1023,977,977,900,900,812,812,861,861,864,864,851,851,886,886,939,939,854,854,524,524,336,336,227,227,165,165,84,84,,,,,,,,,,,,,,,,,,,,,,,,,,,,,,,,,,,,,,,,,,,,,,,,
16289,4400,16302,tran_1ba3f774-8835-4e09-bd0c-544a2d2fae47,,0,67,67,70,70,49,49,53,53,62,62,67,67,186,186,910,910,1134,1134,1023,1023,977,977,900,900,812,812,861,861,864,864,851,851,886,886,939,939,854,854,524,524,336,336,227,227,165,165,84,84,,,,,,,,,,,,,,,,,,,,,,,,,,,,,,,,,,,,,,,,,,,,,,,,
16290,4400,tran_e9da2025-37aa-4d64-be85-00ead90d3fc6,16257,,0,34,34,35,35,24,24,26,26,31,31,34,34,93,93,1033,1033,1204,1204,1104,1104,1020,1020,1010,1010,922,922,958,958,984,984,1034,1034,1068,1068,1124,1124,1040,1040,262,262,168,168,114,114,82,82,42,42,,,,,,,,,,,,,,,,,,,,,,,,,,,,,,,,,,,,,,,,,,,,,,,,
16291,4000,,16452,,0,44,44,45,45,32,32,34,34,40,40,44,44,122,122,967,967,1118,1118,1048,1048,1018,1018,940,940,881,881,886,886,916,916,935,935,947,947,1007,1007,945,945,387,387,243,243,159,159,116,116,62,62,,,,,,,,,,,,,,,,,,,,,,,,,,,,,,,,,,,,,,,,,,,,,,,,
16292,1200,,15932,,0,4,4,4,4,3,3,3,3,4,4,4,4,12,12,57,57,71,71,64,64,61,61,56,56,51,51,54,54,54,54,53,53,55,55,59,59,53,53,33,33,21,21,14,14,10,10,5,5,,,,,,,,,,,,,,,,,,,,,,,,,,,,,,,,,,,,,,,,,,,,,,,,
16293,1200,16294,16281,,0,0,0,0,0,0,0,0,0,0,0,0,0,0,0,0,0,1,1,1,1,0,0,0,0,0,0,0,0,0,0,0,0,0,0,0,0,0,0,0,0,0,0,0,0,0,0,0,0,,,,,,,,,,,,,,,,,,,,,,,,,,,,,,,,,,,,,,,,,,,,,,,,
16294,600,tran_6ed0cd64-624a-4bda-b6a2-175587de6718,16284,16293,1,0,0,0,0,0,0,0,0,0,0,0,0,0,0,0,0,1,1,1,1,0,0,0,0,0,0,0,0,0,0,0,0,0,0,0,0,0,0,0,0,0,0,0,0,0,0,0,0,,,,,,,,,,,,,,,,,,,,,,,,,,,,,,,,,,,,,,,,,,,,,,,,
16295,1200,16281,16296,,0,0,0,0,0,0,0,0,0,0,0,0,0,0,0,0,0,1,1,0,0,0,0,0,0,0,0,0,0,0,0,0,0,0,0,0,0,0,0,0,0,0,0,0,0,0,0,0,0,,,,,,,,,,,,,,,,,,,,,,,,,,,,,,,,,,,,,,,,,,,,,,,,
16296,1600,16295,6251,16297,1,0,0,0,0,0,0,0,0,0,0,0,0,0,0,1,1,1,1,1,1,1,1,1,1,1,1,1,1,1,1,1,1,1,1,1,1,1,1,0,0,0,0,0,0,0,0,0,0,,,,,,,,,,,,,,,,,,,,,,,,,,,,,,,,,,,,,,,,,,,,,,,,
16297,1600,16298,16296,,0,0,0,0,0,0,0,0,0,0,0,0,0,0,0,1,1,1,1,1,1,1,1,1,1,1,1,1,1,1,1,1,1,1,1,1,1,1,1,0,0,0,0,0,0,0,0,0,0,,,,,,,,,,,,,,,,,,,,,,,,,,,,,,,,,,,,,,,,,,,,,,,,
16298,300,,16229,16299;16297,2,0,0,0,0,0,0,0,0,0,0,0,0,0,0,1,1,1,1,1,1,1,1,1,1,1,1,1,1,1,1,1,1,1,1,1,1,1,1,1,1,0,0,0,0,0,0,0,0,,,,,,,,,,,,,,,,,,,,,,,,,,,,,,,,,,,,,,,,,,,,,,,,
16299,1200,16298,16300,,0,0,0,0,0,0,0,0,0,0,0,0,0,0,0,1,1,2,2,2,2,1,1,1,1,1,1,1,1,1,1,1,1,1,1,1,1,1,1,1,1,0,0,0,0,0,0,0,0,,,,,,,,,,,,,,,,,,,,,,,,,,,,,,,,,,,,,,,,,,,,,,,,
163,2000,9762,142,,0,44,44,46,46,32,32,34,34,40,40,44,44,122,122,1037,1037,1195,1195,1144,1144,1114,1114,1024,1024,952,952,976,976,977,977,1009,1009,1021,1021,1079,1079,999,999,376,376,237,237,157,157,114,114,60,60,,,,,,,,,,,,,,,,,,,,,,,,,,,,,,,,,,,,,,,,,,,,,,,,
16300,300,6236,16299,16279,1,0,0,0,0,0,0,0,0,0,0,0,0,0,0,2,2,2,2,2,2,2,2,2,2,2,2,2,2,2,2,2,2,2,2,2,2,2,2,1,1,1,1,0,0,0,0,0,0,,,,,,,,,,,,,,,,,,,,,,,,,,,,,,,,,,,,,,,,,,,,,,,,
16301,800,16302,16273,,0,0,0,0,0,0,0,0,0,0,0,0,0,0,0,2,2,2,2,2,2,2,2,2,2,1,1,2,2,2,2,2,2,2,2,2,2,2,2,1,1,0,0,0,0,0,0,0,0,,,,,,,,,,,,,,,,,,,,,,,,,,,,,,,,,,,,,,,,,,,,,,,,
16302,600,16289,16301,16303,1,0,0,0,0,0,0,0,0,0,0,0,0,0,0,2,2,2,2,2,2,2,2,2,2,1,1,2,2,2,2,2,2,2,2,2,2,2,2,1,1,0,0,0,0,0,0,0,0,,,,,,,,,,,,,,,,,,,,,,,,,,,,,,,,,,,,,,,,,,,,,,,,
16303,300,16302,16304,,0,0,0,0,0,0,0,0,0,0,0,0,0,0,0,2,2,2,2,2,2,2,2,2,2,2,2,2,2,2,2,2,2,2,2,2,2,2,2,1,1,0,0,0,0,0,0,0,0,,,,,,,,,,,,,,,,,,,,,,,,,,,,,,,,,,,,,,,,,,,,,,,,
16304,800,16303,16271,16265,1,0,0,0,0,0,0,0,0,0,0,0,0,0,0,2,2,2,2,2,2,2,2,2,2,2,2,2,2,2,2,2,2,2,2,2,2,2,2,1,1,0,0,0,0,0,0,0,0,,,,,,,,,,,,,,,,,,,,,,,,,,,,,,,,,,,,,,,,,,,,,,,,
16305,800,16268,16306,,0,0,0,0,0,0,0,0,0,0,0,0,0,0,0,1,1,1,1,1,1,1,1,1,1,1,1,1,1,1,1,1,1,1,1,1,1,1,1,0,0,0,0,0,0,0,0,0,0,,,,,,,,,,,,,,,,,,,,,,,,,,,,,,,,,,,,,,,,,,,,,,,,
16306,600,tran_c037efc6-633a-4a68-a7fc-e3b448f83244,16311,16263;16305,2,0,0,0,0,0,0,0,0,0,0,0,0,0,0,1,1,1,1,1,1,1,1,1,1,1,1,1,1,1,1,1,1,1,1,1,1,1,1,0,0,0,0,0,0,0,0,0,0,,,,,,,,,,,,,,,,,,,,,,,,,,,,,,,,,,,,,,,,,,,,,,,,
16307,800,16308,16212,,0,0,0,0,0,0,0,0,0,0,0,0,0,0,0,1,1,1,1,1,1,1,1,1,1,1,1,1,1,1,1,1,1,1,1,1,1,1,1,0,0,0,0,0,0,0,0,0,0,,,,,,,,,,,,,,,,,,,,,,,,,,,,,,,,,,,,,,,,,,,,,,,,
16308,1200,16307,16264,16239,1,0,0,0,0,0,0,0,0,0,0,0,0,0,0,1,1,1,1,1,1,1,1,1,1,1,1,1,1,1,1,1,1,1,1,1,1,1,1,0,0,0,0,0,0,0,0,0,0,,,,,,,,,,,,,,,,,,,,,,,,,,,,,,,,,,,,,,,,,,,,,,,,
16309,800,16310,16214,,0,0,0,0,0,0,0,0,0,0,0,0,0,0,0,1,1,1,1,1,1,1,1,1,1,1,1,1,1,1,1,1,1,1,1,1,1,1,1,0,0,0,0,0,0,0,0,0,0,,,,,,,,,,,,,,,,,,,,,,,,,,,,,,,,,,,,,,,,,,,,,,,,
16310,800,16263,16309,16317,1,0,0,0,0,0,0,0,0,0,0,0,0,0,0,1,1,1,1,1,1,1,1,1,1,1,1,1,1,1,1,1,1,1,1,1,1,1,1,0,0,0,0,0,0,0,0,0,0,,,,,,,,,,,,,,,,,,,,,,,,,,,,,,,,,,,,,,,,,,,,,,,,
16311,800,16312,16306,,0,0,0,0,0,0,0,0,0,0,0,0,0,0,0,1,1,1,1,1,1,1,1,1,1,1,1,1,1,1,1,1,1,1,1,1,1,1,1,0,0,0,0,0,0,0,0,0,0,,,,,,,,,,,,,,,,,,,,,,,,,,,,,,,,,,,,,,,,,,,,,,,,
16312,300,16311,16261,16313,1,0,0,0,0,0,0,0,0,0,0,0,0,0,0,0,0,1,1,0,0,0,0,0,0,0,0,0,0,0,0,0,0,0,0,0,0,0,0,0,0,0,0,0,0,0,0,0,0,,,,,,,,,,,,,,,,,,,,,,,,,,,,,,,,,,,,,,,,,,,,,,,,
16313,800,16314,16312,,0,0,0,0,0,0,0,0,0,0,0,0,0,0,0,0,0,0,0,0,0,0,0,0,0,0,0,0,0,0,0,0,0,0,0,0,0,0,0,0,0,0,0,0,0,0,0,0,0,,,,,,,,,,,,,,,,,,,,,,,,,,,,,,,,,,,,,,,,,,,,,,,,
16314,800,16313,16267,16259,1,0,0,0,0,0,0,0,0,0,0,0,0,0,0,0,0,0,0,0,0,0,0,0,0,0,0,0,0,0,0,0,0,0,0,0,0,0,0,0,0,0,0,0,0,0,0,0,0,,,,,,,,,,,,,,,,,,,,,,,,,,,,,,,,,,,,,,,,,,,,,,,,
16315,800,,16316,,0,0,0,0,0,0,0,0,0,0,0,0,0,0,0,1,1,1,1,1,1,1,1,1,1,0,0,1,1,1,1,1,1,1,1,1,1,1,1,0,0,0,0,0,0,0,0,0,0,,,,,,,,,,,,,,,,,,,,,,,,,,,,,,,,,,,,,,,,,,,,,,,,
16316,800,16315,16253,16246,1,0,0,0,0,0,0,0,0,0,0,0,0,0,0,1,1,1,1,1,1,1,1,1,1,0,0,0,0,0,0,0,0,0,0,1,1,0,0,0,0,0,0,0,0,0,0,0,0,,,,,,,,,,,,,,,,,,,,,,,,,,,,,,,,,,,,,,,,,,,,,,,,
16317,800,16310,16318,,0,0,0,0,0,0,0,0,0,0,0,0,0,0,0,0,0,1,1,1,1,1,1,0,0,0,0,0,0,0,0,0,0,0,0,1,1,0,0,0,0,0,0,0,0,0,0,0,0,,,,,,,,,,,,,,,,,,,,,,,,,,,,,,,,,,,,,,,,,,,,,,,,
16318,800,16317,16238,16246,1,0,0,0,0,0,0,0,0,0,0,0,0,0,0,0,0,0,0,0,0,0,0,0,0,0,0,0,0,0,0,0,0,0,0,0,0,0,0,0,0,0,0,0,0,0,0,0,0,,,,,,,,,,,,,,,,,,,,,,,,,,,,,,,,,,,,,,,,,,,,,,,,
16319,800,16214,16320,,0,0,0,0,0,0,0,0,0,0,0,0,0,0,0,1,1,1,1,1,1,1,1,1,1,1,1,1,1,1,1,1,1,1,1,1,1,1,1,0,0,0,0,0,0,0,0,0,0,,,,,,,,,,,,,,,,,,,,,,,,,,,,,,,,,,,,,,,,,,,,,,,,
16320,800,16319,16203,16186,1,0,0,0,0,0,0,0,0,0,0,0,0,0,0,1,1,1,1,1,1,1,1,1,1,1,1,1,1,1,1,1,1,1,1,1,1,1,1,0,0,0,0,0,0,0,0,0,0,,,,,,,,,,,,,,,,,,,,,,,,,,,,,,,,,,,,,,,,,,,,,,,,
16321,800,16322,16180,,0,0,0,0,0,0,0,0,0,0,0,0,0,0,0,894,894,944,944,1009,1009,988,988,917,917,851,851,900,900,826,826,926,926,922,922,952,952,857,857,0,0,0,0,0,0,0,0,0,0,,,,,,,,,,,,,,,,,,,,,,,,,,,,,,,,,,,,,,,,,,,,,,,,
16322,400,16163,16173,16160;16321,2,0,0,0,0,0,0,0,0,0,0,0,0,0,0,2,2,2,2,2,2,2,2,2,2,2,2,2,2,2,2,2,2,2,2,2,2,2,2,1,1,1,1,0,0,0,0,0,0,,,,,,,,,,,,,,,,,,,,,,,,,,,,,,,,,,,,,,,,,,,,,,,,
16323,1200,16130,16326,,0,0,0,0,0,0,0,0,0,0,0,0,0,0,0,2,2,2,2,2,2,2,2,2,2,1,1,1,1,2,2,2,2,2,2,2,2,2,2,1,1,0,0,0,0,0,0,0,0,,,,,,,,,,,,,,,,,,,,,,,,,,,,,,,,,,,,,,,,,,,,,,,,
16324,1200,16325,16327,16173,1,0,0,0,0,0,0,0,0,0,0,0,0,0,0,2,2,2,2,2,2,2,2,2,2,1,1,1,1,1,1,1,1,2,2,2,2,1,1,1,1,0,0,0,0,0,0,0,0,,,,,,,,,,,,,,,,,,,,,,,,,,,,,,,,,,,,,,,,,,,,,,,,
16325,300,16326,16324,,0,0,0,0,0,0,0,0,0,0,0,0,0,0,0,2,2,2,2,2,2,2,2,2,2,1,1,1,1,1,1,2,2,2,2,2,2,2,2,1,1,0,0,0,0,0,0,0,0,,,,,,,,,,,,,,,,,,,,,,,,,,,,,,,,,,,,,,,,,,,,,,,,
16326,1200,16323,16127,16325,1,0,0,0,0,0,0,0,0,0,0,0,0,0,0,2,2,2,2,2,2,2,2,2,2,1,1,2,2,2,2,2,2,2,2,2,2,2,2,1,1,0,0,0,0,0,0,0,0,,,,,,,,,,,,,,,,,,,,,,,,,,,,,,,,,,,,,,,,,,,,,,,,
16327,1200,16328,16324,,0,0,0,0,0,0,0,0,0,0,0,0,0,0,0,1,1,2,2,2,2,2,2,1,1,1,1,1,1,1,1,1,1,1,1,1,1,1,1,1,1,0,0,0,0,0,0,0,0,,,,,,,,,,,,,,,,,,,,,,,,,,,,,,,,,,,,,,,,,,,,,,,,
16328,1200,16327,16134,16409,1,33,33,31,31,22,22,23,23,26,26,31,31,88,88,1055,1055,1119,1119,1058,1058,1080,1080,966,966,980,980,861,861,1008,1008,1021,1021,988,988,1080,1080,1096,1096,421,421,249,249,150,150,110,110,68,68,,,,,,,,,,,,,,,,,,,,,,,,,,,,,,,,,,,,,,,,,,,,,,,,
16329,1200,16262,16330,,0,0,0,0,0,0,0,0,0,0,0,0,0,0,0,1,1,1,1,1,1,1,1,1,1,1,1,1,1,1,1,1,1,1,1,1,1,1,1,0,0,0,0,0,0,0,0,0,0,,,,,,,,,,,,,,,,,,,,,,,,,,,,,,,,,,,,,,,,,,,,,,,,
16330,1200,16329,16245,16331,1,0,0,0,0,0,0,0,0,0,0,0,0,0,0,1,1,1,1,1,1,1,1,1,1,1,1,1,1,1,1,1,1,1,1,1,1,1,1,0,0,0,0,0,0,0,0,0,0,,,,,,,,,,,,,,,,,,,,,,,,,,,,,,,,,,,,,,,,,,,,,,,,
16331,1200,16330,16332,,0,0,0,0,0,0,0,0,0,0,0,0,0,0,0,1,1,1,1,1,1,1,1,1,1,1,1,1,1,1,1,1,1,1,1,1,1,1,1,0,0,0,0,0,0,0,0,0,0,,,,,,,,,,,,,,,,,,,,,,,,,,,,,,,,,,,,,,,,,,,,,,,,
16332,1200,16232,16331,16333,1,0,0,0,0,0,0,0,0,0,0,0,0,0,0,1,1,1,1,1,1,1,1,1,1,1,1,1,1,1,1,1,1,1,1,1,1,1,1,0,0,0,0,0,0,0,0,0,0,,,,,,,,,,,,,,,,,,,,,,,,,,,,,,,,,,,,,,,,,,,,,,,,
16333,1600,16332,16334,,0,0,0,0,0,0,0,0,0,0,0,0,0,0,0,1,1,1,1,1,1,1,1,1,1,1,1,1,1,1,1,1,1,1,1,1,1,1,1,0,0,0,0,0,0,0,0,0,0,,,,,,,,,,,,,,,,,,,,,,,,,,,,,,,,,,,,,,,,,,,,,,,,
16334,1600,16335,16333,16218,1,0,0,0,0,0,0,0,0,0,0,0,0,0,0,1,1,1,1,1,1,1,1,1,1,1,1,1,1,1,1,1,1,1,1,1,1,1,1,0,0,0,0,0,0,0,0,0,0,,,,,,,,,,,,,,,,,,,,,,,,,,,,,,,,,,,,,,,,,,,,,,,,
16335,1200,16334,16336,,0,0,0,0,0,0,0,0,0,0,0,0,0,0,0,1,1,1,1,1,1,1,1,1,1,1,1,1,1,1,1,1,1,1,1,1,1,1,1,0,0,0,0,0,0,0,0,0,0,,,,,,,,,,,,,,,,,,,,,,,,,,,,,,,,,,,,,,,,,,,,,,,,
16336,800,16335,16200,16337,1,0,0,0,0,0,0,0,0,0,0,0,0,0,0,1,1,1,1,1,1,1,1,1,1,1,1,1,1,1,1,1,1,1,1,1,1,1,1,1,1,0,0,0,0,0,0,0,0,,,,,,,,,,,,,,,,,,,,,,,,,,,,,,,,,,,,,,,,,,,,,,,,
16337,1200,16336,16338,,0,0,0,0,0,0,0,0,0,0,0,0,0,0,0,1,1,2,2,2,2,2,2,1,1,1,1,1,1,1,1,1,1,1,1,1,1,1,1,1,1,0,0,0,0,0,0,0,0,,,,,,,,,,,,,,,,,,,,,,,,,,,,,,,,,,,,,,,,,,,,,,,,
16338,1200,16337,16179,16258,1,0,0,0,0,0,0,0,0,0,0,0,0,0,0,2,2,2,2,2,2,2,2,2,2,2,2,2,2,2,2,2,2,2,2,2,2,2,2,1,1,1,1,0,0,0,0,0,0,,,,,,,,,,,,,,,,,,,,,,,,,,,,,,,,,,,,,,,,,,,,,,,,
16339,800,16206,16340,,0,0,0,0,0,0,0,0,0,0,0,0,0,0,0,2,2,2,2,2,2,2,2,2,2,2,2,2,2,2,2,2,2,2,2,2,2,2,2,1,1,1,1,0,0,0,0,0,0,,,,,,,,,,,,,,,,,,,,,,,,,,,,,,,,,,,,,,,,,,,,,,,,
16340,600,,16199,16339;16218,2,0,0,0,0,0,0,0,0,0,0,0,0,0,0,2,2,2,2,2,2,2,2,2,2,2,2,2,2,2,2,2,2,2,2,2,2,2,2,1,1,1,1,0,0,0,0,0,0,,,,,,,,,,,,,,,,,,,,,,,,,,,,,,,,,,,,,,,,,,,,,,,,
16341,800,16257,16342,,0,0,0,0,0,0,0,0,0,0,0,0,0,0,0,2,2,3,3,2,2,2,2,2,2,2,2,2,2,2,2,2,2,2,2,2,2,2,2,1,1,1,1,0,0,0,0,0,0,,,,,,,,,,,,,,,,,,,,,,,,,,,,,,,,,,,,,,,,,,,,,,,,
16342,800,16341,16260,16343,1,0,0,0,0,0,0,0,0,0,0,0,0,0,0,2,2,2,2,2,2,2,2,2,2,1,1,1,1,1,1,2,2,2,2,2,2,2,2,1,1,0,0,0,0,0,0,0,0,,,,,,,,,,,,,,,,,,,,,,,,,,,,,,,,,,,,,,,,,,,,,,,,
16343,1200,16342,16344,,0,0,0,0,0,0,0,0,0,0,0,0,0,0,0,2,2,2,2,2,2,2,2,2,2,1,1,1,1,2,2,2,2,2,2,2,2,2,2,1,1,0,0,0,0,0,0,0,0,,,,,,,,,,,,,,,,,,,,,,,,,,,,,,,,,,,,,,,,,,,,,,,,
16344,300,,16241,16345;16343,2,0,0,0,0,0,0,0,0,0,0,0,0,0,0,2,2,2,2,2,2,2,2,2,2,1,1,1,1,1,1,2,2,2,2,2,2,2,2,1,1,0,0,0,0,0,0,0,0,,,,,,,,,,,,,,,,,,,,,,,,,,,,,,,,,,,,,,,,,,,,,,,,
16345,1200,16344,16346,,0,0,0,0,0,0,0,0,0,0,0,0,0,0,0,2,2,2,2,2,2,2,2,2,2,1,1,1,1,1,1,2,2,2,2,2,2,2,2,1,1,0,0,0,0,0,0,0,0,,,,,,,,,,,,,,,,,,,,,,,,,,,,,,,,,,,,,,,,,,,,,,,,
16346,300,16234,16256,16345,1,0,0,0,0,0,0,0,0,0,0,0,0,0,0,2,2,2,2,2,2,2,2,2,2,1,1,1,1,1,1,2,2,2,2,2,2,2,2,1,1,0,0,0,0,0,0,0,0,,,,,,,,,,,,,,,,,,,,,,,,,,,,,,,,,,,,,,,,,,,,,,,,
16347,800,16348,16206,,0,0,0,0,0,0,0,0,0,0,0,0,0,0,0,2,2,2,2,2,2,2,2,1,1,1,1,1,1,1,1,1,1,2,2,2,2,2,2,1,1,0,0,0,0,0,0,0,0,,,,,,,,,,,,,,,,,,,,,,,,,,,,,,,,,,,,,,,,,,,,,,,,
16348,1600,16347,16349,16353,1,53,53,55,55,38,38,42,42,48,48,53,53,146,146,715,715,891,891,804,804,768,768,707,707,638,638,676,676,679,679,669,669,696,696,738,738,671,671,411,411,264,264,178,178,130,130,66,66,,,,,,,,,,,,,,,,,,,,,,,,,,,,,,,,,,,,,,,,,,,,,,,,
16349,1200,16350,16348,,0,53,53,55,55,38,38,42,42,48,48,53,53,146,146,715,715,891,891,804,804,768,768,707,707,638,638,676,676,679,679,669,669,696,696,738,738,671,671,411,411,264,264,178,178,130,130,66,66,,,,,,,,,,,,,,,,,,,,,,,,,,,,,,,,,,,,,,,,,,,,,,,,
16350,1200,16198,16349,16166,1,0,0,0,0,0,0,0,0,0,0,0,0,0,0,2,2,2,2,2,2,2,2,2,2,2,2,2,2,2,2,2,2,2,2,2,2,2,2,1,1,1,1,0,0,0,0,0,0,,,,,,,,,,,,,,,,,,,,,,,,,,,,,,,,,,,,,,,,,,,,,,,,
16351,800,16422,16352,,0,0,0,0,0,0,0,0,0,0,0,0,0,0,0,2,2,2,2,2,2,2,2,2,2,1,1,2,2,2,2,2,2,2,2,2,2,2,2,1,1,0,0,0,0,0,0,0,0,,,,,,,,,,,,,,,,,,,,,,,,,,,,,,,,,,,,,,,,,,,,,,,,
16352,800,16161,16199,16351,1,0,0,0,0,0,0,0,0,0,0,0,0,0,0,2,2,2,2,2,2,2,2,2,2,2,2,2,2,2,2,2,2,2,2,2,2,2,2,1,1,0,0,0,0,0,0,0,0,,,,,,,,,,,,,,,,,,,,,,,,,,,,,,,,,,,,,,,,,,,,,,,,
16353,1600,16354,16348,,0,0,0,0,0,0,0,0,0,0,0,0,0,0,0,2,2,2,2,2,2,2,2,2,2,2,2,2,2,2,2,2,2,2,2,2,2,2,2,1,1,1,1,0,0,0,0,0,0,,,,,,,,,,,,,,,,,,,,,,,,,,,,,,,,,,,,,,,,,,,,,,,,
16354,1200,16189,16353,16355,1,0,0,0,0,0,0,0,0,0,0,0,0,0,0,3,3,3,3,3,3,3,3,3,3,2,2,2,2,2,2,3,3,3,3,3,3,3,3,1,1,1,1,0,0,0,0,0,0,,,,,,,,,,,,,,,,,,,,,,,,,,,,,,,,,,,,,,,,,,,,,,,,
16355,1200,16354,16356,,0,0,0,0,0,0,0,0,0,0,0,0,0,0,0,3,3,3,3,3,3,3,3,2,2,2,2,2,2,2,2,2,2,3,3,3,3,3,3,1,1,1,1,0,0,0,0,0,0,,,,,,,,,,,,,,,,,,,,,,,,,,,,,,,,,,,,,,,,,,,,,,,,
16356,300,16170,16187,16166;16355,2,0,0,0,0,0,0,0,0,0,0,0,0,0,0,3,3,3,3,3,3,3,3,3,3,2,2,2,2,2,2,3,3,3,3,3,3,3,3,1,1,1,1,0,0,0,0,0,0,,,,,,,,,,,,,,,,,,,,,,,,,,,,,,,,,,,,,,,,,,,,,,,,
16357,4400,16432,16124,,0,34,34,35,35,24,24,26,26,31,31,34,34,93,93,1033,1033,1204,1204,1104,1104,1020,1020,1010,1010,922,922,958,958,984,984,1034,1034,1068,1068,1124,1124,1040,1040,262,262,168,168,114,114,82,82,42,42,,,,,,,,,,,,,,,,,,,,,,,,,,,,,,,,,,,,,,,,,,,,,,,,
16358,1200,16188,16189,16427;16361,2,0,0,0,0,0,0,0,0,0,0,0,0,1,1,4,4,5,5,5,5,4,4,4,4,4,4,4,4,4,4,4,4,4,4,4,4,4,4,2,2,1,1,1,1,1,1,0,0,,,,,,,,,,,,,,,,,,,,,,,,,,,,,,,,,,,,,,,,,,,,,,,,
16359,4400,16360,16257,,0,34,34,35,35,24,24,26,26,31,31,34,34,93,93,1033,1033,1204,1204,1104,1104,1020,1020,1010,1010,922,922,958,958,984,984,1034,1034,1068,1068,1124,1124,1040,1040,262,262,168,168,114,114,82,82,42,42,,,,,,,,,,,,,,,,,,,,,,,,,,,,,,,,,,,,,,,,,,,,,,,,
16360,1100,16233,16254,16359,1,34,34,35,35,24,24,26,26,31,31,34,34,93,93,1033,1033,1204,1204,1104,1104,1020,1020,1010,1010,922,922,958,958,984,984,1034,1034,1068,1068,1124,1124,1040,1040,262,262,168,168,114,114,82,82,42,42,,,,,,,,,,,,,,,,,,,,,,,,,,,,,,,,,,,,,,,,,,,,,,,,
16361,2500,16358,16362,,0,34,34,35,35,24,24,26,26,31,31,34,34,93,93,1033,1033,1204,1204,1104,1104,1020,1020,1010,1010,922,922,958,958,984,984,1034,1034,1068,1068,1124,1124,1040,1040,262,262,168,168,114,114,82,82,42,42,,,,,,,,,,,,,,,,,,,,,,,,,,,,,,,,,,,,,,,,,,,,,,,,
16362,1000,16196,16361,16254,1,34,34,35,35,24,24,26,26,31,31,34,34,93,93,1033,1033,1204,1204,1104,1104,1020,1020,1010,1010,922,922,958,958,984,984,1034,1034,1068,1068,1124,1124,1040,1040,262,262,168,168,114,114,82,82,42,42,,,,,,,,,,,,,,,,,,,,,,,,,,,,,,,,,,,,,,,,,,,,,,,,
16363,800,16192,16364,,0,0,0,0,0,0,0,0,0,0,0,0,0,0,0,2,2,2,2,2,2,2,2,2,2,1,1,1,1,1,1,1,1,2,2,2,2,2,2,1,1,0,0,0,0,0,0,0,0,,,,,,,,,,,,,,,,,,,,,,,,,,,,,,,,,,,,,,,,,,,,,,,,
16364,800,16248,16363,16233,1,0,0,0,0,0,0,0,0,0,0,0,0,0,0,1,1,2,2,1,1,1,1,1,1,1,1,1,1,1,1,1,1,1,1,1,1,1,1,1,1,0,0,0,0,0,0,0,0,,,,,,,,,,,,,,,,,,,,,,,,,,,,,,,,,,,,,,,,,,,,,,,,
16365,1200,16257,16366,,0,0,0,0,0,0,0,0,0,0,0,0,0,0,0,2,2,2,2,2,2,2,2,2,2,2,2,2,2,2,2,2,2,2,2,2,2,2,2,1,1,1,1,0,0,0,0,0,0,,,,,,,,,,,,,,,,,,,,,,,,,,,,,,,,,,,,,,,,,,,,,,,,
16366,1200,16365,16255,16248,1,0,0,0,0,0,0,0,0,0,0,0,0,0,0,1,1,1,1,1,1,1,1,1,1,1,1,1,1,1,1,1,1,1,1,1,1,1,1,0,0,0,0,0,0,0,0,0,0,,,,,,,,,,,,,,,,,,,,,,,,,,,,,,,,,,,,,,,,,,,,,,,,
16367,800,16372,16178,,0,0,0,0,0,0,0,0,0,0,0,0,0,0,0,1,1,1,1,1,1,1,1,1,1,1,1,1,1,1,1,1,1,1,1,1,1,1,1,0,0,0,0,0,0,0,0,0,0,,,,,,,,,,,,,,,,,,,,,,,,,,,,,,,,,,,,,,,,,,,,,,,,
16368,300,16201,,16369;16242,2,0,0,0,0,0,0,0,0,0,0,0,0,0,0,1,1,1,1,1,1,1,1,1,1,1,1,1,1,1,1,1,1,1,1,1,1,1,1,0,0,0,0,0,0,0,0,0,0,,,,,,,,,,,,,,,,,,,,,,,,,,,,,,,,,,,,,,,,,,,,,,,,
16369,800,16368,16370,,0,0,0,0,0,0,0,0,0,0,0,0,0,0,0,1,1,1,1,1,1,1,1,1,1,1,1,1,1,1,1,1,1,1,1,1,1,1,1,0,0,0,0,0,0,0,0,0,0,,,,,,,,,,,,,,,,,,,,,,,,,,,,,,,,,,,,,,,,,,,,,,,,
16370,300,16371,16193,16369,1,0,0,0,0,0,0,0,0,0,0,0,0,0,0,1,1,1,1,1,1,1,1,1,1,1,1,1,1,1,1,1,1,1,1,1,1,1,1,0,0,0,0,0,0,0,0,0,0,,,,,,,,,,,,,,,,,,,,,,,,,,,,,,,,,,,,,,,,,,,,,,,,
16371,300,,16372,16370,1,0,0,0,0,0,0,0,0,0,0,0,0,0,0,1,1,1,1,1,1,1,1,1,1,1,1,1,1,1,1,1,1,1,1,1,1,1,1,0,0,0,0,0,0,0,0,0,0,,,,,,,,,,,,,,,,,,,,,,,,,,,,,,,,,,,,,,,,,,,,,,,,
16372,800,16371,16367,16191,1,0,0,0,0,0,0,0,0,0,0,0,0,0,0,1,1,1,1,1,1,1,1,1,1,1,1,1,1,1,1,1,1,1,1,1,1,1,1,0,0,0,0,0,0,0,0,0,0,,,,,,,,,,,,,,,,,,,,,,,,,,,,,,,,,,,,,,,,,,,,,,,,
16373,800,16178,16374,,0,0,0,0,0,0,0,0,0,0,0,0,0,0,0,1,1,1,1,1,1,1,1,1,1,1,1,1,1,1,1,1,1,1,1,1,1,1,1,0,0,0,0,0,0,0,0,0,0,,,,,,,,,,,,,,,,,,,,,,,,,,,,,,,,,,,,,,,,,,,,,,,,
16374,1200,16373,16175,16167,1,0,0,0,0,0,0,0,0,0,0,0,0,0,0,1,1,1,1,1,1,1,1,1,1,1,1,1,1,1,1,1,1,1,1,1,1,1,1,0,0,0,0,0,0,0,0,0,0,,,,,,,,,,,,,,,,,,,,,,,,,,,,,,,,,,,,,,,,,,,,,,,,
16375,300,16376,16382,,0,0,0,0,0,0,0,0,0,0,0,0,0,0,0,2,2,2,2,2,2,2,2,2,2,2,2,2,2,2,2,2,2,2,2,2,2,2,2,1,1,0,0,0,0,0,0,0,0,,,,,,,,,,,,,,,,,,,,,,,,,,,,,,,,,,,,,,,,,,,,,,,,
16376,300,16193,16375,16194,1,0,0,0,0,0,0,0,0,0,0,0,0,0,0,1,1,2,2,2,2,2,2,1,1,1,1,1,1,1,1,1,1,1,1,2,2,1,1,1,1,0,0,0,0,0,0,0,0,,,,,,,,,,,,,,,,,,,,,,,,,,,,,,,,,,,,,,,,,,,,,,,,
16377,1200,16378,16380,,0,0,0,0,0,0,0,0,0,0,0,0,0,0,0,2,2,2,2,2,2,2,2,2,2,2,2,2,2,2,2,2,2,2,2,2,2,2,2,1,1,1,1,0,0,0,0,0,0,,,,,,,,,,,,,,,,,,,,,,,,,,,,,,,,,,,,,,,,,,,,,,,,
16378,300,16240,16247,16377,1,0,0,0,0,0,0,0,0,0,0,0,0,0,0,1,1,2,2,2,2,1,1,1,1,1,1,1,1,1,1,1,1,1,1,2,2,1,1,1,1,0,0,0,0,0,0,0,0,,,,,,,,,,,,,,,,,,,,,,,,,,,,,,,,,,,,,,,,,,,,,,,,
16379,4400,tran_fab7777f-2a15-4225-bf0f-e280b2a05984,16380,,0,34,34,35,35,24,24,26,26,31,31,34,34,93,93,1033,1033,1204,1204,1104,1104,1020,1020,1010,1010,922,922,958,958,984,984,1034,1034,1068,1068,1124,1124,1040,1040,262,262,168,168,114,114,82,82,42,42,,,,,,,,,,,,,,,,,,,,,,,,,,,,,,,,,,,,,,,,,,,,,,,,
16380,1200,16441,16377,16379,1,0,0,0,0,0,0,0,0,0,0,0,0,0,0,4,4,4,4,4,4,4,4,4,4,3,3,3,3,4,4,4,4,4,4,4,4,4,4,2,2,1,1,1,1,0,0,0,0,,,,,,,,,,,,,,,,,,,,,,,,,,,,,,,,,,,,,,,,,,,,,,,,
16381,300,16382,16172,,0,0,0,0,0,0,0,0,0,0,0,0,0,0,0,3,3,3,3,3,3,3,3,3,3,2,2,2,2,2,2,3,3,3,3,3,3,3,3,1,1,1,1,0,0,0,0,0,0,,,,,,,,,,,,,,,,,,,,,,,,,,,,,,,,,,,,,,,,,,,,,,,,
16382,300,,16375,16381;16240,2,0,0,0,0,0,0,0,0,0,0,0,0,0,0,2,2,3,3,3,3,2,2,2,2,2,2,2,2,2,2,2,2,2,2,3,3,2,2,1,1,1,1,0,0,0,0,0,0,,,,,,,,,,,,,,,,,,,,,,,,,,,,,,,,,,,,,,,,,,,,,,,,
16383,4400,tran_24282bad-25c7-4872-80f7-ea80d8941c80,16384,,0,34,34,35,35,24,24,26,26,31,31,34,34,93,93,1033,1033,1204,1204,1104,1104,1020,1020,1010,1010,922,922,958,958,984,984,1034,1034,1068,1068,1124,1124,1040,1040,262,262,168,168,114,114,82,82,42,42,,,,,,,,,,,,,,,,,,,,,,,,,,,,,,,,,,,,,,,,,,,,,,,,
16384,4000,15111,16383,16449,1,34,34,35,35,24,24,26,26,31,31,34,34,93,93,1033,1033,1204,1204,1104,1104,1020,1020,1010,1010,922,922,958,958,984,984,1034,1034,1068,1068,1124,1124,1040,1040,262,262,168,168,114,114,82,82,42,42,,,,,,,,,,,,,,,,,,,,,,,,,,,,,,,,,,,,,,,,,,,,,,,,
16385,1600,16157,16386,,0,53,53,55,55,38,38,42,42,48,48,53,53,146,146,715,715,891,891,804,804,768,768,707,707,638,638,676,676,679,679,669,669,696,696,738,738,671,671,411,411,264,264,178,178,130,130,66,66,,,,,,,,,,,,,,,,,,,,,,,,,,,,,,,,,,,,,,,,,,,,,,,,
16386,300,16385,6225,16387,1,33,33,31,31,22,22,23,23,26,26,31,31,88,88,1055,1055,1119,1119,1058,1058,1080,1080,966,966,980,980,861,861,1008,1008,1021,1021,988,988,1080,1080,1096,1096,421,421,249,249,150,150,110,110,68,68,,,,,,,,,,,,,,,,,,,,,,,,,,,,,,,,,,,,,,,,,,,,,,,,
16387,1600,16386,16388,,0,0,0,0,0,0,0,0,0,0,0,0,0,0,0,4,4,4,4,4,4,4,4,4,4,4,4,3,3,4,4,4,4,4,4,4,4,4,4,2,2,1,1,1,1,0,0,0,0,,,,,,,,,,,,,,,,,,,,,,,,,,,,,,,,,,,,,,,,,,,,,,,,
16388,2000,16387,6220,6228,1,54,54,54,54,38,38,41,41,48,48,53,53,149,149,1126,1126,1279,1279,1185,1185,1176,1176,1064,1064,1030,1030,978,978,1073,1073,1075,1075,1072,1072,1157,1157,1124,1124,530,530,326,326,208,208,152,152,86,86,,,,,,,,,,,,,,,,,,,,,,,,,,,,,,,,,,,,,,,,,,,,,,,,
16389,800,16155,16390,,0,0,0,0,0,0,0,0,0,0,0,0,0,0,0,1,1,1,1,1,1,1,1,1,1,1,1,1,1,1,1,1,1,1,1,1,1,1,1,0,0,0,0,0,0,0,0,0,0,,,,,,,,,,,,,,,,,,,,,,,,,,,,,,,,,,,,,,,,,,,,,,,,
16390,800,16120,16147,16389,1,0,0,0,0,0,0,0,0,0,0,0,0,0,0,0,0,1,1,1,1,1,1,0,0,0,0,0,0,0,0,0,0,0,0,0,0,0,0,0,0,0,0,0,0,0,0,0,0,,,,,,,,,,,,,,,,,,,,,,,,,,,,,,,,,,,,,,,,,,,,,,,,
16391,4000,16392,16219,,0,67,67,70,70,49,49,53,53,62,62,67,67,186,186,910,910,1134,1134,1023,1023,977,977,900,900,812,812,861,861,864,864,851,851,886,886,939,939,854,854,524,524,336,336,227,227,165,165,84,84,,,,,,,,,,,,,,,,,,,,,,,,,,,,,,,,,,,,,,,,,,,,,,,,
16392,300,16213,16215,16391,1,0,0,0,0,0,0,0,0,0,0,0,0,0,0,2,2,2,2,2,2,2,2,2,2,2,2,2,2,2,2,2,2,2,2,2,2,2,2,1,1,1,1,0,0,0,0,0,0,,,,,,,,,,,,,,,,,,,,,,,,,,,,,,,,,,,,,,,,,,,,,,,,
16393,800,16146,16394,,0,0,0,0,0,0,0,0,0,0,0,0,0,0,0,2,2,2,2,2,2,2,2,2,2,2,2,2,2,2,2,2,2,2,2,2,2,2,2,1,1,1,1,0,0,0,0,0,0,,,,,,,,,,,,,,,,,,,,,,,,,,,,,,,,,,,,,,,,,,,,,,,,
16394,1000,16145,16135,16393,1,67,67,70,70,49,49,53,53,62,62,67,67,186,186,910,910,1134,1134,1023,1023,977,977,900,900,812,812,861,861,864,864,851,851,886,886,939,939,854,854,524,524,336,336,227,227,165,165,84,84,,,,,,,,,,,,,,,,,,,,,,,,,,,,,,,,,,,,,,,,,,,,,,,,
16395,4400,16115,16396,,0,67,67,70,70,49,49,53,53,62,62,67,67,186,186,910,910,1134,1134,1023,1023,977,977,900,900,812,812,861,861,864,864,851,851,886,886,939,939,854,854,524,524,336,336,227,227,165,165,84,84,,,,,,,,,,,,,,,,,,,,,,,,,,,,,,,,,,,,,,,,,,,,,,,,
16396,300,16135,16395,16136,1,0,0,0,0,0,0,0,0,0,0,0,0,0,0,2,2,2,2,2,2,2,2,2,2,2,2,2,2,2,2,2,2,2,2,2,2,2,2,1,1,1,1,0,0,0,0,0,0,,,,,,,,,,,,,,,,,,,,,,,,,,,,,,,,,,,,,,,,,,,,,,,,
16397,2000,16115,,16398,1,67,67,70,70,49,49,53,53,62,62,67,67,186,186,910,910,1134,1134,1023,1023,977,977,900,900,812,812,861,861,864,864,851,851,886,886,939,939,854,854,524,524,336,336,227,227,165,165,84,84,,,,,,,,,,,,,,,,,,,,,,,,,,,,,,,,,,,,,,,,,,,,,,,,
16398,300,16111,16101,16397,1,0,0,0,0,0,0,0,0,0,0,0,0,0,0,2,2,2,2,2,2,2,2,2,2,2,2,2,2,2,2,2,2,2,2,2,2,2,2,1,1,1,1,0,0,0,0,0,0,,,,,,,,,,,,,,,,,,,,,,,,,,,,,,,,,,,,,,,,,,,,,,,,
16399,4400,16089,16400,,0,50,50,52,52,37,37,40,40,46,46,50,50,140,140,972,972,1169,1169,1063,1063,998,998,955,955,867,867,910,910,924,924,943,943,977,977,1031,1031,947,947,393,393,252,252,170,170,124,124,63,63,,,,,,,,,,,,,,,,,,,,,,,,,,,,,,,,,,,,,,,,,,,,,,,,
164,300,,146,147;166,2,0,0,0,0,0,0,0,0,0,0,0,0,1,1,8,8,9,9,9,9,9,9,8,8,8,8,8,8,8,8,8,8,8,8,9,9,8,8,2,2,1,1,1,1,1,1,0,0,,,,,,,,,,,,,,,,,,,,,,,,,,,,,,,,,,,,,,,,,,,,,,,,
16400,300,16098,16399,16111,1,0,0,0,0,0,0,0,0,0,0,0,0,0,0,2,2,2,2,2,2,2,2,2,2,2,2,2,2,2,2,2,2,2,2,2,2,2,2,1,1,1,1,0,0,0,0,0,0,,,,,,,,,,,,,,,,,,,,,,,,,,,,,,,,,,,,,,,,,,,,,,,,
16401,300,,16402,,0,0,0,0,0,0,0,0,0,0,0,0,0,0,0,2,2,2,2,2,2,2,2,2,2,1,1,1,1,1,1,1,1,2,2,2,2,1,1,1,1,0,0,0,0,0,0,0,0,,,,,,,,,,,,,,,,,,,,,,,,,,,,,,,,,,,,,,,,,,,,,,,,
16402,300,16101,16401,16100,1,0,0,0,0,0,0,0,0,0,0,0,0,0,0,2,2,2,2,2,2,2,2,2,2,2,2,2,2,2,2,2,2,2,2,2,2,2,2,1,1,1,1,0,0,0,0,0,0,,,,,,,,,,,,,,,,,,,,,,,,,,,,,,,,,,,,,,,,,,,,,,,,
16403,300,16404,,,0,0,0,0,0,0,0,0,0,0,0,0,0,0,0,1,1,2,2,1,1,1,1,1,1,1,1,1,1,1,1,1,1,1,1,1,1,1,1,1,1,0,0,0,0,0,0,0,0,,,,,,,,,,,,,,,,,,,,,,,,,,,,,,,,,,,,,,,,,,,,,,,,
16404,600,16098,16403,16100,1,0,0,0,0,0,0,0,0,0,0,0,0,0,0,1,1,2,2,2,2,2,2,1,1,1,1,1,1,1,1,1,1,1,1,2,2,1,1,1,1,0,0,0,0,0,0,0,0,,,,,,,,,,,,,,,,,,,,,,,,,,,,,,,,,,,,,,,,,,,,,,,,
16405,800,16406,16089,,0,0,0,0,0,0,0,0,0,0,0,0,0,0,0,2,2,2,2,2,2,2,2,2,2,1,1,1,1,2,2,2,2,2,2,2,2,2,2,1,1,0,0,0,0,0,0,0,0,,,,,,,,,,,,,,,,,,,,,,,,,,,,,,,,,,,,,,,,,,,,,,,,
16406,800,16080,16088,16405,1,0,0,0,0,0,0,0,0,0,0,0,0,0,0,1,1,2,2,1,1,1,1,1,1,1,1,1,1,1,1,1,1,1,1,1,1,1,1,1,1,0,0,0,0,0,0,0,0,,,,,,,,,,,,,,,,,,,,,,,,,,,,,,,,,,,,,,,,,,,,,,,,
16407,800,16137,16408,,0,0,0,0,0,0,0,0,0,0,0,0,0,0,0,1,1,1,1,1,1,1,1,1,1,1,1,1,1,1,1,1,1,1,1,1,1,1,1,0,0,0,0,0,0,0,0,0,0,,,,,,,,,,,,,,,,,,,,,,,,,,,,,,,,,,,,,,,,,,,,,,,,
16408,800,16122,16131,16407,1,0,0,0,0,0,0,0,0,0,0,0,0,0,0,1,1,1,1,1,1,1,1,1,1,1,1,1,1,1,1,1,1,1,1,1,1,1,1,0,0,0,0,0,0,0,0,0,0,,,,,,,,,,,,,,,,,,,,,,,,,,,,,,,,,,,,,,,,,,,,,,,,
16409,1200,16328,16410,,0,0,0,0,0,0,0,0,0,0,0,0,0,0,0,1,1,2,2,2,2,2,2,1,1,1,1,1,1,1,1,1,1,1,1,1,1,1,1,1,1,0,0,0,0,0,0,0,0,,,,,,,,,,,,,,,,,,,,,,,,,,,,,,,,,,,,,,,,,,,,,,,,
16410,800,16122,16409,16411,1,0,0,0,0,0,0,0,0,0,0,0,0,0,0,1,1,2,2,2,2,2,2,1,1,1,1,1,1,1,1,1,1,1,1,2,2,1,1,1,1,0,0,0,0,0,0,0,0,,,,,,,,,,,,,,,,,,,,,,,,,,,,,,,,,,,,,,,,,,,,,,,,
16411,1200,16410,16412,,0,0,0,0,0,0,0,0,0,0,0,0,0,0,0,1,1,2,2,2,2,2,2,1,1,1,1,1,1,1,1,1,1,1,1,2,2,1,1,1,1,0,0,0,0,0,0,0,0,,,,,,,,,,,,,,,,,,,,,,,,,,,,,,,,,,,,,,,,,,,,,,,,
16412,1200,16128,16121,16411,1,0,0,0,0,0,0,0,0,0,0,0,0,0,0,1,1,2,2,2,2,2,2,1,1,1,1,1,1,1,1,1,1,1,1,1,1,1,1,1,1,0,0,0,0,0,0,0,0,,,,,,,,,,,,,,,,,,,,,,,,,,,,,,,,,,,,,,,,,,,,,,,,
16413,1200,16105,16414,,0,0,0,0,0,0,0,0,0,0,0,0,0,0,0,1,1,1,1,1,1,1,1,1,1,1,1,1,1,1,1,1,1,1,1,1,1,1,1,1,1,0,0,0,0,0,0,0,0,,,,,,,,,,,,,,,,,,,,,,,,,,,,,,,,,,,,,,,,,,,,,,,,
16414,800,,16127,16413;16128,2,0,0,0,0,0,0,0,0,0,0,0,0,0,0,1,1,1,1,1,1,1,1,1,1,1,1,1,1,1,1,1,1,1,1,1,1,1,1,1,1,0,0,0,0,0,0,0,0,,,,,,,,,,,,,,,,,,,,,,,,,,,,,,,,,,,,,,,,,,,,,,,,
16415,800,16109,16416,,0,0,0,0,0,0,0,0,0,0,0,0,0,0,0,1,1,1,1,1,1,1,1,1,1,0,0,0,0,1,1,1,1,1,1,1,1,1,1,0,0,0,0,0,0,0,0,0,0,,,,,,,,,,,,,,,,,,,,,,,,,,,,,,,,,,,,,,,,,,,,,,,,
16416,800,16099,16104,16415,1,0,0,0,0,0,0,0,0,0,0,0,0,0,0,1,1,1,1,1,1,1,1,0,0,0,0,0,0,0,0,0,0,0,0,1,1,0,0,0,0,0,0,0,0,0,0,0,0,,,,,,,,,,,,,,,,,,,,,,,,,,,,,,,,,,,,,,,,,,,,,,,,
16417,800,16105,16418,,0,0,0,0,0,0,0,0,0,0,0,0,0,0,0,1,1,1,1,1,1,1,1,1,1,1,1,1,1,1,1,1,1,1,1,1,1,1,1,0,0,0,0,0,0,0,0,0,0,,,,,,,,,,,,,,,,,,,,,,,,,,,,,,,,,,,,,,,,,,,,,,,,
16418,800,16099,16417,16102,1,0,0,0,0,0,0,0,0,0,0,0,0,0,0,1,1,1,1,1,1,1,1,1,1,0,0,1,1,1,1,1,1,1,1,1,1,1,1,0,0,0,0,0,0,0,0,0,0,,,,,,,,,,,,,,,,,,,,,,,,,,,,,,,,,,,,,,,,,,,,,,,,
16419,1200,16420,16130,,0,0,0,0,0,0,0,0,0,0,0,0,0,0,0,1,1,1,1,1,1,1,1,1,1,1,1,1,1,1,1,1,1,1,1,1,1,1,1,0,0,0,0,0,0,0,0,0,0,,,,,,,,,,,,,,,,,,,,,,,,,,,,,,,,,,,,,,,,,,,,,,,,
16420,800,16103,16419,16126,1,0,0,0,0,0,0,0,0,0,0,0,0,0,0,1,1,1,1,1,1,1,1,1,1,1,1,1,1,1,1,1,1,1,1,1,1,1,1,0,0,0,0,0,0,0,0,0,0,,,,,,,,,,,,,,,,,,,,,,,,,,,,,,,,,,,,,,,,,,,,,,,,
16421,1200,16422,16130,,0,0,0,0,0,0,0,0,0,0,0,0,0,0,0,2,2,2,2,2,2,2,2,2,2,2,2,2,2,2,2,2,2,2,2,2,2,2,2,1,1,0,0,0,0,0,0,0,0,,,,,,,,,,,,,,,,,,,,,,,,,,,,,,,,,,,,,,,,,,,,,,,,
16422,800,16421,16351,16423,1,0,0,0,0,0,0,0,0,0,0,0,0,0,0,1,1,2,2,2,2,2,2,1,1,1,1,1,1,1,1,1,1,1,1,1,1,1,1,1,1,0,0,0,0,0,0,0,0,,,,,,,,,,,,,,,,,,,,,,,,,,,,,,,,,,,,,,,,,,,,,,,,
16423,1200,16424,16422,,0,0,0,0,0,0,0,0,0,0,0,0,0,0,0,2,2,2,2,2,2,2,2,2,2,1,1,1,1,1,1,1,1,2,2,2,2,1,1,1,1,0,0,0,0,0,0,0,0,,,,,,,,,,,,,,,,,,,,,,,,,,,,,,,,,,,,,,,,,,,,,,,,
16424,1600,16425,16423,16198,1,0,0,0,0,0,0,0,0,0,0,0,0,0,0,2,2,2,2,2,2,2,2,2,2,2,2,2,2,2,2,2,2,2,2,2,2,2,2,1,1,1,1,0,0,0,0,0,0,,,,,,,,,,,,,,,,,,,,,,,,,,,,,,,,,,,,,,,,,,,,,,,,
16425,1200,16424,16426,,0,0,0,0,0,0,0,0,0,0,0,0,0,0,0,2,2,2,2,2,2,2,2,2,2,2,2,2,2,2,2,2,2,2,2,2,2,2,2,1,1,1,1,0,0,0,0,0,0,,,,,,,,,,,,,,,,,,,,,,,,,,,,,,,,,,,,,,,,,,,,,,,,
16426,600,16425,16187,16129,1,0,0,0,0,0,0,0,0,0,0,0,0,0,0,2,2,3,3,3,3,2,2,2,2,2,2,2,2,2,2,2,2,2,2,3,3,2,2,1,1,1,1,0,0,0,0,0,0,,,,,,,,,,,,,,,,,,,,,,,,,,,,,,,,,,,,,,,,,,,,,,,,
16427,2500,16358,,16428,1,34,34,35,35,24,24,26,26,31,31,34,34,93,93,1033,1033,1204,1204,1104,1104,1020,1020,1010,1010,922,922,958,958,984,984,1034,1034,1068,1068,1124,1124,1040,1040,262,262,168,168,114,114,82,82,42,42,,,,,,,,,,,,,,,,,,,,,,,,,,,,,,,,,,,,,,,,,,,,,,,,
16428,800,16429,16174,16427,1,0,0,0,0,0,0,0,0,0,0,0,0,1,1,4,4,5,5,5,5,4,4,4,4,4,4,4,4,4,4,4,4,4,4,4,4,4,4,2,2,1,1,1,1,1,1,0,0,,,,,,,,,,,,,,,,,,,,,,,,,,,,,,,,,,,,,,,,,,,,,,,,
16429,400,16428,,16430,1,0,0,0,0,0,0,0,0,0,0,0,0,1,1,4,4,5,5,5,5,4,4,4,4,4,4,4,4,4,4,4,4,4,4,4,4,4,4,2,2,1,1,1,1,1,1,0,0,,,,,,,,,,,,,,,,,,,,,,,,,,,,,,,,,,,,,,,,,,,,,,,,
16430,1200,,16170,16431;16429,2,0,0,0,0,0,0,0,0,0,0,0,0,1,1,4,4,5,5,5,5,4,4,4,4,4,4,4,4,4,4,4,4,4,4,4,4,4,4,2,2,1,1,1,1,1,1,0,0,,,,,,,,,,,,,,,,,,,,,,,,,,,,,,,,,,,,,,,,,,,,,,,,
16431,4000,16432,16430,,0,34,34,35,35,24,24,26,26,31,31,34,34,93,93,1033,1033,1204,1204,1104,1104,1020,1020,1010,1010,922,922,958,958,984,984,1034,1034,1068,1068,1124,1124,1040,1040,262,262,168,168,114,114,82,82,42,42,,,,,,,,,,,,,,,,,,,,,,,,,,,,,,,,,,,,,,,,,,,,,,,,
16432,1100,16156,16357,16431,1,34,34,35,35,24,24,26,26,31,31,34,34,93,93,1033,1033,1204,1204,1104,1104,1020,1020,1010,1010,922,922,958,958,984,984,1034,1034,1068,1068,1124,1124,1040,1040,262,262,168,168,114,114,82,82,42,42,,,,,,,,,,,,,,,,,,,,,,,,,,,,,,,,,,,,,,,,,,,,,,,,
16433,1200,16124,16434,,0,0,0,0,0,0,0,0,0,0,0,0,0,0,0,3,3,4,4,4,4,4,4,3,3,3,3,3,3,3,3,3,3,3,3,4,4,3,3,1,1,1,1,1,1,0,0,0,0,,,,,,,,,,,,,,,,,,,,,,,,,,,,,,,,,,,,,,,,,,,,,,,,
16434,1200,16433,16435,16144,1,0,0,0,0,0,0,0,0,0,0,0,0,0,0,3,3,3,3,3,3,3,3,3,3,2,2,2,2,3,3,3,3,3,3,3,3,3,3,1,1,1,1,0,0,0,0,0,0,,,,,,,,,,,,,,,,,,,,,,,,,,,,,,,,,,,,,,,,,,,,,,,,
16435,1200,16436,16434,,0,0,0,0,0,0,0,0,0,0,0,0,0,0,0,1,1,2,2,1,1,1,1,1,1,1,1,1,1,1,1,1,1,1,1,1,1,1,1,1,1,0,0,0,0,0,0,0,0,,,,,,,,,,,,,,,,,,,,,,,,,,,,,,,,,,,,,,,,,,,,,,,,
16436,1200,16435,16125,16133,1,0,0,0,0,0,0,0,0,0,0,0,0,0,0,1,1,1,1,1,1,1,1,1,1,1,1,1,1,1,1,1,1,1,1,1,1,1,1,0,0,0,0,0,0,0,0,0,0,,,,,,,,,,,,,,,,,,,,,,,,,,,,,,,,,,,,,,,,,,,,,,,,
16437,1200,16448,16440,,0,0,0,0,0,0,0,0,0,0,0,0,0,1,1,4,4,4,4,4,4,4,4,4,4,3,3,3,3,4,4,4,4,4,4,4,4,4,4,2,2,1,1,1,1,0,0,0,0,,,,,,,,,,,,,,,,,,,,,,,,,,,,,,,,,,,,,,,,,,,,,,,,
16438,300,16125,16168,16439,1,0,0,0,0,0,0,0,0,0,0,0,0,0,0,4,4,4,4,4,4,4,4,4,4,3,3,3,3,3,3,4,4,4,4,4,4,4,4,2,2,1,1,1,1,0,0,0,0,,,,,,,,,,,,,,,,,,,,,,,,,,,,,,,,,,,,,,,,,,,,,,,,
16439,1200,16440,16438,,0,0,0,0,0,0,0,0,0,0,0,0,0,1,1,4,4,5,5,4,4,4,4,4,4,4,4,4,4,4,4,4,4,4,4,4,4,4,4,2,2,1,1,1,1,1,1,0,0,,,,,,,,,,,,,,,,,,,,,,,,,,,,,,,,,,,,,,,,,,,,,,,,
16440,1100,16439,16164,16437,1,34,34,35,35,24,24,26,26,31,31,34,34,93,93,1033,1033,1204,1204,1104,1104,1020,1020,1010,1010,922,922,958,958,984,984,1034,1034,1068,1068,1124,1124,1040,1040,262,262,168,168,114,114,82,82,42,42,,,,,,,,,,,,,,,,,,,,,,,,,,,,,,,,,,,,,,,,,,,,,,,,
16441,1200,16380,16442,,0,33,33,31,31,22,22,23,23,26,26,31,31,88,88,1055,1055,1119,1119,1058,1058,1080,1080,966,966,980,980,861,861,1008,1008,1021,1021,988,988,1080,1080,1096,1096,421,421,249,249,150,150,110,110,68,68,,,,,,,,,,,,,,,,,,,,,,,,,,,,,,,,,,,,,,,,,,,,,,,,
16442,300,,16171,16443;16441,2,0,0,0,0,0,0,0,0,0,0,0,0,1,1,4,4,4,4,4,4,4,4,4,4,3,3,3,3,4,4,4,4,4,4,4,4,4,4,2,2,1,1,1,1,0,0,0,0,,,,,,,,,,,,,,,,,,,,,,,,,,,,,,,,,,,,,,,,,,,,,,,,
16443,1600,16442,16444,,0,0,0,0,0,0,0,0,0,0,0,0,0,1,1,4,4,4,4,4,4,4,4,4,4,3,3,3,3,4,4,4,4,4,4,4,4,4,4,2,2,1,1,1,1,0,0,0,0,,,,,,,,,,,,,,,,,,,,,,,,,,,,,,,,,,,,,,,,,,,,,,,,
16444,800,,16164,16445;16443,2,0,0,0,0,0,0,0,0,0,0,0,0,0,0,4,4,4,4,4,4,4,4,4,4,3,3,3,3,4,4,4,4,4,4,4,4,4,4,2,2,1,1,1,1,0,0,0,0,,,,,,,,,,,,,,,,,,,,,,,,,,,,,,,,,,,,,,,,,,,,,,,,
16445,1200,16446,16444,,0,0,0,0,0,0,0,0,0,0,0,0,0,0,0,4,4,4,4,4,4,4,4,4,4,3,3,3,3,3,3,4,4,4,4,4,4,4,4,2,2,1,1,1,1,0,0,0,0,,,,,,,,,,,,,,,,,,,,,,,,,,,,,,,,,,,,,,,,,,,,,,,,
16446,300,,16123,16447;16445,2,0,0,0,0,0,0,0,0,0,0,0,0,0,0,3,3,4,4,3,3,3,3,3,3,3,3,3,3,3,3,3,3,3,3,3,3,3,3,1,1,1,1,1,1,0,0,0,0,,,,,,,,,,,,,,,,,,,,,,,,,,,,,,,,,,,,,,,,,,,,,,,,
16447,300,16448,16446,,0,0,0,0,0,0,0,0,0,0,0,0,0,0,0,3,3,4,4,3,3,3,3,3,3,3,3,3,3,3,3,3,3,3,3,3,3,3,3,1,1,1,1,1,1,0,0,0,0,,,,,,,,,,,,,,,,,,,,,,,,,,,,,,,,,,,,,,,,,,,,,,,,
16448,1600,16285,16447,16437,1,0,0,0,0,0,0,0,0,0,0,0,0,0,0,3,3,4,4,4,4,3,3,3,3,3,3,3,3,3,3,3,3,3,3,4,4,3,3,1,1,1,1,1,1,0,0,0,0,,,,,,,,,,,,,,,,,,,,,,,,,,,,,,,,,,,,,,,,,,,,,,,,
16449,4000,16450,16384,,0,34,34,35,35,24,24,26,26,31,31,34,34,93,93,1033,1033,1204,1204,1104,1104,1020,1020,1010,1010,922,922,958,958,984,984,1034,1034,1068,1068,1124,1124,1040,1040,262,262,168,168,114,114,82,82,42,42,,,,,,,,,,,,,,,,,,,,,,,,,,,,,,,,,,,,,,,,,,,,,,,,
16450,300,,16123,16451;16449,2,0,0,0,0,0,0,0,0,0,0,0,0,0,0,4,4,4,4,4,4,4,4,3,3,3,3,3,3,3,3,3,3,3,3,4,4,3,3,1,1,1,1,1,1,0,0,0,0,,,,,,,,,,,,,,,,,,,,,,,,,,,,,,,,,,,,,,,,,,,,,,,,
16451,3500,16450,16452,,0,34,34,35,35,24,24,26,26,31,31,34,34,93,93,1033,1033,1204,1204,1104,1104,1020,1020,1010,1010,922,922,958,958,984,984,1034,1034,1068,1068,1124,1124,1040,1040,262,262,168,168,114,114,82,82,42,42,,,,,,,,,,,,,,,,,,,,,,,,,,,,,,,,,,,,,,,,,,,,,,,,
16452,1200,15074,16451,16291,1,0,0,0,0,0,0,0,0,0,0,0,0,0,0,2,2,3,3,3,3,3,3,2,2,2,2,2,2,2,2,2,2,2,2,3,3,2,2,1,1,1,1,0,0,0,0,0,0,,,,,,,,,,,,,,,,,,,,,,,,,,,,,,,,,,,,,,,,,,,,,,,,
16453,300,16454,16093,,0,0,0,0,0,0,0,0,0,0,0,0,0,0,0,1,1,1,1,1,1,1,1,1,1,1,1,1,1,1,1,1,1,1,1,1,1,1,1,1,1,0,0,0,0,0,0,0,0,,,,,,,,,,,,,,,,,,,,,,,,,,,,,,,,,,,,,,,,,,,,,,,,
16454,300,16453,16070,16086,1,0,0,0,0,0,0,0,0,0,0,0,0,0,0,1,1,1,1,1,1,1,1,1,1,1,1,1,1,1,1,1,1,1,1,1,1,1,1,1,1,0,0,0,0,0,0,0,0,,,,,,,,,,,,,,,,,,,,,,,,,,,,,,,,,,,,,,,,,,,,,,,,
16455,3500,16456,16053,,0,50,50,52,52,37,37,40,40,46,46,50,50,140,140,972,972,1169,1169,1063,1063,998,998,955,955,867,867,910,910,924,924,943,943,977,977,1031,1031,947,947,393,393,252,252,170,170,124,124,63,63,,,,,,,,,,,,,,,,,,,,,,,,,,,,,,,,,,,,,,,,,,,,,,,,
16456,4400,16047,16455,16029,1,50,50,52,52,37,37,40,40,46,46,50,50,140,140,972,972,1169,1169,1063,1063,998,998,955,955,867,867,910,910,924,924,943,943,977,977,1031,1031,947,947,393,393,252,252,170,170,124,124,63,63,,,,,,,,,,,,,,,,,,,,,,,,,,,,,,,,,,,,,,,,,,,,,,,,
16457,800,16458,16082,,0,0,0,0,0,0,0,0,0,0,0,0,0,0,0,1,1,1,1,1,1,1,1,1,1,1,1,1,1,1,1,1,1,1,1,1,1,1,1,0,0,0,0,0,0,0,0,0,0,,,,,,,,,,,,,,,,,,,,,,,,,,,,,,,,,,,,,,,,,,,,,,,,
16458,800,16075,16069,16457,1,0,0,0,0,0,0,0,0,0,0,0,0,0,0,1,1,1,1,1,1,1,1,1,1,1,1,1,1,1,1,1,1,1,1,1,1,1,1,0,0,0,0,0,0,0,0,0,0,,,,,,,,,,,,,,,,,,,,,,,,,,,,,,,,,,,,,,,,,,,,,,,,
16459,800,16460,16078,,0,0,0,0,0,0,0,0,0,0,0,0,0,0,0,1,1,1,1,1,1,1,1,1,1,1,1,1,1,1,1,1,1,1,1,1,1,1,1,1,1,0,0,0,0,0,0,0,0,,,,,,,,,,,,,,,,,,,,,,,,,,,,,,,,,,,,,,,,,,,,,,,,
16460,800,16077,16459,16072,1,0,0,0,0,0,0,0,0,0,0,0,0,0,0,1,1,1,1,1,1,1,1,1,1,1,1,1,1,1,1,1,1,1,1,1,1,1,1,0,0,0,0,0,0,0,0,0,0,,,,,,,,,,,,,,,,,,,,,,,,,,,,,,,,,,,,,,,,,,,,,,,,
16461,2500,16462,16018,,0,50,50,52,52,37,37,40,40,46,46,50,50,140,140,972,972,1169,1169,1063,1063,998,998,955,955,867,867,910,910,924,924,943,943,977,977,1031,1031,947,947,393,393,252,252,170,170,124,124,63,63,,,,,,,,,,,,,,,,,,,,,,,,,,,,,,,,,,,,,,,,,,,,,,,,
16462,800,16034,16461,16017,1,0,0,0,0,0,0,0,0,0,0,0,0,0,0,2,2,2,2,2,2,2,2,2,2,2,2,2,2,2,2,2,2,2,2,2,2,2,2,1,1,1,1,0,0,0,0,0,0,,,,,,,,,,,,,,,,,,,,,,,,,,,,,,,,,,,,,,,,,,,,,,,,
16463,1200,16464,16076,,0,0,0,0,0,0,0,0,0,0,0,0,0,0,0,1,1,1,1,1,1,1,1,0,0,0,0,0,0,0,0,0,0,1,1,1,1,1,1,0,0,0,0,0,0,0,0,0,0,,,,,,,,,,,,,,,,,,,,,,,,,,,,,,,,,,,,,,,,,,,,,,,,
16464,1200,16065,16071,16463,1,0,0,0,0,0,0,0,0,0,0,0,0,0,0,0,0,1,1,0,0,0,0,0,0,0,0,0,0,0,0,0,0,0,0,0,0,0,0,0,0,0,0,0,0,0,0,0,0,,,,,,,,,,,,,,,,,,,,,,,,,,,,,,,,,,,,,,,,,,,,,,,,
16465,4400,16124,16466,,0,42,42,39,39,28,28,29,29,34,34,39,39,112,112,1343,1343,1424,1424,1347,1347,1375,1375,1229,1229,1247,1247,1096,1096,1282,1282,1299,1299,1257,1257,1375,1375,1394,1394,536,536,316,316,190,190,140,140,87,87,,,,,,,,,,,,,,,,,,,,,,,,,,,,,,,,,,,,,,,,,,,,,,,,
16466,1600,16465,16074,16467,1,0,0,0,0,0,0,0,0,0,0,0,0,1,1,5,5,6,6,6,6,5,5,5,5,5,5,5,5,5,5,5,5,5,5,5,5,5,5,3,3,2,2,1,1,1,1,0,0,,,,,,,,,,,,,,,,,,,,,,,,,,,,,,,,,,,,,,,,,,,,,,,,
16467,4400,16466,16468,,0,67,67,70,70,49,49,53,53,62,62,67,67,186,186,910,910,1134,1134,1023,1023,977,977,900,900,812,812,861,861,864,864,851,851,886,886,939,939,854,854,524,524,336,336,227,227,165,165,84,84,,,,,,,,,,,,,,,,,,,,,,,,,,,,,,,,,,,,,,,,,,,,,,,,
16468,300,16033,,16469;16467,2,1,1,1,1,1,1,1,1,1,1,1,1,3,3,19,19,23,23,21,21,20,20,18,18,17,17,17,17,18,18,18,18,18,18,19,19,18,18,10,10,6,6,4,4,3,3,2,2,,,,,,,,,,,,,,,,,,,,,,,,,,,,,,,,,,,,,,,,,,,,,,,,
16469,4400,16468,16470,,0,63,63,65,65,46,46,49,49,57,57,62,62,174,174,982,982,1182,1182,1077,1077,1043,1043,955,955,884,884,900,900,934,934,926,926,948,948,1012,1012,944,944,526,526,333,333,221,221,161,161,84,84,,,,,,,,,,,,,,,,,,,,,,,,,,,,,,,,,,,,,,,,,,,,,,,,
16470,3000,16009,16469,16471,1,63,63,65,65,46,46,49,49,57,57,62,62,174,174,982,982,1182,1182,1077,1077,1043,1043,955,955,884,884,900,900,934,934,926,926,948,948,1012,1012,944,944,526,526,333,333,221,221,161,161,84,84,,,,,,,,,,,,,,,,,,,,,,,,,,,,,,,,,,,,,,,,,,,,,,,,
16471,4400,16472,16470,,0,63,63,65,65,46,46,49,49,57,57,62,62,174,174,982,982,1182,1182,1077,1077,1043,1043,955,955,884,884,900,900,934,934,926,926,948,948,1012,1012,944,944,526,526,333,333,221,221,161,161,84,84,,,,,,,,,,,,,,,,,,,,,,,,,,,,,,,,,,,,,,,,,,,,,,,,
16472,1100,16471,15978,16531,1,63,63,65,65,46,46,49,49,57,57,62,62,174,174,982,982,1182,1182,1077,1077,1043,1043,955,955,884,884,900,900,934,934,926,926,948,948,1012,1012,944,944,526,526,333,333,221,221,161,161,84,84,,,,,,,,,,,,,,,,,,,,,,,,,,,,,,,,,,,,,,,,,,,,,,,,
16473,300,16482,16474,,0,0,0,0,0,0,0,0,0,0,0,0,0,0,0,2,2,2,2,2,2,2,2,2,2,2,2,2,2,2,2,2,2,2,2,2,2,2,2,1,1,1,1,0,0,0,0,0,0,,,,,,,,,,,,,,,,,,,,,,,,,,,,,,,,,,,,,,,,,,,,,,,,
16474,300,16031,16473,16028;16475,2,0,0,0,0,0,0,0,0,0,0,0,0,0,0,2,2,2,2,2,2,2,2,2,2,2,2,2,2,2,2,2,2,2,2,2,2,2,2,1,1,1,1,0,0,0,0,0,0,,,,,,,,,,,,,,,,,,,,,,,,,,,,,,,,,,,,,,,,,,,,,,,,
16475,1200,16476,16474,,0,0,0,0,0,0,0,0,0,0,0,0,0,0,0,2,2,2,2,2,2,2,2,2,2,2,2,2,2,2,2,2,2,2,2,2,2,2,2,1,1,1,1,0,0,0,0,0,0,,,,,,,,,,,,,,,,,,,,,,,,,,,,,,,,,,,,,,,,,,,,,,,,
16476,400,16475,16477,16027,1,0,0,0,0,0,0,0,0,0,0,0,0,0,0,2,2,2,2,2,2,2,2,2,2,1,1,1,1,2,2,2,2,2,2,2,2,2,2,1,1,0,0,0,0,0,0,0,0,,,,,,,,,,,,,,,,,,,,,,,,,,,,,,,,,,,,,,,,,,,,,,,,
16477,300,16478,16476,,0,0,0,0,0,0,0,0,0,0,0,0,0,0,0,2,2,2,2,2,2,2,2,2,2,2,2,2,2,2,2,2,2,2,2,2,2,2,2,1,1,1,1,0,0,0,0,0,0,,,,,,,,,,,,,,,,,,,,,,,,,,,,,,,,,,,,,,,,,,,,,,,,
16478,300,16477,16479,16025,1,0,0,0,0,0,0,0,0,0,0,0,0,0,0,2,2,2,2,2,2,2,2,2,2,2,2,2,2,2,2,2,2,2,2,2,2,2,2,1,1,1,1,0,0,0,0,0,0,,,,,,,,,,,,,,,,,,,,,,,,,,,,,,,,,,,,,,,,,,,,,,,,
16479,300,16478,16480,,0,0,0,0,0,0,0,0,0,0,0,0,0,0,0,2,2,2,2,2,2,2,2,2,2,2,2,2,2,2,2,2,2,2,2,2,2,2,2,1,1,1,1,0,0,0,0,0,0,,,,,,,,,,,,,,,,,,,,,,,,,,,,,,,,,,,,,,,,,,,,,,,,
16480,300,16030,16479,16022,1,2,2,2,2,2,2,2,2,2,2,2,2,6,6,35,35,42,42,38,38,37,37,34,34,31,31,32,32,33,33,33,33,34,34,36,36,33,33,19,19,12,12,8,8,6,6,3,3,,,,,,,,,,,,,,,,,,,,,,,,,,,,,,,,,,,,,,,,,,,,,,,,
16481,2500,16010,16482,,0,50,50,52,52,37,37,40,40,46,46,50,50,140,140,972,972,1169,1169,1063,1063,998,998,955,955,867,867,910,910,924,924,943,943,977,977,1031,1031,947,947,393,393,252,252,170,170,124,124,63,63,,,,,,,,,,,,,,,,,,,,,,,,,,,,,,,,,,,,,,,,,,,,,,,,
16482,600,16014,16473,16481,1,0,0,0,0,0,0,0,0,0,0,0,0,0,0,2,2,2,2,2,2,2,2,2,2,2,2,2,2,2,2,2,2,2,2,2,2,2,2,1,1,1,1,0,0,0,0,0,0,,,,,,,,,,,,,,,,,,,,,,,,,,,,,,,,,,,,,,,,,,,,,,,,
16483,3000,16010,16484,,0,50,50,52,52,37,37,40,40,46,46,50,50,140,140,972,972,1169,1169,1063,1063,998,998,955,955,867,867,910,910,924,924,943,943,977,977,1031,1031,947,947,393,393,252,252,170,170,124,124,63,63,,,,,,,,,,,,,,,,,,,,,,,,,,,,,,,,,,,,,,,,,,,,,,,,
16484,800,16483,16025,16485,1,0,0,0,0,0,0,0,0,0,0,0,0,0,0,2,2,2,2,2,2,2,2,2,2,2,2,2,2,2,2,2,2,2,2,2,2,2,2,1,1,1,1,0,0,0,0,0,0,,,,,,,,,,,,,,,,,,,,,,,,,,,,,,,,,,,,,,,,,,,,,,,,
16485,3000,16484,16486,,0,67,67,70,70,49,49,53,53,62,62,67,67,186,186,910,910,1134,1134,1023,1023,977,977,900,900,812,812,861,861,864,864,851,851,886,886,939,939,854,854,524,524,336,336,227,227,165,165,84,84,,,,,,,,,,,,,,,,,,,,,,,,,,,,,,,,,,,,,,,,,,,,,,,,
16486,800,16022,16485,16487,1,3,3,3,3,2,2,2,2,3,3,3,3,8,8,42,42,51,51,47,47,45,45,41,41,38,38,39,39,40,40,40,40,41,41,44,44,41,41,23,23,15,15,10,10,7,7,4,4,,,,,,,,,,,,,,,,,,,,,,,,,,,,,,,,,,,,,,,,,,,,,,,,
16487,3000,16488,16486,,0,67,67,70,70,49,49,53,53,62,62,67,67,186,186,910,910,1134,1134,1023,1023,977,977,900,900,812,812,861,861,864,864,851,851,886,886,939,939,854,854,524,524,336,336,227,227,165,165,84,84,,,,,,,,,,,,,,,,,,,,,,,,,,,,,,,,,,,,,,,,,,,,,,,,
16488,600,16487,16030,16009,1,53,53,55,55,38,38,42,42,48,48,53,53,146,146,715,715,891,891,804,804,768,768,707,707,638,638,676,676,679,679,669,669,696,696,738,738,671,671,411,411,264,264,178,178,130,130,66,66,,,,,,,,,,,,,,,,,,,,,,,,,,,,,,,,,,,,,,,,,,,,,,,,
16489,2500,15985,16490,,0,50,50,52,52,37,37,40,40,46,46,50,50,140,140,972,972,1169,1169,1063,1063,998,998,955,955,867,867,910,910,924,924,943,943,977,977,1031,1031,947,947,393,393,252,252,170,170,124,124,63,63,,,,,,,,,,,,,,,,,,,,,,,,,,,,,,,,,,,,,,,,,,,,,,,,
16490,500,15976,16491,16489,1,50,50,52,52,37,37,40,40,46,46,50,50,140,140,972,972,1169,1169,1063,1063,998,998,955,955,867,867,910,910,924,924,943,943,977,977,1031,1031,947,947,393,393,252,252,170,170,124,124,63,63,,,,,,,,,,,,,,,,,,,,,,,,,,,,,,,,,,,,,,,,,,,,,,,,
16491,2500,16490,16492,,0,0,0,0,0,0,0,0,0,0,0,0,0,0,0,1156,1156,1275,1275,1184,1184,1063,1063,1121,1121,1033,1033,1056,1056,1105,1105,1218,1218,1250,1250,1308,1308,1226,1226,0,0,0,0,0,0,0,0,0,0,,,,,,,,,,,,,,,,,,,,,,,,,,,,,,,,,,,,,,,,,,,,,,,,
16492,2750,15974,16491,16493,1,50,50,52,52,37,37,40,40,46,46,50,50,140,140,972,972,1169,1169,1063,1063,998,998,955,955,867,867,910,910,924,924,943,943,977,977,1031,1031,947,947,393,393,252,252,170,170,124,124,63,63,,,,,,,,,,,,,,,,,,,,,,,,,,,,,,,,,,,,,,,,,,,,,,,,
16493,400,16494,,16492,1,0,0,0,0,0,0,0,0,0,0,0,0,0,0,2,2,2,2,2,2,2,2,2,2,2,2,2,2,2,2,2,2,2,2,2,2,2,2,1,1,1,1,0,0,0,0,0,0,,,,,,,,,,,,,,,,,,,,,,,,,,,,,,,,,,,,,,,,,,,,,,,,
16494,500,15971,16503,16493,1,50,50,52,52,37,37,40,40,46,46,50,50,140,140,972,972,1169,1169,1063,1063,998,998,955,955,867,867,910,910,924,924,943,943,977,977,1031,1031,947,947,393,393,252,252,170,170,124,124,63,63,,,,,,,,,,,,,,,,,,,,,,,,,,,,,,,,,,,,,,,,,,,,,,,,
16495,1600,16504,16496,,0,0,0,0,0,0,0,0,0,0,0,0,0,0,0,2,2,2,2,2,2,2,2,2,2,2,2,2,2,2,2,2,2,2,2,2,2,2,2,1,1,1,1,0,0,0,0,0,0,,,,,,,,,,,,,,,,,,,,,,,,,,,,,,,,,,,,,,,,,,,,,,,,
16496,1200,15967,15974,16497;16495,2,0,0,0,0,0,0,0,0,0,0,0,0,0,0,2,2,2,2,2,2,2,2,2,2,2,2,2,2,2,2,2,2,2,2,2,2,2,2,1,1,1,1,0,0,0,0,0,0,,,,,,,,,,,,,,,,,,,,,,,,,,,,,,,,,,,,,,,,,,,,,,,,
16497,1200,16496,,16498,1,0,0,0,0,0,0,0,0,0,0,0,0,0,0,2,2,2,2,2,2,2,2,2,2,1,1,1,1,2,2,2,2,2,2,2,2,2,2,1,1,0,0,0,0,0,0,0,0,,,,,,,,,,,,,,,,,,,,,,,,,,,,,,,,,,,,,,,,,,,,,,,,
16498,300,16499,15947,16497,1,0,0,0,0,0,0,0,0,0,0,0,0,0,0,2,2,2,2,2,2,2,2,1,1,1,1,1,1,1,1,1,1,1,1,2,2,1,1,1,1,0,0,0,0,0,0,0,0,,,,,,,,,,,,,,,,,,,,,,,,,,,,,,,,,,,,,,,,,,,,,,,,
16499,600,16498,,16500,1,0,0,0,0,0,0,0,0,0,0,0,0,0,0,1,1,2,2,2,2,2,2,1,1,1,1,1,1,1,1,1,1,1,1,1,1,1,1,1,1,0,0,0,0,0,0,0,0,,,,,,,,,,,,,,,,,,,,,,,,,,,,,,,,,,,,,,,,,,,,,,,,
165,300,154,166,155,1,0,0,0,0,0,0,0,0,0,0,0,0,0,0,7,7,8,8,7,7,7,7,7,7,6,6,6,6,6,6,7,7,7,7,7,7,7,7,1,1,1,1,1,1,0,0,0,0,,,,,,,,,,,,,,,,,,,,,,,,,,,,,,,,,,,,,,,,,,,,,,,,
16500,300,,15944,16501;16499,2,0,0,0,0,0,0,0,0,0,0,0,0,0,0,1,1,2,2,1,1,1,1,1,1,1,1,1,1,1,1,1,1,1,1,1,1,1,1,1,1,0,0,0,0,0,0,0,0,,,,,,,,,,,,,,,,,,,,,,,,,,,,,,,,,,,,,,,,,,,,,,,,
16501,400,16500,16502,,0,0,0,0,0,0,0,0,0,0,0,0,0,0,0,1,1,2,2,1,1,1,1,1,1,1,1,1,1,1,1,1,1,1,1,1,1,1,1,1,1,0,0,0,0,0,0,0,0,,,,,,,,,,,,,,,,,,,,,,,,,,,,,,,,,,,,,,,,,,,,,,,,
16502,1200,15941,,15983;16501,2,0,0,0,0,0,0,0,0,0,0,0,0,0,0,1,1,1,1,1,1,1,1,1,1,1,1,1,1,1,1,1,1,1,1,1,1,1,1,1,1,0,0,0,0,0,0,0,0,,,,,,,,,,,,,,,,,,,,,,,,,,,,,,,,,,,,,,,,,,,,,,,,
16503,2000,16504,16494,,0,50,50,52,52,37,37,40,40,46,46,50,50,140,140,972,972,1169,1169,1063,1063,998,998,955,955,867,867,910,910,924,924,943,943,977,977,1031,1031,947,947,393,393,252,252,170,170,124,124,63,63,,,,,,,,,,,,,,,,,,,,,,,,,,,,,,,,,,,,,,,,,,,,,,,,
16504,300,15969,16495,16503,1,0,0,0,0,0,0,0,0,0,0,0,0,0,0,2,2,2,2,2,2,2,2,2,2,2,2,2,2,2,2,2,2,2,2,2,2,2,2,1,1,1,1,0,0,0,0,0,0,,,,,,,,,,,,,,,,,,,,,,,,,,,,,,,,,,,,,,,,,,,,,,,,
16505,1200,15938,,16506,1,0,0,0,0,0,0,0,0,0,0,0,0,0,0,1,1,1,1,1,1,1,1,1,1,1,1,1,1,1,1,1,1,1,1,1,1,1,1,0,0,0,0,0,0,0,0,0,0,,,,,,,,,,,,,,,,,,,,,,,,,,,,,,,,,,,,,,,,,,,,,,,,
16506,1600,15933,15935,16505,1,0,0,0,0,0,0,0,0,0,0,0,0,0,0,1,1,1,1,1,1,1,1,1,1,1,1,1,1,1,1,1,1,1,1,1,1,1,1,0,0,0,0,0,0,0,0,0,0,,,,,,,,,,,,,,,,,,,,,,,,,,,,,,,,,,,,,,,,,,,,,,,,
16507,800,15945,16508,,0,0,0,0,0,0,0,0,0,0,0,0,0,0,0,1,1,1,1,1,1,1,1,1,1,1,1,1,1,1,1,1,1,1,1,1,1,1,1,0,0,0,0,0,0,0,0,0,0,,,,,,,,,,,,,,,,,,,,,,,,,,,,,,,,,,,,,,,,,,,,,,,,
16508,800,16509,15943,16507,1,0,0,0,0,0,0,0,0,0,0,0,0,0,0,1,1,1,1,1,1,1,1,1,1,1,1,1,1,1,1,1,1,1,1,1,1,1,1,0,0,0,0,0,0,0,0,0,0,,,,,,,,,,,,,,,,,,,,,,,,,,,,,,,,,,,,,,,,,,,,,,,,
16509,800,16508,16510,,0,0,0,0,0,0,0,0,0,0,0,0,0,0,0,1,1,1,1,1,1,1,1,1,1,1,1,1,1,1,1,1,1,1,1,1,1,1,1,0,0,0,0,0,0,0,0,0,0,,,,,,,,,,,,,,,,,,,,,,,,,,,,,,,,,,,,,,,,,,,,,,,,
16510,800,15939,16509,15937,1,0,0,0,0,0,0,0,0,0,0,0,0,0,0,1,1,1,1,1,1,1,1,1,1,1,1,1,1,1,1,1,1,1,1,1,1,1,1,0,0,0,0,0,0,0,0,0,0,,,,,,,,,,,,,,,,,,,,,,,,,,,,,,,,,,,,,,,,,,,,,,,,
16511,1200,16512,15982,,0,0,0,0,0,0,0,0,0,0,0,0,0,0,0,1,1,1,1,1,1,1,1,1,1,1,1,1,1,1,1,1,1,1,1,1,1,1,1,0,0,0,0,0,0,0,0,0,0,,,,,,,,,,,,,,,,,,,,,,,,,,,,,,,,,,,,,,,,,,,,,,,,
16512,800,15976,16511,16513,1,0,0,0,0,0,0,0,0,0,0,0,0,0,0,1,1,1,1,1,1,1,1,1,1,1,1,1,1,1,1,1,1,1,1,1,1,1,1,0,0,0,0,0,0,0,0,0,0,,,,,,,,,,,,,,,,,,,,,,,,,,,,,,,,,,,,,,,,,,,,,,,,
16513,400,16512,16514,,0,0,0,0,0,0,0,0,0,0,0,0,0,0,0,1,1,1,1,1,1,1,1,1,1,1,1,1,1,1,1,1,1,1,1,1,1,1,1,0,0,0,0,0,0,0,0,0,0,,,,,,,,,,,,,,,,,,,,,,,,,,,,,,,,,,,,,,,,,,,,,,,,
16514,1600,16515,16513,15975,1,0,0,0,0,0,0,0,0,0,0,0,0,0,0,1,1,1,1,1,1,1,1,1,1,1,1,1,1,1,1,1,1,1,1,1,1,1,1,0,0,0,0,0,0,0,0,0,0,,,,,,,,,,,,,,,,,,,,,,,,,,,,,,,,,,,,,,,,,,,,,,,,
16515,1600,16516,16514,,0,0,0,0,0,0,0,0,0,0,0,0,0,0,0,1,1,1,1,1,1,1,1,1,1,1,1,1,1,1,1,1,1,1,1,1,1,1,1,0,0,0,0,0,0,0,0,0,0,,,,,,,,,,,,,,,,,,,,,,,,,,,,,,,,,,,,,,,,,,,,,,,,
16516,800,16515,15971,16517,1,0,0,0,0,0,0,0,0,0,0,0,0,0,0,1,1,1,1,1,1,1,1,1,1,1,1,1,1,1,1,1,1,1,1,1,1,1,1,0,0,0,0,0,0,0,0,0,0,,,,,,,,,,,,,,,,,,,,,,,,,,,,,,,,,,,,,,,,,,,,,,,,
16517,1600,16518,16516,,0,0,0,0,0,0,0,0,0,0,0,0,0,0,0,1,1,1,1,1,1,1,1,1,1,1,1,1,1,1,1,1,1,1,1,1,1,1,1,0,0,0,0,0,0,0,0,0,0,,,,,,,,,,,,,,,,,,,,,,,,,,,,,,,,,,,,,,,,,,,,,,,,
16518,300,16519,15969,16517,1,0,0,0,0,0,0,0,0,0,0,0,0,0,0,1,1,1,1,1,1,1,1,1,1,1,1,1,1,1,1,1,1,1,1,1,1,1,1,0,0,0,0,0,0,0,0,0,0,,,,,,,,,,,,,,,,,,,,,,,,,,,,,,,,,,,,,,,,,,,,,,,,
16519,1600,16518,16520,,0,0,0,0,0,0,0,0,0,0,0,0,0,0,0,1,1,1,1,1,1,1,1,1,1,1,1,1,1,1,1,1,1,1,1,1,1,1,1,1,1,0,0,0,0,0,0,0,0,,,,,,,,,,,,,,,,,,,,,,,,,,,,,,,,,,,,,,,,,,,,,,,,
16520,1200,16521,16519,15955;15967,2,0,0,0,0,0,0,0,0,0,0,0,0,0,0,1,1,2,2,1,1,1,1,1,1,1,1,1,1,1,1,1,1,1,1,1,1,1,1,1,1,0,0,0,0,0,0,0,0,,,,,,,,,,,,,,,,,,,,,,,,,,,,,,,,,,,,,,,,,,,,,,,,
16521,800,,16522,16520,1,0,0,0,0,0,0,0,0,0,0,0,0,0,0,2,2,2,2,2,2,2,2,1,1,1,1,1,1,1,1,1,1,1,1,2,2,1,1,1,1,0,0,0,0,0,0,0,0,,,,,,,,,,,,,,,,,,,,,,,,,,,,,,,,,,,,,,,,,,,,,,,,
16522,300,15947,,16523;16521,2,0,0,0,0,0,0,0,0,0,0,0,0,0,0,2,2,2,2,2,2,2,2,2,2,1,1,1,1,1,1,1,1,2,2,2,2,2,2,1,1,0,0,0,0,0,0,0,0,,,,,,,,,,,,,,,,,,,,,,,,,,,,,,,,,,,,,,,,,,,,,,,,
16523,1600,16522,16524,,0,0,0,0,0,0,0,0,0,0,0,0,0,0,0,2,2,2,2,2,2,2,2,2,2,2,2,2,2,2,2,2,2,2,2,2,2,2,2,1,1,1,1,0,0,0,0,0,0,,,,,,,,,,,,,,,,,,,,,,,,,,,,,,,,,,,,,,,,,,,,,,,,
16524,800,15941,16523,16525,1,0,0,0,0,0,0,0,0,0,0,0,0,0,0,2,2,2,2,2,2,2,2,2,2,2,2,2,2,2,2,2,2,2,2,2,2,2,2,1,1,1,1,0,0,0,0,0,0,,,,,,,,,,,,,,,,,,,,,,,,,,,,,,,,,,,,,,,,,,,,,,,,
16525,1600,16524,16526,,0,0,0,0,0,0,0,0,0,0,0,0,0,0,0,2,2,2,2,2,2,2,2,2,2,2,2,2,2,2,2,2,2,2,2,2,2,2,2,1,1,1,1,0,0,0,0,0,0,,,,,,,,,,,,,,,,,,,,,,,,,,,,,,,,,,,,,,,,,,,,,,,,
16526,300,16525,15936,15979,1,0,0,0,0,0,0,0,0,0,0,0,0,0,0,2,2,2,2,2,2,2,2,2,2,2,2,2,2,2,2,2,2,2,2,2,2,2,2,1,1,1,1,0,0,0,0,0,0,,,,,,,,,,,,,,,,,,,,,,,,,,,,,,,,,,,,,,,,,,,,,,,,
16527,800,15930,16528,,0,0,0,0,0,0,0,0,0,0,0,0,0,0,0,1,1,1,1,1,1,1,1,1,1,1,1,1,1,1,1,1,1,1,1,1,1,1,1,0,0,0,0,0,0,0,0,0,0,,,,,,,,,,,,,,,,,,,,,,,,,,,,,,,,,,,,,,,,,,,,,,,,
16528,800,15931,16527,15934,1,0,0,0,0,0,0,0,0,0,0,0,0,0,0,1,1,1,1,1,1,1,1,1,1,1,1,1,1,1,1,1,1,1,1,1,1,1,1,0,0,0,0,0,0,0,0,0,0,,,,,,,,,,,,,,,,,,,,,,,,,,,,,,,,,,,,,,,,,,,,,,,,
16529,800,15946,16530,,0,0,0,0,0,0,0,0,0,0,0,0,0,0,0,1,1,2,2,1,1,1,1,1,1,1,1,1,1,1,1,1,1,1,1,1,1,1,1,1,1,0,0,0,0,0,0,0,0,,,,,,,,,,,,,,,,,,,,,,,,,,,,,,,,,,,,,,,,,,,,,,,,
16530,800,16529,15942,15968,1,0,0,0,0,0,0,0,0,0,0,0,0,0,0,2,2,2,2,2,2,2,2,2,2,2,2,2,2,2,2,2,2,2,2,2,2,2,2,1,1,1,1,0,0,0,0,0,0,,,,,,,,,,,,,,,,,,,,,,,,,,,,,,,,,,,,,,,,,,,,,,,,
16531,4400,16472,,16532,1,63,63,65,65,46,46,49,49,57,57,62,62,174,174,982,982,1182,1182,1077,1077,1043,1043,955,955,884,884,900,900,934,934,926,926,948,948,1012,1012,944,944,526,526,333,333,221,221,161,161,84,84,,,,,,,,,,,,,,,,,,,,,,,,,,,,,,,,,,,,,,,,,,,,,,,,
16532,1100,15972,16531,16533,1,63,63,65,65,46,46,49,49,57,57,62,62,174,174,982,982,1182,1182,1077,1077,1043,1043,955,955,884,884,900,900,934,934,926,926,948,948,1012,1012,944,944,526,526,333,333,221,221,161,161,84,84,,,,,,,,,,,,,,,,,,,,,,,,,,,,,,,,,,,,,,,,,,,,,,,,
16533,4400,16532,16534,,0,63,63,65,65,46,46,49,49,57,57,62,62,174,174,982,982,1182,1182,1077,1077,1043,1043,955,955,884,884,900,900,934,934,926,926,948,948,1012,1012,944,944,526,526,333,333,221,221,161,161,84,84,,,,,,,,,,,,,,,,,,,,,,,,,,,,,,,,,,,,,,,,,,,,,,,,
16534,800,15942,,16535;16533,2,2,2,2,2,1,1,1,1,1,1,2,2,4,4,25,25,30,30,27,27,27,27,24,24,22,22,23,23,24,24,23,23,24,24,26,26,24,24,13,13,9,9,6,6,4,4,2,2,,,,,,,,,,,,,,,,,,,,,,,,,,,,,,,,,,,,,,,,,,,,,,,,
16535,4400,16534,16536,,0,63,63,65,65,46,46,49,49,57,57,62,62,174,174,982,982,1182,1182,1077,1077,1043,1043,955,955,884,884,900,900,934,934,926,926,948,948,1012,1012,944,944,526,526,333,333,221,221,161,161,84,84,,,,,,,,,,,,,,,,,,,,,,,,,,,,,,,,,,,,,,,,,,,,,,,,
16536,800,16535,15929,,0,1,1,1,1,1,1,1,1,1,1,1,1,4,4,20,20,24,24,22,22,22,22,20,20,18,18,19,19,19,19,19,19,20,20,21,21,19,19,11,11,7,7,5,5,3,3,2,2,,,,,,,,,,,,,,,,,,,,,,,,,,,,,,,,,,,,,,,,,,,,,,,,
16537,800,14024,16659,,0,53,53,55,55,38,38,42,42,48,48,53,53,146,146,715,715,891,891,804,804,768,768,707,707,638,638,676,676,679,679,669,669,696,696,738,738,671,671,411,411,264,264,178,178,130,130,66,66,,,,,,,,,,,,,,,,,,,,,,,,,,,,,,,,,,,,,,,,,,,,,,,,
16538,4400,16662,tran_2bd64ccb-e656-4214-b4bf-96d3e423c1b1,,0,0,0,0,0,0,0,0,0,0,0,0,0,0,0,1138,1138,1201,1201,1284,1284,1257,1257,1168,1168,1084,1084,1145,1145,1051,1051,1179,1179,1173,1173,1211,1211,1091,1091,0,0,0,0,0,0,0,0,0,0,,,,,,,,,,,,,,,,,,,,,,,,,,,,,,,,,,,,,,,,,,,,,,,,
16539,3000,16541,16661,16660;16548,2,22,22,23,23,16,16,18,18,21,21,22,22,62,62,1062,1062,1179,1179,1197,1197,1164,1164,1079,1079,993,993,1050,1050,989,989,1070,1070,1077,1077,1120,1120,1012,1012,175,175,112,112,76,76,55,55,28,28,,,,,,,,,,,,,,,,,,,,,,,,,,,,,,,,,,,,,,,,,,,,,,,,
16540,4400,tran_d357b143-7c80-4d0f-8f7a-a1259bc84e93,16543,,0,21,21,20,20,14,14,14,14,17,17,20,20,56,56,1240,1240,1312,1312,1316,1316,1316,1316,1198,1198,1166,1166,1120,1120,1166,1166,1239,1239,1215,1215,1293,1293,1242,1242,268,268,158,158,95,95,70,70,44,44,,,,,,,,,,,,,,,,,,,,,,,,,,,,,,,,,,,,,,,,,,,,,,,,
16541,2000,16539,16543,,0,22,22,23,23,16,16,18,18,21,21,22,22,62,62,1062,1062,1179,1179,1197,1197,1164,1164,1079,1079,993,993,1050,1050,989,989,1070,1070,1077,1077,1120,1120,1012,1012,175,175,112,112,76,76,55,55,28,28,,,,,,,,,,,,,,,,,,,,,,,,,,,,,,,,,,,,,,,,,,,,,,,,
16542,3000,tran_2bd64ccb-e656-4214-b4bf-96d3e423c1b1,16888,,0,22,22,23,23,16,16,18,18,21,21,22,22,62,62,1062,1062,1179,1179,1197,1197,1164,1164,1079,1079,993,993,1050,1050,989,989,1070,1070,1077,1077,1120,1120,1012,1012,175,175,112,112,76,76,55,55,28,28,,,,,,,,,,,,,,,,,,,,,,,,,,,,,,,,,,,,,,,,,,,,,,,,
16543,2500,16551,16540,16541;16545,2,22,22,23,23,16,16,18,18,21,21,22,22,62,62,1062,1062,1179,1179,1197,1197,1164,1164,1079,1079,993,993,1050,1050,989,989,1070,1070,1077,1077,1120,1120,1012,1012,175,175,112,112,76,76,55,55,28,28,,,,,,,,,,,,,,,,,,,,,,,,,,,,,,,,,,,,,,,,,,,,,,,,
16544,4400,16546,16659,,0,22,22,23,23,16,16,18,18,21,21,22,22,62,62,1062,1062,1179,1179,1197,1197,1164,1164,1079,1079,993,993,1050,1050,989,989,1070,1070,1077,1077,1120,1120,1012,1012,175,175,112,112,76,76,55,55,28,28,,,,,,,,,,,,,,,,,,,,,,,,,,,,,,,,,,,,,,,,,,,,,,,,
16545,2000,16543,16546,,0,22,22,23,23,16,16,18,18,21,21,22,22,62,62,1062,1062,1179,1179,1197,1197,1164,1164,1079,1079,993,993,1050,1050,989,989,1070,1070,1077,1077,1120,1120,1012,1012,175,175,112,112,76,76,55,55,28,28,,,,,,,,,,,,,,,,,,,,,,,,,,,,,,,,,,,,,,,,,,,,,,,,
16546,3000,16545,16547,16544;16552,2,22,22,23,23,16,16,18,18,21,21,22,22,62,62,1062,1062,1179,1179,1197,1197,1164,1164,1079,1079,993,993,1050,1050,989,989,1070,1070,1077,1077,1120,1120,1012,1012,175,175,112,112,76,76,55,55,28,28,,,,,,,,,,,,,,,,,,,,,,,,,,,,,,,,,,,,,,,,,,,,,,,,
16547,2000,13733,16546,,0,22,22,23,23,16,16,18,18,21,21,22,22,62,62,1062,1062,1179,1179,1197,1197,1164,1164,1079,1079,993,993,1050,1050,989,989,1070,1070,1077,1077,1120,1120,1012,1012,175,175,112,112,76,76,55,55,28,28,,,,,,,,,,,,,,,,,,,,,,,,,,,,,,,,,,,,,,,,,,,,,,,,
16548,2500,16550,16539,,0,22,22,23,23,16,16,18,18,21,21,22,22,62,62,1062,1062,1179,1179,1197,1197,1164,1164,1079,1079,993,993,1050,1050,989,989,1070,1070,1077,1077,1120,1120,1012,1012,175,175,112,112,76,76,55,55,28,28,,,,,,,,,,,,,,,,,,,,,,,,,,,,,,,,,,,,,,,,,,,,,,,,
16549,2500,16550,16888,,0,22,22,23,23,16,16,18,18,21,21,22,22,62,62,1062,1062,1179,1179,1197,1197,1164,1164,1079,1079,993,993,1050,1050,989,989,1070,1070,1077,1077,1120,1120,1012,1012,175,175,112,112,76,76,55,55,28,28,,,,,,,,,,,,,,,,,,,,,,,,,,,,,,,,,,,,,,,,,,,,,,,,
16550,3000,16549,16646,16548;16644,2,22,22,23,23,16,16,18,18,21,21,22,22,62,62,1062,1062,1179,1179,1197,1197,1164,1164,1079,1079,993,993,1050,1050,989,989,1070,1070,1077,1077,1120,1120,1012,1012,175,175,112,112,76,76,55,55,28,28,,,,,,,,,,,,,,,,,,,,,,,,,,,,,,,,,,,,,,,,,,,,,,,,
16551,2500,16543,16647,,0,22,22,23,23,16,16,18,18,21,21,22,22,62,62,1062,1062,1179,1179,1197,1197,1164,1164,1079,1079,993,993,1050,1050,989,989,1070,1070,1077,1077,1120,1120,1012,1012,175,175,112,112,76,76,55,55,28,28,,,,,,,,,,,,,,,,,,,,,,,,,,,,,,,,,,,,,,,,,,,,,,,,
16552,4400,16554,16546,,0,22,22,23,23,16,16,18,18,21,21,22,22,62,62,1062,1062,1179,1179,1197,1197,1164,1164,1079,1079,993,993,1050,1050,989,989,1070,1070,1077,1077,1120,1120,1012,1012,175,175,112,112,76,76,55,55,28,28,,,,,,,,,,,,,,,,,,,,,,,,,,,,,,,,,,,,,,,,,,,,,,,,
16553,2000,16554,16647,,0,22,22,23,23,16,16,18,18,21,21,22,22,62,62,1062,1062,1179,1179,1197,1197,1164,1164,1079,1079,993,993,1050,1050,989,989,1070,1070,1077,1077,1120,1120,1012,1012,175,175,112,112,76,76,55,55,28,28,,,,,,,,,,,,,,,,,,,,,,,,,,,,,,,,,,,,,,,,,,,,,,,,
16554,3000,16556,16553,16552;16558,2,22,22,23,23,16,16,18,18,21,21,22,22,62,62,1062,1062,1179,1179,1197,1197,1164,1164,1079,1079,993,993,1050,1050,989,989,1070,1070,1077,1077,1120,1120,1012,1012,175,175,112,112,76,76,55,55,28,28,,,,,,,,,,,,,,,,,,,,,,,,,,,,,,,,,,,,,,,,,,,,,,,,
16555,1600,16643,13733,,0,0,0,0,0,0,0,0,0,0,0,0,0,1,1,7,7,8,8,7,7,7,7,6,6,6,6,6,6,6,6,6,6,7,7,7,7,6,6,2,2,1,1,1,1,1,1,0,0,,,,,,,,,,,,,,,,,,,,,,,,,,,,,,,,,,,,,,,,,,,,,,,,
16556,2500,16643,16554,,0,22,22,23,23,16,16,18,18,21,21,22,22,62,62,1062,1062,1179,1179,1197,1197,1164,1164,1079,1079,993,993,1050,1050,989,989,1070,1070,1077,1077,1120,1120,1012,1012,175,175,112,112,76,76,55,55,28,28,,,,,,,,,,,,,,,,,,,,,,,,,,,,,,,,,,,,,,,,,,,,,,,,
16557,1500,16559,16645,,0,22,22,23,23,16,16,18,18,21,21,22,22,62,62,1062,1062,1179,1179,1197,1197,1164,1164,1079,1079,993,993,1050,1050,989,989,1070,1070,1077,1077,1120,1120,1012,1012,175,175,112,112,76,76,55,55,28,28,,,,,,,,,,,,,,,,,,,,,,,,,,,,,,,,,,,,,,,,,,,,,,,,
16558,4400,16562,16554,,0,22,22,23,23,16,16,18,18,21,21,22,22,62,62,1062,1062,1179,1179,1197,1197,1164,1164,1079,1079,993,993,1050,1050,989,989,1070,1070,1077,1077,1120,1120,1012,1012,175,175,112,112,76,76,55,55,28,28,,,,,,,,,,,,,,,,,,,,,,,,,,,,,,,,,,,,,,,,,,,,,,,,
16559,3000,16557,16561,16812;16560,2,22,22,23,23,16,16,18,18,21,21,22,22,62,62,1062,1062,1179,1179,1197,1197,1164,1164,1079,1079,993,993,1050,1050,989,989,1070,1070,1077,1077,1120,1120,1012,1012,175,175,112,112,76,76,55,55,28,28,,,,,,,,,,,,,,,,,,,,,,,,,,,,,,,,,,,,,,,,,,,,,,,,
16560,4400,16559,16562,,0,22,22,23,23,16,16,18,18,21,21,22,22,62,62,1062,1062,1179,1179,1197,1197,1164,1164,1079,1079,993,993,1050,1050,989,989,1070,1070,1077,1077,1120,1120,1012,1012,175,175,112,112,76,76,55,55,28,28,,,,,,,,,,,,,,,,,,,,,,,,,,,,,,,,,,,,,,,,,,,,,,,,
16561,2000,16563,16559,,0,22,22,23,23,16,16,18,18,21,21,22,22,62,62,1062,1062,1179,1179,1197,1197,1164,1164,1079,1079,993,993,1050,1050,989,989,1070,1070,1077,1077,1120,1120,1012,1012,175,175,112,112,76,76,55,55,28,28,,,,,,,,,,,,,,,,,,,,,,,,,,,,,,,,,,,,,,,,,,,,,,,,
16562,4400,16566,16558,16560;16564,2,22,22,23,23,16,16,18,18,21,21,22,22,62,62,1062,1062,1179,1179,1197,1197,1164,1164,1079,1079,993,993,1050,1050,989,989,1070,1070,1077,1077,1120,1120,1012,1012,175,175,112,112,76,76,55,55,28,28,,,,,,,,,,,,,,,,,,,,,,,,,,,,,,,,,,,,,,,,,,,,,,,,
16563,1600,16565,16902,16561;16570,2,0,0,0,0,0,0,0,0,0,0,0,0,1,1,7,7,8,8,8,8,7,7,7,7,6,6,7,7,6,6,7,7,7,7,7,7,7,7,1,1,1,1,1,1,0,0,0,0,,,,,,,,,,,,,,,,,,,,,,,,,,,,,,,,,,,,,,,,,,,,,,,,
16564,4400,13791,16562,,0,0,0,0,0,0,0,0,0,0,0,0,0,0,0,1138,1138,1201,1201,1284,1284,1257,1257,1168,1168,1084,1084,1145,1145,1051,1051,1179,1179,1173,1173,1211,1211,1091,1091,0,0,0,0,0,0,0,0,0,0,,,,,,,,,,,,,,,,,,,,,,,,,,,,,,,,,,,,,,,,,,,,,,,,
16565,1200,16634,16563,,0,0,0,0,0,0,0,0,0,0,0,0,0,0,0,5,5,6,6,6,6,6,6,5,5,5,5,5,5,5,5,5,5,6,6,6,6,5,5,1,1,1,1,0,0,0,0,0,0,,,,,,,,,,,,,,,,,,,,,,,,,,,,,,,,,,,,,,,,,,,,,,,,
16566,4400,16567,16562,,0,22,22,23,23,16,16,18,18,21,21,22,22,62,62,1062,1062,1179,1179,1197,1197,1164,1164,1079,1079,993,993,1050,1050,989,989,1070,1070,1077,1077,1120,1120,1012,1012,175,175,112,112,76,76,55,55,28,28,,,,,,,,,,,,,,,,,,,,,,,,,,,,,,,,,,,,,,,,,,,,,,,,
16567,2000,16633,16569,16566;16573,2,22,22,23,23,16,16,18,18,21,21,22,22,62,62,1062,1062,1179,1179,1197,1197,1164,1164,1079,1079,993,993,1050,1050,989,989,1070,1070,1077,1077,1120,1120,1012,1012,175,175,112,112,76,76,55,55,28,28,,,,,,,,,,,,,,,,,,,,,,,,,,,,,,,,,,,,,,,,,,,,,,,,
16568,2500,16843,16929,,0,22,22,23,23,16,16,18,18,21,21,22,22,62,62,1062,1062,1179,1179,1197,1197,1164,1164,1079,1079,993,993,1050,1050,989,989,1070,1070,1077,1077,1120,1120,1012,1012,175,175,112,112,76,76,55,55,28,28,,,,,,,,,,,,,,,,,,,,,,,,,,,,,,,,,,,,,,,,,,,,,,,,
16569,1500,16632,16567,,0,22,22,23,23,16,16,18,18,21,21,22,22,62,62,1062,1062,1179,1179,1197,1197,1164,1164,1079,1079,993,993,1050,1050,989,989,1070,1070,1077,1077,1120,1120,1012,1012,175,175,112,112,76,76,55,55,28,28,,,,,,,,,,,,,,,,,,,,,,,,,,,,,,,,,,,,,,,,,,,,,,,,
16570,2500,16563,16571,,0,22,22,23,23,16,16,18,18,21,21,22,22,62,62,1062,1062,1179,1179,1197,1197,1164,1164,1079,1079,993,993,1050,1050,989,989,1070,1070,1077,1077,1120,1120,1012,1012,175,175,112,112,76,76,55,55,28,28,,,,,,,,,,,,,,,,,,,,,,,,,,,,,,,,,,,,,,,,,,,,,,,,
16571,2500,16574,16897,16570;16575,2,22,22,23,23,16,16,18,18,21,21,22,22,62,62,1062,1062,1179,1179,1197,1197,1164,1164,1079,1079,993,993,1050,1050,989,989,1070,1070,1077,1077,1120,1120,1012,1012,175,175,112,112,76,76,55,55,28,28,,,,,,,,,,,,,,,,,,,,,,,,,,,,,,,,,,,,,,,,,,,,,,,,
16572,2500,16636,16634,,0,22,22,23,23,16,16,18,18,21,21,22,22,62,62,1062,1062,1179,1179,1197,1197,1164,1164,1079,1079,993,993,1050,1050,989,989,1070,1070,1077,1077,1120,1120,1012,1012,175,175,112,112,76,76,55,55,28,28,,,,,,,,,,,,,,,,,,,,,,,,,,,,,,,,,,,,,,,,,,,,,,,,
16573,4400,16576,16567,,0,22,22,23,23,16,16,18,18,21,21,22,22,62,62,1062,1062,1179,1179,1197,1197,1164,1164,1079,1079,993,993,1050,1050,989,989,1070,1070,1077,1077,1120,1120,1012,1012,175,175,112,112,76,76,55,55,28,28,,,,,,,,,,,,,,,,,,,,,,,,,,,,,,,,,,,,,,,,,,,,,,,,
16574,1500,16636,16571,,0,22,22,23,23,16,16,18,18,21,21,22,22,62,62,1062,1062,1179,1179,1197,1197,1164,1164,1079,1079,993,993,1050,1050,989,989,1070,1070,1077,1077,1120,1120,1012,1012,175,175,112,112,76,76,55,55,28,28,,,,,,,,,,,,,,,,,,,,,,,,,,,,,,,,,,,,,,,,,,,,,,,,
16575,2000,16571,16578,,0,22,22,23,23,16,16,18,18,21,21,22,22,62,62,1062,1062,1179,1179,1197,1197,1164,1164,1079,1079,993,993,1050,1050,989,989,1070,1070,1077,1077,1120,1120,1012,1012,175,175,112,112,76,76,55,55,28,28,,,,,,,,,,,,,,,,,,,,,,,,,,,,,,,,,,,,,,,,,,,,,,,,
16576,2500,16579,16635,16573;16580,2,22,22,23,23,16,16,18,18,21,21,22,22,62,62,1062,1062,1179,1179,1197,1197,1164,1164,1079,1079,993,993,1050,1050,989,989,1070,1070,1077,1077,1120,1120,1012,1012,175,175,112,112,76,76,55,55,28,28,,,,,,,,,,,,,,,,,,,,,,,,,,,,,,,,,,,,,,,,,,,,,,,,
16577,3000,16632,16638,,0,22,22,23,23,16,16,18,18,21,21,22,22,62,62,1062,1062,1179,1179,1197,1197,1164,1164,1079,1079,993,993,1050,1050,989,989,1070,1070,1077,1077,1120,1120,1012,1012,175,175,112,112,76,76,55,55,28,28,,,,,,,,,,,,,,,,,,,,,,,,,,,,,,,,,,,,,,,,,,,,,,,,
16578,3000,16997,16581,16575;16582,2,22,22,23,23,16,16,18,18,21,21,22,22,62,62,1062,1062,1179,1179,1197,1197,1164,1164,1079,1079,993,993,1050,1050,989,989,1070,1070,1077,1077,1120,1120,1012,1012,175,175,112,112,76,76,55,55,28,28,,,,,,,,,,,,,,,,,,,,,,,,,,,,,,,,,,,,,,,,,,,,,,,,
16579,1500,16638,16576,,0,22,22,23,23,16,16,18,18,21,21,22,22,62,62,1062,1062,1179,1179,1197,1197,1164,1164,1079,1079,993,993,1050,1050,989,989,1070,1070,1077,1077,1120,1120,1012,1012,175,175,112,112,76,76,55,55,28,28,,,,,,,,,,,,,,,,,,,,,,,,,,,,,,,,,,,,,,,,,,,,,,,,
16580,4400,16583,16576,,0,22,22,23,23,16,16,18,18,21,21,22,22,62,62,1062,1062,1179,1179,1197,1197,1164,1164,1079,1079,993,993,1050,1050,989,989,1070,1070,1077,1077,1120,1120,1012,1012,175,175,112,112,76,76,55,55,28,28,,,,,,,,,,,,,,,,,,,,,,,,,,,,,,,,,,,,,,,,,,,,,,,,
16581,2500,16578,16583,,0,22,22,23,23,16,16,18,18,21,21,22,22,62,62,1062,1062,1179,1179,1197,1197,1164,1164,1079,1079,993,993,1050,1050,989,989,1070,1070,1077,1077,1120,1120,1012,1012,175,175,112,112,76,76,55,55,28,28,,,,,,,,,,,,,,,,,,,,,,,,,,,,,,,,,,,,,,,,,,,,,,,,
16582,1600,16578,16621,,0,0,0,0,0,0,0,0,0,0,0,0,0,0,0,6,6,7,7,7,7,7,7,6,6,6,6,6,6,6,6,6,6,6,6,7,7,6,6,1,1,1,1,1,1,0,0,0,0,,,,,,,,,,,,,,,,,,,,,,,,,,,,,,,,,,,,,,,,,,,,,,,,
16583,3000,16585,16581,16580;16587,2,22,22,23,23,16,16,18,18,21,21,22,22,62,62,1062,1062,1179,1179,1197,1197,1164,1164,1079,1079,993,993,1050,1050,989,989,1070,1070,1077,1077,1120,1120,1012,1012,175,175,112,112,76,76,55,55,28,28,,,,,,,,,,,,,,,,,,,,,,,,,,,,,,,,,,,,,,,,,,,,,,,,
16584,2500,16628,16626,,0,22,22,23,23,16,16,18,18,21,21,22,22,62,62,1062,1062,1179,1179,1197,1197,1164,1164,1079,1079,993,993,1050,1050,989,989,1070,1070,1077,1077,1120,1120,1012,1012,175,175,112,112,76,76,55,55,28,28,,,,,,,,,,,,,,,,,,,,,,,,,,,,,,,,,,,,,,,,,,,,,,,,
16585,2000,16583,16586,,0,22,22,23,23,16,16,18,18,21,21,22,22,62,62,1062,1062,1179,1179,1197,1197,1164,1164,1079,1079,993,993,1050,1050,989,989,1070,1070,1077,1077,1120,1120,1012,1012,175,175,112,112,76,76,55,55,28,28,,,,,,,,,,,,,,,,,,,,,,,,,,,,,,,,,,,,,,,,,,,,,,,,
16586,3000,16585,16590,16625;16623,2,22,22,23,23,16,16,18,18,21,21,22,22,62,62,1062,1062,1179,1179,1197,1197,1164,1164,1079,1079,993,993,1050,1050,989,989,1070,1070,1077,1077,1120,1120,1012,1012,175,175,112,112,76,76,55,55,28,28,,,,,,,,,,,,,,,,,,,,,,,,,,,,,,,,,,,,,,,,,,,,,,,,
16587,4400,16583,16589,,0,0,0,0,0,0,0,0,0,0,0,0,0,0,0,1138,1138,1201,1201,1284,1284,1257,1257,1168,1168,1084,1084,1145,1145,1051,1051,1179,1179,1173,1173,1211,1211,1091,1091,0,0,0,0,0,0,0,0,0,0,,,,,,,,,,,,,,,,,,,,,,,,,,,,,,,,,,,,,,,,,,,,,,,,
16588,1600,16621,16640,,0,0,0,0,0,0,0,0,0,0,0,0,0,0,0,6,6,6,6,6,6,6,6,6,6,5,5,5,5,5,5,6,6,6,6,6,6,5,5,1,1,1,1,1,1,0,0,0,0,,,,,,,,,,,,,,,,,,,,,,,,,,,,,,,,,,,,,,,,,,,,,,,,
16589,2500,16591,16639,16587;16595,2,43,43,45,45,31,31,34,34,39,39,43,43,118,118,993,993,1158,1158,1118,1118,1079,1079,997,997,911,911,964,964,932,932,970,970,990,990,1038,1038,940,940,333,333,214,214,144,144,105,105,53,53,,,,,,,,,,,,,,,,,,,,,,,,,,,,,,,,,,,,,,,,,,,,,,,,
16590,2000,16586,13932,,0,50,50,52,52,37,37,40,40,46,46,50,50,140,140,972,972,1169,1169,1063,1063,998,998,955,955,867,867,910,910,924,924,943,943,977,977,1031,1031,947,947,393,393,252,252,170,170,124,124,63,63,,,,,,,,,,,,,,,,,,,,,,,,,,,,,,,,,,,,,,,,,,,,,,,,
16591,2000,16589,16624,,0,43,43,45,45,31,31,34,34,39,39,43,43,118,118,993,993,1158,1158,1118,1118,1079,1079,997,997,911,911,964,964,932,932,970,970,990,990,1038,1038,940,940,333,333,214,214,144,144,105,105,53,53,,,,,,,,,,,,,,,,,,,,,,,,,,,,,,,,,,,,,,,,,,,,,,,,
16592,1600,16640,16594,,0,0,0,0,0,0,0,0,0,0,0,0,0,1,1,12,12,13,13,13,13,13,13,12,12,11,11,11,11,11,11,12,12,12,12,12,12,11,11,2,2,2,2,1,1,1,1,0,0,,,,,,,,,,,,,,,,,,,,,,,,,,,,,,,,,,,,,,,,,,,,,,,,
16593,2000,16594,16678,,0,43,43,45,45,31,31,34,34,39,39,43,43,118,118,993,993,1158,1158,1118,1118,1079,1079,997,997,911,911,964,964,932,932,970,970,990,990,1038,1038,940,940,333,333,214,214,144,144,105,105,53,53,,,,,,,,,,,,,,,,,,,,,,,,,,,,,,,,,,,,,,,,,,,,,,,,
16594,2000,16592,16600,16593;16596,2,43,43,45,45,31,31,34,34,39,39,43,43,118,118,993,993,1158,1158,1118,1118,1079,1079,997,997,911,911,964,964,932,932,970,970,990,990,1038,1038,940,940,333,333,214,214,144,144,105,105,53,53,,,,,,,,,,,,,,,,,,,,,,,,,,,,,,,,,,,,,,,,,,,,,,,,
16595,4400,16598,16589,,0,67,67,70,70,49,49,53,53,62,62,67,67,186,186,910,910,1134,1134,1023,1023,977,977,900,900,812,812,861,861,864,864,851,851,886,886,939,939,854,854,524,524,336,336,227,227,165,165,84,84,,,,,,,,,,,,,,,,,,,,,,,,,,,,,,,,,,,,,,,,,,,,,,,,
16596,1500,16594,16598,,0,43,43,45,45,31,31,34,34,39,39,43,43,118,118,993,993,1158,1158,1118,1118,1079,1079,997,997,911,911,964,964,932,932,970,970,990,990,1038,1038,940,940,333,333,214,214,144,144,105,105,53,53,,,,,,,,,,,,,,,,,,,,,,,,,,,,,,,,,,,,,,,,,,,,,,,,
16597,4000,16624,13840,,0,67,67,70,70,49,49,53,53,62,62,67,67,186,186,910,910,1134,1134,1023,1023,977,977,900,900,812,812,861,861,864,864,851,851,886,886,939,939,854,854,524,524,336,336,227,227,165,165,84,84,,,,,,,,,,,,,,,,,,,,,,,,,,,,,,,,,,,,,,,,,,,,,,,,
16598,2500,16599,16596,16595;16601,2,43,43,45,45,31,31,34,34,39,39,43,43,118,118,993,993,1158,1158,1118,1118,1079,1079,997,997,911,911,964,964,932,932,970,970,990,990,1038,1038,940,940,333,333,214,214,144,144,105,105,53,53,,,,,,,,,,,,,,,,,,,,,,,,,,,,,,,,,,,,,,,,,,,,,,,,
16599,2000,16598,16656,,0,43,43,45,45,31,31,34,34,39,39,43,43,118,118,993,993,1158,1158,1118,1118,1079,1079,997,997,911,911,964,964,932,932,970,970,990,990,1038,1038,940,940,333,333,214,214,144,144,105,105,53,53,,,,,,,,,,,,,,,,,,,,,,,,,,,,,,,,,,,,,,,,,,,,,,,,
166,4400,9896,154,146;147;164;165;155;17716,6,27,27,28,28,20,20,21,21,25,25,27,27,74,74,1049,1049,1182,1182,1170,1170,1126,1126,1056,1056,970,970,1022,1022,982,982,1052,1052,1066,1066,1112,1112,1010,1010,210,210,134,134,91,91,66,66,34,34,,,,,,,,,,,,,,,,,,,,,,,,,,,,,,,,,,,,,,,,,,,,,,,,
16600,1600,16658,16594,,0,3,3,3,3,2,2,2,2,3,3,3,3,9,9,73,73,85,85,82,82,79,79,73,73,67,67,71,71,68,68,71,71,73,73,76,76,69,69,24,24,16,16,11,11,8,8,4,4,,,,,,,,,,,,,,,,,,,,,,,,,,,,,,,,,,,,,,,,,,,,,,,,
16601,4400,16598,16602,,0,43,43,45,45,31,31,34,34,39,39,43,43,118,118,993,993,1158,1158,1118,1118,1079,1079,997,997,911,911,964,964,932,932,970,970,990,990,1038,1038,940,940,333,333,214,214,144,144,105,105,53,53,,,,,,,,,,,,,,,,,,,,,,,,,,,,,,,,,,,,,,,,,,,,,,,,
16602,2500,16603,16657,16601;16605,2,43,43,45,45,31,31,34,34,39,39,43,43,118,118,993,993,1158,1158,1118,1118,1079,1079,997,997,911,911,964,964,932,932,970,970,990,990,1038,1038,940,940,333,333,214,214,144,144,105,105,53,53,,,,,,,,,,,,,,,,,,,,,,,,,,,,,,,,,,,,,,,,,,,,,,,,
16603,2000,16602,16652,,0,43,43,45,45,31,31,34,34,39,39,43,43,118,118,993,993,1158,1158,1118,1118,1079,1079,997,997,911,911,964,964,932,932,970,970,990,990,1038,1038,940,940,333,333,214,214,144,144,105,105,53,53,,,,,,,,,,,,,,,,,,,,,,,,,,,,,,,,,,,,,,,,,,,,,,,,
16604,2500,13851,16654,,0,67,67,70,70,49,49,53,53,62,62,67,67,186,186,910,910,1134,1134,1023,1023,977,977,900,900,812,812,861,861,864,864,851,851,886,886,939,939,854,854,524,524,336,336,227,227,165,165,84,84,,,,,,,,,,,,,,,,,,,,,,,,,,,,,,,,,,,,,,,,,,,,,,,,
16605,4400,16602,16607,,0,43,43,45,45,31,31,34,34,39,39,43,43,118,118,993,993,1158,1158,1118,1118,1079,1079,997,997,911,911,964,964,932,932,970,970,990,990,1038,1038,940,940,333,333,214,214,144,144,105,105,53,53,,,,,,,,,,,,,,,,,,,,,,,,,,,,,,,,,,,,,,,,,,,,,,,,
16606,2500,16624,16656,,0,43,43,45,45,31,31,34,34,39,39,43,43,118,118,993,993,1158,1158,1118,1118,1079,1079,997,997,911,911,964,964,932,932,970,970,990,990,1038,1038,940,940,333,333,214,214,144,144,105,105,53,53,,,,,,,,,,,,,,,,,,,,,,,,,,,,,,,,,,,,,,,,,,,,,,,,
16607,4400,16788,16608,16605;16610,2,43,43,45,45,31,31,34,34,39,39,43,43,118,118,993,993,1158,1158,1118,1118,1079,1079,997,997,911,911,964,964,932,932,970,970,990,990,1038,1038,940,940,333,333,214,214,144,144,105,105,53,53,,,,,,,,,,,,,,,,,,,,,,,,,,,,,,,,,,,,,,,,,,,,,,,,
16608,4400,16607,16609,,0,43,43,45,45,31,31,34,34,39,39,43,43,118,118,993,993,1158,1158,1118,1118,1079,1079,997,997,911,911,964,964,932,932,970,970,990,990,1038,1038,940,940,333,333,214,214,144,144,105,105,53,53,,,,,,,,,,,,,,,,,,,,,,,,,,,,,,,,,,,,,,,,,,,,,,,,
16609,4400,16651,16612,16608;16617,2,43,43,45,45,31,31,34,34,39,39,43,43,118,118,993,993,1158,1158,1118,1118,1079,1079,997,997,911,911,964,964,932,932,970,970,990,990,1038,1038,940,940,333,333,214,214,144,144,105,105,53,53,,,,,,,,,,,,,,,,,,,,,,,,,,,,,,,,,,,,,,,,,,,,,,,,
16610,4400,16611,16607,,0,43,43,45,45,31,31,34,34,39,39,43,43,118,118,993,993,1158,1158,1118,1118,1079,1079,997,997,911,911,964,964,932,932,970,970,990,990,1038,1038,940,940,333,333,214,214,144,144,105,105,53,53,,,,,,,,,,,,,,,,,,,,,,,,,,,,,,,,,,,,,,,,,,,,,,,,
16611,3000,16691,16613,16610;16616,2,43,43,45,45,31,31,34,34,39,39,43,43,118,118,993,993,1158,1158,1118,1118,1079,1079,997,997,911,911,964,964,932,932,970,970,990,990,1038,1038,940,940,333,333,214,214,144,144,105,105,53,53,,,,,,,,,,,,,,,,,,,,,,,,,,,,,,,,,,,,,,,,,,,,,,,,
16612,3300,16609,16614,,0,43,43,45,45,31,31,34,34,39,39,43,43,118,118,993,993,1158,1158,1118,1118,1079,1079,997,997,911,911,964,964,932,932,970,970,990,990,1038,1038,940,940,333,333,214,214,144,144,105,105,53,53,,,,,,,,,,,,,,,,,,,,,,,,,,,,,,,,,,,,,,,,,,,,,,,,
16613,2000,16614,16611,,0,43,43,45,45,31,31,34,34,39,39,43,43,118,118,993,993,1158,1158,1118,1118,1079,1079,997,997,911,911,964,964,932,932,970,970,990,990,1038,1038,940,940,333,333,214,214,144,144,105,105,53,53,,,,,,,,,,,,,,,,,,,,,,,,,,,,,,,,,,,,,,,,,,,,,,,,
16614,3000,16613,16615,16612;16618,2,43,43,45,45,31,31,34,34,39,39,43,43,118,118,993,993,1158,1158,1118,1118,1079,1079,997,997,911,911,964,964,932,932,970,970,990,990,1038,1038,940,940,333,333,214,214,144,144,105,105,53,53,,,,,,,,,,,,,,,,,,,,,,,,,,,,,,,,,,,,,,,,,,,,,,,,
16615,2500,16614,16642,,0,43,43,45,45,31,31,34,34,39,39,43,43,118,118,993,993,1158,1158,1118,1118,1079,1079,997,997,911,911,964,964,932,932,970,970,990,990,1038,1038,940,940,333,333,214,214,144,144,105,105,53,53,,,,,,,,,,,,,,,,,,,,,,,,,,,,,,,,,,,,,,,,,,,,,,,,
16616,4400,16611,16619,,0,43,43,45,45,31,31,34,34,39,39,43,43,118,118,993,993,1158,1158,1118,1118,1079,1079,997,997,911,911,964,964,932,932,970,970,990,990,1038,1038,940,940,333,333,214,214,144,144,105,105,53,53,,,,,,,,,,,,,,,,,,,,,,,,,,,,,,,,,,,,,,,,,,,,,,,,
16617,4400,16609,16650,,0,43,43,45,45,31,31,34,34,39,39,43,43,118,118,993,993,1158,1158,1118,1118,1079,1079,997,997,911,911,964,964,932,932,970,970,990,990,1038,1038,940,940,333,333,214,214,144,144,105,105,53,53,,,,,,,,,,,,,,,,,,,,,,,,,,,,,,,,,,,,,,,,,,,,,,,,
16618,4400,16614,11841,,0,43,43,45,45,31,31,34,34,39,39,43,43,118,118,993,993,1158,1158,1118,1118,1079,1079,997,997,911,911,964,964,932,932,970,970,990,990,1038,1038,940,940,333,333,214,214,144,144,105,105,53,53,,,,,,,,,,,,,,,,,,,,,,,,,,,,,,,,,,,,,,,,,,,,,,,,
16619,4400,16789,11840,16616;12366,2,67,67,70,70,49,49,53,53,62,62,67,67,186,186,910,910,1134,1134,1023,1023,977,977,900,900,812,812,861,861,864,864,851,851,886,886,939,939,854,854,524,524,336,336,227,227,165,165,84,84,,,,,,,,,,,,,,,,,,,,,,,,,,,,,,,,,,,,,,,,,,,,,,,,
16620,2000,16642,16650,,0,43,43,45,45,31,31,34,34,39,39,43,43,118,118,993,993,1158,1158,1118,1118,1079,1079,997,997,911,911,964,964,932,932,970,970,990,990,1038,1038,940,940,333,333,214,214,144,144,105,105,53,53,,,,,,,,,,,,,,,,,,,,,,,,,,,,,,,,,,,,,,,,,,,,,,,,
16621,1200,16588,16957,16582;16890;16875,3,53,53,55,55,38,38,42,42,48,48,53,53,146,146,715,715,891,891,804,804,768,768,707,707,638,638,676,676,679,679,669,669,696,696,738,738,671,671,411,411,264,264,178,178,130,130,66,66,,,,,,,,,,,,,,,,,,,,,,,,,,,,,,,,,,,,,,,,,,,,,,,,
16622,2500,16658,16679,16907,1,43,43,45,45,31,31,34,34,39,39,43,43,118,118,993,993,1158,1158,1118,1118,1079,1079,997,997,911,911,964,964,932,932,970,970,990,990,1038,1038,940,940,333,333,214,214,144,144,105,105,53,53,,,,,,,,,,,,,,,,,,,,,,,,,,,,,,,,,,,,,,,,,,,,,,,,
16623,2500,16624,16586,,0,43,43,45,45,31,31,34,34,39,39,43,43,118,118,993,993,1158,1158,1118,1118,1079,1079,997,997,911,911,964,964,932,932,970,970,990,990,1038,1038,940,940,333,333,214,214,144,144,105,105,53,53,,,,,,,,,,,,,,,,,,,,,,,,,,,,,,,,,,,,,,,,,,,,,,,,
16624,2500,16597,16591,16623;16606,2,43,43,45,45,31,31,34,34,39,39,43,43,118,118,993,993,1158,1158,1118,1118,1079,1079,997,997,911,911,964,964,932,932,970,970,990,990,1038,1038,940,940,333,333,214,214,144,144,105,105,53,53,,,,,,,,,,,,,,,,,,,,,,,,,,,,,,,,,,,,,,,,,,,,,,,,
16625,2500,16586,16626,,0,22,22,23,23,16,16,18,18,21,21,22,22,62,62,1062,1062,1179,1179,1197,1197,1164,1164,1079,1079,993,993,1050,1050,989,989,1070,1070,1077,1077,1120,1120,1012,1012,175,175,112,112,76,76,55,55,28,28,,,,,,,,,,,,,,,,,,,,,,,,,,,,,,,,,,,,,,,,,,,,,,,,
16626,2500,16584,16637,16625,1,22,22,23,23,16,16,18,18,21,21,22,22,62,62,1062,1062,1179,1179,1197,1197,1164,1164,1079,1079,993,993,1050,1050,989,989,1070,1070,1077,1077,1120,1120,1012,1012,175,175,112,112,76,76,55,55,28,28,,,,,,,,,,,,,,,,,,,,,,,,,,,,,,,,,,,,,,,,,,,,,,,,
16627,2500,13791,16630,,0,35,35,37,37,26,26,28,28,33,33,35,35,98,98,1037,1037,1191,1191,1138,1138,1087,1087,1028,1028,946,946,985,985,978,978,1028,1028,1047,1047,1100,1100,1011,1011,286,286,182,182,122,122,89,89,46,46,,,,,,,,,,,,,,,,,,,,,,,,,,,,,,,,,,,,,,,,,,,,,,,,
16628,2500,16584,13813,16629,1,22,22,23,23,16,16,18,18,21,21,22,22,62,62,1062,1062,1179,1179,1197,1197,1164,1164,1079,1079,993,993,1050,1050,989,989,1070,1070,1077,1077,1120,1120,1012,1012,175,175,112,112,76,76,55,55,28,28,,,,,,,,,,,,,,,,,,,,,,,,,,,,,,,,,,,,,,,,,,,,,,,,
16629,1000,16630,16628,,0,22,22,23,23,16,16,18,18,21,21,22,22,62,62,1062,1062,1179,1179,1197,1197,1164,1164,1079,1079,993,993,1050,1050,989,989,1070,1070,1077,1077,1120,1120,1012,1012,175,175,112,112,76,76,55,55,28,28,,,,,,,,,,,,,,,,,,,,,,,,,,,,,,,,,,,,,,,,,,,,,,,,
16630,1600,16631,16627,16629,1,0,0,0,0,0,0,0,0,0,0,0,0,1,1,7,7,8,8,7,7,7,7,6,6,6,6,6,6,6,6,6,6,7,7,7,7,6,6,2,2,1,1,1,1,1,1,0,0,,,,,,,,,,,,,,,,,,,,,,,,,,,,,,,,,,,,,,,,,,,,,,,,
16631,1600,16630,16632,,0,0,0,0,0,0,0,0,0,0,0,0,0,0,0,6,6,7,7,7,7,7,7,6,6,6,6,6,6,6,6,6,6,6,6,7,7,6,6,1,1,1,1,1,1,0,0,0,0,,,,,,,,,,,,,,,,,,,,,,,,,,,,,,,,,,,,,,,,,,,,,,,,
16632,800,16569,16631,16577,1,0,0,0,0,0,0,0,0,0,0,0,0,0,0,6,6,7,7,7,7,6,6,6,6,5,5,6,6,6,6,6,6,6,6,6,6,6,6,1,1,1,1,1,1,0,0,0,0,,,,,,,,,,,,,,,,,,,,,,,,,,,,,,,,,,,,,,,,,,,,,,,,
16633,1500,16567,16634,,0,22,22,23,23,16,16,18,18,21,21,22,22,62,62,1062,1062,1179,1179,1197,1197,1164,1164,1079,1079,993,993,1050,1050,989,989,1070,1070,1077,1077,1120,1120,1012,1012,175,175,112,112,76,76,55,55,28,28,,,,,,,,,,,,,,,,,,,,,,,,,,,,,,,,,,,,,,,,,,,,,,,,
16634,1000,16633,16565,16572,1,22,22,23,23,16,16,18,18,21,21,22,22,62,62,1062,1062,1179,1179,1197,1197,1164,1164,1079,1079,993,993,1050,1050,989,989,1070,1070,1077,1077,1120,1120,1012,1012,175,175,112,112,76,76,55,55,28,28,,,,,,,,,,,,,,,,,,,,,,,,,,,,,,,,,,,,,,,,,,,,,,,,
16635,1500,16576,16636,,0,22,22,23,23,16,16,18,18,21,21,22,22,62,62,1062,1062,1179,1179,1197,1197,1164,1164,1079,1079,993,993,1050,1050,989,989,1070,1070,1077,1077,1120,1120,1012,1012,175,175,112,112,76,76,55,55,28,28,,,,,,,,,,,,,,,,,,,,,,,,,,,,,,,,,,,,,,,,,,,,,,,,
16636,1500,16635,16574,16572,1,22,22,23,23,16,16,18,18,21,21,22,22,62,62,1062,1062,1179,1179,1197,1197,1164,1164,1079,1079,993,993,1050,1050,989,989,1070,1070,1077,1077,1120,1120,1012,1012,175,175,112,112,76,76,55,55,28,28,,,,,,,,,,,,,,,,,,,,,,,,,,,,,,,,,,,,,,,,,,,,,,,,
16637,2000,16626,16638,,0,22,22,23,23,16,16,18,18,21,21,22,22,62,62,1062,1062,1179,1179,1197,1197,1164,1164,1079,1079,993,993,1050,1050,989,989,1070,1070,1077,1077,1120,1120,1012,1012,175,175,112,112,76,76,55,55,28,28,,,,,,,,,,,,,,,,,,,,,,,,,,,,,,,,,,,,,,,,,,,,,,,,
16638,1200,16579,16637,16577,1,0,0,0,0,0,0,0,0,0,0,0,0,0,0,6,6,7,7,7,7,6,6,6,6,6,6,6,6,6,6,6,6,6,6,6,6,6,6,1,1,1,1,1,1,0,0,0,0,,,,,,,,,,,,,,,,,,,,,,,,,,,,,,,,,,,,,,,,,,,,,,,,
16639,2000,16589,16640,,0,22,22,23,23,16,16,18,18,21,21,22,22,62,62,1062,1062,1179,1179,1197,1197,1164,1164,1079,1079,993,993,1050,1050,989,989,1070,1070,1077,1077,1120,1120,1012,1012,175,175,112,112,76,76,55,55,28,28,,,,,,,,,,,,,,,,,,,,,,,,,,,,,,,,,,,,,,,,,,,,,,,,
16640,1500,16639,16588,16592,1,22,22,23,23,16,16,18,18,21,21,22,22,62,62,1062,1062,1179,1179,1197,1197,1164,1164,1079,1079,993,993,1050,1050,989,989,1070,1070,1077,1077,1120,1120,1012,1012,175,175,112,112,76,76,55,55,28,28,,,,,,,,,,,,,,,,,,,,,,,,,,,,,,,,,,,,,,,,,,,,,,,,
16641,3000,16642,12210,,0,43,43,45,45,31,31,34,34,39,39,43,43,118,118,993,993,1158,1158,1118,1118,1079,1079,997,997,911,911,964,964,932,932,970,970,990,990,1038,1038,940,940,333,333,214,214,144,144,105,105,53,53,,,,,,,,,,,,,,,,,,,,,,,,,,,,,,,,,,,,,,,,,,,,,,,,
16642,2000,16641,16620,16615,1,43,43,45,45,31,31,34,34,39,39,43,43,118,118,993,993,1158,1158,1118,1118,1079,1079,997,997,911,911,964,964,932,932,970,970,990,990,1038,1038,940,940,333,333,214,214,144,144,105,105,53,53,,,,,,,,,,,,,,,,,,,,,,,,,,,,,,,,,,,,,,,,,,,,,,,,
16643,2000,16556,14020,16555,1,22,22,23,23,16,16,18,18,21,21,22,22,62,62,1062,1062,1179,1179,1197,1197,1164,1164,1079,1079,993,993,1050,1050,989,989,1070,1070,1077,1077,1120,1120,1012,1012,175,175,112,112,76,76,55,55,28,28,,,,,,,,,,,,,,,,,,,,,,,,,,,,,,,,,,,,,,,,,,,,,,,,
16644,2500,16550,16645,,0,22,22,23,23,16,16,18,18,21,21,22,22,62,62,1062,1062,1179,1179,1197,1197,1164,1164,1079,1079,993,993,1050,1050,989,989,1070,1070,1077,1077,1120,1120,1012,1012,175,175,112,112,76,76,55,55,28,28,,,,,,,,,,,,,,,,,,,,,,,,,,,,,,,,,,,,,,,,,,,,,,,,
16645,2500,16557,16644,16974,1,22,22,23,23,16,16,18,18,21,21,22,22,62,62,1062,1062,1179,1179,1197,1197,1164,1164,1079,1079,993,993,1050,1050,989,989,1070,1070,1077,1077,1120,1120,1012,1012,175,175,112,112,76,76,55,55,28,28,,,,,,,,,,,,,,,,,,,,,,,,,,,,,,,,,,,,,,,,,,,,,,,,
16646,2000,16647,16550,,0,22,22,23,23,16,16,18,18,21,21,22,22,62,62,1062,1062,1179,1179,1197,1197,1164,1164,1079,1079,993,993,1050,1050,989,989,1070,1070,1077,1077,1120,1120,1012,1012,175,175,112,112,76,76,55,55,28,28,,,,,,,,,,,,,,,,,,,,,,,,,,,,,,,,,,,,,,,,,,,,,,,,
16647,2000,16553,16646,16551,1,22,22,23,23,16,16,18,18,21,21,22,22,62,62,1062,1062,1179,1179,1197,1197,1164,1164,1079,1079,993,993,1050,1050,989,989,1070,1070,1077,1077,1120,1120,1012,1012,175,175,112,112,76,76,55,55,28,28,,,,,,,,,,,,,,,,,,,,,,,,,,,,,,,,,,,,,,,,,,,,,,,,
16648,3000,13862,16649,14045,1,67,67,70,70,49,49,53,53,62,62,67,67,186,186,910,910,1134,1134,1023,1023,977,977,900,900,812,812,861,861,864,864,851,851,886,886,939,939,854,854,524,524,336,336,227,227,165,165,84,84,,,,,,,,,,,,,,,,,,,,,,,,,,,,,,,,,,,,,,,,,,,,,,,,
16649,4400,16648,16650,,0,43,43,45,45,31,31,34,34,39,39,43,43,118,118,993,993,1158,1158,1118,1118,1079,1079,997,997,911,911,964,964,932,932,970,970,990,990,1038,1038,940,940,333,333,214,214,144,144,105,105,53,53,,,,,,,,,,,,,,,,,,,,,,,,,,,,,,,,,,,,,,,,,,,,,,,,
16650,3500,16649,16620,16617,1,43,43,45,45,31,31,34,34,39,39,43,43,118,118,993,993,1158,1158,1118,1118,1079,1079,997,997,911,911,964,964,932,932,970,970,990,990,1038,1038,940,940,333,333,214,214,144,144,105,105,53,53,,,,,,,,,,,,,,,,,,,,,,,,,,,,,,,,,,,,,,,,,,,,,,,,
16651,2750,16609,16652,,0,43,43,45,45,31,31,34,34,39,39,43,43,118,118,993,993,1158,1158,1118,1118,1079,1079,997,997,911,911,964,964,932,932,970,970,990,990,1038,1038,940,940,333,333,214,214,144,144,105,105,53,53,,,,,,,,,,,,,,,,,,,,,,,,,,,,,,,,,,,,,,,,,,,,,,,,
16652,2500,16653,16603,16651,1,43,43,45,45,31,31,34,34,39,39,43,43,118,118,993,993,1158,1158,1118,1118,1079,1079,997,997,911,911,964,964,932,932,970,970,990,990,1038,1038,940,940,333,333,214,214,144,144,105,105,53,53,,,,,,,,,,,,,,,,,,,,,,,,,,,,,,,,,,,,,,,,,,,,,,,,
16653,1500,16652,16654,,0,43,43,45,45,31,31,34,34,39,39,43,43,118,118,993,993,1158,1158,1118,1118,1079,1079,997,997,911,911,964,964,932,932,970,970,990,990,1038,1038,940,940,333,333,214,214,144,144,105,105,53,53,,,,,,,,,,,,,,,,,,,,,,,,,,,,,,,,,,,,,,,,,,,,,,,,
16654,3000,16604,16653,16655,1,43,43,45,45,31,31,34,34,39,39,43,43,118,118,993,993,1158,1158,1118,1118,1079,1079,997,997,911,911,964,964,932,932,970,970,990,990,1038,1038,940,940,333,333,214,214,144,144,105,105,53,53,,,,,,,,,,,,,,,,,,,,,,,,,,,,,,,,,,,,,,,,,,,,,,,,
16655,2500,16654,16656,,0,43,43,45,45,31,31,34,34,39,39,43,43,118,118,993,993,1158,1158,1118,1118,1079,1079,997,997,911,911,964,964,932,932,970,970,990,990,1038,1038,940,940,333,333,214,214,144,144,105,105,53,53,,,,,,,,,,,,,,,,,,,,,,,,,,,,,,,,,,,,,,,,,,,,,,,,
16656,2500,16599,16606,16655,1,43,43,45,45,31,31,34,34,39,39,43,43,118,118,993,993,1158,1158,1118,1118,1079,1079,997,997,911,911,964,964,932,932,970,970,990,990,1038,1038,940,940,333,333,214,214,144,144,105,105,53,53,,,,,,,,,,,,,,,,,,,,,,,,,,,,,,,,,,,,,,,,,,,,,,,,
16657,1500,16658,16602,,0,43,43,45,45,31,31,34,34,39,39,43,43,118,118,993,993,1158,1158,1118,1118,1079,1079,997,997,911,911,964,964,932,932,970,970,990,990,1038,1038,940,940,333,333,214,214,144,144,105,105,53,53,,,,,,,,,,,,,,,,,,,,,,,,,,,,,,,,,,,,,,,,,,,,,,,,
16658,1500,16657,16622,16600,1,43,43,45,45,31,31,34,34,39,39,43,43,118,118,993,993,1158,1158,1118,1118,1079,1079,997,997,911,911,964,964,932,932,970,970,990,990,1038,1038,940,940,333,333,214,214,144,144,105,105,53,53,,,,,,,,,,,,,,,,,,,,,,,,,,,,,,,,,,,,,,,,,,,,,,,,
16659,1200,16537,16544,tran_4bdf1b4d-be37-433a-830a-d8d95e7c51e2,1,0,0,0,0,0,0,0,0,0,0,0,0,0,0,5,5,5,5,5,5,5,5,5,5,4,4,4,4,4,4,5,5,5,5,5,5,4,4,1,1,1,1,0,0,0,0,0,0,,,,,,,,,,,,,,,,,,,,,,,,,,,,,,,,,,,,,,,,,,,,,,,,
16660,4400,tran_e3fc5049-af35-46f9-b15b-5ee1968d4c9a,16539,,0,42,42,39,39,28,28,29,29,34,34,39,39,112,112,1343,1343,1424,1424,1347,1347,1375,1375,1229,1229,1247,1247,1096,1096,1282,1282,1299,1299,1257,1257,1375,1375,1394,1394,536,536,316,316,190,190,140,140,87,87,,,,,,,,,,,,,,,,,,,,,,,,,,,,,,,,,,,,,,,,,,,,,,,,
16661,2000,16662,16539,,0,22,22,23,23,16,16,18,18,21,21,22,22,62,62,1062,1062,1179,1179,1197,1197,1164,1164,1079,1079,993,993,1050,1050,989,989,1070,1070,1077,1077,1120,1120,1012,1012,175,175,112,112,76,76,55,55,28,28,,,,,,,,,,,,,,,,,,,,,,,,,,,,,,,,,,,,,,,,,,,,,,,,
16662,2500,16661,16538,tran_116e2f79-9906-4ac3-b72d-d0e1ae74a4c2,1,22,22,23,23,16,16,18,18,21,21,22,22,62,62,1062,1062,1179,1179,1197,1197,1164,1164,1079,1079,993,993,1050,1050,989,989,1070,1070,1077,1077,1120,1120,1012,1012,175,175,112,112,76,76,55,55,28,28,,,,,,,,,,,,,,,,,,,,,,,,,,,,,,,,,,,,,,,,,,,,,,,,
16663,2000,16684,16881,16714,1,50,50,52,52,36,36,39,39,46,46,50,50,139,139,1032,1032,1206,1206,1120,1120,1083,1083,1004,1004,936,936,947,947,979,979,996,996,1013,1013,1077,1077,1008,1008,431,431,271,271,179,179,130,130,69,69,,,,,,,,,,,,,,,,,,,,,,,,,,,,,,,,,,,,,,,,,,,,,,,,
16664,2500,16919,16840,,0,50,50,52,52,36,36,39,39,46,46,50,50,139,139,1032,1032,1206,1206,1120,1120,1083,1083,1004,1004,936,936,947,947,979,979,996,996,1013,1013,1077,1077,1008,1008,431,431,271,271,179,179,130,130,69,69,,,,,,,,,,,,,,,,,,,,,,,,,,,,,,,,,,,,,,,,,,,,,,,,
16665,1600,17043,16823,,0,0,0,0,0,0,0,0,0,0,0,0,0,0,0,3,3,4,4,3,3,3,3,3,3,3,3,3,3,3,3,3,3,3,3,3,3,3,3,1,1,1,1,1,1,0,0,0,0,,,,,,,,,,,,,,,,,,,,,,,,,,,,,,,,,,,,,,,,,,,,,,,,
16666,2500,17039,16803,16741;16859,2,22,22,23,23,16,16,18,18,21,21,22,22,62,62,1062,1062,1179,1179,1197,1197,1164,1164,1079,1079,993,993,1050,1050,989,989,1070,1070,1077,1077,1120,1120,1012,1012,175,175,112,112,76,76,55,55,28,28,,,,,,,,,,,,,,,,,,,,,,,,,,,,,,,,,,,,,,,,,,,,,,,,
16667,800,16853,16896,17023,1,0,0,0,0,0,0,0,0,0,0,0,0,1,1,5,5,6,6,6,6,5,5,5,5,4,4,5,5,5,5,5,5,5,5,5,5,5,5,3,3,2,2,1,1,1,1,0,0,,,,,,,,,,,,,,,,,,,,,,,,,,,,,,,,,,,,,,,,,,,,,,,,
16668,2500,16797,16705,,0,67,67,70,70,49,49,53,53,62,62,67,67,186,186,910,910,1134,1134,1023,1023,977,977,900,900,812,812,861,861,864,864,851,851,886,886,939,939,854,854,524,524,336,336,227,227,165,165,84,84,,,,,,,,,,,,,,,,,,,,,,,,,,,,,,,,,,,,,,,,,,,,,,,,
16669,3000,16696,16910,16727;16710,2,43,43,45,45,31,31,34,34,39,39,43,43,118,118,993,993,1158,1158,1118,1118,1079,1079,997,997,911,911,964,964,932,932,970,970,990,990,1038,1038,940,940,333,333,214,214,144,144,105,105,53,53,,,,,,,,,,,,,,,,,,,,,,,,,,,,,,,,,,,,,,,,,,,,,,,,
16670,1500,16746,16775,,0,50,50,52,52,36,36,39,39,46,46,50,50,139,139,1032,1032,1206,1206,1120,1120,1083,1083,1004,1004,936,936,947,947,979,979,996,996,1013,1013,1077,1077,1008,1008,431,431,271,271,179,179,130,130,69,69,,,,,,,,,,,,,,,,,,,,,,,,,,,,,,,,,,,,,,,,,,,,,,,,
16671,2500,16912,17012,,0,43,43,45,45,31,31,34,34,39,39,43,43,118,118,993,993,1158,1158,1118,1118,1079,1079,997,997,911,911,964,964,932,932,970,970,990,990,1038,1038,940,940,333,333,214,214,144,144,105,105,53,53,,,,,,,,,,,,,,,,,,,,,,,,,,,,,,,,,,,,,,,,,,,,,,,,
16672,800,16718,16805,16920,1,0,0,0,0,0,0,0,0,0,0,0,0,1,1,6,6,8,8,7,7,7,7,6,6,6,6,6,6,6,6,6,6,6,6,6,6,6,6,3,3,2,2,1,1,1,1,1,1,,,,,,,,,,,,,,,,,,,,,,,,,,,,,,,,,,,,,,,,,,,,,,,,
16673,1600,16780,16686,,0,0,0,0,0,0,0,0,0,0,0,0,0,1,1,8,8,10,10,9,9,9,9,8,8,7,7,8,8,8,8,8,8,8,8,9,9,8,8,3,3,2,2,1,1,1,1,1,1,,,,,,,,,,,,,,,,,,,,,,,,,,,,,,,,,,,,,,,,,,,,,,,,
16674,2000,17034,16838,16733,1,50,50,52,52,36,36,39,39,46,46,50,50,139,139,1032,1032,1206,1206,1120,1120,1083,1083,1004,1004,936,936,947,947,979,979,996,996,1013,1013,1077,1077,1008,1008,431,431,271,271,179,179,130,130,69,69,,,,,,,,,,,,,,,,,,,,,,,,,,,,,,,,,,,,,,,,,,,,,,,,
16675,1200,16735,16981,,0,0,0,0,0,0,0,0,0,0,0,0,0,1,1,8,8,9,9,8,8,8,8,8,8,7,7,7,7,7,7,8,8,8,8,8,8,8,8,3,3,2,2,1,1,1,1,1,1,,,,,,,,,,,,,,,,,,,,,,,,,,,,,,,,,,,,,,,,,,,,,,,,
16676,550,16773,16845,,0,50,50,52,52,36,36,39,39,46,46,50,50,139,139,1032,1032,1206,1206,1120,1120,1083,1083,1004,1004,936,936,947,947,979,979,996,996,1013,1013,1077,1077,1008,1008,431,431,271,271,179,179,130,130,69,69,,,,,,,,,,,,,,,,,,,,,,,,,,,,,,,,,,,,,,,,,,,,,,,,
16677,2500,16967,16699,,0,50,50,52,52,36,36,39,39,46,46,50,50,139,139,1032,1032,1206,1206,1120,1120,1083,1083,1004,1004,936,936,947,947,979,979,996,996,1013,1013,1077,1077,1008,1008,431,431,271,271,179,179,130,130,69,69,,,,,,,,,,,,,,,,,,,,,,,,,,,,,,,,,,,,,,,,,,,,,,,,
16678,2500,16707,16875,16593,1,0,0,0,0,0,0,0,0,0,0,0,0,0,0,1138,1138,1201,1201,1284,1284,1257,1257,1168,1168,1084,1084,1145,1145,1051,1051,1179,1179,1173,1173,1211,1211,1091,1091,0,0,0,0,0,0,0,0,0,0,,,,,,,,,,,,,,,,,,,,,,,,,,,,,,,,,,,,,,,,,,,,,,,,
16679,2500,16707,16869,16907;16622,2,0,0,0,0,0,0,0,0,0,0,0,0,0,0,1138,1138,1201,1201,1284,1284,1257,1257,1168,1168,1084,1084,1145,1145,1051,1051,1179,1179,1173,1173,1211,1211,1091,1091,0,0,0,0,0,0,0,0,0,0,,,,,,,,,,,,,,,,,,,,,,,,,,,,,,,,,,,,,,,,,,,,,,,,
16680,1600,16885,16984,,0,0,0,0,0,0,0,0,0,0,0,0,0,0,0,2,2,3,3,3,3,3,3,2,2,2,2,2,2,2,2,2,2,2,2,3,3,2,2,1,1,1,1,1,1,0,0,0,0,,,,,,,,,,,,,,,,,,,,,,,,,,,,,,,,,,,,,,,,,,,,,,,,
16681,2000,17031,16912,,0,43,43,45,45,31,31,34,34,39,39,43,43,118,118,993,993,1158,1158,1118,1118,1079,1079,997,997,911,911,964,964,932,932,970,970,990,990,1038,1038,940,940,333,333,214,214,144,144,105,105,53,53,,,,,,,,,,,,,,,,,,,,,,,,,,,,,,,,,,,,,,,,,,,,,,,,
16682,2000,16909,16794,,0,22,22,23,23,16,16,18,18,21,21,22,22,62,62,1062,1062,1179,1179,1197,1197,1164,1164,1079,1079,993,993,1050,1050,989,989,1070,1070,1077,1077,1120,1120,1012,1012,175,175,112,112,76,76,55,55,28,28,,,,,,,,,,,,,,,,,,,,,,,,,,,,,,,,,,,,,,,,,,,,,,,,
16683,1200,16970,16713,,0,0,0,0,0,0,0,0,0,0,0,0,0,0,0,3,3,3,3,3,3,3,3,3,3,2,2,3,3,3,3,3,3,3,3,3,3,3,3,1,1,1,1,1,1,0,0,0,0,,,,,,,,,,,,,,,,,,,,,,,,,,,,,,,,,,,,,,,,,,,,,,,,
16684,2000,16735,16663,,0,50,50,52,52,36,36,39,39,46,46,50,50,139,139,1032,1032,1206,1206,1120,1120,1083,1083,1004,1004,936,936,947,947,979,979,996,996,1013,1013,1077,1077,1008,1008,431,431,271,271,179,179,130,130,69,69,,,,,,,,,,,,,,,,,,,,,,,,,,,,,,,,,,,,,,,,,,,,,,,,
16685,2000,16964,16900,,0,50,50,52,52,36,36,39,39,46,46,50,50,139,139,1032,1032,1206,1206,1120,1120,1083,1083,1004,1004,936,936,947,947,979,979,996,996,1013,1013,1077,1077,1008,1008,431,431,271,271,179,179,130,130,69,69,,,,,,,,,,,,,,,,,,,,,,,,,,,,,,,,,,,,,,,,,,,,,,,,
16686,1200,17034,16673,16915,1,0,0,0,0,0,0,0,0,0,0,0,0,1,1,7,7,8,8,7,7,7,7,6,6,6,6,6,6,6,6,6,6,7,7,7,7,6,6,3,3,2,2,1,1,1,1,0,0,,,,,,,,,,,,,,,,,,,,,,,,,,,,,,,,,,,,,,,,,,,,,,,,
16687,800,16747,16757,16957,1,0,0,0,0,0,0,0,0,0,0,0,0,0,0,3,3,3,3,3,3,3,3,3,3,2,2,3,3,2,2,3,3,3,3,3,3,3,3,1,1,0,0,0,0,0,0,0,0,,,,,,,,,,,,,,,,,,,,,,,,,,,,,,,,,,,,,,,,,,,,,,,,
16688,800,12342,16753,12306,1,0,0,0,0,0,0,0,0,0,0,0,0,0,0,894,894,944,944,1009,1009,988,988,917,917,851,851,900,900,826,826,926,926,922,922,952,952,857,857,0,0,0,0,0,0,0,0,0,0,,,,,,,,,,,,,,,,,,,,,,,,,,,,,,,,,,,,,,,,,,,,,,,,
16689,2000,16972,16838,16947,1,50,50,52,52,36,36,39,39,46,46,50,50,139,139,1032,1032,1206,1206,1120,1120,1083,1083,1004,1004,936,936,947,947,979,979,996,996,1013,1013,1077,1077,1008,1008,431,431,271,271,179,179,130,130,69,69,,,,,,,,,,,,,,,,,,,,,,,,,,,,,,,,,,,,,,,,,,,,,,,,
16690,1500,16743,16815,,0,0,0,0,0,0,0,0,0,0,0,0,0,0,0,1138,1138,1201,1201,1284,1284,1257,1257,1168,1168,1084,1084,1145,1145,1051,1051,1179,1179,1173,1173,1211,1211,1091,1091,0,0,0,0,0,0,0,0,0,0,,,,,,,,,,,,,,,,,,,,,,,,,,,,,,,,,,,,,,,,,,,,,,,,
16691,2500,16925,16611,,0,43,43,45,45,31,31,34,34,39,39,43,43,118,118,993,993,1158,1158,1118,1118,1079,1079,997,997,911,911,964,964,932,932,970,970,990,990,1038,1038,940,940,333,333,214,214,144,144,105,105,53,53,,,,,,,,,,,,,,,,,,,,,,,,,,,,,,,,,,,,,,,,,,,,,,,,
16692,4400,16702,16768,16864,1,0,0,0,0,0,0,0,0,0,0,0,0,0,0,1156,1156,1275,1275,1184,1184,1063,1063,1121,1121,1033,1033,1056,1056,1105,1105,1218,1218,1250,1250,1308,1308,1226,1226,0,0,0,0,0,0,0,0,0,0,,,,,,,,,,,,,,,,,,,,,,,,,,,,,,,,,,,,,,,,,,,,,,,,
16693,2500,16815,16901,,0,50,50,52,52,36,36,39,39,46,46,50,50,139,139,1032,1032,1206,1206,1120,1120,1083,1083,1004,1004,936,936,947,947,979,979,996,996,1013,1013,1077,1077,1008,1008,431,431,271,271,179,179,130,130,69,69,,,,,,,,,,,,,,,,,,,,,,,,,,,,,,,,,,,,,,,,,,,,,,,,
16694,1600,16926,16786,17020,1,0,0,0,0,0,0,0,0,0,0,0,0,0,0,3,3,3,3,3,3,3,3,3,3,2,2,2,2,2,2,3,3,3,3,3,3,2,2,1,1,0,0,0,0,0,0,0,0,,,,,,,,,,,,,,,,,,,,,,,,,,,,,,,,,,,,,,,,,,,,,,,,
16695,2500,17036,16910,17022,1,43,43,45,45,31,31,34,34,39,39,43,43,118,118,993,993,1158,1158,1118,1118,1079,1079,997,997,911,911,964,964,932,932,970,970,990,990,1038,1038,940,940,333,333,214,214,144,144,105,105,53,53,,,,,,,,,,,,,,,,,,,,,,,,,,,,,,,,,,,,,,,,,,,,,,,,
16696,2000,16669,16800,,0,43,43,45,45,31,31,34,34,39,39,43,43,118,118,993,993,1158,1158,1118,1118,1079,1079,997,997,911,911,964,964,932,932,970,970,990,990,1038,1038,940,940,333,333,214,214,144,144,105,105,53,53,,,,,,,,,,,,,,,,,,,,,,,,,,,,,,,,,,,,,,,,,,,,,,,,
16697,1500,16873,16767,,0,22,22,23,23,16,16,18,18,21,21,22,22,62,62,1062,1062,1179,1179,1197,1197,1164,1164,1079,1079,993,993,1050,1050,989,989,1070,1070,1077,1077,1120,1120,1012,1012,175,175,112,112,76,76,55,55,28,28,,,,,,,,,,,,,,,,,,,,,,,,,,,,,,,,,,,,,,,,,,,,,,,,
16698,2000,16818,16771,,0,22,22,23,23,16,16,18,18,21,21,22,22,62,62,1062,1062,1179,1179,1197,1197,1164,1164,1079,1079,993,993,1050,1050,989,989,1070,1070,1077,1077,1120,1120,1012,1012,175,175,112,112,76,76,55,55,28,28,,,,,,,,,,,,,,,,,,,,,,,,,,,,,,,,,,,,,,,,,,,,,,,,
16699,1200,16961,16917,16855;16677,2,0,0,0,0,0,0,0,0,0,0,0,0,0,0,3,3,4,4,4,4,4,4,3,3,3,3,3,3,3,3,3,3,3,3,4,4,3,3,1,1,1,1,1,1,0,0,0,0,,,,,,,,,,,,,,,,,,,,,,,,,,,,,,,,,,,,,,,,,,,,,,,,
167,1200,508,510,,0,0,0,0,0,0,0,0,0,0,0,0,0,0,0,2,2,3,3,3,3,2,2,2,2,2,2,2,2,2,2,2,2,2,2,2,2,2,2,1,1,1,1,0,0,0,0,0,0,,,,,,,,,,,,,,,,,,,,,,,,,,,,,,,,,,,,,,,,,,,,,,,,
16700,550,16702,17001,,0,50,50,52,52,36,36,39,39,46,46,50,50,139,139,1032,1032,1206,1206,1120,1120,1083,1083,1004,1004,936,936,947,947,979,979,996,996,1013,1013,1077,1077,1008,1008,431,431,271,271,179,179,130,130,69,69,,,,,,,,,,,,,,,,,,,,,,,,,,,,,,,,,,,,,,,,,,,,,,,,
16701,4400,16913,16955,16864;17030;16876;16726;16761;17013;16846;16936,8,67,67,70,70,49,49,53,53,62,62,67,67,186,186,910,910,1134,1134,1023,1023,977,977,900,900,812,812,861,861,864,864,851,851,886,886,939,939,854,854,524,524,336,336,227,227,165,165,84,84,,,,,,,,,,,,,,,,,,,,,,,,,,,,,,,,,,,,,,,,,,,,,,,,
16702,4400,16692,17001,16973;16933;16700;16956,4,42,67,39,70,28,49,29,53,34,62,39,67,112,186,1343,910,1424,1134,1347,1023,1375,977,1229,900,1247,812,1096,861,1282,864,1299,851,1257,886,1375,939,1394,854,536,524,316,336,190,227,140,165,87,84,,,,,,,,,,,,,,,,,,,,,,,,,,,,,,,,,,,,,,,,,,,,,,,,
16703,800,16867,17010,,0,0,0,0,0,0,0,0,0,0,0,0,0,0,0,3,3,3,3,3,3,3,3,3,3,3,3,3,3,3,3,3,3,3,3,3,3,3,3,1,1,0,0,0,0,0,0,0,0,,,,,,,,,,,,,,,,,,,,,,,,,,,,,,,,,,,,,,,,,,,,,,,,
16704,1200,16857,17029,16766,1,0,0,0,0,0,0,0,0,0,0,0,0,0,0,3,3,4,4,4,4,4,4,3,3,3,3,3,3,3,3,3,3,3,3,4,4,3,3,1,1,1,1,1,1,0,0,0,0,,,,,,,,,,,,,,,,,,,,,,,,,,,,,,,,,,,,,,,,,,,,,,,,
16705,2200,16990,16893,16668,1,67,67,70,70,49,49,53,53,62,62,67,67,186,186,910,910,1134,1134,1023,1023,977,977,900,900,812,812,861,861,864,864,851,851,886,886,939,939,854,854,524,524,336,336,227,227,165,165,84,84,,,,,,,,,,,,,,,,,,,,,,,,,,,,,,,,,,,,,,,,,,,,,,,,
16706,2000,16835,16708,,0,22,22,23,23,16,16,18,18,21,21,22,22,62,62,1062,1062,1179,1179,1197,1197,1164,1164,1079,1079,993,993,1050,1050,989,989,1070,1070,1077,1077,1120,1120,1012,1012,175,175,112,112,76,76,55,55,28,28,,,,,,,,,,,,,,,,,,,,,,,,,,,,,,,,,,,,,,,,,,,,,,,,
16707,2000,16679,16678,,0,43,43,45,45,31,31,34,34,39,39,43,43,118,118,993,993,1158,1158,1118,1118,1079,1079,997,997,911,911,964,964,932,932,970,970,990,990,1038,1038,940,940,333,333,214,214,144,144,105,105,53,53,,,,,,,,,,,,,,,,,,,,,,,,,,,,,,,,,,,,,,,,,,,,,,,,
16708,2000,16946,16821,16706;16741,2,22,22,23,23,16,16,18,18,21,21,22,22,62,62,1062,1062,1179,1179,1197,1197,1164,1164,1079,1079,993,993,1050,1050,989,989,1070,1070,1077,1077,1120,1120,1012,1012,175,175,112,112,76,76,55,55,28,28,,,,,,,,,,,,,,,,,,,,,,,,,,,,,,,,,,,,,,,,,,,,,,,,
16709,4400,17012,17031,,0,43,43,45,45,31,31,34,34,39,39,43,43,118,118,993,993,1158,1158,1118,1118,1079,1079,997,997,911,911,964,964,932,932,970,970,990,990,1038,1038,940,940,333,333,214,214,144,144,105,105,53,53,,,,,,,,,,,,,,,,,,,,,,,,,,,,,,,,,,,,,,,,,,,,,,,,
16710,4400,16914,16669,,0,43,43,45,45,31,31,34,34,39,39,43,43,118,118,993,993,1158,1158,1118,1118,1079,1079,997,997,911,911,964,964,932,932,970,970,990,990,1038,1038,940,940,333,333,214,214,144,144,105,105,53,53,,,,,,,,,,,,,,,,,,,,,,,,,,,,,,,,,,,,,,,,,,,,,,,,
16711,2000,16959,16739,,0,50,50,52,52,36,36,39,39,46,46,50,50,139,139,1032,1032,1206,1206,1120,1120,1083,1083,1004,1004,936,936,947,947,979,979,996,996,1013,1013,1077,1077,1008,1008,431,431,271,271,179,179,130,130,69,69,,,,,,,,,,,,,,,,,,,,,,,,,,,,,,,,,,,,,,,,,,,,,,,,
16712,2000,16848,16731,,0,67,67,70,70,49,49,53,53,62,62,67,67,186,186,910,910,1134,1134,1023,1023,977,977,900,900,812,812,861,861,864,864,851,851,886,886,939,939,854,854,524,524,336,336,227,227,165,165,84,84,,,,,,,,,,,,,,,,,,,,,,,,,,,,,,,,,,,,,,,,,,,,,,,,
16713,800,17011,16798,16683,1,0,0,0,0,0,0,0,0,0,0,0,0,0,0,3,3,3,3,3,3,3,3,3,3,2,2,2,2,2,2,2,2,3,3,3,3,2,2,1,1,1,1,1,1,0,0,0,0,,,,,,,,,,,,,,,,,,,,,,,,,,,,,,,,,,,,,,,,,,,,,,,,
16714,4400,16924,16663,,0,50,50,52,52,36,36,39,39,46,46,50,50,139,139,1032,1032,1206,1206,1120,1120,1083,1083,1004,1004,936,936,947,947,979,979,996,996,1013,1013,1077,1077,1008,1008,431,431,271,271,179,179,130,130,69,69,,,,,,,,,,,,,,,,,,,,,,,,,,,,,,,,,,,,,,,,,,,,,,,,
16715,1200,16856,16787,16738,1,0,0,0,0,0,0,0,0,0,0,0,0,0,0,2,2,3,3,2,2,2,2,2,2,2,2,2,2,2,2,2,2,2,2,2,2,2,2,1,1,1,1,0,0,0,0,0,0,,,,,,,,,,,,,,,,,,,,,,,,,,,,,,,,,,,,,,,,,,,,,,,,
16716,1200,17010,16843,,0,0,0,0,0,0,0,0,0,0,0,0,0,0,0,3,3,3,3,3,3,3,3,3,3,2,2,2,2,2,2,3,3,3,3,3,3,2,2,1,1,0,0,0,0,0,0,0,0,,,,,,,,,,,,,,,,,,,,,,,,,,,,,,,,,,,,,,,,,,,,,,,,
16717,3000,17045,16892,,0,50,50,52,52,36,36,39,39,46,46,50,50,139,139,1032,1032,1206,1206,1120,1120,1083,1083,1004,1004,936,936,947,947,979,979,996,996,1013,1013,1077,1077,1008,1008,431,431,271,271,179,179,130,130,69,69,,,,,,,,,,,,,,,,,,,,,,,,,,,,,,,,,,,,,,,,,,,,,,,,
16718,800,12304,16672,,0,1,1,1,1,0,0,0,0,1,1,1,1,2,2,8,8,10,10,9,9,9,9,8,8,8,8,8,8,8,8,8,8,8,8,9,9,8,8,4,4,3,3,2,2,1,1,1,1,,,,,,,,,,,,,,,,,,,,,,,,,,,,,,,,,,,,,,,,,,,,,,,,
16719,1500,16748,16992,,0,50,50,52,52,36,36,39,39,46,46,50,50,139,139,1032,1032,1206,1206,1120,1120,1083,1083,1004,1004,936,936,947,947,979,979,996,996,1013,1013,1077,1077,1008,1008,431,431,271,271,179,179,130,130,69,69,,,,,,,,,,,,,,,,,,,,,,,,,,,,,,,,,,,,,,,,,,,,,,,,
16720,2000,16828,16836,,0,67,67,70,70,49,49,53,53,62,62,67,67,186,186,910,910,1134,1134,1023,1023,977,977,900,900,812,812,861,861,864,864,851,851,886,886,939,939,854,854,524,524,336,336,227,227,165,165,84,84,,,,,,,,,,,,,,,,,,,,,,,,,,,,,,,,,,,,,,,,,,,,,,,,
16721,1600,17043,,,0,53,53,55,55,38,38,42,42,48,48,53,53,146,146,715,715,891,891,804,804,768,768,707,707,638,638,676,676,679,679,669,669,696,696,738,738,671,671,411,411,264,264,178,178,130,130,66,66,,,,,,,,,,,,,,,,,,,,,,,,,,,,,,,,,,,,,,,,,,,,,,,,
16722,400,16993,16877,,0,0,0,0,0,0,0,0,0,0,0,0,0,1,1,3,3,4,4,3,3,3,3,3,3,3,3,3,3,3,3,3,3,3,3,3,3,3,3,2,2,1,1,1,1,0,0,0,0,,,,,,,,,,,,,,,,,,,,,,,,,,,,,,,,,,,,,,,,,,,,,,,,
16723,2000,16852,17010,,0,22,22,23,23,16,16,18,18,21,21,22,22,62,62,1062,1062,1179,1179,1197,1197,1164,1164,1079,1079,993,993,1050,1050,989,989,1070,1070,1077,1077,1120,1120,1012,1012,175,175,112,112,76,76,55,55,28,28,,,,,,,,,,,,,,,,,,,,,,,,,,,,,,,,,,,,,,,,,,,,,,,,
16724,4400,16760,16850,,0,50,50,52,52,36,36,39,39,46,46,50,50,139,139,1032,1032,1206,1206,1120,1120,1083,1083,1004,1004,936,936,947,947,979,979,996,996,1013,1013,1077,1077,1008,1008,431,431,271,271,179,179,130,130,69,69,,,,,,,,,,,,,,,,,,,,,,,,,,,,,,,,,,,,,,,,,,,,,,,,
16725,2500,16750,16744,,0,22,22,23,23,16,16,18,18,21,21,22,22,62,62,1062,1062,1179,1179,1197,1197,1164,1164,1079,1079,993,993,1050,1050,989,989,1070,1070,1077,1077,1120,1120,1012,1012,175,175,112,112,76,76,55,55,28,28,,,,,,,,,,,,,,,,,,,,,,,,,,,,,,,,,,,,,,,,,,,,,,,,
16726,4400,16876,16701,17030,1,67,67,70,70,49,49,53,53,62,62,67,67,186,186,910,910,1134,1134,1023,1023,977,977,900,900,812,812,861,861,864,864,851,851,886,886,939,939,854,854,524,524,336,336,227,227,165,165,84,84,,,,,,,,,,,,,,,,,,,,,,,,,,,,,,,,,,,,,,,,,,,,,,,,
16727,4400,16848,16669,16903,1,67,67,70,70,49,49,53,53,62,62,67,67,186,186,910,910,1134,1134,1023,1023,977,977,900,900,812,812,861,861,864,864,851,851,886,886,939,939,854,854,524,524,336,336,227,227,165,165,84,84,,,,,,,,,,,,,,,,,,,,,,,,,,,,,,,,,,,,,,,,,,,,,,,,
16728,1500,16989,16889,,0,50,50,52,52,36,36,39,39,46,46,50,50,139,139,1032,1032,1206,1206,1120,1120,1083,1083,1004,1004,936,936,947,947,979,979,996,996,1013,1013,1077,1077,1008,1008,431,431,271,271,179,179,130,130,69,69,,,,,,,,,,,,,,,,,,,,,,,,,,,,,,,,,,,,,,,,,,,,,,,,
16729,4400,tran_7218c82d-517f-453a-b521-ceaaa737c462,16872,,0,50,50,52,52,36,36,39,39,46,46,50,50,139,139,1032,1032,1206,1206,1120,1120,1083,1083,1004,1004,936,936,947,947,979,979,996,996,1013,1013,1077,1077,1008,1008,431,431,271,271,179,179,130,130,69,69,,,,,,,,,,,,,,,,,,,,,,,,,,,,,,,,,,,,,,,,,,,,,,,,
16730,800,16997,16747,16779,1,0,0,0,0,0,0,0,0,0,0,0,0,1,1,8,8,9,9,9,9,9,9,8,8,7,7,8,8,8,8,8,8,8,8,9,9,8,8,2,2,1,1,1,1,1,1,0,0,,,,,,,,,,,,,,,,,,,,,,,,,,,,,,,,,,,,,,,,,,,,,,,,
16731,2000,16712,17033,16960,1,67,67,70,70,49,49,53,53,62,62,67,67,186,186,910,910,1134,1134,1023,1023,977,977,900,900,812,812,861,861,864,864,851,851,886,886,939,939,854,854,524,524,336,336,227,227,165,165,84,84,,,,,,,,,,,,,,,,,,,,,,,,,,,,,,,,,,,,,,,,,,,,,,,,
16732,4400,16774,,,0,67,67,70,70,49,49,53,53,62,62,67,67,186,186,910,910,1134,1134,1023,1023,977,977,900,900,812,812,861,861,864,864,851,851,886,886,939,939,854,854,524,524,336,336,227,227,165,165,84,84,,,,,,,,,,,,,,,,,,,,,,,,,,,,,,,,,,,,,,,,,,,,,,,,
16733,3000,16674,16894,,0,50,50,52,52,36,36,39,39,46,46,50,50,139,139,1032,1032,1206,1206,1120,1120,1083,1083,1004,1004,936,936,947,947,979,979,996,996,1013,1013,1077,1077,1008,1008,431,431,271,271,179,179,130,130,69,69,,,,,,,,,,,,,,,,,,,,,,,,,,,,,,,,,,,,,,,,,,,,,,,,
16734,1200,17013,16798,,0,0,0,0,0,0,0,0,0,0,0,0,0,1,1,4,4,5,5,4,4,4,4,4,4,3,3,4,4,4,4,4,4,4,4,4,4,4,4,2,2,1,1,1,1,1,1,0,0,,,,,,,,,,,,,,,,,,,,,,,,,,,,,,,,,,,,,,,,,,,,,,,,
16735,2000,16684,16790,16785;16675,2,50,50,52,52,36,36,39,39,46,46,50,50,139,139,1032,1032,1206,1206,1120,1120,1083,1083,1004,1004,936,936,947,947,979,979,996,996,1013,1013,1077,1077,1008,1008,431,431,271,271,179,179,130,130,69,69,,,,,,,,,,,,,,,,,,,,,,,,,,,,,,,,,,,,,,,,,,,,,,,,
16736,800,17013,,,0,0,0,0,0,0,0,0,0,0,0,0,0,1,1,5,5,7,7,6,6,6,6,5,5,5,5,5,5,5,5,5,5,5,5,6,6,5,5,3,3,2,2,1,1,1,1,0,0,,,,,,,,,,,,,,,,,,,,,,,,,,,,,,,,,,,,,,,,,,,,,,,,
16737,2500,12304,16764,,0,67,67,70,70,49,49,53,53,62,62,67,67,186,186,910,910,1134,1134,1023,1023,977,977,900,900,812,812,861,861,864,864,851,851,886,886,939,939,854,854,524,524,336,336,227,227,165,165,84,84,,,,,,,,,,,,,,,,,,,,,,,,,,,,,,,,,,,,,,,,,,,,,,,,
16738,1200,16877,16715,,0,0,0,0,0,0,0,0,0,0,0,0,0,0,0,2,2,2,2,2,2,2,2,2,2,2,2,2,2,2,2,2,2,2,2,2,2,2,2,1,1,1,1,0,0,0,0,0,0,,,,,,,,,,,,,,,,,,,,,,,,,,,,,,,,,,,,,,,,,,,,,,,,
16739,4400,16994,16808,16871;16711;16941,3,50,50,52,52,36,36,39,39,46,46,50,50,139,139,1032,1032,1206,1206,1120,1120,1083,1083,1004,1004,936,936,947,947,979,979,996,996,1013,1013,1077,1077,1008,1008,431,431,271,271,179,179,130,130,69,69,,,,,,,,,,,,,,,,,,,,,,,,,,,,,,,,,,,,,,,,,,,,,,,,
16740,300,16993,17041,,0,0,0,0,0,0,0,0,0,0,0,0,0,1,1,7,7,9,9,8,8,8,8,7,7,6,6,7,7,7,7,7,7,7,7,7,7,7,7,4,4,2,2,2,2,1,1,1,1,,,,,,,,,,,,,,,,,,,,,,,,,,,,,,,,,,,,,,,,,,,,,,,,
16741,2500,16708,16666,,0,22,22,23,23,16,16,18,18,21,21,22,22,62,62,1062,1062,1179,1179,1197,1197,1164,1164,1079,1079,993,993,1050,1050,989,989,1070,1070,1077,1077,1120,1120,1012,1012,175,175,112,112,76,76,55,55,28,28,,,,,,,,,,,,,,,,,,,,,,,,,,,,,,,,,,,,,,,,,,,,,,,,
16742,4400,16743,16848,,0,67,67,70,70,49,49,53,53,62,62,67,67,186,186,910,910,1134,1134,1023,1023,977,977,900,900,812,812,861,861,864,864,851,851,886,886,939,939,854,854,524,524,336,336,227,227,165,165,84,84,,,,,,,,,,,,,,,,,,,,,,,,,,,,,,,,,,,,,,,,,,,,,,,,
16743,2500,16690,16944,16880;16742,2,67,67,70,70,49,49,53,53,62,62,67,67,186,186,910,910,1134,1134,1023,1023,977,977,900,900,812,812,861,861,864,864,851,851,886,886,939,939,854,854,524,524,336,336,227,227,165,165,84,84,,,,,,,,,,,,,,,,,,,,,,,,,,,,,,,,,,,,,,,,,,,,,,,,
16744,2500,17009,16725,16940;16830,2,22,22,23,23,16,16,18,18,21,21,22,22,62,62,1062,1062,1179,1179,1197,1197,1164,1164,1079,1079,993,993,1050,1050,989,989,1070,1070,1077,1077,1120,1120,1012,1012,175,175,112,112,76,76,55,55,28,28,,,,,,,,,,,,,,,,,,,,,,,,,,,,,,,,,,,,,,,,,,,,,,,,
16745,1200,16946,16757,16904;17036,2,0,0,0,0,0,0,0,0,0,0,0,0,1,1,7,7,8,8,8,8,8,8,7,7,7,7,7,7,7,7,7,7,8,8,8,8,7,7,2,2,1,1,1,1,0,0,0,0,,,,,,,,,,,,,,,,,,,,,,,,,,,,,,,,,,,,,,,,,,,,,,,,
16746,2000,tran_615d7298-990d-4dc6-8761-bd52e6ef7248,16857,17037;16670,2,50,50,52,52,36,36,39,39,46,46,50,50,139,139,1032,1032,1206,1206,1120,1120,1083,1083,1004,1004,936,936,947,947,979,979,996,996,1013,1013,1077,1077,1008,1008,431,431,271,271,179,179,130,130,69,69,,,,,,,,,,,,,,,,,,,,,,,,,,,,,,,,,,,,,,,,,,,,,,,,
16747,800,16687,16730,,0,0,0,0,0,0,0,0,0,0,0,0,0,0,0,5,5,5,5,5,5,5,5,5,5,4,4,5,5,4,4,5,5,5,5,5,5,5,5,1,1,1,1,0,0,0,0,0,0,,,,,,,,,,,,,,,,,,,,,,,,,,,,,,,,,,,,,,,,,,,,,,,,
16748,2000,16759,16719,16770,1,50,50,52,52,36,36,39,39,46,46,50,50,139,139,1032,1032,1206,1206,1120,1120,1083,1083,1004,1004,936,936,947,947,979,979,996,996,1013,1013,1077,1077,1008,1008,431,431,271,271,179,179,130,130,69,69,,,,,,,,,,,,,,,,,,,,,,,,,,,,,,,,,,,,,,,,,,,,,,,,
16749,1600,16796,16763,16950;16811,2,0,0,0,0,0,0,0,0,0,0,0,0,0,0,7,7,7,7,7,7,7,7,7,7,6,6,6,6,6,6,7,7,7,7,7,7,6,6,1,1,1,1,1,1,0,0,0,0,,,,,,,,,,,,,,,,,,,,,,,,,,,,,,,,,,,,,,,,,,,,,,,,
16750,2000,16860,16849,16807;16725,2,22,22,23,23,16,16,18,18,21,21,22,22,62,62,1062,1062,1179,1179,1197,1197,1164,1164,1079,1079,993,993,1050,1050,989,989,1070,1070,1077,1077,1120,1120,1012,1012,175,175,112,112,76,76,55,55,28,28,,,,,,,,,,,,,,,,,,,,,,,,,,,,,,,,,,,,,,,,,,,,,,,,
16751,1200,16935,16778,,0,0,0,0,0,0,0,0,0,0,0,0,0,0,0,2,2,2,2,2,2,2,2,2,2,2,2,2,2,2,2,2,2,2,2,2,2,2,2,1,1,0,0,0,0,0,0,0,0,,,,,,,,,,,,,,,,,,,,,,,,,,,,,,,,,,,,,,,,,,,,,,,,
16752,1100,16984,16971,,0,67,67,70,70,49,49,53,53,62,62,67,67,186,186,910,910,1134,1134,1023,1023,977,977,900,900,812,812,861,861,864,864,851,851,886,886,939,939,854,854,524,524,336,336,227,227,165,165,84,84,,,,,,,,,,,,,,,,,,,,,,,,,,,,,,,,,,,,,,,,,,,,,,,,
16753,1200,16688,16884,16922,1,0,0,0,0,0,0,0,0,0,0,0,0,1,1,6,6,7,7,6,6,6,6,6,6,5,5,5,5,5,5,5,5,6,6,6,6,5,5,3,3,2,2,1,1,1,1,0,0,,,,,,,,,,,,,,,,,,,,,,,,,,,,,,,,,,,,,,,,,,,,,,,,
16754,1200,,,,0,0,0,0,0,0,0,0,0,0,0,0,0,1,1,6,6,7,7,7,7,6,6,6,6,5,5,6,6,6,6,6,6,6,6,6,6,6,6,3,3,2,2,1,1,1,1,0,0,,,,,,,,,,,,,,,,,,,,,,,,,,,,,,,,,,,,,,,,,,,,,,,,
16755,2000,,16804,16924,1,50,50,52,52,36,36,39,39,46,46,50,50,139,139,1032,1032,1206,1206,1120,1120,1083,1083,1004,1004,936,936,947,947,979,979,996,996,1013,1013,1077,1077,1008,1008,431,431,271,271,179,179,130,130,69,69,,,,,,,,,,,,,,,,,,,,,,,,,,,,,,,,,,,,,,,,,,,,,,,,
16756,2500,16791,16822,,0,67,67,70,70,49,49,53,53,62,62,67,67,186,186,910,910,1134,1134,1023,1023,977,977,900,900,812,812,861,861,864,864,851,851,886,886,939,939,854,854,524,524,336,336,227,227,165,165,84,84,,,,,,,,,,,,,,,,,,,,,,,,,,,,,,,,,,,,,,,,,,,,,,,,
16757,1600,16687,16745,,0,0,0,0,0,0,0,0,0,0,0,0,0,0,0,909,909,1002,1002,931,931,835,835,881,881,812,812,829,829,868,868,957,957,982,982,1027,1027,964,964,0,0,0,0,0,0,0,0,0,0,,,,,,,,,,,,,,,,,,,,,,,,,,,,,,,,,,,,,,,,,,,,,,,,
16758,2500,17028,17035,,0,50,50,52,52,36,36,39,39,46,46,50,50,139,139,1032,1032,1206,1206,1120,1120,1083,1083,1004,1004,936,936,947,947,979,979,996,996,1013,1013,1077,1077,1008,1008,431,431,271,271,179,179,130,130,69,69,,,,,,,,,,,,,,,,,,,,,,,,,,,,,,,,,,,,,,,,,,,,,,,,
16759,2000,16943,16748,,0,50,50,52,52,36,36,39,39,46,46,50,50,139,139,1032,1032,1206,1206,1120,1120,1083,1083,1004,1004,936,936,947,947,979,979,996,996,1013,1013,1077,1077,1008,1008,431,431,271,271,179,179,130,130,69,69,,,,,,,,,,,,,,,,,,,,,,,,,,,,,,,,,,,,,,,,,,,,,,,,
16760,1600,16785,16977,16770;16724,2,0,0,0,0,0,0,0,0,0,0,0,0,1,1,4,4,5,5,5,5,5,5,4,4,4,4,4,4,4,4,4,4,4,4,5,5,4,4,2,2,1,1,1,1,1,1,0,0,,,,,,,,,,,,,,,,,,,,,,,,,,,,,,,,,,,,,,,,,,,,,,,,
16761,4400,,17013,16874;16701,2,67,67,70,70,49,49,53,53,62,62,67,67,186,186,910,910,1134,1134,1023,1023,977,977,900,900,812,812,861,861,864,864,851,851,886,886,939,939,854,854,524,524,336,336,227,227,165,165,84,84,,,,,,,,,,,,,,,,,,,,,,,,,,,,,,,,,,,,,,,,,,,,,,,,
16762,2500,16914,16925,,0,43,43,45,45,31,31,34,34,39,39,43,43,118,118,993,993,1158,1158,1118,1118,1079,1079,997,997,911,911,964,964,932,932,970,970,990,990,1038,1038,940,940,333,333,214,214,144,144,105,105,53,53,,,,,,,,,,,,,,,,,,,,,,,,,,,,,,,,,,,,,,,,,,,,,,,,
16763,1600,16749,16899,,0,0,0,0,0,0,0,0,0,0,0,0,0,0,0,5,5,5,5,5,5,5,5,5,5,4,4,5,5,5,5,5,5,5,5,5,5,5,5,1,1,1,1,0,0,0,0,0,0,,,,,,,,,,,,,,,,,,,,,,,,,,,,,,,,,,,,,,,,,,,,,,,,
16764,2000,16737,16951,16856,1,67,67,70,70,49,49,53,53,62,62,67,67,186,186,910,910,1134,1134,1023,1023,977,977,900,900,812,812,861,861,864,864,851,851,886,886,939,939,854,854,524,524,336,336,227,227,165,165,84,84,,,,,,,,,,,,,,,,,,,,,,,,,,,,,,,,,,,,,,,,,,,,,,,,
16765,2500,16800,17031,,0,43,43,45,45,31,31,34,34,39,39,43,43,118,118,993,993,1158,1158,1118,1118,1079,1079,997,997,911,911,964,964,932,932,970,970,990,990,1038,1038,940,940,333,333,214,214,144,144,105,105,53,53,,,,,,,,,,,,,,,,,,,,,,,,,,,,,,,,,,,,,,,,,,,,,,,,
16766,1600,16704,16943,,0,0,0,0,0,0,0,0,0,0,0,0,0,0,0,3,3,3,3,3,3,3,3,2,2,2,2,2,2,2,2,2,2,3,3,3,3,2,2,1,1,1,1,0,0,0,0,0,0,,,,,,,,,,,,,,,,,,,,,,,,,,,,,,,,,,,,,,,,,,,,,,,,
16767,2000,16854,16697,16816,1,22,22,23,23,16,16,18,18,21,21,22,22,62,62,1062,1062,1179,1179,1197,1197,1164,1164,1079,1079,993,993,1050,1050,989,989,1070,1070,1077,1077,1120,1120,1012,1012,175,175,112,112,76,76,55,55,28,28,,,,,,,,,,,,,,,,,,,,,,,,,,,,,,,,,,,,,,,,,,,,,,,,
16768,800,16692,16973,,0,0,0,0,0,0,0,0,0,0,0,0,0,1,1,6,6,7,7,6,6,6,6,5,5,5,5,5,5,5,5,5,5,6,6,6,6,5,5,2,2,1,1,1,1,1,1,0,0,,,,,,,,,,,,,,,,,,,,,,,,,,,,,,,,,,,,,,,,,,,,,,,,
16769,4400,tran_0d607cf3-2c85-4cf7-9193-27d5cc4e7e62,16994,tran_4134c7bd-b641-442e-8802-4ef1b7d5c91c;tran_72f087a2-51cd-4770-92f2-e9993b60cd88;16954,3,67,67,70,70,49,49,53,53,62,62,67,67,186,186,910,910,1134,1134,1023,1023,977,977,900,900,812,812,861,861,864,864,851,851,886,886,939,939,854,854,524,524,336,336,227,227,165,165,84,84,,,,,,,,,,,,,,,,,,,,,,,,,,,,,,,,,,,,,,,,,,,,,,,,
16770,4400,16760,16748,,0,50,50,52,52,36,36,39,39,46,46,50,50,139,139,1032,1032,1206,1206,1120,1120,1083,1083,1004,1004,936,936,947,947,979,979,996,996,1013,1013,1077,1077,1008,1008,431,431,271,271,179,179,130,130,69,69,,,,,,,,,,,,,,,,,,,,,,,,,,,,,,,,,,,,,,,,,,,,,,,,
16771,2500,16779,16698,17016;16904,2,22,22,23,23,16,16,18,18,21,21,22,22,62,62,1062,1062,1179,1179,1197,1197,1164,1164,1079,1079,993,993,1050,1050,989,989,1070,1070,1077,1077,1120,1120,1012,1012,175,175,112,112,76,76,55,55,28,28,,,,,,,,,,,,,,,,,,,,,,,,,,,,,,,,,,,,,,,,,,,,,,,,
16772,500,16844,16990,17032,1,67,67,70,70,49,49,53,53,62,62,67,67,186,186,910,910,1134,1134,1023,1023,977,977,900,900,812,812,861,861,864,864,851,851,886,886,939,939,854,854,524,524,336,336,227,227,165,165,84,84,,,,,,,,,,,,,,,,,,,,,,,,,,,,,,,,,,,,,,,,,,,,,,,,
16773,1100,16973,16676,,0,67,67,70,70,49,49,53,53,62,62,67,67,186,186,910,910,1134,1134,1023,1023,977,977,900,900,812,812,861,861,864,864,851,851,886,886,939,939,854,854,524,524,336,336,227,227,165,165,84,84,,,,,,,,,,,,,,,,,,,,,,,,,,,,,,,,,,,,,,,,,,,,,,,,
16774,4400,16797,16802,16732;16834,2,67,67,70,70,49,49,53,53,62,62,67,67,186,186,910,910,1134,1134,1023,1023,977,977,900,900,812,812,861,861,864,864,851,851,886,886,939,939,854,854,524,524,336,336,227,227,165,165,84,84,,,,,,,,,,,,,,,,,,,,,,,,,,,,,,,,,,,,,,,,,,,,,,,,
16775,2500,16782,16883,16670;16977,2,50,50,52,52,36,36,39,39,46,46,50,50,139,139,1032,1032,1206,1206,1120,1120,1083,1083,1004,1004,936,936,947,947,979,979,996,996,1013,1013,1077,1077,1008,1008,431,431,271,271,179,179,130,130,69,69,,,,,,,,,,,,,,,,,,,,,,,,,,,,,,,,,,,,,,,,,,,,,,,,
16776,1000,16899,16813,,0,22,22,23,23,16,16,18,18,21,21,22,22,62,62,1062,1062,1179,1179,1197,1197,1164,1164,1079,1079,993,993,1050,1050,989,989,1070,1070,1077,1077,1120,1120,1012,1012,175,175,112,112,76,76,55,55,28,28,,,,,,,,,,,,,,,,,,,,,,,,,,,,,,,,,,,,,,,,,,,,,,,,
16777,2500,16792,17010,,0,22,22,23,23,16,16,18,18,21,21,22,22,62,62,1062,1062,1179,1179,1197,1197,1164,1164,1079,1079,993,993,1050,1050,989,989,1070,1070,1077,1077,1120,1120,1012,1012,175,175,112,112,76,76,55,55,28,28,,,,,,,,,,,,,,,,,,,,,,,,,,,,,,,,,,,,,,,,,,,,,,,,
16778,800,17028,16751,,0,0,0,0,0,0,0,0,0,0,0,0,0,1,1,8,8,9,9,8,8,8,8,7,7,7,7,7,7,7,7,7,7,7,7,8,8,7,7,3,3,2,2,1,1,1,1,0,0,,,,,,,,,,,,,,,,,,,,,,,,,,,,,,,,,,,,,,,,,,,,,,,,
16779,2000,16771,16730,,0,22,22,23,23,16,16,18,18,21,21,22,22,62,62,1062,1062,1179,1179,1197,1197,1164,1164,1079,1079,993,993,1050,1050,989,989,1070,1070,1077,1077,1120,1120,1012,1012,175,175,112,112,76,76,55,55,28,28,,,,,,,,,,,,,,,,,,,,,,,,,,,,,,,,,,,,,,,,,,,,,,,,
16780,2000,16837,16941,16673,1,50,50,52,52,36,36,39,39,46,46,50,50,139,139,1032,1032,1206,1206,1120,1120,1083,1083,1004,1004,936,936,947,947,979,979,996,996,1013,1013,1077,1077,1008,1008,431,431,271,271,179,179,130,130,69,69,,,,,,,,,,,,,,,,,,,,,,,,,,,,,,,,,,,,,,,,,,,,,,,,
16781,800,16987,17026,,0,0,0,0,0,0,0,0,0,0,0,0,0,1,1,6,6,7,7,7,7,6,6,6,6,5,5,6,6,6,6,6,6,6,6,6,6,6,6,2,2,2,2,1,1,1,1,0,0,,,,,,,,,,,,,,,,,,,,,,,,,,,,,,,,,,,,,,,,,,,,,,,,
16782,1200,16775,17043,,0,0,0,0,0,0,0,0,0,0,0,0,0,1,1,6,6,7,7,6,6,6,6,6,6,5,5,5,5,6,6,6,6,6,6,6,6,6,6,2,2,1,1,1,1,1,1,0,0,,,,,,,,,,,,,,,,,,,,,,,,,,,,,,,,,,,,,,,,,,,,,,,,
16783,300,16801,16886,16923,1,0,0,0,0,0,0,0,0,0,0,0,0,1,1,3,3,4,4,4,4,3,3,3,3,3,3,3,3,3,3,3,3,3,3,3,3,3,3,2,2,1,1,1,1,1,1,0,0,,,,,,,,,,,,,,,,,,,,,,,,,,,,,,,,,,,,,,,,,,,,,,,,
16784,2500,16816,16965,16978;17017,2,22,22,23,23,16,16,18,18,21,21,22,22,62,62,1062,1062,1179,1179,1197,1197,1164,1164,1079,1079,993,993,1050,1050,989,989,1070,1070,1077,1077,1120,1120,1012,1012,175,175,112,112,76,76,55,55,28,28,,,,,,,,,,,,,,,,,,,,,,,,,,,,,,,,,,,,,,,,,,,,,,,,
16785,1200,16735,16760,,0,0,0,0,0,0,0,0,0,0,0,0,0,1,1,5,5,5,5,5,5,5,5,4,4,4,4,4,4,4,4,4,4,5,5,5,5,5,5,2,2,1,1,1,1,1,1,0,0,,,,,,,,,,,,,,,,,,,,,,,,,,,,,,,,,,,,,,,,,,,,,,,,
16786,1600,16694,16867,,0,0,0,0,0,0,0,0,0,0,0,0,0,0,0,3,3,3,3,3,3,3,3,3,3,2,2,3,3,3,3,3,3,3,3,3,3,3,3,1,1,0,0,0,0,0,0,0,0,,,,,,,,,,,,,,,,,,,,,,,,,,,,,,,,,,,,,,,,,,,,,,,,
16787,1600,16715,16951,,0,0,0,0,0,0,0,0,0,0,0,0,0,1,1,5,5,6,6,5,5,5,5,5,5,4,4,5,5,5,5,5,5,5,5,5,5,5,5,3,3,2,2,1,1,1,1,0,0,,,,,,,,,,,,,,,,,,,,,,,,,,,,,,,,,,,,,,,,,,,,,,,,
16788,4400,16607,16914,,0,0,0,0,0,0,0,0,0,0,0,0,0,0,0,1138,1138,1201,1201,1284,1284,1257,1257,1168,1168,1084,1084,1145,1145,1051,1051,1179,1179,1173,1173,1211,1211,1091,1091,0,0,0,0,0,0,0,0,0,0,,,,,,,,,,,,,,,,,,,,,,,,,,,,,,,,,,,,,,,,,,,,,,,,
16789,2750,16949,16619,,0,43,43,45,45,31,31,34,34,39,39,43,43,118,118,993,993,1158,1158,1118,1118,1079,1079,997,997,911,911,964,964,932,932,970,970,990,990,1038,1038,940,940,333,333,214,214,144,144,105,105,53,53,,,,,,,,,,,,,,,,,,,,,,,,,,,,,,,,,,,,,,,,,,,,,,,,
16790,1200,16735,16959,,0,0,0,0,0,0,0,0,0,0,0,0,0,1,1,6,6,7,7,6,6,6,6,6,6,5,5,5,5,6,6,6,6,6,6,6,6,6,6,2,2,1,1,1,1,1,1,0,0,,,,,,,,,,,,,,,,,,,,,,,,,,,,,,,,,,,,,,,,,,,,,,,,
16791,1600,16756,16868,16842;17030,2,0,0,0,0,0,0,0,0,0,0,0,0,1,1,4,4,5,5,4,4,4,4,4,4,3,3,4,4,4,4,4,4,4,4,4,4,4,4,2,2,1,1,1,1,1,1,0,0,,,,,,,,,,,,,,,,,,,,,,,,,,,,,,,,,,,,,,,,,,,,,,,,
16792,2000,16966,17020,16777;17016,2,22,22,23,23,16,16,18,18,21,21,22,22,62,62,1062,1062,1179,1179,1197,1197,1164,1164,1079,1079,993,993,1050,1050,989,989,1070,1070,1077,1077,1120,1120,1012,1012,175,175,112,112,76,76,55,55,28,28,,,,,,,,,,,,,,,,,,,,,,,,,,,,,,,,,,,,,,,,,,,,,,,,
16793,1600,16900,17028,,0,0,0,0,0,0,0,0,0,0,0,0,0,1,1,6,6,7,7,7,7,6,6,6,6,6,6,6,6,6,6,6,6,6,6,6,6,6,6,2,2,2,2,1,1,1,1,0,0,,,,,,,,,,,,,,,,,,,,,,,,,,,,,,,,,,,,,,,,,,,,,,,,
16794,2500,16854,16858,16682,1,22,22,23,23,16,16,18,18,21,21,22,22,62,62,1062,1062,1179,1179,1197,1197,1164,1164,1079,1079,993,993,1050,1050,989,989,1070,1070,1077,1077,1120,1120,1012,1012,175,175,112,112,76,76,55,55,28,28,,,,,,,,,,,,,,,,,,,,,,,,,,,,,,,,,,,,,,,,,,,,,,,,
16795,800,16853,17024,16986,1,0,0,0,0,0,0,0,0,0,0,0,0,1,1,3,3,3,3,3,3,3,3,3,3,2,2,3,3,3,3,3,3,3,3,3,3,3,3,1,1,1,1,1,1,0,0,0,0,,,,,,,,,,,,,,,,,,,,,,,,,,,,,,,,,,,,,,,,,,,,,,,,
16796,800,16867,16749,,0,0,0,0,0,0,0,0,0,0,0,0,0,0,0,4,4,5,5,5,5,5,5,4,4,4,4,4,4,4,4,4,4,4,4,5,5,4,4,1,1,1,1,0,0,0,0,0,0,,,,,,,,,,,,,,,,,,,,,,,,,,,,,,,,,,,,,,,,,,,,,,,,
16797,4400,12359,16774,16886;17015;16668;16893;12241;12378,6,67,67,70,70,49,49,53,53,62,62,67,67,186,186,910,910,1134,1134,1023,1023,977,977,900,900,812,812,861,861,864,864,851,851,886,886,939,939,854,854,524,524,336,336,227,227,165,165,84,84,,,,,,,,,,,,,,,,,,,,,,,,,,,,,,,,,,,,,,,,,,,,,,,,
16798,300,16713,16734,,0,0,0,0,0,0,0,0,0,0,0,0,0,1,1,3,3,4,4,3,3,3,3,3,3,3,3,3,3,3,3,3,3,3,3,3,3,3,3,2,2,1,1,1,1,0,0,0,0,,,,,,,,,,,,,,,,,,,,,,,,,,,,,,,,,,,,,,,,,,,,,,,,
16799,4400,,16908,16956,1,67,67,70,70,49,49,53,53,62,62,67,67,186,186,910,910,1134,1134,1023,1023,977,977,900,900,812,812,861,861,864,864,851,851,886,886,939,939,854,854,524,524,336,336,227,227,165,165,84,84,,,,,,,,,,,,,,,,,,,,,,,,,,,,,,,,,,,,,,,,,,,,,,,,
168,300,169,159,160,1,0,0,0,0,0,0,0,0,0,0,0,0,1,1,9,9,10,10,10,10,10,10,9,9,9,9,9,9,9,9,9,9,9,9,10,10,9,9,2,2,1,1,1,1,1,1,0,0,,,,,,,,,,,,,,,,,,,,,,,,,,,,,,,,,,,,,,,,,,,,,,,,
16800,1500,16696,16765,16960,1,43,43,45,45,31,31,34,34,39,39,43,43,118,118,993,993,1158,1158,1118,1118,1079,1079,997,997,911,911,964,964,932,932,970,970,990,990,1038,1038,940,940,333,333,214,214,144,144,105,105,53,53,,,,,,,,,,,,,,,,,,,,,,,,,,,,,,,,,,,,,,,,,,,,,,,,
16801,300,,16783,,0,0,0,0,0,0,0,0,0,0,0,0,0,1,1,4,4,4,4,4,4,4,4,3,3,3,3,3,3,3,3,3,3,3,3,4,4,3,3,2,2,1,1,1,1,1,1,0,0,,,,,,,,,,,,,,,,,,,,,,,,,,,,,,,,,,,,,,,,,,,,,,,,
16802,3000,16774,16841,,0,67,67,70,70,49,49,53,53,62,62,67,67,186,186,910,910,1134,1134,1023,1023,977,977,900,900,812,812,861,861,864,864,851,851,886,886,939,939,854,854,524,524,336,336,227,227,165,165,84,84,,,,,,,,,,,,,,,,,,,,,,,,,,,,,,,,,,,,,,,,,,,,,,,,
16803,1500,16666,17027,,0,22,22,23,23,16,16,18,18,21,21,22,22,62,62,1062,1062,1179,1179,1197,1197,1164,1164,1079,1079,993,993,1050,1050,989,989,1070,1070,1077,1077,1120,1120,1012,1012,175,175,112,112,76,76,55,55,28,28,,,,,,,,,,,,,,,,,,,,,,,,,,,,,,,,,,,,,,,,,,,,,,,,
16804,1200,,16755,,0,1,1,1,1,0,0,0,0,0,0,1,1,1,1,11,11,13,13,12,12,11,11,11,11,10,10,10,10,10,10,11,11,11,11,11,11,11,11,4,4,3,3,2,2,1,1,1,1,,,,,,,,,,,,,,,,,,,,,,,,,,,,,,,,,,,,,,,,,,,,,,,,
16805,800,16672,16877,,0,0,0,0,0,0,0,0,0,0,0,0,0,1,1,3,3,4,4,3,3,3,3,3,3,3,3,3,3,3,3,3,3,3,3,3,3,3,3,2,2,1,1,1,1,1,1,0,0,,,,,,,,,,,,,,,,,,,,,,,,,,,,,,,,,,,,,,,,,,,,,,,,
16806,4400,,16964,16892,1,50,50,52,52,36,36,39,39,46,46,50,50,139,139,1032,1032,1206,1206,1120,1120,1083,1083,1004,1004,936,936,947,947,979,979,996,996,1013,1013,1077,1077,1008,1008,431,431,271,271,179,179,130,130,69,69,,,,,,,,,,,,,,,,,,,,,,,,,,,,,,,,,,,,,,,,,,,,,,,,
16807,3500,tran_51842f9d-de87-4091-8155-e9f3f6688c15,16750,,0,21,21,20,20,14,14,14,14,17,17,20,20,56,56,1240,1240,1312,1312,1316,1316,1316,1316,1198,1198,1166,1166,1120,1120,1166,1166,1239,1239,1215,1215,1293,1293,1242,1242,268,268,158,158,95,95,70,70,44,44,,,,,,,,,,,,,,,,,,,,,,,,,,,,,,,,,,,,,,,,,,,,,,,,
16808,4400,16972,16845,16739;16982;16973,3,50,50,52,52,36,36,39,39,46,46,50,50,139,139,1032,1032,1206,1206,1120,1120,1083,1083,1004,1004,936,936,947,947,979,979,996,996,1013,1013,1077,1077,1008,1008,431,431,271,271,179,179,130,130,69,69,,,,,,,,,,,,,,,,,,,,,,,,,,,,,,,,,,,,,,,,,,,,,,,,
16809,1500,16948,16867,,0,22,22,23,23,16,16,18,18,21,21,22,22,62,62,1062,1062,1179,1179,1197,1197,1164,1164,1079,1079,993,993,1050,1050,989,989,1070,1070,1077,1077,1120,1120,1012,1012,175,175,112,112,76,76,55,55,28,28,,,,,,,,,,,,,,,,,,,,,,,,,,,,,,,,,,,,,,,,,,,,,,,,
16810,3000,16994,16872,,0,50,50,52,52,36,36,39,39,46,46,50,50,139,139,1032,1032,1206,1206,1120,1120,1083,1083,1004,1004,936,936,947,947,979,979,996,996,1013,1013,1077,1077,1008,1008,431,431,271,271,179,179,130,130,69,69,,,,,,,,,,,,,,,,,,,,,,,,,,,,,,,,,,,,,,,,,,,,,,,,
16811,2500,16835,16749,,0,22,22,23,23,16,16,18,18,21,21,22,22,62,62,1062,1062,1179,1179,1197,1197,1164,1164,1079,1079,993,993,1050,1050,989,989,1070,1070,1077,1077,1120,1120,1012,1012,175,175,112,112,76,76,55,55,28,28,,,,,,,,,,,,,,,,,,,,,,,,,,,,,,,,,,,,,,,,,,,,,,,,
16812,4400,16559,16852,,0,22,22,23,23,16,16,18,18,21,21,22,22,62,62,1062,1062,1179,1179,1197,1197,1164,1164,1079,1079,993,993,1050,1050,989,989,1070,1070,1077,1077,1120,1120,1012,1012,175,175,112,112,76,76,55,55,28,28,,,,,,,,,,,,,,,,,,,,,,,,,,,,,,,,,,,,,,,,,,,,,,,,
16813,2000,16999,16776,16942,1,22,22,23,23,16,16,18,18,21,21,22,22,62,62,1062,1062,1179,1179,1197,1197,1164,1164,1079,1079,993,993,1050,1050,989,989,1070,1070,1077,1077,1120,1120,1012,1012,175,175,112,112,76,76,55,55,28,28,,,,,,,,,,,,,,,,,,,,,,,,,,,,,,,,,,,,,,,,,,,,,,,,
16814,1200,16865,16971,,0,0,0,0,0,0,0,0,0,0,0,0,0,1,1,6,6,8,8,7,7,7,7,6,6,6,6,6,6,6,6,6,6,6,6,6,6,6,6,3,3,2,2,1,1,1,1,1,1,,,,,,,,,,,,,,,,,,,,,,,,,,,,,,,,,,,,,,,,,,,,,,,,
16815,2500,,16825,16693;16690,2,50,50,52,52,36,36,39,39,46,46,50,50,139,139,1032,1032,1206,1206,1120,1120,1083,1083,1004,1004,936,936,947,947,979,979,996,996,1013,1013,1077,1077,1008,1008,431,431,271,271,179,179,130,130,69,69,,,,,,,,,,,,,,,,,,,,,,,,,,,,,,,,,,,,,,,,,,,,,,,,
16816,2000,16784,16767,,0,22,22,23,23,16,16,18,18,21,21,22,22,62,62,1062,1062,1179,1179,1197,1197,1164,1164,1079,1079,993,993,1050,1050,989,989,1070,1070,1077,1077,1120,1120,1012,1012,175,175,112,112,76,76,55,55,28,28,,,,,,,,,,,,,,,,,,,,,,,,,,,,,,,,,,,,,,,,,,,,,,,,
16817,4400,tran_da4a04df-8faa-4a15-9160-1f40881fc58b,16964,,0,59,59,60,60,42,42,45,45,53,53,58,58,161,161,1054,1054,1231,1231,1131,1131,1110,1110,1010,1010,957,957,939,939,1003,1003,1000,1000,1010,1010,1084,1084,1034,1034,528,528,329,329,215,215,157,157,85,85,,,,,,,,,,,,,,,,,,,,,,,,,,,,,,,,,,,,,,,,,,,,,,,,
16818,1500,16698,16952,16926,1,22,22,23,23,16,16,18,18,21,21,22,22,62,62,1062,1062,1179,1179,1197,1197,1164,1164,1079,1079,993,993,1050,1050,989,989,1070,1070,1077,1077,1120,1120,1012,1012,175,175,112,112,76,76,55,55,28,28,,,,,,,,,,,,,,,,,,,,,,,,,,,,,,,,,,,,,,,,,,,,,,,,
16819,2500,16909,16847,,0,22,22,23,23,16,16,18,18,21,21,22,22,62,62,1062,1062,1179,1179,1197,1197,1164,1164,1079,1079,993,993,1050,1050,989,989,1070,1070,1077,1077,1120,1120,1012,1012,175,175,112,112,76,76,55,55,28,28,,,,,,,,,,,,,,,,,,,,,,,,,,,,,,,,,,,,,,,,,,,,,,,,
16820,2000,16959,16981,,0,50,50,52,52,36,36,39,39,46,46,50,50,139,139,1032,1032,1206,1206,1120,1120,1083,1083,1004,1004,936,936,947,947,979,979,996,996,1013,1013,1077,1077,1008,1008,431,431,271,271,179,179,130,130,69,69,,,,,,,,,,,,,,,,,,,,,,,,,,,,,,,,,,,,,,,,,,,,,,,,
16821,1200,16998,16708,,0,0,0,0,0,0,0,0,0,0,0,0,0,1,1,7,7,8,8,8,8,7,7,7,7,6,6,7,7,6,6,7,7,7,7,7,7,7,7,1,1,1,1,1,1,0,0,0,0,,,,,,,,,,,,,,,,,,,,,,,,,,,,,,,,,,,,,,,,,,,,,,,,
16822,3500,16908,16756,16874,1,67,67,70,70,49,49,53,53,62,62,67,67,186,186,910,910,1134,1134,1023,1023,977,977,900,900,812,812,861,861,864,864,851,851,886,886,939,939,854,854,524,524,336,336,227,227,165,165,84,84,,,,,,,,,,,,,,,,,,,,,,,,,,,,,,,,,,,,,,,,,,,,,,,,
16823,1600,16665,4124,17037,1,1,1,1,1,0,0,0,0,0,0,1,1,1,1,11,11,13,13,12,12,11,11,11,11,10,10,10,10,10,10,11,11,11,11,11,11,11,11,4,4,3,3,2,2,1,1,1,1,,,,,,,,,,,,,,,,,,,,,,,,,,,,,,,,,,,,,,,,,,,,,,,,
16824,2000,16840,16862,,0,50,50,52,52,36,36,39,39,46,46,50,50,139,139,1032,1032,1206,1206,1120,1120,1083,1083,1004,1004,936,936,947,947,979,979,996,996,1013,1013,1077,1077,1008,1008,431,431,271,271,179,179,130,130,69,69,,,,,,,,,,,,,,,,,,,,,,,,,,,,,,,,,,,,,,,,,,,,,,,,
16825,2000,17027,16815,,0,50,50,52,52,36,36,39,39,46,46,50,50,139,139,1032,1032,1206,1206,1120,1120,1083,1083,1004,1004,936,936,947,947,979,979,996,996,1013,1013,1077,1077,1008,1008,431,431,271,271,179,179,130,130,69,69,,,,,,,,,,,,,,,,,,,,,,,,,,,,,,,,,,,,,,,,,,,,,,,,
16826,2500,16888,16831,,0,22,22,23,23,16,16,18,18,21,21,22,22,62,62,1062,1062,1179,1179,1197,1197,1164,1164,1079,1079,993,993,1050,1050,989,989,1070,1070,1077,1077,1120,1120,1012,1012,175,175,112,112,76,76,55,55,28,28,,,,,,,,,,,,,,,,,,,,,,,,,,,,,,,,,,,,,,,,,,,,,,,,
16827,2000,16851,16901,,0,50,50,52,52,36,36,39,39,46,46,50,50,139,139,1032,1032,1206,1206,1120,1120,1083,1083,1004,1004,936,936,947,947,979,979,996,996,1013,1013,1077,1077,1008,1008,431,431,271,271,179,179,130,130,69,69,,,,,,,,,,,,,,,,,,,,,,,,,,,,,,,,,,,,,,,,,,,,,,,,
16828,2500,16930,16720,17033,1,67,67,70,70,49,49,53,53,62,62,67,67,186,186,910,910,1134,1134,1023,1023,977,977,900,900,812,812,861,861,864,864,851,851,886,886,939,939,854,854,524,524,336,336,227,227,165,165,84,84,,,,,,,,,,,,,,,,,,,,,,,,,,,,,,,,,,,,,,,,,,,,,,,,
16829,3500,17045,16953,,0,50,50,52,52,36,36,39,39,46,46,50,50,139,139,1032,1032,1206,1206,1120,1120,1083,1083,1004,1004,936,936,947,947,979,979,996,996,1013,1013,1077,1077,1008,1008,431,431,271,271,179,179,130,130,69,69,,,,,,,,,,,,,,,,,,,,,,,,,,,,,,,,,,,,,,,,,,,,,,,,
16830,3000,16744,16847,,0,22,22,23,23,16,16,18,18,21,21,22,22,62,62,1062,1062,1179,1179,1197,1197,1164,1164,1079,1079,993,993,1050,1050,989,989,1070,1070,1077,1077,1120,1120,1012,1012,175,175,112,112,76,76,55,55,28,28,,,,,,,,,,,,,,,,,,,,,,,,,,,,,,,,,,,,,,,,,,,,,,,,
16831,2500,16978,16928,17021;16826,2,22,22,23,23,16,16,18,18,21,21,22,22,62,62,1062,1062,1179,1179,1197,1197,1164,1164,1079,1079,993,993,1050,1050,989,989,1070,1070,1077,1077,1120,1120,1012,1012,175,175,112,112,76,76,55,55,28,28,,,,,,,,,,,,,,,,,,,,,,,,,,,,,,,,,,,,,,,,,,,,,,,,
16832,2500,16894,16891,,0,50,50,52,52,36,36,39,39,46,46,50,50,139,139,1032,1032,1206,1206,1120,1120,1083,1083,1004,1004,936,936,947,947,979,979,996,996,1013,1013,1077,1077,1008,1008,431,431,271,271,179,179,130,130,69,69,,,,,,,,,,,,,,,,,,,,,,,,,,,,,,,,,,,,,,,,,,,,,,,,
16833,4400,16911,tran_1b278465-7067-4e77-ac0c-139dc2720b8a,16954,1,59,59,60,60,42,42,45,45,53,53,58,58,161,161,1054,1054,1231,1231,1131,1131,1110,1110,1010,1010,957,957,939,939,1003,1003,1000,1000,1010,1010,1084,1084,1034,1034,528,528,329,329,215,215,157,157,85,85,,,,,,,,,,,,,,,,,,,,,,,,,,,,,,,,,,,,,,,,,,,,,,,,
16834,2000,16774,16906,,0,67,67,70,70,49,49,53,53,62,62,67,67,186,186,910,910,1134,1134,1023,1023,977,977,900,900,812,812,861,861,864,864,851,851,886,886,939,939,854,854,524,524,336,336,227,227,165,165,84,84,,,,,,,,,,,,,,,,,,,,,,,,,,,,,,,,,,,,,,,,,,,,,,,,
16835,2500,16870,16952,16811;16706,2,22,22,23,23,16,16,18,18,21,21,22,22,62,62,1062,1062,1179,1179,1197,1197,1164,1164,1079,1079,993,993,1050,1050,989,989,1070,1070,1077,1077,1120,1120,1012,1012,175,175,112,112,76,76,55,55,28,28,,,,,,,,,,,,,,,,,,,,,,,,,,,,,,,,,,,,,,,,,,,,,,,,
16836,1500,16720,,16944,1,67,67,70,70,49,49,53,53,62,62,67,67,186,186,910,910,1134,1134,1023,1023,977,977,900,900,812,812,861,861,864,864,851,851,886,886,939,939,854,854,524,524,336,336,227,227,165,165,84,84,,,,,,,,,,,,,,,,,,,,,,,,,,,,,,,,,,,,,,,,,,,,,,,,
16837,2000,16987,16780,,0,50,50,52,52,36,36,39,39,46,46,50,50,139,139,1032,1032,1206,1206,1120,1120,1083,1083,1004,1004,936,936,947,947,979,979,996,996,1013,1013,1077,1077,1008,1008,431,431,271,271,179,179,130,130,69,69,,,,,,,,,,,,,,,,,,,,,,,,,,,,,,,,,,,,,,,,,,,,,,,,
16838,2000,16674,16689,,0,50,50,52,52,36,36,39,39,46,46,50,50,139,139,1032,1032,1206,1206,1120,1120,1083,1083,1004,1004,936,936,947,947,979,979,996,996,1013,1013,1077,1077,1008,1008,431,431,271,271,179,179,130,130,69,69,,,,,,,,,,,,,,,,,,,,,,,,,,,,,,,,,,,,,,,,,,,,,,,,
16839,1200,17040,17026,,0,0,0,0,0,0,0,0,0,0,0,0,0,0,0,2,2,2,2,2,2,2,2,2,2,2,2,2,2,2,2,2,2,2,2,2,2,2,2,1,1,0,0,0,0,0,0,0,0,,,,,,,,,,,,,,,,,,,,,,,,,,,,,,,,,,,,,,,,,,,,,,,,
16840,1500,16664,16824,16999,1,50,50,52,52,36,36,39,39,46,46,50,50,139,139,1032,1032,1206,1206,1120,1120,1083,1083,1004,1004,936,936,947,947,979,979,996,996,1013,1013,1077,1077,1008,1008,431,431,271,271,179,179,130,130,69,69,,,,,,,,,,,,,,,,,,,,,,,,,,,,,,,,,,,,,,,,,,,,,,,,
16841,800,16923,,16802,1,0,0,0,0,0,0,0,0,0,0,0,0,1,1,7,7,9,9,8,8,8,8,7,7,6,6,7,7,7,7,7,7,7,7,7,7,7,7,4,4,2,2,2,2,1,1,1,1,,,,,,,,,,,,,,,,,,,,,,,,,,,,,,,,,,,,,,,,,,,,,,,,
16842,4000,,16791,16864,1,67,67,70,70,49,49,53,53,62,62,67,67,186,186,910,910,1134,1134,1023,1023,977,977,900,900,812,812,861,861,864,864,851,851,886,886,939,939,854,854,524,524,336,336,227,227,165,165,84,84,,,,,,,,,,,,,,,,,,,,,,,,,,,,,,,,,,,,,,,,,,,,,,,,
16843,800,16902,16716,16568,1,0,0,0,0,0,0,0,0,0,0,0,0,0,0,3,3,3,3,3,3,3,3,3,3,3,3,3,3,3,3,3,3,3,3,3,3,3,3,1,1,0,0,0,0,0,0,0,0,,,,,,,,,,,,,,,,,,,,,,,,,,,,,,,,,,,,,,,,,,,,,,,,
16844,300,17041,16772,,0,1,1,1,1,0,0,0,0,1,1,1,1,2,2,8,8,10,10,9,9,9,9,8,8,7,7,8,8,8,8,8,8,8,8,9,9,8,8,4,4,3,3,2,2,1,1,1,1,,,,,,,,,,,,,,,,,,,,,,,,,,,,,,,,,,,,,,,,,,,,,,,,
16845,4400,16808,16924,16676,1,67,67,70,70,49,49,53,53,62,62,67,67,186,186,910,910,1134,1134,1023,1023,977,977,900,900,812,812,861,861,864,864,851,851,886,886,939,939,854,854,524,524,336,336,227,227,165,165,84,84,,,,,,,,,,,,,,,,,,,,,,,,,,,,,,,,,,,,,,,,,,,,,,,,
16846,1650,16936,16701,16884,1,67,67,70,70,49,49,53,53,62,62,67,67,186,186,910,910,1134,1134,1023,1023,977,977,900,900,812,812,861,861,864,864,851,851,886,886,939,939,854,854,524,524,336,336,227,227,165,165,84,84,,,,,,,,,,,,,,,,,,,,,,,,,,,,,,,,,,,,,,,,,,,,,,,,
16847,2000,16830,16819,16931,1,22,22,23,23,16,16,18,18,21,21,22,22,62,62,1062,1062,1179,1179,1197,1197,1164,1164,1079,1079,993,993,1050,1050,989,989,1070,1070,1077,1077,1120,1120,1012,1012,175,175,112,112,76,76,55,55,28,28,,,,,,,,,,,,,,,,,,,,,,,,,,,,,,,,,,,,,,,,,,,,,,,,
16848,2500,16712,16859,16742;16727,2,67,67,70,70,49,49,53,53,62,62,67,67,186,186,910,910,1134,1134,1023,1023,977,977,900,900,812,812,861,861,864,864,851,851,886,886,939,939,854,854,524,524,336,336,227,227,165,165,84,84,,,,,,,,,,,,,,,,,,,,,,,,,,,,,,,,,,,,,,,,,,,,,,,,
16849,1500,16750,16909,,0,22,22,23,23,16,16,18,18,21,21,22,22,62,62,1062,1062,1179,1179,1197,1197,1164,1164,1079,1079,993,993,1050,1050,989,989,1070,1070,1077,1077,1120,1120,1012,1012,175,175,112,112,76,76,55,55,28,28,,,,,,,,,,,,,,,,,,,,,,,,,,,,,,,,,,,,,,,,,,,,,,,,
16850,4400,16724,16881,,0,50,50,52,52,36,36,39,39,46,46,50,50,139,139,1032,1032,1206,1206,1120,1120,1083,1083,1004,1004,936,936,947,947,979,979,996,996,1013,1013,1077,1077,1008,1008,431,431,271,271,179,179,130,130,69,69,,,,,,,,,,,,,,,,,,,,,,,,,,,,,,,,,,,,,,,,,,,,,,,,
16851,2500,16870,17042,16942;16827,2,50,50,52,52,36,36,39,39,46,46,50,50,139,139,1032,1032,1206,1206,1120,1120,1083,1083,1004,1004,936,936,947,947,979,979,996,996,1013,1013,1077,1077,1008,1008,431,431,271,271,179,179,130,130,69,69,,,,,,,,,,,,,,,,,,,,,,,,,,,,,,,,,,,,,,,,,,,,,,,,
16852,2500,16988,16723,16932;16812,2,22,22,23,23,16,16,18,18,21,21,22,22,62,62,1062,1062,1179,1179,1197,1197,1164,1164,1079,1079,993,993,1050,1050,989,989,1070,1070,1077,1077,1120,1120,1012,1012,175,175,112,112,76,76,55,55,28,28,,,,,,,,,,,,,,,,,,,,,,,,,,,,,,,,,,,,,,,,,,,,,,,,
16853,1200,16667,16795,,0,0,0,0,0,0,0,0,0,0,0,0,0,1,1,5,5,6,6,5,5,5,5,4,4,4,4,4,4,4,4,4,4,4,4,5,5,4,4,2,2,1,1,1,1,1,1,0,0,,,,,,,,,,,,,,,,,,,,,,,,,,,,,,,,,,,,,,,,,,,,,,,,
16854,1600,16794,16767,,0,0,0,0,0,0,0,0,0,0,0,0,0,1,1,9,9,10,10,10,10,9,9,9,9,8,8,9,9,8,8,9,9,9,9,9,9,9,9,2,2,1,1,1,1,1,1,0,0,,,,,,,,,,,,,,,,,,,,,,,,,,,,,,,,,,,,,,,,,,,,,,,,
16855,1200,16989,16699,,0,0,0,0,0,0,0,0,0,0,0,0,0,1,1,6,6,6,6,6,6,6,6,5,5,5,5,5,5,5,5,5,5,5,5,6,6,5,5,2,2,1,1,1,1,1,1,0,0,,,,,,,,,,,,,,,,,,,,,,,,,,,,,,,,,,,,,,,,,,,,,,,,
16856,1200,16764,16715,,0,0,0,0,0,0,0,0,0,0,0,0,0,1,1,5,5,6,6,5,5,5,5,5,5,4,4,5,5,5,5,5,5,5,5,5,5,5,5,3,3,2,2,1,1,1,1,0,0,,,,,,,,,,,,,,,,,,,,,,,,,,,,,,,,,,,,,,,,,,,,,,,,
16857,1500,16704,16746,,0,50,50,52,52,36,36,39,39,46,46,50,50,139,139,1032,1032,1206,1206,1120,1120,1083,1083,1004,1004,936,936,947,947,979,979,996,996,1013,1013,1077,1077,1008,1008,431,431,271,271,179,179,130,130,69,69,,,,,,,,,,,,,,,,,,,,,,,,,,,,,,,,,,,,,,,,,,,,,,,,
16858,1600,17044,16794,,0,0,0,0,0,0,0,0,0,0,0,0,0,1,1,9,9,10,10,10,10,9,9,9,9,8,8,8,8,8,8,9,9,9,9,9,9,8,8,2,2,1,1,1,1,1,1,0,0,,,,,,,,,,,,,,,,,,,,,,,,,,,,,,,,,,,,,,,,,,,,,,,,
16859,3000,16848,16666,,0,43,43,45,45,31,31,34,34,39,39,43,43,118,118,993,993,1158,1158,1118,1118,1079,1079,997,997,911,911,964,964,932,932,970,970,990,990,1038,1038,940,940,333,333,214,214,144,144,105,105,53,53,,,,,,,,,,,,,,,,,,,,,,,,,,,,,,,,,,,,,,,,,,,,,,,,
16860,4400,tran_f69a2ae6-f624-4f36-8469-5116fa9ac891,16750,,0,22,22,23,23,16,16,18,18,21,21,22,22,62,62,1062,1062,1179,1179,1197,1197,1164,1164,1079,1079,993,993,1050,1050,989,989,1070,1070,1077,1077,1120,1120,1012,1012,175,175,112,112,76,76,55,55,28,28,,,,,,,,,,,,,,,,,,,,,,,,,,,,,,,,,,,,,,,,,,,,,,,,
16861,800,,17013,,0,0,0,0,0,0,0,0,0,0,0,0,0,1,1,6,6,7,7,6,6,6,6,6,6,5,5,5,5,5,5,5,5,6,6,6,6,5,5,3,3,2,2,1,1,1,1,0,0,,,,,,,,,,,,,,,,,,,,,,,,,,,,,,,,,,,,,,,,,,,,,,,,
16862,1500,17042,16935,16824,1,50,50,52,52,36,36,39,39,46,46,50,50,139,139,1032,1032,1206,1206,1120,1120,1083,1083,1004,1004,936,936,947,947,979,979,996,996,1013,1013,1077,1077,1008,1008,431,431,271,271,179,179,130,130,69,69,,,,,,,,,,,,,,,,,,,,,,,,,,,,,,,,,,,,,,,,,,,,,,,,
16863,3000,16959,16992,,0,50,50,52,52,36,36,39,39,46,46,50,50,139,139,1032,1032,1206,1206,1120,1120,1083,1083,1004,1004,936,936,947,947,979,979,996,996,1013,1013,1077,1077,1008,1008,431,431,271,271,179,179,130,130,69,69,,,,,,,,,,,,,,,,,,,,,,,,,,,,,,,,,,,,,,,,,,,,,,,,
16864,4400,16692,16878,16842;16868;16701,3,67,67,70,70,49,49,53,53,62,62,67,67,186,186,910,910,1134,1134,1023,1023,977,977,900,900,812,812,861,861,864,864,851,851,886,886,939,939,854,854,524,524,336,336,227,227,165,165,84,84,,,,,,,,,,,,,,,,,,,,,,,,,,,,,,,,,,,,,,,,,,,,,,,,
16865,4400,16880,16814,,0,67,67,70,70,49,49,53,53,62,62,67,67,186,186,910,910,1134,1134,1023,1023,977,977,900,900,812,812,861,861,864,864,851,851,886,886,939,939,854,854,524,524,336,336,227,227,165,165,84,84,,,,,,,,,,,,,,,,,,,,,,,,,,,,,,,,,,,,,,,,,,,,,,,,
16866,1600,17014,16918,,0,0,0,0,0,0,0,0,0,0,0,0,0,1,1,4,4,5,5,5,5,5,5,4,4,4,4,4,4,4,4,4,4,4,4,5,5,4,4,2,2,1,1,1,1,1,1,0,0,,,,,,,,,,,,,,,,,,,,,,,,,,,,,,,,,,,,,,,,,,,,,,,,
16867,1600,16703,16796,16809;16786,2,0,0,0,0,0,0,0,0,0,0,0,0,1,1,7,7,8,8,8,8,7,7,7,7,6,6,7,7,6,6,7,7,7,7,7,7,7,7,1,1,1,1,1,1,0,0,0,0,,,,,,,,,,,,,,,,,,,,,,,,,,,,,,,,,,,,,,,,,,,,,,,,
16868,800,16791,,16864,1,0,0,0,0,0,0,0,0,0,0,0,0,1,1,3,3,4,4,3,3,3,3,3,3,3,3,3,3,3,3,3,3,3,3,3,3,3,3,2,2,1,1,1,1,0,0,0,0,,,,,,,,,,,,,,,,,,,,,,,,,,,,,,,,,,,,,,,,,,,,,,,,
16869,1500,16914,16679,,0,43,43,45,45,31,31,34,34,39,39,43,43,118,118,993,993,1158,1158,1118,1118,1079,1079,997,997,911,911,964,964,932,932,970,970,990,990,1038,1038,940,940,333,333,214,214,144,144,105,105,53,53,,,,,,,,,,,,,,,,,,,,,,,,,,,,,,,,,,,,,,,,,,,,,,,,
16870,2000,16851,16835,,0,22,22,23,23,16,16,18,18,21,21,22,22,62,62,1062,1062,1179,1179,1197,1197,1164,1164,1079,1079,993,993,1050,1050,989,989,1070,1070,1077,1077,1120,1120,1012,1012,175,175,112,112,76,76,55,55,28,28,,,,,,,,,,,,,,,,,,,,,,,,,,,,,,,,,,,,,,,,,,,,,,,,
16871,2000,16953,16739,,0,50,50,52,52,36,36,39,39,46,46,50,50,139,139,1032,1032,1206,1206,1120,1120,1083,1083,1004,1004,936,936,947,947,979,979,996,996,1013,1013,1077,1077,1008,1008,431,431,271,271,179,179,130,130,69,69,,,,,,,,,,,,,,,,,,,,,,,,,,,,,,,,,,,,,,,,,,,,,,,,
16872,2000,16917,16729,16810,1,50,50,52,52,36,36,39,39,46,46,50,50,139,139,1032,1032,1206,1206,1120,1120,1083,1083,1004,1004,936,936,947,947,979,979,996,996,1013,1013,1077,1077,1008,1008,431,431,271,271,179,179,130,130,69,69,,,,,,,,,,,,,,,,,,,,,,,,,,,,,,,,,,,,,,,,,,,,,,,,
16873,2500,16950,16697,16931;17018,2,22,22,23,23,16,16,18,18,21,21,22,22,62,62,1062,1062,1179,1179,1197,1197,1164,1164,1079,1079,993,993,1050,1050,989,989,1070,1070,1077,1077,1120,1120,1012,1012,175,175,112,112,76,76,55,55,28,28,,,,,,,,,,,,,,,,,,,,,,,,,,,,,,,,,,,,,,,,,,,,,,,,
16874,4400,16822,16761,,0,67,67,70,70,49,49,53,53,62,62,67,67,186,186,910,910,1134,1134,1023,1023,977,977,900,900,812,812,861,861,864,864,851,851,886,886,939,939,854,854,524,524,336,336,227,227,165,165,84,84,,,,,,,,,,,,,,,,,,,,,,,,,,,,,,,,,,,,,,,,,,,,,,,,
16875,1600,16621,16678,16890,1,0,0,0,0,0,0,0,0,0,0,0,0,0,0,894,894,944,944,1009,1009,988,988,917,917,851,851,900,900,826,826,926,926,922,922,952,952,857,857,0,0,0,0,0,0,0,0,0,0,,,,,,,,,,,,,,,,,,,,,,,,,,,,,,,,,,,,,,,,,,,,,,,,
16876,2000,16701,17030,16726,1,67,67,70,70,49,49,53,53,62,62,67,67,186,186,910,910,1134,1134,1023,1023,977,977,900,900,812,812,861,861,864,864,851,851,886,886,939,939,854,854,524,524,336,336,227,227,165,165,84,84,,,,,,,,,,,,,,,,,,,,,,,,,,,,,,,,,,,,,,,,,,,,,,,,
16877,400,16722,16805,16738,1,0,0,0,0,0,0,0,0,0,0,0,0,0,0,2,2,3,3,3,3,2,2,2,2,2,2,2,2,2,2,2,2,2,2,2,2,2,2,1,1,1,1,1,1,0,0,0,0,,,,,,,,,,,,,,,,,,,,,,,,,,,,,,,,,,,,,,,,,,,,,,,,
16878,300,,16864,17030,1,0,0,0,0,0,0,0,0,0,0,0,0,1,1,6,6,7,7,7,7,6,6,6,6,5,5,6,6,6,6,6,6,6,6,6,6,6,6,3,3,2,2,1,1,1,1,0,0,,,,,,,,,,,,,,,,,,,,,,,,,,,,,,,,,,,,,,,,,,,,,,,,
16879,1200,16906,16898,,0,0,0,0,0,0,0,0,0,0,0,0,0,1,1,3,3,4,4,4,4,4,4,3,3,3,3,3,3,3,3,3,3,3,3,4,4,3,3,2,2,1,1,1,1,1,1,0,0,,,,,,,,,,,,,,,,,,,,,,,,,,,,,,,,,,,,,,,,,,,,,,,,
16880,4400,16865,16743,,0,67,67,70,70,49,49,53,53,62,62,67,67,186,186,910,910,1134,1134,1023,1023,977,977,900,900,812,812,861,861,864,864,851,851,886,886,939,939,854,854,524,524,336,336,227,227,165,165,84,84,,,,,,,,,,,,,,,,,,,,,,,,,,,,,,,,,,,,,,,,,,,,,,,,
16881,4400,16663,16850,,0,50,50,52,52,36,36,39,39,46,46,50,50,139,139,1032,1032,1206,1206,1120,1120,1083,1083,1004,1004,936,936,947,947,979,979,996,996,1013,1013,1077,1077,1008,1008,431,431,271,271,179,179,130,130,69,69,,,,,,,,,,,,,,,,,,,,,,,,,,,,,,,,,,,,,,,,,,,,,,,,
16882,800,16970,16921,,0,0,0,0,0,0,0,0,0,0,0,0,0,1,1,4,4,5,5,4,4,4,4,4,4,3,3,4,4,4,4,4,4,4,4,4,4,4,4,2,2,1,1,1,1,1,1,0,0,,,,,,,,,,,,,,,,,,,,,,,,,,,,,,,,,,,,,,,,,,,,,,,,
16883,1200,16943,16775,,0,0,0,0,0,0,0,0,0,0,0,0,0,0,0,2,2,3,3,2,2,2,2,2,2,2,2,2,2,2,2,2,2,2,2,2,2,2,2,1,1,1,1,0,0,0,0,0,0,,,,,,,,,,,,,,,,,,,,,,,,,,,,,,,,,,,,,,,,,,,,,,,,
16884,1650,16846,16753,,0,67,67,70,70,49,49,53,53,62,62,67,67,186,186,910,910,1134,1134,1023,1023,977,977,900,900,812,812,861,861,864,864,851,851,886,886,939,939,854,854,524,524,336,336,227,227,165,165,84,84,,,,,,,,,,,,,,,,,,,,,,,,,,,,,,,,,,,,,,,,,,,,,,,,
16885,400,16680,,,0,0,0,0,0,0,0,0,0,0,0,0,0,1,1,7,7,8,8,7,7,7,7,6,6,6,6,6,6,6,6,6,6,6,6,7,7,6,6,3,3,2,2,1,1,1,1,1,1,,,,,,,,,,,,,,,,,,,,,,,,,,,,,,,,,,,,,,,,,,,,,,,,
16886,2750,16783,16797,17015,1,67,67,70,70,49,49,53,53,62,62,67,67,186,186,910,910,1134,1134,1023,1023,977,977,900,900,812,812,861,861,864,864,851,851,886,886,939,939,854,854,524,524,336,336,227,227,165,165,84,84,,,,,,,,,,,,,,,,,,,,,,,,,,,,,,,,,,,,,,,,,,,,,,,,
16887,800,17002,16919,,0,0,0,0,0,0,0,0,0,0,0,0,0,1,1,9,9,11,11,10,10,10,10,9,9,8,8,8,8,9,9,9,9,9,9,10,10,9,9,4,4,2,2,2,2,1,1,1,1,,,,,,,,,,,,,,,,,,,,,,,,,,,,,,,,,,,,,,,,,,,,,,,,
16888,2500,16826,16549,16542;16996,2,22,22,23,23,16,16,18,18,21,21,22,22,62,62,1062,1062,1179,1179,1197,1197,1164,1164,1079,1079,993,993,1050,1050,989,989,1070,1070,1077,1077,1120,1120,1012,1012,175,175,112,112,76,76,55,55,28,28,,,,,,,,,,,,,,,,,,,,,,,,,,,,,,,,,,,,,,,,,,,,,,,,
16889,1200,16995,16728,,0,0,0,0,0,0,0,0,0,0,0,0,0,1,1,7,7,8,8,8,8,7,7,7,7,6,6,6,6,7,7,7,7,7,7,7,7,7,7,3,3,2,2,1,1,1,1,0,0,,,,,,,,,,,,,,,,,,,,,,,,,,,,,,,,,,,,,,,,,,,,,,,,
16890,300,16875,16957,16621,1,0,0,0,0,0,0,0,0,0,0,0,0,0,0,3,3,3,3,3,3,3,3,3,3,3,3,3,3,3,3,3,3,3,3,3,3,3,3,1,1,0,0,0,0,0,0,0,0,,,,,,,,,,,,,,,,,,,,,,,,,,,,,,,,,,,,,,,,,,,,,,,,
16891,3000,16832,16947,17046,1,50,50,52,52,36,36,39,39,46,46,50,50,139,139,1032,1032,1206,1206,1120,1120,1083,1083,1004,1004,936,936,947,947,979,979,996,996,1013,1013,1077,1077,1008,1008,431,431,271,271,179,179,130,130,69,69,,,,,,,,,,,,,,,,,,,,,,,,,,,,,,,,,,,,,,,,,,,,,,,,
16892,1000,16717,17007,16806,1,50,50,52,52,36,36,39,39,46,46,50,50,139,139,1032,1032,1206,1206,1120,1120,1083,1083,1004,1004,936,936,947,947,979,979,996,996,1013,1013,1077,1077,1008,1008,431,431,271,271,179,179,130,130,69,69,,,,,,,,,,,,,,,,,,,,,,,,,,,,,,,,,,,,,,,,,,,,,,,,
16893,3300,16705,16797,,0,67,67,70,70,49,49,53,53,62,62,67,67,186,186,910,910,1134,1134,1023,1023,977,977,900,900,812,812,861,861,864,864,851,851,886,886,939,939,854,854,524,524,336,336,227,227,165,165,84,84,,,,,,,,,,,,,,,,,,,,,,,,,,,,,,,,,,,,,,,,,,,,,,,,
16894,1600,16733,16976,17006;16832,2,0,0,0,0,0,0,0,0,0,0,0,0,1,1,5,5,6,6,5,5,5,5,5,5,5,5,5,5,5,5,5,5,5,5,5,5,5,5,2,2,1,1,1,1,1,1,0,0,,,,,,,,,,,,,,,,,,,,,,,,,,,,,,,,,,,,,,,,,,,,,,,,
16895,2000,16918,17040,,0,50,50,52,52,36,36,39,39,46,46,50,50,139,139,1032,1032,1206,1206,1120,1120,1083,1083,1004,1004,936,936,947,947,979,979,996,996,1013,1013,1077,1077,1008,1008,431,431,271,271,179,179,130,130,69,69,,,,,,,,,,,,,,,,,,,,,,,,,,,,,,,,,,,,,,,,,,,,,,,,
16896,1600,16906,16667,,0,0,0,0,0,0,0,0,0,0,0,0,0,1,1,6,6,7,7,7,7,6,6,6,6,5,5,6,6,6,6,6,6,6,6,6,6,6,6,3,3,2,2,1,1,1,1,0,0,,,,,,,,,,,,,,,,,,,,,,,,,,,,,,,,,,,,,,,,,,,,,,,,
16897,1500,16929,16571,,0,22,22,23,23,16,16,18,18,21,21,22,22,62,62,1062,1062,1179,1179,1197,1197,1164,1164,1079,1079,993,993,1050,1050,989,989,1070,1070,1077,1077,1120,1120,1012,1012,175,175,112,112,76,76,55,55,28,28,,,,,,,,,,,,,,,,,,,,,,,,,,,,,,,,,,,,,,,,,,,,,,,,
16898,800,16986,16879,,0,0,0,0,0,0,0,0,0,0,0,0,0,1,1,4,4,5,5,4,4,4,4,4,4,3,3,4,4,4,4,4,4,4,4,4,4,4,4,2,2,1,1,1,1,1,1,0,0,,,,,,,,,,,,,,,,,,,,,,,,,,,,,,,,,,,,,,,,,,,,,,,,
16899,2500,16776,16763,17009,1,22,22,23,23,16,16,18,18,21,21,22,22,62,62,1062,1062,1179,1179,1197,1197,1164,1164,1079,1079,993,993,1050,1050,989,989,1070,1070,1077,1077,1120,1120,1012,1012,175,175,112,112,76,76,55,55,28,28,,,,,,,,,,,,,,,,,,,,,,,,,,,,,,,,,,,,,,,,,,,,,,,,
169,800,171,159,168;160;17717,3,0,0,0,0,0,0,0,0,0,0,0,0,1,1,9,9,10,10,10,10,10,10,9,9,9,9,9,9,9,9,9,9,9,9,10,10,9,9,2,2,1,1,1,1,1,1,0,0,,,,,,,,,,,,,,,,,,,,,,,,,,,,,,,,,,,,,,,,,,,,,,,,
16900,1500,16793,16685,16969,1,50,50,52,52,36,36,39,39,46,46,50,50,139,139,1032,1032,1206,1206,1120,1120,1083,1083,1004,1004,936,936,947,947,979,979,996,996,1013,1013,1077,1077,1008,1008,431,431,271,271,179,179,130,130,69,69,,,,,,,,,,,,,,,,,,,,,,,,,,,,,,,,,,,,,,,,,,,,,,,,
16901,2500,16693,16827,16962,1,50,50,52,52,36,36,39,39,46,46,50,50,139,139,1032,1032,1206,1206,1120,1120,1083,1083,1004,1004,936,936,947,947,979,979,996,996,1013,1013,1077,1077,1008,1008,431,431,271,271,179,179,130,130,69,69,,,,,,,,,,,,,,,,,,,,,,,,,,,,,,,,,,,,,,,,,,,,,,,,
16902,1200,16843,16563,,0,0,0,0,0,0,0,0,0,0,0,0,0,0,0,3,3,3,3,3,3,3,3,3,3,3,3,3,3,3,3,3,3,3,3,3,3,3,3,1,1,0,0,0,0,0,0,0,0,,,,,,,,,,,,,,,,,,,,,,,,,,,,,,,,,,,,,,,,,,,,,,,,
16903,2500,17000,16727,,0,43,43,45,45,31,31,34,34,39,39,43,43,118,118,993,993,1158,1158,1118,1118,1079,1079,997,997,911,911,964,964,932,932,970,970,990,990,1038,1038,940,940,333,333,214,214,144,144,105,105,53,53,,,,,,,,,,,,,,,,,,,,,,,,,,,,,,,,,,,,,,,,,,,,,,,,
16904,2500,16771,16745,,0,22,22,23,23,16,16,18,18,21,21,22,22,62,62,1062,1062,1179,1179,1197,1197,1164,1164,1079,1079,993,993,1050,1050,989,989,1070,1070,1077,1077,1120,1120,1012,1012,175,175,112,112,76,76,55,55,28,28,,,,,,,,,,,,,,,,,,,,,,,,,,,,,,,,,,,,,,,,,,,,,,,,
16905,2500,16994,,16911,1,50,50,52,52,36,36,39,39,46,46,50,50,139,139,1032,1032,1206,1206,1120,1120,1083,1083,1004,1004,936,936,947,947,979,979,996,996,1013,1013,1077,1077,1008,1008,431,431,271,271,179,179,130,130,69,69,,,,,,,,,,,,,,,,,,,,,,,,,,,,,,,,,,,,,,,,,,,,,,,,
16906,400,16834,16879,16896,1,0,0,0,0,0,0,0,0,0,0,0,0,1,1,7,7,8,8,8,8,7,7,7,7,6,6,7,7,6,6,6,6,7,7,7,7,6,6,4,4,2,2,2,2,1,1,1,1,,,,,,,,,,,,,,,,,,,,,,,,,,,,,,,,,,,,,,,,,,,,,,,,
16907,300,16622,16679,,0,4,4,4,4,3,3,3,3,4,4,4,4,11,11,92,92,108,108,104,104,100,100,93,93,85,85,90,90,87,87,90,90,92,92,97,97,87,87,31,31,20,20,13,13,10,10,5,5,,,,,,,,,,,,,,,,,,,,,,,,,,,,,,,,,,,,,,,,,,,,,,,,
16908,4400,16822,16799,,0,67,67,70,70,49,49,53,53,62,62,67,67,186,186,910,910,1134,1134,1023,1023,977,977,900,900,812,812,861,861,864,864,851,851,886,886,939,939,854,854,524,524,336,336,227,227,165,165,84,84,,,,,,,,,,,,,,,,,,,,,,,,,,,,,,,,,,,,,,,,,,,,,,,,
16909,2000,16849,16682,16819,1,22,22,23,23,16,16,18,18,21,21,22,22,62,62,1062,1062,1179,1179,1197,1197,1164,1164,1079,1079,993,993,1050,1050,989,989,1070,1070,1077,1077,1120,1120,1012,1012,175,175,112,112,76,76,55,55,28,28,,,,,,,,,,,,,,,,,,,,,,,,,,,,,,,,,,,,,,,,,,,,,,,,
16910,2500,16695,16669,,0,43,43,45,45,31,31,34,34,39,39,43,43,118,118,993,993,1158,1158,1118,1118,1079,1079,997,997,911,911,964,964,932,932,970,970,990,990,1038,1038,940,940,333,333,214,214,144,144,105,105,53,53,,,,,,,,,,,,,,,,,,,,,,,,,,,,,,,,,,,,,,,,,,,,,,,,
16911,3000,,16833,16905;16939,2,50,50,52,52,36,36,39,39,46,46,50,50,139,139,1032,1032,1206,1206,1120,1120,1083,1083,1004,1004,936,936,947,947,979,979,996,996,1013,1013,1077,1077,1008,1008,431,431,271,271,179,179,130,130,69,69,,,,,,,,,,,,,,,,,,,,,,,,,,,,,,,,,,,,,,,,,,,,,,,,
16912,1200,16991,16681,16671,1,2,2,2,2,2,2,2,2,2,2,2,2,6,6,50,50,58,58,56,56,54,54,50,50,46,46,48,48,47,47,49,49,50,50,52,52,47,47,17,17,11,11,7,7,5,5,3,3,,,,,,,,,,,,,,,,,,,,,,,,,,,,,,,,,,,,,,,,,,,,,,,,
16913,4400,,16701,,0,67,67,70,70,49,49,53,53,62,62,67,67,186,186,910,910,1134,1134,1023,1023,977,977,900,900,812,812,861,861,864,864,851,851,886,886,939,939,854,854,524,524,336,336,227,227,165,165,84,84,,,,,,,,,,,,,,,,,,,,,,,,,,,,,,,,,,,,,,,,,,,,,,,,
16914,2500,16869,16762,16710;16788,2,43,43,45,45,31,31,34,34,39,39,43,43,118,118,993,993,1158,1158,1118,1118,1079,1079,997,997,911,911,964,964,932,932,970,970,990,990,1038,1038,940,940,333,333,214,214,144,144,105,105,53,53,,,,,,,,,,,,,,,,,,,,,,,,,,,,,,,,,,,,,,,,,,,,,,,,
16915,1600,16686,17026,,0,0,0,0,0,0,0,0,0,0,0,0,0,0,0,3,3,4,4,3,3,3,3,3,3,3,3,3,3,3,3,3,3,3,3,3,3,3,3,1,1,1,1,1,1,0,0,0,0,,,,,,,,,,,,,,,,,,,,,,,,,,,,,,,,,,,,,,,,,,,,,,,,
16916,600,16973,16985,,0,0,0,0,0,0,0,0,0,0,0,0,0,1,1,7,7,9,9,8,8,8,8,7,7,7,7,7,7,7,7,7,7,7,7,8,8,7,7,3,3,2,2,1,1,1,1,0,0,,,,,,,,,,,,,,,,,,,,,,,,,,,,,,,,,,,,,,,,,,,,,,,,
16917,1600,16872,16699,,0,0,0,0,0,0,0,0,0,0,0,0,0,0,0,3,3,4,4,3,3,3,3,3,3,3,3,3,3,3,3,3,3,3,3,3,3,3,3,1,1,1,1,1,1,0,0,0,0,,,,,,,,,,,,,,,,,,,,,,,,,,,,,,,,,,,,,,,,,,,,,,,,
16918,2000,16895,16983,16866,1,50,50,52,52,36,36,39,39,46,46,50,50,139,139,1032,1032,1206,1206,1120,1120,1083,1083,1004,1004,936,936,947,947,979,979,996,996,1013,1013,1077,1077,1008,1008,431,431,271,271,179,179,130,130,69,69,,,,,,,,,,,,,,,,,,,,,,,,,,,,,,,,,,,,,,,,,,,,,,,,
16919,1500,16664,16940,16887,1,50,50,52,52,36,36,39,39,46,46,50,50,139,139,1032,1032,1206,1206,1120,1120,1083,1083,1004,1004,936,936,947,947,979,979,996,996,1013,1013,1077,1077,1008,1008,431,431,271,271,179,179,130,130,69,69,,,,,,,,,,,,,,,,,,,,,,,,,,,,,,,,,,,,,,,,,,,,,,,,
16920,800,16672,16980,,0,0,0,0,0,0,0,0,0,0,0,0,0,1,1,4,4,4,4,4,4,4,4,4,4,3,3,3,3,3,3,3,3,4,4,4,4,3,3,2,2,1,1,1,1,1,1,0,0,,,,,,,,,,,,,,,,,,,,,,,,,,,,,,,,,,,,,,,,,,,,,,,,
16921,400,17023,16882,17032,1,0,0,1,1,0,0,0,0,0,0,0,0,1,1,7,7,9,9,8,8,8,8,7,7,7,7,7,7,7,7,7,7,7,7,8,8,7,7,4,4,2,2,2,2,1,1,1,1,,,,,,,,,,,,,,,,,,,,,,,,,,,,,,,,,,,,,,,,,,,,,,,,
16922,2500,12289,16753,,0,67,67,70,70,49,49,53,53,62,62,67,67,186,186,910,910,1134,1134,1023,1023,977,977,900,900,812,812,861,861,864,864,851,851,886,886,939,939,854,854,524,524,336,336,227,227,165,165,84,84,,,,,,,,,,,,,,,,,,,,,,,,,,,,,,,,,,,,,,,,,,,,,,,,
16923,2500,16841,16783,,0,67,67,70,70,49,49,53,53,62,62,67,67,186,186,910,910,1134,1134,1023,1023,977,977,900,900,812,812,861,861,864,864,851,851,886,886,939,939,854,854,524,524,336,336,227,227,165,165,84,84,,,,,,,,,,,,,,,,,,,,,,,,,,,,,,,,,,,,,,,,,,,,,,,,
16924,3000,17008,16755,16714;16845,2,50,50,52,52,36,36,39,39,46,46,50,50,139,139,1032,1032,1206,1206,1120,1120,1083,1083,1004,1004,936,936,947,947,979,979,996,996,1013,1013,1077,1077,1008,1008,431,431,271,271,179,179,130,130,69,69,,,,,,,,,,,,,,,,,,,,,,,,,,,,,,,,,,,,,,,,,,,,,,,,
16925,2500,16691,16991,16762;17038,2,43,43,45,45,31,31,34,34,39,39,43,43,118,118,993,993,1158,1158,1118,1118,1079,1079,997,997,911,911,964,964,932,932,970,970,990,990,1038,1038,940,940,333,333,214,214,144,144,105,105,53,53,,,,,,,,,,,,,,,,,,,,,,,,,,,,,,,,,,,,,,,,,,,,,,,,
16926,1600,16818,16694,,0,0,0,0,0,0,0,0,0,0,0,0,0,0,0,6,6,7,7,7,7,7,7,6,6,6,6,6,6,6,6,6,6,6,6,7,7,6,6,1,1,1,1,1,1,0,0,0,0,,,,,,,,,,,,,,,,,,,,,,,,,,,,,,,,,,,,,,,,,,,,,,,,
16927,4400,16994,16967,,0,50,50,52,52,36,36,39,39,46,46,50,50,139,139,1032,1032,1206,1206,1120,1120,1083,1083,1004,1004,936,936,947,947,979,979,996,996,1013,1013,1077,1077,1008,1008,431,431,271,271,179,179,130,130,69,69,,,,,,,,,,,,,,,,,,,,,,,,,,,,,,,,,,,,,,,,,,,,,,,,
16928,4400,tran_5cc0b664-b9bb-4ab4-974b-95f70928976e,16831,,0,21,21,20,20,14,14,14,14,17,17,20,20,56,56,1240,1240,1312,1312,1316,1316,1316,1316,1198,1198,1166,1166,1120,1120,1166,1166,1239,1239,1215,1215,1293,1293,1242,1242,268,268,158,158,95,95,70,70,44,44,,,,,,,,,,,,,,,,,,,,,,,,,,,,,,,,,,,,,,,,,,,,,,,,
16929,1200,16897,16966,16568,1,0,0,0,0,0,0,0,0,0,0,0,0,0,0,6,6,7,7,7,7,6,6,6,6,5,5,6,6,6,6,6,6,6,6,6,6,6,6,1,1,1,1,1,1,0,0,0,0,,,,,,,,,,,,,,,,,,,,,,,,,,,,,,,,,,,,,,,,,,,,,,,,
16930,3000,17031,16828,,0,43,43,45,45,31,31,34,34,39,39,43,43,118,118,993,993,1158,1158,1118,1118,1079,1079,997,997,911,911,964,964,932,932,970,970,990,990,1038,1038,940,940,333,333,214,214,144,144,105,105,53,53,,,,,,,,,,,,,,,,,,,,,,,,,,,,,,,,,,,,,,,,,,,,,,,,
16931,4400,16847,16873,,0,22,22,23,23,16,16,18,18,21,21,22,22,62,62,1062,1062,1179,1179,1197,1197,1164,1164,1079,1079,993,993,1050,1050,989,989,1070,1070,1077,1077,1120,1120,1012,1012,175,175,112,112,76,76,55,55,28,28,,,,,,,,,,,,,,,,,,,,,,,,,,,,,,,,,,,,,,,,,,,,,,,,
16932,4400,16852,16948,,0,22,22,23,23,16,16,18,18,21,21,22,22,62,62,1062,1062,1179,1179,1197,1197,1164,1164,1079,1079,993,993,1050,1050,989,989,1070,1070,1077,1077,1120,1120,1012,1012,175,175,112,112,76,76,55,55,28,28,,,,,,,,,,,,,,,,,,,,,,,,,,,,,,,,,,,,,,,,,,,,,,,,
16933,1650,,16702,17003,1,50,50,52,52,36,36,39,39,46,46,50,50,139,139,1032,1032,1206,1206,1120,1120,1083,1083,1004,1004,936,936,947,947,979,979,996,996,1013,1013,1077,1077,1008,1008,431,431,271,271,179,179,130,130,69,69,,,,,,,,,,,,,,,,,,,,,,,,,,,,,,,,,,,,,,,,,,,,,,,,
16934,800,17013,,,0,0,0,0,0,0,0,0,0,0,0,0,0,1,1,5,5,7,7,6,6,6,6,5,5,5,5,5,5,5,5,5,5,5,5,5,5,5,5,3,3,2,2,1,1,1,1,0,0,,,,,,,,,,,,,,,,,,,,,,,,,,,,,,,,,,,,,,,,,,,,,,,,
16935,1600,16862,16751,,0,0,0,0,0,0,0,0,0,0,0,0,0,1,1,9,9,11,11,10,10,9,9,9,9,8,8,8,8,9,9,9,9,9,9,9,9,9,9,4,4,2,2,1,1,1,1,1,1,,,,,,,,,,,,,,,,,,,,,,,,,,,,,,,,,,,,,,,,,,,,,,,,
16936,4400,12342,16701,16846,1,67,67,70,70,49,49,53,53,62,62,67,67,186,186,910,910,1134,1134,1023,1023,977,977,900,900,812,812,861,861,864,864,851,851,886,886,939,939,854,854,524,524,336,336,227,227,165,165,84,84,,,,,,,,,,,,,,,,,,,,,,,,,,,,,,,,,,,,,,,,,,,,,,,,
16937,400,16971,17019,,0,0,0,0,0,0,0,0,0,0,0,0,0,1,1,4,4,5,5,4,4,4,4,4,4,4,4,4,4,4,4,4,4,4,4,4,4,4,4,2,2,1,1,1,1,1,1,0,0,,,,,,,,,,,,,,,,,,,,,,,,,,,,,,,,,,,,,,,,,,,,,,,,
16938,1200,16987,16953,,0,0,0,0,0,0,0,0,0,0,0,0,0,1,1,6,6,7,7,6,6,6,6,6,6,5,5,5,5,6,6,6,6,6,6,6,6,6,6,2,2,1,1,1,1,1,1,0,0,,,,,,,,,,,,,,,,,,,,,,,,,,,,,,,,,,,,,,,,,,,,,,,,
16939,2500,17045,16911,,0,50,50,52,52,36,36,39,39,46,46,50,50,139,139,1032,1032,1206,1206,1120,1120,1083,1083,1004,1004,936,936,947,947,979,979,996,996,1013,1013,1077,1077,1008,1008,431,431,271,271,179,179,130,130,69,69,,,,,,,,,,,,,,,,,,,,,,,,,,,,,,,,,,,,,,,,,,,,,,,,
16940,4400,16744,16919,,0,0,0,0,0,0,0,0,0,0,0,0,0,0,0,1138,1138,1201,1201,1284,1284,1257,1257,1168,1168,1084,1084,1145,1145,1051,1051,1179,1179,1173,1173,1211,1211,1091,1091,0,0,0,0,0,0,0,0,0,0,,,,,,,,,,,,,,,,,,,,,,,,,,,,,,,,,,,,,,,,,,,,,,,,
16941,2500,,16780,16739,1,50,50,52,52,36,36,39,39,46,46,50,50,139,139,1032,1032,1206,1206,1120,1120,1083,1083,1004,1004,936,936,947,947,979,979,996,996,1013,1013,1077,1077,1008,1008,431,431,271,271,179,179,130,130,69,69,,,,,,,,,,,,,,,,,,,,,,,,,,,,,,,,,,,,,,,,,,,,,,,,
16942,1200,16813,16851,,0,53,53,55,55,38,38,42,42,48,48,53,53,146,146,715,715,891,891,804,804,768,768,707,707,638,638,676,676,679,679,669,669,696,696,738,738,671,671,411,411,264,264,178,178,130,130,66,66,,,,,,,,,,,,,,,,,,,,,,,,,,,,,,,,,,,,,,,,,,,,,,,,
16943,1200,16883,16961,16766;16759,2,0,0,0,0,0,0,0,0,0,0,0,0,1,1,5,5,5,5,5,5,5,5,4,4,4,4,4,4,4,4,4,4,4,4,5,5,4,4,2,2,1,1,1,1,1,1,0,0,,,,,,,,,,,,,,,,,,,,,,,,,,,,,,,,,,,,,,,,,,,,,,,,
16944,3000,16743,16836,,0,67,67,70,70,49,49,53,53,62,62,67,67,186,186,910,910,1134,1134,1023,1023,977,977,900,900,812,812,861,861,864,864,851,851,886,886,939,939,854,854,524,524,336,336,227,227,165,165,84,84,,,,,,,,,,,,,,,,,,,,,,,,,,,,,,,,,,,,,,,,,,,,,,,,
16945,2500,17027,16998,,0,22,22,23,23,16,16,18,18,21,21,22,22,62,62,1062,1062,1179,1179,1197,1197,1164,1164,1079,1079,993,993,1050,1050,989,989,1070,1070,1077,1077,1120,1120,1012,1012,175,175,112,112,76,76,55,55,28,28,,,,,,,,,,,,,,,,,,,,,,,,,,,,,,,,,,,,,,,,,,,,,,,,
16946,2500,16745,16708,,0,22,22,23,23,16,16,18,18,21,21,22,22,62,62,1062,1062,1179,1179,1197,1197,1164,1164,1079,1079,993,993,1050,1050,989,989,1070,1070,1077,1077,1120,1120,1012,1012,175,175,112,112,76,76,55,55,28,28,,,,,,,,,,,,,,,,,,,,,,,,,,,,,,,,,,,,,,,,,,,,,,,,
16947,4400,16689,16891,,0,50,50,52,52,36,36,39,39,46,46,50,50,139,139,1032,1032,1206,1206,1120,1120,1083,1083,1004,1004,936,936,947,947,979,979,996,996,1013,1013,1077,1077,1008,1008,431,431,271,271,179,179,130,130,69,69,,,,,,,,,,,,,,,,,,,,,,,,,,,,,,,,,,,,,,,,,,,,,,,,
16948,2500,17017,16809,17018;16932,2,22,22,23,23,16,16,18,18,21,21,22,22,62,62,1062,1062,1179,1179,1197,1197,1164,1164,1079,1079,993,993,1050,1050,989,989,1070,1070,1077,1077,1120,1120,1012,1012,175,175,112,112,76,76,55,55,28,28,,,,,,,,,,,,,,,,,,,,,,,,,,,,,,,,,,,,,,,,,,,,,,,,
16949,2200,17025,16789,17038,1,43,43,45,45,31,31,34,34,39,39,43,43,118,118,993,993,1158,1158,1118,1118,1079,1079,997,997,911,911,964,964,932,932,970,970,990,990,1038,1038,940,940,333,333,214,214,144,144,105,105,53,53,,,,,,,,,,,,,,,,,,,,,,,,,,,,,,,,,,,,,,,,,,,,,,,,
16950,2000,16873,16749,,0,22,22,23,23,16,16,18,18,21,21,22,22,62,62,1062,1062,1179,1179,1197,1197,1164,1164,1079,1079,993,993,1050,1050,989,989,1070,1070,1077,1077,1120,1120,1012,1012,175,175,112,112,76,76,55,55,28,28,,,,,,,,,,,,,,,,,,,,,,,,,,,,,,,,,,,,,,,,,,,,,,,,
16951,2500,16787,16764,,0,67,67,70,70,49,49,53,53,62,62,67,67,186,186,910,910,1134,1134,1023,1023,977,977,900,900,812,812,861,861,864,864,851,851,886,886,939,939,854,854,524,524,336,336,227,227,165,165,84,84,,,,,,,,,,,,,,,,,,,,,,,,,,,,,,,,,,,,,,,,,,,,,,,,
16952,2000,16835,16818,,0,22,22,23,23,16,16,18,18,21,21,22,22,62,62,1062,1062,1179,1179,1197,1197,1164,1164,1079,1079,993,993,1050,1050,989,989,1070,1070,1077,1077,1120,1120,1012,1012,175,175,112,112,76,76,55,55,28,28,,,,,,,,,,,,,,,,,,,,,,,,,,,,,,,,,,,,,,,,,,,,,,,,
16953,2500,16969,16871,16829;16938,2,50,50,52,52,36,36,39,39,46,46,50,50,139,139,1032,1032,1206,1206,1120,1120,1083,1083,1004,1004,936,936,947,947,979,979,996,996,1013,1013,1077,1077,1008,1008,431,431,271,271,179,179,130,130,69,69,,,,,,,,,,,,,,,,,,,,,,,,,,,,,,,,,,,,,,,,,,,,,,,,
16954,1650,,16769,16833,1,50,50,52,52,36,36,39,39,46,46,50,50,139,139,1032,1032,1206,1206,1120,1120,1083,1083,1004,1004,936,936,947,947,979,979,996,996,1013,1013,1077,1077,1008,1008,431,431,271,271,179,179,130,130,69,69,,,,,,,,,,,,,,,,,,,,,,,,,,,,,,,,,,,,,,,,,,,,,,,,
16955,3500,16701,,,0,67,67,70,70,49,49,53,53,62,62,67,67,186,186,910,910,1134,1134,1023,1023,977,977,900,900,812,812,861,861,864,864,851,851,886,886,939,939,854,854,524,524,336,336,227,227,165,165,84,84,,,,,,,,,,,,,,,,,,,,,,,,,,,,,,,,,,,,,,,,,,,,,,,,
16956,4400,16702,16799,,0,50,50,52,52,36,36,39,39,46,46,50,50,139,139,1032,1032,1206,1206,1120,1120,1083,1083,1004,1004,936,936,947,947,979,979,996,996,1013,1013,1077,1077,1008,1008,431,431,271,271,179,179,130,130,69,69,,,,,,,,,,,,,,,,,,,,,,,,,,,,,,,,,,,,,,,,,,,,,,,,
16957,1200,16687,16621,16890,1,0,0,0,0,0,0,0,0,0,0,0,0,0,0,3,3,4,4,4,4,4,4,3,3,3,3,3,3,3,3,3,3,3,3,3,3,3,3,1,1,0,0,0,0,0,0,0,0,,,,,,,,,,,,,,,,,,,,,,,,,,,,,,,,,,,,,,,,,,,,,,,,
16958,2000,17028,16987,,0,50,50,52,52,36,36,39,39,46,46,50,50,139,139,1032,1032,1206,1206,1120,1120,1083,1083,1004,1004,936,936,947,947,979,979,996,996,1013,1013,1077,1077,1008,1008,431,431,271,271,179,179,130,130,69,69,,,,,,,,,,,,,,,,,,,,,,,,,,,,,,,,,,,,,,,,,,,,,,,,
16959,1600,16790,16863,16711;16820,2,0,0,0,0,0,0,0,0,0,0,0,0,1,1,6,6,7,7,6,6,6,6,5,5,5,5,5,5,5,5,5,5,6,6,6,6,5,5,2,2,1,1,1,1,1,1,0,0,,,,,,,,,,,,,,,,,,,,,,,,,,,,,,,,,,,,,,,,,,,,,,,,
16960,3000,16800,16731,,0,0,0,0,0,0,0,0,0,0,0,0,0,0,0,1138,1138,1201,1201,1284,1284,1257,1257,1168,1168,1084,1084,1145,1145,1051,1051,1179,1179,1173,1173,1211,1211,1091,1091,0,0,0,0,0,0,0,0,0,0,,,,,,,,,,,,,,,,,,,,,,,,,,,,,,,,,,,,,,,,,,,,,,,,
16961,1600,16943,16699,,0,0,0,0,0,0,0,0,0,0,0,0,0,0,0,3,3,3,3,3,3,3,3,3,3,2,2,2,2,3,3,3,3,3,3,3,3,3,3,1,1,1,1,0,0,0,0,0,0,,,,,,,,,,,,,,,,,,,,,,,,,,,,,,,,,,,,,,,,,,,,,,,,
16962,1600,16901,16998,,0,0,0,0,0,0,0,0,0,0,0,0,0,1,1,7,7,8,8,7,7,7,7,7,7,6,6,6,6,7,7,7,7,7,7,7,7,7,7,3,3,2,2,1,1,1,1,0,0,,,,,,,,,,,,,,,,,,,,,,,,,,,,,,,,,,,,,,,,,,,,,,,,
16963,2500,16974,16965,16996;16988,2,22,22,23,23,16,16,18,18,21,21,22,22,62,62,1062,1062,1179,1179,1197,1197,1164,1164,1079,1079,993,993,1050,1050,989,989,1070,1070,1077,1077,1120,1120,1012,1012,175,175,112,112,76,76,55,55,28,28,,,,,,,,,,,,,,,,,,,,,,,,,,,,,,,,,,,,,,,,,,,,,,,,
16964,3500,16817,16685,16806;17002,2,50,50,52,52,36,36,39,39,46,46,50,50,139,139,1032,1032,1206,1206,1120,1120,1083,1083,1004,1004,936,936,947,947,979,979,996,996,1013,1013,1077,1077,1008,1008,431,431,271,271,179,179,130,130,69,69,,,,,,,,,,,,,,,,,,,,,,,,,,,,,,,,,,,,,,,,,,,,,,,,
16965,2000,16784,16963,,0,22,22,23,23,16,16,18,18,21,21,22,22,62,62,1062,1062,1179,1179,1197,1197,1164,1164,1079,1079,993,993,1050,1050,989,989,1070,1070,1077,1077,1120,1120,1012,1012,175,175,112,112,76,76,55,55,28,28,,,,,,,,,,,,,,,,,,,,,,,,,,,,,,,,,,,,,,,,,,,,,,,,
16966,1500,16792,16929,,0,22,22,23,23,16,16,18,18,21,21,22,22,62,62,1062,1062,1179,1179,1197,1197,1164,1164,1079,1079,993,993,1050,1050,989,989,1070,1070,1077,1077,1120,1120,1012,1012,175,175,112,112,76,76,55,55,28,28,,,,,,,,,,,,,,,,,,,,,,,,,,,,,,,,,,,,,,,,,,,,,,,,
16967,2500,,16677,16927;16979,2,50,50,52,52,36,36,39,39,46,46,50,50,139,139,1032,1032,1206,1206,1120,1120,1083,1083,1004,1004,936,936,947,947,979,979,996,996,1013,1013,1077,1077,1008,1008,431,431,271,271,179,179,130,130,69,69,,,,,,,,,,,,,,,,,,,,,,,,,,,,,,,,,,,,,,,,,,,,,,,,
16968,1600,17035,17026,,0,0,0,0,0,0,0,0,0,0,0,0,0,1,1,6,6,7,7,7,7,6,6,6,6,6,6,6,6,6,6,6,6,6,6,6,6,6,6,2,2,2,2,1,1,1,1,0,0,,,,,,,,,,,,,,,,,,,,,,,,,,,,,,,,,,,,,,,,,,,,,,,,
16969,1600,16900,16953,,0,0,0,0,0,0,0,0,0,0,0,0,0,0,0,2,2,3,3,3,3,2,2,2,2,2,2,2,2,2,2,2,2,2,2,3,3,2,2,1,1,1,1,0,0,0,0,0,0,,,,,,,,,,,,,,,,,,,,,,,,,,,,,,,,,,,,,,,,,,,,,,,,
16970,300,16882,16683,17024,1,0,0,0,0,0,0,0,0,0,0,0,0,0,0,3,3,3,3,3,3,3,3,3,3,2,2,2,2,2,2,2,2,3,3,3,3,2,2,1,1,1,1,1,1,0,0,0,0,,,,,,,,,,,,,,,,,,,,,,,,,,,,,,,,,,,,,,,,,,,,,,,,
16971,4400,17046,16937,17019;16814;16752,3,67,67,70,70,49,49,53,53,62,62,67,67,186,186,910,910,1134,1134,1023,1023,977,977,900,900,812,812,861,861,864,864,851,851,886,886,939,939,854,854,524,524,336,336,227,227,165,165,84,84,,,,,,,,,,,,,,,,,,,,,,,,,,,,,,,,,,,,,,,,,,,,,,,,
16972,4400,16808,16689,,0,50,50,52,52,36,36,39,39,46,46,50,50,139,139,1032,1032,1206,1206,1120,1120,1083,1083,1004,1004,936,936,947,947,979,979,996,996,1013,1013,1077,1077,1008,1008,431,431,271,271,179,179,130,130,69,69,,,,,,,,,,,,,,,,,,,,,,,,,,,,,,,,,,,,,,,,,,,,,,,,
16973,4400,16702,16808,16773;16916;17003;16768,4,50,50,52,52,36,36,39,39,46,46,50,50,139,139,1032,1032,1206,1206,1120,1120,1083,1083,1004,1004,936,936,947,947,979,979,996,996,1013,1013,1077,1077,1008,1008,431,431,271,271,179,179,130,130,69,69,,,,,,,,,,,,,,,,,,,,,,,,,,,,,,,,,,,,,,,,,,,,,,,,
16974,2500,16645,16963,,0,22,22,23,23,16,16,18,18,21,21,22,22,62,62,1062,1062,1179,1179,1197,1197,1164,1164,1079,1079,993,993,1050,1050,989,989,1070,1070,1077,1077,1120,1120,1012,1012,175,175,112,112,76,76,55,55,28,28,,,,,,,,,,,,,,,,,,,,,,,,,,,,,,,,,,,,,,,,,,,,,,,,
16975,2000,17015,,,0,67,67,70,70,49,49,53,53,62,62,67,67,186,186,910,910,1134,1134,1023,1023,977,977,900,900,812,812,861,861,864,864,851,851,886,886,939,939,854,854,524,524,336,336,227,227,165,165,84,84,,,,,,,,,,,,,,,,,,,,,,,,,,,,,,,,,,,,,,,,,,,,,,,,
16976,2000,17014,16894,,0,50,50,52,52,36,36,39,39,46,46,50,50,139,139,1032,1032,1206,1206,1120,1120,1083,1083,1004,1004,936,936,947,947,979,979,996,996,1013,1013,1077,1077,1008,1008,431,431,271,271,179,179,130,130,69,69,,,,,,,,,,,,,,,,,,,,,,,,,,,,,,,,,,,,,,,,,,,,,,,,
16977,1200,16775,16760,,0,0,0,0,0,0,0,0,0,0,0,0,0,1,1,5,5,6,6,6,6,6,6,5,5,5,5,5,5,5,5,5,5,5,5,6,6,5,5,2,2,1,1,1,1,1,1,0,0,,,,,,,,,,,,,,,,,,,,,,,,,,,,,,,,,,,,,,,,,,,,,,,,
16978,1600,16784,16831,,0,0,0,0,0,0,0,0,0,0,0,0,0,0,0,6,6,7,7,7,7,7,7,6,6,6,6,6,6,6,6,6,6,7,7,7,7,6,6,1,1,1,1,1,1,0,0,0,0,,,,,,,,,,,,,,,,,,,,,,,,,,,,,,,,,,,,,,,,,,,,,,,,
16979,4400,16992,16967,,0,50,50,52,52,36,36,39,39,46,46,50,50,139,139,1032,1032,1206,1206,1120,1120,1083,1083,1004,1004,936,936,947,947,979,979,996,996,1013,1013,1077,1077,1008,1008,431,431,271,271,179,179,130,130,69,69,,,,,,,,,,,,,,,,,,,,,,,,,,,,,,,,,,,,,,,,,,,,,,,,
16980,1100,17005,16920,,0,67,67,70,70,49,49,53,53,62,62,67,67,186,186,910,910,1134,1134,1023,1023,977,977,900,900,812,812,861,861,864,864,851,851,886,886,939,939,854,854,524,524,336,336,227,227,165,165,84,84,,,,,,,,,,,,,,,,,,,,,,,,,,,,,,,,,,,,,,,,,,,,,,,,
16981,1500,16820,17008,16675,1,50,50,52,52,36,36,39,39,46,46,50,50,139,139,1032,1032,1206,1206,1120,1120,1083,1083,1004,1004,936,936,947,947,979,979,996,996,1013,1013,1077,1077,1008,1008,431,431,271,271,179,179,130,130,69,69,,,,,,,,,,,,,,,,,,,,,,,,,,,,,,,,,,,,,,,,,,,,,,,,
16982,1100,,16808,16985,1,50,50,52,52,36,36,39,39,46,46,50,50,139,139,1032,1032,1206,1206,1120,1120,1083,1083,1004,1004,936,936,947,947,979,979,996,996,1013,1013,1077,1077,1008,1008,431,431,271,271,179,179,130,130,69,69,,,,,,,,,,,,,,,,,,,,,,,,,,,,,,,,,,,,,,,,,,,,,,,,
16983,2000,17035,16918,,0,50,50,52,52,36,36,39,39,46,46,50,50,139,139,1032,1032,1206,1206,1120,1120,1083,1083,1004,1004,936,936,947,947,979,979,996,996,1013,1013,1077,1077,1008,1008,431,431,271,271,179,179,130,130,69,69,,,,,,,,,,,,,,,,,,,,,,,,,,,,,,,,,,,,,,,,,,,,,,,,
16984,800,16752,16680,,0,0,0,0,0,0,0,0,0,0,0,0,0,1,1,7,7,9,9,8,8,8,8,7,7,6,6,7,7,7,7,7,7,7,7,7,7,7,7,4,4,2,2,2,2,1,1,1,1,,,,,,,,,,,,,,,,,,,,,,,,,,,,,,,,,,,,,,,,,,,,,,,,
16985,550,16916,16982,,0,50,50,52,52,36,36,39,39,46,46,50,50,139,139,1032,1032,1206,1206,1120,1120,1083,1083,1004,1004,936,936,947,947,979,979,996,996,1013,1013,1077,1077,1008,1008,431,431,271,271,179,179,130,130,69,69,,,,,,,,,,,,,,,,,,,,,,,,,,,,,,,,,,,,,,,,,,,,,,,,
16986,800,16898,16795,,0,0,0,0,0,0,0,0,0,0,0,0,0,1,1,3,3,4,4,4,4,3,3,3,3,3,3,3,3,3,3,3,3,3,3,3,3,3,3,2,2,1,1,1,1,1,1,0,0,,,,,,,,,,,,,,,,,,,,,,,,,,,,,,,,,,,,,,,,,,,,,,,,
16987,2500,16837,16958,16938;16781,2,50,50,52,52,36,36,39,39,46,46,50,50,139,139,1032,1032,1206,1206,1120,1120,1083,1083,1004,1004,936,936,947,947,979,979,996,996,1013,1013,1077,1077,1008,1008,431,431,271,271,179,179,130,130,69,69,,,,,,,,,,,,,,,,,,,,,,,,,,,,,,,,,,,,,,,,,,,,,,,,
16988,2000,16852,16963,,0,22,22,23,23,16,16,18,18,21,21,22,22,62,62,1062,1062,1179,1179,1197,1197,1164,1164,1079,1079,993,993,1050,1050,989,989,1070,1070,1077,1077,1120,1120,1012,1012,175,175,112,112,76,76,55,55,28,28,,,,,,,,,,,,,,,,,,,,,,,,,,,,,,,,,,,,,,,,,,,,,,,,
16989,2000,17029,16728,tran_58f014ae-5daa-469d-881e-2b423267e5f2;16855,2,50,50,52,52,36,36,39,39,46,46,50,50,139,139,1032,1032,1206,1206,1120,1120,1083,1083,1004,1004,936,936,947,947,979,979,996,996,1013,1013,1077,1077,1008,1008,431,431,271,271,179,179,130,130,69,69,,,,,,,,,,,,,,,,,,,,,,,,,,,,,,,,,,,,,,,,,,,,,,,,
16990,3000,16772,16705,,0,67,67,70,70,49,49,53,53,62,62,67,67,186,186,910,910,1134,1134,1023,1023,977,977,900,900,812,812,861,861,864,864,851,851,886,886,939,939,854,854,524,524,336,336,227,227,165,165,84,84,,,,,,,,,,,,,,,,,,,,,,,,,,,,,,,,,,,,,,,,,,,,,,,,
16991,2000,16912,16925,,0,43,43,45,45,31,31,34,34,39,39,43,43,118,118,993,993,1158,1158,1118,1118,1079,1079,997,997,911,911,964,964,932,932,970,970,990,990,1038,1038,940,940,333,333,214,214,144,144,105,105,53,53,,,,,,,,,,,,,,,,,,,,,,,,,,,,,,,,,,,,,,,,,,,,,,,,
16992,3000,16863,16719,16979,1,50,50,52,52,36,36,39,39,46,46,50,50,139,139,1032,1032,1206,1206,1120,1120,1083,1083,1004,1004,936,936,947,947,979,979,996,996,1013,1013,1077,1077,1008,1008,431,431,271,271,179,179,130,130,69,69,,,,,,,,,,,,,,,,,,,,,,,,,,,,,,,,,,,,,,,,,,,,,,,,
16993,300,16740,16722,,0,0,0,0,0,0,0,0,0,0,0,0,0,1,1,4,4,5,5,5,5,5,5,4,4,4,4,4,4,4,4,4,4,4,4,4,4,4,4,2,2,1,1,1,1,1,1,0,0,,,,,,,,,,,,,,,,,,,,,,,,,,,,,,,,,,,,,,,,,,,,,,,,
16994,4400,16739,16769,16810;16905;16927,3,50,50,52,52,36,36,39,39,46,46,50,50,139,139,1032,1032,1206,1206,1120,1120,1083,1083,1004,1004,936,936,947,947,979,979,996,996,1013,1013,1077,1077,1008,1008,431,431,271,271,179,179,130,130,69,69,,,,,,,,,,,,,,,,,,,,,,,,,,,,,,,,,,,,,,,,,,,,,,,,
16995,1600,tran_7218c82d-517f-453a-b521-ceaaa737c462,16889,,0,15,15,15,15,10,10,11,11,13,13,14,14,40,40,264,264,308,308,283,283,277,277,252,252,239,239,235,235,251,251,250,250,252,252,271,271,258,258,132,132,82,82,54,54,39,39,21,21,,,,,,,,,,,,,,,,,,,,,,,,,,,,,,,,,,,,,,,,,,,,,,,,
16996,1200,16963,16888,,0,0,0,0,0,0,0,0,0,0,0,0,0,0,0,6,6,7,7,7,7,6,6,6,6,5,5,6,6,6,6,6,6,6,6,6,6,6,6,1,1,1,1,1,1,0,0,0,0,,,,,,,,,,,,,,,,,,,,,,,,,,,,,,,,,,,,,,,,,,,,,,,,
16997,2000,16578,16730,,0,22,22,23,23,16,16,18,18,21,21,22,22,62,62,1062,1062,1179,1179,1197,1197,1164,1164,1079,1079,993,993,1050,1050,989,989,1070,1070,1077,1077,1120,1120,1012,1012,175,175,112,112,76,76,55,55,28,28,,,,,,,,,,,,,,,,,,,,,,,,,,,,,,,,,,,,,,,,,,,,,,,,
16998,1200,16821,16962,16945,1,0,0,0,0,0,0,0,0,0,0,0,0,1,1,12,12,13,13,13,13,13,13,12,12,11,11,11,11,11,11,12,12,12,12,12,12,11,11,2,2,2,2,1,1,1,1,0,0,,,,,,,,,,,,,,,,,,,,,,,,,,,,,,,,,,,,,,,,,,,,,,,,
16999,2000,16813,16840,,0,50,50,52,52,36,36,39,39,46,46,50,50,139,139,1032,1032,1206,1206,1120,1120,1083,1083,1004,1004,936,936,947,947,979,979,996,996,1013,1013,1077,1077,1008,1008,431,431,271,271,179,179,130,130,69,69,,,,,,,,,,,,,,,,,,,,,,,,,,,,,,,,,,,,,,,,,,,,,,,,
17,3000,337,2357,,0,17,17,18,18,12,12,13,13,16,16,17,17,46,46,1086,1086,1203,1203,1194,1194,1138,1138,1089,1089,1003,1003,1052,1052,1018,1018,1107,1107,1120,1120,1167,1167,1066,1066,131,131,84,84,57,57,41,41,21,21,,,,,,,,,,,,,,,,,,,,,,,,,,,,,,,,,,,,,,,,,,,,,,,,
170,1500,421,478,,0,27,27,28,28,20,20,21,21,25,25,27,27,74,74,1049,1049,1182,1182,1170,1170,1126,1126,1056,1056,970,970,1022,1022,982,982,1052,1052,1066,1066,1112,1112,1010,1010,210,210,134,134,91,91,66,66,34,34,,,,,,,,,,,,,,,,,,,,,,,,,,,,,,,,,,,,,,,,,,,,,,,,
17000,1500,17022,17039,16903,1,43,43,45,45,31,31,34,34,39,39,43,43,118,118,993,993,1158,1158,1118,1118,1079,1079,997,997,911,911,964,964,932,932,970,970,990,990,1038,1038,940,940,333,333,214,214,144,144,105,105,53,53,,,,,,,,,,,,,,,,,,,,,,,,,,,,,,,,,,,,,,,,,,,,,,,,
17001,3300,16702,,16700,1,67,67,70,70,49,49,53,53,62,62,67,67,186,186,910,910,1134,1134,1023,1023,977,977,900,900,812,812,861,861,864,864,851,851,886,886,939,939,854,854,524,524,336,336,227,227,165,165,84,84,,,,,,,,,,,,,,,,,,,,,,,,,,,,,,,,,,,,,,,,,,,,,,,,
17002,4000,16964,16887,,0,50,50,52,52,36,36,39,39,46,46,50,50,139,139,1032,1032,1206,1206,1120,1120,1083,1083,1004,1004,936,936,947,947,979,979,996,996,1013,1013,1077,1077,1008,1008,431,431,271,271,179,179,130,130,69,69,,,,,,,,,,,,,,,,,,,,,,,,,,,,,,,,,,,,,,,,,,,,,,,,
17003,800,16973,16933,,0,0,0,0,0,0,0,0,0,0,0,0,0,1,1,9,9,10,10,9,9,9,9,8,8,8,8,8,8,8,8,8,8,8,8,9,9,8,8,3,3,2,2,1,1,1,1,1,1,,,,,,,,,,,,,,,,,,,,,,,,,,,,,,,,,,,,,,,,,,,,,,,,
17004,800,17013,,,0,0,0,0,0,0,0,0,0,0,0,0,0,1,1,5,5,6,6,5,5,5,5,5,5,4,4,4,4,4,4,4,4,4,4,5,5,4,4,2,2,2,2,1,1,1,1,0,0,,,,,,,,,,,,,,,,,,,,,,,,,,,,,,,,,,,,,,,,,,,,,,,,
17005,4400,16980,,,0,67,67,70,70,49,49,53,53,62,62,67,67,186,186,910,910,1134,1134,1023,1023,977,977,900,900,812,812,861,861,864,864,851,851,886,886,939,939,854,854,524,524,336,336,227,227,165,165,84,84,,,,,,,,,,,,,,,,,,,,,,,,,,,,,,,,,,,,,,,,,,,,,,,,
17006,1200,16894,17040,,0,0,0,0,0,0,0,0,0,0,0,0,0,0,0,2,2,3,3,2,2,2,2,2,2,2,2,2,2,2,2,2,2,2,2,2,2,2,2,1,1,1,1,0,0,0,0,0,0,,,,,,,,,,,,,,,,,,,,,,,,,,,,,,,,,,,,,,,,,,,,,,,,
17007,4400,16892,tran_3a558c84-a1f2-4f32-ac16-2c63758d0b5a,,0,59,59,60,60,42,42,45,45,53,53,58,58,161,161,1054,1054,1231,1231,1131,1131,1110,1110,1010,1010,957,957,939,939,1003,1003,1000,1000,1010,1010,1084,1084,1034,1034,528,528,329,329,215,215,157,157,85,85,,,,,,,,,,,,,,,,,,,,,,,,,,,,,,,,,,,,,,,,,,,,,,,,
17008,2000,16924,16981,,0,50,50,52,52,36,36,39,39,46,46,50,50,139,139,1032,1032,1206,1206,1120,1120,1083,1083,1004,1004,936,936,947,947,979,979,996,996,1013,1013,1077,1077,1008,1008,431,431,271,271,179,179,130,130,69,69,,,,,,,,,,,,,,,,,,,,,,,,,,,,,,,,,,,,,,,,,,,,,,,,
17009,2000,16744,16899,,0,22,22,23,23,16,16,18,18,21,21,22,22,62,62,1062,1062,1179,1179,1197,1197,1164,1164,1079,1079,993,993,1050,1050,989,989,1070,1070,1077,1077,1120,1120,1012,1012,175,175,112,112,76,76,55,55,28,28,,,,,,,,,,,,,,,,,,,,,,,,,,,,,,,,,,,,,,,,,,,,,,,,
17010,1600,16716,16703,16723;16777,2,0,0,0,0,0,0,0,0,0,0,0,0,0,0,7,7,7,7,7,7,7,7,7,7,6,6,6,6,6,6,7,7,7,7,7,7,6,6,1,1,1,1,1,1,0,0,0,0,,,,,,,,,,,,,,,,,,,,,,,,,,,,,,,,,,,,,,,,,,,,,,,,
17011,1200,16713,17041,,0,0,0,0,0,0,0,0,0,0,0,0,0,1,1,4,4,5,5,4,4,4,4,4,4,3,3,4,4,4,4,4,4,4,4,4,4,4,4,2,2,1,1,1,1,1,1,0,0,,,,,,,,,,,,,,,,,,,,,,,,,,,,,,,,,,,,,,,,,,,,,,,,
17012,1200,17025,16709,16671,1,1,1,1,1,1,1,1,1,1,1,1,1,3,3,27,27,32,32,31,31,30,30,27,27,25,25,27,27,26,26,27,27,27,27,29,29,26,26,9,9,6,6,4,4,3,3,1,1,,,,,,,,,,,,,,,,,,,,,,,,,,,,,,,,,,,,,,,,,,,,,,,,
17013,4400,16734,16761,16701;16861;17004;16934;16736,5,67,67,70,70,49,49,53,53,62,62,67,67,186,186,910,910,1134,1134,1023,1023,977,977,900,900,812,812,861,861,864,864,851,851,886,886,939,939,854,854,524,524,336,336,227,227,165,165,84,84,,,,,,,,,,,,,,,,,,,,,,,,,,,,,,,,,,,,,,,,,,,,,,,,
17014,1200,17019,16866,16976,1,0,0,0,0,0,0,0,0,0,0,0,0,1,1,7,7,8,8,8,8,8,8,7,7,7,7,7,7,7,7,7,7,7,7,8,8,7,7,3,3,2,2,1,1,1,1,0,0,,,,,,,,,,,,,,,,,,,,,,,,,,,,,,,,,,,,,,,,,,,,,,,,
17015,2500,16975,16886,16797,1,67,67,70,70,49,49,53,53,62,62,67,67,186,186,910,910,1134,1134,1023,1023,977,977,900,900,812,812,861,861,864,864,851,851,886,886,939,939,854,854,524,524,336,336,227,227,165,165,84,84,,,,,,,,,,,,,,,,,,,,,,,,,,,,,,,,,,,,,,,,,,,,,,,,
17016,2000,16792,16771,,0,22,22,23,23,16,16,18,18,21,21,22,22,62,62,1062,1062,1179,1179,1197,1197,1164,1164,1079,1079,993,993,1050,1050,989,989,1070,1070,1077,1077,1120,1120,1012,1012,175,175,112,112,76,76,55,55,28,28,,,,,,,,,,,,,,,,,,,,,,,,,,,,,,,,,,,,,,,,,,,,,,,,
17017,2000,16784,16948,,0,22,22,23,23,16,16,18,18,21,21,22,22,62,62,1062,1062,1179,1179,1197,1197,1164,1164,1079,1079,993,993,1050,1050,989,989,1070,1070,1077,1077,1120,1120,1012,1012,175,175,112,112,76,76,55,55,28,28,,,,,,,,,,,,,,,,,,,,,,,,,,,,,,,,,,,,,,,,,,,,,,,,
17018,4400,16948,16873,,0,22,22,23,23,16,16,18,18,21,21,22,22,62,62,1062,1062,1179,1179,1197,1197,1164,1164,1079,1079,993,993,1050,1050,989,989,1070,1070,1077,1077,1120,1120,1012,1012,175,175,112,112,76,76,55,55,28,28,,,,,,,,,,,,,,,,,,,,,,,,,,,,,,,,,,,,,,,,,,,,,,,,
17019,1600,17014,16971,16937,1,0,0,0,0,0,0,0,0,0,0,0,0,0,0,909,909,1002,1002,931,931,835,835,881,881,812,812,829,829,868,868,957,957,982,982,1027,1027,964,964,0,0,0,0,0,0,0,0,0,0,,,,,,,,,,,,,,,,,,,,,,,,,,,,,,,,,,,,,,,,,,,,,,,,
17020,2500,16792,16694,,0,22,22,23,23,16,16,18,18,21,21,22,22,62,62,1062,1062,1179,1179,1197,1197,1164,1164,1079,1079,993,993,1050,1050,989,989,1070,1070,1077,1077,1120,1120,1012,1012,175,175,112,112,76,76,55,55,28,28,,,,,,,,,,,,,,,,,,,,,,,,,,,,,,,,,,,,,,,,,,,,,,,,
17021,1600,16831,17044,,0,0,0,0,0,0,0,0,0,0,0,0,0,0,0,6,6,7,7,7,7,6,6,6,6,6,6,6,6,6,6,6,6,6,6,6,6,6,6,1,1,1,1,1,1,0,0,0,0,,,,,,,,,,,,,,,,,,,,,,,,,,,,,,,,,,,,,,,,,,,,,,,,
17022,2500,17000,16695,,0,43,43,45,45,31,31,34,34,39,39,43,43,118,118,993,993,1158,1158,1118,1118,1079,1079,997,997,911,911,964,964,932,932,970,970,990,990,1038,1038,940,940,333,333,214,214,144,144,105,105,53,53,,,,,,,,,,,,,,,,,,,,,,,,,,,,,,,,,,,,,,,,,,,,,,,,
17023,1200,16667,16921,,0,0,0,0,0,0,0,0,0,0,0,0,0,1,1,6,6,8,8,7,7,7,7,6,6,6,6,6,6,6,6,6,6,6,6,6,6,6,6,3,3,2,2,1,1,1,1,1,1,,,,,,,,,,,,,,,,,,,,,,,,,,,,,,,,,,,,,,,,,,,,,,,,
17024,800,16970,16795,,0,53,53,55,55,38,38,42,42,48,48,53,53,146,146,715,715,891,891,804,804,768,768,707,707,638,638,676,676,679,679,669,669,696,696,738,738,671,671,411,411,264,264,178,178,130,130,66,66,,,,,,,,,,,,,,,,,,,,,,,,,,,,,,,,,,,,,,,,,,,,,,,,
17025,1600,16949,17012,,0,2,2,2,2,1,1,1,1,2,2,2,2,5,5,38,38,45,45,43,43,42,42,39,39,35,35,37,37,36,36,37,37,38,38,40,40,36,36,13,13,8,8,6,6,4,4,2,2,,,,,,,,,,,,,,,,,,,,,,,,,,,,,,,,,,,,,,,,,,,,,,,,
17026,1600,16915,16968,16781;16839,2,0,0,0,0,0,0,0,0,0,0,0,0,0,0,2,2,3,3,2,2,2,2,2,2,2,2,2,2,2,2,2,2,2,2,2,2,2,2,1,1,1,1,0,0,0,0,0,0,,,,,,,,,,,,,,,,,,,,,,,,,,,,,,,,,,,,,,,,,,,,,,,,
17027,1500,16803,16825,16945,1,50,50,52,52,36,36,39,39,46,46,50,50,139,139,1032,1032,1206,1206,1120,1120,1083,1083,1004,1004,936,936,947,947,979,979,996,996,1013,1013,1077,1077,1008,1008,431,431,271,271,179,179,130,130,69,69,,,,,,,,,,,,,,,,,,,,,,,,,,,,,,,,,,,,,,,,,,,,,,,,
17028,3500,16958,16793,16778;16758,2,50,50,52,52,36,36,39,39,46,46,50,50,139,139,1032,1032,1206,1206,1120,1120,1083,1083,1004,1004,936,936,947,947,979,979,996,996,1013,1013,1077,1077,1008,1008,431,431,271,271,179,179,130,130,69,69,,,,,,,,,,,,,,,,,,,,,,,,,,,,,,,,,,,,,,,,,,,,,,,,
17029,1500,16989,16704,,0,50,50,52,52,36,36,39,39,46,46,50,50,139,139,1032,1032,1206,1206,1120,1120,1083,1083,1004,1004,936,936,947,947,979,979,996,996,1013,1013,1077,1077,1008,1008,431,431,271,271,179,179,130,130,69,69,,,,,,,,,,,,,,,,,,,,,,,,,,,,,,,,,,,,,,,,,,,,,,,,
17030,3000,16791,16876,16878;16726;16701,3,67,67,70,70,49,49,53,53,62,62,67,67,186,186,910,910,1134,1134,1023,1023,977,977,900,900,812,812,861,861,864,864,851,851,886,886,939,939,854,854,524,524,336,336,227,227,165,165,84,84,,,,,,,,,,,,,,,,,,,,,,,,,,,,,,,,,,,,,,,,,,,,,,,,
17031,2500,16681,16930,16765;16709,2,43,43,45,45,31,31,34,34,39,39,43,43,118,118,993,993,1158,1158,1118,1118,1079,1079,997,997,911,911,964,964,932,932,970,970,990,990,1038,1038,940,940,333,333,214,214,144,144,105,105,53,53,,,,,,,,,,,,,,,,,,,,,,,,,,,,,,,,,,,,,,,,,,,,,,,,
17032,1200,16921,16772,,0,53,53,55,55,38,38,42,42,48,48,53,53,146,146,715,715,891,891,804,804,768,768,707,707,638,638,676,676,679,679,669,669,696,696,738,738,671,671,411,411,264,264,178,178,130,130,66,66,,,,,,,,,,,,,,,,,,,,,,,,,,,,,,,,,,,,,,,,,,,,,,,,
17033,2500,16731,16828,,0,67,67,70,70,49,49,53,53,62,62,67,67,186,186,910,910,1134,1134,1023,1023,977,977,900,900,812,812,861,861,864,864,851,851,886,886,939,939,854,854,524,524,336,336,227,227,165,165,84,84,,,,,,,,,,,,,,,,,,,,,,,,,,,,,,,,,,,,,,,,,,,,,,,,
17034,1600,,16674,16686,1,0,0,0,0,0,0,0,0,0,0,0,0,1,1,9,9,10,10,10,10,9,9,9,9,8,8,8,8,8,8,9,9,9,9,9,9,9,9,4,4,2,2,1,1,1,1,1,1,,,,,,,,,,,,,,,,,,,,,,,,,,,,,,,,,,,,,,,,,,,,,,,,
17035,1500,16758,16983,16968,1,50,50,52,52,36,36,39,39,46,46,50,50,139,139,1032,1032,1206,1206,1120,1120,1083,1083,1004,1004,936,936,947,947,979,979,996,996,1013,1013,1077,1077,1008,1008,431,431,271,271,179,179,130,130,69,69,,,,,,,,,,,,,,,,,,,,,,,,,,,,,,,,,,,,,,,,,,,,,,,,
17036,2500,16695,16745,,0,67,67,70,70,49,49,53,53,62,62,67,67,186,186,910,910,1134,1134,1023,1023,977,977,900,900,812,812,861,861,864,864,851,851,886,886,939,939,854,854,524,524,336,336,227,227,165,165,84,84,,,,,,,,,,,,,,,,,,,,,,,,,,,,,,,,,,,,,,,,,,,,,,,,
17037,1500,16823,16746,,0,50,50,52,52,36,36,39,39,46,46,50,50,139,139,1032,1032,1206,1206,1120,1120,1083,1083,1004,1004,936,936,947,947,979,979,996,996,1013,1013,1077,1077,1008,1008,431,431,271,271,179,179,130,130,69,69,,,,,,,,,,,,,,,,,,,,,,,,,,,,,,,,,,,,,,,,,,,,,,,,
17038,3000,16949,16925,,0,43,43,45,45,31,31,34,34,39,39,43,43,118,118,993,993,1158,1158,1118,1118,1079,1079,997,997,911,911,964,964,932,932,970,970,990,990,1038,1038,940,940,333,333,214,214,144,144,105,105,53,53,,,,,,,,,,,,,,,,,,,,,,,,,,,,,,,,,,,,,,,,,,,,,,,,
17039,2000,16666,17000,,0,43,43,45,45,31,31,34,34,39,39,43,43,118,118,993,993,1158,1158,1118,1118,1079,1079,997,997,911,911,964,964,932,932,970,970,990,990,1038,1038,940,940,333,333,214,214,144,144,105,105,53,53,,,,,,,,,,,,,,,,,,,,,,,,,,,,,,,,,,,,,,,,,,,,,,,,
17040,1200,16839,17006,16895,1,0,0,0,0,0,0,0,0,0,0,0,0,0,0,2,2,3,3,2,2,2,2,2,2,2,2,2,2,2,2,2,2,2,2,2,2,2,2,1,1,1,1,0,0,0,0,0,0,,,,,,,,,,,,,,,,,,,,,,,,,,,,,,,,,,,,,,,,,,,,,,,,
17041,300,17011,16740,16844,1,1,1,1,1,0,0,0,0,0,0,1,1,1,1,8,8,10,10,9,9,9,9,8,8,7,7,8,8,8,8,8,8,8,8,8,8,8,8,4,4,3,3,2,2,1,1,1,1,,,,,,,,,,,,,,,,,,,,,,,,,,,,,,,,,,,,,,,,,,,,,,,,
17042,2000,16851,16862,,0,50,50,52,52,36,36,39,39,46,46,50,50,139,139,1032,1032,1206,1206,1120,1120,1083,1083,1004,1004,936,936,947,947,979,979,996,996,1013,1013,1077,1077,1008,1008,431,431,271,271,179,179,130,130,69,69,,,,,,,,,,,,,,,,,,,,,,,,,,,,,,,,,,,,,,,,,,,,,,,,
17043,1200,16782,16721,16665,1,0,0,0,0,0,0,0,0,0,0,0,0,0,0,3,3,4,4,3,3,3,3,3,3,3,3,3,3,3,3,3,3,3,3,3,3,3,3,1,1,1,1,1,1,0,0,0,0,,,,,,,,,,,,,,,,,,,,,,,,,,,,,,,,,,,,,,,,,,,,,,,,
17044,4000,tran_f69ce523-4d9c-48a7-980d-11109f56603e,17021,tran_542a3187-4fa4-4af7-832b-7fb17a1f32d2;16858,2,22,22,23,23,16,16,18,18,21,21,22,22,62,62,1062,1062,1179,1179,1197,1197,1164,1164,1079,1079,993,993,1050,1050,989,989,1070,1070,1077,1077,1120,1120,1012,1012,175,175,112,112,76,76,55,55,28,28,,,,,,,,,,,,,,,,,,,,,,,,,,,,,,,,,,,,,,,,,,,,,,,,
17045,3000,16717,16829,16939,1,50,50,52,52,36,36,39,39,46,46,50,50,139,139,1032,1032,1206,1206,1120,1120,1083,1083,1004,1004,936,936,947,947,979,979,996,996,1013,1013,1077,1077,1008,1008,431,431,271,271,179,179,130,130,69,69,,,,,,,,,,,,,,,,,,,,,,,,,,,,,,,,,,,,,,,,,,,,,,,,
17046,4400,16971,16891,,0,67,67,70,70,49,49,53,53,62,62,67,67,186,186,910,910,1134,1134,1023,1023,977,977,900,900,812,812,861,861,864,864,851,851,886,886,939,939,854,854,524,524,336,336,227,227,165,165,84,84,,,,,,,,,,,,,,,,,,,,,,,,,,,,,,,,,,,,,,,,,,,,,,,,
17047,300,4280,17704,,0,53,53,55,55,38,38,42,42,48,48,53,53,146,146,715,715,891,891,804,804,768,768,707,707,638,638,676,676,679,679,669,669,696,696,738,738,671,671,411,411,264,264,178,178,130,130,66,66,,,,,,,,,,,,,,,,,,,,,,,,,,,,,,,,,,,,,,,,,,,,,,,,
17048,300,17682,4280,,0,0,0,0,0,0,0,0,0,0,0,0,0,0,0,909,909,1002,1002,931,931,835,835,881,881,812,812,829,829,868,868,957,957,982,982,1027,1027,964,964,0,0,0,0,0,0,0,0,0,0,,,,,,,,,,,,,,,,,,,,,,,,,,,,,,,,,,,,,,,,,,,,,,,,
17049,1600,4274,17053,,0,0,0,0,0,0,0,0,0,0,0,0,0,1,1,12,12,13,13,13,13,13,13,11,11,11,11,11,11,11,11,12,12,11,11,12,12,12,12,4,4,3,3,2,2,1,1,1,1,,,,,,,,,,,,,,,,,,,,,,,,,,,,,,,,,,,,,,,,,,,,,,,,
17050,3000,4289,17053,,0,50,50,49,49,35,35,37,37,43,43,48,48,137,137,1199,1199,1327,1327,1239,1239,1242,1242,1119,1119,1102,1102,1018,1018,1143,1143,1150,1150,1133,1133,1230,1230,1214,1214,532,532,323,323,202,202,148,148,86,86,,,,,,,,,,,,,,,,,,,,,,,,,,,,,,,,,,,,,,,,,,,,,,,,
17051,2500,17704,,17700,1,67,67,70,70,49,49,53,53,62,62,67,67,186,186,910,910,1134,1134,1023,1023,977,977,900,900,812,812,861,861,864,864,851,851,886,886,939,939,854,854,524,524,336,336,227,227,165,165,84,84,,,,,,,,,,,,,,,,,,,,,,,,,,,,,,,,,,,,,,,,,,,,,,,,
17052,2500,14058,17054,17683;17067,2,44,44,45,45,32,32,34,34,40,40,43,43,121,121,1080,1080,1242,1242,1144,1144,1098,1098,1038,1038,976,976,968,968,1029,1029,1055,1055,1070,1070,1140,1140,1082,1082,396,396,247,247,161,161,118,118,64,64,,,,,,,,,,,,,,,,,,,,,,,,,,,,,,,,,,,,,,,,,,,,,,,,
17053,2000,17050,17059,17049;17065,2,67,67,70,70,49,49,53,53,62,62,67,67,186,186,910,910,1134,1134,1023,1023,977,977,900,900,812,812,861,861,864,864,851,851,886,886,939,939,854,854,524,524,336,336,227,227,165,165,84,84,,,,,,,,,,,,,,,,,,,,,,,,,,,,,,,,,,,,,,,,,,,,,,,,
17054,1500,17052,17056,,0,67,67,70,70,49,49,53,53,62,62,67,67,186,186,910,910,1134,1134,1023,1023,977,977,900,900,812,812,861,861,864,864,851,851,886,886,939,939,854,854,524,524,336,336,227,227,165,165,84,84,,,,,,,,,,,,,,,,,,,,,,,,,,,,,,,,,,,,,,,,,,,,,,,,
17055,4000,4265,17063,,0,67,67,70,70,49,49,53,53,62,62,67,67,186,186,910,910,1134,1134,1023,1023,977,977,900,900,812,812,861,861,864,864,851,851,886,886,939,939,854,854,524,524,336,336,227,227,165,165,84,84,,,,,,,,,,,,,,,,,,,,,,,,,,,,,,,,,,,,,,,,,,,,,,,,
17056,1600,17684,17054,4284;17070,2,0,0,0,0,0,0,0,0,0,0,0,0,0,0,2,2,3,3,2,2,2,2,2,2,2,2,2,2,2,2,2,2,2,2,2,2,2,2,1,1,1,1,0,0,0,0,0,0,,,,,,,,,,,,,,,,,,,,,,,,,,,,,,,,,,,,,,,,,,,,,,,,
17057,4400,17150,4281,,0,67,67,70,70,49,49,53,53,62,62,67,67,186,186,910,910,1134,1134,1023,1023,977,977,900,900,812,812,861,861,864,864,851,851,886,886,939,939,854,854,524,524,336,336,227,227,165,165,84,84,,,,,,,,,,,,,,,,,,,,,,,,,,,,,,,,,,,,,,,,,,,,,,,,
17058,2000,17690,4326,,0,50,50,49,49,35,35,37,37,43,43,48,48,137,137,1199,1199,1327,1327,1239,1239,1242,1242,1119,1119,1102,1102,1018,1018,1143,1143,1150,1150,1133,1133,1230,1230,1214,1214,532,532,323,323,202,202,148,148,86,86,,,,,,,,,,,,,,,,,,,,,,,,,,,,,,,,,,,,,,,,,,,,,,,,
17059,1500,17062,17053,,0,67,67,70,70,49,49,53,53,62,62,67,67,186,186,910,910,1134,1134,1023,1023,977,977,900,900,812,812,861,861,864,864,851,851,886,886,939,939,854,854,524,524,336,336,227,227,165,165,84,84,,,,,,,,,,,,,,,,,,,,,,,,,,,,,,,,,,,,,,,,,,,,,,,,
17060,1500,17063,17685,,0,67,67,70,70,49,49,53,53,62,62,67,67,186,186,910,910,1134,1134,1023,1023,977,977,900,900,812,812,861,861,864,864,851,851,886,886,939,939,854,854,524,524,336,336,227,227,165,165,84,84,,,,,,,,,,,,,,,,,,,,,,,,,,,,,,,,,,,,,,,,,,,,,,,,
17061,1200,17062,17690,,0,0,0,0,0,0,0,0,0,0,0,0,0,0,0,1,1,1,1,1,1,1,1,1,1,1,1,1,1,1,1,1,1,1,1,1,1,1,1,0,0,0,0,0,0,0,0,0,0,,,,,,,,,,,,,,,,,,,,,,,,,,,,,,,,,,,,,,,,,,,,,,,,
17062,1200,17072,17061,17693;17059,2,0,0,0,0,0,0,0,0,0,0,0,0,1,1,3,3,3,3,3,3,3,3,3,3,2,2,3,3,3,3,3,3,3,3,3,3,3,3,1,1,1,1,1,1,0,0,0,0,,,,,,,,,,,,,,,,,,,,,,,,,,,,,,,,,,,,,,,,,,,,,,,,
17063,2500,17060,17689,17055;17688,2,67,67,70,70,49,49,53,53,62,62,67,67,186,186,910,910,1134,1134,1023,1023,977,977,900,900,812,812,861,861,864,864,851,851,886,886,939,939,854,854,524,524,336,336,227,227,165,165,84,84,,,,,,,,,,,,,,,,,,,,,,,,,,,,,,,,,,,,,,,,,,,,,,,,
17064,2500,17698,,,0,56,56,57,57,40,40,43,43,50,50,55,55,154,154,1096,1096,1258,1258,1162,1162,1148,1148,1041,1041,998,998,962,962,1043,1043,1043,1043,1045,1045,1126,1126,1085,1085,529,529,327,327,211,211,154,154,85,85,,,,,,,,,,,,,,,,,,,,,,,,,,,,,,,,,,,,,,,,,,,,,,,,
17065,2500,17076,17053,,0,67,67,70,70,49,49,53,53,62,62,67,67,186,186,910,910,1134,1134,1023,1023,977,977,900,900,812,812,861,861,864,864,851,851,886,886,939,939,854,854,524,524,336,336,227,227,165,165,84,84,,,,,,,,,,,,,,,,,,,,,,,,,,,,,,,,,,,,,,,,,,,,,,,,
17066,2000,17071,17702,,0,56,56,57,57,40,40,43,43,50,50,55,55,154,154,1096,1096,1258,1258,1162,1162,1148,1148,1041,1041,998,998,962,962,1043,1043,1043,1043,1045,1045,1126,1126,1085,1085,529,529,327,327,211,211,154,154,85,85,,,,,,,,,,,,,,,,,,,,,,,,,,,,,,,,,,,,,,,,,,,,,,,,
17067,4400,17052,17078,,0,44,44,45,45,32,32,34,34,40,40,43,43,121,121,1080,1080,1242,1242,1144,1144,1098,1098,1038,1038,976,976,968,968,1029,1029,1055,1055,1070,1070,1140,1140,1082,1082,396,396,247,247,161,161,118,118,64,64,,,,,,,,,,,,,,,,,,,,,,,,,,,,,,,,,,,,,,,,,,,,,,,,
17068,1600,17687,17081,,0,0,0,0,0,0,0,0,0,0,0,0,0,0,0,2,2,3,3,3,3,2,2,2,2,2,2,2,2,2,2,2,2,2,2,2,2,2,2,1,1,1,1,1,1,0,0,0,0,,,,,,,,,,,,,,,,,,,,,,,,,,,,,,,,,,,,,,,,,,,,,,,,
17069,2200,17150,17071,,0,56,56,57,57,40,40,43,43,50,50,55,55,154,154,1096,1096,1258,1258,1162,1162,1148,1148,1041,1041,998,998,962,962,1043,1043,1043,1043,1045,1045,1126,1126,1085,1085,529,529,327,327,211,211,154,154,85,85,,,,,,,,,,,,,,,,,,,,,,,,,,,,,,,,,,,,,,,,,,,,,,,,
17070,2000,17081,17056,,0,67,67,70,70,49,49,53,53,62,62,67,67,186,186,910,910,1134,1134,1023,1023,977,977,900,900,812,812,861,861,864,864,851,851,886,886,939,939,854,854,524,524,336,336,227,227,165,165,84,84,,,,,,,,,,,,,,,,,,,,,,,,,,,,,,,,,,,,,,,,,,,,,,,,
17071,2000,7217,17066,7198;17069,2,67,67,70,70,49,49,53,53,62,62,67,67,186,186,910,910,1134,1134,1023,1023,977,977,900,900,812,812,861,861,864,864,851,851,886,886,939,939,854,854,524,524,336,336,227,227,165,165,84,84,,,,,,,,,,,,,,,,,,,,,,,,,,,,,,,,,,,,,,,,,,,,,,,,
17072,1500,17080,17062,,0,67,67,70,70,49,49,53,53,62,62,67,67,186,186,910,910,1134,1134,1023,1023,977,977,900,900,812,812,861,861,864,864,851,851,886,886,939,939,854,854,524,524,336,336,227,227,165,165,84,84,,,,,,,,,,,,,,,,,,,,,,,,,,,,,,,,,,,,,,,,,,,,,,,,
17073,4400,17680,4282,,0,50,50,49,49,35,35,37,37,43,43,48,48,137,137,1199,1199,1327,1327,1239,1239,1242,1242,1119,1119,1102,1102,1018,1018,1143,1143,1150,1150,1133,1133,1230,1230,1214,1214,532,532,323,323,202,202,148,148,86,86,,,,,,,,,,,,,,,,,,,,,,,,,,,,,,,,,,,,,,,,,,,,,,,,
17074,4000,17087,17687,,0,67,67,70,70,49,49,53,53,62,62,67,67,186,186,910,910,1134,1134,1023,1023,977,977,900,900,812,812,861,861,864,864,851,851,886,886,939,939,854,854,524,524,336,336,227,227,165,165,84,84,,,,,,,,,,,,,,,,,,,,,,,,,,,,,,,,,,,,,,,,,,,,,,,,
17075,1600,17672,17680,,0,0,0,0,0,0,0,0,0,0,0,0,0,0,0,2,2,2,2,2,2,2,2,2,2,2,2,2,2,2,2,2,2,2,2,2,2,2,2,1,1,1,1,0,0,0,0,0,0,,,,,,,,,,,,,,,,,,,,,,,,,,,,,,,,,,,,,,,,,,,,,,,,
17076,3000,17086,17065,17679;17077,2,67,67,70,70,49,49,53,53,62,62,67,67,186,186,910,910,1134,1134,1023,1023,977,977,900,900,812,812,861,861,864,864,851,851,886,886,939,939,854,854,524,524,336,336,227,227,165,165,84,84,,,,,,,,,,,,,,,,,,,,,,,,,,,,,,,,,,,,,,,,,,,,,,,,
17077,3850,17076,17678,,0,67,67,70,70,49,49,53,53,62,62,67,67,186,186,910,910,1134,1134,1023,1023,977,977,900,900,812,812,861,861,864,864,851,851,886,886,939,939,854,854,524,524,336,336,227,227,165,165,84,84,,,,,,,,,,,,,,,,,,,,,,,,,,,,,,,,,,,,,,,,,,,,,,,,
17078,4400,17714,14470,17067,1,67,67,70,70,49,49,53,53,62,62,67,67,186,186,910,910,1134,1134,1023,1023,977,977,900,900,812,812,861,861,864,864,851,851,886,886,939,939,854,854,524,524,336,336,227,227,165,165,84,84,,,,,,,,,,,,,,,,,,,,,,,,,,,,,,,,,,,,,,,,,,,,,,,,
17079,3000,17668,17664,,0,56,56,57,57,40,40,43,43,50,50,55,55,154,154,1096,1096,1258,1258,1162,1162,1148,1148,1041,1041,998,998,962,962,1043,1043,1043,1043,1045,1045,1126,1126,1085,1085,529,529,327,327,211,211,154,154,85,85,,,,,,,,,,,,,,,,,,,,,,,,,,,,,,,,,,,,,,,,,,,,,,,,
17080,3000,17072,17099,17677;17083,2,67,67,70,70,49,49,53,53,62,62,67,67,186,186,910,910,1134,1134,1023,1023,977,977,900,900,812,812,861,861,864,864,851,851,886,886,939,939,854,854,524,524,336,336,227,227,165,165,84,84,,,,,,,,,,,,,,,,,,,,,,,,,,,,,,,,,,,,,,,,,,,,,,,,
17081,3000,17070,17102,17068;17714;17082,3,67,67,70,70,49,49,53,53,62,62,67,67,186,186,910,910,1134,1134,1023,1023,977,977,900,900,812,812,861,861,864,864,851,851,886,886,939,939,854,854,524,524,336,336,227,227,165,165,84,84,,,,,,,,,,,,,,,,,,,,,,,,,,,,,,,,,,,,,,,,,,,,,,,,
17082,4400,17081,17087,,0,67,67,70,70,49,49,53,53,62,62,67,67,186,186,910,910,1134,1134,1023,1023,977,977,900,900,812,812,861,861,864,864,851,851,886,886,939,939,854,854,524,524,336,336,227,227,165,165,84,84,,,,,,,,,,,,,,,,,,,,,,,,,,,,,,,,,,,,,,,,,,,,,,,,
17083,4400,17692,17080,,0,67,67,70,70,49,49,53,53,62,62,67,67,186,186,910,910,1134,1134,1023,1023,977,977,900,900,812,812,861,861,864,864,851,851,886,886,939,939,854,854,524,524,336,336,227,227,165,165,84,84,,,,,,,,,,,,,,,,,,,,,,,,,,,,,,,,,,,,,,,,,,,,,,,,
17084,1200,17678,,,0,0,0,0,0,0,0,0,0,0,0,0,0,0,0,2,2,3,3,3,3,3,3,2,2,2,2,2,2,2,2,2,2,2,2,3,3,2,2,1,1,1,1,1,1,0,0,0,0,,,,,,,,,,,,,,,,,,,,,,,,,,,,,,,,,,,,,,,,,,,,,,,,
17085,1200,17088,17672,,0,0,0,0,0,0,0,0,0,0,0,0,0,0,0,1,1,2,2,2,2,2,2,1,1,1,1,1,1,1,1,1,1,1,1,1,1,1,1,1,1,0,0,0,0,0,0,0,0,,,,,,,,,,,,,,,,,,,,,,,,,,,,,,,,,,,,,,,,,,,,,,,,
17086,2500,17076,17088,,0,67,67,70,70,49,49,53,53,62,62,67,67,186,186,910,910,1134,1134,1023,1023,977,977,900,900,812,812,861,861,864,864,851,851,886,886,939,939,854,854,524,524,336,336,227,227,165,165,84,84,,,,,,,,,,,,,,,,,,,,,,,,,,,,,,,,,,,,,,,,,,,,,,,,
17087,4400,17095,17074,17082;17691;17091,3,67,67,70,70,49,49,53,53,62,62,67,67,186,186,910,910,1134,1134,1023,1023,977,977,900,900,812,812,861,861,864,864,851,851,886,886,939,939,854,854,524,524,336,336,227,227,165,165,84,84,,,,,,,,,,,,,,,,,,,,,,,,,,,,,,,,,,,,,,,,,,,,,,,,
17088,1200,17085,17093,17086;17096,2,0,0,0,0,0,0,0,0,0,0,0,0,1,1,3,3,4,4,3,3,3,3,3,3,3,3,3,3,3,3,3,3,3,3,3,3,3,3,2,2,1,1,1,1,1,1,0,0,,,,,,,,,,,,,,,,,,,,,,,,,,,,,,,,,,,,,,,,,,,,,,,,
17089,1600,17668,17670,,0,0,0,0,0,0,0,0,0,0,0,0,0,1,1,7,7,8,8,7,7,7,7,6,6,6,6,6,6,6,6,6,6,6,6,7,7,7,7,3,3,2,2,1,1,1,1,1,1,,,,,,,,,,,,,,,,,,,,,,,,,,,,,,,,,,,,,,,,,,,,,,,,
17090,800,,17624,,0,0,0,0,0,0,0,0,0,0,0,0,0,0,0,2,2,3,3,3,3,2,2,2,2,2,2,2,2,2,2,2,2,2,2,2,2,2,2,1,1,1,1,0,0,0,0,0,0,,,,,,,,,,,,,,,,,,,,,,,,,,,,,,,,,,,,,,,,,,,,,,,,
17091,1200,17604,17087,,0,0,0,0,0,0,0,0,0,0,0,0,0,0,0,1,1,1,1,1,1,1,1,1,1,1,1,1,1,1,1,1,1,1,1,1,1,1,1,1,1,0,0,0,0,0,0,0,0,,,,,,,,,,,,,,,,,,,,,,,,,,,,,,,,,,,,,,,,,,,,,,,,
17092,1200,17676,17696,,0,0,0,0,0,0,0,0,0,0,0,0,0,0,0,1,1,2,2,1,1,1,1,1,1,1,1,1,1,1,1,1,1,1,1,1,1,1,1,1,1,0,0,0,0,0,0,0,0,,,,,,,,,,,,,,,,,,,,,,,,,,,,,,,,,,,,,,,,,,,,,,,,
17093,1200,17674,17088,,0,0,0,0,0,0,0,0,0,0,0,0,0,0,0,2,2,2,2,2,2,2,2,2,2,2,2,2,2,2,2,2,2,2,2,2,2,2,2,1,1,1,1,0,0,0,0,0,0,,,,,,,,,,,,,,,,,,,,,,,,,,,,,,,,,,,,,,,,,,,,,,,,
17094,3000,17672,17620,,0,67,67,70,70,49,49,53,53,62,62,67,67,186,186,910,910,1134,1134,1023,1023,977,977,900,900,812,812,861,861,864,864,851,851,886,886,939,939,854,854,524,524,336,336,227,227,165,165,84,84,,,,,,,,,,,,,,,,,,,,,,,,,,,,,,,,,,,,,,,,,,,,,,,,
17095,4400,17087,17100,,0,67,67,70,70,49,49,53,53,62,62,67,67,186,186,910,910,1134,1134,1023,1023,977,977,900,900,812,812,861,861,864,864,851,851,886,886,939,939,854,854,524,524,336,336,227,227,165,165,84,84,,,,,,,,,,,,,,,,,,,,,,,,,,,,,,,,,,,,,,,,,,,,,,,,
17096,3000,17088,17618,,0,67,67,70,70,49,49,53,53,62,62,67,67,186,186,910,910,1134,1134,1023,1023,977,977,900,900,812,812,861,861,864,864,851,851,886,886,939,939,854,854,524,524,336,336,227,227,165,165,84,84,,,,,,,,,,,,,,,,,,,,,,,,,,,,,,,,,,,,,,,,,,,,,,,,
17097,1200,17612,17696,,0,0,0,0,0,0,0,0,0,0,0,0,0,0,0,1,1,1,1,1,1,1,1,1,1,1,1,1,1,1,1,1,1,1,1,1,1,1,1,0,0,0,0,0,0,0,0,0,0,,,,,,,,,,,,,,,,,,,,,,,,,,,,,,,,,,,,,,,,,,,,,,,,
17098,800,17100,17602,,0,0,0,0,0,0,0,0,0,0,0,0,0,0,0,1,1,1,1,1,1,1,1,1,1,1,1,1,1,1,1,1,1,1,1,1,1,1,1,0,0,0,0,0,0,0,0,0,0,,,,,,,,,,,,,,,,,,,,,,,,,,,,,,,,,,,,,,,,,,,,,,,,
17099,1500,17676,17080,,0,67,67,70,70,49,49,53,53,62,62,67,67,186,186,910,910,1134,1134,1023,1023,977,977,900,900,812,812,861,861,864,864,851,851,886,886,939,939,854,854,524,524,336,336,227,227,165,165,84,84,,,,,,,,,,,,,,,,,,,,,,,,,,,,,,,,,,,,,,,,,,,,,,,,
171,2500,396,461,169;17718;174,3,0,0,0,0,0,0,0,0,0,0,0,0,0,0,1138,1138,1201,1201,1284,1284,1257,1257,1168,1168,1084,1084,1145,1145,1051,1051,1179,1179,1173,1173,1211,1211,1091,1091,0,0,0,0,0,0,0,0,0,0,,,,,,,,,,,,,,,,,,,,,,,,,,,,,,,,,,,,,,,,,,,,,,,,
17100,1600,17611,17098,17095;17123,2,0,0,0,0,0,0,0,0,0,0,0,0,0,0,3,3,3,3,3,3,3,3,3,3,2,2,3,3,3,3,3,3,3,3,3,3,2,2,1,1,1,1,1,1,0,0,0,0,,,,,,,,,,,,,,,,,,,,,,,,,,,,,,,,,,,,,,,,,,,,,,,,
17101,1500,17626,17105,,0,56,56,57,57,40,40,43,43,50,50,55,55,154,154,1096,1096,1258,1258,1162,1162,1148,1148,1041,1041,998,998,962,962,1043,1043,1043,1043,1045,1045,1126,1126,1085,1085,529,529,327,327,211,211,154,154,85,85,,,,,,,,,,,,,,,,,,,,,,,,,,,,,,,,,,,,,,,,,,,,,,,,
17102,2000,17604,17081,,0,67,67,70,70,49,49,53,53,62,62,67,67,186,186,910,910,1134,1134,1023,1023,977,977,900,900,812,812,861,861,864,864,851,851,886,886,939,939,854,854,524,524,336,336,227,227,165,165,84,84,,,,,,,,,,,,,,,,,,,,,,,,,,,,,,,,,,,,,,,,,,,,,,,,
17103,3000,17662,17624,,0,56,56,57,57,40,40,43,43,50,50,55,55,154,154,1096,1096,1258,1258,1162,1162,1148,1148,1041,1041,998,998,962,962,1043,1043,1043,1043,1045,1045,1126,1126,1085,1085,529,529,327,327,211,211,154,154,85,85,,,,,,,,,,,,,,,,,,,,,,,,,,,,,,,,,,,,,,,,,,,,,,,,
17104,2500,17105,17658,,0,56,56,57,57,40,40,43,43,50,50,55,55,154,154,1096,1096,1258,1258,1162,1162,1148,1148,1041,1041,998,998,962,962,1043,1043,1043,1043,1045,1045,1126,1126,1085,1085,529,529,327,327,211,211,154,154,85,85,,,,,,,,,,,,,,,,,,,,,,,,,,,,,,,,,,,,,,,,,,,,,,,,
17105,2000,17101,17125,17104;17108,2,56,56,57,57,40,40,43,43,50,50,55,55,154,154,1096,1096,1258,1258,1162,1162,1148,1148,1041,1041,998,998,962,962,1043,1043,1043,1043,1045,1045,1126,1126,1085,1085,529,529,327,327,211,211,154,154,85,85,,,,,,,,,,,,,,,,,,,,,,,,,,,,,,,,,,,,,,,,,,,,,,,,
17106,2500,17628,17109,,0,56,56,57,57,40,40,43,43,50,50,55,55,154,154,1096,1096,1258,1258,1162,1162,1148,1148,1041,1041,998,998,962,962,1043,1043,1043,1043,1045,1045,1126,1126,1085,1085,529,529,327,327,211,211,154,154,85,85,,,,,,,,,,,,,,,,,,,,,,,,,,,,,,,,,,,,,,,,,,,,,,,,
17107,1100,17632,17379,,0,67,67,70,70,49,49,53,53,62,62,67,67,186,186,910,910,1134,1134,1023,1023,977,977,900,900,812,812,861,861,864,864,851,851,886,886,939,939,854,854,524,524,336,336,227,227,165,165,84,84,,,,,,,,,,,,,,,,,,,,,,,,,,,,,,,,,,,,,,,,,,,,,,,,
17108,2500,17109,17105,,0,56,56,57,57,40,40,43,43,50,50,55,55,154,154,1096,1096,1258,1258,1162,1162,1148,1148,1041,1041,998,998,962,962,1043,1043,1043,1043,1045,1045,1126,1126,1085,1085,529,529,327,327,211,211,154,154,85,85,,,,,,,,,,,,,,,,,,,,,,,,,,,,,,,,,,,,,,,,,,,,,,,,
17109,2500,17108,17114,17106;17712,2,56,56,57,57,40,40,43,43,50,50,55,55,154,154,1096,1096,1258,1258,1162,1162,1148,1148,1041,1041,998,998,962,962,1043,1043,1043,1043,1045,1045,1126,1126,1085,1085,529,529,327,327,211,211,154,154,85,85,,,,,,,,,,,,,,,,,,,,,,,,,,,,,,,,,,,,,,,,,,,,,,,,
17110,2500,17630,17116,,0,67,67,70,70,49,49,53,53,62,62,67,67,186,186,910,910,1134,1134,1023,1023,977,977,900,900,812,812,861,861,864,864,851,851,886,886,939,939,854,854,524,524,336,336,227,227,165,165,84,84,,,,,,,,,,,,,,,,,,,,,,,,,,,,,,,,,,,,,,,,,,,,,,,,
17111,2000,17600,17610,,0,67,67,70,70,49,49,53,53,62,62,67,67,186,186,910,910,1134,1134,1023,1023,977,977,900,900,812,812,861,861,864,864,851,851,886,886,939,939,854,854,524,524,336,336,227,227,165,165,84,84,,,,,,,,,,,,,,,,,,,,,,,,,,,,,,,,,,,,,,,,,,,,,,,,
17112,1600,17118,17632,,0,0,0,0,0,0,0,0,0,0,0,0,0,1,1,4,4,4,4,4,4,4,4,4,4,3,3,3,3,3,3,3,3,4,4,4,4,3,3,2,2,1,1,1,1,1,1,0,0,,,,,,,,,,,,,,,,,,,,,,,,,,,,,,,,,,,,,,,,,,,,,,,,
17113,2000,17119,17609,17378;17137,2,67,67,70,70,49,49,53,53,62,62,67,67,186,186,910,910,1134,1134,1023,1023,977,977,900,900,812,812,861,861,864,864,851,851,886,886,939,939,854,854,524,524,336,336,227,227,165,165,84,84,,,,,,,,,,,,,,,,,,,,,,,,,,,,,,,,,,,,,,,,,,,,,,,,
17114,1600,17109,17646,,0,0,0,0,0,0,0,0,0,0,0,0,0,1,1,4,4,5,5,4,4,4,4,4,4,4,4,4,4,4,4,4,4,4,4,4,4,4,4,2,2,1,1,1,1,1,1,0,0,,,,,,,,,,,,,,,,,,,,,,,,,,,,,,,,,,,,,,,,,,,,,,,,
17115,4400,17122,17632,,0,67,67,70,70,49,49,53,53,62,62,67,67,186,186,910,910,1134,1134,1023,1023,977,977,900,900,812,812,861,861,864,864,851,851,886,886,939,939,854,854,524,524,336,336,227,227,165,165,84,84,,,,,,,,,,,,,,,,,,,,,,,,,,,,,,,,,,,,,,,,,,,,,,,,
17116,2500,17117,17645,17110;17639,2,67,67,70,70,49,49,53,53,62,62,67,67,186,186,910,910,1134,1134,1023,1023,977,977,900,900,812,812,861,861,864,864,851,851,886,886,939,939,854,854,524,524,336,336,227,227,165,165,84,84,,,,,,,,,,,,,,,,,,,,,,,,,,,,,,,,,,,,,,,,,,,,,,,,
17117,2000,17116,17118,,0,67,67,70,70,49,49,53,53,62,62,67,67,186,186,910,910,1134,1134,1023,1023,977,977,900,900,812,812,861,861,864,864,851,851,886,886,939,939,854,854,524,524,336,336,227,227,165,165,84,84,,,,,,,,,,,,,,,,,,,,,,,,,,,,,,,,,,,,,,,,,,,,,,,,
17118,1600,17112,17149,17117;17120,2,0,0,0,0,0,0,0,0,0,0,0,0,0,0,2,2,2,2,2,2,2,2,2,2,1,1,1,1,1,1,1,1,2,2,2,2,1,1,1,1,1,1,0,0,0,0,0,0,,,,,,,,,,,,,,,,,,,,,,,,,,,,,,,,,,,,,,,,,,,,,,,,
17119,2000,17578,17113,,0,67,67,70,70,49,49,53,53,62,62,67,67,186,186,910,910,1134,1134,1023,1023,977,977,900,900,812,812,861,861,864,864,851,851,886,886,939,939,854,854,524,524,336,336,227,227,165,165,84,84,,,,,,,,,,,,,,,,,,,,,,,,,,,,,,,,,,,,,,,,,,,,,,,,
17120,1600,17118,17122,,0,0,0,0,0,0,0,0,0,0,0,0,0,0,0,2,2,3,3,2,2,2,2,2,2,2,2,2,2,2,2,2,2,2,2,2,2,2,2,1,1,1,1,0,0,0,0,0,0,,,,,,,,,,,,,,,,,,,,,,,,,,,,,,,,,,,,,,,,,,,,,,,,
17121,1200,17127,17608,,0,0,0,0,0,0,0,0,0,0,0,0,0,1,1,4,4,5,5,4,4,4,4,4,4,3,3,4,4,3,3,3,3,4,4,4,4,3,3,2,2,1,1,1,1,1,1,0,0,,,,,,,,,,,,,,,,,,,,,,,,,,,,,,,,,,,,,,,,,,,,,,,,
17122,2000,17124,17120,17115;17157,2,67,67,70,70,49,49,53,53,62,62,67,67,186,186,910,910,1134,1134,1023,1023,977,977,900,900,812,812,861,861,864,864,851,851,886,886,939,939,854,854,524,524,336,336,227,227,165,165,84,84,,,,,,,,,,,,,,,,,,,,,,,,,,,,,,,,,,,,,,,,,,,,,,,,
17123,4400,17600,17100,,0,67,67,70,70,49,49,53,53,62,62,67,67,186,186,910,910,1134,1134,1023,1023,977,977,900,900,812,812,861,861,864,864,851,851,886,886,939,939,854,854,524,524,336,336,227,227,165,165,84,84,,,,,,,,,,,,,,,,,,,,,,,,,,,,,,,,,,,,,,,,,,,,,,,,
17124,1600,17598,17122,,0,0,0,0,0,0,0,0,0,0,0,0,0,0,0,2,2,2,2,2,2,2,2,2,2,2,2,2,2,2,2,2,2,2,2,2,2,2,2,1,1,1,1,0,0,0,0,0,0,,,,,,,,,,,,,,,,,,,,,,,,,,,,,,,,,,,,,,,,,,,,,,,,
17125,3000,17650,17105,,0,56,56,57,57,40,40,43,43,50,50,55,55,154,154,1096,1096,1258,1258,1162,1162,1148,1148,1041,1041,998,998,962,962,1043,1043,1043,1043,1045,1045,1126,1126,1085,1085,529,529,327,327,211,211,154,154,85,85,,,,,,,,,,,,,,,,,,,,,,,,,,,,,,,,,,,,,,,,,,,,,,,,
17126,2500,17576,17606,,0,67,67,70,70,49,49,53,53,62,62,67,67,186,186,910,910,1134,1134,1023,1023,977,977,900,900,812,812,861,861,864,864,851,851,886,886,939,939,854,854,524,524,336,336,227,227,165,165,84,84,,,,,,,,,,,,,,,,,,,,,,,,,,,,,,,,,,,,,,,,,,,,,,,,
17127,2500,17610,17135,17121,1,67,67,70,70,49,49,53,53,62,62,67,67,186,186,910,910,1134,1134,1023,1023,977,977,900,900,812,812,861,861,864,864,851,851,886,886,939,939,854,854,524,524,336,336,227,227,165,165,84,84,,,,,,,,,,,,,,,,,,,,,,,,,,,,,,,,,,,,,,,,,,,,,,,,
17128,3000,17133,17597,17599;17170,2,67,67,70,70,49,49,53,53,62,62,67,67,186,186,910,910,1134,1134,1023,1023,977,977,900,900,812,812,861,861,864,864,851,851,886,886,939,939,854,854,524,524,336,336,227,227,165,165,84,84,,,,,,,,,,,,,,,,,,,,,,,,,,,,,,,,,,,,,,,,,,,,,,,,
17129,1600,17644,17646,,0,0,0,0,0,0,0,0,0,0,0,0,0,0,0,3,3,3,3,3,3,3,3,3,3,3,3,3,3,3,3,3,3,3,3,3,3,3,3,1,1,1,1,1,1,0,0,0,0,,,,,,,,,,,,,,,,,,,,,,,,,,,,,,,,,,,,,,,,,,,,,,,,
17130,2000,17578,17136,,0,67,67,70,70,49,49,53,53,62,62,67,67,186,186,910,910,1134,1134,1023,1023,977,977,900,900,812,812,861,861,864,864,851,851,886,886,939,939,854,854,524,524,336,336,227,227,165,165,84,84,,,,,,,,,,,,,,,,,,,,,,,,,,,,,,,,,,,,,,,,,,,,,,,,
17131,1600,17606,17574,,0,0,0,0,0,0,0,0,0,0,0,0,0,0,0,3,3,3,3,3,3,3,3,3,3,2,2,2,2,2,2,2,2,2,2,3,3,2,2,1,1,1,1,1,1,0,0,0,0,,,,,,,,,,,,,,,,,,,,,,,,,,,,,,,,,,,,,,,,,,,,,,,,
17132,1200,17608,17586,,0,0,0,0,0,0,0,0,0,0,0,0,0,0,0,2,2,3,3,3,3,3,3,2,2,2,2,2,2,2,2,2,2,2,2,3,3,2,2,1,1,1,1,1,1,0,0,0,0,,,,,,,,,,,,,,,,,,,,,,,,,,,,,,,,,,,,,,,,,,,,,,,,
17133,1500,17135,17128,,0,67,67,70,70,49,49,53,53,62,62,67,67,186,186,910,910,1134,1134,1023,1023,977,977,900,900,812,812,861,861,864,864,851,851,886,886,939,939,854,854,524,524,336,336,227,227,165,165,84,84,,,,,,,,,,,,,,,,,,,,,,,,,,,,,,,,,,,,,,,,,,,,,,,,
17134,1200,17644,17638,,0,0,0,0,0,0,0,0,0,0,0,0,0,1,1,5,5,6,6,5,5,5,5,5,5,4,4,4,4,4,4,4,4,4,4,5,5,4,4,2,2,2,2,1,1,1,1,0,0,,,,,,,,,,,,,,,,,,,,,,,,,,,,,,,,,,,,,,,,,,,,,,,,
17135,2500,17585,17133,17127;17587,2,67,67,70,70,49,49,53,53,62,62,67,67,186,186,910,910,1134,1134,1023,1023,977,977,900,900,812,812,861,861,864,864,851,851,886,886,939,939,854,854,524,524,336,336,227,227,165,165,84,84,,,,,,,,,,,,,,,,,,,,,,,,,,,,,,,,,,,,,,,,,,,,,,,,
17136,2000,17130,17572,17605;17579,2,67,67,70,70,49,49,53,53,62,62,67,67,186,186,910,910,1134,1134,1023,1023,977,977,900,900,812,812,861,861,864,864,851,851,886,886,939,939,854,854,524,524,336,336,227,227,165,165,84,84,,,,,,,,,,,,,,,,,,,,,,,,,,,,,,,,,,,,,,,,,,,,,,,,
17137,2500,17142,17113,,0,67,67,70,70,49,49,53,53,62,62,67,67,186,186,910,910,1134,1134,1023,1023,977,977,900,900,812,812,861,861,864,864,851,851,886,886,939,939,854,854,524,524,336,336,227,227,165,165,84,84,,,,,,,,,,,,,,,,,,,,,,,,,,,,,,,,,,,,,,,,,,,,,,,,
17138,2000,17636,17640,,0,67,67,70,70,49,49,53,53,62,62,67,67,186,186,910,910,1134,1134,1023,1023,977,977,900,900,812,812,861,861,864,864,851,851,886,886,939,939,854,854,524,524,336,336,227,227,165,165,84,84,,,,,,,,,,,,,,,,,,,,,,,,,,,,,,,,,,,,,,,,,,,,,,,,
17139,1600,17144,17713,,0,0,0,0,0,0,0,0,0,0,0,0,0,1,1,5,5,5,5,5,5,5,5,4,4,4,4,4,4,4,4,4,4,4,4,5,5,5,5,2,2,1,1,1,1,1,1,0,0,,,,,,,,,,,,,,,,,,,,,,,,,,,,,,,,,,,,,,,,,,,,,,,,
17140,2000,17586,17142,,0,67,67,70,70,49,49,53,53,62,62,67,67,186,186,910,910,1134,1134,1023,1023,977,977,900,900,812,812,861,861,864,864,851,851,886,886,939,939,854,854,524,524,336,336,227,227,165,165,84,84,,,,,,,,,,,,,,,,,,,,,,,,,,,,,,,,,,,,,,,,,,,,,,,,
17141,2000,17656,17650,,0,56,56,57,57,40,40,43,43,50,50,55,55,154,154,1096,1096,1258,1258,1162,1162,1148,1148,1041,1041,998,998,962,962,1043,1043,1043,1043,1045,1045,1126,1126,1085,1085,529,529,327,327,211,211,154,154,85,85,,,,,,,,,,,,,,,,,,,,,,,,,,,,,,,,,,,,,,,,,,,,,,,,
17142,3000,17148,17140,17137;17581,2,67,67,70,70,49,49,53,53,62,62,67,67,186,186,910,910,1134,1134,1023,1023,977,977,900,900,812,812,861,861,864,864,851,851,886,886,939,939,854,854,524,524,336,336,227,227,165,165,84,84,,,,,,,,,,,,,,,,,,,,,,,,,,,,,,,,,,,,,,,,,,,,,,,,
17143,1200,17640,17638,,0,0,0,0,0,0,0,0,0,0,0,0,0,1,1,3,3,4,4,4,4,4,4,3,3,3,3,3,3,3,3,3,3,3,3,4,4,3,3,2,2,1,1,1,1,1,1,0,0,,,,,,,,,,,,,,,,,,,,,,,,,,,,,,,,,,,,,,,,,,,,,,,,
17144,2000,17166,17649,17139;17155,2,56,56,57,57,40,40,43,43,50,50,55,55,154,154,1096,1096,1258,1258,1162,1162,1148,1148,1041,1041,998,998,962,962,1043,1043,1043,1043,1045,1045,1126,1126,1085,1085,529,529,327,327,211,211,154,154,85,85,,,,,,,,,,,,,,,,,,,,,,,,,,,,,,,,,,,,,,,,,,,,,,,,
17145,1600,17642,17713,,0,0,0,0,0,0,0,0,0,0,0,0,0,0,0,3,3,4,4,4,4,4,4,3,3,3,3,3,3,3,3,3,3,3,3,3,3,3,3,2,2,1,1,1,1,0,0,0,0,,,,,,,,,,,,,,,,,,,,,,,,,,,,,,,,,,,,,,,,,,,,,,,,
17146,800,17584,17588,,0,0,0,0,0,0,0,0,0,0,0,0,0,0,0,2,2,3,3,3,3,2,2,2,2,2,2,2,2,2,2,2,2,2,2,2,2,2,2,1,1,1,1,1,1,0,0,0,0,,,,,,,,,,,,,,,,,,,,,,,,,,,,,,,,,,,,,,,,,,,,,,,,
17147,2000,17152,17641,17637;17164,2,67,67,70,70,49,49,53,53,62,62,67,67,186,186,910,910,1134,1134,1023,1023,977,977,900,900,812,812,861,861,864,864,851,851,886,886,939,939,854,854,524,524,336,336,227,227,165,165,84,84,,,,,,,,,,,,,,,,,,,,,,,,,,,,,,,,,,,,,,,,,,,,,,,,
17148,2500,17580,17142,,0,67,67,70,70,49,49,53,53,62,62,67,67,186,186,910,910,1134,1134,1023,1023,977,977,900,900,812,812,861,861,864,864,851,851,886,886,939,939,854,854,524,524,336,336,227,227,165,165,84,84,,,,,,,,,,,,,,,,,,,,,,,,,,,,,,,,,,,,,,,,,,,,,,,,
17149,1200,17636,17118,,0,0,0,0,0,0,0,0,0,0,0,0,0,0,0,1,1,2,2,2,2,2,2,1,1,1,1,1,1,1,1,1,1,1,1,1,1,1,1,1,1,0,0,0,0,0,0,0,0,,,,,,,,,,,,,,,,,,,,,,,,,,,,,,,,,,,,,,,,,,,,,,,,
17150,4400,17711,17710,17057;17699;17069;17697,4,56,56,57,57,40,40,43,43,50,50,55,55,154,154,1096,1096,1258,1258,1162,1162,1148,1148,1041,1041,998,998,962,962,1043,1043,1043,1043,1045,1045,1126,1126,1085,1085,529,529,327,327,211,211,154,154,85,85,,,,,,,,,,,,,,,,,,,,,,,,,,,,,,,,,,,,,,,,,,,,,,,,
17151,800,17596,17590,,0,0,0,0,0,0,0,0,0,0,0,0,0,0,0,1,1,2,2,1,1,1,1,1,1,1,1,1,1,1,1,1,1,1,1,1,1,1,1,1,1,0,0,0,0,0,0,0,0,,,,,,,,,,,,,,,,,,,,,,,,,,,,,,,,,,,,,,,,,,,,,,,,
17152,2000,17154,17147,,0,67,67,70,70,49,49,53,53,62,62,67,67,186,186,910,910,1134,1134,1023,1023,977,977,900,900,812,812,861,861,864,864,851,851,886,886,939,939,854,854,524,524,336,336,227,227,165,165,84,84,,,,,,,,,,,,,,,,,,,,,,,,,,,,,,,,,,,,,,,,,,,,,,,,
17153,600,17582,,,0,0,0,0,0,0,0,0,0,0,0,0,0,1,1,3,3,4,4,3,3,3,3,3,3,3,3,3,3,3,3,3,3,3,3,3,3,3,3,2,2,1,1,1,1,0,0,0,0,,,,,,,,,,,,,,,,,,,,,,,,,,,,,,,,,,,,,,,,,,,,,,,,
17154,2000,17159,17152,17635;17633,2,67,67,70,70,49,49,53,53,62,62,67,67,186,186,910,910,1134,1134,1023,1023,977,977,900,900,812,812,861,861,864,864,851,851,886,886,939,939,854,854,524,524,336,336,227,227,165,165,84,84,,,,,,,,,,,,,,,,,,,,,,,,,,,,,,,,,,,,,,,,,,,,,,,,
17155,1200,17158,17144,,0,0,0,0,0,0,0,0,0,0,0,0,0,1,1,8,8,9,9,8,8,8,8,8,8,7,7,7,7,8,8,8,8,8,8,8,8,8,8,4,4,2,2,1,1,1,1,1,1,,,,,,,,,,,,,,,,,,,,,,,,,,,,,,,,,,,,,,,,,,,,,,,,
17156,2000,17654,17648,,0,56,56,57,57,40,40,43,43,50,50,55,55,154,154,1096,1096,1258,1258,1162,1162,1148,1148,1041,1041,998,998,962,962,1043,1043,1043,1043,1045,1045,1126,1126,1085,1085,529,529,327,327,211,211,154,154,85,85,,,,,,,,,,,,,,,,,,,,,,,,,,,,,,,,,,,,,,,,,,,,,,,,
17157,2500,17161,17122,,0,67,67,70,70,49,49,53,53,62,62,67,67,186,186,910,910,1134,1134,1023,1023,977,977,900,900,812,812,861,861,864,864,851,851,886,886,939,939,854,854,524,524,336,336,227,227,165,165,84,84,,,,,,,,,,,,,,,,,,,,,,,,,,,,,,,,,,,,,,,,,,,,,,,,
17158,2500,17647,17176,17155;17182,2,56,56,57,57,40,40,43,43,50,50,55,55,154,154,1096,1096,1258,1258,1162,1162,1148,1148,1041,1041,998,998,962,962,1043,1043,1043,1043,1045,1045,1126,1126,1085,1085,529,529,327,327,211,211,154,154,85,85,,,,,,,,,,,,,,,,,,,,,,,,,,,,,,,,,,,,,,,,,,,,,,,,
17159,1600,17161,17154,,0,0,0,0,0,0,0,0,0,0,0,0,0,0,0,2,2,2,2,2,2,2,2,2,2,2,2,2,2,2,2,2,2,2,2,2,2,2,2,1,1,1,1,0,0,0,0,0,0,,,,,,,,,,,,,,,,,,,,,,,,,,,,,,,,,,,,,,,,,,,,,,,,
17160,800,17584,,,0,0,0,0,0,0,0,0,0,0,0,0,0,0,0,1,1,2,2,1,1,1,1,1,1,1,1,1,1,1,1,1,1,1,1,1,1,1,1,1,1,0,0,0,0,0,0,0,0,,,,,,,,,,,,,,,,,,,,,,,,,,,,,,,,,,,,,,,,,,,,,,,,
17161,2500,17159,17163,17157;17238,2,67,67,70,70,49,49,53,53,62,62,67,67,186,186,910,910,1134,1134,1023,1023,977,977,900,900,812,812,861,861,864,864,851,851,886,886,939,939,854,854,524,524,336,336,227,227,165,165,84,84,,,,,,,,,,,,,,,,,,,,,,,,,,,,,,,,,,,,,,,,,,,,,,,,
17162,2500,17167,17598,,0,67,67,70,70,49,49,53,53,62,62,67,67,186,186,910,910,1134,1134,1023,1023,977,977,900,900,812,812,861,861,864,864,851,851,886,886,939,939,854,854,524,524,336,336,227,227,165,165,84,84,,,,,,,,,,,,,,,,,,,,,,,,,,,,,,,,,,,,,,,,,,,,,,,,
17163,1500,17167,17161,,0,67,67,70,70,49,49,53,53,62,62,67,67,186,186,910,910,1134,1134,1023,1023,977,977,900,900,812,812,861,861,864,864,851,851,886,886,939,939,854,854,524,524,336,336,227,227,165,165,84,84,,,,,,,,,,,,,,,,,,,,,,,,,,,,,,,,,,,,,,,,,,,,,,,,
17164,2500,17147,17168,,0,56,56,57,57,40,40,43,43,50,50,55,55,154,154,1096,1096,1258,1258,1162,1162,1148,1148,1041,1041,998,998,962,962,1043,1043,1043,1043,1045,1045,1126,1126,1085,1085,529,529,327,327,211,211,154,154,85,85,,,,,,,,,,,,,,,,,,,,,,,,,,,,,,,,,,,,,,,,,,,,,,,,
17165,1000,17592,17594,,0,67,67,70,70,49,49,53,53,62,62,67,67,186,186,910,910,1134,1134,1023,1023,977,977,900,900,812,812,861,861,864,864,851,851,886,886,939,939,854,854,524,524,336,336,227,227,165,165,84,84,,,,,,,,,,,,,,,,,,,,,,,,,,,,,,,,,,,,,,,,,,,,,,,,
17166,2500,17144,17168,,0,56,56,57,57,40,40,43,43,50,50,55,55,154,154,1096,1096,1258,1258,1162,1162,1148,1148,1041,1041,998,998,962,962,1043,1043,1043,1043,1045,1045,1126,1126,1085,1085,529,529,327,327,211,211,154,154,85,85,,,,,,,,,,,,,,,,,,,,,,,,,,,,,,,,,,,,,,,,,,,,,,,,
17167,2500,17163,17171,17162;17189,2,67,67,70,70,49,49,53,53,62,62,67,67,186,186,910,910,1134,1134,1023,1023,977,977,900,900,812,812,861,861,864,864,851,851,886,886,939,939,854,854,524,524,336,336,227,227,165,165,84,84,,,,,,,,,,,,,,,,,,,,,,,,,,,,,,,,,,,,,,,,,,,,,,,,
17168,1600,17181,17166,17164;17568,2,0,0,0,0,0,0,0,0,0,0,0,0,1,1,9,9,11,11,10,10,10,10,9,9,9,9,8,8,9,9,9,9,9,9,10,10,9,9,4,4,3,3,2,2,1,1,1,1,,,,,,,,,,,,,,,,,,,,,,,,,,,,,,,,,,,,,,,,,,,,,,,,
17169,2000,17557,17648,,0,56,56,57,57,40,40,43,43,50,50,55,55,154,154,1096,1096,1258,1258,1162,1162,1148,1148,1041,1041,998,998,962,962,1043,1043,1043,1043,1045,1045,1126,1126,1085,1085,529,529,327,327,211,211,154,154,85,85,,,,,,,,,,,,,,,,,,,,,,,,,,,,,,,,,,,,,,,,,,,,,,,,
17170,4400,17596,17128,,0,67,67,70,70,49,49,53,53,62,62,67,67,186,186,910,910,1134,1134,1023,1023,977,977,900,900,812,812,861,861,864,864,851,851,886,886,939,939,854,854,524,524,336,336,227,227,165,165,84,84,,,,,,,,,,,,,,,,,,,,,,,,,,,,,,,,,,,,,,,,,,,,,,,,
17171,1500,17173,17167,,0,67,67,70,70,49,49,53,53,62,62,67,67,186,186,910,910,1134,1134,1023,1023,977,977,900,900,812,812,861,861,864,864,851,851,886,886,939,939,854,854,524,524,336,336,227,227,165,165,84,84,,,,,,,,,,,,,,,,,,,,,,,,,,,,,,,,,,,,,,,,,,,,,,,,
17172,1600,17592,17590,,0,0,0,0,0,0,0,0,0,0,0,0,0,0,0,2,2,3,3,2,2,2,2,2,2,2,2,2,2,2,2,2,2,2,2,2,2,2,2,1,1,1,1,0,0,0,0,0,0,,,,,,,,,,,,,,,,,,,,,,,,,,,,,,,,,,,,,,,,,,,,,,,,
17173,2500,17175,17171,17593;17213,2,67,67,70,70,49,49,53,53,62,62,67,67,186,186,910,910,1134,1134,1023,1023,977,977,900,900,812,812,861,861,864,864,851,851,886,886,939,939,854,854,524,524,336,336,227,227,165,165,84,84,,,,,,,,,,,,,,,,,,,,,,,,,,,,,,,,,,,,,,,,,,,,,,,,
17174,4400,17208,7367,,0,56,56,57,57,40,40,43,43,50,50,55,55,154,154,1096,1096,1258,1258,1162,1162,1148,1148,1041,1041,998,998,962,962,1043,1043,1043,1043,1045,1045,1126,1126,1085,1085,529,529,327,327,211,211,154,154,85,85,,,,,,,,,,,,,,,,,,,,,,,,,,,,,,,,,,,,,,,,,,,,,,,,
17175,1500,17178,17173,,0,67,67,70,70,49,49,53,53,62,62,67,67,186,186,910,910,1134,1134,1023,1023,977,977,900,900,812,812,861,861,864,864,851,851,886,886,939,939,854,854,524,524,336,336,227,227,165,165,84,84,,,,,,,,,,,,,,,,,,,,,,,,,,,,,,,,,,,,,,,,,,,,,,,,
17176,2500,17569,17158,,0,56,56,57,57,40,40,43,43,50,50,55,55,154,154,1096,1096,1258,1258,1162,1162,1148,1148,1041,1041,998,998,962,962,1043,1043,1043,1043,1045,1045,1126,1126,1085,1085,529,529,327,327,211,211,154,154,85,85,,,,,,,,,,,,,,,,,,,,,,,,,,,,,,,,,,,,,,,,,,,,,,,,
17177,1200,17634,17185,,0,0,0,0,0,0,0,0,0,0,0,0,0,0,0,1,1,1,1,1,1,1,1,1,1,1,1,1,1,1,1,1,1,1,1,1,1,1,1,1,1,0,0,0,0,0,0,0,0,,,,,,,,,,,,,,,,,,,,,,,,,,,,,,,,,,,,,,,,,,,,,,,,
17178,2500,17175,17183,17591;17514,2,67,67,70,70,49,49,53,53,62,62,67,67,186,186,910,910,1134,1134,1023,1023,977,977,900,900,812,812,861,861,864,864,851,851,886,886,939,939,854,854,524,524,336,336,227,227,165,165,84,84,,,,,,,,,,,,,,,,,,,,,,,,,,,,,,,,,,,,,,,,,,,,,,,,
17179,2000,17186,17582,,0,67,67,70,70,49,49,53,53,62,62,67,67,186,186,910,910,1134,1134,1023,1023,977,977,900,900,812,812,861,861,864,864,851,851,886,886,939,939,854,854,524,524,336,336,227,227,165,165,84,84,,,,,,,,,,,,,,,,,,,,,,,,,,,,,,,,,,,,,,,,,,,,,,,,
17180,2500,17634,17535,,0,67,67,70,70,49,49,53,53,62,62,67,67,186,186,910,910,1134,1134,1023,1023,977,977,900,900,812,812,861,861,864,864,851,851,886,886,939,939,854,854,524,524,336,336,227,227,165,165,84,84,,,,,,,,,,,,,,,,,,,,,,,,,,,,,,,,,,,,,,,,,,,,,,,,
17181,1600,17185,17168,,0,0,0,0,0,0,0,0,0,0,0,0,0,1,1,5,5,6,6,5,5,5,5,5,5,4,4,4,4,4,4,4,4,4,4,5,5,4,4,2,2,2,2,1,1,1,1,0,0,,,,,,,,,,,,,,,,,,,,,,,,,,,,,,,,,,,,,,,,,,,,,,,,
17182,1600,17158,17567,,0,0,0,0,0,0,0,0,0,0,0,0,0,1,1,7,7,8,8,7,7,7,7,6,6,6,6,6,6,7,7,7,7,6,6,7,7,7,7,3,3,2,2,1,1,1,1,1,1,,,,,,,,,,,,,,,,,,,,,,,,,,,,,,,,,,,,,,,,,,,,,,,,
17183,1500,17186,17178,,0,67,67,70,70,49,49,53,53,62,62,67,67,186,186,910,910,1134,1134,1023,1023,977,977,900,900,812,812,861,861,864,864,851,851,886,886,939,939,854,854,524,524,336,336,227,227,165,165,84,84,,,,,,,,,,,,,,,,,,,,,,,,,,,,,,,,,,,,,,,,,,,,,,,,
17184,2500,17557,17652,,0,56,56,57,57,40,40,43,43,50,50,55,55,154,154,1096,1096,1258,1258,1162,1162,1148,1148,1041,1041,998,998,962,962,1043,1043,1043,1043,1045,1045,1126,1126,1085,1085,529,529,327,327,211,211,154,154,85,85,,,,,,,,,,,,,,,,,,,,,,,,,,,,,,,,,,,,,,,,,,,,,,,,
17185,1600,17181,17198,17177;17200,2,0,0,0,0,0,0,0,0,0,0,0,0,0,0,2,2,2,2,2,2,2,2,2,2,1,1,1,1,1,1,1,1,2,2,2,2,1,1,1,1,1,1,0,0,0,0,0,0,,,,,,,,,,,,,,,,,,,,,,,,,,,,,,,,,,,,,,,,,,,,,,,,
17186,2500,17512,17183,17179;17224,2,67,67,70,70,49,49,53,53,62,62,67,67,186,186,910,910,1134,1134,1023,1023,977,977,900,900,812,812,861,861,864,864,851,851,886,886,939,939,854,854,524,524,336,336,227,227,165,165,84,84,,,,,,,,,,,,,,,,,,,,,,,,,,,,,,,,,,,,,,,,,,,,,,,,
17187,2500,17554,17206,17566;17223,2,56,56,57,57,40,40,43,43,50,50,55,55,154,154,1096,1096,1258,1258,1162,1162,1148,1148,1041,1041,998,998,962,962,1043,1043,1043,1043,1045,1045,1126,1126,1085,1085,529,529,327,327,211,211,154,154,85,85,,,,,,,,,,,,,,,,,,,,,,,,,,,,,,,,,,,,,,,,,,,,,,,,
17188,3000,17580,17513,,0,67,67,70,70,49,49,53,53,62,62,67,67,186,186,910,910,1134,1134,1023,1023,977,977,900,900,812,812,861,861,864,864,851,851,886,886,939,939,854,854,524,524,336,336,227,227,165,165,84,84,,,,,,,,,,,,,,,,,,,,,,,,,,,,,,,,,,,,,,,,,,,,,,,,
17189,1600,17167,17191,,0,0,0,0,0,0,0,0,0,0,0,0,0,1,1,5,5,6,6,5,5,5,5,5,5,4,4,4,4,4,4,4,4,4,4,5,5,4,4,2,2,2,2,1,1,1,1,0,0,,,,,,,,,,,,,,,,,,,,,,,,,,,,,,,,,,,,,,,,,,,,,,,,
17190,1200,17533,17191,,0,0,0,0,0,0,0,0,0,0,0,0,0,1,1,5,5,6,6,5,5,5,5,5,5,4,4,4,4,4,4,4,4,4,4,5,5,4,4,2,2,2,2,1,1,1,1,0,0,,,,,,,,,,,,,,,,,,,,,,,,,,,,,,,,,,,,,,,,,,,,,,,,
17191,1200,17190,17193,17189;17207,2,0,0,0,0,0,0,0,0,0,0,0,0,0,0,1,1,1,1,1,1,1,1,1,1,1,1,1,1,1,1,1,1,1,1,1,1,1,1,0,0,0,0,0,0,0,0,0,0,,,,,,,,,,,,,,,,,,,,,,,,,,,,,,,,,,,,,,,,,,,,,,,,
17192,3000,17561,17567,,0,56,56,57,57,40,40,43,43,50,50,55,55,154,154,1096,1096,1258,1258,1162,1162,1148,1148,1041,1041,998,998,962,962,1043,1043,1043,1043,1045,1045,1126,1126,1085,1085,529,529,327,327,211,211,154,154,85,85,,,,,,,,,,,,,,,,,,,,,,,,,,,,,,,,,,,,,,,,,,,,,,,,
17193,800,17517,17191,,0,0,0,0,0,0,0,0,0,0,0,0,0,0,0,1,1,1,1,1,1,1,1,1,1,1,1,1,1,1,1,1,1,1,1,1,1,1,1,1,1,0,0,0,0,0,0,0,0,,,,,,,,,,,,,,,,,,,,,,,,,,,,,,,,,,,,,,,,,,,,,,,,
17194,4400,17555,17559,,0,42,42,39,39,28,28,29,29,34,34,39,39,112,112,1343,1343,1424,1424,1347,1347,1375,1375,1229,1229,1247,1247,1096,1096,1282,1282,1299,1299,1257,1257,1375,1375,1394,1394,536,536,316,316,190,190,140,140,87,87,,,,,,,,,,,,,,,,,,,,,,,,,,,,,,,,,,,,,,,,,,,,,,,,
17195,800,,17197,,0,0,0,0,0,0,0,0,0,0,0,0,0,0,0,1,1,1,1,1,1,1,1,1,1,1,1,1,1,1,1,1,1,1,1,1,1,1,1,0,0,0,0,0,0,0,0,0,0,,,,,,,,,,,,,,,,,,,,,,,,,,,,,,,,,,,,,,,,,,,,,,,,
17196,1600,17513,17197,,0,0,0,0,0,0,0,0,0,0,0,0,0,0,0,2,2,2,2,2,2,2,2,2,2,2,2,2,2,2,2,2,2,2,2,2,2,2,2,1,1,1,1,0,0,0,0,0,0,,,,,,,,,,,,,,,,,,,,,,,,,,,,,,,,,,,,,,,,,,,,,,,,
17197,1200,17508,17195,17196;17227,2,0,0,0,0,0,0,0,0,0,0,0,0,0,0,1,1,1,1,1,1,1,1,1,1,1,1,1,1,1,1,1,1,1,1,1,1,1,1,0,0,0,0,0,0,0,0,0,0,,,,,,,,,,,,,,,,,,,,,,,,,,,,,,,,,,,,,,,,,,,,,,,,
17198,1600,17185,17531,,0,0,0,0,0,0,0,0,0,0,0,0,0,1,1,5,5,6,6,5,5,5,5,5,5,4,4,4,4,4,4,4,4,4,4,5,5,4,4,2,2,2,2,1,1,1,1,0,0,,,,,,,,,,,,,,,,,,,,,,,,,,,,,,,,,,,,,,,,,,,,,,,,
17199,300,,17515,,0,0,0,0,0,0,0,0,0,0,0,0,0,0,0,1,1,1,1,1,1,1,1,1,1,1,1,1,1,1,1,1,1,1,1,1,1,1,1,0,0,0,0,0,0,0,0,0,0,,,,,,,,,,,,,,,,,,,,,,,,,,,,,,,,,,,,,,,,,,,,,,,,
172,1200,157,419,,0,0,0,0,0,0,0,0,0,0,0,0,0,1,1,9,9,10,10,10,10,10,10,9,9,9,9,9,9,9,9,9,9,9,9,10,10,9,9,2,2,1,1,1,1,1,1,0,0,,,,,,,,,,,,,,,,,,,,,,,,,,,,,,,,,,,,,,,,,,,,,,,,
17200,1600,17205,17185,,0,0,0,0,0,0,0,0,0,0,0,0,0,1,1,5,5,6,6,5,5,5,5,5,5,4,4,4,4,4,4,4,4,4,4,5,5,4,4,2,2,2,2,1,1,1,1,0,0,,,,,,,,,,,,,,,,,,,,,,,,,,,,,,,,,,,,,,,,,,,,,,,,
17201,3850,17666,4282,,0,56,56,57,57,40,40,43,43,50,50,55,55,154,154,1096,1096,1258,1258,1162,1162,1148,1148,1041,1041,998,998,962,962,1043,1043,1043,1043,1045,1045,1126,1126,1085,1085,529,529,327,327,211,211,154,154,85,85,,,,,,,,,,,,,,,,,,,,,,,,,,,,,,,,,,,,,,,,,,,,,,,,
17202,1600,17205,17561,,0,0,0,0,0,0,0,0,0,0,0,0,0,0,0,2,2,2,2,2,2,2,2,2,2,2,2,2,2,2,2,2,2,2,2,2,2,2,2,1,1,0,0,0,0,0,0,0,0,,,,,,,,,,,,,,,,,,,,,,,,,,,,,,,,,,,,,,,,,,,,,,,,
17203,1200,17547,17565,,0,0,0,0,0,0,0,0,0,0,0,0,0,0,0,2,2,2,2,2,2,2,2,2,2,2,2,2,2,2,2,2,2,2,2,2,2,2,2,1,1,0,0,0,0,0,0,0,0,,,,,,,,,,,,,,,,,,,,,,,,,,,,,,,,,,,,,,,,,,,,,,,,
17204,1200,17569,17561,,0,53,53,55,55,38,38,42,42,48,48,53,53,146,146,715,715,891,891,804,804,768,768,707,707,638,638,676,676,679,679,669,669,696,696,738,738,671,671,411,411,264,264,178,178,130,130,66,66,,,,,,,,,,,,,,,,,,,,,,,,,,,,,,,,,,,,,,,,,,,,,,,,
17205,1600,17225,17202,17200;17241,2,0,0,0,0,0,0,0,0,0,0,0,0,0,0,2,2,2,2,2,2,2,2,2,2,2,2,2,2,2,2,2,2,2,2,2,2,2,2,1,1,0,0,0,0,0,0,0,0,,,,,,,,,,,,,,,,,,,,,,,,,,,,,,,,,,,,,,,,,,,,,,,,
17206,1600,17565,17187,,0,1,1,1,1,0,0,0,0,1,1,1,1,2,2,12,12,14,14,13,13,12,12,11,11,11,11,10,10,11,11,11,11,11,11,12,12,12,12,6,6,3,3,2,2,2,2,1,1,,,,,,,,,,,,,,,,,,,,,,,,,,,,,,,,,,,,,,,,,,,,,,,,
17207,1600,17191,17212,,0,0,0,0,0,0,0,0,0,0,0,0,0,0,0,2,2,3,3,2,2,2,2,2,2,2,2,2,2,2,2,2,2,2,2,2,2,2,2,1,1,1,1,0,0,0,0,0,0,,,,,,,,,,,,,,,,,,,,,,,,,,,,,,,,,,,,,,,,,,,,,,,,
17208,4400,17216,17174,,0,67,67,70,70,49,49,53,53,62,62,67,67,186,186,910,910,1134,1134,1023,1023,977,977,900,900,812,812,861,861,864,864,851,851,886,886,939,939,854,854,524,524,336,336,227,227,165,165,84,84,,,,,,,,,,,,,,,,,,,,,,,,,,,,,,,,,,,,,,,,,,,,,,,,
17209,1200,17545,17563,,0,0,0,0,0,0,0,0,0,0,0,0,0,0,0,4,4,4,4,4,4,4,4,3,3,3,3,3,3,3,3,3,3,3,3,4,4,3,3,1,1,1,1,1,1,0,0,0,0,,,,,,,,,,,,,,,,,,,,,,,,,,,,,,,,,,,,,,,,,,,,,,,,
17210,2000,17212,17529,,0,59,59,60,60,42,42,45,45,53,53,58,58,161,161,1054,1054,1231,1231,1131,1131,1110,1110,1010,1010,957,957,939,939,1003,1003,1000,1000,1010,1010,1084,1084,1034,1034,528,528,329,329,215,215,157,157,85,85,,,,,,,,,,,,,,,,,,,,,,,,,,,,,,,,,,,,,,,,,,,,,,,,
17211,2500,17562,17221,17560;17542,2,34,34,35,35,24,24,26,26,31,31,34,34,93,93,1024,1024,1168,1168,1154,1154,1117,1117,1034,1034,948,948,1003,1003,958,958,1015,1015,1030,1030,1075,1075,972,972,262,262,168,168,114,114,82,82,42,42,,,,,,,,,,,,,,,,,,,,,,,,,,,,,,,,,,,,,,,,,,,,,,,,
17212,2500,17210,17214,17207;17247,2,59,59,60,60,42,42,45,45,53,53,58,58,161,161,1054,1054,1231,1231,1131,1131,1110,1110,1010,1010,957,957,939,939,1003,1003,1000,1000,1010,1010,1084,1084,1034,1034,528,528,329,329,215,215,157,157,85,85,,,,,,,,,,,,,,,,,,,,,,,,,,,,,,,,,,,,,,,,,,,,,,,,
17213,4400,17173,17517,,0,67,67,70,70,49,49,53,53,62,62,67,67,186,186,910,910,1134,1134,1023,1023,977,977,900,900,812,812,861,861,864,864,851,851,886,886,939,939,854,854,524,524,336,336,227,227,165,165,84,84,,,,,,,,,,,,,,,,,,,,,,,,,,,,,,,,,,,,,,,,,,,,,,,,
17214,1500,17217,17212,,0,59,59,60,60,42,42,45,45,53,53,58,58,161,161,1054,1054,1231,1231,1131,1131,1110,1110,1010,1010,957,957,939,939,1003,1003,1000,1000,1010,1010,1084,1084,1034,1034,528,528,329,329,215,215,157,157,85,85,,,,,,,,,,,,,,,,,,,,,,,,,,,,,,,,,,,,,,,,,,,,,,,,
17215,1200,17509,17511,,0,0,0,0,0,0,0,0,0,0,0,0,0,0,0,1,1,1,1,1,1,1,1,1,1,1,1,1,1,1,1,1,1,1,1,1,1,1,1,0,0,0,0,0,0,0,0,0,0,,,,,,,,,,,,,,,,,,,,,,,,,,,,,,,,,,,,,,,,,,,,,,,,
17216,3500,17377,17558,17208;17552,2,34,34,35,35,24,24,26,26,31,31,34,34,93,93,1024,1024,1168,1168,1154,1154,1117,1117,1034,1034,948,948,1003,1003,958,958,1015,1015,1030,1030,1075,1075,972,972,262,262,168,168,114,114,82,82,42,42,,,,,,,,,,,,,,,,,,,,,,,,,,,,,,,,,,,,,,,,,,,,,,,,
17217,2500,17220,17214,17516;17284,2,59,59,60,60,42,42,45,45,53,53,58,58,161,161,1054,1054,1231,1231,1131,1131,1110,1110,1010,1010,957,957,939,939,1003,1003,1000,1000,1010,1010,1084,1084,1034,1034,528,528,329,329,215,215,157,157,85,85,,,,,,,,,,,,,,,,,,,,,,,,,,,,,,,,,,,,,,,,,,,,,,,,
17218,1200,17515,17222,,0,0,0,0,0,0,0,0,0,0,0,0,0,0,0,1,1,1,1,1,1,1,1,1,1,1,1,1,1,1,1,1,1,1,1,1,1,1,1,1,1,0,0,0,0,0,0,0,0,,,,,,,,,,,,,,,,,,,,,,,,,,,,,,,,,,,,,,,,,,,,,,,,
17219,1600,17547,17551,,0,0,0,0,0,0,0,0,0,0,0,0,0,0,0,2,2,2,2,2,2,2,2,2,2,2,2,2,2,2,2,2,2,2,2,2,2,2,2,1,1,0,0,0,0,0,0,0,0,,,,,,,,,,,,,,,,,,,,,,,,,,,,,,,,,,,,,,,,,,,,,,,,
17220,1500,17222,17217,,0,59,59,60,60,42,42,45,45,53,53,58,58,161,161,1054,1054,1231,1231,1131,1131,1110,1110,1010,1010,957,957,939,939,1003,1003,1000,1000,1010,1010,1084,1084,1034,1034,528,528,329,329,215,215,157,157,85,85,,,,,,,,,,,,,,,,,,,,,,,,,,,,,,,,,,,,,,,,,,,,,,,,
17221,2000,17211,17541,,0,34,34,35,35,24,24,26,26,31,31,34,34,93,93,1024,1024,1168,1168,1154,1154,1117,1117,1034,1034,948,948,1003,1003,958,958,1015,1015,1030,1030,1075,1075,972,972,262,262,168,168,114,114,82,82,42,42,,,,,,,,,,,,,,,,,,,,,,,,,,,,,,,,,,,,,,,,,,,,,,,,
17222,2500,17220,17226,17218;17244,2,59,59,60,60,42,42,45,45,53,53,58,58,161,161,1054,1054,1231,1231,1131,1131,1110,1110,1010,1010,957,957,939,939,1003,1003,1000,1000,1010,1010,1084,1084,1034,1034,528,528,329,329,215,215,157,157,85,85,,,,,,,,,,,,,,,,,,,,,,,,,,,,,,,,,,,,,,,,,,,,,,,,
17223,1600,17187,17551,,0,1,1,1,1,0,0,0,0,1,1,1,1,2,2,12,12,14,14,13,13,12,12,11,11,11,11,10,10,11,11,11,11,11,11,12,12,12,12,6,6,3,3,2,2,2,2,1,1,,,,,,,,,,,,,,,,,,,,,,,,,,,,,,,,,,,,,,,,,,,,,,,,
17224,2500,17186,17511,,0,67,67,70,70,49,49,53,53,62,62,67,67,186,186,910,910,1134,1134,1023,1023,977,977,900,900,812,812,861,861,864,864,851,851,886,886,939,939,854,854,524,524,336,336,227,227,165,165,84,84,,,,,,,,,,,,,,,,,,,,,,,,,,,,,,,,,,,,,,,,,,,,,,,,
17225,1600,17537,17205,,0,53,53,55,55,38,38,42,42,48,48,53,53,146,146,715,715,891,891,804,804,768,768,707,707,638,638,676,676,679,679,669,669,696,696,738,738,671,671,411,411,264,264,178,178,130,130,66,66,,,,,,,,,,,,,,,,,,,,,,,,,,,,,,,,,,,,,,,,,,,,,,,,
17226,1500,17228,17222,,0,59,59,60,60,42,42,45,45,53,53,58,58,161,161,1054,1054,1231,1231,1131,1131,1110,1110,1010,1010,957,957,939,939,1003,1003,1000,1000,1010,1010,1084,1084,1034,1034,528,528,329,329,215,215,157,157,85,85,,,,,,,,,,,,,,,,,,,,,,,,,,,,,,,,,,,,,,,,,,,,,,,,
17227,1200,17501,17197,,0,0,0,0,0,0,0,0,0,0,0,0,0,0,0,2,2,2,2,2,2,2,2,2,2,2,2,2,2,2,2,2,2,2,2,2,2,2,2,1,1,1,1,0,0,0,0,0,0,,,,,,,,,,,,,,,,,,,,,,,,,,,,,,,,,,,,,,,,,,,,,,,,
17228,2000,17226,17234,17510;17256,2,42,42,39,39,28,28,29,29,34,34,39,39,112,112,1343,1343,1424,1424,1347,1347,1375,1375,1229,1229,1247,1247,1096,1096,1282,1282,1299,1299,1257,1257,1375,1375,1394,1394,536,536,316,316,190,190,140,140,87,87,,,,,,,,,,,,,,,,,,,,,,,,,,,,,,,,,,,,,,,,,,,,,,,,
17229,2000,17495,17497,,0,59,59,60,60,42,42,45,45,53,53,58,58,161,161,1054,1054,1231,1231,1131,1131,1110,1110,1010,1010,957,957,939,939,1003,1003,1000,1000,1010,1010,1084,1084,1034,1034,528,528,329,329,215,215,157,157,85,85,,,,,,,,,,,,,,,,,,,,,,,,,,,,,,,,,,,,,,,,,,,,,,,,
17230,1600,17539,17543,,0,0,0,0,0,0,0,0,0,0,0,0,0,0,0,4,4,4,4,4,4,4,4,3,3,3,3,3,3,3,3,3,3,3,3,4,4,4,4,1,1,1,1,1,1,0,0,0,0,,,,,,,,,,,,,,,,,,,,,,,,,,,,,,,,,,,,,,,,,,,,,,,,
17231,1600,17235,17543,,0,0,0,0,0,0,0,0,0,0,0,0,0,0,0,4,4,5,5,4,4,4,4,4,4,4,4,4,4,4,4,4,4,4,4,4,4,4,4,2,2,1,1,1,1,0,0,0,0,,,,,,,,,,,,,,,,,,,,,,,,,,,,,,,,,,,,,,,,,,,,,,,,
17232,2500,17549,17235,,0,34,34,35,35,24,24,26,26,31,31,34,34,93,93,1024,1024,1168,1168,1154,1154,1117,1117,1034,1034,948,948,1003,1003,958,958,1015,1015,1030,1030,1075,1075,972,972,262,262,168,168,114,114,82,82,42,42,,,,,,,,,,,,,,,,,,,,,,,,,,,,,,,,,,,,,,,,,,,,,,,,
17233,1200,17509,17236,,0,0,0,0,0,0,0,0,0,0,0,0,0,0,0,1,1,1,1,1,1,1,1,1,1,1,1,1,1,1,1,1,1,1,1,1,1,1,1,1,1,0,0,0,0,0,0,0,0,,,,,,,,,,,,,,,,,,,,,,,,,,,,,,,,,,,,,,,,,,,,,,,,
17234,1500,17228,17236,,0,59,59,60,60,42,42,45,45,53,53,58,58,161,161,1054,1054,1231,1231,1131,1131,1110,1110,1010,1010,957,957,939,939,1003,1003,1000,1000,1010,1010,1084,1084,1034,1034,528,528,329,329,215,215,157,157,85,85,,,,,,,,,,,,,,,,,,,,,,,,,,,,,,,,,,,,,,,,,,,,,,,,
17235,2000,17232,17570,17231;17246,2,34,34,35,35,24,24,26,26,31,31,34,34,93,93,1024,1024,1168,1168,1154,1154,1117,1117,1034,1034,948,948,1003,1003,958,958,1015,1015,1030,1030,1075,1075,972,972,262,262,168,168,114,114,82,82,42,42,,,,,,,,,,,,,,,,,,,,,,,,,,,,,,,,,,,,,,,,,,,,,,,,
17236,1600,17240,17234,17233;17264,2,0,0,0,0,0,0,0,0,0,0,0,0,0,0,2,2,3,3,3,3,3,3,2,2,2,2,2,2,2,2,2,2,2,2,2,2,2,2,1,1,1,1,1,1,0,0,0,0,,,,,,,,,,,,,,,,,,,,,,,,,,,,,,,,,,,,,,,,,,,,,,,,
17237,300,,17571,,0,0,0,0,0,0,0,0,0,0,0,0,0,1,1,5,5,6,6,5,5,5,5,5,5,5,5,5,5,5,5,5,5,5,5,5,5,5,5,2,2,1,1,1,1,1,1,0,0,,,,,,,,,,,,,,,,,,,,,,,,,,,,,,,,,,,,,,,,,,,,,,,,
17238,1200,17535,17161,,0,0,0,0,0,0,0,0,0,0,0,0,0,0,0,2,2,3,3,3,3,2,2,2,2,2,2,2,2,2,2,2,2,2,2,2,2,2,2,1,1,1,1,1,1,0,0,0,0,,,,,,,,,,,,,,,,,,,,,,,,,,,,,,,,,,,,,,,,,,,,,,,,
17239,1600,17507,17248,,0,0,0,0,0,0,0,0,0,0,0,0,0,0,0,1,1,2,2,2,2,2,2,1,1,1,1,1,1,1,1,1,1,1,1,2,2,1,1,1,1,0,0,0,0,0,0,0,0,,,,,,,,,,,,,,,,,,,,,,,,,,,,,,,,,,,,,,,,,,,,,,,,
17240,1500,17248,17236,,0,59,59,60,60,42,42,45,45,53,53,58,58,161,161,1054,1054,1231,1231,1131,1131,1110,1110,1010,1010,957,957,939,939,1003,1003,1000,1000,1010,1010,1084,1084,1034,1034,528,528,329,329,215,215,157,157,85,85,,,,,,,,,,,,,,,,,,,,,,,,,,,,,,,,,,,,,,,,,,,,,,,,
17241,1200,17205,17541,,0,0,0,0,0,0,0,0,0,0,0,0,0,0,0,3,3,4,4,4,4,4,4,3,3,3,3,3,3,3,3,3,3,3,3,4,4,3,3,1,1,1,1,0,0,0,0,0,0,,,,,,,,,,,,,,,,,,,,,,,,,,,,,,,,,,,,,,,,,,,,,,,,
17242,1600,17495,14169,,0,0,0,0,0,0,0,0,0,0,0,0,0,0,0,1,1,2,2,1,1,1,1,1,1,1,1,1,1,1,1,1,1,1,1,1,1,1,1,1,1,0,0,0,0,0,0,0,0,,,,,,,,,,,,,,,,,,,,,,,,,,,,,,,,,,,,,,,,,,,,,,,,
17243,2000,17525,17249,,0,59,59,60,60,42,42,45,45,53,53,58,58,161,161,1054,1054,1231,1231,1131,1131,1110,1110,1010,1010,957,957,939,939,1003,1003,1000,1000,1010,1010,1084,1084,1034,1034,528,528,329,329,215,215,157,157,85,85,,,,,,,,,,,,,,,,,,,,,,,,,,,,,,,,,,,,,,,,,,,,,,,,
17244,1200,17222,17253,,0,0,0,0,0,0,0,0,0,0,0,0,0,0,0,2,2,2,2,2,2,2,2,2,2,1,1,1,1,1,1,1,1,2,2,2,2,2,2,1,1,1,1,0,0,0,0,0,0,,,,,,,,,,,,,,,,,,,,,,,,,,,,,,,,,,,,,,,,,,,,,,,,
17245,1600,17571,17251,,0,33,33,31,31,22,22,23,23,26,26,31,31,88,88,1055,1055,1119,1119,1058,1058,1080,1080,966,966,980,980,861,861,1008,1008,1021,1021,988,988,1080,1080,1096,1096,421,421,249,249,150,150,110,110,68,68,,,,,,,,,,,,,,,,,,,,,,,,,,,,,,,,,,,,,,,,,,,,,,,,
17246,2500,17235,17262,,0,34,34,35,35,24,24,26,26,31,31,34,34,93,93,1024,1024,1168,1168,1154,1154,1117,1117,1034,1034,948,948,1003,1003,958,958,1015,1015,1030,1030,1075,1075,972,972,262,262,168,168,114,114,82,82,42,42,,,,,,,,,,,,,,,,,,,,,,,,,,,,,,,,,,,,,,,,,,,,,,,,
17247,2500,17254,17212,,0,59,59,60,60,42,42,45,45,53,53,58,58,161,161,1054,1054,1231,1231,1131,1131,1110,1110,1010,1010,957,957,939,939,1003,1003,1000,1000,1010,1010,1084,1084,1034,1034,528,528,329,329,215,215,157,157,85,85,,,,,,,,,,,,,,,,,,,,,,,,,,,,,,,,,,,,,,,,,,,,,,,,
17248,2000,17240,17488,17239;17268,2,59,59,60,60,42,42,45,45,53,53,58,58,161,161,1054,1054,1231,1231,1131,1131,1110,1110,1010,1010,957,957,939,939,1003,1003,1000,1000,1010,1010,1084,1084,1034,1034,528,528,329,329,215,215,157,157,85,85,,,,,,,,,,,,,,,,,,,,,,,,,,,,,,,,,,,,,,,,,,,,,,,,
17249,2000,17243,17252,17526;17275,2,59,59,60,60,42,42,45,45,53,53,58,58,161,161,1054,1054,1231,1231,1131,1131,1110,1110,1010,1010,957,957,939,939,1003,1003,1000,1000,1010,1010,1084,1084,1034,1034,528,528,329,329,215,215,157,157,85,85,,,,,,,,,,,,,,,,,,,,,,,,,,,,,,,,,,,,,,,,,,,,,,,,
17250,1500,17523,17253,,0,59,59,60,60,42,42,45,45,53,53,58,58,161,161,1054,1054,1231,1231,1131,1131,1110,1110,1010,1010,957,957,939,939,1003,1003,1000,1000,1010,1010,1084,1084,1034,1034,528,528,329,329,215,215,157,157,85,85,,,,,,,,,,,,,,,,,,,,,,,,,,,,,,,,,,,,,,,,,,,,,,,,
17251,1600,17265,17538,17245;17263,2,0,0,0,0,0,0,0,0,0,0,0,0,0,0,4,4,5,5,4,4,4,4,4,4,4,4,4,4,4,4,4,4,4,4,4,4,4,4,1,1,1,1,1,1,0,0,0,0,,,,,,,,,,,,,,,,,,,,,,,,,,,,,,,,,,,,,,,,,,,,,,,,
17252,1500,17254,17249,,0,59,59,60,60,42,42,45,45,53,53,58,58,161,161,1054,1054,1231,1231,1131,1131,1110,1110,1010,1010,957,957,939,939,1003,1003,1000,1000,1010,1010,1084,1084,1034,1034,528,528,329,329,215,215,157,157,85,85,,,,,,,,,,,,,,,,,,,,,,,,,,,,,,,,,,,,,,,,,,,,,,,,
17253,2500,17257,17250,17244;17425,2,59,59,60,60,42,42,45,45,53,53,58,58,161,161,1054,1054,1231,1231,1131,1131,1110,1110,1010,1010,957,957,939,939,1003,1003,1000,1000,1010,1010,1084,1084,1034,1034,528,528,329,329,215,215,157,157,85,85,,,,,,,,,,,,,,,,,,,,,,,,,,,,,,,,,,,,,,,,,,,,,,,,
17254,2500,17259,17252,17247;17279,2,59,59,60,60,42,42,45,45,53,53,58,58,161,161,1054,1054,1231,1231,1131,1131,1110,1110,1010,1010,957,957,939,939,1003,1003,1000,1000,1010,1010,1084,1084,1034,1034,528,528,329,329,215,215,157,157,85,85,,,,,,,,,,,,,,,,,,,,,,,,,,,,,,,,,,,,,,,,,,,,,,,,
17255,1600,17493,17489,,0,0,0,0,0,0,0,0,0,0,0,0,0,0,0,2,2,2,2,2,2,2,2,2,2,1,1,1,1,1,1,1,1,2,2,2,2,2,2,1,1,1,1,0,0,0,0,0,0,,,,,,,,,,,,,,,,,,,,,,,,,,,,,,,,,,,,,,,,,,,,,,,,
17256,2500,17228,17261,,0,59,59,60,60,42,42,45,45,53,53,58,58,161,161,1054,1054,1231,1231,1131,1131,1110,1110,1010,1010,957,957,939,939,1003,1003,1000,1000,1010,1010,1084,1084,1034,1034,528,528,329,329,215,215,157,157,85,85,,,,,,,,,,,,,,,,,,,,,,,,,,,,,,,,,,,,,,,,,,,,,,,,
17257,1500,17261,17253,,0,59,59,60,60,42,42,45,45,53,53,58,58,161,161,1054,1054,1231,1231,1131,1131,1110,1110,1010,1010,957,957,939,939,1003,1003,1000,1000,1010,1010,1084,1084,1034,1034,528,528,329,329,215,215,157,157,85,85,,,,,,,,,,,,,,,,,,,,,,,,,,,,,,,,,,,,,,,,,,,,,,,,
17258,4400,17553,17262,,0,34,34,35,35,24,24,26,26,31,31,34,34,93,93,1024,1024,1168,1168,1154,1154,1117,1117,1034,1034,948,948,1003,1003,958,958,1015,1015,1030,1030,1075,1075,972,972,262,262,168,168,114,114,82,82,42,42,,,,,,,,,,,,,,,,,,,,,,,,,,,,,,,,,,,,,,,,,,,,,,,,
17259,1500,17521,17254,,0,59,59,60,60,42,42,45,45,53,53,58,58,161,161,1054,1054,1231,1231,1131,1131,1110,1110,1010,1010,957,957,939,939,1003,1003,1000,1000,1010,1010,1084,1084,1034,1034,528,528,329,329,215,215,157,157,85,85,,,,,,,,,,,,,,,,,,,,,,,,,,,,,,,,,,,,,,,,,,,,,,,,
17260,1600,17537,17525,,0,0,0,0,0,0,0,0,0,0,0,0,0,0,0,1,1,2,2,2,2,2,2,1,1,1,1,1,1,1,1,1,1,1,1,2,2,1,1,1,1,0,0,0,0,0,0,0,0,,,,,,,,,,,,,,,,,,,,,,,,,,,,,,,,,,,,,,,,,,,,,,,,
17261,2500,17257,17271,17256;17300,2,59,59,60,60,42,42,45,45,53,53,58,58,161,161,1054,1054,1231,1231,1131,1131,1110,1110,1010,1010,957,957,939,939,1003,1003,1000,1000,1010,1010,1084,1084,1034,1034,528,528,329,329,215,215,157,157,85,85,,,,,,,,,,,,,,,,,,,,,,,,,,,,,,,,,,,,,,,,,,,,,,,,
17262,3000,17303,17246,17258;17274,2,34,34,35,35,24,24,26,26,31,31,34,34,93,93,1024,1024,1168,1168,1154,1154,1117,1117,1034,1034,948,948,1003,1003,958,958,1015,1015,1030,1030,1075,1075,972,972,262,262,168,168,114,114,82,82,42,42,,,,,,,,,,,,,,,,,,,,,,,,,,,,,,,,,,,,,,,,,,,,,,,,
17263,1200,17251,17267,,0,0,0,0,0,0,0,0,0,0,0,0,0,0,0,2,2,2,2,2,2,2,2,2,2,2,2,2,2,2,2,2,2,2,2,2,2,2,2,1,1,0,0,0,0,0,0,0,0,,,,,,,,,,,,,,,,,,,,,,,,,,,,,,,,,,,,,,,,,,,,,,,,
17264,1600,17236,17519,,0,0,0,0,0,0,0,0,0,0,0,0,0,0,0,1,1,2,2,1,1,1,1,1,1,1,1,1,1,1,1,1,1,1,1,1,1,1,1,1,1,0,0,0,0,0,0,0,0,,,,,,,,,,,,,,,,,,,,,,,,,,,,,,,,,,,,,,,,,,,,,,,,
17265,1500,17276,17251,,0,34,34,35,35,24,24,26,26,31,31,34,34,93,93,1024,1024,1168,1168,1154,1154,1117,1117,1034,1034,948,948,1003,1003,958,958,1015,1015,1030,1030,1075,1075,972,972,262,262,168,168,114,114,82,82,42,42,,,,,,,,,,,,,,,,,,,,,,,,,,,,,,,,,,,,,,,,,,,,,,,,
17266,2500,17487,17493,,0,59,59,60,60,42,42,45,45,53,53,58,58,161,161,1054,1054,1231,1231,1131,1131,1110,1110,1010,1010,957,957,939,939,1003,1003,1000,1000,1010,1010,1084,1084,1034,1034,528,528,329,329,215,215,157,157,85,85,,,,,,,,,,,,,,,,,,,,,,,,,,,,,,,,,,,,,,,,,,,,,,,,
17267,2000,17280,17524,17263;17277,2,67,67,70,70,49,49,53,53,62,62,67,67,186,186,910,910,1134,1134,1023,1023,977,977,900,900,812,812,861,861,864,864,851,851,886,886,939,939,854,854,524,524,336,336,227,227,165,165,84,84,,,,,,,,,,,,,,,,,,,,,,,,,,,,,,,,,,,,,,,,,,,,,,,,
17268,1600,17273,17248,,0,0,0,0,0,0,0,0,0,0,0,0,0,0,0,2,2,2,2,2,2,2,2,2,2,2,2,2,2,2,2,2,2,2,2,2,2,2,2,1,1,1,1,0,0,0,0,0,0,,,,,,,,,,,,,,,,,,,,,,,,,,,,,,,,,,,,,,,,,,,,,,,,
17269,1600,17489,17491,,0,0,0,0,0,0,0,0,0,0,0,0,0,0,0,1,1,2,2,2,2,2,2,1,1,1,1,1,1,1,1,1,1,1,1,1,1,1,1,1,1,0,0,0,0,0,0,0,0,,,,,,,,,,,,,,,,,,,,,,,,,,,,,,,,,,,,,,,,,,,,,,,,
17270,800,17426,17428,,0,0,0,0,0,0,0,0,0,0,0,0,0,0,0,1,1,2,2,1,1,1,1,1,1,1,1,1,1,1,1,1,1,1,1,1,1,1,1,1,1,0,0,0,0,0,0,0,0,,,,,,,,,,,,,,,,,,,,,,,,,,,,,,,,,,,,,,,,,,,,,,,,
17271,1500,17519,17261,,0,59,59,60,60,42,42,45,45,53,53,58,58,161,161,1054,1054,1231,1231,1131,1131,1110,1110,1010,1010,957,957,939,939,1003,1003,1000,1000,1010,1010,1084,1084,1034,1034,528,528,329,329,215,215,157,157,85,85,,,,,,,,,,,,,,,,,,,,,,,,,,,,,,,,,,,,,,,,,,,,,,,,
17272,800,17398,,,0,0,0,0,0,0,0,0,0,0,0,0,0,0,0,3,3,3,3,3,3,3,3,3,3,2,2,2,2,3,3,3,3,3,3,3,3,3,3,1,1,1,1,1,1,0,0,0,0,,,,,,,,,,,,,,,,,,,,,,,,,,,,,,,,,,,,,,,,,,,,,,,,
17273,2500,17518,17299,17268;17310,2,59,59,60,60,42,42,45,45,53,53,58,58,161,161,1054,1054,1231,1231,1131,1131,1110,1110,1010,1010,957,957,939,939,1003,1003,1000,1000,1010,1010,1084,1084,1034,1034,528,528,329,329,215,215,157,157,85,85,,,,,,,,,,,,,,,,,,,,,,,,,,,,,,,,,,,,,,,,,,,,,,,,
17274,4000,17262,17276,,0,0,0,0,0,0,0,0,0,0,0,0,0,0,0,1138,1138,1201,1201,1284,1284,1257,1257,1168,1168,1084,1084,1145,1145,1051,1051,1179,1179,1173,1173,1211,1211,1091,1091,0,0,0,0,0,0,0,0,0,0,,,,,,,,,,,,,,,,,,,,,,,,,,,,,,,,,,,,,,,,,,,,,,,,
17275,2500,17278,17249,,0,59,59,60,60,42,42,45,45,53,53,58,58,161,161,1054,1054,1231,1231,1131,1131,1110,1110,1010,1010,957,957,939,939,1003,1003,1000,1000,1010,1010,1084,1084,1034,1034,528,528,329,329,215,215,157,157,85,85,,,,,,,,,,,,,,,,,,,,,,,,,,,,,,,,,,,,,,,,,,,,,,,,
17276,2500,17265,17313,17274;17286,2,34,34,35,35,24,24,26,26,31,31,34,34,93,93,1024,1024,1168,1168,1154,1154,1117,1117,1034,1034,948,948,1003,1003,958,958,1015,1015,1030,1030,1075,1075,972,972,262,262,168,168,114,114,82,82,42,42,,,,,,,,,,,,,,,,,,,,,,,,,,,,,,,,,,,,,,,,,,,,,,,,
17277,2000,17267,17278,,0,59,59,60,60,42,42,45,45,53,53,58,58,161,161,1054,1054,1231,1231,1131,1131,1110,1110,1010,1010,957,957,939,939,1003,1003,1000,1000,1010,1010,1084,1084,1034,1034,528,528,329,329,215,215,157,157,85,85,,,,,,,,,,,,,,,,,,,,,,,,,,,,,,,,,,,,,,,,,,,,,,,,
17278,2000,17275,17306,17277;17282,2,59,59,60,60,42,42,45,45,53,53,58,58,161,161,1054,1054,1231,1231,1131,1131,1110,1110,1010,1010,957,957,939,939,1003,1003,1000,1000,1010,1010,1084,1084,1034,1034,528,528,329,329,215,215,157,157,85,85,,,,,,,,,,,,,,,,,,,,,,,,,,,,,,,,,,,,,,,,,,,,,,,,
17279,1600,17254,17283,,0,0,0,0,0,0,0,0,0,0,0,0,0,0,0,2,2,2,2,2,2,2,2,2,2,2,2,2,2,2,2,2,2,2,2,2,2,2,2,1,1,1,1,0,0,0,0,0,0,,,,,,,,,,,,,,,,,,,,,,,,,,,,,,,,,,,,,,,,,,,,,,,,
17280,1500,17267,17288,,0,67,67,70,70,49,49,53,53,62,62,67,67,186,186,910,910,1134,1134,1023,1023,977,977,900,900,812,812,861,861,864,864,851,851,886,886,939,939,854,854,524,524,336,336,227,227,165,165,84,84,,,,,,,,,,,,,,,,,,,,,,,,,,,,,,,,,,,,,,,,,,,,,,,,
17281,1600,17491,17487,,0,0,0,0,0,0,0,0,0,0,0,0,0,0,0,1,1,1,1,1,1,1,1,1,1,1,1,1,1,1,1,1,1,1,1,1,1,1,1,1,1,0,0,0,0,0,0,0,0,,,,,,,,,,,,,,,,,,,,,,,,,,,,,,,,,,,,,,,,,,,,,,,,
17282,1500,17283,17278,,0,59,59,60,60,42,42,45,45,53,53,58,58,161,161,1054,1054,1231,1231,1131,1131,1110,1110,1010,1010,957,957,939,939,1003,1003,1000,1000,1010,1010,1084,1084,1034,1034,528,528,329,329,215,215,157,157,85,85,,,,,,,,,,,,,,,,,,,,,,,,,,,,,,,,,,,,,,,,,,,,,,,,
17283,2500,17285,17282,17279;17311,2,59,59,60,60,42,42,45,45,53,53,58,58,161,161,1054,1054,1231,1231,1131,1131,1110,1110,1010,1010,957,957,939,939,1003,1003,1000,1000,1010,1010,1084,1084,1034,1034,528,528,329,329,215,215,157,157,85,85,,,,,,,,,,,,,,,,,,,,,,,,,,,,,,,,,,,,,,,,,,,,,,,,
17284,4400,17217,17523,,0,59,59,60,60,42,42,45,45,53,53,58,58,161,161,1054,1054,1231,1231,1131,1131,1110,1110,1010,1010,957,957,939,939,1003,1003,1000,1000,1010,1010,1084,1084,1034,1034,528,528,329,329,215,215,157,157,85,85,,,,,,,,,,,,,,,,,,,,,,,,,,,,,,,,,,,,,,,,,,,,,,,,
17285,2000,17290,17283,,0,59,59,60,60,42,42,45,45,53,53,58,58,161,161,1054,1054,1231,1231,1131,1131,1110,1110,1010,1010,957,957,939,939,1003,1003,1000,1000,1010,1010,1084,1084,1034,1034,528,528,329,329,215,215,157,157,85,85,,,,,,,,,,,,,,,,,,,,,,,,,,,,,,,,,,,,,,,,,,,,,,,,
17286,4400,17288,17276,,0,34,34,35,35,24,24,26,26,31,31,34,34,93,93,1024,1024,1168,1168,1154,1154,1117,1117,1034,1034,948,948,1003,1003,958,958,1015,1015,1030,1030,1075,1075,972,972,262,262,168,168,114,114,82,82,42,42,,,,,,,,,,,,,,,,,,,,,,,,,,,,,,,,,,,,,,,,,,,,,,,,
17287,600,,17424,,0,53,53,55,55,38,38,42,42,48,48,53,53,146,146,715,715,891,891,804,804,768,768,707,707,638,638,676,676,679,679,669,669,696,696,738,738,671,671,411,411,264,264,178,178,130,130,66,66,,,,,,,,,,,,,,,,,,,,,,,,,,,,,,,,,,,,,,,,,,,,,,,,
17288,2000,17280,17328,17286;17317,2,34,34,35,35,24,24,26,26,31,31,34,34,93,93,1024,1024,1168,1168,1154,1154,1117,1117,1034,1034,948,948,1003,1003,958,958,1015,1015,1030,1030,1075,1075,972,972,262,262,168,168,114,114,82,82,42,42,,,,,,,,,,,,,,,,,,,,,,,,,,,,,,,,,,,,,,,,,,,,,,,,
17289,1200,17426,17298,,0,0,0,0,0,0,0,0,0,0,0,0,0,0,0,1,1,2,2,1,1,1,1,1,1,1,1,1,1,1,1,1,1,1,1,1,1,1,1,1,1,0,0,0,0,0,0,0,0,,,,,,,,,,,,,,,,,,,,,,,,,,,,,,,,,,,,,,,,,,,,,,,,
17290,2500,17295,17285,17427;17324,2,59,59,60,60,42,42,45,45,53,53,58,58,161,161,1054,1054,1231,1231,1131,1131,1110,1110,1010,1010,957,957,939,939,1003,1003,1000,1000,1010,1010,1084,1084,1034,1034,528,528,329,329,215,215,157,157,85,85,,,,,,,,,,,,,,,,,,,,,,,,,,,,,,,,,,,,,,,,,,,,,,,,
17291,800,17477,17294,,0,0,0,0,0,0,0,0,0,0,0,0,0,0,0,2,2,2,2,2,2,2,2,2,2,2,2,2,2,2,2,2,2,2,2,2,2,2,2,1,1,0,0,0,0,0,0,0,0,,,,,,,,,,,,,,,,,,,,,,,,,,,,,,,,,,,,,,,,,,,,,,,,
17292,1600,17485,17402,,0,0,0,0,0,0,0,0,0,0,0,0,0,0,0,1,1,1,1,1,1,1,1,1,1,1,1,1,1,1,1,1,1,1,1,1,1,1,1,1,1,0,0,0,0,0,0,0,0,,,,,,,,,,,,,,,,,,,,,,,,,,,,,,,,,,,,,,,,,,,,,,,,
17293,800,17475,17294,,0,0,0,0,0,0,0,0,0,0,0,0,0,0,0,3,3,3,3,3,3,3,3,3,3,3,3,3,3,3,3,3,3,3,3,3,3,3,3,1,1,1,1,0,0,0,0,0,0,,,,,,,,,,,,,,,,,,,,,,,,,,,,,,,,,,,,,,,,,,,,,,,,
17294,600,17301,17293,17291;17304,2,0,0,0,0,0,0,0,0,0,0,0,0,0,0,2,2,2,2,2,2,2,2,2,2,2,2,2,2,2,2,2,2,2,2,2,2,2,2,1,1,0,0,0,0,0,0,0,0,,,,,,,,,,,,,,,,,,,,,,,,,,,,,,,,,,,,,,,,,,,,,,,,
17295,1500,17298,17290,,0,59,59,60,60,42,42,45,45,53,53,58,58,161,161,1054,1054,1231,1231,1131,1131,1110,1110,1010,1010,957,957,939,939,1003,1003,1000,1000,1010,1010,1084,1084,1034,1034,528,528,329,329,215,215,157,157,85,85,,,,,,,,,,,,,,,,,,,,,,,,,,,,,,,,,,,,,,,,,,,,,,,,
17296,1600,17305,17398,,0,0,0,0,0,0,0,0,0,0,0,0,0,0,0,1,1,1,1,1,1,1,1,1,1,1,1,1,1,1,1,1,1,1,1,1,1,1,1,1,1,0,0,0,0,0,0,0,0,,,,,,,,,,,,,,,,,,,,,,,,,,,,,,,,,,,,,,,,,,,,,,,,
17297,2000,17482,17470,17474;17472,2,34,34,35,35,24,24,26,26,31,31,34,34,93,93,1024,1024,1168,1168,1154,1154,1117,1117,1034,1034,948,948,1003,1003,958,958,1015,1015,1030,1030,1075,1075,972,972,262,262,168,168,114,114,82,82,42,42,,,,,,,,,,,,,,,,,,,,,,,,,,,,,,,,,,,,,,,,,,,,,,,,
17298,2500,17302,17295,17289;17336,2,59,59,60,60,42,42,45,45,53,53,58,58,161,161,1054,1054,1231,1231,1131,1131,1110,1110,1010,1010,957,957,939,939,1003,1003,1000,1000,1010,1010,1084,1084,1034,1034,528,528,329,329,215,215,157,157,85,85,,,,,,,,,,,,,,,,,,,,,,,,,,,,,,,,,,,,,,,,,,,,,,,,
17299,1600,17273,17422,,0,0,0,0,0,0,0,0,0,0,0,0,0,0,0,2,2,2,2,2,2,2,2,2,2,2,2,2,2,2,2,2,2,2,2,2,2,2,2,1,1,1,1,0,0,0,0,0,0,,,,,,,,,,,,,,,,,,,,,,,,,,,,,,,,,,,,,,,,,,,,,,,,
173,1200,453,158,,0,53,53,55,55,38,38,42,42,48,48,53,53,146,146,715,715,891,891,804,804,768,768,707,707,638,638,676,676,679,679,669,669,696,696,738,738,671,671,411,411,264,264,178,178,130,130,66,66,,,,,,,,,,,,,,,,,,,,,,,,,,,,,,,,,,,,,,,,,,,,,,,,
17300,2500,17424,17261,,0,59,59,60,60,42,42,45,45,53,53,58,58,161,161,1054,1054,1231,1231,1131,1131,1110,1110,1010,1010,957,957,939,939,1003,1003,1000,1000,1010,1010,1084,1084,1034,1034,528,528,329,329,215,215,157,157,85,85,,,,,,,,,,,,,,,,,,,,,,,,,,,,,,,,,,,,,,,,,,,,,,,,
17301,800,17294,,,0,0,0,0,0,0,0,0,0,0,0,0,0,0,0,2,2,3,3,2,2,2,2,2,2,2,2,2,2,2,2,2,2,2,2,2,2,2,2,1,1,1,1,0,0,0,0,0,0,,,,,,,,,,,,,,,,,,,,,,,,,,,,,,,,,,,,,,,,,,,,,,,,
17302,1500,17298,17307,,0,42,42,39,39,28,28,29,29,34,34,39,39,112,112,1343,1343,1424,1424,1347,1347,1375,1375,1229,1229,1247,1247,1096,1096,1282,1282,1299,1299,1257,1257,1375,1375,1394,1394,536,536,316,316,190,190,140,140,87,87,,,,,,,,,,,,,,,,,,,,,,,,,,,,,,,,,,,,,,,,,,,,,,,,
17303,3000,17262,17308,,0,34,34,35,35,24,24,26,26,31,31,34,34,93,93,1024,1024,1168,1168,1154,1154,1117,1117,1034,1034,948,948,1003,1003,958,958,1015,1015,1030,1030,1075,1075,972,972,262,262,168,168,114,114,82,82,42,42,,,,,,,,,,,,,,,,,,,,,,,,,,,,,,,,,,,,,,,,,,,,,,,,
17304,800,17294,17471,,0,0,0,0,0,0,0,0,0,0,0,0,0,0,0,3,3,3,3,3,3,3,3,3,3,3,3,2,2,3,3,3,3,3,3,3,3,3,3,1,1,1,1,0,0,0,0,0,0,,,,,,,,,,,,,,,,,,,,,,,,,,,,,,,,,,,,,,,,,,,,,,,,
17305,2500,17312,17401,17296;17332,2,59,59,60,60,42,42,45,45,53,53,58,58,161,161,1054,1054,1231,1231,1131,1131,1110,1110,1010,1010,957,957,939,939,1003,1003,1000,1000,1010,1010,1084,1084,1034,1034,528,528,329,329,215,215,157,157,85,85,,,,,,,,,,,,,,,,,,,,,,,,,,,,,,,,,,,,,,,,,,,,,,,,
17306,2000,17442,17278,,0,59,59,60,60,42,42,45,45,53,53,58,58,161,161,1054,1054,1231,1231,1131,1131,1110,1110,1010,1010,957,957,939,939,1003,1003,1000,1000,1010,1010,1084,1084,1034,1034,528,528,329,329,215,215,157,157,85,85,,,,,,,,,,,,,,,,,,,,,,,,,,,,,,,,,,,,,,,,,,,,,,,,
17307,2500,17316,17302,17423;17407,2,59,59,60,60,42,42,45,45,53,53,58,58,161,161,1054,1054,1231,1231,1131,1131,1110,1110,1010,1010,957,957,939,939,1003,1003,1000,1000,1010,1010,1084,1084,1034,1034,528,528,329,329,215,215,157,157,85,85,,,,,,,,,,,,,,,,,,,,,,,,,,,,,,,,,,,,,,,,,,,,,,,,
17308,2500,17315,17476,17303;17466,2,34,34,35,35,24,24,26,26,31,31,34,34,93,93,1024,1024,1168,1168,1154,1154,1117,1117,1034,1034,948,948,1003,1003,958,958,1015,1015,1030,1030,1075,1075,972,972,262,262,168,168,114,114,82,82,42,42,,,,,,,,,,,,,,,,,,,,,,,,,,,,,,,,,,,,,,,,,,,,,,,,
17309,1600,17457,17459,,0,0,0,0,0,0,0,0,0,0,0,0,0,0,0,3,3,3,3,3,3,3,3,3,3,3,3,3,3,3,3,3,3,3,3,3,3,3,3,1,1,1,1,0,0,0,0,0,0,,,,,,,,,,,,,,,,,,,,,,,,,,,,,,,,,,,,,,,,,,,,,,,,
17310,2500,17412,17273,,0,59,59,60,60,42,42,45,45,53,53,58,58,161,161,1054,1054,1231,1231,1131,1131,1110,1110,1010,1010,957,957,939,939,1003,1003,1000,1000,1010,1010,1084,1084,1034,1034,528,528,329,329,215,215,157,157,85,85,,,,,,,,,,,,,,,,,,,,,,,,,,,,,,,,,,,,,,,,,,,,,,,,
17311,2000,17283,17322,,0,59,59,60,60,42,42,45,45,53,53,58,58,161,161,1054,1054,1231,1231,1131,1131,1110,1110,1010,1010,957,957,939,939,1003,1003,1000,1000,1010,1010,1084,1084,1034,1034,528,528,329,329,215,215,157,157,85,85,,,,,,,,,,,,,,,,,,,,,,,,,,,,,,,,,,,,,,,,,,,,,,,,
17312,1200,17396,17305,,0,0,0,0,0,0,0,0,0,0,0,0,0,0,0,2,2,3,3,3,3,2,2,2,2,2,2,2,2,2,2,2,2,2,2,2,2,2,2,1,1,1,1,1,1,0,0,0,0,,,,,,,,,,,,,,,,,,,,,,,,,,,,,,,,,,,,,,,,,,,,,,,,
17313,1500,17459,17276,,0,34,34,35,35,24,24,26,26,31,31,34,34,93,93,1024,1024,1168,1168,1154,1154,1117,1117,1034,1034,948,948,1003,1003,958,958,1015,1015,1030,1030,1075,1075,972,972,262,262,168,168,114,114,82,82,42,42,,,,,,,,,,,,,,,,,,,,,,,,,,,,,,,,,,,,,,,,,,,,,,,,
17314,1500,17319,17418,,0,59,59,60,60,42,42,45,45,53,53,58,58,161,161,1054,1054,1231,1231,1131,1131,1110,1110,1010,1010,957,957,939,939,1003,1003,1000,1000,1010,1010,1084,1084,1034,1034,528,528,329,329,215,215,157,157,85,85,,,,,,,,,,,,,,,,,,,,,,,,,,,,,,,,,,,,,,,,,,,,,,,,
17315,2000,17318,17308,,0,34,34,35,35,24,24,26,26,31,31,34,34,93,93,1024,1024,1168,1168,1154,1154,1117,1117,1034,1034,948,948,1003,1003,958,958,1015,1015,1030,1030,1075,1075,972,972,262,262,168,168,114,114,82,82,42,42,,,,,,,,,,,,,,,,,,,,,,,,,,,,,,,,,,,,,,,,,,,,,,,,
17316,2000,17307,17412,,0,59,59,60,60,42,42,45,45,53,53,58,58,161,161,1054,1054,1231,1231,1131,1131,1110,1110,1010,1010,957,957,939,939,1003,1003,1000,1000,1010,1010,1084,1084,1034,1034,528,528,329,329,215,215,157,157,85,85,,,,,,,,,,,,,,,,,,,,,,,,,,,,,,,,,,,,,,,,,,,,,,,,
17317,4400,17288,17444,,0,59,59,60,60,42,42,45,45,53,53,58,58,161,161,1054,1054,1231,1231,1131,1131,1110,1110,1010,1010,957,957,939,939,1003,1003,1000,1000,1010,1010,1084,1084,1034,1034,528,528,329,329,215,215,157,157,85,85,,,,,,,,,,,,,,,,,,,,,,,,,,,,,,,,,,,,,,,,,,,,,,,,
17318,2500,17315,17362,17460;17464,2,34,34,35,35,24,24,26,26,31,31,34,34,93,93,1024,1024,1168,1168,1154,1154,1117,1117,1034,1034,948,948,1003,1003,958,958,1015,1015,1030,1030,1075,1075,972,972,262,262,168,168,114,114,82,82,42,42,,,,,,,,,,,,,,,,,,,,,,,,,,,,,,,,,,,,,,,,,,,,,,,,
17319,2000,17327,17314,17411;17335,2,59,59,60,60,42,42,45,45,53,53,58,58,161,161,1054,1054,1231,1231,1131,1131,1110,1110,1010,1010,957,957,939,939,1003,1003,1000,1000,1010,1010,1084,1084,1034,1034,528,528,329,329,215,215,157,157,85,85,,,,,,,,,,,,,,,,,,,,,,,,,,,,,,,,,,,,,,,,,,,,,,,,
17320,1200,17416,17418,,0,0,0,0,0,0,0,0,0,0,0,0,0,0,0,1,1,2,2,2,2,2,2,1,1,1,1,1,1,1,1,1,1,1,1,2,2,1,1,1,1,0,0,0,0,0,0,0,0,,,,,,,,,,,,,,,,,,,,,,,,,,,,,,,,,,,,,,,,,,,,,,,,
17321,1600,17458,17455,,0,0,0,0,0,0,0,0,0,0,0,0,0,0,0,4,4,4,4,4,4,4,4,3,3,3,3,3,3,3,3,3,3,3,3,4,4,4,4,1,1,1,1,1,1,0,0,0,0,,,,,,,,,,,,,,,,,,,,,,,,,,,,,,,,,,,,,,,,,,,,,,,,
17322,2500,17359,17311,17441;17326,2,59,59,60,60,42,42,45,45,53,53,58,58,161,161,1054,1054,1231,1231,1131,1131,1110,1110,1010,1010,957,957,939,939,1003,1003,1000,1000,1010,1010,1084,1084,1034,1034,528,528,329,329,215,215,157,157,85,85,,,,,,,,,,,,,,,,,,,,,,,,,,,,,,,,,,,,,,,,,,,,,,,,
17323,1600,17471,17467,,0,0,0,0,0,0,0,0,0,0,0,0,0,0,0,2,2,2,2,2,2,2,2,2,2,2,2,2,2,2,2,2,2,2,2,2,2,2,2,1,1,0,0,0,0,0,0,0,0,,,,,,,,,,,,,,,,,,,,,,,,,,,,,,,,,,,,,,,,,,,,,,,,
17324,4400,17333,17290,,0,59,59,60,60,42,42,45,45,53,53,58,58,161,161,1054,1054,1231,1231,1131,1131,1110,1110,1010,1010,957,957,939,939,1003,1003,1000,1000,1010,1010,1084,1084,1034,1034,528,528,329,329,215,215,157,157,85,85,,,,,,,,,,,,,,,,,,,,,,,,,,,,,,,,,,,,,,,,,,,,,,,,
17325,1200,17416,17414,,0,0,0,0,0,0,0,0,0,0,0,0,0,0,0,1,1,1,1,1,1,1,1,1,1,1,1,1,1,1,1,1,1,1,1,1,1,1,1,0,0,0,0,0,0,0,0,0,0,,,,,,,,,,,,,,,,,,,,,,,,,,,,,,,,,,,,,,,,,,,,,,,,
17326,4400,17333,17322,,0,59,59,60,60,42,42,45,45,53,53,58,58,161,161,1054,1054,1231,1231,1131,1131,1110,1110,1010,1010,957,957,939,939,1003,1003,1000,1000,1010,1010,1084,1084,1034,1034,528,528,329,329,215,215,157,157,85,85,,,,,,,,,,,,,,,,,,,,,,,,,,,,,,,,,,,,,,,,,,,,,,,,
17327,1500,17330,17319,,0,59,59,60,60,42,42,45,45,53,53,58,58,161,161,1054,1054,1231,1231,1131,1131,1110,1110,1010,1010,957,957,939,939,1003,1003,1000,1000,1010,1010,1084,1084,1034,1034,528,528,329,329,215,215,157,157,85,85,,,,,,,,,,,,,,,,,,,,,,,,,,,,,,,,,,,,,,,,,,,,,,,,
17328,1500,17288,17457,,0,34,34,35,35,24,24,26,26,31,31,34,34,93,93,1024,1024,1168,1168,1154,1154,1117,1117,1034,1034,948,948,1003,1003,958,958,1015,1015,1030,1030,1075,1075,972,972,262,262,168,168,114,114,82,82,42,42,,,,,,,,,,,,,,,,,,,,,,,,,,,,,,,,,,,,,,,,,,,,,,,,
17329,1200,17410,17330,,0,0,0,0,0,0,0,0,0,0,0,0,0,0,0,3,3,3,3,3,3,3,3,3,3,2,2,2,2,2,2,2,2,3,3,3,3,3,3,1,1,1,1,1,1,0,0,0,0,,,,,,,,,,,,,,,,,,,,,,,,,,,,,,,,,,,,,,,,,,,,,,,,
17330,1600,17354,17329,17327;17355,2,0,0,0,0,0,0,0,0,0,0,0,0,0,0,3,3,3,3,3,3,3,3,3,3,2,2,2,2,3,3,3,3,3,3,3,3,3,3,1,1,1,1,1,1,0,0,0,0,,,,,,,,,,,,,,,,,,,,,,,,,,,,,,,,,,,,,,,,,,,,,,,,
17331,1500,17434,17436,,0,59,59,60,60,42,42,45,45,53,53,58,58,161,161,1054,1054,1231,1231,1131,1131,1110,1110,1010,1010,957,957,939,939,1003,1003,1000,1000,1010,1010,1084,1084,1034,1034,528,528,329,329,215,215,157,157,85,85,,,,,,,,,,,,,,,,,,,,,,,,,,,,,,,,,,,,,,,,,,,,,,,,
17332,1600,17305,17394,,0,0,0,0,0,0,0,0,0,0,0,0,0,0,0,2,2,2,2,2,2,2,2,2,2,2,2,2,2,2,2,2,2,2,2,2,2,2,2,1,1,1,1,0,0,0,0,0,0,,,,,,,,,,,,,,,,,,,,,,,,,,,,,,,,,,,,,,,,,,,,,,,,
17333,4400,17326,17339,17324;17371,2,59,59,60,60,42,42,45,45,53,53,58,58,161,161,1054,1054,1231,1231,1131,1131,1110,1110,1010,1010,957,957,939,939,1003,1003,1000,1000,1010,1010,1084,1084,1034,1034,528,528,329,329,215,215,157,157,85,85,,,,,,,,,,,,,,,,,,,,,,,,,,,,,,,,,,,,,,,,,,,,,,,,
17334,800,17450,,,0,0,0,0,0,0,0,0,0,0,0,0,0,0,0,3,3,3,3,3,3,3,3,3,3,3,3,3,3,3,3,3,3,3,3,3,3,3,3,1,1,1,1,0,0,0,0,0,0,,,,,,,,,,,,,,,,,,,,,,,,,,,,,,,,,,,,,,,,,,,,,,,,
17335,1600,17414,17319,,0,0,0,0,0,0,0,0,0,0,0,0,0,0,0,2,2,2,2,2,2,2,2,2,2,1,1,1,1,1,1,1,1,2,2,2,2,2,2,1,1,1,1,0,0,0,0,0,0,,,,,,,,,,,,,,,,,,,,,,,,,,,,,,,,,,,,,,,,,,,,,,,,
17336,2500,17298,17342,,0,59,59,60,60,42,42,45,45,53,53,58,58,161,161,1054,1054,1231,1231,1131,1131,1110,1110,1010,1010,957,957,939,939,1003,1003,1000,1000,1010,1010,1084,1084,1034,1034,528,528,329,329,215,215,157,157,85,85,,,,,,,,,,,,,,,,,,,,,,,,,,,,,,,,,,,,,,,,,,,,,,,,
17337,2500,17391,17413,17393;17403,2,59,59,60,60,42,42,45,45,53,53,58,58,161,161,1054,1054,1231,1231,1131,1131,1110,1110,1010,1010,957,957,939,939,1003,1003,1000,1000,1010,1010,1084,1084,1034,1034,528,528,329,329,215,215,157,157,85,85,,,,,,,,,,,,,,,,,,,,,,,,,,,,,,,,,,,,,,,,,,,,,,,,
17338,1600,17392,17396,,0,0,0,0,0,0,0,0,0,0,0,0,0,0,0,2,2,2,2,2,2,2,2,2,2,1,1,1,1,2,2,2,2,2,2,2,2,2,2,1,1,1,1,0,0,0,0,0,0,,,,,,,,,,,,,,,,,,,,,,,,,,,,,,,,,,,,,,,,,,,,,,,,
17339,3850,17342,17333,,0,59,59,60,60,42,42,45,45,53,53,58,58,161,161,1054,1054,1231,1231,1131,1131,1110,1110,1010,1010,957,957,939,939,1003,1003,1000,1000,1010,1010,1084,1084,1034,1034,528,528,329,329,215,215,157,157,85,85,,,,,,,,,,,,,,,,,,,,,,,,,,,,,,,,,,,,,,,,,,,,,,,,
17340,1500,17444,17436,,0,59,59,60,60,42,42,45,45,53,53,58,58,161,161,1054,1054,1231,1231,1131,1131,1110,1110,1010,1010,957,957,939,939,1003,1003,1000,1000,1010,1010,1084,1084,1034,1034,528,528,329,329,215,215,157,157,85,85,,,,,,,,,,,,,,,,,,,,,,,,,,,,,,,,,,,,,,,,,,,,,,,,
17341,300,17390,17386,,0,0,0,0,0,0,0,0,0,0,0,0,0,0,0,2,2,3,3,3,3,2,2,2,2,2,2,2,2,2,2,2,2,2,2,2,2,2,2,1,1,1,1,1,1,0,0,0,0,,,,,,,,,,,,,,,,,,,,,,,,,,,,,,,,,,,,,,,,,,,,,,,,
17342,2500,17429,17336,17339;17351,2,59,59,60,60,42,42,45,45,53,53,58,58,161,161,1054,1054,1231,1231,1131,1131,1110,1110,1010,1010,957,957,939,939,1003,1003,1000,1000,1010,1010,1084,1084,1034,1034,528,528,329,329,215,215,157,157,85,85,,,,,,,,,,,,,,,,,,,,,,,,,,,,,,,,,,,,,,,,,,,,,,,,
17343,2000,17357,17408,,0,59,59,60,60,42,42,45,45,53,53,58,58,161,161,1054,1054,1231,1231,1131,1131,1110,1110,1010,1010,957,957,939,939,1003,1003,1000,1000,1010,1010,1084,1084,1034,1034,528,528,329,329,215,215,157,157,85,85,,,,,,,,,,,,,,,,,,,,,,,,,,,,,,,,,,,,,,,,,,,,,,,,
17344,1600,17435,17432,,0,53,53,55,55,38,38,42,42,48,48,53,53,146,146,715,715,891,891,804,804,768,768,707,707,638,638,676,676,679,679,669,669,696,696,738,738,671,671,411,411,264,264,178,178,130,130,66,66,,,,,,,,,,,,,,,,,,,,,,,,,,,,,,,,,,,,,,,,,,,,,,,,
17345,800,17463,,,0,0,0,0,0,0,0,0,0,0,0,0,0,0,0,3,3,3,3,3,3,3,3,3,3,3,3,3,3,3,3,3,3,3,3,3,3,3,3,1,1,1,1,0,0,0,0,0,0,,,,,,,,,,,,,,,,,,,,,,,,,,,,,,,,,,,,,,,,,,,,,,,,
17346,2000,17467,17352,,0,34,34,35,35,24,24,26,26,31,31,34,34,93,93,1024,1024,1168,1168,1154,1154,1117,1117,1034,1034,948,948,1003,1003,958,958,1015,1015,1030,1030,1075,1075,972,972,262,262,168,168,114,114,82,82,42,42,,,,,,,,,,,,,,,,,,,,,,,,,,,,,,,,,,,,,,,,,,,,,,,,
17347,1500,17352,17469,,0,34,34,35,35,24,24,26,26,31,31,34,34,93,93,1024,1024,1168,1168,1154,1154,1117,1117,1034,1034,948,948,1003,1003,958,958,1015,1015,1030,1030,1075,1075,972,972,262,262,168,168,114,114,82,82,42,42,,,,,,,,,,,,,,,,,,,,,,,,,,,,,,,,,,,,,,,,,,,,,,,,
17348,1500,17353,17392,,0,59,59,60,60,42,42,45,45,53,53,58,58,161,161,1054,1054,1231,1231,1131,1131,1110,1110,1010,1010,957,957,939,939,1003,1003,1000,1000,1010,1010,1084,1084,1034,1034,528,528,329,329,215,215,157,157,85,85,,,,,,,,,,,,,,,,,,,,,,,,,,,,,,,,,,,,,,,,,,,,,,,,
17349,1600,17447,17465,,0,0,0,0,0,0,0,0,0,0,0,0,0,0,0,3,3,3,3,3,3,3,3,3,3,2,2,2,2,3,3,3,3,3,3,3,3,3,3,1,1,1,1,0,0,0,0,0,0,,,,,,,,,,,,,,,,,,,,,,,,,,,,,,,,,,,,,,,,,,,,,,,,
17350,800,17410,17406,,0,0,0,0,0,0,0,0,0,0,0,0,0,0,0,2,2,2,2,2,2,2,2,2,2,2,2,2,2,2,2,2,2,2,2,2,2,2,2,1,1,1,1,0,0,0,0,0,0,,,,,,,,,,,,,,,,,,,,,,,,,,,,,,,,,,,,,,,,,,,,,,,,
17351,3000,17342,17357,,0,59,59,60,60,42,42,45,45,53,53,58,58,161,161,1054,1054,1231,1231,1131,1131,1110,1110,1010,1010,957,957,939,939,1003,1003,1000,1000,1010,1010,1084,1084,1034,1034,528,528,329,329,215,215,157,157,85,85,,,,,,,,,,,,,,,,,,,,,,,,,,,,,,,,,,,,,,,,,,,,,,,,
17352,2000,17363,17347,17346;17375,2,34,34,35,35,24,24,26,26,31,31,34,34,93,93,1024,1024,1168,1168,1154,1154,1117,1117,1034,1034,948,948,1003,1003,958,958,1015,1015,1030,1030,1075,1075,972,972,262,262,168,168,114,114,82,82,42,42,,,,,,,,,,,,,,,,,,,,,,,,,,,,,,,,,,,,,,,,,,,,,,,,
17353,2500,17374,17348,17389;17358,2,59,59,60,60,42,42,45,45,53,53,58,58,161,161,1054,1054,1231,1231,1131,1131,1110,1110,1010,1010,957,957,939,939,1003,1003,1000,1000,1010,1010,1084,1084,1034,1034,528,528,329,329,215,215,157,157,85,85,,,,,,,,,,,,,,,,,,,,,,,,,,,,,,,,,,,,,,,,,,,,,,,,
17354,1600,17330,17404,,0,0,0,0,0,0,0,0,0,0,0,0,0,0,0,1,1,1,1,1,1,1,1,1,1,1,1,1,1,1,1,1,1,1,1,1,1,1,1,1,1,0,0,0,0,0,0,0,0,,,,,,,,,,,,,,,,,,,,,,,,,,,,,,,,,,,,,,,,,,,,,,,,
17355,1600,17330,17364,,0,0,0,0,0,0,0,0,0,0,0,0,0,0,0,1,1,1,1,1,1,1,1,1,1,1,1,1,1,1,1,1,1,1,1,1,1,1,1,1,1,0,0,0,0,0,0,0,0,,,,,,,,,,,,,,,,,,,,,,,,,,,,,,,,,,,,,,,,,,,,,,,,
17356,800,,17430,,0,0,0,0,0,0,0,0,0,0,0,0,0,0,0,2,2,3,3,2,2,2,2,2,2,2,2,2,2,2,2,2,2,2,2,2,2,2,2,1,1,1,1,0,0,0,0,0,0,,,,,,,,,,,,,,,,,,,,,,,,,,,,,,,,,,,,,,,,,,,,,,,,
17357,3000,17373,17343,17351;17405,2,59,59,60,60,42,42,45,45,53,53,58,58,161,161,1054,1054,1231,1231,1131,1131,1110,1110,1010,1010,957,957,939,939,1003,1003,1000,1000,1010,1010,1084,1084,1034,1034,528,528,329,329,215,215,157,157,85,85,,,,,,,,,,,,,,,,,,,,,,,,,,,,,,,,,,,,,,,,,,,,,,,,
17358,1000,17388,17353,,0,59,59,60,60,42,42,45,45,53,53,58,58,161,161,1054,1054,1231,1231,1131,1131,1110,1110,1010,1010,957,957,939,939,1003,1003,1000,1000,1010,1010,1084,1084,1034,1034,528,528,329,329,215,215,157,157,85,85,,,,,,,,,,,,,,,,,,,,,,,,,,,,,,,,,,,,,,,,,,,,,,,,
17359,2000,17434,17322,,0,59,59,60,60,42,42,45,45,53,53,58,58,161,161,1054,1054,1231,1231,1131,1131,1110,1110,1010,1010,957,957,939,939,1003,1003,1000,1000,1010,1010,1084,1084,1034,1034,528,528,329,329,215,215,157,157,85,85,,,,,,,,,,,,,,,,,,,,,,,,,,,,,,,,,,,,,,,,,,,,,,,,
17360,1200,17463,17465,,0,0,0,0,0,0,0,0,0,0,0,0,0,1,1,5,5,6,6,5,5,5,5,5,5,5,5,4,4,5,5,5,5,5,5,5,5,5,5,2,2,1,1,1,1,1,1,0,0,,,,,,,,,,,,,,,,,,,,,,,,,,,,,,,,,,,,,,,,,,,,,,,,
17361,3000,17406,17364,,0,59,59,60,60,42,42,45,45,53,53,58,58,161,161,1054,1054,1231,1231,1131,1131,1110,1110,1010,1010,957,957,939,939,1003,1003,1000,1000,1010,1010,1084,1084,1034,1034,528,528,329,329,215,215,157,157,85,85,,,,,,,,,,,,,,,,,,,,,,,,,,,,,,,,,,,,,,,,,,,,,,,,
17362,2500,17453,17318,,0,34,34,35,35,24,24,26,26,31,31,34,34,93,93,1024,1024,1168,1168,1154,1154,1117,1117,1034,1034,948,948,1003,1003,958,958,1015,1015,1030,1030,1075,1075,972,972,262,262,168,168,114,114,82,82,42,42,,,,,,,,,,,,,,,,,,,,,,,,,,,,,,,,,,,,,,,,,,,,,,,,
17363,1500,17352,17366,,0,34,34,35,35,24,24,26,26,31,31,34,34,93,93,1024,1024,1168,1168,1154,1154,1117,1117,1034,1034,948,948,1003,1003,958,958,1015,1015,1030,1030,1075,1075,972,972,262,262,168,168,114,114,82,82,42,42,,,,,,,,,,,,,,,,,,,,,,,,,,,,,,,,,,,,,,,,,,,,,,,,
17364,1600,17355,17370,17361,1,0,0,0,0,0,0,0,0,0,0,0,0,0,0,2,2,3,3,2,2,2,2,2,2,2,2,2,2,2,2,2,2,2,2,2,2,2,2,1,1,1,1,0,0,0,0,0,0,,,,,,,,,,,,,,,,,,,,,,,,,,,,,,,,,,,,,,,,,,,,,,,,
17365,2500,17431,17439,17369,1,59,59,60,60,42,42,45,45,53,53,58,58,161,161,1054,1054,1231,1231,1131,1131,1110,1110,1010,1010,957,957,939,939,1003,1003,1000,1000,1010,1010,1084,1084,1034,1034,528,528,329,329,215,215,157,157,85,85,,,,,,,,,,,,,,,,,,,,,,,,,,,,,,,,,,,,,,,,,,,,,,,,
17366,1200,,17363,17462,1,0,0,0,0,0,0,0,0,0,0,0,0,0,0,5,5,5,5,5,5,5,5,4,4,4,4,4,4,4,4,4,4,4,4,5,5,4,4,2,2,1,1,1,1,0,0,0,0,,,,,,,,,,,,,,,,,,,,,,,,,,,,,,,,,,,,,,,,,,,,,,,,
17367,1600,17463,17445,,0,0,0,0,0,0,0,0,0,0,0,0,0,0,0,2,2,2,2,2,2,2,2,2,2,1,1,1,1,1,1,2,2,2,2,2,2,2,2,1,1,0,0,0,0,0,0,0,0,,,,,,,,,,,,,,,,,,,,,,,,,,,,,,,,,,,,,,,,,,,,,,,,
17368,1200,17404,,,0,0,0,0,0,0,0,0,0,0,0,0,0,1,1,4,4,4,4,4,4,4,4,3,3,3,3,3,3,3,3,3,3,3,3,4,4,3,3,2,2,1,1,1,1,1,1,0,0,,,,,,,,,,,,,,,,,,,,,,,,,,,,,,,,,,,,,,,,,,,,,,,,
17369,1600,17365,,,0,0,0,0,0,0,0,0,0,0,0,0,0,1,1,4,4,4,4,4,4,4,4,3,3,3,3,3,3,3,3,3,3,3,3,4,4,3,3,2,2,1,1,1,1,1,1,0,0,,,,,,,,,,,,,,,,,,,,,,,,,,,,,,,,,,,,,,,,,,,,,,,,
17370,3000,,17364,,0,59,59,60,60,42,42,45,45,53,53,58,58,161,161,1054,1054,1231,1231,1131,1131,1110,1110,1010,1010,957,957,939,939,1003,1003,1000,1000,1010,1010,1084,1084,1034,1034,528,528,329,329,215,215,157,157,85,85,,,,,,,,,,,,,,,,,,,,,,,,,,,,,,,,,,,,,,,,,,,,,,,,
17371,4400,17333,,,0,59,59,60,60,42,42,45,45,53,53,58,58,161,161,1054,1054,1231,1231,1131,1131,1110,1110,1010,1010,957,957,939,939,1003,1003,1000,1000,1010,1010,1084,1084,1034,1034,528,528,329,329,215,215,157,157,85,85,,,,,,,,,,,,,,,,,,,,,,,,,,,,,,,,,,,,,,,,,,,,,,,,
17372,800,17447,17448,,0,0,0,0,0,0,0,0,0,0,0,0,0,0,0,4,4,5,5,4,4,4,4,4,4,4,4,4,4,4,4,4,4,4,4,4,4,4,4,2,2,1,1,1,1,0,0,0,0,,,,,,,,,,,,,,,,,,,,,,,,,,,,,,,,,,,,,,,,,,,,,,,,
17373,2500,17357,,,0,67,67,70,70,49,49,53,53,62,62,67,67,186,186,910,910,1134,1134,1023,1023,977,977,900,900,812,812,861,861,864,864,851,851,886,886,939,939,854,854,524,524,336,336,227,227,165,165,84,84,,,,,,,,,,,,,,,,,,,,,,,,,,,,,,,,,,,,,,,,,,,,,,,,
17374,3000,17353,,,0,59,59,60,60,42,42,45,45,53,53,58,58,161,161,1054,1054,1231,1231,1131,1131,1110,1110,1010,1010,957,957,939,939,1003,1003,1000,1000,1010,1010,1084,1084,1034,1034,528,528,329,329,215,215,157,157,85,85,,,,,,,,,,,,,,,,,,,,,,,,,,,,,,,,,,,,,,,,,,,,,,,,
17375,1200,17352,,,0,53,53,55,55,38,38,42,42,48,48,53,53,146,146,715,715,891,891,804,804,768,768,707,707,638,638,676,676,679,679,669,669,696,696,738,738,671,671,411,411,264,264,178,178,130,130,66,66,,,,,,,,,,,,,,,,,,,,,,,,,,,,,,,,,,,,,,,,,,,,,,,,
17376,1200,,17430,,0,53,53,55,55,38,38,42,42,48,48,53,53,146,146,715,715,891,891,804,804,768,768,707,707,638,638,676,676,679,679,669,669,696,696,738,738,671,671,411,411,264,264,178,178,130,130,66,66,,,,,,,,,,,,,,,,,,,,,,,,,,,,,,,,,,,,,,,,,,,,,,,,
17377,3500,17481,17216,,0,34,34,35,35,24,24,26,26,31,31,34,34,93,93,1024,1024,1168,1168,1154,1154,1117,1117,1034,1034,948,948,1003,1003,958,958,1015,1015,1030,1030,1075,1075,972,972,262,262,168,168,114,114,82,82,42,42,,,,,,,,,,,,,,,,,,,,,,,,,,,,,,,,,,,,,,,,,,,,,,,,
17378,2500,17601,17113,,0,67,67,70,70,49,49,53,53,62,62,67,67,186,186,910,910,1134,1134,1023,1023,977,977,900,900,812,812,861,861,864,864,851,851,886,886,939,939,854,854,524,524,336,336,227,227,165,165,84,84,,,,,,,,,,,,,,,,,,,,,,,,,,,,,,,,,,,,,,,,,,,,,,,,
17379,800,17616,17107,,0,0,0,0,0,0,0,0,0,0,0,0,0,1,1,4,4,5,5,5,5,4,4,4,4,4,4,4,4,4,4,4,4,4,4,4,4,4,4,2,2,1,1,1,1,1,1,0,0,,,,,,,,,,,,,,,,,,,,,,,,,,,,,,,,,,,,,,,,,,,,,,,,
17380,3000,17483,,,0,34,34,35,35,24,24,26,26,31,31,34,34,93,93,1024,1024,1168,1168,1154,1154,1117,1117,1034,1034,948,948,1003,1003,958,958,1015,1015,1030,1030,1075,1075,972,972,262,262,168,168,114,114,82,82,42,42,,,,,,,,,,,,,,,,,,,,,,,,,,,,,,,,,,,,,,,,,,,,,,,,
17381,3000,17390,17382,,0,59,59,60,60,42,42,45,45,53,53,58,58,161,161,1054,1054,1231,1231,1131,1131,1110,1110,1010,1010,957,957,939,939,1003,1003,1000,1000,1010,1010,1084,1084,1034,1034,528,528,329,329,215,215,157,157,85,85,,,,,,,,,,,,,,,,,,,,,,,,,,,,,,,,,,,,,,,,,,,,,,,,
17382,2500,14329,17381,17384,1,59,59,60,60,42,42,45,45,53,53,58,58,161,161,1054,1054,1231,1231,1131,1131,1110,1110,1010,1010,957,957,939,939,1003,1003,1000,1000,1010,1010,1084,1084,1034,1034,528,528,329,329,215,215,157,157,85,85,,,,,,,,,,,,,,,,,,,,,,,,,,,,,,,,,,,,,,,,,,,,,,,,
17383,1600,17385,14331,,0,0,0,0,0,0,0,0,0,0,0,0,0,1,1,7,7,8,8,8,8,8,8,7,7,7,7,7,7,7,7,7,7,7,7,7,7,7,7,3,3,2,2,1,1,1,1,0,0,,,,,,,,,,,,,,,,,,,,,,,,,,,,,,,,,,,,,,,,,,,,,,,,
17384,300,,17382,17385,1,0,0,0,0,0,0,0,0,0,0,0,0,1,1,3,3,4,4,4,4,3,3,3,3,3,3,3,3,3,3,3,3,3,3,3,3,3,3,2,2,1,1,1,1,1,1,0,0,,,,,,,,,,,,,,,,,,,,,,,,,,,,,,,,,,,,,,,,,,,,,,,,
17385,300,14191,17384,17383,1,0,0,0,0,0,0,0,0,0,0,0,0,1,1,3,3,4,4,4,4,3,3,3,3,3,3,3,3,3,3,3,3,3,3,3,3,3,3,2,2,1,1,1,1,1,1,0,0,,,,,,,,,,,,,,,,,,,,,,,,,,,,,,,,,,,,,,,,,,,,,,,,
17386,300,17341,14242,17387,1,0,0,0,0,0,0,0,0,0,0,0,0,0,0,2,2,2,2,2,2,2,2,2,2,2,2,2,2,2,2,2,2,2,2,2,2,2,2,1,1,1,1,0,0,0,0,0,0,,,,,,,,,,,,,,,,,,,,,,,,,,,,,,,,,,,,,,,,,,,,,,,,
17387,1200,17388,17386,,0,0,0,0,0,0,0,0,0,0,0,0,0,0,0,3,3,3,3,3,3,3,3,2,2,2,2,2,2,2,2,2,2,2,2,3,3,2,2,1,1,1,1,1,1,0,0,0,0,,,,,,,,,,,,,,,,,,,,,,,,,,,,,,,,,,,,,,,,,,,,,,,,
17388,800,17358,17387,,0,0,0,0,0,0,0,0,0,0,0,0,0,1,1,3,3,4,4,4,4,4,4,3,3,3,3,3,3,3,3,3,3,3,3,3,3,3,3,2,2,1,1,1,1,1,1,0,0,,,,,,,,,,,,,,,,,,,,,,,,,,,,,,,,,,,,,,,,,,,,,,,,
17389,1200,17390,17353,,0,0,0,0,0,0,0,0,0,0,0,0,0,0,0,3,3,3,3,3,3,3,3,3,3,2,2,2,2,2,2,2,2,2,2,3,3,3,3,1,1,1,1,1,1,0,0,0,0,,,,,,,,,,,,,,,,,,,,,,,,,,,,,,,,,,,,,,,,,,,,,,,,
17390,300,17389,17341,17381,1,0,0,0,0,0,0,0,0,0,0,0,0,0,0,2,2,3,3,3,3,3,3,2,2,2,2,2,2,2,2,2,2,2,2,3,3,2,2,1,1,1,1,1,1,0,0,0,0,,,,,,,,,,,,,,,,,,,,,,,,,,,,,,,,,,,,,,,,,,,,,,,,
17391,1200,17337,17392,,0,0,0,0,0,0,0,0,0,0,0,0,0,0,0,3,3,3,3,3,3,3,3,3,3,3,3,3,3,3,3,3,3,3,3,3,3,3,3,2,2,1,1,1,1,0,0,0,0,,,,,,,,,,,,,,,,,,,,,,,,,,,,,,,,,,,,,,,,,,,,,,,,
17392,1200,17338,17391,17348,1,0,0,0,0,0,0,0,0,0,0,0,0,1,1,3,3,4,4,3,3,3,3,3,3,3,3,3,3,3,3,3,3,3,3,3,3,3,3,2,2,1,1,1,1,0,0,0,0,,,,,,,,,,,,,,,,,,,,,,,,,,,,,,,,,,,,,,,,,,,,,,,,
17393,1200,17394,17337,,0,0,0,0,0,0,0,0,0,0,0,0,0,0,0,2,2,2,2,2,2,2,2,2,2,1,1,1,1,2,2,2,2,2,2,2,2,2,2,1,1,1,1,0,0,0,0,0,0,,,,,,,,,,,,,,,,,,,,,,,,,,,,,,,,,,,,,,,,,,,,,,,,
17394,1200,17332,17393,17415,1,0,0,0,0,0,0,0,0,0,0,0,0,0,0,1,1,1,1,1,1,1,1,1,1,1,1,1,1,1,1,1,1,1,1,1,1,1,1,0,0,0,0,0,0,0,0,0,0,,,,,,,,,,,,,,,,,,,,,,,,,,,,,,,,,,,,,,,,,,,,,,,,
17395,1200,14331,17396,,0,0,0,0,0,0,0,0,0,0,0,0,0,0,0,2,2,2,2,2,2,2,2,2,2,2,2,2,2,2,2,2,2,2,2,2,2,2,2,1,1,1,1,0,0,0,0,0,0,,,,,,,,,,,,,,,,,,,,,,,,,,,,,,,,,,,,,,,,,,,,,,,,
17396,1200,17338,17395,17312,1,0,0,0,0,0,0,0,0,0,0,0,0,0,0,2,2,2,2,2,2,2,2,1,1,1,1,1,1,1,1,1,1,1,1,2,2,1,1,1,1,1,1,0,0,0,0,0,0,,,,,,,,,,,,,,,,,,,,,,,,,,,,,,,,,,,,,,,,,,,,,,,,
17397,1200,14169,17400,,0,0,0,0,0,0,0,0,0,0,0,0,0,0,0,894,894,944,944,1009,1009,988,988,917,917,851,851,900,900,826,826,926,926,922,922,952,952,857,857,0,0,0,0,0,0,0,0,0,0,,,,,,,,,,,,,,,,,,,,,,,,,,,,,,,,,,,,,,,,,,,,,,,,
17398,1200,17272,17296,17399,1,0,0,0,0,0,0,0,0,0,0,0,0,1,1,3,3,4,4,3,3,3,3,3,3,3,3,3,3,3,3,3,3,3,3,3,3,3,3,2,2,1,1,1,1,0,0,0,0,,,,,,,,,,,,,,,,,,,,,,,,,,,,,,,,,,,,,,,,,,,,,,,,
17399,400,17398,17400,,0,0,0,0,0,0,0,0,0,0,0,0,0,1,1,3,3,4,4,4,4,4,4,3,3,3,3,3,3,3,3,3,3,3,3,4,4,3,3,2,2,1,1,1,1,1,1,0,0,,,,,,,,,,,,,,,,,,,,,,,,,,,,,,,,,,,,,,,,,,,,,,,,
174,4400,176,171,17719,1,0,0,0,0,0,0,0,0,0,0,0,0,0,0,1138,1138,1201,1201,1284,1284,1257,1257,1168,1168,1084,1084,1145,1145,1051,1051,1179,1179,1173,1173,1211,1211,1091,1091,0,0,0,0,0,0,0,0,0,0,,,,,,,,,,,,,,,,,,,,,,,,,,,,,,,,,,,,,,,,,,,,,,,,
17400,2000,17484,17397,17399,1,59,59,60,60,42,42,45,45,53,53,58,58,161,161,1054,1054,1231,1231,1131,1131,1110,1110,1010,1010,957,957,939,939,1003,1003,1000,1000,1010,1010,1084,1084,1034,1034,528,528,329,329,215,215,157,157,85,85,,,,,,,,,,,,,,,,,,,,,,,,,,,,,,,,,,,,,,,,,,,,,,,,
17401,1200,17402,17305,,0,0,0,0,0,0,0,0,0,0,0,0,0,0,0,3,3,3,3,3,3,3,3,3,3,3,3,3,3,3,3,3,3,3,3,3,3,3,3,2,2,1,1,1,1,0,0,0,0,,,,,,,,,,,,,,,,,,,,,,,,,,,,,,,,,,,,,,,,,,,,,,,,
17402,1200,17292,17419,17401,1,0,0,0,0,0,0,0,0,0,0,0,0,0,0,2,2,3,3,2,2,2,2,2,2,2,2,2,2,2,2,2,2,2,2,2,2,2,2,1,1,1,1,0,0,0,0,0,0,,,,,,,,,,,,,,,,,,,,,,,,,,,,,,,,,,,,,,,,,,,,,,,,
17403,1600,17404,17337,,0,0,0,0,0,0,0,0,0,0,0,0,0,0,0,2,2,3,3,2,2,2,2,2,2,2,2,2,2,2,2,2,2,2,2,2,2,2,2,1,1,1,1,0,0,0,0,0,0,,,,,,,,,,,,,,,,,,,,,,,,,,,,,,,,,,,,,,,,,,,,,,,,
17404,1600,17368,17403,17354,1,0,0,0,0,0,0,0,0,0,0,0,0,0,0,2,2,3,3,3,3,3,3,2,2,2,2,2,2,2,2,2,2,2,2,3,3,2,2,1,1,1,1,1,1,0,0,0,0,,,,,,,,,,,,,,,,,,,,,,,,,,,,,,,,,,,,,,,,,,,,,,,,
17405,3000,17406,17357,,0,59,59,60,60,42,42,45,45,53,53,58,58,161,161,1054,1054,1231,1231,1131,1131,1110,1110,1010,1010,957,957,939,939,1003,1003,1000,1000,1010,1010,1084,1084,1034,1034,528,528,329,329,215,215,157,157,85,85,,,,,,,,,,,,,,,,,,,,,,,,,,,,,,,,,,,,,,,,,,,,,,,,
17406,800,17350,17405,17361,1,0,0,0,0,0,0,0,0,0,0,0,0,1,1,3,3,4,4,3,3,3,3,3,3,3,3,3,3,3,3,3,3,3,3,3,3,3,3,2,2,1,1,1,1,1,1,0,0,,,,,,,,,,,,,,,,,,,,,,,,,,,,,,,,,,,,,,,,,,,,,,,,
17407,2000,17408,17307,,0,67,67,70,70,49,49,53,53,62,62,67,67,186,186,910,910,1134,1134,1023,1023,977,977,900,900,812,812,861,861,864,864,851,851,886,886,939,939,854,854,524,524,336,336,227,227,165,165,84,84,,,,,,,,,,,,,,,,,,,,,,,,,,,,,,,,,,,,,,,,,,,,,,,,
17408,2000,17409,17343,17407,1,59,59,60,60,42,42,45,45,53,53,58,58,161,161,1054,1054,1231,1231,1131,1131,1110,1110,1010,1010,957,957,939,939,1003,1003,1000,1000,1010,1010,1084,1084,1034,1034,528,528,329,329,215,215,157,157,85,85,,,,,,,,,,,,,,,,,,,,,,,,,,,,,,,,,,,,,,,,,,,,,,,,
17409,1500,17410,17408,,0,59,59,60,60,42,42,45,45,53,53,58,58,161,161,1054,1054,1231,1231,1131,1131,1110,1110,1010,1010,957,957,939,939,1003,1003,1000,1000,1010,1010,1084,1084,1034,1034,528,528,329,329,215,215,157,157,85,85,,,,,,,,,,,,,,,,,,,,,,,,,,,,,,,,,,,,,,,,,,,,,,,,
17410,1500,17329,17409,17350,1,59,59,60,60,42,42,45,45,53,53,58,58,161,161,1054,1054,1231,1231,1131,1131,1110,1110,1010,1010,957,957,939,939,1003,1003,1000,1000,1010,1010,1084,1084,1034,1034,528,528,329,329,215,215,157,157,85,85,,,,,,,,,,,,,,,,,,,,,,,,,,,,,,,,,,,,,,,,,,,,,,,,
17411,1600,17412,17319,,0,0,0,0,0,0,0,0,0,0,0,0,0,0,0,3,3,3,3,3,3,3,3,3,3,2,2,2,2,2,2,2,2,3,3,3,3,3,3,1,1,1,1,1,1,0,0,0,0,,,,,,,,,,,,,,,,,,,,,,,,,,,,,,,,,,,,,,,,,,,,,,,,
17412,2000,17316,17411,17310,1,59,59,60,60,42,42,45,45,53,53,58,58,161,161,1054,1054,1231,1231,1131,1131,1110,1110,1010,1010,957,957,939,939,1003,1003,1000,1000,1010,1010,1084,1084,1034,1034,528,528,329,329,215,215,157,157,85,85,,,,,,,,,,,,,,,,,,,,,,,,,,,,,,,,,,,,,,,,,,,,,,,,
17413,1600,17337,17414,,0,0,0,0,0,0,0,0,0,0,0,0,0,0,0,2,2,2,2,2,2,2,2,2,2,2,2,2,2,2,2,2,2,2,2,2,2,2,2,1,1,1,1,0,0,0,0,0,0,,,,,,,,,,,,,,,,,,,,,,,,,,,,,,,,,,,,,,,,,,,,,,,,
17414,1600,17413,17335,17325,1,0,0,0,0,0,0,0,0,0,0,0,0,0,0,1,1,1,1,1,1,1,1,1,1,1,1,1,1,1,1,1,1,1,1,1,1,1,1,1,1,0,0,0,0,0,0,0,0,,,,,,,,,,,,,,,,,,,,,,,,,,,,,,,,,,,,,,,,,,,,,,,,
17415,1200,17416,17394,,0,0,0,0,0,0,0,0,0,0,0,0,0,0,0,1,1,1,1,1,1,1,1,1,1,1,1,1,1,1,1,1,1,1,1,1,1,1,1,0,0,0,0,0,0,0,0,0,0,,,,,,,,,,,,,,,,,,,,,,,,,,,,,,,,,,,,,,,,,,,,,,,,
17416,1200,17415,17320,17325,1,0,0,0,0,0,0,0,0,0,0,0,0,0,0,1,1,1,1,1,1,1,1,1,1,1,1,1,1,1,1,1,1,1,1,1,1,1,1,0,0,0,0,0,0,0,0,0,0,,,,,,,,,,,,,,,,,,,,,,,,,,,,,,,,,,,,,,,,,,,,,,,,
17417,800,17422,17418,,0,0,0,0,0,0,0,0,0,0,0,0,0,0,0,1,1,1,1,1,1,1,1,1,1,1,1,1,1,1,1,1,1,1,1,1,1,1,1,1,1,0,0,0,0,0,0,0,0,,,,,,,,,,,,,,,,,,,,,,,,,,,,,,,,,,,,,,,,,,,,,,,,
17418,1600,17417,17314,17320,1,0,0,0,0,0,0,0,0,0,0,0,0,0,0,2,2,3,3,3,3,2,2,2,2,2,2,2,2,2,2,2,2,2,2,2,2,2,2,1,1,1,1,1,1,0,0,0,0,,,,,,,,,,,,,,,,,,,,,,,,,,,,,,,,,,,,,,,,,,,,,,,,
17419,1600,17402,17420,,0,0,0,0,0,0,0,0,0,0,0,0,0,0,0,1,1,1,1,1,1,1,1,1,1,1,1,1,1,1,1,1,1,1,1,1,1,1,1,0,0,0,0,0,0,0,0,0,0,,,,,,,,,,,,,,,,,,,,,,,,,,,,,,,,,,,,,,,,,,,,,,,,
17420,1600,17421,17419,17490,1,0,0,0,0,0,0,0,0,0,0,0,0,0,0,1,1,1,1,1,1,1,1,1,1,1,1,1,1,1,1,1,1,1,1,1,1,1,1,0,0,0,0,0,0,0,0,0,0,,,,,,,,,,,,,,,,,,,,,,,,,,,,,,,,,,,,,,,,,,,,,,,,
17421,1600,17422,17420,,0,0,0,0,0,0,0,0,0,0,0,0,0,0,0,1,1,1,1,1,1,1,1,1,1,1,1,1,1,1,1,1,1,1,1,1,1,1,1,0,0,0,0,0,0,0,0,0,0,,,,,,,,,,,,,,,,,,,,,,,,,,,,,,,,,,,,,,,,,,,,,,,,
17422,1600,17299,17421,17417,1,0,0,0,0,0,0,0,0,0,0,0,0,0,0,1,1,1,1,1,1,1,1,1,1,1,1,1,1,1,1,1,1,1,1,1,1,1,1,1,1,0,0,0,0,0,0,0,0,,,,,,,,,,,,,,,,,,,,,,,,,,,,,,,,,,,,,,,,,,,,,,,,
17423,1200,17307,17424,,0,0,0,0,0,0,0,0,0,0,0,0,0,0,0,2,2,3,3,3,3,3,3,2,2,2,2,2,2,2,2,2,2,2,2,3,3,2,2,1,1,1,1,1,1,0,0,0,0,,,,,,,,,,,,,,,,,,,,,,,,,,,,,,,,,,,,,,,,,,,,,,,,
17424,300,17423,17287,17300,1,0,0,0,0,0,0,0,0,0,0,0,0,0,0,2,2,2,2,2,2,2,2,2,2,2,2,2,2,2,2,2,2,2,2,2,2,2,2,1,1,1,1,0,0,0,0,0,0,,,,,,,,,,,,,,,,,,,,,,,,,,,,,,,,,,,,,,,,,,,,,,,,
17425,1600,17426,17253,,0,0,0,0,0,0,0,0,0,0,0,0,0,0,0,2,2,3,3,2,2,2,2,2,2,2,2,2,2,2,2,2,2,2,2,2,2,2,2,1,1,1,1,0,0,0,0,0,0,,,,,,,,,,,,,,,,,,,,,,,,,,,,,,,,,,,,,,,,,,,,,,,,
17426,800,17270,17425,17289,1,0,0,0,0,0,0,0,0,0,0,0,0,0,0,1,1,2,2,1,1,1,1,1,1,1,1,1,1,1,1,1,1,1,1,1,1,1,1,1,1,0,0,0,0,0,0,0,0,,,,,,,,,,,,,,,,,,,,,,,,,,,,,,,,,,,,,,,,,,,,,,,,
17427,4400,17290,17428,,0,59,59,60,60,42,42,45,45,53,53,58,58,161,161,1054,1054,1231,1231,1131,1131,1110,1110,1010,1010,957,957,939,939,1003,1003,1000,1000,1010,1010,1084,1084,1034,1034,528,528,329,329,215,215,157,157,85,85,,,,,,,,,,,,,,,,,,,,,,,,,,,,,,,,,,,,,,,,,,,,,,,,
17428,1200,17270,17427,17520,1,0,0,0,0,0,0,0,0,0,0,0,0,1,1,3,3,4,4,4,4,3,3,3,3,3,3,3,3,3,3,3,3,3,3,3,3,3,3,2,2,1,1,1,1,1,1,0,0,,,,,,,,,,,,,,,,,,,,,,,,,,,,,,,,,,,,,,,,,,,,,,,,
17429,1600,17430,17342,,0,0,0,0,0,0,0,0,0,0,0,0,0,1,1,3,3,4,4,3,3,3,3,3,3,3,3,3,3,3,3,3,3,3,3,3,3,3,3,2,2,1,1,1,1,0,0,0,0,,,,,,,,,,,,,,,,,,,,,,,,,,,,,,,,,,,,,,,,,,,,,,,,
17430,1200,17356,17376,17429,1,0,0,0,0,0,0,0,0,0,0,0,0,0,0,2,2,3,3,3,3,3,3,2,2,2,2,2,2,2,2,2,2,2,2,2,2,2,2,1,1,1,1,1,1,0,0,0,0,,,,,,,,,,,,,,,,,,,,,,,,,,,,,,,,,,,,,,,,,,,,,,,,
17431,1200,17432,17365,,0,0,0,0,0,0,0,0,0,0,0,0,0,0,0,2,2,3,3,3,3,2,2,2,2,2,2,2,2,2,2,2,2,2,2,2,2,2,2,1,1,1,1,1,1,0,0,0,0,,,,,,,,,,,,,,,,,,,,,,,,,,,,,,,,,,,,,,,,,,,,,,,,
17432,1600,17431,17433,17344,1,0,0,0,0,0,0,0,0,0,0,0,0,0,0,1,1,2,2,2,2,2,2,1,1,1,1,1,1,1,1,1,1,1,1,2,2,1,1,1,1,0,0,0,0,0,0,0,0,,,,,,,,,,,,,,,,,,,,,,,,,,,,,,,,,,,,,,,,,,,,,,,,
17433,1200,17434,17432,,0,0,0,0,0,0,0,0,0,0,0,0,0,0,0,3,3,3,3,3,3,3,3,3,3,2,2,2,2,3,3,3,3,3,3,3,3,3,3,1,1,1,1,1,1,0,0,0,0,,,,,,,,,,,,,,,,,,,,,,,,,,,,,,,,,,,,,,,,,,,,,,,,
17434,2000,17359,17331,17433,1,59,59,60,60,42,42,45,45,53,53,58,58,161,161,1054,1054,1231,1231,1131,1131,1110,1110,1010,1010,957,957,939,939,1003,1003,1000,1000,1010,1010,1084,1084,1034,1034,528,528,329,329,215,215,157,157,85,85,,,,,,,,,,,,,,,,,,,,,,,,,,,,,,,,,,,,,,,,,,,,,,,,
17435,1600,17437,17438,17344,1,0,0,0,0,0,0,0,0,0,0,0,0,0,0,3,3,3,3,3,3,3,3,3,3,3,3,3,3,3,3,3,3,3,3,3,3,3,3,1,1,1,1,0,0,0,0,0,0,,,,,,,,,,,,,,,,,,,,,,,,,,,,,,,,,,,,,,,,,,,,,,,,
17436,1600,17438,17340,17331,1,0,0,0,0,0,0,0,0,0,0,0,0,1,1,4,4,4,4,4,4,4,4,3,3,3,3,3,3,3,3,3,3,3,3,4,4,3,3,2,2,1,1,1,1,1,1,0,0,,,,,,,,,,,,,,,,,,,,,,,,,,,,,,,,,,,,,,,,,,,,,,,,
17437,1200,17440,17435,,0,0,0,0,0,0,0,0,0,0,0,0,0,1,1,5,5,6,6,6,6,6,6,5,5,5,5,5,5,5,5,5,5,5,5,6,6,5,5,2,2,1,1,1,1,1,1,0,0,,,,,,,,,,,,,,,,,,,,,,,,,,,,,,,,,,,,,,,,,,,,,,,,
17438,800,17436,17435,,0,0,0,0,0,0,0,0,0,0,0,0,0,1,1,4,4,4,4,4,4,4,4,3,3,3,3,3,3,3,3,3,3,3,3,4,4,3,3,2,2,1,1,1,1,1,1,0,0,,,,,,,,,,,,,,,,,,,,,,,,,,,,,,,,,,,,,,,,,,,,,,,,
17439,2000,17440,17365,,0,59,59,60,60,42,42,45,45,53,53,58,58,161,161,1054,1054,1231,1231,1131,1131,1110,1110,1010,1010,957,957,939,939,1003,1003,1000,1000,1010,1010,1084,1084,1034,1034,528,528,329,329,215,215,157,157,85,85,,,,,,,,,,,,,,,,,,,,,,,,,,,,,,,,,,,,,,,,,,,,,,,,
17440,1500,17449,17439,17437,1,34,34,35,35,24,24,26,26,31,31,34,34,93,93,1024,1024,1168,1168,1154,1154,1117,1117,1034,1034,948,948,1003,1003,958,958,1015,1015,1030,1030,1075,1075,972,972,262,262,168,168,114,114,82,82,42,42,,,,,,,,,,,,,,,,,,,,,,,,,,,,,,,,,,,,,,,,,,,,,,,,
17441,4400,17322,17442,,0,59,59,60,60,42,42,45,45,53,53,58,58,161,161,1054,1054,1231,1231,1131,1131,1110,1110,1010,1010,957,957,939,939,1003,1003,1000,1000,1010,1010,1084,1084,1034,1034,528,528,329,329,215,215,157,157,85,85,,,,,,,,,,,,,,,,,,,,,,,,,,,,,,,,,,,,,,,,,,,,,,,,
17442,2500,17443,17306,17441,1,59,59,60,60,42,42,45,45,53,53,58,58,161,161,1054,1054,1231,1231,1131,1131,1110,1110,1010,1010,957,957,939,939,1003,1003,1000,1000,1010,1010,1084,1084,1034,1034,528,528,329,329,215,215,157,157,85,85,,,,,,,,,,,,,,,,,,,,,,,,,,,,,,,,,,,,,,,,,,,,,,,,
17443,1500,17442,17444,,0,59,59,60,60,42,42,45,45,53,53,58,58,161,161,1054,1054,1231,1231,1131,1131,1110,1110,1010,1010,957,957,939,939,1003,1003,1000,1000,1010,1010,1084,1084,1034,1034,528,528,329,329,215,215,157,157,85,85,,,,,,,,,,,,,,,,,,,,,,,,,,,,,,,,,,,,,,,,,,,,,,,,
17444,3000,17340,17443,17317,1,59,59,60,60,42,42,45,45,53,53,58,58,161,161,1054,1054,1231,1231,1131,1131,1110,1110,1010,1010,957,957,939,939,1003,1003,1000,1000,1010,1010,1084,1084,1034,1034,528,528,329,329,215,215,157,157,85,85,,,,,,,,,,,,,,,,,,,,,,,,,,,,,,,,,,,,,,,,,,,,,,,,
17445,1600,17446,17367,,0,0,0,0,0,0,0,0,0,0,0,0,0,0,0,1,1,1,1,1,1,1,1,1,1,1,1,1,1,1,1,1,1,1,1,1,1,1,1,0,0,0,0,0,0,0,0,0,0,,,,,,,,,,,,,,,,,,,,,,,,,,,,,,,,,,,,,,,,,,,,,,,,
17446,800,17445,17447,,0,0,0,0,0,0,0,0,0,0,0,0,0,0,0,2,2,2,2,2,2,2,2,2,2,1,1,1,1,2,2,2,2,2,2,2,2,2,2,1,1,0,0,0,0,0,0,0,0,,,,,,,,,,,,,,,,,,,,,,,,,,,,,,,,,,,,,,,,,,,,,,,,
17447,1200,17446,17372,17349,1,0,0,0,0,0,0,0,0,0,0,0,0,0,0,3,3,3,3,3,3,3,3,3,3,2,2,2,2,2,2,3,3,3,3,3,3,3,3,1,1,1,1,0,0,0,0,0,0,,,,,,,,,,,,,,,,,,,,,,,,,,,,,,,,,,,,,,,,,,,,,,,,
17448,1600,17452,17451,17372,1,0,0,0,0,0,0,0,0,0,0,0,0,1,1,5,5,5,5,5,5,5,5,5,5,4,4,4,4,5,5,5,5,5,5,5,5,5,5,2,2,1,1,1,1,1,1,0,0,,,,,,,,,,,,,,,,,,,,,,,,,,,,,,,,,,,,,,,,,,,,,,,,
17449,1200,17440,17450,,0,0,0,0,0,0,0,0,0,0,0,0,0,0,0,5,5,5,5,5,5,5,5,4,4,4,4,4,4,4,4,4,4,4,4,5,5,5,5,2,2,1,1,1,1,0,0,0,0,,,,,,,,,,,,,,,,,,,,,,,,,,,,,,,,,,,,,,,,,,,,,,,,
17450,400,17334,17451,17449,1,0,0,0,0,0,0,0,0,0,0,0,0,0,0,3,3,4,4,3,3,3,3,3,3,3,3,3,3,3,3,3,3,3,3,3,3,3,3,1,1,1,1,0,0,0,0,0,0,,,,,,,,,,,,,,,,,,,,,,,,,,,,,,,,,,,,,,,,,,,,,,,,
17451,1200,17448,17450,,0,0,0,0,0,0,0,0,0,0,0,0,0,0,0,4,4,4,4,4,4,4,4,4,4,3,3,3,3,3,3,4,4,4,4,4,4,4,4,1,1,1,1,1,1,0,0,0,0,,,,,,,,,,,,,,,,,,,,,,,,,,,,,,,,,,,,,,,,,,,,,,,,
17452,1200,17453,17448,,0,0,0,0,0,0,0,0,0,0,0,0,0,1,1,6,6,7,7,6,6,6,6,6,6,6,6,5,5,6,6,6,6,6,6,6,6,6,6,2,2,1,1,1,1,1,1,0,0,,,,,,,,,,,,,,,,,,,,,,,,,,,,,,,,,,,,,,,,,,,,,,,,
17453,2000,17362,17452,17454,1,34,34,35,35,24,24,26,26,31,31,34,34,93,93,1024,1024,1168,1168,1154,1154,1117,1117,1034,1034,948,948,1003,1003,958,958,1015,1015,1030,1030,1075,1075,972,972,262,262,168,168,114,114,82,82,42,42,,,,,,,,,,,,,,,,,,,,,,,,,,,,,,,,,,,,,,,,,,,,,,,,
17454,800,17455,17453,,0,0,0,0,0,0,0,0,0,0,0,0,0,1,1,5,5,6,6,6,6,6,6,5,5,5,5,5,5,5,5,5,5,5,5,5,5,5,5,2,2,1,1,1,1,1,1,0,0,,,,,,,,,,,,,,,,,,,,,,,,,,,,,,,,,,,,,,,,,,,,,,,,
17455,1200,17454,17456,17321,1,0,0,0,0,0,0,0,0,0,0,0,0,0,0,4,4,4,4,4,4,4,4,3,3,3,3,3,3,3,3,3,3,3,3,4,4,3,3,1,1,1,1,1,1,0,0,0,0,,,,,,,,,,,,,,,,,,,,,,,,,,,,,,,,,,,,,,,,,,,,,,,,
17456,800,17455,17457,,0,0,0,0,0,0,0,0,0,0,0,0,0,0,0,3,3,4,4,4,4,4,4,3,3,3,3,3,3,3,3,3,3,3,3,3,3,3,3,1,1,1,1,0,0,0,0,0,0,,,,,,,,,,,,,,,,,,,,,,,,,,,,,,,,,,,,,,,,,,,,,,,,
17457,1200,17456,17328,17309,1,0,0,0,0,0,0,0,0,0,0,0,0,1,1,5,5,6,6,5,5,5,5,5,5,5,5,5,5,5,5,5,5,5,5,5,5,5,5,2,2,1,1,1,1,1,1,0,0,,,,,,,,,,,,,,,,,,,,,,,,,,,,,,,,,,,,,,,,,,,,,,,,
17458,2500,17461,17460,17321,1,34,34,35,35,24,24,26,26,31,31,34,34,93,93,1024,1024,1168,1168,1154,1154,1117,1117,1034,1034,948,948,1003,1003,958,958,1015,1015,1030,1030,1075,1075,972,972,262,262,168,168,114,114,82,82,42,42,,,,,,,,,,,,,,,,,,,,,,,,,,,,,,,,,,,,,,,,,,,,,,,,
17459,1600,17313,17461,17309,1,0,0,0,0,0,0,0,0,0,0,0,0,1,1,5,5,6,6,5,5,5,5,5,5,5,5,4,4,5,5,5,5,5,5,5,5,5,5,2,2,1,1,1,1,1,1,0,0,,,,,,,,,,,,,,,,,,,,,,,,,,,,,,,,,,,,,,,,,,,,,,,,
17460,1200,17458,17318,,0,0,0,0,0,0,0,0,0,0,0,0,0,1,1,5,5,6,6,6,6,6,6,5,5,5,5,5,5,5,5,5,5,5,5,6,6,5,5,2,2,1,1,1,1,1,1,0,0,,,,,,,,,,,,,,,,,,,,,,,,,,,,,,,,,,,,,,,,,,,,,,,,
17461,1200,17459,17458,,0,0,0,0,0,0,0,0,0,0,0,0,0,0,0,5,5,5,5,5,5,5,5,4,4,4,4,4,4,4,4,4,4,4,4,5,5,4,4,2,2,1,1,1,1,0,0,0,0,,,,,,,,,,,,,,,,,,,,,,,,,,,,,,,,,,,,,,,,,,,,,,,,
17462,1200,17463,17366,,0,0,0,0,0,0,0,0,0,0,0,0,0,0,0,3,3,4,4,4,4,4,4,3,3,3,3,3,3,3,3,3,3,3,3,3,3,3,3,1,1,1,1,0,0,0,0,0,0,,,,,,,,,,,,,,,,,,,,,,,,,,,,,,,,,,,,,,,,,,,,,,,,
17463,1200,17367,17462,17360;17345,2,0,0,0,0,0,0,0,0,0,0,0,0,0,0,3,3,3,3,3,3,3,3,2,2,2,2,2,2,2,2,2,2,2,2,3,3,2,2,1,1,1,1,0,0,0,0,0,0,,,,,,,,,,,,,,,,,,,,,,,,,,,,,,,,,,,,,,,,,,,,,,,,
17464,1600,17465,17318,,0,0,0,0,0,0,0,0,0,0,0,0,0,1,1,5,5,6,6,5,5,5,5,5,5,5,5,5,5,5,5,5,5,5,5,5,5,5,5,2,2,1,1,1,1,1,1,0,0,,,,,,,,,,,,,,,,,,,,,,,,,,,,,,,,,,,,,,,,,,,,,,,,
17465,2000,17360,17464,17349,1,34,34,35,35,24,24,26,26,31,31,34,34,93,93,1024,1024,1168,1168,1154,1154,1117,1117,1034,1034,948,948,1003,1003,958,958,1015,1015,1030,1030,1075,1075,972,972,262,262,168,168,114,114,82,82,42,42,,,,,,,,,,,,,,,,,,,,,,,,,,,,,,,,,,,,,,,,,,,,,,,,
17466,2000,17467,17308,,0,34,34,35,35,24,24,26,26,31,31,34,34,93,93,1024,1024,1168,1168,1154,1154,1117,1117,1034,1034,948,948,1003,1003,958,958,1015,1015,1030,1030,1075,1075,972,972,262,262,168,168,114,114,82,82,42,42,,,,,,,,,,,,,,,,,,,,,,,,,,,,,,,,,,,,,,,,,,,,,,,,
17467,1600,17323,17466,17346,1,0,0,0,0,0,0,0,0,0,0,0,0,1,1,5,5,6,6,6,6,6,6,5,5,5,5,5,5,5,5,5,5,5,5,5,5,5,5,2,2,1,1,1,1,1,1,0,0,,,,,,,,,,,,,,,,,,,,,,,,,,,,,,,,,,,,,,,,,,,,,,,,
17468,3000,17469,,,0,34,34,35,35,24,24,26,26,31,31,34,34,93,93,1024,1024,1168,1168,1154,1154,1117,1117,1034,1034,948,948,1003,1003,958,958,1015,1015,1030,1030,1075,1075,972,972,262,262,168,168,114,114,82,82,42,42,,,,,,,,,,,,,,,,,,,,,,,,,,,,,,,,,,,,,,,,,,,,,,,,
17469,3000,17347,17472,17468,1,34,34,35,35,24,24,26,26,31,31,34,34,93,93,1024,1024,1168,1168,1154,1154,1117,1117,1034,1034,948,948,1003,1003,958,958,1015,1015,1030,1030,1075,1075,972,972,262,262,168,168,114,114,82,82,42,42,,,,,,,,,,,,,,,,,,,,,,,,,,,,,,,,,,,,,,,,,,,,,,,,
17470,1200,17297,17471,,0,0,0,0,0,0,0,0,0,0,0,0,0,1,1,5,5,6,6,5,5,5,5,5,5,5,5,4,4,5,5,5,5,5,5,5,5,5,5,2,2,1,1,1,1,1,1,0,0,,,,,,,,,,,,,,,,,,,,,,,,,,,,,,,,,,,,,,,,,,,,,,,,
17471,800,17304,17470,17323,1,0,0,0,0,0,0,0,0,0,0,0,0,0,0,3,3,3,3,3,3,3,3,3,3,3,3,3,3,3,3,3,3,3,3,3,3,3,3,1,1,1,1,0,0,0,0,0,0,,,,,,,,,,,,,,,,,,,,,,,,,,,,,,,,,,,,,,,,,,,,,,,,
17472,3500,17469,17297,,0,34,34,35,35,24,24,26,26,31,31,34,34,93,93,1024,1024,1168,1168,1154,1154,1117,1117,1034,1034,948,948,1003,1003,958,958,1015,1015,1030,1030,1075,1075,972,972,262,262,168,168,114,114,82,82,42,42,,,,,,,,,,,,,,,,,,,,,,,,,,,,,,,,,,,,,,,,,,,,,,,,
17473,800,17475,17479,,0,0,0,0,0,0,0,0,0,0,0,0,0,0,0,3,3,3,3,3,3,3,3,3,3,2,2,2,2,3,3,3,3,3,3,3,3,3,3,1,1,1,1,0,0,0,0,0,0,,,,,,,,,,,,,,,,,,,,,,,,,,,,,,,,,,,,,,,,,,,,,,,,
17474,600,17297,17475,,0,0,0,0,0,0,0,0,0,0,0,0,0,1,1,5,5,5,5,5,5,5,5,5,5,4,4,4,4,5,5,5,5,5,5,5,5,5,5,2,2,1,1,1,1,1,1,0,0,,,,,,,,,,,,,,,,,,,,,,,,,,,,,,,,,,,,,,,,,,,,,,,,
17475,400,17293,17474,17473,1,0,0,0,0,0,0,0,0,0,0,0,0,0,0,4,4,4,4,4,4,4,4,3,3,3,3,3,3,3,3,3,3,3,3,4,4,4,4,1,1,1,1,1,1,0,0,0,0,,,,,,,,,,,,,,,,,,,,,,,,,,,,,,,,,,,,,,,,,,,,,,,,
17476,2500,17308,17477,,0,34,34,35,35,24,24,26,26,31,31,34,34,93,93,1024,1024,1168,1168,1154,1154,1117,1117,1034,1034,948,948,1003,1003,958,958,1015,1015,1030,1030,1075,1075,972,972,262,262,168,168,114,114,82,82,42,42,,,,,,,,,,,,,,,,,,,,,,,,,,,,,,,,,,,,,,,,,,,,,,,,
17477,800,17291,17476,17478,1,0,0,0,0,0,0,0,0,0,0,0,0,0,0,2,2,3,3,3,3,3,3,2,2,2,2,2,2,2,2,2,2,2,2,3,3,2,2,1,1,1,1,0,0,0,0,0,0,,,,,,,,,,,,,,,,,,,,,,,,,,,,,,,,,,,,,,,,,,,,,,,,
17478,1600,17477,17479,,0,0,0,0,0,0,0,0,0,0,0,0,0,0,0,2,2,2,2,2,2,2,2,2,2,1,1,1,1,1,1,2,2,2,2,2,2,2,2,1,1,0,0,0,0,0,0,0,0,,,,,,,,,,,,,,,,,,,,,,,,,,,,,,,,,,,,,,,,,,,,,,,,
17479,800,17478,17473,17481,1,0,0,0,0,0,0,0,0,0,0,0,0,0,0,2,2,2,2,2,2,2,2,2,2,2,2,2,2,2,2,2,2,2,2,2,2,2,2,1,1,1,1,0,0,0,0,0,0,,,,,,,,,,,,,,,,,,,,,,,,,,,,,,,,,,,,,,,,,,,,,,,,
17480,4400,17483,17481,,0,34,34,35,35,24,24,26,26,31,31,34,34,93,93,1024,1024,1168,1168,1154,1154,1117,1117,1034,1034,948,948,1003,1003,958,958,1015,1015,1030,1030,1075,1075,972,972,262,262,168,168,114,114,82,82,42,42,,,,,,,,,,,,,,,,,,,,,,,,,,,,,,,,,,,,,,,,,,,,,,,,
17481,3500,17377,17479,17480,1,34,34,35,35,24,24,26,26,31,31,34,34,93,93,1024,1024,1168,1168,1154,1154,1117,1117,1034,1034,948,948,1003,1003,958,958,1015,1015,1030,1030,1075,1075,972,972,262,262,168,168,114,114,82,82,42,42,,,,,,,,,,,,,,,,,,,,,,,,,,,,,,,,,,,,,,,,,,,,,,,,
17482,3500,17483,17297,,0,34,34,35,35,24,24,26,26,31,31,34,34,93,93,1024,1024,1168,1168,1154,1154,1117,1117,1034,1034,948,948,1003,1003,958,958,1015,1015,1030,1030,1075,1075,972,972,262,262,168,168,114,114,82,82,42,42,,,,,,,,,,,,,,,,,,,,,,,,,,,,,,,,,,,,,,,,,,,,,,,,
17483,1500,17482,17380,17480,1,34,34,35,35,24,24,26,26,31,31,34,34,93,93,1024,1024,1168,1168,1154,1154,1117,1117,1034,1034,948,948,1003,1003,958,958,1015,1015,1030,1030,1075,1075,972,972,262,262,168,168,114,114,82,82,42,42,,,,,,,,,,,,,,,,,,,,,,,,,,,,,,,,,,,,,,,,,,,,,,,,
17484,400,17485,17400,,0,0,0,0,0,0,0,0,0,0,0,0,0,1,1,3,3,4,4,4,4,4,4,3,3,3,3,3,3,3,3,3,3,3,3,4,4,3,3,2,2,1,1,1,1,1,1,0,0,,,,,,,,,,,,,,,,,,,,,,,,,,,,,,,,,,,,,,,,,,,,,,,,
17485,800,17292,17484,17486,1,0,0,0,0,0,0,0,0,0,0,0,0,1,1,3,3,4,4,3,3,3,3,3,3,3,3,3,3,3,3,3,3,3,3,3,3,3,3,2,2,1,1,1,1,1,1,0,0,,,,,,,,,,,,,,,,,,,,,,,,,,,,,,,,,,,,,,,,,,,,,,,,
17486,1200,17485,,17487,1,0,0,0,0,0,0,0,0,0,0,0,0,1,1,3,3,4,4,4,4,4,4,3,3,3,3,3,3,3,3,3,3,3,3,4,4,3,3,2,2,1,1,1,1,1,1,0,0,,,,,,,,,,,,,,,,,,,,,,,,,,,,,,,,,,,,,,,,,,,,,,,,
17487,1500,17266,17486,17281,1,59,59,60,60,42,42,45,45,53,53,58,58,161,161,1054,1054,1231,1231,1131,1131,1110,1110,1010,1010,957,957,939,939,1003,1003,1000,1000,1010,1010,1084,1084,1034,1034,528,528,329,329,215,215,157,157,85,85,,,,,,,,,,,,,,,,,,,,,,,,,,,,,,,,,,,,,,,,,,,,,,,,
17488,1500,17248,17489,,0,59,59,60,60,42,42,45,45,53,53,58,58,161,161,1054,1054,1231,1231,1131,1131,1110,1110,1010,1010,957,957,939,939,1003,1003,1000,1000,1010,1010,1084,1084,1034,1034,528,528,329,329,215,215,157,157,85,85,,,,,,,,,,,,,,,,,,,,,,,,,,,,,,,,,,,,,,,,,,,,,,,,
17489,1200,17269,17488,17255,1,0,0,0,0,0,0,0,0,0,0,0,0,1,1,3,3,4,4,3,3,3,3,3,3,3,3,3,3,3,3,3,3,3,3,3,3,3,3,2,2,1,1,1,1,0,0,0,0,,,,,,,,,,,,,,,,,,,,,,,,,,,,,,,,,,,,,,,,,,,,,,,,
17490,1200,17420,17491,,0,0,0,0,0,0,0,0,0,0,0,0,0,0,0,1,1,1,1,1,1,1,1,1,1,1,1,1,1,1,1,1,1,1,1,1,1,1,1,0,0,0,0,0,0,0,0,0,0,,,,,,,,,,,,,,,,,,,,,,,,,,,,,,,,,,,,,,,,,,,,,,,,
17491,800,17281,17490,17269,1,0,0,0,0,0,0,0,0,0,0,0,0,0,0,1,1,1,1,1,1,1,1,1,1,1,1,1,1,1,1,1,1,1,1,1,1,1,1,0,0,0,0,0,0,0,0,0,0,,,,,,,,,,,,,,,,,,,,,,,,,,,,,,,,,,,,,,,,,,,,,,,,
17492,1600,17495,17493,,0,0,0,0,0,0,0,0,0,0,0,0,0,0,0,2,2,2,2,2,2,2,2,2,2,2,2,2,2,2,2,2,2,2,2,2,2,2,2,1,1,1,1,0,0,0,0,0,0,,,,,,,,,,,,,,,,,,,,,,,,,,,,,,,,,,,,,,,,,,,,,,,,
17493,800,17255,17492,17266,1,0,0,0,0,0,0,0,0,0,0,0,0,0,0,2,2,2,2,2,2,2,2,2,2,2,2,2,2,2,2,2,2,2,2,2,2,2,2,1,1,1,1,0,0,0,0,0,0,,,,,,,,,,,,,,,,,,,,,,,,,,,,,,,,,,,,,,,,,,,,,,,,
17494,1600,17507,17495,,0,0,0,0,0,0,0,0,0,0,0,0,0,0,0,2,2,2,2,2,2,2,2,2,2,2,2,2,2,2,2,2,2,2,2,2,2,2,2,1,1,1,1,0,0,0,0,0,0,,,,,,,,,,,,,,,,,,,,,,,,,,,,,,,,,,,,,,,,,,,,,,,,
17495,800,17242,17494,17229;17492,2,0,0,0,0,0,0,0,0,0,0,0,0,0,0,2,2,2,2,2,2,2,2,2,2,1,1,1,1,2,2,2,2,2,2,2,2,2,2,1,1,1,1,0,0,0,0,0,0,,,,,,,,,,,,,,,,,,,,,,,,,,,,,,,,,,,,,,,,,,,,,,,,
17496,2000,17497,14163,,0,62,62,64,64,45,45,48,48,56,56,61,61,171,171,997,997,1192,1192,1088,1088,1057,1057,966,966,899,899,908,908,948,948,941,941,960,960,1026,1026,962,962,526,526,332,332,220,220,160,160,85,85,,,,,,,,,,,,,,,,,,,,,,,,,,,,,,,,,,,,,,,,,,,,,,,,
17497,1200,17496,17498,17229,1,0,0,0,0,0,0,0,0,0,0,0,0,0,0,2,2,2,2,2,2,2,2,2,2,2,2,2,2,2,2,2,2,2,2,2,2,2,2,1,1,1,1,0,0,0,0,0,0,,,,,,,,,,,,,,,,,,,,,,,,,,,,,,,,,,,,,,,,,,,,,,,,
17498,1200,17497,17499,,0,0,0,0,0,0,0,0,0,0,0,0,0,0,0,2,2,3,3,2,2,2,2,2,2,2,2,2,2,2,2,2,2,2,2,2,2,2,2,1,1,1,1,0,0,0,0,0,0,,,,,,,,,,,,,,,,,,,,,,,,,,,,,,,,,,,,,,,,,,,,,,,,
17499,1200,17498,17500,17502,1,0,0,0,0,0,0,0,0,0,0,0,0,0,0,2,2,2,2,2,2,2,2,2,2,2,2,2,2,2,2,2,2,2,2,2,2,2,2,1,1,1,1,0,0,0,0,0,0,,,,,,,,,,,,,,,,,,,,,,,,,,,,,,,,,,,,,,,,,,,,,,,,
175,4400,451,181,,0,38,38,40,40,28,28,30,30,35,35,38,38,106,106,1010,1010,1173,1173,1121,1121,1069,1069,1008,1008,921,921,970,970,952,952,997,997,1020,1020,1069,1069,975,975,299,299,192,192,130,130,94,94,48,48,,,,,,,,,,,,,,,,,,,,,,,,,,,,,,,,,,,,,,,,,,,,,,,,
17500,1200,17501,17499,,0,0,0,0,0,0,0,0,0,0,0,0,0,0,0,2,2,2,2,2,2,2,2,2,2,2,2,2,2,2,2,2,2,2,2,2,2,2,2,1,1,1,1,0,0,0,0,0,0,,,,,,,,,,,,,,,,,,,,,,,,,,,,,,,,,,,,,,,,,,,,,,,,
17501,1200,17500,17227,17506,1,0,0,0,0,0,0,0,0,0,0,0,0,0,0,2,2,3,3,2,2,2,2,2,2,2,2,2,2,2,2,2,2,2,2,2,2,2,2,1,1,1,1,0,0,0,0,0,0,,,,,,,,,,,,,,,,,,,,,,,,,,,,,,,,,,,,,,,,,,,,,,,,
17502,1600,17499,17503,,0,0,0,0,0,0,0,0,0,0,0,0,0,0,0,1,1,1,1,1,1,1,1,1,1,1,1,1,1,1,1,1,1,1,1,1,1,1,1,1,1,0,0,0,0,0,0,0,0,,,,,,,,,,,,,,,,,,,,,,,,,,,,,,,,,,,,,,,,,,,,,,,,
17503,1200,17502,17504,14148,1,0,0,0,0,0,0,0,0,0,0,0,0,0,0,1,1,1,1,1,1,1,1,1,1,1,1,1,1,1,1,1,1,1,1,1,1,1,1,0,0,0,0,0,0,0,0,0,0,,,,,,,,,,,,,,,,,,,,,,,,,,,,,,,,,,,,,,,,,,,,,,,,
17504,1200,17505,17503,,0,0,0,0,0,0,0,0,0,0,0,0,0,0,0,0,0,1,1,0,0,0,0,0,0,0,0,0,0,0,0,0,0,0,0,0,0,0,0,0,0,0,0,0,0,0,0,0,0,,,,,,,,,,,,,,,,,,,,,,,,,,,,,,,,,,,,,,,,,,,,,,,,
17505,1200,17504,14149,14144,1,0,0,0,0,0,0,0,0,0,0,0,0,0,0,0,0,0,0,0,0,0,0,0,0,0,0,0,0,0,0,0,0,0,0,0,0,0,0,0,0,0,0,0,0,0,0,0,0,,,,,,,,,,,,,,,,,,,,,,,,,,,,,,,,,,,,,,,,,,,,,,,,
17506,2500,17507,17501,,0,59,59,60,60,42,42,45,45,53,53,58,58,161,161,1054,1054,1231,1231,1131,1131,1110,1110,1010,1010,957,957,939,939,1003,1003,1000,1000,1010,1010,1084,1084,1034,1034,528,528,329,329,215,215,157,157,85,85,,,,,,,,,,,,,,,,,,,,,,,,,,,,,,,,,,,,,,,,,,,,,,,,
17507,1500,17239,17506,17494,1,59,59,60,60,42,42,45,45,53,53,58,58,161,161,1054,1054,1231,1231,1131,1131,1110,1110,1010,1010,957,957,939,939,1003,1003,1000,1000,1010,1010,1084,1084,1034,1034,528,528,329,329,215,215,157,157,85,85,,,,,,,,,,,,,,,,,,,,,,,,,,,,,,,,,,,,,,,,,,,,,,,,
17508,1200,17197,17509,,0,0,0,0,0,0,0,0,0,0,0,0,0,0,0,1,1,1,1,1,1,1,1,1,1,1,1,1,1,1,1,1,1,1,1,1,1,1,1,1,1,0,0,0,0,0,0,0,0,,,,,,,,,,,,,,,,,,,,,,,,,,,,,,,,,,,,,,,,,,,,,,,,
17509,1200,17508,17233,17215,1,0,0,0,0,0,0,0,0,0,0,0,0,0,0,1,1,1,1,1,1,1,1,1,1,1,1,1,1,1,1,1,1,1,1,1,1,1,1,1,1,0,0,0,0,0,0,0,0,,,,,,,,,,,,,,,,,,,,,,,,,,,,,,,,,,,,,,,,,,,,,,,,
17510,1200,17228,17511,,0,0,0,0,0,0,0,0,0,0,0,0,0,0,0,2,2,2,2,2,2,2,2,2,2,1,1,1,1,2,2,2,2,2,2,2,2,2,2,1,1,1,1,0,0,0,0,0,0,,,,,,,,,,,,,,,,,,,,,,,,,,,,,,,,,,,,,,,,,,,,,,,,
17511,800,17510,17215,17224,1,0,0,0,0,0,0,0,0,0,0,0,0,0,0,1,1,1,1,1,1,1,1,1,1,1,1,1,1,1,1,1,1,1,1,1,1,1,1,0,0,0,0,0,0,0,0,0,0,,,,,,,,,,,,,,,,,,,,,,,,,,,,,,,,,,,,,,,,,,,,,,,,
17512,1500,17513,17186,,0,67,67,70,70,49,49,53,53,62,62,67,67,186,186,910,910,1134,1134,1023,1023,977,977,900,900,812,812,861,861,864,864,851,851,886,886,939,939,854,854,524,524,336,336,227,227,165,165,84,84,,,,,,,,,,,,,,,,,,,,,,,,,,,,,,,,,,,,,,,,,,,,,,,,
17513,1500,17196,17512,17188,1,59,59,60,60,42,42,45,45,53,53,58,58,161,161,1054,1054,1231,1231,1131,1131,1110,1110,1010,1010,957,957,939,939,1003,1003,1000,1000,1010,1010,1084,1084,1034,1034,528,528,329,329,215,215,157,157,85,85,,,,,,,,,,,,,,,,,,,,,,,,,,,,,,,,,,,,,,,,,,,,,,,,
17514,1600,17515,17178,,0,0,0,0,0,0,0,0,0,0,0,0,0,0,0,894,894,944,944,1009,1009,988,988,917,917,851,851,900,900,826,826,926,926,922,922,952,952,857,857,0,0,0,0,0,0,0,0,0,0,,,,,,,,,,,,,,,,,,,,,,,,,,,,,,,,,,,,,,,,,,,,,,,,
17515,300,17218,17199,17514,1,0,0,0,0,0,0,0,0,0,0,0,0,0,0,1,1,1,1,1,1,1,1,1,1,1,1,1,1,1,1,1,1,1,1,1,1,1,1,0,0,0,0,0,0,0,0,0,0,,,,,,,,,,,,,,,,,,,,,,,,,,,,,,,,,,,,,,,,,,,,,,,,
17516,4400,17517,17217,,0,59,59,60,60,42,42,45,45,53,53,58,58,161,161,1054,1054,1231,1231,1131,1131,1110,1110,1010,1010,957,957,939,939,1003,1003,1000,1000,1010,1010,1084,1084,1034,1034,528,528,329,329,215,215,157,157,85,85,,,,,,,,,,,,,,,,,,,,,,,,,,,,,,,,,,,,,,,,,,,,,,,,
17517,1200,17213,17193,17516,1,0,0,0,0,0,0,0,0,0,0,0,0,0,0,2,2,3,3,2,2,2,2,2,2,2,2,2,2,2,2,2,2,2,2,2,2,2,2,1,1,1,1,0,0,0,0,0,0,,,,,,,,,,,,,,,,,,,,,,,,,,,,,,,,,,,,,,,,,,,,,,,,
17518,1200,17273,17519,,0,0,0,0,0,0,0,0,0,0,0,0,0,0,0,2,2,3,3,2,2,2,2,2,2,2,2,2,2,2,2,2,2,2,2,2,2,2,2,1,1,1,1,0,0,0,0,0,0,,,,,,,,,,,,,,,,,,,,,,,,,,,,,,,,,,,,,,,,,,,,,,,,
17519,1200,17271,17518,17264,1,0,0,0,0,0,0,0,0,0,0,0,0,0,0,3,3,3,3,3,3,3,3,3,3,3,3,3,3,3,3,3,3,3,3,3,3,3,3,2,2,1,1,1,1,0,0,0,0,,,,,,,,,,,,,,,,,,,,,,,,,,,,,,,,,,,,,,,,,,,,,,,,
17520,1000,17428,17521,,0,59,59,60,60,42,42,45,45,53,53,58,58,161,161,1054,1054,1231,1231,1131,1131,1110,1110,1010,1010,957,957,939,939,1003,1003,1000,1000,1010,1010,1084,1084,1034,1034,528,528,329,329,215,215,157,157,85,85,,,,,,,,,,,,,,,,,,,,,,,,,,,,,,,,,,,,,,,,,,,,,,,,
17521,2000,17522,17259,17520,1,59,59,60,60,42,42,45,45,53,53,58,58,161,161,1054,1054,1231,1231,1131,1131,1110,1110,1010,1010,957,957,939,939,1003,1003,1000,1000,1010,1010,1084,1084,1034,1034,528,528,329,329,215,215,157,157,85,85,,,,,,,,,,,,,,,,,,,,,,,,,,,,,,,,,,,,,,,,,,,,,,,,
17522,2500,17523,17521,,0,59,59,60,60,42,42,45,45,53,53,58,58,161,161,1054,1054,1231,1231,1131,1131,1110,1110,1010,1010,957,957,939,939,1003,1003,1000,1000,1010,1010,1084,1084,1034,1034,528,528,329,329,215,215,157,157,85,85,,,,,,,,,,,,,,,,,,,,,,,,,,,,,,,,,,,,,,,,,,,,,,,,
17523,2500,17250,17522,17284,1,59,59,60,60,42,42,45,45,53,53,58,58,161,161,1054,1054,1231,1231,1131,1131,1110,1110,1010,1010,957,957,939,939,1003,1003,1000,1000,1010,1010,1084,1084,1034,1034,528,528,329,329,215,215,157,157,85,85,,,,,,,,,,,,,,,,,,,,,,,,,,,,,,,,,,,,,,,,,,,,,,,,
17524,1500,17525,17267,,0,59,59,60,60,42,42,45,45,53,53,58,58,161,161,1054,1054,1231,1231,1131,1131,1110,1110,1010,1010,957,957,939,939,1003,1003,1000,1000,1010,1010,1084,1084,1034,1034,528,528,329,329,215,215,157,157,85,85,,,,,,,,,,,,,,,,,,,,,,,,,,,,,,,,,,,,,,,,,,,,,,,,
17525,800,17524,17260,17243,1,0,0,0,0,0,0,0,0,0,0,0,0,0,0,2,2,2,2,2,2,2,2,2,2,2,2,2,2,2,2,2,2,2,2,2,2,2,2,1,1,1,1,0,0,0,0,0,0,,,,,,,,,,,,,,,,,,,,,,,,,,,,,,,,,,,,,,,,,,,,,,,,
17526,1200,17527,17249,,0,0,0,0,0,0,0,0,0,0,0,0,0,0,0,2,2,2,2,2,2,2,2,2,2,2,2,2,2,2,2,2,2,2,2,2,2,2,2,1,1,1,1,0,0,0,0,0,0,,,,,,,,,,,,,,,,,,,,,,,,,,,,,,,,,,,,,,,,,,,,,,,,
17527,1200,17528,17526,17536,1,0,0,0,0,0,0,0,0,0,0,0,0,0,0,1,1,1,1,1,1,1,1,1,1,1,1,1,1,1,1,1,1,1,1,1,1,1,1,0,0,0,0,0,0,0,0,0,0,,,,,,,,,,,,,,,,,,,,,,,,,,,,,,,,,,,,,,,,,,,,,,,,
17528,800,17529,17527,,0,0,0,0,0,0,0,0,0,0,0,0,0,0,0,2,2,2,2,2,2,2,2,2,2,2,2,2,2,2,2,2,2,2,2,2,2,2,2,1,1,1,1,0,0,0,0,0,0,,,,,,,,,,,,,,,,,,,,,,,,,,,,,,,,,,,,,,,,,,,,,,,,
17529,1200,17530,17528,17210,1,0,0,0,0,0,0,0,0,0,0,0,0,0,0,2,2,3,3,3,3,3,3,2,2,2,2,2,2,2,2,2,2,2,2,2,2,2,2,1,1,1,1,1,1,0,0,0,0,,,,,,,,,,,,,,,,,,,,,,,,,,,,,,,,,,,,,,,,,,,,,,,,
17530,300,17531,17529,,0,0,0,0,0,0,0,0,0,0,0,0,0,0,0,2,2,3,3,3,3,2,2,2,2,2,2,2,2,2,2,2,2,2,2,2,2,2,2,1,1,1,1,1,1,0,0,0,0,,,,,,,,,,,,,,,,,,,,,,,,,,,,,,,,,,,,,,,,,,,,,,,,
17531,1200,17530,17532,17198,1,0,0,0,0,0,0,0,0,0,0,0,0,0,0,2,2,3,3,2,2,2,2,2,2,2,2,2,2,2,2,2,2,2,2,2,2,2,2,1,1,1,1,0,0,0,0,0,0,,,,,,,,,,,,,,,,,,,,,,,,,,,,,,,,,,,,,,,,,,,,,,,,
17532,800,17533,17531,,0,0,0,0,0,0,0,0,0,0,0,0,0,1,1,5,5,6,6,5,5,5,5,5,5,4,4,4,4,4,4,4,4,4,4,5,5,4,4,2,2,2,2,1,1,1,1,0,0,,,,,,,,,,,,,,,,,,,,,,,,,,,,,,,,,,,,,,,,,,,,,,,,
17533,1200,17190,17532,17534,1,0,0,0,0,0,0,0,0,0,0,0,0,1,1,5,5,6,6,5,5,5,5,5,5,4,4,4,4,4,4,4,4,4,4,5,5,4,4,2,2,2,2,1,1,1,1,0,0,,,,,,,,,,,,,,,,,,,,,,,,,,,,,,,,,,,,,,,,,,,,,,,,
17534,300,17535,17533,,0,0,0,0,0,0,0,0,0,0,0,0,0,1,1,4,4,5,5,5,5,5,5,4,4,4,4,4,4,4,4,4,4,4,4,5,5,4,4,2,2,1,1,1,1,1,1,0,0,,,,,,,,,,,,,,,,,,,,,,,,,,,,,,,,,,,,,,,,,,,,,,,,
17535,1200,17534,17238,17180,1,0,0,0,0,0,0,0,0,0,0,0,0,1,1,4,4,4,4,4,4,4,4,4,4,3,3,3,3,3,3,3,3,4,4,4,4,3,3,2,2,1,1,1,1,1,1,0,0,,,,,,,,,,,,,,,,,,,,,,,,,,,,,,,,,,,,,,,,,,,,,,,,
17536,1200,17537,17527,,0,0,0,0,0,0,0,0,0,0,0,0,0,0,0,1,1,1,1,1,1,1,1,1,1,1,1,1,1,1,1,1,1,1,1,1,1,1,1,0,0,0,0,0,0,0,0,0,0,,,,,,,,,,,,,,,,,,,,,,,,,,,,,,,,,,,,,,,,,,,,,,,,
17537,800,17225,17536,17260,1,0,0,0,0,0,0,0,0,0,0,0,0,0,0,2,2,2,2,2,2,2,2,2,2,1,1,1,1,2,2,2,2,2,2,2,2,2,2,1,1,1,1,0,0,0,0,0,0,,,,,,,,,,,,,,,,,,,,,,,,,,,,,,,,,,,,,,,,,,,,,,,,
17538,800,17251,17539,,0,33,33,31,31,22,22,23,23,26,26,31,31,88,88,1055,1055,1119,1119,1058,1058,1080,1080,966,966,980,980,861,861,1008,1008,1021,1021,988,988,1080,1080,1096,1096,421,421,249,249,150,150,110,110,68,68,,,,,,,,,,,,,,,,,,,,,,,,,,,,,,,,,,,,,,,,,,,,,,,,
17539,800,17540,17538,17230,1,0,0,0,0,0,0,0,0,0,0,0,0,0,0,3,3,4,4,4,4,3,3,3,3,3,3,3,3,3,3,3,3,3,3,3,3,3,3,1,1,1,1,0,0,0,0,0,0,,,,,,,,,,,,,,,,,,,,,,,,,,,,,,,,,,,,,,,,,,,,,,,,
17540,800,17541,17539,,0,0,0,0,0,0,0,0,0,0,0,0,0,0,0,4,4,5,5,5,5,4,4,4,4,4,4,4,4,4,4,4,4,4,4,4,4,4,4,2,2,1,1,1,1,0,0,0,0,,,,,,,,,,,,,,,,,,,,,,,,,,,,,,,,,,,,,,,,,,,,,,,,
17541,800,17540,17241,17221,1,0,0,0,0,0,0,0,0,0,0,0,0,0,0,5,5,5,5,5,5,5,5,4,4,4,4,4,4,4,4,4,4,4,4,5,5,4,4,2,2,1,1,1,1,0,0,0,0,,,,,,,,,,,,,,,,,,,,,,,,,,,,,,,,,,,,,,,,,,,,,,,,
17542,2500,17211,17543,,0,34,34,35,35,24,24,26,26,31,31,34,34,93,93,1024,1024,1168,1168,1154,1154,1117,1117,1034,1034,948,948,1003,1003,958,958,1015,1015,1030,1030,1075,1075,972,972,262,262,168,168,114,114,82,82,42,42,,,,,,,,,,,,,,,,,,,,,,,,,,,,,,,,,,,,,,,,,,,,,,,,
17543,1200,17544,17230,17542;17231,2,0,0,0,0,0,0,0,0,0,0,0,0,1,1,6,6,6,6,6,6,6,6,6,6,5,5,5,5,5,5,6,6,6,6,6,6,6,6,2,2,1,1,1,1,1,1,0,0,,,,,,,,,,,,,,,,,,,,,,,,,,,,,,,,,,,,,,,,,,,,,,,,
17544,1600,17545,17543,,0,0,0,0,0,0,0,0,0,0,0,0,0,0,0,3,3,3,3,3,3,3,3,3,3,3,3,3,3,3,3,3,3,3,3,3,3,3,3,1,1,1,1,0,0,0,0,0,0,,,,,,,,,,,,,,,,,,,,,,,,,,,,,,,,,,,,,,,,,,,,,,,,
17545,1200,17544,17546,17209,1,0,0,0,0,0,0,0,0,0,0,0,0,0,0,3,3,3,3,3,3,3,3,3,3,2,2,2,2,2,2,3,3,3,3,3,3,3,3,1,1,1,1,0,0,0,0,0,0,,,,,,,,,,,,,,,,,,,,,,,,,,,,,,,,,,,,,,,,,,,,,,,,
17546,1200,17547,17545,,0,0,0,0,0,0,0,0,0,0,0,0,0,0,0,3,3,3,3,3,3,3,3,3,3,3,3,2,2,3,3,3,3,3,3,3,3,3,3,1,1,1,1,0,0,0,0,0,0,,,,,,,,,,,,,,,,,,,,,,,,,,,,,,,,,,,,,,,,,,,,,,,,
17547,1200,17219,17546,17203,1,0,0,0,0,0,0,0,0,0,0,0,0,0,0,3,3,3,3,3,3,3,3,2,2,2,2,2,2,2,2,2,2,2,2,3,3,3,3,1,1,1,1,0,0,0,0,0,0,,,,,,,,,,,,,,,,,,,,,,,,,,,,,,,,,,,,,,,,,,,,,,,,
17548,2000,17553,17549,,0,34,34,35,35,24,24,26,26,31,31,34,34,93,93,1024,1024,1168,1168,1154,1154,1117,1117,1034,1034,948,948,1003,1003,958,958,1015,1015,1030,1030,1075,1075,972,972,262,262,168,168,114,114,82,82,42,42,,,,,,,,,,,,,,,,,,,,,,,,,,,,,,,,,,,,,,,,,,,,,,,,
17549,800,17550,17548,17232,1,0,0,0,0,0,0,0,0,0,0,0,0,0,0,4,4,5,5,5,5,5,5,4,4,4,4,4,4,4,4,4,4,4,4,4,4,4,4,2,2,1,1,1,1,0,0,0,0,,,,,,,,,,,,,,,,,,,,,,,,,,,,,,,,,,,,,,,,,,,,,,,,
17550,1200,17549,17551,,0,0,0,0,0,0,0,0,0,0,0,0,0,0,0,2,2,3,3,2,2,2,2,2,2,2,2,2,2,2,2,2,2,2,2,2,2,2,2,1,1,1,1,0,0,0,0,0,0,,,,,,,,,,,,,,,,,,,,,,,,,,,,,,,,,,,,,,,,,,,,,,,,
17551,1200,17550,17223,17219,1,0,0,0,0,0,0,0,0,0,0,0,0,0,0,1,1,2,2,2,2,1,1,1,1,1,1,1,1,1,1,1,1,1,1,1,1,1,1,1,1,0,0,0,0,0,0,0,0,,,,,,,,,,,,,,,,,,,,,,,,,,,,,,,,,,,,,,,,,,,,,,,,
17552,4400,17553,17216,,0,34,34,35,35,24,24,26,26,31,31,34,34,93,93,1024,1024,1168,1168,1154,1154,1117,1117,1034,1034,948,948,1003,1003,958,958,1015,1015,1030,1030,1075,1075,972,972,262,262,168,168,114,114,82,82,42,42,,,,,,,,,,,,,,,,,,,,,,,,,,,,,,,,,,,,,,,,,,,,,,,,
17553,2500,17548,17552,17258,1,34,34,35,35,24,24,26,26,31,31,34,34,93,93,1024,1024,1168,1168,1154,1154,1117,1117,1034,1034,948,948,1003,1003,958,958,1015,1015,1030,1030,1075,1075,972,972,262,262,168,168,114,114,82,82,42,42,,,,,,,,,,,,,,,,,,,,,,,,,,,,,,,,,,,,,,,,,,,,,,,,
17554,1200,17555,17187,,0,1,1,1,1,0,0,0,0,0,0,1,1,1,1,11,11,12,12,11,11,11,11,10,10,10,10,9,9,10,10,10,10,10,10,11,11,11,11,5,5,3,3,2,2,1,1,1,1,,,,,,,,,,,,,,,,,,,,,,,,,,,,,,,,,,,,,,,,,,,,,,,,
17555,1650,17194,17554,17556,1,56,56,57,57,40,40,43,43,50,50,55,55,154,154,1096,1096,1258,1258,1162,1162,1148,1148,1041,1041,998,998,962,962,1043,1043,1043,1043,1045,1045,1126,1126,1085,1085,529,529,327,327,211,211,154,154,85,85,,,,,,,,,,,,,,,,,,,,,,,,,,,,,,,,,,,,,,,,,,,,,,,,
17556,1600,17557,17555,,0,0,0,0,0,0,0,0,0,0,0,0,0,1,1,8,8,9,9,8,8,8,8,8,8,7,7,7,7,8,8,8,8,8,8,8,8,8,8,4,4,2,2,1,1,1,1,1,1,,,,,,,,,,,,,,,,,,,,,,,,,,,,,,,,,,,,,,,,,,,,,,,,
17557,1600,17556,17184,17169,1,0,0,0,0,0,0,0,0,0,0,0,0,1,1,5,5,6,6,5,5,5,5,5,5,5,5,5,5,5,5,5,5,5,5,5,5,5,5,2,2,2,2,1,1,1,1,0,0,,,,,,,,,,,,,,,,,,,,,,,,,,,,,,,,,,,,,,,,,,,,,,,,
17558,2500,17216,17559,,0,67,67,70,70,49,49,53,53,62,62,67,67,186,186,910,910,1134,1134,1023,1023,977,977,900,900,812,812,861,861,864,864,851,851,886,886,939,939,854,854,524,524,336,336,227,227,165,165,84,84,,,,,,,,,,,,,,,,,,,,,,,,,,,,,,,,,,,,,,,,,,,,,,,,
17559,1100,17558,17194,17651,1,56,56,57,57,40,40,43,43,50,50,55,55,154,154,1096,1096,1258,1258,1162,1162,1148,1148,1041,1041,998,998,962,962,1043,1043,1043,1043,1045,1045,1126,1126,1085,1085,529,529,327,327,211,211,154,154,85,85,,,,,,,,,,,,,,,,,,,,,,,,,,,,,,,,,,,,,,,,,,,,,,,,
17560,1200,17561,17211,,0,0,0,0,0,0,0,0,0,0,0,0,0,0,0,3,3,4,4,4,4,4,4,3,3,3,3,3,3,3,3,3,3,3,3,4,4,3,3,1,1,1,1,0,0,0,0,0,0,,,,,,,,,,,,,,,,,,,,,,,,,,,,,,,,,,,,,,,,,,,,,,,,
17561,1200,17192,17202,17204;17560,2,0,0,0,0,0,0,0,0,0,0,0,0,0,0,2,2,2,2,2,2,2,2,2,2,2,2,2,2,2,2,2,2,2,2,2,2,2,2,1,1,0,0,0,0,0,0,0,0,,,,,,,,,,,,,,,,,,,,,,,,,,,,,,,,,,,,,,,,,,,,,,,,
17562,2000,17563,17211,,0,34,34,35,35,24,24,26,26,31,31,34,34,93,93,1024,1024,1168,1168,1154,1154,1117,1117,1034,1034,948,948,1003,1003,958,958,1015,1015,1030,1030,1075,1075,972,972,262,262,168,168,114,114,82,82,42,42,,,,,,,,,,,,,,,,,,,,,,,,,,,,,,,,,,,,,,,,,,,,,,,,
17563,1200,17562,17209,17564,1,0,0,0,0,0,0,0,0,0,0,0,0,0,0,5,5,5,5,5,5,5,5,5,5,4,4,4,4,5,5,5,5,5,5,5,5,5,5,2,2,1,1,1,1,1,1,0,0,,,,,,,,,,,,,,,,,,,,,,,,,,,,,,,,,,,,,,,,,,,,,,,,
17564,1200,17563,17565,,0,0,0,0,0,0,0,0,0,0,0,0,0,0,0,3,3,4,4,3,3,3,3,3,3,3,3,3,3,3,3,3,3,3,3,3,3,3,3,1,1,1,1,0,0,0,0,0,0,,,,,,,,,,,,,,,,,,,,,,,,,,,,,,,,,,,,,,,,,,,,,,,,
17565,1200,17564,17203,17206,1,0,0,0,0,0,0,0,0,0,0,0,0,0,0,2,2,3,3,3,3,2,2,2,2,2,2,2,2,2,2,2,2,2,2,2,2,2,2,1,1,1,1,0,0,0,0,0,0,,,,,,,,,,,,,,,,,,,,,,,,,,,,,,,,,,,,,,,,,,,,,,,,
17566,1200,17187,17567,,0,0,0,0,0,0,0,0,0,0,0,0,0,1,1,8,8,9,9,8,8,8,8,7,7,7,7,7,7,8,8,8,8,8,8,8,8,8,8,4,4,2,2,1,1,1,1,1,1,,,,,,,,,,,,,,,,,,,,,,,,,,,,,,,,,,,,,,,,,,,,,,,,
17567,800,17182,17566,17192,1,0,0,0,0,0,0,0,0,0,0,0,0,1,1,4,4,5,5,5,5,5,5,4,4,4,4,4,4,4,4,4,4,4,4,5,5,4,4,2,2,1,1,1,1,1,1,0,0,,,,,,,,,,,,,,,,,,,,,,,,,,,,,,,,,,,,,,,,,,,,,,,,
17568,2500,17168,17569,,0,56,56,57,57,40,40,43,43,50,50,55,55,154,154,1096,1096,1258,1258,1162,1162,1148,1148,1041,1041,998,998,962,962,1043,1043,1043,1043,1045,1045,1126,1126,1085,1085,529,529,327,327,211,211,154,154,85,85,,,,,,,,,,,,,,,,,,,,,,,,,,,,,,,,,,,,,,,,,,,,,,,,
17569,1500,17204,17568,17176,1,56,56,57,57,40,40,43,43,50,50,55,55,154,154,1096,1096,1258,1258,1162,1162,1148,1148,1041,1041,998,998,962,962,1043,1043,1043,1043,1045,1045,1126,1126,1085,1085,529,529,327,327,211,211,154,154,85,85,,,,,,,,,,,,,,,,,,,,,,,,,,,,,,,,,,,,,,,,,,,,,,,,
17570,1500,17235,17571,,0,67,67,70,70,49,49,53,53,62,62,67,67,186,186,910,910,1134,1134,1023,1023,977,977,900,900,812,812,861,861,864,864,851,851,886,886,939,939,854,854,524,524,336,336,227,227,165,165,84,84,,,,,,,,,,,,,,,,,,,,,,,,,,,,,,,,,,,,,,,,,,,,,,,,
17571,300,17570,17237,17245,1,0,0,0,0,0,0,0,0,0,0,0,0,1,1,6,6,7,7,6,6,6,6,6,6,5,5,5,5,5,5,6,6,6,6,6,6,6,6,2,2,1,1,1,1,1,1,0,0,,,,,,,,,,,,,,,,,,,,,,,,,,,,,,,,,,,,,,,,,,,,,,,,
17572,1500,17573,17136,,0,67,67,70,70,49,49,53,53,62,62,67,67,186,186,910,910,1134,1134,1023,1023,977,977,900,900,812,812,861,861,864,864,851,851,886,886,939,939,854,854,524,524,336,336,227,227,165,165,84,84,,,,,,,,,,,,,,,,,,,,,,,,,,,,,,,,,,,,,,,,,,,,,,,,
17573,1500,17572,14128,14116,1,67,67,70,70,49,49,53,53,62,62,67,67,186,186,910,910,1134,1134,1023,1023,977,977,900,900,812,812,861,861,864,864,851,851,886,886,939,939,854,854,524,524,336,336,227,227,165,165,84,84,,,,,,,,,,,,,,,,,,,,,,,,,,,,,,,,,,,,,,,,,,,,,,,,
17574,1600,17131,14434,14432,1,0,0,0,0,0,0,0,0,0,0,0,0,1,1,6,6,7,7,6,6,6,6,6,6,5,5,6,6,6,6,6,6,6,6,6,6,6,6,2,2,1,1,1,1,1,1,0,0,,,,,,,,,,,,,,,,,,,,,,,,,,,,,,,,,,,,,,,,,,,,,,,,
17575,1200,17576,,,0,0,0,0,0,0,0,0,0,0,0,0,0,0,0,2,2,2,2,2,2,2,2,2,2,2,2,2,2,2,2,2,2,2,2,2,2,2,2,1,1,1,1,0,0,0,0,0,0,,,,,,,,,,,,,,,,,,,,,,,,,,,,,,,,,,,,,,,,,,,,,,,,
17576,2000,17577,17575,17126,1,67,67,70,70,49,49,53,53,62,62,67,67,186,186,910,910,1134,1134,1023,1023,977,977,900,900,812,812,861,861,864,864,851,851,886,886,939,939,854,854,524,524,336,336,227,227,165,165,84,84,,,,,,,,,,,,,,,,,,,,,,,,,,,,,,,,,,,,,,,,,,,,,,,,
17577,2000,17578,17576,,0,67,67,70,70,49,49,53,53,62,62,67,67,186,186,910,910,1134,1134,1023,1023,977,977,900,900,812,812,861,861,864,864,851,851,886,886,939,939,854,854,524,524,336,336,227,227,165,165,84,84,,,,,,,,,,,,,,,,,,,,,,,,,,,,,,,,,,,,,,,,,,,,,,,,
17578,2500,17577,17119,17130,1,67,67,70,70,49,49,53,53,62,62,67,67,186,186,910,910,1134,1134,1023,1023,977,977,900,900,812,812,861,861,864,864,851,851,886,886,939,939,854,854,524,524,336,336,227,227,165,165,84,84,,,,,,,,,,,,,,,,,,,,,,,,,,,,,,,,,,,,,,,,,,,,,,,,
17579,2000,17136,17580,,0,67,67,70,70,49,49,53,53,62,62,67,67,186,186,910,910,1134,1134,1023,1023,977,977,900,900,812,812,861,861,864,864,851,851,886,886,939,939,854,854,524,524,336,336,227,227,165,165,84,84,,,,,,,,,,,,,,,,,,,,,,,,,,,,,,,,,,,,,,,,,,,,,,,,
17580,1500,17188,17579,17148,1,67,67,70,70,49,49,53,53,62,62,67,67,186,186,910,910,1134,1134,1023,1023,977,977,900,900,812,812,861,861,864,864,851,851,886,886,939,939,854,854,524,524,336,336,227,227,165,165,84,84,,,,,,,,,,,,,,,,,,,,,,,,,,,,,,,,,,,,,,,,,,,,,,,,
17581,2000,17142,17582,,0,67,67,70,70,49,49,53,53,62,62,67,67,186,186,910,910,1134,1134,1023,1023,977,977,900,900,812,812,861,861,864,864,851,851,886,886,939,939,854,854,524,524,336,336,227,227,165,165,84,84,,,,,,,,,,,,,,,,,,,,,,,,,,,,,,,,,,,,,,,,,,,,,,,,
17582,300,17153,17179,17581,1,0,0,0,0,0,0,0,0,0,0,0,0,1,1,4,4,5,5,4,4,4,4,4,4,4,4,4,4,4,4,4,4,4,4,4,4,4,4,2,2,1,1,1,1,1,1,0,0,,,,,,,,,,,,,,,,,,,,,,,,,,,,,,,,,,,,,,,,,,,,,,,,
17583,600,17584,,,0,0,0,0,0,0,0,0,0,0,0,0,0,0,0,2,2,3,3,3,3,3,3,2,2,2,2,2,2,2,2,2,2,2,2,2,2,2,2,1,1,1,1,1,1,0,0,0,0,,,,,,,,,,,,,,,,,,,,,,,,,,,,,,,,,,,,,,,,,,,,,,,,
17584,800,17583,17146,17160,1,0,0,0,0,0,0,0,0,0,0,0,0,0,0,2,2,2,2,2,2,2,2,2,2,2,2,2,2,2,2,2,2,2,2,2,2,2,2,1,1,1,1,0,0,0,0,0,0,,,,,,,,,,,,,,,,,,,,,,,,,,,,,,,,,,,,,,,,,,,,,,,,
17585,1600,17135,17586,,0,0,0,0,0,0,0,0,0,0,0,0,0,1,1,3,3,4,4,4,4,4,4,3,3,3,3,3,3,3,3,3,3,3,3,3,3,3,3,2,2,1,1,1,1,1,1,0,0,,,,,,,,,,,,,,,,,,,,,,,,,,,,,,,,,,,,,,,,,,,,,,,,
17586,1200,17132,17585,17140,1,0,0,0,0,0,0,0,0,0,0,0,0,1,1,3,3,4,4,4,4,3,3,3,3,3,3,3,3,3,3,3,3,3,3,3,3,3,3,2,2,1,1,1,1,1,1,0,0,,,,,,,,,,,,,,,,,,,,,,,,,,,,,,,,,,,,,,,,,,,,,,,,
17587,1200,17135,17588,,0,0,0,0,0,0,0,0,0,0,0,0,0,1,1,3,3,4,4,4,4,4,4,3,3,3,3,3,3,3,3,3,3,3,3,4,4,3,3,2,2,1,1,1,1,1,1,0,0,,,,,,,,,,,,,,,,,,,,,,,,,,,,,,,,,,,,,,,,,,,,,,,,
17588,1200,17146,17589,17587,1,0,0,0,0,0,0,0,0,0,0,0,0,0,0,2,2,3,3,3,3,3,3,2,2,2,2,2,2,2,2,2,2,2,2,3,3,2,2,1,1,1,1,1,1,0,0,0,0,,,,,,,,,,,,,,,,,,,,,,,,,,,,,,,,,,,,,,,,,,,,,,,,
17589,1200,17590,17588,,0,0,0,0,0,0,0,0,0,0,0,0,0,0,0,2,2,2,2,2,2,2,2,2,2,1,1,2,2,1,1,1,1,2,2,2,2,1,1,1,1,1,1,0,0,0,0,0,0,,,,,,,,,,,,,,,,,,,,,,,,,,,,,,,,,,,,,,,,,,,,,,,,
17590,1200,17151,17589,17172,1,0,0,0,0,0,0,0,0,0,0,0,0,0,0,1,1,1,1,1,1,1,1,1,1,1,1,1,1,1,1,1,1,1,1,1,1,1,1,1,1,0,0,0,0,0,0,0,0,,,,,,,,,,,,,,,,,,,,,,,,,,,,,,,,,,,,,,,,,,,,,,,,
17591,800,17178,17592,,0,0,0,0,0,0,0,0,0,0,0,0,0,1,1,3,3,4,4,4,4,3,3,3,3,3,3,3,3,3,3,3,3,3,3,3,3,3,3,2,2,1,1,1,1,1,1,0,0,,,,,,,,,,,,,,,,,,,,,,,,,,,,,,,,,,,,,,,,,,,,,,,,
17592,1200,17172,17165,17591,1,0,0,0,0,0,0,0,0,0,0,0,0,1,1,3,3,4,4,3,3,3,3,3,3,3,3,3,3,3,3,3,3,3,3,3,3,3,3,1,1,1,1,1,1,0,0,0,0,,,,,,,,,,,,,,,,,,,,,,,,,,,,,,,,,,,,,,,,,,,,,,,,
17593,4000,17594,17173,,0,67,67,70,70,49,49,53,53,62,62,67,67,186,186,910,910,1134,1134,1023,1023,977,977,900,900,812,812,861,861,864,864,851,851,886,886,939,939,854,854,524,524,336,336,227,227,165,165,84,84,,,,,,,,,,,,,,,,,,,,,,,,,,,,,,,,,,,,,,,,,,,,,,,,
17594,500,17165,17593,17595,1,67,67,70,70,49,49,53,53,62,62,67,67,186,186,910,910,1134,1134,1023,1023,977,977,900,900,812,812,861,861,864,864,851,851,886,886,939,939,854,854,524,524,336,336,227,227,165,165,84,84,,,,,,,,,,,,,,,,,,,,,,,,,,,,,,,,,,,,,,,,,,,,,,,,
17595,4400,17596,17594,,0,67,67,70,70,49,49,53,53,62,62,67,67,186,186,910,910,1134,1134,1023,1023,977,977,900,900,812,812,861,861,864,864,851,851,886,886,939,939,854,854,524,524,336,336,227,227,165,165,84,84,,,,,,,,,,,,,,,,,,,,,,,,,,,,,,,,,,,,,,,,,,,,,,,,
17596,400,17151,17595,17170,1,0,0,0,0,0,0,0,0,0,0,0,0,1,1,3,3,4,4,4,4,3,3,3,3,3,3,3,3,3,3,3,3,3,3,3,3,3,3,2,2,1,1,1,1,1,1,0,0,,,,,,,,,,,,,,,,,,,,,,,,,,,,,,,,,,,,,,,,,,,,,,,,
17597,2000,17128,17598,,0,67,67,70,70,49,49,53,53,62,62,67,67,186,186,910,910,1134,1134,1023,1023,977,977,900,900,812,812,861,861,864,864,851,851,886,886,939,939,854,854,524,524,336,336,227,227,165,165,84,84,,,,,,,,,,,,,,,,,,,,,,,,,,,,,,,,,,,,,,,,,,,,,,,,
17598,1600,17124,17597,17162,1,0,0,0,0,0,0,0,0,0,0,0,0,0,0,2,2,3,3,3,3,3,3,2,2,2,2,2,2,2,2,2,2,2,2,2,2,2,2,1,1,1,1,1,1,0,0,0,0,,,,,,,,,,,,,,,,,,,,,,,,,,,,,,,,,,,,,,,,,,,,,,,,
17599,4400,17600,17128,,0,67,67,70,70,49,49,53,53,62,62,67,67,186,186,910,910,1134,1134,1023,1023,977,977,900,900,812,812,861,861,864,864,851,851,886,886,939,939,854,854,524,524,336,336,227,227,165,165,84,84,,,,,,,,,,,,,,,,,,,,,,,,,,,,,,,,,,,,,,,,,,,,,,,,
176,4400,184,161,174;17720;182,3,54,54,56,56,39,39,42,42,50,50,54,54,149,149,956,956,1147,1147,1075,1075,1033,1033,954,954,866,866,918,918,901,901,917,917,943,943,993,993,901,901,419,419,269,269,182,182,132,132,67,67,,,,,,,,,,,,,,,,,,,,,,,,,,,,,,,,,,,,,,,,,,,,,,,,
17600,1500,17599,17111,17123,1,67,67,70,70,49,49,53,53,62,62,67,67,186,186,910,910,1134,1134,1023,1023,977,977,900,900,812,812,861,861,864,864,851,851,886,886,939,939,854,854,524,524,336,336,227,227,165,165,84,84,,,,,,,,,,,,,,,,,,,,,,,,,,,,,,,,,,,,,,,,,,,,,,,,
17601,1600,17602,17378,,0,0,0,0,0,0,0,0,0,0,0,0,0,0,0,2,2,2,2,2,2,2,2,2,2,2,2,2,2,2,2,2,2,2,2,2,2,2,2,1,1,1,1,0,0,0,0,0,0,,,,,,,,,,,,,,,,,,,,,,,,,,,,,,,,,,,,,,,,,,,,,,,,
17602,1200,17603,17098,17601,1,0,0,0,0,0,0,0,0,0,0,0,0,0,0,2,2,2,2,2,2,2,2,2,2,1,1,1,1,1,1,1,1,2,2,2,2,1,1,1,1,1,1,0,0,0,0,0,0,,,,,,,,,,,,,,,,,,,,,,,,,,,,,,,,,,,,,,,,,,,,,,,,
17603,1200,17602,17604,,0,0,0,0,0,0,0,0,0,0,0,0,0,0,0,2,2,3,3,3,3,3,3,2,2,2,2,2,2,2,2,2,2,2,2,2,2,2,2,1,1,1,1,1,1,0,0,0,0,,,,,,,,,,,,,,,,,,,,,,,,,,,,,,,,,,,,,,,,,,,,,,,,
17604,1200,17102,17091,17603,1,0,0,0,0,0,0,0,0,0,0,0,0,1,1,4,4,4,4,4,4,4,4,4,4,3,3,3,3,3,3,3,3,4,4,4,4,3,3,2,2,1,1,1,1,1,1,0,0,,,,,,,,,,,,,,,,,,,,,,,,,,,,,,,,,,,,,,,,,,,,,,,,
17605,500,17136,17606,,0,67,67,70,70,49,49,53,53,62,62,67,67,186,186,910,910,1134,1134,1023,1023,977,977,900,900,812,812,861,861,864,864,851,851,886,886,939,939,854,854,524,524,336,336,227,227,165,165,84,84,,,,,,,,,,,,,,,,,,,,,,,,,,,,,,,,,,,,,,,,,,,,,,,,
17606,1200,17131,17605,17126,1,0,0,0,0,0,0,0,0,0,0,0,0,1,1,4,4,5,5,5,5,4,4,4,4,4,4,4,4,4,4,4,4,4,4,4,4,4,4,2,2,1,1,1,1,1,1,0,0,,,,,,,,,,,,,,,,,,,,,,,,,,,,,,,,,,,,,,,,,,,,,,,,
17607,600,,17608,,0,0,0,0,0,0,0,0,0,0,0,0,0,1,1,3,3,3,3,3,3,3,3,3,3,2,2,3,3,3,3,3,3,3,3,3,3,3,3,1,1,1,1,1,1,0,0,0,0,,,,,,,,,,,,,,,,,,,,,,,,,,,,,,,,,,,,,,,,,,,,,,,,
17608,800,17121,17607,17132,1,0,0,0,0,0,0,0,0,0,0,0,0,0,0,3,3,3,3,3,3,3,3,3,3,2,2,2,2,2,2,2,2,2,2,3,3,2,2,1,1,1,1,1,1,0,0,0,0,,,,,,,,,,,,,,,,,,,,,,,,,,,,,,,,,,,,,,,,,,,,,,,,
17609,2000,17113,17610,,0,67,67,70,70,49,49,53,53,62,62,67,67,186,186,910,910,1134,1134,1023,1023,977,977,900,900,812,812,861,861,864,864,851,851,886,886,939,939,854,854,524,524,336,336,227,227,165,165,84,84,,,,,,,,,,,,,,,,,,,,,,,,,,,,,,,,,,,,,,,,,,,,,,,,
17610,2000,17609,17111,17127,1,67,67,70,70,49,49,53,53,62,62,67,67,186,186,910,910,1134,1134,1023,1023,977,977,900,900,812,812,861,861,864,864,851,851,886,886,939,939,854,854,524,524,336,336,227,227,165,165,84,84,,,,,,,,,,,,,,,,,,,,,,,,,,,,,,,,,,,,,,,,,,,,,,,,
17611,1200,17612,17100,,0,0,0,0,0,0,0,0,0,0,0,0,0,0,0,1,1,2,2,1,1,1,1,1,1,1,1,1,1,1,1,1,1,1,1,1,1,1,1,1,1,0,0,0,0,0,0,0,0,,,,,,,,,,,,,,,,,,,,,,,,,,,,,,,,,,,,,,,,,,,,,,,,
17612,1600,17611,17613,17097,1,0,0,0,0,0,0,0,0,0,0,0,0,0,0,1,1,1,1,1,1,1,1,1,1,1,1,1,1,1,1,1,1,1,1,1,1,1,1,0,0,0,0,0,0,0,0,0,0,,,,,,,,,,,,,,,,,,,,,,,,,,,,,,,,,,,,,,,,,,,,,,,,
17613,1200,17612,17614,,0,0,0,0,0,0,0,0,0,0,0,0,0,0,0,1,1,2,2,1,1,1,1,1,1,1,1,1,1,1,1,1,1,1,1,1,1,1,1,1,1,0,0,0,0,0,0,0,0,,,,,,,,,,,,,,,,,,,,,,,,,,,,,,,,,,,,,,,,,,,,,,,,
17614,1600,17613,17615,17673,1,0,0,0,0,0,0,0,0,0,0,0,0,0,0,2,2,3,3,2,2,2,2,2,2,2,2,2,2,2,2,2,2,2,2,2,2,2,2,1,1,1,1,0,0,0,0,0,0,,,,,,,,,,,,,,,,,,,,,,,,,,,,,,,,,,,,,,,,,,,,,,,,
17615,1200,,17614,17616,1,0,0,0,0,0,0,0,0,0,0,0,0,0,0,2,2,3,3,3,3,3,3,2,2,2,2,2,2,2,2,2,2,2,2,3,3,2,2,1,1,1,1,1,1,0,0,0,0,,,,,,,,,,,,,,,,,,,,,,,,,,,,,,,,,,,,,,,,,,,,,,,,
17616,1200,17379,17615,17617,1,0,0,0,0,0,0,0,0,0,0,0,0,0,0,3,3,3,3,3,3,3,3,3,3,2,2,2,2,2,2,2,2,3,3,3,3,2,2,1,1,1,1,1,1,0,0,0,0,,,,,,,,,,,,,,,,,,,,,,,,,,,,,,,,,,,,,,,,,,,,,,,,
17617,2000,17616,17618,,0,67,67,70,70,49,49,53,53,62,62,67,67,186,186,910,910,1134,1134,1023,1023,977,977,900,900,812,812,861,861,864,864,851,851,886,886,939,939,854,854,524,524,336,336,227,227,165,165,84,84,,,,,,,,,,,,,,,,,,,,,,,,,,,,,,,,,,,,,,,,,,,,,,,,
17618,2000,17617,17619,17096,1,67,67,70,70,49,49,53,53,62,62,67,67,186,186,910,910,1134,1134,1023,1023,977,977,900,900,812,812,861,861,864,864,851,851,886,886,939,939,854,854,524,524,336,336,227,227,165,165,84,84,,,,,,,,,,,,,,,,,,,,,,,,,,,,,,,,,,,,,,,,,,,,,,,,
17619,2500,17618,17620,,0,67,67,70,70,49,49,53,53,62,62,67,67,186,186,910,910,1134,1134,1023,1023,977,977,900,900,812,812,861,861,864,864,851,851,886,886,939,939,854,854,524,524,336,336,227,227,165,165,84,84,,,,,,,,,,,,,,,,,,,,,,,,,,,,,,,,,,,,,,,,,,,,,,,,
17620,2000,17621,17619,17094,1,67,67,70,70,49,49,53,53,62,62,67,67,186,186,910,910,1134,1134,1023,1023,977,977,900,900,812,812,861,861,864,864,851,851,886,886,939,939,854,854,524,524,336,336,227,227,165,165,84,84,,,,,,,,,,,,,,,,,,,,,,,,,,,,,,,,,,,,,,,,,,,,,,,,
17621,1600,17620,17622,,0,0,0,0,0,0,0,0,0,0,0,0,0,0,0,2,2,2,2,2,2,2,2,2,2,2,2,2,2,2,2,2,2,2,2,2,2,2,2,1,1,1,1,0,0,0,0,0,0,,,,,,,,,,,,,,,,,,,,,,,,,,,,,,,,,,,,,,,,,,,,,,,,
17622,1600,17621,17623,17667,1,0,0,0,0,0,0,0,0,0,0,0,0,0,0,3,3,3,3,3,3,3,3,3,3,3,3,3,3,3,3,3,3,3,3,3,3,3,3,1,1,1,1,1,1,0,0,0,0,,,,,,,,,,,,,,,,,,,,,,,,,,,,,,,,,,,,,,,,,,,,,,,,
17623,1600,17622,17624,,0,0,0,0,0,0,0,0,0,0,0,0,0,0,0,2,2,3,3,3,3,3,3,2,2,2,2,2,2,2,2,2,2,2,2,3,3,2,2,1,1,1,1,0,0,0,0,0,0,,,,,,,,,,,,,,,,,,,,,,,,,,,,,,,,,,,,,,,,,,,,,,,,
17624,600,17623,17103,17090,1,0,0,0,0,0,0,0,0,0,0,0,0,1,1,4,4,5,5,4,4,4,4,4,4,4,4,4,4,4,4,4,4,4,4,4,4,4,4,2,2,1,1,1,1,1,1,0,0,,,,,,,,,,,,,,,,,,,,,,,,,,,,,,,,,,,,,,,,,,,,,,,,
17625,1200,17660,17626,,0,0,0,0,0,0,0,0,0,0,0,0,0,1,1,5,5,6,6,5,5,5,5,5,5,4,4,4,4,5,5,5,5,5,5,5,5,5,5,2,2,1,1,1,1,1,1,0,0,,,,,,,,,,,,,,,,,,,,,,,,,,,,,,,,,,,,,,,,,,,,,,,,
17626,800,17627,17625,17101,1,0,0,0,0,0,0,0,0,0,0,0,0,1,1,8,8,9,9,9,9,9,9,8,8,8,8,7,7,8,8,8,8,8,8,9,9,8,8,4,4,2,2,2,2,1,1,1,1,,,,,,,,,,,,,,,,,,,,,,,,,,,,,,,,,,,,,,,,,,,,,,,,
17627,1200,17626,17628,,0,0,0,0,0,0,0,0,0,0,0,0,0,1,1,6,6,7,7,6,6,6,6,6,6,5,5,5,5,6,6,6,6,6,6,6,6,6,6,3,3,2,2,1,1,1,1,0,0,,,,,,,,,,,,,,,,,,,,,,,,,,,,,,,,,,,,,,,,,,,,,,,,
17628,800,17627,17629,17106,1,0,0,0,0,0,0,0,0,0,0,0,0,1,1,9,9,10,10,9,9,9,9,8,8,8,8,7,7,8,8,8,8,8,8,9,9,9,9,4,4,2,2,2,2,1,1,1,1,,,,,,,,,,,,,,,,,,,,,,,,,,,,,,,,,,,,,,,,,,,,,,,,
17629,1600,17630,17628,,0,53,53,55,55,38,38,42,42,48,48,53,53,146,146,715,715,891,891,804,804,768,768,707,707,638,638,676,676,679,679,669,669,696,696,738,738,671,671,411,411,264,264,178,178,130,130,66,66,,,,,,,,,,,,,,,,,,,,,,,,,,,,,,,,,,,,,,,,,,,,,,,,
17630,1200,17631,17629,17110,1,0,0,0,0,0,0,0,0,0,0,0,0,1,1,3,3,4,4,4,4,4,4,3,3,3,3,3,3,3,3,3,3,3,3,4,4,3,3,2,2,1,1,1,1,1,1,0,0,,,,,,,,,,,,,,,,,,,,,,,,,,,,,,,,,,,,,,,,,,,,,,,,
17631,1650,17632,17630,,0,67,67,70,70,49,49,53,53,62,62,67,67,186,186,910,910,1134,1134,1023,1023,977,977,900,900,812,812,861,861,864,864,851,851,886,886,939,939,854,854,524,524,336,336,227,227,165,165,84,84,,,,,,,,,,,,,,,,,,,,,,,,,,,,,,,,,,,,,,,,,,,,,,,,
17632,1100,17115,17631,17107;17112,2,67,67,70,70,49,49,53,53,62,62,67,67,186,186,910,910,1134,1134,1023,1023,977,977,900,900,812,812,861,861,864,864,851,851,886,886,939,939,854,854,524,524,336,336,227,227,165,165,84,84,,,,,,,,,,,,,,,,,,,,,,,,,,,,,,,,,,,,,,,,,,,,,,,,
17633,1200,17634,17154,,0,0,0,0,0,0,0,0,0,0,0,0,0,0,0,3,3,3,3,3,3,3,3,2,2,2,2,2,2,2,2,2,2,2,2,3,3,2,2,1,1,1,1,1,1,0,0,0,0,,,,,,,,,,,,,,,,,,,,,,,,,,,,,,,,,,,,,,,,,,,,,,,,
17634,1200,17177,17633,17180,1,0,0,0,0,0,0,0,0,0,0,0,0,0,0,1,1,2,2,1,1,1,1,1,1,1,1,1,1,1,1,1,1,1,1,1,1,1,1,1,1,0,0,0,0,0,0,0,0,,,,,,,,,,,,,,,,,,,,,,,,,,,,,,,,,,,,,,,,,,,,,,,,
17635,800,17636,17154,,0,0,0,0,0,0,0,0,0,0,0,0,0,0,0,2,2,3,3,3,3,3,3,2,2,2,2,2,2,2,2,2,2,2,2,2,2,2,2,1,1,1,1,1,1,0,0,0,0,,,,,,,,,,,,,,,,,,,,,,,,,,,,,,,,,,,,,,,,,,,,,,,,
17636,800,17149,17635,17138,1,0,0,0,0,0,0,0,0,0,0,0,0,0,0,2,2,2,2,2,2,2,2,2,2,2,2,2,2,2,2,2,2,2,2,2,2,2,2,1,1,1,1,0,0,0,0,0,0,,,,,,,,,,,,,,,,,,,,,,,,,,,,,,,,,,,,,,,,,,,,,,,,
17637,1200,17147,17638,,0,53,53,55,55,38,38,42,42,48,48,53,53,146,146,715,715,891,891,804,804,768,768,707,707,638,638,676,676,679,679,669,669,696,696,738,738,671,671,411,411,264,264,178,178,130,130,66,66,,,,,,,,,,,,,,,,,,,,,,,,,,,,,,,,,,,,,,,,,,,,,,,,
17638,400,17134,17143,17637,1,0,0,0,0,0,0,0,0,0,0,0,0,1,1,4,4,5,5,5,5,4,4,4,4,4,4,4,4,4,4,4,4,4,4,4,4,4,4,2,2,1,1,1,1,1,1,0,0,,,,,,,,,,,,,,,,,,,,,,,,,,,,,,,,,,,,,,,,,,,,,,,,
17639,2500,17640,17116,,0,67,67,70,70,49,49,53,53,62,62,67,67,186,186,910,910,1134,1134,1023,1023,977,977,900,900,812,812,861,861,864,864,851,851,886,886,939,939,854,854,524,524,336,336,227,227,165,165,84,84,,,,,,,,,,,,,,,,,,,,,,,,,,,,,,,,,,,,,,,,,,,,,,,,
17640,1500,17138,17143,17639,1,67,67,70,70,49,49,53,53,62,62,67,67,186,186,910,910,1134,1134,1023,1023,977,977,900,900,812,812,861,861,864,864,851,851,886,886,939,939,854,854,524,524,336,336,227,227,165,165,84,84,,,,,,,,,,,,,,,,,,,,,,,,,,,,,,,,,,,,,,,,,,,,,,,,
17641,2000,17642,17147,,0,56,56,57,57,40,40,43,43,50,50,55,55,154,154,1096,1096,1258,1258,1162,1162,1148,1148,1041,1041,998,998,962,962,1043,1043,1043,1043,1045,1045,1126,1126,1085,1085,529,529,327,327,211,211,154,154,85,85,,,,,,,,,,,,,,,,,,,,,,,,,,,,,,,,,,,,,,,,,,,,,,,,
17642,800,17641,17145,17643,1,0,0,0,0,0,0,0,0,0,0,0,0,1,1,6,6,7,7,6,6,6,6,6,6,6,6,5,5,6,6,6,6,6,6,6,6,6,6,3,3,2,2,1,1,1,1,0,0,,,,,,,,,,,,,,,,,,,,,,,,,,,,,,,,,,,,,,,,,,,,,,,,
17643,1200,17642,17644,,0,0,0,0,0,0,0,0,0,0,0,0,0,1,1,6,6,7,7,6,6,6,6,6,6,5,5,5,5,6,6,6,6,6,6,6,6,6,6,3,3,2,2,1,1,1,1,0,0,,,,,,,,,,,,,,,,,,,,,,,,,,,,,,,,,,,,,,,,,,,,,,,,
17644,800,17129,17643,17134,1,0,0,0,0,0,0,0,0,0,0,0,0,1,1,5,5,6,6,5,5,5,5,5,5,5,5,4,4,5,5,5,5,5,5,5,5,5,5,2,2,1,1,1,1,1,1,0,0,,,,,,,,,,,,,,,,,,,,,,,,,,,,,,,,,,,,,,,,,,,,,,,,
17645,1600,17116,17646,,0,0,0,0,0,0,0,0,0,0,0,0,0,1,1,5,5,6,6,5,5,5,5,5,5,4,4,4,4,4,4,4,4,4,4,5,5,4,4,2,2,2,2,1,1,1,1,0,0,,,,,,,,,,,,,,,,,,,,,,,,,,,,,,,,,,,,,,,,,,,,,,,,
17646,1600,17114,17645,17129,1,0,0,0,0,0,0,0,0,0,0,0,0,0,0,2,2,2,2,2,2,2,2,2,2,2,2,2,2,2,2,2,2,2,2,2,2,2,2,1,1,1,1,0,0,0,0,0,0,,,,,,,,,,,,,,,,,,,,,,,,,,,,,,,,,,,,,,,,,,,,,,,,
17647,1600,17648,17158,,0,0,0,0,0,0,0,0,0,0,0,0,0,1,1,4,4,4,4,4,4,4,4,4,4,3,3,3,3,4,4,4,4,4,4,4,4,4,4,2,2,1,1,1,1,1,1,0,0,,,,,,,,,,,,,,,,,,,,,,,,,,,,,,,,,,,,,,,,,,,,,,,,
17648,1200,17647,17156,17169,1,0,0,0,0,0,0,0,0,0,0,0,0,1,1,4,4,5,5,5,5,5,5,4,4,4,4,4,4,4,4,4,4,4,4,5,5,4,4,2,2,1,1,1,1,1,1,0,0,,,,,,,,,,,,,,,,,,,,,,,,,,,,,,,,,,,,,,,,,,,,,,,,
17649,2000,17144,17650,,0,56,56,57,57,40,40,43,43,50,50,55,55,154,154,1096,1096,1258,1258,1162,1162,1148,1148,1041,1041,998,998,962,962,1043,1043,1043,1043,1045,1045,1126,1126,1085,1085,529,529,327,327,211,211,154,154,85,85,,,,,,,,,,,,,,,,,,,,,,,,,,,,,,,,,,,,,,,,,,,,,,,,
17650,1200,17649,17141,17125,1,0,0,0,0,0,0,0,0,0,0,0,0,1,1,5,5,6,6,6,6,6,6,5,5,5,5,5,5,5,5,5,5,5,5,5,5,5,5,2,2,2,2,1,1,1,1,0,0,,,,,,,,,,,,,,,,,,,,,,,,,,,,,,,,,,,,,,,,,,,,,,,,
17651,2500,17559,17652,,0,56,56,57,57,40,40,43,43,50,50,55,55,154,154,1096,1096,1258,1258,1162,1162,1148,1148,1041,1041,998,998,962,962,1043,1043,1043,1043,1045,1045,1126,1126,1085,1085,529,529,327,327,211,211,154,154,85,85,,,,,,,,,,,,,,,,,,,,,,,,,,,,,,,,,,,,,,,,,,,,,,,,
17652,2500,17651,17184,17653,1,56,56,57,57,40,40,43,43,50,50,55,55,154,154,1096,1096,1258,1258,1162,1162,1148,1148,1041,1041,998,998,962,962,1043,1043,1043,1043,1045,1045,1126,1126,1085,1085,529,529,327,327,211,211,154,154,85,85,,,,,,,,,,,,,,,,,,,,,,,,,,,,,,,,,,,,,,,,,,,,,,,,
17653,2500,17654,17652,,0,56,56,57,57,40,40,43,43,50,50,55,55,154,154,1096,1096,1258,1258,1162,1162,1148,1148,1041,1041,998,998,962,962,1043,1043,1043,1043,1045,1045,1126,1126,1085,1085,529,529,327,327,211,211,154,154,85,85,,,,,,,,,,,,,,,,,,,,,,,,,,,,,,,,,,,,,,,,,,,,,,,,
17654,3000,17156,17653,17655,1,56,56,57,57,40,40,43,43,50,50,55,55,154,154,1096,1096,1258,1258,1162,1162,1148,1148,1041,1041,998,998,962,962,1043,1043,1043,1043,1045,1045,1126,1126,1085,1085,529,529,327,327,211,211,154,154,85,85,,,,,,,,,,,,,,,,,,,,,,,,,,,,,,,,,,,,,,,,,,,,,,,,
17655,3000,17654,17656,,0,56,56,57,57,40,40,43,43,50,50,55,55,154,154,1096,1096,1258,1258,1162,1162,1148,1148,1041,1041,998,998,962,962,1043,1043,1043,1043,1045,1045,1126,1126,1085,1085,529,529,327,327,211,211,154,154,85,85,,,,,,,,,,,,,,,,,,,,,,,,,,,,,,,,,,,,,,,,,,,,,,,,
17656,2500,17655,17141,17657,1,56,56,57,57,40,40,43,43,50,50,55,55,154,154,1096,1096,1258,1258,1162,1162,1148,1148,1041,1041,998,998,962,962,1043,1043,1043,1043,1045,1045,1126,1126,1085,1085,529,529,327,327,211,211,154,154,85,85,,,,,,,,,,,,,,,,,,,,,,,,,,,,,,,,,,,,,,,,,,,,,,,,
17657,3000,17656,17658,,0,56,56,57,57,40,40,43,43,50,50,55,55,154,154,1096,1096,1258,1258,1162,1162,1148,1148,1041,1041,998,998,962,962,1043,1043,1043,1043,1045,1045,1126,1126,1085,1085,529,529,327,327,211,211,154,154,85,85,,,,,,,,,,,,,,,,,,,,,,,,,,,,,,,,,,,,,,,,,,,,,,,,
17658,2500,17657,17104,17659,1,56,56,57,57,40,40,43,43,50,50,55,55,154,154,1096,1096,1258,1258,1162,1162,1148,1148,1041,1041,998,998,962,962,1043,1043,1043,1043,1045,1045,1126,1126,1085,1085,529,529,327,327,211,211,154,154,85,85,,,,,,,,,,,,,,,,,,,,,,,,,,,,,,,,,,,,,,,,,,,,,,,,
17659,2500,17658,17660,,0,56,56,57,57,40,40,43,43,50,50,55,55,154,154,1096,1096,1258,1258,1162,1162,1148,1148,1041,1041,998,998,962,962,1043,1043,1043,1043,1045,1045,1126,1126,1085,1085,529,529,327,327,211,211,154,154,85,85,,,,,,,,,,,,,,,,,,,,,,,,,,,,,,,,,,,,,,,,,,,,,,,,
17660,1200,17625,17659,17661,1,0,0,0,0,0,0,0,0,0,0,0,0,1,1,9,9,11,11,10,10,10,10,9,9,9,9,8,8,9,9,9,9,9,9,10,10,9,9,4,4,3,3,2,2,1,1,1,1,,,,,,,,,,,,,,,,,,,,,,,,,,,,,,,,,,,,,,,,,,,,,,,,
17661,3000,17660,17662,,0,56,56,57,57,40,40,43,43,50,50,55,55,154,154,1096,1096,1258,1258,1162,1162,1148,1148,1041,1041,998,998,962,962,1043,1043,1043,1043,1045,1045,1126,1126,1085,1085,529,529,327,327,211,211,154,154,85,85,,,,,,,,,,,,,,,,,,,,,,,,,,,,,,,,,,,,,,,,,,,,,,,,
17662,2500,17103,17661,17663,1,56,56,57,57,40,40,43,43,50,50,55,55,154,154,1096,1096,1258,1258,1162,1162,1148,1148,1041,1041,998,998,962,962,1043,1043,1043,1043,1045,1045,1126,1126,1085,1085,529,529,327,327,211,211,154,154,85,85,,,,,,,,,,,,,,,,,,,,,,,,,,,,,,,,,,,,,,,,,,,,,,,,
17663,3500,17662,17664,,0,56,56,57,57,40,40,43,43,50,50,55,55,154,154,1096,1096,1258,1258,1162,1162,1148,1148,1041,1041,998,998,962,962,1043,1043,1043,1043,1045,1045,1126,1126,1085,1085,529,529,327,327,211,211,154,154,85,85,,,,,,,,,,,,,,,,,,,,,,,,,,,,,,,,,,,,,,,,,,,,,,,,
17664,3000,17079,,17665;17663,2,56,56,57,57,40,40,43,43,50,50,55,55,154,154,1096,1096,1258,1258,1162,1162,1148,1148,1041,1041,998,998,962,962,1043,1043,1043,1043,1045,1045,1126,1126,1085,1085,529,529,327,327,211,211,154,154,85,85,,,,,,,,,,,,,,,,,,,,,,,,,,,,,,,,,,,,,,,,,,,,,,,,
17665,2500,17664,17666,,0,56,56,57,57,40,40,43,43,50,50,55,55,154,154,1096,1096,1258,1258,1162,1162,1148,1148,1041,1041,998,998,962,962,1043,1043,1043,1043,1045,1045,1126,1126,1085,1085,529,529,327,327,211,211,154,154,85,85,,,,,,,,,,,,,,,,,,,,,,,,,,,,,,,,,,,,,,,,,,,,,,,,
17666,3000,17665,17201,17669,1,56,56,57,57,40,40,43,43,50,50,55,55,154,154,1096,1096,1258,1258,1162,1162,1148,1148,1041,1041,998,998,962,962,1043,1043,1043,1043,1045,1045,1126,1126,1085,1085,529,529,327,327,211,211,154,154,85,85,,,,,,,,,,,,,,,,,,,,,,,,,,,,,,,,,,,,,,,,,,,,,,,,
17667,1600,17668,17622,,0,0,0,0,0,0,0,0,0,0,0,0,0,0,0,3,3,3,3,3,3,3,3,3,3,2,2,2,2,3,3,3,3,3,3,3,3,3,3,1,1,1,1,0,0,0,0,0,0,,,,,,,,,,,,,,,,,,,,,,,,,,,,,,,,,,,,,,,,,,,,,,,,
17668,800,17089,17667,17079,1,0,0,0,0,0,0,0,0,0,0,0,0,0,0,3,3,3,3,3,3,3,3,3,3,3,3,3,3,3,3,3,3,3,3,3,3,3,3,1,1,1,1,1,1,0,0,0,0,,,,,,,,,,,,,,,,,,,,,,,,,,,,,,,,,,,,,,,,,,,,,,,,
17669,2500,17666,17670,,0,56,56,57,57,40,40,43,43,50,50,55,55,154,154,1096,1096,1258,1258,1162,1162,1148,1148,1041,1041,998,998,962,962,1043,1043,1043,1043,1045,1045,1126,1126,1085,1085,529,529,327,327,211,211,154,154,85,85,,,,,,,,,,,,,,,,,,,,,,,,,,,,,,,,,,,,,,,,,,,,,,,,
17670,1000,17671,17669,17089,1,56,56,57,57,40,40,43,43,50,50,55,55,154,154,1096,1096,1258,1258,1162,1162,1148,1148,1041,1041,998,998,962,962,1043,1043,1043,1043,1045,1045,1126,1126,1085,1085,529,529,327,327,211,211,154,154,85,85,,,,,,,,,,,,,,,,,,,,,,,,,,,,,,,,,,,,,,,,,,,,,,,,
17671,1200,17670,17672,,0,0,0,0,0,0,0,0,0,0,0,0,0,1,1,5,5,6,6,5,5,5,5,5,5,4,4,4,4,4,4,4,4,4,4,5,5,4,4,2,2,2,2,1,1,1,1,0,0,,,,,,,,,,,,,,,,,,,,,,,,,,,,,,,,,,,,,,,,,,,,,,,,
17672,800,17671,17085,17075;17094,2,0,0,0,0,0,0,0,0,0,0,0,0,0,0,2,2,3,3,3,3,2,2,2,2,2,2,2,2,2,2,2,2,2,2,2,2,2,2,1,1,1,1,1,1,0,0,0,0,,,,,,,,,,,,,,,,,,,,,,,,,,,,,,,,,,,,,,,,,,,,,,,,
17673,1200,17674,17614,,0,0,0,0,0,0,0,0,0,0,0,0,0,0,0,2,2,2,2,2,2,2,2,2,2,1,1,2,2,2,2,2,2,2,2,2,2,2,2,1,1,1,1,0,0,0,0,0,0,,,,,,,,,,,,,,,,,,,,,,,,,,,,,,,,,,,,,,,,,,,,,,,,
17674,800,17675,17673,17093,1,0,0,0,0,0,0,0,0,0,0,0,0,1,1,3,3,4,4,4,4,3,3,3,3,3,3,3,3,3,3,3,3,3,3,3,3,3,3,2,2,1,1,1,1,1,1,0,0,,,,,,,,,,,,,,,,,,,,,,,,,,,,,,,,,,,,,,,,,,,,,,,,
17675,800,17674,17676,,0,0,0,0,0,0,0,0,0,0,0,0,0,1,1,4,4,5,5,5,5,4,4,4,4,4,4,4,4,4,4,4,4,4,4,4,4,4,4,2,2,1,1,1,1,1,1,0,0,,,,,,,,,,,,,,,,,,,,,,,,,,,,,,,,,,,,,,,,,,,,,,,,
17676,1000,17675,17099,17092,1,67,67,70,70,49,49,53,53,62,62,67,67,186,186,910,910,1134,1134,1023,1023,977,977,900,900,812,812,861,861,864,864,851,851,886,886,939,939,854,854,524,524,336,336,227,227,165,165,84,84,,,,,,,,,,,,,,,,,,,,,,,,,,,,,,,,,,,,,,,,,,,,,,,,
17677,4400,,17080,17678,1,67,67,70,70,49,49,53,53,62,62,67,67,186,186,910,910,1134,1134,1023,1023,977,977,900,900,812,812,861,861,864,864,851,851,886,886,939,939,854,854,524,524,336,336,227,227,165,165,84,84,,,,,,,,,,,,,,,,,,,,,,,,,,,,,,,,,,,,,,,,,,,,,,,,
17678,2200,17084,17677,17077,1,67,67,70,70,49,49,53,53,62,62,67,67,186,186,910,910,1134,1134,1023,1023,977,977,900,900,812,812,861,861,864,864,851,851,886,886,939,939,854,854,524,524,336,336,227,227,165,165,84,84,,,,,,,,,,,,,,,,,,,,,,,,,,,,,,,,,,,,,,,,,,,,,,,,
17679,4400,17680,17076,,0,67,67,70,70,49,49,53,53,62,62,67,67,186,186,910,910,1134,1134,1023,1023,977,977,900,900,812,812,861,861,864,864,851,851,886,886,939,939,854,854,524,524,336,336,227,227,165,165,84,84,,,,,,,,,,,,,,,,,,,,,,,,,,,,,,,,,,,,,,,,,,,,,,,,
17680,1600,17679,17075,17073,1,0,0,0,0,0,0,0,0,0,0,0,0,0,0,2,2,3,3,3,3,3,3,2,2,2,2,2,2,2,2,2,2,2,2,2,2,2,2,1,1,1,1,1,1,0,0,0,0,,,,,,,,,,,,,,,,,,,,,,,,,,,,,,,,,,,,,,,,,,,,,,,,
17681,800,17702,17682,,0,33,33,31,31,22,22,23,23,26,26,31,31,88,88,1055,1055,1119,1119,1058,1058,1080,1080,966,966,980,980,861,861,1008,1008,1021,1021,988,988,1080,1080,1096,1096,421,421,249,249,150,150,110,110,68,68,,,,,,,,,,,,,,,,,,,,,,,,,,,,,,,,,,,,,,,,,,,,,,,,
17682,300,7870,17048,17681,1,0,0,0,0,0,0,0,0,0,0,0,0,1,1,6,6,7,7,7,7,7,7,6,6,6,6,5,5,6,6,6,6,6,6,6,6,6,6,3,3,2,2,1,1,1,1,0,0,,,,,,,,,,,,,,,,,,,,,,,,,,,,,,,,,,,,,,,,,,,,,,,,
17683,4400,4317,17052,,0,34,34,35,35,24,24,26,26,31,31,34,34,93,93,1024,1024,1168,1168,1154,1154,1117,1117,1034,1034,948,948,1003,1003,958,958,1015,1015,1030,1030,1075,1075,972,972,262,262,168,168,114,114,82,82,42,42,,,,,,,,,,,,,,,,,,,,,,,,,,,,,,,,,,,,,,,,,,,,,,,,
17684,1200,17056,17685,,0,0,0,0,0,0,0,0,0,0,0,0,0,0,0,1,1,2,2,1,1,1,1,1,1,1,1,1,1,1,1,1,1,1,1,1,1,1,1,1,1,0,0,0,0,0,0,0,0,,,,,,,,,,,,,,,,,,,,,,,,,,,,,,,,,,,,,,,,,,,,,,,,
17685,1200,17684,17060,17686,1,0,0,0,0,0,0,0,0,0,0,0,0,0,0,2,2,3,3,3,3,3,3,2,2,2,2,2,2,2,2,2,2,2,2,2,2,2,2,1,1,1,1,1,1,0,0,0,0,,,,,,,,,,,,,,,,,,,,,,,,,,,,,,,,,,,,,,,,,,,,,,,,
17686,1200,4324,17685,,0,0,0,0,0,0,0,0,0,0,0,0,0,1,1,12,12,13,13,13,13,13,13,11,11,11,11,11,11,11,11,12,12,11,11,12,12,12,12,4,4,3,3,2,2,1,1,1,1,,,,,,,,,,,,,,,,,,,,,,,,,,,,,,,,,,,,,,,,,,,,,,,,
17687,1200,17068,17074,17688,1,0,0,0,0,0,0,0,0,0,0,0,0,1,1,4,4,5,5,5,5,5,5,4,4,4,4,4,4,4,4,4,4,4,4,4,4,4,4,2,2,1,1,1,1,1,1,0,0,,,,,,,,,,,,,,,,,,,,,,,,,,,,,,,,,,,,,,,,,,,,,,,,
17688,1500,17687,17063,,0,67,67,70,70,49,49,53,53,62,62,67,67,186,186,910,910,1134,1134,1023,1023,977,977,900,900,812,812,861,861,864,864,851,851,886,886,939,939,854,854,524,524,336,336,227,227,165,165,84,84,,,,,,,,,,,,,,,,,,,,,,,,,,,,,,,,,,,,,,,,,,,,,,,,
17689,1500,17063,17690,,0,67,67,70,70,49,49,53,53,62,62,67,67,186,186,910,910,1134,1134,1023,1023,977,977,900,900,812,812,861,861,864,864,851,851,886,886,939,939,854,854,524,524,336,336,227,227,165,165,84,84,,,,,,,,,,,,,,,,,,,,,,,,,,,,,,,,,,,,,,,,,,,,,,,,
17690,1200,17061,17689,17058,1,0,0,0,0,0,0,0,0,0,0,0,0,1,1,3,3,3,3,3,3,3,3,3,3,3,3,3,3,3,3,3,3,3,3,3,3,3,3,1,1,1,1,1,1,0,0,0,0,,,,,,,,,,,,,,,,,,,,,,,,,,,,,,,,,,,,,,,,,,,,,,,,
17691,4400,17087,17692,,0,67,67,70,70,49,49,53,53,62,62,67,67,186,186,910,910,1134,1134,1023,1023,977,977,900,900,812,812,861,861,864,864,851,851,886,886,939,939,854,854,524,524,336,336,227,227,165,165,84,84,,,,,,,,,,,,,,,,,,,,,,,,,,,,,,,,,,,,,,,,,,,,,,,,
17692,1600,17691,17695,17083,1,0,0,0,0,0,0,0,0,0,0,0,0,0,0,2,2,3,3,2,2,2,2,2,2,2,2,2,2,2,2,2,2,2,2,2,2,2,2,1,1,1,1,0,0,0,0,0,0,,,,,,,,,,,,,,,,,,,,,,,,,,,,,,,,,,,,,,,,,,,,,,,,
17693,1200,17062,17694,,0,0,0,0,0,0,0,0,0,0,0,0,0,0,0,1,1,2,2,1,1,1,1,1,1,1,1,1,1,1,1,1,1,1,1,1,1,1,1,1,1,0,0,0,0,0,0,0,0,,,,,,,,,,,,,,,,,,,,,,,,,,,,,,,,,,,,,,,,,,,,,,,,
17694,800,17693,4286,4283,1,0,0,0,0,0,0,0,0,0,0,0,0,0,0,1,1,1,1,1,1,1,1,1,1,1,1,1,1,1,1,1,1,1,1,1,1,1,1,0,0,0,0,0,0,0,0,0,0,,,,,,,,,,,,,,,,,,,,,,,,,,,,,,,,,,,,,,,,,,,,,,,,
17695,1200,17692,17696,,0,0,0,0,0,0,0,0,0,0,0,0,0,0,0,1,1,2,2,1,1,1,1,1,1,1,1,1,1,1,1,1,1,1,1,1,1,1,1,1,1,0,0,0,0,0,0,0,0,,,,,,,,,,,,,,,,,,,,,,,,,,,,,,,,,,,,,,,,,,,,,,,,
17696,1200,17695,17097,17092,1,0,0,0,0,0,0,0,0,0,0,0,0,0,0,1,1,1,1,1,1,1,1,1,1,1,1,1,1,1,1,1,1,1,1,1,1,1,1,0,0,0,0,0,0,0,0,0,0,,,,,,,,,,,,,,,,,,,,,,,,,,,,,,,,,,,,,,,,,,,,,,,,
17697,3850,17150,17698,,0,56,56,57,57,40,40,43,43,50,50,55,55,154,154,1096,1096,1258,1258,1162,1162,1148,1148,1041,1041,998,998,962,962,1043,1043,1043,1043,1045,1045,1126,1126,1085,1085,529,529,327,327,211,211,154,154,85,85,,,,,,,,,,,,,,,,,,,,,,,,,,,,,,,,,,,,,,,,,,,,,,,,
17698,2750,17697,17064,4287,1,56,56,57,57,40,40,43,43,50,50,55,55,154,154,1096,1096,1258,1258,1162,1162,1148,1148,1041,1041,998,998,962,962,1043,1043,1043,1043,1045,1045,1126,1126,1085,1085,529,529,327,327,211,211,154,154,85,85,,,,,,,,,,,,,,,,,,,,,,,,,,,,,,,,,,,,,,,,,,,,,,,,
17699,3300,17150,,17700,1,56,56,57,57,40,40,43,43,50,50,55,55,154,154,1096,1096,1258,1258,1162,1162,1148,1148,1041,1041,998,998,962,962,1043,1043,1043,1043,1045,1045,1126,1126,1085,1085,529,529,327,327,211,211,154,154,85,85,,,,,,,,,,,,,,,,,,,,,,,,,,,,,,,,,,,,,,,,,,,,,,,,
177,3500,180,131,,0,67,67,70,70,49,49,53,53,62,62,67,67,186,186,910,910,1134,1134,1023,1023,977,977,900,900,812,812,861,861,864,864,851,851,886,886,939,939,854,854,524,524,336,336,227,227,165,165,84,84,,,,,,,,,,,,,,,,,,,,,,,,,,,,,,,,,,,,,,,,,,,,,,,,
17700,1600,17699,17701,17051,1,33,33,31,31,22,22,23,23,26,26,31,31,88,88,1055,1055,1119,1119,1058,1058,1080,1080,966,966,980,980,861,861,1008,1008,1021,1021,988,988,1080,1080,1096,1096,421,421,249,249,150,150,110,110,68,68,,,,,,,,,,,,,,,,,,,,,,,,,,,,,,,,,,,,,,,,,,,,,,,,
17701,800,17702,17700,,0,0,0,0,0,0,0,0,0,0,0,0,0,1,1,9,9,11,11,10,10,10,10,9,9,9,9,8,8,9,9,9,9,9,9,10,10,9,9,4,4,3,3,2,2,1,1,1,1,,,,,,,,,,,,,,,,,,,,,,,,,,,,,,,,,,,,,,,,,,,,,,,,
17702,1600,17701,17681,17066,1,0,0,0,0,0,0,0,0,0,0,0,0,1,1,7,7,8,8,8,8,8,8,7,7,7,7,6,6,7,7,7,7,7,7,8,8,7,7,3,3,2,2,1,1,1,1,1,1,,,,,,,,,,,,,,,,,,,,,,,,,,,,,,,,,,,,,,,,,,,,,,,,
17703,1200,4281,17704,,0,1,1,1,1,0,0,0,0,0,0,0,0,1,1,10,10,12,12,11,11,11,11,10,10,10,10,9,9,10,10,10,10,10,10,11,11,10,10,5,5,3,3,2,2,1,1,1,1,,,,,,,,,,,,,,,,,,,,,,,,,,,,,,,,,,,,,,,,,,,,,,,,
17704,300,17051,17047,17703,1,1,1,1,1,0,0,0,0,0,0,1,1,1,1,11,11,13,13,12,12,12,12,11,11,10,10,10,10,11,11,11,11,11,11,11,11,11,11,5,5,3,3,2,2,2,2,1,1,,,,,,,,,,,,,,,,,,,,,,,,,,,,,,,,,,,,,,,,,,,,,,,,
17705,1100,17706,7736,7909,1,56,56,57,57,40,40,43,43,50,50,55,55,154,154,1096,1096,1258,1258,1162,1162,1148,1148,1041,1041,998,998,962,962,1043,1043,1043,1043,1045,1045,1126,1126,1085,1085,529,529,327,327,211,211,154,154,85,85,,,,,,,,,,,,,,,,,,,,,,,,,,,,,,,,,,,,,,,,,,,,,,,,
17706,4400,17705,17707,,0,56,56,57,57,40,40,43,43,50,50,55,55,154,154,1096,1096,1258,1258,1162,1162,1148,1148,1041,1041,998,998,962,962,1043,1043,1043,1043,1045,1045,1126,1126,1085,1085,529,529,327,327,211,211,154,154,85,85,,,,,,,,,,,,,,,,,,,,,,,,,,,,,,,,,,,,,,,,,,,,,,,,
17707,1100,17708,7245,17706,1,56,56,57,57,40,40,43,43,50,50,55,55,154,154,1096,1096,1258,1258,1162,1162,1148,1148,1041,1041,998,998,962,962,1043,1043,1043,1043,1045,1045,1126,1126,1085,1085,529,529,327,327,211,211,154,154,85,85,,,,,,,,,,,,,,,,,,,,,,,,,,,,,,,,,,,,,,,,,,,,,,,,
17708,4400,17709,17707,,0,56,56,57,57,40,40,43,43,50,50,55,55,154,154,1096,1096,1258,1258,1162,1162,1148,1148,1041,1041,998,998,962,962,1043,1043,1043,1043,1045,1045,1126,1126,1085,1085,529,529,327,327,211,211,154,154,85,85,,,,,,,,,,,,,,,,,,,,,,,,,,,,,,,,,,,,,,,,,,,,,,,,
17709,1100,7878,17710,17708,1,56,56,57,57,40,40,43,43,50,50,55,55,154,154,1096,1096,1258,1258,1162,1162,1148,1148,1041,1041,998,998,962,962,1043,1043,1043,1043,1045,1045,1126,1126,1085,1085,529,529,327,327,211,211,154,154,85,85,,,,,,,,,,,,,,,,,,,,,,,,,,,,,,,,,,,,,,,,,,,,,,,,
17710,4400,17709,,17150,1,56,56,57,57,40,40,43,43,50,50,55,55,154,154,1096,1096,1258,1258,1162,1162,1148,1148,1041,1041,998,998,962,962,1043,1043,1043,1043,1045,1045,1126,1126,1085,1085,529,529,327,327,211,211,154,154,85,85,,,,,,,,,,,,,,,,,,,,,,,,,,,,,,,,,,,,,,,,,,,,,,,,
17711,4400,17150,4332,4273,1,67,67,70,70,49,49,53,53,62,62,67,67,186,186,910,910,1134,1134,1023,1023,977,977,900,900,812,812,861,861,864,864,851,851,886,886,939,939,854,854,524,524,336,336,227,227,165,165,84,84,,,,,,,,,,,,,,,,,,,,,,,,,,,,,,,,,,,,,,,,,,,,,,,,
17712,1600,17713,17109,,0,0,0,0,0,0,0,0,0,0,0,0,0,1,1,8,8,9,9,8,8,8,8,7,7,7,7,7,7,8,8,8,8,8,8,8,8,8,8,4,4,2,2,1,1,1,1,1,1,,,,,,,,,,,,,,,,,,,,,,,,,,,,,,,,,,,,,,,,,,,,,,,,
17713,800,17139,17712,17145,1,0,0,0,0,0,0,0,0,0,0,0,0,1,1,5,5,6,6,5,5,5,5,5,5,5,5,4,4,5,5,5,5,5,5,5,5,5,5,2,2,1,1,1,1,1,1,0,0,,,,,,,,,,,,,,,,,,,,,,,,,,,,,,,,,,,,,,,,,,,,,,,,
17714,4400,17081,17078,,0,67,67,70,70,49,49,53,53,62,62,67,67,186,186,910,910,1134,1134,1023,1023,977,977,900,900,812,812,861,861,864,864,851,851,886,886,939,939,854,854,524,524,336,336,227,227,165,165,84,84,,,,,,,,,,,,,,,,,,,,,,,,,,,,,,,,,,,,,,,,,,,,,,,,
17715,300,,9896,143,1,0,0,0,0,0,0,0,0,0,0,0,0,1,1,9,9,10,10,9,9,9,9,9,9,8,8,8,8,8,8,9,9,9,9,9,9,8,8,2,2,1,1,1,1,1,1,0,0,,,,,,,,,,,,,,,,,,,,,,,,,,,,,,,,,,,,,,,,,,,,,,,,
17716,1100,9896,166,17718,1,27,27,28,28,20,20,21,21,25,25,27,27,74,74,1049,1049,1182,1182,1170,1170,1126,1126,1056,1056,970,970,1022,1022,982,982,1052,1052,1066,1066,1112,1112,1010,1010,210,210,134,134,91,91,66,66,34,34,,,,,,,,,,,,,,,,,,,,,,,,,,,,,,,,,,,,,,,,,,,,,,,,
17717,1100,,9896,169;17718,2,27,27,28,28,20,20,21,21,25,25,27,27,74,74,1049,1049,1182,1182,1170,1170,1126,1126,1056,1056,970,970,1022,1022,982,982,1052,1052,1066,1066,1112,1112,1010,1010,210,210,134,134,91,91,66,66,34,34,,,,,,,,,,,,,,,,,,,,,,,,,,,,,,,,,,,,,,,,,,,,,,,,
17718,1650,17719,17717,171;17716,2,54,54,56,56,39,39,42,42,50,50,54,54,149,149,956,956,1147,1147,1075,1075,1033,1033,954,954,866,866,918,918,901,901,917,917,943,943,993,993,901,901,419,419,269,269,182,182,132,132,67,67,,,,,,,,,,,,,,,,,,,,,,,,,,,,,,,,,,,,,,,,,,,,,,,,
17719,4000,17720,17718,174,1,54,54,56,56,39,39,42,42,50,50,54,54,149,149,956,956,1147,1147,1075,1075,1033,1033,954,954,866,866,918,918,901,901,917,917,943,943,993,993,901,901,419,419,269,269,182,182,132,132,67,67,,,,,,,,,,,,,,,,,,,,,,,,,,,,,,,,,,,,,,,,,,,,,,,,
17720,3000,17719,17721,176,1,54,54,56,56,39,39,42,42,50,50,54,54,149,149,956,956,1147,1147,1075,1075,1033,1033,954,954,866,866,918,918,901,901,917,917,943,943,993,993,901,901,419,419,269,269,182,182,132,132,67,67,,,,,,,,,,,,,,,,,,,,,,,,,,,,,,,,,,,,,,,,,,,,,,,,
17721,3500,17722,17720,182,1,54,54,56,56,39,39,42,42,50,50,54,54,149,149,956,956,1147,1147,1075,1075,1033,1033,954,954,866,866,918,918,901,901,917,917,943,943,993,993,901,901,419,419,269,269,182,182,132,132,67,67,,,,,,,,,,,,,,,,,,,,,,,,,,,,,,,,,,,,,,,,,,,,,,,,
17722,3000,17721,9896,185;9796,2,44,44,46,46,32,32,34,34,40,40,44,44,122,122,1037,1037,1195,1195,1144,1144,1114,1114,1024,1024,952,952,976,976,977,977,1009,1009,1021,1021,1079,1079,999,999,376,376,237,237,157,157,114,114,60,60,,,,,,,,,,,,,,,,,,,,,,,,,,,,,,,,,,,,,,,,,,,,,,,,
17723,300,,356,15399;353,2,0,0,0,0,0,0,0,0,0,0,0,0,0,0,4,4,4,4,4,4,4,4,4,4,3,3,3,3,3,3,4,4,4,4,4,4,3,3,1,1,0,0,0,0,0,0,0,0,,,,,,,,,,,,,,,,,,,,,,,,,,,,,,,,,,,,,,,,,,,,,,,,
17724,500,541,536,15400,1,54,54,56,56,39,39,42,42,50,50,54,54,149,149,956,956,1147,1147,1075,1075,1033,1033,954,954,866,866,918,918,901,901,917,917,943,943,993,993,901,901,419,419,269,269,182,182,132,132,67,67,,,,,,,,,,,,,,,,,,,,,,,,,,,,,,,,,,,,,,,,,,,,,,,,
17725,1000,15234,15231,,0,67,67,70,70,49,49,53,53,62,62,67,67,186,186,910,910,1134,1134,1023,1023,977,977,900,900,812,812,861,861,864,864,851,851,886,886,939,939,854,854,524,524,336,336,227,227,165,165,84,84,,,,,,,,,,,,,,,,,,,,,,,,,,,,,,,,,,,,,,,,,,,,,,,,
17726,2200,18610,,,0,34,34,35,35,24,24,26,26,31,31,34,34,93,93,1033,1033,1204,1204,1104,1104,1020,1020,1010,1010,922,922,958,958,984,984,1034,1034,1068,1068,1124,1124,1040,1040,262,262,168,168,114,114,82,82,42,42,,,,,,,,,,,,,,,,,,,,,,,,,,,,,,,,,,,,,,,,,,,,,,,,
17727,300,,18618,,0,0,0,0,0,0,0,0,0,0,0,0,0,0,0,1,1,1,1,1,1,1,1,1,1,0,0,0,0,1,1,1,1,1,1,1,1,1,1,0,0,0,0,0,0,0,0,0,0,,,,,,,,,,,,,,,,,,,,,,,,,,,,,,,,,,,,,,,,,,,,,,,,
17728,800,,17735,,0,0,0,0,0,0,0,0,0,0,0,0,0,1,1,4,4,5,5,4,4,4,4,4,4,4,4,4,4,4,4,4,4,4,4,4,4,4,4,2,2,1,1,1,1,1,1,0,0,,,,,,,,,,,,,,,,,,,,,,,,,,,,,,,,,,,,,,,,,,,,,,,,
17729,4400,,15242,15244,1,67,67,70,70,49,49,53,53,62,62,67,67,186,186,910,910,1134,1134,1023,1023,977,977,900,900,812,812,861,861,864,864,851,851,886,886,939,939,854,854,524,524,336,336,227,227,165,165,84,84,,,,,,,,,,,,,,,,,,,,,,,,,,,,,,,,,,,,,,,,,,,,,,,,
17730,600,,18610,,0,0,0,0,0,0,0,0,0,0,0,0,0,0,0,0,0,0,0,0,0,0,0,0,0,0,0,0,0,0,0,0,0,0,0,0,0,0,0,0,0,0,0,0,0,0,0,0,0,,,,,,,,,,,,,,,,,,,,,,,,,,,,,,,,,,,,,,,,,,,,,,,,
17731,1200,17732,15238,,0,0,0,0,0,0,0,0,0,0,0,0,0,0,0,1,1,1,1,1,1,1,1,1,1,1,1,1,1,1,1,1,1,1,1,1,1,1,1,0,0,0,0,0,0,0,0,0,0,,,,,,,,,,,,,,,,,,,,,,,,,,,,,,,,,,,,,,,,,,,,,,,,
17732,800,17737,17739,17731;18613,2,0,0,0,0,0,0,0,0,0,0,0,0,0,0,2,2,2,2,2,2,2,2,2,2,2,2,2,2,2,2,2,2,2,2,2,2,2,2,1,1,0,0,0,0,0,0,0,0,,,,,,,,,,,,,,,,,,,,,,,,,,,,,,,,,,,,,,,,,,,,,,,,
17733,300,18617,,,0,0,0,0,0,0,0,0,0,0,0,0,0,0,0,1,1,1,1,1,1,1,1,1,1,1,1,1,1,1,1,1,1,1,1,1,1,1,1,0,0,0,0,0,0,0,0,0,0,,,,,,,,,,,,,,,,,,,,,,,,,,,,,,,,,,,,,,,,,,,,,,,,
17734,2000,18616,18592,,0,54,54,54,54,38,38,41,41,48,48,53,53,149,149,1126,1126,1279,1279,1185,1185,1176,1176,1064,1064,1030,1030,978,978,1073,1073,1075,1075,1072,1072,1157,1157,1124,1124,530,530,326,326,208,208,152,152,86,86,,,,,,,,,,,,,,,,,,,,,,,,,,,,,,,,,,,,,,,,,,,,,,,,
17735,4400,,18577,17728,1,50,50,51,51,36,36,39,39,45,45,49,49,138,138,1069,1069,1237,1237,1139,1139,1103,1103,1026,1026,968,968,956,956,1018,1018,1031,1031,1044,1044,1116,1116,1061,1061,453,453,282,282,184,184,134,134,73,73,,,,,,,,,,,,,,,,,,,,,,,,,,,,,,,,,,,,,,,,,,,,,,,,
17736,1600,18587,17738,,0,0,0,0,0,0,0,0,0,0,0,0,0,0,0,1,1,1,1,1,1,1,1,1,1,1,1,1,1,1,1,1,1,1,1,1,1,1,1,0,0,0,0,0,0,0,0,0,0,,,,,,,,,,,,,,,,,,,,,,,,,,,,,,,,,,,,,,,,,,,,,,,,
17737,800,17732,17738,,0,0,0,0,0,0,0,0,0,0,0,0,0,0,0,2,2,2,2,2,2,2,2,2,2,2,2,2,2,2,2,2,2,2,2,2,2,2,2,1,1,0,0,0,0,0,0,0,0,,,,,,,,,,,,,,,,,,,,,,,,,,,,,,,,,,,,,,,,,,,,,,,,
17738,1200,17737,17742,17736;17745,2,0,0,0,0,0,0,0,0,0,0,0,0,0,0,2,2,2,2,2,2,2,2,2,2,2,2,2,2,2,2,2,2,2,2,2,2,2,2,1,1,0,0,0,0,0,0,0,0,,,,,,,,,,,,,,,,,,,,,,,,,,,,,,,,,,,,,,,,,,,,,,,,
17739,1600,17732,18590,,0,0,0,0,0,0,0,0,0,0,0,0,0,1,1,4,4,5,5,4,4,4,4,4,4,4,4,3,3,4,4,4,4,4,4,4,4,4,4,2,2,1,1,1,1,0,0,0,0,,,,,,,,,,,,,,,,,,,,,,,,,,,,,,,,,,,,,,,,,,,,,,,,
17740,800,18585,17742,,0,0,0,0,0,0,0,0,0,0,0,0,0,0,0,1,1,1,1,1,1,1,1,1,1,1,1,1,1,1,1,1,1,1,1,1,1,1,1,0,0,0,0,0,0,0,0,0,0,,,,,,,,,,,,,,,,,,,,,,,,,,,,,,,,,,,,,,,,,,,,,,,,
17741,1200,17744,18583,,0,0,0,0,0,0,0,0,0,0,0,0,0,0,0,2,2,2,2,2,2,2,2,1,1,1,1,1,1,1,1,1,1,1,1,2,2,1,1,1,1,0,0,0,0,0,0,0,0,,,,,,,,,,,,,,,,,,,,,,,,,,,,,,,,,,,,,,,,,,,,,,,,
17742,1200,17744,17738,17740,1,0,0,0,0,0,0,0,0,0,0,0,0,0,0,2,2,2,2,2,2,2,2,2,2,2,2,2,2,2,2,2,2,2,2,2,2,2,2,1,1,0,0,0,0,0,0,0,0,,,,,,,,,,,,,,,,,,,,,,,,,,,,,,,,,,,,,,,,,,,,,,,,
17743,3000,,18545,,0,54,54,56,56,39,39,42,42,50,50,54,54,149,149,956,956,1147,1147,1075,1075,1033,1033,954,954,866,866,918,918,901,901,917,917,943,943,993,993,901,901,419,419,269,269,182,182,132,132,67,67,,,,,,,,,,,,,,,,,,,,,,,,,,,,,,,,,,,,,,,,,,,,,,,,
17744,1200,17752,17742,17741;17758,2,0,0,0,0,0,0,0,0,0,0,0,0,0,0,2,2,2,2,2,2,2,2,2,2,2,2,2,2,2,2,2,2,2,2,2,2,2,2,1,1,0,0,0,0,0,0,0,0,,,,,,,,,,,,,,,,,,,,,,,,,,,,,,,,,,,,,,,,,,,,,,,,
17745,800,17738,17751,,0,0,0,0,0,0,0,0,0,0,0,0,0,0,0,4,4,4,4,4,4,4,4,3,3,3,3,3,3,3,3,3,3,3,3,4,4,3,3,1,1,1,1,1,1,0,0,0,0,,,,,,,,,,,,,,,,,,,,,,,,,,,,,,,,,,,,,,,,,,,,,,,,
17746,1200,18589,,,0,0,0,0,0,0,0,0,0,0,0,0,0,1,1,5,5,6,6,5,5,5,5,5,5,4,4,4,4,5,5,5,5,5,5,5,5,5,5,2,2,1,1,1,1,1,1,0,0,,,,,,,,,,,,,,,,,,,,,,,,,,,,,,,,,,,,,,,,,,,,,,,,
17747,800,,18543,,0,0,0,0,0,0,0,0,0,0,0,0,0,0,0,0,0,0,0,0,0,0,0,0,0,0,0,0,0,0,0,0,0,0,0,0,0,0,0,0,0,0,0,0,0,0,0,0,0,,,,,,,,,,,,,,,,,,,,,,,,,,,,,,,,,,,,,,,,,,,,,,,,
17748,1200,18608,,,0,0,0,0,0,0,0,0,0,0,0,0,0,1,1,5,5,6,6,5,5,5,5,5,5,5,5,4,4,5,5,5,5,5,5,5,5,5,5,2,2,1,1,1,1,1,1,0,0,,,,,,,,,,,,,,,,,,,,,,,,,,,,,,,,,,,,,,,,,,,,,,,,
17749,1600,18563,17755,,0,0,0,0,0,0,0,0,0,0,0,0,0,0,0,2,2,2,2,2,2,2,2,2,2,2,2,2,2,2,2,2,2,2,2,2,2,2,2,1,1,0,0,0,0,0,0,0,0,,,,,,,,,,,,,,,,,,,,,,,,,,,,,,,,,,,,,,,,,,,,,,,,
17750,300,,17757,,0,0,0,0,0,0,0,0,0,0,0,0,0,1,1,4,4,5,5,5,5,4,4,4,4,4,4,4,4,4,4,4,4,4,4,4,4,4,4,2,2,1,1,1,1,1,1,0,0,,,,,,,,,,,,,,,,,,,,,,,,,,,,,,,,,,,,,,,,,,,,,,,,
17751,2500,18589,17760,17745;17765,2,50,50,51,51,36,36,39,39,45,45,49,49,138,138,1069,1069,1237,1237,1139,1139,1103,1103,1026,1026,968,968,956,956,1018,1018,1031,1031,1044,1044,1116,1116,1061,1061,453,453,282,282,184,184,134,134,73,73,,,,,,,,,,,,,,,,,,,,,,,,,,,,,,,,,,,,,,,,,,,,,,,,
17752,1200,17744,17756,,0,0,0,0,0,0,0,0,0,0,0,0,0,0,0,3,3,3,3,3,3,3,3,3,3,2,2,2,2,3,3,3,3,3,3,3,3,3,3,1,1,1,1,0,0,0,0,0,0,,,,,,,,,,,,,,,,,,,,,,,,,,,,,,,,,,,,,,,,,,,,,,,,
17753,800,18606,,,0,0,0,0,0,0,0,0,0,0,0,0,0,0,0,3,3,3,3,3,3,3,3,3,3,3,3,3,3,3,3,3,3,3,3,3,3,3,3,1,1,1,1,0,0,0,0,0,0,,,,,,,,,,,,,,,,,,,,,,,,,,,,,,,,,,,,,,,,,,,,,,,,
17754,4400,17757,18577,,0,50,50,51,51,36,36,39,39,45,45,49,49,138,138,1069,1069,1237,1237,1139,1139,1103,1103,1026,1026,968,968,956,956,1018,1018,1031,1031,1044,1044,1116,1116,1061,1061,453,453,282,282,184,184,134,134,73,73,,,,,,,,,,,,,,,,,,,,,,,,,,,,,,,,,,,,,,,,,,,,,,,,
17755,1600,17813,17749,18561;18570,2,0,0,0,0,0,0,0,0,0,0,0,0,0,0,1,1,1,1,1,1,1,1,1,1,1,1,1,1,1,1,1,1,1,1,1,1,1,1,0,0,0,0,0,0,0,0,0,0,,,,,,,,,,,,,,,,,,,,,,,,,,,,,,,,,,,,,,,,,,,,,,,,
17756,1600,17764,17752,18576;17771,2,0,0,0,0,0,0,0,0,0,0,0,0,0,0,4,4,4,4,4,4,4,4,3,3,3,3,3,3,3,3,3,3,4,4,4,4,4,4,2,2,1,1,1,1,0,0,0,0,,,,,,,,,,,,,,,,,,,,,,,,,,,,,,,,,,,,,,,,,,,,,,,,
17757,1650,17754,17787,17750;17770,2,50,50,51,51,36,36,39,39,45,45,49,49,138,138,1069,1069,1237,1237,1139,1139,1103,1103,1026,1026,968,968,956,956,1018,1018,1031,1031,1044,1044,1116,1116,1061,1061,453,453,282,282,184,184,134,134,73,73,,,,,,,,,,,,,,,,,,,,,,,,,,,,,,,,,,,,,,,,,,,,,,,,
17758,800,17762,17744,,0,0,0,0,0,0,0,0,0,0,0,0,0,0,0,3,3,4,4,3,3,3,3,3,3,3,3,3,3,3,3,3,3,3,3,3,3,3,3,1,1,1,1,1,1,0,0,0,0,,,,,,,,,,,,,,,,,,,,,,,,,,,,,,,,,,,,,,,,,,,,,,,,
17759,2500,18565,18571,,0,54,54,56,56,39,39,42,42,50,50,54,54,149,149,956,956,1147,1147,1075,1075,1033,1033,954,954,866,866,918,918,901,901,917,917,943,943,993,993,901,901,419,419,269,269,182,182,132,132,67,67,,,,,,,,,,,,,,,,,,,,,,,,,,,,,,,,,,,,,,,,,,,,,,,,
17760,2500,17762,17751,,0,50,50,51,51,36,36,39,39,45,45,49,49,138,138,1069,1069,1237,1237,1139,1139,1103,1103,1026,1026,968,968,956,956,1018,1018,1031,1031,1044,1044,1116,1116,1061,1061,453,453,282,282,184,184,134,134,73,73,,,,,,,,,,,,,,,,,,,,,,,,,,,,,,,,,,,,,,,,,,,,,,,,
17761,1200,,18541,,0,0,0,0,0,0,0,0,0,0,0,0,0,0,0,0,0,0,0,0,0,0,0,0,0,0,0,0,0,0,0,0,0,0,0,0,0,0,0,0,0,0,0,0,0,0,0,0,0,,,,,,,,,,,,,,,,,,,,,,,,,,,,,,,,,,,,,,,,,,,,,,,,
17762,1200,17777,17758,17760;17773,2,0,0,0,0,0,0,0,0,0,0,0,0,0,0,4,4,4,4,4,4,4,4,4,4,3,3,3,3,4,4,4,4,4,4,4,4,4,4,2,2,1,1,1,1,0,0,0,0,,,,,,,,,,,,,,,,,,,,,,,,,,,,,,,,,,,,,,,,,,,,,,,,
17763,800,17769,,,0,0,0,0,0,0,0,0,0,0,0,0,0,0,0,2,2,3,3,3,3,2,2,2,2,2,2,2,2,2,2,2,2,2,2,2,2,2,2,1,1,1,1,0,0,0,0,0,0,,,,,,,,,,,,,,,,,,,,,,,,,,,,,,,,,,,,,,,,,,,,,,,,
17764,800,17783,17756,,0,0,0,0,0,0,0,0,0,0,0,0,0,0,0,2,2,3,3,3,3,2,2,2,2,2,2,2,2,2,2,2,2,2,2,3,3,2,2,1,1,1,1,0,0,0,0,0,0,,,,,,,,,,,,,,,,,,,,,,,,,,,,,,,,,,,,,,,,,,,,,,,,
17765,2500,17751,17769,,0,50,50,51,51,36,36,39,39,45,45,49,49,138,138,1069,1069,1237,1237,1139,1139,1103,1103,1026,1026,968,968,956,956,1018,1018,1031,1031,1044,1044,1116,1116,1061,1061,453,453,282,282,184,184,134,134,73,73,,,,,,,,,,,,,,,,,,,,,,,,,,,,,,,,,,,,,,,,,,,,,,,,
17766,3000,18567,18573,,0,67,67,70,70,49,49,53,53,62,62,67,67,186,186,910,910,1134,1134,1023,1023,977,977,900,900,812,812,861,861,864,864,851,851,886,886,939,939,854,854,524,524,336,336,227,227,165,165,84,84,,,,,,,,,,,,,,,,,,,,,,,,,,,,,,,,,,,,,,,,,,,,,,,,
17767,1600,18541,18537,,0,0,0,0,0,0,0,0,0,0,0,0,0,0,0,1,1,1,1,1,1,1,1,1,1,1,1,1,1,1,1,1,1,1,1,1,1,1,1,0,0,0,0,0,0,0,0,0,0,,,,,,,,,,,,,,,,,,,,,,,,,,,,,,,,,,,,,,,,,,,,,,,,
17768,800,18579,,,0,0,0,0,0,0,0,0,0,0,0,0,0,0,0,2,2,3,3,3,3,3,3,2,2,2,2,2,2,2,2,2,2,2,2,3,3,2,2,1,1,1,1,0,0,0,0,0,0,,,,,,,,,,,,,,,,,,,,,,,,,,,,,,,,,,,,,,,,,,,,,,,,
17769,1200,17763,17778,17765;18593,2,0,0,0,0,0,0,0,0,0,0,0,0,0,0,4,4,4,4,4,4,4,4,3,3,3,3,3,3,3,3,3,3,3,3,4,4,4,4,2,2,1,1,1,1,0,0,0,0,,,,,,,,,,,,,,,,,,,,,,,,,,,,,,,,,,,,,,,,,,,,,,,,
17770,1100,,17757,,0,50,50,51,51,36,36,39,39,45,45,49,49,138,138,1069,1069,1237,1237,1139,1139,1103,1103,1026,1026,968,968,956,956,1018,1018,1031,1031,1044,1044,1116,1116,1061,1061,453,453,282,282,184,184,134,134,73,73,,,,,,,,,,,,,,,,,,,,,,,,,,,,,,,,,,,,,,,,,,,,,,,,
17771,2000,17756,17775,,0,50,50,51,51,36,36,39,39,45,45,49,49,138,138,1069,1069,1237,1237,1139,1139,1103,1103,1026,1026,968,968,956,956,1018,1018,1031,1031,1044,1044,1116,1116,1061,1061,453,453,282,282,184,184,134,134,73,73,,,,,,,,,,,,,,,,,,,,,,,,,,,,,,,,,,,,,,,,,,,,,,,,
17772,2500,18569,17776,,0,50,50,51,51,36,36,39,39,45,45,49,49,138,138,1069,1069,1237,1237,1139,1139,1103,1103,1026,1026,968,968,956,956,1018,1018,1031,1031,1044,1044,1116,1116,1061,1061,453,453,282,282,184,184,134,134,73,73,,,,,,,,,,,,,,,,,,,,,,,,,,,,,,,,,,,,,,,,,,,,,,,,
17773,2500,17762,17775,,0,50,50,51,51,36,36,39,39,45,45,49,49,138,138,1069,1069,1237,1237,1139,1139,1103,1103,1026,1026,968,968,956,956,1018,1018,1031,1031,1044,1044,1116,1116,1061,1061,453,453,282,282,184,184,134,134,73,73,,,,,,,,,,,,,,,,,,,,,,,,,,,,,,,,,,,,,,,,,,,,,,,,
17774,1200,17776,18573,,0,0,0,0,0,0,0,0,0,0,0,0,0,0,0,3,3,3,3,3,3,3,3,3,3,3,3,3,3,3,3,3,3,3,3,3,3,3,3,1,1,1,1,0,0,0,0,0,0,,,,,,,,,,,,,,,,,,,,,,,,,,,,,,,,,,,,,,,,,,,,,,,,
17775,2000,17784,17773,17771;17788,2,50,50,51,51,36,36,39,39,45,45,49,49,138,138,1069,1069,1237,1237,1139,1139,1103,1103,1026,1026,968,968,956,956,1018,1018,1031,1031,1044,1044,1116,1116,1061,1061,453,453,282,282,184,184,134,134,73,73,,,,,,,,,,,,,,,,,,,,,,,,,,,,,,,,,,,,,,,,,,,,,,,,
17776,1500,17772,17793,17774;18574,2,50,50,51,51,36,36,39,39,45,45,49,49,138,138,1069,1069,1237,1237,1139,1139,1103,1103,1026,1026,968,968,956,956,1018,1018,1031,1031,1044,1044,1116,1116,1061,1061,453,453,282,282,184,184,134,134,73,73,,,,,,,,,,,,,,,,,,,,,,,,,,,,,,,,,,,,,,,,,,,,,,,,
17777,800,17782,17762,,0,0,0,0,0,0,0,0,0,0,0,0,0,0,0,2,2,3,3,2,2,2,2,2,2,2,2,2,2,2,2,2,2,2,2,2,2,2,2,1,1,1,1,0,0,0,0,0,0,,,,,,,,,,,,,,,,,,,,,,,,,,,,,,,,,,,,,,,,,,,,,,,,
17778,800,17769,17782,17780,1,0,0,0,0,0,0,0,0,0,0,0,0,0,0,3,3,3,3,3,3,3,3,2,2,2,2,2,2,2,2,2,2,3,3,3,3,3,3,1,1,1,1,0,0,0,0,0,0,,,,,,,,,,,,,,,,,,,,,,,,,,,,,,,,,,,,,,,,,,,,,,,,
17779,4400,18569,18575,,0,50,50,51,51,36,36,39,39,45,45,49,49,138,138,1069,1069,1237,1237,1139,1139,1103,1103,1026,1026,968,968,956,956,1018,1018,1031,1031,1044,1044,1116,1116,1061,1061,453,453,282,282,184,184,134,134,73,73,,,,,,,,,,,,,,,,,,,,,,,,,,,,,,,,,,,,,,,,,,,,,,,,
17780,800,,17778,,0,0,0,0,0,0,0,0,0,0,0,0,0,0,0,3,3,3,3,3,3,3,3,3,3,2,2,2,2,3,3,3,3,3,3,3,3,3,3,1,1,1,1,0,0,0,0,0,0,,,,,,,,,,,,,,,,,,,,,,,,,,,,,,,,,,,,,,,,,,,,,,,,
17781,1200,,18532,,0,0,0,0,0,0,0,0,0,0,0,0,0,0,0,1,1,1,1,1,1,1,1,1,1,1,1,1,1,1,1,1,1,1,1,1,1,1,1,0,0,0,0,0,0,0,0,0,0,,,,,,,,,,,,,,,,,,,,,,,,,,,,,,,,,,,,,,,,,,,,,,,,
17782,1200,17778,17789,17777;17796,2,0,0,0,0,0,0,0,0,0,0,0,0,0,0,2,2,2,2,2,2,2,2,2,2,2,2,2,2,2,2,2,2,2,2,2,2,2,2,1,1,0,0,0,0,0,0,0,0,,,,,,,,,,,,,,,,,,,,,,,,,,,,,,,,,,,,,,,,,,,,,,,,
17783,1200,17785,18579,17764,1,0,0,0,0,0,0,0,0,0,0,0,0,0,0,2,2,2,2,2,2,2,2,2,2,2,2,2,2,2,2,2,2,2,2,2,2,2,2,1,1,1,1,0,0,0,0,0,0,,,,,,,,,,,,,,,,,,,,,,,,,,,,,,,,,,,,,,,,,,,,,,,,
17784,2500,17775,17785,,0,50,50,51,51,36,36,39,39,45,45,49,49,138,138,1069,1069,1237,1237,1139,1139,1103,1103,1026,1026,968,968,956,956,1018,1018,1031,1031,1044,1044,1116,1116,1061,1061,453,453,282,282,184,184,134,134,73,73,,,,,,,,,,,,,,,,,,,,,,,,,,,,,,,,,,,,,,,,,,,,,,,,
17785,1200,18580,17790,17783;17784,2,0,0,0,0,0,0,0,0,0,0,0,0,0,0,4,4,4,4,4,4,4,4,3,3,3,3,3,3,3,3,4,4,4,4,4,4,4,4,2,2,1,1,1,1,0,0,0,0,,,,,,,,,,,,,,,,,,,,,,,,,,,,,,,,,,,,,,,,,,,,,,,,
17786,3500,18559,18555,,0,54,54,56,56,39,39,42,42,50,50,54,54,149,149,956,956,1147,1147,1075,1075,1033,1033,954,954,866,866,918,918,901,901,917,917,943,943,993,993,901,901,419,419,269,269,182,182,132,132,67,67,,,,,,,,,,,,,,,,,,,,,,,,,,,,,,,,,,,,,,,,,,,,,,,,
17787,4400,17757,17793,18575,1,50,50,51,51,36,36,39,39,45,45,49,49,138,138,1069,1069,1237,1237,1139,1139,1103,1103,1026,1026,968,968,956,956,1018,1018,1031,1031,1044,1044,1116,1116,1061,1061,453,453,282,282,184,184,134,134,73,73,,,,,,,,,,,,,,,,,,,,,,,,,,,,,,,,,,,,,,,,,,,,,,,,
17788,1500,17775,17792,,0,50,50,51,51,36,36,39,39,45,45,49,49,138,138,1069,1069,1237,1237,1139,1139,1103,1103,1026,1026,968,968,956,956,1018,1018,1031,1031,1044,1044,1116,1116,1061,1061,453,453,282,282,184,184,134,134,73,73,,,,,,,,,,,,,,,,,,,,,,,,,,,,,,,,,,,,,,,,,,,,,,,,
17789,800,17792,17782,,0,0,0,0,0,0,0,0,0,0,0,0,0,0,0,2,2,3,3,3,3,2,2,2,2,2,2,2,2,2,2,2,2,2,2,2,2,2,2,1,1,1,1,0,0,0,0,0,0,,,,,,,,,,,,,,,,,,,,,,,,,,,,,,,,,,,,,,,,,,,,,,,,
17790,3000,18507,17785,17791,1,67,67,70,70,49,49,53,53,62,62,67,67,186,186,910,910,1134,1134,1023,1023,977,977,900,900,812,812,861,861,864,864,851,851,886,886,939,939,854,854,524,524,336,336,227,227,165,165,84,84,,,,,,,,,,,,,,,,,,,,,,,,,,,,,,,,,,,,,,,,,,,,,,,,
17791,300,17790,,,0,0,0,0,0,0,0,0,0,0,0,0,0,0,0,4,4,4,4,4,4,4,4,3,3,3,3,3,3,3,3,3,3,3,3,4,4,4,4,2,2,1,1,1,1,0,0,0,0,,,,,,,,,,,,,,,,,,,,,,,,,,,,,,,,,,,,,,,,,,,,,,,,
17792,1200,17803,17789,17788;17806,2,0,0,0,0,0,0,0,0,0,0,0,0,1,1,4,4,4,4,4,4,4,4,4,4,4,4,3,3,4,4,4,4,4,4,4,4,4,4,2,2,1,1,1,1,0,0,0,0,,,,,,,,,,,,,,,,,,,,,,,,,,,,,,,,,,,,,,,,,,,,,,,,
17793,4400,17776,17787,,0,50,50,51,51,36,36,39,39,45,45,49,49,138,138,1069,1069,1237,1237,1139,1139,1103,1103,1026,1026,968,968,956,956,1018,1018,1031,1031,1044,1044,1116,1116,1061,1061,453,453,282,282,184,184,134,134,73,73,,,,,,,,,,,,,,,,,,,,,,,,,,,,,,,,,,,,,,,,,,,,,,,,
17794,300,18532,,,0,0,0,0,0,0,0,0,0,0,0,0,0,0,0,3,3,3,3,3,3,3,3,3,3,2,2,2,2,2,2,3,3,3,3,3,3,3,3,1,1,1,1,0,0,0,0,0,0,,,,,,,,,,,,,,,,,,,,,,,,,,,,,,,,,,,,,,,,,,,,,,,,
17795,300,18533,18535,,0,0,0,0,0,0,0,0,0,0,0,0,0,0,0,2,2,2,2,2,2,2,2,2,2,1,1,1,1,2,2,2,2,2,2,2,2,2,2,1,1,0,0,0,0,0,0,0,0,,,,,,,,,,,,,,,,,,,,,,,,,,,,,,,,,,,,,,,,,,,,,,,,
17796,800,17800,17782,,0,0,0,0,0,0,0,0,0,0,0,0,0,0,0,3,3,4,4,4,4,3,3,3,3,3,3,3,3,3,3,3,3,3,3,4,4,3,3,1,1,1,1,1,1,0,0,0,0,,,,,,,,,,,,,,,,,,,,,,,,,,,,,,,,,,,,,,,,,,,,,,,,
17797,4000,18558,18553,,0,54,54,56,56,39,39,42,42,50,50,54,54,149,149,956,956,1147,1147,1075,1075,1033,1033,954,954,866,866,918,918,901,901,917,917,943,943,993,993,901,901,419,419,269,269,182,182,132,132,67,67,,,,,,,,,,,,,,,,,,,,,,,,,,,,,,,,,,,,,,,,,,,,,,,,
17798,1200,18594,17800,,0,0,0,0,0,0,0,0,0,0,0,0,0,0,0,4,4,4,4,4,4,4,4,3,3,3,3,3,3,3,3,3,3,3,3,4,4,3,3,1,1,1,1,1,1,0,0,0,0,,,,,,,,,,,,,,,,,,,,,,,,,,,,,,,,,,,,,,,,,,,,,,,,
17799,1600,18445,18549,,0,0,0,0,0,0,0,0,0,0,0,0,0,0,0,2,2,3,3,2,2,2,2,2,2,2,2,2,2,2,2,2,2,2,2,2,2,2,2,1,1,1,1,0,0,0,0,0,0,,,,,,,,,,,,,,,,,,,,,,,,,,,,,,,,,,,,,,,,,,,,,,,,
178,2500,180,443,,0,38,38,40,40,28,28,30,30,35,35,38,38,106,106,1010,1010,1173,1173,1121,1121,1069,1069,1008,1008,921,921,970,970,952,952,997,997,1020,1020,1069,1069,975,975,299,299,192,192,130,130,94,94,48,48,,,,,,,,,,,,,,,,,,,,,,,,,,,,,,,,,,,,,,,,,,,,,,,,
17800,1650,17806,17798,17796;17810,2,50,50,51,51,36,36,39,39,45,45,49,49,138,138,1069,1069,1237,1237,1139,1139,1103,1103,1026,1026,968,968,956,956,1018,1018,1031,1031,1044,1044,1116,1116,1061,1061,453,453,282,282,184,184,134,134,73,73,,,,,,,,,,,,,,,,,,,,,,,,,,,,,,,,,,,,,,,,,,,,,,,,
17801,800,,,,0,0,0,0,0,0,0,0,0,0,0,0,0,0,0,0,0,1,1,0,0,0,0,0,0,0,0,0,0,0,0,0,0,0,0,0,0,0,0,0,0,0,0,0,0,0,0,0,0,,,,,,,,,,,,,,,,,,,,,,,,,,,,,,,,,,,,,,,,,,,,,,,,
17802,1200,18600,,,0,0,0,0,0,0,0,0,0,0,0,0,0,0,0,2,2,3,3,2,2,2,2,2,2,2,2,2,2,2,2,2,2,2,2,2,2,2,2,1,1,1,1,0,0,0,0,0,0,,,,,,,,,,,,,,,,,,,,,,,,,,,,,,,,,,,,,,,,,,,,,,,,
17803,1600,17792,17805,18581,1,0,0,0,0,0,0,0,0,0,0,0,0,0,0,3,3,3,3,3,3,3,3,2,2,2,2,2,2,2,2,2,2,2,2,3,3,3,3,1,1,1,1,0,0,0,0,0,0,,,,,,,,,,,,,,,,,,,,,,,,,,,,,,,,,,,,,,,,,,,,,,,,
17804,4400,18559,18557,,0,54,54,56,56,39,39,42,42,50,50,54,54,149,149,956,956,1147,1147,1075,1075,1033,1033,954,954,866,866,918,918,901,901,917,917,943,943,993,993,901,901,419,419,269,269,182,182,132,132,67,67,,,,,,,,,,,,,,,,,,,,,,,,,,,,,,,,,,,,,,,,,,,,,,,,
17805,800,,17803,,0,0,0,0,0,0,0,0,0,0,0,0,0,0,0,2,2,2,2,2,2,2,2,2,2,2,2,2,2,2,2,2,2,2,2,2,2,2,2,1,1,0,0,0,0,0,0,0,0,,,,,,,,,,,,,,,,,,,,,,,,,,,,,,,,,,,,,,,,,,,,,,,,
17806,4400,17800,17792,17807,1,50,50,51,51,36,36,39,39,45,45,49,49,138,138,1069,1069,1237,1237,1139,1139,1103,1103,1026,1026,968,968,956,956,1018,1018,1031,1031,1044,1044,1116,1116,1061,1061,453,453,282,282,184,184,134,134,73,73,,,,,,,,,,,,,,,,,,,,,,,,,,,,,,,,,,,,,,,,,,,,,,,,
17807,550,,17806,,0,50,50,51,51,36,36,39,39,45,45,49,49,138,138,1069,1069,1237,1237,1139,1139,1103,1103,1026,1026,968,968,956,956,1018,1018,1031,1031,1044,1044,1116,1116,1061,1061,453,453,282,282,184,184,134,134,73,73,,,,,,,,,,,,,,,,,,,,,,,,,,,,,,,,,,,,,,,,,,,,,,,,
17808,1200,18531,,,0,22,22,23,23,16,16,17,17,20,20,22,22,61,61,483,483,559,559,524,524,509,509,470,470,440,440,443,443,458,458,468,468,474,474,504,504,473,473,193,193,121,121,80,80,58,58,31,31,,,,,,,,,,,,,,,,,,,,,,,,,,,,,,,,,,,,,,,,,,,,,,,,
17809,1200,18509,,,0,0,0,0,0,0,0,0,0,0,0,0,0,0,0,2,2,3,3,2,2,2,2,2,2,2,2,2,2,2,2,2,2,2,2,2,2,2,2,1,1,1,1,0,0,0,0,0,0,,,,,,,,,,,,,,,,,,,,,,,,,,,,,,,,,,,,,,,,,,,,,,,,
17810,1200,17811,17800,,0,0,0,0,0,0,0,0,0,0,0,0,0,0,0,3,3,3,3,3,3,3,3,3,3,3,3,2,2,3,3,3,3,3,3,3,3,3,3,1,1,1,1,0,0,0,0,0,0,,,,,,,,,,,,,,,,,,,,,,,,,,,,,,,,,,,,,,,,,,,,,,,,
17811,1200,18596,17810,,0,0,0,0,0,0,0,0,0,0,0,0,0,0,0,3,3,3,3,3,3,3,3,3,3,3,3,3,3,3,3,3,3,3,3,3,3,3,3,1,1,1,1,0,0,0,0,0,0,,,,,,,,,,,,,,,,,,,,,,,,,,,,,,,,,,,,,,,,,,,,,,,,
17812,2500,18549,17815,,0,54,54,56,56,39,39,42,42,50,50,54,54,149,149,956,956,1147,1147,1075,1075,1033,1033,954,954,866,866,918,918,901,901,917,917,943,943,993,993,901,901,419,419,269,269,182,182,132,132,67,67,,,,,,,,,,,,,,,,,,,,,,,,,,,,,,,,,,,,,,,,,,,,,,,,
17813,3000,18551,17755,,0,54,54,56,56,39,39,42,42,50,50,54,54,149,149,956,956,1147,1147,1075,1075,1033,1033,954,954,866,866,918,918,901,901,917,917,943,943,993,993,901,901,419,419,269,269,182,182,132,132,67,67,,,,,,,,,,,,,,,,,,,,,,,,,,,,,,,,,,,,,,,,,,,,,,,,
17814,800,18443,17815,,0,0,0,0,0,0,0,0,0,0,0,0,0,0,0,2,2,2,2,2,2,2,2,1,1,1,1,1,1,1,1,2,2,2,2,2,2,2,2,1,1,0,0,0,0,0,0,0,0,,,,,,,,,,,,,,,,,,,,,,,,,,,,,,,,,,,,,,,,,,,,,,,,
17815,600,18550,17812,17814;18490,2,0,0,0,0,0,0,0,0,0,0,0,0,0,0,2,2,3,3,3,3,3,3,2,2,2,2,2,2,2,2,2,2,2,2,3,3,2,2,1,1,1,1,0,0,0,0,0,0,,,,,,,,,,,,,,,,,,,,,,,,,,,,,,,,,,,,,,,,,,,,,,,,
17816,300,18451,,,0,0,0,0,0,0,0,0,0,0,0,0,0,0,0,1,1,1,1,1,1,1,1,1,1,1,1,1,1,1,1,1,1,1,1,1,1,1,1,0,0,0,0,0,0,0,0,0,0,,,,,,,,,,,,,,,,,,,,,,,,,,,,,,,,,,,,,,,,,,,,,,,,
17817,600,,18509,,0,0,0,0,0,0,0,0,0,0,0,0,0,0,0,2,2,2,2,2,2,2,2,2,2,2,2,2,2,2,2,2,2,2,2,2,2,2,2,1,1,1,1,0,0,0,0,0,0,,,,,,,,,,,,,,,,,,,,,,,,,,,,,,,,,,,,,,,,,,,,,,,,
17818,4400,17833,18517,,0,67,67,70,70,49,49,53,53,62,62,67,67,186,186,910,910,1134,1134,1023,1023,977,977,900,900,812,812,861,861,864,864,851,851,886,886,939,939,854,854,524,524,336,336,227,227,165,165,84,84,,,,,,,,,,,,,,,,,,,,,,,,,,,,,,,,,,,,,,,,,,,,,,,,
17819,4400,18531,tran_c3677506-835f-4890-85e1-1bb1c177d7a5,,0,44,44,45,45,32,32,34,34,40,40,44,44,122,122,967,967,1118,1118,1048,1048,1018,1018,940,940,881,881,886,886,916,916,935,935,947,947,1007,1007,945,945,387,387,243,243,159,159,116,116,62,62,,,,,,,,,,,,,,,,,,,,,,,,,,,,,,,,,,,,,,,,,,,,,,,,
17820,3000,18455,18539,,0,54,54,56,56,39,39,42,42,50,50,54,54,149,149,956,956,1147,1147,1075,1075,1033,1033,954,954,866,866,918,918,901,901,917,917,943,943,993,993,901,901,419,419,269,269,182,182,132,132,67,67,,,,,,,,,,,,,,,,,,,,,,,,,,,,,,,,,,,,,,,,,,,,,,,,
17821,1200,,18503,,0,0,0,0,0,0,0,0,0,0,0,0,0,0,0,2,2,2,2,2,2,2,2,2,2,1,1,1,1,2,2,2,2,2,2,2,2,2,2,1,1,0,0,0,0,0,0,0,0,,,,,,,,,,,,,,,,,,,,,,,,,,,,,,,,,,,,,,,,,,,,,,,,
17822,3000,18517,,,0,50,50,51,51,36,36,39,39,45,45,49,49,138,138,1069,1069,1237,1237,1139,1139,1103,1103,1026,1026,968,968,956,956,1018,1018,1031,1031,1044,1044,1116,1116,1061,1061,453,453,282,282,184,184,134,134,73,73,,,,,,,,,,,,,,,,,,,,,,,,,,,,,,,,,,,,,,,,,,,,,,,,
17823,4400,18435,18437,,0,0,0,0,0,0,0,0,0,0,0,0,0,0,0,1138,1138,1201,1201,1284,1284,1257,1257,1168,1168,1084,1084,1145,1145,1051,1051,1179,1179,1173,1173,1211,1211,1091,1091,0,0,0,0,0,0,0,0,0,0,,,,,,,,,,,,,,,,,,,,,,,,,,,,,,,,,,,,,,,,,,,,,,,,
17824,1200,18514,18511,,0,0,0,0,0,0,0,0,0,0,0,0,0,0,0,4,4,4,4,4,4,4,4,3,3,3,3,3,3,3,3,4,4,4,4,4,4,4,4,2,2,1,1,1,1,0,0,0,0,,,,,,,,,,,,,,,,,,,,,,,,,,,,,,,,,,,,,,,,,,,,,,,,
17825,300,18497,,,0,0,0,0,0,0,0,0,0,0,0,0,0,0,0,1,1,1,1,1,1,1,1,1,1,1,1,1,1,1,1,1,1,1,1,1,1,1,1,0,0,0,0,0,0,0,0,0,0,,,,,,,,,,,,,,,,,,,,,,,,,,,,,,,,,,,,,,,,,,,,,,,,
17826,4400,18581,18515,,0,42,42,39,39,28,28,29,29,34,34,39,39,112,112,1343,1343,1424,1424,1347,1347,1375,1375,1229,1229,1247,1247,1096,1096,1282,1282,1299,1299,1257,1257,1375,1375,1394,1394,536,536,316,316,190,190,140,140,87,87,,,,,,,,,,,,,,,,,,,,,,,,,,,,,,,,,,,,,,,,,,,,,,,,
17827,4000,18533,17830,18530,1,54,54,56,56,39,39,42,42,50,50,54,54,149,149,956,956,1147,1147,1075,1075,1033,1033,954,954,866,866,918,918,901,901,917,917,943,943,993,993,901,901,419,419,269,269,182,182,132,132,67,67,,,,,,,,,,,,,,,,,,,,,,,,,,,,,,,,,,,,,,,,,,,,,,,,
17828,4000,18491,,,0,54,54,56,56,39,39,42,42,50,50,54,54,149,149,956,956,1147,1147,1075,1075,1033,1033,954,954,866,866,918,918,901,901,917,917,943,943,993,993,901,901,419,419,269,269,182,182,132,132,67,67,,,,,,,,,,,,,,,,,,,,,,,,,,,,,,,,,,,,,,,,,,,,,,,,
17829,1600,18513,,,0,0,0,0,0,0,0,0,0,0,0,0,0,1,1,4,4,5,5,5,5,5,5,4,4,4,4,4,4,4,4,4,4,4,4,5,5,4,4,2,2,1,1,1,1,1,1,0,0,,,,,,,,,,,,,,,,,,,,,,,,,,,,,,,,,,,,,,,,,,,,,,,,
17830,1000,17836,17831,17827;17845,2,54,54,56,56,39,39,42,42,50,50,54,54,149,149,956,956,1147,1147,1075,1075,1033,1033,954,954,866,866,918,918,901,901,917,917,943,943,993,993,901,901,419,419,269,269,182,182,132,132,67,67,,,,,,,,,,,,,,,,,,,,,,,,,,,,,,,,,,,,,,,,,,,,,,,,
17831,1200,18409,17830,,0,0,0,0,0,0,0,0,0,0,0,0,0,0,0,2,2,3,3,2,2,2,2,2,2,2,2,2,2,2,2,2,2,2,2,2,2,2,2,1,1,1,1,0,0,0,0,0,0,,,,,,,,,,,,,,,,,,,,,,,,,,,,,,,,,,,,,,,,,,,,,,,,
17832,300,18425,,,0,0,0,0,0,0,0,0,0,0,0,0,0,0,0,1,1,1,1,1,1,1,1,1,1,1,1,1,1,1,1,1,1,1,1,1,1,1,1,0,0,0,0,0,0,0,0,0,0,,,,,,,,,,,,,,,,,,,,,,,,,,,,,,,,,,,,,,,,,,,,,,,,
17833,4400,18489,,17818,1,54,54,56,56,39,39,42,42,50,50,54,54,149,149,956,956,1147,1147,1075,1075,1033,1033,954,954,866,866,918,918,901,901,917,917,943,943,993,993,901,901,419,419,269,269,182,182,132,132,67,67,,,,,,,,,,,,,,,,,,,,,,,,,,,,,,,,,,,,,,,,,,,,,,,,
17834,1600,,18491,,0,0,0,0,0,0,0,0,0,0,0,0,0,0,0,2,2,2,2,2,2,2,2,2,2,1,1,1,1,2,2,2,2,2,2,2,2,2,2,1,1,0,0,0,0,0,0,0,0,,,,,,,,,,,,,,,,,,,,,,,,,,,,,,,,,,,,,,,,,,,,,,,,
17835,300,18499,,,0,0,0,0,0,0,0,0,0,0,0,0,0,0,0,1,1,2,2,2,2,2,2,1,1,1,1,1,1,1,1,1,1,1,1,2,2,1,1,1,1,0,0,0,0,0,0,0,0,,,,,,,,,,,,,,,,,,,,,,,,,,,,,,,,,,,,,,,,,,,,,,,,
17836,3500,tran_9712d08c-e623-4418-8188-5da4aa388389,17830,,0,44,44,45,45,32,32,34,34,40,40,44,44,122,122,967,967,1118,1118,1048,1048,1018,1018,940,940,881,881,886,886,916,916,935,935,947,947,1007,1007,945,945,387,387,243,243,159,159,116,116,62,62,,,,,,,,,,,,,,,,,,,,,,,,,,,,,,,,,,,,,,,,,,,,,,,,
17837,800,18451,18425,,0,0,0,0,0,0,0,0,0,0,0,0,0,0,0,1,1,1,1,1,1,1,1,1,1,1,1,1,1,1,1,1,1,1,1,1,1,1,1,0,0,0,0,0,0,0,0,0,0,,,,,,,,,,,,,,,,,,,,,,,,,,,,,,,,,,,,,,,,,,,,,,,,
17838,4400,18439,18431,,0,67,67,70,70,49,49,53,53,62,62,67,67,186,186,910,910,1134,1134,1023,1023,977,977,900,900,812,812,861,861,864,864,851,851,886,886,939,939,854,854,524,524,336,336,227,227,165,165,84,84,,,,,,,,,,,,,,,,,,,,,,,,,,,,,,,,,,,,,,,,,,,,,,,,
17839,1600,,18487,,0,0,0,0,0,0,0,0,0,0,0,0,0,0,0,1,1,1,1,1,1,1,1,1,1,1,1,1,1,1,1,1,1,1,1,1,1,1,1,0,0,0,0,0,0,0,0,0,0,,,,,,,,,,,,,,,,,,,,,,,,,,,,,,,,,,,,,,,,,,,,,,,,
17840,800,,18433,,0,0,0,0,0,0,0,0,0,0,0,0,0,0,0,2,2,2,2,2,2,2,2,2,2,2,2,2,2,2,2,2,2,2,2,2,2,2,2,1,1,0,0,0,0,0,0,0,0,,,,,,,,,,,,,,,,,,,,,,,,,,,,,,,,,,,,,,,,,,,,,,,,
17841,3500,18465,18441,,0,54,54,56,56,39,39,42,42,50,50,54,54,149,149,956,956,1147,1147,1075,1075,1033,1033,954,954,866,866,918,918,901,901,917,917,943,943,993,993,901,901,419,419,269,269,182,182,132,132,67,67,,,,,,,,,,,,,,,,,,,,,,,,,,,,,,,,,,,,,,,,,,,,,,,,
17842,800,18465,,,0,0,0,0,0,0,0,0,0,0,0,0,0,0,0,3,3,3,3,3,3,3,3,3,3,3,3,3,3,3,3,3,3,3,3,3,3,3,3,1,1,1,1,0,0,0,0,0,0,,,,,,,,,,,,,,,,,,,,,,,,,,,,,,,,,,,,,,,,,,,,,,,,
17843,4400,tran_4ebfe2fa-d362-45ce-8925-bc15a47738fa,18537,,0,44,44,45,45,32,32,34,34,40,40,44,44,122,122,967,967,1118,1118,1048,1048,1018,1018,940,940,881,881,886,886,916,916,935,935,947,947,1007,1007,945,945,387,387,243,243,159,159,116,116,62,62,,,,,,,,,,,,,,,,,,,,,,,,,,,,,,,,,,,,,,,,,,,,,,,,
17844,1200,17846,18421,,0,0,0,0,0,0,0,0,0,0,0,0,0,0,0,2,2,2,2,2,2,2,2,2,2,2,2,2,2,2,2,2,2,2,2,2,2,2,2,1,1,0,0,0,0,0,0,0,0,,,,,,,,,,,,,,,,,,,,,,,,,,,,,,,,,,,,,,,,,,,,,,,,
17845,1600,17850,17830,,0,0,0,0,0,0,0,0,0,0,0,0,0,0,0,2,2,2,2,2,2,2,2,2,2,2,2,2,2,2,2,2,2,2,2,2,2,2,2,1,1,0,0,0,0,0,0,0,0,,,,,,,,,,,,,,,,,,,,,,,,,,,,,,,,,,,,,,,,,,,,,,,,
17846,1600,17849,17844,18408;18410,2,0,0,0,0,0,0,0,0,0,0,0,0,0,0,2,2,2,2,2,2,2,2,2,2,2,2,2,2,2,2,2,2,2,2,2,2,2,2,1,1,0,0,0,0,0,0,0,0,,,,,,,,,,,,,,,,,,,,,,,,,,,,,,,,,,,,,,,,,,,,,,,,
17847,800,,18397,,0,0,0,0,0,0,0,0,0,0,0,0,0,0,0,2,2,2,2,2,2,2,2,2,2,2,2,2,2,2,2,2,2,2,2,2,2,2,2,1,1,0,0,0,0,0,0,0,0,,,,,,,,,,,,,,,,,,,,,,,,,,,,,,,,,,,,,,,,,,,,,,,,
17848,300,,17855,,0,0,0,0,0,0,0,0,0,0,0,0,0,0,0,1,1,1,1,1,1,1,1,1,1,1,1,1,1,1,1,1,1,1,1,1,1,1,1,0,0,0,0,0,0,0,0,0,0,,,,,,,,,,,,,,,,,,,,,,,,,,,,,,,,,,,,,,,,,,,,,,,,
17849,1500,17850,17846,,0,54,54,56,56,39,39,42,42,50,50,54,54,149,149,956,956,1147,1147,1075,1075,1033,1033,954,954,866,866,918,918,901,901,917,917,943,943,993,993,901,901,419,419,269,269,182,182,132,132,67,67,,,,,,,,,,,,,,,,,,,,,,,,,,,,,,,,,,,,,,,,,,,,,,,,
17850,1000,17929,17845,17849;18401,2,54,54,56,56,39,39,42,42,50,50,54,54,149,149,956,956,1147,1147,1075,1075,1033,1033,954,954,866,866,918,918,901,901,917,917,943,943,993,993,901,901,419,419,269,269,182,182,132,132,67,67,,,,,,,,,,,,,,,,,,,,,,,,,,,,,,,,,,,,,,,,,,,,,,,,
17851,3000,17854,18427,,0,54,54,56,56,39,39,42,42,50,50,54,54,149,149,956,956,1147,1147,1075,1075,1033,1033,954,954,866,866,918,918,901,901,917,917,943,943,993,993,901,901,419,419,269,269,182,182,132,132,67,67,,,,,,,,,,,,,,,,,,,,,,,,,,,,,,,,,,,,,,,,,,,,,,,,
17852,4400,17855,17854,18465,1,54,54,56,56,39,39,42,42,50,50,54,54,149,149,956,956,1147,1147,1075,1075,1033,1033,954,954,866,866,918,918,901,901,917,917,943,943,993,993,901,901,419,419,269,269,182,182,132,132,67,67,,,,,,,,,,,,,,,,,,,,,,,,,,,,,,,,,,,,,,,,,,,,,,,,
17853,4400,,18511,18515,1,67,67,70,70,49,49,53,53,62,62,67,67,186,186,910,910,1134,1134,1023,1023,977,977,900,900,812,812,861,861,864,864,851,851,886,886,939,939,854,854,524,524,336,336,227,227,165,165,84,84,,,,,,,,,,,,,,,,,,,,,,,,,,,,,,,,,,,,,,,,,,,,,,,,
17854,1100,17851,17852,17858;17877,2,54,54,56,56,39,39,42,42,50,50,54,54,149,149,956,956,1147,1147,1075,1075,1033,1033,954,954,866,866,918,918,901,901,917,917,943,943,993,993,901,901,419,419,269,269,182,182,132,132,67,67,,,,,,,,,,,,,,,,,,,,,,,,,,,,,,,,,,,,,,,,,,,,,,,,
17855,800,17852,17865,17848;17871,2,0,0,0,0,0,0,0,0,0,0,0,0,0,0,1,1,1,1,1,1,1,1,1,1,1,1,1,1,1,1,1,1,1,1,1,1,1,1,0,0,0,0,0,0,0,0,0,0,,,,,,,,,,,,,,,,,,,,,,,,,,,,,,,,,,,,,,,,,,,,,,,,
17856,800,18399,18400,,0,0,0,0,0,0,0,0,0,0,0,0,0,0,0,2,2,3,3,3,3,3,3,2,2,2,2,2,2,2,2,2,2,2,2,3,3,2,2,1,1,1,1,0,0,0,0,0,0,,,,,,,,,,,,,,,,,,,,,,,,,,,,,,,,,,,,,,,,,,,,,,,,
17857,4400,18545,18445,,0,54,54,56,56,39,39,42,42,50,50,54,54,149,149,956,956,1147,1147,1075,1075,1033,1033,954,954,866,866,918,918,901,901,917,917,943,943,993,993,901,901,419,419,269,269,182,182,132,132,67,67,,,,,,,,,,,,,,,,,,,,,,,,,,,,,,,,,,,,,,,,,,,,,,,,
17858,800,17860,17854,,0,0,0,0,0,0,0,0,0,0,0,0,0,0,0,2,2,3,3,3,3,2,2,2,2,2,2,2,2,2,2,2,2,2,2,2,2,2,2,1,1,1,1,0,0,0,0,0,0,,,,,,,,,,,,,,,,,,,,,,,,,,,,,,,,,,,,,,,,,,,,,,,,
17859,3000,18429,18417,,0,54,54,56,56,39,39,42,42,50,50,54,54,149,149,956,956,1147,1147,1075,1075,1033,1033,954,954,866,866,918,918,901,901,917,917,943,943,993,993,901,901,419,419,269,269,182,182,132,132,67,67,,,,,,,,,,,,,,,,,,,,,,,,,,,,,,,,,,,,,,,,,,,,,,,,
17860,1200,17858,18416,18426;17878,2,0,0,0,0,0,0,0,0,0,0,0,0,0,0,909,909,1002,1002,931,931,835,835,881,881,812,812,829,829,868,868,957,957,982,982,1027,1027,964,964,0,0,0,0,0,0,0,0,0,0,,,,,,,,,,,,,,,,,,,,,,,,,,,,,,,,,,,,,,,,,,,,,,,,
17861,1200,18599,17869,17874,1,0,0,0,0,0,0,0,0,0,0,0,0,0,0,3,3,3,3,3,3,3,3,3,3,2,2,2,2,3,3,3,3,3,3,3,3,3,3,1,1,1,1,0,0,0,0,0,0,,,,,,,,,,,,,,,,,,,,,,,,,,,,,,,,,,,,,,,,,,,,,,,,
17862,1200,18475,18485,,0,0,0,0,0,0,0,0,0,0,0,0,0,0,0,1,1,1,1,1,1,1,1,1,1,0,0,0,0,1,1,1,1,1,1,1,1,1,1,0,0,0,0,0,0,0,0,0,0,,,,,,,,,,,,,,,,,,,,,,,,,,,,,,,,,,,,,,,,,,,,,,,,
17863,1200,18539,18541,,0,0,0,0,0,0,0,0,0,0,0,0,0,0,0,0,0,1,1,1,1,0,0,0,0,0,0,0,0,0,0,0,0,0,0,0,0,0,0,0,0,0,0,0,0,0,0,0,0,,,,,,,,,,,,,,,,,,,,,,,,,,,,,,,,,,,,,,,,,,,,,,,,
17864,300,,18449,,0,0,0,0,0,0,0,0,0,0,0,0,0,0,0,2,2,2,2,2,2,2,2,2,2,2,2,2,2,2,2,2,2,2,2,2,2,2,2,1,1,0,0,0,0,0,0,0,0,,,,,,,,,,,,,,,,,,,,,,,,,,,,,,,,,,,,,,,,,,,,,,,,
17865,800,17855,17868,,0,0,0,0,0,0,0,0,0,0,0,0,0,0,0,1,1,1,1,1,1,1,1,1,1,1,1,1,1,1,1,1,1,1,1,1,1,1,1,0,0,0,0,0,0,0,0,0,0,,,,,,,,,,,,,,,,,,,,,,,,,,,,,,,,,,,,,,,,,,,,,,,,
17866,300,18405,18403,,0,0,0,0,0,0,0,0,0,0,0,0,0,0,0,2,2,2,2,2,2,2,2,2,2,1,1,1,1,2,2,2,2,2,2,2,2,2,2,1,1,0,0,0,0,0,0,0,0,,,,,,,,,,,,,,,,,,,,,,,,,,,,,,,,,,,,,,,,,,,,,,,,
17867,3000,18499,18493,,0,50,50,51,51,36,36,39,39,45,45,49,49,138,138,1069,1069,1237,1237,1139,1139,1103,1103,1026,1026,968,968,956,956,1018,1018,1031,1031,1044,1044,1116,1116,1061,1061,453,453,282,282,184,184,134,134,73,73,,,,,,,,,,,,,,,,,,,,,,,,,,,,,,,,,,,,,,,,,,,,,,,,
17868,400,18472,18470,17865;17909,2,0,0,0,0,0,0,0,0,0,0,0,0,0,0,1,1,1,1,1,1,1,1,1,1,1,1,1,1,1,1,1,1,1,1,1,1,1,1,0,0,0,0,0,0,0,0,0,0,,,,,,,,,,,,,,,,,,,,,,,,,,,,,,,,,,,,,,,,,,,,,,,,
17869,600,17861,,,0,0,0,0,0,0,0,0,0,0,0,0,0,0,0,3,3,3,3,3,3,3,3,3,3,3,3,3,3,3,3,3,3,3,3,3,3,3,3,1,1,1,1,1,1,0,0,0,0,,,,,,,,,,,,,,,,,,,,,,,,,,,,,,,,,,,,,,,,,,,,,,,,
17870,300,,17871,,0,0,0,0,0,0,0,0,0,0,0,0,0,0,0,1,1,1,1,1,1,1,1,1,1,1,1,1,1,1,1,1,1,1,1,1,1,1,1,0,0,0,0,0,0,0,0,0,0,,,,,,,,,,,,,,,,,,,,,,,,,,,,,,,,,,,,,,,,,,,,,,,,
17871,800,17870,17855,,0,0,0,0,0,0,0,0,0,0,0,0,0,0,0,1,1,1,1,1,1,1,1,1,1,1,1,1,1,1,1,1,1,1,1,1,1,1,1,0,0,0,0,0,0,0,0,0,0,,,,,,,,,,,,,,,,,,,,,,,,,,,,,,,,,,,,,,,,,,,,,,,,
17872,300,18495,,,0,0,0,0,0,0,0,0,0,0,0,0,0,0,0,3,3,4,4,3,3,3,3,3,3,3,3,3,3,3,3,3,3,3,3,3,3,3,3,1,1,1,1,1,1,0,0,0,0,,,,,,,,,,,,,,,,,,,,,,,,,,,,,,,,,,,,,,,,,,,,,,,,
17873,600,18447,,,0,0,0,0,0,0,0,0,0,0,0,0,0,0,0,1,1,1,1,1,1,1,1,1,1,1,1,1,1,1,1,1,1,1,1,1,1,1,1,0,0,0,0,0,0,0,0,0,0,,,,,,,,,,,,,,,,,,,,,,,,,,,,,,,,,,,,,,,,,,,,,,,,
17874,800,,17861,18526,1,0,0,0,0,0,0,0,0,0,0,0,0,0,0,4,4,4,4,4,4,4,4,3,3,3,3,3,3,3,3,4,4,4,4,4,4,4,4,2,2,1,1,1,1,0,0,0,0,,,,,,,,,,,,,,,,,,,,,,,,,,,,,,,,,,,,,,,,,,,,,,,,
17875,1200,18579,18577,,0,0,0,0,0,0,0,0,0,0,0,0,0,0,0,3,3,4,4,4,4,3,3,3,3,3,3,3,3,3,3,3,3,3,3,4,4,3,3,1,1,1,1,1,1,0,0,0,0,,,,,,,,,,,,,,,,,,,,,,,,,,,,,,,,,,,,,,,,,,,,,,,,
17876,300,17880,18413,,0,0,0,0,0,0,0,0,0,0,0,0,0,0,0,3,3,3,3,3,3,3,3,2,2,2,2,2,2,2,2,2,2,2,2,3,3,3,3,1,1,1,1,0,0,0,0,0,0,,,,,,,,,,,,,,,,,,,,,,,,,,,,,,,,,,,,,,,,,,,,,,,,
17877,600,18449,17854,,0,0,0,0,0,0,0,0,0,0,0,0,0,0,0,2,2,3,3,2,2,2,2,2,2,2,2,2,2,2,2,2,2,2,2,2,2,2,2,1,1,1,1,0,0,0,0,0,0,,,,,,,,,,,,,,,,,,,,,,,,,,,,,,,,,,,,,,,,,,,,,,,,
17878,800,17860,17884,,0,0,0,0,0,0,0,0,0,0,0,0,0,0,0,1,1,1,1,1,1,1,1,1,1,1,1,1,1,1,1,1,1,1,1,1,1,1,1,0,0,0,0,0,0,0,0,0,0,,,,,,,,,,,,,,,,,,,,,,,,,,,,,,,,,,,,,,,,,,,,,,,,
17879,1100,17904,,,0,50,50,51,51,36,36,39,39,45,45,49,49,138,138,1069,1069,1237,1237,1139,1139,1103,1103,1026,1026,968,968,956,956,1018,1018,1031,1031,1044,1044,1116,1116,1061,1061,453,453,282,282,184,184,134,134,73,73,,,,,,,,,,,,,,,,,,,,,,,,,,,,,,,,,,,,,,,,,,,,,,,,
17880,2500,18407,18411,17876,1,54,54,56,56,39,39,42,42,50,50,54,54,149,149,956,956,1147,1147,1075,1075,1033,1033,954,954,866,866,918,918,901,901,917,917,943,943,993,993,901,901,419,419,269,269,182,182,132,132,67,67,,,,,,,,,,,,,,,,,,,,,,,,,,,,,,,,,,,,,,,,,,,,,,,,
17881,1600,18464,18417,,0,0,0,0,0,0,0,0,0,0,0,0,0,0,0,2,2,2,2,2,2,2,2,2,2,1,1,1,1,2,2,2,2,2,2,2,2,2,2,1,1,0,0,0,0,0,0,0,0,,,,,,,,,,,,,,,,,,,,,,,,,,,,,,,,,,,,,,,,,,,,,,,,
17882,800,17887,18471,,0,0,0,0,0,0,0,0,0,0,0,0,0,0,0,1,1,1,1,1,1,1,1,1,1,1,1,1,1,1,1,1,1,1,1,1,1,1,1,0,0,0,0,0,0,0,0,0,0,,,,,,,,,,,,,,,,,,,,,,,,,,,,,,,,,,,,,,,,,,,,,,,,
17883,2500,18419,17894,,0,54,54,56,56,39,39,42,42,50,50,54,54,149,149,956,956,1147,1147,1075,1075,1033,1033,954,954,866,866,918,918,901,901,917,917,943,943,993,993,901,901,419,419,269,269,182,182,132,132,67,67,,,,,,,,,,,,,,,,,,,,,,,,,,,,,,,,,,,,,,,,,,,,,,,,
17884,300,17878,17885,18463;17896,2,0,0,0,0,0,0,0,0,0,0,0,0,0,0,3,3,3,3,3,3,3,3,2,2,2,2,2,2,2,2,2,2,3,3,3,3,3,3,1,1,1,1,0,0,0,0,0,0,,,,,,,,,,,,,,,,,,,,,,,,,,,,,,,,,,,,,,,,,,,,,,,,
17885,300,17887,17884,,0,0,0,0,0,0,0,0,0,0,0,0,0,0,0,1,1,1,1,1,1,1,1,1,1,1,1,1,1,1,1,1,1,1,1,1,1,1,1,0,0,0,0,0,0,0,0,0,0,,,,,,,,,,,,,,,,,,,,,,,,,,,,,,,,,,,,,,,,,,,,,,,,
17886,800,18475,18478,,0,0,0,0,0,0,0,0,0,0,0,0,0,0,0,1,1,1,1,1,1,1,1,1,1,1,1,1,1,1,1,1,1,1,1,1,1,1,1,0,0,0,0,0,0,0,0,0,0,,,,,,,,,,,,,,,,,,,,,,,,,,,,,,,,,,,,,,,,,,,,,,,,
17887,600,18446,17905,17882;17885,2,0,0,0,0,0,0,0,0,0,0,0,0,0,0,2,2,3,3,2,2,2,2,2,2,2,2,2,2,2,2,2,2,2,2,2,2,2,2,1,1,0,0,0,0,0,0,0,0,,,,,,,,,,,,,,,,,,,,,,,,,,,,,,,,,,,,,,,,,,,,,,,,
17888,300,18415,17893,,0,0,0,0,0,0,0,0,0,0,0,0,0,0,0,3,3,3,3,3,3,3,3,2,2,2,2,2,2,2,2,2,2,2,2,3,3,2,2,1,1,1,1,0,0,0,0,0,0,,,,,,,,,,,,,,,,,,,,,,,,,,,,,,,,,,,,,,,,,,,,,,,,
17889,600,17895,,,0,0,0,0,0,0,0,0,0,0,0,0,0,0,0,2,2,2,2,2,2,2,2,2,2,2,2,2,2,2,2,2,2,2,2,2,2,2,2,1,1,0,0,0,0,0,0,0,0,,,,,,,,,,,,,,,,,,,,,,,,,,,,,,,,,,,,,,,,,,,,,,,,
17890,400,18464,17894,,0,0,0,0,0,0,0,0,0,0,0,0,0,0,0,2,2,3,3,2,2,2,2,2,2,2,2,2,2,2,2,2,2,2,2,2,2,2,2,1,1,1,1,0,0,0,0,0,0,,,,,,,,,,,,,,,,,,,,,,,,,,,,,,,,,,,,,,,,,,,,,,,,
17891,1200,18473,18477,,0,0,0,0,0,0,0,0,0,0,0,0,0,0,0,1,1,2,2,1,1,1,1,1,1,1,1,1,1,1,1,1,1,1,1,1,1,1,1,0,0,0,0,0,0,0,0,0,0,,,,,,,,,,,,,,,,,,,,,,,,,,,,,,,,,,,,,,,,,,,,,,,,
17892,2500,17894,18415,,0,54,54,56,56,39,39,42,42,50,50,54,54,149,149,956,956,1147,1147,1075,1075,1033,1033,954,954,866,866,918,918,901,901,917,917,943,943,993,993,901,901,419,419,269,269,182,182,132,132,67,67,,,,,,,,,,,,,,,,,,,,,,,,,,,,,,,,,,,,,,,,,,,,,,,,
17893,600,17888,17894,,0,0,0,0,0,0,0,0,0,0,0,0,0,0,0,2,2,3,3,2,2,2,2,2,2,2,2,2,2,2,2,2,2,2,2,2,2,2,2,1,1,1,1,0,0,0,0,0,0,,,,,,,,,,,,,,,,,,,,,,,,,,,,,,,,,,,,,,,,,,,,,,,,
17894,800,17890,17893,17883;17892;17899,3,0,0,0,0,0,0,0,0,0,0,0,0,0,0,3,3,3,3,3,3,3,3,2,2,2,2,2,2,2,2,2,2,3,3,3,3,3,3,1,1,1,1,0,0,0,0,0,0,,,,,,,,,,,,,,,,,,,,,,,,,,,,,,,,,,,,,,,,,,,,,,,,
17895,2500,18477,17909,17889;18482,2,54,54,56,56,39,39,42,42,50,50,54,54,149,149,956,956,1147,1147,1075,1075,1033,1033,954,954,866,866,918,918,901,901,917,917,943,943,993,993,901,901,419,419,269,269,182,182,132,132,67,67,,,,,,,,,,,,,,,,,,,,,,,,,,,,,,,,,,,,,,,,,,,,,,,,
17896,800,17884,17901,,0,33,33,31,31,22,22,23,23,26,26,31,31,88,88,1055,1055,1119,1119,1058,1058,1080,1080,966,966,980,980,861,861,1008,1008,1021,1021,988,988,1080,1080,1096,1096,421,421,249,249,150,150,110,110,68,68,,,,,,,,,,,,,,,,,,,,,,,,,,,,,,,,,,,,,,,,,,,,,,,,
17897,800,18467,18471,,0,53,53,55,55,38,38,42,42,48,48,53,53,146,146,715,715,891,891,804,804,768,768,707,707,638,638,676,676,679,679,669,669,696,696,738,738,671,671,411,411,264,264,178,178,130,130,66,66,,,,,,,,,,,,,,,,,,,,,,,,,,,,,,,,,,,,,,,,,,,,,,,,
17898,300,18527,,,0,0,0,0,0,0,0,0,0,0,0,0,0,1,1,5,5,6,6,5,5,5,5,5,5,5,5,4,4,5,5,5,5,5,5,5,5,5,5,2,2,1,1,1,1,1,1,0,0,,,,,,,,,,,,,,,,,,,,,,,,,,,,,,,,,,,,,,,,,,,,,,,,
17899,3000,17894,17903,,0,54,54,56,56,39,39,42,42,50,50,54,54,149,149,956,956,1147,1147,1075,1075,1033,1033,954,954,866,866,918,918,901,901,917,917,943,943,993,993,901,901,419,419,269,269,182,182,132,132,67,67,,,,,,,,,,,,,,,,,,,,,,,,,,,,,,,,,,,,,,,,,,,,,,,,
179,2500,4924,453,,0,38,38,40,40,28,28,30,30,35,35,38,38,106,106,1010,1010,1173,1173,1121,1121,1069,1069,1008,1008,921,921,970,970,952,952,997,997,1020,1020,1069,1069,975,975,299,299,192,192,130,130,94,94,48,48,,,,,,,,,,,,,,,,,,,,,,,,,,,,,,,,,,,,,,,,,,,,,,,,
17900,800,17903,17901,,0,0,0,0,0,0,0,0,0,0,0,0,0,0,0,3,3,3,3,3,3,3,3,3,3,3,3,3,3,3,3,3,3,3,3,3,3,3,3,1,1,1,1,0,0,0,0,0,0,,,,,,,,,,,,,,,,,,,,,,,,,,,,,,,,,,,,,,,,,,,,,,,,
17901,800,17907,17900,17896;17960,2,33,33,31,31,22,22,23,23,26,26,31,31,88,88,1055,1055,1119,1119,1058,1058,1080,1080,966,966,980,980,861,861,1008,1008,1021,1021,988,988,1080,1080,1096,1096,421,421,249,249,150,150,110,110,68,68,,,,,,,,,,,,,,,,,,,,,,,,,,,,,,,,,,,,,,,,,,,,,,,,
17902,300,,17903,,0,0,0,0,0,0,0,0,0,0,0,0,0,0,0,3,3,3,3,3,3,3,3,3,3,3,3,3,3,3,3,3,3,3,3,3,3,3,3,1,1,1,1,0,0,0,0,0,0,,,,,,,,,,,,,,,,,,,,,,,,,,,,,,,,,,,,,,,,,,,,,,,,
17903,1200,17902,17900,17899;18011,2,0,0,0,0,0,0,0,0,0,0,0,0,0,0,1,1,1,1,1,1,1,1,1,1,1,1,1,1,1,1,1,1,1,1,1,1,1,1,0,0,0,0,0,0,0,0,0,0,,,,,,,,,,,,,,,,,,,,,,,,,,,,,,,,,,,,,,,,,,,,,,,,
17904,4400,17879,18519,,0,0,0,0,0,0,0,0,0,0,0,0,0,0,0,1156,1156,1275,1275,1184,1184,1063,1063,1121,1121,1033,1033,1056,1056,1105,1105,1218,1218,1250,1250,1308,1308,1226,1226,0,0,0,0,0,0,0,0,0,0,,,,,,,,,,,,,,,,,,,,,,,,,,,,,,,,,,,,,,,,,,,,,,,,
17905,600,17911,17887,,0,0,0,0,0,0,0,0,0,0,0,0,0,0,0,3,3,3,3,3,3,3,3,3,3,3,3,3,3,3,3,3,3,3,3,3,3,3,3,1,1,1,1,0,0,0,0,0,0,,,,,,,,,,,,,,,,,,,,,,,,,,,,,,,,,,,,,,,,,,,,,,,,
17906,4400,tran_5a6015e3-a78f-4956-93b4-34cea23419eb,17912,,0,44,44,45,45,32,32,34,34,40,40,44,44,122,122,967,967,1118,1118,1048,1048,1018,1018,940,940,881,881,886,886,916,916,935,935,947,947,1007,1007,945,945,387,387,243,243,159,159,116,116,62,62,,,,,,,,,,,,,,,,,,,,,,,,,,,,,,,,,,,,,,,,,,,,,,,,
17907,800,17911,17901,,0,0,0,0,0,0,0,0,0,0,0,0,0,0,0,1,1,1,1,1,1,1,1,1,1,1,1,1,1,1,1,1,1,1,1,1,1,1,1,0,0,0,0,0,0,0,0,0,0,,,,,,,,,,,,,,,,,,,,,,,,,,,,,,,,,,,,,,,,,,,,,,,,
17908,1200,17912,18403,,0,0,0,0,0,0,0,0,0,0,0,0,0,0,0,3,3,3,3,3,3,3,3,3,3,3,3,3,3,3,3,3,3,3,3,3,3,3,3,1,1,1,1,0,0,0,0,0,0,,,,,,,,,,,,,,,,,,,,,,,,,,,,,,,,,,,,,,,,,,,,,,,,
17909,4400,18469,17868,17895,1,54,54,56,56,39,39,42,42,50,50,54,54,149,149,956,956,1147,1147,1075,1075,1033,1033,954,954,866,866,918,918,901,901,917,917,943,943,993,993,901,901,419,419,269,269,182,182,132,132,67,67,,,,,,,,,,,,,,,,,,,,,,,,,,,,,,,,,,,,,,,,,,,,,,,,
17910,800,,17935,,0,0,0,0,0,0,0,0,0,0,0,0,0,0,0,0,0,0,0,0,0,0,0,0,0,0,0,0,0,0,0,0,0,0,0,0,0,0,0,0,0,0,0,0,0,0,0,0,0,,,,,,,,,,,,,,,,,,,,,,,,,,,,,,,,,,,,,,,,,,,,,,,,
17911,600,17905,18458,17907;18466,2,0,0,0,0,0,0,0,0,0,0,0,0,0,0,1,1,1,1,1,1,1,1,1,1,1,1,1,1,1,1,1,1,1,1,1,1,1,1,0,0,0,0,0,0,0,0,0,0,,,,,,,,,,,,,,,,,,,,,,,,,,,,,,,,,,,,,,,,,,,,,,,,
17912,1200,tran_e7ef12f4-0824-4904-81fc-6f9256dfa1a6,18388,17906;17908;17975,3,0,0,0,0,0,0,0,0,0,0,0,0,0,0,1,1,1,1,1,1,1,1,1,1,1,1,1,1,1,1,1,1,1,1,1,1,1,1,0,0,0,0,0,0,0,0,0,0,,,,,,,,,,,,,,,,,,,,,,,,,,,,,,,,,,,,,,,,,,,,,,,,
17913,1200,18389,18405,,0,0,0,0,0,0,0,0,0,0,0,0,0,0,0,3,3,3,3,3,3,3,3,3,3,3,3,3,3,3,3,3,3,3,3,3,3,3,3,1,1,1,1,0,0,0,0,0,0,,,,,,,,,,,,,,,,,,,,,,,,,,,,,,,,,,,,,,,,,,,,,,,,
17914,300,18521,,,0,0,0,0,0,0,0,0,0,0,0,0,0,0,0,1,1,1,1,1,1,1,1,1,1,1,1,1,1,1,1,1,1,1,1,1,1,1,1,0,0,0,0,0,0,0,0,0,0,,,,,,,,,,,,,,,,,,,,,,,,,,,,,,,,,,,,,,,,,,,,,,,,
17915,1200,18391,,,0,0,0,0,0,0,0,0,0,0,0,0,0,0,0,3,3,3,3,3,3,3,3,3,3,3,3,3,3,3,3,3,3,3,3,3,3,3,3,1,1,1,1,0,0,0,0,0,0,,,,,,,,,,,,,,,,,,,,,,,,,,,,,,,,,,,,,,,,,,,,,,,,
17916,300,17918,18483,,0,0,0,0,0,0,0,0,0,0,0,0,0,0,0,1,1,1,1,1,1,1,1,1,1,1,1,1,1,1,1,1,1,1,1,1,1,1,1,0,0,0,0,0,0,0,0,0,0,,,,,,,,,,,,,,,,,,,,,,,,,,,,,,,,,,,,,,,,,,,,,,,,
17917,300,17919,18481,,0,0,0,0,0,0,0,0,0,0,0,0,0,0,0,1,1,1,1,1,1,1,1,0,0,0,0,0,0,0,0,0,0,0,0,1,1,0,0,0,0,0,0,0,0,0,0,0,0,,,,,,,,,,,,,,,,,,,,,,,,,,,,,,,,,,,,,,,,,,,,,,,,
17918,300,17916,18281,17919;17922,2,0,0,0,0,0,0,0,0,0,0,0,0,0,0,1,1,1,1,1,1,1,1,1,1,1,1,1,1,1,1,1,1,1,1,1,1,1,1,0,0,0,0,0,0,0,0,0,0,,,,,,,,,,,,,,,,,,,,,,,,,,,,,,,,,,,,,,,,,,,,,,,,
17919,4000,18480,17918,17917;17923,2,54,54,56,56,39,39,42,42,50,50,54,54,149,149,956,956,1147,1147,1075,1075,1033,1033,954,954,866,866,918,918,901,901,917,917,943,943,993,993,901,901,419,419,269,269,182,182,132,132,67,67,,,,,,,,,,,,,,,,,,,,,,,,,,,,,,,,,,,,,,,,,,,,,,,,
17920,800,18469,17926,,0,0,0,0,0,0,0,0,0,0,0,0,0,0,0,1,1,1,1,1,1,1,1,1,1,1,1,1,1,1,1,1,1,1,1,1,1,1,1,0,0,0,0,0,0,0,0,0,0,,,,,,,,,,,,,,,,,,,,,,,,,,,,,,,,,,,,,,,,,,,,,,,,
17921,600,18362,,,0,0,0,0,0,0,0,0,0,0,0,0,0,0,0,0,0,0,0,0,0,0,0,0,0,0,0,0,0,0,0,0,0,0,0,0,0,0,0,0,0,0,0,0,0,0,0,0,0,,,,,,,,,,,,,,,,,,,,,,,,,,,,,,,,,,,,,,,,,,,,,,,,
17922,400,17918,17926,,0,0,0,0,0,0,0,0,0,0,0,0,0,0,0,1,1,1,1,1,1,1,1,1,1,1,1,1,1,1,1,1,1,1,1,1,1,1,1,0,0,0,0,0,0,0,0,0,0,,,,,,,,,,,,,,,,,,,,,,,,,,,,,,,,,,,,,,,,,,,,,,,,
17923,1200,17919,,,0,0,0,0,0,0,0,0,0,0,0,0,0,0,0,1,1,1,1,1,1,1,1,1,1,1,1,1,1,1,1,1,1,1,1,1,1,1,1,0,0,0,0,0,0,0,0,0,0,,,,,,,,,,,,,,,,,,,,,,,,,,,,,,,,,,,,,,,,,,,,,,,,
17924,2000,18459,18462,,0,36,36,36,36,26,26,27,27,32,32,35,35,99,99,1130,1130,1253,1253,1218,1218,1203,1203,1099,1099,1048,1048,1034,1034,1066,1066,1110,1110,1105,1105,1175,1175,1113,1113,353,353,217,217,139,139,102,102,57,57,,,,,,,,,,,,,,,,,,,,,,,,,,,,,,,,,,,,,,,,,,,,,,,,
17925,800,17935,,,0,0,0,0,0,0,0,0,0,0,0,0,0,0,0,0,0,0,0,0,0,0,0,0,0,0,0,0,0,0,0,0,0,0,0,0,0,0,0,0,0,0,0,0,0,0,0,0,0,,,,,,,,,,,,,,,,,,,,,,,,,,,,,,,,,,,,,,,,,,,,,,,,
17926,800,17922,17928,17920;17940,2,0,0,0,0,0,0,0,0,0,0,0,0,0,0,1,1,1,1,1,1,1,1,1,1,0,0,0,0,0,0,1,1,1,1,1,1,1,1,0,0,0,0,0,0,0,0,0,0,,,,,,,,,,,,,,,,,,,,,,,,,,,,,,,,,,,,,,,,,,,,,,,,
17927,1200,,18395,,0,0,0,0,0,0,0,0,0,0,0,0,0,0,0,3,3,3,3,3,3,3,3,3,3,3,3,3,3,3,3,3,3,3,3,3,3,3,3,1,1,1,1,0,0,0,0,0,0,,,,,,,,,,,,,,,,,,,,,,,,,,,,,,,,,,,,,,,,,,,,,,,,
17928,400,18462,17926,,0,0,0,0,0,0,0,0,0,0,0,0,0,0,0,1,1,1,1,1,1,1,1,1,1,1,1,1,1,1,1,1,1,1,1,1,1,1,1,0,0,0,0,0,0,0,0,0,0,,,,,,,,,,,,,,,,,,,,,,,,,,,,,,,,,,,,,,,,,,,,,,,,
17929,2500,18407,17850,,0,54,54,56,56,39,39,42,42,50,50,54,54,149,149,956,956,1147,1147,1075,1075,1033,1033,954,954,866,866,918,918,901,901,917,917,943,943,993,993,901,901,419,419,269,269,182,182,132,132,67,67,,,,,,,,,,,,,,,,,,,,,,,,,,,,,,,,,,,,,,,,,,,,,,,,
17930,300,17931,18395,,0,0,0,0,0,0,0,0,0,0,0,0,0,0,0,1,1,1,1,1,1,1,1,1,1,1,1,1,1,1,1,1,1,1,1,1,1,1,1,0,0,0,0,0,0,0,0,0,0,,,,,,,,,,,,,,,,,,,,,,,,,,,,,,,,,,,,,,,,,,,,,,,,
17931,300,17930,18235,18406;17993,2,0,0,0,0,0,0,0,0,0,0,0,0,0,0,1,1,1,1,1,1,1,1,1,1,1,1,1,1,1,1,1,1,1,1,1,1,1,1,0,0,0,0,0,0,0,0,0,0,,,,,,,,,,,,,,,,,,,,,,,,,,,,,,,,,,,,,,,,,,,,,,,,
17932,300,18523,,,0,0,0,0,0,0,0,0,0,0,0,0,0,0,0,1,1,2,2,1,1,1,1,1,1,1,1,1,1,1,1,1,1,1,1,1,1,1,1,1,1,0,0,0,0,0,0,0,0,,,,,,,,,,,,,,,,,,,,,,,,,,,,,,,,,,,,,,,,,,,,,,,,
17933,300,,18525,,0,0,0,0,0,0,0,0,0,0,0,0,0,0,0,2,2,2,2,2,2,2,2,2,2,2,2,2,2,2,2,2,2,2,2,2,2,2,2,1,1,0,0,0,0,0,0,0,0,,,,,,,,,,,,,,,,,,,,,,,,,,,,,,,,,,,,,,,,,,,,,,,,
17934,300,,17938,,0,0,0,0,0,0,0,0,0,0,0,0,0,0,0,2,2,2,2,2,2,2,2,2,2,2,2,2,2,2,2,2,2,2,2,2,2,2,2,1,1,0,0,0,0,0,0,0,0,,,,,,,,,,,,,,,,,,,,,,,,,,,,,,,,,,,,,,,,,,,,,,,,
17935,800,17910,18236,17925,1,0,0,0,0,0,0,0,0,0,0,0,0,0,0,0,0,0,0,0,0,0,0,0,0,0,0,0,0,0,0,0,0,0,0,0,0,0,0,0,0,0,0,0,0,0,0,0,0,,,,,,,,,,,,,,,,,,,,,,,,,,,,,,,,,,,,,,,,,,,,,,,,
17936,1200,,18525,,0,0,0,0,0,0,0,0,0,0,0,0,0,0,0,2,2,2,2,2,2,2,2,2,2,2,2,2,2,2,2,2,2,2,2,2,2,2,2,1,1,0,0,0,0,0,0,0,0,,,,,,,,,,,,,,,,,,,,,,,,,,,,,,,,,,,,,,,,,,,,,,,,
17937,4400,18374,18598,18599,1,42,42,39,39,28,28,29,29,34,34,39,39,112,112,1343,1343,1424,1424,1347,1347,1375,1375,1229,1229,1247,1247,1096,1096,1282,1282,1299,1299,1257,1257,1375,1375,1394,1394,536,536,316,316,190,190,140,140,87,87,,,,,,,,,,,,,,,,,,,,,,,,,,,,,,,,,,,,,,,,,,,,,,,,
17938,1200,17967,18375,17934;18371,2,0,0,0,0,0,0,0,0,0,0,0,0,0,0,2,2,2,2,2,2,2,2,2,2,2,2,2,2,2,2,2,2,2,2,2,2,2,2,1,1,0,0,0,0,0,0,0,0,,,,,,,,,,,,,,,,,,,,,,,,,,,,,,,,,,,,,,,,,,,,,,,,
17939,4400,,18378,,0,54,54,54,54,38,38,41,41,48,48,53,53,149,149,1126,1126,1279,1279,1185,1185,1176,1176,1064,1064,1030,1030,978,978,1073,1073,1075,1075,1072,1072,1157,1157,1124,1124,530,530,326,326,208,208,152,152,86,86,,,,,,,,,,,,,,,,,,,,,,,,,,,,,,,,,,,,,,,,,,,,,,,,
17940,300,17942,17926,,0,0,0,0,0,0,0,0,0,0,0,0,0,0,0,1,1,1,1,1,1,1,1,1,1,1,1,1,1,1,1,1,1,1,1,1,1,1,1,0,0,0,0,0,0,0,0,0,0,,,,,,,,,,,,,,,,,,,,,,,,,,,,,,,,,,,,,,,,,,,,,,,,
17941,800,18239,,,0,0,0,0,0,0,0,0,0,0,0,0,0,0,0,1,1,1,1,1,1,1,1,1,1,1,1,1,1,1,1,1,1,1,1,1,1,1,1,0,0,0,0,0,0,0,0,0,0,,,,,,,,,,,,,,,,,,,,,,,,,,,,,,,,,,,,,,,,,,,,,,,,
17942,300,17944,18281,17940;17955,2,0,0,0,0,0,0,0,0,0,0,0,0,0,0,1,1,1,1,1,1,1,1,1,1,1,1,1,1,1,1,1,1,1,1,1,1,1,1,0,0,0,0,0,0,0,0,0,0,,,,,,,,,,,,,,,,,,,,,,,,,,,,,,,,,,,,,,,,,,,,,,,,
17943,300,17946,18459,,0,0,0,0,0,0,0,0,0,0,0,0,0,0,0,1,1,1,1,1,1,1,1,1,1,1,1,1,1,1,1,1,1,1,1,1,1,1,1,0,0,0,0,0,0,0,0,0,0,,,,,,,,,,,,,,,,,,,,,,,,,,,,,,,,,,,,,,,,,,,,,,,,
17944,400,17946,17942,,0,0,0,0,0,0,0,0,0,0,0,0,0,0,0,1,1,1,1,1,1,1,1,1,1,1,1,1,1,1,1,1,1,1,1,1,1,1,1,0,0,0,0,0,0,0,0,0,0,,,,,,,,,,,,,,,,,,,,,,,,,,,,,,,,,,,,,,,,,,,,,,,,
17945,800,18457,17946,,0,0,0,0,0,0,0,0,0,0,0,0,0,0,0,1,1,1,1,1,1,1,1,1,1,1,1,1,1,1,1,1,1,1,1,1,1,1,1,0,0,0,0,0,0,0,0,0,0,,,,,,,,,,,,,,,,,,,,,,,,,,,,,,,,,,,,,,,,,,,,,,,,
17946,400,17945,17944,17943;18280,2,0,0,0,0,0,0,0,0,0,0,0,0,0,0,1,1,1,1,1,1,1,1,1,1,1,1,1,1,1,1,1,1,1,1,1,1,1,1,0,0,0,0,0,0,0,0,0,0,,,,,,,,,,,,,,,,,,,,,,,,,,,,,,,,,,,,,,,,,,,,,,,,
17947,4400,,18519,,0,50,50,51,51,36,36,39,39,45,45,49,49,138,138,1069,1069,1237,1237,1139,1139,1103,1103,1026,1026,968,968,956,956,1018,1018,1031,1031,1044,1044,1116,1116,1061,1061,453,453,282,282,184,184,134,134,73,73,,,,,,,,,,,,,,,,,,,,,,,,,,,,,,,,,,,,,,,,,,,,,,,,
17948,4400,17954,17950,,0,54,54,54,54,38,38,41,41,48,48,53,53,149,149,1126,1126,1279,1279,1185,1185,1176,1176,1064,1064,1030,1030,978,978,1073,1073,1075,1075,1072,1072,1157,1157,1124,1124,530,530,326,326,208,208,152,152,86,86,,,,,,,,,,,,,,,,,,,,,,,,,,,,,,,,,,,,,,,,,,,,,,,,
17949,4400,18495,18362,,0,67,67,70,70,49,49,53,53,62,62,67,67,186,186,910,910,1134,1134,1023,1023,977,977,900,900,812,812,861,861,864,864,851,851,886,886,939,939,854,854,524,524,336,336,227,227,165,165,84,84,,,,,,,,,,,,,,,,,,,,,,,,,,,,,,,,,,,,,,,,,,,,,,,,
17950,1600,17948,18359,17952;18002,2,0,0,0,0,0,0,0,0,0,0,0,0,0,0,2,2,2,2,2,2,2,2,1,1,1,1,1,1,1,1,2,2,2,2,2,2,2,2,1,1,0,0,0,0,0,0,0,0,,,,,,,,,,,,,,,,,,,,,,,,,,,,,,,,,,,,,,,,,,,,,,,,
17951,1200,18352,,,0,0,0,0,0,0,0,0,0,0,0,0,0,0,0,1,1,1,1,1,1,1,1,0,0,0,0,0,0,0,0,0,0,0,0,1,1,1,1,0,0,0,0,0,0,0,0,0,0,,,,,,,,,,,,,,,,,,,,,,,,,,,,,,,,,,,,,,,,,,,,,,,,
17952,800,17950,17954,,0,0,0,0,0,0,0,0,0,0,0,0,0,0,0,2,2,2,2,2,2,2,2,2,2,2,2,2,2,2,2,2,2,2,2,2,2,2,2,1,1,0,0,0,0,0,0,0,0,,,,,,,,,,,,,,,,,,,,,,,,,,,,,,,,,,,,,,,,,,,,,,,,
17953,300,,17961,,0,0,0,0,0,0,0,0,0,0,0,0,0,0,0,1,1,1,1,1,1,1,1,1,1,1,1,1,1,1,1,1,1,1,1,1,1,1,1,0,0,0,0,0,0,0,0,0,0,,,,,,,,,,,,,,,,,,,,,,,,,,,,,,,,,,,,,,,,,,,,,,,,
17954,1600,17952,17956,17948;18007,2,0,0,0,0,0,0,0,0,0,0,0,0,0,0,1,1,2,2,2,2,2,2,1,1,1,1,1,1,1,1,1,1,1,1,2,2,1,1,1,1,0,0,0,0,0,0,0,0,,,,,,,,,,,,,,,,,,,,,,,,,,,,,,,,,,,,,,,,,,,,,,,,
17955,300,17959,17942,,0,0,0,0,0,0,0,0,0,0,0,0,0,0,0,1,1,1,1,1,1,1,1,1,1,1,1,1,1,1,1,1,1,1,1,1,1,1,1,0,0,0,0,0,0,0,0,0,0,,,,,,,,,,,,,,,,,,,,,,,,,,,,,,,,,,,,,,,,,,,,,,,,
17956,1200,17954,17961,,0,0,0,0,0,0,0,0,0,0,0,0,0,0,0,1,1,1,1,1,1,1,1,1,1,1,1,1,1,1,1,1,1,1,1,1,1,1,1,0,0,0,0,0,0,0,0,0,0,,,,,,,,,,,,,,,,,,,,,,,,,,,,,,,,,,,,,,,,,,,,,,,,
17957,600,18240,18252,,0,0,0,0,0,0,0,0,0,0,0,0,0,0,0,1,1,1,1,1,1,1,1,1,1,1,1,1,1,1,1,1,1,1,1,1,1,1,1,0,0,0,0,0,0,0,0,0,0,,,,,,,,,,,,,,,,,,,,,,,,,,,,,,,,,,,,,,,,,,,,,,,,
17958,400,18460,17959,,0,0,0,0,0,0,0,0,0,0,0,0,0,0,0,0,0,0,0,0,0,0,0,0,0,0,0,0,0,0,0,0,0,0,0,0,0,0,0,0,0,0,0,0,0,0,0,0,0,,,,,,,,,,,,,,,,,,,,,,,,,,,,,,,,,,,,,,,,,,,,,,,,
17959,400,17958,17965,17955;17984,2,0,0,0,0,0,0,0,0,0,0,0,0,0,0,0,0,1,1,1,1,1,1,0,0,0,0,0,0,0,0,0,0,0,0,0,0,0,0,0,0,0,0,0,0,0,0,0,0,,,,,,,,,,,,,,,,,,,,,,,,,,,,,,,,,,,,,,,,,,,,,,,,
17960,800,18457,17901,,0,0,0,0,0,0,0,0,0,0,0,0,0,0,0,1,1,1,1,1,1,1,1,1,1,1,1,1,1,1,1,1,1,1,1,1,1,1,1,0,0,0,0,0,0,0,0,0,0,,,,,,,,,,,,,,,,,,,,,,,,,,,,,,,,,,,,,,,,,,,,,,,,
17961,1200,18014,17956,17953;18369,2,0,0,0,0,0,0,0,0,0,0,0,0,0,0,1,1,1,1,1,1,1,1,1,1,1,1,1,1,1,1,1,1,1,1,1,1,1,1,0,0,0,0,0,0,0,0,0,0,,,,,,,,,,,,,,,,,,,,,,,,,,,,,,,,,,,,,,,,,,,,,,,,
17962,600,17963,18316,,0,0,0,0,0,0,0,0,0,0,0,0,0,0,0,1,1,1,1,1,1,1,1,1,1,1,1,1,1,1,1,1,1,1,1,1,1,1,1,0,0,0,0,0,0,0,0,0,0,,,,,,,,,,,,,,,,,,,,,,,,,,,,,,,,,,,,,,,,,,,,,,,,
17963,400,17962,17972,18456;17990,2,0,0,0,0,0,0,0,0,0,0,0,0,0,0,1,1,1,1,1,1,1,1,1,1,1,1,1,1,1,1,1,1,1,1,1,1,1,1,0,0,0,0,0,0,0,0,0,0,,,,,,,,,,,,,,,,,,,,,,,,,,,,,,,,,,,,,,,,,,,,,,,,
17964,2500,18372,17968,,0,54,54,54,54,38,38,41,41,48,48,53,53,149,149,1126,1126,1279,1279,1185,1185,1176,1176,1064,1064,1030,1030,978,978,1073,1073,1075,1075,1072,1072,1157,1157,1124,1124,530,530,326,326,208,208,152,152,86,86,,,,,,,,,,,,,,,,,,,,,,,,,,,,,,,,,,,,,,,,,,,,,,,,
17965,1200,,17959,,0,0,0,0,0,0,0,0,0,0,0,0,0,0,0,1,1,1,1,1,1,1,1,1,1,1,1,1,1,1,1,1,1,1,1,1,1,1,1,0,0,0,0,0,0,0,0,0,0,,,,,,,,,,,,,,,,,,,,,,,,,,,,,,,,,,,,,,,,,,,,,,,,
17966,800,18370,17968,,0,0,0,0,0,0,0,0,0,0,0,0,0,0,0,2,2,2,2,2,2,2,2,2,2,2,2,2,2,2,2,2,2,2,2,2,2,2,2,1,1,0,0,0,0,0,0,0,0,,,,,,,,,,,,,,,,,,,,,,,,,,,,,,,,,,,,,,,,,,,,,,,,
17967,1600,17977,17938,,0,0,0,0,0,0,0,0,0,0,0,0,0,0,0,1,1,1,1,1,1,1,1,1,1,1,1,1,1,1,1,1,1,1,1,1,1,1,1,1,1,0,0,0,0,0,0,0,0,,,,,,,,,,,,,,,,,,,,,,,,,,,,,,,,,,,,,,,,,,,,,,,,
17968,1500,18031,17964,17966;17973,2,54,54,54,54,38,38,41,41,48,48,53,53,149,149,1126,1126,1279,1279,1185,1185,1176,1176,1064,1064,1030,1030,978,978,1073,1073,1075,1075,1072,1072,1157,1157,1124,1124,530,530,326,326,208,208,152,152,86,86,,,,,,,,,,,,,,,,,,,,,,,,,,,,,,,,,,,,,,,,,,,,,,,,
17969,300,18315,18250,,0,0,0,0,0,0,0,0,0,0,0,0,0,0,0,1,1,2,2,1,1,1,1,1,1,1,1,1,1,1,1,1,1,1,1,1,1,1,1,0,0,0,0,0,0,0,0,0,0,,,,,,,,,,,,,,,,,,,,,,,,,,,,,,,,,,,,,,,,,,,,,,,,
17970,300,17976,18460,,0,0,0,0,0,0,0,0,0,0,0,0,0,0,0,1,1,1,1,1,1,1,1,1,1,1,1,1,1,1,1,1,1,1,1,1,1,1,1,0,0,0,0,0,0,0,0,0,0,,,,,,,,,,,,,,,,,,,,,,,,,,,,,,,,,,,,,,,,,,,,,,,,
17971,300,,18385,,0,0,0,0,0,0,0,0,0,0,0,0,0,0,0,2,2,3,3,3,3,3,3,2,2,2,2,2,2,2,2,2,2,2,2,3,3,2,2,1,1,1,1,0,0,0,0,0,0,,,,,,,,,,,,,,,,,,,,,,,,,,,,,,,,,,,,,,,,,,,,,,,,
17972,800,17976,17963,,0,0,0,0,0,0,0,0,0,0,0,0,0,0,0,1,1,1,1,1,1,1,1,1,1,1,1,1,1,1,1,1,1,1,1,1,1,1,1,0,0,0,0,0,0,0,0,0,0,,,,,,,,,,,,,,,,,,,,,,,,,,,,,,,,,,,,,,,,,,,,,,,,
17973,1200,17977,17968,,0,0,0,0,0,0,0,0,0,0,0,0,0,0,0,2,2,2,2,2,2,2,2,2,2,2,2,2,2,2,2,2,2,2,2,2,2,2,2,1,1,0,0,0,0,0,0,0,0,,,,,,,,,,,,,,,,,,,,,,,,,,,,,,,,,,,,,,,,,,,,,,,,
17974,1600,18376,17985,,0,0,0,0,0,0,0,0,0,0,0,0,0,0,0,1,1,1,1,1,1,1,1,1,1,1,1,1,1,1,1,1,1,1,1,1,1,1,1,0,0,0,0,0,0,0,0,0,0,,,,,,,,,,,,,,,,,,,,,,,,,,,,,,,,,,,,,,,,,,,,,,,,
17975,3500,17912,18387,,0,36,36,36,36,26,26,27,27,32,32,35,35,99,99,1130,1130,1253,1253,1218,1218,1203,1203,1099,1099,1048,1048,1034,1034,1066,1066,1110,1110,1105,1105,1175,1175,1113,1113,353,353,217,217,139,139,102,102,57,57,,,,,,,,,,,,,,,,,,,,,,,,,,,,,,,,,,,,,,,,,,,,,,,,
17976,300,18000,17970,17972;17997,2,0,0,0,0,0,0,0,0,0,0,0,0,0,0,1,1,1,1,1,1,1,1,1,1,1,1,1,1,1,1,1,1,1,1,1,1,1,1,0,0,0,0,0,0,0,0,0,0,,,,,,,,,,,,,,,,,,,,,,,,,,,,,,,,,,,,,,,,,,,,,,,,
17977,1200,17981,17973,17967;18037,2,0,0,0,0,0,0,0,0,0,0,0,0,0,0,1,1,1,1,1,1,1,1,1,1,1,1,1,1,1,1,1,1,1,1,1,1,1,1,0,0,0,0,0,0,0,0,0,0,,,,,,,,,,,,,,,,,,,,,,,,,,,,,,,,,,,,,,,,,,,,,,,,
17978,1200,18284,,,0,0,0,0,0,0,0,0,0,0,0,0,0,0,0,1,1,1,1,1,1,1,1,1,1,1,1,1,1,1,1,1,1,1,1,1,1,1,1,0,0,0,0,0,0,0,0,0,0,,,,,,,,,,,,,,,,,,,,,,,,,,,,,,,,,,,,,,,,,,,,,,,,
17979,1200,18393,17983,,0,0,0,0,0,0,0,0,0,0,0,0,0,0,0,1,1,1,1,1,1,1,1,1,1,1,1,1,1,1,1,1,1,1,1,1,1,1,1,0,0,0,0,0,0,0,0,0,0,,,,,,,,,,,,,,,,,,,,,,,,,,,,,,,,,,,,,,,,,,,,,,,,
17980,3000,,18282,,0,36,36,36,36,26,26,27,27,32,32,35,35,99,99,1130,1130,1253,1253,1218,1218,1203,1203,1099,1099,1048,1048,1034,1034,1066,1066,1110,1110,1105,1105,1175,1175,1113,1113,353,353,217,217,139,139,102,102,57,57,,,,,,,,,,,,,,,,,,,,,,,,,,,,,,,,,,,,,,,,,,,,,,,,
17981,800,17977,17985,,0,0,0,0,0,0,0,0,0,0,0,0,0,0,0,1,1,1,1,1,1,1,1,1,1,1,1,1,1,1,1,1,1,1,1,1,1,1,1,0,0,0,0,0,0,0,0,0,0,,,,,,,,,,,,,,,,,,,,,,,,,,,,,,,,,,,,,,,,,,,,,,,,
17982,1600,17991,18378,,0,0,0,0,0,0,0,0,0,0,0,0,0,0,0,1,1,1,1,1,1,1,1,1,1,1,1,1,1,1,1,1,1,1,1,1,1,1,1,0,0,0,0,0,0,0,0,0,0,,,,,,,,,,,,,,,,,,,,,,,,,,,,,,,,,,,,,,,,,,,,,,,,
17983,3000,18386,17996,17979;18703;18017,3,36,36,36,36,26,26,27,27,32,32,35,35,99,99,1130,1130,1253,1253,1218,1218,1203,1203,1099,1099,1048,1048,1034,1034,1066,1066,1110,1110,1105,1105,1175,1175,1113,1113,353,353,217,217,139,139,102,102,57,57,,,,,,,,,,,,,,,,,,,,,,,,,,,,,,,,,,,,,,,,,,,,,,,,
17984,300,17959,17987,,0,0,0,0,0,0,0,0,0,0,0,0,0,0,0,0,0,0,0,0,0,0,0,0,0,0,0,0,0,0,0,0,0,0,0,0,0,0,0,0,0,0,0,0,0,0,0,0,0,,,,,,,,,,,,,,,,,,,,,,,,,,,,,,,,,,,,,,,,,,,,,,,,
17985,1200,17988,17981,17974;18042,2,0,0,0,0,0,0,0,0,0,0,0,0,0,0,1,1,1,1,1,1,1,1,1,1,0,0,0,0,1,1,1,1,1,1,1,1,1,1,0,0,0,0,0,0,0,0,0,0,,,,,,,,,,,,,,,,,,,,,,,,,,,,,,,,,,,,,,,,,,,,,,,,
17986,400,17987,,,0,0,0,0,0,0,0,0,0,0,0,0,0,0,0,0,0,0,0,0,0,0,0,0,0,0,0,0,0,0,0,0,0,0,0,0,0,0,0,0,0,0,0,0,0,0,0,0,0,,,,,,,,,,,,,,,,,,,,,,,,,,,,,,,,,,,,,,,,,,,,,,,,
17987,400,17989,17986,17984;17995,2,0,0,0,0,0,0,0,0,0,0,0,0,0,0,0,0,0,0,0,0,0,0,0,0,0,0,0,0,0,0,0,0,0,0,0,0,0,0,0,0,0,0,0,0,0,0,0,0,,,,,,,,,,,,,,,,,,,,,,,,,,,,,,,,,,,,,,,,,,,,,,,,
17988,800,17985,17991,,0,0,0,0,0,0,0,0,0,0,0,0,0,0,0,1,1,1,1,1,1,1,1,1,1,1,1,1,1,1,1,1,1,1,1,1,1,1,1,0,0,0,0,0,0,0,0,0,0,,,,,,,,,,,,,,,,,,,,,,,,,,,,,,,,,,,,,,,,,,,,,,,,
17989,800,17987,18286,,0,0,0,0,0,0,0,0,0,0,0,0,0,0,0,0,0,0,0,0,0,0,0,0,0,0,0,0,0,0,0,0,0,0,0,0,0,0,0,0,0,0,0,0,0,0,0,0,0,,,,,,,,,,,,,,,,,,,,,,,,,,,,,,,,,,,,,,,,,,,,,,,,
17990,1500,18254,17963,,0,36,36,36,36,26,26,27,27,32,32,35,35,99,99,1130,1130,1253,1253,1218,1218,1203,1203,1099,1099,1048,1048,1034,1034,1066,1066,1110,1110,1105,1105,1175,1175,1113,1113,353,353,217,217,139,139,102,102,57,57,,,,,,,,,,,,,,,,,,,,,,,,,,,,,,,,,,,,,,,,,,,,,,,,
17991,1200,17988,18059,17982;18050,2,0,0,0,0,0,0,0,0,0,0,0,0,0,0,1,1,1,1,1,1,1,1,1,1,1,1,1,1,1,1,1,1,1,1,1,1,1,1,0,0,0,0,0,0,0,0,0,0,,,,,,,,,,,,,,,,,,,,,,,,,,,,,,,,,,,,,,,,,,,,,,,,
17992,4000,18252,18407,,0,54,54,56,56,39,39,42,42,50,50,54,54,149,149,956,956,1147,1147,1075,1075,1033,1033,954,954,866,866,918,918,901,901,917,917,943,943,993,993,901,901,419,419,269,269,182,182,132,132,67,67,,,,,,,,,,,,,,,,,,,,,,,,,,,,,,,,,,,,,,,,,,,,,,,,
17993,2000,17998,17931,,0,36,36,36,36,26,26,27,27,32,32,35,35,99,99,1130,1130,1253,1253,1218,1218,1203,1203,1099,1099,1048,1048,1034,1034,1066,1066,1110,1110,1105,1105,1175,1175,1113,1113,353,353,217,217,139,139,102,102,57,57,,,,,,,,,,,,,,,,,,,,,,,,,,,,,,,,,,,,,,,,,,,,,,,,
17994,800,18383,18381,,0,0,0,0,0,0,0,0,0,0,0,0,0,0,0,1,1,1,1,1,1,1,1,1,1,1,1,1,1,1,1,1,1,1,1,1,1,1,1,1,1,0,0,0,0,0,0,0,0,,,,,,,,,,,,,,,,,,,,,,,,,,,,,,,,,,,,,,,,,,,,,,,,
17995,600,17999,17987,,0,0,0,0,0,0,0,0,0,0,0,0,0,0,0,0,0,0,0,0,0,0,0,0,0,0,0,0,0,0,0,0,0,0,0,0,0,0,0,0,0,0,0,0,0,0,0,0,0,,,,,,,,,,,,,,,,,,,,,,,,,,,,,,,,,,,,,,,,,,,,,,,,
17996,1000,17998,17983,,0,36,36,36,36,26,26,27,27,32,32,35,35,99,99,1130,1130,1253,1253,1218,1218,1203,1203,1099,1099,1048,1048,1034,1034,1066,1066,1110,1110,1105,1105,1175,1175,1113,1113,353,353,217,217,139,139,102,102,57,57,,,,,,,,,,,,,,,,,,,,,,,,,,,,,,,,,,,,,,,,,,,,,,,,
17997,800,17999,17976,,0,0,0,0,0,0,0,0,0,0,0,0,0,0,0,0,0,0,0,0,0,0,0,0,0,0,0,0,0,0,0,0,0,0,0,0,0,0,0,0,0,0,0,0,0,0,0,0,0,,,,,,,,,,,,,,,,,,,,,,,,,,,,,,,,,,,,,,,,,,,,,,,,
17998,1200,17996,18010,17993;18016,2,0,0,0,0,0,0,0,0,0,0,0,0,0,0,1,1,1,1,1,1,1,1,1,1,1,1,1,1,1,1,1,1,1,1,1,1,1,1,0,0,0,0,0,0,0,0,0,0,,,,,,,,,,,,,,,,,,,,,,,,,,,,,,,,,,,,,,,,,,,,,,,,
17999,400,18270,17997,17995;18015,2,0,0,0,0,0,0,0,0,0,0,0,0,0,0,0,0,0,0,0,0,0,0,0,0,0,0,0,0,0,0,0,0,0,0,0,0,0,0,0,0,0,0,0,0,0,0,0,0,,,,,,,,,,,,,,,,,,,,,,,,,,,,,,,,,,,,,,,,,,,,,,,,
18,2000,16,20,,0,50,50,52,52,37,37,40,40,46,46,50,50,140,140,967,967,1151,1151,1088,1088,1047,1047,967,967,880,880,932,932,911,911,933,933,958,958,1007,1007,913,913,393,393,252,252,170,170,124,124,63,63,,,,,,,,,,,,,,,,,,,,,,,,,,,,,,,,,,,,,,,,,,,,,,,,
180,2500,178,183,177;208,2,67,67,70,70,49,49,53,53,62,62,67,67,186,186,910,910,1134,1134,1023,1023,977,977,900,900,812,812,861,861,864,864,851,851,886,886,939,939,854,854,524,524,336,336,227,227,165,165,84,84,,,,,,,,,,,,,,,,,,,,,,,,,,,,,,,,,,,,,,,,,,,,,,,,
18000,300,18256,17976,,0,0,0,0,0,0,0,0,0,0,0,0,0,0,0,1,1,1,1,1,1,1,1,1,1,1,1,1,1,1,1,1,1,1,1,1,1,1,1,0,0,0,0,0,0,0,0,0,0,,,,,,,,,,,,,,,,,,,,,,,,,,,,,,,,,,,,,,,,,,,,,,,,
18001,300,18248,18254,,0,0,0,0,0,0,0,0,0,0,0,0,0,0,0,2,2,2,2,2,2,2,2,1,1,1,1,1,1,1,1,1,1,1,1,2,2,2,2,0,0,0,0,0,0,0,0,0,0,,,,,,,,,,,,,,,,,,,,,,,,,,,,,,,,,,,,,,,,,,,,,,,,
18002,800,18013,17950,,0,0,0,0,0,0,0,0,0,0,0,0,0,0,0,2,2,2,2,2,2,2,2,1,1,1,1,1,1,1,1,1,1,1,1,2,2,2,2,1,1,0,0,0,0,0,0,0,0,,,,,,,,,,,,,,,,,,,,,,,,,,,,,,,,,,,,,,,,,,,,,,,,
18003,800,18244,18034,,0,0,0,0,0,0,0,0,0,0,0,0,0,0,0,1,1,1,1,1,1,1,1,1,1,1,1,1,1,1,1,1,1,1,1,1,1,1,1,0,0,0,0,0,0,0,0,0,0,,,,,,,,,,,,,,,,,,,,,,,,,,,,,,,,,,,,,,,,,,,,,,,,
18004,1200,18230,18242,,0,0,0,0,0,0,0,0,0,0,0,0,0,0,0,1,1,1,1,1,1,1,1,1,1,1,1,1,1,1,1,1,1,1,1,1,1,1,1,0,0,0,0,0,0,0,0,0,0,,,,,,,,,,,,,,,,,,,,,,,,,,,,,,,,,,,,,,,,,,,,,,,,
18005,1200,18238,18228,,0,0,0,0,0,0,0,0,0,0,0,0,0,0,0,1,1,1,1,1,1,1,1,0,0,0,0,0,0,0,0,0,0,0,0,1,1,0,0,0,0,0,0,0,0,0,0,0,0,,,,,,,,,,,,,,,,,,,,,,,,,,,,,,,,,,,,,,,,,,,,,,,,
18006,300,,18009,,0,0,0,0,0,0,0,0,0,0,0,0,0,0,0,0,0,0,0,0,0,0,0,0,0,0,0,0,0,0,0,0,0,0,0,0,0,0,0,0,0,0,0,0,0,0,0,0,0,,,,,,,,,,,,,,,,,,,,,,,,,,,,,,,,,,,,,,,,,,,,,,,,
18007,800,17954,18019,,0,0,0,0,0,0,0,0,0,0,0,0,0,0,0,1,1,1,1,1,1,1,1,1,1,1,1,1,1,1,1,1,1,1,1,1,1,1,1,0,0,0,0,0,0,0,0,0,0,,,,,,,,,,,,,,,,,,,,,,,,,,,,,,,,,,,,,,,,,,,,,,,,
18008,800,18704,18702,,0,0,0,0,0,0,0,0,0,0,0,0,0,0,0,1,1,1,1,1,1,1,1,1,1,1,1,1,1,1,1,1,1,1,1,1,1,1,1,0,0,0,0,0,0,0,0,0,0,,,,,,,,,,,,,,,,,,,,,,,,,,,,,,,,,,,,,,,,,,,,,,,,
18009,800,18271,18288,18006,1,0,0,0,0,0,0,0,0,0,0,0,0,0,0,1,1,1,1,1,1,1,1,1,1,1,1,1,1,1,1,1,1,1,1,1,1,1,1,0,0,0,0,0,0,0,0,0,0,,,,,,,,,,,,,,,,,,,,,,,,,,,,,,,,,,,,,,,,,,,,,,,,
18010,1200,17998,18228,,0,0,0,0,0,0,0,0,0,0,0,0,0,0,0,1,1,1,1,1,1,1,1,1,1,1,1,1,1,1,1,1,1,1,1,1,1,1,1,0,0,0,0,0,0,0,0,0,0,,,,,,,,,,,,,,,,,,,,,,,,,,,,,,,,,,,,,,,,,,,,,,,,
18011,3000,18316,17903,,0,36,36,36,36,26,26,27,27,32,32,35,35,99,99,1130,1130,1253,1253,1218,1218,1203,1203,1099,1099,1048,1048,1034,1034,1066,1066,1110,1110,1105,1105,1175,1175,1113,1113,353,353,217,217,139,139,102,102,57,57,,,,,,,,,,,,,,,,,,,,,,,,,,,,,,,,,,,,,,,,,,,,,,,,
18012,800,18248,18021,,0,0,0,0,0,0,0,0,0,0,0,0,0,0,0,1,1,1,1,1,1,1,1,1,1,1,1,1,1,1,1,1,1,1,1,1,1,1,1,0,0,0,0,0,0,0,0,0,0,,,,,,,,,,,,,,,,,,,,,,,,,,,,,,,,,,,,,,,,,,,,,,,,
18013,2000,18019,18086,18002,1,54,54,54,54,38,38,41,41,48,48,53,53,149,149,1126,1126,1279,1279,1185,1185,1176,1176,1064,1064,1030,1030,978,978,1073,1073,1075,1075,1072,1072,1157,1157,1124,1124,530,530,326,326,208,208,152,152,86,86,,,,,,,,,,,,,,,,,,,,,,,,,,,,,,,,,,,,,,,,,,,,,,,,
18014,1200,17961,18028,,0,0,0,0,0,0,0,0,0,0,0,0,0,0,0,1,1,1,1,1,1,1,1,1,1,1,1,1,1,1,1,1,1,1,1,1,1,1,1,0,0,0,0,0,0,0,0,0,0,,,,,,,,,,,,,,,,,,,,,,,,,,,,,,,,,,,,,,,,,,,,,,,,
18015,300,18025,17999,,0,0,0,0,0,0,0,0,0,0,0,0,0,0,0,0,0,0,0,0,0,0,0,0,0,0,0,0,0,0,0,0,0,0,0,0,0,0,0,0,0,0,0,0,0,0,0,0,0,,,,,,,,,,,,,,,,,,,,,,,,,,,,,,,,,,,,,,,,,,,,,,,,
18016,800,17998,18049,,0,0,0,0,0,0,0,0,0,0,0,0,0,0,0,1,1,1,1,1,1,1,1,1,1,1,1,1,1,1,1,1,1,1,1,1,1,1,1,0,0,0,0,0,0,0,0,0,0,,,,,,,,,,,,,,,,,,,,,,,,,,,,,,,,,,,,,,,,,,,,,,,,
18017,3500,17983,18226,,0,36,36,36,36,26,26,27,27,32,32,35,35,99,99,1130,1130,1253,1253,1218,1218,1203,1203,1099,1099,1048,1048,1034,1034,1066,1066,1110,1110,1105,1105,1175,1175,1113,1113,353,353,217,217,139,139,102,102,57,57,,,,,,,,,,,,,,,,,,,,,,,,,,,,,,,,,,,,,,,,,,,,,,,,
18018,800,18256,18025,,0,0,0,0,0,0,0,0,0,0,0,0,0,0,0,894,894,944,944,1009,1009,988,988,917,917,851,851,900,900,826,826,926,926,922,922,952,952,857,857,0,0,0,0,0,0,0,0,0,0,,,,,,,,,,,,,,,,,,,,,,,,,,,,,,,,,,,,,,,,,,,,,,,,
18019,2000,18013,18023,18007;18129,2,54,54,54,54,38,38,41,41,48,48,53,53,149,149,1126,1126,1279,1279,1185,1185,1176,1176,1064,1064,1030,1030,978,978,1073,1073,1075,1075,1072,1072,1157,1157,1124,1124,530,530,326,326,208,208,152,152,86,86,,,,,,,,,,,,,,,,,,,,,,,,,,,,,,,,,,,,,,,,,,,,,,,,
18020,1600,18029,18350,,0,0,0,0,0,0,0,0,0,0,0,0,0,0,0,1,1,1,1,1,1,1,1,1,1,1,1,1,1,1,1,1,1,1,1,1,1,1,1,0,0,0,0,0,0,0,0,0,0,,,,,,,,,,,,,,,,,,,,,,,,,,,,,,,,,,,,,,,,,,,,,,,,
18021,800,18012,18264,18255;18024;18052,3,0,0,0,0,0,0,0,0,0,0,0,0,0,0,894,894,944,944,1009,1009,988,988,917,917,851,851,900,900,826,826,926,926,922,922,952,952,857,857,0,0,0,0,0,0,0,0,0,0,,,,,,,,,,,,,,,,,,,,,,,,,,,,,,,,,,,,,,,,,,,,,,,,
18022,1200,18370,18035,,0,0,0,0,0,0,0,0,0,0,0,0,0,0,0,1,1,1,1,1,1,1,1,1,1,1,1,1,1,1,1,1,1,1,1,1,1,1,1,0,0,0,0,0,0,0,0,0,0,,,,,,,,,,,,,,,,,,,,,,,,,,,,,,,,,,,,,,,,,,,,,,,,
18023,1000,18019,18028,,0,54,54,54,54,38,38,41,41,48,48,53,53,149,149,1126,1126,1279,1279,1185,1185,1176,1176,1064,1064,1030,1030,978,978,1073,1073,1075,1075,1072,1072,1157,1157,1124,1124,530,530,326,326,208,208,152,152,86,86,,,,,,,,,,,,,,,,,,,,,,,,,,,,,,,,,,,,,,,,,,,,,,,,
18024,400,18025,18021,,0,0,0,0,0,0,0,0,0,0,0,0,0,0,0,1,1,1,1,1,1,1,1,1,1,1,1,1,1,1,1,1,1,1,1,1,1,1,1,0,0,0,0,0,0,0,0,0,0,,,,,,,,,,,,,,,,,,,,,,,,,,,,,,,,,,,,,,,,,,,,,,,,
18025,800,18018,18268,18015;18024;18056,3,53,53,55,55,38,38,42,42,48,48,53,53,146,146,715,715,891,891,804,804,768,768,707,707,638,638,676,676,679,679,669,669,696,696,738,738,671,671,411,411,264,264,178,178,130,130,66,66,,,,,,,,,,,,,,,,,,,,,,,,,,,,,,,,,,,,,,,,,,,,,,,,
18026,800,18029,18356,,0,0,0,0,0,0,0,0,0,0,0,0,0,0,0,1,1,1,1,1,1,1,1,1,1,1,1,1,1,1,1,1,1,1,1,1,1,1,1,0,0,0,0,0,0,0,0,0,0,,,,,,,,,,,,,,,,,,,,,,,,,,,,,,,,,,,,,,,,,,,,,,,,
18027,1600,18269,18271,,0,0,0,0,0,0,0,0,0,0,0,0,0,0,0,1,1,1,1,1,1,1,1,1,1,1,1,0,0,1,1,1,1,1,1,1,1,1,1,0,0,0,0,0,0,0,0,0,0,,,,,,,,,,,,,,,,,,,,,,,,,,,,,,,,,,,,,,,,,,,,,,,,
18028,1200,18030,18023,18014;18077,2,0,0,0,0,0,0,0,0,0,0,0,0,0,0,2,2,2,2,2,2,2,2,2,2,2,2,2,2,2,2,2,2,2,2,2,2,2,2,1,1,0,0,0,0,0,0,0,0,,,,,,,,,,,,,,,,,,,,,,,,,,,,,,,,,,,,,,,,,,,,,,,,
18029,1600,18033,18020,18026;18075,2,0,0,0,0,0,0,0,0,0,0,0,0,0,0,1,1,1,1,1,1,1,1,1,1,1,1,1,1,1,1,1,1,1,1,1,1,1,1,0,0,0,0,0,0,0,0,0,0,,,,,,,,,,,,,,,,,,,,,,,,,,,,,,,,,,,,,,,,,,,,,,,,
18030,1200,18028,18035,,0,0,0,0,0,0,0,0,0,0,0,0,0,0,0,1,1,1,1,1,1,1,1,1,1,1,1,1,1,1,1,1,1,1,1,1,1,1,1,1,1,0,0,0,0,0,0,0,0,,,,,,,,,,,,,,,,,,,,,,,,,,,,,,,,,,,,,,,,,,,,,,,,
18031,800,17968,18038,,0,0,0,0,0,0,0,0,0,0,0,0,0,0,0,2,2,2,2,2,2,2,2,2,2,2,2,1,1,2,2,2,2,2,2,2,2,2,2,1,1,0,0,0,0,0,0,0,0,,,,,,,,,,,,,,,,,,,,,,,,,,,,,,,,,,,,,,,,,,,,,,,,
18032,300,18322,,,0,0,0,0,0,0,0,0,0,0,0,0,0,0,0,1,1,1,1,1,1,1,1,1,1,1,1,1,1,1,1,1,1,1,1,1,1,1,1,0,0,0,0,0,0,0,0,0,0,,,,,,,,,,,,,,,,,,,,,,,,,,,,,,,,,,,,,,,,,,,,,,,,
18033,1200,18029,18358,,0,0,0,0,0,0,0,0,0,0,0,0,0,0,0,1,1,1,1,1,1,1,1,1,1,1,1,1,1,1,1,1,1,1,1,1,1,1,1,1,1,0,0,0,0,0,0,0,0,,,,,,,,,,,,,,,,,,,,,,,,,,,,,,,,,,,,,,,,,,,,,,,,
18034,1200,18003,18099,18229;18231,2,0,0,0,0,0,0,0,0,0,0,0,0,0,0,1,1,2,2,2,2,2,2,1,1,1,1,1,1,1,1,1,1,1,1,1,1,1,1,0,0,0,0,0,0,0,0,0,0,,,,,,,,,,,,,,,,,,,,,,,,,,,,,,,,,,,,,,,,,,,,,,,,
18035,1600,18030,18036,18022;18079,2,0,0,0,0,0,0,0,0,0,0,0,0,0,0,1,1,1,1,1,1,1,1,1,1,1,1,1,1,1,1,1,1,1,1,1,1,1,1,0,0,0,0,0,0,0,0,0,0,,,,,,,,,,,,,,,,,,,,,,,,,,,,,,,,,,,,,,,,,,,,,,,,
18036,800,18035,18038,,0,0,0,0,0,0,0,0,0,0,0,0,0,0,0,1,1,1,1,1,1,1,1,1,1,1,1,1,1,1,1,1,1,1,1,1,1,1,1,0,0,0,0,0,0,0,0,0,0,,,,,,,,,,,,,,,,,,,,,,,,,,,,,,,,,,,,,,,,,,,,,,,,
18037,1200,17977,18043,,0,0,0,0,0,0,0,0,0,0,0,0,0,0,0,1,1,1,1,1,1,1,1,1,1,1,1,1,1,1,1,1,1,1,1,1,1,1,1,0,0,0,0,0,0,0,0,0,0,,,,,,,,,,,,,,,,,,,,,,,,,,,,,,,,,,,,,,,,,,,,,,,,
18038,1200,18040,18036,18031;18083,2,0,0,0,0,0,0,0,0,0,0,0,0,0,0,1,1,1,1,1,1,1,1,1,1,1,1,1,1,1,1,1,1,1,1,1,1,1,1,0,0,0,0,0,0,0,0,0,0,,,,,,,,,,,,,,,,,,,,,,,,,,,,,,,,,,,,,,,,,,,,,,,,
18039,4400,18049,18228,,0,36,36,36,36,26,26,27,27,32,32,35,35,99,99,1130,1130,1253,1253,1218,1218,1203,1203,1099,1099,1048,1048,1034,1034,1066,1066,1110,1110,1105,1105,1175,1175,1113,1113,353,353,217,217,139,139,102,102,57,57,,,,,,,,,,,,,,,,,,,,,,,,,,,,,,,,,,,,,,,,,,,,,,,,
18040,800,18043,18038,,0,0,0,0,0,0,0,0,0,0,0,0,0,0,0,1,1,1,1,1,1,1,1,1,1,1,1,1,1,1,1,1,1,1,1,1,1,1,1,0,0,0,0,0,0,0,0,0,0,,,,,,,,,,,,,,,,,,,,,,,,,,,,,,,,,,,,,,,,,,,,,,,,
18041,600,,18322,,0,0,0,0,0,0,0,0,0,0,0,0,0,0,0,1,1,1,1,1,1,1,1,1,1,1,1,1,1,1,1,1,1,1,1,1,1,1,1,0,0,0,0,0,0,0,0,0,0,,,,,,,,,,,,,,,,,,,,,,,,,,,,,,,,,,,,,,,,,,,,,,,,
18042,1200,17985,18051,,0,0,0,0,0,0,0,0,0,0,0,0,0,0,0,1,1,1,1,1,1,1,1,1,1,1,1,1,1,1,1,1,1,1,1,1,1,1,1,0,0,0,0,0,0,0,0,0,0,,,,,,,,,,,,,,,,,,,,,,,,,,,,,,,,,,,,,,,,,,,,,,,,
18043,1200,18040,18046,18037;18088,2,0,0,0,0,0,0,0,0,0,0,0,0,0,0,1,1,1,1,1,1,1,1,1,1,1,1,0,0,1,1,1,1,1,1,1,1,1,1,0,0,0,0,0,0,0,0,0,0,,,,,,,,,,,,,,,,,,,,,,,,,,,,,,,,,,,,,,,,,,,,,,,,
18044,300,,18324,,0,0,0,0,0,0,0,0,0,0,0,0,0,0,0,1,1,1,1,1,1,1,1,1,1,1,1,1,1,1,1,1,1,1,1,1,1,1,1,0,0,0,0,0,0,0,0,0,0,,,,,,,,,,,,,,,,,,,,,,,,,,,,,,,,,,,,,,,,,,,,,,,,
18045,600,18228,,,0,0,0,0,0,0,0,0,0,0,0,0,0,0,0,1,1,1,1,1,1,1,1,1,1,1,1,1,1,1,1,1,1,1,1,1,1,1,1,0,0,0,0,0,0,0,0,0,0,,,,,,,,,,,,,,,,,,,,,,,,,,,,,,,,,,,,,,,,,,,,,,,,
18046,800,18051,18043,,0,0,0,0,0,0,0,0,0,0,0,0,0,0,0,1,1,1,1,1,1,1,1,1,1,1,1,1,1,1,1,1,1,1,1,1,1,1,1,0,0,0,0,0,0,0,0,0,0,,,,,,,,,,,,,,,,,,,,,,,,,,,,,,,,,,,,,,,,,,,,,,,,
18047,300,18065,,,0,0,0,0,0,0,0,0,0,0,0,0,0,0,0,1,1,1,1,1,1,1,1,1,1,1,1,1,1,1,1,1,1,1,1,1,1,1,1,0,0,0,0,0,0,0,0,0,0,,,,,,,,,,,,,,,,,,,,,,,,,,,,,,,,,,,,,,,,,,,,,,,,
18048,1600,,18060,,0,0,0,0,0,0,0,0,0,0,0,0,0,0,0,2,2,2,2,2,2,2,2,2,2,2,2,2,2,2,2,2,2,2,2,2,2,2,2,1,1,1,1,0,0,0,0,0,0,,,,,,,,,,,,,,,,,,,,,,,,,,,,,,,,,,,,,,,,,,,,,,,,
18049,4400,18039,tran_94cf875b-0fc1-4c19-88ad-b9fe4189d0e0,18016;18225;18054;18207,4,36,36,36,36,26,26,27,27,32,32,35,35,99,99,1130,1130,1253,1253,1218,1218,1203,1203,1099,1099,1048,1048,1034,1034,1066,1066,1110,1110,1105,1105,1175,1175,1113,1113,353,353,217,217,139,139,102,102,57,57,,,,,,,,,,,,,,,,,,,,,,,,,,,,,,,,,,,,,,,,,,,,,,,,
18050,1200,18057,17991,,0,0,0,0,0,0,0,0,0,0,0,0,0,0,0,2,2,2,2,2,2,2,2,1,1,1,1,1,1,1,1,2,2,1,1,2,2,2,2,1,1,0,0,0,0,0,0,0,0,,,,,,,,,,,,,,,,,,,,,,,,,,,,,,,,,,,,,,,,,,,,,,,,
18051,1200,18053,18046,18042;18093,2,0,0,0,0,0,0,0,0,0,0,0,0,0,0,1,1,1,1,1,1,1,1,1,1,1,1,1,1,1,1,1,1,1,1,1,1,1,1,0,0,0,0,0,0,0,0,0,0,,,,,,,,,,,,,,,,,,,,,,,,,,,,,,,,,,,,,,,,,,,,,,,,
18052,2500,18021,18263,,0,36,36,36,36,26,26,27,27,32,32,35,35,99,99,1130,1130,1253,1253,1218,1218,1203,1203,1099,1099,1048,1048,1034,1034,1066,1066,1110,1110,1105,1105,1175,1175,1113,1113,353,353,217,217,139,139,102,102,57,57,,,,,,,,,,,,,,,,,,,,,,,,,,,,,,,,,,,,,,,,,,,,,,,,
18053,800,18051,18057,,0,0,0,0,0,0,0,0,0,0,0,0,0,0,0,1,1,1,1,1,1,1,1,1,1,1,1,1,1,1,1,1,1,1,1,1,1,1,1,0,0,0,0,0,0,0,0,0,0,,,,,,,,,,,,,,,,,,,,,,,,,,,,,,,,,,,,,,,,,,,,,,,,
18054,1100,,18049,,0,36,36,36,36,26,26,27,27,32,32,35,35,99,99,1130,1130,1253,1253,1218,1218,1203,1203,1099,1099,1048,1048,1034,1034,1066,1066,1110,1110,1105,1105,1175,1175,1113,1113,353,353,217,217,139,139,102,102,57,57,,,,,,,,,,,,,,,,,,,,,,,,,,,,,,,,,,,,,,,,,,,,,,,,
18055,1200,18058,18269,,0,0,0,0,0,0,0,0,0,0,0,0,0,0,0,1,1,1,1,1,1,1,1,0,0,0,0,0,0,0,0,0,0,0,0,1,1,1,1,0,0,0,0,0,0,0,0,0,0,,,,,,,,,,,,,,,,,,,,,,,,,,,,,,,,,,,,,,,,,,,,,,,,
18056,600,18058,18025,,0,0,0,0,0,0,0,0,0,0,0,0,0,0,0,0,0,0,0,0,0,0,0,0,0,0,0,0,0,0,0,0,0,0,0,0,0,0,0,0,0,0,0,0,0,0,0,0,0,,,,,,,,,,,,,,,,,,,,,,,,,,,,,,,,,,,,,,,,,,,,,,,,
18057,1200,18053,18060,18050;18367,2,0,0,0,0,0,0,0,0,0,0,0,0,0,0,1,1,1,1,1,1,1,1,1,1,1,1,1,1,1,1,1,1,1,1,1,1,1,1,1,1,0,0,0,0,0,0,0,0,,,,,,,,,,,,,,,,,,,,,,,,,,,,,,,,,,,,,,,,,,,,,,,,
18058,400,18056,18073,18055;18063,2,0,0,0,0,0,0,0,0,0,0,0,0,0,0,0,0,0,0,0,0,0,0,0,0,0,0,0,0,0,0,0,0,0,0,0,0,0,0,0,0,0,0,0,0,0,0,0,0,,,,,,,,,,,,,,,,,,,,,,,,,,,,,,,,,,,,,,,,,,,,,,,,
18059,800,18381,17991,,0,0,0,0,0,0,0,0,0,0,0,0,0,0,0,1,1,1,1,1,1,1,1,1,1,1,1,1,1,1,1,1,1,1,1,1,1,1,1,0,0,0,0,0,0,0,0,0,0,,,,,,,,,,,,,,,,,,,,,,,,,,,,,,,,,,,,,,,,,,,,,,,,
18060,4400,18057,18381,18048;18072;18071,3,54,54,54,54,38,38,41,41,48,48,53,53,149,149,1126,1126,1279,1279,1185,1185,1176,1176,1064,1064,1030,1030,978,978,1073,1073,1075,1075,1072,1072,1157,1157,1124,1124,530,530,326,326,208,208,152,152,86,86,,,,,,,,,,,,,,,,,,,,,,,,,,,,,,,,,,,,,,,,,,,,,,,,
18061,800,18379,,,0,0,0,0,0,0,0,0,0,0,0,0,0,0,0,2,2,2,2,2,2,2,2,2,2,2,2,2,2,2,2,2,2,2,2,2,2,2,2,1,1,0,0,0,0,0,0,0,0,,,,,,,,,,,,,,,,,,,,,,,,,,,,,,,,,,,,,,,,,,,,,,,,
18062,2500,18292,18324,,0,36,36,36,36,26,26,27,27,32,32,35,35,99,99,1130,1130,1253,1253,1218,1218,1203,1203,1099,1099,1048,1048,1034,1034,1066,1066,1110,1110,1105,1105,1175,1175,1113,1113,353,353,217,217,139,139,102,102,57,57,,,,,,,,,,,,,,,,,,,,,,,,,,,,,,,,,,,,,,,,,,,,,,,,
18063,300,18267,18058,,0,0,0,0,0,0,0,0,0,0,0,0,0,0,0,0,0,0,0,0,0,0,0,0,0,0,0,0,0,0,0,0,0,0,0,0,0,0,0,0,0,0,0,0,0,0,0,0,0,,,,,,,,,,,,,,,,,,,,,,,,,,,,,,,,,,,,,,,,,,,,,,,,
18064,4400,18263,18234,,0,36,36,36,36,26,26,27,27,32,32,35,35,99,99,1130,1130,1253,1253,1218,1218,1203,1203,1099,1099,1048,1048,1034,1034,1066,1066,1110,1110,1105,1105,1175,1175,1113,1113,353,353,217,217,139,139,102,102,57,57,,,,,,,,,,,,,,,,,,,,,,,,,,,,,,,,,,,,,,,,,,,,,,,,
18065,3500,18329,18066,18047,1,67,67,70,70,49,49,53,53,62,62,67,67,186,186,910,910,1134,1134,1023,1023,977,977,900,900,812,812,861,861,864,864,851,851,886,886,939,939,854,854,524,524,336,336,227,227,165,165,84,84,,,,,,,,,,,,,,,,,,,,,,,,,,,,,,,,,,,,,,,,,,,,,,,,
18066,1600,18329,18294,18065;18068,2,53,53,55,55,38,38,42,42,48,48,53,53,146,146,715,715,891,891,804,804,768,768,707,707,638,638,676,676,679,679,669,669,696,696,738,738,671,671,411,411,264,264,178,178,130,130,66,66,,,,,,,,,,,,,,,,,,,,,,,,,,,,,,,,,,,,,,,,,,,,,,,,
18067,2500,18330,,,0,54,54,54,54,38,38,41,41,48,48,53,53,149,149,1126,1126,1279,1279,1185,1185,1176,1176,1064,1064,1030,1030,978,978,1073,1073,1075,1075,1072,1072,1157,1157,1124,1124,530,530,326,326,208,208,152,152,86,86,,,,,,,,,,,,,,,,,,,,,,,,,,,,,,,,,,,,,,,,,,,,,,,,
18068,300,,18066,,0,0,0,0,0,0,0,0,0,0,0,0,0,0,0,1,1,2,2,2,2,2,2,1,1,1,1,1,1,1,1,1,1,1,1,2,2,1,1,0,0,0,0,0,0,0,0,0,0,,,,,,,,,,,,,,,,,,,,,,,,,,,,,,,,,,,,,,,,,,,,,,,,
18069,1600,18356,18346,,0,0,0,0,0,0,0,0,0,0,0,0,0,0,0,2,2,2,2,2,2,2,2,2,2,2,2,2,2,2,2,2,2,2,2,2,2,2,2,1,1,0,0,0,0,0,0,0,0,,,,,,,,,,,,,,,,,,,,,,,,,,,,,,,,,,,,,,,,,,,,,,,,
18070,800,18308,18304,,0,0,0,0,0,0,0,0,0,0,0,0,0,0,0,0,0,0,0,0,0,0,0,0,0,0,0,0,0,0,0,0,0,0,0,0,0,0,0,0,0,0,0,0,0,0,0,0,0,,,,,,,,,,,,,,,,,,,,,,,,,,,,,,,,,,,,,,,,,,,,,,,,
18071,3300,,18060,18072,1,54,54,54,54,38,38,41,41,48,48,53,53,149,149,1126,1126,1279,1279,1185,1185,1176,1176,1064,1064,1030,1030,978,978,1073,1073,1075,1075,1072,1072,1157,1157,1124,1124,530,530,326,326,208,208,152,152,86,86,,,,,,,,,,,,,,,,,,,,,,,,,,,,,,,,,,,,,,,,,,,,,,,,
18072,4400,18071,,18060,1,54,54,54,54,38,38,41,41,48,48,53,53,149,149,1126,1126,1279,1279,1185,1185,1176,1176,1064,1064,1030,1030,978,978,1073,1073,1075,1075,1072,1072,1157,1157,1124,1124,530,530,326,326,208,208,152,152,86,86,,,,,,,,,,,,,,,,,,,,,,,,,,,,,,,,,,,,,,,,,,,,,,,,
18073,1200,18058,18279,,0,0,0,0,0,0,0,0,0,0,0,0,0,0,0,1,1,1,1,1,1,1,1,1,1,1,1,1,1,1,1,1,1,1,1,1,1,1,1,0,0,0,0,0,0,0,0,0,0,,,,,,,,,,,,,,,,,,,,,,,,,,,,,,,,,,,,,,,,,,,,,,,,
18074,1200,18212,18220,,0,0,0,0,0,0,0,0,0,0,0,0,0,0,0,1,1,1,1,1,1,1,1,1,1,1,1,1,1,1,1,1,1,1,1,1,1,1,1,0,0,0,0,0,0,0,0,0,0,,,,,,,,,,,,,,,,,,,,,,,,,,,,,,,,,,,,,,,,,,,,,,,,
18075,1200,18029,18344,,0,0,0,0,0,0,0,0,0,0,0,0,0,0,0,1,1,1,1,1,1,1,1,1,1,1,1,1,1,1,1,1,1,1,1,1,1,1,1,0,0,0,0,0,0,0,0,0,0,,,,,,,,,,,,,,,,,,,,,,,,,,,,,,,,,,,,,,,,,,,,,,,,
18076,1200,18265,18263,,0,0,0,0,0,0,0,0,0,0,0,0,0,0,0,0,0,0,0,0,0,0,0,0,0,0,0,0,0,0,0,0,0,0,0,0,0,0,0,0,0,0,0,0,0,0,0,0,0,,,,,,,,,,,,,,,,,,,,,,,,,,,,,,,,,,,,,,,,,,,,,,,,
18077,1200,18081,18028,,0,0,0,0,0,0,0,0,0,0,0,0,0,0,0,2,2,2,2,2,2,2,2,2,2,2,2,1,1,2,2,2,2,2,2,2,2,2,2,1,1,0,0,0,0,0,0,0,0,,,,,,,,,,,,,,,,,,,,,,,,,,,,,,,,,,,,,,,,,,,,,,,,
18078,300,18306,18302,,0,0,0,0,0,0,0,0,0,0,0,0,0,0,0,0,0,0,0,0,0,0,0,0,0,0,0,0,0,0,0,0,0,0,0,0,0,0,0,0,0,0,0,0,0,0,0,0,0,,,,,,,,,,,,,,,,,,,,,,,,,,,,,,,,,,,,,,,,,,,,,,,,
18079,1200,18035,18087,,0,0,0,0,0,0,0,0,0,0,0,0,0,0,0,1,1,1,1,1,1,1,1,1,1,1,1,1,1,1,1,1,1,1,1,1,1,1,1,0,0,0,0,0,0,0,0,0,0,,,,,,,,,,,,,,,,,,,,,,,,,,,,,,,,,,,,,,,,,,,,,,,,
18080,1200,18366,18081,,0,0,0,0,0,0,0,0,0,0,0,0,0,0,0,1,1,1,1,1,1,1,1,1,1,0,0,0,0,1,1,1,1,1,1,1,1,1,1,0,0,0,0,0,0,0,0,0,0,,,,,,,,,,,,,,,,,,,,,,,,,,,,,,,,,,,,,,,,,,,,,,,,
18081,1600,18085,18080,18077;18137,2,0,0,0,0,0,0,0,0,0,0,0,0,0,0,1,1,1,1,1,1,1,1,1,1,1,1,1,1,1,1,1,1,1,1,1,1,1,1,0,0,0,0,0,0,0,0,0,0,,,,,,,,,,,,,,,,,,,,,,,,,,,,,,,,,,,,,,,,,,,,,,,,
18082,550,18206,,,0,54,54,54,54,38,38,41,41,48,48,53,53,149,149,1126,1126,1279,1279,1185,1185,1176,1176,1064,1064,1030,1030,978,978,1073,1073,1075,1075,1072,1072,1157,1157,1124,1124,530,530,326,326,208,208,152,152,86,86,,,,,,,,,,,,,,,,,,,,,,,,,,,,,,,,,,,,,,,,,,,,,,,,
18083,800,18038,18094,,0,0,0,0,0,0,0,0,0,0,0,0,0,0,0,2,2,2,2,2,2,2,2,1,1,1,1,1,1,1,1,1,1,1,1,2,2,2,2,1,1,0,0,0,0,0,0,0,0,,,,,,,,,,,,,,,,,,,,,,,,,,,,,,,,,,,,,,,,,,,,,,,,
18084,300,18327,,,0,0,0,0,0,0,0,0,0,0,0,0,0,0,0,1,1,1,1,1,1,1,1,1,1,1,1,1,1,1,1,1,1,1,1,1,1,1,1,0,0,0,0,0,0,0,0,0,0,,,,,,,,,,,,,,,,,,,,,,,,,,,,,,,,,,,,,,,,,,,,,,,,
18085,1200,18087,18081,,0,0,0,0,0,0,0,0,0,0,0,0,0,0,0,1,1,2,2,2,2,2,2,1,1,1,1,1,1,1,1,1,1,1,1,1,1,1,1,1,1,0,0,0,0,0,0,0,0,,,,,,,,,,,,,,,,,,,,,,,,,,,,,,,,,,,,,,,,,,,,,,,,
18086,3000,18358,18354,18013,1,54,54,54,54,38,38,41,41,48,48,53,53,149,149,1126,1126,1279,1279,1185,1185,1176,1176,1064,1064,1030,1030,978,978,1073,1073,1075,1075,1072,1072,1157,1157,1124,1124,530,530,326,326,208,208,152,152,86,86,,,,,,,,,,,,,,,,,,,,,,,,,,,,,,,,,,,,,,,,,,,,,,,,
18087,1200,18090,18085,18079;18147,2,0,0,0,0,0,0,0,0,0,0,0,0,0,0,2,2,2,2,2,2,2,2,2,2,2,2,2,2,2,2,2,2,2,2,2,2,2,2,1,1,0,0,0,0,0,0,0,0,,,,,,,,,,,,,,,,,,,,,,,,,,,,,,,,,,,,,,,,,,,,,,,,
18088,1200,18100,18043,,0,0,0,0,0,0,0,0,0,0,0,0,0,0,0,1,1,1,1,1,1,1,1,1,1,1,1,1,1,1,1,1,1,1,1,1,1,1,1,0,0,0,0,0,0,0,0,0,0,,,,,,,,,,,,,,,,,,,,,,,,,,,,,,,,,,,,,,,,,,,,,,,,
18089,1200,,18368,,0,0,0,0,0,0,0,0,0,0,0,0,0,0,0,2,2,2,2,2,2,2,2,2,2,2,2,2,2,2,2,2,2,2,2,2,2,2,2,1,1,1,1,0,0,0,0,0,0,,,,,,,,,,,,,,,,,,,,,,,,,,,,,,,,,,,,,,,,,,,,,,,,
18090,1000,18087,18094,,0,54,54,54,54,38,38,41,41,48,48,53,53,149,149,1126,1126,1279,1279,1185,1185,1176,1176,1064,1064,1030,1030,978,978,1073,1073,1075,1075,1072,1072,1157,1157,1124,1124,530,530,326,326,208,208,152,152,86,86,,,,,,,,,,,,,,,,,,,,,,,,,,,,,,,,,,,,,,,,,,,,,,,,
18091,4400,tran_688513a0-336a-42d6-aef8-037526b11f0d,18210,,0,19,19,20,20,14,14,15,15,18,18,19,19,53,53,1073,1073,1182,1182,1209,1209,1177,1177,1091,1091,1006,1006,1064,1064,998,998,1085,1085,1091,1091,1133,1133,1023,1023,150,150,96,96,65,65,47,47,24,24,,,,,,,,,,,,,,,,,,,,,,,,,,,,,,,,,,,,,,,,,,,,,,,,
18092,1200,,18219,,0,0,0,0,0,0,0,0,0,0,0,0,0,0,0,0,0,1,1,1,1,1,1,0,0,0,0,0,0,0,0,0,0,0,0,1,1,0,0,0,0,0,0,0,0,0,0,0,0,,,,,,,,,,,,,,,,,,,,,,,,,,,,,,,,,,,,,,,,,,,,,,,,
18093,800,18051,18107,,0,0,0,0,0,0,0,0,0,0,0,0,0,0,0,1,1,1,1,1,1,1,1,1,1,1,1,1,1,1,1,1,1,1,1,1,1,1,1,0,0,0,0,0,0,0,0,0,0,,,,,,,,,,,,,,,,,,,,,,,,,,,,,,,,,,,,,,,,,,,,,,,,
18094,2500,18095,18090,18083;18151,2,54,54,54,54,38,38,41,41,48,48,53,53,149,149,1126,1126,1279,1279,1185,1185,1176,1176,1064,1064,1030,1030,978,978,1073,1073,1075,1075,1072,1072,1157,1157,1124,1124,530,530,326,326,208,208,152,152,86,86,,,,,,,,,,,,,,,,,,,,,,,,,,,,,,,,,,,,,,,,,,,,,,,,
18095,1500,18100,18094,,0,54,54,54,54,38,38,41,41,48,48,53,53,149,149,1126,1126,1279,1279,1185,1185,1176,1176,1064,1064,1030,1030,978,978,1073,1073,1075,1075,1072,1072,1157,1157,1124,1124,530,530,326,326,208,208,152,152,86,86,,,,,,,,,,,,,,,,,,,,,,,,,,,,,,,,,,,,,,,,,,,,,,,,
18096,1600,18360,18354,,0,0,0,0,0,0,0,0,0,0,0,0,0,0,0,1,1,1,1,1,1,1,1,1,1,1,1,1,1,1,1,1,1,1,1,1,1,1,1,0,0,0,0,0,0,0,0,0,0,,,,,,,,,,,,,,,,,,,,,,,,,,,,,,,,,,,,,,,,,,,,,,,,
18097,1600,18341,18106,18357;18167,2,0,0,0,0,0,0,0,0,0,0,0,0,0,0,1,1,1,1,1,1,1,1,1,1,1,1,1,1,1,1,1,1,1,1,1,1,1,1,0,0,0,0,0,0,0,0,0,0,,,,,,,,,,,,,,,,,,,,,,,,,,,,,,,,,,,,,,,,,,,,,,,,
18098,800,18298,18296,,0,0,0,0,0,0,0,0,0,0,0,0,0,0,0,0,0,1,1,1,1,0,0,0,0,0,0,0,0,0,0,0,0,0,0,0,0,0,0,0,0,0,0,0,0,0,0,0,0,,,,,,,,,,,,,,,,,,,,,,,,,,,,,,,,,,,,,,,,,,,,,,,,
18099,1200,18034,18220,,0,0,0,0,0,0,0,0,0,0,0,0,0,0,0,0,0,1,1,1,1,1,1,0,0,0,0,0,0,0,0,0,0,0,0,1,1,0,0,0,0,0,0,0,0,0,0,0,0,,,,,,,,,,,,,,,,,,,,,,,,,,,,,,,,,,,,,,,,,,,,,,,,
181,4400,452,190,175;454,2,38,38,40,40,28,28,30,30,35,35,38,38,106,106,1010,1010,1173,1173,1121,1121,1069,1069,1008,1008,921,921,970,970,952,952,997,997,1020,1020,1069,1069,975,975,299,299,192,192,130,130,94,94,48,48,,,,,,,,,,,,,,,,,,,,,,,,,,,,,,,,,,,,,,,,,,,,,,,,
18100,1600,18088,18158,18095;18102,2,0,0,0,0,0,0,0,0,0,0,0,0,0,0,2,2,2,2,2,2,2,2,2,2,2,2,2,2,2,2,2,2,2,2,2,2,2,2,1,1,0,0,0,0,0,0,0,0,,,,,,,,,,,,,,,,,,,,,,,,,,,,,,,,,,,,,,,,,,,,,,,,
18101,800,18234,18308,,0,0,0,0,0,0,0,0,0,0,0,0,0,0,0,1,1,1,1,1,1,1,1,1,1,1,1,1,1,1,1,1,1,1,1,1,1,1,1,0,0,0,0,0,0,0,0,0,0,,,,,,,,,,,,,,,,,,,,,,,,,,,,,,,,,,,,,,,,,,,,,,,,
18102,800,18107,18100,,0,0,0,0,0,0,0,0,0,0,0,0,0,0,0,1,1,1,1,1,1,1,1,1,1,1,1,1,1,1,1,1,1,1,1,1,1,1,1,1,1,0,0,0,0,0,0,0,0,,,,,,,,,,,,,,,,,,,,,,,,,,,,,,,,,,,,,,,,,,,,,,,,
18103,300,18312,,,0,0,0,0,0,0,0,0,0,0,0,0,0,0,0,1,1,1,1,1,1,1,1,1,1,1,1,1,1,1,1,1,1,1,1,1,1,1,1,0,0,0,0,0,0,0,0,0,0,,,,,,,,,,,,,,,,,,,,,,,,,,,,,,,,,,,,,,,,,,,,,,,,
18104,300,18342,,,0,0,0,0,0,0,0,0,0,0,0,0,0,0,0,1,1,1,1,1,1,1,1,1,1,1,1,1,1,1,1,1,1,1,1,1,1,1,1,0,0,0,0,0,0,0,0,0,0,,,,,,,,,,,,,,,,,,,,,,,,,,,,,,,,,,,,,,,,,,,,,,,,
18105,300,18141,18297,18110;18206,2,0,0,0,0,0,0,0,0,0,0,0,0,0,0,0,0,0,0,0,0,0,0,0,0,0,0,0,0,0,0,0,0,0,0,0,0,0,0,0,0,0,0,0,0,0,0,0,0,,,,,,,,,,,,,,,,,,,,,,,,,,,,,,,,,,,,,,,,,,,,,,,,
18106,1200,18364,18097,,0,0,0,0,0,0,0,0,0,0,0,0,0,0,0,0,0,1,1,0,0,0,0,0,0,0,0,0,0,0,0,0,0,0,0,0,0,0,0,0,0,0,0,0,0,0,0,0,0,,,,,,,,,,,,,,,,,,,,,,,,,,,,,,,,,,,,,,,,,,,,,,,,
18107,1200,18102,18109,18093;18135,2,0,0,0,0,0,0,0,0,0,0,0,0,0,0,1,1,1,1,1,1,1,1,1,1,1,1,1,1,1,1,1,1,1,1,1,1,1,1,0,0,0,0,0,0,0,0,0,0,,,,,,,,,,,,,,,,,,,,,,,,,,,,,,,,,,,,,,,,,,,,,,,,
18108,300,18113,18328,,0,0,0,0,0,0,0,0,0,0,0,0,0,0,0,2,2,2,2,2,2,2,2,1,1,1,1,1,1,1,1,1,1,1,1,2,2,2,2,1,1,0,0,0,0,0,0,0,0,,,,,,,,,,,,,,,,,,,,,,,,,,,,,,,,,,,,,,,,,,,,,,,,
18109,1200,18163,18107,,0,0,0,0,0,0,0,0,0,0,0,0,0,0,0,2,2,2,2,2,2,2,2,2,2,2,2,2,2,2,2,2,2,2,2,2,2,2,2,1,1,0,0,0,0,0,0,0,0,,,,,,,,,,,,,,,,,,,,,,,,,,,,,,,,,,,,,,,,,,,,,,,,
18110,800,18105,18300,,0,0,0,0,0,0,0,0,0,0,0,0,0,0,0,0,0,0,0,0,0,0,0,0,0,0,0,0,0,0,0,0,0,0,0,0,0,0,0,0,0,0,0,0,0,0,0,0,0,,,,,,,,,,,,,,,,,,,,,,,,,,,,,,,,,,,,,,,,,,,,,,,,
18111,1200,18115,,,0,0,0,0,0,0,0,0,0,0,0,0,0,0,0,1,1,1,1,1,1,1,1,1,1,1,1,1,1,1,1,1,1,1,1,1,1,1,1,0,0,0,0,0,0,0,0,0,0,,,,,,,,,,,,,,,,,,,,,,,,,,,,,,,,,,,,,,,,,,,,,,,,
18112,2000,18113,18326,,0,54,54,54,54,38,38,41,41,48,48,53,53,149,149,1126,1126,1279,1279,1185,1185,1176,1176,1064,1064,1030,1030,978,978,1073,1073,1075,1075,1072,1072,1157,1157,1124,1124,530,530,326,326,208,208,152,152,86,86,,,,,,,,,,,,,,,,,,,,,,,,,,,,,,,,,,,,,,,,,,,,,,,,
18113,400,18108,18124,18112;18118,2,0,0,0,0,0,0,0,0,0,0,0,0,0,0,2,2,2,2,2,2,2,2,1,1,1,1,1,1,1,1,1,1,1,1,2,2,2,2,1,1,0,0,0,0,0,0,0,0,,,,,,,,,,,,,,,,,,,,,,,,,,,,,,,,,,,,,,,,,,,,,,,,
18114,800,18279,18275,,0,0,0,0,0,0,0,0,0,0,0,0,0,0,0,0,0,0,0,0,0,0,0,0,0,0,0,0,0,0,0,0,0,0,0,0,0,0,0,0,0,0,0,0,0,0,0,0,0,,,,,,,,,,,,,,,,,,,,,,,,,,,,,,,,,,,,,,,,,,,,,,,,
18115,1600,18258,18265,18111,1,0,0,0,0,0,0,0,0,0,0,0,0,0,0,1,1,1,1,1,1,1,1,1,1,1,1,1,1,1,1,1,1,1,1,1,1,1,1,0,0,0,0,0,0,0,0,0,0,,,,,,,,,,,,,,,,,,,,,,,,,,,,,,,,,,,,,,,,,,,,,,,,
18116,1600,18218,18120,,0,0,0,0,0,0,0,0,0,0,0,0,0,0,0,1,1,1,1,1,1,1,1,1,1,1,1,1,1,1,1,1,1,1,1,1,1,1,1,0,0,0,0,0,0,0,0,0,0,,,,,,,,,,,,,,,,,,,,,,,,,,,,,,,,,,,,,,,,,,,,,,,,
18117,300,18131,18318,,0,0,0,0,0,0,0,0,0,0,0,0,0,0,0,1,1,1,1,1,1,1,1,1,1,1,1,1,1,1,1,1,1,1,1,1,1,1,1,0,0,0,0,0,0,0,0,0,0,,,,,,,,,,,,,,,,,,,,,,,,,,,,,,,,,,,,,,,,,,,,,,,,
18118,1200,18113,18332,,0,0,0,0,0,0,0,0,0,0,0,0,0,0,0,1,1,1,1,1,1,1,1,1,1,1,1,1,1,1,1,1,1,1,1,1,1,1,1,0,0,0,0,0,0,0,0,0,0,,,,,,,,,,,,,,,,,,,,,,,,,,,,,,,,,,,,,,,,,,,,,,,,
18119,800,18120,18216,,0,0,0,0,0,0,0,0,0,0,0,0,0,0,0,1,1,1,1,1,1,1,1,1,1,1,1,1,1,1,1,1,1,1,1,1,1,1,1,0,0,0,0,0,0,0,0,0,0,,,,,,,,,,,,,,,,,,,,,,,,,,,,,,,,,,,,,,,,,,,,,,,,
18120,800,18119,18221,18116;18628,2,0,0,0,0,0,0,0,0,0,0,0,0,0,0,1,1,1,1,1,1,1,1,1,1,1,1,1,1,1,1,1,1,1,1,1,1,1,1,0,0,0,0,0,0,0,0,0,0,,,,,,,,,,,,,,,,,,,,,,,,,,,,,,,,,,,,,,,,,,,,,,,,
18121,1200,18302,18222,,0,0,0,0,0,0,0,0,0,0,0,0,0,0,0,0,0,0,0,0,0,0,0,0,0,0,0,0,0,0,0,0,0,0,0,0,0,0,0,0,0,0,0,0,0,0,0,0,0,,,,,,,,,,,,,,,,,,,,,,,,,,,,,,,,,,,,,,,,,,,,,,,,
18122,800,18657,18262,,0,0,0,0,0,0,0,0,0,0,0,0,0,0,0,1,1,1,1,1,1,1,1,1,1,1,1,1,1,1,1,1,1,1,1,1,1,1,1,0,0,0,0,0,0,0,0,0,0,,,,,,,,,,,,,,,,,,,,,,,,,,,,,,,,,,,,,,,,,,,,,,,,
18123,1200,18317,,18310,1,0,0,0,0,0,0,0,0,0,0,0,0,0,0,1,1,2,2,2,2,2,2,1,1,1,1,1,1,1,1,1,1,1,1,2,2,1,1,0,0,0,0,0,0,0,0,0,0,,,,,,,,,,,,,,,,,,,,,,,,,,,,,,,,,,,,,,,,,,,,,,,,
18124,800,18336,18113,,0,0,0,0,0,0,0,0,0,0,0,0,0,0,0,1,1,1,1,1,1,1,1,1,1,1,1,1,1,1,1,1,1,1,1,1,1,1,1,1,1,0,0,0,0,0,0,0,0,,,,,,,,,,,,,,,,,,,,,,,,,,,,,,,,,,,,,,,,,,,,,,,,
18125,600,,18224,,0,0,0,0,0,0,0,0,0,0,0,0,0,0,0,0,0,0,0,0,0,0,0,0,0,0,0,0,0,0,0,0,0,0,0,0,0,0,0,0,0,0,0,0,0,0,0,0,0,,,,,,,,,,,,,,,,,,,,,,,,,,,,,,,,,,,,,,,,,,,,,,,,
18126,1000,18214,18629,,0,36,36,36,36,26,26,27,27,32,32,35,35,99,99,1130,1130,1253,1253,1218,1218,1203,1203,1099,1099,1048,1048,1034,1034,1066,1066,1110,1110,1105,1105,1175,1175,1113,1113,353,353,217,217,139,139,102,102,57,57,,,,,,,,,,,,,,,,,,,,,,,,,,,,,,,,,,,,,,,,,,,,,,,,
18127,600,18130,,,0,0,0,0,0,0,0,0,0,0,0,0,0,0,0,1,1,1,1,1,1,1,1,1,1,0,0,0,0,0,0,1,1,1,1,1,1,1,1,0,0,0,0,0,0,0,0,0,0,,,,,,,,,,,,,,,,,,,,,,,,,,,,,,,,,,,,,,,,,,,,,,,,
18128,800,18222,18224,,0,0,0,0,0,0,0,0,0,0,0,0,0,0,0,0,0,0,0,0,0,0,0,0,0,0,0,0,0,0,0,0,0,0,0,0,0,0,0,0,0,0,0,0,0,0,0,0,0,,,,,,,,,,,,,,,,,,,,,,,,,,,,,,,,,,,,,,,,,,,,,,,,
18129,1200,18019,18366,,0,0,0,0,0,0,0,0,0,0,0,0,0,0,0,1,1,1,1,1,1,1,1,1,1,1,1,1,1,1,1,1,1,1,1,1,1,1,1,0,0,0,0,0,0,0,0,0,0,,,,,,,,,,,,,,,,,,,,,,,,,,,,,,,,,,,,,,,,,,,,,,,,
18130,400,18127,18174,18223;18149,2,0,0,0,0,0,0,0,0,0,0,0,0,0,0,1,1,1,1,1,1,1,1,1,1,0,0,0,0,0,0,1,1,1,1,1,1,1,1,0,0,0,0,0,0,0,0,0,0,,,,,,,,,,,,,,,,,,,,,,,,,,,,,,,,,,,,,,,,,,,,,,,,
18131,1200,18260,18117,18314,1,0,0,0,0,0,0,0,0,0,0,0,0,0,0,1,1,1,1,1,1,1,1,1,1,1,1,1,1,1,1,1,1,1,1,1,1,1,1,0,0,0,0,0,0,0,0,0,0,,,,,,,,,,,,,,,,,,,,,,,,,,,,,,,,,,,,,,,,,,,,,,,,
18132,800,,18277,,0,0,0,0,0,0,0,0,0,0,0,0,0,0,0,0,0,0,0,0,0,0,0,0,0,0,0,0,0,0,0,0,0,0,0,0,0,0,0,0,0,0,0,0,0,0,0,0,0,,,,,,,,,,,,,,,,,,,,,,,,,,,,,,,,,,,,,,,,,,,,,,,,
18133,800,,18320,,0,0,0,0,0,0,0,0,0,0,0,0,0,0,0,1,1,1,1,1,1,1,1,1,1,1,1,1,1,1,1,1,1,1,1,1,1,1,1,0,0,0,0,0,0,0,0,0,0,,,,,,,,,,,,,,,,,,,,,,,,,,,,,,,,,,,,,,,,,,,,,,,,
18134,1200,18330,18328,,0,0,0,0,0,0,0,0,0,0,0,0,0,0,0,2,2,2,2,2,2,2,2,2,2,2,2,2,2,2,2,2,2,2,2,2,2,2,2,1,1,0,0,0,0,0,0,0,0,,,,,,,,,,,,,,,,,,,,,,,,,,,,,,,,,,,,,,,,,,,,,,,,
18135,300,18107,18699,,0,0,0,0,0,0,0,0,0,0,0,0,0,0,0,2,2,2,2,2,2,2,2,2,2,2,2,2,2,2,2,2,2,2,2,2,2,2,2,1,1,0,0,0,0,0,0,0,0,,,,,,,,,,,,,,,,,,,,,,,,,,,,,,,,,,,,,,,,,,,,,,,,
18136,1200,18679,18140,,0,0,0,0,0,0,0,0,0,0,0,0,0,0,0,1,1,1,1,1,1,1,1,1,1,1,1,1,1,1,1,1,1,1,1,1,1,1,1,0,0,0,0,0,0,0,0,0,0,,,,,,,,,,,,,,,,,,,,,,,,,,,,,,,,,,,,,,,,,,,,,,,,
18137,800,18150,18081,,0,0,0,0,0,0,0,0,0,0,0,0,0,0,0,1,1,1,1,1,1,1,1,1,1,1,1,1,1,1,1,1,1,1,1,1,1,1,1,0,0,0,0,0,0,0,0,0,0,,,,,,,,,,,,,,,,,,,,,,,,,,,,,,,,,,,,,,,,,,,,,,,,
18138,300,18144,,,0,0,0,0,0,0,0,0,0,0,0,0,0,0,0,1,1,1,1,1,1,1,1,1,1,1,1,1,1,1,1,1,1,1,1,1,1,1,1,0,0,0,0,0,0,0,0,0,0,,,,,,,,,,,,,,,,,,,,,,,,,,,,,,,,,,,,,,,,,,,,,,,,
18139,800,18685,18336,,0,0,0,0,0,0,0,0,0,0,0,0,0,0,0,1,1,1,1,1,1,1,1,1,1,1,1,1,1,1,1,1,1,1,1,1,1,1,1,0,0,0,0,0,0,0,0,0,0,,,,,,,,,,,,,,,,,,,,,,,,,,,,,,,,,,,,,,,,,,,,,,,,
18140,1200,18182,18363,18136;18148,2,53,53,55,55,38,38,42,42,48,48,53,53,146,146,715,715,891,891,804,804,768,768,707,707,638,638,676,676,679,679,669,669,696,696,738,738,671,671,411,411,264,264,178,178,130,130,66,66,,,,,,,,,,,,,,,,,,,,,,,,,,,,,,,,,,,,,,,,,,,,,,,,
18141,600,18692,18105,,0,0,0,0,0,0,0,0,0,0,0,0,0,0,0,1,1,1,1,1,1,1,1,1,1,1,1,1,1,1,1,1,1,1,1,1,1,1,1,0,0,0,0,0,0,0,0,0,0,,,,,,,,,,,,,,,,,,,,,,,,,,,,,,,,,,,,,,,,,,,,,,,,
18142,300,18689,,,0,0,0,0,0,0,0,0,0,0,0,0,0,0,0,1,1,2,2,2,2,2,2,1,1,1,1,1,1,1,1,1,1,1,1,2,2,1,1,0,0,0,0,0,0,0,0,0,0,,,,,,,,,,,,,,,,,,,,,,,,,,,,,,,,,,,,,,,,,,,,,,,,
18143,1200,18627,,,0,0,0,0,0,0,0,0,0,0,0,0,0,0,0,1,1,1,1,1,1,1,1,1,1,1,1,1,1,1,1,1,1,1,1,1,1,1,1,0,0,0,0,0,0,0,0,0,0,,,,,,,,,,,,,,,,,,,,,,,,,,,,,,,,,,,,,,,,,,,,,,,,
18144,300,18172,18138,18146;18688,2,0,0,0,0,0,0,0,0,0,0,0,0,0,0,1,1,1,1,1,1,1,1,1,1,1,1,1,1,1,1,1,1,1,1,1,1,1,1,0,0,0,0,0,0,0,0,0,0,,,,,,,,,,,,,,,,,,,,,,,,,,,,,,,,,,,,,,,,,,,,,,,,
18145,4400,,18163,,0,42,42,39,39,28,28,29,29,34,34,39,39,112,112,1343,1343,1424,1424,1347,1347,1375,1375,1229,1229,1247,1247,1096,1096,1282,1282,1299,1299,1257,1257,1375,1375,1394,1394,536,536,316,316,190,190,140,140,87,87,,,,,,,,,,,,,,,,,,,,,,,,,,,,,,,,,,,,,,,,,,,,,,,,
18146,300,18144,18685,,0,0,0,0,0,0,0,0,0,0,0,0,0,0,0,1,1,1,1,1,1,1,1,1,1,1,1,1,1,1,1,1,1,1,1,1,1,1,1,0,0,0,0,0,0,0,0,0,0,,,,,,,,,,,,,,,,,,,,,,,,,,,,,,,,,,,,,,,,,,,,,,,,
18147,800,18155,18087,,0,0,0,0,0,0,0,0,0,0,0,0,0,0,0,1,1,1,1,1,1,1,1,1,1,1,1,1,1,1,1,1,1,1,1,1,1,1,1,0,0,0,0,0,0,0,0,0,0,,,,,,,,,,,,,,,,,,,,,,,,,,,,,,,,,,,,,,,,,,,,,,,,
18148,800,18150,18140,,0,0,0,0,0,0,0,0,0,0,0,0,0,0,0,0,0,0,0,0,0,0,0,0,0,0,0,0,0,0,0,0,0,0,0,0,0,0,0,0,0,0,0,0,0,0,0,0,0,,,,,,,,,,,,,,,,,,,,,,,,,,,,,,,,,,,,,,,,,,,,,,,,
18149,800,18130,18643,,0,0,0,0,0,0,0,0,0,0,0,0,0,0,0,1,1,1,1,1,1,1,1,1,1,1,1,1,1,1,1,1,1,1,1,1,1,1,1,0,0,0,0,0,0,0,0,0,0,,,,,,,,,,,,,,,,,,,,,,,,,,,,,,,,,,,,,,,,,,,,,,,,
18150,1200,18148,18152,18137;18188,2,0,0,0,0,0,0,0,0,0,0,0,0,0,0,0,0,1,1,0,0,0,0,0,0,0,0,0,0,0,0,0,0,0,0,0,0,0,0,0,0,0,0,0,0,0,0,0,0,,,,,,,,,,,,,,,,,,,,,,,,,,,,,,,,,,,,,,,,,,,,,,,,
18151,1200,18161,18094,,0,0,0,0,0,0,0,0,0,0,0,0,0,0,0,1,1,1,1,1,1,1,1,1,1,1,1,1,1,1,1,1,1,1,1,1,1,1,1,0,0,0,0,0,0,0,0,0,0,,,,,,,,,,,,,,,,,,,,,,,,,,,,,,,,,,,,,,,,,,,,,,,,
18152,800,18155,18150,,0,0,0,0,0,0,0,0,0,0,0,0,0,0,0,1,1,1,1,1,1,1,1,1,1,1,1,1,1,1,1,1,1,1,1,1,1,1,1,0,0,0,0,0,0,0,0,0,0,,,,,,,,,,,,,,,,,,,,,,,,,,,,,,,,,,,,,,,,,,,,,,,,
18153,2500,18340,18687,,0,54,54,54,54,38,38,41,41,48,48,53,53,149,149,1126,1126,1279,1279,1185,1185,1176,1176,1064,1064,1030,1030,978,978,1073,1073,1075,1075,1072,1072,1157,1157,1124,1124,530,530,326,326,208,208,152,152,86,86,,,,,,,,,,,,,,,,,,,,,,,,,,,,,,,,,,,,,,,,,,,,,,,,
18154,800,18629,18157,,0,0,0,0,0,0,0,0,0,0,0,0,0,0,0,1,1,1,1,1,1,1,1,1,1,1,1,1,1,1,1,1,1,1,1,1,1,1,1,0,0,0,0,0,0,0,0,0,0,,,,,,,,,,,,,,,,,,,,,,,,,,,,,,,,,,,,,,,,,,,,,,,,
18155,1600,18147,18194,18152;18159,2,0,0,0,0,0,0,0,0,0,0,0,0,0,0,1,1,1,1,1,1,1,1,1,1,1,1,1,1,1,1,1,1,1,1,1,1,1,1,0,0,0,0,0,0,0,0,0,0,,,,,,,,,,,,,,,,,,,,,,,,,,,,,,,,,,,,,,,,,,,,,,,,
18156,800,18625,18157,,0,0,0,0,0,0,0,0,0,0,0,0,0,0,0,1,1,1,1,1,1,1,1,1,1,1,1,1,1,1,1,1,1,1,1,1,1,1,1,0,0,0,0,0,0,0,0,0,0,,,,,,,,,,,,,,,,,,,,,,,,,,,,,,,,,,,,,,,,,,,,,,,,
18157,300,18156,18184,18154;18177,2,0,0,0,0,0,0,0,0,0,0,0,0,0,0,1,1,1,1,1,1,1,1,1,1,1,1,1,1,1,1,1,1,1,1,1,1,1,1,0,0,0,0,0,0,0,0,0,0,,,,,,,,,,,,,,,,,,,,,,,,,,,,,,,,,,,,,,,,,,,,,,,,
18158,300,18100,18170,,0,0,0,0,0,0,0,0,0,0,0,0,0,0,0,1,1,1,1,1,1,1,1,1,1,1,1,1,1,1,1,1,1,1,1,1,1,1,1,0,0,0,0,0,0,0,0,0,0,,,,,,,,,,,,,,,,,,,,,,,,,,,,,,,,,,,,,,,,,,,,,,,,
18159,800,18155,18161,,0,0,0,0,0,0,0,0,0,0,0,0,0,0,0,1,1,1,1,1,1,1,1,1,1,1,1,1,1,1,1,1,1,1,1,1,1,1,1,0,0,0,0,0,0,0,0,0,0,,,,,,,,,,,,,,,,,,,,,,,,,,,,,,,,,,,,,,,,,,,,,,,,
18160,1200,18171,18300,,0,0,0,0,0,0,0,0,0,0,0,0,0,0,0,0,0,0,0,0,0,0,0,0,0,0,0,0,0,0,0,0,0,0,0,0,0,0,0,0,0,0,0,0,0,0,0,0,0,,,,,,,,,,,,,,,,,,,,,,,,,,,,,,,,,,,,,,,,,,,,,,,,
18161,1600,18159,18166,18151;18200,2,0,0,0,0,0,0,0,0,0,0,0,0,0,0,1,1,1,1,1,1,1,1,1,1,1,1,1,1,1,1,1,1,1,1,1,1,1,1,0,0,0,0,0,0,0,0,0,0,,,,,,,,,,,,,,,,,,,,,,,,,,,,,,,,,,,,,,,,,,,,,,,,
18162,300,18683,,,0,0,0,0,0,0,0,0,0,0,0,0,0,0,0,2,2,2,2,2,2,2,2,2,2,2,2,2,2,2,2,2,2,2,2,2,2,2,2,1,1,0,0,0,0,0,0,0,0,,,,,,,,,,,,,,,,,,,,,,,,,,,,,,,,,,,,,,,,,,,,,,,,
18163,4400,18699,18145,18368;18109,2,54,54,54,54,38,38,41,41,48,48,53,53,149,149,1126,1126,1279,1279,1185,1185,1176,1176,1064,1064,1030,1030,978,978,1073,1073,1075,1075,1072,1072,1157,1157,1124,1124,530,530,326,326,208,208,152,152,86,86,,,,,,,,,,,,,,,,,,,,,,,,,,,,,,,,,,,,,,,,,,,,,,,,
18164,400,18698,,,0,0,0,0,0,0,0,0,0,0,0,0,0,0,0,1,1,1,1,1,1,1,1,1,1,1,1,1,1,1,1,1,1,1,1,1,1,1,1,0,0,0,0,0,0,0,0,0,0,,,,,,,,,,,,,,,,,,,,,,,,,,,,,,,,,,,,,,,,,,,,,,,,
18165,1200,18275,18277,,0,0,0,0,0,0,0,0,0,0,0,0,0,0,0,1,1,1,1,1,1,1,1,1,1,1,1,1,1,1,1,1,1,1,1,1,1,1,1,0,0,0,0,0,0,0,0,0,0,,,,,,,,,,,,,,,,,,,,,,,,,,,,,,,,,,,,,,,,,,,,,,,,
18166,800,18170,18161,,0,0,0,0,0,0,0,0,0,0,0,0,0,0,0,1,1,1,1,1,1,1,1,1,1,1,1,1,1,1,1,1,1,1,1,1,1,1,1,0,0,0,0,0,0,0,0,0,0,,,,,,,,,,,,,,,,,,,,,,,,,,,,,,,,,,,,,,,,,,,,,,,,
18167,800,18679,18097,,0,0,0,0,0,0,0,0,0,0,0,0,0,0,0,1,1,1,1,1,1,1,1,1,1,1,1,1,1,1,1,1,1,1,1,1,1,1,1,0,0,0,0,0,0,0,0,0,0,,,,,,,,,,,,,,,,,,,,,,,,,,,,,,,,,,,,,,,,,,,,,,,,
18168,300,18687,,,0,0,0,0,0,0,0,0,0,0,0,0,0,0,0,2,2,3,3,3,3,3,3,2,2,2,2,2,2,2,2,2,2,2,2,3,3,2,2,1,1,1,1,0,0,0,0,0,0,,,,,,,,,,,,,,,,,,,,,,,,,,,,,,,,,,,,,,,,,,,,,,,,
18169,800,18171,18693,,0,0,0,0,0,0,0,0,0,0,0,0,0,0,0,0,0,1,1,1,1,1,1,0,0,0,0,0,0,0,0,0,0,0,0,1,1,0,0,0,0,0,0,0,0,0,0,0,0,,,,,,,,,,,,,,,,,,,,,,,,,,,,,,,,,,,,,,,,,,,,,,,,
18170,1200,18166,18698,18158;18203,2,0,0,0,0,0,0,0,0,0,0,0,0,0,0,1,1,1,1,1,1,1,1,1,1,1,1,1,1,1,1,1,1,1,1,1,1,1,1,0,0,0,0,0,0,0,0,0,0,,,,,,,,,,,,,,,,,,,,,,,,,,,,,,,,,,,,,,,,,,,,,,,,
18171,800,18193,18276,18160;18169;18189,3,0,0,0,0,0,0,0,0,0,0,0,0,0,0,0,0,0,0,0,0,0,0,0,0,0,0,0,0,0,0,0,0,0,0,0,0,0,0,0,0,0,0,0,0,0,0,0,0,,,,,,,,,,,,,,,,,,,,,,,,,,,,,,,,,,,,,,,,,,,,,,,,
18172,300,,18144,,0,0,0,0,0,0,0,0,0,0,0,0,0,0,0,0,0,1,1,0,0,0,0,0,0,0,0,0,0,0,0,0,0,0,0,0,0,0,0,0,0,0,0,0,0,0,0,0,0,,,,,,,,,,,,,,,,,,,,,,,,,,,,,,,,,,,,,,,,,,,,,,,,
18173,800,18659,18655,,0,0,0,0,0,0,0,0,0,0,0,0,0,0,0,1,1,1,1,1,1,1,1,1,1,1,1,1,1,1,1,1,1,1,1,1,1,1,1,0,0,0,0,0,0,0,0,0,0,,,,,,,,,,,,,,,,,,,,,,,,,,,,,,,,,,,,,,,,,,,,,,,,
18174,800,18130,18631,,0,0,0,0,0,0,0,0,0,0,0,0,0,0,0,1,1,1,1,1,1,1,1,1,1,1,1,1,1,1,1,1,1,1,1,1,1,1,1,0,0,0,0,0,0,0,0,0,0,,,,,,,,,,,,,,,,,,,,,,,,,,,,,,,,,,,,,,,,,,,,,,,,
18175,1200,18677,,,0,0,0,0,0,0,0,0,0,0,0,0,0,0,0,1,1,1,1,1,1,1,1,1,1,1,1,1,1,1,1,1,1,1,1,1,1,1,1,1,1,0,0,0,0,0,0,0,0,,,,,,,,,,,,,,,,,,,,,,,,,,,,,,,,,,,,,,,,,,,,,,,,
18176,2000,18312,18263,,0,36,36,36,36,26,26,27,27,32,32,35,35,99,99,1130,1130,1253,1253,1218,1218,1203,1203,1099,1099,1048,1048,1034,1034,1066,1066,1110,1110,1105,1105,1175,1175,1113,1113,353,353,217,217,139,139,102,102,57,57,,,,,,,,,,,,,,,,,,,,,,,,,,,,,,,,,,,,,,,,,,,,,,,,
18177,800,18157,18631,,0,0,0,0,0,0,0,0,0,0,0,0,0,0,0,1,1,2,2,2,2,2,2,1,1,1,1,1,1,1,1,1,1,1,1,2,2,1,1,0,0,0,0,0,0,0,0,0,0,,,,,,,,,,,,,,,,,,,,,,,,,,,,,,,,,,,,,,,,,,,,,,,,
18178,1200,18677,,,0,0,0,0,0,0,0,0,0,0,0,0,0,0,0,1,1,1,1,1,1,1,1,1,1,1,1,1,1,1,1,1,1,1,1,1,1,1,1,0,0,0,0,0,0,0,0,0,0,,,,,,,,,,,,,,,,,,,,,,,,,,,,,,,,,,,,,,,,,,,,,,,,
18179,300,18661,18665,,0,0,0,0,0,0,0,0,0,0,0,0,0,0,0,1,1,1,1,1,1,1,1,1,1,1,1,1,1,1,1,1,1,1,1,1,1,1,1,0,0,0,0,0,0,0,0,0,0,,,,,,,,,,,,,,,,,,,,,,,,,,,,,,,,,,,,,,,,,,,,,,,,
18180,300,,18663,,0,0,0,0,0,0,0,0,0,0,0,0,0,0,0,1,1,1,1,1,1,1,1,1,1,1,1,1,1,1,1,1,1,1,1,1,1,1,1,0,0,0,0,0,0,0,0,0,0,,,,,,,,,,,,,,,,,,,,,,,,,,,,,,,,,,,,,,,,,,,,,,,,
18181,1200,18630,18186,18309;18632,2,0,0,0,0,0,0,0,0,0,0,0,0,0,0,1,1,2,2,2,2,2,2,1,1,1,1,1,1,1,1,1,1,1,1,1,1,1,1,0,0,0,0,0,0,0,0,0,0,,,,,,,,,,,,,,,,,,,,,,,,,,,,,,,,,,,,,,,,,,,,,,,,
18182,1200,18140,18671,,0,0,0,0,0,0,0,0,0,0,0,0,0,0,0,1,1,1,1,1,1,1,1,1,1,1,1,1,1,1,1,1,1,1,1,1,1,1,1,0,0,0,0,0,0,0,0,0,0,,,,,,,,,,,,,,,,,,,,,,,,,,,,,,,,,,,,,,,,,,,,,,,,
18183,1200,18647,18659,18204,1,0,0,0,0,0,0,0,0,0,0,0,0,0,0,1,1,1,1,1,1,1,1,1,1,1,1,1,1,1,1,1,1,1,1,1,1,1,1,0,0,0,0,0,0,0,0,0,0,,,,,,,,,,,,,,,,,,,,,,,,,,,,,,,,,,,,,,,,,,,,,,,,
18184,2500,18633,18157,,0,36,36,36,36,26,26,27,27,32,32,35,35,99,99,1130,1130,1253,1253,1218,1218,1203,1203,1099,1099,1048,1048,1034,1034,1066,1066,1110,1110,1105,1105,1175,1175,1113,1113,353,353,217,217,139,139,102,102,57,57,,,,,,,,,,,,,,,,,,,,,,,,,,,,,,,,,,,,,,,,,,,,,,,,
18185,2500,18667,,,0,36,36,36,36,26,26,27,27,32,32,35,35,99,99,1130,1130,1253,1253,1218,1218,1203,1203,1099,1099,1048,1048,1034,1034,1066,1066,1110,1110,1105,1105,1175,1175,1113,1113,353,353,217,217,139,139,102,102,57,57,,,,,,,,,,,,,,,,,,,,,,,,,,,,,,,,,,,,,,,,,,,,,,,,
18186,1200,18181,18639,,0,0,0,0,0,0,0,0,0,0,0,0,0,0,0,1,1,1,1,1,1,1,1,1,1,1,1,1,1,1,1,1,1,1,1,1,1,1,1,0,0,0,0,0,0,0,0,0,0,,,,,,,,,,,,,,,,,,,,,,,,,,,,,,,,,,,,,,,,,,,,,,,,
18187,800,18645,18649,,0,0,0,0,0,0,0,0,0,0,0,0,0,0,0,1,1,1,1,1,1,1,1,1,1,1,1,1,1,1,1,1,1,1,1,1,1,1,1,0,0,0,0,0,0,0,0,0,0,,,,,,,,,,,,,,,,,,,,,,,,,,,,,,,,,,,,,,,,,,,,,,,,
18188,1200,18150,18695,,0,0,0,0,0,0,0,0,0,0,0,0,0,0,0,1,1,1,1,1,1,1,1,1,1,1,1,1,1,1,1,1,1,1,1,1,1,1,1,0,0,0,0,0,0,0,0,0,0,,,,,,,,,,,,,,,,,,,,,,,,,,,,,,,,,,,,,,,,,,,,,,,,
18189,800,18191,18171,,0,0,0,0,0,0,0,0,0,0,0,0,0,0,0,1,1,1,1,1,1,1,1,1,1,1,1,1,1,1,1,1,1,1,1,1,1,1,1,0,0,0,0,0,0,0,0,0,0,,,,,,,,,,,,,,,,,,,,,,,,,,,,,,,,,,,,,,,,,,,,,,,,
18190,2000,18645,18320,,0,36,36,36,36,26,26,27,27,32,32,35,35,99,99,1130,1130,1253,1253,1218,1218,1203,1203,1099,1099,1048,1048,1034,1034,1066,1066,1110,1110,1105,1105,1175,1175,1113,1113,353,353,217,217,139,139,102,102,57,57,,,,,,,,,,,,,,,,,,,,,,,,,,,,,,,,,,,,,,,,,,,,,,,,
18191,800,18201,18189,18644;18195,2,0,0,0,0,0,0,0,0,0,0,0,0,0,0,1,1,1,1,1,1,1,1,1,1,1,1,1,1,1,1,1,1,1,1,1,1,1,1,0,0,0,0,0,0,0,0,0,0,,,,,,,,,,,,,,,,,,,,,,,,,,,,,,,,,,,,,,,,,,,,,,,,
18192,1600,18623,18635,,0,0,0,0,0,0,0,0,0,0,0,0,0,0,0,1,1,1,1,1,1,1,1,1,1,1,1,1,1,1,1,1,1,1,1,1,1,1,1,0,0,0,0,0,0,0,0,0,0,,,,,,,,,,,,,,,,,,,,,,,,,,,,,,,,,,,,,,,,,,,,,,,,
18193,800,18171,18663,,0,0,0,0,0,0,0,0,0,0,0,0,0,0,0,0,0,0,0,0,0,0,0,0,0,0,0,0,0,0,0,0,0,0,0,0,0,0,0,0,0,0,0,0,0,0,0,0,0,,,,,,,,,,,,,,,,,,,,,,,,,,,,,,,,,,,,,,,,,,,,,,,,
18194,800,18155,18697,,0,0,0,0,0,0,0,0,0,0,0,0,0,0,0,1,1,1,1,1,1,1,1,1,1,1,1,1,1,1,1,1,1,1,1,1,1,1,1,0,0,0,0,0,0,0,0,0,0,,,,,,,,,,,,,,,,,,,,,,,,,,,,,,,,,,,,,,,,,,,,,,,,
18195,600,18197,18191,,0,0,0,0,0,0,0,0,0,0,0,0,0,0,0,1,1,1,1,1,1,1,1,1,1,1,1,1,1,1,1,1,1,1,1,1,1,1,1,0,0,0,0,0,0,0,0,0,0,,,,,,,,,,,,,,,,,,,,,,,,,,,,,,,,,,,,,,,,,,,,,,,,
18196,800,18639,18641,,0,0,0,0,0,0,0,0,0,0,0,0,0,0,0,1,1,1,1,1,1,1,1,1,1,1,1,1,1,1,1,1,1,1,1,1,1,1,1,0,0,0,0,0,0,0,0,0,0,,,,,,,,,,,,,,,,,,,,,,,,,,,,,,,,,,,,,,,,,,,,,,,,
18197,500,18195,8001,18660;8636,2,36,36,36,36,26,26,27,27,32,32,35,35,99,99,1130,1130,1253,1253,1218,1218,1203,1203,1099,1099,1048,1048,1034,1034,1066,1066,1110,1110,1105,1105,1175,1175,1113,1113,353,353,217,217,139,139,102,102,57,57,,,,,,,,,,,,,,,,,,,,,,,,,,,,,,,,,,,,,,,,,,,,,,,,
18198,1200,18621,18637,,0,33,33,31,31,22,22,23,23,26,26,31,31,88,88,1055,1055,1119,1119,1058,1058,1080,1080,966,966,980,980,861,861,1008,1008,1021,1021,988,988,1080,1080,1096,1096,421,421,249,249,150,150,110,110,68,68,,,,,,,,,,,,,,,,,,,,,,,,,,,,,,,,,,,,,,,,,,,,,,,,
18199,800,18669,,,0,33,33,31,31,22,22,23,23,26,26,31,31,88,88,1055,1055,1119,1119,1058,1058,1080,1080,966,966,980,980,861,861,1008,1008,1021,1021,988,988,1080,1080,1096,1096,421,421,249,249,150,150,110,110,68,68,,,,,,,,,,,,,,,,,,,,,,,,,,,,,,,,,,,,,,,,,,,,,,,,
182,4400,185,176,17721,1,54,54,56,56,39,39,42,42,50,50,54,54,149,149,956,956,1147,1147,1075,1075,1033,1033,954,954,866,866,918,918,901,901,917,917,943,943,993,993,901,901,419,419,269,269,182,182,132,132,67,67,,,,,,,,,,,,,,,,,,,,,,,,,,,,,,,,,,,,,,,,,,,,,,,,
18200,1600,18161,8663,,0,0,0,0,0,0,0,0,0,0,0,0,0,0,0,2,2,3,3,3,3,3,3,2,2,2,2,2,2,2,2,2,2,2,2,3,3,2,2,1,1,1,1,0,0,0,0,0,0,,,,,,,,,,,,,,,,,,,,,,,,,,,,,,,,,,,,,,,,,,,,,,,,
18201,800,18191,8631,,0,0,0,0,0,0,0,0,0,0,0,0,0,0,0,2,2,2,2,2,2,2,2,2,2,1,1,1,1,1,1,2,2,2,2,2,2,2,2,0,0,0,0,0,0,0,0,0,0,,,,,,,,,,,,,,,,,,,,,,,,,,,,,,,,,,,,,,,,,,,,,,,,
18202,1600,18647,18653,,0,0,0,0,0,0,0,0,0,0,0,0,0,0,0,1,1,1,1,1,1,1,1,1,1,1,1,1,1,1,1,1,1,1,1,1,1,1,1,0,0,0,0,0,0,0,0,0,0,,,,,,,,,,,,,,,,,,,,,,,,,,,,,,,,,,,,,,,,,,,,,,,,
18203,800,8665,18170,,0,0,0,0,0,0,0,0,0,0,0,0,0,0,0,1,1,2,2,2,2,2,2,1,1,1,1,1,1,1,1,1,1,1,1,2,2,1,1,1,1,0,0,0,0,0,0,0,0,,,,,,,,,,,,,,,,,,,,,,,,,,,,,,,,,,,,,,,,,,,,,,,,
18204,800,8635,18647,18183,1,0,0,0,0,0,0,0,0,0,0,0,0,0,0,2,2,2,2,2,2,2,2,2,2,1,1,1,1,1,1,2,2,2,2,2,2,2,2,0,0,0,0,0,0,0,0,0,0,,,,,,,,,,,,,,,,,,,,,,,,,,,,,,,,,,,,,,,,,,,,,,,,
18205,3500,18627,,18214,1,36,36,36,36,26,26,27,27,32,32,35,35,99,99,1130,1130,1253,1253,1218,1218,1203,1203,1099,1099,1048,1048,1034,1034,1066,1066,1110,1110,1105,1105,1175,1175,1113,1113,353,353,217,217,139,139,102,102,57,57,,,,,,,,,,,,,,,,,,,,,,,,,,,,,,,,,,,,,,,,,,,,,,,,
18206,4400,18105,18336,18082;18325,2,42,42,39,39,28,28,29,29,34,34,39,39,112,112,1343,1343,1424,1424,1347,1347,1375,1375,1229,1229,1247,1247,1096,1096,1282,1282,1299,1299,1257,1257,1375,1375,1394,1394,536,536,316,316,190,190,140,140,87,87,,,,,,,,,,,,,,,,,,,,,,,,,,,,,,,,,,,,,,,,,,,,,,,,
18207,1600,18212,,18049,1,0,0,0,0,0,0,0,0,0,0,0,0,0,0,1,1,1,1,1,1,1,1,1,1,1,1,1,1,1,1,1,1,1,1,1,1,1,1,0,0,0,0,0,0,0,0,0,0,,,,,,,,,,,,,,,,,,,,,,,,,,,,,,,,,,,,,,,,,,,,,,,,
18208,1000,18700,18217,18209,1,36,36,36,36,26,26,27,27,32,32,35,35,99,99,1130,1130,1253,1253,1218,1218,1203,1203,1099,1099,1048,1048,1034,1034,1066,1066,1110,1110,1105,1105,1175,1175,1113,1113,353,353,217,217,139,139,102,102,57,57,,,,,,,,,,,,,,,,,,,,,,,,,,,,,,,,,,,,,,,,,,,,,,,,
18209,3000,18208,18210,,0,36,36,36,36,26,26,27,27,32,32,35,35,99,99,1130,1130,1253,1253,1218,1218,1203,1203,1099,1099,1048,1048,1034,1034,1066,1066,1110,1110,1105,1105,1175,1175,1113,1113,353,353,217,217,139,139,102,102,57,57,,,,,,,,,,,,,,,,,,,,,,,,,,,,,,,,,,,,,,,,,,,,,,,,
18210,800,18209,18091,18211,1,0,0,0,0,0,0,0,0,0,0,0,0,0,0,1,1,1,1,1,1,1,1,1,1,1,1,1,1,1,1,1,1,1,1,1,1,1,1,0,0,0,0,0,0,0,0,0,0,,,,,,,,,,,,,,,,,,,,,,,,,,,,,,,,,,,,,,,,,,,,,,,,
18211,1600,18212,18210,,0,0,0,0,0,0,0,0,0,0,0,0,0,0,0,1,1,1,1,1,1,1,1,1,1,1,1,1,1,1,1,1,1,1,1,1,1,1,1,0,0,0,0,0,0,0,0,0,0,,,,,,,,,,,,,,,,,,,,,,,,,,,,,,,,,,,,,,,,,,,,,,,,
18212,400,18207,18074,18211,1,0,0,0,0,0,0,0,0,0,0,0,0,0,0,1,1,1,1,1,1,1,1,1,1,1,1,1,1,1,1,1,1,1,1,1,1,1,1,0,0,0,0,0,0,0,0,0,0,,,,,,,,,,,,,,,,,,,,,,,,,,,,,,,,,,,,,,,,,,,,,,,,
18213,1200,18218,18216,,0,0,0,0,0,0,0,0,0,0,0,0,0,0,0,1,1,2,2,1,1,1,1,1,1,1,1,1,1,1,1,1,1,1,1,1,1,1,1,0,0,0,0,0,0,0,0,0,0,,,,,,,,,,,,,,,,,,,,,,,,,,,,,,,,,,,,,,,,,,,,,,,,
18214,500,18215,18126,18205,1,36,36,36,36,26,26,27,27,32,32,35,35,99,99,1130,1130,1253,1253,1218,1218,1203,1203,1099,1099,1048,1048,1034,1034,1066,1066,1110,1110,1105,1105,1175,1175,1113,1113,353,353,217,217,139,139,102,102,57,57,,,,,,,,,,,,,,,,,,,,,,,,,,,,,,,,,,,,,,,,,,,,,,,,
18215,3000,18216,18214,,0,36,36,36,36,26,26,27,27,32,32,35,35,99,99,1130,1130,1253,1253,1218,1218,1203,1203,1099,1099,1048,1048,1034,1034,1066,1066,1110,1110,1105,1105,1175,1175,1113,1113,353,353,217,217,139,139,102,102,57,57,,,,,,,,,,,,,,,,,,,,,,,,,,,,,,,,,,,,,,,,,,,,,,,,
18216,400,18213,18119,18215,1,0,0,0,0,0,0,0,0,0,0,0,0,0,0,1,1,2,2,2,2,2,2,1,1,1,1,1,1,1,1,1,1,1,1,2,2,1,1,0,0,0,0,0,0,0,0,0,0,,,,,,,,,,,,,,,,,,,,,,,,,,,,,,,,,,,,,,,,,,,,,,,,
18217,800,18218,18208,,0,0,0,0,0,0,0,0,0,0,0,0,0,0,0,2,2,2,2,2,2,2,2,2,2,1,1,1,1,1,1,2,2,2,2,2,2,2,2,0,0,0,0,0,0,0,0,0,0,,,,,,,,,,,,,,,,,,,,,,,,,,,,,,,,,,,,,,,,,,,,,,,,
18218,400,18217,18116,18213,1,0,0,0,0,0,0,0,0,0,0,0,0,0,0,1,1,2,2,2,2,2,2,1,1,1,1,1,1,1,1,1,1,1,1,2,2,1,1,0,0,0,0,0,0,0,0,0,0,,,,,,,,,,,,,,,,,,,,,,,,,,,,,,,,,,,,,,,,,,,,,,,,
18219,800,18220,18092,,0,0,0,0,0,0,0,0,0,0,0,0,0,0,0,0,0,0,0,0,0,0,0,0,0,0,0,0,0,0,0,0,0,0,0,0,0,0,0,0,0,0,0,0,0,0,0,0,0,,,,,,,,,,,,,,,,,,,,,,,,,,,,,,,,,,,,,,,,,,,,,,,,
18220,400,18074,18099,18219,1,0,0,0,0,0,0,0,0,0,0,0,0,0,0,0,0,0,0,0,0,0,0,0,0,0,0,0,0,0,0,0,0,0,0,0,0,0,0,0,0,0,0,0,0,0,0,0,0,,,,,,,,,,,,,,,,,,,,,,,,,,,,,,,,,,,,,,,,,,,,,,,,
18221,800,18120,18222,,0,0,0,0,0,0,0,0,0,0,0,0,0,0,0,1,1,1,1,1,1,1,1,1,1,1,1,1,1,1,1,1,1,1,1,1,1,1,1,0,0,0,0,0,0,0,0,0,0,,,,,,,,,,,,,,,,,,,,,,,,,,,,,,,,,,,,,,,,,,,,,,,,
18222,800,18128,18221,18121,1,0,0,0,0,0,0,0,0,0,0,0,0,0,0,0,0,0,0,0,0,0,0,0,0,0,0,0,0,0,0,0,0,0,0,0,0,0,0,0,0,0,0,0,0,0,0,0,0,,,,,,,,,,,,,,,,,,,,,,,,,,,,,,,,,,,,,,,,,,,,,,,,
18223,300,18224,18130,,0,0,0,0,0,0,0,0,0,0,0,0,0,0,0,0,0,0,0,0,0,0,0,0,0,0,0,0,0,0,0,0,0,0,0,0,0,0,0,0,0,0,0,0,0,0,0,0,0,,,,,,,,,,,,,,,,,,,,,,,,,,,,,,,,,,,,,,,,,,,,,,,,
18224,300,,18125,18128;18223,2,0,0,0,0,0,0,0,0,0,0,0,0,0,0,0,0,0,0,0,0,0,0,0,0,0,0,0,0,0,0,0,0,0,0,0,0,0,0,0,0,0,0,0,0,0,0,0,0,,,,,,,,,,,,,,,,,,,,,,,,,,,,,,,,,,,,,,,,,,,,,,,,
18225,1200,18226,,18049,1,0,0,0,0,0,0,0,0,0,0,0,0,0,0,1,1,1,1,1,1,1,1,1,1,1,1,1,1,1,1,1,1,1,1,1,1,1,1,0,0,0,0,0,0,0,0,0,0,,,,,,,,,,,,,,,,,,,,,,,,,,,,,,,,,,,,,,,,,,,,,,,,
18226,800,,18701,18017;18225,2,0,0,0,0,0,0,0,0,0,0,0,0,0,0,1,1,2,2,2,2,2,2,1,1,1,1,1,1,1,1,1,1,1,1,1,1,1,1,0,0,0,0,0,0,0,0,0,0,,,,,,,,,,,,,,,,,,,,,,,,,,,,,,,,,,,,,,,,,,,,,,,,
18227,4400,18230,18228,,0,36,36,36,36,26,26,27,27,32,32,35,35,99,99,1130,1130,1253,1253,1218,1218,1203,1203,1099,1099,1048,1048,1034,1034,1066,1066,1110,1110,1105,1105,1175,1175,1113,1113,353,353,217,217,139,139,102,102,57,57,,,,,,,,,,,,,,,,,,,,,,,,,,,,,,,,,,,,,,,,,,,,,,,,
18228,2500,18010,18227,18005;18039;18045,3,36,36,36,36,26,26,27,27,32,32,35,35,99,99,1130,1130,1253,1253,1218,1218,1203,1203,1099,1099,1048,1048,1034,1034,1066,1066,1110,1110,1105,1105,1175,1175,1113,1113,353,353,217,217,139,139,102,102,57,57,,,,,,,,,,,,,,,,,,,,,,,,,,,,,,,,,,,,,,,,,,,,,,,,
18229,2500,18230,18034,,0,36,36,36,36,26,26,27,27,32,32,35,35,99,99,1130,1130,1253,1253,1218,1218,1203,1203,1099,1099,1048,1048,1034,1034,1066,1066,1110,1110,1105,1105,1175,1175,1113,1113,353,353,217,217,139,139,102,102,57,57,,,,,,,,,,,,,,,,,,,,,,,,,,,,,,,,,,,,,,,,,,,,,,,,
18230,1200,18004,18227,18229,1,0,0,0,0,0,0,0,0,0,0,0,0,0,0,1,1,2,2,2,2,2,2,1,1,1,1,1,1,1,1,1,1,1,1,1,1,1,1,0,0,0,0,0,0,0,0,0,0,,,,,,,,,,,,,,,,,,,,,,,,,,,,,,,,,,,,,,,,,,,,,,,,
18231,3850,18232,18034,,0,36,36,36,36,26,26,27,27,32,32,35,35,99,99,1130,1130,1253,1253,1218,1218,1203,1203,1099,1099,1048,1048,1034,1034,1066,1066,1110,1110,1105,1105,1175,1175,1113,1113,353,353,217,217,139,139,102,102,57,57,,,,,,,,,,,,,,,,,,,,,,,,,,,,,,,,,,,,,,,,,,,,,,,,
18232,1650,18233,18301,18231,1,36,36,36,36,26,26,27,27,32,32,35,35,99,99,1130,1130,1253,1253,1218,1218,1203,1203,1099,1099,1048,1048,1034,1034,1066,1066,1110,1110,1105,1105,1175,1175,1113,1113,353,353,217,217,139,139,102,102,57,57,,,,,,,,,,,,,,,,,,,,,,,,,,,,,,,,,,,,,,,,,,,,,,,,
18233,4400,18234,18232,,0,36,36,36,36,26,26,27,27,32,32,35,35,99,99,1130,1130,1253,1253,1218,1218,1203,1203,1099,1099,1048,1048,1034,1034,1066,1066,1110,1110,1105,1105,1175,1175,1113,1113,353,353,217,217,139,139,102,102,57,57,,,,,,,,,,,,,,,,,,,,,,,,,,,,,,,,,,,,,,,,,,,,,,,,
18234,800,18101,18064,18233,1,0,0,0,0,0,0,0,0,0,0,0,0,0,0,1,1,1,1,1,1,1,1,1,1,1,1,1,1,1,1,1,1,1,1,1,1,1,1,0,0,0,0,0,0,0,0,0,0,,,,,,,,,,,,,,,,,,,,,,,,,,,,,,,,,,,,,,,,,,,,,,,,
18235,300,18236,17931,,0,0,0,0,0,0,0,0,0,0,0,0,0,0,0,1,1,1,1,1,1,1,1,1,1,1,1,1,1,1,1,1,1,1,1,1,1,1,1,0,0,0,0,0,0,0,0,0,0,,,,,,,,,,,,,,,,,,,,,,,,,,,,,,,,,,,,,,,,,,,,,,,,
18236,300,18235,18237,17935,1,0,0,0,0,0,0,0,0,0,0,0,0,0,0,1,1,1,1,1,1,1,1,1,1,1,1,1,1,1,1,1,1,1,1,1,1,1,1,0,0,0,0,0,0,0,0,0,0,,,,,,,,,,,,,,,,,,,,,,,,,,,,,,,,,,,,,,,,,,,,,,,,
18237,400,18238,18236,,0,0,0,0,0,0,0,0,0,0,0,0,0,0,0,0,0,0,0,0,0,0,0,0,0,0,0,0,0,0,0,0,0,0,0,0,0,0,0,0,0,0,0,0,0,0,0,0,0,,,,,,,,,,,,,,,,,,,,,,,,,,,,,,,,,,,,,,,,,,,,,,,,
18238,400,18239,18237,18005,1,0,0,0,0,0,0,0,0,0,0,0,0,0,0,0,0,1,1,0,0,0,0,0,0,0,0,0,0,0,0,0,0,0,0,0,0,0,0,0,0,0,0,0,0,0,0,0,0,,,,,,,,,,,,,,,,,,,,,,,,,,,,,,,,,,,,,,,,,,,,,,,,
18239,800,18240,18238,17941,1,0,0,0,0,0,0,0,0,0,0,0,0,0,0,1,1,1,1,1,1,1,1,1,1,1,1,1,1,1,1,1,1,1,1,1,1,1,1,0,0,0,0,0,0,0,0,0,0,,,,,,,,,,,,,,,,,,,,,,,,,,,,,,,,,,,,,,,,,,,,,,,,
18240,300,18241,17957,18239,1,0,0,0,0,0,0,0,0,0,0,0,0,0,0,1,1,1,1,1,1,1,1,1,1,1,1,1,1,1,1,1,1,1,1,1,1,1,1,0,0,0,0,0,0,0,0,0,0,,,,,,,,,,,,,,,,,,,,,,,,,,,,,,,,,,,,,,,,,,,,,,,,
18241,300,18240,18242,,0,0,0,0,0,0,0,0,0,0,0,0,0,0,0,1,1,1,1,1,1,1,1,1,1,1,1,1,1,1,1,1,1,1,1,1,1,1,1,0,0,0,0,0,0,0,0,0,0,,,,,,,,,,,,,,,,,,,,,,,,,,,,,,,,,,,,,,,,,,,,,,,,
18242,300,18241,18243,18004,1,0,0,0,0,0,0,0,0,0,0,0,0,0,0,1,1,1,1,1,1,1,1,1,1,1,1,1,1,1,1,1,1,1,1,1,1,1,1,0,0,0,0,0,0,0,0,0,0,,,,,,,,,,,,,,,,,,,,,,,,,,,,,,,,,,,,,,,,,,,,,,,,
18243,600,18242,18244,,0,0,0,0,0,0,0,0,0,0,0,0,0,0,0,1,1,1,1,1,1,1,1,1,1,1,1,1,1,1,1,1,1,1,1,1,1,1,1,0,0,0,0,0,0,0,0,0,0,,,,,,,,,,,,,,,,,,,,,,,,,,,,,,,,,,,,,,,,,,,,,,,,
18244,300,18243,18245,18003,1,0,0,0,0,0,0,0,0,0,0,0,0,0,0,1,1,1,1,1,1,1,1,1,1,1,1,1,1,1,1,1,1,1,1,1,1,1,1,0,0,0,0,0,0,0,0,0,0,,,,,,,,,,,,,,,,,,,,,,,,,,,,,,,,,,,,,,,,,,,,,,,,
18245,600,18244,18246,,0,0,0,0,0,0,0,0,0,0,0,0,0,0,0,1,1,1,1,1,1,1,1,1,1,1,1,1,1,1,1,1,1,1,1,1,1,1,1,0,0,0,0,0,0,0,0,0,0,,,,,,,,,,,,,,,,,,,,,,,,,,,,,,,,,,,,,,,,,,,,,,,,
18246,300,18247,18245,18249,1,0,0,0,0,0,0,0,0,0,0,0,0,0,0,1,1,1,1,1,1,1,1,1,1,1,1,1,1,1,1,1,1,1,1,1,1,1,1,0,0,0,0,0,0,0,0,0,0,,,,,,,,,,,,,,,,,,,,,,,,,,,,,,,,,,,,,,,,,,,,,,,,
18247,600,18246,18248,,0,0,0,0,0,0,0,0,0,0,0,0,0,0,0,1,1,1,1,1,1,1,1,1,1,1,1,1,1,1,1,1,1,1,1,1,1,1,1,0,0,0,0,0,0,0,0,0,0,,,,,,,,,,,,,,,,,,,,,,,,,,,,,,,,,,,,,,,,,,,,,,,,
18248,300,18247,18001,18012,1,0,0,0,0,0,0,0,0,0,0,0,0,0,0,1,1,2,2,2,2,1,1,1,1,1,1,1,1,1,1,1,1,1,1,1,1,1,1,0,0,0,0,0,0,0,0,0,0,,,,,,,,,,,,,,,,,,,,,,,,,,,,,,,,,,,,,,,,,,,,,,,,
18249,300,18250,18246,,0,0,0,0,0,0,0,0,0,0,0,0,0,0,0,1,1,1,1,1,1,1,1,1,1,1,1,1,1,1,1,1,1,1,1,1,1,1,1,0,0,0,0,0,0,0,0,0,0,,,,,,,,,,,,,,,,,,,,,,,,,,,,,,,,,,,,,,,,,,,,,,,,
18250,300,18251,18249,17969,1,0,0,0,0,0,0,0,0,0,0,0,0,0,0,1,1,1,1,1,1,1,1,1,1,1,1,1,1,1,1,1,1,1,1,1,1,1,1,0,0,0,0,0,0,0,0,0,0,,,,,,,,,,,,,,,,,,,,,,,,,,,,,,,,,,,,,,,,,,,,,,,,
18251,600,18252,18250,,0,0,0,0,0,0,0,0,0,0,0,0,0,0,0,1,1,1,1,1,1,1,1,1,1,1,1,1,1,1,1,1,1,1,1,1,1,1,1,0,0,0,0,0,0,0,0,0,0,,,,,,,,,,,,,,,,,,,,,,,,,,,,,,,,,,,,,,,,,,,,,,,,
18252,500,17992,18251,17957,1,36,36,36,36,26,26,27,27,32,32,35,35,99,99,1130,1130,1253,1253,1218,1218,1203,1203,1099,1099,1048,1048,1034,1034,1066,1066,1110,1110,1105,1105,1175,1175,1113,1113,353,353,217,217,139,139,102,102,57,57,,,,,,,,,,,,,,,,,,,,,,,,,,,,,,,,,,,,,,,,,,,,,,,,
18253,1200,18256,18254,,0,0,0,0,0,0,0,0,0,0,0,0,0,0,0,1,1,1,1,1,1,1,1,1,1,1,1,1,1,1,1,1,1,1,1,1,1,1,1,0,0,0,0,0,0,0,0,0,0,,,,,,,,,,,,,,,,,,,,,,,,,,,,,,,,,,,,,,,,,,,,,,,,
18254,1000,18315,18253,17990;18001,2,36,36,36,36,26,26,27,27,32,32,35,35,99,99,1130,1130,1253,1253,1218,1218,1203,1203,1099,1099,1048,1048,1034,1034,1066,1066,1110,1110,1105,1105,1175,1175,1113,1113,353,353,217,217,139,139,102,102,57,57,,,,,,,,,,,,,,,,,,,,,,,,,,,,,,,,,,,,,,,,,,,,,,,,
18255,1200,18021,18256,,0,0,0,0,0,0,0,0,0,0,0,0,0,0,0,1,1,1,1,1,1,1,1,1,1,1,1,1,1,1,1,1,1,1,1,1,1,1,1,0,0,0,0,0,0,0,0,0,0,,,,,,,,,,,,,,,,,,,,,,,,,,,,,,,,,,,,,,,,,,,,,,,,
18256,800,18253,18018,18000;18255,2,0,0,0,0,0,0,0,0,0,0,0,0,0,0,1,1,1,1,1,1,1,1,1,1,1,1,1,1,1,1,1,1,1,1,1,1,1,1,0,0,0,0,0,0,0,0,0,0,,,,,,,,,,,,,,,,,,,,,,,,,,,,,,,,,,,,,,,,,,,,,,,,
18257,1200,18258,18262,,0,0,0,0,0,0,0,0,0,0,0,0,0,0,0,1,1,1,1,1,1,1,1,1,1,1,1,1,1,1,1,1,1,1,1,1,1,1,1,0,0,0,0,0,0,0,0,0,0,,,,,,,,,,,,,,,,,,,,,,,,,,,,,,,,,,,,,,,,,,,,,,,,
18258,600,18115,18257,18650,1,0,0,0,0,0,0,0,0,0,0,0,0,0,0,1,1,2,2,2,2,2,2,1,1,1,1,1,1,1,1,1,1,1,1,2,2,1,1,0,0,0,0,0,0,0,0,0,0,,,,,,,,,,,,,,,,,,,,,,,,,,,,,,,,,,,,,,,,,,,,,,,,
18259,800,18263,18260,,0,0,0,0,0,0,0,0,0,0,0,0,0,0,0,1,1,1,1,1,1,1,1,1,1,1,1,1,1,1,1,1,1,1,1,1,1,1,1,0,0,0,0,0,0,0,0,0,0,,,,,,,,,,,,,,,,,,,,,,,,,,,,,,,,,,,,,,,,,,,,,,,,
18260,800,18261,18131,18259,1,0,0,0,0,0,0,0,0,0,0,0,0,0,0,1,1,1,1,1,1,1,1,1,1,1,1,1,1,1,1,1,1,1,1,1,1,1,1,0,0,0,0,0,0,0,0,0,0,,,,,,,,,,,,,,,,,,,,,,,,,,,,,,,,,,,,,,,,,,,,,,,,
18261,1600,18260,18262,,0,0,0,0,0,0,0,0,0,0,0,0,0,0,0,1,1,1,1,1,1,1,1,1,1,1,1,1,1,1,1,1,1,1,1,1,1,1,1,0,0,0,0,0,0,0,0,0,0,,,,,,,,,,,,,,,,,,,,,,,,,,,,,,,,,,,,,,,,,,,,,,,,
18262,600,18122,18257,18261,1,0,0,0,0,0,0,0,0,0,0,0,0,0,0,1,1,1,1,1,1,1,1,1,1,1,1,1,1,1,1,1,1,1,1,1,1,1,1,0,0,0,0,0,0,0,0,0,0,,,,,,,,,,,,,,,,,,,,,,,,,,,,,,,,,,,,,,,,,,,,,,,,
18263,3500,18176,18052,18064;18259;18076,3,36,36,36,36,26,26,27,27,32,32,35,35,99,99,1130,1130,1253,1253,1218,1218,1203,1203,1099,1099,1048,1048,1034,1034,1066,1066,1110,1110,1105,1105,1175,1175,1113,1113,353,353,217,217,139,139,102,102,57,57,,,,,,,,,,,,,,,,,,,,,,,,,,,,,,,,,,,,,,,,,,,,,,,,
18264,1200,18267,18021,,0,33,33,31,31,22,22,23,23,26,26,31,31,88,88,1055,1055,1119,1119,1058,1058,1080,1080,966,966,980,980,861,861,1008,1008,1021,1021,988,988,1080,1080,1096,1096,421,421,249,249,150,150,110,110,68,68,,,,,,,,,,,,,,,,,,,,,,,,,,,,,,,,,,,,,,,,,,,,,,,,
18265,800,18076,18272,18266;18115,2,0,0,0,0,0,0,0,0,0,0,0,0,0,0,0,0,0,0,0,0,0,0,0,0,0,0,0,0,0,0,0,0,0,0,0,0,0,0,0,0,0,0,0,0,0,0,0,0,,,,,,,,,,,,,,,,,,,,,,,,,,,,,,,,,,,,,,,,,,,,,,,,
18266,800,18267,18265,,0,0,0,0,0,0,0,0,0,0,0,0,0,0,0,0,0,0,0,0,0,0,0,0,0,0,0,0,0,0,0,0,0,0,0,0,0,0,0,0,0,0,0,0,0,0,0,0,0,,,,,,,,,,,,,,,,,,,,,,,,,,,,,,,,,,,,,,,,,,,,,,,,
18267,300,18063,18264,18266,1,0,0,0,0,0,0,0,0,0,0,0,0,0,0,0,0,0,0,0,0,0,0,0,0,0,0,0,0,0,0,0,0,0,0,0,0,0,0,0,0,0,0,0,0,0,0,0,0,,,,,,,,,,,,,,,,,,,,,,,,,,,,,,,,,,,,,,,,,,,,,,,,
18268,300,18025,18269,,0,0,0,0,0,0,0,0,0,0,0,0,0,0,0,0,0,0,0,0,0,0,0,0,0,0,0,0,0,0,0,0,0,0,0,0,0,0,0,0,0,0,0,0,0,0,0,0,0,,,,,,,,,,,,,,,,,,,,,,,,,,,,,,,,,,,,,,,,,,,,,,,,
18269,300,18027,18268,18055,1,0,0,0,0,0,0,0,0,0,0,0,0,0,0,0,0,1,1,0,0,0,0,0,0,0,0,0,0,0,0,0,0,0,0,0,0,0,0,0,0,0,0,0,0,0,0,0,0,,,,,,,,,,,,,,,,,,,,,,,,,,,,,,,,,,,,,,,,,,,,,,,,
18270,300,17999,18271,,0,0,0,0,0,0,0,0,0,0,0,0,0,0,0,0,0,0,0,0,0,0,0,0,0,0,0,0,0,0,0,0,0,0,0,0,0,0,0,0,0,0,0,0,0,0,0,0,0,,,,,,,,,,,,,,,,,,,,,,,,,,,,,,,,,,,,,,,,,,,,,,,,
18271,300,18009,18027,18270,1,0,0,0,0,0,0,0,0,0,0,0,0,0,0,0,0,1,1,1,1,1,1,0,0,0,0,0,0,0,0,0,0,0,0,0,0,0,0,0,0,0,0,0,0,0,0,0,0,,,,,,,,,,,,,,,,,,,,,,,,,,,,,,,,,,,,,,,,,,,,,,,,
18272,1200,18265,18273,,0,0,0,0,0,0,0,0,0,0,0,0,0,0,0,0,0,0,0,0,0,0,0,0,0,0,0,0,0,0,0,0,0,0,0,0,0,0,0,0,0,0,0,0,0,0,0,0,0,,,,,,,,,,,,,,,,,,,,,,,,,,,,,,,,,,,,,,,,,,,,,,,,
18273,1200,18274,18272,18319,1,0,0,0,0,0,0,0,0,0,0,0,0,0,0,1,1,1,1,1,1,1,1,0,0,0,0,0,0,0,0,0,0,0,0,1,1,0,0,0,0,0,0,0,0,0,0,0,0,,,,,,,,,,,,,,,,,,,,,,,,,,,,,,,,,,,,,,,,,,,,,,,,
18274,800,18275,18273,,0,0,0,0,0,0,0,0,0,0,0,0,0,0,0,1,1,1,1,1,1,1,1,1,1,1,1,1,1,1,1,1,1,1,1,1,1,1,1,0,0,0,0,0,0,0,0,0,0,,,,,,,,,,,,,,,,,,,,,,,,,,,,,,,,,,,,,,,,,,,,,,,,
18275,300,18274,18114,18165,1,0,0,0,0,0,0,0,0,0,0,0,0,0,0,1,1,1,1,1,1,1,1,1,1,1,1,1,1,1,1,1,1,1,1,1,1,1,1,0,0,0,0,0,0,0,0,0,0,,,,,,,,,,,,,,,,,,,,,,,,,,,,,,,,,,,,,,,,,,,,,,,,
18276,800,18171,18277,,0,0,0,0,0,0,0,0,0,0,0,0,0,0,0,1,1,1,1,1,1,1,1,0,0,0,0,0,0,0,0,1,1,0,0,1,1,1,1,0,0,0,0,0,0,0,0,0,0,,,,,,,,,,,,,,,,,,,,,,,,,,,,,,,,,,,,,,,,,,,,,,,,
18277,600,18165,18132,18276,1,0,0,0,0,0,0,0,0,0,0,0,0,0,0,1,1,1,1,1,1,1,1,1,1,1,1,1,1,1,1,1,1,1,1,1,1,1,1,0,0,0,0,0,0,0,0,0,0,,,,,,,,,,,,,,,,,,,,,,,,,,,,,,,,,,,,,,,,,,,,,,,,
18278,1200,18296,18279,,0,0,0,0,0,0,0,0,0,0,0,0,0,0,0,1,1,1,1,1,1,1,1,1,1,1,1,1,1,1,1,1,1,1,1,1,1,1,1,0,0,0,0,0,0,0,0,0,0,,,,,,,,,,,,,,,,,,,,,,,,,,,,,,,,,,,,,,,,,,,,,,,,
18279,400,18278,18073,18114,1,0,0,0,0,0,0,0,0,0,0,0,0,0,0,1,1,1,1,1,1,1,1,1,1,1,1,1,1,1,1,1,1,1,1,1,1,1,1,0,0,0,0,0,0,0,0,0,0,,,,,,,,,,,,,,,,,,,,,,,,,,,,,,,,,,,,,,,,,,,,,,,,
18280,300,17946,18460,,0,0,0,0,0,0,0,0,0,0,0,0,0,0,0,1,1,1,1,1,1,1,1,1,1,0,0,0,0,1,1,1,1,1,1,1,1,1,1,0,0,0,0,0,0,0,0,0,0,,,,,,,,,,,,,,,,,,,,,,,,,,,,,,,,,,,,,,,,,,,,,,,,
18281,4400,18282,17942,17918,1,36,36,36,36,26,26,27,27,32,32,35,35,99,99,1130,1130,1253,1253,1218,1218,1203,1203,1099,1099,1048,1048,1034,1034,1066,1066,1110,1110,1105,1105,1175,1175,1113,1113,353,353,217,217,139,139,102,102,57,57,,,,,,,,,,,,,,,,,,,,,,,,,,,,,,,,,,,,,,,,,,,,,,,,
18282,300,17980,18281,18283,1,0,0,0,0,0,0,0,0,0,0,0,0,0,0,1,1,1,1,1,1,1,1,1,1,1,1,1,1,1,1,1,1,1,1,1,1,1,1,0,0,0,0,0,0,0,0,0,0,,,,,,,,,,,,,,,,,,,,,,,,,,,,,,,,,,,,,,,,,,,,,,,,
18283,600,18284,18282,,0,0,0,0,0,0,0,0,0,0,0,0,0,0,0,1,1,1,1,1,1,1,1,1,1,1,1,1,1,1,1,1,1,1,1,1,1,1,1,0,0,0,0,0,0,0,0,0,0,,,,,,,,,,,,,,,,,,,,,,,,,,,,,,,,,,,,,,,,,,,,,,,,
18284,300,18285,18283,17978,1,0,0,0,0,0,0,0,0,0,0,0,0,0,0,1,1,1,1,1,1,1,1,1,1,1,1,1,1,1,1,1,1,1,1,1,1,1,1,0,0,0,0,0,0,0,0,0,0,,,,,,,,,,,,,,,,,,,,,,,,,,,,,,,,,,,,,,,,,,,,,,,,
18285,300,18284,18286,,0,0,0,0,0,0,0,0,0,0,0,0,0,0,0,1,1,1,1,1,1,1,1,1,1,1,1,1,1,1,1,1,1,1,1,1,1,1,1,0,0,0,0,0,0,0,0,0,0,,,,,,,,,,,,,,,,,,,,,,,,,,,,,,,,,,,,,,,,,,,,,,,,
18286,300,18287,17989,18285,1,0,0,0,0,0,0,0,0,0,0,0,0,0,0,1,1,1,1,1,1,1,1,1,1,1,1,1,1,1,1,1,1,1,1,1,1,1,1,0,0,0,0,0,0,0,0,0,0,,,,,,,,,,,,,,,,,,,,,,,,,,,,,,,,,,,,,,,,,,,,,,,,
18287,300,18286,18288,,0,0,0,0,0,0,0,0,0,0,0,0,0,0,0,1,1,1,1,1,1,1,1,1,1,1,1,1,1,1,1,1,1,1,1,1,1,1,1,0,0,0,0,0,0,0,0,0,0,,,,,,,,,,,,,,,,,,,,,,,,,,,,,,,,,,,,,,,,,,,,,,,,
18288,400,18289,18009,18287,1,0,0,0,0,0,0,0,0,0,0,0,0,0,0,1,1,1,1,1,1,1,1,1,1,0,0,0,0,1,1,1,1,1,1,1,1,1,1,0,0,0,0,0,0,0,0,0,0,,,,,,,,,,,,,,,,,,,,,,,,,,,,,,,,,,,,,,,,,,,,,,,,
18289,800,18290,18288,,0,0,0,0,0,0,0,0,0,0,0,0,0,0,0,1,1,1,1,1,1,1,1,1,1,1,1,1,1,1,1,1,1,1,1,1,1,1,1,0,0,0,0,0,0,0,0,0,0,,,,,,,,,,,,,,,,,,,,,,,,,,,,,,,,,,,,,,,,,,,,,,,,
18290,400,18291,18289,18321,1,0,0,0,0,0,0,0,0,0,0,0,0,0,0,1,1,1,1,1,1,1,1,1,1,1,1,1,1,1,1,1,1,1,1,1,1,1,1,0,0,0,0,0,0,0,0,0,0,,,,,,,,,,,,,,,,,,,,,,,,,,,,,,,,,,,,,,,,,,,,,,,,
18291,600,18290,18292,,0,0,0,0,0,0,0,0,0,0,0,0,0,0,0,1,1,2,2,2,2,2,2,1,1,1,1,1,1,1,1,1,1,1,1,2,2,1,1,0,0,0,0,0,0,0,0,0,0,,,,,,,,,,,,,,,,,,,,,,,,,,,,,,,,,,,,,,,,,,,,,,,,
18292,500,18062,18293,18291,1,36,36,36,36,26,26,27,27,32,32,35,35,99,99,1130,1130,1253,1253,1218,1218,1203,1203,1099,1099,1048,1048,1034,1034,1066,1066,1110,1110,1105,1105,1175,1175,1113,1113,353,353,217,217,139,139,102,102,57,57,,,,,,,,,,,,,,,,,,,,,,,,,,,,,,,,,,,,,,,,,,,,,,,,
18293,300,18292,18294,,0,0,0,0,0,0,0,0,0,0,0,0,0,0,0,2,2,2,2,2,2,2,2,2,2,1,1,1,1,1,1,2,2,2,2,2,2,2,2,0,0,0,0,0,0,0,0,0,0,,,,,,,,,,,,,,,,,,,,,,,,,,,,,,,,,,,,,,,,,,,,,,,,
18294,400,18293,18066,18295,1,0,0,0,0,0,0,0,0,0,0,0,0,0,0,2,2,2,2,2,2,2,2,1,1,1,1,1,1,1,1,2,2,2,2,2,2,2,2,0,0,0,0,0,0,0,0,0,0,,,,,,,,,,,,,,,,,,,,,,,,,,,,,,,,,,,,,,,,,,,,,,,,
18295,1200,18294,18296,,0,0,0,0,0,0,0,0,0,0,0,0,0,0,0,1,1,1,1,1,1,1,1,1,1,1,1,1,1,1,1,1,1,1,1,1,1,1,1,0,0,0,0,0,0,0,0,0,0,,,,,,,,,,,,,,,,,,,,,,,,,,,,,,,,,,,,,,,,,,,,,,,,
18296,800,18098,18295,18278,1,0,0,0,0,0,0,0,0,0,0,0,0,0,0,1,1,1,1,1,1,1,1,1,1,1,1,1,1,1,1,1,1,1,1,1,1,1,1,0,0,0,0,0,0,0,0,0,0,,,,,,,,,,,,,,,,,,,,,,,,,,,,,,,,,,,,,,,,,,,,,,,,
18297,300,18105,18298,,0,0,0,0,0,0,0,0,0,0,0,0,0,0,0,0,0,0,0,0,0,0,0,0,0,0,0,0,0,0,0,0,0,0,0,0,0,0,0,0,0,0,0,0,0,0,0,0,0,,,,,,,,,,,,,,,,,,,,,,,,,,,,,,,,,,,,,,,,,,,,,,,,
18298,800,18297,18098,18299,1,0,0,0,0,0,0,0,0,0,0,0,0,0,0,0,0,0,0,0,0,0,0,0,0,0,0,0,0,0,0,0,0,0,0,0,0,0,0,0,0,0,0,0,0,0,0,0,0,,,,,,,,,,,,,,,,,,,,,,,,,,,,,,,,,,,,,,,,,,,,,,,,
18299,800,18300,18298,,0,0,0,0,0,0,0,0,0,0,0,0,0,0,0,0,0,0,0,0,0,0,0,0,0,0,0,0,0,0,0,0,0,0,0,0,0,0,0,0,0,0,0,0,0,0,0,0,0,,,,,,,,,,,,,,,,,,,,,,,,,,,,,,,,,,,,,,,,,,,,,,,,
183,2000,189,180,,0,38,38,40,40,28,28,30,30,35,35,38,38,106,106,1010,1010,1173,1173,1121,1121,1069,1069,1008,1008,921,921,970,970,952,952,997,997,1020,1020,1069,1069,975,975,299,299,192,192,130,130,94,94,48,48,,,,,,,,,,,,,,,,,,,,,,,,,,,,,,,,,,,,,,,,,,,,,,,,
18300,800,18299,18160,18110,1,0,0,0,0,0,0,0,0,0,0,0,0,0,0,0,0,0,0,0,0,0,0,0,0,0,0,0,0,0,0,0,0,0,0,0,0,0,0,0,0,0,0,0,0,0,0,0,0,,,,,,,,,,,,,,,,,,,,,,,,,,,,,,,,,,,,,,,,,,,,,,,,
18301,1200,18304,18232,,0,0,0,0,0,0,0,0,0,0,0,0,0,0,0,1,1,1,1,1,1,1,1,1,1,1,1,1,1,1,1,1,1,1,1,1,1,1,1,0,0,0,0,0,0,0,0,0,0,,,,,,,,,,,,,,,,,,,,,,,,,,,,,,,,,,,,,,,,,,,,,,,,
18302,300,18078,18121,18303,1,0,0,0,0,0,0,0,0,0,0,0,0,0,0,0,0,0,0,0,0,0,0,0,0,0,0,0,0,0,0,0,0,0,0,0,0,0,0,0,0,0,0,0,0,0,0,0,0,,,,,,,,,,,,,,,,,,,,,,,,,,,,,,,,,,,,,,,,,,,,,,,,
18303,800,18304,18302,,0,0,0,0,0,0,0,0,0,0,0,0,0,0,0,0,0,0,0,0,0,0,0,0,0,0,0,0,0,0,0,0,0,0,0,0,0,0,0,0,0,0,0,0,0,0,0,0,0,,,,,,,,,,,,,,,,,,,,,,,,,,,,,,,,,,,,,,,,,,,,,,,,
18304,800,18070,18303,18301,1,0,0,0,0,0,0,0,0,0,0,0,0,0,0,0,0,1,1,1,1,0,0,0,0,0,0,0,0,0,0,0,0,0,0,0,0,0,0,0,0,0,0,0,0,0,0,0,0,,,,,,,,,,,,,,,,,,,,,,,,,,,,,,,,,,,,,,,,,,,,,,,,
18305,600,18306,,,0,0,0,0,0,0,0,0,0,0,0,0,0,0,0,0,0,0,0,0,0,0,0,0,0,0,0,0,0,0,0,0,0,0,0,0,0,0,0,0,0,0,0,0,0,0,0,0,0,,,,,,,,,,,,,,,,,,,,,,,,,,,,,,,,,,,,,,,,,,,,,,,,
18306,300,18307,18078,18305,1,0,0,0,0,0,0,0,0,0,0,0,0,0,0,0,0,0,0,0,0,0,0,0,0,0,0,0,0,0,0,0,0,0,0,0,0,0,0,0,0,0,0,0,0,0,0,0,0,,,,,,,,,,,,,,,,,,,,,,,,,,,,,,,,,,,,,,,,,,,,,,,,
18307,600,18306,18308,,0,0,0,0,0,0,0,0,0,0,0,0,0,0,0,0,0,0,0,0,0,0,0,0,0,0,0,0,0,0,0,0,0,0,0,0,0,0,0,0,0,0,0,0,0,0,0,0,0,,,,,,,,,,,,,,,,,,,,,,,,,,,,,,,,,,,,,,,,,,,,,,,,
18308,300,18101,18307,18070,1,0,0,0,0,0,0,0,0,0,0,0,0,0,0,0,0,0,0,0,0,0,0,0,0,0,0,0,0,0,0,0,0,0,0,0,0,0,0,0,0,0,0,0,0,0,0,0,0,,,,,,,,,,,,,,,,,,,,,,,,,,,,,,,,,,,,,,,,,,,,,,,,
18309,2000,18181,18643,,0,36,36,36,36,26,26,27,27,32,32,35,35,99,99,1130,1130,1253,1253,1218,1218,1203,1203,1099,1099,1048,1048,1034,1034,1066,1066,1110,1110,1105,1105,1175,1175,1113,1113,353,353,217,217,139,139,102,102,57,57,,,,,,,,,,,,,,,,,,,,,,,,,,,,,,,,,,,,,,,,,,,,,,,,
18310,2000,18317,18123,18642,1,36,36,36,36,26,26,27,27,32,32,35,35,99,99,1130,1130,1253,1253,1218,1218,1203,1203,1099,1099,1048,1048,1034,1034,1066,1066,1110,1110,1105,1105,1175,1175,1113,1113,353,353,217,217,139,139,102,102,57,57,,,,,,,,,,,,,,,,,,,,,,,,,,,,,,,,,,,,,,,,,,,,,,,,
18311,1600,18312,18318,,0,0,0,0,0,0,0,0,0,0,0,0,0,0,0,1,1,2,2,2,2,2,2,1,1,1,1,1,1,1,1,1,1,1,1,1,1,1,1,0,0,0,0,0,0,0,0,0,0,,,,,,,,,,,,,,,,,,,,,,,,,,,,,,,,,,,,,,,,,,,,,,,,
18312,300,18176,18103,18311,1,0,0,0,0,0,0,0,0,0,0,0,0,0,0,1,1,1,1,1,1,1,1,1,1,1,1,1,1,1,1,1,1,1,1,1,1,1,1,0,0,0,0,0,0,0,0,0,0,,,,,,,,,,,,,,,,,,,,,,,,,,,,,,,,,,,,,,,,,,,,,,,,
18313,300,18655,18657,,0,0,0,0,0,0,0,0,0,0,0,0,0,0,0,1,1,1,1,1,1,1,1,1,1,1,1,1,1,1,1,1,1,1,1,1,1,1,1,0,0,0,0,0,0,0,0,0,0,,,,,,,,,,,,,,,,,,,,,,,,,,,,,,,,,,,,,,,,,,,,,,,,
18314,300,18656,18131,18640,1,0,0,0,0,0,0,0,0,0,0,0,0,0,0,1,1,1,1,1,1,1,1,1,1,1,1,1,1,1,1,1,1,1,1,1,1,1,1,0,0,0,0,0,0,0,0,0,0,,,,,,,,,,,,,,,,,,,,,,,,,,,,,,,,,,,,,,,,,,,,,,,,
18315,2500,18254,18316,17969,1,36,36,36,36,26,26,27,27,32,32,35,35,99,99,1130,1130,1253,1253,1218,1218,1203,1203,1099,1099,1048,1048,1034,1034,1066,1066,1110,1110,1105,1105,1175,1175,1113,1113,353,353,217,217,139,139,102,102,57,57,,,,,,,,,,,,,,,,,,,,,,,,,,,,,,,,,,,,,,,,,,,,,,,,
18316,300,18011,17962,18315,1,0,0,0,0,0,0,0,0,0,0,0,0,0,0,1,1,1,1,1,1,1,1,1,1,1,1,1,1,1,1,1,1,1,1,1,1,1,1,0,0,0,0,0,0,0,0,0,0,,,,,,,,,,,,,,,,,,,,,,,,,,,,,,,,,,,,,,,,,,,,,,,,
18317,2000,18123,18318,18310,1,36,36,36,36,26,26,27,27,32,32,35,35,99,99,1130,1130,1253,1253,1218,1218,1203,1203,1099,1099,1048,1048,1034,1034,1066,1066,1110,1110,1105,1105,1175,1175,1113,1113,353,353,217,217,139,139,102,102,57,57,,,,,,,,,,,,,,,,,,,,,,,,,,,,,,,,,,,,,,,,,,,,,,,,
18318,300,18317,18117,18311,1,0,0,0,0,0,0,0,0,0,0,0,0,0,0,2,2,2,2,2,2,2,2,2,2,1,1,1,1,1,1,2,2,2,2,2,2,2,2,0,0,0,0,0,0,0,0,0,0,,,,,,,,,,,,,,,,,,,,,,,,,,,,,,,,,,,,,,,,,,,,,,,,
18319,1200,18273,18320,,0,0,0,0,0,0,0,0,0,0,0,0,0,0,0,1,1,1,1,1,1,1,1,1,1,1,1,1,1,1,1,1,1,1,1,1,1,1,1,0,0,0,0,0,0,0,0,0,0,,,,,,,,,,,,,,,,,,,,,,,,,,,,,,,,,,,,,,,,,,,,,,,,
18320,800,18133,18319,18190,1,0,0,0,0,0,0,0,0,0,0,0,0,0,0,1,1,1,1,1,1,1,1,1,1,1,1,1,1,1,1,1,1,1,1,1,1,1,1,0,0,0,0,0,0,0,0,0,0,,,,,,,,,,,,,,,,,,,,,,,,,,,,,,,,,,,,,,,,,,,,,,,,
18321,300,18290,18322,,0,0,0,0,0,0,0,0,0,0,0,0,0,0,0,1,1,1,1,1,1,1,1,1,1,1,1,1,1,1,1,1,1,1,1,1,1,1,1,0,0,0,0,0,0,0,0,0,0,,,,,,,,,,,,,,,,,,,,,,,,,,,,,,,,,,,,,,,,,,,,,,,,
18322,300,18041,18321,18032,1,0,0,0,0,0,0,0,0,0,0,0,0,0,0,1,1,1,1,1,1,1,1,1,1,1,1,1,1,1,1,1,1,1,1,1,1,1,1,0,0,0,0,0,0,0,0,0,0,,,,,,,,,,,,,,,,,,,,,,,,,,,,,,,,,,,,,,,,,,,,,,,,
18323,300,,18324,,0,0,0,0,0,0,0,0,0,0,0,0,0,0,0,1,1,1,1,1,1,1,1,1,1,1,1,1,1,1,1,1,1,1,1,1,1,1,1,0,0,0,0,0,0,0,0,0,0,,,,,,,,,,,,,,,,,,,,,,,,,,,,,,,,,,,,,,,,,,,,,,,,
18324,300,18062,18323,18044,1,0,0,0,0,0,0,0,0,0,0,0,0,0,0,1,1,1,1,1,1,1,1,1,1,1,1,1,1,1,1,1,1,1,1,1,1,1,1,0,0,0,0,0,0,0,0,0,0,,,,,,,,,,,,,,,,,,,,,,,,,,,,,,,,,,,,,,,,,,,,,,,,
18325,800,18326,18206,,0,0,0,0,0,0,0,0,0,0,0,0,0,0,0,2,2,2,2,2,2,2,2,2,2,2,2,2,2,2,2,2,2,2,2,2,2,2,2,1,1,1,1,0,0,0,0,0,0,,,,,,,,,,,,,,,,,,,,,,,,,,,,,,,,,,,,,,,,,,,,,,,,
18326,600,18329,18325,18112,1,0,0,0,0,0,0,0,0,0,0,0,0,0,0,2,2,2,2,2,2,2,2,2,2,2,2,2,2,2,2,2,2,2,2,2,2,2,2,1,1,0,0,0,0,0,0,0,0,,,,,,,,,,,,,,,,,,,,,,,,,,,,,,,,,,,,,,,,,,,,,,,,
18327,600,18331,18328,18084,1,0,0,0,0,0,0,0,0,0,0,0,0,0,0,1,1,1,1,1,1,1,1,1,1,1,1,1,1,1,1,1,1,1,1,1,1,1,1,0,0,0,0,0,0,0,0,0,0,,,,,,,,,,,,,,,,,,,,,,,,,,,,,,,,,,,,,,,,,,,,,,,,
18328,300,18108,18134,18327,1,0,0,0,0,0,0,0,0,0,0,0,0,0,0,1,1,1,1,1,1,1,1,1,1,1,1,1,1,1,1,1,1,1,1,1,1,1,1,1,1,0,0,0,0,0,0,0,0,,,,,,,,,,,,,,,,,,,,,,,,,,,,,,,,,,,,,,,,,,,,,,,,
18329,1600,18066,18330,18065;18326,2,0,0,0,0,0,0,0,0,0,0,0,0,0,0,1,1,2,2,2,2,2,2,1,1,1,1,1,1,1,1,1,1,1,1,2,2,1,1,1,1,0,0,0,0,0,0,0,0,,,,,,,,,,,,,,,,,,,,,,,,,,,,,,,,,,,,,,,,,,,,,,,,
18330,800,18329,18134,18067,1,0,0,0,0,0,0,0,0,0,0,0,0,0,0,2,2,2,2,2,2,2,2,1,1,1,1,1,1,1,1,1,1,1,1,2,2,2,2,1,1,0,0,0,0,0,0,0,0,,,,,,,,,,,,,,,,,,,,,,,,,,,,,,,,,,,,,,,,,,,,,,,,
18331,1600,18332,18327,,0,0,0,0,0,0,0,0,0,0,0,0,0,0,0,1,1,2,2,1,1,1,1,1,1,1,1,1,1,1,1,1,1,1,1,1,1,1,1,1,1,0,0,0,0,0,0,0,0,,,,,,,,,,,,,,,,,,,,,,,,,,,,,,,,,,,,,,,,,,,,,,,,
18332,800,18331,18118,18333,1,0,0,0,0,0,0,0,0,0,0,0,0,0,0,2,2,2,2,2,2,2,2,2,2,2,2,2,2,2,2,2,2,2,2,2,2,2,2,1,1,0,0,0,0,0,0,0,0,,,,,,,,,,,,,,,,,,,,,,,,,,,,,,,,,,,,,,,,,,,,,,,,
18333,800,18332,18334,,0,0,0,0,0,0,0,0,0,0,0,0,0,0,0,2,2,2,2,2,2,2,2,2,2,2,2,2,2,2,2,2,2,2,2,2,2,2,2,1,1,0,0,0,0,0,0,0,0,,,,,,,,,,,,,,,,,,,,,,,,,,,,,,,,,,,,,,,,,,,,,,,,
18334,800,18333,18339,18670,1,0,0,0,0,0,0,0,0,0,0,0,0,0,0,2,2,2,2,2,2,2,2,2,2,2,2,2,2,2,2,2,2,2,2,2,2,2,2,1,1,0,0,0,0,0,0,0,0,,,,,,,,,,,,,,,,,,,,,,,,,,,,,,,,,,,,,,,,,,,,,,,,
18335,800,18340,18338,,0,0,0,0,0,0,0,0,0,0,0,0,0,0,0,2,2,2,2,2,2,2,2,2,2,2,2,2,2,2,2,2,2,2,2,2,2,2,2,1,1,1,1,0,0,0,0,0,0,,,,,,,,,,,,,,,,,,,,,,,,,,,,,,,,,,,,,,,,,,,,,,,,
18336,800,18206,18337,18124;18139,2,0,0,0,0,0,0,0,0,0,0,0,0,0,0,1,1,1,1,1,1,1,1,1,1,1,1,1,1,1,1,1,1,1,1,1,1,1,1,0,0,0,0,0,0,0,0,0,0,,,,,,,,,,,,,,,,,,,,,,,,,,,,,,,,,,,,,,,,,,,,,,,,
18337,800,18336,18338,,0,0,0,0,0,0,0,0,0,0,0,0,0,0,0,1,1,2,2,2,2,2,2,1,1,1,1,1,1,1,1,1,1,1,1,2,2,1,1,1,1,0,0,0,0,0,0,0,0,,,,,,,,,,,,,,,,,,,,,,,,,,,,,,,,,,,,,,,,,,,,,,,,
18338,800,18680,18335,18337,1,0,0,0,0,0,0,0,0,0,0,0,0,0,0,2,2,2,2,2,2,2,2,2,2,2,2,2,2,2,2,2,2,2,2,2,2,2,2,1,1,0,0,0,0,0,0,0,0,,,,,,,,,,,,,,,,,,,,,,,,,,,,,,,,,,,,,,,,,,,,,,,,
18339,800,18334,18340,,0,0,0,0,0,0,0,0,0,0,0,0,0,0,0,2,2,2,2,2,2,2,2,2,2,2,2,2,2,2,2,2,2,2,2,2,2,2,2,1,1,0,0,0,0,0,0,0,0,,,,,,,,,,,,,,,,,,,,,,,,,,,,,,,,,,,,,,,,,,,,,,,,
18340,300,18153,18339,18335,1,0,0,0,0,0,0,0,0,0,0,0,0,0,0,2,2,2,2,2,2,2,2,2,2,2,2,2,2,2,2,2,2,2,2,2,2,2,2,1,1,1,1,0,0,0,0,0,0,,,,,,,,,,,,,,,,,,,,,,,,,,,,,,,,,,,,,,,,,,,,,,,,
18341,800,18342,18097,,0,33,33,31,31,22,22,23,23,26,26,31,31,88,88,1055,1055,1119,1119,1058,1058,1080,1080,966,966,980,980,861,861,1008,1008,1021,1021,988,988,1080,1080,1096,1096,421,421,249,249,150,150,110,110,68,68,,,,,,,,,,,,,,,,,,,,,,,,,,,,,,,,,,,,,,,,,,,,,,,,
18342,400,18104,18343,18341,1,0,0,0,0,0,0,0,0,0,0,0,0,0,0,1,1,1,1,1,1,1,1,1,1,1,1,1,1,1,1,1,1,1,1,1,1,1,1,0,0,0,0,0,0,0,0,0,0,,,,,,,,,,,,,,,,,,,,,,,,,,,,,,,,,,,,,,,,,,,,,,,,
18343,800,18344,18342,,0,0,0,0,0,0,0,0,0,0,0,0,0,0,0,1,1,1,1,1,1,1,1,1,1,1,1,1,1,1,1,1,1,1,1,1,1,1,1,0,0,0,0,0,0,0,0,0,0,,,,,,,,,,,,,,,,,,,,,,,,,,,,,,,,,,,,,,,,,,,,,,,,
18344,800,18343,18345,18075,1,0,0,0,0,0,0,0,0,0,0,0,0,0,0,1,1,1,1,1,1,1,1,1,1,1,1,1,1,1,1,1,1,1,1,1,1,1,1,0,0,0,0,0,0,0,0,0,0,,,,,,,,,,,,,,,,,,,,,,,,,,,,,,,,,,,,,,,,,,,,,,,,
18345,800,18346,18344,,0,0,0,0,0,0,0,0,0,0,0,0,0,0,0,1,1,1,1,1,1,1,1,1,1,1,1,1,1,1,1,1,1,1,1,1,1,1,1,0,0,0,0,0,0,0,0,0,0,,,,,,,,,,,,,,,,,,,,,,,,,,,,,,,,,,,,,,,,,,,,,,,,
18346,800,18347,18345,18069,1,0,0,0,0,0,0,0,0,0,0,0,0,0,0,2,2,2,2,2,2,2,2,2,2,1,1,1,1,2,2,2,2,2,2,2,2,2,2,1,1,0,0,0,0,0,0,0,0,,,,,,,,,,,,,,,,,,,,,,,,,,,,,,,,,,,,,,,,,,,,,,,,
18347,3500,18346,18348,,0,54,54,54,54,38,38,41,41,48,48,53,53,149,149,1126,1126,1279,1279,1185,1185,1176,1176,1064,1064,1030,1030,978,978,1073,1073,1075,1075,1072,1072,1157,1157,1124,1124,530,530,326,326,208,208,152,152,86,86,,,,,,,,,,,,,,,,,,,,,,,,,,,,,,,,,,,,,,,,,,,,,,,,
18348,1200,18349,18347,18355,1,0,0,0,0,0,0,0,0,0,0,0,0,0,0,1,1,2,2,2,2,2,2,1,1,1,1,1,1,1,1,1,1,1,1,1,1,1,1,1,1,0,0,0,0,0,0,0,0,,,,,,,,,,,,,,,,,,,,,,,,,,,,,,,,,,,,,,,,,,,,,,,,
18349,1200,18350,18348,,0,0,0,0,0,0,0,0,0,0,0,0,0,0,0,1,1,1,1,1,1,1,1,1,1,1,1,1,1,1,1,1,1,1,1,1,1,1,1,0,0,0,0,0,0,0,0,0,0,,,,,,,,,,,,,,,,,,,,,,,,,,,,,,,,,,,,,,,,,,,,,,,,
18350,1200,18351,18349,18020,1,0,0,0,0,0,0,0,0,0,0,0,0,0,0,1,1,1,1,1,1,1,1,1,1,1,1,1,1,1,1,1,1,1,1,1,1,1,1,0,0,0,0,0,0,0,0,0,0,,,,,,,,,,,,,,,,,,,,,,,,,,,,,,,,,,,,,,,,,,,,,,,,
18351,1200,18352,18350,,0,0,0,0,0,0,0,0,0,0,0,0,0,0,0,1,1,1,1,1,1,1,1,1,1,1,1,1,1,1,1,1,1,1,1,1,1,1,1,0,0,0,0,0,0,0,0,0,0,,,,,,,,,,,,,,,,,,,,,,,,,,,,,,,,,,,,,,,,,,,,,,,,
18352,800,17951,18353,18351,1,0,0,0,0,0,0,0,0,0,0,0,0,0,0,1,1,1,1,1,1,1,1,1,1,1,1,1,1,1,1,1,1,1,1,1,1,1,1,0,0,0,0,0,0,0,0,0,0,,,,,,,,,,,,,,,,,,,,,,,,,,,,,,,,,,,,,,,,,,,,,,,,
18353,800,,18354,18352,1,0,0,0,0,0,0,0,0,0,0,0,0,0,0,1,1,1,1,1,1,1,1,1,1,1,1,1,1,1,1,1,1,1,1,1,1,1,1,0,0,0,0,0,0,0,0,0,0,,,,,,,,,,,,,,,,,,,,,,,,,,,,,,,,,,,,,,,,,,,,,,,,
18354,1200,18096,18086,18353,1,0,0,0,0,0,0,0,0,0,0,0,0,0,0,1,1,1,1,1,1,1,1,1,1,1,1,1,1,1,1,1,1,1,1,1,1,1,1,0,0,0,0,0,0,0,0,0,0,,,,,,,,,,,,,,,,,,,,,,,,,,,,,,,,,,,,,,,,,,,,,,,,
18355,1600,18356,18348,,0,0,0,0,0,0,0,0,0,0,0,0,0,0,0,1,1,2,2,2,2,2,2,1,1,1,1,1,1,1,1,1,1,1,1,1,1,1,1,1,1,0,0,0,0,0,0,0,0,,,,,,,,,,,,,,,,,,,,,,,,,,,,,,,,,,,,,,,,,,,,,,,,
18356,800,18355,18026,18069,1,0,0,0,0,0,0,0,0,0,0,0,0,0,0,1,1,1,1,1,1,1,1,1,1,1,1,1,1,1,1,1,1,1,1,1,1,1,1,0,0,0,0,0,0,0,0,0,0,,,,,,,,,,,,,,,,,,,,,,,,,,,,,,,,,,,,,,,,,,,,,,,,
18357,1200,18097,18358,,0,0,0,0,0,0,0,0,0,0,0,0,0,0,0,1,1,1,1,1,1,1,1,1,1,1,1,1,1,1,1,1,1,1,1,1,1,1,1,0,0,0,0,0,0,0,0,0,0,,,,,,,,,,,,,,,,,,,,,,,,,,,,,,,,,,,,,,,,,,,,,,,,
18358,1200,18086,18357,18033,1,0,0,0,0,0,0,0,0,0,0,0,0,0,0,2,2,2,2,2,2,2,2,2,2,2,2,1,1,2,2,2,2,2,2,2,2,2,2,1,1,0,0,0,0,0,0,0,0,,,,,,,,,,,,,,,,,,,,,,,,,,,,,,,,,,,,,,,,,,,,,,,,
18359,1600,18360,17950,,0,0,0,0,0,0,0,0,0,0,0,0,0,0,0,1,1,1,1,1,1,1,1,1,1,1,1,1,1,1,1,1,1,1,1,1,1,1,1,0,0,0,0,0,0,0,0,0,0,,,,,,,,,,,,,,,,,,,,,,,,,,,,,,,,,,,,,,,,,,,,,,,,
18360,800,18361,18359,18096,1,0,0,0,0,0,0,0,0,0,0,0,0,0,0,1,1,1,1,1,1,1,1,1,1,0,0,0,0,1,1,1,1,1,1,1,1,1,1,0,0,0,0,0,0,0,0,0,0,,,,,,,,,,,,,,,,,,,,,,,,,,,,,,,,,,,,,,,,,,,,,,,,
18361,800,18362,18360,,0,0,0,0,0,0,0,0,0,0,0,0,0,0,0,0,0,0,0,0,0,0,0,0,0,0,0,0,0,0,0,0,0,0,0,0,0,0,0,0,0,0,0,0,0,0,0,0,0,,,,,,,,,,,,,,,,,,,,,,,,,,,,,,,,,,,,,,,,,,,,,,,,
18362,300,17921,17949,18361,1,0,0,0,0,0,0,0,0,0,0,0,0,0,0,0,0,0,0,0,0,0,0,0,0,0,0,0,0,0,0,0,0,0,0,0,0,0,0,0,0,0,0,0,0,0,0,0,0,,,,,,,,,,,,,,,,,,,,,,,,,,,,,,,,,,,,,,,,,,,,,,,,
18363,400,18140,18364,,0,0,0,0,0,0,0,0,0,0,0,0,0,0,0,0,0,1,1,1,1,1,1,0,0,0,0,0,0,0,0,0,0,0,0,1,1,0,0,0,0,0,0,0,0,0,0,0,0,,,,,,,,,,,,,,,,,,,,,,,,,,,,,,,,,,,,,,,,,,,,,,,,
18364,800,18365,18363,18106,1,0,0,0,0,0,0,0,0,0,0,0,0,0,0,894,894,944,944,1009,1009,988,988,917,917,851,851,900,900,826,826,926,926,922,922,952,952,857,857,0,0,0,0,0,0,0,0,0,0,,,,,,,,,,,,,,,,,,,,,,,,,,,,,,,,,,,,,,,,,,,,,,,,
18365,800,18366,18364,,0,0,0,0,0,0,0,0,0,0,0,0,0,0,0,0,0,0,0,0,0,0,0,0,0,0,0,0,0,0,0,0,0,0,0,0,0,0,0,0,0,0,0,0,0,0,0,0,0,,,,,,,,,,,,,,,,,,,,,,,,,,,,,,,,,,,,,,,,,,,,,,,,
18366,800,18129,18365,18080,1,0,0,0,0,0,0,0,0,0,0,0,0,0,0,1,1,1,1,1,1,1,1,1,1,1,1,0,0,1,1,1,1,1,1,1,1,1,1,0,0,0,0,0,0,0,0,0,0,,,,,,,,,,,,,,,,,,,,,,,,,,,,,,,,,,,,,,,,,,,,,,,,
18367,800,18057,18368,,0,0,0,0,0,0,0,0,0,0,0,0,0,0,0,2,2,2,2,2,2,2,2,2,2,2,2,2,2,2,2,2,2,2,2,2,2,2,2,1,1,0,0,0,0,0,0,0,0,,,,,,,,,,,,,,,,,,,,,,,,,,,,,,,,,,,,,,,,,,,,,,,,
18368,1100,18163,18367,18089,1,54,54,54,54,38,38,41,41,48,48,53,53,149,149,1126,1126,1279,1279,1185,1185,1176,1176,1064,1064,1030,1030,978,978,1073,1073,1075,1075,1072,1072,1157,1157,1124,1124,530,530,326,326,208,208,152,152,86,86,,,,,,,,,,,,,,,,,,,,,,,,,,,,,,,,,,,,,,,,,,,,,,,,
18369,1200,17961,18370,,0,0,0,0,0,0,0,0,0,0,0,0,0,0,0,1,1,1,1,1,1,1,1,1,1,1,1,1,1,1,1,1,1,1,1,1,1,1,1,0,0,0,0,0,0,0,0,0,0,,,,,,,,,,,,,,,,,,,,,,,,,,,,,,,,,,,,,,,,,,,,,,,,
18370,800,17966,18369,18022,1,0,0,0,0,0,0,0,0,0,0,0,0,0,0,1,1,2,2,1,1,1,1,1,1,1,1,1,1,1,1,1,1,1,1,1,1,1,1,1,1,0,0,0,0,0,0,0,0,,,,,,,,,,,,,,,,,,,,,,,,,,,,,,,,,,,,,,,,,,,,,,,,
18371,1600,17938,18372,,0,0,0,0,0,0,0,0,0,0,0,0,0,0,0,2,2,2,2,2,2,2,2,2,2,2,2,2,2,2,2,2,2,2,2,2,2,2,2,1,1,1,1,0,0,0,0,0,0,,,,,,,,,,,,,,,,,,,,,,,,,,,,,,,,,,,,,,,,,,,,,,,,
18372,300,17964,18371,18373,1,0,0,0,0,0,0,0,0,0,0,0,0,0,0,2,2,3,3,2,2,2,2,2,2,2,2,2,2,2,2,2,2,2,2,2,2,2,2,1,1,1,1,0,0,0,0,0,0,,,,,,,,,,,,,,,,,,,,,,,,,,,,,,,,,,,,,,,,,,,,,,,,
18373,1200,18372,,18374,1,0,0,0,0,0,0,0,0,0,0,0,0,0,0,2,2,3,3,2,2,2,2,2,2,2,2,2,2,2,2,2,2,2,2,2,2,2,2,1,1,1,1,0,0,0,0,0,0,,,,,,,,,,,,,,,,,,,,,,,,,,,,,,,,,,,,,,,,,,,,,,,,
18374,1500,17937,18524,18373,1,54,54,54,54,38,38,41,41,48,48,53,53,149,149,1126,1126,1279,1279,1185,1185,1176,1176,1064,1064,1030,1030,978,978,1073,1073,1075,1075,1072,1072,1157,1157,1124,1124,530,530,326,326,208,208,152,152,86,86,,,,,,,,,,,,,,,,,,,,,,,,,,,,,,,,,,,,,,,,,,,,,,,,
18375,1600,18376,17938,,0,0,0,0,0,0,0,0,0,0,0,0,0,0,0,1,1,1,1,1,1,1,1,1,1,1,1,1,1,1,1,1,1,1,1,1,1,1,1,1,1,0,0,0,0,0,0,0,0,,,,,,,,,,,,,,,,,,,,,,,,,,,,,,,,,,,,,,,,,,,,,,,,
18376,1600,18377,18375,17974,1,0,0,0,0,0,0,0,0,0,0,0,0,0,0,1,1,1,1,1,1,1,1,1,1,1,1,1,1,1,1,1,1,1,1,1,1,1,1,0,0,0,0,0,0,0,0,0,0,,,,,,,,,,,,,,,,,,,,,,,,,,,,,,,,,,,,,,,,,,,,,,,,
18377,1600,18378,18376,,0,0,0,0,0,0,0,0,0,0,0,0,0,0,0,1,1,1,1,1,1,1,1,1,1,1,1,1,1,1,1,1,1,1,1,1,1,1,1,0,0,0,0,0,0,0,0,0,0,,,,,,,,,,,,,,,,,,,,,,,,,,,,,,,,,,,,,,,,,,,,,,,,
18378,1200,17939,18377,17982,1,0,0,0,0,0,0,0,0,0,0,0,0,0,0,1,1,2,2,2,2,2,2,1,1,1,1,1,1,1,1,1,1,1,1,2,2,1,1,1,1,0,0,0,0,0,0,0,0,,,,,,,,,,,,,,,,,,,,,,,,,,,,,,,,,,,,,,,,,,,,,,,,
18379,300,18380,18061,,0,0,0,0,0,0,0,0,0,0,0,0,0,0,0,1,1,1,1,1,1,1,1,1,1,1,1,1,1,1,1,1,1,1,1,1,1,1,1,1,1,0,0,0,0,0,0,0,0,,,,,,,,,,,,,,,,,,,,,,,,,,,,,,,,,,,,,,,,,,,,,,,,
18380,1600,18379,18381,,0,0,0,0,0,0,0,0,0,0,0,0,0,0,0,1,1,1,1,1,1,1,1,1,1,1,1,1,1,1,1,1,1,1,1,1,1,1,1,0,0,0,0,0,0,0,0,0,0,,,,,,,,,,,,,,,,,,,,,,,,,,,,,,,,,,,,,,,,,,,,,,,,
18381,300,18380,18060,17994;18059,2,0,0,0,0,0,0,0,0,0,0,0,0,0,0,1,1,1,1,1,1,1,1,1,1,1,1,1,1,1,1,1,1,1,1,1,1,1,1,0,0,0,0,0,0,0,0,0,0,,,,,,,,,,,,,,,,,,,,,,,,,,,,,,,,,,,,,,,,,,,,,,,,
18382,300,18383,,,0,0,0,0,0,0,0,0,0,0,0,0,0,0,0,1,1,2,2,2,2,2,2,1,1,1,1,1,1,1,1,1,1,1,1,2,2,1,1,1,1,0,0,0,0,0,0,0,0,,,,,,,,,,,,,,,,,,,,,,,,,,,,,,,,,,,,,,,,,,,,,,,,
18383,400,18382,18384,17994,1,0,0,0,0,0,0,0,0,0,0,0,0,0,0,1,1,2,2,2,2,2,2,1,1,1,1,1,1,1,1,1,1,1,1,2,2,1,1,1,1,0,0,0,0,0,0,0,0,,,,,,,,,,,,,,,,,,,,,,,,,,,,,,,,,,,,,,,,,,,,,,,,
18384,800,18385,18383,,0,0,0,0,0,0,0,0,0,0,0,0,0,0,0,2,2,2,2,2,2,2,2,2,2,2,2,2,2,2,2,2,2,2,2,2,2,2,2,1,1,1,1,0,0,0,0,0,0,,,,,,,,,,,,,,,,,,,,,,,,,,,,,,,,,,,,,,,,,,,,,,,,
18385,400,18384,,17971,1,0,0,0,0,0,0,0,0,0,0,0,0,0,0,2,2,3,3,2,2,2,2,2,2,2,2,2,2,2,2,2,2,2,2,2,2,2,2,1,1,1,1,0,0,0,0,0,0,,,,,,,,,,,,,,,,,,,,,,,,,,,,,,,,,,,,,,,,,,,,,,,,
18386,3500,18387,17983,,0,36,36,36,36,26,26,27,27,32,32,35,35,99,99,1130,1130,1253,1253,1218,1218,1203,1203,1099,1099,1048,1048,1034,1034,1066,1066,1110,1110,1105,1105,1175,1175,1113,1113,353,353,217,217,139,139,102,102,57,57,,,,,,,,,,,,,,,,,,,,,,,,,,,,,,,,,,,,,,,,,,,,,,,,
18387,1600,18386,tran_37a0a7db-474e-424a-a6fd-267bddc0e9f6,17975,1,0,0,0,0,0,0,0,0,0,0,0,0,0,0,1,1,1,1,1,1,1,1,1,1,1,1,1,1,1,1,1,1,1,1,1,1,1,1,0,0,0,0,0,0,0,0,0,0,,,,,,,,,,,,,,,,,,,,,,,,,,,,,,,,,,,,,,,,,,,,,,,,
18388,800,18389,17912,,0,0,0,0,0,0,0,0,0,0,0,0,0,0,0,1,1,1,1,1,1,1,1,1,1,1,1,1,1,1,1,1,1,1,1,1,1,1,1,0,0,0,0,0,0,0,0,0,0,,,,,,,,,,,,,,,,,,,,,,,,,,,,,,,,,,,,,,,,,,,,,,,,
18389,600,18388,17913,18390,1,0,0,0,0,0,0,0,0,0,0,0,0,0,0,1,1,1,1,1,1,1,1,1,1,1,1,1,1,1,1,1,1,1,1,1,1,1,1,0,0,0,0,0,0,0,0,0,0,,,,,,,,,,,,,,,,,,,,,,,,,,,,,,,,,,,,,,,,,,,,,,,,
18390,600,18391,18389,,0,0,0,0,0,0,0,0,0,0,0,0,0,0,0,1,1,1,1,1,1,1,1,1,1,1,1,1,1,1,1,1,1,1,1,1,1,1,1,0,0,0,0,0,0,0,0,0,0,,,,,,,,,,,,,,,,,,,,,,,,,,,,,,,,,,,,,,,,,,,,,,,,
18391,800,18390,18392,17915,1,0,0,0,0,0,0,0,0,0,0,0,0,0,0,1,1,1,1,1,1,1,1,1,1,1,1,1,1,1,1,1,1,1,1,1,1,1,1,0,0,0,0,0,0,0,0,0,0,,,,,,,,,,,,,,,,,,,,,,,,,,,,,,,,,,,,,,,,,,,,,,,,
18392,800,18393,18391,,0,0,0,0,0,0,0,0,0,0,0,0,0,0,0,0,0,1,1,1,1,1,1,0,0,0,0,0,0,0,0,0,0,0,0,0,0,0,0,0,0,0,0,0,0,0,0,0,0,,,,,,,,,,,,,,,,,,,,,,,,,,,,,,,,,,,,,,,,,,,,,,,,
18393,600,18394,18392,17979,1,0,0,0,0,0,0,0,0,0,0,0,0,0,0,1,1,1,1,1,1,1,1,1,1,1,1,1,1,1,1,1,1,1,1,1,1,1,1,0,0,0,0,0,0,0,0,0,0,,,,,,,,,,,,,,,,,,,,,,,,,,,,,,,,,,,,,,,,,,,,,,,,
18394,600,18393,18395,,0,0,0,0,0,0,0,0,0,0,0,0,0,0,0,1,1,1,1,1,1,1,1,1,1,1,1,1,1,1,1,1,1,1,1,1,1,1,1,0,0,0,0,0,0,0,0,0,0,,,,,,,,,,,,,,,,,,,,,,,,,,,,,,,,,,,,,,,,,,,,,,,,
18395,300,17927,18394,17930,1,0,0,0,0,0,0,0,0,0,0,0,0,0,0,1,1,1,1,1,1,1,1,1,1,1,1,1,1,1,1,1,1,1,1,1,1,1,1,0,0,0,0,0,0,0,0,0,0,,,,,,,,,,,,,,,,,,,,,,,,,,,,,,,,,,,,,,,,,,,,,,,,
18396,2000,tran_5a6015e3-a78f-4956-93b4-34cea23419eb,18397,,0,54,54,56,56,39,39,42,42,50,50,54,54,149,149,956,956,1147,1147,1075,1075,1033,1033,954,954,866,866,918,918,901,901,917,917,943,943,993,993,901,901,419,419,269,269,182,182,132,132,67,67,,,,,,,,,,,,,,,,,,,,,,,,,,,,,,,,,,,,,,,,,,,,,,,,
18397,300,18398,17847,18396,1,0,0,0,0,0,0,0,0,0,0,0,0,0,0,2,2,2,2,2,2,2,2,2,2,2,2,2,2,2,2,2,2,2,2,2,2,2,2,1,1,0,0,0,0,0,0,0,0,,,,,,,,,,,,,,,,,,,,,,,,,,,,,,,,,,,,,,,,,,,,,,,,
18398,800,18399,18397,,0,0,0,0,0,0,0,0,0,0,0,0,0,0,0,1,1,2,2,2,2,1,1,1,1,1,1,1,1,1,1,1,1,1,1,1,1,1,1,1,1,0,0,0,0,0,0,0,0,,,,,,,,,,,,,,,,,,,,,,,,,,,,,,,,,,,,,,,,,,,,,,,,
18399,300,18398,18402,17856,1,0,0,0,0,0,0,0,0,0,0,0,0,0,0,2,2,2,2,2,2,2,2,2,2,2,2,2,2,2,2,2,2,2,2,2,2,2,2,1,1,0,0,0,0,0,0,0,0,,,,,,,,,,,,,,,,,,,,,,,,,,,,,,,,,,,,,,,,,,,,,,,,
184,2200,176,188,,0,54,54,56,56,39,39,42,42,50,50,54,54,149,149,956,956,1147,1147,1075,1075,1033,1033,954,954,866,866,918,918,901,901,917,917,943,943,993,993,901,901,419,419,269,269,182,182,132,132,67,67,,,,,,,,,,,,,,,,,,,,,,,,,,,,,,,,,,,,,,,,,,,,,,,,
18400,800,18401,17856,18404,1,0,0,0,0,0,0,0,0,0,0,0,0,0,0,3,3,3,3,3,3,3,3,3,3,3,3,3,3,3,3,3,3,3,3,3,3,3,3,1,1,1,1,0,0,0,0,0,0,,,,,,,,,,,,,,,,,,,,,,,,,,,,,,,,,,,,,,,,,,,,,,,,
18401,1000,17850,18400,,0,54,54,56,56,39,39,42,42,50,50,54,54,149,149,956,956,1147,1147,1075,1075,1033,1033,954,954,866,866,918,918,901,901,917,917,943,943,993,993,901,901,419,419,269,269,182,182,132,132,67,67,,,,,,,,,,,,,,,,,,,,,,,,,,,,,,,,,,,,,,,,,,,,,,,,
18402,300,18399,18403,,0,0,0,0,0,0,0,0,0,0,0,0,0,0,0,2,2,2,2,2,2,2,2,2,2,1,1,1,1,2,2,2,2,2,2,2,2,2,2,1,1,0,0,0,0,0,0,0,0,,,,,,,,,,,,,,,,,,,,,,,,,,,,,,,,,,,,,,,,,,,,,,,,
18403,600,17908,17866,18402,1,0,0,0,0,0,0,0,0,0,0,0,0,0,0,2,2,2,2,2,2,2,2,2,2,1,1,1,1,2,2,2,2,2,2,2,2,2,2,1,1,0,0,0,0,0,0,0,0,,,,,,,,,,,,,,,,,,,,,,,,,,,,,,,,,,,,,,,,,,,,,,,,
18404,800,18400,18405,,0,0,0,0,0,0,0,0,0,0,0,0,0,0,0,2,2,3,3,3,3,3,3,2,2,2,2,2,2,2,2,2,2,2,2,3,3,2,2,1,1,1,1,0,0,0,0,0,0,,,,,,,,,,,,,,,,,,,,,,,,,,,,,,,,,,,,,,,,,,,,,,,,
18405,300,17913,,18404;17866,2,0,0,0,0,0,0,0,0,0,0,0,0,0,0,2,2,2,2,2,2,2,2,2,2,2,2,2,2,2,2,2,2,2,2,2,2,2,2,1,1,0,0,0,0,0,0,0,0,,,,,,,,,,,,,,,,,,,,,,,,,,,,,,,,,,,,,,,,,,,,,,,,
18406,1600,18407,17931,,0,0,0,0,0,0,0,0,0,0,0,0,0,0,0,3,3,3,3,3,3,3,3,3,3,3,3,3,3,3,3,3,3,3,3,3,3,3,3,1,1,1,1,0,0,0,0,0,0,,,,,,,,,,,,,,,,,,,,,,,,,,,,,,,,,,,,,,,,,,,,,,,,
18407,600,17929,17992,17880;18406,2,0,0,0,0,0,0,0,0,0,0,0,0,0,0,2,2,2,2,2,2,2,2,2,2,2,2,2,2,2,2,2,2,2,2,2,2,2,2,1,1,0,0,0,0,0,0,0,0,,,,,,,,,,,,,,,,,,,,,,,,,,,,,,,,,,,,,,,,,,,,,,,,
18408,3000,17846,18409,,0,54,54,56,56,39,39,42,42,50,50,54,54,149,149,956,956,1147,1147,1075,1075,1033,1033,954,954,866,866,918,918,901,901,917,917,943,943,993,993,901,901,419,419,269,269,182,182,132,132,67,67,,,,,,,,,,,,,,,,,,,,,,,,,,,,,,,,,,,,,,,,,,,,,,,,
18409,1500,18408,18534,17831,1,54,54,56,56,39,39,42,42,50,50,54,54,149,149,956,956,1147,1147,1075,1075,1033,1033,954,954,866,866,918,918,901,901,917,917,943,943,993,993,901,901,419,419,269,269,182,182,132,132,67,67,,,,,,,,,,,,,,,,,,,,,,,,,,,,,,,,,,,,,,,,,,,,,,,,
18410,2500,17846,18411,,0,54,54,56,56,39,39,42,42,50,50,54,54,149,149,956,956,1147,1147,1075,1075,1033,1033,954,954,866,866,918,918,901,901,917,917,943,943,993,993,901,901,419,419,269,269,182,182,132,132,67,67,,,,,,,,,,,,,,,,,,,,,,,,,,,,,,,,,,,,,,,,,,,,,,,,
18411,1200,17880,18412,18410,1,0,0,0,0,0,0,0,0,0,0,0,0,0,0,2,2,3,3,3,3,3,3,2,2,2,2,2,2,2,2,2,2,2,2,3,3,2,2,1,1,1,1,0,0,0,0,0,0,,,,,,,,,,,,,,,,,,,,,,,,,,,,,,,,,,,,,,,,,,,,,,,,
18412,3000,18411,18413,,0,54,54,56,56,39,39,42,42,50,50,54,54,149,149,956,956,1147,1147,1075,1075,1033,1033,954,954,866,866,918,918,901,901,917,917,943,943,993,993,901,901,419,419,269,269,182,182,132,132,67,67,,,,,,,,,,,,,,,,,,,,,,,,,,,,,,,,,,,,,,,,,,,,,,,,
18413,300,17876,,18412;18414,2,0,0,0,0,0,0,0,0,0,0,0,0,0,0,3,3,3,3,3,3,3,3,3,3,2,2,2,2,3,3,3,3,3,3,3,3,3,3,1,1,1,1,0,0,0,0,0,0,,,,,,,,,,,,,,,,,,,,,,,,,,,,,,,,,,,,,,,,,,,,,,,,
18414,2500,18413,18415,,0,54,54,56,56,39,39,42,42,50,50,54,54,149,149,956,956,1147,1147,1075,1075,1033,1033,954,954,866,866,918,918,901,901,917,917,943,943,993,993,901,901,419,419,269,269,182,182,132,132,67,67,,,,,,,,,,,,,,,,,,,,,,,,,,,,,,,,,,,,,,,,,,,,,,,,
18415,800,17888,,18414;17892,2,0,0,0,0,0,0,0,0,0,0,0,0,0,0,3,3,3,3,3,3,3,3,3,3,2,2,2,2,3,3,3,3,3,3,3,3,3,3,1,1,1,1,0,0,0,0,0,0,,,,,,,,,,,,,,,,,,,,,,,,,,,,,,,,,,,,,,,,,,,,,,,,
18416,800,18417,17860,,0,0,0,0,0,0,0,0,0,0,0,0,0,0,0,1,1,2,2,1,1,1,1,1,1,1,1,1,1,1,1,1,1,1,1,1,1,1,1,0,0,0,0,0,0,0,0,0,0,,,,,,,,,,,,,,,,,,,,,,,,,,,,,,,,,,,,,,,,,,,,,,,,
18417,800,18416,18418,17859;17881,2,0,0,0,0,0,0,0,0,0,0,0,0,0,0,1,1,2,2,2,2,2,2,1,1,1,1,1,1,1,1,1,1,1,1,2,2,1,1,1,1,0,0,0,0,0,0,0,0,,,,,,,,,,,,,,,,,,,,,,,,,,,,,,,,,,,,,,,,,,,,,,,,
18418,800,18419,18417,,0,0,0,0,0,0,0,0,0,0,0,0,0,0,0,2,2,2,2,2,2,2,2,2,2,2,2,2,2,2,2,2,2,2,2,2,2,2,2,1,1,0,0,0,0,0,0,0,0,,,,,,,,,,,,,,,,,,,,,,,,,,,,,,,,,,,,,,,,,,,,,,,,
18419,800,18418,18420,17883,1,0,0,0,0,0,0,0,0,0,0,0,0,0,0,2,2,2,2,2,2,2,2,2,2,2,2,2,2,2,2,2,2,2,2,2,2,2,2,1,1,0,0,0,0,0,0,0,0,,,,,,,,,,,,,,,,,,,,,,,,,,,,,,,,,,,,,,,,,,,,,,,,
18420,1600,18421,18419,,0,0,0,0,0,0,0,0,0,0,0,0,0,0,0,2,2,2,2,2,2,2,2,2,2,1,1,1,1,1,1,2,2,2,2,2,2,2,2,1,1,0,0,0,0,0,0,0,0,,,,,,,,,,,,,,,,,,,,,,,,,,,,,,,,,,,,,,,,,,,,,,,,
18421,600,18420,18422,17844,1,0,0,0,0,0,0,0,0,0,0,0,0,0,0,2,2,2,2,2,2,2,2,2,2,2,2,2,2,2,2,2,2,2,2,2,2,2,2,1,1,0,0,0,0,0,0,0,0,,,,,,,,,,,,,,,,,,,,,,,,,,,,,,,,,,,,,,,,,,,,,,,,
18422,300,18423,18421,,0,0,0,0,0,0,0,0,0,0,0,0,0,0,0,1,1,1,1,1,1,1,1,1,1,1,1,1,1,1,1,1,1,1,1,1,1,1,1,0,0,0,0,0,0,0,0,0,0,,,,,,,,,,,,,,,,,,,,,,,,,,,,,,,,,,,,,,,,,,,,,,,,
18423,300,18538,18424,18422,1,0,0,0,0,0,0,0,0,0,0,0,0,0,0,1,1,1,1,1,1,1,1,1,1,1,1,1,1,1,1,1,1,1,1,1,1,1,1,0,0,0,0,0,0,0,0,0,0,,,,,,,,,,,,,,,,,,,,,,,,,,,,,,,,,,,,,,,,,,,,,,,,
18424,600,18423,18425,,0,0,0,0,0,0,0,0,0,0,0,0,0,0,0,1,1,1,1,1,1,1,1,1,1,1,1,1,1,1,1,1,1,1,1,1,1,1,1,0,0,0,0,0,0,0,0,0,0,,,,,,,,,,,,,,,,,,,,,,,,,,,,,,,,,,,,,,,,,,,,,,,,
18425,300,18424,17837,17832,1,0,0,0,0,0,0,0,0,0,0,0,0,0,0,1,1,1,1,1,1,1,1,1,1,1,1,1,1,1,1,1,1,1,1,1,1,1,1,0,0,0,0,0,0,0,0,0,0,,,,,,,,,,,,,,,,,,,,,,,,,,,,,,,,,,,,,,,,,,,,,,,,
18426,800,18427,17860,,0,0,0,0,0,0,0,0,0,0,0,0,0,0,0,2,2,2,2,2,2,2,2,2,2,2,2,2,2,2,2,2,2,2,2,2,2,2,2,1,1,0,0,0,0,0,0,0,0,,,,,,,,,,,,,,,,,,,,,,,,,,,,,,,,,,,,,,,,,,,,,,,,
18427,800,17851,18428,18426,1,0,0,0,0,0,0,0,0,0,0,0,0,0,0,2,2,3,3,3,3,3,3,2,2,2,2,2,2,2,2,2,2,2,2,2,2,2,2,1,1,1,1,0,0,0,0,0,0,,,,,,,,,,,,,,,,,,,,,,,,,,,,,,,,,,,,,,,,,,,,,,,,
18428,800,18427,18429,,0,0,0,0,0,0,0,0,0,0,0,0,0,0,0,3,3,3,3,3,3,3,3,3,3,3,3,3,3,3,3,3,3,3,3,3,3,3,3,1,1,1,1,0,0,0,0,0,0,,,,,,,,,,,,,,,,,,,,,,,,,,,,,,,,,,,,,,,,,,,,,,,,
18429,1500,17859,18428,18430,1,54,54,56,56,39,39,42,42,50,50,54,54,149,149,956,956,1147,1147,1075,1075,1033,1033,954,954,866,866,918,918,901,901,917,917,943,943,993,993,901,901,419,419,269,269,182,182,132,132,67,67,,,,,,,,,,,,,,,,,,,,,,,,,,,,,,,,,,,,,,,,,,,,,,,,
18430,1100,18429,18431,,0,54,54,56,56,39,39,42,42,50,50,54,54,149,149,956,956,1147,1147,1075,1075,1033,1033,954,954,866,866,918,918,901,901,917,917,943,943,993,993,901,901,419,419,269,269,182,182,132,132,67,67,,,,,,,,,,,,,,,,,,,,,,,,,,,,,,,,,,,,,,,,,,,,,,,,
18431,550,18432,17838,18430,1,54,54,56,56,39,39,42,42,50,50,54,54,149,149,956,956,1147,1147,1075,1075,1033,1033,954,954,866,866,918,918,901,901,917,917,943,943,993,993,901,901,419,419,269,269,182,182,132,132,67,67,,,,,,,,,,,,,,,,,,,,,,,,,,,,,,,,,,,,,,,,,,,,,,,,
18432,800,18431,18433,,0,0,0,0,0,0,0,0,0,0,0,0,0,0,0,3,3,3,3,3,3,3,3,3,3,3,3,3,3,3,3,3,3,3,3,3,3,3,3,1,1,1,1,0,0,0,0,0,0,,,,,,,,,,,,,,,,,,,,,,,,,,,,,,,,,,,,,,,,,,,,,,,,
18433,400,18434,17840,18432,1,0,0,0,0,0,0,0,0,0,0,0,0,0,0,3,3,3,3,3,3,3,3,3,3,3,3,3,3,3,3,3,3,3,3,3,3,3,3,1,1,1,1,0,0,0,0,0,0,,,,,,,,,,,,,,,,,,,,,,,,,,,,,,,,,,,,,,,,,,,,,,,,
18434,2500,18435,18433,,0,54,54,56,56,39,39,42,42,50,50,54,54,149,149,956,956,1147,1147,1075,1075,1033,1033,954,954,866,866,918,918,901,901,917,917,943,943,993,993,901,901,419,419,269,269,182,182,132,132,67,67,,,,,,,,,,,,,,,,,,,,,,,,,,,,,,,,,,,,,,,,,,,,,,,,
18435,800,18434,17823,18436,1,0,0,0,0,0,0,0,0,0,0,0,0,0,0,2,2,2,2,2,2,2,2,2,2,2,2,2,2,2,2,2,2,2,2,2,2,2,2,1,1,0,0,0,0,0,0,0,0,,,,,,,,,,,,,,,,,,,,,,,,,,,,,,,,,,,,,,,,,,,,,,,,
18436,800,18435,18437,,0,0,0,0,0,0,0,0,0,0,0,0,0,0,0,2,2,2,2,2,2,2,2,2,2,2,2,2,2,2,2,2,2,2,2,2,2,2,2,1,1,0,0,0,0,0,0,0,0,,,,,,,,,,,,,,,,,,,,,,,,,,,,,,,,,,,,,,,,,,,,,,,,
18437,800,18438,18436,17823,1,0,0,0,0,0,0,0,0,0,0,0,0,0,0,2,2,2,2,2,2,2,2,2,2,1,1,1,1,2,2,2,2,2,2,2,2,2,2,1,1,0,0,0,0,0,0,0,0,,,,,,,,,,,,,,,,,,,,,,,,,,,,,,,,,,,,,,,,,,,,,,,,
18438,800,18437,18439,,0,0,0,0,0,0,0,0,0,0,0,0,0,0,0,1,1,2,2,2,2,1,1,1,1,1,1,1,1,1,1,1,1,1,1,1,1,1,1,1,1,0,0,0,0,0,0,0,0,,,,,,,,,,,,,,,,,,,,,,,,,,,,,,,,,,,,,,,,,,,,,,,,
18439,800,18440,17838,18438,1,33,33,31,31,22,22,23,23,26,26,31,31,88,88,1055,1055,1119,1119,1058,1058,1080,1080,966,966,980,980,861,861,1008,1008,1021,1021,988,988,1080,1080,1096,1096,421,421,249,249,150,150,110,110,68,68,,,,,,,,,,,,,,,,,,,,,,,,,,,,,,,,,,,,,,,,,,,,,,,,
18440,800,18441,18439,,0,0,0,0,0,0,0,0,0,0,0,0,0,0,0,3,3,3,3,3,3,3,3,3,3,2,2,2,2,2,2,3,3,3,3,3,3,3,3,1,1,1,1,0,0,0,0,0,0,,,,,,,,,,,,,,,,,,,,,,,,,,,,,,,,,,,,,,,,,,,,,,,,
18441,1100,18440,18442,17841,1,54,54,56,56,39,39,42,42,50,50,54,54,149,149,956,956,1147,1147,1075,1075,1033,1033,954,954,866,866,918,918,901,901,917,917,943,943,993,993,901,901,419,419,269,269,182,182,132,132,67,67,,,,,,,,,,,,,,,,,,,,,,,,,,,,,,,,,,,,,,,,,,,,,,,,
18442,4400,,18441,18443,1,54,54,56,56,39,39,42,42,50,50,54,54,149,149,956,956,1147,1147,1075,1075,1033,1033,954,954,866,866,918,918,901,901,917,917,943,943,993,993,901,901,419,419,269,269,182,182,132,132,67,67,,,,,,,,,,,,,,,,,,,,,,,,,,,,,,,,,,,,,,,,,,,,,,,,
18443,300,17814,18442,18444,1,0,0,0,0,0,0,0,0,0,0,0,0,0,0,2,2,2,2,2,2,2,2,2,2,2,2,2,2,2,2,2,2,2,2,2,2,2,2,1,1,0,0,0,0,0,0,0,0,,,,,,,,,,,,,,,,,,,,,,,,,,,,,,,,,,,,,,,,,,,,,,,,
18444,2500,18443,18445,,0,54,54,56,56,39,39,42,42,50,50,54,54,149,149,956,956,1147,1147,1075,1075,1033,1033,954,954,866,866,918,918,901,901,917,917,943,943,993,993,901,901,419,419,269,269,182,182,132,132,67,67,,,,,,,,,,,,,,,,,,,,,,,,,,,,,,,,,,,,,,,,,,,,,,,,
18445,1100,18444,17857,17799,1,54,54,56,56,39,39,42,42,50,50,54,54,149,149,956,956,1147,1147,1075,1075,1033,1033,954,954,866,866,918,918,901,901,917,917,943,943,993,993,901,901,419,419,269,269,182,182,132,132,67,67,,,,,,,,,,,,,,,,,,,,,,,,,,,,,,,,,,,,,,,,,,,,,,,,
18446,800,17887,18447,,0,0,0,0,0,0,0,0,0,0,0,0,0,0,0,1,1,1,1,1,1,1,1,1,1,1,1,1,1,1,1,1,1,1,1,1,1,1,1,0,0,0,0,0,0,0,0,0,0,,,,,,,,,,,,,,,,,,,,,,,,,,,,,,,,,,,,,,,,,,,,,,,,
18447,300,17873,18448,18446,1,0,0,0,0,0,0,0,0,0,0,0,0,0,0,1,1,1,1,1,1,1,1,1,1,1,1,1,1,1,1,1,1,1,1,1,1,1,1,0,0,0,0,0,0,0,0,0,0,,,,,,,,,,,,,,,,,,,,,,,,,,,,,,,,,,,,,,,,,,,,,,,,
18448,300,18449,18447,,0,0,0,0,0,0,0,0,0,0,0,0,0,0,0,1,1,2,2,1,1,1,1,1,1,1,1,1,1,1,1,1,1,1,1,1,1,1,1,0,0,0,0,0,0,0,0,0,0,,,,,,,,,,,,,,,,,,,,,,,,,,,,,,,,,,,,,,,,,,,,,,,,
18449,300,,17864,17877;18448,2,0,0,0,0,0,0,0,0,0,0,0,0,0,0,2,2,2,2,2,2,2,2,2,2,1,1,1,1,2,2,2,2,2,2,2,2,2,2,1,1,0,0,0,0,0,0,0,0,,,,,,,,,,,,,,,,,,,,,,,,,,,,,,,,,,,,,,,,,,,,,,,,
18450,1200,18453,18451,,0,0,0,0,0,0,0,0,0,0,0,0,0,0,0,1,1,1,1,1,1,1,1,1,1,1,1,1,1,1,1,1,1,1,1,1,1,1,1,0,0,0,0,0,0,0,0,0,0,,,,,,,,,,,,,,,,,,,,,,,,,,,,,,,,,,,,,,,,,,,,,,,,
18451,300,18450,17816,17837,1,0,0,0,0,0,0,0,0,0,0,0,0,0,0,1,1,1,1,1,1,1,1,1,1,1,1,1,1,1,1,1,1,1,1,1,1,1,1,0,0,0,0,0,0,0,0,0,0,,,,,,,,,,,,,,,,,,,,,,,,,,,,,,,,,,,,,,,,,,,,,,,,
18452,300,18455,18453,,0,0,0,0,0,0,0,0,0,0,0,0,0,0,0,1,1,1,1,1,1,1,1,1,1,1,1,1,1,1,1,1,1,1,1,1,1,1,1,0,0,0,0,0,0,0,0,0,0,,,,,,,,,,,,,,,,,,,,,,,,,,,,,,,,,,,,,,,,,,,,,,,,
18453,300,,18452,18450,1,0,0,0,0,0,0,0,0,0,0,0,0,0,0,1,1,1,1,1,1,1,1,1,1,1,1,1,1,1,1,1,1,1,1,1,1,1,1,0,0,0,0,0,0,0,0,0,0,,,,,,,,,,,,,,,,,,,,,,,,,,,,,,,,,,,,,,,,,,,,,,,,
18454,600,,18455,,0,0,0,0,0,0,0,0,0,0,0,0,0,0,0,1,1,1,1,1,1,1,1,1,1,1,1,1,1,1,1,1,1,1,1,1,1,1,1,0,0,0,0,0,0,0,0,0,0,,,,,,,,,,,,,,,,,,,,,,,,,,,,,,,,,,,,,,,,,,,,,,,,
18455,300,18452,17820,18454,1,0,0,0,0,0,0,0,0,0,0,0,0,0,0,1,1,2,2,2,2,2,2,1,1,1,1,1,1,1,1,1,1,1,1,2,2,1,1,1,1,0,0,0,0,0,0,0,0,,,,,,,,,,,,,,,,,,,,,,,,,,,,,,,,,,,,,,,,,,,,,,,,
18456,800,18457,17963,,0,0,0,0,0,0,0,0,0,0,0,0,0,0,0,1,1,1,1,1,1,1,1,1,1,1,1,1,1,1,1,1,1,1,1,1,1,1,1,0,0,0,0,0,0,0,0,0,0,,,,,,,,,,,,,,,,,,,,,,,,,,,,,,,,,,,,,,,,,,,,,,,,
18457,400,17960,17945,18456,1,0,0,0,0,0,0,0,0,0,0,0,0,0,0,1,1,1,1,1,1,1,1,1,1,1,1,1,1,1,1,1,1,1,1,1,1,1,1,0,0,0,0,0,0,0,0,0,0,,,,,,,,,,,,,,,,,,,,,,,,,,,,,,,,,,,,,,,,,,,,,,,,
18458,300,18459,17911,,0,0,0,0,0,0,0,0,0,0,0,0,0,0,0,2,2,2,2,2,2,2,2,1,1,1,1,1,1,1,1,2,2,2,2,2,2,2,2,0,0,0,0,0,0,0,0,0,0,,,,,,,,,,,,,,,,,,,,,,,,,,,,,,,,,,,,,,,,,,,,,,,,
18459,500,17924,18458,17943,1,36,36,36,36,26,26,27,27,32,32,35,35,99,99,1130,1130,1253,1253,1218,1218,1203,1203,1099,1099,1048,1048,1034,1034,1066,1066,1110,1110,1105,1105,1175,1175,1113,1113,353,353,217,217,139,139,102,102,57,57,,,,,,,,,,,,,,,,,,,,,,,,,,,,,,,,,,,,,,,,,,,,,,,,
18460,300,17970,17958,18280,1,0,0,0,0,0,0,0,0,0,0,0,0,0,0,0,0,1,1,1,1,1,1,0,0,0,0,0,0,0,0,0,0,0,0,1,1,0,0,0,0,0,0,0,0,0,0,0,0,,,,,,,,,,,,,,,,,,,,,,,,,,,,,,,,,,,,,,,,,,,,,,,,
18461,300,,18462,,0,0,0,0,0,0,0,0,0,0,0,0,0,0,0,1,1,2,2,2,2,2,2,1,1,1,1,1,1,1,1,1,1,1,1,2,2,1,1,0,0,0,0,0,0,0,0,0,0,,,,,,,,,,,,,,,,,,,,,,,,,,,,,,,,,,,,,,,,,,,,,,,,
18462,300,17928,17924,18461,1,0,0,0,0,0,0,0,0,0,0,0,0,0,0,1,1,2,2,2,2,1,1,1,1,1,1,1,1,1,1,1,1,1,1,1,1,1,1,0,0,0,0,0,0,0,0,0,0,,,,,,,,,,,,,,,,,,,,,,,,,,,,,,,,,,,,,,,,,,,,,,,,
18463,600,18464,17884,,0,0,0,0,0,0,0,0,0,0,0,0,0,0,0,2,2,2,2,2,2,2,2,2,2,2,2,2,2,2,2,2,2,2,2,2,2,2,2,1,1,0,0,0,0,0,0,0,0,,,,,,,,,,,,,,,,,,,,,,,,,,,,,,,,,,,,,,,,,,,,,,,,
18464,600,17890,18463,17881,1,0,0,0,0,0,0,0,0,0,0,0,0,0,0,2,2,2,2,2,2,2,2,2,2,2,2,2,2,2,2,2,2,2,2,2,2,2,2,1,1,0,0,0,0,0,0,0,0,,,,,,,,,,,,,,,,,,,,,,,,,,,,,,,,,,,,,,,,,,,,,,,,
18465,500,17841,17852,17842,1,54,54,56,56,39,39,42,42,50,50,54,54,149,149,956,956,1147,1147,1075,1075,1033,1033,954,954,866,866,918,918,901,901,917,917,943,943,993,993,901,901,419,419,269,269,182,182,132,132,67,67,,,,,,,,,,,,,,,,,,,,,,,,,,,,,,,,,,,,,,,,,,,,,,,,
18466,800,18467,17911,,0,0,0,0,0,0,0,0,0,0,0,0,0,0,0,1,1,1,1,1,1,1,1,1,1,1,1,1,1,1,1,1,1,1,1,1,1,1,1,0,0,0,0,0,0,0,0,0,0,,,,,,,,,,,,,,,,,,,,,,,,,,,,,,,,,,,,,,,,,,,,,,,,
18467,400,18468,17897,18466,1,0,0,0,0,0,0,0,0,0,0,0,0,0,0,1,1,1,1,1,1,1,1,1,1,1,1,1,1,1,1,1,1,1,1,1,1,1,1,0,0,0,0,0,0,0,0,0,0,,,,,,,,,,,,,,,,,,,,,,,,,,,,,,,,,,,,,,,,,,,,,,,,
18468,600,18467,18469,,0,0,0,0,0,0,0,0,0,0,0,0,0,0,0,3,3,3,3,3,3,3,3,3,3,3,3,3,3,3,3,3,3,3,3,3,3,3,3,1,1,1,1,0,0,0,0,0,0,,,,,,,,,,,,,,,,,,,,,,,,,,,,,,,,,,,,,,,,,,,,,,,,
18469,600,18468,17909,17920,1,0,0,0,0,0,0,0,0,0,0,0,0,0,0,3,3,3,3,3,3,3,3,3,3,3,3,3,3,3,3,3,3,3,3,3,3,3,3,1,1,1,1,0,0,0,0,0,0,,,,,,,,,,,,,,,,,,,,,,,,,,,,,,,,,,,,,,,,,,,,,,,,
18470,800,17868,18471,,0,0,0,0,0,0,0,0,0,0,0,0,0,0,0,2,2,2,2,2,2,2,2,2,2,2,2,2,2,2,2,2,2,2,2,2,2,2,2,1,1,0,0,0,0,0,0,0,0,,,,,,,,,,,,,,,,,,,,,,,,,,,,,,,,,,,,,,,,,,,,,,,,
18471,800,18470,17882,17897,1,0,0,0,0,0,0,0,0,0,0,0,0,0,0,2,2,2,2,2,2,2,2,2,2,2,2,2,2,2,2,2,2,2,2,2,2,2,2,1,1,0,0,0,0,0,0,0,0,,,,,,,,,,,,,,,,,,,,,,,,,,,,,,,,,,,,,,,,,,,,,,,,
18472,1200,18473,17868,,0,0,0,0,0,0,0,0,0,0,0,0,0,0,0,1,1,1,1,1,1,1,1,1,1,1,1,1,1,1,1,1,1,1,1,1,1,1,1,0,0,0,0,0,0,0,0,0,0,,,,,,,,,,,,,,,,,,,,,,,,,,,,,,,,,,,,,,,,,,,,,,,,
18473,300,18474,18472,17891,1,0,0,0,0,0,0,0,0,0,0,0,0,0,0,1,1,1,1,1,1,1,1,1,1,0,0,0,0,0,0,1,1,1,1,1,1,1,1,0,0,0,0,0,0,0,0,0,0,,,,,,,,,,,,,,,,,,,,,,,,,,,,,,,,,,,,,,,,,,,,,,,,
18474,800,18475,18473,,0,0,0,0,0,0,0,0,0,0,0,0,0,0,0,1,1,1,1,1,1,1,1,0,0,0,0,0,0,0,0,0,0,0,0,1,1,0,0,0,0,0,0,0,0,0,0,0,0,,,,,,,,,,,,,,,,,,,,,,,,,,,,,,,,,,,,,,,,,,,,,,,,
18475,300,17886,17862,18474,1,0,0,0,0,0,0,0,0,0,0,0,0,0,0,0,0,1,1,1,1,1,1,0,0,0,0,0,0,0,0,0,0,0,0,1,1,0,0,0,0,0,0,0,0,0,0,0,0,,,,,,,,,,,,,,,,,,,,,,,,,,,,,,,,,,,,,,,,,,,,,,,,
18476,300,18477,18478,,0,0,0,0,0,0,0,0,0,0,0,0,0,0,0,2,2,3,3,3,3,3,3,2,2,2,2,2,2,2,2,2,2,2,2,3,3,2,2,1,1,1,1,0,0,0,0,0,0,,,,,,,,,,,,,,,,,,,,,,,,,,,,,,,,,,,,,,,,,,,,,,,,
18477,500,18476,17895,17891,1,54,54,56,56,39,39,42,42,50,50,54,54,149,149,956,956,1147,1147,1075,1075,1033,1033,954,954,866,866,918,918,901,901,917,917,943,943,993,993,901,901,419,419,269,269,182,182,132,132,67,67,,,,,,,,,,,,,,,,,,,,,,,,,,,,,,,,,,,,,,,,,,,,,,,,
18478,1200,18480,18492,17886;18476,2,0,0,0,0,0,0,0,0,0,0,0,0,0,0,2,2,2,2,2,2,2,2,2,2,2,2,2,2,2,2,2,2,2,2,2,2,2,2,1,1,0,0,0,0,0,0,0,0,,,,,,,,,,,,,,,,,,,,,,,,,,,,,,,,,,,,,,,,,,,,,,,,
18479,300,18483,18481,,0,0,0,0,0,0,0,0,0,0,0,0,0,0,0,0,0,0,0,0,0,0,0,0,0,0,0,0,0,0,0,0,0,0,0,0,0,0,0,0,0,0,0,0,0,0,0,0,0,,,,,,,,,,,,,,,,,,,,,,,,,,,,,,,,,,,,,,,,,,,,,,,,
18480,1000,18478,17919,18481,1,54,54,56,56,39,39,42,42,50,50,54,54,149,149,956,956,1147,1147,1075,1075,1033,1033,954,954,866,866,918,918,901,901,917,917,943,943,993,993,901,901,419,419,269,269,182,182,132,132,67,67,,,,,,,,,,,,,,,,,,,,,,,,,,,,,,,,,,,,,,,,,,,,,,,,
18481,300,18479,17917,18480,1,0,0,0,0,0,0,0,0,0,0,0,0,0,0,0,0,0,0,0,0,0,0,0,0,0,0,0,0,0,0,0,0,0,0,0,0,0,0,0,0,0,0,0,0,0,0,0,0,,,,,,,,,,,,,,,,,,,,,,,,,,,,,,,,,,,,,,,,,,,,,,,,
18482,600,18483,17895,,0,0,0,0,0,0,0,0,0,0,0,0,0,0,0,3,3,3,3,3,3,3,3,3,3,3,3,3,3,3,3,3,3,3,3,3,3,3,3,1,1,1,1,0,0,0,0,0,0,,,,,,,,,,,,,,,,,,,,,,,,,,,,,,,,,,,,,,,,,,,,,,,,
18483,300,18482,18479,17916,1,0,0,0,0,0,0,0,0,0,0,0,0,0,0,0,0,1,1,1,1,1,1,0,0,0,0,0,0,0,0,0,0,0,0,1,1,0,0,0,0,0,0,0,0,0,0,0,0,,,,,,,,,,,,,,,,,,,,,,,,,,,,,,,,,,,,,,,,,,,,,,,,
18484,300,18492,18485,,0,0,0,0,0,0,0,0,0,0,0,0,0,0,0,2,2,2,2,2,2,2,2,2,2,2,2,2,2,2,2,2,2,2,2,2,2,2,2,1,1,0,0,0,0,0,0,0,0,,,,,,,,,,,,,,,,,,,,,,,,,,,,,,,,,,,,,,,,,,,,,,,,
18485,800,17862,18486,18484,1,0,0,0,0,0,0,0,0,0,0,0,0,0,0,1,1,1,1,1,1,1,1,1,1,1,1,1,1,1,1,1,1,1,1,1,1,1,1,0,0,0,0,0,0,0,0,0,0,,,,,,,,,,,,,,,,,,,,,,,,,,,,,,,,,,,,,,,,,,,,,,,,
18486,1200,18485,18487,,0,0,0,0,0,0,0,0,0,0,0,0,0,0,0,1,1,1,1,1,1,1,1,1,1,0,0,0,0,0,0,1,1,1,1,1,1,1,1,0,0,0,0,0,0,0,0,0,0,,,,,,,,,,,,,,,,,,,,,,,,,,,,,,,,,,,,,,,,,,,,,,,,
18487,800,18488,17839,18486,1,0,0,0,0,0,0,0,0,0,0,0,0,0,0,0,0,0,0,0,0,0,0,0,0,0,0,0,0,0,0,0,0,0,0,0,0,0,0,0,0,0,0,0,0,0,0,0,0,,,,,,,,,,,,,,,,,,,,,,,,,,,,,,,,,,,,,,,,,,,,,,,,
18488,800,,18487,,0,0,0,0,0,0,0,0,0,0,0,0,0,0,0,0,0,0,0,0,0,0,0,0,0,0,0,0,0,0,0,0,0,0,0,0,0,0,0,0,0,0,0,0,0,0,0,0,0,,,,,,,,,,,,,,,,,,,,,,,,,,,,,,,,,,,,,,,,,,,,,,,,
18489,600,17833,18500,,0,0,0,0,0,0,0,0,0,0,0,0,0,0,0,0,0,0,0,0,0,0,0,0,0,0,0,0,0,0,0,0,0,0,0,0,0,0,0,0,0,0,0,0,0,0,0,0,0,,,,,,,,,,,,,,,,,,,,,,,,,,,,,,,,,,,,,,,,,,,,,,,,
18490,2000,18491,17815,,0,54,54,56,56,39,39,42,42,50,50,54,54,149,149,956,956,1147,1147,1075,1075,1033,1033,954,954,866,866,918,918,901,901,917,917,943,943,993,993,901,901,419,419,269,269,182,182,132,132,67,67,,,,,,,,,,,,,,,,,,,,,,,,,,,,,,,,,,,,,,,,,,,,,,,,
18491,800,17828,17834,18490,1,0,0,0,0,0,0,0,0,0,0,0,0,0,0,2,2,3,3,3,3,3,3,2,2,2,2,2,2,2,2,2,2,2,2,3,3,2,2,1,1,1,1,0,0,0,0,0,0,,,,,,,,,,,,,,,,,,,,,,,,,,,,,,,,,,,,,,,,,,,,,,,,
18492,2500,18493,18478,18484,1,67,67,70,70,49,49,53,53,62,62,67,67,186,186,910,910,1134,1134,1023,1023,977,977,900,900,812,812,861,861,864,864,851,851,886,886,939,939,854,854,524,524,336,336,227,227,165,165,84,84,,,,,,,,,,,,,,,,,,,,,,,,,,,,,,,,,,,,,,,,,,,,,,,,
18493,500,18492,17867,18494,1,50,50,51,51,36,36,39,39,45,45,49,49,138,138,1069,1069,1237,1237,1139,1139,1103,1103,1026,1026,968,968,956,956,1018,1018,1031,1031,1044,1044,1116,1116,1061,1061,453,453,282,282,184,184,134,134,73,73,,,,,,,,,,,,,,,,,,,,,,,,,,,,,,,,,,,,,,,,,,,,,,,,
18494,300,18493,18495,,0,0,0,0,0,0,0,0,0,0,0,0,0,1,1,4,4,5,5,5,5,4,4,4,4,4,4,4,4,4,4,4,4,4,4,4,4,4,4,2,2,1,1,1,1,1,1,0,0,,,,,,,,,,,,,,,,,,,,,,,,,,,,,,,,,,,,,,,,,,,,,,,,
18495,300,17872,17949,18494,1,0,0,0,0,0,0,0,0,0,0,0,0,0,0,3,3,4,4,4,4,4,4,3,3,3,3,3,3,3,3,3,3,3,3,4,4,3,3,1,1,1,1,1,1,0,0,0,0,,,,,,,,,,,,,,,,,,,,,,,,,,,,,,,,,,,,,,,,,,,,,,,,
18496,300,18497,,,0,0,0,0,0,0,0,0,0,0,0,0,0,0,0,1,1,1,1,1,1,1,1,1,1,1,1,1,1,1,1,1,1,1,1,1,1,1,1,1,1,0,0,0,0,0,0,0,0,,,,,,,,,,,,,,,,,,,,,,,,,,,,,,,,,,,,,,,,,,,,,,,,
18497,300,18498,18496,17825,1,0,0,0,0,0,0,0,0,0,0,0,0,0,0,1,1,2,2,1,1,1,1,1,1,1,1,1,1,1,1,1,1,1,1,1,1,1,1,1,1,0,0,0,0,0,0,0,0,,,,,,,,,,,,,,,,,,,,,,,,,,,,,,,,,,,,,,,,,,,,,,,,
18498,300,18497,18499,,0,0,0,0,0,0,0,0,0,0,0,0,0,0,0,2,2,2,2,2,2,2,2,2,2,1,1,1,1,2,2,2,2,2,2,2,2,2,2,1,1,0,0,0,0,0,0,0,0,,,,,,,,,,,,,,,,,,,,,,,,,,,,,,,,,,,,,,,,,,,,,,,,
18499,300,,17835,18498;17867,2,0,0,0,0,0,0,0,0,0,0,0,0,0,0,2,2,2,2,2,2,2,2,2,2,2,2,2,2,2,2,2,2,2,2,2,2,2,2,1,1,0,0,0,0,0,0,0,0,,,,,,,,,,,,,,,,,,,,,,,,,,,,,,,,,,,,,,,,,,,,,,,,
185,4400,199,9777,182;17722;9796,3,44,44,46,46,32,32,34,34,40,40,44,44,122,122,1037,1037,1195,1195,1144,1144,1114,1114,1024,1024,952,952,976,976,977,977,1009,1009,1021,1021,1079,1079,999,999,376,376,237,237,157,157,114,114,60,60,,,,,,,,,,,,,,,,,,,,,,,,,,,,,,,,,,,,,,,,,,,,,,,,
18500,3000,18489,18501,,0,54,54,56,56,39,39,42,42,50,50,54,54,149,149,956,956,1147,1147,1075,1075,1033,1033,954,954,866,866,918,918,901,901,917,917,943,943,993,993,901,901,419,419,269,269,182,182,132,132,67,67,,,,,,,,,,,,,,,,,,,,,,,,,,,,,,,,,,,,,,,,,,,,,,,,
18501,300,18516,18502,18500,1,0,0,0,0,0,0,0,0,0,0,0,0,0,0,4,4,4,4,4,4,4,4,3,3,3,3,3,3,3,3,3,3,4,4,4,4,4,4,2,2,1,1,1,1,0,0,0,0,,,,,,,,,,,,,,,,,,,,,,,,,,,,,,,,,,,,,,,,,,,,,,,,
18502,1200,18501,18503,,0,0,0,0,0,0,0,0,0,0,0,0,0,0,0,3,3,3,3,3,3,3,3,2,2,2,2,2,2,2,2,3,3,3,3,3,3,3,3,1,1,1,1,0,0,0,0,0,0,,,,,,,,,,,,,,,,,,,,,,,,,,,,,,,,,,,,,,,,,,,,,,,,
18503,1200,18502,18504,17821,1,0,0,0,0,0,0,0,0,0,0,0,0,0,0,2,2,2,2,2,2,2,2,2,2,2,2,2,2,2,2,2,2,2,2,2,2,2,2,1,1,1,1,0,0,0,0,0,0,,,,,,,,,,,,,,,,,,,,,,,,,,,,,,,,,,,,,,,,,,,,,,,,
18504,800,18503,18505,,0,0,0,0,0,0,0,0,0,0,0,0,0,0,0,2,2,3,3,2,2,2,2,2,2,2,2,2,2,2,2,2,2,2,2,2,2,2,2,1,1,1,1,0,0,0,0,0,0,,,,,,,,,,,,,,,,,,,,,,,,,,,,,,,,,,,,,,,,,,,,,,,,
18505,800,18504,18508,18506,1,0,0,0,0,0,0,0,0,0,0,0,0,0,0,3,3,3,3,3,3,3,3,2,2,2,2,2,2,2,2,2,2,3,3,3,3,3,3,1,1,1,1,0,0,0,0,0,0,,,,,,,,,,,,,,,,,,,,,,,,,,,,,,,,,,,,,,,,,,,,,,,,
18506,4400,18507,18505,,0,50,50,51,51,36,36,39,39,45,45,49,49,138,138,1069,1069,1237,1237,1139,1139,1103,1103,1026,1026,968,968,956,956,1018,1018,1031,1031,1044,1044,1116,1116,1061,1061,453,453,282,282,184,184,134,134,73,73,,,,,,,,,,,,,,,,,,,,,,,,,,,,,,,,,,,,,,,,,,,,,,,,
18507,300,18506,17790,18578,1,0,0,0,0,0,0,0,0,0,0,0,0,0,0,3,3,3,3,3,3,3,3,2,2,2,2,2,2,2,2,2,2,2,2,3,3,3,3,1,1,1,1,0,0,0,0,0,0,,,,,,,,,,,,,,,,,,,,,,,,,,,,,,,,,,,,,,,,,,,,,,,,
18508,800,18505,18509,,0,0,0,0,0,0,0,0,0,0,0,0,0,0,0,2,2,3,3,3,3,3,3,2,2,2,2,2,2,2,2,2,2,2,2,3,3,2,2,1,1,1,1,0,0,0,0,0,0,,,,,,,,,,,,,,,,,,,,,,,,,,,,,,,,,,,,,,,,,,,,,,,,
18509,600,18508,17809,17817,1,0,0,0,0,0,0,0,0,0,0,0,0,0,0,2,2,3,3,2,2,2,2,2,2,2,2,2,2,2,2,2,2,2,2,2,2,2,2,1,1,1,1,0,0,0,0,0,0,,,,,,,,,,,,,,,,,,,,,,,,,,,,,,,,,,,,,,,,,,,,,,,,
18510,4400,18513,18598,,0,50,50,51,51,36,36,39,39,45,45,49,49,138,138,1069,1069,1237,1237,1139,1139,1103,1103,1026,1026,968,968,956,956,1018,1018,1031,1031,1044,1044,1116,1116,1061,1061,453,453,282,282,184,184,134,134,73,73,,,,,,,,,,,,,,,,,,,,,,,,,,,,,,,,,,,,,,,,,,,,,,,,
18511,800,18512,17824,17853,1,0,0,0,0,0,0,0,0,0,0,0,0,1,1,4,4,5,5,5,5,5,5,4,4,4,4,4,4,4,4,4,4,4,4,5,5,4,4,2,2,1,1,1,1,1,1,0,0,,,,,,,,,,,,,,,,,,,,,,,,,,,,,,,,,,,,,,,,,,,,,,,,
18512,300,18513,18511,,0,0,0,0,0,0,0,0,0,0,0,0,0,1,1,5,5,5,5,5,5,5,5,5,5,4,4,4,4,4,4,5,5,5,5,5,5,5,5,2,2,1,1,1,1,1,1,0,0,,,,,,,,,,,,,,,,,,,,,,,,,,,,,,,,,,,,,,,,,,,,,,,,
18513,1650,18512,18510,17829,1,50,50,51,51,36,36,39,39,45,45,49,49,138,138,1069,1069,1237,1237,1139,1139,1103,1103,1026,1026,968,968,956,956,1018,1018,1031,1031,1044,1044,1116,1116,1061,1061,453,453,282,282,184,184,134,134,73,73,,,,,,,,,,,,,,,,,,,,,,,,,,,,,,,,,,,,,,,,,,,,,,,,
18514,2750,18515,17824,,0,50,50,51,51,36,36,39,39,45,45,49,49,138,138,1069,1069,1237,1237,1139,1139,1103,1103,1026,1026,968,968,956,956,1018,1018,1031,1031,1044,1044,1116,1116,1061,1061,453,453,282,282,184,184,134,134,73,73,,,,,,,,,,,,,,,,,,,,,,,,,,,,,,,,,,,,,,,,,,,,,,,,
18515,1650,17853,18514,17826,1,50,50,51,51,36,36,39,39,45,45,49,49,138,138,1069,1069,1237,1237,1139,1139,1103,1103,1026,1026,968,968,956,956,1018,1018,1031,1031,1044,1044,1116,1116,1061,1061,453,453,282,282,184,184,134,134,73,73,,,,,,,,,,,,,,,,,,,,,,,,,,,,,,,,,,,,,,,,,,,,,,,,
18516,2750,18501,18517,,0,50,50,51,51,36,36,39,39,45,45,49,49,138,138,1069,1069,1237,1237,1139,1139,1103,1103,1026,1026,968,968,956,956,1018,1018,1031,1031,1044,1044,1116,1116,1061,1061,453,453,282,282,184,184,134,134,73,73,,,,,,,,,,,,,,,,,,,,,,,,,,,,,,,,,,,,,,,,,,,,,,,,
18517,1100,18516,17818,17822,1,50,50,51,51,36,36,39,39,45,45,49,49,138,138,1069,1069,1237,1237,1139,1139,1103,1103,1026,1026,968,968,956,956,1018,1018,1031,1031,1044,1044,1116,1116,1061,1061,453,453,282,282,184,184,134,134,73,73,,,,,,,,,,,,,,,,,,,,,,,,,,,,,,,,,,,,,,,,,,,,,,,,
18518,4000,18523,18525,,0,54,54,54,54,38,38,41,41,48,48,53,53,149,149,1126,1126,1279,1279,1185,1185,1176,1176,1064,1064,1030,1030,978,978,1073,1073,1075,1075,1072,1072,1157,1157,1124,1124,530,530,326,326,208,208,152,152,86,86,,,,,,,,,,,,,,,,,,,,,,,,,,,,,,,,,,,,,,,,,,,,,,,,
18519,1100,18520,17904,17947,1,50,50,51,51,36,36,39,39,45,45,49,49,138,138,1069,1069,1237,1237,1139,1139,1103,1103,1026,1026,968,968,956,956,1018,1018,1031,1031,1044,1044,1116,1116,1061,1061,453,453,282,282,184,184,134,134,73,73,,,,,,,,,,,,,,,,,,,,,,,,,,,,,,,,,,,,,,,,,,,,,,,,
18520,2750,18521,18519,,0,67,67,70,70,49,49,53,53,62,62,67,67,186,186,910,910,1134,1134,1023,1023,977,977,900,900,812,812,861,861,864,864,851,851,886,886,939,939,854,854,524,524,336,336,227,227,165,165,84,84,,,,,,,,,,,,,,,,,,,,,,,,,,,,,,,,,,,,,,,,,,,,,,,,
18521,300,17914,18520,18522,1,0,0,0,0,0,0,0,0,0,0,0,0,0,0,1,1,1,1,1,1,1,1,1,1,1,1,1,1,1,1,1,1,1,1,1,1,1,1,0,0,0,0,0,0,0,0,0,0,,,,,,,,,,,,,,,,,,,,,,,,,,,,,,,,,,,,,,,,,,,,,,,,
18522,1200,18523,18521,,0,0,0,0,0,0,0,0,0,0,0,0,0,0,0,1,1,1,1,1,1,1,1,1,1,1,1,1,1,1,1,1,1,1,1,1,1,1,1,0,0,0,0,0,0,0,0,0,0,,,,,,,,,,,,,,,,,,,,,,,,,,,,,,,,,,,,,,,,,,,,,,,,
18523,300,17932,18518,18522,1,0,0,0,0,0,0,0,0,0,0,0,0,0,0,2,2,2,2,2,2,2,2,2,2,1,1,1,1,2,2,2,2,2,2,2,2,2,2,1,1,0,0,0,0,0,0,0,0,,,,,,,,,,,,,,,,,,,,,,,,,,,,,,,,,,,,,,,,,,,,,,,,
18524,3000,18374,18525,,0,54,54,54,54,38,38,41,41,48,48,53,53,149,149,1126,1126,1279,1279,1185,1185,1176,1176,1064,1064,1030,1030,978,978,1073,1073,1075,1075,1072,1072,1157,1157,1124,1124,530,530,326,326,208,208,152,152,86,86,,,,,,,,,,,,,,,,,,,,,,,,,,,,,,,,,,,,,,,,,,,,,,,,
18525,1200,18524,18518,17936;17933,2,0,0,0,0,0,0,0,0,0,0,0,0,0,0,2,2,2,2,2,2,2,2,2,2,2,2,2,2,2,2,2,2,2,2,2,2,2,2,1,1,0,0,0,0,0,0,0,0,,,,,,,,,,,,,,,,,,,,,,,,,,,,,,,,,,,,,,,,,,,,,,,,
18526,4000,18529,17874,,0,50,50,51,51,36,36,39,39,45,45,49,49,138,138,1069,1069,1237,1237,1139,1139,1103,1103,1026,1026,968,968,956,956,1018,1018,1031,1031,1044,1044,1116,1116,1061,1061,453,453,282,282,184,184,134,134,73,73,,,,,,,,,,,,,,,,,,,,,,,,,,,,,,,,,,,,,,,,,,,,,,,,
18527,300,,17898,18528,1,0,0,0,0,0,0,0,0,0,0,0,0,1,1,5,5,6,6,5,5,5,5,5,5,5,5,4,4,5,5,5,5,5,5,5,5,5,5,2,2,1,1,1,1,1,1,0,0,,,,,,,,,,,,,,,,,,,,,,,,,,,,,,,,,,,,,,,,,,,,,,,,
18528,300,18527,18529,,0,0,0,0,0,0,0,0,0,0,0,0,0,1,1,5,5,6,6,5,5,5,5,5,5,4,4,4,4,5,5,5,5,5,5,5,5,5,5,2,2,1,1,1,1,1,1,0,0,,,,,,,,,,,,,,,,,,,,,,,,,,,,,,,,,,,,,,,,,,,,,,,,
18529,300,18528,18526,,0,0,0,0,0,0,0,0,0,0,0,0,0,1,1,5,5,5,5,5,5,5,5,4,4,4,4,4,4,4,4,4,4,4,4,5,5,4,4,2,2,1,1,1,1,1,1,0,0,,,,,,,,,,,,,,,,,,,,,,,,,,,,,,,,,,,,,,,,,,,,,,,,
18530,1600,17827,18531,,0,0,0,0,0,0,0,0,0,0,0,0,0,0,0,2,2,2,2,2,2,2,2,2,2,2,2,2,2,2,2,2,2,2,2,2,2,2,2,1,1,0,0,0,0,0,0,0,0,,,,,,,,,,,,,,,,,,,,,,,,,,,,,,,,,,,,,,,,,,,,,,,,
18531,800,17808,18530,17819,1,0,0,0,0,0,0,0,0,0,0,0,0,0,0,1,1,1,1,1,1,1,1,1,1,1,1,1,1,1,1,1,1,1,1,1,1,1,1,0,0,0,0,0,0,0,0,0,0,,,,,,,,,,,,,,,,,,,,,,,,,,,,,,,,,,,,,,,,,,,,,,,,
18532,2500,17781,18533,17794,1,54,54,56,56,39,39,42,42,50,50,54,54,149,149,956,956,1147,1147,1075,1075,1033,1033,954,954,866,866,918,918,901,901,917,917,943,943,993,993,901,901,419,419,269,269,182,182,132,132,67,67,,,,,,,,,,,,,,,,,,,,,,,,,,,,,,,,,,,,,,,,,,,,,,,,
18533,300,17827,17795,18532,1,0,0,0,0,0,0,0,0,0,0,0,0,0,0,2,2,2,2,2,2,2,2,2,2,2,2,2,2,2,2,2,2,2,2,2,2,2,2,1,1,0,0,0,0,0,0,0,0,,,,,,,,,,,,,,,,,,,,,,,,,,,,,,,,,,,,,,,,,,,,,,,,
18534,1600,18535,18409,,0,0,0,0,0,0,0,0,0,0,0,0,0,0,0,1,1,2,2,2,2,2,2,1,1,1,1,1,1,1,1,1,1,1,1,2,2,1,1,1,1,0,0,0,0,0,0,0,0,,,,,,,,,,,,,,,,,,,,,,,,,,,,,,,,,,,,,,,,,,,,,,,,
18535,300,18536,18534,17795,1,0,0,0,0,0,0,0,0,0,0,0,0,0,0,2,2,2,2,2,2,2,2,2,2,2,2,2,2,2,2,2,2,2,2,2,2,2,2,1,1,0,0,0,0,0,0,0,0,,,,,,,,,,,,,,,,,,,,,,,,,,,,,,,,,,,,,,,,,,,,,,,,
18536,2500,18535,18537,,0,54,54,56,56,39,39,42,42,50,50,54,54,149,149,956,956,1147,1147,1075,1075,1033,1033,954,954,866,866,918,918,901,901,917,917,943,943,993,993,901,901,419,419,269,269,182,182,132,132,67,67,,,,,,,,,,,,,,,,,,,,,,,,,,,,,,,,,,,,,,,,,,,,,,,,
18537,1000,18536,17843,17767,1,54,54,56,56,39,39,42,42,50,50,54,54,149,149,956,956,1147,1147,1075,1075,1033,1033,954,954,866,866,918,918,901,901,917,917,943,943,993,993,901,901,419,419,269,269,182,182,132,132,67,67,,,,,,,,,,,,,,,,,,,,,,,,,,,,,,,,,,,,,,,,,,,,,,,,
18538,800,18539,18423,,0,0,0,0,0,0,0,0,0,0,0,0,0,0,0,1,1,1,1,1,1,1,1,1,1,1,1,1,1,1,1,1,1,1,1,1,1,1,1,0,0,0,0,0,0,0,0,0,0,,,,,,,,,,,,,,,,,,,,,,,,,,,,,,,,,,,,,,,,,,,,,,,,
18539,300,17820,,17863;18538,2,0,0,0,0,0,0,0,0,0,0,0,0,0,0,1,1,1,1,1,1,1,1,1,1,1,1,1,1,1,1,1,1,1,1,1,1,1,1,0,0,0,0,0,0,0,0,0,0,,,,,,,,,,,,,,,,,,,,,,,,,,,,,,,,,,,,,,,,,,,,,,,,
18540,1200,18543,15231,,0,0,0,0,0,0,0,0,0,0,0,0,0,0,0,3,3,3,3,3,3,3,3,3,3,3,3,3,3,3,3,3,3,3,3,3,3,3,3,1,1,1,1,1,1,0,0,0,0,,,,,,,,,,,,,,,,,,,,,,,,,,,,,,,,,,,,,,,,,,,,,,,,
18541,1200,18542,17863,17761;17767,2,0,0,0,0,0,0,0,0,0,0,0,0,0,0,0,0,1,1,1,1,1,1,0,0,0,0,0,0,0,0,0,0,0,0,1,1,0,0,0,0,0,0,0,0,0,0,0,0,,,,,,,,,,,,,,,,,,,,,,,,,,,,,,,,,,,,,,,,,,,,,,,,
18542,800,18543,18541,,0,0,0,0,0,0,0,0,0,0,0,0,0,0,0,0,0,0,0,0,0,0,0,0,0,0,0,0,0,0,0,0,0,0,0,0,0,0,0,0,0,0,0,0,0,0,0,0,0,,,,,,,,,,,,,,,,,,,,,,,,,,,,,,,,,,,,,,,,,,,,,,,,
18543,400,18540,17747,18542,1,0,0,0,0,0,0,0,0,0,0,0,0,0,0,0,0,0,0,0,0,0,0,0,0,0,0,0,0,0,0,0,0,0,0,0,0,0,0,0,0,0,0,0,0,0,0,0,0,,,,,,,,,,,,,,,,,,,,,,,,,,,,,,,,,,,,,,,,,,,,,,,,
18544,4400,18547,18545,,0,54,54,56,56,39,39,42,42,50,50,54,54,149,149,956,956,1147,1147,1075,1075,1033,1033,954,954,866,866,918,918,901,901,917,917,943,943,993,993,901,901,419,419,269,269,182,182,132,132,67,67,,,,,,,,,,,,,,,,,,,,,,,,,,,,,,,,,,,,,,,,,,,,,,,,
18545,1200,18544,17857,17743,1,0,0,0,0,0,0,0,0,0,0,0,0,0,0,2,2,2,2,2,2,2,2,2,2,2,2,2,2,2,2,2,2,2,2,2,2,2,2,1,1,0,0,0,0,0,0,0,0,,,,,,,,,,,,,,,,,,,,,,,,,,,,,,,,,,,,,,,,,,,,,,,,
18546,2200,18557,18547,,0,54,54,56,56,39,39,42,42,50,50,54,54,149,149,956,956,1147,1147,1075,1075,1033,1033,954,954,866,866,918,918,901,901,917,917,943,943,993,993,901,901,419,419,269,269,182,182,132,132,67,67,,,,,,,,,,,,,,,,,,,,,,,,,,,,,,,,,,,,,,,,,,,,,,,,
18547,1650,18562,18544,18546,1,54,54,56,56,39,39,42,42,50,50,54,54,149,149,956,956,1147,1147,1075,1075,1033,1033,954,954,866,866,918,918,901,901,917,917,943,943,993,993,901,901,419,419,269,269,182,182,132,132,67,67,,,,,,,,,,,,,,,,,,,,,,,,,,,,,,,,,,,,,,,,,,,,,,,,
18548,800,18556,18549,,0,0,0,0,0,0,0,0,0,0,0,0,0,0,0,1,1,1,1,1,1,1,1,1,1,1,1,1,1,1,1,1,1,1,1,1,1,1,1,0,0,0,0,0,0,0,0,0,0,,,,,,,,,,,,,,,,,,,,,,,,,,,,,,,,,,,,,,,,,,,,,,,,
18549,800,17799,18548,17812,1,0,0,0,0,0,0,0,0,0,0,0,0,0,0,1,1,1,1,1,1,1,1,1,1,1,1,1,1,1,1,1,1,1,1,1,1,1,1,0,0,0,0,0,0,0,0,0,0,,,,,,,,,,,,,,,,,,,,,,,,,,,,,,,,,,,,,,,,,,,,,,,,
18550,1500,17815,18551,,0,54,54,56,56,39,39,42,42,50,50,54,54,149,149,956,956,1147,1147,1075,1075,1033,1033,954,954,866,866,918,918,901,901,917,917,943,943,993,993,901,901,419,419,269,269,182,182,132,132,67,67,,,,,,,,,,,,,,,,,,,,,,,,,,,,,,,,,,,,,,,,,,,,,,,,
18551,1500,18550,17813,18552,1,54,54,56,56,39,39,42,42,50,50,54,54,149,149,956,956,1147,1147,1075,1075,1033,1033,954,954,866,866,918,918,901,901,917,917,943,943,993,993,901,901,419,419,269,269,182,182,132,132,67,67,,,,,,,,,,,,,,,,,,,,,,,,,,,,,,,,,,,,,,,,,,,,,,,,
18552,1600,18553,18551,,0,0,0,0,0,0,0,0,0,0,0,0,0,0,0,2,2,2,2,2,2,2,2,2,2,2,2,2,2,2,2,2,2,2,2,2,2,2,2,1,1,0,0,0,0,0,0,0,0,,,,,,,,,,,,,,,,,,,,,,,,,,,,,,,,,,,,,,,,,,,,,,,,
18553,800,18552,18554,17797,1,0,0,0,0,0,0,0,0,0,0,0,0,0,0,1,1,1,1,1,1,1,1,1,1,1,1,1,1,1,1,1,1,1,1,1,1,1,1,0,0,0,0,0,0,0,0,0,0,,,,,,,,,,,,,,,,,,,,,,,,,,,,,,,,,,,,,,,,,,,,,,,,
18554,800,18555,18553,,0,0,0,0,0,0,0,0,0,0,0,0,0,0,0,1,1,1,1,1,1,1,1,1,1,1,1,1,1,1,1,1,1,1,1,1,1,1,1,0,0,0,0,0,0,0,0,0,0,,,,,,,,,,,,,,,,,,,,,,,,,,,,,,,,,,,,,,,,,,,,,,,,
18555,800,18556,18554,17786,1,0,0,0,0,0,0,0,0,0,0,0,0,0,0,2,2,2,2,2,2,2,2,2,2,1,1,1,1,1,1,2,2,2,2,2,2,2,2,1,1,0,0,0,0,0,0,0,0,,,,,,,,,,,,,,,,,,,,,,,,,,,,,,,,,,,,,,,,,,,,,,,,
18556,4400,18557,18548,18555,1,54,54,56,56,39,39,42,42,50,50,54,54,149,149,956,956,1147,1147,1075,1075,1033,1033,954,954,866,866,918,918,901,901,917,917,943,943,993,993,901,901,419,419,269,269,182,182,132,132,67,67,,,,,,,,,,,,,,,,,,,,,,,,,,,,,,,,,,,,,,,,,,,,,,,,
18557,1650,17804,18556,18546,1,54,54,56,56,39,39,42,42,50,50,54,54,149,149,956,956,1147,1147,1075,1075,1033,1033,954,954,866,866,918,918,901,901,917,917,943,943,993,993,901,901,419,419,269,269,182,182,132,132,67,67,,,,,,,,,,,,,,,,,,,,,,,,,,,,,,,,,,,,,,,,,,,,,,,,
18558,1600,18561,17797,18560,1,0,0,0,0,0,0,0,0,0,0,0,0,0,0,1,1,1,1,1,1,1,1,1,1,1,1,1,1,1,1,1,1,1,1,1,1,1,1,0,0,0,0,0,0,0,0,0,0,,,,,,,,,,,,,,,,,,,,,,,,,,,,,,,,,,,,,,,,,,,,,,,,
18559,1600,18560,17804,17786,1,0,0,0,0,0,0,0,0,0,0,0,0,0,0,1,1,1,1,1,1,1,1,1,1,1,1,1,1,1,1,1,1,1,1,1,1,1,1,0,0,0,0,0,0,0,0,0,0,,,,,,,,,,,,,,,,,,,,,,,,,,,,,,,,,,,,,,,,,,,,,,,,
18560,1600,18559,18558,,0,0,0,0,0,0,0,0,0,0,0,0,0,0,0,1,1,1,1,1,1,1,1,1,1,1,1,1,1,1,1,1,1,1,1,1,1,1,1,0,0,0,0,0,0,0,0,0,0,,,,,,,,,,,,,,,,,,,,,,,,,,,,,,,,,,,,,,,,,,,,,,,,
18561,1200,17755,18558,,0,0,0,0,0,0,0,0,0,0,0,0,0,0,0,1,1,1,1,1,1,1,1,1,1,1,1,1,1,1,1,1,1,1,1,1,1,1,1,0,0,0,0,0,0,0,0,0,0,,,,,,,,,,,,,,,,,,,,,,,,,,,,,,,,,,,,,,,,,,,,,,,,
18562,4400,18563,18547,,0,54,54,56,56,39,39,42,42,50,50,54,54,149,149,956,956,1147,1147,1075,1075,1033,1033,954,954,866,866,918,918,901,901,917,917,943,943,993,993,901,901,419,419,269,269,182,182,132,132,67,67,,,,,,,,,,,,,,,,,,,,,,,,,,,,,,,,,,,,,,,,,,,,,,,,
18563,1100,18564,18562,17749,1,54,54,56,56,39,39,42,42,50,50,54,54,149,149,956,956,1147,1147,1075,1075,1033,1033,954,954,866,866,918,918,901,901,917,917,943,943,993,993,901,901,419,419,269,269,182,182,132,132,67,67,,,,,,,,,,,,,,,,,,,,,,,,,,,,,,,,,,,,,,,,,,,,,,,,
18564,800,18563,18565,,0,0,0,0,0,0,0,0,0,0,0,0,0,0,0,1,1,1,1,1,1,1,1,1,1,1,1,1,1,1,1,1,1,1,1,1,1,1,1,0,0,0,0,0,0,0,0,0,0,,,,,,,,,,,,,,,,,,,,,,,,,,,,,,,,,,,,,,,,,,,,,,,,
18565,800,18566,18564,17759,1,0,0,0,0,0,0,0,0,0,0,0,0,0,0,2,2,2,2,2,2,2,2,2,2,2,2,2,2,2,2,2,2,2,2,2,2,2,2,1,1,0,0,0,0,0,0,0,0,,,,,,,,,,,,,,,,,,,,,,,,,,,,,,,,,,,,,,,,,,,,,,,,
18566,800,18567,18565,,0,0,0,0,0,0,0,0,0,0,0,0,0,0,0,894,894,944,944,1009,1009,988,988,917,917,851,851,900,900,826,826,926,926,922,922,952,952,857,857,0,0,0,0,0,0,0,0,0,0,,,,,,,,,,,,,,,,,,,,,,,,,,,,,,,,,,,,,,,,,,,,,,,,
18567,1200,18568,18566,17766,1,0,0,0,0,0,0,0,0,0,0,0,0,0,0,2,2,2,2,2,2,2,2,2,2,2,2,2,2,2,2,2,2,2,2,2,2,2,2,1,1,0,0,0,0,0,0,0,0,,,,,,,,,,,,,,,,,,,,,,,,,,,,,,,,,,,,,,,,,,,,,,,,
18568,1200,18569,18567,,0,0,0,0,0,0,0,0,0,0,0,0,0,0,0,2,2,3,3,3,3,2,2,2,2,2,2,2,2,2,2,2,2,2,2,2,2,2,2,1,1,1,1,0,0,0,0,0,0,,,,,,,,,,,,,,,,,,,,,,,,,,,,,,,,,,,,,,,,,,,,,,,,
18569,800,18568,17779,17772,1,0,0,0,0,0,0,0,0,0,0,0,0,0,0,2,2,3,3,3,3,2,2,2,2,2,2,2,2,2,2,2,2,2,2,3,3,2,2,1,1,1,1,0,0,0,0,0,0,,,,,,,,,,,,,,,,,,,,,,,,,,,,,,,,,,,,,,,,,,,,,,,,
18570,1200,17755,18571,,0,0,0,0,0,0,0,0,0,0,0,0,0,0,0,1,1,1,1,1,1,1,1,1,1,1,1,1,1,1,1,1,1,1,1,1,1,1,1,0,0,0,0,0,0,0,0,0,0,,,,,,,,,,,,,,,,,,,,,,,,,,,,,,,,,,,,,,,,,,,,,,,,
18571,1600,18572,18570,17759,1,0,0,0,0,0,0,0,0,0,0,0,0,0,0,1,1,1,1,1,1,1,1,1,1,1,1,1,1,1,1,1,1,1,1,1,1,1,1,0,0,0,0,0,0,0,0,0,0,,,,,,,,,,,,,,,,,,,,,,,,,,,,,,,,,,,,,,,,,,,,,,,,
18572,1600,18571,18573,,0,0,0,0,0,0,0,0,0,0,0,0,0,0,0,1,1,2,2,1,1,1,1,1,1,1,1,1,1,1,1,1,1,1,1,1,1,1,1,0,0,0,0,0,0,0,0,0,0,,,,,,,,,,,,,,,,,,,,,,,,,,,,,,,,,,,,,,,,,,,,,,,,
18573,1600,17774,18572,17766,1,0,0,0,0,0,0,0,0,0,0,0,0,0,0,2,2,3,3,3,3,3,3,2,2,2,2,2,2,2,2,2,2,2,2,2,2,2,2,1,1,1,1,0,0,0,0,0,0,,,,,,,,,,,,,,,,,,,,,,,,,,,,,,,,,,,,,,,,,,,,,,,,
18574,1200,17776,18575,,0,0,0,0,0,0,0,0,0,0,0,0,0,1,1,4,4,5,5,4,4,4,4,4,4,4,4,4,4,4,4,4,4,4,4,4,4,4,4,2,2,1,1,1,1,1,1,0,0,,,,,,,,,,,,,,,,,,,,,,,,,,,,,,,,,,,,,,,,,,,,,,,,
18575,1600,17787,18574,17779,1,0,0,0,0,0,0,0,0,0,0,0,0,1,1,4,4,5,5,4,4,4,4,4,4,4,4,4,4,4,4,4,4,4,4,4,4,4,4,2,2,1,1,1,1,1,1,0,0,,,,,,,,,,,,,,,,,,,,,,,,,,,,,,,,,,,,,,,,,,,,,,,,
18576,2000,18577,17756,,0,50,50,51,51,36,36,39,39,45,45,49,49,138,138,1069,1069,1237,1237,1139,1139,1103,1103,1026,1026,968,968,956,956,1018,1018,1031,1031,1044,1044,1116,1116,1061,1061,453,453,282,282,184,184,134,134,73,73,,,,,,,,,,,,,,,,,,,,,,,,,,,,,,,,,,,,,,,,,,,,,,,,
18577,2000,18576,18611,17735;18582;17754;17875,4,50,50,51,51,36,36,39,39,45,45,49,49,138,138,1069,1069,1237,1237,1139,1139,1103,1103,1026,1026,968,968,956,956,1018,1018,1031,1031,1044,1044,1116,1116,1061,1061,453,453,282,282,184,184,134,134,73,73,,,,,,,,,,,,,,,,,,,,,,,,,,,,,,,,,,,,,,,,,,,,,,,,
18578,1600,18507,18579,,0,0,0,0,0,0,0,0,0,0,0,0,0,0,0,3,3,3,3,3,3,3,3,2,2,2,2,2,2,2,2,2,2,2,2,3,3,3,3,1,1,1,1,0,0,0,0,0,0,,,,,,,,,,,,,,,,,,,,,,,,,,,,,,,,,,,,,,,,,,,,,,,,
18579,800,18578,17783,17875;17768,2,0,0,0,0,0,0,0,0,0,0,0,0,0,0,2,2,3,3,2,2,2,2,2,2,2,2,2,2,2,2,2,2,2,2,2,2,2,2,1,1,1,1,0,0,0,0,0,0,,,,,,,,,,,,,,,,,,,,,,,,,,,,,,,,,,,,,,,,,,,,,,,,
18580,1200,18581,17785,,0,0,0,0,0,0,0,0,0,0,0,0,0,0,0,3,3,3,3,3,3,3,3,3,3,3,3,3,3,3,3,3,3,3,3,3,3,3,3,1,1,1,1,1,1,0,0,0,0,,,,,,,,,,,,,,,,,,,,,,,,,,,,,,,,,,,,,,,,,,,,,,,,
18581,1200,17803,18580,17826,1,0,0,0,0,0,0,0,0,0,0,0,0,0,0,2,2,3,3,2,2,2,2,2,2,2,2,2,2,2,2,2,2,2,2,2,2,2,2,1,1,1,1,0,0,0,0,0,0,,,,,,,,,,,,,,,,,,,,,,,,,,,,,,,,,,,,,,,,,,,,,,,,
18582,800,18577,18583,,0,0,0,0,0,0,0,0,0,0,0,0,0,0,0,3,3,4,4,3,3,3,3,3,3,3,3,3,3,3,3,3,3,3,3,3,3,3,3,1,1,1,1,1,1,0,0,0,0,,,,,,,,,,,,,,,,,,,,,,,,,,,,,,,,,,,,,,,,,,,,,,,,
18583,800,18584,18582,17741,1,0,0,0,0,0,0,0,0,0,0,0,0,0,0,2,2,2,2,2,2,2,2,2,2,1,1,1,1,2,2,2,2,2,2,2,2,2,2,1,1,0,0,0,0,0,0,0,0,,,,,,,,,,,,,,,,,,,,,,,,,,,,,,,,,,,,,,,,,,,,,,,,
18584,600,18583,18585,,0,0,0,0,0,0,0,0,0,0,0,0,0,0,0,1,1,2,2,1,1,1,1,1,1,1,1,1,1,1,1,1,1,1,1,1,1,1,1,1,1,0,0,0,0,0,0,0,0,,,,,,,,,,,,,,,,,,,,,,,,,,,,,,,,,,,,,,,,,,,,,,,,
18585,400,18584,17740,18586,1,0,0,0,0,0,0,0,0,0,0,0,0,0,0,1,1,1,1,1,1,1,1,1,1,1,1,1,1,1,1,1,1,1,1,1,1,1,1,0,0,0,0,0,0,0,0,0,0,,,,,,,,,,,,,,,,,,,,,,,,,,,,,,,,,,,,,,,,,,,,,,,,
18586,800,18585,18587,,0,0,0,0,0,0,0,0,0,0,0,0,0,0,0,1,1,1,1,1,1,1,1,1,1,1,1,1,1,1,1,1,1,1,1,1,1,1,1,0,0,0,0,0,0,0,0,0,0,,,,,,,,,,,,,,,,,,,,,,,,,,,,,,,,,,,,,,,,,,,,,,,,
18587,800,18586,18588,17736,1,0,0,0,0,0,0,0,0,0,0,0,0,0,0,1,1,1,1,1,1,1,1,1,1,1,1,1,1,1,1,1,1,1,1,1,1,1,1,0,0,0,0,0,0,0,0,0,0,,,,,,,,,,,,,,,,,,,,,,,,,,,,,,,,,,,,,,,,,,,,,,,,
18588,800,18587,15238,,0,53,53,55,55,38,38,42,42,48,48,53,53,146,146,715,715,891,891,804,804,768,768,707,707,638,638,676,676,679,679,669,669,696,696,738,738,671,671,411,411,264,264,178,178,130,130,66,66,,,,,,,,,,,,,,,,,,,,,,,,,,,,,,,,,,,,,,,,,,,,,,,,
18589,1500,17751,18590,17746,1,50,50,51,51,36,36,39,39,45,45,49,49,138,138,1069,1069,1237,1237,1139,1139,1103,1103,1026,1026,968,968,956,956,1018,1018,1031,1031,1044,1044,1116,1116,1061,1061,453,453,282,282,184,184,134,134,73,73,,,,,,,,,,,,,,,,,,,,,,,,,,,,,,,,,,,,,,,,,,,,,,,,
18590,1000,18589,18591,17739,1,50,50,51,51,36,36,39,39,45,45,49,49,138,138,1069,1069,1237,1237,1139,1139,1103,1103,1026,1026,968,968,956,956,1018,1018,1031,1031,1044,1044,1116,1116,1061,1061,453,453,282,282,184,184,134,134,73,73,,,,,,,,,,,,,,,,,,,,,,,,,,,,,,,,,,,,,,,,,,,,,,,,
18591,800,18590,18592,,0,0,0,0,0,0,0,0,0,0,0,0,0,0,0,4,4,4,4,4,4,4,4,3,3,3,3,3,3,3,3,3,3,3,3,4,4,4,4,2,2,1,1,1,1,0,0,0,0,,,,,,,,,,,,,,,,,,,,,,,,,,,,,,,,,,,,,,,,,,,,,,,,
18592,800,18591,18617,17734,1,0,0,0,0,0,0,0,0,0,0,0,0,0,0,2,2,2,2,2,2,2,2,2,2,1,1,1,1,2,2,2,2,2,2,2,2,2,2,1,1,0,0,0,0,0,0,0,0,,,,,,,,,,,,,,,,,,,,,,,,,,,,,,,,,,,,,,,,,,,,,,,,
18593,2500,17769,18594,,0,50,50,51,51,36,36,39,39,45,45,49,49,138,138,1069,1069,1237,1237,1139,1139,1103,1103,1026,1026,968,968,956,956,1018,1018,1031,1031,1044,1044,1116,1116,1061,1061,453,453,282,282,184,184,134,134,73,73,,,,,,,,,,,,,,,,,,,,,,,,,,,,,,,,,,,,,,,,,,,,,,,,
18594,1600,17798,18595,18593,1,0,0,0,0,0,0,0,0,0,0,0,0,1,1,4,4,5,5,4,4,4,4,4,4,4,4,4,4,4,4,4,4,4,4,4,4,4,4,2,2,1,1,1,1,1,1,0,0,,,,,,,,,,,,,,,,,,,,,,,,,,,,,,,,,,,,,,,,,,,,,,,,
18595,2500,18594,18596,,0,50,50,51,51,36,36,39,39,45,45,49,49,138,138,1069,1069,1237,1237,1139,1139,1103,1103,1026,1026,968,968,956,956,1018,1018,1031,1031,1044,1044,1116,1116,1061,1061,453,453,282,282,184,184,134,134,73,73,,,,,,,,,,,,,,,,,,,,,,,,,,,,,,,,,,,,,,,,,,,,,,,,
18596,1200,18597,17811,18595,1,0,0,0,0,0,0,0,0,0,0,0,0,1,1,4,4,5,5,4,4,4,4,4,4,4,4,4,4,4,4,4,4,4,4,4,4,4,4,2,2,1,1,1,1,1,1,0,0,,,,,,,,,,,,,,,,,,,,,,,,,,,,,,,,,,,,,,,,,,,,,,,,
18597,3000,18596,18598,,0,50,50,51,51,36,36,39,39,45,45,49,49,138,138,1069,1069,1237,1237,1139,1139,1103,1103,1026,1026,968,968,956,956,1018,1018,1031,1031,1044,1044,1116,1116,1061,1061,453,453,282,282,184,184,134,134,73,73,,,,,,,,,,,,,,,,,,,,,,,,,,,,,,,,,,,,,,,,,,,,,,,,
18598,2200,18510,,18597;17937,2,50,50,51,51,36,36,39,39,45,45,49,49,138,138,1069,1069,1237,1237,1139,1139,1103,1103,1026,1026,968,968,956,956,1018,1018,1031,1031,1044,1044,1116,1116,1061,1061,453,453,282,282,184,184,134,134,73,73,,,,,,,,,,,,,,,,,,,,,,,,,,,,,,,,,,,,,,,,,,,,,,,,
18599,4400,18600,17937,17861,1,50,50,51,51,36,36,39,39,45,45,49,49,138,138,1069,1069,1237,1237,1139,1139,1103,1103,1026,1026,968,968,956,956,1018,1018,1031,1031,1044,1044,1116,1116,1061,1061,453,453,282,282,184,184,134,134,73,73,,,,,,,,,,,,,,,,,,,,,,,,,,,,,,,,,,,,,,,,,,,,,,,,
186,4400,145,189,,0,27,27,28,28,20,20,21,21,25,25,27,27,74,74,1049,1049,1182,1182,1170,1170,1126,1126,1056,1056,970,970,1022,1022,982,982,1052,1052,1066,1066,1112,1112,1010,1010,210,210,134,134,91,91,66,66,34,34,,,,,,,,,,,,,,,,,,,,,,,,,,,,,,,,,,,,,,,,,,,,,,,,
18600,1200,18601,18599,17802,1,0,0,0,0,0,0,0,0,0,0,0,0,0,0,3,3,3,3,3,3,3,3,3,3,3,3,3,3,3,3,3,3,3,3,3,3,3,3,1,1,1,1,0,0,0,0,0,0,,,,,,,,,,,,,,,,,,,,,,,,,,,,,,,,,,,,,,,,,,,,,,,,
18601,1200,18600,18602,,0,0,0,0,0,0,0,0,0,0,0,0,0,1,1,4,4,5,5,4,4,4,4,4,4,4,4,4,4,4,4,4,4,4,4,4,4,4,4,2,2,1,1,1,1,1,1,0,0,,,,,,,,,,,,,,,,,,,,,,,,,,,,,,,,,,,,,,,,,,,,,,,,
18602,1650,18603,18601,,0,50,50,51,51,36,36,39,39,45,45,49,49,138,138,1069,1069,1237,1237,1139,1139,1103,1103,1026,1026,968,968,956,956,1018,1018,1031,1031,1044,1044,1116,1116,1061,1061,453,453,282,282,184,184,134,134,73,73,,,,,,,,,,,,,,,,,,,,,,,,,,,,,,,,,,,,,,,,,,,,,,,,
18603,4400,18604,18602,,0,50,50,51,51,36,36,39,39,45,45,49,49,138,138,1069,1069,1237,1237,1139,1139,1103,1103,1026,1026,968,968,956,956,1018,1018,1031,1031,1044,1044,1116,1116,1061,1061,453,453,282,282,184,184,134,134,73,73,,,,,,,,,,,,,,,,,,,,,,,,,,,,,,,,,,,,,,,,,,,,,,,,
18604,1200,18603,18605,,0,0,0,0,0,0,0,0,0,0,0,0,0,0,0,2,2,2,2,2,2,2,2,2,2,2,2,2,2,2,2,2,2,2,2,2,2,2,2,1,1,1,1,0,0,0,0,0,0,,,,,,,,,,,,,,,,,,,,,,,,,,,,,,,,,,,,,,,,,,,,,,,,
18605,1200,18604,18606,,0,0,0,0,0,0,0,0,0,0,0,0,0,0,0,2,2,2,2,2,2,2,2,2,2,2,2,2,2,2,2,2,2,2,2,2,2,2,2,1,1,1,1,0,0,0,0,0,0,,,,,,,,,,,,,,,,,,,,,,,,,,,,,,,,,,,,,,,,,,,,,,,,
18606,1200,18605,18607,17753,1,0,0,0,0,0,0,0,0,0,0,0,0,0,0,3,3,3,3,3,3,3,3,2,2,2,2,2,2,2,2,2,2,2,2,3,3,2,2,1,1,1,1,0,0,0,0,0,0,,,,,,,,,,,,,,,,,,,,,,,,,,,,,,,,,,,,,,,,,,,,,,,,
18607,1200,18606,18608,,0,0,0,0,0,0,0,0,0,0,0,0,0,1,1,4,4,5,5,4,4,4,4,4,4,4,4,3,3,4,4,4,4,4,4,4,4,4,4,2,2,1,1,1,1,0,0,0,0,,,,,,,,,,,,,,,,,,,,,,,,,,,,,,,,,,,,,,,,,,,,,,,,
18608,1200,18609,18607,17748,1,0,0,0,0,0,0,0,0,0,0,0,0,1,1,4,4,5,5,5,5,5,5,4,4,4,4,4,4,4,4,4,4,4,4,5,5,4,4,2,2,1,1,1,1,1,1,0,0,,,,,,,,,,,,,,,,,,,,,,,,,,,,,,,,,,,,,,,,,,,,,,,,
18609,1200,,18608,,0,0,0,0,0,0,0,0,0,0,0,0,0,1,1,5,5,6,6,5,5,5,5,5,5,5,5,4,4,5,5,5,5,5,5,5,5,5,5,2,2,1,1,1,1,1,1,0,0,,,,,,,,,,,,,,,,,,,,,,,,,,,,,,,,,,,,,,,,,,,,,,,,
18610,4400,tran_24282bad-25c7-4872-80f7-ea80d8941c80,15234,17726;17730,2,44,44,45,45,32,32,34,34,40,40,44,44,122,122,967,967,1118,1118,1048,1048,1018,1018,940,940,881,881,886,886,916,916,935,935,947,947,1007,1007,945,945,387,387,243,243,159,159,116,116,62,62,,,,,,,,,,,,,,,,,,,,,,,,,,,,,,,,,,,,,,,,,,,,,,,,
18611,2500,18612,18577,,0,50,50,51,51,36,36,39,39,45,45,49,49,138,138,1069,1069,1237,1237,1139,1139,1103,1103,1026,1026,968,968,956,956,1018,1018,1031,1031,1044,1044,1116,1116,1061,1061,453,453,282,282,184,184,134,134,73,73,,,,,,,,,,,,,,,,,,,,,,,,,,,,,,,,,,,,,,,,,,,,,,,,
18612,300,15232,15237,18611,1,0,0,0,0,0,0,0,0,0,0,0,0,0,0,2,2,3,3,3,3,3,3,2,2,2,2,2,2,2,2,2,2,2,2,3,3,2,2,1,1,1,1,0,0,0,0,0,0,,,,,,,,,,,,,,,,,,,,,,,,,,,,,,,,,,,,,,,,,,,,,,,,
18613,800,17732,18614,,0,0,0,0,0,0,0,0,0,0,0,0,0,0,0,2,2,2,2,2,2,2,2,2,2,2,2,2,2,2,2,2,2,2,2,2,2,2,2,1,1,0,0,0,0,0,0,0,0,,,,,,,,,,,,,,,,,,,,,,,,,,,,,,,,,,,,,,,,,,,,,,,,
18614,400,18613,18615,15235,1,0,0,0,0,0,0,0,0,0,0,0,0,0,0,2,2,2,2,2,2,2,2,1,1,1,1,1,1,1,1,1,1,1,1,2,2,1,1,1,1,0,0,0,0,0,0,0,0,,,,,,,,,,,,,,,,,,,,,,,,,,,,,,,,,,,,,,,,,,,,,,,,
18615,400,18614,18616,,0,0,0,0,0,0,0,0,0,0,0,0,0,0,0,1,1,2,2,1,1,1,1,1,1,1,1,1,1,1,1,1,1,1,1,1,1,1,1,1,1,0,0,0,0,0,0,0,0,,,,,,,,,,,,,,,,,,,,,,,,,,,,,,,,,,,,,,,,,,,,,,,,
18616,600,15236,18615,17734,1,0,0,0,0,0,0,0,0,0,0,0,0,1,1,7,7,7,7,7,7,7,7,6,6,6,6,6,6,6,6,6,6,6,6,7,7,7,7,3,3,2,2,1,1,1,1,0,0,,,,,,,,,,,,,,,,,,,,,,,,,,,,,,,,,,,,,,,,,,,,,,,,
18617,1600,18592,18618,17733,1,0,0,0,0,0,0,0,0,0,0,0,0,0,0,1,1,1,1,1,1,1,1,1,1,1,1,1,1,1,1,1,1,1,1,1,1,1,1,0,0,0,0,0,0,0,0,0,0,,,,,,,,,,,,,,,,,,,,,,,,,,,,,,,,,,,,,,,,,,,,,,,,
18618,300,17727,15236,18617,1,0,0,0,0,0,0,0,0,0,0,0,0,0,0,1,1,1,1,1,1,1,1,1,1,1,1,1,1,1,1,1,1,1,1,1,1,1,1,0,0,0,0,0,0,0,0,0,0,,,,,,,,,,,,,,,,,,,,,,,,,,,,,,,,,,,,,,,,,,,,,,,,
18619,300,18620,7945,8619,1,0,0,0,0,0,0,0,0,0,0,0,0,0,0,1,1,1,1,1,1,1,1,1,1,1,1,1,1,1,1,1,1,1,1,1,1,1,1,0,0,0,0,0,0,0,0,0,0,,,,,,,,,,,,,,,,,,,,,,,,,,,,,,,,,,,,,,,,,,,,,,,,
18620,3000,18619,18621,,0,36,36,36,36,26,26,27,27,32,32,35,35,99,99,1130,1130,1253,1253,1218,1218,1203,1203,1099,1099,1048,1048,1034,1034,1066,1066,1110,1110,1105,1105,1175,1175,1113,1113,353,353,217,217,139,139,102,102,57,57,,,,,,,,,,,,,,,,,,,,,,,,,,,,,,,,,,,,,,,,,,,,,,,,
18621,300,18622,18198,18620,1,0,0,0,0,0,0,0,0,0,0,0,0,0,0,1,1,2,2,2,2,2,2,1,1,1,1,1,1,1,1,1,1,1,1,1,1,1,1,0,0,0,0,0,0,0,0,0,0,,,,,,,,,,,,,,,,,,,,,,,,,,,,,,,,,,,,,,,,,,,,,,,,
18622,3000,18623,18621,,0,36,36,36,36,26,26,27,27,32,32,35,35,99,99,1130,1130,1253,1253,1218,1218,1203,1203,1099,1099,1048,1048,1034,1034,1066,1066,1110,1110,1105,1105,1175,1175,1113,1113,353,353,217,217,139,139,102,102,57,57,,,,,,,,,,,,,,,,,,,,,,,,,,,,,,,,,,,,,,,,,,,,,,,,
18623,300,18624,18192,18622,1,0,0,0,0,0,0,0,0,0,0,0,0,0,0,1,1,2,2,2,2,2,2,1,1,1,1,1,1,1,1,1,1,1,1,2,2,1,1,0,0,0,0,0,0,0,0,0,0,,,,,,,,,,,,,,,,,,,,,,,,,,,,,,,,,,,,,,,,,,,,,,,,
18624,3500,18623,18625,,0,36,36,36,36,26,26,27,27,32,32,35,35,99,99,1130,1130,1253,1253,1218,1218,1203,1203,1099,1099,1048,1048,1034,1034,1066,1066,1110,1110,1105,1105,1175,1175,1113,1113,353,353,217,217,139,139,102,102,57,57,,,,,,,,,,,,,,,,,,,,,,,,,,,,,,,,,,,,,,,,,,,,,,,,
18625,400,18626,18156,18624,1,0,0,0,0,0,0,0,0,0,0,0,0,0,0,1,1,2,2,1,1,1,1,1,1,1,1,1,1,1,1,1,1,1,1,1,1,1,1,0,0,0,0,0,0,0,0,0,0,,,,,,,,,,,,,,,,,,,,,,,,,,,,,,,,,,,,,,,,,,,,,,,,
18626,1200,18625,18627,,0,0,0,0,0,0,0,0,0,0,0,0,0,0,0,1,1,2,2,1,1,1,1,1,1,1,1,1,1,1,1,1,1,1,1,1,1,1,1,0,0,0,0,0,0,0,0,0,0,,,,,,,,,,,,,,,,,,,,,,,,,,,,,,,,,,,,,,,,,,,,,,,,
18627,800,18143,18626,18205,1,0,0,0,0,0,0,0,0,0,0,0,0,0,0,1,1,2,2,2,2,2,2,1,1,1,1,1,1,1,1,1,1,1,1,2,2,1,1,0,0,0,0,0,0,0,0,0,0,,,,,,,,,,,,,,,,,,,,,,,,,,,,,,,,,,,,,,,,,,,,,,,,
18628,600,18120,18629,,0,0,0,0,0,0,0,0,0,0,0,0,0,0,0,1,1,1,1,1,1,1,1,1,1,1,1,1,1,1,1,1,1,1,1,1,1,1,1,0,0,0,0,0,0,0,0,0,0,,,,,,,,,,,,,,,,,,,,,,,,,,,,,,,,,,,,,,,,,,,,,,,,
18629,300,18628,18126,18154,1,0,0,0,0,0,0,0,0,0,0,0,0,0,0,1,1,1,1,1,1,1,1,1,1,1,1,1,1,1,1,1,1,1,1,1,1,1,1,0,0,0,0,0,0,0,0,0,0,,,,,,,,,,,,,,,,,,,,,,,,,,,,,,,,,,,,,,,,,,,,,,,,
18630,800,18631,18181,,0,0,0,0,0,0,0,0,0,0,0,0,0,0,0,1,1,1,1,1,1,1,1,1,1,1,1,1,1,1,1,1,1,1,1,1,1,1,1,0,0,0,0,0,0,0,0,0,0,,,,,,,,,,,,,,,,,,,,,,,,,,,,,,,,,,,,,,,,,,,,,,,,
18631,300,18177,18630,18174,1,0,0,0,0,0,0,0,0,0,0,0,0,0,0,1,1,1,1,1,1,1,1,1,1,1,1,1,1,1,1,1,1,1,1,1,1,1,1,0,0,0,0,0,0,0,0,0,0,,,,,,,,,,,,,,,,,,,,,,,,,,,,,,,,,,,,,,,,,,,,,,,,
18632,1200,,18181,18633,1,0,0,0,0,0,0,0,0,0,0,0,0,0,0,2,2,2,2,2,2,2,2,2,2,1,1,1,1,1,1,2,2,2,2,2,2,2,2,0,0,0,0,0,0,0,0,0,0,,,,,,,,,,,,,,,,,,,,,,,,,,,,,,,,,,,,,,,,,,,,,,,,
18633,500,18184,18632,18634,1,36,36,36,36,26,26,27,27,32,32,35,35,99,99,1130,1130,1253,1253,1218,1218,1203,1203,1099,1099,1048,1048,1034,1034,1066,1066,1110,1110,1105,1105,1175,1175,1113,1113,353,353,217,217,139,139,102,102,57,57,,,,,,,,,,,,,,,,,,,,,,,,,,,,,,,,,,,,,,,,,,,,,,,,
18634,1600,18635,18633,,0,0,0,0,0,0,0,0,0,0,0,0,0,0,0,1,1,2,2,2,2,2,2,1,1,1,1,1,1,1,1,1,1,1,1,2,2,1,1,0,0,0,0,0,0,0,0,0,0,,,,,,,,,,,,,,,,,,,,,,,,,,,,,,,,,,,,,,,,,,,,,,,,
18635,400,18634,18192,18636,1,0,0,0,0,0,0,0,0,0,0,0,0,0,0,1,1,1,1,1,1,1,1,1,1,1,1,1,1,1,1,1,1,1,1,1,1,1,1,0,0,0,0,0,0,0,0,0,0,,,,,,,,,,,,,,,,,,,,,,,,,,,,,,,,,,,,,,,,,,,,,,,,
18636,1600,18637,18635,,0,0,0,0,0,0,0,0,0,0,0,0,0,0,0,1,1,2,2,2,2,1,1,1,1,1,1,1,1,1,1,1,1,1,1,1,1,1,1,0,0,0,0,0,0,0,0,0,0,,,,,,,,,,,,,,,,,,,,,,,,,,,,,,,,,,,,,,,,,,,,,,,,
18637,500,7971,18198,18636;7944,2,36,36,36,36,26,26,27,27,32,32,35,35,99,99,1130,1130,1253,1253,1218,1218,1203,1203,1099,1099,1048,1048,1034,1034,1066,1066,1110,1110,1105,1105,1175,1175,1113,1113,353,353,217,217,139,139,102,102,57,57,,,,,,,,,,,,,,,,,,,,,,,,,,,,,,,,,,,,,,,,,,,,,,,,
18638,800,18639,,,0,0,0,0,0,0,0,0,0,0,0,0,0,0,0,1,1,1,1,1,1,1,1,1,1,1,1,1,1,1,1,1,1,1,1,1,1,1,1,0,0,0,0,0,0,0,0,0,0,,,,,,,,,,,,,,,,,,,,,,,,,,,,,,,,,,,,,,,,,,,,,,,,
18639,800,18196,18638,18186,1,0,0,0,0,0,0,0,0,0,0,0,0,0,0,1,1,1,1,1,1,1,1,1,1,1,1,1,1,1,1,1,1,1,1,1,1,1,1,0,0,0,0,0,0,0,0,0,0,,,,,,,,,,,,,,,,,,,,,,,,,,,,,,,,,,,,,,,,,,,,,,,,
18640,800,18641,18314,,0,0,0,0,0,0,0,0,0,0,0,0,0,0,0,1,1,1,1,1,1,1,1,1,1,1,1,1,1,1,1,1,1,1,1,1,1,1,1,0,0,0,0,0,0,0,0,0,0,,,,,,,,,,,,,,,,,,,,,,,,,,,,,,,,,,,,,,,,,,,,,,,,
18641,800,18640,18196,18658,1,0,0,0,0,0,0,0,0,0,0,0,0,0,0,1,1,1,1,1,1,1,1,1,1,1,1,1,1,1,1,1,1,1,1,1,1,1,1,0,0,0,0,0,0,0,0,0,0,,,,,,,,,,,,,,,,,,,,,,,,,,,,,,,,,,,,,,,,,,,,,,,,
18642,1600,18643,18310,,0,0,0,0,0,0,0,0,0,0,0,0,0,0,0,1,1,1,1,1,1,1,1,1,1,1,1,1,1,1,1,1,1,1,1,1,1,1,1,0,0,0,0,0,0,0,0,0,0,,,,,,,,,,,,,,,,,,,,,,,,,,,,,,,,,,,,,,,,,,,,,,,,
18643,800,18149,18642,18309,1,0,0,0,0,0,0,0,0,0,0,0,0,0,0,1,1,1,1,1,1,1,1,1,1,1,1,1,1,1,1,1,1,1,1,1,1,1,1,0,0,0,0,0,0,0,0,0,0,,,,,,,,,,,,,,,,,,,,,,,,,,,,,,,,,,,,,,,,,,,,,,,,
18644,800,18191,18645,,0,0,0,0,0,0,0,0,0,0,0,0,0,0,0,1,1,1,1,1,1,1,1,1,1,1,1,1,1,1,1,1,1,1,1,1,1,1,1,0,0,0,0,0,0,0,0,0,0,,,,,,,,,,,,,,,,,,,,,,,,,,,,,,,,,,,,,,,,,,,,,,,,
18645,400,18187,18644,18190,1,0,0,0,0,0,0,0,0,0,0,0,0,0,0,1,1,1,1,1,1,1,1,1,1,1,1,1,1,1,1,1,1,1,1,1,1,1,1,0,0,0,0,0,0,0,0,0,0,,,,,,,,,,,,,,,,,,,,,,,,,,,,,,,,,,,,,,,,,,,,,,,,
18646,1600,7953,18649,,0,0,0,0,0,0,0,0,0,0,0,0,0,0,0,2,2,2,2,2,2,2,2,2,2,1,1,1,1,1,1,2,2,2,2,2,2,2,2,0,0,0,0,0,0,0,0,0,0,,,,,,,,,,,,,,,,,,,,,,,,,,,,,,,,,,,,,,,,,,,,,,,,
18647,1200,18204,18202,18183;18648,2,0,0,0,0,0,0,0,0,0,0,0,0,0,0,1,1,1,1,1,1,1,1,1,1,1,1,1,1,1,1,1,1,1,1,1,1,1,1,0,0,0,0,0,0,0,0,0,0,,,,,,,,,,,,,,,,,,,,,,,,,,,,,,,,,,,,,,,,,,,,,,,,
18648,1600,18647,18649,,0,0,0,0,0,0,0,0,0,0,0,0,0,0,0,1,1,1,1,1,1,1,1,1,1,1,1,1,1,1,1,1,1,1,1,1,1,1,1,0,0,0,0,0,0,0,0,0,0,,,,,,,,,,,,,,,,,,,,,,,,,,,,,,,,,,,,,,,,,,,,,,,,
18649,400,18187,18648,18646,1,0,0,0,0,0,0,0,0,0,0,0,0,0,0,1,1,1,1,1,1,1,1,1,1,1,1,1,1,1,1,1,1,1,1,1,1,1,1,0,0,0,0,0,0,0,0,0,0,,,,,,,,,,,,,,,,,,,,,,,,,,,,,,,,,,,,,,,,,,,,,,,,
18650,2000,18258,18651,,0,36,36,36,36,26,26,27,27,32,32,35,35,99,99,1130,1130,1253,1253,1218,1218,1203,1203,1099,1099,1048,1048,1034,1034,1066,1066,1110,1110,1105,1105,1175,1175,1113,1113,353,353,217,217,139,139,102,102,57,57,,,,,,,,,,,,,,,,,,,,,,,,,,,,,,,,,,,,,,,,,,,,,,,,
18651,800,18654,18652,18650,1,0,0,0,0,0,0,0,0,0,0,0,0,0,0,2,2,2,2,2,2,2,2,1,1,1,1,1,1,1,1,1,1,1,1,2,2,1,1,0,0,0,0,0,0,0,0,0,0,,,,,,,,,,,,,,,,,,,,,,,,,,,,,,,,,,,,,,,,,,,,,,,,
18652,800,18651,18653,,0,0,0,0,0,0,0,0,0,0,0,0,0,0,0,1,1,2,2,2,2,2,2,1,1,1,1,1,1,1,1,1,1,1,1,1,1,1,1,0,0,0,0,0,0,0,0,0,0,,,,,,,,,,,,,,,,,,,,,,,,,,,,,,,,,,,,,,,,,,,,,,,,
18653,1600,18202,18652,,0,0,0,0,0,0,0,0,0,0,0,0,0,0,0,1,1,1,1,1,1,1,1,1,1,1,1,1,1,1,1,1,1,1,1,1,1,1,1,0,0,0,0,0,0,0,0,0,0,,,,,,,,,,,,,,,,,,,,,,,,,,,,,,,,,,,,,,,,,,,,,,,,
18654,400,18655,18651,,0,0,0,0,0,0,0,0,0,0,0,0,0,0,0,1,1,2,2,1,1,1,1,1,1,1,1,1,1,1,1,1,1,1,1,1,1,1,1,0,0,0,0,0,0,0,0,0,0,,,,,,,,,,,,,,,,,,,,,,,,,,,,,,,,,,,,,,,,,,,,,,,,
18655,400,18313,18654,18173,1,0,0,0,0,0,0,0,0,0,0,0,0,0,0,1,1,1,1,1,1,1,1,1,1,1,1,1,1,1,1,1,1,1,1,1,1,1,1,0,0,0,0,0,0,0,0,0,0,,,,,,,,,,,,,,,,,,,,,,,,,,,,,,,,,,,,,,,,,,,,,,,,
18656,300,18657,18314,,0,0,0,0,0,0,0,0,0,0,0,0,0,0,0,1,1,1,1,1,1,1,1,1,1,1,1,1,1,1,1,1,1,1,1,1,1,1,1,0,0,0,0,0,0,0,0,0,0,,,,,,,,,,,,,,,,,,,,,,,,,,,,,,,,,,,,,,,,,,,,,,,,
18657,300,18313,18656,18122,1,0,0,0,0,0,0,0,0,0,0,0,0,0,0,1,1,1,1,1,1,1,1,1,1,1,1,1,1,1,1,1,1,1,1,1,1,1,1,0,0,0,0,0,0,0,0,0,0,,,,,,,,,,,,,,,,,,,,,,,,,,,,,,,,,,,,,,,,,,,,,,,,
18658,1200,18659,18641,,0,0,0,0,0,0,0,0,0,0,0,0,0,0,0,0,0,0,0,0,0,0,0,0,0,0,0,0,0,0,0,0,0,0,0,0,0,0,0,0,0,0,0,0,0,0,0,0,0,,,,,,,,,,,,,,,,,,,,,,,,,,,,,,,,,,,,,,,,,,,,,,,,
18659,300,18658,18183,18173,1,0,0,0,0,0,0,0,0,0,0,0,0,0,0,0,0,0,0,0,0,0,0,0,0,0,0,0,0,0,0,0,0,0,0,0,0,0,0,0,0,0,0,0,0,0,0,0,0,,,,,,,,,,,,,,,,,,,,,,,,,,,,,,,,,,,,,,,,,,,,,,,,
18660,800,18661,18197,,0,0,0,0,0,0,0,0,0,0,0,0,0,0,0,1,1,1,1,1,1,1,1,1,1,1,1,1,1,1,1,1,1,1,1,1,1,1,1,0,0,0,0,0,0,0,0,0,0,,,,,,,,,,,,,,,,,,,,,,,,,,,,,,,,,,,,,,,,,,,,,,,,
18661,800,18179,18662,18660,1,0,0,0,0,0,0,0,0,0,0,0,0,0,0,1,1,1,1,1,1,1,1,1,1,1,1,1,1,1,1,1,1,1,1,1,1,1,1,0,0,0,0,0,0,0,0,0,0,,,,,,,,,,,,,,,,,,,,,,,,,,,,,,,,,,,,,,,,,,,,,,,,
18662,600,18661,18663,,0,0,0,0,0,0,0,0,0,0,0,0,0,0,0,1,1,1,1,1,1,1,1,1,1,1,1,1,1,1,1,1,1,1,1,1,1,1,1,0,0,0,0,0,0,0,0,0,0,,,,,,,,,,,,,,,,,,,,,,,,,,,,,,,,,,,,,,,,,,,,,,,,
18663,300,18180,18662,18193,1,0,0,0,0,0,0,0,0,0,0,0,0,0,0,1,1,1,1,1,1,1,1,1,1,1,1,1,1,1,1,1,1,1,1,1,1,1,1,0,0,0,0,0,0,0,0,0,0,,,,,,,,,,,,,,,,,,,,,,,,,,,,,,,,,,,,,,,,,,,,,,,,
18664,600,18693,18665,,0,0,0,0,0,0,0,0,0,0,0,0,0,0,0,1,1,1,1,1,1,1,1,1,1,1,1,1,1,1,1,1,1,1,1,1,1,1,1,0,0,0,0,0,0,0,0,0,0,,,,,,,,,,,,,,,,,,,,,,,,,,,,,,,,,,,,,,,,,,,,,,,,
18665,300,18179,18666,18664,1,0,0,0,0,0,0,0,0,0,0,0,0,0,0,1,1,1,1,1,1,1,1,1,1,1,1,1,1,1,1,1,1,1,1,1,1,1,1,0,0,0,0,0,0,0,0,0,0,,,,,,,,,,,,,,,,,,,,,,,,,,,,,,,,,,,,,,,,,,,,,,,,
18666,800,18665,18667,,0,0,0,0,0,0,0,0,0,0,0,0,0,0,0,1,1,1,1,1,1,1,1,1,1,1,1,1,1,1,1,1,1,1,1,1,1,1,1,0,0,0,0,0,0,0,0,0,0,,,,,,,,,,,,,,,,,,,,,,,,,,,,,,,,,,,,,,,,,,,,,,,,
18667,300,18666,18185,7991,1,0,0,0,0,0,0,0,0,0,0,0,0,0,0,1,1,2,2,2,2,1,1,1,1,1,1,1,1,1,1,1,1,1,1,1,1,1,1,0,0,0,0,0,0,0,0,0,0,,,,,,,,,,,,,,,,,,,,,,,,,,,,,,,,,,,,,,,,,,,,,,,,
18668,800,18669,,,0,0,0,0,0,0,0,0,0,0,0,0,0,0,0,2,2,2,2,2,2,2,2,2,2,2,2,2,2,2,2,2,2,2,2,2,2,2,2,1,1,1,1,0,0,0,0,0,0,,,,,,,,,,,,,,,,,,,,,,,,,,,,,,,,,,,,,,,,,,,,,,,,
18669,800,18668,7999,18199,1,0,0,0,0,0,0,0,0,0,0,0,0,0,0,2,2,2,2,2,2,2,2,2,2,2,2,2,2,2,2,2,2,2,2,2,2,2,2,1,1,1,1,0,0,0,0,0,0,,,,,,,,,,,,,,,,,,,,,,,,,,,,,,,,,,,,,,,,,,,,,,,,
18670,2500,18674,18334,,0,54,54,54,54,38,38,41,41,48,48,53,53,149,149,1126,1126,1279,1279,1185,1185,1176,1176,1064,1064,1030,1030,978,978,1073,1073,1075,1075,1072,1072,1157,1157,1124,1124,530,530,326,326,208,208,152,152,86,86,,,,,,,,,,,,,,,,,,,,,,,,,,,,,,,,,,,,,,,,,,,,,,,,
18671,800,18672,18694,18182,1,0,0,0,0,0,0,0,0,0,0,0,0,0,0,1,1,2,2,1,1,1,1,1,1,1,1,1,1,1,1,1,1,1,1,1,1,1,1,1,1,0,0,0,0,0,0,0,0,,,,,,,,,,,,,,,,,,,,,,,,,,,,,,,,,,,,,,,,,,,,,,,,
18672,1600,18673,18671,,0,0,0,0,0,0,0,0,0,0,0,0,0,0,0,1,1,1,1,1,1,1,1,1,1,1,1,1,1,1,1,1,1,1,1,1,1,1,1,0,0,0,0,0,0,0,0,0,0,,,,,,,,,,,,,,,,,,,,,,,,,,,,,,,,,,,,,,,,,,,,,,,,
18673,800,18672,18675,18676,1,0,0,0,0,0,0,0,0,0,0,0,0,0,0,1,1,1,1,1,1,1,1,1,1,1,1,1,1,1,1,1,1,1,1,1,1,1,1,0,0,0,0,0,0,0,0,0,0,,,,,,,,,,,,,,,,,,,,,,,,,,,,,,,,,,,,,,,,,,,,,,,,
18674,1600,18670,18678,18675,1,0,0,0,0,0,0,0,0,0,0,0,0,0,0,2,2,2,2,2,2,2,2,2,2,2,2,1,1,2,2,2,2,2,2,2,2,2,2,1,1,0,0,0,0,0,0,0,0,,,,,,,,,,,,,,,,,,,,,,,,,,,,,,,,,,,,,,,,,,,,,,,,
18675,800,18673,18674,,0,0,0,0,0,0,0,0,0,0,0,0,0,0,0,1,1,1,1,1,1,1,1,1,1,1,1,1,1,1,1,1,1,1,1,1,1,1,1,1,1,0,0,0,0,0,0,0,0,,,,,,,,,,,,,,,,,,,,,,,,,,,,,,,,,,,,,,,,,,,,,,,,
18676,1600,18673,18677,,0,0,0,0,0,0,0,0,0,0,0,0,0,0,0,1,1,1,1,1,1,1,1,1,1,1,1,1,1,1,1,1,1,1,1,1,1,1,1,0,0,0,0,0,0,0,0,0,0,,,,,,,,,,,,,,,,,,,,,,,,,,,,,,,,,,,,,,,,,,,,,,,,
18677,1200,18676,18178,18175,1,0,0,0,0,0,0,0,0,0,0,0,0,0,0,1,1,1,1,1,1,1,1,1,1,1,1,1,1,1,1,1,1,1,1,1,1,1,1,0,0,0,0,0,0,0,0,0,0,,,,,,,,,,,,,,,,,,,,,,,,,,,,,,,,,,,,,,,,,,,,,,,,
18678,800,18674,18679,,0,0,0,0,0,0,0,0,0,0,0,0,0,0,0,2,2,2,2,2,2,2,2,2,2,2,2,2,2,2,2,2,2,2,2,2,2,2,2,1,1,0,0,0,0,0,0,0,0,,,,,,,,,,,,,,,,,,,,,,,,,,,,,,,,,,,,,,,,,,,,,,,,
18679,800,18678,18167,18136,1,0,0,0,0,0,0,0,0,0,0,0,0,0,0,2,2,2,2,2,2,2,2,2,2,2,2,1,1,2,2,2,2,2,2,2,2,2,2,1,1,0,0,0,0,0,0,0,0,,,,,,,,,,,,,,,,,,,,,,,,,,,,,,,,,,,,,,,,,,,,,,,,
18680,600,18681,18338,,0,0,0,0,0,0,0,0,0,0,0,0,0,0,0,2,2,2,2,2,2,2,2,2,2,2,2,2,2,2,2,2,2,2,2,2,2,2,2,1,1,1,1,0,0,0,0,0,0,,,,,,,,,,,,,,,,,,,,,,,,,,,,,,,,,,,,,,,,,,,,,,,,
18681,300,18682,18686,18680,1,0,0,0,0,0,0,0,0,0,0,0,0,0,0,2,2,3,3,2,2,2,2,2,2,2,2,2,2,2,2,2,2,2,2,2,2,2,2,1,1,1,1,0,0,0,0,0,0,,,,,,,,,,,,,,,,,,,,,,,,,,,,,,,,,,,,,,,,,,,,,,,,
18682,300,18681,18683,,0,0,0,0,0,0,0,0,0,0,0,0,0,0,0,2,2,2,2,2,2,2,2,2,2,2,2,2,2,2,2,2,2,2,2,2,2,2,2,1,1,0,0,0,0,0,0,0,0,,,,,,,,,,,,,,,,,,,,,,,,,,,,,,,,,,,,,,,,,,,,,,,,
18683,300,,18162,18684;18682,2,0,0,0,0,0,0,0,0,0,0,0,0,0,0,2,2,2,2,2,2,2,2,2,2,1,1,1,1,2,2,2,2,2,2,2,2,2,2,1,1,0,0,0,0,0,0,0,0,,,,,,,,,,,,,,,,,,,,,,,,,,,,,,,,,,,,,,,,,,,,,,,,
18684,300,18683,18685,,0,0,0,0,0,0,0,0,0,0,0,0,0,0,0,1,1,2,2,2,2,2,2,1,1,1,1,1,1,1,1,1,1,1,1,2,2,1,1,1,1,0,0,0,0,0,0,0,0,,,,,,,,,,,,,,,,,,,,,,,,,,,,,,,,,,,,,,,,,,,,,,,,
18685,400,,18139,18146;18684,2,0,0,0,0,0,0,0,0,0,0,0,0,0,0,1,1,2,2,1,1,1,1,1,1,1,1,1,1,1,1,1,1,1,1,1,1,1,1,1,1,0,0,0,0,0,0,0,0,,,,,,,,,,,,,,,,,,,,,,,,,,,,,,,,,,,,,,,,,,,,,,,,
18686,300,18687,18681,,0,0,0,0,0,0,0,0,0,0,0,0,0,0,0,2,2,3,3,3,3,3,3,2,2,2,2,2,2,2,2,2,2,2,2,2,2,2,2,1,1,1,1,0,0,0,0,0,0,,,,,,,,,,,,,,,,,,,,,,,,,,,,,,,,,,,,,,,,,,,,,,,,
18687,500,18686,18153,18168,1,54,54,54,54,38,38,41,41,48,48,53,53,149,149,1126,1126,1279,1279,1185,1185,1176,1176,1064,1064,1030,1030,978,978,1073,1073,1075,1075,1072,1072,1157,1157,1124,1124,530,530,326,326,208,208,152,152,86,86,,,,,,,,,,,,,,,,,,,,,,,,,,,,,,,,,,,,,,,,,,,,,,,,
18688,300,18689,18144,,0,0,0,0,0,0,0,0,0,0,0,0,0,0,0,2,2,2,2,2,2,2,2,2,2,1,1,1,1,1,1,2,2,2,2,2,2,2,2,0,0,0,0,0,0,0,0,0,0,,,,,,,,,,,,,,,,,,,,,,,,,,,,,,,,,,,,,,,,,,,,,,,,
18689,300,,18142,18688;18690,2,0,0,0,0,0,0,0,0,0,0,0,0,0,0,2,2,2,2,2,2,2,2,1,1,1,1,1,1,1,1,1,1,1,1,2,2,1,1,0,0,0,0,0,0,0,0,0,0,,,,,,,,,,,,,,,,,,,,,,,,,,,,,,,,,,,,,,,,,,,,,,,,
18690,300,18689,18692,,0,0,0,0,0,0,0,0,0,0,0,0,0,0,0,1,1,1,1,1,1,1,1,1,1,1,1,1,1,1,1,1,1,1,1,1,1,1,1,0,0,0,0,0,0,0,0,0,0,,,,,,,,,,,,,,,,,,,,,,,,,,,,,,,,,,,,,,,,,,,,,,,,
18691,300,,18693,18692,1,0,0,0,0,0,0,0,0,0,0,0,0,0,0,1,1,1,1,1,1,1,1,1,1,1,1,1,1,1,1,1,1,1,1,1,1,1,1,0,0,0,0,0,0,0,0,0,0,,,,,,,,,,,,,,,,,,,,,,,,,,,,,,,,,,,,,,,,,,,,,,,,
18692,300,18691,18690,18141,1,0,0,0,0,0,0,0,0,0,0,0,0,0,0,1,1,1,1,1,1,1,1,1,1,1,1,1,1,1,1,1,1,1,1,1,1,1,1,0,0,0,0,0,0,0,0,0,0,,,,,,,,,,,,,,,,,,,,,,,,,,,,,,,,,,,,,,,,,,,,,,,,
18693,400,18169,18691,18664,1,0,0,0,0,0,0,0,0,0,0,0,0,0,0,1,1,1,1,1,1,1,1,1,1,1,1,1,1,1,1,1,1,1,1,1,1,1,1,0,0,0,0,0,0,0,0,0,0,,,,,,,,,,,,,,,,,,,,,,,,,,,,,,,,,,,,,,,,,,,,,,,,
18694,1200,18695,18671,,0,0,0,0,0,0,0,0,0,0,0,0,0,0,0,1,1,1,1,1,1,1,1,1,1,1,1,1,1,1,1,1,1,1,1,1,1,1,1,0,0,0,0,0,0,0,0,0,0,,,,,,,,,,,,,,,,,,,,,,,,,,,,,,,,,,,,,,,,,,,,,,,,
18695,1200,18694,18696,18188,1,0,0,0,0,0,0,0,0,0,0,0,0,0,0,1,1,1,1,1,1,1,1,1,1,1,1,1,1,1,1,1,1,1,1,1,1,1,1,0,0,0,0,0,0,0,0,0,0,,,,,,,,,,,,,,,,,,,,,,,,,,,,,,,,,,,,,,,,,,,,,,,,
18696,1200,18695,18697,,0,0,0,0,0,0,0,0,0,0,0,0,0,0,0,2,2,2,2,2,2,2,2,2,2,2,2,2,2,2,2,2,2,2,2,2,2,2,2,1,1,0,0,0,0,0,0,0,0,,,,,,,,,,,,,,,,,,,,,,,,,,,,,,,,,,,,,,,,,,,,,,,,
18697,800,18194,8662,18696;7943,2,0,0,0,0,0,0,0,0,0,0,0,0,0,0,2,2,3,3,3,3,3,3,2,2,2,2,2,2,2,2,2,2,2,2,3,3,2,2,1,1,1,1,0,0,0,0,0,0,,,,,,,,,,,,,,,,,,,,,,,,,,,,,,,,,,,,,,,,,,,,,,,,
18698,1200,18699,18170,18164,1,0,0,0,0,0,0,0,0,0,0,0,0,0,0,1,1,1,1,1,1,1,1,1,1,1,1,1,1,1,1,1,1,1,1,1,1,1,1,0,0,0,0,0,0,0,0,0,0,,,,,,,,,,,,,,,,,,,,,,,,,,,,,,,,,,,,,,,,,,,,,,,,
18699,800,18163,18698,18135,1,0,0,0,0,0,0,0,0,0,0,0,0,0,0,2,2,2,2,2,2,2,2,2,2,2,2,1,1,2,2,2,2,2,2,2,2,2,2,1,1,0,0,0,0,0,0,0,0,,,,,,,,,,,,,,,,,,,,,,,,,,,,,,,,,,,,,,,,,,,,,,,,
187,2500,397,188,,0,54,54,56,56,39,39,42,42,50,50,54,54,149,149,956,956,1147,1147,1075,1075,1033,1033,954,954,866,866,918,918,901,901,917,917,943,943,993,993,901,901,419,419,269,269,182,182,132,132,67,67,,,,,,,,,,,,,,,,,,,,,,,,,,,,,,,,,,,,,,,,,,,,,,,,
18700,3000,18208,tran_be775aa1-9aa9-461b-9361-05b9669764a9,,0,36,36,36,36,26,26,27,27,32,32,35,35,99,99,1130,1130,1253,1253,1218,1218,1203,1203,1099,1099,1048,1048,1034,1034,1066,1066,1110,1110,1105,1105,1175,1175,1113,1113,353,353,217,217,139,139,102,102,57,57,,,,,,,,,,,,,,,,,,,,,,,,,,,,,,,,,,,,,,,,,,,,,,,,
18701,800,18226,18702,,0,0,0,0,0,0,0,0,0,0,0,0,0,0,0,1,1,1,1,1,1,1,1,1,1,1,1,1,1,1,1,1,1,1,1,1,1,1,1,0,0,0,0,0,0,0,0,0,0,,,,,,,,,,,,,,,,,,,,,,,,,,,,,,,,,,,,,,,,,,,,,,,,
18702,800,18008,18701,tran_9ef0bac0-1b4d-4f06-a010-5aacd5e048c1,1,0,0,0,0,0,0,0,0,0,0,0,0,0,0,1,1,1,1,1,1,1,1,1,1,1,1,1,1,1,1,1,1,1,1,1,1,1,1,0,0,0,0,0,0,0,0,0,0,,,,,,,,,,,,,,,,,,,,,,,,,,,,,,,,,,,,,,,,,,,,,,,,
18703,600,,17983,18704,1,0,0,0,0,0,0,0,0,0,0,0,0,0,0,1,1,2,2,1,1,1,1,1,1,1,1,1,1,1,1,1,1,1,1,1,1,1,1,0,0,0,0,0,0,0,0,0,0,,,,,,,,,,,,,,,,,,,,,,,,,,,,,,,,,,,,,,,,,,,,,,,,
18704,1200,tran_b4108102-d541-4c93-bf2b-f372e1e0bfec,18008,18703,1,0,0,0,0,0,0,0,0,0,0,0,0,0,0,1,1,1,1,1,1,1,1,1,1,1,1,1,1,1,1,1,1,1,1,1,1,1,1,0,0,0,0,0,0,0,0,0,0,,,,,,,,,,,,,,,,,,,,,,,,,,,,,,,,,,,,,,,,,,,,,,,,
188,2000,187,202,184;194,2,54,54,56,56,39,39,42,42,50,50,54,54,149,149,956,956,1147,1147,1075,1075,1033,1033,954,954,866,866,918,918,901,901,917,917,943,943,993,993,901,901,419,419,269,269,182,182,132,132,67,67,,,,,,,,,,,,,,,,,,,,,,,,,,,,,,,,,,,,,,,,,,,,,,,,
189,2500,193,183,186;426,2,38,38,40,40,28,28,30,30,35,35,38,38,106,106,1010,1010,1173,1173,1121,1121,1069,1069,1008,1008,921,921,970,970,952,952,997,997,1020,1020,1069,1069,975,975,299,299,192,192,130,130,94,94,48,48,,,,,,,,,,,,,,,,,,,,,,,,,,,,,,,,,,,,,,,,,,,,,,,,
19,2000,15,30,,0,27,27,28,28,20,20,21,21,25,25,27,27,74,74,1049,1049,1182,1182,1170,1170,1126,1126,1056,1056,970,970,1022,1022,982,982,1052,1052,1066,1066,1112,1112,1010,1010,210,210,134,134,91,91,66,66,34,34,,,,,,,,,,,,,,,,,,,,,,,,,,,,,,,,,,,,,,,,,,,,,,,,
190,4400,181,203,,0,38,38,40,40,28,28,30,30,35,35,38,38,106,106,1010,1010,1173,1173,1121,1121,1069,1069,1008,1008,921,921,970,970,952,952,997,997,1020,1020,1069,1069,975,975,299,299,192,192,130,130,94,94,48,48,,,,,,,,,,,,,,,,,,,,,,,,,,,,,,,,,,,,,,,,,,,,,,,,
191,3500,197,157,,0,67,67,70,70,49,49,53,53,62,62,67,67,186,186,910,910,1134,1134,1023,1023,977,977,900,900,812,812,861,861,864,864,851,851,886,886,939,939,854,854,524,524,336,336,227,227,165,165,84,84,,,,,,,,,,,,,,,,,,,,,,,,,,,,,,,,,,,,,,,,,,,,,,,,
192,1600,441,430,,0,0,0,0,0,0,0,0,0,0,0,0,0,1,1,6,6,7,7,7,7,6,6,6,6,5,5,6,6,6,6,6,6,6,6,6,6,6,6,2,2,1,1,1,1,1,1,0,0,,,,,,,,,,,,,,,,,,,,,,,,,,,,,,,,,,,,,,,,,,,,,,,,
193,2000,189,197,,0,38,38,40,40,28,28,30,30,35,35,38,38,106,106,1010,1010,1173,1173,1121,1121,1069,1069,1008,1008,921,921,970,970,952,952,997,997,1020,1020,1069,1069,975,975,299,299,192,192,130,130,94,94,48,48,,,,,,,,,,,,,,,,,,,,,,,,,,,,,,,,,,,,,,,,,,,,,,,,
194,1600,200,188,,0,0,0,0,0,0,0,0,0,0,0,0,0,1,1,7,7,8,8,8,8,8,8,7,7,7,7,7,7,7,7,7,7,7,7,7,7,7,7,3,3,2,2,1,1,1,1,1,1,,,,,,,,,,,,,,,,,,,,,,,,,,,,,,,,,,,,,,,,,,,,,,,,
195,2500,500,443,,0,67,67,70,70,49,49,53,53,62,62,67,67,186,186,910,910,1134,1134,1023,1023,977,977,900,900,812,812,861,861,864,864,851,851,886,886,939,939,854,854,524,524,336,336,227,227,165,165,84,84,,,,,,,,,,,,,,,,,,,,,,,,,,,,,,,,,,,,,,,,,,,,,,,,
196,2000,399,200,,0,54,54,56,56,39,39,42,42,50,50,54,54,149,149,956,956,1147,1147,1075,1075,1033,1033,954,954,866,866,918,918,901,901,917,917,943,943,993,993,901,901,419,419,269,269,182,182,132,132,67,67,,,,,,,,,,,,,,,,,,,,,,,,,,,,,,,,,,,,,,,,,,,,,,,,
197,2000,193,209,191;222,2,54,54,56,56,39,39,42,42,50,50,54,54,149,149,956,956,1147,1147,1075,1075,1033,1033,954,954,866,866,918,918,901,901,917,917,943,943,993,993,901,901,419,419,269,269,182,182,132,132,67,67,,,,,,,,,,,,,,,,,,,,,,,,,,,,,,,,,,,,,,,,,,,,,,,,
198,1200,433,427,,0,0,0,0,0,0,0,0,0,0,0,0,0,1,1,5,5,6,6,6,6,5,5,5,5,5,5,5,5,5,5,5,5,5,5,5,5,5,5,2,2,1,1,1,1,1,1,0,0,,,,,,,,,,,,,,,,,,,,,,,,,,,,,,,,,,,,,,,,,,,,,,,,
199,2500,185,204,,0,54,54,56,56,39,39,42,42,50,50,54,54,149,149,956,956,1147,1147,1075,1075,1033,1033,954,954,866,866,918,918,901,901,917,917,943,943,993,993,901,901,419,419,269,269,182,182,132,132,67,67,,,,,,,,,,,,,,,,,,,,,,,,,,,,,,,,,,,,,,,,,,,,,,,,
2,2500,2356,7,,0,17,17,18,18,12,12,13,13,16,16,17,17,46,46,1086,1086,1203,1203,1194,1194,1138,1138,1089,1089,1003,1003,1052,1052,1018,1018,1107,1107,1120,1120,1167,1167,1066,1066,131,131,84,84,57,57,41,41,21,21,,,,,,,,,,,,,,,,,,,,,,,,,,,,,,,,,,,,,,,,,,,,,,,,
20,1600,2369,50,18;25,2,0,0,0,0,0,0,0,0,0,0,0,0,1,1,5,5,7,7,6,6,6,6,5,5,5,5,5,5,5,5,5,5,5,5,6,6,5,5,2,2,1,1,1,1,1,1,0,0,,,,,,,,,,,,,,,,,,,,,,,,,,,,,,,,,,,,,,,,,,,,,,,,
200,2000,212,196,194;214,2,54,54,56,56,39,39,42,42,50,50,54,54,149,149,956,956,1147,1147,1075,1075,1033,1033,954,954,866,866,918,918,901,901,917,917,943,943,993,993,901,901,419,419,269,269,182,182,132,132,67,67,,,,,,,,,,,,,,,,,,,,,,,,,,,,,,,,,,,,,,,,,,,,,,,,
201,3000,455,5137,,0,38,38,40,40,28,28,30,30,35,35,38,38,106,106,1010,1010,1173,1173,1121,1121,1069,1069,1008,1008,921,921,970,970,952,952,997,997,1020,1020,1069,1069,975,975,299,299,192,192,130,130,94,94,48,48,,,,,,,,,,,,,,,,,,,,,,,,,,,,,,,,,,,,,,,,,,,,,,,,
202,2000,188,204,,0,54,54,56,56,39,39,42,42,50,50,54,54,149,149,956,956,1147,1147,1075,1075,1033,1033,954,954,866,866,918,918,901,901,917,917,943,943,993,993,901,901,419,419,269,269,182,182,132,132,67,67,,,,,,,,,,,,,,,,,,,,,,,,,,,,,,,,,,,,,,,,,,,,,,,,
203,4000,205,190,,0,38,38,40,40,28,28,30,30,35,35,38,38,106,106,1010,1010,1173,1173,1121,1121,1069,1069,1008,1008,921,921,970,970,952,952,997,997,1020,1020,1069,1069,975,975,299,299,192,192,130,130,94,94,48,48,,,,,,,,,,,,,,,,,,,,,,,,,,,,,,,,,,,,,,,,,,,,,,,,
204,2500,215,202,199;211,2,54,54,56,56,39,39,42,42,50,50,54,54,149,149,956,956,1147,1147,1075,1075,1033,1033,954,954,866,866,918,918,901,901,917,917,943,943,993,993,901,901,419,419,269,269,182,182,132,132,67,67,,,,,,,,,,,,,,,,,,,,,,,,,,,,,,,,,,,,,,,,,,,,,,,,
2046,600,2116,13266,13268;2048,2,0,0,0,0,0,0,0,0,0,0,0,0,0,0,3,3,4,4,3,3,3,3,3,3,3,3,3,3,3,3,3,3,3,3,3,3,3,3,1,1,1,1,0,0,0,0,0,0,,,,,,,,,,,,,,,,,,,,,,,,,,,,,,,,,,,,,,,,,,,,,,,,
2047,800,,2598,,0,0,0,0,0,0,0,0,0,0,0,0,0,0,0,1,1,1,1,1,1,1,1,1,1,1,1,1,1,1,1,1,1,1,1,1,1,1,1,0,0,0,0,0,0,0,0,0,0,,,,,,,,,,,,,,,,,,,,,,,,,,,,,,,,,,,,,,,,,,,,,,,,
2048,300,2049,2046,,0,0,0,0,0,0,0,0,0,0,0,0,0,0,0,4,4,4,4,4,4,4,4,4,4,3,3,3,3,4,4,4,4,4,4,4,4,4,4,1,1,1,1,1,1,0,0,0,0,,,,,,,,,,,,,,,,,,,,,,,,,,,,,,,,,,,,,,,,,,,,,,,,
2049,2000,2050,2109,13549;2048,2,34,34,35,35,24,24,26,26,31,31,34,34,93,93,1033,1033,1204,1204,1104,1104,1020,1020,1010,1010,922,922,958,958,984,984,1034,1034,1068,1068,1124,1124,1040,1040,262,262,168,168,114,114,82,82,42,42,,,,,,,,,,,,,,,,,,,,,,,,,,,,,,,,,,,,,,,,,,,,,,,,
205,4000,446,440,203;210,2,38,38,40,40,28,28,30,30,35,35,38,38,106,106,1010,1010,1173,1173,1121,1121,1069,1069,1008,1008,921,921,970,970,952,952,997,997,1020,1020,1069,1069,975,975,299,299,192,192,130,130,94,94,48,48,,,,,,,,,,,,,,,,,,,,,,,,,,,,,,,,,,,,,,,,,,,,,,,,
2050,2500,2608,2049,,0,34,34,35,35,24,24,26,26,31,31,34,34,93,93,1033,1033,1204,1204,1104,1104,1020,1020,1010,1010,922,922,958,958,984,984,1034,1034,1068,1068,1124,1124,1040,1040,262,262,168,168,114,114,82,82,42,42,,,,,,,,,,,,,,,,,,,,,,,,,,,,,,,,,,,,,,,,,,,,,,,,
2051,800,2579,,,0,0,0,0,0,0,0,0,0,0,0,0,0,0,0,0,0,0,0,0,0,0,0,0,0,0,0,0,0,0,0,0,0,0,0,0,0,0,0,0,0,0,0,0,0,0,0,0,0,,,,,,,,,,,,,,,,,,,,,,,,,,,,,,,,,,,,,,,,,,,,,,,,
2052,300,2598,2053,,0,0,0,0,0,0,0,0,0,0,0,0,0,0,0,1,1,1,1,1,1,1,1,1,1,1,1,1,1,1,1,1,1,1,1,1,1,1,1,0,0,0,0,0,0,0,0,0,0,,,,,,,,,,,,,,,,,,,,,,,,,,,,,,,,,,,,,,,,,,,,,,,,
2053,300,2093,2052,2054;2059,2,0,0,0,0,0,0,0,0,0,0,0,0,0,0,1,1,1,1,1,1,1,1,1,1,1,1,1,1,1,1,1,1,1,1,1,1,1,1,0,0,0,0,0,0,0,0,0,0,,,,,,,,,,,,,,,,,,,,,,,,,,,,,,,,,,,,,,,,,,,,,,,,
2054,800,2053,2606,,0,0,0,0,0,0,0,0,0,0,0,0,0,0,0,1,1,2,2,2,2,1,1,1,1,1,1,1,1,1,1,1,1,1,1,2,2,1,1,1,1,0,0,0,0,0,0,0,0,,,,,,,,,,,,,,,,,,,,,,,,,,,,,,,,,,,,,,,,,,,,,,,,
2055,2000,2600,13546,,0,42,42,39,39,28,28,29,29,34,34,39,39,112,112,1343,1343,1424,1424,1347,1347,1375,1375,1229,1229,1247,1247,1096,1096,1282,1282,1299,1299,1257,1257,1375,1375,1394,1394,536,536,316,316,190,190,140,140,87,87,,,,,,,,,,,,,,,,,,,,,,,,,,,,,,,,,,,,,,,,,,,,,,,,
2056,4400,2581,13514,,0,49,49,50,50,35,35,38,38,44,44,48,48,134,134,1042,1042,1205,1205,1140,1140,1113,1113,1019,1019,953,953,965,965,985,985,1006,1006,1018,1018,1081,1081,1009,1009,422,422,265,265,174,174,127,127,68,68,,,,,,,,,,,,,,,,,,,,,,,,,,,,,,,,,,,,,,,,,,,,,,,,
2057,3000,2060,13523,,0,0,0,0,0,0,0,0,0,0,0,0,0,0,0,1138,1138,1201,1201,1284,1284,1257,1257,1168,1168,1084,1084,1145,1145,1051,1051,1179,1179,1173,1173,1211,1211,1091,1091,0,0,0,0,0,0,0,0,0,0,,,,,,,,,,,,,,,,,,,,,,,,,,,,,,,,,,,,,,,,,,,,,,,,
2058,1200,2589,2587,,0,0,0,0,0,0,0,0,0,0,0,0,0,0,0,1,1,1,1,1,1,1,1,1,1,1,1,1,1,1,1,1,1,1,1,1,1,1,1,0,0,0,0,0,0,0,0,0,0,,,,,,,,,,,,,,,,,,,,,,,,,,,,,,,,,,,,,,,,,,,,,,,,
2059,400,2600,2053,,0,0,0,0,0,0,0,0,0,0,0,0,0,0,0,1,1,1,1,1,1,1,1,1,1,1,1,1,1,1,1,1,1,1,1,1,1,1,1,0,0,0,0,0,0,0,0,0,0,,,,,,,,,,,,,,,,,,,,,,,,,,,,,,,,,,,,,,,,,,,,,,,,
206,1200,,403,,0,0,0,0,0,0,0,0,0,0,0,0,0,0,0,3,3,3,3,3,3,3,3,3,3,2,2,2,2,3,3,3,3,3,3,3,3,3,3,1,1,1,1,1,1,0,0,0,0,,,,,,,,,,,,,,,,,,,,,,,,,,,,,,,,,,,,,,,,,,,,,,,,
2060,800,2066,2057,2578;2399,2,53,53,55,55,38,38,42,42,48,48,53,53,146,146,715,715,891,891,804,804,768,768,707,707,638,638,676,676,679,679,669,669,696,696,738,738,671,671,411,411,264,264,178,178,130,130,66,66,,,,,,,,,,,,,,,,,,,,,,,,,,,,,,,,,,,,,,,,,,,,,,,,
2061,800,2593,,,0,0,0,0,0,0,0,0,0,0,0,0,0,0,0,4,4,5,5,5,5,4,4,4,4,4,4,4,4,4,4,4,4,4,4,4,4,4,4,1,1,1,1,1,1,0,0,0,0,,,,,,,,,,,,,,,,,,,,,,,,,,,,,,,,,,,,,,,,,,,,,,,,
2062,800,2070,2587,,0,0,0,0,0,0,0,0,0,0,0,0,0,0,0,1,1,1,1,1,1,1,1,1,1,1,1,1,1,1,1,1,1,1,1,1,1,1,1,0,0,0,0,0,0,0,0,0,0,,,,,,,,,,,,,,,,,,,,,,,,,,,,,,,,,,,,,,,,,,,,,,,,
2063,1200,2632,13578,,0,0,0,0,0,0,0,0,0,0,0,0,0,0,0,2,2,3,3,2,2,2,2,2,2,2,2,2,2,2,2,2,2,2,2,2,2,2,2,1,1,1,1,0,0,0,0,0,0,,,,,,,,,,,,,,,,,,,,,,,,,,,,,,,,,,,,,,,,,,,,,,,,
2064,300,2632,2634,,0,0,0,0,0,0,0,0,0,0,0,0,0,0,0,2,2,3,3,2,2,2,2,2,2,2,2,2,2,2,2,2,2,2,2,2,2,2,2,1,1,0,0,0,0,0,0,0,0,,,,,,,,,,,,,,,,,,,,,,,,,,,,,,,,,,,,,,,,,,,,,,,,
2065,800,2631,2629,9143;2071,2,0,0,0,0,0,0,0,0,0,0,0,0,0,0,3,3,3,3,3,3,3,3,3,3,2,2,3,3,3,3,3,3,3,3,3,3,3,3,1,1,1,1,0,0,0,0,0,0,,,,,,,,,,,,,,,,,,,,,,,,,,,,,,,,,,,,,,,,,,,,,,,,
2066,1200,2060,2070,,0,0,0,0,0,0,0,0,0,0,0,0,0,0,0,1,1,1,1,1,1,1,1,1,1,1,1,1,1,1,1,1,1,1,1,1,1,1,1,0,0,0,0,0,0,0,0,0,0,,,,,,,,,,,,,,,,,,,,,,,,,,,,,,,,,,,,,,,,,,,,,,,,
2067,800,2068,2604,,0,0,0,0,0,0,0,0,0,0,0,0,0,0,0,2,2,2,2,2,2,2,2,2,2,2,2,2,2,2,2,2,2,2,2,2,2,2,2,1,1,0,0,0,0,0,0,0,0,,,,,,,,,,,,,,,,,,,,,,,,,,,,,,,,,,,,,,,,,,,,,,,,
2068,300,2067,2069,2605;2076,2,0,0,0,0,0,0,0,0,0,0,0,0,0,0,2,2,2,2,2,2,2,2,2,2,2,2,2,2,2,2,2,2,2,2,2,2,2,2,1,1,0,0,0,0,0,0,0,0,,,,,,,,,,,,,,,,,,,,,,,,,,,,,,,,,,,,,,,,,,,,,,,,
2069,600,2618,2068,,0,0,0,0,0,0,0,0,0,0,0,0,0,0,0,2,2,2,2,2,2,2,2,2,2,2,2,2,2,2,2,2,2,2,2,2,2,2,2,1,1,0,0,0,0,0,0,0,0,,,,,,,,,,,,,,,,,,,,,,,,,,,,,,,,,,,,,,,,,,,,,,,,
207,3500,429,435,,0,38,38,40,40,28,28,30,30,35,35,38,38,106,106,1010,1010,1173,1173,1121,1121,1069,1069,1008,1008,921,921,970,970,952,952,997,997,1020,1020,1069,1069,975,975,299,299,192,192,130,130,94,94,48,48,,,,,,,,,,,,,,,,,,,,,,,,,,,,,,,,,,,,,,,,,,,,,,,,
2070,1200,2096,2062,2066;2083,2,53,53,55,55,38,38,42,42,48,48,53,53,146,146,715,715,891,891,804,804,768,768,707,707,638,638,676,676,679,679,669,669,696,696,738,738,671,671,411,411,264,264,178,178,130,130,66,66,,,,,,,,,,,,,,,,,,,,,,,,,,,,,,,,,,,,,,,,,,,,,,,,
2071,800,2074,2065,,0,0,0,0,0,0,0,0,0,0,0,0,0,0,0,2,2,3,3,3,3,2,2,2,2,2,2,2,2,2,2,2,2,2,2,3,3,2,2,1,1,1,1,0,0,0,0,0,0,,,,,,,,,,,,,,,,,,,,,,,,,,,,,,,,,,,,,,,,,,,,,,,,
2072,1600,2589,13521,,0,0,0,0,0,0,0,0,0,0,0,0,0,0,0,4,4,4,4,4,4,4,4,4,4,3,3,3,3,4,4,4,4,4,4,4,4,4,4,1,1,1,1,1,1,0,0,0,0,,,,,,,,,,,,,,,,,,,,,,,,,,,,,,,,,,,,,,,,,,,,,,,,
2073,4400,2634,13253,,0,42,42,39,39,28,28,29,29,34,34,39,39,112,112,1343,1343,1424,1424,1347,1347,1375,1375,1229,1229,1247,1247,1096,1096,1282,1282,1299,1299,1257,1257,1375,1375,1394,1394,536,536,316,316,190,190,140,140,87,87,,,,,,,,,,,,,,,,,,,,,,,,,,,,,,,,,,,,,,,,,,,,,,,,
2074,800,2071,2181,2633;2450,2,0,0,0,0,0,0,0,0,0,0,0,0,0,0,3,3,4,4,4,4,3,3,3,3,3,3,3,3,3,3,3,3,3,3,4,4,3,3,1,1,1,1,0,0,0,0,0,0,,,,,,,,,,,,,,,,,,,,,,,,,,,,,,,,,,,,,,,,,,,,,,,,
2075,800,2616,2595,,0,0,0,0,0,0,0,0,0,0,0,0,0,0,0,1,1,1,1,1,1,1,1,1,1,1,1,1,1,1,1,1,1,1,1,1,1,1,1,0,0,0,0,0,0,0,0,0,0,,,,,,,,,,,,,,,,,,,,,,,,,,,,,,,,,,,,,,,,,,,,,,,,
2076,300,2068,2078,,0,0,0,0,0,0,0,0,0,0,0,0,0,0,0,2,2,2,2,2,2,2,2,2,2,2,2,2,2,2,2,2,2,2,2,2,2,2,2,1,1,0,0,0,0,0,0,0,0,,,,,,,,,,,,,,,,,,,,,,,,,,,,,,,,,,,,,,,,,,,,,,,,
2077,1200,13576,2624,,0,0,0,0,0,0,0,0,0,0,0,0,0,0,0,2,2,3,3,2,2,2,2,2,2,2,2,2,2,2,2,2,2,2,2,2,2,2,2,1,1,1,1,0,0,0,0,0,0,,,,,,,,,,,,,,,,,,,,,,,,,,,,,,,,,,,,,,,,,,,,,,,,
2078,600,2080,2079,2076;2105,2,0,0,0,0,0,0,0,0,0,0,0,0,0,0,2,2,3,3,2,2,2,2,2,2,2,2,2,2,2,2,2,2,2,2,2,2,2,2,1,1,0,0,0,0,0,0,0,0,,,,,,,,,,,,,,,,,,,,,,,,,,,,,,,,,,,,,,,,,,,,,,,,
2079,800,2078,2602,,0,0,0,0,0,0,0,0,0,0,0,0,0,0,0,1,1,2,2,1,1,1,1,1,1,1,1,1,1,1,1,1,1,1,1,1,1,1,1,0,0,0,0,0,0,0,0,0,0,,,,,,,,,,,,,,,,,,,,,,,,,,,,,,,,,,,,,,,,,,,,,,,,
208,2500,433,180,,0,38,38,40,40,28,28,30,30,35,35,38,38,106,106,1010,1010,1173,1173,1121,1121,1069,1069,1008,1008,921,921,970,970,952,952,997,997,1020,1020,1069,1069,975,975,299,299,192,192,130,130,94,94,48,48,,,,,,,,,,,,,,,,,,,,,,,,,,,,,,,,,,,,,,,,,,,,,,,,
2080,600,2614,2078,,0,0,0,0,0,0,0,0,0,0,0,0,0,0,0,3,3,3,3,3,3,3,3,3,3,3,3,3,3,3,3,3,3,3,3,3,3,3,3,1,1,1,1,0,0,0,0,0,0,,,,,,,,,,,,,,,,,,,,,,,,,,,,,,,,,,,,,,,,,,,,,,,,
2081,1200,2620,13261,,0,33,33,31,31,22,22,23,23,26,26,31,31,88,88,1055,1055,1119,1119,1058,1058,1080,1080,966,966,980,980,861,861,1008,1008,1021,1021,988,988,1080,1080,1096,1096,421,421,249,249,150,150,110,110,68,68,,,,,,,,,,,,,,,,,,,,,,,,,,,,,,,,,,,,,,,,,,,,,,,,
2082,1200,2610,2620,,0,0,0,0,0,0,0,0,0,0,0,0,0,0,0,1,1,1,1,1,1,1,1,1,1,1,1,1,1,1,1,1,1,1,1,1,1,1,1,0,0,0,0,0,0,0,0,0,0,,,,,,,,,,,,,,,,,,,,,,,,,,,,,,,,,,,,,,,,,,,,,,,,
2083,1600,2070,2085,,0,0,0,0,0,0,0,0,0,0,0,0,0,0,0,2,2,3,3,3,3,3,3,2,2,2,2,2,2,2,2,2,2,2,2,3,3,2,2,1,1,0,0,0,0,0,0,0,0,,,,,,,,,,,,,,,,,,,,,,,,,,,,,,,,,,,,,,,,,,,,,,,,
2084,2500,2585,2581,,0,0,0,0,0,0,0,0,0,0,0,0,0,0,0,1147,1147,1238,1238,1234,1234,1160,1160,1144,1144,1058,1058,1100,1100,1078,1078,1198,1198,1212,1212,1260,1260,1158,1158,0,0,0,0,0,0,0,0,0,0,,,,,,,,,,,,,,,,,,,,,,,,,,,,,,,,,,,,,,,,,,,,,,,,
2085,800,2089,2083,2582;2104,2,0,0,0,0,0,0,0,0,0,0,0,0,0,0,3,3,3,3,3,3,3,3,3,3,3,3,3,3,3,3,3,3,3,3,3,3,3,3,1,1,1,1,0,0,0,0,0,0,,,,,,,,,,,,,,,,,,,,,,,,,,,,,,,,,,,,,,,,,,,,,,,,
2086,800,2577,,,0,0,0,0,0,0,0,0,0,0,0,0,0,0,0,1,1,2,2,2,2,1,1,1,1,1,1,1,1,1,1,1,1,1,1,2,2,1,1,0,0,0,0,0,0,0,0,0,0,,,,,,,,,,,,,,,,,,,,,,,,,,,,,,,,,,,,,,,,,,,,,,,,
2087,800,2091,2585,,0,0,0,0,0,0,0,0,0,0,0,0,0,0,0,3,3,3,3,3,3,3,3,3,3,2,2,2,2,2,2,3,3,3,3,3,3,3,3,1,1,0,0,0,0,0,0,0,0,,,,,,,,,,,,,,,,,,,,,,,,,,,,,,,,,,,,,,,,,,,,,,,,
2088,600,2438,2610,,0,33,33,31,31,22,22,23,23,26,26,31,31,88,88,1055,1055,1119,1119,1058,1058,1080,1080,966,966,980,980,861,861,1008,1008,1021,1021,988,988,1080,1080,1096,1096,421,421,249,249,150,150,110,110,68,68,,,,,,,,,,,,,,,,,,,,,,,,,,,,,,,,,,,,,,,,,,,,,,,,
2089,1200,2091,2085,,0,0,0,0,0,0,0,0,0,0,0,0,0,0,0,2,2,3,3,3,3,2,2,2,2,2,2,2,2,2,2,2,2,2,2,2,2,2,2,1,1,0,0,0,0,0,0,0,0,,,,,,,,,,,,,,,,,,,,,,,,,,,,,,,,,,,,,,,,,,,,,,,,
209,2500,197,411,,0,54,54,56,56,39,39,42,42,50,50,54,54,149,149,956,956,1147,1147,1075,1075,1033,1033,954,954,866,866,918,918,901,901,917,917,943,943,993,993,901,901,419,419,269,269,182,182,132,132,67,67,,,,,,,,,,,,,,,,,,,,,,,,,,,,,,,,,,,,,,,,,,,,,,,,
2090,800,2418,,,0,0,0,0,0,0,0,0,0,0,0,0,0,0,0,1,1,1,1,1,1,1,1,1,1,1,1,1,1,1,1,1,1,1,1,1,1,1,1,0,0,0,0,0,0,0,0,0,0,,,,,,,,,,,,,,,,,,,,,,,,,,,,,,,,,,,,,,,,,,,,,,,,
2091,1200,2095,2089,2087;2121,2,0,0,0,0,0,0,0,0,0,0,0,0,0,0,2,2,2,2,2,2,2,2,2,2,1,1,1,1,2,2,2,2,2,2,2,2,2,2,0,0,0,0,0,0,0,0,0,0,,,,,,,,,,,,,,,,,,,,,,,,,,,,,,,,,,,,,,,,,,,,,,,,
2092,800,2438,2436,,0,53,53,55,55,38,38,42,42,48,48,53,53,146,146,715,715,891,891,804,804,768,768,707,707,638,638,676,676,679,679,669,669,696,696,738,738,671,671,411,411,264,264,178,178,130,130,66,66,,,,,,,,,,,,,,,,,,,,,,,,,,,,,,,,,,,,,,,,,,,,,,,,
2093,600,2053,2618,,0,0,0,0,0,0,0,0,0,0,0,0,0,0,0,1,1,2,2,1,1,1,1,1,1,1,1,1,1,1,1,1,1,1,1,1,1,1,1,0,0,0,0,0,0,0,0,0,0,,,,,,,,,,,,,,,,,,,,,,,,,,,,,,,,,,,,,,,,,,,,,,,,
2094,1200,2451,2449,,0,0,0,0,0,0,0,0,0,0,0,0,0,0,0,2,2,3,3,2,2,2,2,2,2,2,2,2,2,2,2,2,2,2,2,2,2,2,2,1,1,0,0,0,0,0,0,0,0,,,,,,,,,,,,,,,,,,,,,,,,,,,,,,,,,,,,,,,,,,,,,,,,
2095,1200,2099,2091,,0,0,0,0,0,0,0,0,0,0,0,0,0,0,0,2,2,2,2,2,2,2,2,2,2,1,1,1,1,2,2,2,2,2,2,2,2,2,2,0,0,0,0,0,0,0,0,0,0,,,,,,,,,,,,,,,,,,,,,,,,,,,,,,,,,,,,,,,,,,,,,,,,
2096,800,2070,2577,,0,0,0,0,0,0,0,0,0,0,0,0,0,0,0,1,1,1,1,1,1,1,1,1,1,1,1,1,1,1,1,1,1,1,1,1,1,1,1,0,0,0,0,0,0,0,0,0,0,,,,,,,,,,,,,,,,,,,,,,,,,,,,,,,,,,,,,,,,,,,,,,,,
2097,600,13525,2597,,0,0,0,0,0,0,0,0,0,0,0,0,0,0,0,2,2,3,3,2,2,2,2,2,2,2,2,2,2,2,2,2,2,2,2,2,2,2,2,1,1,1,1,0,0,0,0,0,0,,,,,,,,,,,,,,,,,,,,,,,,,,,,,,,,,,,,,,,,,,,,,,,,
2098,4400,6567,2099,,0,0,0,0,0,0,0,0,0,0,0,0,0,0,0,1156,1156,1275,1275,1184,1184,1063,1063,1121,1121,1033,1033,1056,1056,1105,1105,1218,1218,1250,1250,1308,1308,1226,1226,0,0,0,0,0,0,0,0,0,0,,,,,,,,,,,,,,,,,,,,,,,,,,,,,,,,,,,,,,,,,,,,,,,,
2099,1200,2095,6616,2098;2131,2,0,0,0,0,0,0,0,0,0,0,0,0,0,0,2,2,3,3,3,3,3,3,2,2,2,2,2,2,2,2,2,2,2,2,3,3,2,2,1,1,0,0,0,0,0,0,0,0,,,,,,,,,,,,,,,,,,,,,,,,,,,,,,,,,,,,,,,,,,,,,,,,
21,2500,2499,29,,0,67,67,70,70,49,49,53,53,62,62,67,67,186,186,910,910,1134,1134,1023,1023,977,977,900,900,812,812,861,861,864,864,851,851,886,886,939,939,854,854,524,524,336,336,227,227,165,165,84,84,,,,,,,,,,,,,,,,,,,,,,,,,,,,,,,,,,,,,,,,,,,,,,,,
210,3000,205,437,,0,38,38,40,40,28,28,30,30,35,35,38,38,106,106,1010,1010,1173,1173,1121,1121,1069,1069,1008,1008,921,921,970,970,952,952,997,997,1020,1020,1069,1069,975,975,299,299,192,192,130,130,94,94,48,48,,,,,,,,,,,,,,,,,,,,,,,,,,,,,,,,,,,,,,,,,,,,,,,,
2100,800,2426,2428,,0,53,53,55,55,38,38,42,42,48,48,53,53,146,146,715,715,891,891,804,804,768,768,707,707,638,638,676,676,679,679,669,669,696,696,738,738,671,671,411,411,264,264,178,178,130,130,66,66,,,,,,,,,,,,,,,,,,,,,,,,,,,,,,,,,,,,,,,,,,,,,,,,
2101,300,2430,2432,,0,0,0,0,0,0,0,0,0,0,0,0,0,0,0,1,1,1,1,1,1,1,1,1,1,1,1,1,1,1,1,1,1,1,1,1,1,1,1,0,0,0,0,0,0,0,0,0,0,,,,,,,,,,,,,,,,,,,,,,,,,,,,,,,,,,,,,,,,,,,,,,,,
2102,1200,2388,2107,,0,0,0,0,0,0,0,0,0,0,0,0,0,0,0,1,1,1,1,1,1,1,1,1,1,1,1,1,1,1,1,1,1,1,1,1,1,1,1,0,0,0,0,0,0,0,0,0,0,,,,,,,,,,,,,,,,,,,,,,,,,,,,,,,,,,,,,,,,,,,,,,,,
2103,1500,2110,2402,,0,0,0,0,0,0,0,0,0,0,0,0,0,0,0,1147,1147,1238,1238,1234,1234,1160,1160,1144,1144,1058,1058,1100,1100,1078,1078,1198,1198,1212,1212,1260,1260,1158,1158,0,0,0,0,0,0,0,0,0,0,,,,,,,,,,,,,,,,,,,,,,,,,,,,,,,,,,,,,,,,,,,,,,,,
2104,2000,2390,2085,,0,0,0,0,0,0,0,0,0,0,0,0,0,0,0,1147,1147,1238,1238,1234,1234,1160,1160,1144,1144,1058,1058,1100,1100,1078,1078,1198,1198,1212,1212,1260,1260,1158,1158,0,0,0,0,0,0,0,0,0,0,,,,,,,,,,,,,,,,,,,,,,,,,,,,,,,,,,,,,,,,,,,,,,,,
2105,400,2436,2078,,0,0,0,0,0,0,0,0,0,0,0,0,0,0,0,3,3,3,3,3,3,3,3,3,3,2,2,2,2,3,3,3,3,3,3,3,3,3,3,1,1,1,1,0,0,0,0,0,0,,,,,,,,,,,,,,,,,,,,,,,,,,,,,,,,,,,,,,,,,,,,,,,,
2106,1500,2390,2386,,0,0,0,0,0,0,0,0,0,0,0,0,0,0,0,1147,1147,1238,1238,1234,1234,1160,1160,1144,1144,1058,1058,1100,1100,1078,1078,1198,1198,1212,1212,1260,1260,1158,1158,0,0,0,0,0,0,0,0,0,0,,,,,,,,,,,,,,,,,,,,,,,,,,,,,,,,,,,,,,,,,,,,,,,,
2107,1200,2118,2389,2102;2112,2,0,0,0,0,0,0,0,0,0,0,0,0,0,0,2,2,2,2,2,2,2,2,2,2,2,2,2,2,2,2,2,2,2,2,2,2,2,2,1,1,0,0,0,0,0,0,0,0,,,,,,,,,,,,,,,,,,,,,,,,,,,,,,,,,,,,,,,,,,,,,,,,
2108,800,8917,2626,,0,0,0,0,0,0,0,0,0,0,0,0,0,0,0,4,4,5,5,4,4,4,4,4,4,4,4,4,4,4,4,4,4,4,4,4,4,4,4,1,1,1,1,1,1,0,0,0,0,,,,,,,,,,,,,,,,,,,,,,,,,,,,,,,,,,,,,,,,,,,,,,,,
2109,800,2049,2604,,0,0,0,0,0,0,0,0,0,0,0,0,0,0,0,3,3,4,4,4,4,3,3,3,3,3,3,3,3,3,3,3,3,3,3,3,3,3,3,1,1,1,1,0,0,0,0,0,0,,,,,,,,,,,,,,,,,,,,,,,,,,,,,,,,,,,,,,,,,,,,,,,,
211,2500,204,218,,0,54,54,56,56,39,39,42,42,50,50,54,54,149,149,956,956,1147,1147,1075,1075,1033,1033,954,954,866,866,918,918,901,901,917,917,943,943,993,993,901,901,419,419,269,269,182,182,132,132,67,67,,,,,,,,,,,,,,,,,,,,,,,,,,,,,,,,,,,,,,,,,,,,,,,,
2110,3500,2591,2404,2103,1,0,0,0,0,0,0,0,0,0,0,0,0,0,0,1147,1147,1238,1238,1234,1234,1160,1160,1144,1144,1058,1058,1100,1100,1078,1078,1198,1198,1212,1212,1260,1260,1158,1158,0,0,0,0,0,0,0,0,0,0,,,,,,,,,,,,,,,,,,,,,,,,,,,,,,,,,,,,,,,,,,,,,,,,
2111,800,2390,2115,,0,0,0,0,0,0,0,0,0,0,0,0,0,0,0,4,4,4,4,4,4,4,4,4,4,3,3,3,3,3,3,4,4,4,4,4,4,4,4,1,1,1,1,0,0,0,0,0,0,,,,,,,,,,,,,,,,,,,,,,,,,,,,,,,,,,,,,,,,,,,,,,,,
2112,1200,2107,2115,,0,0,0,0,0,0,0,0,0,0,0,0,0,0,0,2,2,2,2,2,2,2,2,2,2,2,2,2,2,2,2,2,2,2,2,2,2,2,2,1,1,0,0,0,0,0,0,0,0,,,,,,,,,,,,,,,,,,,,,,,,,,,,,,,,,,,,,,,,,,,,,,,,
2113,600,2447,2453,,0,0,0,0,0,0,0,0,0,0,0,0,0,0,0,3,3,3,3,3,3,3,3,3,3,3,3,3,3,3,3,3,3,3,3,3,3,3,3,1,1,1,1,0,0,0,0,0,0,,,,,,,,,,,,,,,,,,,,,,,,,,,,,,,,,,,,,,,,,,,,,,,,
2114,4400,2451,2453,,0,34,34,35,35,24,24,26,26,31,31,34,34,93,93,1033,1033,1204,1204,1104,1104,1020,1020,1010,1010,922,922,958,958,984,984,1034,1034,1068,1068,1124,1124,1040,1040,262,262,168,168,114,114,82,82,42,42,,,,,,,,,,,,,,,,,,,,,,,,,,,,,,,,,,,,,,,,,,,,,,,,
2115,1200,2124,2112,2111;2132,2,0,0,0,0,0,0,0,0,0,0,0,0,0,0,2,2,2,2,2,2,2,2,2,2,2,2,2,2,2,2,2,2,2,2,2,2,2,2,1,1,0,0,0,0,0,0,0,0,,,,,,,,,,,,,,,,,,,,,,,,,,,,,,,,,,,,,,,,,,,,,,,,
2116,1200,2610,2046,,0,0,0,0,0,0,0,0,0,0,0,0,0,0,0,1,1,2,2,1,1,1,1,1,1,1,1,1,1,1,1,1,1,1,1,1,1,1,1,0,0,0,0,0,0,0,0,0,0,,,,,,,,,,,,,,,,,,,,,,,,,,,,,,,,,,,,,,,,,,,,,,,,
2117,1600,2402,2123,,0,0,0,0,0,0,0,0,0,0,0,0,0,0,0,2,2,3,3,3,3,3,3,2,2,2,2,2,2,2,2,2,2,3,3,3,3,2,2,1,1,0,0,0,0,0,0,0,0,,,,,,,,,,,,,,,,,,,,,,,,,,,,,,,,,,,,,,,,,,,,,,,,
2118,1600,2123,2107,,0,0,0,0,0,0,0,0,0,0,0,0,0,0,0,1,1,2,2,2,2,1,1,1,1,1,1,1,1,1,1,1,1,1,1,2,2,1,1,0,0,0,0,0,0,0,0,0,0,,,,,,,,,,,,,,,,,,,,,,,,,,,,,,,,,,,,,,,,,,,,,,,,
2119,2000,2458,2126,2452;2454,2,34,34,35,35,24,24,26,26,31,31,34,34,93,93,1033,1033,1204,1204,1104,1104,1020,1020,1010,1010,922,922,958,958,984,984,1034,1034,1068,1068,1124,1124,1040,1040,262,262,168,168,114,114,82,82,42,42,,,,,,,,,,,,,,,,,,,,,,,,,,,,,,,,,,,,,,,,,,,,,,,,
212,2000,200,218,,0,54,54,56,56,39,39,42,42,50,50,54,54,149,149,956,956,1147,1147,1075,1075,1033,1033,954,954,866,866,918,918,901,901,917,917,943,943,993,993,901,901,419,419,269,269,182,182,132,132,67,67,,,,,,,,,,,,,,,,,,,,,,,,,,,,,,,,,,,,,,,,,,,,,,,,
2120,1000,2128,2406,,0,0,0,0,0,0,0,0,0,0,0,0,0,0,0,1147,1147,1238,1238,1234,1234,1160,1160,1144,1144,1058,1058,1100,1100,1078,1078,1198,1198,1212,1212,1260,1260,1158,1158,0,0,0,0,0,0,0,0,0,0,,,,,,,,,,,,,,,,,,,,,,,,,,,,,,,,,,,,,,,,,,,,,,,,
2121,1200,2091,2386,,0,0,0,0,0,0,0,0,0,0,0,0,0,0,0,3,3,3,3,3,3,3,3,3,3,2,2,2,2,2,2,3,3,3,3,3,3,3,3,1,1,0,0,0,0,0,0,0,0,,,,,,,,,,,,,,,,,,,,,,,,,,,,,,,,,,,,,,,,,,,,,,,,
2122,1200,2424,2422,,0,0,0,0,0,0,0,0,0,0,0,0,0,0,0,1,1,1,1,1,1,1,1,1,1,1,1,1,1,1,1,1,1,1,1,1,1,1,1,0,0,0,0,0,0,0,0,0,0,,,,,,,,,,,,,,,,,,,,,,,,,,,,,,,,,,,,,,,,,,,,,,,,
2123,1200,2117,2135,2118;2133,2,0,0,0,0,0,0,0,0,0,0,0,0,0,0,2,2,2,2,2,2,2,2,2,2,2,2,2,2,2,2,2,2,2,2,2,2,2,2,1,1,0,0,0,0,0,0,0,0,,,,,,,,,,,,,,,,,,,,,,,,,,,,,,,,,,,,,,,,,,,,,,,,
2124,1200,2115,2125,,0,0,0,0,0,0,0,0,0,0,0,0,0,0,0,2,2,3,3,2,2,2,2,2,2,2,2,2,2,2,2,2,2,2,2,2,2,2,2,1,1,0,0,0,0,0,0,0,0,,,,,,,,,,,,,,,,,,,,,,,,,,,,,,,,,,,,,,,,,,,,,,,,
2125,1200,2124,2129,2385;2150,2,0,0,0,0,0,0,0,0,0,0,0,0,0,0,2,2,2,2,2,2,2,2,2,2,2,2,2,2,2,2,2,2,2,2,2,2,2,2,1,1,0,0,0,0,0,0,0,0,,,,,,,,,,,,,,,,,,,,,,,,,,,,,,,,,,,,,,,,,,,,,,,,
2126,1500,2443,2119,,0,34,34,35,35,24,24,26,26,31,31,34,34,93,93,1033,1033,1204,1204,1104,1104,1020,1020,1010,1010,922,922,958,958,984,984,1034,1034,1068,1068,1124,1124,1040,1040,262,262,168,168,114,114,82,82,42,42,,,,,,,,,,,,,,,,,,,,,,,,,,,,,,,,,,,,,,,,,,,,,,,,
2127,800,2404,2130,,0,0,0,0,0,0,0,0,0,0,0,0,0,0,0,2,2,3,3,3,3,3,3,2,2,2,2,2,2,2,2,2,2,2,2,3,3,2,2,1,1,0,0,0,0,0,0,0,0,,,,,,,,,,,,,,,,,,,,,,,,,,,,,,,,,,,,,,,,,,,,,,,,
2128,4000,2120,2130,,0,0,0,0,0,0,0,0,0,0,0,0,0,0,0,1147,1147,1238,1238,1234,1234,1160,1160,1144,1144,1058,1058,1100,1100,1078,1078,1198,1198,1212,1212,1260,1260,1158,1158,0,0,0,0,0,0,0,0,0,0,,,,,,,,,,,,,,,,,,,,,,,,,,,,,,,,,,,,,,,,,,,,,,,,
2129,800,2125,2136,,0,0,0,0,0,0,0,0,0,0,0,0,0,0,0,2,2,2,2,2,2,2,2,2,2,2,2,2,2,2,2,2,2,2,2,2,2,2,2,1,1,0,0,0,0,0,0,0,0,,,,,,,,,,,,,,,,,,,,,,,,,,,,,,,,,,,,,,,,,,,,,,,,
213,3000,428,244,434;221,2,38,38,40,40,28,28,30,30,35,35,38,38,106,106,1010,1010,1173,1173,1121,1121,1069,1069,1008,1008,921,921,970,970,952,952,997,997,1020,1020,1069,1069,975,975,299,299,192,192,130,130,94,94,48,48,,,,,,,,,,,,,,,,,,,,,,,,,,,,,,,,,,,,,,,,,,,,,,,,
2130,1200,2127,2141,2128;2134,2,0,0,0,0,0,0,0,0,0,0,0,0,0,0,4,4,4,4,4,4,4,4,4,4,4,4,4,4,4,4,4,4,4,4,4,4,4,4,1,1,1,1,0,0,0,0,0,0,,,,,,,,,,,,,,,,,,,,,,,,,,,,,,,,,,,,,,,,,,,,,,,,
2131,4400,2136,2099,,0,0,0,0,0,0,0,0,0,0,0,0,0,0,0,1147,1147,1238,1238,1234,1234,1160,1160,1144,1144,1058,1058,1100,1100,1078,1078,1198,1198,1212,1212,1260,1260,1158,1158,0,0,0,0,0,0,0,0,0,0,,,,,,,,,,,,,,,,,,,,,,,,,,,,,,,,,,,,,,,,,,,,,,,,
2132,1200,2115,2138,,0,0,0,0,0,0,0,0,0,0,0,0,0,0,0,1,1,1,1,1,1,1,1,1,1,1,1,1,1,1,1,1,1,1,1,1,1,1,1,0,0,0,0,0,0,0,0,0,0,,,,,,,,,,,,,,,,,,,,,,,,,,,,,,,,,,,,,,,,,,,,,,,,
2133,1600,2123,2137,,0,0,0,0,0,0,0,0,0,0,0,0,0,0,0,3,3,3,3,3,3,3,3,3,3,2,2,3,3,3,3,3,3,3,3,3,3,3,3,1,1,1,1,0,0,0,0,0,0,,,,,,,,,,,,,,,,,,,,,,,,,,,,,,,,,,,,,,,,,,,,,,,,
2134,1200,2137,2130,,0,0,0,0,0,0,0,0,0,0,0,0,0,0,0,4,4,4,4,4,4,4,4,4,4,3,3,3,3,4,4,4,4,4,4,4,4,4,4,1,1,1,1,0,0,0,0,0,0,,,,,,,,,,,,,,,,,,,,,,,,,,,,,,,,,,,,,,,,,,,,,,,,
2135,1200,2138,2123,,0,0,0,0,0,0,0,0,0,0,0,0,0,0,0,2,2,2,2,2,2,2,2,2,2,2,2,2,2,2,2,2,2,2,2,2,2,2,2,1,1,0,0,0,0,0,0,0,0,,,,,,,,,,,,,,,,,,,,,,,,,,,,,,,,,,,,,,,,,,,,,,,,
2136,800,2129,2140,2131;2158,2,0,0,0,0,0,0,0,0,0,0,0,0,0,0,2,2,2,2,2,2,2,2,2,2,2,2,2,2,2,2,2,2,2,2,2,2,2,2,1,1,0,0,0,0,0,0,0,0,,,,,,,,,,,,,,,,,,,,,,,,,,,,,,,,,,,,,,,,,,,,,,,,
2137,1200,2148,2142,2133;2134,2,0,0,0,0,0,0,0,0,0,0,0,0,0,0,3,3,4,4,3,3,3,3,3,3,3,3,3,3,3,3,3,3,3,3,3,3,3,3,1,1,1,1,0,0,0,0,0,0,,,,,,,,,,,,,,,,,,,,,,,,,,,,,,,,,,,,,,,,,,,,,,,,
2138,1200,2135,2143,2132;2145,2,0,0,0,0,0,0,0,0,0,0,0,0,0,0,1,1,2,2,1,1,1,1,1,1,1,1,1,1,1,1,1,1,1,1,1,1,1,1,0,0,0,0,0,0,0,0,0,0,,,,,,,,,,,,,,,,,,,,,,,,,,,,,,,,,,,,,,,,,,,,,,,,
2139,1500,2455,2441,,0,34,34,35,35,24,24,26,26,31,31,34,34,93,93,1033,1033,1204,1204,1104,1104,1020,1020,1010,1010,922,922,958,958,984,984,1034,1034,1068,1068,1124,1124,1040,1040,262,262,168,168,114,114,82,82,42,42,,,,,,,,,,,,,,,,,,,,,,,,,,,,,,,,,,,,,,,,,,,,,,,,
214,1600,391,200,,0,0,0,0,0,0,0,0,0,0,0,0,0,1,1,7,7,8,8,7,7,7,7,7,7,6,6,6,6,6,6,6,6,7,7,7,7,7,7,3,3,2,2,1,1,1,1,1,1,,,,,,,,,,,,,,,,,,,,,,,,,,,,,,,,,,,,,,,,,,,,,,,,
2140,1200,2136,6658,,0,53,53,55,55,38,38,42,42,48,48,53,53,146,146,715,715,891,891,804,804,768,768,707,707,638,638,676,676,679,679,669,669,696,696,738,738,671,671,411,411,264,264,178,178,130,130,66,66,,,,,,,,,,,,,,,,,,,,,,,,,,,,,,,,,,,,,,,,,,,,,,,,
2141,1000,2130,2146,,0,0,0,0,0,0,0,0,0,0,0,0,0,0,0,1147,1147,1238,1238,1234,1234,1160,1160,1144,1144,1058,1058,1100,1100,1078,1078,1198,1198,1212,1212,1260,1260,1158,1158,0,0,0,0,0,0,0,0,0,0,,,,,,,,,,,,,,,,,,,,,,,,,,,,,,,,,,,,,,,,,,,,,,,,
2142,1200,2146,2137,,0,0,0,0,0,0,0,0,0,0,0,0,0,0,0,4,4,4,4,4,4,4,4,4,4,4,4,4,4,4,4,4,4,4,4,4,4,4,4,1,1,1,1,0,0,0,0,0,0,,,,,,,,,,,,,,,,,,,,,,,,,,,,,,,,,,,,,,,,,,,,,,,,
2143,1200,2138,2394,,0,0,0,0,0,0,0,0,0,0,0,0,0,0,0,1,1,1,1,1,1,1,1,1,1,1,1,1,1,1,1,1,1,1,1,1,1,1,1,0,0,0,0,0,0,0,0,0,0,,,,,,,,,,,,,,,,,,,,,,,,,,,,,,,,,,,,,,,,,,,,,,,,
2144,4400,2455,2156,,0,34,34,35,35,24,24,26,26,31,31,34,34,93,93,1033,1033,1204,1204,1104,1104,1020,1020,1010,1010,922,922,958,958,984,984,1034,1034,1068,1068,1124,1124,1040,1040,262,262,168,168,114,114,82,82,42,42,,,,,,,,,,,,,,,,,,,,,,,,,,,,,,,,,,,,,,,,,,,,,,,,
2145,800,2138,2149,,0,0,0,0,0,0,0,0,0,0,0,0,0,0,0,2,2,2,2,2,2,2,2,2,2,1,1,2,2,2,2,2,2,2,2,2,2,2,2,0,0,0,0,0,0,0,0,0,0,,,,,,,,,,,,,,,,,,,,,,,,,,,,,,,,,,,,,,,,,,,,,,,,
2146,1500,2154,2167,2141;2142;2397,3,0,0,0,0,0,0,0,0,0,0,0,0,0,0,1147,1147,1238,1238,1234,1234,1160,1160,1144,1144,1058,1058,1100,1100,1078,1078,1198,1198,1212,1212,1260,1260,1158,1158,0,0,0,0,0,0,0,0,0,0,,,,,,,,,,,,,,,,,,,,,,,,,,,,,,,,,,,,,,,,,,,,,,,,
2147,1200,2156,2439,,0,0,0,0,0,0,0,0,0,0,0,0,0,0,0,3,3,3,3,3,3,3,3,3,3,3,3,3,3,3,3,3,3,3,3,3,3,3,3,1,1,1,1,0,0,0,0,0,0,,,,,,,,,,,,,,,,,,,,,,,,,,,,,,,,,,,,,,,,,,,,,,,,
2148,2000,2137,2149,,0,0,0,0,0,0,0,0,0,0,0,0,0,0,0,1147,1147,1238,1238,1234,1234,1160,1160,1144,1144,1058,1058,1100,1100,1078,1078,1198,1198,1212,1212,1260,1260,1158,1158,0,0,0,0,0,0,0,0,0,0,,,,,,,,,,,,,,,,,,,,,,,,,,,,,,,,,,,,,,,,,,,,,,,,
2149,1200,2145,2152,2148;2151,2,0,0,0,0,0,0,0,0,0,0,0,0,0,0,2,2,2,2,2,2,2,2,2,2,2,2,2,2,2,2,2,2,2,2,2,2,2,2,1,1,0,0,0,0,0,0,0,0,,,,,,,,,,,,,,,,,,,,,,,,,,,,,,,,,,,,,,,,,,,,,,,,
215,1500,204,10083,,0,44,44,46,46,32,32,34,34,40,40,44,44,122,122,1037,1037,1195,1195,1144,1144,1114,1114,1024,1024,952,952,976,976,977,977,1009,1009,1021,1021,1079,1079,999,999,376,376,237,237,157,157,114,114,60,60,,,,,,,,,,,,,,,,,,,,,,,,,,,,,,,,,,,,,,,,,,,,,,,,
2150,1200,2125,2394,,0,0,0,0,0,0,0,0,0,0,0,0,0,0,0,2,2,2,2,2,2,2,2,2,2,1,1,1,1,1,1,2,2,2,2,2,2,2,2,0,0,0,0,0,0,0,0,0,0,,,,,,,,,,,,,,,,,,,,,,,,,,,,,,,,,,,,,,,,,,,,,,,,
2151,1600,2149,2153,,0,0,0,0,0,0,0,0,0,0,0,0,0,0,0,1,1,1,1,1,1,1,1,1,1,1,1,1,1,1,1,1,1,1,1,1,1,1,1,0,0,0,0,0,0,0,0,0,0,,,,,,,,,,,,,,,,,,,,,,,,,,,,,,,,,,,,,,,,,,,,,,,,
2152,800,2149,2155,,0,0,0,0,0,0,0,0,0,0,0,0,0,0,0,2,2,2,2,2,2,2,2,2,2,2,2,2,2,2,2,2,2,2,2,2,2,2,2,1,1,0,0,0,0,0,0,0,0,,,,,,,,,,,,,,,,,,,,,,,,,,,,,,,,,,,,,,,,,,,,,,,,
2153,1600,2393,2168,2151;2157,2,0,0,0,0,0,0,0,0,0,0,0,0,0,0,1,1,1,1,1,1,1,1,1,1,1,1,1,1,1,1,1,1,1,1,1,1,1,1,0,0,0,0,0,0,0,0,0,0,,,,,,,,,,,,,,,,,,,,,,,,,,,,,,,,,,,,,,,,,,,,,,,,
2154,1600,2146,2155,,0,0,0,0,0,0,0,0,0,0,0,0,0,0,0,3,3,3,3,3,3,3,3,3,3,2,2,2,2,2,2,3,3,3,3,3,3,3,3,1,1,0,0,0,0,0,0,0,0,,,,,,,,,,,,,,,,,,,,,,,,,,,,,,,,,,,,,,,,,,,,,,,,
2155,1200,2160,2154,2152;2161,2,0,0,0,0,0,0,0,0,0,0,0,0,0,0,2,2,3,3,3,3,3,3,2,2,2,2,2,2,2,2,2,2,2,2,3,3,2,2,1,1,0,0,0,0,0,0,0,0,,,,,,,,,,,,,,,,,,,,,,,,,,,,,,,,,,,,,,,,,,,,,,,,
2156,4400,2144,2173,2147;2456,2,34,34,35,35,24,24,26,26,31,31,34,34,93,93,1033,1033,1204,1204,1104,1104,1020,1020,1010,1010,922,922,958,958,984,984,1034,1034,1068,1068,1124,1124,1040,1040,262,262,168,168,114,114,82,82,42,42,,,,,,,,,,,,,,,,,,,,,,,,,,,,,,,,,,,,,,,,,,,,,,,,
2157,1200,2159,2153,,0,0,0,0,0,0,0,0,0,0,0,0,0,0,0,2,2,2,2,2,2,2,2,2,2,1,1,1,1,2,2,2,2,2,2,2,2,2,2,0,0,0,0,0,0,0,0,0,0,,,,,,,,,,,,,,,,,,,,,,,,,,,,,,,,,,,,,,,,,,,,,,,,
2158,4400,2136,2159,,0,0,0,0,0,0,0,0,0,0,0,0,0,0,0,1147,1147,1238,1238,1234,1234,1160,1160,1144,1144,1058,1058,1100,1100,1078,1078,1198,1198,1212,1212,1260,1260,1158,1158,0,0,0,0,0,0,0,0,0,0,,,,,,,,,,,,,,,,,,,,,,,,,,,,,,,,,,,,,,,,,,,,,,,,
2159,1200,2157,2162,2158;2174,2,0,0,0,0,0,0,0,0,0,0,0,0,0,0,2,2,3,3,2,2,2,2,2,2,2,2,2,2,2,2,2,2,2,2,2,2,2,2,1,1,0,0,0,0,0,0,0,0,,,,,,,,,,,,,,,,,,,,,,,,,,,,,,,,,,,,,,,,,,,,,,,,
216,4400,455,225,,0,38,38,40,40,28,28,30,30,35,35,38,38,106,106,1010,1010,1173,1173,1121,1121,1069,1069,1008,1008,921,921,970,970,952,952,997,997,1020,1020,1069,1069,975,975,299,299,192,192,130,130,94,94,48,48,,,,,,,,,,,,,,,,,,,,,,,,,,,,,,,,,,,,,,,,,,,,,,,,
2160,1200,2392,2155,,0,0,0,0,0,0,0,0,0,0,0,0,0,0,0,2,2,3,3,3,3,3,3,2,2,2,2,2,2,2,2,2,2,2,2,3,3,2,2,1,1,0,0,0,0,0,0,0,0,,,,,,,,,,,,,,,,,,,,,,,,,,,,,,,,,,,,,,,,,,,,,,,,
2161,1200,2155,2396,,0,0,0,0,0,0,0,0,0,0,0,0,0,0,0,4,4,4,4,4,4,4,4,4,4,4,4,4,4,4,4,4,4,4,4,4,4,4,4,1,1,1,1,0,0,0,0,0,0,,,,,,,,,,,,,,,,,,,,,,,,,,,,,,,,,,,,,,,,,,,,,,,,
2162,1200,2163,2159,,0,0,0,0,0,0,0,0,0,0,0,0,0,0,0,2,2,2,2,2,2,2,2,2,2,1,1,1,1,2,2,2,2,2,2,2,2,2,2,0,0,0,0,0,0,0,0,0,0,,,,,,,,,,,,,,,,,,,,,,,,,,,,,,,,,,,,,,,,,,,,,,,,
2163,1200,2383,2193,2162;6701,2,0,0,0,0,0,0,0,0,0,0,0,0,0,0,1,1,1,1,1,1,1,1,1,1,1,1,1,1,1,1,1,1,1,1,1,1,1,1,0,0,0,0,0,0,0,0,0,0,,,,,,,,,,,,,,,,,,,,,,,,,,,,,,,,,,,,,,,,,,,,,,,,
2164,600,2410,,,0,0,0,0,0,0,0,0,0,0,0,0,0,0,0,3,3,4,4,4,4,4,4,3,3,3,3,3,3,3,3,3,3,3,3,4,4,3,3,1,1,1,1,0,0,0,0,0,0,,,,,,,,,,,,,,,,,,,,,,,,,,,,,,,,,,,,,,,,,,,,,,,,
2165,800,2169,2398,,0,0,0,0,0,0,0,0,0,0,0,0,0,0,0,2,2,2,2,2,2,2,2,2,2,2,2,2,2,2,2,2,2,2,2,2,2,2,2,1,1,0,0,0,0,0,0,0,0,,,,,,,,,,,,,,,,,,,,,,,,,,,,,,,,,,,,,,,,,,,,,,,,
2166,1200,2408,2169,,0,0,0,0,0,0,0,0,0,0,0,0,0,0,0,2,2,3,3,3,3,3,3,2,2,2,2,2,2,2,2,2,2,2,2,3,3,2,2,1,1,0,0,0,0,0,0,0,0,,,,,,,,,,,,,,,,,,,,,,,,,,,,,,,,,,,,,,,,,,,,,,,,
2167,2500,2146,2408,,0,0,0,0,0,0,0,0,0,0,0,0,0,0,0,1147,1147,1238,1238,1234,1234,1160,1160,1144,1144,1058,1058,1100,1100,1078,1078,1198,1198,1212,1212,1260,1260,1158,1158,0,0,0,0,0,0,0,0,0,0,,,,,,,,,,,,,,,,,,,,,,,,,,,,,,,,,,,,,,,,,,,,,,,,
2168,1200,2153,2392,,0,0,0,0,0,0,0,0,0,0,0,0,0,0,0,2,2,2,2,2,2,2,2,1,1,1,1,1,1,1,1,1,1,2,2,2,2,1,1,0,0,0,0,0,0,0,0,0,0,,,,,,,,,,,,,,,,,,,,,,,,,,,,,,,,,,,,,,,,,,,,,,,,
2169,400,2530,2165,2166;2170,2,0,0,0,0,0,0,0,0,0,0,0,0,0,0,2,2,2,2,2,2,2,2,2,2,1,1,1,1,1,1,2,2,2,2,2,2,2,2,0,0,0,0,0,0,0,0,0,0,,,,,,,,,,,,,,,,,,,,,,,,,,,,,,,,,,,,,,,,,,,,,,,,
217,2500,401,220,,0,54,54,56,56,39,39,42,42,50,50,54,54,149,149,956,956,1147,1147,1075,1075,1033,1033,954,954,866,866,918,918,901,901,917,917,943,943,993,993,901,901,419,419,269,269,182,182,132,132,67,67,,,,,,,,,,,,,,,,,,,,,,,,,,,,,,,,,,,,,,,,,,,,,,,,
2170,1600,2169,,,0,0,0,0,0,0,0,0,0,0,0,0,0,0,0,1,1,2,2,2,2,1,1,1,1,1,1,1,1,1,1,1,1,1,1,2,2,1,1,0,0,0,0,0,0,0,0,0,0,,,,,,,,,,,,,,,,,,,,,,,,,,,,,,,,,,,,,,,,,,,,,,,,
2171,2000,2562,2564,,0,34,34,35,35,24,24,26,26,31,31,34,34,93,93,1033,1033,1204,1204,1104,1104,1020,1020,1010,1010,922,922,958,958,984,984,1034,1034,1068,1068,1124,1124,1040,1040,262,262,168,168,114,114,82,82,42,42,,,,,,,,,,,,,,,,,,,,,,,,,,,,,,,,,,,,,,,,,,,,,,,,
2172,2500,2396,2398,,0,0,0,0,0,0,0,0,0,0,0,0,0,0,0,1147,1147,1238,1238,1234,1234,1160,1160,1144,1144,1058,1058,1100,1100,1078,1078,1198,1198,1212,1212,1260,1260,1158,1158,0,0,0,0,0,0,0,0,0,0,,,,,,,,,,,,,,,,,,,,,,,,,,,,,,,,,,,,,,,,,,,,,,,,
2173,4400,2156,9060,,0,0,0,0,0,0,0,0,0,0,0,0,0,0,0,1156,1156,1275,1275,1184,1184,1063,1063,1121,1121,1033,1033,1056,1056,1105,1105,1218,1218,1250,1250,1308,1308,1226,1226,0,0,0,0,0,0,0,0,0,0,,,,,,,,,,,,,,,,,,,,,,,,,,,,,,,,,,,,,,,,,,,,,,,,
2174,4400,2175,2159,,0,0,0,0,0,0,0,0,0,0,0,0,0,0,0,1147,1147,1238,1238,1234,1234,1160,1160,1144,1144,1058,1058,1100,1100,1078,1078,1198,1198,1212,1212,1260,1260,1158,1158,0,0,0,0,0,0,0,0,0,0,,,,,,,,,,,,,,,,,,,,,,,,,,,,,,,,,,,,,,,,,,,,,,,,
2175,1200,2538,2179,2174;2510,2,0,0,0,0,0,0,0,0,0,0,0,0,0,0,3,3,3,3,3,3,3,3,3,3,3,3,3,3,3,3,3,3,3,3,3,3,3,3,1,1,1,1,0,0,0,0,0,0,,,,,,,,,,,,,,,,,,,,,,,,,,,,,,,,,,,,,,,,,,,,,,,,
2176,1500,2531,2407,,0,0,0,0,0,0,0,0,0,0,0,0,0,0,0,1147,1147,1238,1238,1234,1234,1160,1160,1144,1144,1058,1058,1100,1100,1078,1078,1198,1198,1212,1212,1260,1260,1158,1158,0,0,0,0,0,0,0,0,0,0,,,,,,,,,,,,,,,,,,,,,,,,,,,,,,,,,,,,,,,,,,,,,,,,
2177,2500,2563,2568,,0,34,34,35,35,24,24,26,26,31,31,34,34,93,93,1033,1033,1204,1204,1104,1104,1020,1020,1010,1010,922,922,958,958,984,984,1034,1034,1068,1068,1124,1124,1040,1040,262,262,168,168,114,114,82,82,42,42,,,,,,,,,,,,,,,,,,,,,,,,,,,,,,,,,,,,,,,,,,,,,,,,
2178,4400,2564,2457,,0,34,34,35,35,24,24,26,26,31,31,34,34,93,93,1033,1033,1204,1204,1104,1104,1020,1020,1010,1010,922,922,958,958,984,984,1034,1034,1068,1068,1124,1124,1040,1040,262,262,168,168,114,114,82,82,42,42,,,,,,,,,,,,,,,,,,,,,,,,,,,,,,,,,,,,,,,,,,,,,,,,
2179,1200,2175,2509,,0,0,0,0,0,0,0,0,0,0,0,0,0,0,0,3,3,3,3,3,3,3,3,3,3,3,3,3,3,3,3,3,3,3,3,3,3,3,3,1,1,1,1,0,0,0,0,0,0,,,,,,,,,,,,,,,,,,,,,,,,,,,,,,,,,,,,,,,,,,,,,,,,
218,2000,227,212,211;223,2,54,54,56,56,39,39,42,42,50,50,54,54,149,149,956,956,1147,1147,1075,1075,1033,1033,954,954,866,866,918,918,901,901,917,917,943,943,993,993,901,901,419,419,269,269,182,182,132,132,67,67,,,,,,,,,,,,,,,,,,,,,,,,,,,,,,,,,,,,,,,,,,,,,,,,
2180,1200,2184,2562,,0,0,0,0,0,0,0,0,0,0,0,0,0,0,0,4,4,5,5,4,4,4,4,4,4,4,4,4,4,4,4,4,4,4,4,4,4,4,4,1,1,1,1,1,1,0,0,0,0,,,,,,,,,,,,,,,,,,,,,,,,,,,,,,,,,,,,,,,,,,,,,,,,
2181,800,2074,2624,,0,0,0,0,0,0,0,0,0,0,0,0,0,0,0,2,2,3,3,3,3,2,2,2,2,2,2,2,2,2,2,2,2,2,2,2,2,2,2,1,1,1,1,0,0,0,0,0,0,,,,,,,,,,,,,,,,,,,,,,,,,,,,,,,,,,,,,,,,,,,,,,,,
2182,1600,2547,2549,,0,0,0,0,0,0,0,0,0,0,0,0,0,0,0,3,3,4,4,4,4,4,4,3,3,3,3,3,3,3,3,3,3,3,3,3,3,3,3,1,1,1,1,1,1,0,0,0,0,,,,,,,,,,,,,,,,,,,,,,,,,,,,,,,,,,,,,,,,,,,,,,,,
2183,600,2188,2531,,0,0,0,0,0,0,0,0,0,0,0,0,0,0,0,4,4,5,5,5,5,4,4,4,4,4,4,4,4,4,4,4,4,4,4,4,4,4,4,1,1,1,1,1,1,0,0,0,0,,,,,,,,,,,,,,,,,,,,,,,,,,,,,,,,,,,,,,,,,,,,,,,,
2184,4400,2567,2187,2180;2566;2205,3,34,34,35,35,24,24,26,26,31,31,34,34,93,93,1033,1033,1204,1204,1104,1104,1020,1020,1010,1010,922,922,958,958,984,984,1034,1034,1068,1068,1124,1124,1040,1040,262,262,168,168,114,114,82,82,42,42,,,,,,,,,,,,,,,,,,,,,,,,,,,,,,,,,,,,,,,,,,,,,,,,
2185,600,,2555,2549,1,0,0,0,0,0,0,0,0,0,0,0,0,1,1,6,6,7,7,7,7,7,7,6,6,6,6,6,6,6,6,6,6,6,6,6,6,6,6,2,2,2,2,1,1,1,1,0,0,,,,,,,,,,,,,,,,,,,,,,,,,,,,,,,,,,,,,,,,,,,,,,,,
2186,1600,2188,2537,,0,0,0,0,0,0,0,0,0,0,0,0,0,0,0,4,4,5,5,5,5,4,4,4,4,4,4,4,4,4,4,4,4,4,4,4,4,4,4,1,1,1,1,1,1,0,0,0,0,,,,,,,,,,,,,,,,,,,,,,,,,,,,,,,,,,,,,,,,,,,,,,,,
2187,4400,2190,2184,,0,45,45,47,47,33,33,35,35,41,41,45,45,124,124,986,986,1156,1156,1110,1110,1070,1070,989,989,903,903,956,956,926,926,960,960,982,982,1030,1030,933,933,349,349,224,224,151,151,110,110,56,56,,,,,,,,,,,,,,,,,,,,,,,,,,,,,,,,,,,,,,,,,,,,,,,,
2188,1600,2522,2186,2183;2236,2,0,0,0,0,0,0,0,0,0,0,0,0,0,0,7,7,7,7,7,7,7,7,7,7,6,6,6,6,6,6,7,7,7,7,7,7,7,7,1,1,1,1,1,1,0,0,0,0,,,,,,,,,,,,,,,,,,,,,,,,,,,,,,,,,,,,,,,,,,,,,,,,
2189,300,,2543,,0,33,33,31,31,22,22,23,23,26,26,31,31,88,88,1055,1055,1119,1119,1058,1058,1080,1080,966,966,980,980,861,861,1008,1008,1021,1021,988,988,1080,1080,1096,1096,421,421,249,249,150,150,110,110,68,68,,,,,,,,,,,,,,,,,,,,,,,,,,,,,,,,,,,,,,,,,,,,,,,,
219,4400,226,427,,0,38,38,40,40,28,28,30,30,35,35,38,38,106,106,1010,1010,1173,1173,1121,1121,1069,1069,1008,1008,921,921,970,970,952,952,997,997,1020,1020,1069,1069,975,975,299,299,192,192,130,130,94,94,48,48,,,,,,,,,,,,,,,,,,,,,,,,,,,,,,,,,,,,,,,,,,,,,,,,
2190,4400,2554,2636,2187;2548;2202,3,45,45,47,47,33,33,35,35,41,41,45,45,124,124,986,986,1156,1156,1110,1110,1070,1070,989,989,903,903,956,956,926,926,960,960,982,982,1030,1030,933,933,349,349,224,224,151,151,110,110,56,56,,,,,,,,,,,,,,,,,,,,,,,,,,,,,,,,,,,,,,,,,,,,,,,,
2191,2000,2551,2547,,0,45,45,47,47,33,33,35,35,41,41,45,45,124,124,986,986,1156,1156,1110,1110,1070,1070,989,989,903,903,956,956,926,926,960,960,982,982,1030,1030,933,933,349,349,224,224,151,151,110,110,56,56,,,,,,,,,,,,,,,,,,,,,,,,,,,,,,,,,,,,,,,,,,,,,,,,
2192,4400,2414,2545,,0,34,34,35,35,24,24,26,26,31,31,34,34,93,93,1033,1033,1204,1204,1104,1104,1020,1020,1010,1010,922,922,958,958,984,984,1034,1034,1068,1068,1124,1124,1040,1040,262,262,168,168,114,114,82,82,42,42,,,,,,,,,,,,,,,,,,,,,,,,,,,,,,,,,,,,,,,,,,,,,,,,
2193,1600,2163,2509,,0,0,0,0,0,0,0,0,0,0,0,0,0,0,0,2,2,2,2,2,2,2,2,2,2,1,1,1,1,1,1,2,2,2,2,2,2,2,2,0,0,0,0,0,0,0,0,0,0,,,,,,,,,,,,,,,,,,,,,,,,,,,,,,,,,,,,,,,,,,,,,,,,
2194,800,2195,2511,,0,0,0,0,0,0,0,0,0,0,0,0,0,0,0,3,3,3,3,3,3,3,3,3,3,2,2,2,2,2,2,3,3,3,3,3,3,3,3,1,1,0,0,0,0,0,0,0,0,,,,,,,,,,,,,,,,,,,,,,,,,,,,,,,,,,,,,,,,,,,,,,,,
2195,1200,2194,2204,2508;2506,2,0,0,0,0,0,0,0,0,0,0,0,0,0,0,2,2,2,2,2,2,2,2,2,2,2,2,2,2,2,2,2,2,2,2,2,2,2,2,0,0,0,0,0,0,0,0,0,0,,,,,,,,,,,,,,,,,,,,,,,,,,,,,,,,,,,,,,,,,,,,,,,,
2196,1200,,2529,,0,0,0,0,0,0,0,0,0,0,0,0,0,0,0,6,6,7,7,7,7,7,7,6,6,6,6,6,6,6,6,6,6,7,7,7,7,6,6,1,1,1,1,1,1,0,0,0,0,,,,,,,,,,,,,,,,,,,,,,,,,,,,,,,,,,,,,,,,,,,,,,,,
2197,800,,2515,,0,0,0,0,0,0,0,0,0,0,0,0,0,0,0,2,2,2,2,2,2,2,2,2,2,2,2,2,2,2,2,2,2,2,2,2,2,2,2,0,0,0,0,0,0,0,0,0,0,,,,,,,,,,,,,,,,,,,,,,,,,,,,,,,,,,,,,,,,,,,,,,,,
2198,3500,2555,2553,,0,45,45,47,47,33,33,35,35,41,41,45,45,124,124,986,986,1156,1156,1110,1110,1070,1070,989,989,903,903,956,956,926,926,960,960,982,982,1030,1030,933,933,349,349,224,224,151,151,110,110,56,56,,,,,,,,,,,,,,,,,,,,,,,,,,,,,,,,,,,,,,,,,,,,,,,,
2199,4000,2558,2544,2550;2213,2,45,45,47,47,33,33,35,35,41,41,45,45,124,124,986,986,1156,1156,1110,1110,1070,1070,989,989,903,903,956,956,926,926,960,960,982,982,1030,1030,933,933,349,349,224,224,151,151,110,110,56,56,,,,,,,,,,,,,,,,,,,,,,,,,,,,,,,,,,,,,,,,,,,,,,,,
22,2500,26,7,,0,67,67,70,70,49,49,53,53,62,62,67,67,186,186,910,910,1134,1134,1023,1023,977,977,900,900,812,812,861,861,864,864,851,851,886,886,939,939,854,854,524,524,336,336,227,227,165,165,84,84,,,,,,,,,,,,,,,,,,,,,,,,,,,,,,,,,,,,,,,,,,,,,,,,
220,2000,217,237,390;229,2,54,54,56,56,39,39,42,42,50,50,54,54,149,149,956,956,1147,1147,1075,1075,1033,1033,954,954,866,866,918,918,901,901,917,917,943,943,993,993,901,901,419,419,269,269,182,182,132,132,67,67,,,,,,,,,,,,,,,,,,,,,,,,,,,,,,,,,,,,,,,,,,,,,,,,
2200,2000,2533,2527,,0,17,17,18,18,12,12,13,13,16,16,17,17,46,46,1086,1086,1203,1203,1194,1194,1138,1138,1089,1089,1003,1003,1052,1052,1018,1018,1107,1107,1120,1120,1167,1167,1066,1066,131,131,84,84,57,57,41,41,21,21,,,,,,,,,,,,,,,,,,,,,,,,,,,,,,,,,,,,,,,,,,,,,,,,
2201,1200,2515,2207,,0,0,0,0,0,0,0,0,0,0,0,0,0,0,0,4,4,5,5,4,4,4,4,4,4,4,4,4,4,4,4,4,4,4,4,4,4,4,4,1,1,1,1,0,0,0,0,0,0,,,,,,,,,,,,,,,,,,,,,,,,,,,,,,,,,,,,,,,,,,,,,,,,
2202,800,2211,2190,,0,0,0,0,0,0,0,0,0,0,0,0,0,0,0,3,3,4,4,4,4,3,3,3,3,3,3,3,3,3,3,3,3,3,3,3,3,3,3,1,1,1,1,1,1,0,0,0,0,,,,,,,,,,,,,,,,,,,,,,,,,,,,,,,,,,,,,,,,,,,,,,,,
2203,2000,2207,2523,,0,17,17,18,18,12,12,13,13,16,16,17,17,46,46,1086,1086,1203,1203,1194,1194,1138,1138,1089,1089,1003,1003,1052,1052,1018,1018,1107,1107,1120,1120,1167,1167,1066,1066,131,131,84,84,57,57,41,41,21,21,,,,,,,,,,,,,,,,,,,,,,,,,,,,,,,,,,,,,,,,,,,,,,,,
2204,1200,2206,2195,,0,0,0,0,0,0,0,0,0,0,0,0,0,0,0,2,2,2,2,2,2,2,2,2,2,2,2,2,2,2,2,2,2,2,2,2,2,2,2,0,0,0,0,0,0,0,0,0,0,,,,,,,,,,,,,,,,,,,,,,,,,,,,,,,,,,,,,,,,,,,,,,,,
2205,4000,2184,2214,,0,45,45,47,47,33,33,35,35,41,41,45,45,124,124,986,986,1156,1156,1110,1110,1070,1070,989,989,903,903,956,956,926,926,960,960,982,982,1030,1030,933,933,349,349,224,224,151,151,110,110,56,56,,,,,,,,,,,,,,,,,,,,,,,,,,,,,,,,,,,,,,,,,,,,,,,,
2206,1200,2204,6764,6744;2227,2,0,0,0,0,0,0,0,0,0,0,0,0,0,0,3,3,4,4,3,3,3,3,3,3,3,3,3,3,3,3,3,3,3,3,3,3,3,3,2,2,1,1,1,1,0,0,0,0,,,,,,,,,,,,,,,,,,,,,,,,,,,,,,,,,,,,,,,,,,,,,,,,
2207,2000,2216,2203,2201;2516,2,17,17,18,18,12,12,13,13,16,16,17,17,46,46,1086,1086,1203,1203,1194,1194,1138,1138,1089,1089,1003,1003,1052,1052,1018,1018,1107,1107,1120,1120,1167,1167,1066,1066,131,131,84,84,57,57,41,41,21,21,,,,,,,,,,,,,,,,,,,,,,,,,,,,,,,,,,,,,,,,,,,,,,,,
2208,1600,2211,2557,,0,0,0,0,0,0,0,0,0,0,0,0,0,0,0,2,2,3,3,3,3,2,2,2,2,2,2,2,2,2,2,2,2,2,2,2,2,2,2,1,1,1,1,0,0,0,0,0,0,,,,,,,,,,,,,,,,,,,,,,,,,,,,,,,,,,,,,,,,,,,,,,,,
2209,2500,2541,2543,,0,0,0,0,0,0,0,0,0,0,0,0,0,0,0,1138,1138,1201,1201,1284,1284,1257,1257,1168,1168,1084,1084,1145,1145,1051,1051,1179,1179,1173,1173,1211,1211,1091,1091,0,0,0,0,0,0,0,0,0,0,,,,,,,,,,,,,,,,,,,,,,,,,,,,,,,,,,,,,,,,,,,,,,,,
221,3000,213,226,,0,38,38,40,40,28,28,30,30,35,35,38,38,106,106,1010,1010,1173,1173,1121,1121,1069,1069,1008,1008,921,921,970,970,952,952,997,997,1020,1020,1069,1069,975,975,299,299,192,192,130,130,94,94,48,48,,,,,,,,,,,,,,,,,,,,,,,,,,,,,,,,,,,,,,,,,,,,,,,,
2210,2500,2570,2575,,0,67,67,70,70,49,49,53,53,62,62,67,67,186,186,910,910,1134,1134,1023,1023,977,977,900,900,812,812,861,861,864,864,851,851,886,886,939,939,854,854,524,524,336,336,227,227,165,165,84,84,,,,,,,,,,,,,,,,,,,,,,,,,,,,,,,,,,,,,,,,,,,,,,,,
2211,1600,2212,2208,2202;2560,2,0,0,0,0,0,0,0,0,0,0,0,0,0,0,2,2,2,2,2,2,2,2,2,2,2,2,2,2,2,2,2,2,2,2,2,2,2,2,1,1,0,0,0,0,0,0,0,0,,,,,,,,,,,,,,,,,,,,,,,,,,,,,,,,,,,,,,,,,,,,,,,,
2212,1200,2211,2214,,0,0,0,0,0,0,0,0,0,0,0,0,0,0,0,2,2,2,2,2,2,2,2,2,2,2,2,2,2,2,2,2,2,2,2,2,2,2,2,1,1,0,0,0,0,0,0,0,0,,,,,,,,,,,,,,,,,,,,,,,,,,,,,,,,,,,,,,,,,,,,,,,,
2213,4400,2199,2219,,0,45,45,47,47,33,33,35,35,41,41,45,45,124,124,986,986,1156,1156,1110,1110,1070,1070,989,989,903,903,956,956,926,926,960,960,982,982,1030,1030,933,933,349,349,224,224,151,151,110,110,56,56,,,,,,,,,,,,,,,,,,,,,,,,,,,,,,,,,,,,,,,,,,,,,,,,
2214,1600,2212,2215,2205;2247,2,0,0,0,0,0,0,0,0,0,0,0,0,0,0,3,3,4,4,4,4,4,4,3,3,3,3,3,3,3,3,3,3,3,3,4,4,3,3,1,1,1,1,1,1,0,0,0,0,,,,,,,,,,,,,,,,,,,,,,,,,,,,,,,,,,,,,,,,,,,,,,,,
2215,1500,2217,2214,,0,45,45,47,47,33,33,35,35,41,41,45,45,124,124,986,986,1156,1156,1110,1110,1070,1070,989,989,903,903,956,956,926,926,960,960,982,982,1030,1030,933,933,349,349,224,224,151,151,110,110,56,56,,,,,,,,,,,,,,,,,,,,,,,,,,,,,,,,,,,,,,,,,,,,,,,,
2216,1500,2223,2207,,0,17,17,18,18,12,12,13,13,16,16,17,17,46,46,1086,1086,1203,1203,1194,1194,1138,1138,1089,1089,1003,1003,1052,1052,1018,1018,1107,1107,1120,1120,1167,1167,1066,1066,131,131,84,84,57,57,41,41,21,21,,,,,,,,,,,,,,,,,,,,,,,,,,,,,,,,,,,,,,,,,,,,,,,,
2217,2500,2215,8805,2572;2504,2,45,45,47,47,33,33,35,35,41,41,45,45,124,124,986,986,1156,1156,1110,1110,1070,1070,989,989,903,903,956,956,926,926,960,960,982,982,1030,1030,933,933,349,349,224,224,151,151,110,110,56,56,,,,,,,,,,,,,,,,,,,,,,,,,,,,,,,,,,,,,,,,,,,,,,,,
2218,4400,2513,2223,,0,17,17,18,18,12,12,13,13,16,16,17,17,46,46,1086,1086,1203,1203,1194,1194,1138,1138,1089,1089,1003,1003,1052,1052,1018,1018,1107,1107,1120,1120,1167,1167,1066,1066,131,131,84,84,57,57,41,41,21,21,,,,,,,,,,,,,,,,,,,,,,,,,,,,,,,,,,,,,,,,,,,,,,,,
2219,4400,2222,2213,,0,45,45,47,47,33,33,35,35,41,41,45,45,124,124,986,986,1156,1156,1110,1110,1070,1070,989,989,903,903,956,956,926,926,960,960,982,982,1030,1030,933,933,349,349,224,224,151,151,110,110,56,56,,,,,,,,,,,,,,,,,,,,,,,,,,,,,,,,,,,,,,,,,,,,,,,,
222,2000,425,197,,0,54,54,56,56,39,39,42,42,50,50,54,54,149,149,956,956,1147,1147,1075,1075,1033,1033,954,954,866,866,918,918,901,901,917,917,943,943,993,993,901,901,419,419,269,269,182,182,132,132,67,67,,,,,,,,,,,,,,,,,,,,,,,,,,,,,,,,,,,,,,,,,,,,,,,,
2220,2500,2535,2525,,0,17,17,18,18,12,12,13,13,16,16,17,17,46,46,1086,1086,1203,1203,1194,1194,1138,1138,1089,1089,1003,1003,1052,1052,1018,1018,1107,1107,1120,1120,1167,1167,1066,1066,131,131,84,84,57,57,41,41,21,21,,,,,,,,,,,,,,,,,,,,,,,,,,,,,,,,,,,,,,,,,,,,,,,,
2221,1500,2535,2231,,0,17,17,18,18,12,12,13,13,16,16,17,17,46,46,1086,1086,1203,1203,1194,1194,1138,1138,1089,1089,1003,1003,1052,1052,1018,1018,1107,1107,1120,1120,1167,1167,1066,1066,131,131,84,84,57,57,41,41,21,21,,,,,,,,,,,,,,,,,,,,,,,,,,,,,,,,,,,,,,,,,,,,,,,,
2222,4400,2484,2542,2219;2225,2,17,17,18,18,12,12,13,13,16,16,17,17,46,46,1086,1086,1203,1203,1194,1194,1138,1138,1089,1089,1003,1003,1052,1052,1018,1018,1107,1107,1120,1120,1167,1167,1066,1066,131,131,84,84,57,57,41,41,21,21,,,,,,,,,,,,,,,,,,,,,,,,,,,,,,,,,,,,,,,,,,,,,,,,
2223,2500,2230,2216,2218;2263,2,17,17,18,18,12,12,13,13,16,16,17,17,46,46,1086,1086,1203,1203,1194,1194,1138,1138,1089,1089,1003,1003,1052,1052,1018,1018,1107,1107,1120,1120,1167,1167,1066,1066,131,131,84,84,57,57,41,41,21,21,,,,,,,,,,,,,,,,,,,,,,,,,,,,,,,,,,,,,,,,,,,,,,,,
2224,2500,2521,2517,,0,17,17,18,18,12,12,13,13,16,16,17,17,46,46,1086,1086,1203,1203,1194,1194,1138,1138,1089,1089,1003,1003,1052,1052,1018,1018,1107,1107,1120,1120,1167,1167,1066,1066,131,131,84,84,57,57,41,41,21,21,,,,,,,,,,,,,,,,,,,,,,,,,,,,,,,,,,,,,,,,,,,,,,,,
2225,4000,2231,2222,,0,17,17,18,18,12,12,13,13,16,16,17,17,46,46,1086,1086,1203,1203,1194,1194,1138,1138,1089,1089,1003,1003,1052,1052,1018,1018,1107,1107,1120,1120,1167,1167,1066,1066,131,131,84,84,57,57,41,41,21,21,,,,,,,,,,,,,,,,,,,,,,,,,,,,,,,,,,,,,,,,,,,,,,,,
2226,800,2234,2507,,0,0,0,0,0,0,0,0,0,0,0,0,0,0,0,3,3,4,4,4,4,3,3,3,3,3,3,3,3,3,3,3,3,3,3,4,4,3,3,1,1,0,0,0,0,0,0,0,0,,,,,,,,,,,,,,,,,,,,,,,,,,,,,,,,,,,,,,,,,,,,,,,,
2227,1600,2206,2232,,0,0,0,0,0,0,0,0,0,0,0,0,0,0,0,3,3,4,4,3,3,3,3,3,3,3,3,3,3,3,3,3,3,3,3,3,3,3,3,2,2,1,1,1,1,0,0,0,0,,,,,,,,,,,,,,,,,,,,,,,,,,,,,,,,,,,,,,,,,,,,,,,,
2228,800,2557,2235,,0,0,0,0,0,0,0,0,0,0,0,0,0,0,0,2,2,2,2,2,2,2,2,2,2,2,2,2,2,2,2,2,2,2,2,2,2,2,2,1,1,0,0,0,0,0,0,0,0,,,,,,,,,,,,,,,,,,,,,,,,,,,,,,,,,,,,,,,,,,,,,,,,
2229,2000,2507,2232,,0,17,17,18,18,12,12,13,13,16,16,17,17,46,46,1086,1086,1203,1203,1194,1194,1138,1138,1089,1089,1003,1003,1052,1052,1018,1018,1107,1107,1120,1120,1167,1167,1066,1066,131,131,84,84,57,57,41,41,21,21,,,,,,,,,,,,,,,,,,,,,,,,,,,,,,,,,,,,,,,,,,,,,,,,
223,2500,218,228,,0,54,54,56,56,39,39,42,42,50,50,54,54,149,149,956,956,1147,1147,1075,1075,1033,1033,954,954,866,866,918,918,901,901,917,917,943,943,993,993,901,901,419,419,269,269,182,182,132,132,67,67,,,,,,,,,,,,,,,,,,,,,,,,,,,,,,,,,,,,,,,,,,,,,,,,
2230,1500,2223,2234,,0,17,17,18,18,12,12,13,13,16,16,17,17,46,46,1086,1086,1203,1203,1194,1194,1138,1138,1089,1089,1003,1003,1052,1052,1018,1018,1107,1107,1120,1120,1167,1167,1066,1066,131,131,84,84,57,57,41,41,21,21,,,,,,,,,,,,,,,,,,,,,,,,,,,,,,,,,,,,,,,,,,,,,,,,
2231,2500,2280,2221,2225;2239,2,17,17,18,18,12,12,13,13,16,16,17,17,46,46,1086,1086,1203,1203,1194,1194,1138,1138,1089,1089,1003,1003,1052,1052,1018,1018,1107,1107,1120,1120,1167,1167,1066,1066,131,131,84,84,57,57,41,41,21,21,,,,,,,,,,,,,,,,,,,,,,,,,,,,,,,,,,,,,,,,,,,,,,,,
2232,1500,2229,6785,2227;2242,2,17,17,18,18,12,12,13,13,16,16,17,17,46,46,1086,1086,1203,1203,1194,1194,1138,1138,1089,1089,1003,1003,1052,1052,1018,1018,1107,1107,1120,1120,1167,1167,1066,1066,131,131,84,84,57,57,41,41,21,21,,,,,,,,,,,,,,,,,,,,,,,,,,,,,,,,,,,,,,,,,,,,,,,,
2233,1200,2561,2235,,0,0,0,0,0,0,0,0,0,0,0,0,0,0,0,1,1,1,1,1,1,1,1,1,1,1,1,1,1,1,1,1,1,1,1,1,1,1,1,0,0,0,0,0,0,0,0,0,0,,,,,,,,,,,,,,,,,,,,,,,,,,,,,,,,,,,,,,,,,,,,,,,,
2234,1600,2464,2226,2230;2244,2,0,0,0,0,0,0,0,0,0,0,0,0,0,0,5,5,5,5,5,5,5,5,4,4,4,4,4,4,4,4,5,5,5,5,5,5,4,4,1,1,1,1,0,0,0,0,0,0,,,,,,,,,,,,,,,,,,,,,,,,,,,,,,,,,,,,,,,,,,,,,,,,
2235,1600,2233,2237,2228;2488,2,0,0,0,0,0,0,0,0,0,0,0,0,0,0,3,3,3,3,3,3,3,3,3,3,2,2,2,2,3,3,3,3,3,3,3,3,3,3,1,1,1,1,0,0,0,0,0,0,,,,,,,,,,,,,,,,,,,,,,,,,,,,,,,,,,,,,,,,,,,,,,,,
2236,2000,2188,2529,,0,17,17,18,18,12,12,13,13,16,16,17,17,46,46,1086,1086,1203,1203,1194,1194,1138,1138,1089,1089,1003,1003,1052,1052,1018,1018,1107,1107,1120,1120,1167,1167,1066,1066,131,131,84,84,57,57,41,41,21,21,,,,,,,,,,,,,,,,,,,,,,,,,,,,,,,,,,,,,,,,,,,,,,,,
2237,1500,2559,2235,,0,45,45,47,47,33,33,35,35,41,41,45,45,124,124,986,986,1156,1156,1110,1110,1070,1070,989,989,903,903,956,956,926,926,960,960,982,982,1030,1030,933,933,349,349,224,224,151,151,110,110,56,56,,,,,,,,,,,,,,,,,,,,,,,,,,,,,,,,,,,,,,,,,,,,,,,,
2238,1600,8990,2505,,0,0,0,0,0,0,0,0,0,0,0,0,0,1,1,8,8,9,9,8,8,8,8,7,7,7,7,7,7,7,7,7,7,7,7,8,8,7,7,3,3,2,2,1,1,1,1,0,0,,,,,,,,,,,,,,,,,,,,,,,,,,,,,,,,,,,,,,,,,,,,,,,,
2239,4400,2231,2243,,0,17,17,18,18,12,12,13,13,16,16,17,17,46,46,1086,1086,1203,1203,1194,1194,1138,1138,1089,1089,1003,1003,1052,1052,1018,1018,1107,1107,1120,1120,1167,1167,1066,1066,131,131,84,84,57,57,41,41,21,21,,,,,,,,,,,,,,,,,,,,,,,,,,,,,,,,,,,,,,,,,,,,,,,,
224,2500,391,228,,0,54,54,56,56,39,39,42,42,50,50,54,54,149,149,956,956,1147,1147,1075,1075,1033,1033,954,954,866,866,918,918,901,901,917,917,943,943,993,993,901,901,419,419,269,269,182,182,132,132,67,67,,,,,,,,,,,,,,,,,,,,,,,,,,,,,,,,,,,,,,,,,,,,,,,,
2240,2500,2523,2521,,0,17,17,18,18,12,12,13,13,16,16,17,17,46,46,1086,1086,1203,1203,1194,1194,1138,1138,1089,1089,1003,1003,1052,1052,1018,1018,1107,1107,1120,1120,1167,1167,1066,1066,131,131,84,84,57,57,41,41,21,21,,,,,,,,,,,,,,,,,,,,,,,,,,,,,,,,,,,,,,,,,,,,,,,,
2241,2500,2475,2519,,0,17,17,18,18,12,12,13,13,16,16,17,17,46,46,1086,1086,1203,1203,1194,1194,1138,1138,1089,1089,1003,1003,1052,1052,1018,1018,1107,1107,1120,1120,1167,1167,1066,1066,131,131,84,84,57,57,41,41,21,21,,,,,,,,,,,,,,,,,,,,,,,,,,,,,,,,,,,,,,,,,,,,,,,,
2242,1200,2245,2232,,0,0,0,0,0,0,0,0,0,0,0,0,0,0,0,5,5,6,6,6,6,6,6,5,5,5,5,5,5,5,5,5,5,5,5,6,6,5,5,1,1,1,1,0,0,0,0,0,0,,,,,,,,,,,,,,,,,,,,,,,,,,,,,,,,,,,,,,,,,,,,,,,,
2243,3000,2524,2252,2239;2472,2,17,17,18,18,12,12,13,13,16,16,17,17,46,46,1086,1086,1203,1203,1194,1194,1138,1138,1089,1089,1003,1003,1052,1052,1018,1018,1107,1107,1120,1120,1167,1167,1066,1066,131,131,84,84,57,57,41,41,21,21,,,,,,,,,,,,,,,,,,,,,,,,,,,,,,,,,,,,,,,,,,,,,,,,
2244,1600,2234,2245,,0,0,0,0,0,0,0,0,0,0,0,0,0,0,0,3,3,3,3,3,3,3,3,3,3,3,3,3,3,3,3,3,3,3,3,3,3,3,3,1,1,0,0,0,0,0,0,0,0,,,,,,,,,,,,,,,,,,,,,,,,,,,,,,,,,,,,,,,,,,,,,,,,
2245,1600,6803,2244,2242;2258,2,0,0,0,0,0,0,0,0,0,0,0,0,0,0,3,3,3,3,3,3,3,3,3,3,3,3,3,3,3,3,3,3,3,3,3,3,3,3,1,1,0,0,0,0,0,0,0,0,,,,,,,,,,,,,,,,,,,,,,,,,,,,,,,,,,,,,,,,,,,,,,,,
2246,1200,2561,2251,,0,0,0,0,0,0,0,0,0,0,0,0,0,0,0,3,3,3,3,3,3,3,3,3,3,3,3,3,3,3,3,3,3,3,3,3,3,3,3,1,1,1,1,0,0,0,0,0,0,,,,,,,,,,,,,,,,,,,,,,,,,,,,,,,,,,,,,,,,,,,,,,,,
2247,4000,2214,2253,,0,45,45,47,47,33,33,35,35,41,41,45,45,124,124,986,986,1156,1156,1110,1110,1070,1070,989,989,903,903,956,956,926,926,960,960,982,982,1030,1030,933,933,349,349,224,224,151,151,110,110,56,56,,,,,,,,,,,,,,,,,,,,,,,,,,,,,,,,,,,,,,,,,,,,,,,,
2248,1600,2489,2251,,0,0,0,0,0,0,0,0,0,0,0,0,0,0,0,1,1,2,2,1,1,1,1,1,1,1,1,1,1,1,1,1,1,1,1,1,1,1,1,1,1,0,0,0,0,0,0,0,0,,,,,,,,,,,,,,,,,,,,,,,,,,,,,,,,,,,,,,,,,,,,,,,,
2249,2000,2501,2505,,0,45,45,47,47,33,33,35,35,41,41,45,45,124,124,986,986,1156,1156,1110,1110,1070,1070,989,989,903,903,956,956,926,926,960,960,982,982,1030,1030,933,933,349,349,224,224,151,151,110,110,56,56,,,,,,,,,,,,,,,,,,,,,,,,,,,,,,,,,,,,,,,,,,,,,,,,
225,4000,456,5144,216;5010,2,38,38,40,40,28,28,30,30,35,35,38,38,106,106,1010,1010,1173,1173,1121,1121,1069,1069,1008,1008,921,921,970,970,952,952,997,997,1020,1020,1069,1069,975,975,299,299,192,192,130,130,94,94,48,48,,,,,,,,,,,,,,,,,,,,,,,,,,,,,,,,,,,,,,,,,,,,,,,,
2250,1000,2253,2251,,0,45,45,47,47,33,33,35,35,41,41,45,45,124,124,986,986,1156,1156,1110,1110,1070,1070,989,989,903,903,956,956,926,926,960,960,982,982,1030,1030,933,933,349,349,224,224,151,151,110,110,56,56,,,,,,,,,,,,,,,,,,,,,,,,,,,,,,,,,,,,,,,,,,,,,,,,
2251,1600,2248,2250,2246;2492,2,0,0,0,0,0,0,0,0,0,0,0,0,0,0,4,4,4,4,4,4,4,4,4,4,3,3,3,3,4,4,4,4,4,4,4,4,4,4,1,1,1,1,1,1,0,0,0,0,,,,,,,,,,,,,,,,,,,,,,,,,,,,,,,,,,,,,,,,,,,,,,,,
2252,2000,2256,2243,,0,17,17,18,18,12,12,13,13,16,16,17,17,46,46,1086,1086,1203,1203,1194,1194,1138,1138,1089,1089,1003,1003,1052,1052,1018,1018,1107,1107,1120,1120,1167,1167,1066,1066,131,131,84,84,57,57,41,41,21,21,,,,,,,,,,,,,,,,,,,,,,,,,,,,,,,,,,,,,,,,,,,,,,,,
2253,2000,2250,2500,2247;2287,2,45,45,47,47,33,33,35,35,41,41,45,45,124,124,986,986,1156,1156,1110,1110,1070,1070,989,989,903,903,956,956,926,926,960,960,982,982,1030,1030,933,933,349,349,224,224,151,151,110,110,56,56,,,,,,,,,,,,,,,,,,,,,,,,,,,,,,,,,,,,,,,,,,,,,,,,
2254,1200,2517,2475,,0,0,0,0,0,0,0,0,0,0,0,0,0,0,0,6,6,7,7,7,7,7,7,6,6,6,6,6,6,6,6,6,6,6,6,7,7,6,6,1,1,1,1,1,1,0,0,0,0,,,,,,,,,,,,,,,,,,,,,,,,,,,,,,,,,,,,,,,,,,,,,,,,
2255,2000,2256,2483,,0,17,17,18,18,12,12,13,13,16,16,17,17,46,46,1086,1086,1203,1203,1194,1194,1138,1138,1089,1089,1003,1003,1052,1052,1018,1018,1107,1107,1120,1120,1167,1167,1066,1066,131,131,84,84,57,57,41,41,21,21,,,,,,,,,,,,,,,,,,,,,,,,,,,,,,,,,,,,,,,,,,,,,,,,
2256,2000,2275,2255,2252;2264,2,17,17,18,18,12,12,13,13,16,16,17,17,46,46,1086,1086,1203,1203,1194,1194,1138,1138,1089,1089,1003,1003,1052,1052,1018,1018,1107,1107,1120,1120,1167,1167,1066,1066,131,131,84,84,57,57,41,41,21,21,,,,,,,,,,,,,,,,,,,,,,,,,,,,,,,,,,,,,,,,,,,,,,,,
2257,1600,8992,2501,,0,53,53,55,55,38,38,42,42,48,48,53,53,146,146,715,715,891,891,804,804,768,768,707,707,638,638,676,676,679,679,669,669,696,696,738,738,671,671,411,411,264,264,178,178,130,130,66,66,,,,,,,,,,,,,,,,,,,,,,,,,,,,,,,,,,,,,,,,,,,,,,,,
2258,1200,2261,2245,,0,0,0,0,0,0,0,0,0,0,0,0,0,0,0,1,1,2,2,2,2,1,1,1,1,1,1,1,1,1,1,1,1,1,1,1,1,1,1,0,0,0,0,0,0,0,0,0,0,,,,,,,,,,,,,,,,,,,,,,,,,,,,,,,,,,,,,,,,,,,,,,,,
2259,1600,2465,2261,,0,0,0,0,0,0,0,0,0,0,0,0,0,0,0,2,2,2,2,2,2,2,2,2,2,2,2,2,2,2,2,2,2,2,2,2,2,2,2,0,0,0,0,0,0,0,0,0,0,,,,,,,,,,,,,,,,,,,,,,,,,,,,,,,,,,,,,,,,,,,,,,,,
226,4000,230,221,219;269,2,38,38,40,40,28,28,30,30,35,35,38,38,106,106,1010,1010,1173,1173,1121,1121,1069,1069,1008,1008,921,921,970,970,952,952,997,997,1020,1020,1069,1069,975,975,299,299,192,192,130,130,94,94,48,48,,,,,,,,,,,,,,,,,,,,,,,,,,,,,,,,,,,,,,,,,,,,,,,,
2260,4000,2473,2262,,0,17,17,18,18,12,12,13,13,16,16,17,17,46,46,1086,1086,1203,1203,1194,1194,1138,1138,1089,1089,1003,1003,1052,1052,1018,1018,1107,1107,1120,1120,1167,1167,1066,1066,131,131,84,84,57,57,41,41,21,21,,,,,,,,,,,,,,,,,,,,,,,,,,,,,,,,,,,,,,,,,,,,,,,,
2261,1200,2272,2259,2258;2271,2,0,0,0,0,0,0,0,0,0,0,0,0,0,0,1,1,2,2,2,2,2,2,1,1,1,1,1,1,1,1,1,1,1,1,2,2,1,1,0,0,0,0,0,0,0,0,0,0,,,,,,,,,,,,,,,,,,,,,,,,,,,,,,,,,,,,,,,,,,,,,,,,
2262,3000,2289,2474,2260;2265,2,17,17,18,18,12,12,13,13,16,16,17,17,46,46,1086,1086,1203,1203,1194,1194,1138,1138,1089,1089,1003,1003,1052,1052,1018,1018,1107,1107,1120,1120,1167,1167,1066,1066,131,131,84,84,57,57,41,41,21,21,,,,,,,,,,,,,,,,,,,,,,,,,,,,,,,,,,,,,,,,,,,,,,,,
2263,4400,2274,2223,,0,17,17,18,18,12,12,13,13,16,16,17,17,46,46,1086,1086,1203,1203,1194,1194,1138,1138,1089,1089,1003,1003,1052,1052,1018,1018,1107,1107,1120,1120,1167,1167,1066,1066,131,131,84,84,57,57,41,41,21,21,,,,,,,,,,,,,,,,,,,,,,,,,,,,,,,,,,,,,,,,,,,,,,,,
2264,2000,2268,2256,,0,17,17,18,18,12,12,13,13,16,16,17,17,46,46,1086,1086,1203,1203,1194,1194,1138,1138,1089,1089,1003,1003,1052,1052,1018,1018,1107,1107,1120,1120,1167,1167,1066,1066,131,131,84,84,57,57,41,41,21,21,,,,,,,,,,,,,,,,,,,,,,,,,,,,,,,,,,,,,,,,,,,,,,,,
2265,4400,2262,2274,,0,17,17,18,18,12,12,13,13,16,16,17,17,46,46,1086,1086,1203,1203,1194,1194,1138,1138,1089,1089,1003,1003,1052,1052,1018,1018,1107,1107,1120,1120,1167,1167,1066,1066,131,131,84,84,57,57,41,41,21,21,,,,,,,,,,,,,,,,,,,,,,,,,,,,,,,,,,,,,,,,,,,,,,,,
2266,1600,2491,2489,,0,0,0,0,0,0,0,0,0,0,0,0,0,1,1,4,4,5,5,5,5,5,5,4,4,4,4,4,4,4,4,4,4,4,4,5,5,4,4,2,2,1,1,1,1,1,1,0,0,,,,,,,,,,,,,,,,,,,,,,,,,,,,,,,,,,,,,,,,,,,,,,,,
2267,2500,2268,2481,,0,17,17,18,18,12,12,13,13,16,16,17,17,46,46,1086,1086,1203,1203,1194,1194,1138,1138,1089,1089,1003,1003,1052,1052,1018,1018,1107,1107,1120,1120,1167,1167,1066,1066,131,131,84,84,57,57,41,41,21,21,,,,,,,,,,,,,,,,,,,,,,,,,,,,,,,,,,,,,,,,,,,,,,,,
2268,2500,2267,2292,2264;2281,2,17,17,18,18,12,12,13,13,16,16,17,17,46,46,1086,1086,1203,1203,1194,1194,1138,1138,1089,1089,1003,1003,1052,1052,1018,1018,1107,1107,1120,1120,1167,1167,1066,1066,131,131,84,84,57,57,41,41,21,21,,,,,,,,,,,,,,,,,,,,,,,,,,,,,,,,,,,,,,,,,,,,,,,,
2269,1200,2491,2493,,0,0,0,0,0,0,0,0,0,0,0,0,0,0,0,2,2,3,3,3,3,3,3,2,2,2,2,2,2,2,2,2,2,2,2,3,3,2,2,1,1,1,1,0,0,0,0,0,0,,,,,,,,,,,,,,,,,,,,,,,,,,,,,,,,,,,,,,,,,,,,,,,,
227,1500,218,387,,0,54,54,56,56,39,39,42,42,50,50,54,54,149,149,956,956,1147,1147,1075,1075,1033,1033,954,954,866,866,918,918,901,901,917,917,943,943,993,993,901,901,419,419,269,269,182,182,132,132,67,67,,,,,,,,,,,,,,,,,,,,,,,,,,,,,,,,,,,,,,,,,,,,,,,,
2270,1000,2467,2279,,0,17,17,18,18,12,12,13,13,16,16,17,17,46,46,1086,1086,1203,1203,1194,1194,1138,1138,1089,1089,1003,1003,1052,1052,1018,1018,1107,1107,1120,1120,1167,1167,1066,1066,131,131,84,84,57,57,41,41,21,21,,,,,,,,,,,,,,,,,,,,,,,,,,,,,,,,,,,,,,,,,,,,,,,,
2271,1200,2276,2261,,0,0,0,0,0,0,0,0,0,0,0,0,0,0,0,3,3,3,3,3,3,3,3,3,3,3,3,3,3,3,3,3,3,3,3,3,3,3,3,1,1,0,0,0,0,0,0,0,0,,,,,,,,,,,,,,,,,,,,,,,,,,,,,,,,,,,,,,,,,,,,,,,,
2272,1600,2261,7071,,0,53,53,55,55,38,38,42,42,48,48,53,53,146,146,715,715,891,891,804,804,768,768,707,707,638,638,676,676,679,679,669,669,696,696,738,738,671,671,411,411,264,264,178,178,130,130,66,66,,,,,,,,,,,,,,,,,,,,,,,,,,,,,,,,,,,,,,,,,,,,,,,,
2273,1600,2467,2276,,0,0,0,0,0,0,0,0,0,0,0,0,0,0,0,3,3,3,3,3,3,3,3,3,3,2,2,3,3,3,3,3,3,3,3,3,3,3,3,1,1,0,0,0,0,0,0,0,0,,,,,,,,,,,,,,,,,,,,,,,,,,,,,,,,,,,,,,,,,,,,,,,,
2274,4400,2277,2265,2263;2304,2,17,17,18,18,12,12,13,13,16,16,17,17,46,46,1086,1086,1203,1203,1194,1194,1138,1138,1089,1089,1003,1003,1052,1052,1018,1018,1107,1107,1120,1120,1167,1167,1066,1066,131,131,84,84,57,57,41,41,21,21,,,,,,,,,,,,,,,,,,,,,,,,,,,,,,,,,,,,,,,,,,,,,,,,
2275,2500,2471,2256,,0,17,17,18,18,12,12,13,13,16,16,17,17,46,46,1086,1086,1203,1203,1194,1194,1138,1138,1089,1089,1003,1003,1052,1052,1018,1018,1107,1107,1120,1120,1167,1167,1066,1066,131,131,84,84,57,57,41,41,21,21,,,,,,,,,,,,,,,,,,,,,,,,,,,,,,,,,,,,,,,,,,,,,,,,
2276,1200,2273,2286,2271;2285,2,0,0,0,0,0,0,0,0,0,0,0,0,0,0,5,5,6,6,6,6,6,6,5,5,5,5,5,5,5,5,5,5,5,5,6,6,5,5,1,1,1,1,0,0,0,0,0,0,,,,,,,,,,,,,,,,,,,,,,,,,,,,,,,,,,,,,,,,,,,,,,,,
2277,4400,2274,2279,,0,17,17,18,18,12,12,13,13,16,16,17,17,46,46,1086,1086,1203,1203,1194,1194,1138,1138,1089,1089,1003,1003,1052,1052,1018,1018,1107,1107,1120,1120,1167,1167,1066,1066,131,131,84,84,57,57,41,41,21,21,,,,,,,,,,,,,,,,,,,,,,,,,,,,,,,,,,,,,,,,,,,,,,,,
2278,300,8836,,,0,33,33,31,31,22,22,23,23,26,26,31,31,88,88,1055,1055,1119,1119,1058,1058,1080,1080,966,966,980,980,861,861,1008,1008,1021,1021,988,988,1080,1080,1096,1096,421,421,249,249,150,150,110,110,68,68,,,,,,,,,,,,,,,,,,,,,,,,,,,,,,,,,,,,,,,,,,,,,,,,
2279,2000,2462,2270,2277;2297,2,17,17,18,18,12,12,13,13,16,16,17,17,46,46,1086,1086,1203,1203,1194,1194,1138,1138,1089,1089,1003,1003,1052,1052,1018,1018,1107,1107,1120,1120,1167,1167,1066,1066,131,131,84,84,57,57,41,41,21,21,,,,,,,,,,,,,,,,,,,,,,,,,,,,,,,,,,,,,,,,,,,,,,,,
228,2000,238,224,223;235,2,54,54,56,56,39,39,42,42,50,50,54,54,149,149,956,956,1147,1147,1075,1075,1033,1033,954,954,866,866,918,918,901,901,917,917,943,943,993,993,901,901,419,419,269,269,182,182,132,132,67,67,,,,,,,,,,,,,,,,,,,,,,,,,,,,,,,,,,,,,,,,,,,,,,,,
2280,2000,2483,2231,,0,17,17,18,18,12,12,13,13,16,16,17,17,46,46,1086,1086,1203,1203,1194,1194,1138,1138,1089,1089,1003,1003,1052,1052,1018,1018,1107,1107,1120,1120,1167,1167,1066,1066,131,131,84,84,57,57,41,41,21,21,,,,,,,,,,,,,,,,,,,,,,,,,,,,,,,,,,,,,,,,,,,,,,,,
2281,2000,2268,2288,,0,17,17,18,18,12,12,13,13,16,16,17,17,46,46,1086,1086,1203,1203,1194,1194,1138,1138,1089,1089,1003,1003,1052,1052,1018,1018,1107,1107,1120,1120,1167,1167,1066,1066,131,131,84,84,57,57,41,41,21,21,,,,,,,,,,,,,,,,,,,,,,,,,,,,,,,,,,,,,,,,,,,,,,,,
2282,1600,2479,2288,,0,0,0,0,0,0,0,0,0,0,0,0,0,0,0,4,4,4,4,4,4,4,4,4,4,4,4,4,4,4,4,4,4,4,4,4,4,4,4,1,1,1,1,0,0,0,0,0,0,,,,,,,,,,,,,,,,,,,,,,,,,,,,,,,,,,,,,,,,,,,,,,,,
2283,2000,2290,2485,,0,45,45,47,47,33,33,35,35,41,41,45,45,124,124,986,986,1156,1156,1110,1110,1070,1070,989,989,903,903,956,956,926,926,960,960,982,982,1030,1030,933,933,349,349,224,224,151,151,110,110,56,56,,,,,,,,,,,,,,,,,,,,,,,,,,,,,,,,,,,,,,,,,,,,,,,,
2284,1200,2493,2293,,0,0,0,0,0,0,0,0,0,0,0,0,0,1,1,5,5,5,5,5,5,5,5,5,5,4,4,4,4,4,4,5,5,5,5,5,5,5,5,2,2,1,1,1,1,1,1,0,0,,,,,,,,,,,,,,,,,,,,,,,,,,,,,,,,,,,,,,,,,,,,,,,,
2285,1500,2276,2298,,0,17,17,18,18,12,12,13,13,16,16,17,17,46,46,1086,1086,1203,1203,1194,1194,1138,1138,1089,1089,1003,1003,1052,1052,1018,1018,1107,1107,1120,1120,1167,1167,1066,1066,131,131,84,84,57,57,41,41,21,21,,,,,,,,,,,,,,,,,,,,,,,,,,,,,,,,,,,,,,,,,,,,,,,,
2286,1200,2459,2276,,0,0,0,0,0,0,0,0,0,0,0,0,0,0,0,2,2,2,2,2,2,2,2,2,2,2,2,2,2,2,2,2,2,2,2,2,2,2,2,0,0,0,0,0,0,0,0,0,0,,,,,,,,,,,,,,,,,,,,,,,,,,,,,,,,,,,,,,,,,,,,,,,,
2287,4000,2253,2295,,0,45,45,47,47,33,33,35,35,41,41,45,45,124,124,986,986,1156,1156,1110,1110,1070,1070,989,989,903,903,956,956,926,926,960,960,982,982,1030,1030,933,933,349,349,224,224,151,151,110,110,56,56,,,,,,,,,,,,,,,,,,,,,,,,,,,,,,,,,,,,,,,,,,,,,,,,
2288,2000,2311,2282,2281;2303,2,17,17,18,18,12,12,13,13,16,16,17,17,46,46,1086,1086,1203,1203,1194,1194,1138,1138,1089,1089,1003,1003,1052,1052,1018,1018,1107,1107,1120,1120,1167,1167,1066,1066,131,131,84,84,57,57,41,41,21,21,,,,,,,,,,,,,,,,,,,,,,,,,,,,,,,,,,,,,,,,,,,,,,,,
2289,2500,2471,2262,,0,17,17,18,18,12,12,13,13,16,16,17,17,46,46,1086,1086,1203,1203,1194,1194,1138,1138,1089,1089,1003,1003,1052,1052,1018,1018,1107,1107,1120,1120,1167,1167,1066,1066,131,131,84,84,57,57,41,41,21,21,,,,,,,,,,,,,,,,,,,,,,,,,,,,,,,,,,,,,,,,,,,,,,,,
229,1600,220,234,,0,0,0,0,0,0,0,0,0,0,0,0,0,1,1,7,7,8,8,8,8,7,7,7,7,6,6,6,6,6,6,7,7,7,7,7,7,7,7,3,3,2,2,1,1,1,1,1,1,,,,,,,,,,,,,,,,,,,,,,,,,,,,,,,,,,,,,,,,,,,,,,,,
2290,2500,2305,2283,2478;2322,2,45,45,47,47,33,33,35,35,41,41,45,45,124,124,986,986,1156,1156,1110,1110,1070,1070,989,989,903,903,956,956,926,926,960,960,982,982,1030,1030,933,933,349,349,224,224,151,151,110,110,56,56,,,,,,,,,,,,,,,,,,,,,,,,,,,,,,,,,,,,,,,,,,,,,,,,
2291,2000,2497,2293,,0,45,45,47,47,33,33,35,35,41,41,45,45,124,124,986,986,1156,1156,1110,1110,1070,1070,989,989,903,903,956,956,926,926,960,960,982,982,1030,1030,933,933,349,349,224,224,151,151,110,110,56,56,,,,,,,,,,,,,,,,,,,,,,,,,,,,,,,,,,,,,,,,,,,,,,,,
2292,2500,2296,2268,,0,17,17,18,18,12,12,13,13,16,16,17,17,46,46,1086,1086,1203,1203,1194,1194,1138,1138,1089,1089,1003,1003,1052,1052,1018,1018,1107,1107,1120,1120,1167,1167,1066,1066,131,131,84,84,57,57,41,41,21,21,,,,,,,,,,,,,,,,,,,,,,,,,,,,,,,,,,,,,,,,,,,,,,,,
2293,2000,2294,2291,2284;2324,2,45,45,47,47,33,33,35,35,41,41,45,45,124,124,986,986,1156,1156,1110,1110,1070,1070,989,989,903,903,956,956,926,926,960,960,982,982,1030,1030,933,933,349,349,224,224,151,151,110,110,56,56,,,,,,,,,,,,,,,,,,,,,,,,,,,,,,,,,,,,,,,,,,,,,,,,
2294,1500,2295,2293,,0,45,45,47,47,33,33,35,35,41,41,45,45,124,124,986,986,1156,1156,1110,1110,1070,1070,989,989,903,903,956,956,926,926,960,960,982,982,1030,1030,933,933,349,349,224,224,151,151,110,110,56,56,,,,,,,,,,,,,,,,,,,,,,,,,,,,,,,,,,,,,,,,,,,,,,,,
2295,2000,2502,2294,2287;2323,2,45,45,47,47,33,33,35,35,41,41,45,45,124,124,986,986,1156,1156,1110,1110,1070,1070,989,989,903,903,956,956,926,926,960,960,982,982,1030,1030,933,933,349,349,224,224,151,151,110,110,56,56,,,,,,,,,,,,,,,,,,,,,,,,,,,,,,,,,,,,,,,,,,,,,,,,
2296,2500,2300,2292,2470;2329,2,17,17,18,18,12,12,13,13,16,16,17,17,46,46,1086,1086,1203,1203,1194,1194,1138,1138,1089,1089,1003,1003,1052,1052,1018,1018,1107,1107,1120,1120,1167,1167,1066,1066,131,131,84,84,57,57,41,41,21,21,,,,,,,,,,,,,,,,,,,,,,,,,,,,,,,,,,,,,,,,,,,,,,,,
2297,4000,2298,2279,,0,17,17,18,18,12,12,13,13,16,16,17,17,46,46,1086,1086,1203,1203,1194,1194,1138,1138,1089,1089,1003,1003,1052,1052,1018,1018,1107,1107,1120,1120,1167,1167,1066,1066,131,131,84,84,57,57,41,41,21,21,,,,,,,,,,,,,,,,,,,,,,,,,,,,,,,,,,,,,,,,,,,,,,,,
2298,2500,2285,2306,2297;2307,2,17,17,18,18,12,12,13,13,16,16,17,17,46,46,1086,1086,1203,1203,1194,1194,1138,1138,1089,1089,1003,1003,1052,1052,1018,1018,1107,1107,1120,1120,1167,1167,1066,1066,131,131,84,84,57,57,41,41,21,21,,,,,,,,,,,,,,,,,,,,,,,,,,,,,,,,,,,,,,,,,,,,,,,,
2299,1600,8994,2503,,0,0,0,0,0,0,0,0,0,0,0,0,0,1,1,8,8,9,9,8,8,8,8,7,7,7,7,7,7,7,7,7,7,7,7,8,8,7,7,3,3,2,2,1,1,1,1,0,0,,,,,,,,,,,,,,,,,,,,,,,,,,,,,,,,,,,,,,,,,,,,,,,,
23,2500,8,26,,0,50,50,52,52,37,37,40,40,46,46,50,50,140,140,967,967,1151,1151,1088,1088,1047,1047,967,967,880,880,932,932,911,911,933,933,958,958,1007,1007,913,913,393,393,252,252,170,170,124,124,63,63,,,,,,,,,,,,,,,,,,,,,,,,,,,,,,,,,,,,,,,,,,,,,,,,
230,3000,233,226,,0,38,38,40,40,28,28,30,30,35,35,38,38,106,106,1010,1010,1173,1173,1121,1121,1069,1069,1008,1008,921,921,970,970,952,952,997,997,1020,1020,1069,1069,975,975,299,299,192,192,130,130,94,94,48,48,,,,,,,,,,,,,,,,,,,,,,,,,,,,,,,,,,,,,,,,,,,,,,,,
2300,1500,2310,2296,,0,17,17,18,18,12,12,13,13,16,16,17,17,46,46,1086,1086,1203,1203,1194,1194,1138,1138,1089,1089,1003,1003,1052,1052,1018,1018,1107,1107,1120,1120,1167,1167,1066,1066,131,131,84,84,57,57,41,41,21,21,,,,,,,,,,,,,,,,,,,,,,,,,,,,,,,,,,,,,,,,,,,,,,,,
2301,600,2497,,,0,0,0,0,0,0,0,0,0,0,0,0,0,1,1,6,6,7,7,7,7,6,6,6,6,5,5,6,6,6,6,6,6,6,6,6,6,6,6,2,2,1,1,1,1,1,1,0,0,,,,,,,,,,,,,,,,,,,,,,,,,,,,,,,,,,,,,,,,,,,,,,,,
2302,1600,2459,2313,6848,1,53,53,55,55,38,38,42,42,48,48,53,53,146,146,715,715,891,891,804,804,768,768,707,707,638,638,676,676,679,679,669,669,696,696,738,738,671,671,411,411,264,264,178,178,130,130,66,66,,,,,,,,,,,,,,,,,,,,,,,,,,,,,,,,,,,,,,,,,,,,,,,,
2303,2000,2309,2288,,0,17,17,18,18,12,12,13,13,16,16,17,17,46,46,1086,1086,1203,1203,1194,1194,1138,1138,1089,1089,1003,1003,1052,1052,1018,1018,1107,1107,1120,1120,1167,1167,1066,1066,131,131,84,84,57,57,41,41,21,21,,,,,,,,,,,,,,,,,,,,,,,,,,,,,,,,,,,,,,,,,,,,,,,,
2304,4400,2310,2274,,0,17,17,18,18,12,12,13,13,16,16,17,17,46,46,1086,1086,1203,1203,1194,1194,1138,1138,1089,1089,1003,1003,1052,1052,1018,1018,1107,1107,1120,1120,1167,1167,1066,1066,131,131,84,84,57,57,41,41,21,21,,,,,,,,,,,,,,,,,,,,,,,,,,,,,,,,,,,,,,,,,,,,,,,,
2305,2000,2290,2309,,0,17,17,18,18,12,12,13,13,16,16,17,17,46,46,1086,1086,1203,1203,1194,1194,1138,1138,1089,1089,1003,1003,1052,1052,1018,1018,1107,1107,1120,1120,1167,1167,1066,1066,131,131,84,84,57,57,41,41,21,21,,,,,,,,,,,,,,,,,,,,,,,,,,,,,,,,,,,,,,,,,,,,,,,,
2306,2000,2298,2314,,0,17,17,18,18,12,12,13,13,16,16,17,17,46,46,1086,1086,1203,1203,1194,1194,1138,1138,1089,1089,1003,1003,1052,1052,1018,1018,1107,1107,1120,1120,1167,1167,1066,1066,131,131,84,84,57,57,41,41,21,21,,,,,,,,,,,,,,,,,,,,,,,,,,,,,,,,,,,,,,,,,,,,,,,,
2307,3500,2313,2298,,0,17,17,18,18,12,12,13,13,16,16,17,17,46,46,1086,1086,1203,1203,1194,1194,1138,1138,1089,1089,1003,1003,1052,1052,1018,1018,1107,1107,1120,1120,1167,1167,1066,1066,131,131,84,84,57,57,41,41,21,21,,,,,,,,,,,,,,,,,,,,,,,,,,,,,,,,,,,,,,,,,,,,,,,,
2308,1600,2463,2314,,0,0,0,0,0,0,0,0,0,0,0,0,0,0,0,3,3,3,3,3,3,3,3,3,3,3,3,3,3,3,3,3,3,3,3,3,3,3,3,1,1,0,0,0,0,0,0,0,0,,,,,,,,,,,,,,,,,,,,,,,,,,,,,,,,,,,,,,,,,,,,,,,,
2309,2500,2332,2305,2303;2325,2,17,17,18,18,12,12,13,13,16,16,17,17,46,46,1086,1086,1203,1203,1194,1194,1138,1138,1089,1089,1003,1003,1052,1052,1018,1018,1107,1107,1120,1120,1167,1167,1066,1066,131,131,84,84,57,57,41,41,21,21,,,,,,,,,,,,,,,,,,,,,,,,,,,,,,,,,,,,,,,,,,,,,,,,
231,3000,425,413,,0,67,67,70,70,49,49,53,53,62,62,67,67,186,186,910,910,1134,1134,1023,1023,977,977,900,900,812,812,861,861,864,864,851,851,886,886,939,939,854,854,524,524,336,336,227,227,165,165,84,84,,,,,,,,,,,,,,,,,,,,,,,,,,,,,,,,,,,,,,,,,,,,,,,,
2310,2500,2318,2300,2304;2347,2,17,17,18,18,12,12,13,13,16,16,17,17,46,46,1086,1086,1203,1203,1194,1194,1138,1138,1089,1089,1003,1003,1052,1052,1018,1018,1107,1107,1120,1120,1167,1167,1066,1066,131,131,84,84,57,57,41,41,21,21,,,,,,,,,,,,,,,,,,,,,,,,,,,,,,,,,,,,,,,,,,,,,,,,
2311,2500,2288,2469,,0,17,17,18,18,12,12,13,13,16,16,17,17,46,46,1086,1086,1203,1203,1194,1194,1138,1138,1089,1089,1003,1003,1052,1052,1018,1018,1107,1107,1120,1120,1167,1167,1066,1066,131,131,84,84,57,57,41,41,21,21,,,,,,,,,,,,,,,,,,,,,,,,,,,,,,,,,,,,,,,,,,,,,,,,
2312,1600,2503,2317,,0,0,0,0,0,0,0,0,0,0,0,0,0,0,0,4,4,4,4,4,4,4,4,4,4,3,3,3,3,3,3,4,4,4,4,4,4,4,4,1,1,1,1,1,1,0,0,0,0,,,,,,,,,,,,,,,,,,,,,,,,,,,,,,,,,,,,,,,,,,,,,,,,
2313,2000,2460,2302,2307;2319,2,17,17,18,18,12,12,13,13,16,16,17,17,46,46,1086,1086,1203,1203,1194,1194,1138,1138,1089,1089,1003,1003,1052,1052,1018,1018,1107,1107,1120,1120,1167,1167,1066,1066,131,131,84,84,57,57,41,41,21,21,,,,,,,,,,,,,,,,,,,,,,,,,,,,,,,,,,,,,,,,,,,,,,,,
2314,1600,2334,2308,2306;2330,2,0,0,0,0,0,0,0,0,0,0,0,0,0,0,6,6,7,7,7,7,7,7,6,6,6,6,6,6,6,6,6,6,6,6,7,7,6,6,1,1,1,1,1,1,0,0,0,0,,,,,,,,,,,,,,,,,,,,,,,,,,,,,,,,,,,,,,,,,,,,,,,,
2315,1200,2317,2323,,0,0,0,0,0,0,0,0,0,0,0,0,0,1,1,4,4,5,5,4,4,4,4,4,4,4,4,4,4,4,4,4,4,4,4,4,4,4,4,2,2,1,1,1,1,0,0,0,0,,,,,,,,,,,,,,,,,,,,,,,,,,,,,,,,,,,,,,,,,,,,,,,,
2316,1200,2463,2321,,0,0,0,0,0,0,0,0,0,0,0,0,0,0,0,3,3,3,3,3,3,3,3,3,3,3,3,3,3,3,3,3,3,3,3,3,3,3,3,1,1,0,0,0,0,0,0,0,0,,,,,,,,,,,,,,,,,,,,,,,,,,,,,,,,,,,,,,,,,,,,,,,,
2317,1200,2320,2315,2312;2328,2,0,0,0,0,0,0,0,0,0,0,0,0,0,0,4,4,4,4,4,4,4,4,4,4,3,3,3,3,3,3,4,4,4,4,4,4,4,4,1,1,1,1,1,1,0,0,0,0,,,,,,,,,,,,,,,,,,,,,,,,,,,,,,,,,,,,,,,,,,,,,,,,
2318,2000,2310,2321,,0,17,17,18,18,12,12,13,13,16,16,17,17,46,46,1086,1086,1203,1203,1194,1194,1138,1138,1089,1089,1003,1003,1052,1052,1018,1018,1107,1107,1120,1120,1167,1167,1066,1066,131,131,84,84,57,57,41,41,21,21,,,,,,,,,,,,,,,,,,,,,,,,,,,,,,,,,,,,,,,,,,,,,,,,
2319,4000,2460,6865,6848;2313;2345,3,54,54,54,54,38,38,41,41,48,48,53,53,149,149,1126,1126,1279,1279,1185,1185,1176,1176,1064,1064,1030,1030,978,978,1073,1073,1075,1075,1072,1072,1157,1157,1124,1124,530,530,326,326,208,208,152,152,86,86,,,,,,,,,,,,,,,,,,,,,,,,,,,,,,,,,,,,,,,,,,,,,,,,
232,2500,405,234,,0,54,54,56,56,39,39,42,42,50,50,54,54,149,149,956,956,1147,1147,1075,1075,1033,1033,954,954,866,866,918,918,901,901,917,917,943,943,993,993,901,901,419,419,269,269,182,182,132,132,67,67,,,,,,,,,,,,,,,,,,,,,,,,,,,,,,,,,,,,,,,,,,,,,,,,
2320,1200,2317,8996,,0,0,0,0,0,0,0,0,0,0,0,0,0,1,1,8,8,9,9,8,8,8,8,7,7,7,7,7,7,7,7,7,7,7,7,8,8,7,7,3,3,2,2,1,1,1,1,0,0,,,,,,,,,,,,,,,,,,,,,,,,,,,,,,,,,,,,,,,,,,,,,,,,
2321,1600,2318,2336,2316;2373,2,0,0,0,0,0,0,0,0,0,0,0,0,0,0,4,4,5,5,5,5,4,4,4,4,4,4,4,4,4,4,4,4,4,4,5,5,4,4,1,1,1,1,0,0,0,0,0,0,,,,,,,,,,,,,,,,,,,,,,,,,,,,,,,,,,,,,,,,,,,,,,,,
2322,1600,2290,2477,,0,0,0,0,0,0,0,0,0,0,0,0,0,0,0,4,4,5,5,4,4,4,4,4,4,4,4,4,4,4,4,4,4,4,4,4,4,4,4,2,2,1,1,1,1,0,0,0,0,,,,,,,,,,,,,,,,,,,,,,,,,,,,,,,,,,,,,,,,,,,,,,,,
2323,4400,2295,2337,2315,1,45,45,47,47,33,33,35,35,41,41,45,45,124,124,986,986,1156,1156,1110,1110,1070,1070,989,989,903,903,956,956,926,926,960,960,982,982,1030,1030,933,933,349,349,224,224,151,151,110,110,56,56,,,,,,,,,,,,,,,,,,,,,,,,,,,,,,,,,,,,,,,,,,,,,,,,
2324,1200,2338,2293,,0,0,0,0,0,0,0,0,0,0,0,0,0,0,0,3,3,4,4,4,4,4,4,3,3,3,3,3,3,3,3,3,3,3,3,4,4,3,3,1,1,1,1,1,1,0,0,0,0,,,,,,,,,,,,,,,,,,,,,,,,,,,,,,,,,,,,,,,,,,,,,,,,
2325,1600,2309,2335,,0,0,0,0,0,0,0,0,0,0,0,0,0,0,0,5,5,6,6,6,6,5,5,5,5,5,5,5,5,5,5,5,5,5,5,6,6,5,5,1,1,1,1,0,0,0,0,0,0,,,,,,,,,,,,,,,,,,,,,,,,,,,,,,,,,,,,,,,,,,,,,,,,
2326,2000,2487,2331,,0,45,45,47,47,33,33,35,35,41,41,45,45,124,124,986,986,1156,1156,1110,1110,1070,1070,989,989,903,903,956,956,926,926,960,960,982,982,1030,1030,933,933,349,349,224,224,151,151,110,110,56,56,,,,,,,,,,,,,,,,,,,,,,,,,,,,,,,,,,,,,,,,,,,,,,,,
2327,2500,2477,2335,,0,17,17,18,18,12,12,13,13,16,16,17,17,46,46,1086,1086,1203,1203,1194,1194,1138,1138,1089,1089,1003,1003,1052,1052,1018,1018,1107,1107,1120,1120,1167,1167,1066,1066,131,131,84,84,57,57,41,41,21,21,,,,,,,,,,,,,,,,,,,,,,,,,,,,,,,,,,,,,,,,,,,,,,,,
2328,1200,2317,2343,,0,0,0,0,0,0,0,0,0,0,0,0,0,1,1,5,5,6,6,6,6,6,6,5,5,5,5,5,5,5,5,5,5,5,5,6,6,5,5,2,2,1,1,1,1,1,1,0,0,,,,,,,,,,,,,,,,,,,,,,,,,,,,,,,,,,,,,,,,,,,,,,,,
2329,2500,2296,2469,,0,17,17,18,18,12,12,13,13,16,16,17,17,46,46,1086,1086,1203,1203,1194,1194,1138,1138,1089,1089,1003,1003,1052,1052,1018,1018,1107,1107,1120,1120,1167,1167,1066,1066,131,131,84,84,57,57,41,41,21,21,,,,,,,,,,,,,,,,,,,,,,,,,,,,,,,,,,,,,,,,,,,,,,,,
233,2500,276,424,230;243,2,38,38,40,40,28,28,30,30,35,35,38,38,106,106,1010,1010,1173,1173,1121,1121,1069,1069,1008,1008,921,921,970,970,952,952,997,997,1020,1020,1069,1069,975,975,299,299,192,192,130,130,94,94,48,48,,,,,,,,,,,,,,,,,,,,,,,,,,,,,,,,,,,,,,,,,,,,,,,,
2330,2000,2342,2314,,0,17,17,18,18,12,12,13,13,16,16,17,17,46,46,1086,1086,1203,1203,1194,1194,1138,1138,1089,1089,1003,1003,1052,1052,1018,1018,1107,1107,1120,1120,1167,1167,1066,1066,131,131,84,84,57,57,41,41,21,21,,,,,,,,,,,,,,,,,,,,,,,,,,,,,,,,,,,,,,,,,,,,,,,,
2331,2500,2326,2350,2476;2365,2,45,45,47,47,33,33,35,35,41,41,45,45,124,124,986,986,1156,1156,1110,1110,1070,1070,989,989,903,903,956,956,926,926,960,960,982,982,1030,1030,933,933,349,349,224,224,151,151,110,110,56,56,,,,,,,,,,,,,,,,,,,,,,,,,,,,,,,,,,,,,,,,,,,,,,,,
2332,2000,2309,2341,,0,17,17,18,18,12,12,13,13,16,16,17,17,46,46,1086,1086,1203,1203,1194,1194,1138,1138,1089,1089,1003,1003,1052,1052,1018,1018,1107,1107,1120,1120,1167,1167,1066,1066,131,131,84,84,57,57,41,41,21,21,,,,,,,,,,,,,,,,,,,,,,,,,,,,,,,,,,,,,,,,,,,,,,,,
2333,1500,2337,2338,,0,45,45,47,47,33,33,35,35,41,41,45,45,124,124,986,986,1156,1156,1110,1110,1070,1070,989,989,903,903,956,956,926,926,960,960,982,982,1030,1030,933,933,349,349,224,224,151,151,110,110,56,56,,,,,,,,,,,,,,,,,,,,,,,,,,,,,,,,,,,,,,,,,,,,,,,,
2334,2000,2461,2314,,0,17,17,18,18,12,12,13,13,16,16,17,17,46,46,1086,1086,1203,1203,1194,1194,1138,1138,1089,1089,1003,1003,1052,1052,1018,1018,1107,1107,1120,1120,1167,1167,1066,1066,131,131,84,84,57,57,41,41,21,21,,,,,,,,,,,,,,,,,,,,,,,,,,,,,,,,,,,,,,,,,,,,,,,,
2335,2000,2359,2327,2325;2349,2,17,17,18,18,12,12,13,13,16,16,17,17,46,46,1086,1086,1203,1203,1194,1194,1138,1138,1089,1089,1003,1003,1052,1052,1018,1018,1107,1107,1120,1120,1167,1167,1066,1066,131,131,84,84,57,57,41,41,21,21,,,,,,,,,,,,,,,,,,,,,,,,,,,,,,,,,,,,,,,,,,,,,,,,
2336,1600,2342,2321,,0,0,0,0,0,0,0,0,0,0,0,0,0,0,0,3,3,3,3,3,3,3,3,3,3,2,2,2,2,2,2,3,3,3,3,3,3,3,3,1,1,0,0,0,0,0,0,0,0,,,,,,,,,,,,,,,,,,,,,,,,,,,,,,,,,,,,,,,,,,,,,,,,
2337,2000,2333,2339,2323;2381,2,45,45,47,47,33,33,35,35,41,41,45,45,124,124,986,986,1156,1156,1110,1110,1070,1070,989,989,903,903,956,956,926,926,960,960,982,982,1030,1030,933,933,349,349,224,224,151,151,110,110,56,56,,,,,,,,,,,,,,,,,,,,,,,,,,,,,,,,,,,,,,,,,,,,,,,,
2338,2000,2340,2333,2324;2369,2,45,45,47,47,33,33,35,35,41,41,45,45,124,124,986,986,1156,1156,1110,1110,1070,1070,989,989,903,903,956,956,926,926,960,960,982,982,1030,1030,933,933,349,349,224,224,151,151,110,110,56,56,,,,,,,,,,,,,,,,,,,,,,,,,,,,,,,,,,,,,,,,,,,,,,,,
2339,1500,2337,2343,,0,45,45,47,47,33,33,35,35,41,41,45,45,124,124,986,986,1156,1156,1110,1110,1070,1070,989,989,903,903,956,956,926,926,960,960,982,982,1030,1030,933,933,349,349,224,224,151,151,110,110,56,56,,,,,,,,,,,,,,,,,,,,,,,,,,,,,,,,,,,,,,,,,,,,,,,,
234,2000,250,232,229;266,2,54,54,56,56,39,39,42,42,50,50,54,54,149,149,956,956,1147,1147,1075,1075,1033,1033,954,954,866,866,918,918,901,901,917,917,943,943,993,993,901,901,419,419,269,269,182,182,132,132,67,67,,,,,,,,,,,,,,,,,,,,,,,,,,,,,,,,,,,,,,,,,,,,,,,,
2340,2000,2499,2338,,0,45,45,47,47,33,33,35,35,41,41,45,45,124,124,986,986,1156,1156,1110,1110,1070,1070,989,989,903,903,956,956,926,926,960,960,982,982,1030,1030,933,933,349,349,224,224,151,151,110,110,56,56,,,,,,,,,,,,,,,,,,,,,,,,,,,,,,,,,,,,,,,,,,,,,,,,
2341,2500,2332,2346,2468;2368,2,17,17,18,18,12,12,13,13,16,16,17,17,46,46,1086,1086,1203,1203,1194,1194,1138,1138,1089,1089,1003,1003,1052,1052,1018,1018,1107,1107,1120,1120,1167,1167,1066,1066,131,131,84,84,57,57,41,41,21,21,,,,,,,,,,,,,,,,,,,,,,,,,,,,,,,,,,,,,,,,,,,,,,,,
2342,1600,2336,2363,2330;2351,2,0,0,0,0,0,0,0,0,0,0,0,0,0,0,5,5,5,5,5,5,5,5,5,5,4,4,5,5,5,5,5,5,5,5,5,5,5,5,1,1,1,1,0,0,0,0,0,0,,,,,,,,,,,,,,,,,,,,,,,,,,,,,,,,,,,,,,,,,,,,,,,,
2343,2000,2344,2339,2328;2348,2,45,45,47,47,33,33,35,35,41,41,45,45,124,124,986,986,1156,1156,1110,1110,1070,1070,989,989,903,903,956,956,926,926,960,960,982,982,1030,1030,933,933,349,349,224,224,151,151,110,110,56,56,,,,,,,,,,,,,,,,,,,,,,,,,,,,,,,,,,,,,,,,,,,,,,,,
2344,2000,2343,8886,,0,67,67,70,70,49,49,53,53,62,62,67,67,186,186,910,910,1134,1134,1023,1023,977,977,900,900,812,812,861,861,864,864,851,851,886,886,939,939,854,854,524,524,336,336,227,227,165,165,84,84,,,,,,,,,,,,,,,,,,,,,,,,,,,,,,,,,,,,,,,,,,,,,,,,
2345,4400,2319,2371,2460,1,54,54,54,54,38,38,41,41,48,48,53,53,149,149,1126,1126,1279,1279,1185,1185,1176,1176,1064,1064,1030,1030,978,978,1073,1073,1075,1075,1072,1072,1157,1157,1124,1124,530,530,326,326,208,208,152,152,86,86,,,,,,,,,,,,,,,,,,,,,,,,,,,,,,,,,,,,,,,,,,,,,,,,
2346,2000,2341,2354,,0,17,17,18,18,12,12,13,13,16,16,17,17,46,46,1086,1086,1203,1203,1194,1194,1138,1138,1089,1089,1003,1003,1052,1052,1018,1018,1107,1107,1120,1120,1167,1167,1066,1066,131,131,84,84,57,57,41,41,21,21,,,,,,,,,,,,,,,,,,,,,,,,,,,,,,,,,,,,,,,,,,,,,,,,
2347,4400,2354,2310,,0,17,17,18,18,12,12,13,13,16,16,17,17,46,46,1086,1086,1203,1203,1194,1194,1138,1138,1089,1089,1003,1003,1052,1052,1018,1018,1107,1107,1120,1120,1167,1167,1066,1066,131,131,84,84,57,57,41,41,21,21,,,,,,,,,,,,,,,,,,,,,,,,,,,,,,,,,,,,,,,,,,,,,,,,
2348,1200,2343,2355,,0,0,0,0,0,0,0,0,0,0,0,0,0,1,1,6,6,7,7,7,7,7,7,6,6,6,6,6,6,6,6,6,6,6,6,7,7,6,6,3,3,2,2,1,1,1,1,0,0,,,,,,,,,,,,,,,,,,,,,,,,,,,,,,,,,,,,,,,,,,,,,,,,
2349,2500,2356,2335,,0,17,17,18,18,12,12,13,13,16,16,17,17,46,46,1086,1086,1203,1203,1194,1194,1138,1138,1089,1089,1003,1003,1052,1052,1018,1018,1107,1107,1120,1120,1167,1167,1066,1066,131,131,84,84,57,57,41,41,21,21,,,,,,,,,,,,,,,,,,,,,,,,,,,,,,,,,,,,,,,,,,,,,,,,
235,2500,240,228,,0,54,54,56,56,39,39,42,42,50,50,54,54,149,149,956,956,1147,1147,1075,1075,1033,1033,954,954,866,866,918,918,901,901,917,917,943,943,993,993,901,901,419,419,269,269,182,182,132,132,67,67,,,,,,,,,,,,,,,,,,,,,,,,,,,,,,,,,,,,,,,,,,,,,,,,
2350,2500,2356,2331,,0,17,17,18,18,12,12,13,13,16,16,17,17,46,46,1086,1086,1203,1203,1194,1194,1138,1138,1089,1089,1003,1003,1052,1052,1018,1018,1107,1107,1120,1120,1167,1167,1066,1066,131,131,84,84,57,57,41,41,21,21,,,,,,,,,,,,,,,,,,,,,,,,,,,,,,,,,,,,,,,,,,,,,,,,
2351,1600,2342,2357,,0,0,0,0,0,0,0,0,0,0,0,0,0,0,0,6,6,6,6,6,6,6,6,6,6,5,5,5,5,5,5,6,6,6,6,6,6,6,6,1,1,1,1,1,1,0,0,0,0,,,,,,,,,,,,,,,,,,,,,,,,,,,,,,,,,,,,,,,,,,,,,,,,
2352,1200,2382,2355,,0,0,0,0,0,0,0,0,0,0,0,0,0,0,0,4,4,4,4,4,4,4,4,4,4,3,3,3,3,4,4,4,4,4,4,4,4,4,4,1,1,1,1,1,1,0,0,0,0,,,,,,,,,,,,,,,,,,,,,,,,,,,,,,,,,,,,,,,,,,,,,,,,
2353,1500,2374,2357,,0,17,17,18,18,12,12,13,13,16,16,17,17,46,46,1086,1086,1203,1203,1194,1194,1138,1138,1089,1089,1003,1003,1052,1052,1018,1018,1107,1107,1120,1120,1167,1167,1066,1066,131,131,84,84,57,57,41,41,21,21,,,,,,,,,,,,,,,,,,,,,,,,,,,,,,,,,,,,,,,,,,,,,,,,
2354,2500,2362,2346,2347;24,2,17,17,18,18,12,12,13,13,16,16,17,17,46,46,1086,1086,1203,1203,1194,1194,1138,1138,1089,1089,1003,1003,1052,1052,1018,1018,1107,1107,1120,1120,1167,1167,1066,1066,131,131,84,84,57,57,41,41,21,21,,,,,,,,,,,,,,,,,,,,,,,,,,,,,,,,,,,,,,,,,,,,,,,,
2355,1200,2360,2352,2348;2364,2,0,0,0,0,0,0,0,0,0,0,0,0,1,1,6,6,7,7,7,7,7,7,6,6,6,6,6,6,6,6,6,6,6,6,7,7,6,6,3,3,2,2,1,1,1,1,0,0,,,,,,,,,,,,,,,,,,,,,,,,,,,,,,,,,,,,,,,,,,,,,,,,
2356,2500,13,2350,2349;2,2,17,17,18,18,12,12,13,13,16,16,17,17,46,46,1086,1086,1203,1203,1194,1194,1138,1138,1089,1089,1003,1003,1052,1052,1018,1018,1107,1107,1120,1120,1167,1167,1066,1066,131,131,84,84,57,57,41,41,21,21,,,,,,,,,,,,,,,,,,,,,,,,,,,,,,,,,,,,,,,,,,,,,,,,
2357,2000,2353,17,2351;3,2,17,17,18,18,12,12,13,13,16,16,17,17,46,46,1086,1086,1203,1203,1194,1194,1138,1138,1089,1089,1003,1003,1052,1052,1018,1018,1107,1107,1120,1120,1167,1167,1066,1066,131,131,84,84,57,57,41,41,21,21,,,,,,,,,,,,,,,,,,,,,,,,,,,,,,,,,,,,,,,,,,,,,,,,
2358,2500,2461,2372,,0,17,17,18,18,12,12,13,13,16,16,17,17,46,46,1086,1086,1203,1203,1194,1194,1138,1138,1089,1089,1003,1003,1052,1052,1018,1018,1107,1107,1120,1120,1167,1167,1066,1066,131,131,84,84,57,57,41,41,21,21,,,,,,,,,,,,,,,,,,,,,,,,,,,,,,,,,,,,,,,,,,,,,,,,
2359,2500,2335,2375,,0,17,17,18,18,12,12,13,13,16,16,17,17,46,46,1086,1086,1203,1203,1194,1194,1138,1138,1089,1089,1003,1003,1052,1052,1018,1018,1107,1107,1120,1120,1167,1167,1066,1066,131,131,84,84,57,57,41,41,21,21,,,,,,,,,,,,,,,,,,,,,,,,,,,,,,,,,,,,,,,,,,,,,,,,
236,4400,411,409,,0,54,54,56,56,39,39,42,42,50,50,54,54,149,149,956,956,1147,1147,1075,1075,1033,1033,954,954,866,866,918,918,901,901,917,917,943,943,993,993,901,901,419,419,269,269,182,182,132,132,67,67,,,,,,,,,,,,,,,,,,,,,,,,,,,,,,,,,,,,,,,,,,,,,,,,
2360,1600,2355,2379,,0,0,0,0,0,0,0,0,0,0,0,0,0,1,1,5,5,6,6,5,5,5,5,5,5,4,4,5,5,5,5,5,5,5,5,5,5,5,5,2,2,1,1,1,1,1,1,0,0,,,,,,,,,,,,,,,,,,,,,,,,,,,,,,,,,,,,,,,,,,,,,,,,
2361,800,2374,1,,0,0,0,0,0,0,0,0,0,0,0,0,0,0,0,4,4,5,5,5,5,5,5,4,4,4,4,4,4,4,4,4,4,4,4,5,5,4,4,1,1,1,1,0,0,0,0,0,0,,,,,,,,,,,,,,,,,,,,,,,,,,,,,,,,,,,,,,,,,,,,,,,,
2362,2000,1,2354,,0,67,67,70,70,49,49,53,53,62,62,67,67,186,186,910,910,1134,1134,1023,1023,977,977,900,900,812,812,861,861,864,864,851,851,886,886,939,939,854,854,524,524,336,336,227,227,165,165,84,84,,,,,,,,,,,,,,,,,,,,,,,,,,,,,,,,,,,,,,,,,,,,,,,,
2363,2500,2372,2342,,0,17,17,18,18,12,12,13,13,16,16,17,17,46,46,1086,1086,1203,1203,1194,1194,1138,1138,1089,1089,1003,1003,1052,1052,1018,1018,1107,1107,1120,1120,1167,1167,1066,1066,131,131,84,84,57,57,41,41,21,21,,,,,,,,,,,,,,,,,,,,,,,,,,,,,,,,,,,,,,,,,,,,,,,,
2364,1200,9,2355,,0,0,0,0,0,0,0,0,0,0,0,0,0,1,1,8,8,9,9,8,8,8,8,7,7,7,7,7,7,7,7,7,7,7,7,8,8,7,7,3,3,2,2,1,1,1,1,0,0,,,,,,,,,,,,,,,,,,,,,,,,,,,,,,,,,,,,,,,,,,,,,,,,
2365,1600,2331,2377,,0,0,0,0,0,0,0,0,0,0,0,0,0,1,1,6,6,7,7,6,6,6,6,6,6,5,5,5,5,5,5,6,6,6,6,6,6,6,6,2,2,1,1,1,1,1,1,0,0,,,,,,,,,,,,,,,,,,,,,,,,,,,,,,,,,,,,,,,,,,,,,,,,
2366,2500,2377,7,,0,45,45,47,47,33,33,35,35,41,41,45,45,124,124,986,986,1156,1156,1110,1110,1070,1070,989,989,903,903,956,956,926,926,960,960,982,982,1030,1030,933,933,349,349,224,224,151,151,110,110,56,56,,,,,,,,,,,,,,,,,,,,,,,,,,,,,,,,,,,,,,,,,,,,,,,,
2367,4400,2382,16,,0,45,45,47,47,33,33,35,35,41,41,45,45,124,124,986,986,1156,1156,1110,1110,1070,1070,989,989,903,903,956,956,926,926,960,960,982,982,1030,1030,933,933,349,349,224,224,151,151,110,110,56,56,,,,,,,,,,,,,,,,,,,,,,,,,,,,,,,,,,,,,,,,,,,,,,,,
2368,2500,2375,2341,,0,17,17,18,18,12,12,13,13,16,16,17,17,46,46,1086,1086,1203,1203,1194,1194,1138,1138,1089,1089,1003,1003,1052,1052,1018,1018,1107,1107,1120,1120,1167,1167,1066,1066,131,131,84,84,57,57,41,41,21,21,,,,,,,,,,,,,,,,,,,,,,,,,,,,,,,,,,,,,,,,,,,,,,,,
2369,800,20,2338,,0,0,0,0,0,0,0,0,0,0,0,0,0,1,1,8,8,9,9,8,8,8,8,7,7,7,7,7,7,7,7,7,7,7,7,8,8,7,7,3,3,2,2,1,1,1,1,0,0,,,,,,,,,,,,,,,,,,,,,,,,,,,,,,,,,,,,,,,,,,,,,,,,
237,1600,240,220,,0,0,0,0,0,0,0,0,0,0,0,0,0,0,0,3,3,4,4,3,3,3,3,3,3,3,3,3,3,3,3,3,3,3,3,3,3,3,3,1,1,1,1,1,1,0,0,0,0,,,,,,,,,,,,,,,,,,,,,,,,,,,,,,,,,,,,,,,,,,,,,,,,
2370,3500,2378,2487,,0,45,45,47,47,33,33,35,35,41,41,45,45,124,124,986,986,1156,1156,1110,1110,1070,1070,989,989,903,903,956,956,926,926,960,960,982,982,1030,1030,933,933,349,349,224,224,151,151,110,110,56,56,,,,,,,,,,,,,,,,,,,,,,,,,,,,,,,,,,,,,,,,,,,,,,,,
2371,4400,335,6865,2345,1,54,54,54,54,38,38,41,41,48,48,53,53,149,149,1126,1126,1279,1279,1185,1185,1176,1176,1064,1064,1030,1030,978,978,1073,1073,1075,1075,1072,1072,1157,1157,1124,1124,530,530,326,326,208,208,152,152,86,86,,,,,,,,,,,,,,,,,,,,,,,,,,,,,,,,,,,,,,,,,,,,,,,,
2372,1500,350,2363,2358,1,17,17,18,18,12,12,13,13,16,16,17,17,46,46,1086,1086,1203,1203,1194,1194,1138,1138,1089,1089,1003,1003,1052,1052,1018,1018,1107,1107,1120,1120,1167,1167,1066,1066,131,131,84,84,57,57,41,41,21,21,,,,,,,,,,,,,,,,,,,,,,,,,,,,,,,,,,,,,,,,,,,,,,,,
2373,1200,2374,2321,,0,0,0,0,0,0,0,0,0,0,0,0,0,0,0,4,4,4,4,4,4,4,4,4,4,4,4,4,4,4,4,4,4,4,4,4,4,4,4,1,1,1,1,0,0,0,0,0,0,,,,,,,,,,,,,,,,,,,,,,,,,,,,,,,,,,,,,,,,,,,,,,,,
2374,1200,2361,2373,2353,1,0,0,0,0,0,0,0,0,0,0,0,0,0,0,5,5,5,5,5,5,5,5,5,5,4,4,5,5,5,5,5,5,5,5,5,5,5,5,1,1,1,1,0,0,0,0,0,0,,,,,,,,,,,,,,,,,,,,,,,,,,,,,,,,,,,,,,,,,,,,,,,,
2375,2500,2368,359,2359,1,17,17,18,18,12,12,13,13,16,16,17,17,46,46,1086,1086,1203,1203,1194,1194,1138,1138,1089,1089,1003,1003,1052,1052,1018,1018,1107,1107,1120,1120,1167,1167,1066,1066,131,131,84,84,57,57,41,41,21,21,,,,,,,,,,,,,,,,,,,,,,,,,,,,,,,,,,,,,,,,,,,,,,,,
2376,1600,8,2377,,0,0,0,0,0,0,0,0,0,0,0,0,0,1,1,8,8,9,9,8,8,8,8,7,7,7,7,7,7,7,7,7,7,7,7,8,8,7,7,3,3,2,2,1,1,1,1,0,0,,,,,,,,,,,,,,,,,,,,,,,,,,,,,,,,,,,,,,,,,,,,,,,,
2377,1600,2365,2376,2366,1,0,0,0,0,0,0,0,0,0,0,0,0,1,1,6,6,6,6,6,6,6,6,5,5,5,5,5,5,5,5,5,5,5,5,6,6,5,5,2,2,1,1,1,1,1,1,0,0,,,,,,,,,,,,,,,,,,,,,,,,,,,,,,,,,,,,,,,,,,,,,,,,
2378,2500,5,370,2370,1,45,45,47,47,33,33,35,35,41,41,45,45,124,124,986,986,1156,1156,1110,1110,1070,1070,989,989,903,903,956,956,926,926,960,960,982,982,1030,1030,933,933,349,349,224,224,151,151,110,110,56,56,,,,,,,,,,,,,,,,,,,,,,,,,,,,,,,,,,,,,,,,,,,,,,,,
2379,2000,2380,381,2360,1,45,45,47,47,33,33,35,35,41,41,45,45,124,124,986,986,1156,1156,1110,1110,1070,1070,989,989,903,903,956,956,926,926,960,960,982,982,1030,1030,933,933,349,349,224,224,151,151,110,110,56,56,,,,,,,,,,,,,,,,,,,,,,,,,,,,,,,,,,,,,,,,,,,,,,,,
238,1200,228,385,,0,0,0,0,0,0,0,0,0,0,0,0,0,1,1,4,4,5,5,5,5,5,5,4,4,4,4,4,4,4,4,4,4,4,4,5,5,4,4,2,2,1,1,1,1,1,1,0,0,,,,,,,,,,,,,,,,,,,,,,,,,,,,,,,,,,,,,,,,,,,,,,,,
2380,1600,8886,2379,,0,0,0,0,0,0,0,0,0,0,0,0,0,1,1,8,8,9,9,8,8,8,8,7,7,7,7,7,7,7,7,7,7,7,7,8,8,7,7,3,3,2,2,1,1,1,1,0,0,,,,,,,,,,,,,,,,,,,,,,,,,,,,,,,,,,,,,,,,,,,,,,,,
2381,4400,,2337,2382,1,45,45,47,47,33,33,35,35,41,41,45,45,124,124,986,986,1156,1156,1110,1110,1070,1070,989,989,903,903,956,956,926,926,960,960,982,982,1030,1030,933,933,349,349,224,224,151,151,110,110,56,56,,,,,,,,,,,,,,,,,,,,,,,,,,,,,,,,,,,,,,,,,,,,,,,,
2382,1600,2367,2352,2381,1,0,0,0,0,0,0,0,0,0,0,0,0,1,1,6,6,7,7,7,7,7,7,6,6,6,6,6,6,6,6,6,6,6,6,6,6,6,6,2,2,2,2,1,1,1,1,0,0,,,,,,,,,,,,,,,,,,,,,,,,,,,,,,,,,,,,,,,,,,,,,,,,
2383,800,2163,2384,,0,0,0,0,0,0,0,0,0,0,0,0,0,0,0,1,1,1,1,1,1,1,1,1,1,1,1,1,1,1,1,1,1,1,1,1,1,1,1,0,0,0,0,0,0,0,0,0,0,,,,,,,,,,,,,,,,,,,,,,,,,,,,,,,,,,,,,,,,,,,,,,,,
2384,800,2383,6685,6684,1,0,0,0,0,0,0,0,0,0,0,0,0,1,1,6,6,8,8,7,7,7,7,6,6,6,6,6,6,6,6,6,6,6,6,7,7,6,6,3,3,2,2,1,1,1,1,0,0,,,,,,,,,,,,,,,,,,,,,,,,,,,,,,,,,,,,,,,,,,,,,,,,
2385,800,2386,2125,,0,0,0,0,0,0,0,0,0,0,0,0,0,0,0,3,3,3,3,3,3,3,3,3,3,3,3,3,3,3,3,3,3,3,3,3,3,3,3,1,1,1,1,0,0,0,0,0,0,,,,,,,,,,,,,,,,,,,,,,,,,,,,,,,,,,,,,,,,,,,,,,,,
2386,800,2121,2385,2106,1,0,0,0,0,0,0,0,0,0,0,0,0,0,0,3,3,3,3,3,3,3,3,3,3,3,3,3,3,3,3,3,3,3,3,3,3,3,3,1,1,1,1,0,0,0,0,0,0,,,,,,,,,,,,,,,,,,,,,,,,,,,,,,,,,,,,,,,,,,,,,,,,
2387,1200,2388,2400,,0,0,0,0,0,0,0,0,0,0,0,0,0,0,0,1,1,2,2,2,2,2,2,1,1,1,1,1,1,1,1,1,1,1,1,2,2,1,1,0,0,0,0,0,0,0,0,0,0,,,,,,,,,,,,,,,,,,,,,,,,,,,,,,,,,,,,,,,,,,,,,,,,
2388,1200,2576,2102,2387,1,0,0,0,0,0,0,0,0,0,0,0,0,0,0,1,1,1,1,1,1,1,1,1,1,1,1,1,1,1,1,1,1,1,1,1,1,1,1,0,0,0,0,0,0,0,0,0,0,,,,,,,,,,,,,,,,,,,,,,,,,,,,,,,,,,,,,,,,,,,,,,,,
2389,1200,2107,2390,,0,0,0,0,0,0,0,0,0,0,0,0,0,0,0,3,3,4,4,3,3,3,3,3,3,3,3,3,3,3,3,3,3,3,3,3,3,3,3,1,1,1,1,0,0,0,0,0,0,,,,,,,,,,,,,,,,,,,,,,,,,,,,,,,,,,,,,,,,,,,,,,,,
239,800,242,,,0,33,33,31,31,22,22,23,23,26,26,31,31,88,88,1055,1055,1119,1119,1058,1058,1080,1080,966,966,980,980,861,861,1008,1008,1021,1021,988,988,1080,1080,1096,1096,421,421,249,249,150,150,110,110,68,68,,,,,,,,,,,,,,,,,,,,,,,,,,,,,,,,,,,,,,,,,,,,,,,,
2390,3500,2104,2389,2106;2111,2,0,0,0,0,0,0,0,0,0,0,0,0,0,0,1147,1147,1238,1238,1234,1234,1160,1160,1144,1144,1058,1058,1100,1100,1078,1078,1198,1198,1212,1212,1260,1260,1158,1158,0,0,0,0,0,0,0,0,0,0,,,,,,,,,,,,,,,,,,,,,,,,,,,,,,,,,,,,,,,,,,,,,,,,
2391,1200,2539,2392,,0,0,0,0,0,0,0,0,0,0,0,0,0,0,0,3,3,3,3,3,3,3,3,2,2,2,2,2,2,2,2,3,3,3,3,3,3,3,3,1,1,0,0,0,0,0,0,0,0,,,,,,,,,,,,,,,,,,,,,,,,,,,,,,,,,,,,,,,,,,,,,,,,
2392,800,2391,2168,2160,1,0,0,0,0,0,0,0,0,0,0,0,0,0,0,2,2,2,2,2,2,2,2,2,2,2,2,2,2,2,2,2,2,2,2,2,2,2,2,1,1,0,0,0,0,0,0,0,0,,,,,,,,,,,,,,,,,,,,,,,,,,,,,,,,,,,,,,,,,,,,,,,,
2393,800,2153,2394,,0,0,0,0,0,0,0,0,0,0,0,0,0,0,0,2,2,2,2,2,2,2,2,1,1,1,1,1,1,1,1,1,1,2,2,2,2,1,1,0,0,0,0,0,0,0,0,0,0,,,,,,,,,,,,,,,,,,,,,,,,,,,,,,,,,,,,,,,,,,,,,,,,
2394,800,2393,2150,2143,1,0,0,0,0,0,0,0,0,0,0,0,0,0,0,2,2,2,2,2,2,2,2,2,2,2,2,2,2,2,2,2,2,2,2,2,2,2,2,0,0,0,0,0,0,0,0,0,0,,,,,,,,,,,,,,,,,,,,,,,,,,,,,,,,,,,,,,,,,,,,,,,,
2395,1500,2539,2396,,0,0,0,0,0,0,0,0,0,0,0,0,0,0,0,1147,1147,1238,1238,1234,1234,1160,1160,1144,1144,1058,1058,1100,1100,1078,1078,1198,1198,1212,1212,1260,1260,1158,1158,0,0,0,0,0,0,0,0,0,0,,,,,,,,,,,,,,,,,,,,,,,,,,,,,,,,,,,,,,,,,,,,,,,,
2396,1500,2395,2172,2161,1,0,0,0,0,0,0,0,0,0,0,0,0,0,0,1147,1147,1238,1238,1234,1234,1160,1160,1144,1144,1058,1058,1100,1100,1078,1078,1198,1198,1212,1212,1260,1260,1158,1158,0,0,0,0,0,0,0,0,0,0,,,,,,,,,,,,,,,,,,,,,,,,,,,,,,,,,,,,,,,,,,,,,,,,
2397,1000,2398,2146,,0,0,0,0,0,0,0,0,0,0,0,0,0,0,0,1147,1147,1238,1238,1234,1234,1160,1160,1144,1144,1058,1058,1100,1100,1078,1078,1198,1198,1212,1212,1260,1260,1158,1158,0,0,0,0,0,0,0,0,0,0,,,,,,,,,,,,,,,,,,,,,,,,,,,,,,,,,,,,,,,,,,,,,,,,
2398,400,2165,2397,2172,1,0,0,0,0,0,0,0,0,0,0,0,0,0,0,4,4,4,4,4,4,4,4,4,4,4,4,4,4,4,4,4,4,4,4,4,4,4,4,1,1,1,1,0,0,0,0,0,0,,,,,,,,,,,,,,,,,,,,,,,,,,,,,,,,,,,,,,,,,,,,,,,,
2399,1200,2400,2060,,0,33,33,31,31,22,22,23,23,26,26,31,31,88,88,1055,1055,1119,1119,1058,1058,1080,1080,966,966,980,980,861,861,1008,1008,1021,1021,988,988,1080,1080,1096,1096,421,421,249,249,150,150,110,110,68,68,,,,,,,,,,,,,,,,,,,,,,,,,,,,,,,,,,,,,,,,,,,,,,,,
24,4400,30,2354,,0,0,0,0,0,0,0,0,0,0,0,0,0,0,0,1156,1156,1275,1275,1184,1184,1063,1063,1121,1121,1033,1033,1056,1056,1105,1105,1218,1218,1250,1250,1308,1308,1226,1226,0,0,0,0,0,0,0,0,0,0,,,,,,,,,,,,,,,,,,,,,,,,,,,,,,,,,,,,,,,,,,,,,,,,
240,1600,262,237,235;249,2,0,0,0,0,0,0,0,0,0,0,0,0,1,1,7,7,8,8,8,8,8,8,7,7,6,6,7,7,7,7,7,7,7,7,7,7,7,7,3,3,2,2,1,1,1,1,1,1,,,,,,,,,,,,,,,,,,,,,,,,,,,,,,,,,,,,,,,,,,,,,,,,
2400,800,2401,2399,2387,1,0,0,0,0,0,0,0,0,0,0,0,0,0,0,2,2,2,2,2,2,2,2,2,2,2,2,2,2,2,2,2,2,2,2,2,2,2,2,1,1,0,0,0,0,0,0,0,0,,,,,,,,,,,,,,,,,,,,,,,,,,,,,,,,,,,,,,,,,,,,,,,,
2401,800,2402,2400,,0,0,0,0,0,0,0,0,0,0,0,0,0,0,0,3,3,3,3,3,3,3,3,3,3,3,3,3,3,3,3,3,3,3,3,3,3,3,3,1,1,1,1,0,0,0,0,0,0,,,,,,,,,,,,,,,,,,,,,,,,,,,,,,,,,,,,,,,,,,,,,,,,
2402,800,2403,2401,2103;2117,2,0,0,0,0,0,0,0,0,0,0,0,0,0,0,3,3,4,4,4,4,3,3,3,3,3,3,3,3,3,3,3,3,3,3,4,4,3,3,1,1,1,1,0,0,0,0,0,0,,,,,,,,,,,,,,,,,,,,,,,,,,,,,,,,,,,,,,,,,,,,,,,,
2403,800,2404,2402,,0,0,0,0,0,0,0,0,0,0,0,0,0,0,0,3,3,4,4,4,4,3,3,3,3,3,3,3,3,3,3,3,3,3,3,4,4,3,3,1,1,1,1,0,0,0,0,0,0,,,,,,,,,,,,,,,,,,,,,,,,,,,,,,,,,,,,,,,,,,,,,,,,
2404,800,2110,2127,2403,1,0,0,0,0,0,0,0,0,0,0,0,0,0,0,3,3,4,4,3,3,3,3,3,3,3,3,3,3,3,3,3,3,3,3,3,3,3,3,1,1,1,1,0,0,0,0,0,0,,,,,,,,,,,,,,,,,,,,,,,,,,,,,,,,,,,,,,,,,,,,,,,,
2405,2500,13523,2591,,0,67,67,70,70,49,49,53,53,62,62,67,67,186,186,910,910,1134,1134,1023,1023,977,977,900,900,812,812,861,861,864,864,851,851,886,886,939,939,854,854,524,524,336,336,227,227,165,165,84,84,,,,,,,,,,,,,,,,,,,,,,,,,,,,,,,,,,,,,,,,,,,,,,,,
2406,400,2411,2120,2590,1,0,0,0,0,0,0,0,0,0,0,0,0,0,0,3,3,3,3,3,3,3,3,3,3,2,2,2,2,3,3,3,3,3,3,3,3,3,3,1,1,1,1,0,0,0,0,0,0,,,,,,,,,,,,,,,,,,,,,,,,,,,,,,,,,,,,,,,,,,,,,,,,
2407,3500,2176,2412,2410,1,0,0,0,0,0,0,0,0,0,0,0,0,0,0,1147,1147,1238,1238,1234,1234,1160,1160,1144,1144,1058,1058,1100,1100,1078,1078,1198,1198,1212,1212,1260,1260,1158,1158,0,0,0,0,0,0,0,0,0,0,,,,,,,,,,,,,,,,,,,,,,,,,,,,,,,,,,,,,,,,,,,,,,,,
2408,1200,2409,2167,2166,1,0,0,0,0,0,0,0,0,0,0,0,0,0,0,2,2,2,2,2,2,2,2,2,2,2,2,2,2,2,2,2,2,2,2,2,2,2,2,1,1,0,0,0,0,0,0,0,0,,,,,,,,,,,,,,,,,,,,,,,,,,,,,,,,,,,,,,,,,,,,,,,,
2409,1200,2408,2410,,0,0,0,0,0,0,0,0,0,0,0,0,0,0,0,3,3,3,3,3,3,3,3,3,3,3,3,3,3,3,3,3,3,3,3,3,3,3,3,1,1,1,1,0,0,0,0,0,0,,,,,,,,,,,,,,,,,,,,,,,,,,,,,,,,,,,,,,,,,,,,,,,,
241,2500,242,407,,0,67,67,70,70,49,49,53,53,62,62,67,67,186,186,910,910,1134,1134,1023,1023,977,977,900,900,812,812,861,861,864,864,851,851,886,886,939,939,854,854,524,524,336,336,227,227,165,165,84,84,,,,,,,,,,,,,,,,,,,,,,,,,,,,,,,,,,,,,,,,,,,,,,,,
2410,300,2409,2164,2407,1,0,0,0,0,0,0,0,0,0,0,0,0,0,0,3,3,4,4,4,4,3,3,3,3,3,3,3,3,3,3,3,3,3,3,4,4,3,3,1,1,1,1,0,0,0,0,0,0,,,,,,,,,,,,,,,,,,,,,,,,,,,,,,,,,,,,,,,,,,,,,,,,
2411,4400,2406,2412,,0,0,0,0,0,0,0,0,0,0,0,0,0,0,0,1147,1147,1238,1238,1234,1234,1160,1160,1144,1144,1058,1058,1100,1100,1078,1078,1198,1198,1212,1212,1260,1260,1158,1158,0,0,0,0,0,0,0,0,0,0,,,,,,,,,,,,,,,,,,,,,,,,,,,,,,,,,,,,,,,,,,,,,,,,
2412,3000,2407,2411,2540,1,0,0,0,0,0,0,0,0,0,0,0,0,0,0,1147,1147,1238,1238,1234,1234,1160,1160,1144,1144,1058,1058,1100,1100,1078,1078,1198,1198,1212,1212,1260,1260,1158,1158,0,0,0,0,0,0,0,0,0,0,,,,,,,,,,,,,,,,,,,,,,,,,,,,,,,,,,,,,,,,,,,,,,,,
2413,1200,2414,2593,,0,53,53,55,55,38,38,42,42,48,48,53,53,146,146,715,715,891,891,804,804,768,768,707,707,638,638,676,676,679,679,669,669,696,696,738,738,671,671,411,411,264,264,178,178,130,130,66,66,,,,,,,,,,,,,,,,,,,,,,,,,,,,,,,,,,,,,,,,,,,,,,,,
2414,2200,2192,2413,2415,1,34,34,35,35,24,24,26,26,31,31,34,34,93,93,1033,1033,1204,1204,1104,1104,1020,1020,1010,1010,922,922,958,958,984,984,1034,1034,1068,1068,1124,1124,1040,1040,262,262,168,168,114,114,82,82,42,42,,,,,,,,,,,,,,,,,,,,,,,,,,,,,,,,,,,,,,,,,,,,,,,,
2415,1600,2414,2416,,0,0,0,0,0,0,0,0,0,0,0,0,0,0,0,3,3,3,3,3,3,3,3,3,3,3,3,3,3,3,3,3,3,3,3,3,3,3,3,1,1,1,1,0,0,0,0,0,0,,,,,,,,,,,,,,,,,,,,,,,,,,,,,,,,,,,,,,,,,,,,,,,,
2416,1200,2419,2415,2417,1,0,0,0,0,0,0,0,0,0,0,0,0,0,0,1,1,1,1,1,1,1,1,1,1,1,1,1,1,1,1,1,1,1,1,1,1,1,1,0,0,0,0,0,0,0,0,0,0,,,,,,,,,,,,,,,,,,,,,,,,,,,,,,,,,,,,,,,,,,,,,,,,
2417,1200,2416,2418,,0,0,0,0,0,0,0,0,0,0,0,0,0,0,0,1,1,1,1,1,1,1,1,1,1,1,1,1,1,1,1,1,1,1,1,1,1,1,1,0,0,0,0,0,0,0,0,0,0,,,,,,,,,,,,,,,,,,,,,,,,,,,,,,,,,,,,,,,,,,,,,,,,
2418,800,2594,2417,2090,1,0,0,0,0,0,0,0,0,0,0,0,0,0,0,1,1,1,1,1,1,1,1,1,1,1,1,1,1,1,1,1,1,1,1,1,1,1,1,0,0,0,0,0,0,0,0,0,0,,,,,,,,,,,,,,,,,,,,,,,,,,,,,,,,,,,,,,,,,,,,,,,,
2419,1600,2420,2416,,0,0,0,0,0,0,0,0,0,0,0,0,0,0,0,2,2,2,2,2,2,2,2,1,1,1,1,1,1,1,1,1,1,2,2,2,2,1,1,1,1,0,0,0,0,0,0,0,0,,,,,,,,,,,,,,,,,,,,,,,,,,,,,,,,,,,,,,,,,,,,,,,,
242,400,259,239,241;256,2,0,0,0,0,0,0,0,0,0,0,0,0,1,1,4,4,5,5,4,4,4,4,4,4,4,4,4,4,4,4,4,4,4,4,4,4,4,4,2,2,1,1,1,1,1,1,0,0,,,,,,,,,,,,,,,,,,,,,,,,,,,,,,,,,,,,,,,,,,,,,,,,
2420,1200,2419,2421,2431,1,0,0,0,0,0,0,0,0,0,0,0,0,0,0,2,2,2,2,2,2,2,2,2,2,1,1,2,2,2,2,2,2,2,2,2,2,2,2,1,1,0,0,0,0,0,0,0,0,,,,,,,,,,,,,,,,,,,,,,,,,,,,,,,,,,,,,,,,,,,,,,,,
2421,1200,2420,2422,,0,0,0,0,0,0,0,0,0,0,0,0,0,0,0,1,1,1,1,1,1,1,1,1,1,1,1,1,1,1,1,1,1,1,1,1,1,1,1,0,0,0,0,0,0,0,0,0,0,,,,,,,,,,,,,,,,,,,,,,,,,,,,,,,,,,,,,,,,,,,,,,,,
2422,300,2427,2421,2122,1,0,0,0,0,0,0,0,0,0,0,0,0,0,0,1,1,1,1,1,1,1,1,1,1,1,1,1,1,1,1,1,1,1,1,1,1,1,1,0,0,0,0,0,0,0,0,0,0,,,,,,,,,,,,,,,,,,,,,,,,,,,,,,,,,,,,,,,,,,,,,,,,
2423,1200,2445,2424,,0,0,0,0,0,0,0,0,0,0,0,0,0,0,0,2,2,3,3,2,2,2,2,2,2,2,2,2,2,2,2,2,2,2,2,2,2,2,2,1,1,0,0,0,0,0,0,0,0,,,,,,,,,,,,,,,,,,,,,,,,,,,,,,,,,,,,,,,,,,,,,,,,
2424,800,2122,2425,2423,1,0,0,0,0,0,0,0,0,0,0,0,0,0,0,1,1,2,2,2,2,1,1,1,1,1,1,1,1,1,1,1,1,1,1,2,2,1,1,0,0,0,0,0,0,0,0,0,0,,,,,,,,,,,,,,,,,,,,,,,,,,,,,,,,,,,,,,,,,,,,,,,,
2425,300,2426,2424,,0,0,0,0,0,0,0,0,0,0,0,0,0,0,0,1,1,1,1,1,1,1,1,1,1,1,1,1,1,1,1,1,1,1,1,1,1,1,1,0,0,0,0,0,0,0,0,0,0,,,,,,,,,,,,,,,,,,,,,,,,,,,,,,,,,,,,,,,,,,,,,,,,
2426,300,2609,2425,2100,1,0,0,0,0,0,0,0,0,0,0,0,0,0,0,1,1,1,1,1,1,1,1,1,1,1,1,1,1,1,1,1,1,1,1,1,1,1,1,0,0,0,0,0,0,0,0,0,0,,,,,,,,,,,,,,,,,,,,,,,,,,,,,,,,,,,,,,,,,,,,,,,,
2427,300,2422,2428,,0,0,0,0,0,0,0,0,0,0,0,0,0,0,0,1,1,1,1,1,1,1,1,1,1,1,1,1,1,1,1,1,1,1,1,1,1,1,1,0,0,0,0,0,0,0,0,0,0,,,,,,,,,,,,,,,,,,,,,,,,,,,,,,,,,,,,,,,,,,,,,,,,
2428,300,2100,2427,2429,1,0,0,0,0,0,0,0,0,0,0,0,0,0,0,1,1,1,1,1,1,1,1,1,1,1,1,1,1,1,1,1,1,1,1,1,1,1,1,0,0,0,0,0,0,0,0,0,0,,,,,,,,,,,,,,,,,,,,,,,,,,,,,,,,,,,,,,,,,,,,,,,,
2429,300,,2428,2430,1,0,0,0,0,0,0,0,0,0,0,0,0,0,0,1,1,1,1,1,1,1,1,1,1,1,1,1,1,1,1,1,1,1,1,1,1,1,1,0,0,0,0,0,0,0,0,0,0,,,,,,,,,,,,,,,,,,,,,,,,,,,,,,,,,,,,,,,,,,,,,,,,
243,3500,233,417,,0,54,54,56,56,39,39,42,42,50,50,54,54,149,149,956,956,1147,1147,1075,1075,1033,1033,954,954,866,866,918,918,901,901,917,917,943,943,993,993,901,901,419,419,269,269,182,182,132,132,67,67,,,,,,,,,,,,,,,,,,,,,,,,,,,,,,,,,,,,,,,,,,,,,,,,
2430,300,2101,2437,2429,1,0,0,0,0,0,0,0,0,0,0,0,0,0,0,1,1,1,1,1,1,1,1,1,1,1,1,1,1,1,1,1,1,1,1,1,1,1,1,0,0,0,0,0,0,0,0,0,0,,,,,,,,,,,,,,,,,,,,,,,,,,,,,,,,,,,,,,,,,,,,,,,,
2431,800,2432,2420,,0,0,0,0,0,0,0,0,0,0,0,0,0,0,0,2,2,2,2,2,2,2,2,2,2,2,2,2,2,2,2,2,2,2,2,2,2,2,2,1,1,0,0,0,0,0,0,0,0,,,,,,,,,,,,,,,,,,,,,,,,,,,,,,,,,,,,,,,,,,,,,,,,
2432,300,,2101,2433;2431,2,0,0,0,0,0,0,0,0,0,0,0,0,0,0,2,2,3,3,2,2,2,2,2,2,2,2,2,2,2,2,2,2,2,2,2,2,2,2,1,1,0,0,0,0,0,0,0,0,,,,,,,,,,,,,,,,,,,,,,,,,,,,,,,,,,,,,,,,,,,,,,,,
2433,800,2432,2434,,0,0,0,0,0,0,0,0,0,0,0,0,0,0,0,3,3,3,3,3,3,3,3,2,2,2,2,2,2,2,2,3,3,3,3,3,3,3,3,1,1,1,1,0,0,0,0,0,0,,,,,,,,,,,,,,,,,,,,,,,,,,,,,,,,,,,,,,,,,,,,,,,,
2434,300,2611,2435,2433,1,0,0,0,0,0,0,0,0,0,0,0,0,0,0,3,3,3,3,3,3,3,3,3,3,2,2,2,2,3,3,3,3,3,3,3,3,3,3,1,1,1,1,0,0,0,0,0,0,,,,,,,,,,,,,,,,,,,,,,,,,,,,,,,,,,,,,,,,,,,,,,,,
2435,600,2434,2436,,0,0,0,0,0,0,0,0,0,0,0,0,0,0,0,3,3,3,3,3,3,3,3,3,3,2,2,3,3,3,3,3,3,3,3,3,3,3,3,1,1,1,1,0,0,0,0,0,0,,,,,,,,,,,,,,,,,,,,,,,,,,,,,,,,,,,,,,,,,,,,,,,,
2436,800,2105,2435,2092,1,0,0,0,0,0,0,0,0,0,0,0,0,0,0,3,3,3,3,3,3,3,3,3,3,2,2,3,3,3,3,3,3,3,3,3,3,3,3,1,1,1,1,0,0,0,0,0,0,,,,,,,,,,,,,,,,,,,,,,,,,,,,,,,,,,,,,,,,,,,,,,,,
2437,300,2438,2430,,0,0,0,0,0,0,0,0,0,0,0,0,0,0,0,1,1,1,1,1,1,1,1,1,1,1,1,1,1,1,1,1,1,1,1,1,1,1,1,0,0,0,0,0,0,0,0,0,0,,,,,,,,,,,,,,,,,,,,,,,,,,,,,,,,,,,,,,,,,,,,,,,,
2438,300,2437,2601,2088;2092,2,0,0,0,0,0,0,0,0,0,0,0,0,0,0,1,1,1,1,1,1,1,1,1,1,1,1,1,1,1,1,1,1,1,1,1,1,1,1,0,0,0,0,0,0,0,0,0,0,,,,,,,,,,,,,,,,,,,,,,,,,,,,,,,,,,,,,,,,,,,,,,,,
2439,1600,2638,2147,2440,1,0,0,0,0,0,0,0,0,0,0,0,0,0,0,4,4,4,4,4,4,4,4,4,4,3,3,3,3,4,4,4,4,4,4,4,4,4,4,1,1,1,1,1,1,0,0,0,0,,,,,,,,,,,,,,,,,,,,,,,,,,,,,,,,,,,,,,,,,,,,,,,,
244,2000,247,213,,0,38,38,40,40,28,28,30,30,35,35,38,38,106,106,1010,1010,1173,1173,1121,1121,1069,1069,1008,1008,921,921,970,970,952,952,997,997,1020,1020,1069,1069,975,975,299,299,192,192,130,130,94,94,48,48,,,,,,,,,,,,,,,,,,,,,,,,,,,,,,,,,,,,,,,,,,,,,,,,
2440,2000,2439,2441,,0,34,34,35,35,24,24,26,26,31,31,34,34,93,93,1033,1033,1204,1204,1104,1104,1020,1020,1010,1010,922,922,958,958,984,984,1034,1034,1068,1068,1124,1124,1040,1040,262,262,168,168,114,114,82,82,42,42,,,,,,,,,,,,,,,,,,,,,,,,,,,,,,,,,,,,,,,,,,,,,,,,
2441,1600,2440,2139,2442,1,0,0,0,0,0,0,0,0,0,0,0,0,0,0,4,4,4,4,4,4,4,4,4,4,3,3,3,3,4,4,4,4,4,4,4,4,4,4,1,1,1,1,1,1,0,0,0,0,,,,,,,,,,,,,,,,,,,,,,,,,,,,,,,,,,,,,,,,,,,,,,,,
2442,1600,2441,2443,,0,0,0,0,0,0,0,0,0,0,0,0,0,0,0,3,3,4,4,4,4,3,3,3,3,3,3,3,3,3,3,3,3,3,3,3,3,3,3,1,1,1,1,0,0,0,0,0,0,,,,,,,,,,,,,,,,,,,,,,,,,,,,,,,,,,,,,,,,,,,,,,,,
2443,1600,2126,2444,2442,1,0,0,0,0,0,0,0,0,0,0,0,0,0,0,3,3,4,4,4,4,3,3,3,3,3,3,3,3,3,3,3,3,3,3,4,4,3,3,1,1,1,1,0,0,0,0,0,0,,,,,,,,,,,,,,,,,,,,,,,,,,,,,,,,,,,,,,,,,,,,,,,,
2444,400,2445,2443,,0,0,0,0,0,0,0,0,0,0,0,0,0,0,0,3,3,4,4,4,4,3,3,3,3,3,3,3,3,3,3,3,3,3,3,4,4,3,3,1,1,1,1,0,0,0,0,0,0,,,,,,,,,,,,,,,,,,,,,,,,,,,,,,,,,,,,,,,,,,,,,,,,
2445,1200,2423,2446,2444,1,0,0,0,0,0,0,0,0,0,0,0,0,0,0,3,3,4,4,4,4,3,3,3,3,3,3,3,3,3,3,3,3,3,3,4,4,3,3,1,1,1,1,0,0,0,0,0,0,,,,,,,,,,,,,,,,,,,,,,,,,,,,,,,,,,,,,,,,,,,,,,,,
2446,1200,2447,2445,,0,0,0,0,0,0,0,0,0,0,0,0,0,0,0,3,3,4,4,4,4,3,3,3,3,3,3,3,3,3,3,3,3,3,3,3,3,3,3,1,1,1,1,0,0,0,0,0,0,,,,,,,,,,,,,,,,,,,,,,,,,,,,,,,,,,,,,,,,,,,,,,,,
2447,300,2446,2113,2448,1,0,0,0,0,0,0,0,0,0,0,0,0,0,0,3,3,4,4,3,3,3,3,3,3,3,3,3,3,3,3,3,3,3,3,3,3,3,3,1,1,1,1,0,0,0,0,0,0,,,,,,,,,,,,,,,,,,,,,,,,,,,,,,,,,,,,,,,,,,,,,,,,
2448,800,2449,2447,,0,0,0,0,0,0,0,0,0,0,0,0,0,0,0,2,2,3,3,2,2,2,2,2,2,2,2,2,2,2,2,2,2,2,2,2,2,2,2,1,1,0,0,0,0,0,0,0,0,,,,,,,,,,,,,,,,,,,,,,,,,,,,,,,,,,,,,,,,,,,,,,,,
2449,1200,2621,2448,2094,1,0,0,0,0,0,0,0,0,0,0,0,0,0,0,1,1,2,2,2,2,1,1,1,1,1,1,1,1,1,1,1,1,1,1,2,2,1,1,0,0,0,0,0,0,0,0,0,0,,,,,,,,,,,,,,,,,,,,,,,,,,,,,,,,,,,,,,,,,,,,,,,,
245,800,439,247,,0,0,0,0,0,0,0,0,0,0,0,0,0,1,1,5,5,6,6,6,6,6,6,5,5,5,5,5,5,5,5,5,5,5,5,6,6,5,5,2,2,1,1,1,1,1,1,0,0,,,,,,,,,,,,,,,,,,,,,,,,,,,,,,,,,,,,,,,,,,,,,,,,
2450,4400,2451,2074,,0,34,34,35,35,24,24,26,26,31,31,34,34,93,93,1033,1033,1204,1204,1104,1104,1020,1020,1010,1010,922,922,958,958,984,984,1034,1034,1068,1068,1124,1124,1040,1040,262,262,168,168,114,114,82,82,42,42,,,,,,,,,,,,,,,,,,,,,,,,,,,,,,,,,,,,,,,,,,,,,,,,
2451,800,2094,,2450;2114,2,0,0,0,0,0,0,0,0,0,0,0,0,0,0,4,4,4,4,4,4,4,4,3,3,3,3,3,3,3,3,3,3,4,4,4,4,4,4,1,1,1,1,1,1,0,0,0,0,,,,,,,,,,,,,,,,,,,,,,,,,,,,,,,,,,,,,,,,,,,,,,,,
2452,2500,2119,2453,,0,34,34,35,35,24,24,26,26,31,31,34,34,93,93,1033,1033,1204,1204,1104,1104,1020,1020,1010,1010,922,922,958,958,984,984,1034,1034,1068,1068,1124,1124,1040,1040,262,262,168,168,114,114,82,82,42,42,,,,,,,,,,,,,,,,,,,,,,,,,,,,,,,,,,,,,,,,,,,,,,,,
2453,300,2113,,2114;2452,2,0,0,0,0,0,0,0,0,0,0,0,0,0,0,4,4,5,5,4,4,4,4,4,4,3,3,4,4,4,4,4,4,4,4,4,4,4,4,1,1,1,1,1,1,0,0,0,0,,,,,,,,,,,,,,,,,,,,,,,,,,,,,,,,,,,,,,,,,,,,,,,,
2454,4000,,2455,2119,1,34,34,35,35,24,24,26,26,31,31,34,34,93,93,1033,1033,1204,1204,1104,1104,1020,1020,1010,1010,922,922,958,958,984,984,1034,1034,1068,1068,1124,1124,1040,1040,262,262,168,168,114,114,82,82,42,42,,,,,,,,,,,,,,,,,,,,,,,,,,,,,,,,,,,,,,,,,,,,,,,,
2455,1500,2454,2139,2144,1,34,34,35,35,24,24,26,26,31,31,34,34,93,93,1033,1033,1204,1204,1104,1104,1020,1020,1010,1010,922,922,958,958,984,984,1034,1034,1068,1068,1124,1124,1040,1040,262,262,168,168,114,114,82,82,42,42,,,,,,,,,,,,,,,,,,,,,,,,,,,,,,,,,,,,,,,,,,,,,,,,
2456,4400,2457,2156,,0,34,34,35,35,24,24,26,26,31,31,34,34,93,93,1033,1033,1204,1204,1104,1104,1020,1020,1010,1010,922,922,958,958,984,984,1034,1034,1068,1068,1124,1124,1040,1040,262,262,168,168,114,114,82,82,42,42,,,,,,,,,,,,,,,,,,,,,,,,,,,,,,,,,,,,,,,,,,,,,,,,
2457,1200,2635,2178,2456,1,0,0,0,0,0,0,0,0,0,0,0,0,0,0,4,4,4,4,4,4,4,4,4,4,3,3,3,3,3,3,4,4,4,4,4,4,4,4,1,1,1,1,1,1,0,0,0,0,,,,,,,,,,,,,,,,,,,,,,,,,,,,,,,,,,,,,,,,,,,,,,,,
2458,2000,8917,2119,,0,67,67,70,70,49,49,53,53,62,62,67,67,186,186,910,910,1134,1134,1023,1023,977,977,900,900,812,812,861,861,864,864,851,851,886,886,939,939,854,854,524,524,336,336,227,227,165,165,84,84,,,,,,,,,,,,,,,,,,,,,,,,,,,,,,,,,,,,,,,,,,,,,,,,
2459,1200,2286,7072,2302,1,0,0,0,0,0,0,0,0,0,0,0,0,0,0,3,3,4,4,3,3,3,3,3,3,3,3,3,3,3,3,3,3,3,3,3,3,3,3,2,2,1,1,1,1,0,0,0,0,,,,,,,,,,,,,,,,,,,,,,,,,,,,,,,,,,,,,,,,,,,,,,,,
246,4000,416,255,412;414,2,54,54,56,56,39,39,42,42,50,50,54,54,149,149,956,956,1147,1147,1075,1075,1033,1033,954,954,866,866,918,918,901,901,917,917,943,943,993,993,901,901,419,419,269,269,182,182,132,132,67,67,,,,,,,,,,,,,,,,,,,,,,,,,,,,,,,,,,,,,,,,,,,,,,,,
2460,2000,2319,2461,2313;2345,2,17,17,18,18,12,12,13,13,16,16,17,17,46,46,1086,1086,1203,1203,1194,1194,1138,1138,1089,1089,1003,1003,1052,1052,1018,1018,1107,1107,1120,1120,1167,1167,1066,1066,131,131,84,84,57,57,41,41,21,21,,,,,,,,,,,,,,,,,,,,,,,,,,,,,,,,,,,,,,,,,,,,,,,,
2461,1600,2358,2460,2334,1,0,0,0,0,0,0,0,0,0,0,0,0,0,0,5,5,6,6,6,6,6,6,5,5,5,5,5,5,5,5,5,5,5,5,6,6,5,5,1,1,1,1,0,0,0,0,0,0,,,,,,,,,,,,,,,,,,,,,,,,,,,,,,,,,,,,,,,,,,,,,,,,
2462,1500,2279,2463,,0,17,17,18,18,12,12,13,13,16,16,17,17,46,46,1086,1086,1203,1203,1194,1194,1138,1138,1089,1089,1003,1003,1052,1052,1018,1018,1107,1107,1120,1120,1167,1167,1066,1066,131,131,84,84,57,57,41,41,21,21,,,,,,,,,,,,,,,,,,,,,,,,,,,,,,,,,,,,,,,,,,,,,,,,
2463,1200,2316,2462,2308,1,0,0,0,0,0,0,0,0,0,0,0,0,0,0,6,6,7,7,7,7,7,7,6,6,6,6,6,6,6,6,6,6,6,6,7,7,6,6,1,1,1,1,1,1,0,0,0,0,,,,,,,,,,,,,,,,,,,,,,,,,,,,,,,,,,,,,,,,,,,,,,,,
2464,1200,2465,2234,,0,0,0,0,0,0,0,0,0,0,0,0,0,0,0,4,4,4,4,4,4,4,4,4,4,3,3,3,3,3,3,4,4,4,4,4,4,4,4,1,1,1,1,0,0,0,0,0,0,,,,,,,,,,,,,,,,,,,,,,,,,,,,,,,,,,,,,,,,,,,,,,,,
2465,800,2466,2464,2259,1,0,0,0,0,0,0,0,0,0,0,0,0,0,0,3,3,3,3,3,3,3,3,3,3,3,3,3,3,3,3,3,3,3,3,3,3,3,3,1,1,0,0,0,0,0,0,0,0,,,,,,,,,,,,,,,,,,,,,,,,,,,,,,,,,,,,,,,,,,,,,,,,
2466,1200,2467,2465,,0,0,0,0,0,0,0,0,0,0,0,0,0,0,0,6,6,7,7,7,7,6,6,6,6,6,6,6,6,6,6,6,6,6,6,7,7,6,6,1,1,1,1,1,1,0,0,0,0,,,,,,,,,,,,,,,,,,,,,,,,,,,,,,,,,,,,,,,,,,,,,,,,
2467,1500,2466,2270,2273,1,17,17,18,18,12,12,13,13,16,16,17,17,46,46,1086,1086,1203,1203,1194,1194,1138,1138,1089,1089,1003,1003,1052,1052,1018,1018,1107,1107,1120,1120,1167,1167,1066,1066,131,131,84,84,57,57,41,41,21,21,,,,,,,,,,,,,,,,,,,,,,,,,,,,,,,,,,,,,,,,,,,,,,,,
2468,1200,2469,2341,,0,0,0,0,0,0,0,0,0,0,0,0,0,0,0,6,6,6,6,6,6,6,6,5,5,5,5,5,5,5,5,6,6,6,6,6,6,5,5,1,1,1,1,1,1,0,0,0,0,,,,,,,,,,,,,,,,,,,,,,,,,,,,,,,,,,,,,,,,,,,,,,,,
2469,2500,2329,2468,2311,1,17,17,18,18,12,12,13,13,16,16,17,17,46,46,1086,1086,1203,1203,1194,1194,1138,1138,1089,1089,1003,1003,1052,1052,1018,1018,1107,1107,1120,1120,1167,1167,1066,1066,131,131,84,84,57,57,41,41,21,21,,,,,,,,,,,,,,,,,,,,,,,,,,,,,,,,,,,,,,,,,,,,,,,,
247,1200,245,253,244;254,2,0,0,0,0,0,0,0,0,0,0,0,0,1,1,9,9,11,11,10,10,10,10,9,9,8,8,9,9,9,9,9,9,9,9,10,10,9,9,3,3,2,2,1,1,1,1,1,1,,,,,,,,,,,,,,,,,,,,,,,,,,,,,,,,,,,,,,,,,,,,,,,,
2470,1500,2471,2296,,0,17,17,18,18,12,12,13,13,16,16,17,17,46,46,1086,1086,1203,1203,1194,1194,1138,1138,1089,1089,1003,1003,1052,1052,1018,1018,1107,1107,1120,1120,1167,1167,1066,1066,131,131,84,84,57,57,41,41,21,21,,,,,,,,,,,,,,,,,,,,,,,,,,,,,,,,,,,,,,,,,,,,,,,,
2471,2000,2289,2470,2275,1,17,17,18,18,12,12,13,13,16,16,17,17,46,46,1086,1086,1203,1203,1194,1194,1138,1138,1089,1089,1003,1003,1052,1052,1018,1018,1107,1107,1120,1120,1167,1167,1066,1066,131,131,84,84,57,57,41,41,21,21,,,,,,,,,,,,,,,,,,,,,,,,,,,,,,,,,,,,,,,,,,,,,,,,
2472,4000,2243,2473,,0,17,17,18,18,12,12,13,13,16,16,17,17,46,46,1086,1086,1203,1203,1194,1194,1138,1138,1089,1089,1003,1003,1052,1052,1018,1018,1107,1107,1120,1120,1167,1167,1066,1066,131,131,84,84,57,57,41,41,21,21,,,,,,,,,,,,,,,,,,,,,,,,,,,,,,,,,,,,,,,,,,,,,,,,
2473,3500,2518,2472,2260,1,17,17,18,18,12,12,13,13,16,16,17,17,46,46,1086,1086,1203,1203,1194,1194,1138,1138,1089,1089,1003,1003,1052,1052,1018,1018,1107,1107,1120,1120,1167,1167,1066,1066,131,131,84,84,57,57,41,41,21,21,,,,,,,,,,,,,,,,,,,,,,,,,,,,,,,,,,,,,,,,,,,,,,,,
2474,1500,2262,2475,,0,17,17,18,18,12,12,13,13,16,16,17,17,46,46,1086,1086,1203,1203,1194,1194,1138,1138,1089,1089,1003,1003,1052,1052,1018,1018,1107,1107,1120,1120,1167,1167,1066,1066,131,131,84,84,57,57,41,41,21,21,,,,,,,,,,,,,,,,,,,,,,,,,,,,,,,,,,,,,,,,,,,,,,,,
2475,2500,2254,2474,2241,1,17,17,18,18,12,12,13,13,16,16,17,17,46,46,1086,1086,1203,1203,1194,1194,1138,1138,1089,1089,1003,1003,1052,1052,1018,1018,1107,1107,1120,1120,1167,1167,1066,1066,131,131,84,84,57,57,41,41,21,21,,,,,,,,,,,,,,,,,,,,,,,,,,,,,,,,,,,,,,,,,,,,,,,,
2476,1200,2331,2477,,0,0,0,0,0,0,0,0,0,0,0,0,0,1,1,4,4,5,5,5,5,5,5,4,4,4,4,4,4,4,4,4,4,4,4,4,4,4,4,2,2,1,1,1,1,1,1,0,0,,,,,,,,,,,,,,,,,,,,,,,,,,,,,,,,,,,,,,,,,,,,,,,,
2477,1200,2322,2476,2327,1,0,0,0,0,0,0,0,0,0,0,0,0,0,0,2,2,3,3,3,3,3,3,2,2,2,2,2,2,2,2,2,2,2,2,3,3,2,2,1,1,1,1,0,0,0,0,0,0,,,,,,,,,,,,,,,,,,,,,,,,,,,,,,,,,,,,,,,,,,,,,,,,
2478,800,2290,2479,,0,0,0,0,0,0,0,0,0,0,0,0,0,1,1,8,8,9,9,9,9,9,9,8,8,8,8,8,8,8,8,8,8,8,8,9,9,8,8,2,2,1,1,1,1,1,1,0,0,,,,,,,,,,,,,,,,,,,,,,,,,,,,,,,,,,,,,,,,,,,,,,,,
2479,1200,2478,2480,2282,1,0,0,0,0,0,0,0,0,0,0,0,0,1,1,8,8,9,9,9,9,9,9,8,8,8,8,8,8,8,8,8,8,8,8,9,9,8,8,2,2,1,1,1,1,1,1,0,0,,,,,,,,,,,,,,,,,,,,,,,,,,,,,,,,,,,,,,,,,,,,,,,,
248,2000,439,437,,0,38,38,40,40,28,28,30,30,35,35,38,38,106,106,1010,1010,1173,1173,1121,1121,1069,1069,1008,1008,921,921,970,970,952,952,997,997,1020,1020,1069,1069,975,975,299,299,192,192,130,130,94,94,48,48,,,,,,,,,,,,,,,,,,,,,,,,,,,,,,,,,,,,,,,,,,,,,,,,
2480,1200,2481,2479,,0,0,0,0,0,0,0,0,0,0,0,0,0,0,0,5,5,6,6,6,6,5,5,5,5,5,5,5,5,5,5,5,5,5,5,5,5,5,5,1,1,1,1,0,0,0,0,0,0,,,,,,,,,,,,,,,,,,,,,,,,,,,,,,,,,,,,,,,,,,,,,,,,
2481,1200,2482,2480,2267,1,0,0,0,0,0,0,0,0,0,0,0,0,0,0,4,4,4,4,4,4,4,4,4,4,4,4,4,4,4,4,4,4,4,4,4,4,4,4,1,1,1,1,0,0,0,0,0,0,,,,,,,,,,,,,,,,,,,,,,,,,,,,,,,,,,,,,,,,,,,,,,,,
2482,1200,2481,2483,,0,0,0,0,0,0,0,0,0,0,0,0,0,0,0,6,6,7,7,7,7,7,7,6,6,6,6,6,6,6,6,6,6,6,6,7,7,6,6,1,1,1,1,1,1,0,0,0,0,,,,,,,,,,,,,,,,,,,,,,,,,,,,,,,,,,,,,,,,,,,,,,,,
2483,1500,2482,2280,2255,1,17,17,18,18,12,12,13,13,16,16,17,17,46,46,1086,1086,1203,1203,1194,1194,1138,1138,1089,1089,1003,1003,1052,1052,1018,1018,1107,1107,1120,1120,1167,1167,1066,1066,131,131,84,84,57,57,41,41,21,21,,,,,,,,,,,,,,,,,,,,,,,,,,,,,,,,,,,,,,,,,,,,,,,,
2484,4400,2222,2485,,0,0,0,0,0,0,0,0,0,0,0,0,0,0,0,1138,1138,1201,1201,1284,1284,1257,1257,1168,1168,1084,1084,1145,1145,1051,1051,1179,1179,1173,1173,1211,1211,1091,1091,0,0,0,0,0,0,0,0,0,0,,,,,,,,,,,,,,,,,,,,,,,,,,,,,,,,,,,,,,,,,,,,,,,,
2485,2500,2283,2486,2484,1,45,45,47,47,33,33,35,35,41,41,45,45,124,124,986,986,1156,1156,1110,1110,1070,1070,989,989,903,903,956,956,926,926,960,960,982,982,1030,1030,933,933,349,349,224,224,151,151,110,110,56,56,,,,,,,,,,,,,,,,,,,,,,,,,,,,,,,,,,,,,,,,,,,,,,,,
2486,4000,2487,2485,,0,45,45,47,47,33,33,35,35,41,41,45,45,124,124,986,986,1156,1156,1110,1110,1070,1070,989,989,903,903,956,956,926,926,960,960,982,982,1030,1030,933,933,349,349,224,224,151,151,110,110,56,56,,,,,,,,,,,,,,,,,,,,,,,,,,,,,,,,,,,,,,,,,,,,,,,,
2487,2500,2326,2370,2486,1,45,45,47,47,33,33,35,35,41,41,45,45,124,124,986,986,1156,1156,1110,1110,1070,1070,989,989,903,903,956,956,926,926,960,960,982,982,1030,1030,933,933,349,349,224,224,151,151,110,110,56,56,,,,,,,,,,,,,,,,,,,,,,,,,,,,,,,,,,,,,,,,,,,,,,,,
2488,800,2489,2235,,0,0,0,0,0,0,0,0,0,0,0,0,0,0,0,2,2,2,2,2,2,2,2,2,2,2,2,2,2,2,2,2,2,2,2,2,2,2,2,1,1,1,1,0,0,0,0,0,0,,,,,,,,,,,,,,,,,,,,,,,,,,,,,,,,,,,,,,,,,,,,,,,,
2489,1200,2266,2488,2248,1,0,0,0,0,0,0,0,0,0,0,0,0,0,0,2,2,3,3,3,3,3,3,2,2,2,2,2,2,2,2,2,2,2,2,2,2,2,2,1,1,1,1,0,0,0,0,0,0,,,,,,,,,,,,,,,,,,,,,,,,,,,,,,,,,,,,,,,,,,,,,,,,
249,2000,252,240,,0,54,54,56,56,39,39,42,42,50,50,54,54,149,149,956,956,1147,1147,1075,1075,1033,1033,954,954,866,866,918,918,901,901,917,917,943,943,993,993,901,901,419,419,269,269,182,182,132,132,67,67,,,,,,,,,,,,,,,,,,,,,,,,,,,,,,,,,,,,,,,,,,,,,,,,
2490,1500,2495,2491,,0,45,45,47,47,33,33,35,35,41,41,45,45,124,124,986,986,1156,1156,1110,1110,1070,1070,989,989,903,903,956,956,926,926,960,960,982,982,1030,1030,933,933,349,349,224,224,151,151,110,110,56,56,,,,,,,,,,,,,,,,,,,,,,,,,,,,,,,,,,,,,,,,,,,,,,,,
2491,800,2269,2490,2266,1,0,0,0,0,0,0,0,0,0,0,0,0,1,1,6,6,7,7,6,6,6,6,6,6,5,5,5,5,5,5,5,5,6,6,6,6,5,5,2,2,1,1,1,1,1,1,0,0,,,,,,,,,,,,,,,,,,,,,,,,,,,,,,,,,,,,,,,,,,,,,,,,
2492,1200,2493,2251,,0,0,0,0,0,0,0,0,0,0,0,0,0,0,0,2,2,3,3,3,3,3,3,2,2,2,2,2,2,2,2,2,2,2,2,3,3,2,2,1,1,1,1,0,0,0,0,0,0,,,,,,,,,,,,,,,,,,,,,,,,,,,,,,,,,,,,,,,,,,,,,,,,
2493,1600,2284,2492,2269,1,0,0,0,0,0,0,0,0,0,0,0,0,0,0,3,3,3,3,3,3,3,3,3,3,2,2,2,2,2,2,3,3,3,3,3,3,3,3,1,1,1,1,0,0,0,0,0,0,,,,,,,,,,,,,,,,,,,,,,,,,,,,,,,,,,,,,,,,,,,,,,,,
2494,2500,2495,2559,,0,45,45,47,47,33,33,35,35,41,41,45,45,124,124,986,986,1156,1156,1110,1110,1070,1070,989,989,903,903,956,956,926,926,960,960,982,982,1030,1030,933,933,349,349,224,224,151,151,110,110,56,56,,,,,,,,,,,,,,,,,,,,,,,,,,,,,,,,,,,,,,,,,,,,,,,,
2495,2000,2490,2494,2496,1,45,45,47,47,33,33,35,35,41,41,45,45,124,124,986,986,1156,1156,1110,1110,1070,1070,989,989,903,903,956,956,926,926,960,960,982,982,1030,1030,933,933,349,349,224,224,151,151,110,110,56,56,,,,,,,,,,,,,,,,,,,,,,,,,,,,,,,,,,,,,,,,,,,,,,,,
2496,1600,2495,2497,,0,0,0,0,0,0,0,0,0,0,0,0,0,1,1,6,6,7,7,6,6,6,6,6,6,5,5,5,5,6,6,6,6,6,6,6,6,6,6,2,2,1,1,1,1,1,1,0,0,,,,,,,,,,,,,,,,,,,,,,,,,,,,,,,,,,,,,,,,,,,,,,,,
2497,1500,2496,2291,2301;2498,2,45,45,47,47,33,33,35,35,41,41,45,45,124,124,986,986,1156,1156,1110,1110,1070,1070,989,989,903,903,956,956,926,926,960,960,982,982,1030,1030,933,933,349,349,224,224,151,151,110,110,56,56,,,,,,,,,,,,,,,,,,,,,,,,,,,,,,,,,,,,,,,,,,,,,,,,
2498,2500,2499,2497,,0,45,45,47,47,33,33,35,35,41,41,45,45,124,124,986,986,1156,1156,1110,1110,1070,1070,989,989,903,903,956,956,926,926,960,960,982,982,1030,1030,933,933,349,349,224,224,151,151,110,110,56,56,,,,,,,,,,,,,,,,,,,,,,,,,,,,,,,,,,,,,,,,,,,,,,,,
2499,2500,21,2498,2340,1,45,45,47,47,33,33,35,35,41,41,45,45,124,124,986,986,1156,1156,1110,1110,1070,1070,989,989,903,903,956,956,926,926,960,960,982,982,1030,1030,933,933,349,349,224,224,151,151,110,110,56,56,,,,,,,,,,,,,,,,,,,,,,,,,,,,,,,,,,,,,,,,,,,,,,,,
25,1600,29,20,,0,0,0,0,0,0,0,0,0,0,0,0,0,1,1,5,5,5,5,5,5,5,5,5,5,4,4,4,4,4,4,4,4,5,5,5,5,4,4,2,2,1,1,1,1,1,1,0,0,,,,,,,,,,,,,,,,,,,,,,,,,,,,,,,,,,,,,,,,,,,,,,,,
250,1500,252,234,,0,54,54,56,56,39,39,42,42,50,50,54,54,149,149,956,956,1147,1147,1075,1075,1033,1033,954,954,866,866,918,918,901,901,917,917,943,943,993,993,901,901,419,419,269,269,182,182,132,132,67,67,,,,,,,,,,,,,,,,,,,,,,,,,,,,,,,,,,,,,,,,,,,,,,,,
2500,1500,2253,2501,,0,45,45,47,47,33,33,35,35,41,41,45,45,124,124,986,986,1156,1156,1110,1110,1070,1070,989,989,903,903,956,956,926,926,960,960,982,982,1030,1030,933,933,349,349,224,224,151,151,110,110,56,56,,,,,,,,,,,,,,,,,,,,,,,,,,,,,,,,,,,,,,,,,,,,,,,,
2501,1500,2500,2257,2249,1,45,45,47,47,33,33,35,35,41,41,45,45,124,124,986,986,1156,1156,1110,1110,1070,1070,989,989,903,903,956,956,926,926,960,960,982,982,1030,1030,933,933,349,349,224,224,151,151,110,110,56,56,,,,,,,,,,,,,,,,,,,,,,,,,,,,,,,,,,,,,,,,,,,,,,,,
2502,1500,2295,2503,,0,45,45,47,47,33,33,35,35,41,41,45,45,124,124,986,986,1156,1156,1110,1110,1070,1070,989,989,903,903,956,956,926,926,960,960,982,982,1030,1030,933,933,349,349,224,224,151,151,110,110,56,56,,,,,,,,,,,,,,,,,,,,,,,,,,,,,,,,,,,,,,,,,,,,,,,,
2503,1200,2299,2502,2312,1,0,0,0,0,0,0,0,0,0,0,0,0,1,1,5,5,6,6,5,5,5,5,5,5,4,4,4,4,5,5,5,5,5,5,5,5,5,5,2,2,1,1,1,1,1,1,0,0,,,,,,,,,,,,,,,,,,,,,,,,,,,,,,,,,,,,,,,,,,,,,,,,
2504,1600,2505,2217,,0,0,0,0,0,0,0,0,0,0,0,0,0,1,1,6,6,7,7,6,6,6,6,6,6,5,5,5,5,6,6,6,6,6,6,6,6,6,6,2,2,1,1,1,1,1,1,0,0,,,,,,,,,,,,,,,,,,,,,,,,,,,,,,,,,,,,,,,,,,,,,,,,
2505,2000,2504,2249,2238,1,45,45,47,47,33,33,35,35,41,41,45,45,124,124,986,986,1156,1156,1110,1110,1070,1070,989,989,903,903,956,956,926,926,960,960,982,982,1030,1030,933,933,349,349,224,224,151,151,110,110,56,56,,,,,,,,,,,,,,,,,,,,,,,,,,,,,,,,,,,,,,,,,,,,,,,,
2506,1200,2195,2507,,0,0,0,0,0,0,0,0,0,0,0,0,0,0,0,4,4,4,4,4,4,4,4,3,3,3,3,3,3,3,3,4,4,4,4,4,4,3,3,1,1,0,0,0,0,0,0,0,0,,,,,,,,,,,,,,,,,,,,,,,,,,,,,,,,,,,,,,,,,,,,,,,,
2507,1200,2226,2506,2229,1,0,0,0,0,0,0,0,0,0,0,0,0,0,0,4,4,4,4,4,4,4,4,4,4,4,4,4,4,4,4,4,4,4,4,4,4,4,4,1,1,1,1,0,0,0,0,0,0,,,,,,,,,,,,,,,,,,,,,,,,,,,,,,,,,,,,,,,,,,,,,,,,
2508,1200,2195,2509,,0,0,0,0,0,0,0,0,0,0,0,0,0,0,0,4,4,5,5,5,5,4,4,4,4,4,4,4,4,4,4,4,4,4,4,4,4,4,4,1,1,1,1,1,1,0,0,0,0,,,,,,,,,,,,,,,,,,,,,,,,,,,,,,,,,,,,,,,,,,,,,,,,
2509,1200,2508,2193,2179,1,0,0,0,0,0,0,0,0,0,0,0,0,0,0,3,3,4,4,3,3,3,3,3,3,3,3,3,3,3,3,3,3,3,3,3,3,3,3,1,1,1,1,0,0,0,0,0,0,,,,,,,,,,,,,,,,,,,,,,,,,,,,,,,,,,,,,,,,,,,,,,,,
251,2000,260,407,,0,54,54,56,56,39,39,42,42,50,50,54,54,149,149,956,956,1147,1147,1075,1075,1033,1033,954,954,866,866,918,918,901,901,917,917,943,943,993,993,901,901,419,419,269,269,182,182,132,132,67,67,,,,,,,,,,,,,,,,,,,,,,,,,,,,,,,,,,,,,,,,,,,,,,,,
2510,4400,2511,2175,,0,0,0,0,0,0,0,0,0,0,0,0,0,0,0,1156,1156,1275,1275,1184,1184,1063,1063,1121,1121,1033,1033,1056,1056,1105,1105,1218,1218,1250,1250,1308,1308,1226,1226,0,0,0,0,0,0,0,0,0,0,,,,,,,,,,,,,,,,,,,,,,,,,,,,,,,,,,,,,,,,,,,,,,,,
2511,800,2512,2194,2510,1,0,0,0,0,0,0,0,0,0,0,0,0,0,0,5,5,6,6,5,5,5,5,5,5,5,5,5,5,5,5,5,5,5,5,5,5,5,5,1,1,1,1,0,0,0,0,0,0,,,,,,,,,,,,,,,,,,,,,,,,,,,,,,,,,,,,,,,,,,,,,,,,
2512,4400,2511,2513,,0,17,17,18,18,12,12,13,13,16,16,17,17,46,46,1086,1086,1203,1203,1194,1194,1138,1138,1089,1089,1003,1003,1052,1052,1018,1018,1107,1107,1120,1120,1167,1167,1066,1066,131,131,84,84,57,57,41,41,21,21,,,,,,,,,,,,,,,,,,,,,,,,,,,,,,,,,,,,,,,,,,,,,,,,
2513,800,2512,2514,2218,1,0,0,0,0,0,0,0,0,0,0,0,0,0,0,6,6,7,7,6,6,6,6,6,6,5,5,6,6,6,6,6,6,6,6,6,6,6,6,1,1,1,1,1,1,0,0,0,0,,,,,,,,,,,,,,,,,,,,,,,,,,,,,,,,,,,,,,,,,,,,,,,,
2514,800,2515,2513,,0,0,0,0,0,0,0,0,0,0,0,0,0,0,0,2,2,3,3,3,3,2,2,2,2,2,2,2,2,2,2,2,2,2,2,2,2,2,2,1,1,0,0,0,0,0,0,0,0,,,,,,,,,,,,,,,,,,,,,,,,,,,,,,,,,,,,,,,,,,,,,,,,
2515,800,2197,2514,2201,1,0,0,0,0,0,0,0,0,0,0,0,0,0,0,2,2,3,3,2,2,2,2,2,2,2,2,2,2,2,2,2,2,2,2,2,2,2,2,1,1,0,0,0,0,0,0,0,0,,,,,,,,,,,,,,,,,,,,,,,,,,,,,,,,,,,,,,,,,,,,,,,,
2516,2500,2207,2517,,0,17,17,18,18,12,12,13,13,16,16,17,17,46,46,1086,1086,1203,1203,1194,1194,1138,1138,1089,1089,1003,1003,1052,1052,1018,1018,1107,1107,1120,1120,1167,1167,1066,1066,131,131,84,84,57,57,41,41,21,21,,,,,,,,,,,,,,,,,,,,,,,,,,,,,,,,,,,,,,,,,,,,,,,,
2517,2000,2516,2224,2254,1,17,17,18,18,12,12,13,13,16,16,17,17,46,46,1086,1086,1203,1203,1194,1194,1138,1138,1089,1089,1003,1003,1052,1052,1018,1018,1107,1107,1120,1120,1167,1167,1066,1066,131,131,84,84,57,57,41,41,21,21,,,,,,,,,,,,,,,,,,,,,,,,,,,,,,,,,,,,,,,,,,,,,,,,
2518,2000,2473,2519,,0,17,17,18,18,12,12,13,13,16,16,17,17,46,46,1086,1086,1203,1203,1194,1194,1138,1138,1089,1089,1003,1003,1052,1052,1018,1018,1107,1107,1120,1120,1167,1167,1066,1066,131,131,84,84,57,57,41,41,21,21,,,,,,,,,,,,,,,,,,,,,,,,,,,,,,,,,,,,,,,,,,,,,,,,
2519,1500,2518,2520,2241,1,17,17,18,18,12,12,13,13,16,16,17,17,46,46,1086,1086,1203,1203,1194,1194,1138,1138,1089,1089,1003,1003,1052,1052,1018,1018,1107,1107,1120,1120,1167,1167,1066,1066,131,131,84,84,57,57,41,41,21,21,,,,,,,,,,,,,,,,,,,,,,,,,,,,,,,,,,,,,,,,,,,,,,,,
252,1600,250,277,249;264,2,0,0,0,0,0,0,0,0,0,0,0,0,1,1,7,7,8,8,7,7,7,7,7,7,6,6,6,6,6,6,6,6,7,7,7,7,7,7,3,3,2,2,1,1,1,1,1,1,,,,,,,,,,,,,,,,,,,,,,,,,,,,,,,,,,,,,,,,,,,,,,,,
2520,1200,2521,2519,,0,0,0,0,0,0,0,0,0,0,0,0,0,0,0,6,6,7,7,7,7,6,6,6,6,6,6,6,6,6,6,6,6,6,6,6,6,6,6,1,1,1,1,1,1,0,0,0,0,,,,,,,,,,,,,,,,,,,,,,,,,,,,,,,,,,,,,,,,,,,,,,,,
2521,1500,2520,2240,2224,1,17,17,18,18,12,12,13,13,16,16,17,17,46,46,1086,1086,1203,1203,1194,1194,1138,1138,1089,1089,1003,1003,1052,1052,1018,1018,1107,1107,1120,1120,1167,1167,1066,1066,131,131,84,84,57,57,41,41,21,21,,,,,,,,,,,,,,,,,,,,,,,,,,,,,,,,,,,,,,,,,,,,,,,,
2522,1200,2523,2188,,0,0,0,0,0,0,0,0,0,0,0,0,0,0,0,6,6,7,7,7,7,7,7,6,6,6,6,6,6,6,6,6,6,6,6,7,7,6,6,1,1,1,1,1,1,0,0,0,0,,,,,,,,,,,,,,,,,,,,,,,,,,,,,,,,,,,,,,,,,,,,,,,,
2523,1500,2522,2203,2240,1,17,17,18,18,12,12,13,13,16,16,17,17,46,46,1086,1086,1203,1203,1194,1194,1138,1138,1089,1089,1003,1003,1052,1052,1018,1018,1107,1107,1120,1120,1167,1167,1066,1066,131,131,84,84,57,57,41,41,21,21,,,,,,,,,,,,,,,,,,,,,,,,,,,,,,,,,,,,,,,,,,,,,,,,
2524,1500,2525,2243,,0,17,17,18,18,12,12,13,13,16,16,17,17,46,46,1086,1086,1203,1203,1194,1194,1138,1138,1089,1089,1003,1003,1052,1052,1018,1018,1107,1107,1120,1120,1167,1167,1066,1066,131,131,84,84,57,57,41,41,21,21,,,,,,,,,,,,,,,,,,,,,,,,,,,,,,,,,,,,,,,,,,,,,,,,
2525,2000,2524,2526,2220,1,17,17,18,18,12,12,13,13,16,16,17,17,46,46,1086,1086,1203,1203,1194,1194,1138,1138,1089,1089,1003,1003,1052,1052,1018,1018,1107,1107,1120,1120,1167,1167,1066,1066,131,131,84,84,57,57,41,41,21,21,,,,,,,,,,,,,,,,,,,,,,,,,,,,,,,,,,,,,,,,,,,,,,,,
2526,1200,2527,2525,,0,0,0,0,0,0,0,0,0,0,0,0,0,0,0,6,6,7,7,7,7,7,7,6,6,6,6,6,6,6,6,7,7,7,7,7,7,6,6,1,1,1,1,1,1,0,0,0,0,,,,,,,,,,,,,,,,,,,,,,,,,,,,,,,,,,,,,,,,,,,,,,,,
2527,1500,2200,2528,2526,1,17,17,18,18,12,12,13,13,16,16,17,17,46,46,1086,1086,1203,1203,1194,1194,1138,1138,1089,1089,1003,1003,1052,1052,1018,1018,1107,1107,1120,1120,1167,1167,1066,1066,131,131,84,84,57,57,41,41,21,21,,,,,,,,,,,,,,,,,,,,,,,,,,,,,,,,,,,,,,,,,,,,,,,,
2528,1200,2529,2527,,0,0,0,0,0,0,0,0,0,0,0,0,0,0,0,7,7,8,8,8,8,8,8,7,7,7,7,7,7,7,7,7,7,7,7,8,8,7,7,2,2,1,1,1,1,0,0,0,0,,,,,,,,,,,,,,,,,,,,,,,,,,,,,,,,,,,,,,,,,,,,,,,,
2529,1200,2236,2196,2528,1,0,0,0,0,0,0,0,0,0,0,0,0,1,1,8,8,8,8,8,8,8,8,7,7,7,7,7,7,7,7,8,8,8,8,8,8,7,7,2,2,1,1,1,1,0,0,0,0,,,,,,,,,,,,,,,,,,,,,,,,,,,,,,,,,,,,,,,,,,,,,,,,
253,800,549,247,,0,0,0,0,0,0,0,0,0,0,0,0,0,1,1,5,5,6,6,6,6,5,5,5,5,5,5,5,5,5,5,5,5,5,5,5,5,5,5,2,2,1,1,1,1,1,1,0,0,,,,,,,,,,,,,,,,,,,,,,,,,,,,,,,,,,,,,,,,,,,,,,,,
2530,800,2531,2169,,0,0,0,0,0,0,0,0,0,0,0,0,0,0,0,3,3,3,3,3,3,3,3,2,2,2,2,2,2,2,2,2,2,3,3,3,3,2,2,1,1,0,0,0,0,0,0,0,0,,,,,,,,,,,,,,,,,,,,,,,,,,,,,,,,,,,,,,,,,,,,,,,,
2531,300,2176,2530,2183,1,0,0,0,0,0,0,0,0,0,0,0,0,0,0,4,4,4,4,4,4,4,4,3,3,3,3,3,3,3,3,4,4,4,4,4,4,4,4,1,1,1,1,0,0,0,0,0,0,,,,,,,,,,,,,,,,,,,,,,,,,,,,,,,,,,,,,,,,,,,,,,,,
2532,2500,2537,2533,,0,0,0,0,0,0,0,0,0,0,0,0,0,0,0,1147,1147,1238,1238,1234,1234,1160,1160,1144,1144,1058,1058,1100,1100,1078,1078,1198,1198,1212,1212,1260,1260,1158,1158,0,0,0,0,0,0,0,0,0,0,,,,,,,,,,,,,,,,,,,,,,,,,,,,,,,,,,,,,,,,,,,,,,,,
2533,1600,2200,2534,2532,1,0,0,0,0,0,0,0,0,0,0,0,0,0,0,2,2,2,2,2,2,2,2,2,2,2,2,2,2,2,2,2,2,2,2,2,2,2,2,0,0,0,0,0,0,0,0,0,0,,,,,,,,,,,,,,,,,,,,,,,,,,,,,,,,,,,,,,,,,,,,,,,,
2534,1600,2535,2533,,0,53,53,55,55,38,38,42,42,48,48,53,53,146,146,715,715,891,891,804,804,768,768,707,707,638,638,676,676,679,679,669,669,696,696,738,738,671,671,411,411,264,264,178,178,130,130,66,66,,,,,,,,,,,,,,,,,,,,,,,,,,,,,,,,,,,,,,,,,,,,,,,,
2535,1600,2221,2534,2220,1,0,0,0,0,0,0,0,0,0,0,0,0,0,0,6,6,7,7,7,7,7,7,6,6,6,6,6,6,6,6,6,6,6,6,7,7,6,6,1,1,1,1,1,1,0,0,0,0,,,,,,,,,,,,,,,,,,,,,,,,,,,,,,,,,,,,,,,,,,,,,,,,
2536,1200,2537,2541,,0,0,0,0,0,0,0,0,0,0,0,0,0,0,0,3,3,3,3,3,3,3,3,2,2,2,2,2,2,2,2,3,3,3,3,3,3,3,3,1,1,0,0,0,0,0,0,0,0,,,,,,,,,,,,,,,,,,,,,,,,,,,,,,,,,,,,,,,,,,,,,,,,
2537,1200,2536,2186,2532,1,0,0,0,0,0,0,0,0,0,0,0,0,0,0,4,4,5,5,5,5,4,4,4,4,4,4,4,4,4,4,4,4,4,4,4,4,4,4,1,1,1,1,1,1,0,0,0,0,,,,,,,,,,,,,,,,,,,,,,,,,,,,,,,,,,,,,,,,,,,,,,,,
2538,1200,2539,2175,,0,0,0,0,0,0,0,0,0,0,0,0,0,0,0,2,2,2,2,2,2,2,2,2,2,2,2,2,2,2,2,2,2,2,2,2,2,2,2,1,1,0,0,0,0,0,0,0,0,,,,,,,,,,,,,,,,,,,,,,,,,,,,,,,,,,,,,,,,,,,,,,,,
2539,800,2538,2395,2391,1,0,0,0,0,0,0,0,0,0,0,0,0,0,0,3,3,3,3,3,3,3,3,3,3,3,3,3,3,3,3,3,3,3,3,3,3,3,3,1,1,1,1,0,0,0,0,0,0,,,,,,,,,,,,,,,,,,,,,,,,,,,,,,,,,,,,,,,,,,,,,,,,
254,2000,247,261,,0,38,38,40,40,28,28,30,30,35,35,38,38,106,106,1010,1010,1173,1173,1121,1121,1069,1069,1008,1008,921,921,970,970,952,952,997,997,1020,1020,1069,1069,975,975,299,299,192,192,130,130,94,94,48,48,,,,,,,,,,,,,,,,,,,,,,,,,,,,,,,,,,,,,,,,,,,,,,,,
2540,1600,2541,2412,,0,0,0,0,0,0,0,0,0,0,0,0,0,0,0,2,2,3,3,3,3,2,2,2,2,2,2,2,2,2,2,2,2,2,2,3,3,2,2,1,1,0,0,0,0,0,0,0,0,,,,,,,,,,,,,,,,,,,,,,,,,,,,,,,,,,,,,,,,,,,,,,,,
2541,1200,2209,2536,2540,1,0,0,0,0,0,0,0,0,0,0,0,0,0,0,3,3,3,3,3,3,3,3,3,3,2,2,2,2,3,3,3,3,3,3,3,3,3,3,1,1,1,1,0,0,0,0,0,0,,,,,,,,,,,,,,,,,,,,,,,,,,,,,,,,,,,,,,,,,,,,,,,,
2542,3300,2222,2543,,0,0,0,0,0,0,0,0,0,0,0,0,0,0,0,1138,1138,1201,1201,1284,1284,1257,1257,1168,1168,1084,1084,1145,1145,1051,1051,1179,1179,1173,1173,1211,1211,1091,1091,0,0,0,0,0,0,0,0,0,0,,,,,,,,,,,,,,,,,,,,,,,,,,,,,,,,,,,,,,,,,,,,,,,,
2543,300,2189,2209,2542,1,0,0,0,0,0,0,0,0,0,0,0,0,0,0,7,7,7,7,7,7,7,7,6,6,6,6,6,6,6,6,7,7,7,7,7,7,6,6,1,1,1,1,1,1,0,0,0,0,,,,,,,,,,,,,,,,,,,,,,,,,,,,,,,,,,,,,,,,,,,,,,,,
2544,3500,2545,2199,,0,45,45,47,47,33,33,35,35,41,41,45,45,124,124,986,986,1156,1156,1110,1110,1070,1070,989,989,903,903,956,956,926,926,960,960,982,982,1030,1030,933,933,349,349,224,224,151,151,110,110,56,56,,,,,,,,,,,,,,,,,,,,,,,,,,,,,,,,,,,,,,,,,,,,,,,,
2545,3000,2544,2192,2546,1,34,34,35,35,24,24,26,26,31,31,34,34,93,93,1033,1033,1204,1204,1104,1104,1020,1020,1010,1010,922,922,958,958,984,984,1034,1034,1068,1068,1124,1124,1040,1040,262,262,168,168,114,114,82,82,42,42,,,,,,,,,,,,,,,,,,,,,,,,,,,,,,,,,,,,,,,,,,,,,,,,
2546,2000,2545,2547,,0,67,67,70,70,49,49,53,53,62,62,67,67,186,186,910,910,1134,1134,1023,1023,977,977,900,900,812,812,861,861,864,864,851,851,886,886,939,939,854,854,524,524,336,336,227,227,165,165,84,84,,,,,,,,,,,,,,,,,,,,,,,,,,,,,,,,,,,,,,,,,,,,,,,,
2547,2000,2182,2546,2191,1,45,45,47,47,33,33,35,35,41,41,45,45,124,124,986,986,1156,1156,1110,1110,1070,1070,989,989,903,903,956,956,926,926,960,960,982,982,1030,1030,933,933,349,349,224,224,151,151,110,110,56,56,,,,,,,,,,,,,,,,,,,,,,,,,,,,,,,,,,,,,,,,,,,,,,,,
2548,1200,2549,2190,,0,0,0,0,0,0,0,0,0,0,0,0,0,1,1,6,6,7,7,7,7,6,6,6,6,6,6,6,6,6,6,6,6,6,6,6,6,6,6,2,2,2,2,1,1,1,1,0,0,,,,,,,,,,,,,,,,,,,,,,,,,,,,,,,,,,,,,,,,,,,,,,,,
2549,800,2185,2548,2182,1,0,0,0,0,0,0,0,0,0,0,0,0,1,1,5,5,6,6,6,6,6,6,5,5,5,5,5,5,5,5,5,5,5,5,6,6,5,5,2,2,1,1,1,1,1,1,0,0,,,,,,,,,,,,,,,,,,,,,,,,,,,,,,,,,,,,,,,,,,,,,,,,
255,4000,257,246,,0,54,54,56,56,39,39,42,42,50,50,54,54,149,149,956,956,1147,1147,1075,1075,1033,1033,954,954,866,866,918,918,901,901,917,917,943,943,993,993,901,901,419,419,269,269,182,182,132,132,67,67,,,,,,,,,,,,,,,,,,,,,,,,,,,,,,,,,,,,,,,,,,,,,,,,
2550,4000,2551,2199,,0,45,45,47,47,33,33,35,35,41,41,45,45,124,124,986,986,1156,1156,1110,1110,1070,1070,989,989,903,903,956,956,926,926,960,960,982,982,1030,1030,933,933,349,349,224,224,151,151,110,110,56,56,,,,,,,,,,,,,,,,,,,,,,,,,,,,,,,,,,,,,,,,,,,,,,,,
2551,3000,2552,2191,2550,1,45,45,47,47,33,33,35,35,41,41,45,45,124,124,986,986,1156,1156,1110,1110,1070,1070,989,989,903,903,956,956,926,926,960,960,982,982,1030,1030,933,933,349,349,224,224,151,151,110,110,56,56,,,,,,,,,,,,,,,,,,,,,,,,,,,,,,,,,,,,,,,,,,,,,,,,
2552,4000,2553,2551,,0,45,45,47,47,33,33,35,35,41,41,45,45,124,124,986,986,1156,1156,1110,1110,1070,1070,989,989,903,903,956,956,926,926,960,960,982,982,1030,1030,933,933,349,349,224,224,151,151,110,110,56,56,,,,,,,,,,,,,,,,,,,,,,,,,,,,,,,,,,,,,,,,,,,,,,,,
2553,1200,2556,2552,2198,1,0,0,0,0,0,0,0,0,0,0,0,0,1,1,6,6,7,7,6,6,6,6,6,6,5,5,5,5,5,5,6,6,6,6,6,6,6,6,2,2,1,1,1,1,1,1,0,0,,,,,,,,,,,,,,,,,,,,,,,,,,,,,,,,,,,,,,,,,,,,,,,,
2554,3000,2555,2190,,0,45,45,47,47,33,33,35,35,41,41,45,45,124,124,986,986,1156,1156,1110,1110,1070,1070,989,989,903,903,956,956,926,926,960,960,982,982,1030,1030,933,933,349,349,224,224,151,151,110,110,56,56,,,,,,,,,,,,,,,,,,,,,,,,,,,,,,,,,,,,,,,,,,,,,,,,
2555,800,2554,2185,2198,1,0,0,0,0,0,0,0,0,0,0,0,0,1,1,7,7,8,8,8,8,7,7,7,7,6,6,6,6,7,7,7,7,7,7,7,7,7,7,3,3,2,2,1,1,1,1,0,0,,,,,,,,,,,,,,,,,,,,,,,,,,,,,,,,,,,,,,,,,,,,,,,,
2556,1200,2557,2553,,0,0,0,0,0,0,0,0,0,0,0,0,0,1,1,5,5,5,5,5,5,5,5,5,5,4,4,4,4,4,4,4,4,5,5,5,5,4,4,2,2,1,1,1,1,1,1,0,0,,,,,,,,,,,,,,,,,,,,,,,,,,,,,,,,,,,,,,,,,,,,,,,,
2557,800,2556,2228,2208,1,0,0,0,0,0,0,0,0,0,0,0,0,0,0,3,3,3,3,3,3,3,3,3,3,3,3,3,3,3,3,3,3,3,3,3,3,3,3,1,1,1,1,0,0,0,0,0,0,,,,,,,,,,,,,,,,,,,,,,,,,,,,,,,,,,,,,,,,,,,,,,,,
2558,3500,2559,2199,,0,45,45,47,47,33,33,35,35,41,41,45,45,124,124,986,986,1156,1156,1110,1110,1070,1070,989,989,903,903,956,956,926,926,960,960,982,982,1030,1030,933,933,349,349,224,224,151,151,110,110,56,56,,,,,,,,,,,,,,,,,,,,,,,,,,,,,,,,,,,,,,,,,,,,,,,,
2559,2500,2237,2558,2494,1,45,45,47,47,33,33,35,35,41,41,45,45,124,124,986,986,1156,1156,1110,1110,1070,1070,989,989,903,903,956,956,926,926,960,960,982,982,1030,1030,933,933,349,349,224,224,151,151,110,110,56,56,,,,,,,,,,,,,,,,,,,,,,,,,,,,,,,,,,,,,,,,,,,,,,,,
256,2500,393,242,,0,67,67,70,70,49,49,53,53,62,62,67,67,186,186,910,910,1134,1134,1023,1023,977,977,900,900,812,812,861,861,864,864,851,851,886,886,939,939,854,854,524,524,336,336,227,227,165,165,84,84,,,,,,,,,,,,,,,,,,,,,,,,,,,,,,,,,,,,,,,,,,,,,,,,
2560,1200,2561,2211,,0,0,0,0,0,0,0,0,0,0,0,0,0,0,0,1,1,1,1,1,1,1,1,1,1,1,1,1,1,1,1,1,1,1,1,1,1,1,1,0,0,0,0,0,0,0,0,0,0,,,,,,,,,,,,,,,,,,,,,,,,,,,,,,,,,,,,,,,,,,,,,,,,
2561,1600,2560,2246,2233,1,0,0,0,0,0,0,0,0,0,0,0,0,0,0,2,2,2,2,2,2,2,2,2,2,1,1,1,1,1,1,2,2,2,2,2,2,2,2,1,1,0,0,0,0,0,0,0,0,,,,,,,,,,,,,,,,,,,,,,,,,,,,,,,,,,,,,,,,,,,,,,,,
2562,800,2180,2637,2171,1,0,0,0,0,0,0,0,0,0,0,0,0,0,0,3,3,4,4,3,3,3,3,3,3,3,3,3,3,3,3,3,3,3,3,3,3,3,3,1,1,1,1,0,0,0,0,0,0,,,,,,,,,,,,,,,,,,,,,,,,,,,,,,,,,,,,,,,,,,,,,,,,
2563,2200,2566,2177,2565,1,34,34,35,35,24,24,26,26,31,31,34,34,93,93,1033,1033,1204,1204,1104,1104,1020,1020,1010,1010,922,922,958,958,984,984,1034,1034,1068,1068,1124,1124,1040,1040,262,262,168,168,114,114,82,82,42,42,,,,,,,,,,,,,,,,,,,,,,,,,,,,,,,,,,,,,,,,,,,,,,,,
2564,2000,2171,2178,2565,1,34,34,35,35,24,24,26,26,31,31,34,34,93,93,1033,1033,1204,1204,1104,1104,1020,1020,1010,1010,922,922,958,958,984,984,1034,1034,1068,1068,1124,1124,1040,1040,262,262,168,168,114,114,82,82,42,42,,,,,,,,,,,,,,,,,,,,,,,,,,,,,,,,,,,,,,,,,,,,,,,,
2565,3000,2564,2563,,0,34,34,35,35,24,24,26,26,31,31,34,34,93,93,1033,1033,1204,1204,1104,1104,1020,1020,1010,1010,922,922,958,958,984,984,1034,1034,1068,1068,1124,1124,1040,1040,262,262,168,168,114,114,82,82,42,42,,,,,,,,,,,,,,,,,,,,,,,,,,,,,,,,,,,,,,,,,,,,,,,,
2566,2200,2184,2563,,0,34,34,35,35,24,24,26,26,31,31,34,34,93,93,1033,1033,1204,1204,1104,1104,1020,1020,1010,1010,922,922,958,958,984,984,1034,1034,1068,1068,1124,1124,1040,1040,262,262,168,168,114,114,82,82,42,42,,,,,,,,,,,,,,,,,,,,,,,,,,,,,,,,,,,,,,,,,,,,,,,,
2567,2500,,2184,2568,1,34,34,35,35,24,24,26,26,31,31,34,34,93,93,1033,1033,1204,1204,1104,1104,1020,1020,1010,1010,922,922,958,958,984,984,1034,1034,1068,1068,1124,1124,1040,1040,262,262,168,168,114,114,82,82,42,42,,,,,,,,,,,,,,,,,,,,,,,,,,,,,,,,,,,,,,,,,,,,,,,,
2568,2500,2177,2569,2567,1,34,34,35,35,24,24,26,26,31,31,34,34,93,93,1033,1033,1204,1204,1104,1104,1020,1020,1010,1010,922,922,958,958,984,984,1034,1034,1068,1068,1124,1124,1040,1040,262,262,168,168,114,114,82,82,42,42,,,,,,,,,,,,,,,,,,,,,,,,,,,,,,,,,,,,,,,,,,,,,,,,
2569,2500,2568,2570,,0,34,34,35,35,24,24,26,26,31,31,34,34,93,93,1033,1033,1204,1204,1104,1104,1020,1020,1010,1010,922,922,958,958,984,984,1034,1034,1068,1068,1124,1124,1040,1040,262,262,168,168,114,114,82,82,42,42,,,,,,,,,,,,,,,,,,,,,,,,,,,,,,,,,,,,,,,,,,,,,,,,
257,3500,260,255,,0,54,54,56,56,39,39,42,42,50,50,54,54,149,149,956,956,1147,1147,1075,1075,1033,1033,954,954,866,866,918,918,901,901,917,917,943,943,993,993,901,901,419,419,269,269,182,182,132,132,67,67,,,,,,,,,,,,,,,,,,,,,,,,,,,,,,,,,,,,,,,,,,,,,,,,
2570,3500,2210,2569,2571,1,34,34,35,35,24,24,26,26,31,31,34,34,93,93,1033,1033,1204,1204,1104,1104,1020,1020,1010,1010,922,922,958,958,984,984,1034,1034,1068,1068,1124,1124,1040,1040,262,262,168,168,114,114,82,82,42,42,,,,,,,,,,,,,,,,,,,,,,,,,,,,,,,,,,,,,,,,,,,,,,,,
2571,4400,2570,9060,,0,34,34,35,35,24,24,26,26,31,31,34,34,93,93,1033,1033,1204,1204,1104,1104,1020,1020,1010,1010,922,922,958,958,984,984,1034,1034,1068,1068,1124,1124,1040,1040,262,262,168,168,114,114,82,82,42,42,,,,,,,,,,,,,,,,,,,,,,,,,,,,,,,,,,,,,,,,,,,,,,,,
2572,1200,2217,2573,,0,0,0,0,0,0,0,0,0,0,0,0,0,1,1,5,5,6,6,5,5,5,5,5,5,4,4,4,4,5,5,5,5,5,5,5,5,5,5,2,2,1,1,1,1,1,1,0,0,,,,,,,,,,,,,,,,,,,,,,,,,,,,,,,,,,,,,,,,,,,,,,,,
2573,1600,2574,2572,8793,1,0,0,0,0,0,0,0,0,0,0,0,0,1,1,5,5,6,6,6,6,5,5,5,5,5,5,5,5,5,5,5,5,5,5,5,5,5,5,2,2,1,1,1,1,1,1,0,0,,,,,,,,,,,,,,,,,,,,,,,,,,,,,,,,,,,,,,,,,,,,,,,,
2574,1500,2573,2575,,0,45,45,47,47,33,33,35,35,41,41,45,45,124,124,986,986,1156,1156,1110,1110,1070,1070,989,989,903,903,956,956,926,926,960,960,982,982,1030,1030,933,933,349,349,224,224,151,151,110,110,56,56,,,,,,,,,,,,,,,,,,,,,,,,,,,,,,,,,,,,,,,,,,,,,,,,
2575,2000,2574,2210,8785,1,45,45,47,47,33,33,35,35,41,41,45,45,124,124,986,986,1156,1156,1110,1110,1070,1070,989,989,903,903,956,956,926,926,960,960,982,982,1030,1030,933,933,349,349,224,224,151,151,110,110,56,56,,,,,,,,,,,,,,,,,,,,,,,,,,,,,,,,,,,,,,,,,,,,,,,,
2576,800,2388,2577,,0,0,0,0,0,0,0,0,0,0,0,0,0,0,0,1,1,1,1,1,1,1,1,1,1,1,1,1,1,1,1,1,1,1,1,1,1,1,1,0,0,0,0,0,0,0,0,0,0,,,,,,,,,,,,,,,,,,,,,,,,,,,,,,,,,,,,,,,,,,,,,,,,
2577,400,2096,2576,2086,1,0,0,0,0,0,0,0,0,0,0,0,0,0,0,1,1,1,1,1,1,1,1,1,1,1,1,1,1,1,1,1,1,1,1,1,1,1,1,0,0,0,0,0,0,0,0,0,0,,,,,,,,,,,,,,,,,,,,,,,,,,,,,,,,,,,,,,,,,,,,,,,,
2578,300,2579,2060,,0,0,0,0,0,0,0,0,0,0,0,0,0,0,0,0,0,1,1,0,0,0,0,0,0,0,0,0,0,0,0,0,0,0,0,0,0,0,0,0,0,0,0,0,0,0,0,0,0,,,,,,,,,,,,,,,,,,,,,,,,,,,,,,,,,,,,,,,,,,,,,,,,
2579,400,2578,13272,2051,1,0,0,0,0,0,0,0,0,0,0,0,0,0,0,0,0,0,0,0,0,0,0,0,0,0,0,0,0,0,0,0,0,0,0,0,0,0,0,0,0,0,0,0,0,0,0,0,0,,,,,,,,,,,,,,,,,,,,,,,,,,,,,,,,,,,,,,,,,,,,,,,,
258,2000,447,449,,0,38,38,40,40,28,28,30,30,35,35,38,38,106,106,1010,1010,1173,1173,1121,1121,1069,1069,1008,1008,921,921,970,970,952,952,997,997,1020,1020,1069,1069,975,975,299,299,192,192,130,130,94,94,48,48,,,,,,,,,,,,,,,,,,,,,,,,,,,,,,,,,,,,,,,,,,,,,,,,
2580,1000,6567,2581,,0,0,0,0,0,0,0,0,0,0,0,0,0,0,0,1147,1147,1238,1238,1234,1234,1160,1160,1144,1144,1058,1058,1100,1100,1078,1078,1198,1198,1212,1212,1260,1260,1158,1158,0,0,0,0,0,0,0,0,0,0,,,,,,,,,,,,,,,,,,,,,,,,,,,,,,,,,,,,,,,,,,,,,,,,
2581,3500,2084,,2056;2580,2,0,0,0,0,0,0,0,0,0,0,0,0,0,0,1147,1147,1238,1238,1234,1234,1160,1160,1144,1144,1058,1058,1100,1100,1078,1078,1198,1198,1212,1212,1260,1260,1158,1158,0,0,0,0,0,0,0,0,0,0,,,,,,,,,,,,,,,,,,,,,,,,,,,,,,,,,,,,,,,,,,,,,,,,
2582,1200,2583,2085,,0,0,0,0,0,0,0,0,0,0,0,0,0,0,0,2,2,2,2,2,2,2,2,2,2,2,2,2,2,2,2,2,2,2,2,2,2,2,2,1,1,0,0,0,0,0,0,0,0,,,,,,,,,,,,,,,,,,,,,,,,,,,,,,,,,,,,,,,,,,,,,,,,
2583,800,2584,2588,2582,1,0,0,0,0,0,0,0,0,0,0,0,0,0,0,2,2,3,3,2,2,2,2,2,2,2,2,2,2,2,2,2,2,2,2,2,2,2,2,1,1,0,0,0,0,0,0,0,0,,,,,,,,,,,,,,,,,,,,,,,,,,,,,,,,,,,,,,,,,,,,,,,,
2584,1200,2583,2585,,0,0,0,0,0,0,0,0,0,0,0,0,0,0,0,3,3,3,3,3,3,3,3,3,3,3,3,3,3,3,3,3,3,3,3,3,3,3,3,1,1,1,1,0,0,0,0,0,0,,,,,,,,,,,,,,,,,,,,,,,,,,,,,,,,,,,,,,,,,,,,,,,,
2585,800,2584,2087,2084,1,0,0,0,0,0,0,0,0,0,0,0,0,0,0,4,4,4,4,4,4,4,4,4,4,3,3,3,3,3,3,4,4,4,4,4,4,4,4,1,1,1,1,0,0,0,0,0,0,,,,,,,,,,,,,,,,,,,,,,,,,,,,,,,,,,,,,,,,,,,,,,,,
2586,800,13521,2587,,0,33,33,31,31,22,22,23,23,26,26,31,31,88,88,1055,1055,1119,1119,1058,1058,1080,1080,966,966,980,980,861,861,1008,1008,1021,1021,988,988,1080,1080,1096,1096,421,421,249,249,150,150,110,110,68,68,,,,,,,,,,,,,,,,,,,,,,,,,,,,,,,,,,,,,,,,,,,,,,,,
2587,400,2586,2062,2058,1,0,0,0,0,0,0,0,0,0,0,0,0,0,0,1,1,1,1,1,1,1,1,1,1,1,1,1,1,1,1,1,1,1,1,1,1,1,1,0,0,0,0,0,0,0,0,0,0,,,,,,,,,,,,,,,,,,,,,,,,,,,,,,,,,,,,,,,,,,,,,,,,
2588,1200,2583,2589,,0,0,0,0,0,0,0,0,0,0,0,0,0,0,0,2,2,2,2,2,2,2,2,2,2,1,1,2,2,2,2,2,2,2,2,2,2,2,2,0,0,0,0,0,0,0,0,0,0,,,,,,,,,,,,,,,,,,,,,,,,,,,,,,,,,,,,,,,,,,,,,,,,
2589,1200,2588,2072,2058,1,0,0,0,0,0,0,0,0,0,0,0,0,0,0,1,1,1,1,1,1,1,1,1,1,1,1,1,1,1,1,1,1,1,1,1,1,1,1,0,0,0,0,0,0,0,0,0,0,,,,,,,,,,,,,,,,,,,,,,,,,,,,,,,,,,,,,,,,,,,,,,,,
259,800,242,545,,0,33,33,31,31,22,22,23,23,26,26,31,31,88,88,1055,1055,1119,1119,1058,1058,1080,1080,966,966,980,980,861,861,1008,1008,1021,1021,988,988,1080,1080,1096,1096,421,421,249,249,150,150,110,110,68,68,,,,,,,,,,,,,,,,,,,,,,,,,,,,,,,,,,,,,,,,,,,,,,,,
2590,1600,2591,2406,,0,0,0,0,0,0,0,0,0,0,0,0,0,0,0,3,3,3,3,3,3,3,3,3,3,3,3,3,3,3,3,3,3,3,3,3,3,3,3,1,1,1,1,0,0,0,0,0,0,,,,,,,,,,,,,,,,,,,,,,,,,,,,,,,,,,,,,,,,,,,,,,,,
2591,1000,2590,2110,2405,1,0,0,0,0,0,0,0,0,0,0,0,0,0,0,1147,1147,1238,1238,1234,1234,1160,1160,1144,1144,1058,1058,1100,1100,1078,1078,1198,1198,1212,1212,1260,1260,1158,1158,0,0,0,0,0,0,0,0,0,0,,,,,,,,,,,,,,,,,,,,,,,,,,,,,,,,,,,,,,,,,,,,,,,,
2592,1600,13264,2593,,0,0,0,0,0,0,0,0,0,0,0,0,0,0,0,4,4,4,4,4,4,4,4,4,4,3,3,3,3,4,4,4,4,4,4,4,4,4,4,1,1,1,1,1,1,0,0,0,0,,,,,,,,,,,,,,,,,,,,,,,,,,,,,,,,,,,,,,,,,,,,,,,,
2593,800,2592,2061,2413,1,0,0,0,0,0,0,0,0,0,0,0,0,0,0,3,3,3,3,3,3,3,3,3,3,3,3,3,3,3,3,3,3,3,3,3,3,3,3,1,1,1,1,0,0,0,0,0,0,,,,,,,,,,,,,,,,,,,,,,,,,,,,,,,,,,,,,,,,,,,,,,,,
2594,300,2418,2595,,0,0,0,0,0,0,0,0,0,0,0,0,0,0,0,1,1,1,1,1,1,1,1,1,1,1,1,1,1,1,1,1,1,1,1,1,1,1,1,0,0,0,0,0,0,0,0,0,0,,,,,,,,,,,,,,,,,,,,,,,,,,,,,,,,,,,,,,,,,,,,,,,,
2595,800,2075,2594,2596,1,0,0,0,0,0,0,0,0,0,0,0,0,0,0,1,1,1,1,1,1,1,1,1,1,1,1,1,1,1,1,1,1,1,1,1,1,1,1,0,0,0,0,0,0,0,0,0,0,,,,,,,,,,,,,,,,,,,,,,,,,,,,,,,,,,,,,,,,,,,,,,,,
2596,300,2595,2597,,0,0,0,0,0,0,0,0,0,0,0,0,0,0,0,1,1,1,1,1,1,1,1,1,1,1,1,1,1,1,1,1,1,1,1,1,1,1,1,0,0,0,0,0,0,0,0,0,0,,,,,,,,,,,,,,,,,,,,,,,,,,,,,,,,,,,,,,,,,,,,,,,,
2597,800,2596,2097,2599,1,0,0,0,0,0,0,0,0,0,0,0,0,0,0,1,1,1,1,1,1,1,1,1,1,1,1,1,1,1,1,1,1,1,1,1,1,1,1,0,0,0,0,0,0,0,0,0,0,,,,,,,,,,,,,,,,,,,,,,,,,,,,,,,,,,,,,,,,,,,,,,,,
2598,300,2052,13544,2047,1,0,0,0,0,0,0,0,0,0,0,0,0,0,0,1,1,1,1,1,1,1,1,1,1,1,1,1,1,1,1,1,1,1,1,1,1,1,1,0,0,0,0,0,0,0,0,0,0,,,,,,,,,,,,,,,,,,,,,,,,,,,,,,,,,,,,,,,,,,,,,,,,
2599,800,2597,2600,,0,0,0,0,0,0,0,0,0,0,0,0,0,0,0,1,1,1,1,1,1,1,1,1,1,1,1,1,1,1,1,1,1,1,1,1,1,1,1,0,0,0,0,0,0,0,0,0,0,,,,,,,,,,,,,,,,,,,,,,,,,,,,,,,,,,,,,,,,,,,,,,,,
26,2500,23,42,22;43,2,27,27,28,28,20,20,21,21,25,25,27,27,74,74,1049,1049,1182,1182,1170,1170,1126,1126,1056,1056,970,970,1022,1022,982,982,1052,1052,1066,1066,1112,1112,1010,1010,210,210,134,134,91,91,66,66,34,34,,,,,,,,,,,,,,,,,,,,,,,,,,,,,,,,,,,,,,,,,,,,,,,,
260,3500,257,270,251;334,2,54,54,56,56,39,39,42,42,50,50,54,54,149,149,956,956,1147,1147,1075,1075,1033,1033,954,954,866,866,918,918,901,901,917,917,943,943,993,993,901,901,419,419,269,269,182,182,132,132,67,67,,,,,,,,,,,,,,,,,,,,,,,,,,,,,,,,,,,,,,,,,,,,,,,,
2600,400,2599,2059,2055,1,0,0,0,0,0,0,0,0,0,0,0,0,0,0,1,1,1,1,1,1,1,1,1,1,1,1,1,1,1,1,1,1,1,1,1,1,1,1,0,0,0,0,0,0,0,0,0,0,,,,,,,,,,,,,,,,,,,,,,,,,,,,,,,,,,,,,,,,,,,,,,,,
2601,1200,2438,2602,,0,53,53,55,55,38,38,42,42,48,48,53,53,146,146,715,715,891,891,804,804,768,768,707,707,638,638,676,676,679,679,669,669,696,696,738,738,671,671,411,411,264,264,178,178,130,130,66,66,,,,,,,,,,,,,,,,,,,,,,,,,,,,,,,,,,,,,,,,,,,,,,,,
2602,400,2601,2603,2079,1,0,0,0,0,0,0,0,0,0,0,0,0,0,0,1,1,2,2,2,2,1,1,1,1,1,1,1,1,1,1,1,1,1,1,2,2,1,1,0,0,0,0,0,0,0,0,0,0,,,,,,,,,,,,,,,,,,,,,,,,,,,,,,,,,,,,,,,,,,,,,,,,
2603,400,2602,2604,,0,0,0,0,0,0,0,0,0,0,0,0,0,0,0,2,2,2,2,2,2,2,2,2,2,2,2,2,2,2,2,2,2,2,2,2,2,2,2,1,1,0,0,0,0,0,0,0,0,,,,,,,,,,,,,,,,,,,,,,,,,,,,,,,,,,,,,,,,,,,,,,,,
2604,800,2109,2603,2067,1,0,0,0,0,0,0,0,0,0,0,0,0,0,0,2,2,3,3,3,3,2,2,2,2,2,2,2,2,2,2,2,2,2,2,3,3,2,2,1,1,1,1,0,0,0,0,0,0,,,,,,,,,,,,,,,,,,,,,,,,,,,,,,,,,,,,,,,,,,,,,,,,
2605,300,2068,2606,,0,0,0,0,0,0,0,0,0,0,0,0,0,0,0,2,2,3,3,3,3,3,3,2,2,2,2,2,2,2,2,2,2,3,3,3,3,2,2,1,1,1,1,0,0,0,0,0,0,,,,,,,,,,,,,,,,,,,,,,,,,,,,,,,,,,,,,,,,,,,,,,,,
2606,800,2607,2054,2605,1,0,0,0,0,0,0,0,0,0,0,0,0,0,0,3,3,4,4,3,3,3,3,3,3,3,3,3,3,3,3,3,3,3,3,3,3,3,3,1,1,1,1,0,0,0,0,0,0,,,,,,,,,,,,,,,,,,,,,,,,,,,,,,,,,,,,,,,,,,,,,,,,
2607,1200,2608,2606,,0,0,0,0,0,0,0,0,0,0,0,0,0,0,0,3,3,4,4,3,3,3,3,3,3,3,3,3,3,3,3,3,3,3,3,3,3,3,3,1,1,1,1,0,0,0,0,0,0,,,,,,,,,,,,,,,,,,,,,,,,,,,,,,,,,,,,,,,,,,,,,,,,
2608,800,2607,13559,2050,1,0,0,0,0,0,0,0,0,0,0,0,0,0,0,3,3,4,4,3,3,3,3,3,3,3,3,3,3,3,3,3,3,3,3,3,3,3,3,1,1,1,1,0,0,0,0,0,0,,,,,,,,,,,,,,,,,,,,,,,,,,,,,,,,,,,,,,,,,,,,,,,,
2609,300,2426,2610,,0,0,0,0,0,0,0,0,0,0,0,0,0,0,0,1,1,1,1,1,1,1,1,1,1,1,1,1,1,1,1,1,1,1,1,1,1,1,1,0,0,0,0,0,0,0,0,0,0,,,,,,,,,,,,,,,,,,,,,,,,,,,,,,,,,,,,,,,,,,,,,,,,
261,2000,268,448,254;289,2,38,38,40,40,28,28,30,30,35,35,38,38,106,106,1010,1010,1173,1173,1121,1121,1069,1069,1008,1008,921,921,970,970,952,952,997,997,1020,1020,1069,1069,975,975,299,299,192,192,130,130,94,94,48,48,,,,,,,,,,,,,,,,,,,,,,,,,,,,,,,,,,,,,,,,,,,,,,,,
2610,300,2609,2116,2082;2088,2,0,0,0,0,0,0,0,0,0,0,0,0,0,0,1,1,1,1,1,1,1,1,1,1,1,1,1,1,1,1,1,1,1,1,1,1,1,1,0,0,0,0,0,0,0,0,0,0,,,,,,,,,,,,,,,,,,,,,,,,,,,,,,,,,,,,,,,,,,,,,,,,
2611,2000,2612,2434,,0,34,34,35,35,24,24,26,26,31,31,34,34,93,93,1033,1033,1204,1204,1104,1104,1020,1020,1010,1010,922,922,958,958,984,984,1034,1034,1068,1068,1124,1124,1040,1040,262,262,168,168,114,114,82,82,42,42,,,,,,,,,,,,,,,,,,,,,,,,,,,,,,,,,,,,,,,,,,,,,,,,
2612,300,2613,2611,,0,0,0,0,0,0,0,0,0,0,0,0,0,0,0,4,4,4,4,4,4,4,4,3,3,3,3,3,3,3,3,3,3,4,4,4,4,3,3,1,1,1,1,1,1,0,0,0,0,,,,,,,,,,,,,,,,,,,,,,,,,,,,,,,,,,,,,,,,,,,,,,,,
2613,300,2614,2612,,0,0,0,0,0,0,0,0,0,0,0,0,0,0,0,3,3,4,4,3,3,3,3,3,3,3,3,3,3,3,3,3,3,3,3,3,3,3,3,1,1,1,1,0,0,0,0,0,0,,,,,,,,,,,,,,,,,,,,,,,,,,,,,,,,,,,,,,,,,,,,,,,,
2614,300,2080,2615,2613,1,0,0,0,0,0,0,0,0,0,0,0,0,0,0,3,3,3,3,3,3,3,3,3,3,2,2,3,3,3,3,3,3,3,3,3,3,3,3,1,1,1,1,0,0,0,0,0,0,,,,,,,,,,,,,,,,,,,,,,,,,,,,,,,,,,,,,,,,,,,,,,,,
2615,300,2616,2614,,0,0,0,0,0,0,0,0,0,0,0,0,0,0,0,2,2,3,3,2,2,2,2,2,2,2,2,2,2,2,2,2,2,2,2,2,2,2,2,1,1,1,1,0,0,0,0,0,0,,,,,,,,,,,,,,,,,,,,,,,,,,,,,,,,,,,,,,,,,,,,,,,,
2616,300,2075,2615,2617,1,0,0,0,0,0,0,0,0,0,0,0,0,0,0,2,2,2,2,2,2,2,2,2,2,2,2,2,2,2,2,2,2,2,2,2,2,2,2,1,1,0,0,0,0,0,0,0,0,,,,,,,,,,,,,,,,,,,,,,,,,,,,,,,,,,,,,,,,,,,,,,,,
2617,300,2618,2616,,0,0,0,0,0,0,0,0,0,0,0,0,0,0,0,2,2,2,2,2,2,2,2,2,2,2,2,2,2,2,2,2,2,2,2,2,2,2,2,1,1,0,0,0,0,0,0,0,0,,,,,,,,,,,,,,,,,,,,,,,,,,,,,,,,,,,,,,,,,,,,,,,,
2618,300,2093,2069,2617,1,0,0,0,0,0,0,0,0,0,0,0,0,0,0,2,2,2,2,2,2,2,2,2,2,1,1,1,1,2,2,2,2,2,2,2,2,2,2,1,1,0,0,0,0,0,0,0,0,,,,,,,,,,,,,,,,,,,,,,,,,,,,,,,,,,,,,,,,,,,,,,,,
2619,300,2620,2622,,0,0,0,0,0,0,0,0,0,0,0,0,0,0,0,1,1,2,2,1,1,1,1,1,1,1,1,1,1,1,1,1,1,1,1,1,1,1,1,0,0,0,0,0,0,0,0,0,0,,,,,,,,,,,,,,,,,,,,,,,,,,,,,,,,,,,,,,,,,,,,,,,,
262,1600,240,389,,0,0,0,0,0,0,0,0,0,0,0,0,0,0,0,3,3,4,4,3,3,3,3,3,3,3,3,3,3,3,3,3,3,3,3,3,3,3,3,1,1,1,1,1,1,0,0,0,0,,,,,,,,,,,,,,,,,,,,,,,,,,,,,,,,,,,,,,,,,,,,,,,,
2620,800,2619,2081,2082,1,0,0,0,0,0,0,0,0,0,0,0,0,0,0,1,1,1,1,1,1,1,1,1,1,1,1,1,1,1,1,1,1,1,1,1,1,1,1,0,0,0,0,0,0,0,0,0,0,,,,,,,,,,,,,,,,,,,,,,,,,,,,,,,,,,,,,,,,,,,,,,,,
2621,1200,2449,2622,,0,0,0,0,0,0,0,0,0,0,0,0,0,0,0,2,2,2,2,2,2,2,2,2,2,1,1,2,2,2,2,2,2,2,2,2,2,2,2,1,1,0,0,0,0,0,0,0,0,,,,,,,,,,,,,,,,,,,,,,,,,,,,,,,,,,,,,,,,,,,,,,,,
2622,1200,2623,2621,2619,1,0,0,0,0,0,0,0,0,0,0,0,0,0,0,2,2,2,2,2,2,2,2,2,2,1,1,1,1,2,2,2,2,2,2,2,2,2,2,1,1,0,0,0,0,0,0,0,0,,,,,,,,,,,,,,,,,,,,,,,,,,,,,,,,,,,,,,,,,,,,,,,,
2623,300,2622,2624,,0,0,0,0,0,0,0,0,0,0,0,0,0,0,0,2,2,2,2,2,2,2,2,2,2,2,2,2,2,2,2,2,2,2,2,2,2,2,2,1,1,0,0,0,0,0,0,0,0,,,,,,,,,,,,,,,,,,,,,,,,,,,,,,,,,,,,,,,,,,,,,,,,
2624,600,2623,2181,2077,1,0,0,0,0,0,0,0,0,0,0,0,0,0,0,2,2,2,2,2,2,2,2,2,2,2,2,2,2,2,2,2,2,2,2,2,2,2,2,1,1,0,0,0,0,0,0,0,0,,,,,,,,,,,,,,,,,,,,,,,,,,,,,,,,,,,,,,,,,,,,,,,,
2625,300,2628,2630,,0,0,0,0,0,0,0,0,0,0,0,0,0,0,0,2,2,3,3,3,3,2,2,2,2,2,2,2,2,2,2,2,2,2,2,3,3,2,2,1,1,1,1,0,0,0,0,0,0,,,,,,,,,,,,,,,,,,,,,,,,,,,,,,,,,,,,,,,,,,,,,,,,
2626,300,2627,8700,2108,1,0,0,0,0,0,0,0,0,0,0,0,0,0,0,3,3,4,4,3,3,3,3,3,3,3,3,3,3,3,3,3,3,3,3,3,3,3,3,1,1,1,1,0,0,0,0,0,0,,,,,,,,,,,,,,,,,,,,,,,,,,,,,,,,,,,,,,,,,,,,,,,,
2627,600,2628,2626,,0,0,0,0,0,0,0,0,0,0,0,0,0,0,0,3,3,3,3,3,3,3,3,3,3,2,2,2,2,3,3,3,3,3,3,3,3,3,3,1,1,1,1,0,0,0,0,0,0,,,,,,,,,,,,,,,,,,,,,,,,,,,,,,,,,,,,,,,,,,,,,,,,
2628,300,2625,8697,2627,1,0,0,0,0,0,0,0,0,0,0,0,0,0,0,2,2,3,3,2,2,2,2,2,2,2,2,2,2,2,2,2,2,2,2,2,2,2,2,1,1,0,0,0,0,0,0,0,0,,,,,,,,,,,,,,,,,,,,,,,,,,,,,,,,,,,,,,,,,,,,,,,,
2629,600,2630,2065,,0,0,0,0,0,0,0,0,0,0,0,0,0,0,0,3,3,3,3,3,3,3,3,3,3,2,2,3,3,3,3,3,3,3,3,3,3,3,3,1,1,1,1,0,0,0,0,0,0,,,,,,,,,,,,,,,,,,,,,,,,,,,,,,,,,,,,,,,,,,,,,,,,
263,4400,417,415,,0,54,54,56,56,39,39,42,42,50,50,54,54,149,149,956,956,1147,1147,1075,1075,1033,1033,954,954,866,866,918,918,901,901,917,917,943,943,993,993,901,901,419,419,269,269,182,182,132,132,67,67,,,,,,,,,,,,,,,,,,,,,,,,,,,,,,,,,,,,,,,,,,,,,,,,
2630,800,2625,2629,8693,1,0,0,0,0,0,0,0,0,0,0,0,0,0,0,3,3,3,3,3,3,3,3,3,3,2,2,2,2,3,3,3,3,3,3,3,3,3,3,1,1,1,1,0,0,0,0,0,0,,,,,,,,,,,,,,,,,,,,,,,,,,,,,,,,,,,,,,,,,,,,,,,,
2631,600,2065,2632,,0,0,0,0,0,0,0,0,0,0,0,0,0,0,0,3,3,3,3,3,3,3,3,3,3,2,2,3,3,3,3,3,3,3,3,3,3,3,3,1,1,1,1,0,0,0,0,0,0,,,,,,,,,,,,,,,,,,,,,,,,,,,,,,,,,,,,,,,,,,,,,,,,
2632,300,2064,2631,2063,1,0,0,0,0,0,0,0,0,0,0,0,0,0,0,3,3,3,3,3,3,3,3,3,3,2,2,2,2,3,3,3,3,3,3,3,3,3,3,1,1,1,1,0,0,0,0,0,0,,,,,,,,,,,,,,,,,,,,,,,,,,,,,,,,,,,,,,,,,,,,,,,,
2633,1600,2634,2074,,0,0,0,0,0,0,0,0,0,0,0,0,0,0,0,3,3,3,3,3,3,3,3,3,3,3,3,3,3,3,3,3,3,3,3,3,3,3,3,1,1,1,1,0,0,0,0,0,0,,,,,,,,,,,,,,,,,,,,,,,,,,,,,,,,,,,,,,,,,,,,,,,,
2634,300,2073,2064,2633,1,0,0,0,0,0,0,0,0,0,0,0,0,0,0,3,3,3,3,3,3,3,3,3,3,2,2,2,2,3,3,3,3,3,3,3,3,3,3,1,1,1,1,0,0,0,0,0,0,,,,,,,,,,,,,,,,,,,,,,,,,,,,,,,,,,,,,,,,,,,,,,,,
2635,1000,2457,2639,,0,34,34,35,35,24,24,26,26,31,31,34,34,93,93,1033,1033,1204,1204,1104,1104,1020,1020,1010,1010,922,922,958,958,984,984,1034,1034,1068,1068,1124,1124,1040,1040,262,262,168,168,114,114,82,82,42,42,,,,,,,,,,,,,,,,,,,,,,,,,,,,,,,,,,,,,,,,,,,,,,,,
2636,2200,2639,2190,,0,67,67,70,70,49,49,53,53,62,62,67,67,186,186,910,910,1134,1134,1023,1023,977,977,900,900,812,812,861,861,864,864,851,851,886,886,939,939,854,854,524,524,336,336,227,227,165,165,84,84,,,,,,,,,,,,,,,,,,,,,,,,,,,,,,,,,,,,,,,,,,,,,,,,
2637,400,2562,2639,,0,0,0,0,0,0,0,0,0,0,0,0,0,0,0,4,4,4,4,4,4,4,4,4,4,3,3,3,3,3,3,4,4,4,4,4,4,4,4,1,1,1,1,1,1,0,0,0,0,,,,,,,,,,,,,,,,,,,,,,,,,,,,,,,,,,,,,,,,,,,,,,,,
2638,2500,2639,2439,,0,34,34,35,35,24,24,26,26,31,31,34,34,93,93,1033,1033,1204,1204,1104,1104,1020,1020,1010,1010,922,922,958,958,984,984,1034,1034,1068,1068,1124,1124,1040,1040,262,262,168,168,114,114,82,82,42,42,,,,,,,,,,,,,,,,,,,,,,,,,,,,,,,,,,,,,,,,,,,,,,,,
2639,2500,2636,2635,2638;2637,2,34,34,35,35,24,24,26,26,31,31,34,34,93,93,1033,1033,1204,1204,1104,1104,1020,1020,1010,1010,922,922,958,958,984,984,1034,1034,1068,1068,1124,1124,1040,1040,262,262,168,168,114,114,82,82,42,42,,,,,,,,,,,,,,,,,,,,,,,,,,,,,,,,,,,,,,,,,,,,,,,,
264,2500,267,252,,0,54,54,56,56,39,39,42,42,50,50,54,54,149,149,956,956,1147,1147,1075,1075,1033,1033,954,954,866,866,918,918,901,901,917,917,943,943,993,993,901,901,419,419,269,269,182,182,132,132,67,67,,,,,,,,,,,,,,,,,,,,,,,,,,,,,,,,,,,,,,,,,,,,,,,,
2640,1200,527,2642,,0,53,53,55,55,38,38,42,42,48,48,53,53,146,146,715,715,891,891,804,804,768,768,707,707,638,638,676,676,679,679,669,669,696,696,738,738,671,671,411,411,264,264,178,178,130,130,66,66,,,,,,,,,,,,,,,,,,,,,,,,,,,,,,,,,,,,,,,,,,,,,,,,
2641,4000,328,2646,323;2645,2,38,38,40,40,28,28,30,30,35,35,38,38,106,106,1010,1010,1173,1173,1121,1121,1069,1069,1008,1008,921,921,970,970,952,952,997,997,1020,1020,1069,1069,975,975,299,299,192,192,130,130,94,94,48,48,,,,,,,,,,,,,,,,,,,,,,,,,,,,,,,,,,,,,,,,,,,,,,,,
2642,1200,2640,2648,329;2653,2,0,0,0,0,0,0,0,0,0,0,0,0,0,0,3,3,3,3,3,3,3,3,3,3,2,2,2,2,2,2,2,2,2,2,3,3,2,2,1,1,1,1,1,1,0,0,0,0,,,,,,,,,,,,,,,,,,,,,,,,,,,,,,,,,,,,,,,,,,,,,,,,
2643,3500,,3248,326,1,19,19,20,20,14,14,15,15,18,18,19,19,53,53,1078,1078,1203,1203,1181,1181,1122,1122,1078,1078,992,992,1038,1038,1013,1013,1096,1096,1113,1113,1161,1161,1062,1062,150,150,96,96,65,65,47,47,24,24,,,,,,,,,,,,,,,,,,,,,,,,,,,,,,,,,,,,,,,,,,,,,,,,
2644,2500,327,2651,331;2672,2,57,57,59,59,41,41,45,45,52,52,57,57,158,158,972,972,1165,1165,1080,1080,1042,1042,958,958,879,879,914,914,920,920,926,926,950,950,1007,1007,926,926,462,462,294,294,197,197,143,143,74,74,,,,,,,,,,,,,,,,,,,,,,,,,,,,,,,,,,,,,,,,,,,,,,,,
2645,1650,2661,,2641,1,19,19,20,20,14,14,15,15,18,18,19,19,53,53,1078,1078,1203,1203,1181,1181,1122,1122,1078,1078,992,992,1038,1038,1013,1013,1096,1096,1113,1113,1161,1161,1062,1062,150,150,96,96,65,65,47,47,24,24,,,,,,,,,,,,,,,,,,,,,,,,,,,,,,,,,,,,,,,,,,,,,,,,
2646,2500,2649,2641,,0,19,19,20,20,14,14,15,15,18,18,19,19,53,53,1078,1078,1203,1203,1181,1181,1122,1122,1078,1078,992,992,1038,1038,1013,1013,1096,1096,1113,1113,1161,1161,1062,1062,150,150,96,96,65,65,47,47,24,24,,,,,,,,,,,,,,,,,,,,,,,,,,,,,,,,,,,,,,,,,,,,,,,,
2647,1600,311,3234,,0,53,53,55,55,38,38,42,42,48,48,53,53,146,146,715,715,891,891,804,804,768,768,707,707,638,638,676,676,679,679,669,669,696,696,738,738,671,671,411,411,264,264,178,178,130,130,66,66,,,,,,,,,,,,,,,,,,,,,,,,,,,,,,,,,,,,,,,,,,,,,,,,
2648,1200,3336,2642,,0,0,0,0,0,0,0,0,0,0,0,0,0,0,0,2,2,3,3,3,3,2,2,2,2,2,2,2,2,2,2,2,2,2,2,2,2,2,2,1,1,1,1,0,0,0,0,0,0,,,,,,,,,,,,,,,,,,,,,,,,,,,,,,,,,,,,,,,,,,,,,,,,
2649,3500,2655,332,2646;2657,2,19,19,20,20,14,14,15,15,18,18,19,19,53,53,1078,1078,1203,1203,1181,1181,1122,1122,1078,1078,992,992,1038,1038,1013,1013,1096,1096,1113,1113,1161,1161,1062,1062,150,150,96,96,65,65,47,47,24,24,,,,,,,,,,,,,,,,,,,,,,,,,,,,,,,,,,,,,,,,,,,,,,,,
265,2500,395,267,,0,54,54,56,56,39,39,42,42,50,50,54,54,149,149,956,956,1147,1147,1075,1075,1033,1033,954,954,866,866,918,918,901,901,917,917,943,943,993,993,901,901,419,419,269,269,182,182,132,132,67,67,,,,,,,,,,,,,,,,,,,,,,,,,,,,,,,,,,,,,,,,,,,,,,,,
2650,1600,2652,10215,,0,0,0,0,0,0,0,0,0,0,0,0,0,0,0,2,2,3,3,3,3,2,2,2,2,2,2,2,2,2,2,2,2,2,2,2,2,2,2,1,1,1,1,0,0,0,0,0,0,,,,,,,,,,,,,,,,,,,,,,,,,,,,,,,,,,,,,,,,,,,,,,,,
2651,2000,2644,2652,,0,57,57,59,59,41,41,45,45,52,52,57,57,158,158,972,972,1165,1165,1080,1080,1042,1042,958,958,879,879,914,914,920,920,926,926,950,950,1007,1007,926,926,462,462,294,294,197,197,143,143,74,74,,,,,,,,,,,,,,,,,,,,,,,,,,,,,,,,,,,,,,,,,,,,,,,,
2652,1600,2650,3204,2651;2671,2,0,0,0,0,0,0,0,0,0,0,0,0,1,1,4,4,5,5,4,4,4,4,4,4,3,3,4,4,4,4,4,4,4,4,4,4,4,4,2,2,1,1,1,1,1,1,0,0,,,,,,,,,,,,,,,,,,,,,,,,,,,,,,,,,,,,,,,,,,,,,,,,
2653,1600,2658,2642,,0,0,0,0,0,0,0,0,0,0,0,0,0,1,1,5,5,6,6,5,5,5,5,5,5,4,4,5,5,5,5,5,5,5,5,5,5,5,5,2,2,1,1,1,1,1,1,0,0,,,,,,,,,,,,,,,,,,,,,,,,,,,,,,,,,,,,,,,,,,,,,,,,
2654,4400,3248,330,,0,0,0,0,0,0,0,0,0,0,0,0,0,0,0,1156,1156,1275,1275,1184,1184,1063,1063,1121,1121,1033,1033,1056,1056,1105,1105,1218,1218,1250,1250,1308,1308,1226,1226,0,0,0,0,0,0,0,0,0,0,,,,,,,,,,,,,,,,,,,,,,,,,,,,,,,,,,,,,,,,,,,,,,,,
2655,2000,3252,2649,,0,19,19,20,20,14,14,15,15,18,18,19,19,53,53,1078,1078,1203,1203,1181,1181,1122,1122,1078,1078,992,992,1038,1038,1013,1013,1096,1096,1113,1113,1161,1161,1062,1062,150,150,96,96,65,65,47,47,24,24,,,,,,,,,,,,,,,,,,,,,,,,,,,,,,,,,,,,,,,,,,,,,,,,
2656,2000,3224,2658,,0,57,57,59,59,41,41,45,45,52,52,57,57,158,158,972,972,1165,1165,1080,1080,1042,1042,958,958,879,879,914,914,920,920,926,926,950,950,1007,1007,926,926,462,462,294,294,197,197,143,143,74,74,,,,,,,,,,,,,,,,,,,,,,,,,,,,,,,,,,,,,,,,,,,,,,,,
2657,2500,3234,2649,,0,19,19,20,20,14,14,15,15,18,18,19,19,53,53,1078,1078,1203,1203,1181,1181,1122,1122,1078,1078,992,992,1038,1038,1013,1013,1096,1096,1113,1113,1161,1161,1062,1062,150,150,96,96,65,65,47,47,24,24,,,,,,,,,,,,,,,,,,,,,,,,,,,,,,,,,,,,,,,,,,,,,,,,
2658,2500,2662,2656,2653;2670,2,57,57,59,59,41,41,45,45,52,52,57,57,158,158,972,972,1165,1165,1080,1080,1042,1042,958,958,879,879,914,914,920,920,926,926,950,950,1007,1007,926,926,462,462,294,294,197,197,143,143,74,74,,,,,,,,,,,,,,,,,,,,,,,,,,,,,,,,,,,,,,,,,,,,,,,,
2659,3000,3248,2667,,0,19,19,20,20,14,14,15,15,18,18,19,19,53,53,1078,1078,1203,1203,1181,1181,1122,1122,1078,1078,992,992,1038,1038,1013,1013,1096,1096,1113,1113,1161,1161,1062,1062,150,150,96,96,65,65,47,47,24,24,,,,,,,,,,,,,,,,,,,,,,,,,,,,,,,,,,,,,,,,,,,,,,,,
266,1600,395,234,,0,0,0,0,0,0,0,0,0,0,0,0,0,1,1,6,6,7,7,6,6,6,6,6,6,5,5,5,5,6,6,6,6,6,6,6,6,6,6,3,3,2,2,1,1,1,1,0,0,,,,,,,,,,,,,,,,,,,,,,,,,,,,,,,,,,,,,,,,,,,,,,,,
2660,2500,526,3336,,0,67,67,70,70,49,49,53,53,62,62,67,67,186,186,910,910,1134,1134,1023,1023,977,977,900,900,812,812,861,861,864,864,851,851,886,886,939,939,854,854,524,524,336,336,227,227,165,165,84,84,,,,,,,,,,,,,,,,,,,,,,,,,,,,,,,,,,,,,,,,,,,,,,,,
2661,4400,3247,3249,2645;2668,2,19,19,20,20,14,14,15,15,18,18,19,19,53,53,1078,1078,1203,1203,1181,1181,1122,1122,1078,1078,992,992,1038,1038,1013,1013,1096,1096,1113,1113,1161,1161,1062,1062,150,150,96,96,65,65,47,47,24,24,,,,,,,,,,,,,,,,,,,,,,,,,,,,,,,,,,,,,,,,,,,,,,,,
2662,1500,2658,2664,,0,57,57,59,59,41,41,45,45,52,52,57,57,158,158,972,972,1165,1165,1080,1080,1042,1042,958,958,879,879,914,914,920,920,926,926,950,950,1007,1007,926,926,462,462,294,294,197,197,143,143,74,74,,,,,,,,,,,,,,,,,,,,,,,,,,,,,,,,,,,,,,,,,,,,,,,,
2663,3000,3246,2667,,0,19,19,20,20,14,14,15,15,18,18,19,19,53,53,1078,1078,1203,1203,1181,1181,1122,1122,1078,1078,992,992,1038,1038,1013,1013,1096,1096,1113,1113,1161,1161,1062,1062,150,150,96,96,65,65,47,47,24,24,,,,,,,,,,,,,,,,,,,,,,,,,,,,,,,,,,,,,,,,,,,,,,,,
2664,2000,2662,2674,3335;2680,2,57,57,59,59,41,41,45,45,52,52,57,57,158,158,972,972,1165,1165,1080,1080,1042,1042,958,958,879,879,914,914,920,920,926,926,950,950,1007,1007,926,926,462,462,294,294,197,197,143,143,74,74,,,,,,,,,,,,,,,,,,,,,,,,,,,,,,,,,,,,,,,,,,,,,,,,
2665,3500,319,3203,,0,54,54,56,56,39,39,42,42,50,50,54,54,149,149,956,956,1147,1147,1075,1075,1033,1033,954,954,866,866,918,918,901,901,917,917,943,943,993,993,901,901,419,419,269,269,182,182,132,132,67,67,,,,,,,,,,,,,,,,,,,,,,,,,,,,,,,,,,,,,,,,,,,,,,,,
2666,800,3205,3207,,0,0,0,0,0,0,0,0,0,0,0,0,0,0,0,2,2,2,2,2,2,2,2,2,2,2,2,2,2,2,2,2,2,2,2,2,2,2,2,1,1,1,1,0,0,0,0,0,0,,,,,,,,,,,,,,,,,,,,,,,,,,,,,,,,,,,,,,,,,,,,,,,,
2667,3500,2669,2663,2659;2706,2,19,19,20,20,14,14,15,15,18,18,19,19,53,53,1078,1078,1203,1203,1181,1181,1122,1122,1078,1078,992,992,1038,1038,1013,1013,1096,1096,1113,1113,1161,1161,1062,1062,150,150,96,96,65,65,47,47,24,24,,,,,,,,,,,,,,,,,,,,,,,,,,,,,,,,,,,,,,,,,,,,,,,,
2668,3300,,2661,2678,1,19,19,20,20,14,14,15,15,18,18,19,19,53,53,1078,1078,1203,1203,1181,1181,1122,1122,1078,1078,992,992,1038,1038,1013,1013,1096,1096,1113,1113,1161,1161,1062,1062,150,150,96,96,65,65,47,47,24,24,,,,,,,,,,,,,,,,,,,,,,,,,,,,,,,,,,,,,,,,,,,,,,,,
2669,3000,2678,2667,,0,19,19,20,20,14,14,15,15,18,18,19,19,53,53,1078,1078,1203,1203,1181,1181,1122,1122,1078,1078,992,992,1038,1038,1013,1013,1096,1096,1113,1113,1161,1161,1062,1062,150,150,96,96,65,65,47,47,24,24,,,,,,,,,,,,,,,,,,,,,,,,,,,,,,,,,,,,,,,,,,,,,,,,
267,2000,282,265,264;274,2,54,54,56,56,39,39,42,42,50,50,54,54,149,149,956,956,1147,1147,1075,1075,1033,1033,954,954,866,866,918,918,901,901,917,917,943,943,993,993,901,901,419,419,269,269,182,182,132,132,67,67,,,,,,,,,,,,,,,,,,,,,,,,,,,,,,,,,,,,,,,,,,,,,,,,
2670,1200,2682,2658,,0,0,0,0,0,0,0,0,0,0,0,0,0,1,1,4,4,5,5,4,4,4,4,4,4,4,4,4,4,4,4,4,4,4,4,4,4,4,4,2,2,1,1,1,1,1,1,0,0,,,,,,,,,,,,,,,,,,,,,,,,,,,,,,,,,,,,,,,,,,,,,,,,
2671,1200,2652,3208,,0,0,0,0,0,0,0,0,0,0,0,0,0,0,0,2,2,2,2,2,2,2,2,2,2,2,2,2,2,2,2,2,2,2,2,2,2,2,2,1,1,1,1,0,0,0,0,0,0,,,,,,,,,,,,,,,,,,,,,,,,,,,,,,,,,,,,,,,,,,,,,,,,
2672,4400,2644,2677,,0,57,57,59,59,41,41,45,45,52,52,57,57,158,158,972,972,1165,1165,1080,1080,1042,1042,958,958,879,879,914,914,920,920,926,926,950,950,1007,1007,926,926,462,462,294,294,197,197,143,143,74,74,,,,,,,,,,,,,,,,,,,,,,,,,,,,,,,,,,,,,,,,,,,,,,,,
2673,2500,3250,2683,,0,19,19,20,20,14,14,15,15,18,18,19,19,53,53,1078,1078,1203,1203,1181,1181,1122,1122,1078,1078,992,992,1038,1038,1013,1013,1096,1096,1113,1113,1161,1161,1062,1062,150,150,96,96,65,65,47,47,24,24,,,,,,,,,,,,,,,,,,,,,,,,,,,,,,,,,,,,,,,,,,,,,,,,
2674,1200,2664,3203,,0,0,0,0,0,0,0,0,0,0,0,0,0,1,1,3,3,4,4,3,3,3,3,3,3,3,3,3,3,3,3,3,3,3,3,3,3,3,3,1,1,1,1,1,1,0,0,0,0,,,,,,,,,,,,,,,,,,,,,,,,,,,,,,,,,,,,,,,,,,,,,,,,
2675,4400,3252,2684,,0,19,19,20,20,14,14,15,15,18,18,19,19,53,53,1078,1078,1203,1203,1181,1181,1122,1122,1078,1078,992,992,1038,1038,1013,1013,1096,1096,1113,1113,1161,1161,1062,1062,150,150,96,96,65,65,47,47,24,24,,,,,,,,,,,,,,,,,,,,,,,,,,,,,,,,,,,,,,,,,,,,,,,,
2676,3000,3222,2682,,0,57,57,59,59,41,41,45,45,52,52,57,57,158,158,972,972,1165,1165,1080,1080,1042,1042,958,958,879,879,914,914,920,920,926,926,950,950,1007,1007,926,926,462,462,294,294,197,197,143,143,74,74,,,,,,,,,,,,,,,,,,,,,,,,,,,,,,,,,,,,,,,,,,,,,,,,
2677,2500,2690,2701,2672,1,57,57,59,59,41,41,45,45,52,52,57,57,158,158,972,972,1165,1165,1080,1080,1042,1042,958,958,879,879,914,914,920,920,926,926,950,950,1007,1007,926,926,462,462,294,294,197,197,143,143,74,74,,,,,,,,,,,,,,,,,,,,,,,,,,,,,,,,,,,,,,,,,,,,,,,,
2678,3500,2681,2669,2668;2741,2,19,19,20,20,14,14,15,15,18,18,19,19,53,53,1078,1078,1203,1203,1181,1181,1122,1122,1078,1078,992,992,1038,1038,1013,1013,1096,1096,1113,1113,1161,1161,1062,1062,150,150,96,96,65,65,47,47,24,24,,,,,,,,,,,,,,,,,,,,,,,,,,,,,,,,,,,,,,,,,,,,,,,,
2679,2500,3201,3205,,0,57,57,59,59,41,41,45,45,52,52,57,57,158,158,972,972,1165,1165,1080,1080,1042,1042,958,958,879,879,914,914,920,920,926,926,950,950,1007,1007,926,926,462,462,294,294,197,197,143,143,74,74,,,,,,,,,,,,,,,,,,,,,,,,,,,,,,,,,,,,,,,,,,,,,,,,
268,1500,273,261,,0,38,38,40,40,28,28,30,30,35,35,38,38,106,106,1010,1010,1173,1173,1121,1121,1069,1069,1008,1008,921,921,970,970,952,952,997,997,1020,1020,1069,1069,975,975,299,299,192,192,130,130,94,94,48,48,,,,,,,,,,,,,,,,,,,,,,,,,,,,,,,,,,,,,,,,,,,,,,,,
2680,2500,2689,2664,,0,57,57,59,59,41,41,45,45,52,52,57,57,158,158,972,972,1165,1165,1080,1080,1042,1042,958,958,879,879,914,914,920,920,926,926,950,950,1007,1007,926,926,462,462,294,294,197,197,143,143,74,74,,,,,,,,,,,,,,,,,,,,,,,,,,,,,,,,,,,,,,,,,,,,,,,,
2681,2500,2678,2683,,0,19,19,20,20,14,14,15,15,18,18,19,19,53,53,1078,1078,1203,1203,1181,1181,1122,1122,1078,1078,992,992,1038,1038,1013,1013,1096,1096,1113,1113,1161,1161,1062,1062,150,150,96,96,65,65,47,47,24,24,,,,,,,,,,,,,,,,,,,,,,,,,,,,,,,,,,,,,,,,,,,,,,,,
2682,3500,2686,2676,2670;2692,2,57,57,59,59,41,41,45,45,52,52,57,57,158,158,972,972,1165,1165,1080,1080,1042,1042,958,958,879,879,914,914,920,920,926,926,950,950,1007,1007,926,926,462,462,294,294,197,197,143,143,74,74,,,,,,,,,,,,,,,,,,,,,,,,,,,,,,,,,,,,,,,,,,,,,,,,
2683,3000,2696,2681,2673;2719,2,19,19,20,20,14,14,15,15,18,18,19,19,53,53,1078,1078,1203,1203,1181,1181,1122,1122,1078,1078,992,992,1038,1038,1013,1013,1096,1096,1113,1113,1161,1161,1062,1062,150,150,96,96,65,65,47,47,24,24,,,,,,,,,,,,,,,,,,,,,,,,,,,,,,,,,,,,,,,,,,,,,,,,
2684,4400,2675,2685,3231;3230,2,57,57,59,59,41,41,45,45,52,52,57,57,158,158,972,972,1165,1165,1080,1080,1042,1042,958,958,879,879,914,914,920,920,926,926,950,950,1007,1007,926,926,462,462,294,294,197,197,143,143,74,74,,,,,,,,,,,,,,,,,,,,,,,,,,,,,,,,,,,,,,,,,,,,,,,,
2685,3000,2693,2684,,0,57,57,59,59,41,41,45,45,52,52,57,57,158,158,972,972,1165,1165,1080,1080,1042,1042,958,958,879,879,914,914,920,920,926,926,950,950,1007,1007,926,926,462,462,294,294,197,197,143,143,74,74,,,,,,,,,,,,,,,,,,,,,,,,,,,,,,,,,,,,,,,,,,,,,,,,
2686,2000,2689,2682,,0,57,57,59,59,41,41,45,45,52,52,57,57,158,158,972,972,1165,1165,1080,1080,1042,1042,958,958,879,879,914,914,920,920,926,926,950,950,1007,1007,926,926,462,462,294,294,197,197,143,143,74,74,,,,,,,,,,,,,,,,,,,,,,,,,,,,,,,,,,,,,,,,,,,,,,,,
2687,1200,3197,3207,,0,0,0,0,0,0,0,0,0,0,0,0,0,0,0,1,1,2,2,1,1,1,1,1,1,1,1,1,1,1,1,1,1,1,1,1,1,1,1,1,1,0,0,0,0,0,0,0,0,,,,,,,,,,,,,,,,,,,,,,,,,,,,,,,,,,,,,,,,,,,,,,,,
2688,3000,3246,3258,,0,19,19,20,20,14,14,15,15,18,18,19,19,53,53,1078,1078,1203,1203,1181,1181,1122,1122,1078,1078,992,992,1038,1038,1013,1013,1096,1096,1113,1113,1161,1161,1062,1062,150,150,96,96,65,65,47,47,24,24,,,,,,,,,,,,,,,,,,,,,,,,,,,,,,,,,,,,,,,,,,,,,,,,
2689,3500,2680,2700,2686;2695,2,57,57,59,59,41,41,45,45,52,52,57,57,158,158,972,972,1165,1165,1080,1080,1042,1042,958,958,879,879,914,914,920,920,926,926,950,950,1007,1007,926,926,462,462,294,294,197,197,143,143,74,74,,,,,,,,,,,,,,,,,,,,,,,,,,,,,,,,,,,,,,,,,,,,,,,,
269,4400,549,226,,0,38,38,40,40,28,28,30,30,35,35,38,38,106,106,1010,1010,1173,1173,1121,1121,1069,1069,1008,1008,921,921,970,970,952,952,997,997,1020,1020,1069,1069,975,975,299,299,192,192,130,130,94,94,48,48,,,,,,,,,,,,,,,,,,,,,,,,,,,,,,,,,,,,,,,,,,,,,,,,
2690,4400,2699,2677,,0,57,57,59,59,41,41,45,45,52,52,57,57,158,158,972,972,1165,1165,1080,1080,1042,1042,958,958,879,879,914,914,920,920,926,926,950,950,1007,1007,926,926,462,462,294,294,197,197,143,143,74,74,,,,,,,,,,,,,,,,,,,,,,,,,,,,,,,,,,,,,,,,,,,,,,,,
2691,1500,3262,2694,,0,19,19,20,20,14,14,15,15,18,18,19,19,53,53,1078,1078,1203,1203,1181,1181,1122,1122,1078,1078,992,992,1038,1038,1013,1013,1096,1096,1113,1113,1161,1161,1062,1062,150,150,96,96,65,65,47,47,24,24,,,,,,,,,,,,,,,,,,,,,,,,,,,,,,,,,,,,,,,,,,,,,,,,
2692,2500,2682,2702,,0,57,57,59,59,41,41,45,45,52,52,57,57,158,158,972,972,1165,1165,1080,1080,1042,1042,958,958,879,879,914,914,920,920,926,926,950,950,1007,1007,926,926,462,462,294,294,197,197,143,143,74,74,,,,,,,,,,,,,,,,,,,,,,,,,,,,,,,,,,,,,,,,,,,,,,,,
2693,4400,2698,2685,3221;2780,2,57,57,59,59,41,41,45,45,52,52,57,57,158,158,972,972,1165,1165,1080,1080,1042,1042,958,958,879,879,914,914,920,920,926,926,950,950,1007,1007,926,926,462,462,294,294,197,197,143,143,74,74,,,,,,,,,,,,,,,,,,,,,,,,,,,,,,,,,,,,,,,,,,,,,,,,
2694,2000,2691,2710,3257;2714,2,19,19,20,20,14,14,15,15,18,18,19,19,53,53,1078,1078,1203,1203,1181,1181,1122,1122,1078,1078,992,992,1038,1038,1013,1013,1096,1096,1113,1113,1161,1161,1062,1062,150,150,96,96,65,65,47,47,24,24,,,,,,,,,,,,,,,,,,,,,,,,,,,,,,,,,,,,,,,,,,,,,,,,
2695,2500,2689,2699,,0,57,57,59,59,41,41,45,45,52,52,57,57,158,158,972,972,1165,1165,1080,1080,1042,1042,958,958,879,879,914,914,920,920,926,926,950,950,1007,1007,926,926,462,462,294,294,197,197,143,143,74,74,,,,,,,,,,,,,,,,,,,,,,,,,,,,,,,,,,,,,,,,,,,,,,,,
2696,3000,2683,3229,,0,19,19,20,20,14,14,15,15,18,18,19,19,53,53,1078,1078,1203,1203,1181,1181,1122,1122,1078,1078,992,992,1038,1038,1013,1013,1096,1096,1113,1113,1161,1161,1062,1062,150,150,96,96,65,65,47,47,24,24,,,,,,,,,,,,,,,,,,,,,,,,,,,,,,,,,,,,,,,,,,,,,,,,
2697,2500,3242,3258,,0,19,19,20,20,14,14,15,15,18,18,19,19,53,53,1078,1078,1203,1203,1181,1181,1122,1122,1078,1078,992,992,1038,1038,1013,1013,1096,1096,1113,1113,1161,1161,1062,1062,150,150,96,96,65,65,47,47,24,24,,,,,,,,,,,,,,,,,,,,,,,,,,,,,,,,,,,,,,,,,,,,,,,,
2698,4000,2693,2702,,0,57,57,59,59,41,41,45,45,52,52,57,57,158,158,972,972,1165,1165,1080,1080,1042,1042,958,958,879,879,914,914,920,920,926,926,950,950,1007,1007,926,926,462,462,294,294,197,197,143,143,74,74,,,,,,,,,,,,,,,,,,,,,,,,,,,,,,,,,,,,,,,,,,,,,,,,
2699,3500,2695,2705,2690;2704,2,57,57,59,59,41,41,45,45,52,52,57,57,158,158,972,972,1165,1165,1080,1080,1042,1042,958,958,879,879,914,914,920,920,926,926,950,950,1007,1007,926,926,462,462,294,294,197,197,143,143,74,74,,,,,,,,,,,,,,,,,,,,,,,,,,,,,,,,,,,,,,,,,,,,,,,,
27,2500,361,7,,0,27,27,28,28,20,20,21,21,25,25,27,27,74,74,1049,1049,1182,1182,1170,1170,1126,1126,1056,1056,970,970,1022,1022,982,982,1052,1052,1066,1066,1112,1112,1010,1010,210,210,134,134,91,91,66,66,34,34,,,,,,,,,,,,,,,,,,,,,,,,,,,,,,,,,,,,,,,,,,,,,,,,
270,3000,547,260,,0,54,54,56,56,39,39,42,42,50,50,54,54,149,149,956,956,1147,1147,1075,1075,1033,1033,954,954,866,866,918,918,901,901,917,917,943,943,993,993,901,901,419,419,269,269,182,182,132,132,67,67,,,,,,,,,,,,,,,,,,,,,,,,,,,,,,,,,,,,,,,,,,,,,,,,
2700,3500,2689,3254,,0,57,57,59,59,41,41,45,45,52,52,57,57,158,158,972,972,1165,1165,1080,1080,1042,1042,958,958,879,879,914,914,920,920,926,926,950,950,1007,1007,926,926,462,462,294,294,197,197,143,143,74,74,,,,,,,,,,,,,,,,,,,,,,,,,,,,,,,,,,,,,,,,,,,,,,,,
2701,1500,3201,2677,,0,57,57,59,59,41,41,45,45,52,52,57,57,158,158,972,972,1165,1165,1080,1080,1042,1042,958,958,879,879,914,914,920,920,926,926,950,950,1007,1007,926,926,462,462,294,294,197,197,143,143,74,74,,,,,,,,,,,,,,,,,,,,,,,,,,,,,,,,,,,,,,,,,,,,,,,,
2702,3000,2709,2692,2698;2707,2,57,57,59,59,41,41,45,45,52,52,57,57,158,158,972,972,1165,1165,1080,1080,1042,1042,958,958,879,879,914,914,920,920,926,926,950,950,1007,1007,926,926,462,462,294,294,197,197,143,143,74,74,,,,,,,,,,,,,,,,,,,,,,,,,,,,,,,,,,,,,,,,,,,,,,,,
2703,1600,2708,3199,,0,0,0,0,0,0,0,0,0,0,0,0,0,1,1,3,3,4,4,4,4,3,3,3,3,3,3,3,3,3,3,3,3,3,3,3,3,3,3,2,2,1,1,1,1,0,0,0,0,,,,,,,,,,,,,,,,,,,,,,,,,,,,,,,,,,,,,,,,,,,,,,,,
2704,3000,2699,2712,,0,57,57,59,59,41,41,45,45,52,52,57,57,158,158,972,972,1165,1165,1080,1080,1042,1042,958,958,879,879,914,914,920,920,926,926,950,950,1007,1007,926,926,462,462,294,294,197,197,143,143,74,74,,,,,,,,,,,,,,,,,,,,,,,,,,,,,,,,,,,,,,,,,,,,,,,,
2705,2500,2708,2699,,0,57,57,59,59,41,41,45,45,52,52,57,57,158,158,972,972,1165,1165,1080,1080,1042,1042,958,958,879,879,914,914,920,920,926,926,950,950,1007,1007,926,926,462,462,294,294,197,197,143,143,74,74,,,,,,,,,,,,,,,,,,,,,,,,,,,,,,,,,,,,,,,,,,,,,,,,
2706,2000,2667,3242,,0,19,19,20,20,14,14,15,15,18,18,19,19,53,53,1078,1078,1203,1203,1181,1181,1122,1122,1078,1078,992,992,1038,1038,1013,1013,1096,1096,1113,1113,1161,1161,1062,1062,150,150,96,96,65,65,47,47,24,24,,,,,,,,,,,,,,,,,,,,,,,,,,,,,,,,,,,,,,,,,,,,,,,,
2707,4000,2702,3254,,0,57,57,59,59,41,41,45,45,52,52,57,57,158,158,972,972,1165,1165,1080,1080,1042,1042,958,958,879,879,914,914,920,920,926,926,950,950,1007,1007,926,926,462,462,294,294,197,197,143,143,74,74,,,,,,,,,,,,,,,,,,,,,,,,,,,,,,,,,,,,,,,,,,,,,,,,
2708,3000,2717,2705,2703;2715,2,57,57,59,59,41,41,45,45,52,52,57,57,158,158,972,972,1165,1165,1080,1080,1042,1042,958,958,879,879,914,914,920,920,926,926,950,950,1007,1007,926,926,462,462,294,294,197,197,143,143,74,74,,,,,,,,,,,,,,,,,,,,,,,,,,,,,,,,,,,,,,,,,,,,,,,,
2709,2500,3218,2702,,0,57,57,59,59,41,41,45,45,52,52,57,57,158,158,972,972,1165,1165,1080,1080,1042,1042,958,958,879,879,914,914,920,920,926,926,950,950,1007,1007,926,926,462,462,294,294,197,197,143,143,74,74,,,,,,,,,,,,,,,,,,,,,,,,,,,,,,,,,,,,,,,,,,,,,,,,
271,2500,287,392,542;279,2,54,54,56,56,39,39,42,42,50,50,54,54,149,149,956,956,1147,1147,1075,1075,1033,1033,954,954,866,866,918,918,901,901,917,917,943,943,993,993,901,901,419,419,269,269,182,182,132,132,67,67,,,,,,,,,,,,,,,,,,,,,,,,,,,,,,,,,,,,,,,,,,,,,,,,
2710,2000,2711,2694,,0,19,19,20,20,14,14,15,15,18,18,19,19,53,53,1078,1078,1203,1203,1181,1181,1122,1122,1078,1078,992,992,1038,1038,1013,1013,1096,1096,1113,1113,1161,1161,1062,1062,150,150,96,96,65,65,47,47,24,24,,,,,,,,,,,,,,,,,,,,,,,,,,,,,,,,,,,,,,,,,,,,,,,,
2711,2000,2710,2713,3241;2734,2,19,19,20,20,14,14,15,15,18,18,19,19,53,53,1078,1078,1203,1203,1181,1181,1122,1122,1078,1078,992,992,1038,1038,1013,1013,1096,1096,1113,1113,1161,1161,1062,1062,150,150,96,96,65,65,47,47,24,24,,,,,,,,,,,,,,,,,,,,,,,,,,,,,,,,,,,,,,,,,,,,,,,,
2712,3500,3253,2722,2704;2716,2,57,57,59,59,41,41,45,45,52,52,57,57,158,158,972,972,1165,1165,1080,1080,1042,1042,958,958,879,879,914,914,920,920,926,926,950,950,1007,1007,926,926,462,462,294,294,197,197,143,143,74,74,,,,,,,,,,,,,,,,,,,,,,,,,,,,,,,,,,,,,,,,,,,,,,,,
2713,1200,3240,2711,,0,0,0,0,0,0,0,0,0,0,0,0,0,0,0,3,3,3,3,3,3,3,3,3,3,3,3,3,3,3,3,3,3,3,3,3,3,3,3,1,1,0,0,0,0,0,0,0,0,,,,,,,,,,,,,,,,,,,,,,,,,,,,,,,,,,,,,,,,,,,,,,,,
2714,3000,3256,2694,,0,19,19,20,20,14,14,15,15,18,18,19,19,53,53,1078,1078,1203,1203,1181,1181,1122,1122,1078,1078,992,992,1038,1038,1013,1013,1096,1096,1113,1113,1161,1161,1062,1062,150,150,96,96,65,65,47,47,24,24,,,,,,,,,,,,,,,,,,,,,,,,,,,,,,,,,,,,,,,,,,,,,,,,
2715,3000,2725,2708,,0,57,57,59,59,41,41,45,45,52,52,57,57,158,158,972,972,1165,1165,1080,1080,1042,1042,958,958,879,879,914,914,920,920,926,926,950,950,1007,1007,926,926,462,462,294,294,197,197,143,143,74,74,,,,,,,,,,,,,,,,,,,,,,,,,,,,,,,,,,,,,,,,,,,,,,,,
2716,2500,2727,2712,,0,57,57,59,59,41,41,45,45,52,52,57,57,158,158,972,972,1165,1165,1080,1080,1042,1042,958,958,879,879,914,914,920,920,926,926,950,950,1007,1007,926,926,462,462,294,294,197,197,143,143,74,74,,,,,,,,,,,,,,,,,,,,,,,,,,,,,,,,,,,,,,,,,,,,,,,,
2717,2500,5938,2708,,0,67,67,70,70,49,49,53,53,62,62,67,67,186,186,910,910,1134,1134,1023,1023,977,977,900,900,812,812,861,861,864,864,851,851,886,886,939,939,854,854,524,524,336,336,227,227,165,165,84,84,,,,,,,,,,,,,,,,,,,,,,,,,,,,,,,,,,,,,,,,,,,,,,,,
2718,1600,3238,3236,,0,0,0,0,0,0,0,0,0,0,0,0,0,0,0,1,1,1,1,1,1,1,1,1,1,1,1,1,1,1,1,1,1,1,1,1,1,1,1,0,0,0,0,0,0,0,0,0,0,,,,,,,,,,,,,,,,,,,,,,,,,,,,,,,,,,,,,,,,,,,,,,,,
2719,1200,2683,3238,,0,0,0,0,0,0,0,0,0,0,0,0,0,0,0,3,3,3,3,3,3,3,3,3,3,3,3,3,3,3,3,3,3,3,3,3,3,3,3,1,1,0,0,0,0,0,0,0,0,,,,,,,,,,,,,,,,,,,,,,,,,,,,,,,,,,,,,,,,,,,,,,,,
272,3000,568,457,,0,38,38,40,40,28,28,30,30,35,35,38,38,106,106,1010,1010,1173,1173,1121,1121,1069,1069,1008,1008,921,921,970,970,952,952,997,997,1020,1020,1069,1069,975,975,299,299,192,192,130,130,94,94,48,48,,,,,,,,,,,,,,,,,,,,,,,,,,,,,,,,,,,,,,,,,,,,,,,,
2720,3000,3218,2727,,0,57,57,59,59,41,41,45,45,52,52,57,57,158,158,972,972,1165,1165,1080,1080,1042,1042,958,958,879,879,914,914,920,920,926,926,950,950,1007,1007,926,926,462,462,294,294,197,197,143,143,74,74,,,,,,,,,,,,,,,,,,,,,,,,,,,,,,,,,,,,,,,,,,,,,,,,
2721,1200,3240,2723,,0,0,0,0,0,0,0,0,0,0,0,0,0,0,0,2,2,2,2,2,2,2,2,2,2,2,2,2,2,2,2,2,2,2,2,2,2,2,2,0,0,0,0,0,0,0,0,0,0,,,,,,,,,,,,,,,,,,,,,,,,,,,,,,,,,,,,,,,,,,,,,,,,
2722,3000,2712,2725,2728,1,57,57,59,59,41,41,45,45,52,52,57,57,158,158,972,972,1165,1165,1080,1080,1042,1042,958,958,879,879,914,914,920,920,926,926,950,950,1007,1007,926,926,462,462,294,294,197,197,143,143,74,74,,,,,,,,,,,,,,,,,,,,,,,,,,,,,,,,,,,,,,,,,,,,,,,,
2723,1200,2730,2721,3237;2748,2,0,0,0,0,0,0,0,0,0,0,0,0,0,0,2,2,2,2,2,2,2,2,2,2,2,2,2,2,2,2,2,2,2,2,2,2,2,2,0,0,0,0,0,0,0,0,0,0,,,,,,,,,,,,,,,,,,,,,,,,,,,,,,,,,,,,,,,,,,,,,,,,
2724,1600,2732,3216,,0,0,0,0,0,0,0,0,0,0,0,0,0,1,1,4,4,5,5,4,4,4,4,4,4,4,4,4,4,4,4,4,4,4,4,4,4,4,4,2,2,1,1,1,1,1,1,0,0,,,,,,,,,,,,,,,,,,,,,,,,,,,,,,,,,,,,,,,,,,,,,,,,
2725,4000,2737,2722,2715;2736,2,57,57,59,59,41,41,45,45,52,52,57,57,158,158,972,972,1165,1165,1080,1080,1042,1042,958,958,879,879,914,914,920,920,926,926,950,950,1007,1007,926,926,462,462,294,294,197,197,143,143,74,74,,,,,,,,,,,,,,,,,,,,,,,,,,,,,,,,,,,,,,,,,,,,,,,,
2726,1200,3236,2733,,0,0,0,0,0,0,0,0,0,0,0,0,0,0,0,3,3,3,3,3,3,3,3,3,3,3,3,3,3,3,3,3,3,3,3,3,3,3,3,1,1,0,0,0,0,0,0,0,0,,,,,,,,,,,,,,,,,,,,,,,,,,,,,,,,,,,,,,,,,,,,,,,,
2727,3500,2735,2720,2716;2750,2,57,57,59,59,41,41,45,45,52,52,57,57,158,158,972,972,1165,1165,1080,1080,1042,1042,958,958,879,879,914,914,920,920,926,926,950,950,1007,1007,926,926,462,462,294,294,197,197,143,143,74,74,,,,,,,,,,,,,,,,,,,,,,,,,,,,,,,,,,,,,,,,,,,,,,,,
2728,4400,2722,2739,,0,57,57,59,59,41,41,45,45,52,52,57,57,158,158,972,972,1165,1165,1080,1080,1042,1042,958,958,879,879,914,914,920,920,926,926,950,950,1007,1007,926,926,462,462,294,294,197,197,143,143,74,74,,,,,,,,,,,,,,,,,,,,,,,,,,,,,,,,,,,,,,,,,,,,,,,,
2729,1500,3214,2732,,0,57,57,59,59,41,41,45,45,52,52,57,57,158,158,972,972,1165,1165,1080,1080,1042,1042,958,958,879,879,914,914,920,920,926,926,950,950,1007,1007,926,926,462,462,294,294,197,197,143,143,74,74,,,,,,,,,,,,,,,,,,,,,,,,,,,,,,,,,,,,,,,,,,,,,,,,
273,3000,268,278,548;301,2,38,38,40,40,28,28,30,30,35,35,38,38,106,106,1010,1010,1173,1173,1121,1121,1069,1069,1008,1008,921,921,970,970,952,952,997,997,1020,1020,1069,1069,975,975,299,299,192,192,130,130,94,94,48,48,,,,,,,,,,,,,,,,,,,,,,,,,,,,,,,,,,,,,,,,,,,,,,,,
2730,1200,2733,2723,,0,0,0,0,0,0,0,0,0,0,0,0,0,0,0,2,2,2,2,2,2,2,2,2,2,2,2,2,2,2,2,2,2,2,2,2,2,2,2,0,0,0,0,0,0,0,0,0,0,,,,,,,,,,,,,,,,,,,,,,,,,,,,,,,,,,,,,,,,,,,,,,,,
2731,3000,13779,3264,,0,0,0,0,0,0,0,0,0,0,0,0,0,0,0,1138,1138,1201,1201,1284,1284,1257,1257,1168,1168,1084,1084,1145,1145,1051,1051,1179,1179,1173,1173,1211,1211,1091,1091,0,0,0,0,0,0,0,0,0,0,,,,,,,,,,,,,,,,,,,,,,,,,,,,,,,,,,,,,,,,,,,,,,,,
2732,1600,2724,3211,2729;2752,2,0,0,0,0,0,0,0,0,0,0,0,0,1,1,3,3,4,4,4,4,3,3,3,3,3,3,3,3,3,3,3,3,3,3,3,3,3,3,2,2,1,1,1,1,0,0,0,0,,,,,,,,,,,,,,,,,,,,,,,,,,,,,,,,,,,,,,,,,,,,,,,,
2733,1200,2730,2743,2726;2758,2,0,0,0,0,0,0,0,0,0,0,0,0,0,0,2,2,2,2,2,2,2,2,2,2,2,2,2,2,2,2,2,2,2,2,2,2,2,2,0,0,0,0,0,0,0,0,0,0,,,,,,,,,,,,,,,,,,,,,,,,,,,,,,,,,,,,,,,,,,,,,,,,
2734,1600,2711,2744,,0,0,0,0,0,0,0,0,0,0,0,0,0,0,0,5,5,5,5,5,5,5,5,5,5,4,4,4,4,4,4,5,5,5,5,5,5,5,5,1,1,1,1,0,0,0,0,0,0,,,,,,,,,,,,,,,,,,,,,,,,,,,,,,,,,,,,,,,,,,,,,,,,
2735,3000,2727,2739,,0,57,57,59,59,41,41,45,45,52,52,57,57,158,158,972,972,1165,1165,1080,1080,1042,1042,958,958,879,879,914,914,920,920,926,926,950,950,1007,1007,926,926,462,462,294,294,197,197,143,143,74,74,,,,,,,,,,,,,,,,,,,,,,,,,,,,,,,,,,,,,,,,,,,,,,,,
2736,2500,2749,2725,,0,57,57,59,59,41,41,45,45,52,52,57,57,158,158,972,972,1165,1165,1080,1080,1042,1042,958,958,879,879,914,914,920,920,926,926,950,950,1007,1007,926,926,462,462,294,294,197,197,143,143,74,74,,,,,,,,,,,,,,,,,,,,,,,,,,,,,,,,,,,,,,,,,,,,,,,,
2737,4400,5396,2725,,0,54,54,56,56,39,39,42,42,50,50,54,54,149,149,959,959,1162,1162,1055,1055,994,994,944,944,856,856,900,900,912,912,924,924,959,959,1013,1013,928,928,419,419,269,269,182,182,132,132,67,67,,,,,,,,,,,,,,,,,,,,,,,,,,,,,,,,,,,,,,,,,,,,,,,,
2738,2000,3264,3256,,0,19,19,20,20,14,14,15,15,18,18,19,19,53,53,1078,1078,1203,1203,1181,1181,1122,1122,1078,1078,992,992,1038,1038,1013,1013,1096,1096,1113,1113,1161,1161,1062,1062,150,150,96,96,65,65,47,47,24,24,,,,,,,,,,,,,,,,,,,,,,,,,,,,,,,,,,,,,,,,,,,,,,,,
2739,3500,2746,2735,2728;2762,2,57,57,59,59,41,41,45,45,52,52,57,57,158,158,972,972,1165,1165,1080,1080,1042,1042,958,958,879,879,914,914,920,920,926,926,950,950,1007,1007,926,926,462,462,294,294,197,197,143,143,74,74,,,,,,,,,,,,,,,,,,,,,,,,,,,,,,,,,,,,,,,,,,,,,,,,
274,2500,267,281,,0,54,54,56,56,39,39,42,42,50,50,54,54,149,149,956,956,1147,1147,1075,1075,1033,1033,954,954,866,866,918,918,901,901,917,917,943,943,993,993,901,901,419,419,269,269,182,182,132,132,67,67,,,,,,,,,,,,,,,,,,,,,,,,,,,,,,,,,,,,,,,,,,,,,,,,
2740,300,3212,,,0,0,0,0,0,0,0,0,0,0,0,0,0,1,1,4,4,5,5,5,5,5,5,4,4,4,4,4,4,4,4,4,4,4,4,5,5,4,4,2,2,1,1,1,1,1,1,0,0,,,,,,,,,,,,,,,,,,,,,,,,,,,,,,,,,,,,,,,,,,,,,,,,
2741,4400,3240,2678,,0,19,19,20,20,14,14,15,15,18,18,19,19,53,53,1078,1078,1203,1203,1181,1181,1122,1122,1078,1078,992,992,1038,1038,1013,1013,1096,1096,1113,1113,1161,1161,1062,1062,150,150,96,96,65,65,47,47,24,24,,,,,,,,,,,,,,,,,,,,,,,,,,,,,,,,,,,,,,,,,,,,,,,,
2742,3000,3256,2751,,0,19,19,20,20,14,14,15,15,18,18,19,19,53,53,1078,1078,1203,1203,1181,1181,1122,1122,1078,1078,992,992,1038,1038,1013,1013,1096,1096,1113,1113,1161,1161,1062,1062,150,150,96,96,65,65,47,47,24,24,,,,,,,,,,,,,,,,,,,,,,,,,,,,,,,,,,,,,,,,,,,,,,,,
2743,1200,2733,3226,,0,0,0,0,0,0,0,0,0,0,0,0,0,0,0,3,3,3,3,3,3,3,3,3,3,2,2,3,3,3,3,3,3,3,3,3,3,3,3,1,1,0,0,0,0,0,0,0,0,,,,,,,,,,,,,,,,,,,,,,,,,,,,,,,,,,,,,,,,,,,,,,,,
2744,2500,2745,3243,2734;2772,2,19,19,20,20,14,14,15,15,18,18,19,19,53,53,1078,1078,1203,1203,1181,1181,1122,1122,1078,1078,992,992,1038,1038,1013,1013,1096,1096,1113,1113,1161,1161,1062,1062,150,150,96,96,65,65,47,47,24,24,,,,,,,,,,,,,,,,,,,,,,,,,,,,,,,,,,,,,,,,,,,,,,,,
2745,1500,2753,2744,,0,19,19,20,20,14,14,15,15,18,18,19,19,53,53,1078,1078,1203,1203,1181,1181,1122,1122,1078,1078,992,992,1038,1038,1013,1013,1096,1096,1113,1113,1161,1161,1062,1062,150,150,96,96,65,65,47,47,24,24,,,,,,,,,,,,,,,,,,,,,,,,,,,,,,,,,,,,,,,,,,,,,,,,
2746,3000,2739,2749,,0,57,57,59,59,41,41,45,45,52,52,57,57,158,158,972,972,1165,1165,1080,1080,1042,1042,958,958,879,879,914,914,920,920,926,926,950,950,1007,1007,926,926,462,462,294,294,197,197,143,143,74,74,,,,,,,,,,,,,,,,,,,,,,,,,,,,,,,,,,,,,,,,,,,,,,,,
2747,2000,2751,13779,,0,19,19,20,20,14,14,15,15,18,18,19,19,53,53,1078,1078,1203,1203,1181,1181,1122,1122,1078,1078,992,992,1038,1038,1013,1013,1096,1096,1113,1113,1161,1161,1062,1062,150,150,96,96,65,65,47,47,24,24,,,,,,,,,,,,,,,,,,,,,,,,,,,,,,,,,,,,,,,,,,,,,,,,
2748,1200,2760,2723,,0,0,0,0,0,0,0,0,0,0,0,0,0,0,0,3,3,3,3,3,3,3,3,3,3,3,3,3,3,3,3,3,3,3,3,3,3,3,3,1,1,0,0,0,0,0,0,0,0,,,,,,,,,,,,,,,,,,,,,,,,,,,,,,,,,,,,,,,,,,,,,,,,
2749,3000,2755,2746,2736;3078,2,57,57,59,59,41,41,45,45,52,52,57,57,158,158,972,972,1165,1165,1080,1080,1042,1042,958,958,879,879,914,914,920,920,926,926,950,950,1007,1007,926,926,462,462,294,294,197,197,143,143,74,74,,,,,,,,,,,,,,,,,,,,,,,,,,,,,,,,,,,,,,,,,,,,,,,,
275,1600,560,562,,0,0,0,0,0,0,0,0,0,0,0,0,0,0,0,4,4,5,5,4,4,4,4,4,4,4,4,4,4,4,4,4,4,4,4,4,4,4,4,1,1,1,1,1,1,0,0,0,0,,,,,,,,,,,,,,,,,,,,,,,,,,,,,,,,,,,,,,,,,,,,,,,,
2750,4000,2727,2757,,0,57,57,59,59,41,41,45,45,52,52,57,57,158,158,972,972,1165,1165,1080,1080,1042,1042,958,958,879,879,914,914,920,920,926,926,950,950,1007,1007,926,926,462,462,294,294,197,197,143,143,74,74,,,,,,,,,,,,,,,,,,,,,,,,,,,,,,,,,,,,,,,,,,,,,,,,
2751,3000,2759,2747,2742;2764,2,19,19,20,20,14,14,15,15,18,18,19,19,53,53,1078,1078,1203,1203,1181,1181,1122,1122,1078,1078,992,992,1038,1038,1013,1013,1096,1096,1113,1113,1161,1161,1062,1062,150,150,96,96,65,65,47,47,24,24,,,,,,,,,,,,,,,,,,,,,,,,,,,,,,,,,,,,,,,,,,,,,,,,
2752,2500,2732,3210,,0,67,67,70,70,49,49,53,53,62,62,67,67,186,186,910,910,1134,1134,1023,1023,977,977,900,900,812,812,861,861,864,864,851,851,886,886,939,939,854,854,524,524,336,336,227,227,165,165,84,84,,,,,,,,,,,,,,,,,,,,,,,,,,,,,,,,,,,,,,,,,,,,,,,,
2753,3500,2756,2745,3239;2787,2,19,19,20,20,14,14,15,15,18,18,19,19,53,53,1078,1078,1203,1203,1181,1181,1122,1122,1078,1078,992,992,1038,1038,1013,1013,1096,1096,1113,1113,1161,1161,1062,1062,150,150,96,96,65,65,47,47,24,24,,,,,,,,,,,,,,,,,,,,,,,,,,,,,,,,,,,,,,,,,,,,,,,,
2754,2500,3244,2761,,0,19,19,20,20,14,14,15,15,18,18,19,19,53,53,1078,1078,1203,1203,1181,1181,1122,1122,1078,1078,992,992,1038,1038,1013,1013,1096,1096,1113,1113,1161,1161,1062,1062,150,150,96,96,65,65,47,47,24,24,,,,,,,,,,,,,,,,,,,,,,,,,,,,,,,,,,,,,,,,,,,,,,,,
2755,3000,2763,2749,,0,57,57,59,59,41,41,45,45,52,52,57,57,158,158,972,972,1165,1165,1080,1080,1042,1042,958,958,879,879,914,914,920,920,926,926,950,950,1007,1007,926,926,462,462,294,294,197,197,143,143,74,74,,,,,,,,,,,,,,,,,,,,,,,,,,,,,,,,,,,,,,,,,,,,,,,,
2756,3000,2753,2760,,0,19,19,20,20,14,14,15,15,18,18,19,19,53,53,1078,1078,1203,1203,1181,1181,1122,1122,1078,1078,992,992,1038,1038,1013,1013,1096,1096,1113,1113,1161,1161,1062,1062,150,150,96,96,65,65,47,47,24,24,,,,,,,,,,,,,,,,,,,,,,,,,,,,,,,,,,,,,,,,,,,,,,,,
2757,2000,2765,3209,2750;2810,2,57,57,59,59,41,41,45,45,52,52,57,57,158,158,972,972,1165,1165,1080,1080,1042,1042,958,958,879,879,914,914,920,920,926,926,950,950,1007,1007,926,926,462,462,294,294,197,197,143,143,74,74,,,,,,,,,,,,,,,,,,,,,,,,,,,,,,,,,,,,,,,,,,,,,,,,
2758,1200,2769,2733,,0,0,0,0,0,0,0,0,0,0,0,0,0,0,0,3,3,3,3,3,3,3,3,3,3,3,3,3,3,3,3,3,3,3,3,3,3,3,3,1,1,0,0,0,0,0,0,0,0,,,,,,,,,,,,,,,,,,,,,,,,,,,,,,,,,,,,,,,,,,,,,,,,
2759,2000,2751,2761,,0,19,19,20,20,14,14,15,15,18,18,19,19,53,53,1078,1078,1203,1203,1181,1181,1122,1122,1078,1078,992,992,1038,1038,1013,1013,1096,1096,1113,1113,1161,1161,1062,1062,150,150,96,96,65,65,47,47,24,24,,,,,,,,,,,,,,,,,,,,,,,,,,,,,,,,,,,,,,,,,,,,,,,,
276,3500,280,233,,0,38,38,40,40,28,28,30,30,35,35,38,38,106,106,1010,1010,1173,1173,1121,1121,1069,1069,1008,1008,921,921,970,970,952,952,997,997,1020,1020,1069,1069,975,975,299,299,192,192,130,130,94,94,48,48,,,,,,,,,,,,,,,,,,,,,,,,,,,,,,,,,,,,,,,,,,,,,,,,
2760,1600,2748,2797,2756;2766,2,0,0,0,0,0,0,0,0,0,0,0,0,0,0,4,4,4,4,4,4,4,4,4,4,3,3,4,4,4,4,4,4,4,4,4,4,4,4,1,1,1,1,0,0,0,0,0,0,,,,,,,,,,,,,,,,,,,,,,,,,,,,,,,,,,,,,,,,,,,,,,,,
2761,2500,2777,2759,2754;2773,2,19,19,20,20,14,14,15,15,18,18,19,19,53,53,1078,1078,1203,1203,1181,1181,1122,1122,1078,1078,992,992,1038,1038,1013,1013,1096,1096,1113,1113,1161,1161,1062,1062,150,150,96,96,65,65,47,47,24,24,,,,,,,,,,,,,,,,,,,,,,,,,,,,,,,,,,,,,,,,,,,,,,,,
2762,1600,2739,2770,,0,0,0,0,0,0,0,0,0,0,0,0,0,0,0,3,3,3,3,3,3,3,3,3,3,3,3,3,3,3,3,3,3,3,3,3,3,3,3,1,1,1,1,1,1,0,0,0,0,,,,,,,,,,,,,,,,,,,,,,,,,,,,,,,,,,,,,,,,,,,,,,,,
2763,4000,2755,5855,5399;2831,2,54,54,56,56,39,39,42,42,50,50,54,54,149,149,959,959,1162,1162,1055,1055,994,994,944,944,856,856,900,900,912,912,924,924,959,959,1013,1013,928,928,419,419,269,269,182,182,132,132,67,67,,,,,,,,,,,,,,,,,,,,,,,,,,,,,,,,,,,,,,,,,,,,,,,,
2764,2000,2751,2771,,0,19,19,20,20,14,14,15,15,18,18,19,19,53,53,1078,1078,1203,1203,1181,1181,1122,1122,1078,1078,992,992,1038,1038,1013,1013,1096,1096,1113,1113,1161,1161,1062,1062,150,150,96,96,65,65,47,47,24,24,,,,,,,,,,,,,,,,,,,,,,,,,,,,,,,,,,,,,,,,,,,,,,,,
2765,1500,2770,2757,,0,57,57,59,59,41,41,45,45,52,52,57,57,158,158,972,972,1165,1165,1080,1080,1042,1042,958,958,879,879,914,914,920,920,926,926,950,950,1007,1007,926,926,462,462,294,294,197,197,143,143,74,74,,,,,,,,,,,,,,,,,,,,,,,,,,,,,,,,,,,,,,,,,,,,,,,,
2766,3000,2769,2760,,0,67,67,70,70,49,49,53,53,62,62,67,67,186,186,910,910,1134,1134,1023,1023,977,977,900,900,812,812,861,861,864,864,851,851,886,886,939,939,854,854,524,524,336,336,227,227,165,165,84,84,,,,,,,,,,,,,,,,,,,,,,,,,,,,,,,,,,,,,,,,,,,,,,,,
2767,2000,13888,2771,,0,19,19,20,20,14,14,15,15,18,18,19,19,53,53,1078,1078,1203,1203,1181,1181,1122,1122,1078,1078,992,992,1038,1038,1013,1013,1096,1096,1113,1113,1161,1161,1062,1062,150,150,96,96,65,65,47,47,24,24,,,,,,,,,,,,,,,,,,,,,,,,,,,,,,,,,,,,,,,,,,,,,,,,
2768,1600,3229,3228,,0,0,0,0,0,0,0,0,0,0,0,0,0,0,0,4,4,5,5,5,5,4,4,4,4,4,4,4,4,4,4,4,4,4,4,4,4,4,4,1,1,1,1,0,0,0,0,0,0,,,,,,,,,,,,,,,,,,,,,,,,,,,,,,,,,,,,,,,,,,,,,,,,
2769,1600,2807,2758,2766;2776,2,0,0,0,0,0,0,0,0,0,0,0,0,0,0,4,4,4,4,4,4,4,4,4,4,4,4,4,4,4,4,4,4,4,4,4,4,4,4,1,1,1,1,0,0,0,0,0,0,,,,,,,,,,,,,,,,,,,,,,,,,,,,,,,,,,,,,,,,,,,,,,,,
277,1600,252,10213,,0,0,0,0,0,0,0,0,0,0,0,0,0,1,1,9,9,11,11,10,10,10,10,9,9,9,9,9,9,9,9,9,9,9,9,10,10,9,9,4,4,3,3,2,2,1,1,1,1,,,,,,,,,,,,,,,,,,,,,,,,,,,,,,,,,,,,,,,,,,,,,,,,
2770,1600,2765,2775,2762;2785,2,0,0,0,0,0,0,0,0,0,0,0,0,0,0,2,2,3,3,3,3,2,2,2,2,2,2,2,2,2,2,2,2,2,2,2,2,2,2,1,1,1,1,0,0,0,0,0,0,,,,,,,,,,,,,,,,,,,,,,,,,,,,,,,,,,,,,,,,,,,,,,,,
2771,1600,2778,2767,2764;2802,2,0,0,0,0,0,0,0,0,0,0,0,0,0,0,6,6,7,7,7,7,6,6,6,6,5,5,6,6,6,6,6,6,6,6,6,6,6,6,1,1,1,1,1,1,0,0,0,0,,,,,,,,,,,,,,,,,,,,,,,,,,,,,,,,,,,,,,,,,,,,,,,,
2772,2000,2744,2781,,0,19,19,20,20,14,14,15,15,18,18,19,19,53,53,1078,1078,1203,1203,1181,1181,1122,1122,1078,1078,992,992,1038,1038,1013,1013,1096,1096,1113,1113,1161,1161,1062,1062,150,150,96,96,65,65,47,47,24,24,,,,,,,,,,,,,,,,,,,,,,,,,,,,,,,,,,,,,,,,,,,,,,,,
2773,1200,2761,2782,,0,0,0,0,0,0,0,0,0,0,0,0,0,0,0,6,6,7,7,6,6,6,6,6,6,5,5,6,6,6,6,6,6,6,6,6,6,6,6,1,1,1,1,1,1,0,0,0,0,,,,,,,,,,,,,,,,,,,,,,,,,,,,,,,,,,,,,,,,,,,,,,,,
2774,1200,3107,3109,,0,0,0,0,0,0,0,0,0,0,0,0,0,0,0,1,1,2,2,2,2,1,1,1,1,1,1,1,1,1,1,1,1,1,1,1,1,1,1,1,1,0,0,0,0,0,0,0,0,,,,,,,,,,,,,,,,,,,,,,,,,,,,,,,,,,,,,,,,,,,,,,,,
2775,1200,3087,2770,,0,0,0,0,0,0,0,0,0,0,0,0,0,1,1,3,3,4,4,3,3,3,3,3,3,3,3,3,3,3,3,3,3,3,3,3,3,3,3,1,1,1,1,1,1,0,0,0,0,,,,,,,,,,,,,,,,,,,,,,,,,,,,,,,,,,,,,,,,,,,,,,,,
2776,3000,2783,2769,,0,19,19,20,20,14,14,15,15,18,18,19,19,53,53,1078,1078,1203,1203,1181,1181,1122,1122,1078,1078,992,992,1038,1038,1013,1013,1096,1096,1113,1113,1161,1161,1062,1062,150,150,96,96,65,65,47,47,24,24,,,,,,,,,,,,,,,,,,,,,,,,,,,,,,,,,,,,,,,,,,,,,,,,
2777,2500,2761,2781,,0,19,19,20,20,14,14,15,15,18,18,19,19,53,53,1078,1078,1203,1203,1181,1181,1122,1122,1078,1078,992,992,1038,1038,1013,1013,1096,1096,1113,1113,1161,1161,1062,1062,150,150,96,96,65,65,47,47,24,24,,,,,,,,,,,,,,,,,,,,,,,,,,,,,,,,,,,,,,,,,,,,,,,,
2778,800,2782,2771,,0,0,0,0,0,0,0,0,0,0,0,0,0,0,0,3,3,4,4,4,4,3,3,3,3,3,3,3,3,3,3,3,3,3,3,4,4,3,3,1,1,0,0,0,0,0,0,0,0,,,,,,,,,,,,,,,,,,,,,,,,,,,,,,,,,,,,,,,,,,,,,,,,
2779,300,2784,2786,2783,1,0,0,0,0,0,0,0,0,0,0,0,0,0,0,6,6,7,7,7,7,7,7,6,6,6,6,6,6,6,6,6,6,6,6,7,7,6,6,1,1,1,1,1,1,0,0,0,0,,,,,,,,,,,,,,,,,,,,,,,,,,,,,,,,,,,,,,,,,,,,,,,,
278,1500,273,280,,0,38,38,40,40,28,28,30,30,35,35,38,38,106,106,1010,1010,1173,1173,1121,1121,1069,1069,1008,1008,921,921,970,970,952,952,997,997,1020,1020,1069,1069,975,975,299,299,192,192,130,130,94,94,48,48,,,,,,,,,,,,,,,,,,,,,,,,,,,,,,,,,,,,,,,,,,,,,,,,
2780,4000,3220,2693,,0,57,57,59,59,41,41,45,45,52,52,57,57,158,158,972,972,1165,1165,1080,1080,1042,1042,958,958,879,879,914,914,920,920,926,926,950,950,1007,1007,926,926,462,462,294,294,197,197,143,143,74,74,,,,,,,,,,,,,,,,,,,,,,,,,,,,,,,,,,,,,,,,,,,,,,,,
2781,3000,2789,2777,2772;2854,2,19,19,20,20,14,14,15,15,18,18,19,19,53,53,1078,1078,1203,1203,1181,1181,1122,1122,1078,1078,992,992,1038,1038,1013,1013,1096,1096,1113,1113,1161,1161,1062,1062,150,150,96,96,65,65,47,47,24,24,,,,,,,,,,,,,,,,,,,,,,,,,,,,,,,,,,,,,,,,,,,,,,,,
2782,1600,2799,2778,2773;2792,2,0,0,0,0,0,0,0,0,0,0,0,0,0,0,4,4,4,4,4,4,4,4,4,4,3,3,4,4,4,4,4,4,4,4,4,4,4,4,1,1,1,1,0,0,0,0,0,0,,,,,,,,,,,,,,,,,,,,,,,,,,,,,,,,,,,,,,,,,,,,,,,,
2783,4400,2776,2779,3225;2814,2,19,19,20,20,14,14,15,15,18,18,19,19,53,53,1078,1078,1203,1203,1181,1181,1122,1122,1078,1078,992,992,1038,1038,1013,1013,1096,1096,1113,1113,1161,1161,1062,1062,150,150,96,96,65,65,47,47,24,24,,,,,,,,,,,,,,,,,,,,,,,,,,,,,,,,,,,,,,,,,,,,,,,,
2784,1000,2791,2779,,0,42,42,39,39,28,28,29,29,34,34,39,39,112,112,1343,1343,1424,1424,1347,1347,1375,1375,1229,1229,1247,1247,1096,1096,1282,1282,1299,1299,1257,1257,1375,1375,1394,1394,536,536,316,316,190,190,140,140,87,87,,,,,,,,,,,,,,,,,,,,,,,,,,,,,,,,,,,,,,,,,,,,,,,,
2785,1200,2794,2770,,0,0,0,0,0,0,0,0,0,0,0,0,0,1,1,5,5,5,5,5,5,5,5,4,4,4,4,4,4,4,4,4,4,4,4,5,5,4,4,2,2,1,1,1,1,1,1,0,0,,,,,,,,,,,,,,,,,,,,,,,,,,,,,,,,,,,,,,,,,,,,,,,,
2786,1000,2791,2779,,0,42,42,39,39,28,28,29,29,34,34,39,39,112,112,1343,1343,1424,1424,1347,1347,1375,1375,1229,1229,1247,1247,1096,1096,1282,1282,1299,1299,1257,1257,1375,1375,1394,1394,536,536,316,316,190,190,140,140,87,87,,,,,,,,,,,,,,,,,,,,,,,,,,,,,,,,,,,,,,,,,,,,,,,,
2787,4400,2795,2753,,0,19,19,20,20,14,14,15,15,18,18,19,19,53,53,1078,1078,1203,1203,1181,1181,1122,1122,1078,1078,992,992,1038,1038,1013,1013,1096,1096,1113,1113,1161,1161,1062,1062,150,150,96,96,65,65,47,47,24,24,,,,,,,,,,,,,,,,,,,,,,,,,,,,,,,,,,,,,,,,,,,,,,,,
2788,1200,3109,3092,,0,0,0,0,0,0,0,0,0,0,0,0,0,1,1,3,3,4,4,4,4,3,3,3,3,3,3,3,3,3,3,3,3,3,3,3,3,3,3,2,2,1,1,1,1,0,0,0,0,,,,,,,,,,,,,,,,,,,,,,,,,,,,,,,,,,,,,,,,,,,,,,,,
2789,2000,2781,2795,,0,19,19,20,20,14,14,15,15,18,18,19,19,53,53,1078,1078,1203,1203,1181,1181,1122,1122,1078,1078,992,992,1038,1038,1013,1013,1096,1096,1113,1113,1161,1161,1062,1062,150,150,96,96,65,65,47,47,24,24,,,,,,,,,,,,,,,,,,,,,,,,,,,,,,,,,,,,,,,,,,,,,,,,
279,3000,524,271,,0,54,54,56,56,39,39,42,42,50,50,54,54,149,149,956,956,1147,1147,1075,1075,1033,1033,954,954,866,866,918,918,901,901,917,917,943,943,993,993,901,901,419,419,269,269,182,182,132,132,67,67,,,,,,,,,,,,,,,,,,,,,,,,,,,,,,,,,,,,,,,,,,,,,,,,
2790,2000,2794,3101,,0,57,57,59,59,41,41,45,45,52,52,57,57,158,158,972,972,1165,1165,1080,1080,1042,1042,958,958,879,879,914,914,920,920,926,926,950,950,1007,1007,926,926,462,462,294,294,197,197,143,143,74,74,,,,,,,,,,,,,,,,,,,,,,,,,,,,,,,,,,,,,,,,,,,,,,,,
2791,3500,2786,2813,3213;2784;3126,3,0,0,0,0,0,0,0,0,0,0,0,0,0,0,1138,1138,1201,1201,1284,1284,1257,1257,1168,1168,1084,1084,1145,1145,1051,1051,1179,1179,1173,1173,1211,1211,1091,1091,0,0,0,0,0,0,0,0,0,0,,,,,,,,,,,,,,,,,,,,,,,,,,,,,,,,,,,,,,,,,,,,,,,,
2792,1600,2801,2782,,0,0,0,0,0,0,0,0,0,0,0,0,0,0,0,6,6,7,7,6,6,6,6,6,6,5,5,6,6,6,6,6,6,6,6,6,6,6,6,1,1,1,1,1,1,0,0,0,0,,,,,,,,,,,,,,,,,,,,,,,,,,,,,,,,,,,,,,,,,,,,,,,,
2793,1600,3089,3107,,0,0,0,0,0,0,0,0,0,0,0,0,0,0,0,3,3,3,3,3,3,3,3,2,2,2,2,2,2,2,2,2,2,2,2,3,3,2,2,1,1,1,1,1,1,0,0,0,0,,,,,,,,,,,,,,,,,,,,,,,,,,,,,,,,,,,,,,,,,,,,,,,,
2794,2500,2804,2790,2785;2816,2,57,57,59,59,41,41,45,45,52,52,57,57,158,158,972,972,1165,1165,1080,1080,1042,1042,958,958,879,879,914,914,920,920,926,926,950,950,1007,1007,926,926,462,462,294,294,197,197,143,143,74,74,,,,,,,,,,,,,,,,,,,,,,,,,,,,,,,,,,,,,,,,,,,,,,,,
2795,3000,2805,2789,2787;2868,2,0,0,0,0,0,0,0,0,0,0,0,0,0,0,1138,1138,1201,1201,1284,1284,1257,1257,1168,1168,1084,1084,1145,1145,1051,1051,1179,1179,1173,1173,1211,1211,1091,1091,0,0,0,0,0,0,0,0,0,0,,,,,,,,,,,,,,,,,,,,,,,,,,,,,,,,,,,,,,,,,,,,,,,,
2796,2000,2801,3143,,0,19,19,20,20,14,14,15,15,18,18,19,19,53,53,1078,1078,1203,1203,1181,1181,1122,1122,1078,1078,992,992,1038,1038,1013,1013,1096,1096,1113,1113,1161,1161,1062,1062,150,150,96,96,65,65,47,47,24,24,,,,,,,,,,,,,,,,,,,,,,,,,,,,,,,,,,,,,,,,,,,,,,,,
2797,800,2760,2808,,0,0,0,0,0,0,0,0,0,0,0,0,0,0,0,4,4,4,4,4,4,4,4,4,4,3,3,4,4,3,3,4,4,4,4,4,4,4,4,1,1,0,0,0,0,0,0,0,0,,,,,,,,,,,,,,,,,,,,,,,,,,,,,,,,,,,,,,,,,,,,,,,,
2798,800,3079,3077,,0,0,0,0,0,0,0,0,0,0,0,0,0,0,0,2,2,2,2,2,2,2,2,2,2,2,2,2,2,2,2,2,2,2,2,2,2,2,2,1,1,1,1,0,0,0,0,0,0,,,,,,,,,,,,,,,,,,,,,,,,,,,,,,,,,,,,,,,,,,,,,,,,
2799,1600,2782,3135,,0,0,0,0,0,0,0,0,0,0,0,0,0,0,0,3,3,4,4,4,4,4,4,3,3,3,3,3,3,3,3,3,3,3,3,4,4,3,3,1,1,0,0,0,0,0,0,0,0,,,,,,,,,,,,,,,,,,,,,,,,,,,,,,,,,,,,,,,,,,,,,,,,
28,300,29,,38,1,1,1,1,1,0,0,0,0,0,0,1,1,1,1,10,10,11,11,11,11,10,10,10,10,9,9,9,9,9,9,9,9,10,10,10,10,9,9,4,4,3,3,2,2,1,1,1,1,,,,,,,,,,,,,,,,,,,,,,,,,,,,,,,,,,,,,,,,,,,,,,,,
280,2000,278,283,276;303,2,38,38,40,40,28,28,30,30,35,35,38,38,106,106,1010,1010,1173,1173,1121,1121,1069,1069,1008,1008,921,921,970,970,952,952,997,997,1020,1020,1069,1069,975,975,299,299,192,192,130,130,94,94,48,48,,,,,,,,,,,,,,,,,,,,,,,,,,,,,,,,,,,,,,,,,,,,,,,,
2800,1600,3105,3097,,0,0,0,0,0,0,0,0,0,0,0,0,0,1,1,3,3,4,4,3,3,3,3,3,3,3,3,3,3,3,3,3,3,3,3,3,3,3,3,1,1,1,1,1,1,0,0,0,0,,,,,,,,,,,,,,,,,,,,,,,,,,,,,,,,,,,,,,,,,,,,,,,,
2801,2000,2796,2817,2792;2812,2,19,19,20,20,14,14,15,15,18,18,19,19,53,53,1078,1078,1203,1203,1181,1181,1122,1122,1078,1078,992,992,1038,1038,1013,1013,1096,1096,1113,1113,1161,1161,1062,1062,150,150,96,96,65,65,47,47,24,24,,,,,,,,,,,,,,,,,,,,,,,,,,,,,,,,,,,,,,,,,,,,,,,,
2802,2000,3143,2771,,0,19,19,20,20,14,14,15,15,18,18,19,19,53,53,1078,1078,1203,1203,1181,1181,1122,1122,1078,1078,992,992,1038,1038,1013,1013,1096,1096,1113,1113,1161,1161,1062,1062,150,150,96,96,65,65,47,47,24,24,,,,,,,,,,,,,,,,,,,,,,,,,,,,,,,,,,,,,,,,,,,,,,,,
2803,300,3115,,,0,0,0,0,0,0,0,0,0,0,0,0,0,0,0,5,5,5,5,5,5,5,5,5,5,4,4,5,5,4,4,5,5,5,5,5,5,5,5,1,1,1,1,0,0,0,0,0,0,,,,,,,,,,,,,,,,,,,,,,,,,,,,,,,,,,,,,,,,,,,,,,,,
2804,1600,2794,3081,,0,0,0,0,0,0,0,0,0,0,0,0,0,0,0,2,2,2,2,2,2,2,2,2,2,1,1,2,2,2,2,2,2,2,2,2,2,2,2,1,1,1,1,0,0,0,0,0,0,,,,,,,,,,,,,,,,,,,,,,,,,,,,,,,,,,,,,,,,,,,,,,,,
2805,2000,2795,2808,,0,19,19,20,20,14,14,15,15,18,18,19,19,53,53,1078,1078,1203,1203,1181,1181,1122,1122,1078,1078,992,992,1038,1038,1013,1013,1096,1096,1113,1113,1161,1161,1062,1062,150,150,96,96,65,65,47,47,24,24,,,,,,,,,,,,,,,,,,,,,,,,,,,,,,,,,,,,,,,,,,,,,,,,
2806,1500,3099,3103,,0,67,67,70,70,49,49,53,53,62,62,67,67,186,186,910,910,1134,1134,1023,1023,977,977,900,900,812,812,861,861,864,864,851,851,886,886,939,939,854,854,524,524,336,336,227,227,165,165,84,84,,,,,,,,,,,,,,,,,,,,,,,,,,,,,,,,,,,,,,,,,,,,,,,,
2807,1600,3117,2769,,0,0,0,0,0,0,0,0,0,0,0,0,0,0,0,3,3,3,3,3,3,3,3,3,3,2,2,3,3,3,3,3,3,3,3,3,3,3,3,1,1,0,0,0,0,0,0,0,0,,,,,,,,,,,,,,,,,,,,,,,,,,,,,,,,,,,,,,,,,,,,,,,,
2808,2500,3124,2797,2805;3114,2,19,19,20,20,14,14,15,15,18,18,19,19,53,53,1078,1078,1203,1203,1181,1181,1122,1122,1078,1078,992,992,1038,1038,1013,1013,1096,1096,1113,1113,1161,1161,1062,1062,150,150,96,96,65,65,47,47,24,24,,,,,,,,,,,,,,,,,,,,,,,,,,,,,,,,,,,,,,,,,,,,,,,,
2809,1200,13805,2815,3142;2899,2,0,0,0,0,0,0,0,0,0,0,0,0,0,0,5,5,6,6,5,5,5,5,5,5,4,4,5,5,5,5,5,5,5,5,5,5,5,5,1,1,1,1,0,0,0,0,0,0,,,,,,,,,,,,,,,,,,,,,,,,,,,,,,,,,,,,,,,,,,,,,,,,
281,3000,274,519,523;288,2,54,54,56,56,39,39,42,42,50,50,54,54,149,149,956,956,1147,1147,1075,1075,1033,1033,954,954,866,866,918,918,901,901,917,917,943,943,993,993,901,901,419,419,269,269,182,182,132,132,67,67,,,,,,,,,,,,,,,,,,,,,,,,,,,,,,,,,,,,,,,,,,,,,,,,
2810,4400,2757,3101,,0,0,0,0,0,0,0,0,0,0,0,0,0,0,0,1138,1138,1201,1201,1284,1284,1257,1257,1168,1168,1084,1084,1145,1145,1051,1051,1179,1179,1173,1173,1211,1211,1091,1091,0,0,0,0,0,0,0,0,0,0,,,,,,,,,,,,,,,,,,,,,,,,,,,,,,,,,,,,,,,,,,,,,,,,
2811,300,3083,,,0,0,0,0,0,0,0,0,0,0,0,0,0,1,1,3,3,4,4,3,3,3,3,3,3,3,3,3,3,3,3,3,3,3,3,3,3,3,3,1,1,1,1,1,1,0,0,0,0,,,,,,,,,,,,,,,,,,,,,,,,,,,,,,,,,,,,,,,,,,,,,,,,
2812,1200,2801,2819,,0,0,0,0,0,0,0,0,0,0,0,0,0,0,0,6,6,6,6,6,6,6,6,6,6,5,5,5,5,5,5,6,6,6,6,6,6,6,6,1,1,1,1,1,1,0,0,0,0,,,,,,,,,,,,,,,,,,,,,,,,,,,,,,,,,,,,,,,,,,,,,,,,
2813,3000,3092,2791,,0,57,57,59,59,41,41,45,45,52,52,57,57,158,158,972,972,1165,1165,1080,1080,1042,1042,958,958,879,879,914,914,920,920,926,926,950,950,1007,1007,926,926,462,462,294,294,197,197,143,143,74,74,,,,,,,,,,,,,,,,,,,,,,,,,,,,,,,,,,,,,,,,,,,,,,,,
2814,1600,2783,2830,,0,0,0,0,0,0,0,0,0,0,0,0,0,0,0,3,3,3,3,3,3,3,3,3,3,3,3,3,3,3,3,3,3,3,3,3,3,3,3,1,1,0,0,0,0,0,0,0,0,,,,,,,,,,,,,,,,,,,,,,,,,,,,,,,,,,,,,,,,,,,,,,,,
2815,1200,2819,2809,,0,0,0,0,0,0,0,0,0,0,0,0,0,0,0,4,4,4,4,4,4,4,4,4,4,3,3,3,3,3,3,4,4,4,4,4,4,3,3,1,1,0,0,0,0,0,0,0,0,,,,,,,,,,,,,,,,,,,,,,,,,,,,,,,,,,,,,,,,,,,,,,,,
2816,2000,2826,2794,,0,57,57,59,59,41,41,45,45,52,52,57,57,158,158,972,972,1165,1165,1080,1080,1042,1042,958,958,879,879,914,914,920,920,926,926,950,950,1007,1007,926,926,462,462,294,294,197,197,143,143,74,74,,,,,,,,,,,,,,,,,,,,,,,,,,,,,,,,,,,,,,,,,,,,,,,,
2817,2000,2801,3133,,0,19,19,20,20,14,14,15,15,18,18,19,19,53,53,1078,1078,1203,1203,1181,1181,1122,1122,1078,1078,992,992,1038,1038,1013,1013,1096,1096,1113,1113,1161,1161,1062,1062,150,150,96,96,65,65,47,47,24,24,,,,,,,,,,,,,,,,,,,,,,,,,,,,,,,,,,,,,,,,,,,,,,,,
2818,4000,2823,3098,3100;2836,2,57,57,59,59,41,41,45,45,52,52,57,57,158,158,972,972,1165,1165,1080,1080,1042,1042,958,958,879,879,914,914,920,920,926,926,950,950,1007,1007,926,926,462,462,294,294,197,197,143,143,74,74,,,,,,,,,,,,,,,,,,,,,,,,,,,,,,,,,,,,,,,,,,,,,,,,
2819,1600,2835,2815,2812;2833,2,0,0,0,0,0,0,0,0,0,0,0,0,0,0,4,4,4,4,4,4,4,4,4,4,3,3,3,3,3,3,4,4,4,4,4,4,4,4,1,1,0,0,0,0,0,0,0,0,,,,,,,,,,,,,,,,,,,,,,,,,,,,,,,,,,,,,,,,,,,,,,,,
282,2000,267,514,,0,54,54,56,56,39,39,42,42,50,50,54,54,149,149,956,956,1147,1147,1075,1075,1033,1033,954,954,866,866,918,918,901,901,917,917,943,943,993,993,901,901,419,419,269,269,182,182,132,132,67,67,,,,,,,,,,,,,,,,,,,,,,,,,,,,,,,,,,,,,,,,,,,,,,,,
2820,1600,3095,3093,,0,0,0,0,0,0,0,0,0,0,0,0,0,1,1,4,4,4,4,4,4,4,4,3,3,3,3,3,3,3,3,3,3,3,3,4,4,3,3,2,2,1,1,1,1,1,1,0,0,,,,,,,,,,,,,,,,,,,,,,,,,,,,,,,,,,,,,,,,,,,,,,,,
2821,1200,3089,2828,,0,0,0,0,0,0,0,0,0,0,0,0,0,1,1,3,3,4,4,4,4,4,4,3,3,3,3,3,3,3,3,3,3,3,3,4,4,3,3,2,2,1,1,1,1,1,1,0,0,,,,,,,,,,,,,,,,,,,,,,,,,,,,,,,,,,,,,,,,,,,,,,,,
2822,2500,2830,3119,,0,19,19,20,20,14,14,15,15,18,18,19,19,53,53,1078,1078,1203,1203,1181,1181,1122,1122,1078,1078,992,992,1038,1038,1013,1013,1096,1096,1113,1113,1161,1161,1062,1062,150,150,96,96,65,65,47,47,24,24,,,,,,,,,,,,,,,,,,,,,,,,,,,,,,,,,,,,,,,,,,,,,,,,
2823,3000,2826,2818,,0,57,57,59,59,41,41,45,45,52,52,57,57,158,158,972,972,1165,1165,1080,1080,1042,1042,958,958,879,879,914,914,920,920,926,926,950,950,1007,1007,926,926,462,462,294,294,197,197,143,143,74,74,,,,,,,,,,,,,,,,,,,,,,,,,,,,,,,,,,,,,,,,,,,,,,,,
2824,1200,3095,3127,,0,0,0,0,0,0,0,0,0,0,0,0,0,0,0,3,3,3,3,3,3,3,3,3,3,3,3,3,3,3,3,3,3,3,3,3,3,3,3,1,1,1,1,1,1,0,0,0,0,,,,,,,,,,,,,,,,,,,,,,,,,,,,,,,,,,,,,,,,,,,,,,,,
2825,1600,3061,3083,,0,0,0,0,0,0,0,0,0,0,0,0,0,1,1,4,4,5,5,5,5,4,4,4,4,4,4,4,4,4,4,4,4,4,4,4,4,4,4,2,2,1,1,1,1,1,1,0,0,,,,,,,,,,,,,,,,,,,,,,,,,,,,,,,,,,,,,,,,,,,,,,,,
2826,2000,2876,2816,2823;2840,2,57,57,59,59,41,41,45,45,52,52,57,57,158,158,972,972,1165,1165,1080,1080,1042,1042,958,958,879,879,914,914,920,920,926,926,950,950,1007,1007,926,926,462,462,294,294,197,197,143,143,74,74,,,,,,,,,,,,,,,,,,,,,,,,,,,,,,,,,,,,,,,,,,,,,,,,
2827,1000,2830,,,0,57,57,59,59,41,41,45,45,52,52,57,57,158,158,972,972,1165,1165,1080,1080,1042,1042,958,958,879,879,914,914,920,920,926,926,950,950,1007,1007,926,926,462,462,294,294,197,197,143,143,74,74,,,,,,,,,,,,,,,,,,,,,,,,,,,,,,,,,,,,,,,,,,,,,,,,
2828,1600,3094,2838,2821;2845,2,0,0,0,0,0,0,0,0,0,0,0,0,1,1,4,4,5,5,5,5,5,5,4,4,4,4,4,4,4,4,4,4,4,4,4,4,4,4,2,2,1,1,1,1,1,1,0,0,,,,,,,,,,,,,,,,,,,,,,,,,,,,,,,,,,,,,,,,,,,,,,,,
2829,2500,3127,2843,,0,57,57,59,59,41,41,45,45,52,52,57,57,158,158,972,972,1165,1165,1080,1080,1042,1042,958,958,879,879,914,914,920,920,926,926,950,950,1007,1007,926,926,462,462,294,294,197,197,143,143,74,74,,,,,,,,,,,,,,,,,,,,,,,,,,,,,,,,,,,,,,,,,,,,,,,,
283,1600,280,538,,0,0,0,0,0,0,0,0,0,0,0,0,0,1,1,4,4,5,5,5,5,5,5,4,4,4,4,4,4,4,4,4,4,4,4,5,5,4,4,1,1,1,1,1,1,0,0,0,0,,,,,,,,,,,,,,,,,,,,,,,,,,,,,,,,,,,,,,,,,,,,,,,,
2830,4000,2822,2832,2814;2827;3120,3,0,0,0,0,0,0,0,0,0,0,0,0,0,0,1138,1138,1201,1201,1284,1284,1257,1257,1168,1168,1084,1084,1145,1145,1051,1051,1179,1179,1173,1173,1211,1211,1091,1091,0,0,0,0,0,0,0,0,0,0,,,,,,,,,,,,,,,,,,,,,,,,,,,,,,,,,,,,,,,,,,,,,,,,
2831,4400,2763,3077,,0,0,0,0,0,0,0,0,0,0,0,0,0,0,0,1156,1156,1275,1275,1184,1184,1063,1063,1121,1121,1033,1033,1056,1056,1105,1105,1218,1218,1250,1250,1308,1308,1226,1226,0,0,0,0,0,0,0,0,0,0,,,,,,,,,,,,,,,,,,,,,,,,,,,,,,,,,,,,,,,,,,,,,,,,
2832,1500,2834,2830,,0,67,67,70,70,49,49,53,53,62,62,67,67,186,186,910,910,1134,1134,1023,1023,977,977,900,900,812,812,861,861,864,864,851,851,886,886,939,939,854,854,524,524,336,336,227,227,165,165,84,84,,,,,,,,,,,,,,,,,,,,,,,,,,,,,,,,,,,,,,,,,,,,,,,,
2833,1200,2841,2819,,0,0,0,0,0,0,0,0,0,0,0,0,0,0,0,6,6,6,6,6,6,6,6,6,6,5,5,5,5,5,5,6,6,6,6,6,6,6,6,1,1,1,1,1,1,0,0,0,0,,,,,,,,,,,,,,,,,,,,,,,,,,,,,,,,,,,,,,,,,,,,,,,,
2834,1200,2843,2832,,0,0,0,0,0,0,0,0,0,0,0,0,0,1,1,5,5,6,6,6,6,6,6,5,5,5,5,5,5,5,5,5,5,5,5,5,5,5,5,3,3,2,2,1,1,1,1,0,0,,,,,,,,,,,,,,,,,,,,,,,,,,,,,,,,,,,,,,,,,,,,,,,,
2835,1600,2819,3131,,0,0,0,0,0,0,0,0,0,0,0,0,0,0,0,4,4,4,4,4,4,4,4,4,4,3,3,4,4,4,4,4,4,4,4,4,4,4,4,1,1,1,1,0,0,0,0,0,0,,,,,,,,,,,,,,,,,,,,,,,,,,,,,,,,,,,,,,,,,,,,,,,,
2836,3000,2818,2844,,0,57,57,59,59,41,41,45,45,52,52,57,57,158,158,972,972,1165,1165,1080,1080,1042,1042,958,958,879,879,914,914,920,920,926,926,950,950,1007,1007,926,926,462,462,294,294,197,197,143,143,74,74,,,,,,,,,,,,,,,,,,,,,,,,,,,,,,,,,,,,,,,,,,,,,,,,
2837,2500,2841,3141,,0,19,19,20,20,14,14,15,15,18,18,19,19,53,53,1078,1078,1203,1203,1181,1181,1122,1122,1078,1078,992,992,1038,1038,1013,1013,1096,1096,1113,1113,1161,1161,1062,1062,150,150,96,96,65,65,47,47,24,24,,,,,,,,,,,,,,,,,,,,,,,,,,,,,,,,,,,,,,,,,,,,,,,,
2838,1200,2828,2844,,0,0,0,0,0,0,0,0,0,0,0,0,0,0,0,2,2,3,3,2,2,2,2,2,2,2,2,2,2,2,2,2,2,2,2,2,2,2,2,1,1,1,1,0,0,0,0,0,0,,,,,,,,,,,,,,,,,,,,,,,,,,,,,,,,,,,,,,,,,,,,,,,,
2839,2000,3119,2847,,0,19,19,20,20,14,14,15,15,18,18,19,19,53,53,1078,1078,1203,1203,1181,1181,1122,1122,1078,1078,992,992,1038,1038,1013,1013,1096,1096,1113,1113,1161,1161,1062,1062,150,150,96,96,65,65,47,47,24,24,,,,,,,,,,,,,,,,,,,,,,,,,,,,,,,,,,,,,,,,,,,,,,,,
284,1200,558,556,,0,0,0,0,0,0,0,0,0,0,0,0,0,0,0,2,2,3,3,3,3,2,2,2,2,2,2,2,2,2,2,2,2,2,2,2,2,2,2,1,1,0,0,0,0,0,0,0,0,,,,,,,,,,,,,,,,,,,,,,,,,,,,,,,,,,,,,,,,,,,,,,,,
2840,3000,2826,3063,,0,57,57,59,59,41,41,45,45,52,52,57,57,158,158,972,972,1165,1165,1080,1080,1042,1042,958,958,879,879,914,914,920,920,926,926,950,950,1007,1007,926,926,462,462,294,294,197,197,143,143,74,74,,,,,,,,,,,,,,,,,,,,,,,,,,,,,,,,,,,,,,,,,,,,,,,,
2841,2500,2837,2856,2833;2858,2,19,19,20,20,14,14,15,15,18,18,19,19,53,53,1078,1078,1203,1203,1181,1181,1122,1122,1078,1078,992,992,1038,1038,1013,1013,1096,1096,1113,1113,1161,1161,1062,1062,150,150,96,96,65,65,47,47,24,24,,,,,,,,,,,,,,,,,,,,,,,,,,,,,,,,,,,,,,,,,,,,,,,,
2842,1600,2847,3125,,0,53,53,55,55,38,38,42,42,48,48,53,53,146,146,715,715,891,891,804,804,768,768,707,707,638,638,676,676,679,679,669,669,696,696,738,738,671,671,411,411,264,264,178,178,130,130,66,66,,,,,,,,,,,,,,,,,,,,,,,,,,,,,,,,,,,,,,,,,,,,,,,,
2843,2500,2850,2834,2829;3110,2,57,57,59,59,41,41,45,45,52,52,57,57,158,158,972,972,1165,1165,1080,1080,1042,1042,958,958,879,879,914,914,920,920,926,926,950,950,1007,1007,926,926,462,462,294,294,197,197,143,143,74,74,,,,,,,,,,,,,,,,,,,,,,,,,,,,,,,,,,,,,,,,,,,,,,,,
2844,1600,2838,2853,2836;2860,2,0,0,0,0,0,0,0,0,0,0,0,0,1,1,5,5,6,6,5,5,5,5,5,5,4,4,4,4,4,4,4,4,5,5,5,5,4,4,2,2,1,1,1,1,1,1,0,0,,,,,,,,,,,,,,,,,,,,,,,,,,,,,,,,,,,,,,,,,,,,,,,,
2845,1500,2828,2851,,0,57,57,59,59,41,41,45,45,52,52,57,57,158,158,972,972,1165,1165,1080,1080,1042,1042,958,958,879,879,914,914,920,920,926,926,950,950,1007,1007,926,926,462,462,294,294,197,197,143,143,74,74,,,,,,,,,,,,,,,,,,,,,,,,,,,,,,,,,,,,,,,,,,,,,,,,
2846,4400,2848,3058,3076;3056,2,57,57,59,59,41,41,45,45,52,52,57,57,158,158,972,972,1165,1165,1080,1080,1042,1042,958,958,879,879,914,914,920,920,926,926,950,950,1007,1007,926,926,462,462,294,294,197,197,143,143,74,74,,,,,,,,,,,,,,,,,,,,,,,,,,,,,,,,,,,,,,,,,,,,,,,,
2847,2000,2842,2852,2839;2863,2,19,19,20,20,14,14,15,15,18,18,19,19,53,53,1078,1078,1203,1203,1181,1181,1122,1122,1078,1078,992,992,1038,1038,1013,1013,1096,1096,1113,1113,1161,1161,1062,1062,150,150,96,96,65,65,47,47,24,24,,,,,,,,,,,,,,,,,,,,,,,,,,,,,,,,,,,,,,,,,,,,,,,,
2848,3300,2846,2849,,0,57,57,59,59,41,41,45,45,52,52,57,57,158,158,972,972,1165,1165,1080,1080,1042,1042,958,958,879,879,914,914,920,920,926,926,950,950,1007,1007,926,926,462,462,294,294,197,197,143,143,74,74,,,,,,,,,,,,,,,,,,,,,,,,,,,,,,,,,,,,,,,,,,,,,,,,
2849,1600,2903,5489,2848,1,0,0,0,0,0,0,0,0,0,0,0,0,1,1,3,3,4,4,4,4,3,3,3,3,3,3,3,3,3,3,3,3,3,3,3,3,3,3,2,2,1,1,1,1,1,1,0,0,,,,,,,,,,,,,,,,,,,,,,,,,,,,,,,,,,,,,,,,,,,,,,,,
285,1500,547,,,0,54,54,56,56,39,39,42,42,50,50,54,54,149,149,956,956,1147,1147,1075,1075,1033,1033,954,954,866,866,918,918,901,901,917,917,943,943,993,993,901,901,419,419,269,269,182,182,132,132,67,67,,,,,,,,,,,,,,,,,,,,,,,,,,,,,,,,,,,,,,,,,,,,,,,,
2850,2000,2851,2843,,0,57,57,59,59,41,41,45,45,52,52,57,57,158,158,972,972,1165,1165,1080,1080,1042,1042,958,958,879,879,914,914,920,920,926,926,950,950,1007,1007,926,926,462,462,294,294,197,197,143,143,74,74,,,,,,,,,,,,,,,,,,,,,,,,,,,,,,,,,,,,,,,,,,,,,,,,
2851,2000,2845,2872,2850;2866,2,57,57,59,59,41,41,45,45,52,52,57,57,158,158,972,972,1165,1165,1080,1080,1042,1042,958,958,879,879,914,914,920,920,926,926,950,950,1007,1007,926,926,462,462,294,294,197,197,143,143,74,74,,,,,,,,,,,,,,,,,,,,,,,,,,,,,,,,,,,,,,,,,,,,,,,,
2852,2000,2847,3121,,0,19,19,20,20,14,14,15,15,18,18,19,19,53,53,1078,1078,1203,1203,1181,1181,1122,1122,1078,1078,992,992,1038,1038,1013,1013,1096,1096,1113,1113,1161,1161,1062,1062,150,150,96,96,65,65,47,47,24,24,,,,,,,,,,,,,,,,,,,,,,,,,,,,,,,,,,,,,,,,,,,,,,,,
2853,1600,3071,2844,,0,53,53,55,55,38,38,42,42,48,48,53,53,146,146,715,715,891,891,804,804,768,768,707,707,638,638,676,676,679,679,669,669,696,696,738,738,671,671,411,411,264,264,178,178,130,130,66,66,,,,,,,,,,,,,,,,,,,,,,,,,,,,,,,,,,,,,,,,,,,,,,,,
2854,2000,3135,2781,,0,19,19,20,20,14,14,15,15,18,18,19,19,53,53,1078,1078,1203,1203,1181,1181,1122,1122,1078,1078,992,992,1038,1038,1013,1013,1096,1096,1113,1113,1161,1161,1062,1062,150,150,96,96,65,65,47,47,24,24,,,,,,,,,,,,,,,,,,,,,,,,,,,,,,,,,,,,,,,,,,,,,,,,
2855,2500,2861,3059,,0,57,57,59,59,41,41,45,45,52,52,57,57,158,158,972,972,1165,1165,1080,1080,1042,1042,958,958,879,879,914,914,920,920,926,926,950,950,1007,1007,926,926,462,462,294,294,197,197,143,143,74,74,,,,,,,,,,,,,,,,,,,,,,,,,,,,,,,,,,,,,,,,,,,,,,,,
2856,2000,2841,2859,,0,67,67,70,70,49,49,53,53,62,62,67,67,186,186,910,910,1134,1134,1023,1023,977,977,900,900,812,812,861,861,864,864,851,851,886,886,939,939,854,854,524,524,336,336,227,227,165,165,84,84,,,,,,,,,,,,,,,,,,,,,,,,,,,,,,,,,,,,,,,,,,,,,,,,
2857,1500,3057,2861,,0,57,57,59,59,41,41,45,45,52,52,57,57,158,158,972,972,1165,1165,1080,1080,1042,1042,958,958,879,879,914,914,920,920,926,926,950,950,1007,1007,926,926,462,462,294,294,197,197,143,143,74,74,,,,,,,,,,,,,,,,,,,,,,,,,,,,,,,,,,,,,,,,,,,,,,,,
2858,1600,2865,2841,,0,0,0,0,0,0,0,0,0,0,0,0,0,1,1,7,7,8,8,8,8,8,8,7,7,7,7,7,7,7,7,7,7,8,8,8,8,7,7,2,2,1,1,1,1,0,0,0,0,,,,,,,,,,,,,,,,,,,,,,,,,,,,,,,,,,,,,,,,,,,,,,,,
2859,2500,2869,2856,3130;3128,2,0,0,0,0,0,0,0,0,0,0,0,0,0,0,1147,1147,1238,1238,1234,1234,1160,1160,1144,1144,1058,1058,1100,1100,1078,1078,1198,1198,1212,1212,1260,1260,1158,1158,0,0,0,0,0,0,0,0,0,0,,,,,,,,,,,,,,,,,,,,,,,,,,,,,,,,,,,,,,,,,,,,,,,,
286,1500,535,543,,0,54,54,56,56,39,39,42,42,50,50,54,54,149,149,956,956,1147,1147,1075,1075,1033,1033,954,954,866,866,918,918,901,901,917,917,943,943,993,993,901,901,419,419,269,269,182,182,132,132,67,67,,,,,,,,,,,,,,,,,,,,,,,,,,,,,,,,,,,,,,,,,,,,,,,,
2860,3000,2871,2844,,0,0,0,0,0,0,0,0,0,0,0,0,0,0,0,1138,1138,1201,1201,1284,1284,1257,1257,1168,1168,1084,1084,1145,1145,1051,1051,1179,1179,1173,1173,1211,1211,1091,1091,0,0,0,0,0,0,0,0,0,0,,,,,,,,,,,,,,,,,,,,,,,,,,,,,,,,,,,,,,,,,,,,,,,,
2861,800,2882,2857,2855;3064,2,0,0,0,0,0,0,0,0,0,0,0,0,0,0,3,3,3,3,3,3,3,3,3,3,2,2,2,2,2,2,2,2,3,3,3,3,3,3,1,1,1,1,0,0,0,0,0,0,,,,,,,,,,,,,,,,,,,,,,,,,,,,,,,,,,,,,,,,,,,,,,,,
2862,1600,2865,3139,,0,0,0,0,0,0,0,0,0,0,0,0,0,1,1,7,7,8,8,8,8,8,8,7,7,7,7,7,7,7,7,7,7,8,8,8,8,7,7,2,2,1,1,1,1,0,0,0,0,,,,,,,,,,,,,,,,,,,,,,,,,,,,,,,,,,,,,,,,,,,,,,,,
2863,1200,2870,2847,,0,0,0,0,0,0,0,0,0,0,0,0,0,1,1,7,7,8,8,8,8,8,8,7,7,7,7,7,7,7,7,7,7,8,8,8,8,7,7,2,2,1,1,1,1,0,0,0,0,,,,,,,,,,,,,,,,,,,,,,,,,,,,,,,,,,,,,,,,,,,,,,,,
2864,1200,3063,3065,,0,0,0,0,0,0,0,0,0,0,0,0,0,1,1,6,6,7,7,7,7,7,7,6,6,6,6,6,6,6,6,6,6,6,6,6,6,6,6,3,3,2,2,1,1,1,1,0,0,,,,,,,,,,,,,,,,,,,,,,,,,,,,,,,,,,,,,,,,,,,,,,,,
2865,2000,2862,2879,2858;2881,2,0,0,0,0,0,0,0,0,0,0,0,0,0,0,1147,1147,1238,1238,1234,1234,1160,1160,1144,1144,1058,1058,1100,1100,1078,1078,1198,1198,1212,1212,1260,1260,1158,1158,0,0,0,0,0,0,0,0,0,0,,,,,,,,,,,,,,,,,,,,,,,,,,,,,,,,,,,,,,,,,,,,,,,,
2866,2500,2851,2871,,0,67,67,70,70,49,49,53,53,62,62,67,67,186,186,910,910,1134,1134,1023,1023,977,977,900,900,812,812,861,861,864,864,851,851,886,886,939,939,854,854,524,524,336,336,227,227,165,165,84,84,,,,,,,,,,,,,,,,,,,,,,,,,,,,,,,,,,,,,,,,,,,,,,,,
2867,1200,3137,2870,,0,53,53,55,55,38,38,42,42,48,48,53,53,146,146,715,715,891,891,804,804,768,768,707,707,638,638,676,676,679,679,669,669,696,696,738,738,671,671,411,411,264,264,178,178,130,130,66,66,,,,,,,,,,,,,,,,,,,,,,,,,,,,,,,,,,,,,,,,,,,,,,,,
2868,4400,2875,2795,,0,0,0,0,0,0,0,0,0,0,0,0,0,0,0,1156,1156,1275,1275,1184,1184,1063,1063,1121,1121,1033,1033,1056,1056,1105,1105,1218,1218,1250,1250,1308,1308,1226,1226,0,0,0,0,0,0,0,0,0,0,,,,,,,,,,,,,,,,,,,,,,,,,,,,,,,,,,,,,,,,,,,,,,,,
2869,2000,2859,2875,,0,0,0,0,0,0,0,0,0,0,0,0,0,0,0,1147,1147,1238,1238,1234,1234,1160,1160,1144,1144,1058,1058,1100,1100,1078,1078,1198,1198,1212,1212,1260,1260,1158,1158,0,0,0,0,0,0,0,0,0,0,,,,,,,,,,,,,,,,,,,,,,,,,,,,,,,,,,,,,,,,,,,,,,,,
287,2500,271,292,,0,54,54,56,56,39,39,42,42,50,50,54,54,149,149,956,956,1147,1147,1075,1075,1033,1033,954,954,866,866,918,918,901,901,917,917,943,943,993,993,901,901,419,419,269,269,182,182,132,132,67,67,,,,,,,,,,,,,,,,,,,,,,,,,,,,,,,,,,,,,,,,,,,,,,,,
2870,1600,2878,2867,2863;2885,2,0,0,0,0,0,0,0,0,0,0,0,0,0,0,2,2,3,3,2,2,2,2,2,2,2,2,2,2,2,2,2,2,2,2,2,2,2,2,1,1,0,0,0,0,0,0,0,0,,,,,,,,,,,,,,,,,,,,,,,,,,,,,,,,,,,,,,,,,,,,,,,,
2871,3000,2887,2866,2860;2884,2,44,44,45,45,32,32,34,34,40,40,43,43,121,121,1080,1080,1242,1242,1144,1144,1098,1098,1038,1038,976,976,968,968,1029,1029,1055,1055,1070,1070,1140,1140,1082,1082,396,396,247,247,161,161,118,118,64,64,,,,,,,,,,,,,,,,,,,,,,,,,,,,,,,,,,,,,,,,,,,,,,,,
2872,2000,2851,3113,,0,57,57,59,59,41,41,45,45,52,52,57,57,158,158,972,972,1165,1165,1080,1080,1042,1042,958,958,879,879,914,914,920,920,926,926,950,950,1007,1007,926,926,462,462,294,294,197,197,143,143,74,74,,,,,,,,,,,,,,,,,,,,,,,,,,,,,,,,,,,,,,,,,,,,,,,,
2873,800,3068,3065,,0,0,0,0,0,0,0,0,0,0,0,0,0,0,0,3,3,3,3,3,3,3,3,3,3,3,3,3,3,3,3,3,3,3,3,3,3,3,3,1,1,1,1,1,1,0,0,0,0,,,,,,,,,,,,,,,,,,,,,,,,,,,,,,,,,,,,,,,,,,,,,,,,
2874,800,3137,2880,,0,0,0,0,0,0,0,0,0,0,0,0,0,0,0,3,3,4,4,4,4,4,4,3,3,3,3,3,3,3,3,3,3,3,3,4,4,3,3,1,1,1,1,0,0,0,0,0,0,,,,,,,,,,,,,,,,,,,,,,,,,,,,,,,,,,,,,,,,,,,,,,,,
2875,2500,2869,2877,2868;2913,2,0,0,0,0,0,0,0,0,0,0,0,0,0,0,1147,1147,1238,1238,1234,1234,1160,1160,1144,1144,1058,1058,1100,1100,1078,1078,1198,1198,1212,1212,1260,1260,1158,1158,0,0,0,0,0,0,0,0,0,0,,,,,,,,,,,,,,,,,,,,,,,,,,,,,,,,,,,,,,,,,,,,,,,,
2876,1500,2826,3071,,0,57,57,59,59,41,41,45,45,52,52,57,57,158,158,972,972,1165,1165,1080,1080,1042,1042,958,958,879,879,914,914,920,920,926,926,950,950,1007,1007,926,926,462,462,294,294,197,197,143,143,74,74,,,,,,,,,,,,,,,,,,,,,,,,,,,,,,,,,,,,,,,,,,,,,,,,
2877,2000,2880,2875,,0,0,0,0,0,0,0,0,0,0,0,0,0,0,0,1147,1147,1238,1238,1234,1234,1160,1160,1144,1144,1058,1058,1100,1100,1078,1078,1198,1198,1212,1212,1260,1260,1158,1158,0,0,0,0,0,0,0,0,0,0,,,,,,,,,,,,,,,,,,,,,,,,,,,,,,,,,,,,,,,,,,,,,,,,
2878,1200,2870,3123,,0,0,0,0,0,0,0,0,0,0,0,0,0,0,0,1,1,1,1,1,1,1,1,1,1,1,1,1,1,1,1,1,1,1,1,1,1,1,1,0,0,0,0,0,0,0,0,0,0,,,,,,,,,,,,,,,,,,,,,,,,,,,,,,,,,,,,,,,,,,,,,,,,
2879,2000,2865,3129,,0,0,0,0,0,0,0,0,0,0,0,0,0,0,0,1147,1147,1238,1238,1234,1234,1160,1160,1144,1144,1058,1058,1100,1100,1078,1078,1198,1198,1212,1212,1260,1260,1158,1158,0,0,0,0,0,0,0,0,0,0,,,,,,,,,,,,,,,,,,,,,,,,,,,,,,,,,,,,,,,,,,,,,,,,
288,3500,516,281,,0,54,54,56,56,39,39,42,42,50,50,54,54,149,149,956,956,1147,1147,1075,1075,1033,1033,954,954,866,866,918,918,901,901,917,917,943,943,993,993,901,901,419,419,269,269,182,182,132,132,67,67,,,,,,,,,,,,,,,,,,,,,,,,,,,,,,,,,,,,,,,,,,,,,,,,
2880,2500,2877,2889,2874;2923,2,0,0,0,0,0,0,0,0,0,0,0,0,0,0,1147,1147,1238,1238,1234,1234,1160,1160,1144,1144,1058,1058,1100,1100,1078,1078,1198,1198,1212,1212,1260,1260,1158,1158,0,0,0,0,0,0,0,0,0,0,,,,,,,,,,,,,,,,,,,,,,,,,,,,,,,,,,,,,,,,,,,,,,,,
2881,1600,2886,2865,,0,0,0,0,0,0,0,0,0,0,0,0,0,0,0,4,4,4,4,4,4,4,4,4,4,3,3,4,4,4,4,4,4,4,4,4,4,4,4,1,1,1,1,0,0,0,0,0,0,,,,,,,,,,,,,,,,,,,,,,,,,,,,,,,,,,,,,,,,,,,,,,,,
2882,2500,2890,2861,,0,44,44,45,45,32,32,34,34,40,40,43,43,121,121,1080,1080,1242,1242,1144,1144,1098,1098,1038,1038,976,976,968,968,1029,1029,1055,1055,1070,1070,1140,1140,1082,1082,396,396,247,247,161,161,118,118,64,64,,,,,,,,,,,,,,,,,,,,,,,,,,,,,,,,,,,,,,,,,,,,,,,,
2883,1200,2886,13886,,0,0,0,0,0,0,0,0,0,0,0,0,0,0,0,3,3,4,4,4,4,4,4,3,3,3,3,3,3,3,3,3,3,3,3,4,4,3,3,1,1,1,1,0,0,0,0,0,0,,,,,,,,,,,,,,,,,,,,,,,,,,,,,,,,,,,,,,,,,,,,,,,,
2884,3000,2891,2871,,0,44,44,45,45,32,32,34,34,40,40,43,43,121,121,1080,1080,1242,1242,1144,1144,1098,1098,1038,1038,976,976,968,968,1029,1029,1055,1055,1070,1070,1140,1140,1082,1082,396,396,247,247,161,161,118,118,64,64,,,,,,,,,,,,,,,,,,,,,,,,,,,,,,,,,,,,,,,,,,,,,,,,
2885,1200,2892,2870,,0,0,0,0,0,0,0,0,0,0,0,0,0,0,0,4,4,5,5,5,5,4,4,4,4,4,4,4,4,4,4,4,4,4,4,4,4,4,4,1,1,1,1,1,1,0,0,0,0,,,,,,,,,,,,,,,,,,,,,,,,,,,,,,,,,,,,,,,,,,,,,,,,
2886,1600,2897,2883,2881;2905,2,0,0,0,0,0,0,0,0,0,0,0,0,0,0,4,4,4,4,4,4,4,4,4,4,3,3,4,4,4,4,4,4,4,4,4,4,4,4,1,1,1,1,0,0,0,0,0,0,,,,,,,,,,,,,,,,,,,,,,,,,,,,,,,,,,,,,,,,,,,,,,,,
2887,2000,3067,2871,,0,44,44,45,45,32,32,34,34,40,40,43,43,121,121,1080,1080,1242,1242,1144,1144,1098,1098,1038,1038,976,976,968,968,1029,1029,1055,1055,1070,1070,1140,1140,1082,1082,396,396,247,247,161,161,118,118,64,64,,,,,,,,,,,,,,,,,,,,,,,,,,,,,,,,,,,,,,,,,,,,,,,,
2888,1200,2891,3113,,0,0,0,0,0,0,0,0,0,0,0,0,0,0,0,1,1,1,1,1,1,1,1,1,1,1,1,1,1,1,1,1,1,1,1,1,1,1,1,0,0,0,0,0,0,0,0,0,0,,,,,,,,,,,,,,,,,,,,,,,,,,,,,,,,,,,,,,,,,,,,,,,,
2889,2000,2880,2892,,0,0,0,0,0,0,0,0,0,0,0,0,0,0,0,1147,1147,1238,1238,1234,1234,1160,1160,1144,1144,1058,1058,1100,1100,1078,1078,1198,1198,1212,1212,1260,1260,1158,1158,0,0,0,0,0,0,0,0,0,0,,,,,,,,,,,,,,,,,,,,,,,,,,,,,,,,,,,,,,,,,,,,,,,,
289,2000,261,560,,0,38,38,40,40,28,28,30,30,35,35,38,38,106,106,1010,1010,1173,1173,1121,1121,1069,1069,1008,1008,921,921,970,970,952,952,997,997,1020,1020,1069,1069,975,975,299,299,192,192,130,130,94,94,48,48,,,,,,,,,,,,,,,,,,,,,,,,,,,,,,,,,,,,,,,,,,,,,,,,
2890,2500,3291,2882,3066;2895,2,44,44,45,45,32,32,34,34,40,40,43,43,121,121,1080,1080,1242,1242,1144,1144,1098,1098,1038,1038,976,976,968,968,1029,1029,1055,1055,1070,1070,1140,1140,1082,1082,396,396,247,247,161,161,118,118,64,64,,,,,,,,,,,,,,,,,,,,,,,,,,,,,,,,,,,,,,,,,,,,,,,,
2891,1600,2901,2888,2884;2966,2,0,0,0,0,0,0,0,0,0,0,0,0,0,0,3,3,4,4,4,4,3,3,3,3,3,3,3,3,3,3,3,3,3,3,3,3,3,3,1,1,1,1,1,1,0,0,0,0,,,,,,,,,,,,,,,,,,,,,,,,,,,,,,,,,,,,,,,,,,,,,,,,
2892,2500,2889,2900,2885;2904,2,0,0,0,0,0,0,0,0,0,0,0,0,0,0,1147,1147,1238,1238,1234,1234,1160,1160,1144,1144,1058,1058,1100,1100,1078,1078,1198,1198,1212,1212,1260,1260,1158,1158,0,0,0,0,0,0,0,0,0,0,,,,,,,,,,,,,,,,,,,,,,,,,,,,,,,,,,,,,,,,,,,,,,,,
2893,1200,3294,3073,,0,0,0,0,0,0,0,0,0,0,0,0,0,0,0,1,1,1,1,1,1,1,1,1,1,1,1,1,1,1,1,1,1,1,1,1,1,1,1,1,1,0,0,0,0,0,0,0,0,,,,,,,,,,,,,,,,,,,,,,,,,,,,,,,,,,,,,,,,,,,,,,,,
2894,1100,3085,3298,,0,42,42,39,39,28,28,29,29,34,34,39,39,112,112,1343,1343,1424,1424,1347,1347,1375,1375,1229,1229,1247,1247,1096,1096,1282,1282,1299,1299,1257,1257,1375,1375,1394,1394,536,536,316,316,190,190,140,140,87,87,,,,,,,,,,,,,,,,,,,,,,,,,,,,,,,,,,,,,,,,,,,,,,,,
2895,2000,2890,2902,,0,44,44,45,45,32,32,34,34,40,40,43,43,121,121,1080,1080,1242,1242,1144,1144,1098,1098,1038,1038,976,976,968,968,1029,1029,1055,1055,1070,1070,1140,1140,1082,1082,396,396,247,247,161,161,118,118,64,64,,,,,,,,,,,,,,,,,,,,,,,,,,,,,,,,,,,,,,,,,,,,,,,,
2896,4400,3057,3085,,0,44,44,45,45,32,32,34,34,40,40,43,43,121,121,1080,1080,1242,1242,1144,1144,1098,1098,1038,1038,976,976,968,968,1029,1029,1055,1055,1070,1070,1140,1140,1082,1082,396,396,247,247,161,161,118,118,64,64,,,,,,,,,,,,,,,,,,,,,,,,,,,,,,,,,,,,,,,,,,,,,,,,
2897,1600,3328,2886,,0,0,0,0,0,0,0,0,0,0,0,0,0,0,0,3,3,3,3,3,3,3,3,3,3,2,2,3,3,3,3,3,3,3,3,3,3,3,3,1,1,1,1,0,0,0,0,0,0,,,,,,,,,,,,,,,,,,,,,,,,,,,,,,,,,,,,,,,,,,,,,,,,
2898,800,6070,3294,,0,0,0,0,0,0,0,0,0,0,0,0,0,1,1,3,3,4,4,3,3,3,3,3,3,3,3,3,3,3,3,3,3,3,3,3,3,3,3,2,2,1,1,1,1,1,1,0,0,,,,,,,,,,,,,,,,,,,,,,,,,,,,,,,,,,,,,,,,,,,,,,,,
2899,2000,2809,3141,,0,19,19,20,20,14,14,15,15,18,18,19,19,53,53,1078,1078,1203,1203,1181,1181,1122,1122,1078,1078,992,992,1038,1038,1013,1013,1096,1096,1113,1113,1161,1161,1062,1062,150,150,96,96,65,65,47,47,24,24,,,,,,,,,,,,,,,,,,,,,,,,,,,,,,,,,,,,,,,,,,,,,,,,
29,3500,25,28,21;371,2,50,50,52,52,37,37,40,40,46,46,50,50,140,140,967,967,1151,1151,1088,1088,1047,1047,967,967,880,880,932,932,911,911,933,933,958,958,1007,1007,913,913,393,393,252,252,170,170,124,124,63,63,,,,,,,,,,,,,,,,,,,,,,,,,,,,,,,,,,,,,,,,,,,,,,,,
290,1600,535,,,0,0,0,0,0,0,0,0,0,0,0,0,0,0,0,3,3,4,4,3,3,3,3,3,3,3,3,3,3,3,3,3,3,3,3,3,3,3,3,1,1,1,1,1,1,0,0,0,0,,,,,,,,,,,,,,,,,,,,,,,,,,,,,,,,,,,,,,,,,,,,,,,,
2900,2000,2892,3321,,0,44,44,45,45,32,32,34,34,40,40,43,43,121,121,1080,1080,1242,1242,1144,1144,1098,1098,1038,1038,976,976,968,968,1029,1029,1055,1055,1070,1070,1140,1140,1082,1082,396,396,247,247,161,161,118,118,64,64,,,,,,,,,,,,,,,,,,,,,,,,,,,,,,,,,,,,,,,,,,,,,,,,
2901,1600,3292,2891,,0,0,0,0,0,0,0,0,0,0,0,0,0,0,0,2,2,2,2,2,2,2,2,2,2,2,2,2,2,2,2,2,2,2,2,2,2,2,2,1,1,1,1,0,0,0,0,0,0,,,,,,,,,,,,,,,,,,,,,,,,,,,,,,,,,,,,,,,,,,,,,,,,
2902,3000,2907,2895,3084;2933,2,44,44,45,45,32,32,34,34,40,40,43,43,121,121,1080,1080,1242,1242,1144,1144,1098,1098,1038,1038,976,976,968,968,1029,1029,1055,1055,1070,1070,1140,1140,1082,1082,396,396,247,247,161,161,118,118,64,64,,,,,,,,,,,,,,,,,,,,,,,,,,,,,,,,,,,,,,,,,,,,,,,,
2903,1200,2849,3075,,0,53,53,55,55,38,38,42,42,48,48,53,53,146,146,715,715,891,891,804,804,768,768,707,707,638,638,676,676,679,679,669,669,696,696,738,738,671,671,411,411,264,264,178,178,130,130,66,66,,,,,,,,,,,,,,,,,,,,,,,,,,,,,,,,,,,,,,,,,,,,,,,,
2904,1200,2892,2908,,0,0,0,0,0,0,0,0,0,0,0,0,0,0,0,4,4,5,5,5,5,5,5,4,4,4,4,4,4,4,4,4,4,4,4,5,5,4,4,1,1,1,1,1,1,0,0,0,0,,,,,,,,,,,,,,,,,,,,,,,,,,,,,,,,,,,,,,,,,,,,,,,,
2905,2000,2917,2886,,0,0,0,0,0,0,0,0,0,0,0,0,0,0,0,1147,1147,1238,1238,1234,1234,1160,1160,1144,1144,1058,1058,1100,1100,1078,1078,1198,1198,1212,1212,1260,1260,1158,1158,0,0,0,0,0,0,0,0,0,0,,,,,,,,,,,,,,,,,,,,,,,,,,,,,,,,,,,,,,,,,,,,,,,,
2906,1600,3326,2908,,0,0,0,0,0,0,0,0,0,0,0,0,0,0,0,2,2,2,2,2,2,2,2,2,2,2,2,2,2,2,2,2,2,2,2,2,2,2,2,1,1,0,0,0,0,0,0,0,0,,,,,,,,,,,,,,,,,,,,,,,,,,,,,,,,,,,,,,,,,,,,,,,,
2907,2000,2902,2909,,0,44,44,45,45,32,32,34,34,40,40,43,43,121,121,1080,1080,1242,1242,1144,1144,1098,1098,1038,1038,976,976,968,968,1029,1029,1055,1055,1070,1070,1140,1140,1082,1082,396,396,247,247,161,161,118,118,64,64,,,,,,,,,,,,,,,,,,,,,,,,,,,,,,,,,,,,,,,,,,,,,,,,
2908,1600,2916,2906,2904;2915,2,0,0,0,0,0,0,0,0,0,0,0,0,0,0,3,3,3,3,3,3,3,3,3,3,2,2,2,2,2,2,3,3,3,3,3,3,2,2,1,1,0,0,0,0,0,0,0,0,,,,,,,,,,,,,,,,,,,,,,,,,,,,,,,,,,,,,,,,,,,,,,,,
2909,1600,3275,3074,2907;2911,2,0,0,0,0,0,0,0,0,0,0,0,0,0,0,3,3,3,3,3,3,3,3,3,3,2,2,3,3,3,3,3,3,3,3,3,3,3,3,1,1,1,1,1,1,0,0,0,0,,,,,,,,,,,,,,,,,,,,,,,,,,,,,,,,,,,,,,,,,,,,,,,,
291,1200,524,522,,0,0,0,0,0,0,0,0,0,0,0,0,0,1,1,3,3,4,4,4,4,4,4,3,3,3,3,3,3,3,3,3,3,3,3,4,4,3,3,2,2,1,1,1,1,0,0,0,0,,,,,,,,,,,,,,,,,,,,,,,,,,,,,,,,,,,,,,,,,,,,,,,,
2910,1500,2925,3328,,0,0,0,0,0,0,0,0,0,0,0,0,0,0,0,1147,1147,1238,1238,1234,1234,1160,1160,1144,1144,1058,1058,1100,1100,1078,1078,1198,1198,1212,1212,1260,1260,1158,1158,0,0,0,0,0,0,0,0,0,0,,,,,,,,,,,,,,,,,,,,,,,,,,,,,,,,,,,,,,,,,,,,,,,,
2911,2000,2909,5568,,0,44,44,45,45,32,32,34,34,40,40,43,43,121,121,1080,1080,1242,1242,1144,1144,1098,1098,1038,1038,976,976,968,968,1029,1029,1055,1055,1070,1070,1140,1140,1082,1082,396,396,247,247,161,161,118,118,64,64,,,,,,,,,,,,,,,,,,,,,,,,,,,,,,,,,,,,,,,,,,,,,,,,
2912,2500,3290,3312,,0,44,44,45,45,32,32,34,34,40,40,43,43,121,121,1080,1080,1242,1242,1144,1144,1098,1098,1038,1038,976,976,968,968,1029,1029,1055,1055,1070,1070,1140,1140,1082,1082,396,396,247,247,161,161,118,118,64,64,,,,,,,,,,,,,,,,,,,,,,,,,,,,,,,,,,,,,,,,,,,,,,,,
2913,4400,2875,2931,,0,0,0,0,0,0,0,0,0,0,0,0,0,0,0,1147,1147,1238,1238,1234,1234,1160,1160,1144,1144,1058,1058,1100,1100,1078,1078,1198,1198,1212,1212,1260,1260,1158,1158,0,0,0,0,0,0,0,0,0,0,,,,,,,,,,,,,,,,,,,,,,,,,,,,,,,,,,,,,,,,,,,,,,,,
2914,4400,2917,14032,,0,0,0,0,0,0,0,0,0,0,0,0,0,0,0,1156,1156,1275,1275,1184,1184,1063,1063,1121,1121,1033,1033,1056,1056,1105,1105,1218,1218,1250,1250,1308,1308,1226,1226,0,0,0,0,0,0,0,0,0,0,,,,,,,,,,,,,,,,,,,,,,,,,,,,,,,,,,,,,,,,,,,,,,,,
2915,1200,2921,2908,,0,0,0,0,0,0,0,0,0,0,0,0,0,0,0,3,3,3,3,3,3,3,3,3,3,2,2,3,3,3,3,3,3,3,3,3,3,3,3,1,1,1,1,0,0,0,0,0,0,,,,,,,,,,,,,,,,,,,,,,,,,,,,,,,,,,,,,,,,,,,,,,,,
2916,2000,2908,3319,,0,67,67,70,70,49,49,53,53,62,62,67,67,186,186,910,910,1134,1134,1023,1023,977,977,900,900,812,812,861,861,864,864,851,851,886,886,939,939,854,854,524,524,336,336,227,227,165,165,84,84,,,,,,,,,,,,,,,,,,,,,,,,,,,,,,,,,,,,,,,,,,,,,,,,
2917,2500,2905,2937,2914;2924,2,0,0,0,0,0,0,0,0,0,0,0,0,0,0,1147,1147,1238,1238,1234,1234,1160,1160,1144,1144,1058,1058,1100,1100,1078,1078,1198,1198,1212,1212,1260,1260,1158,1158,0,0,0,0,0,0,0,0,0,0,,,,,,,,,,,,,,,,,,,,,,,,,,,,,,,,,,,,,,,,,,,,,,,,
2918,1200,3324,2921,,0,0,0,0,0,0,0,0,0,0,0,0,0,0,0,2,2,2,2,2,2,2,2,2,2,2,2,2,2,2,2,2,2,2,2,2,2,2,2,1,1,0,0,0,0,0,0,0,0,,,,,,,,,,,,,,,,,,,,,,,,,,,,,,,,,,,,,,,,,,,,,,,,
2919,2500,2922,5568,,0,63,63,65,65,46,46,49,49,57,57,62,62,174,174,982,982,1182,1182,1077,1077,1043,1043,955,955,884,884,900,900,934,934,926,926,948,948,1012,1012,944,944,526,526,333,333,221,221,161,161,84,84,,,,,,,,,,,,,,,,,,,,,,,,,,,,,,,,,,,,,,,,,,,,,,,,
292,1600,534,297,287;306,2,0,0,0,0,0,0,0,0,0,0,0,0,0,0,3,3,3,3,3,3,3,3,3,3,2,2,3,3,3,3,3,3,3,3,3,3,3,3,1,1,1,1,1,1,0,0,0,0,,,,,,,,,,,,,,,,,,,,,,,,,,,,,,,,,,,,,,,,,,,,,,,,
2920,800,3278,2922,,0,0,0,0,0,0,0,0,0,0,0,0,0,0,0,3,3,3,3,3,3,3,3,3,3,2,2,3,3,3,3,3,3,3,3,3,3,3,3,1,1,1,1,1,1,0,0,0,0,,,,,,,,,,,,,,,,,,,,,,,,,,,,,,,,,,,,,,,,,,,,,,,,
2921,1600,2929,2918,2915;2928,2,0,0,0,0,0,0,0,0,0,0,0,0,0,0,4,4,5,5,4,4,4,4,4,4,4,4,4,4,4,4,4,4,4,4,4,4,4,4,1,1,1,1,1,1,0,0,0,0,,,,,,,,,,,,,,,,,,,,,,,,,,,,,,,,,,,,,,,,,,,,,,,,
2922,1200,5586,2920,2919;2952,2,0,0,0,0,0,0,0,0,0,0,0,0,1,1,3,3,4,4,3,3,3,3,3,3,3,3,3,3,3,3,3,3,3,3,3,3,3,3,2,2,1,1,1,1,1,1,0,0,,,,,,,,,,,,,,,,,,,,,,,,,,,,,,,,,,,,,,,,,,,,,,,,
2923,1200,3326,2880,,0,0,0,0,0,0,0,0,0,0,0,0,0,0,0,4,4,4,4,4,4,4,4,4,4,3,3,4,4,4,4,4,4,4,4,4,4,4,4,1,1,1,1,0,0,0,0,0,0,,,,,,,,,,,,,,,,,,,,,,,,,,,,,,,,,,,,,,,,,,,,,,,,
2924,4400,2917,2925,,0,0,0,0,0,0,0,0,0,0,0,0,0,0,0,1147,1147,1238,1238,1234,1234,1160,1160,1144,1144,1058,1058,1100,1100,1078,1078,1198,1198,1212,1212,1260,1260,1158,1158,0,0,0,0,0,0,0,0,0,0,,,,,,,,,,,,,,,,,,,,,,,,,,,,,,,,,,,,,,,,,,,,,,,,
2925,3000,2948,2910,2924;2927,2,0,0,0,0,0,0,0,0,0,0,0,0,0,0,1147,1147,1238,1238,1234,1234,1160,1160,1144,1144,1058,1058,1100,1100,1078,1078,1198,1198,1212,1212,1260,1260,1158,1158,0,0,0,0,0,0,0,0,0,0,,,,,,,,,,,,,,,,,,,,,,,,,,,,,,,,,,,,,,,,,,,,,,,,
2926,800,3292,3290,,0,0,0,0,0,0,0,0,0,0,0,0,0,0,0,2,2,2,2,2,2,2,2,2,2,2,2,2,2,2,2,2,2,2,2,2,2,2,2,1,1,0,0,0,0,0,0,0,0,,,,,,,,,,,,,,,,,,,,,,,,,,,,,,,,,,,,,,,,,,,,,,,,
2927,4400,2925,2931,,0,0,0,0,0,0,0,0,0,0,0,0,0,0,0,1147,1147,1238,1238,1234,1234,1160,1160,1144,1144,1058,1058,1100,1100,1078,1078,1198,1198,1212,1212,1260,1260,1158,1158,0,0,0,0,0,0,0,0,0,0,,,,,,,,,,,,,,,,,,,,,,,,,,,,,,,,,,,,,,,,,,,,,,,,
2928,1500,2941,2921,,0,0,0,0,0,0,0,0,0,0,0,0,0,0,0,1147,1147,1238,1238,1234,1234,1160,1160,1144,1144,1058,1058,1100,1100,1078,1078,1198,1198,1212,1212,1260,1260,1158,1158,0,0,0,0,0,0,0,0,0,0,,,,,,,,,,,,,,,,,,,,,,,,,,,,,,,,,,,,,,,,,,,,,,,,
2929,1600,2921,3317,,0,0,0,0,0,0,0,0,0,0,0,0,0,1,1,5,5,6,6,5,5,5,5,5,5,4,4,5,5,5,5,5,5,5,5,5,5,5,5,2,2,1,1,1,1,1,1,0,0,,,,,,,,,,,,,,,,,,,,,,,,,,,,,,,,,,,,,,,,,,,,,,,,
293,1600,299,520,,0,0,0,0,0,0,0,0,0,0,0,0,0,1,1,6,6,7,7,7,7,6,6,6,6,5,5,6,6,6,6,6,6,6,6,6,6,6,6,3,3,2,2,1,1,1,1,0,0,,,,,,,,,,,,,,,,,,,,,,,,,,,,,,,,,,,,,,,,,,,,,,,,
2930,4400,2931,2934,,0,0,0,0,0,0,0,0,0,0,0,0,0,0,0,1147,1147,1238,1238,1234,1234,1160,1160,1144,1144,1058,1058,1100,1100,1078,1078,1198,1198,1212,1212,1260,1260,1158,1158,0,0,0,0,0,0,0,0,0,0,,,,,,,,,,,,,,,,,,,,,,,,,,,,,,,,,,,,,,,,,,,,,,,,
2931,4400,2927,2930,2913;3030,2,0,0,0,0,0,0,0,0,0,0,0,0,0,0,1147,1147,1238,1238,1234,1234,1160,1160,1144,1144,1058,1058,1100,1100,1078,1078,1198,1198,1212,1212,1260,1260,1158,1158,0,0,0,0,0,0,0,0,0,0,,,,,,,,,,,,,,,,,,,,,,,,,,,,,,,,,,,,,,,,,,,,,,,,
2932,1200,3288,3310,,0,0,0,0,0,0,0,0,0,0,0,0,0,0,0,2,2,2,2,2,2,2,2,2,2,2,2,2,2,2,2,2,2,2,2,2,2,2,2,1,1,0,0,0,0,0,0,0,0,,,,,,,,,,,,,,,,,,,,,,,,,,,,,,,,,,,,,,,,,,,,,,,,
2933,4400,2902,2936,,0,44,44,45,45,32,32,34,34,40,40,43,43,121,121,1080,1080,1242,1242,1144,1144,1098,1098,1038,1038,976,976,968,968,1029,1029,1055,1055,1070,1070,1140,1140,1082,1082,396,396,247,247,161,161,118,118,64,64,,,,,,,,,,,,,,,,,,,,,,,,,,,,,,,,,,,,,,,,,,,,,,,,
2934,2500,3323,2950,2930;2940,2,0,0,0,0,0,0,0,0,0,0,0,0,0,0,1147,1147,1238,1238,1234,1234,1160,1160,1144,1144,1058,1058,1100,1100,1078,1078,1198,1198,1212,1212,1260,1260,1158,1158,0,0,0,0,0,0,0,0,0,0,,,,,,,,,,,,,,,,,,,,,,,,,,,,,,,,,,,,,,,,,,,,,,,,
2935,1600,3272,3278,,0,0,0,0,0,0,0,0,0,0,0,0,0,0,0,2,2,2,2,2,2,2,2,2,2,1,1,2,2,2,2,2,2,2,2,2,2,2,2,1,1,0,0,0,0,0,0,0,0,,,,,,,,,,,,,,,,,,,,,,,,,,,,,,,,,,,,,,,,,,,,,,,,
2936,2500,2942,3287,2933;2980,2,44,44,45,45,32,32,34,34,40,40,43,43,121,121,1080,1080,1242,1242,1144,1144,1098,1098,1038,1038,976,976,968,968,1029,1029,1055,1055,1070,1070,1140,1140,1082,1082,396,396,247,247,161,161,118,118,64,64,,,,,,,,,,,,,,,,,,,,,,,,,,,,,,,,,,,,,,,,,,,,,,,,
2937,2000,2943,2917,,0,0,0,0,0,0,0,0,0,0,0,0,0,0,0,1147,1147,1238,1238,1234,1234,1160,1160,1144,1144,1058,1058,1100,1100,1078,1078,1198,1198,1212,1212,1260,1260,1158,1158,0,0,0,0,0,0,0,0,0,0,,,,,,,,,,,,,,,,,,,,,,,,,,,,,,,,,,,,,,,,,,,,,,,,
2938,4400,3306,3310,,0,44,44,45,45,32,32,34,34,40,40,43,43,121,121,1080,1080,1242,1242,1144,1144,1098,1098,1038,1038,976,976,968,968,1029,1029,1055,1055,1070,1070,1140,1140,1082,1082,396,396,247,247,161,161,118,118,64,64,,,,,,,,,,,,,,,,,,,,,,,,,,,,,,,,,,,,,,,,,,,,,,,,
2939,1200,3274,3276,,0,0,0,0,0,0,0,0,0,0,0,0,0,0,0,1,1,1,1,1,1,1,1,1,1,1,1,1,1,1,1,1,1,1,1,1,1,1,1,0,0,0,0,0,0,0,0,0,0,,,,,,,,,,,,,,,,,,,,,,,,,,,,,,,,,,,,,,,,,,,,,,,,
294,1200,554,295,,0,0,0,0,0,0,0,0,0,0,0,0,0,0,0,2,2,3,3,3,3,3,3,2,2,2,2,2,2,2,2,2,2,2,2,3,3,2,2,1,1,1,1,0,0,0,0,0,0,,,,,,,,,,,,,,,,,,,,,,,,,,,,,,,,,,,,,,,,,,,,,,,,
2940,4400,2934,2941,,0,0,0,0,0,0,0,0,0,0,0,0,0,0,0,1147,1147,1238,1238,1234,1234,1160,1160,1144,1144,1058,1058,1100,1100,1078,1078,1198,1198,1212,1212,1260,1260,1158,1158,0,0,0,0,0,0,0,0,0,0,,,,,,,,,,,,,,,,,,,,,,,,,,,,,,,,,,,,,,,,,,,,,,,,
2941,2500,2928,2965,2940;2955,2,0,0,0,0,0,0,0,0,0,0,0,0,0,0,1147,1147,1238,1238,1234,1234,1160,1160,1144,1144,1058,1058,1100,1100,1078,1078,1198,1198,1212,1212,1260,1260,1158,1158,0,0,0,0,0,0,0,0,0,0,,,,,,,,,,,,,,,,,,,,,,,,,,,,,,,,,,,,,,,,,,,,,,,,
2942,1500,2936,3280,,0,44,44,45,45,32,32,34,34,40,40,43,43,121,121,1080,1080,1242,1242,1144,1144,1098,1098,1038,1038,976,976,968,968,1029,1029,1055,1055,1070,1070,1140,1140,1082,1082,396,396,247,247,161,161,118,118,64,64,,,,,,,,,,,,,,,,,,,,,,,,,,,,,,,,,,,,,,,,,,,,,,,,
2943,2000,13854,2949,2937;2956,2,0,0,0,0,0,0,0,0,0,0,0,0,0,0,1147,1147,1238,1238,1234,1234,1160,1160,1144,1144,1058,1058,1100,1100,1078,1078,1198,1198,1212,1212,1260,1260,1158,1158,0,0,0,0,0,0,0,0,0,0,,,,,,,,,,,,,,,,,,,,,,,,,,,,,,,,,,,,,,,,,,,,,,,,
2944,3000,3321,3123,,0,44,44,45,45,32,32,34,34,40,40,43,43,121,121,1080,1080,1242,1242,1144,1144,1098,1098,1038,1038,976,976,968,968,1029,1029,1055,1055,1070,1070,1140,1140,1082,1082,396,396,247,247,161,161,118,118,64,64,,,,,,,,,,,,,,,,,,,,,,,,,,,,,,,,,,,,,,,,,,,,,,,,
2945,1200,3270,3272,,0,0,0,0,0,0,0,0,0,0,0,0,0,0,0,3,3,3,3,3,3,3,3,3,3,2,2,3,3,3,3,3,3,3,3,3,3,3,3,1,1,1,1,1,1,0,0,0,0,,,,,,,,,,,,,,,,,,,,,,,,,,,,,,,,,,,,,,,,,,,,,,,,
2946,1600,3273,2998,3279;2953,2,0,0,0,0,0,0,0,0,0,0,0,0,0,0,2,2,2,2,2,2,2,2,2,2,2,2,2,2,2,2,2,2,2,2,2,2,2,2,1,1,1,1,0,0,0,0,0,0,,,,,,,,,,,,,,,,,,,,,,,,,,,,,,,,,,,,,,,,,,,,,,,,
2947,2000,3302,3304,,0,44,44,45,45,32,32,34,34,40,40,43,43,121,121,1080,1080,1242,1242,1144,1144,1098,1098,1038,1038,976,976,968,968,1029,1029,1055,1055,1070,1070,1140,1140,1082,1082,396,396,247,247,161,161,118,118,64,64,,,,,,,,,,,,,,,,,,,,,,,,,,,,,,,,,,,,,,,,,,,,,,,,
2948,2500,2951,2925,,0,0,0,0,0,0,0,0,0,0,0,0,0,0,0,1147,1147,1238,1238,1234,1234,1160,1160,1144,1144,1058,1058,1100,1100,1078,1078,1198,1198,1212,1212,1260,1260,1158,1158,0,0,0,0,0,0,0,0,0,0,,,,,,,,,,,,,,,,,,,,,,,,,,,,,,,,,,,,,,,,,,,,,,,,
2949,2000,2943,2951,,0,0,0,0,0,0,0,0,0,0,0,0,0,0,0,1147,1147,1238,1238,1234,1234,1160,1160,1144,1144,1058,1058,1100,1100,1078,1078,1198,1198,1212,1212,1260,1260,1158,1158,0,0,0,0,0,0,0,0,0,0,,,,,,,,,,,,,,,,,,,,,,,,,,,,,,,,,,,,,,,,,,,,,,,,
295,2000,294,300,557;317,2,38,38,40,40,28,28,30,30,35,35,38,38,106,106,1010,1010,1173,1173,1121,1121,1069,1069,1008,1008,921,921,970,970,952,952,997,997,1020,1020,1069,1069,975,975,299,299,192,192,130,130,94,94,48,48,,,,,,,,,,,,,,,,,,,,,,,,,,,,,,,,,,,,,,,,,,,,,,,,
2950,2000,2958,2934,,0,0,0,0,0,0,0,0,0,0,0,0,0,0,0,1147,1147,1238,1238,1234,1234,1160,1160,1144,1144,1058,1058,1100,1100,1078,1078,1198,1198,1212,1212,1260,1260,1158,1158,0,0,0,0,0,0,0,0,0,0,,,,,,,,,,,,,,,,,,,,,,,,,,,,,,,,,,,,,,,,,,,,,,,,
2951,2500,2949,2959,2948;2983,2,0,0,0,0,0,0,0,0,0,0,0,0,0,0,1147,1147,1238,1238,1234,1234,1160,1160,1144,1144,1058,1058,1100,1100,1078,1078,1198,1198,1212,1212,1260,1260,1158,1158,0,0,0,0,0,0,0,0,0,0,,,,,,,,,,,,,,,,,,,,,,,,,,,,,,,,,,,,,,,,,,,,,,,,
2952,3000,3270,2922,,0,44,44,45,45,32,32,34,34,40,40,43,43,121,121,1080,1080,1242,1242,1144,1144,1098,1098,1038,1038,976,976,968,968,1029,1029,1055,1055,1070,1070,1140,1140,1082,1082,396,396,247,247,161,161,118,118,64,64,,,,,,,,,,,,,,,,,,,,,,,,,,,,,,,,,,,,,,,,,,,,,,,,
2953,1500,2946,2961,,0,44,44,45,45,32,32,34,34,40,40,43,43,121,121,1080,1080,1242,1242,1144,1144,1098,1098,1038,1038,976,976,968,968,1029,1029,1055,1055,1070,1070,1140,1140,1082,1082,396,396,247,247,161,161,118,118,64,64,,,,,,,,,,,,,,,,,,,,,,,,,,,,,,,,,,,,,,,,,,,,,,,,
2954,1500,3332,2958,,0,0,0,0,0,0,0,0,0,0,0,0,0,0,0,1147,1147,1238,1238,1234,1234,1160,1160,1144,1144,1058,1058,1100,1100,1078,1078,1198,1198,1212,1212,1260,1260,1158,1158,0,0,0,0,0,0,0,0,0,0,,,,,,,,,,,,,,,,,,,,,,,,,,,,,,,,,,,,,,,,,,,,,,,,
2955,4400,2964,2941,,0,0,0,0,0,0,0,0,0,0,0,0,0,0,0,1156,1156,1275,1275,1184,1184,1063,1063,1121,1121,1033,1033,1056,1056,1105,1105,1218,1218,1250,1250,1308,1308,1226,1226,0,0,0,0,0,0,0,0,0,0,,,,,,,,,,,,,,,,,,,,,,,,,,,,,,,,,,,,,,,,,,,,,,,,
2956,1200,2962,2943,,0,0,0,0,0,0,0,0,0,0,0,0,0,0,0,4,4,4,4,4,4,4,4,4,4,3,3,4,4,4,4,4,4,4,4,4,4,4,4,1,1,1,1,0,0,0,0,0,0,,,,,,,,,,,,,,,,,,,,,,,,,,,,,,,,,,,,,,,,,,,,,,,,
2957,4400,2964,2967,,0,44,44,45,45,32,32,34,34,40,40,43,43,121,121,1080,1080,1242,1242,1144,1144,1098,1098,1038,1038,976,976,968,968,1029,1029,1055,1055,1070,1070,1140,1140,1082,1082,396,396,247,247,161,161,118,118,64,64,,,,,,,,,,,,,,,,,,,,,,,,,,,,,,,,,,,,,,,,,,,,,,,,
2958,1600,2969,2954,2950;2995,2,0,0,0,0,0,0,0,0,0,0,0,0,0,0,4,4,4,4,4,4,4,4,4,4,3,3,4,4,4,4,4,4,4,4,4,4,4,4,1,1,1,1,0,0,0,0,0,0,,,,,,,,,,,,,,,,,,,,,,,,,,,,,,,,,,,,,,,,,,,,,,,,
2959,1500,3330,2951,,0,0,0,0,0,0,0,0,0,0,0,0,0,0,0,1147,1147,1238,1238,1234,1234,1160,1160,1144,1144,1058,1058,1100,1100,1078,1078,1198,1198,1212,1212,1260,1260,1158,1158,0,0,0,0,0,0,0,0,0,0,,,,,,,,,,,,,,,,,,,,,,,,,,,,,,,,,,,,,,,,,,,,,,,,
296,1600,520,518,,0,0,0,0,0,0,0,0,0,0,0,0,0,1,1,3,3,4,4,4,4,4,4,3,3,3,3,3,3,3,3,3,3,3,3,3,3,3,3,2,2,1,1,1,1,0,0,0,0,,,,,,,,,,,,,,,,,,,,,,,,,,,,,,,,,,,,,,,,,,,,,,,,
2960,4000,3111,3302,,0,44,44,45,45,32,32,34,34,40,40,43,43,121,121,1080,1080,1242,1242,1144,1144,1098,1098,1038,1038,976,976,968,968,1029,1029,1055,1055,1070,1070,1140,1140,1082,1082,396,396,247,247,161,161,118,118,64,64,,,,,,,,,,,,,,,,,,,,,,,,,,,,,,,,,,,,,,,,,,,,,,,,
2961,2500,2973,2953,3268;3265,2,44,44,45,45,32,32,34,34,40,40,43,43,121,121,1080,1080,1242,1242,1144,1144,1098,1098,1038,1038,976,976,968,968,1029,1029,1055,1055,1070,1070,1140,1140,1082,1082,396,396,247,247,161,161,118,118,64,64,,,,,,,,,,,,,,,,,,,,,,,,,,,,,,,,,,,,,,,,,,,,,,,,
2962,1600,13860,2974,2956;2976,2,0,0,0,0,0,0,0,0,0,0,0,0,0,0,3,3,3,3,3,3,3,3,3,3,2,2,2,2,2,2,2,2,3,3,3,3,2,2,1,1,0,0,0,0,0,0,0,0,,,,,,,,,,,,,,,,,,,,,,,,,,,,,,,,,,,,,,,,,,,,,,,,
2963,1600,6072,3269,,0,53,53,55,55,38,38,42,42,48,48,53,53,146,146,715,715,891,891,804,804,768,768,707,707,638,638,676,676,679,679,669,669,696,696,738,738,671,671,411,411,264,264,178,178,130,130,66,66,,,,,,,,,,,,,,,,,,,,,,,,,,,,,,,,,,,,,,,,,,,,,,,,
2964,4000,3316,3054,2955;2957,2,44,44,45,45,32,32,34,34,40,40,43,43,121,121,1080,1080,1242,1242,1144,1144,1098,1098,1038,1038,976,976,968,968,1029,1029,1055,1055,1070,1070,1140,1140,1082,1082,396,396,247,247,161,161,118,118,64,64,,,,,,,,,,,,,,,,,,,,,,,,,,,,,,,,,,,,,,,,,,,,,,,,
2965,2000,2941,2971,,0,0,0,0,0,0,0,0,0,0,0,0,0,0,0,1147,1147,1238,1238,1234,1234,1160,1160,1144,1144,1058,1058,1100,1100,1078,1078,1198,1198,1212,1212,1260,1260,1158,1158,0,0,0,0,0,0,0,0,0,0,,,,,,,,,,,,,,,,,,,,,,,,,,,,,,,,,,,,,,,,,,,,,,,,
2966,2500,3312,2891,,0,44,44,45,45,32,32,34,34,40,40,43,43,121,121,1080,1080,1242,1242,1144,1144,1098,1098,1038,1038,976,976,968,968,1029,1029,1055,1055,1070,1070,1140,1140,1082,1082,396,396,247,247,161,161,118,118,64,64,,,,,,,,,,,,,,,,,,,,,,,,,,,,,,,,,,,,,,,,,,,,,,,,
2967,3000,2975,2957,,0,44,44,45,45,32,32,34,34,40,40,43,43,121,121,1080,1080,1242,1242,1144,1144,1098,1098,1038,1038,976,976,968,968,1029,1029,1055,1055,1070,1070,1140,1140,1082,1082,396,396,247,247,161,161,118,118,64,64,,,,,,,,,,,,,,,,,,,,,,,,,,,,,,,,,,,,,,,,,,,,,,,,
2968,1600,2972,3280,,0,0,0,0,0,0,0,0,0,0,0,0,0,0,0,2,2,3,3,2,2,2,2,2,2,2,2,2,2,2,2,2,2,2,2,2,2,2,2,1,1,1,1,0,0,0,0,0,0,,,,,,,,,,,,,,,,,,,,,,,,,,,,,,,,,,,,,,,,,,,,,,,,
2969,1200,2958,2971,,0,0,0,0,0,0,0,0,0,0,0,0,0,0,0,2,2,3,3,3,3,2,2,2,2,2,2,2,2,2,2,2,2,2,2,2,2,2,2,1,1,0,0,0,0,0,0,0,0,,,,,,,,,,,,,,,,,,,,,,,,,,,,,,,,,,,,,,,,,,,,,,,,
297,1200,522,292,,0,0,0,0,0,0,0,0,0,0,0,0,0,0,0,3,3,4,4,3,3,3,3,3,3,3,3,3,3,3,3,3,3,3,3,3,3,3,3,1,1,1,1,1,1,0,0,0,0,,,,,,,,,,,,,,,,,,,,,,,,,,,,,,,,,,,,,,,,,,,,,,,,
2970,800,2972,3286,,0,0,0,0,0,0,0,0,0,0,0,0,0,0,0,3,3,3,3,3,3,3,3,3,3,2,2,2,2,2,2,3,3,3,3,3,3,3,3,1,1,1,1,0,0,0,0,0,0,,,,,,,,,,,,,,,,,,,,,,,,,,,,,,,,,,,,,,,,,,,,,,,,
2971,1600,2969,2982,2965;2984,2,0,0,0,0,0,0,0,0,0,0,0,0,0,0,4,4,4,4,4,4,4,4,4,4,3,3,4,4,4,4,4,4,4,4,4,4,4,4,1,1,1,1,1,1,0,0,0,0,,,,,,,,,,,,,,,,,,,,,,,,,,,,,,,,,,,,,,,,,,,,,,,,
2972,1200,2968,2989,2970;2977,2,0,0,0,0,0,0,0,0,0,0,0,0,0,0,3,3,4,4,3,3,3,3,3,3,3,3,3,3,3,3,3,3,3,3,3,3,3,3,1,1,1,1,1,1,0,0,0,0,,,,,,,,,,,,,,,,,,,,,,,,,,,,,,,,,,,,,,,,,,,,,,,,
2973,2000,5637,2961,,0,63,63,65,65,46,46,49,49,57,57,62,62,174,174,982,982,1182,1182,1077,1077,1043,1043,955,955,884,884,900,900,934,934,926,926,948,948,1012,1012,944,944,526,526,333,333,221,221,161,161,84,84,,,,,,,,,,,,,,,,,,,,,,,,,,,,,,,,,,,,,,,,,,,,,,,,
2974,1600,3334,2962,,0,0,0,0,0,0,0,0,0,0,0,0,0,0,0,2,2,3,3,3,3,2,2,2,2,2,2,2,2,2,2,2,2,2,2,2,2,2,2,1,1,0,0,0,0,0,0,0,0,,,,,,,,,,,,,,,,,,,,,,,,,,,,,,,,,,,,,,,,,,,,,,,,
2975,4400,3169,3301,2967;2985,2,44,44,45,45,32,32,34,34,40,40,43,43,121,121,1080,1080,1242,1242,1144,1144,1098,1098,1038,1038,976,976,968,968,1029,1029,1055,1055,1070,1070,1140,1140,1082,1082,396,396,247,247,161,161,118,118,64,64,,,,,,,,,,,,,,,,,,,,,,,,,,,,,,,,,,,,,,,,,,,,,,,,
2976,1200,2962,2979,,0,0,0,0,0,0,0,0,0,0,0,0,0,0,0,2,2,2,2,2,2,2,2,1,1,1,1,1,1,1,1,1,1,2,2,2,2,1,1,0,0,0,0,0,0,0,0,0,0,,,,,,,,,,,,,,,,,,,,,,,,,,,,,,,,,,,,,,,,,,,,,,,,
2977,1200,2972,3282,,0,0,0,0,0,0,0,0,0,0,0,0,0,0,0,2,2,2,2,2,2,2,2,2,2,1,1,1,1,2,2,2,2,2,2,2,2,2,2,1,1,0,0,0,0,0,0,0,0,,,,,,,,,,,,,,,,,,,,,,,,,,,,,,,,,,,,,,,,,,,,,,,,
2978,1600,3266,3284,,0,0,0,0,0,0,0,0,0,0,0,0,0,0,0,2,2,3,3,2,2,2,2,2,2,2,2,2,2,2,2,2,2,2,2,2,2,2,2,1,1,1,1,0,0,0,0,0,0,,,,,,,,,,,,,,,,,,,,,,,,,,,,,,,,,,,,,,,,,,,,,,,,
2979,1200,13864,2986,2976;2987,2,0,0,0,0,0,0,0,0,0,0,0,0,0,0,2,2,2,2,2,2,2,2,2,2,2,2,2,2,2,2,2,2,2,2,2,2,2,2,1,1,0,0,0,0,0,0,0,0,,,,,,,,,,,,,,,,,,,,,,,,,,,,,,,,,,,,,,,,,,,,,,,,
298,4400,515,9878,513;331,2,54,54,56,56,39,39,42,42,50,50,54,54,149,149,956,956,1147,1147,1075,1075,1033,1033,954,954,866,866,918,918,901,901,917,917,943,943,993,993,901,901,419,419,269,269,182,182,132,132,67,67,,,,,,,,,,,,,,,,,,,,,,,,,,,,,,,,,,,,,,,,,,,,,,,,
2980,4400,2936,3286,,0,44,44,45,45,32,32,34,34,40,40,43,43,121,121,1080,1080,1242,1242,1144,1144,1098,1098,1038,1038,976,976,968,968,1029,1029,1055,1055,1070,1070,1140,1140,1082,1082,396,396,247,247,161,161,118,118,64,64,,,,,,,,,,,,,,,,,,,,,,,,,,,,,,,,,,,,,,,,,,,,,,,,
2981,1600,3152,3267,,0,0,0,0,0,0,0,0,0,0,0,0,0,0,0,2,2,2,2,2,2,2,2,2,2,2,2,2,2,2,2,2,2,2,2,2,2,2,2,1,1,1,1,0,0,0,0,0,0,,,,,,,,,,,,,,,,,,,,,,,,,,,,,,,,,,,,,,,,,,,,,,,,
2982,1200,2971,3315,,0,0,0,0,0,0,0,0,0,0,0,0,0,0,0,2,2,2,2,2,2,2,2,2,2,2,2,2,2,2,2,2,2,2,2,2,2,2,2,1,1,0,0,0,0,0,0,0,0,,,,,,,,,,,,,,,,,,,,,,,,,,,,,,,,,,,,,,,,,,,,,,,,
2983,2000,3334,2951,,0,0,0,0,0,0,0,0,0,0,0,0,0,0,0,1147,1147,1238,1238,1234,1234,1160,1160,1144,1144,1058,1058,1100,1100,1078,1078,1198,1198,1212,1212,1260,1260,1158,1158,0,0,0,0,0,0,0,0,0,0,,,,,,,,,,,,,,,,,,,,,,,,,,,,,,,,,,,,,,,,,,,,,,,,
2984,1200,2991,2971,,0,0,0,0,0,0,0,0,0,0,0,0,0,0,0,2,2,2,2,2,2,2,2,2,2,2,2,2,2,2,2,2,2,2,2,2,2,2,2,1,1,0,0,0,0,0,0,0,0,,,,,,,,,,,,,,,,,,,,,,,,,,,,,,,,,,,,,,,,,,,,,,,,
2985,4400,3300,2975,,0,44,44,45,45,32,32,34,34,40,40,43,43,121,121,1080,1080,1242,1242,1144,1144,1098,1098,1038,1038,976,976,968,968,1029,1029,1055,1055,1070,1070,1140,1140,1082,1082,396,396,247,247,161,161,118,118,64,64,,,,,,,,,,,,,,,,,,,,,,,,,,,,,,,,,,,,,,,,,,,,,,,,
2986,1200,2979,2990,,0,0,0,0,0,0,0,0,0,0,0,0,0,0,0,1,1,1,1,1,1,1,1,1,1,1,1,1,1,1,1,1,1,1,1,1,1,1,1,0,0,0,0,0,0,0,0,0,0,,,,,,,,,,,,,,,,,,,,,,,,,,,,,,,,,,,,,,,,,,,,,,,,
2987,1200,2979,2994,,0,0,0,0,0,0,0,0,0,0,0,0,0,0,0,3,3,3,3,3,3,3,3,3,3,3,3,3,3,3,3,3,3,3,3,3,3,3,3,1,1,1,1,0,0,0,0,0,0,,,,,,,,,,,,,,,,,,,,,,,,,,,,,,,,,,,,,,,,,,,,,,,,
2988,1600,3322,2991,,0,0,0,0,0,0,0,0,0,0,0,0,0,0,0,1,1,1,1,1,1,1,1,1,1,1,1,1,1,1,1,1,1,1,1,1,1,1,1,0,0,0,0,0,0,0,0,0,0,,,,,,,,,,,,,,,,,,,,,,,,,,,,,,,,,,,,,,,,,,,,,,,,
2989,1000,2972,3005,,0,44,44,45,45,32,32,34,34,40,40,43,43,121,121,1080,1080,1242,1242,1144,1144,1098,1098,1038,1038,976,976,968,968,1029,1029,1055,1055,1070,1070,1140,1140,1082,1082,396,396,247,247,161,161,118,118,64,64,,,,,,,,,,,,,,,,,,,,,,,,,,,,,,,,,,,,,,,,,,,,,,,,
299,2500,314,521,293;525,2,54,54,56,56,39,39,42,42,50,50,54,54,149,149,956,956,1147,1147,1075,1075,1033,1033,954,954,866,866,918,918,901,901,917,917,943,943,993,993,901,901,419,419,269,269,182,182,132,132,67,67,,,,,,,,,,,,,,,,,,,,,,,,,,,,,,,,,,,,,,,,,,,,,,,,
2990,1600,2996,2986,3333;3021,2,0,0,0,0,0,0,0,0,0,0,0,0,0,0,2,2,2,2,2,2,2,2,2,2,1,1,2,2,2,2,2,2,2,2,2,2,2,2,0,0,0,0,0,0,0,0,0,0,,,,,,,,,,,,,,,,,,,,,,,,,,,,,,,,,,,,,,,,,,,,,,,,
2991,1600,3011,2988,2984;3010,2,53,53,55,55,38,38,42,42,48,48,53,53,146,146,715,715,891,891,804,804,768,768,707,707,638,638,676,676,679,679,669,669,696,696,738,738,671,671,411,411,264,264,178,178,130,130,66,66,,,,,,,,,,,,,,,,,,,,,,,,,,,,,,,,,,,,,,,,,,,,,,,,
2992,1200,3160,3162,,0,0,0,0,0,0,0,0,0,0,0,0,0,0,0,3,3,3,3,3,3,3,3,2,2,2,2,2,2,2,2,2,2,3,3,3,3,3,3,1,1,1,1,0,0,0,0,0,0,,,,,,,,,,,,,,,,,,,,,,,,,,,,,,,,,,,,,,,,,,,,,,,,
2993,4400,3167,2999,3285;3043,2,44,44,45,45,32,32,34,34,40,40,43,43,121,121,1080,1080,1242,1242,1144,1144,1098,1098,1038,1038,976,976,968,968,1029,1029,1055,1055,1070,1070,1140,1140,1082,1082,396,396,247,247,161,161,118,118,64,64,,,,,,,,,,,,,,,,,,,,,,,,,,,,,,,,,,,,,,,,,,,,,,,,
2994,1600,13866,3008,2987;3009,2,0,0,0,0,0,0,0,0,0,0,0,0,0,0,4,4,5,5,4,4,4,4,4,4,4,4,4,4,4,4,4,4,4,4,4,4,4,4,1,1,1,1,1,1,0,0,0,0,,,,,,,,,,,,,,,,,,,,,,,,,,,,,,,,,,,,,,,,,,,,,,,,
2995,1600,3322,2958,,0,0,0,0,0,0,0,0,0,0,0,0,0,0,0,2,2,3,3,3,3,3,3,2,2,2,2,2,2,2,2,2,2,2,2,3,3,2,2,1,1,0,0,0,0,0,0,0,0,,,,,,,,,,,,,,,,,,,,,,,,,,,,,,,,,,,,,,,,,,,,,,,,
2996,1200,3191,2990,,0,0,0,0,0,0,0,0,0,0,0,0,0,0,0,3,3,4,4,3,3,3,3,3,3,3,3,3,3,3,3,3,3,3,3,3,3,3,3,1,1,1,1,0,0,0,0,0,0,,,,,,,,,,,,,,,,,,,,,,,,,,,,,,,,,,,,,,,,,,,,,,,,
2997,1600,3154,3158,,0,0,0,0,0,0,0,0,0,0,0,0,0,0,0,2,2,2,2,2,2,2,2,2,2,2,2,2,2,2,2,2,2,2,2,2,2,2,2,1,1,1,1,0,0,0,0,0,0,,,,,,,,,,,,,,,,,,,,,,,,,,,,,,,,,,,,,,,,,,,,,,,,
2998,1200,2946,3284,,0,0,0,0,0,0,0,0,0,0,0,0,0,0,0,2,2,2,2,2,2,2,2,2,2,1,1,1,1,2,2,2,2,2,2,2,2,2,2,1,1,0,0,0,0,0,0,0,0,,,,,,,,,,,,,,,,,,,,,,,,,,,,,,,,,,,,,,,,,,,,,,,,
2999,3850,3005,2993,,0,44,44,45,45,32,32,34,34,40,40,43,43,121,121,1080,1080,1242,1242,1144,1144,1098,1098,1038,1038,976,976,968,968,1029,1029,1055,1055,1070,1070,1140,1140,1082,1082,396,396,247,247,161,161,118,118,64,64,,,,,,,,,,,,,,,,,,,,,,,,,,,,,,,,,,,,,,,,,,,,,,,,
3,1200,11,2357,,0,0,0,0,0,0,0,0,0,0,0,0,0,1,1,8,8,9,9,9,9,9,9,8,8,8,8,8,8,8,8,8,8,8,8,9,9,8,8,2,2,1,1,1,1,1,1,0,0,,,,,,,,,,,,,,,,,,,,,,,,,,,,,,,,,,,,,,,,,,,,,,,,
30,2500,33,19,24;63,2,27,27,28,28,20,20,21,21,25,25,27,27,74,74,1049,1049,1182,1182,1170,1170,1126,1126,1056,1056,970,970,1022,1022,982,982,1052,1052,1066,1066,1112,1112,1010,1010,210,210,134,134,91,91,66,66,34,34,,,,,,,,,,,,,,,,,,,,,,,,,,,,,,,,,,,,,,,,,,,,,,,,
300,1500,295,305,,0,38,38,40,40,28,28,30,30,35,35,38,38,106,106,1010,1010,1173,1173,1121,1121,1069,1069,1008,1008,921,921,970,970,952,952,997,997,1020,1020,1069,1069,975,975,299,299,192,192,130,130,94,94,48,48,,,,,,,,,,,,,,,,,,,,,,,,,,,,,,,,,,,,,,,,,,,,,,,,
3000,300,3315,3182,,0,0,0,0,0,0,0,0,0,0,0,0,0,0,0,3,3,3,3,3,3,3,3,3,3,2,2,2,2,2,2,3,3,3,3,3,3,2,2,1,1,1,1,0,0,0,0,0,0,,,,,,,,,,,,,,,,,,,,,,,,,,,,,,,,,,,,,,,,,,,,,,,,
3001,2000,3004,3189,,0,0,0,0,0,0,0,0,0,0,0,0,0,0,0,1147,1147,1238,1238,1234,1234,1160,1160,1144,1144,1058,1058,1100,1100,1078,1078,1198,1198,1212,1212,1260,1260,1158,1158,0,0,0,0,0,0,0,0,0,0,,,,,,,,,,,,,,,,,,,,,,,,,,,,,,,,,,,,,,,,,,,,,,,,
3002,1200,3154,5671,,0,0,0,0,0,0,0,0,0,0,0,0,0,1,1,3,3,4,4,3,3,3,3,3,3,3,3,3,3,3,3,3,3,3,3,3,3,3,3,2,2,1,1,1,1,1,1,0,0,,,,,,,,,,,,,,,,,,,,,,,,,,,,,,,,,,,,,,,,,,,,,,,,
3003,1200,3313,3180,,0,0,0,0,0,0,0,0,0,0,0,0,0,0,0,3,3,4,4,4,4,4,4,3,3,3,3,3,3,3,3,3,3,3,3,4,4,3,3,1,1,1,1,0,0,0,0,0,0,,,,,,,,,,,,,,,,,,,,,,,,,,,,,,,,,,,,,,,,,,,,,,,,
3004,2000,3013,3001,3187;3185,2,0,0,0,0,0,0,0,0,0,0,0,0,0,0,1147,1147,1238,1238,1234,1234,1160,1160,1144,1144,1058,1058,1100,1100,1078,1078,1198,1198,1212,1212,1260,1260,1158,1158,0,0,0,0,0,0,0,0,0,0,,,,,,,,,,,,,,,,,,,,,,,,,,,,,,,,,,,,,,,,,,,,,,,,
3005,2500,3050,2989,2999;3006,2,44,44,45,45,32,32,34,34,40,40,43,43,121,121,1080,1080,1242,1242,1144,1144,1098,1098,1038,1038,976,976,968,968,1029,1029,1055,1055,1070,1070,1140,1140,1082,1082,396,396,247,247,161,161,118,118,64,64,,,,,,,,,,,,,,,,,,,,,,,,,,,,,,,,,,,,,,,,,,,,,,,,
3006,3500,3164,3005,,0,44,44,45,45,32,32,34,34,40,40,43,43,121,121,1080,1080,1242,1242,1144,1144,1098,1098,1038,1038,976,976,968,968,1029,1029,1055,1055,1070,1070,1140,1140,1082,1082,396,396,247,247,161,161,118,118,64,64,,,,,,,,,,,,,,,,,,,,,,,,,,,,,,,,,,,,,,,,,,,,,,,,
3007,1600,3158,3266,,0,0,0,0,0,0,0,0,0,0,0,0,0,0,0,2,2,3,3,3,3,2,2,2,2,2,2,2,2,2,2,2,2,2,2,2,2,2,2,1,1,1,1,0,0,0,0,0,0,,,,,,,,,,,,,,,,,,,,,,,,,,,,,,,,,,,,,,,,,,,,,,,,
3008,1600,2994,3194,,0,0,0,0,0,0,0,0,0,0,0,0,0,0,0,2,2,3,3,3,3,3,3,2,2,2,2,2,2,2,2,2,2,2,2,3,3,2,2,1,1,0,0,0,0,0,0,0,0,,,,,,,,,,,,,,,,,,,,,,,,,,,,,,,,,,,,,,,,,,,,,,,,
3009,1200,2994,3015,,0,0,0,0,0,0,0,0,0,0,0,0,0,1,1,5,5,6,6,6,6,5,5,5,5,5,5,5,5,5,5,5,5,5,5,5,5,5,5,2,2,1,1,1,1,0,0,0,0,,,,,,,,,,,,,,,,,,,,,,,,,,,,,,,,,,,,,,,,,,,,,,,,
301,4400,305,273,,0,38,38,40,40,28,28,30,30,35,35,38,38,106,106,1010,1010,1173,1173,1121,1121,1069,1069,1008,1008,921,921,970,970,952,952,997,997,1020,1020,1069,1069,975,975,299,299,192,192,130,130,94,94,48,48,,,,,,,,,,,,,,,,,,,,,,,,,,,,,,,,,,,,,,,,,,,,,,,,
3010,1200,2991,3016,,0,0,0,0,0,0,0,0,0,0,0,0,0,0,0,1,1,1,1,1,1,1,1,1,1,1,1,1,1,1,1,1,1,1,1,1,1,1,1,0,0,0,0,0,0,0,0,0,0,,,,,,,,,,,,,,,,,,,,,,,,,,,,,,,,,,,,,,,,,,,,,,,,
3011,1200,2991,3182,,0,53,53,55,55,38,38,42,42,48,48,53,53,146,146,715,715,891,891,804,804,768,768,707,707,638,638,676,676,679,679,669,669,696,696,738,738,671,671,411,411,264,264,178,178,130,130,66,66,,,,,,,,,,,,,,,,,,,,,,,,,,,,,,,,,,,,,,,,,,,,,,,,
3012,1600,3161,3052,3163;3017,2,0,0,0,0,0,0,0,0,0,0,0,0,1,1,4,4,4,4,4,4,4,4,3,3,3,3,3,3,3,3,3,3,3,3,4,4,3,3,2,2,1,1,1,1,0,0,0,0,,,,,,,,,,,,,,,,,,,,,,,,,,,,,,,,,,,,,,,,,,,,,,,,
3013,1200,3004,3016,,0,0,0,0,0,0,0,0,0,0,0,0,0,0,0,2,2,2,2,2,2,2,2,2,2,1,1,2,2,1,1,2,2,2,2,2,2,2,2,0,0,0,0,0,0,0,0,0,0,,,,,,,,,,,,,,,,,,,,,,,,,,,,,,,,,,,,,,,,,,,,,,,,
3014,1200,3151,3156,,0,0,0,0,0,0,0,0,0,0,0,0,0,1,1,4,4,5,5,4,4,4,4,4,4,4,4,4,4,4,4,4,4,4,4,4,4,4,4,2,2,1,1,1,1,1,1,0,0,,,,,,,,,,,,,,,,,,,,,,,,,,,,,,,,,,,,,,,,,,,,,,,,
3015,2500,13871,3023,3009;13873,2,0,0,0,0,0,0,0,0,0,0,0,0,0,0,1147,1147,1238,1238,1234,1234,1160,1160,1144,1144,1058,1058,1100,1100,1078,1078,1198,1198,1212,1212,1260,1260,1158,1158,0,0,0,0,0,0,0,0,0,0,,,,,,,,,,,,,,,,,,,,,,,,,,,,,,,,,,,,,,,,,,,,,,,,
3016,1600,3013,3183,3010;3028,2,53,53,55,55,38,38,42,42,48,48,53,53,146,146,715,715,891,891,804,804,768,768,707,707,638,638,676,676,679,679,669,669,696,696,738,738,671,671,411,411,264,264,178,178,130,130,66,66,,,,,,,,,,,,,,,,,,,,,,,,,,,,,,,,,,,,,,,,,,,,,,,,
3017,3500,3012,3020,,0,44,44,45,45,32,32,34,34,40,40,43,43,121,121,1080,1080,1242,1242,1144,1144,1098,1098,1038,1038,976,976,968,968,1029,1029,1055,1055,1070,1070,1140,1140,1082,1082,396,396,247,247,161,161,118,118,64,64,,,,,,,,,,,,,,,,,,,,,,,,,,,,,,,,,,,,,,,,,,,,,,,,
3018,800,3025,3156,,0,0,0,0,0,0,0,0,0,0,0,0,0,0,0,3,3,3,3,3,3,3,3,3,3,3,3,3,3,3,3,3,3,3,3,3,3,3,3,1,1,1,1,1,1,0,0,0,0,,,,,,,,,,,,,,,,,,,,,,,,,,,,,,,,,,,,,,,,,,,,,,,,
3019,800,,3164,,0,0,0,0,0,0,0,0,0,0,0,0,0,0,0,3,3,4,4,3,3,3,3,3,3,3,3,3,3,3,3,3,3,3,3,3,3,3,3,1,1,1,1,1,1,0,0,0,0,,,,,,,,,,,,,,,,,,,,,,,,,,,,,,,,,,,,,,,,,,,,,,,,
302,4400,457,566,,0,38,38,40,40,28,28,30,30,35,35,38,38,106,106,1010,1010,1173,1173,1121,1121,1069,1069,1008,1008,921,921,970,970,952,952,997,997,1020,1020,1069,1069,975,975,299,299,192,192,130,130,94,94,48,48,,,,,,,,,,,,,,,,,,,,,,,,,,,,,,,,,,,,,,,,,,,,,,,,
3020,3000,3157,3146,3017;3022,2,44,44,45,45,32,32,34,34,40,40,43,43,121,121,1080,1080,1242,1242,1144,1144,1098,1098,1038,1038,976,976,968,968,1029,1029,1055,1055,1070,1070,1140,1140,1082,1082,396,396,247,247,161,161,118,118,64,64,,,,,,,,,,,,,,,,,,,,,,,,,,,,,,,,,,,,,,,,,,,,,,,,
3021,1600,3194,2990,,0,0,0,0,0,0,0,0,0,0,0,0,0,0,0,2,2,2,2,2,2,2,2,2,2,2,2,2,2,2,2,2,2,2,2,2,2,2,2,1,1,0,0,0,0,0,0,0,0,,,,,,,,,,,,,,,,,,,,,,,,,,,,,,,,,,,,,,,,,,,,,,,,
3022,4000,3020,3025,,0,44,44,45,45,32,32,34,34,40,40,43,43,121,121,1080,1080,1242,1242,1144,1144,1098,1098,1038,1038,976,976,968,968,1029,1029,1055,1055,1070,1070,1140,1140,1082,1082,396,396,247,247,161,161,118,118,64,64,,,,,,,,,,,,,,,,,,,,,,,,,,,,,,,,,,,,,,,,,,,,,,,,
3023,1500,3015,3027,,0,0,0,0,0,0,0,0,0,0,0,0,0,0,0,1147,1147,1238,1238,1234,1234,1160,1160,1144,1144,1058,1058,1100,1100,1078,1078,1198,1198,1212,1212,1260,1260,1158,1158,0,0,0,0,0,0,0,0,0,0,,,,,,,,,,,,,,,,,,,,,,,,,,,,,,,,,,,,,,,,,,,,,,,,
3024,800,,3184,,0,0,0,0,0,0,0,0,0,0,0,0,0,0,0,2,2,2,2,2,2,2,2,2,2,2,2,2,2,2,2,2,2,2,2,2,2,2,2,1,1,0,0,0,0,0,0,0,0,,,,,,,,,,,,,,,,,,,,,,,,,,,,,,,,,,,,,,,,,,,,,,,,
3025,1600,3144,3018,3022;3148,2,0,0,0,0,0,0,0,0,0,0,0,0,1,1,4,4,5,5,4,4,4,4,4,4,3,3,3,3,4,4,4,4,4,4,4,4,4,4,2,2,1,1,1,1,1,1,0,0,,,,,,,,,,,,,,,,,,,,,,,,,,,,,,,,,,,,,,,,,,,,,,,,
3026,2000,3184,3173,,0,0,0,0,0,0,0,0,0,0,0,0,0,0,0,1147,1147,1238,1238,1234,1234,1160,1160,1144,1144,1058,1058,1100,1100,1078,1078,1198,1198,1212,1212,1260,1260,1158,1158,0,0,0,0,0,0,0,0,0,0,,,,,,,,,,,,,,,,,,,,,,,,,,,,,,,,,,,,,,,,,,,,,,,,
3027,2000,3023,3032,3193;3053,2,0,0,0,0,0,0,0,0,0,0,0,0,0,0,1147,1147,1238,1238,1234,1234,1160,1160,1144,1144,1058,1058,1100,1100,1078,1078,1198,1198,1212,1212,1260,1260,1158,1158,0,0,0,0,0,0,0,0,0,0,,,,,,,,,,,,,,,,,,,,,,,,,,,,,,,,,,,,,,,,,,,,,,,,
3028,1200,3016,3034,,0,0,0,0,0,0,0,0,0,0,0,0,0,0,0,2,2,3,3,3,3,3,3,2,2,2,2,2,2,2,2,2,2,2,2,3,3,2,2,1,1,0,0,0,0,0,0,0,0,,,,,,,,,,,,,,,,,,,,,,,,,,,,,,,,,,,,,,,,,,,,,,,,
3029,2000,3300,3035,,0,44,44,45,45,32,32,34,34,40,40,43,43,121,121,1080,1080,1242,1242,1144,1144,1098,1098,1038,1038,976,976,968,968,1029,1029,1055,1055,1070,1070,1140,1140,1082,1082,396,396,247,247,161,161,118,118,64,64,,,,,,,,,,,,,,,,,,,,,,,,,,,,,,,,,,,,,,,,,,,,,,,,
303,1200,309,280,,0,0,0,0,0,0,0,0,0,0,0,0,0,0,0,4,4,5,5,5,5,4,4,4,4,4,4,4,4,4,4,4,4,4,4,4,4,4,4,1,1,1,1,1,1,0,0,0,0,,,,,,,,,,,,,,,,,,,,,,,,,,,,,,,,,,,,,,,,,,,,,,,,
3030,4400,2931,3332,,0,0,0,0,0,0,0,0,0,0,0,0,0,0,0,1147,1147,1238,1238,1234,1234,1160,1160,1144,1144,1058,1058,1100,1100,1078,1078,1198,1198,1212,1212,1260,1260,1158,1158,0,0,0,0,0,0,0,0,0,0,,,,,,,,,,,,,,,,,,,,,,,,,,,,,,,,,,,,,,,,,,,,,,,,
3031,1600,3186,3034,,0,0,0,0,0,0,0,0,0,0,0,0,0,0,0,2,2,3,3,3,3,2,2,2,2,2,2,2,2,2,2,2,2,2,2,2,2,2,2,1,1,0,0,0,0,0,0,0,0,,,,,,,,,,,,,,,,,,,,,,,,,,,,,,,,,,,,,,,,,,,,,,,,
3032,1500,3027,3040,,0,0,0,0,0,0,0,0,0,0,0,0,0,0,0,1147,1147,1238,1238,1234,1234,1160,1160,1144,1144,1058,1058,1100,1100,1078,1078,1198,1198,1212,1212,1260,1260,1158,1158,0,0,0,0,0,0,0,0,0,0,,,,,,,,,,,,,,,,,,,,,,,,,,,,,,,,,,,,,,,,,,,,,,,,
3033,1500,3170,3035,,0,44,44,45,45,32,32,34,34,40,40,43,43,121,121,1080,1080,1242,1242,1144,1144,1098,1098,1038,1038,976,976,968,968,1029,1029,1055,1055,1070,1070,1140,1140,1082,1082,396,396,247,247,161,161,118,118,64,64,,,,,,,,,,,,,,,,,,,,,,,,,,,,,,,,,,,,,,,,,,,,,,,,
3034,1600,3031,3046,3028;3048,2,0,0,0,0,0,0,0,0,0,0,0,0,0,0,4,4,4,4,4,4,4,4,4,4,3,3,4,4,4,4,4,4,4,4,4,4,4,4,1,1,1,1,1,1,0,0,0,0,,,,,,,,,,,,,,,,,,,,,,,,,,,,,,,,,,,,,,,,,,,,,,,,
3035,2500,3045,3033,3029,1,44,44,45,45,32,32,34,34,40,40,43,43,121,121,1080,1080,1242,1242,1144,1144,1098,1098,1038,1038,976,976,968,968,1029,1029,1055,1055,1070,1070,1140,1140,1082,1082,396,396,247,247,161,161,118,118,64,64,,,,,,,,,,,,,,,,,,,,,,,,,,,,,,,,,,,,,,,,,,,,,,,,
3036,800,,3196,,0,0,0,0,0,0,0,0,0,0,0,0,0,0,0,4,4,5,5,5,5,5,5,4,4,4,4,4,4,4,4,4,4,4,4,5,5,4,4,1,1,1,1,1,1,0,0,0,0,,,,,,,,,,,,,,,,,,,,,,,,,,,,,,,,,,,,,,,,,,,,,,,,
3037,3000,3166,3168,,0,44,44,45,45,32,32,34,34,40,40,43,43,121,121,1080,1080,1242,1242,1144,1144,1098,1098,1038,1038,976,976,968,968,1029,1029,1055,1055,1070,1070,1140,1140,1082,1082,396,396,247,247,161,161,118,118,64,64,,,,,,,,,,,,,,,,,,,,,,,,,,,,,,,,,,,,,,,,,,,,,,,,
3038,4400,5715,3149,,0,63,63,65,65,46,46,49,49,57,57,62,62,174,174,982,982,1182,1182,1077,1077,1043,1043,955,955,884,884,900,900,934,934,926,926,948,948,1012,1012,944,944,526,526,333,333,221,221,161,161,84,84,,,,,,,,,,,,,,,,,,,,,,,,,,,,,,,,,,,,,,,,,,,,,,,,
3039,1200,3186,3044,,0,0,0,0,0,0,0,0,0,0,0,0,0,0,0,4,4,4,4,4,4,4,4,3,3,3,3,3,3,3,3,3,3,4,4,4,4,3,3,1,1,1,1,0,0,0,0,0,0,,,,,,,,,,,,,,,,,,,,,,,,,,,,,,,,,,,,,,,,,,,,,,,,
304,1200,538,311,,0,0,0,0,0,0,0,0,0,0,0,0,0,0,0,1,1,2,2,2,2,2,2,1,1,1,1,1,1,1,1,1,1,1,1,2,2,1,1,1,1,0,0,0,0,0,0,0,0,,,,,,,,,,,,,,,,,,,,,,,,,,,,,,,,,,,,,,,,,,,,,,,,
3040,2500,3032,3042,3188,1,0,0,0,0,0,0,0,0,0,0,0,0,0,0,1147,1147,1238,1238,1234,1234,1160,1160,1144,1144,1058,1058,1100,1100,1078,1078,1198,1198,1212,1212,1260,1260,1158,1158,0,0,0,0,0,0,0,0,0,0,,,,,,,,,,,,,,,,,,,,,,,,,,,,,,,,,,,,,,,,,,,,,,,,
3041,1200,3147,3145,,0,0,0,0,0,0,0,0,0,0,0,0,0,0,0,2,2,3,3,2,2,2,2,2,2,2,2,2,2,2,2,2,2,2,2,2,2,2,2,1,1,1,1,0,0,0,0,0,0,,,,,,,,,,,,,,,,,,,,,,,,,,,,,,,,,,,,,,,,,,,,,,,,
3042,1500,3044,3040,,0,0,0,0,0,0,0,0,0,0,0,0,0,0,0,1147,1147,1238,1238,1234,1234,1160,1160,1144,1144,1058,1058,1100,1100,1078,1078,1198,1198,1212,1212,1260,1260,1158,1158,0,0,0,0,0,0,0,0,0,0,,,,,,,,,,,,,,,,,,,,,,,,,,,,,,,,,,,,,,,,,,,,,,,,
3043,4400,3047,2993,,0,44,44,45,45,32,32,34,34,40,40,43,43,121,121,1080,1080,1242,1242,1144,1144,1098,1098,1038,1038,976,976,968,968,1029,1029,1055,1055,1070,1070,1140,1140,1082,1082,396,396,247,247,161,161,118,118,64,64,,,,,,,,,,,,,,,,,,,,,,,,,,,,,,,,,,,,,,,,,,,,,,,,
3044,2500,3042,3051,3039,1,0,0,0,0,0,0,0,0,0,0,0,0,0,0,1147,1147,1238,1238,1234,1234,1160,1160,1144,1144,1058,1058,1100,1100,1078,1078,1198,1198,1212,1212,1260,1260,1158,1158,0,0,0,0,0,0,0,0,0,0,,,,,,,,,,,,,,,,,,,,,,,,,,,,,,,,,,,,,,,,,,,,,,,,
3045,1500,3166,3035,,0,44,44,45,45,32,32,34,34,40,40,43,43,121,121,1080,1080,1242,1242,1144,1144,1098,1098,1038,1038,976,976,968,968,1029,1029,1055,1055,1070,1070,1140,1140,1082,1082,396,396,247,247,161,161,118,118,64,64,,,,,,,,,,,,,,,,,,,,,,,,,,,,,,,,,,,,,,,,,,,,,,,,
3046,1600,3171,3034,,0,0,0,0,0,0,0,0,0,0,0,0,0,0,0,2,2,2,2,2,2,2,2,2,2,2,2,2,2,2,2,2,2,2,2,2,2,2,2,1,1,0,0,0,0,0,0,0,0,,,,,,,,,,,,,,,,,,,,,,,,,,,,,,,,,,,,,,,,,,,,,,,,
3047,2500,3165,3043,,0,44,44,45,45,32,32,34,34,40,40,43,43,121,121,1080,1080,1242,1242,1144,1144,1098,1098,1038,1038,976,976,968,968,1029,1029,1055,1055,1070,1070,1140,1140,1082,1082,396,396,247,247,161,161,118,118,64,64,,,,,,,,,,,,,,,,,,,,,,,,,,,,,,,,,,,,,,,,,,,,,,,,
3048,1200,,3034,,0,0,0,0,0,0,0,0,0,0,0,0,0,1,1,5,5,6,6,6,6,5,5,5,5,5,5,5,5,5,5,5,5,5,5,5,5,5,5,2,2,1,1,1,1,0,0,0,0,,,,,,,,,,,,,,,,,,,,,,,,,,,,,,,,,,,,,,,,,,,,,,,,
3049,1600,3192,3196,,0,0,0,0,0,0,0,0,0,0,0,0,0,1,1,5,5,6,6,6,6,5,5,5,5,5,5,5,5,5,5,5,5,5,5,5,5,5,5,2,2,1,1,1,1,0,0,0,0,,,,,,,,,,,,,,,,,,,,,,,,,,,,,,,,,,,,,,,,,,,,,,,,
305,2500,307,300,301;323,2,38,38,40,40,28,28,30,30,35,35,38,38,106,106,1010,1010,1173,1173,1121,1121,1069,1069,1008,1008,921,921,970,970,952,952,997,997,1020,1020,1069,1069,975,975,299,299,192,192,130,130,94,94,48,48,,,,,,,,,,,,,,,,,,,,,,,,,,,,,,,,,,,,,,,,,,,,,,,,
3050,2500,,3005,,0,67,67,70,70,49,49,53,53,62,62,67,67,186,186,910,910,1134,1134,1023,1023,977,977,900,900,812,812,861,861,864,864,851,851,886,886,939,939,854,854,524,524,336,336,227,227,165,165,84,84,,,,,,,,,,,,,,,,,,,,,,,,,,,,,,,,,,,,,,,,,,,,,,,,
3051,1600,3044,,,0,53,53,55,55,38,38,42,42,48,48,53,53,146,146,715,715,891,891,804,804,768,768,707,707,638,638,676,676,679,679,669,669,696,696,738,738,671,671,411,411,264,264,178,178,130,130,66,66,,,,,,,,,,,,,,,,,,,,,,,,,,,,,,,,,,,,,,,,,,,,,,,,
3052,1600,3012,,,0,53,53,55,55,38,38,42,42,48,48,53,53,146,146,715,715,891,891,804,804,768,768,707,707,638,638,676,676,679,679,669,669,696,696,738,738,671,671,411,411,264,264,178,178,130,130,66,66,,,,,,,,,,,,,,,,,,,,,,,,,,,,,,,,,,,,,,,,,,,,,,,,
3053,1600,3027,3192,,0,0,0,0,0,0,0,0,0,0,0,0,0,0,0,4,4,5,5,5,5,4,4,4,4,4,4,4,4,4,4,4,4,4,4,4,4,4,4,1,1,1,1,1,1,0,0,0,0,,,,,,,,,,,,,,,,,,,,,,,,,,,,,,,,,,,,,,,,,,,,,,,,
3054,2500,2964,3177,,0,44,44,45,45,32,32,34,34,40,40,43,43,121,121,1080,1080,1242,1242,1144,1144,1098,1098,1038,1038,976,976,968,968,1029,1029,1055,1055,1070,1070,1140,1140,1082,1082,396,396,247,247,161,161,118,118,64,64,,,,,,,,,,,,,,,,,,,,,,,,,,,,,,,,,,,,,,,,,,,,,,,,
3055,4400,,3170,,0,44,44,45,45,32,32,34,34,40,40,43,43,121,121,1080,1080,1242,1242,1144,1144,1098,1098,1038,1038,976,976,968,968,1029,1029,1055,1055,1070,1070,1140,1140,1082,1082,396,396,247,247,161,161,118,118,64,64,,,,,,,,,,,,,,,,,,,,,,,,,,,,,,,,,,,,,,,,,,,,,,,,
3056,3300,2846,3057,,0,57,57,59,59,41,41,45,45,52,52,57,57,158,158,972,972,1165,1165,1080,1080,1042,1042,958,958,879,879,914,914,920,920,926,926,950,950,1007,1007,926,926,462,462,294,294,197,197,143,143,74,74,,,,,,,,,,,,,,,,,,,,,,,,,,,,,,,,,,,,,,,,,,,,,,,,
3057,2500,2857,3056,2896,1,57,57,59,59,41,41,45,45,52,52,57,57,158,158,972,972,1165,1165,1080,1080,1042,1042,958,958,879,879,914,914,920,920,926,926,950,950,1007,1007,926,926,462,462,294,294,197,197,143,143,74,74,,,,,,,,,,,,,,,,,,,,,,,,,,,,,,,,,,,,,,,,,,,,,,,,
3058,3300,3059,2846,,0,57,57,59,59,41,41,45,45,52,52,57,57,158,158,972,972,1165,1165,1080,1080,1042,1042,958,958,879,879,914,914,920,920,926,926,950,950,1007,1007,926,926,462,462,294,294,197,197,143,143,74,74,,,,,,,,,,,,,,,,,,,,,,,,,,,,,,,,,,,,,,,,,,,,,,,,
3059,3000,3058,3060,2855,1,57,57,59,59,41,41,45,45,52,52,57,57,158,158,972,972,1165,1165,1080,1080,1042,1042,958,958,879,879,914,914,920,920,926,926,950,950,1007,1007,926,926,462,462,294,294,197,197,143,143,74,74,,,,,,,,,,,,,,,,,,,,,,,,,,,,,,,,,,,,,,,,,,,,,,,,
306,1600,316,292,,0,0,0,0,0,0,0,0,0,0,0,0,0,1,1,7,7,8,8,7,7,7,7,7,7,6,6,6,6,6,6,6,6,7,7,7,7,7,7,3,3,2,2,1,1,1,1,1,1,,,,,,,,,,,,,,,,,,,,,,,,,,,,,,,,,,,,,,,,,,,,,,,,
3060,600,3061,3059,,0,0,0,0,0,0,0,0,0,0,0,0,0,1,1,6,6,7,7,6,6,6,6,6,6,5,5,5,5,5,5,5,5,6,6,6,6,5,5,3,3,2,2,1,1,1,1,0,0,,,,,,,,,,,,,,,,,,,,,,,,,,,,,,,,,,,,,,,,,,,,,,,,
3061,3000,3062,2825,3060,1,57,57,59,59,41,41,45,45,52,52,57,57,158,158,972,972,1165,1165,1080,1080,1042,1042,958,958,879,879,914,914,920,920,926,926,950,950,1007,1007,926,926,462,462,294,294,197,197,143,143,74,74,,,,,,,,,,,,,,,,,,,,,,,,,,,,,,,,,,,,,,,,,,,,,,,,
3062,3000,3063,3061,,0,57,57,59,59,41,41,45,45,52,52,57,57,158,158,972,972,1165,1165,1080,1080,1042,1042,958,958,879,879,914,914,920,920,926,926,950,950,1007,1007,926,926,462,462,294,294,197,197,143,143,74,74,,,,,,,,,,,,,,,,,,,,,,,,,,,,,,,,,,,,,,,,,,,,,,,,
3063,1600,2864,3062,2840,1,0,0,0,0,0,0,0,0,0,0,0,0,1,1,5,5,6,6,6,6,6,6,5,5,5,5,5,5,5,5,5,5,5,5,6,6,5,5,3,3,2,2,1,1,1,1,0,0,,,,,,,,,,,,,,,,,,,,,,,,,,,,,,,,,,,,,,,,,,,,,,,,
3064,800,2861,3065,,0,0,0,0,0,0,0,0,0,0,0,0,0,0,0,3,3,4,4,4,4,4,4,3,3,3,3,3,3,3,3,3,3,3,3,4,4,3,3,2,2,1,1,1,1,0,0,0,0,,,,,,,,,,,,,,,,,,,,,,,,,,,,,,,,,,,,,,,,,,,,,,,,
3065,800,3064,2873,2864,1,0,0,0,0,0,0,0,0,0,0,0,0,0,0,3,3,3,3,3,3,3,3,3,3,3,3,3,3,3,3,3,3,3,3,3,3,3,3,1,1,1,1,1,1,0,0,0,0,,,,,,,,,,,,,,,,,,,,,,,,,,,,,,,,,,,,,,,,,,,,,,,,
3066,2500,3067,2890,,0,44,44,45,45,32,32,34,34,40,40,43,43,121,121,1080,1080,1242,1242,1144,1144,1098,1098,1038,1038,976,976,968,968,1029,1029,1055,1055,1070,1070,1140,1140,1082,1082,396,396,247,247,161,161,118,118,64,64,,,,,,,,,,,,,,,,,,,,,,,,,,,,,,,,,,,,,,,,,,,,,,,,
3067,2000,3066,2887,3069,1,44,44,45,45,32,32,34,34,40,40,43,43,121,121,1080,1080,1242,1242,1144,1144,1098,1098,1038,1038,976,976,968,968,1029,1029,1055,1055,1070,1070,1140,1140,1082,1082,396,396,247,247,161,161,118,118,64,64,,,,,,,,,,,,,,,,,,,,,,,,,,,,,,,,,,,,,,,,,,,,,,,,
3068,1200,3069,2873,3070,1,0,0,0,0,0,0,0,0,0,0,0,0,1,1,5,5,6,6,5,5,5,5,5,5,4,4,4,4,5,5,5,5,5,5,5,5,5,5,2,2,1,1,1,1,1,1,0,0,,,,,,,,,,,,,,,,,,,,,,,,,,,,,,,,,,,,,,,,,,,,,,,,
3069,1000,3067,,3068,1,44,44,45,45,32,32,34,34,40,40,43,43,121,121,1080,1080,1242,1242,1144,1144,1098,1098,1038,1038,976,976,968,968,1029,1029,1055,1055,1070,1070,1140,1140,1082,1082,396,396,247,247,161,161,118,118,64,64,,,,,,,,,,,,,,,,,,,,,,,,,,,,,,,,,,,,,,,,,,,,,,,,
307,1500,309,305,,0,38,38,40,40,28,28,30,30,35,35,38,38,106,106,1010,1010,1173,1173,1121,1121,1069,1069,1008,1008,921,921,970,970,952,952,997,997,1020,1020,1069,1069,975,975,299,299,192,192,130,130,94,94,48,48,,,,,,,,,,,,,,,,,,,,,,,,,,,,,,,,,,,,,,,,,,,,,,,,
3070,800,3071,3068,,0,0,0,0,0,0,0,0,0,0,0,0,0,0,0,3,3,3,3,3,3,3,3,3,3,3,3,3,3,3,3,3,3,3,3,3,3,3,3,1,1,1,1,1,1,0,0,0,0,,,,,,,,,,,,,,,,,,,,,,,,,,,,,,,,,,,,,,,,,,,,,,,,
3071,1200,3070,2876,2853,1,0,0,0,0,0,0,0,0,0,0,0,0,1,1,6,6,7,7,7,7,7,7,6,6,6,6,6,6,6,6,6,6,6,6,6,6,6,6,3,3,2,2,1,1,1,1,0,0,,,,,,,,,,,,,,,,,,,,,,,,,,,,,,,,,,,,,,,,,,,,,,,,
3072,800,3073,3075,,0,0,0,0,0,0,0,0,0,0,0,0,0,0,0,1,1,1,1,1,1,1,1,1,1,1,1,1,1,1,1,1,1,1,1,1,1,1,1,0,0,0,0,0,0,0,0,0,0,,,,,,,,,,,,,,,,,,,,,,,,,,,,,,,,,,,,,,,,,,,,,,,,
3073,800,3072,5534,2893,1,0,0,0,0,0,0,0,0,0,0,0,0,0,0,1,1,1,1,1,1,1,1,1,1,1,1,1,1,1,1,1,1,1,1,1,1,1,1,0,0,0,0,0,0,0,0,0,0,,,,,,,,,,,,,,,,,,,,,,,,,,,,,,,,,,,,,,,,,,,,,,,,
3074,800,2909,3298,,0,0,0,0,0,0,0,0,0,0,0,0,0,0,0,3,3,3,3,3,3,3,3,2,2,2,2,2,2,2,2,2,2,3,3,3,3,2,2,1,1,1,1,0,0,0,0,0,0,,,,,,,,,,,,,,,,,,,,,,,,,,,,,,,,,,,,,,,,,,,,,,,,
3075,800,2903,3295,3072,1,53,53,55,55,38,38,42,42,48,48,53,53,146,146,715,715,891,891,804,804,768,768,707,707,638,638,676,676,679,679,669,669,696,696,738,738,671,671,411,411,264,264,178,178,130,130,66,66,,,,,,,,,,,,,,,,,,,,,,,,,,,,,,,,,,,,,,,,,,,,,,,,
3076,4400,2846,3077,,0,57,57,59,59,41,41,45,45,52,52,57,57,158,158,972,972,1165,1165,1080,1080,1042,1042,958,958,879,879,914,914,920,920,926,926,950,950,1007,1007,926,926,462,462,294,294,197,197,143,143,74,74,,,,,,,,,,,,,,,,,,,,,,,,,,,,,,,,,,,,,,,,,,,,,,,,
3077,400,2798,2831,3076,1,0,0,0,0,0,0,0,0,0,0,0,0,1,1,4,4,5,5,4,4,4,4,4,4,4,4,4,4,4,4,4,4,4,4,4,4,4,4,2,2,1,1,1,1,1,1,0,0,,,,,,,,,,,,,,,,,,,,,,,,,,,,,,,,,,,,,,,,,,,,,,,,
3078,1500,2749,3087,,0,57,57,59,59,41,41,45,45,52,52,57,57,158,158,972,972,1165,1165,1080,1080,1042,1042,958,958,879,879,914,914,920,920,926,926,950,950,1007,1007,926,926,462,462,294,294,197,197,143,143,74,74,,,,,,,,,,,,,,,,,,,,,,,,,,,,,,,,,,,,,,,,,,,,,,,,
3079,400,2798,3080,3086,1,0,0,0,0,0,0,0,0,0,0,0,0,0,0,3,3,3,3,3,3,3,3,3,3,3,3,3,3,3,3,3,3,3,3,3,3,3,3,1,1,1,1,1,1,0,0,0,0,,,,,,,,,,,,,,,,,,,,,,,,,,,,,,,,,,,,,,,,,,,,,,,,
308,800,311,309,,0,0,0,0,0,0,0,0,0,0,0,0,0,1,1,6,6,8,8,7,7,7,7,6,6,6,6,6,6,6,6,6,6,7,7,7,7,6,6,2,2,1,1,1,1,1,1,0,0,,,,,,,,,,,,,,,,,,,,,,,,,,,,,,,,,,,,,,,,,,,,,,,,
3080,1200,3081,3079,,0,0,0,0,0,0,0,0,0,0,0,0,0,0,0,2,2,2,2,2,2,2,2,2,2,2,2,2,2,2,2,2,2,2,2,2,2,2,2,1,1,1,1,0,0,0,0,0,0,,,,,,,,,,,,,,,,,,,,,,,,,,,,,,,,,,,,,,,,,,,,,,,,
3081,800,3080,3082,2804,1,0,0,0,0,0,0,0,0,0,0,0,0,0,0,2,2,2,2,2,2,2,2,2,2,1,1,2,2,2,2,2,2,2,2,2,2,2,2,1,1,0,0,0,0,0,0,0,0,,,,,,,,,,,,,,,,,,,,,,,,,,,,,,,,,,,,,,,,,,,,,,,,
3082,1200,3081,3083,,0,0,0,0,0,0,0,0,0,0,0,0,0,0,0,2,2,3,3,3,3,3,3,2,2,2,2,2,2,2,2,2,2,2,2,2,2,2,2,1,1,1,1,0,0,0,0,0,0,,,,,,,,,,,,,,,,,,,,,,,,,,,,,,,,,,,,,,,,,,,,,,,,
3083,300,2811,2825,3082,1,0,0,0,0,0,0,0,0,0,0,0,0,0,0,3,3,3,3,3,3,3,3,3,3,3,3,3,3,3,3,3,3,3,3,3,3,3,3,1,1,1,1,1,1,0,0,0,0,,,,,,,,,,,,,,,,,,,,,,,,,,,,,,,,,,,,,,,,,,,,,,,,
3084,4400,3085,2902,,0,44,44,45,45,32,32,34,34,40,40,43,43,121,121,1080,1080,1242,1242,1144,1144,1098,1098,1038,1038,976,976,968,968,1029,1029,1055,1055,1070,1070,1140,1140,1082,1082,396,396,247,247,161,161,118,118,64,64,,,,,,,,,,,,,,,,,,,,,,,,,,,,,,,,,,,,,,,,,,,,,,,,
3085,550,3084,2894,2896,1,44,44,45,45,32,32,34,34,40,40,43,43,121,121,1080,1080,1242,1242,1144,1144,1098,1098,1038,1038,976,976,968,968,1029,1029,1055,1055,1070,1070,1140,1140,1082,1082,396,396,247,247,161,161,118,118,64,64,,,,,,,,,,,,,,,,,,,,,,,,,,,,,,,,,,,,,,,,,,,,,,,,
3086,800,3087,3079,,0,0,0,0,0,0,0,0,0,0,0,0,0,1,1,4,4,4,4,4,4,4,4,4,4,3,3,3,3,3,3,3,3,4,4,4,4,3,3,2,2,1,1,1,1,1,1,0,0,,,,,,,,,,,,,,,,,,,,,,,,,,,,,,,,,,,,,,,,,,,,,,,,
3087,800,3086,3078,2775,1,0,0,0,0,0,0,0,0,0,0,0,0,1,1,5,5,6,6,5,5,5,5,5,5,4,4,5,5,5,5,5,5,5,5,5,5,5,5,2,2,1,1,1,1,1,1,0,0,,,,,,,,,,,,,,,,,,,,,,,,,,,,,,,,,,,,,,,,,,,,,,,,
3088,3000,3099,3097,,0,57,57,59,59,41,41,45,45,52,52,57,57,158,158,972,972,1165,1165,1080,1080,1042,1042,958,958,879,879,914,914,920,920,926,926,950,950,1007,1007,926,926,462,462,294,294,197,197,143,143,74,74,,,,,,,,,,,,,,,,,,,,,,,,,,,,,,,,,,,,,,,,,,,,,,,,
3089,1200,2821,2793,3090;3096,2,0,0,0,0,0,0,0,0,0,0,0,0,1,1,4,4,5,5,4,4,4,4,4,4,4,4,4,4,4,4,4,4,4,4,4,4,4,4,2,2,1,1,1,1,1,1,0,0,,,,,,,,,,,,,,,,,,,,,,,,,,,,,,,,,,,,,,,,,,,,,,,,
309,1500,308,307,303;332,2,38,38,40,40,28,28,30,30,35,35,38,38,106,106,1010,1010,1173,1173,1121,1121,1069,1069,1008,1008,921,921,970,970,952,952,997,997,1020,1020,1069,1069,975,975,299,299,192,192,130,130,94,94,48,48,,,,,,,,,,,,,,,,,,,,,,,,,,,,,,,,,,,,,,,,,,,,,,,,
3090,2500,3093,3089,,0,57,57,59,59,41,41,45,45,52,52,57,57,158,158,972,972,1165,1165,1080,1080,1042,1042,958,958,879,879,914,914,920,920,926,926,950,950,1007,1007,926,926,462,462,294,294,197,197,143,143,74,74,,,,,,,,,,,,,,,,,,,,,,,,,,,,,,,,,,,,,,,,,,,,,,,,
3091,400,3092,3093,,0,0,0,0,0,0,0,0,0,0,0,0,0,1,1,6,6,7,7,6,6,6,6,6,6,5,5,5,5,5,5,6,6,6,6,6,6,6,6,3,3,2,2,1,1,1,1,0,0,,,,,,,,,,,,,,,,,,,,,,,,,,,,,,,,,,,,,,,,,,,,,,,,
3092,2500,2813,2788,3091,1,57,57,59,59,41,41,45,45,52,52,57,57,158,158,972,972,1165,1165,1080,1080,1042,1042,958,958,879,879,914,914,920,920,926,926,950,950,1007,1007,926,926,462,462,294,294,197,197,143,143,74,74,,,,,,,,,,,,,,,,,,,,,,,,,,,,,,,,,,,,,,,,,,,,,,,,
3093,1200,2820,3090,3091,1,0,0,0,0,0,0,0,0,0,0,0,0,1,1,5,5,6,6,6,6,5,5,5,5,5,5,5,5,5,5,5,5,5,5,5,5,5,5,2,2,2,2,1,1,1,1,0,0,,,,,,,,,,,,,,,,,,,,,,,,,,,,,,,,,,,,,,,,,,,,,,,,
3094,1200,3095,2828,,0,0,0,0,0,0,0,0,0,0,0,0,0,0,0,3,3,4,4,3,3,3,3,3,3,3,3,3,3,3,3,3,3,3,3,3,3,3,3,1,1,1,1,1,1,0,0,0,0,,,,,,,,,,,,,,,,,,,,,,,,,,,,,,,,,,,,,,,,,,,,,,,,
3095,800,2824,3094,2820,1,0,0,0,0,0,0,0,0,0,0,0,0,0,0,3,3,3,3,3,3,3,3,3,3,2,2,2,2,2,2,2,2,3,3,3,3,2,2,1,1,1,1,1,1,0,0,0,0,,,,,,,,,,,,,,,,,,,,,,,,,,,,,,,,,,,,,,,,,,,,,,,,
3096,3000,3097,3089,,0,57,57,59,59,41,41,45,45,52,52,57,57,158,158,972,972,1165,1165,1080,1080,1042,1042,958,958,879,879,914,914,920,920,926,926,950,950,1007,1007,926,926,462,462,294,294,197,197,143,143,74,74,,,,,,,,,,,,,,,,,,,,,,,,,,,,,,,,,,,,,,,,,,,,,,,,
3097,1600,2800,3096,3088,1,0,0,0,0,0,0,0,0,0,0,0,0,1,1,5,5,5,5,5,5,5,5,5,5,4,4,4,4,4,4,4,4,4,4,5,5,4,4,2,2,1,1,1,1,1,1,0,0,,,,,,,,,,,,,,,,,,,,,,,,,,,,,,,,,,,,,,,,,,,,,,,,
3098,2500,3099,2818,,0,57,57,59,59,41,41,45,45,52,52,57,57,158,158,972,972,1165,1165,1080,1080,1042,1042,958,958,879,879,914,914,920,920,926,926,950,950,1007,1007,926,926,462,462,294,294,197,197,143,143,74,74,,,,,,,,,,,,,,,,,,,,,,,,,,,,,,,,,,,,,,,,,,,,,,,,
3099,2500,3088,2806,3098,1,57,57,59,59,41,41,45,45,52,52,57,57,158,158,972,972,1165,1165,1080,1080,1042,1042,958,958,879,879,914,914,920,920,926,926,950,950,1007,1007,926,926,462,462,294,294,197,197,143,143,74,74,,,,,,,,,,,,,,,,,,,,,,,,,,,,,,,,,,,,,,,,,,,,,,,,
31,2000,11,349,,0,27,27,28,28,20,20,21,21,25,25,27,27,74,74,1049,1049,1182,1182,1170,1170,1126,1126,1056,1056,970,970,1022,1022,982,982,1052,1052,1066,1066,1112,1112,1010,1010,210,210,134,134,91,91,66,66,34,34,,,,,,,,,,,,,,,,,,,,,,,,,,,,,,,,,,,,,,,,,,,,,,,,
310,1500,316,529,,0,54,54,56,56,39,39,42,42,50,50,54,54,149,149,956,956,1147,1147,1075,1075,1033,1033,954,954,866,866,918,918,901,901,917,917,943,943,993,993,901,901,419,419,269,269,182,182,132,132,67,67,,,,,,,,,,,,,,,,,,,,,,,,,,,,,,,,,,,,,,,,,,,,,,,,
3100,4000,2818,3101,,0,57,57,59,59,41,41,45,45,52,52,57,57,158,158,972,972,1165,1165,1080,1080,1042,1042,958,958,879,879,914,914,920,920,926,926,950,950,1007,1007,926,926,462,462,294,294,197,197,143,143,74,74,,,,,,,,,,,,,,,,,,,,,,,,,,,,,,,,,,,,,,,,,,,,,,,,
3101,2000,2790,3100,2810,1,57,57,59,59,41,41,45,45,52,52,57,57,158,158,972,972,1165,1165,1080,1080,1042,1042,958,958,879,879,914,914,920,920,926,926,950,950,1007,1007,926,926,462,462,294,294,197,197,143,143,74,74,,,,,,,,,,,,,,,,,,,,,,,,,,,,,,,,,,,,,,,,,,,,,,,,
3102,1200,3103,3210,,0,0,0,0,0,0,0,0,0,0,0,0,0,1,1,5,5,6,6,5,5,5,5,5,5,4,4,4,4,4,4,4,4,5,5,5,5,4,4,2,2,1,1,1,1,1,1,0,0,,,,,,,,,,,,,,,,,,,,,,,,,,,,,,,,,,,,,,,,,,,,,,,,
3103,500,2806,3102,3104,1,57,57,59,59,41,41,45,45,52,52,57,57,158,158,972,972,1165,1165,1080,1080,1042,1042,958,958,879,879,914,914,920,920,926,926,950,950,1007,1007,926,926,462,462,294,294,197,197,143,143,74,74,,,,,,,,,,,,,,,,,,,,,,,,,,,,,,,,,,,,,,,,,,,,,,,,
3104,1200,3105,3103,,0,0,0,0,0,0,0,0,0,0,0,0,0,1,1,5,5,6,6,6,6,6,6,5,5,5,5,5,5,5,5,5,5,5,5,5,5,5,5,3,3,2,2,1,1,1,1,0,0,,,,,,,,,,,,,,,,,,,,,,,,,,,,,,,,,,,,,,,,,,,,,,,,
3105,800,3106,3104,2800,1,0,0,0,0,0,0,0,0,0,0,0,0,0,0,3,3,3,3,3,3,3,3,3,3,2,2,2,2,2,2,2,2,3,3,3,3,2,2,1,1,1,1,1,1,0,0,0,0,,,,,,,,,,,,,,,,,,,,,,,,,,,,,,,,,,,,,,,,,,,,,,,,
3106,1200,3105,3107,,0,0,0,0,0,0,0,0,0,0,0,0,0,0,0,2,2,3,3,2,2,2,2,2,2,2,2,2,2,2,2,2,2,2,2,2,2,2,2,1,1,1,1,0,0,0,0,0,0,,,,,,,,,,,,,,,,,,,,,,,,,,,,,,,,,,,,,,,,,,,,,,,,
3107,800,2774,3106,2793,1,0,0,0,0,0,0,0,0,0,0,0,0,0,0,2,2,2,2,2,2,2,2,2,2,2,2,2,2,2,2,2,2,2,2,2,2,2,2,1,1,1,1,0,0,0,0,0,0,,,,,,,,,,,,,,,,,,,,,,,,,,,,,,,,,,,,,,,,,,,,,,,,
3108,800,3212,3109,,0,0,0,0,0,0,0,0,0,0,0,0,0,0,0,3,3,3,3,3,3,3,3,2,2,2,2,2,2,2,2,2,2,2,2,3,3,2,2,1,1,1,1,1,1,0,0,0,0,,,,,,,,,,,,,,,,,,,,,,,,,,,,,,,,,,,,,,,,,,,,,,,,
3109,800,3108,2788,2774,1,0,0,0,0,0,0,0,0,0,0,0,0,0,0,2,2,2,2,2,2,2,2,2,2,2,2,2,2,2,2,2,2,2,2,2,2,2,2,1,1,1,1,0,0,0,0,0,0,,,,,,,,,,,,,,,,,,,,,,,,,,,,,,,,,,,,,,,,,,,,,,,,
311,1600,2647,304,308;313,2,0,0,0,0,0,0,0,0,0,0,0,0,0,0,3,3,4,4,4,4,4,4,3,3,3,3,3,3,3,3,3,3,3,3,4,4,3,3,1,1,1,1,1,1,0,0,0,0,,,,,,,,,,,,,,,,,,,,,,,,,,,,,,,,,,,,,,,,,,,,,,,,
3110,3500,2843,3111,,0,57,57,59,59,41,41,45,45,52,52,57,57,158,158,972,972,1165,1165,1080,1080,1042,1042,958,958,879,879,914,914,920,920,926,926,950,950,1007,1007,926,926,462,462,294,294,197,197,143,143,74,74,,,,,,,,,,,,,,,,,,,,,,,,,,,,,,,,,,,,,,,,,,,,,,,,
3111,2500,3112,3110,2960,1,44,44,45,45,32,32,34,34,40,40,43,43,121,121,1080,1080,1242,1242,1144,1144,1098,1098,1038,1038,976,976,968,968,1029,1029,1055,1055,1070,1070,1140,1140,1082,1082,396,396,247,247,161,161,118,118,64,64,,,,,,,,,,,,,,,,,,,,,,,,,,,,,,,,,,,,,,,,,,,,,,,,
3112,1500,3113,3111,,0,44,44,45,45,32,32,34,34,40,40,43,43,121,121,1080,1080,1242,1242,1144,1144,1098,1098,1038,1038,976,976,968,968,1029,1029,1055,1055,1070,1070,1140,1140,1082,1082,396,396,247,247,161,161,118,118,64,64,,,,,,,,,,,,,,,,,,,,,,,,,,,,,,,,,,,,,,,,,,,,,,,,
3113,800,3112,2888,2872,1,0,0,0,0,0,0,0,0,0,0,0,0,0,0,4,4,4,4,4,4,4,4,3,3,3,3,3,3,3,3,3,3,3,3,4,4,3,3,2,2,1,1,1,1,0,0,0,0,,,,,,,,,,,,,,,,,,,,,,,,,,,,,,,,,,,,,,,,,,,,,,,,
3114,1600,3115,2808,,0,0,0,0,0,0,0,0,0,0,0,0,0,0,0,6,6,7,7,7,7,6,6,6,6,6,6,6,6,6,6,6,6,6,6,7,7,6,6,1,1,1,1,1,1,0,0,0,0,,,,,,,,,,,,,,,,,,,,,,,,,,,,,,,,,,,,,,,,,,,,,,,,
3115,300,2803,3114,3116,1,0,0,0,0,0,0,0,0,0,0,0,0,0,0,5,5,6,6,6,6,5,5,5,5,5,5,5,5,5,5,5,5,5,5,5,5,5,5,1,1,1,1,0,0,0,0,0,0,,,,,,,,,,,,,,,,,,,,,,,,,,,,,,,,,,,,,,,,,,,,,,,,
3116,1600,3117,3115,,0,0,0,0,0,0,0,0,0,0,0,0,0,0,0,4,4,4,4,4,4,4,4,4,4,3,3,4,4,3,3,4,4,4,4,4,4,4,4,1,1,0,0,0,0,0,0,0,0,,,,,,,,,,,,,,,,,,,,,,,,,,,,,,,,,,,,,,,,,,,,,,,,
3117,1600,3116,3118,2807,1,0,0,0,0,0,0,0,0,0,0,0,0,0,0,3,3,4,4,4,4,3,3,3,3,3,3,3,3,3,3,3,3,3,3,4,4,3,3,1,1,0,0,0,0,0,0,0,0,,,,,,,,,,,,,,,,,,,,,,,,,,,,,,,,,,,,,,,,,,,,,,,,
3118,2000,3119,3117,,0,19,19,20,20,14,14,15,15,18,18,19,19,53,53,1078,1078,1203,1203,1181,1181,1122,1122,1078,1078,992,992,1038,1038,1013,1013,1096,1096,1113,1113,1161,1161,1062,1062,150,150,96,96,65,65,47,47,24,24,,,,,,,,,,,,,,,,,,,,,,,,,,,,,,,,,,,,,,,,,,,,,,,,
3119,2000,2822,3118,2839,1,19,19,20,20,14,14,15,15,18,18,19,19,53,53,1078,1078,1203,1203,1181,1181,1122,1122,1078,1078,992,992,1038,1038,1013,1013,1096,1096,1113,1113,1161,1161,1062,1062,150,150,96,96,65,65,47,47,24,24,,,,,,,,,,,,,,,,,,,,,,,,,,,,,,,,,,,,,,,,,,,,,,,,
312,1200,518,319,,0,0,0,0,0,0,0,0,0,0,0,0,0,1,1,6,6,7,7,7,7,6,6,6,6,6,6,6,6,6,6,6,6,6,6,6,6,6,6,3,3,2,2,1,1,1,1,0,0,,,,,,,,,,,,,,,,,,,,,,,,,,,,,,,,,,,,,,,,,,,,,,,,
3120,4400,3121,2830,,0,19,19,20,20,14,14,15,15,18,18,19,19,53,53,1078,1078,1203,1203,1181,1181,1122,1122,1078,1078,992,992,1038,1038,1013,1013,1096,1096,1113,1113,1161,1161,1062,1062,150,150,96,96,65,65,47,47,24,24,,,,,,,,,,,,,,,,,,,,,,,,,,,,,,,,,,,,,,,,,,,,,,,,
3121,3000,2852,3122,3120,1,19,19,20,20,14,14,15,15,18,18,19,19,53,53,1078,1078,1203,1203,1181,1181,1122,1122,1078,1078,992,992,1038,1038,1013,1013,1096,1096,1113,1113,1161,1161,1062,1062,150,150,96,96,65,65,47,47,24,24,,,,,,,,,,,,,,,,,,,,,,,,,,,,,,,,,,,,,,,,,,,,,,,,
3122,3500,3121,3123,,0,19,19,20,20,14,14,15,15,18,18,19,19,53,53,1078,1078,1203,1203,1181,1181,1122,1122,1078,1078,992,992,1038,1038,1013,1013,1096,1096,1113,1113,1161,1161,1062,1062,150,150,96,96,65,65,47,47,24,24,,,,,,,,,,,,,,,,,,,,,,,,,,,,,,,,,,,,,,,,,,,,,,,,
3123,1600,2944,2878,3122,1,0,0,0,0,0,0,0,0,0,0,0,0,1,1,5,5,6,6,5,5,5,5,5,5,4,4,5,5,5,5,5,5,5,5,5,5,5,5,2,2,1,1,1,1,1,1,0,0,,,,,,,,,,,,,,,,,,,,,,,,,,,,,,,,,,,,,,,,,,,,,,,,
3124,1600,2808,3125,,0,0,0,0,0,0,0,0,0,0,0,0,0,0,0,4,4,5,5,5,5,4,4,4,4,4,4,4,4,4,4,4,4,4,4,5,5,4,4,1,1,1,1,0,0,0,0,0,0,,,,,,,,,,,,,,,,,,,,,,,,,,,,,,,,,,,,,,,,,,,,,,,,
3125,1600,3124,3136,2842,1,0,0,0,0,0,0,0,0,0,0,0,0,0,0,2,2,3,3,3,3,3,3,2,2,2,2,2,2,2,2,2,2,3,3,3,3,2,2,1,1,0,0,0,0,0,0,0,0,,,,,,,,,,,,,,,,,,,,,,,,,,,,,,,,,,,,,,,,,,,,,,,,
3126,2500,2791,3127,,0,57,57,59,59,41,41,45,45,52,52,57,57,158,158,972,972,1165,1165,1080,1080,1042,1042,958,958,879,879,914,914,920,920,926,926,950,950,1007,1007,926,926,462,462,294,294,197,197,143,143,74,74,,,,,,,,,,,,,,,,,,,,,,,,,,,,,,,,,,,,,,,,,,,,,,,,
3127,2500,,2824,3126;2829,2,57,57,59,59,41,41,45,45,52,52,57,57,158,158,972,972,1165,1165,1080,1080,1042,1042,958,958,879,879,914,914,920,920,926,926,950,950,1007,1007,926,926,462,462,294,294,197,197,143,143,74,74,,,,,,,,,,,,,,,,,,,,,,,,,,,,,,,,,,,,,,,,,,,,,,,,
3128,1200,2859,3129,,0,0,0,0,0,0,0,0,0,0,0,0,0,0,0,4,4,5,5,5,5,5,5,4,4,4,4,4,4,4,4,4,4,4,4,5,5,4,4,1,1,1,1,1,1,0,0,0,0,,,,,,,,,,,,,,,,,,,,,,,,,,,,,,,,,,,,,,,,,,,,,,,,
3129,2500,3128,3327,2879,1,0,0,0,0,0,0,0,0,0,0,0,0,0,0,1147,1147,1238,1238,1234,1234,1160,1160,1144,1144,1058,1058,1100,1100,1078,1078,1198,1198,1212,1212,1260,1260,1158,1158,0,0,0,0,0,0,0,0,0,0,,,,,,,,,,,,,,,,,,,,,,,,,,,,,,,,,,,,,,,,,,,,,,,,
313,1200,311,550,,0,0,0,0,0,0,0,0,0,0,0,0,0,0,0,3,3,3,3,3,3,3,3,3,3,3,3,3,3,3,3,3,3,3,3,3,3,3,3,1,1,1,1,0,0,0,0,0,0,,,,,,,,,,,,,,,,,,,,,,,,,,,,,,,,,,,,,,,,,,,,,,,,
3130,1200,2859,3131,,0,0,0,0,0,0,0,0,0,0,0,0,0,1,1,7,7,8,8,8,8,8,8,7,7,7,7,7,7,7,7,7,7,8,8,8,8,7,7,2,2,1,1,1,1,0,0,0,0,,,,,,,,,,,,,,,,,,,,,,,,,,,,,,,,,,,,,,,,,,,,,,,,
3131,2500,3132,2835,3130,1,19,19,20,20,14,14,15,15,18,18,19,19,53,53,1078,1078,1203,1203,1181,1181,1122,1122,1078,1078,992,992,1038,1038,1013,1013,1096,1096,1113,1113,1161,1161,1062,1062,150,150,96,96,65,65,47,47,24,24,,,,,,,,,,,,,,,,,,,,,,,,,,,,,,,,,,,,,,,,,,,,,,,,
3132,1600,3131,3133,,0,0,0,0,0,0,0,0,0,0,0,0,0,0,0,6,6,7,7,7,7,6,6,6,6,6,6,6,6,6,6,6,6,6,6,6,6,6,6,1,1,1,1,1,1,0,0,0,0,,,,,,,,,,,,,,,,,,,,,,,,,,,,,,,,,,,,,,,,,,,,,,,,
3133,2000,3134,2817,3132,1,19,19,20,20,14,14,15,15,18,18,19,19,53,53,1078,1078,1203,1203,1181,1181,1122,1122,1078,1078,992,992,1038,1038,1013,1013,1096,1096,1113,1113,1161,1161,1062,1062,150,150,96,96,65,65,47,47,24,24,,,,,,,,,,,,,,,,,,,,,,,,,,,,,,,,,,,,,,,,,,,,,,,,
3134,1200,3135,3133,,0,0,0,0,0,0,0,0,0,0,0,0,0,0,0,6,6,7,7,6,6,6,6,6,6,5,5,6,6,5,5,6,6,6,6,6,6,6,6,1,1,1,1,1,1,0,0,0,0,,,,,,,,,,,,,,,,,,,,,,,,,,,,,,,,,,,,,,,,,,,,,,,,
3135,1600,2799,2854,3134,1,0,0,0,0,0,0,0,0,0,0,0,0,0,0,6,6,7,7,7,7,7,7,6,6,6,6,6,6,6,6,6,6,6,6,7,7,6,6,1,1,1,1,1,1,0,0,0,0,,,,,,,,,,,,,,,,,,,,,,,,,,,,,,,,,,,,,,,,,,,,,,,,
3136,1200,3125,3137,,0,0,0,0,0,0,0,0,0,0,0,0,0,0,0,5,5,6,6,5,5,5,5,5,5,4,4,5,5,5,5,5,5,5,5,5,5,5,5,1,1,1,1,0,0,0,0,0,0,,,,,,,,,,,,,,,,,,,,,,,,,,,,,,,,,,,,,,,,,,,,,,,,
3137,1600,3136,2874,2867,1,0,0,0,0,0,0,0,0,0,0,0,0,1,1,7,7,8,8,8,8,8,8,7,7,7,7,7,7,7,7,7,7,8,8,8,8,7,7,2,2,1,1,1,1,0,0,0,0,,,,,,,,,,,,,,,,,,,,,,,,,,,,,,,,,,,,,,,,,,,,,,,,
3138,1600,3139,13886,,0,0,0,0,0,0,0,0,0,0,0,0,0,1,1,5,5,6,6,6,6,5,5,5,5,5,5,5,5,5,5,5,5,5,5,5,5,5,5,2,2,1,1,1,1,0,0,0,0,,,,,,,,,,,,,,,,,,,,,,,,,,,,,,,,,,,,,,,,,,,,,,,,
3139,2500,3138,2862,3140,1,19,19,20,20,14,14,15,15,18,18,19,19,53,53,1078,1078,1203,1203,1181,1181,1122,1122,1078,1078,992,992,1038,1038,1013,1013,1096,1096,1113,1113,1161,1161,1062,1062,150,150,96,96,65,65,47,47,24,24,,,,,,,,,,,,,,,,,,,,,,,,,,,,,,,,,,,,,,,,,,,,,,,,
314,1600,319,299,,0,0,0,0,0,0,0,0,0,0,0,0,0,0,0,3,3,4,4,4,4,4,4,3,3,3,3,3,3,3,3,3,3,3,3,3,3,3,3,2,2,1,1,1,1,0,0,0,0,,,,,,,,,,,,,,,,,,,,,,,,,,,,,,,,,,,,,,,,,,,,,,,,
3140,1600,3139,3141,,0,0,0,0,0,0,0,0,0,0,0,0,0,0,0,5,5,6,6,6,6,6,6,5,5,5,5,5,5,5,5,5,5,5,5,6,6,5,5,1,1,1,1,0,0,0,0,0,0,,,,,,,,,,,,,,,,,,,,,,,,,,,,,,,,,,,,,,,,,,,,,,,,
3141,1500,2899,3140,2837,1,19,19,20,20,14,14,15,15,18,18,19,19,53,53,1078,1078,1203,1203,1181,1181,1122,1122,1078,1078,992,992,1038,1038,1013,1013,1096,1096,1113,1113,1161,1161,1062,1062,150,150,96,96,65,65,47,47,24,24,,,,,,,,,,,,,,,,,,,,,,,,,,,,,,,,,,,,,,,,,,,,,,,,
3142,1200,2809,3143,,0,0,0,0,0,0,0,0,0,0,0,0,0,0,0,6,6,7,7,7,7,7,7,6,6,6,6,6,6,6,6,6,6,6,6,7,7,6,6,1,1,1,1,1,1,0,0,0,0,,,,,,,,,,,,,,,,,,,,,,,,,,,,,,,,,,,,,,,,,,,,,,,,
3143,2500,2802,3142,2796,1,19,19,20,20,14,14,15,15,18,18,19,19,53,53,1078,1078,1203,1203,1181,1181,1122,1122,1078,1078,992,992,1038,1038,1013,1013,1096,1096,1113,1113,1161,1161,1062,1062,150,150,96,96,65,65,47,47,24,24,,,,,,,,,,,,,,,,,,,,,,,,,,,,,,,,,,,,,,,,,,,,,,,,
3144,800,3145,3025,,0,0,0,0,0,0,0,0,0,0,0,0,0,0,0,2,2,3,3,3,3,3,3,2,2,2,2,2,2,2,2,2,2,2,2,3,3,2,2,1,1,1,1,0,0,0,0,0,0,,,,,,,,,,,,,,,,,,,,,,,,,,,,,,,,,,,,,,,,,,,,,,,,
3145,800,3144,,3041,1,0,0,0,0,0,0,0,0,0,0,0,0,0,0,2,2,2,2,2,2,2,2,2,2,2,2,2,2,2,2,2,2,2,2,2,2,2,2,1,1,1,1,0,0,0,0,0,0,,,,,,,,,,,,,,,,,,,,,,,,,,,,,,,,,,,,,,,,,,,,,,,,
3146,2000,3020,3147,,0,44,44,45,45,32,32,34,34,40,40,43,43,121,121,1080,1080,1242,1242,1144,1144,1098,1098,1038,1038,976,976,968,968,1029,1029,1055,1055,1070,1070,1140,1140,1082,1082,396,396,247,247,161,161,118,118,64,64,,,,,,,,,,,,,,,,,,,,,,,,,,,,,,,,,,,,,,,,,,,,,,,,
3147,1200,3146,3041,,0,0,0,0,0,0,0,0,0,0,0,0,0,1,1,4,4,5,5,5,5,4,4,4,4,4,4,4,4,4,4,4,4,4,4,4,4,4,4,2,2,1,1,1,1,1,1,0,0,,,,,,,,,,,,,,,,,,,,,,,,,,,,,,,,,,,,,,,,,,,,,,,,
3148,4000,3149,3025,,0,44,44,45,45,32,32,34,34,40,40,43,43,121,121,1080,1080,1242,1242,1144,1144,1098,1098,1038,1038,976,976,968,968,1029,1029,1055,1055,1070,1070,1140,1140,1082,1082,396,396,247,247,161,161,118,118,64,64,,,,,,,,,,,,,,,,,,,,,,,,,,,,,,,,,,,,,,,,,,,,,,,,
3149,2000,,3150,3148;3038,2,44,44,45,45,32,32,34,34,40,40,43,43,121,121,1080,1080,1242,1242,1144,1144,1098,1098,1038,1038,976,976,968,968,1029,1029,1055,1055,1070,1070,1140,1140,1082,1082,396,396,247,247,161,161,118,118,64,64,,,,,,,,,,,,,,,,,,,,,,,,,,,,,,,,,,,,,,,,,,,,,,,,
315,1000,324,318,,0,38,38,40,40,28,28,30,30,35,35,38,38,106,106,1010,1010,1173,1173,1121,1121,1069,1069,1008,1008,921,921,970,970,952,952,997,997,1020,1020,1069,1069,975,975,299,299,192,192,130,130,94,94,48,48,,,,,,,,,,,,,,,,,,,,,,,,,,,,,,,,,,,,,,,,,,,,,,,,
3150,1500,3149,3151,,0,44,44,45,45,32,32,34,34,40,40,43,43,121,121,1080,1080,1242,1242,1144,1144,1098,1098,1038,1038,976,976,968,968,1029,1029,1055,1055,1070,1070,1140,1140,1082,1082,396,396,247,247,161,161,118,118,64,64,,,,,,,,,,,,,,,,,,,,,,,,,,,,,,,,,,,,,,,,,,,,,,,,
3151,500,3150,5694,3014,1,44,44,45,45,32,32,34,34,40,40,43,43,121,121,1080,1080,1242,1242,1144,1144,1098,1098,1038,1038,976,976,968,968,1029,1029,1055,1055,1070,1070,1140,1140,1082,1082,396,396,247,247,161,161,118,118,64,64,,,,,,,,,,,,,,,,,,,,,,,,,,,,,,,,,,,,,,,,,,,,,,,,
3152,800,5888,3153,2981,1,0,0,0,0,0,0,0,0,0,0,0,0,1,1,3,3,4,4,3,3,3,3,3,3,3,3,3,3,3,3,3,3,3,3,3,3,3,3,2,2,1,1,1,1,1,1,0,0,,,,,,,,,,,,,,,,,,,,,,,,,,,,,,,,,,,,,,,,,,,,,,,,
3153,1200,3152,3154,,0,0,0,0,0,0,0,0,0,0,0,0,0,0,0,2,2,2,2,2,2,2,2,2,2,1,1,1,1,2,2,2,2,2,2,2,2,2,2,1,1,0,0,0,0,0,0,0,0,,,,,,,,,,,,,,,,,,,,,,,,,,,,,,,,,,,,,,,,,,,,,,,,
3154,600,2997,3002,3153;3155,2,0,0,0,0,0,0,0,0,0,0,0,0,0,0,2,2,2,2,2,2,2,2,2,2,2,2,2,2,2,2,2,2,2,2,2,2,2,2,1,1,1,1,0,0,0,0,0,0,,,,,,,,,,,,,,,,,,,,,,,,,,,,,,,,,,,,,,,,,,,,,,,,
3155,1200,3156,3154,,0,0,0,0,0,0,0,0,0,0,0,0,0,0,0,2,2,2,2,2,2,2,2,2,2,2,2,2,2,2,2,2,2,2,2,2,2,2,2,1,1,1,1,0,0,0,0,0,0,,,,,,,,,,,,,,,,,,,,,,,,,,,,,,,,,,,,,,,,,,,,,,,,
3156,1200,3018,3155,3014,1,0,0,0,0,0,0,0,0,0,0,0,0,0,0,2,2,3,3,2,2,2,2,2,2,2,2,2,2,2,2,2,2,2,2,2,2,2,2,1,1,1,1,0,0,0,0,0,0,,,,,,,,,,,,,,,,,,,,,,,,,,,,,,,,,,,,,,,,,,,,,,,,
3157,2000,3160,3020,,0,44,44,45,45,32,32,34,34,40,40,43,43,121,121,1080,1080,1242,1242,1144,1144,1098,1098,1038,1038,976,976,968,968,1029,1029,1055,1055,1070,1070,1140,1140,1082,1082,396,396,247,247,161,161,118,118,64,64,,,,,,,,,,,,,,,,,,,,,,,,,,,,,,,,,,,,,,,,,,,,,,,,
3158,1600,3159,2997,3007,1,0,0,0,0,0,0,0,0,0,0,0,0,0,0,3,3,4,4,3,3,3,3,3,3,3,3,3,3,3,3,3,3,3,3,3,3,3,3,1,1,1,1,1,1,0,0,0,0,,,,,,,,,,,,,,,,,,,,,,,,,,,,,,,,,,,,,,,,,,,,,,,,
3159,400,3160,3158,,0,0,0,0,0,0,0,0,0,0,0,0,0,1,1,4,4,4,4,4,4,4,4,3,3,3,3,3,3,3,3,3,3,4,4,4,4,4,4,2,2,1,1,1,1,0,0,0,0,,,,,,,,,,,,,,,,,,,,,,,,,,,,,,,,,,,,,,,,,,,,,,,,
316,2000,321,310,306;329,2,54,54,56,56,39,39,42,42,50,50,54,54,149,149,956,956,1147,1147,1075,1075,1033,1033,954,954,866,866,918,918,901,901,917,917,943,943,993,993,901,901,419,419,269,269,182,182,132,132,67,67,,,,,,,,,,,,,,,,,,,,,,,,,,,,,,,,,,,,,,,,,,,,,,,,
3160,1200,3159,2992,3157,1,0,0,0,0,0,0,0,0,0,0,0,0,1,1,4,4,5,5,4,4,4,4,4,4,4,4,4,4,4,4,4,4,4,4,4,4,4,4,2,2,1,1,1,1,1,1,0,0,,,,,,,,,,,,,,,,,,,,,,,,,,,,,,,,,,,,,,,,,,,,,,,,
3161,800,3162,3012,,0,0,0,0,0,0,0,0,0,0,0,0,0,0,0,2,2,2,2,2,2,2,2,2,2,2,2,2,2,2,2,2,2,2,2,2,2,2,2,1,1,1,1,0,0,0,0,0,0,,,,,,,,,,,,,,,,,,,,,,,,,,,,,,,,,,,,,,,,,,,,,,,,
3162,1200,3161,3281,2992,1,0,0,0,0,0,0,0,0,0,0,0,0,0,0,1,1,2,2,2,2,1,1,1,1,1,1,1,1,1,1,1,1,1,1,1,1,1,1,1,1,0,0,0,0,0,0,0,0,,,,,,,,,,,,,,,,,,,,,,,,,,,,,,,,,,,,,,,,,,,,,,,,
3163,4400,3164,3012,,0,44,44,45,45,32,32,34,34,40,40,43,43,121,121,1080,1080,1242,1242,1144,1144,1098,1098,1038,1038,976,976,968,968,1029,1029,1055,1055,1070,1070,1140,1140,1082,1082,396,396,247,247,161,161,118,118,64,64,,,,,,,,,,,,,,,,,,,,,,,,,,,,,,,,,,,,,,,,,,,,,,,,
3164,800,3019,3006,3163,1,0,0,0,0,0,0,0,0,0,0,0,0,1,1,5,5,5,5,5,5,5,5,4,4,4,4,4,4,4,4,4,4,5,5,5,5,4,4,2,2,1,1,1,1,1,1,0,0,,,,,,,,,,,,,,,,,,,,,,,,,,,,,,,,,,,,,,,,,,,,,,,,
3165,1500,3166,3047,,0,44,44,45,45,32,32,34,34,40,40,43,43,121,121,1080,1080,1242,1242,1144,1144,1098,1098,1038,1038,976,976,968,968,1029,1029,1055,1055,1070,1070,1140,1140,1082,1082,396,396,247,247,161,161,118,118,64,64,,,,,,,,,,,,,,,,,,,,,,,,,,,,,,,,,,,,,,,,,,,,,,,,
3166,1500,3045,3165,3037,1,44,44,45,45,32,32,34,34,40,40,43,43,121,121,1080,1080,1242,1242,1144,1144,1098,1098,1038,1038,976,976,968,968,1029,1029,1055,1055,1070,1070,1140,1140,1082,1082,396,396,247,247,161,161,118,118,64,64,,,,,,,,,,,,,,,,,,,,,,,,,,,,,,,,,,,,,,,,,,,,,,,,
3167,4400,3168,2993,,0,44,44,45,45,32,32,34,34,40,40,43,43,121,121,1080,1080,1242,1242,1144,1144,1098,1098,1038,1038,976,976,968,968,1029,1029,1055,1055,1070,1070,1140,1140,1082,1082,396,396,247,247,161,161,118,118,64,64,,,,,,,,,,,,,,,,,,,,,,,,,,,,,,,,,,,,,,,,,,,,,,,,
3168,2000,3167,3037,3299,1,44,44,45,45,32,32,34,34,40,40,43,43,121,121,1080,1080,1242,1242,1144,1144,1098,1098,1038,1038,976,976,968,968,1029,1029,1055,1055,1070,1070,1140,1140,1082,1082,396,396,247,247,161,161,118,118,64,64,,,,,,,,,,,,,,,,,,,,,,,,,,,,,,,,,,,,,,,,,,,,,,,,
3169,4400,3170,2975,,0,44,44,45,45,32,32,34,34,40,40,43,43,121,121,1080,1080,1242,1242,1144,1144,1098,1098,1038,1038,976,976,968,968,1029,1029,1055,1055,1070,1070,1140,1140,1082,1082,396,396,247,247,161,161,118,118,64,64,,,,,,,,,,,,,,,,,,,,,,,,,,,,,,,,,,,,,,,,,,,,,,,,
317,1600,295,326,,0,0,0,0,0,0,0,0,0,0,0,0,0,1,1,8,8,10,10,9,9,9,9,8,8,7,7,8,8,8,8,8,8,8,8,9,9,8,8,3,3,2,2,1,1,1,1,0,0,,,,,,,,,,,,,,,,,,,,,,,,,,,,,,,,,,,,,,,,,,,,,,,,
3170,3500,3055,3169,3033,1,44,44,45,45,32,32,34,34,40,40,43,43,121,121,1080,1080,1242,1242,1144,1144,1098,1098,1038,1038,976,976,968,968,1029,1029,1055,1055,1070,1070,1140,1140,1082,1082,396,396,247,247,161,161,118,118,64,64,,,,,,,,,,,,,,,,,,,,,,,,,,,,,,,,,,,,,,,,,,,,,,,,
3171,2500,3172,3046,,0,0,0,0,0,0,0,0,0,0,0,0,0,0,0,1147,1147,1238,1238,1234,1234,1160,1160,1144,1144,1058,1058,1100,1100,1078,1078,1198,1198,1212,1212,1260,1260,1158,1158,0,0,0,0,0,0,0,0,0,0,,,,,,,,,,,,,,,,,,,,,,,,,,,,,,,,,,,,,,,,,,,,,,,,
3172,2500,3171,3173,,0,0,0,0,0,0,0,0,0,0,0,0,0,0,0,1147,1147,1238,1238,1234,1234,1160,1160,1144,1144,1058,1058,1100,1100,1078,1078,1198,1198,1212,1212,1260,1260,1158,1158,0,0,0,0,0,0,0,0,0,0,,,,,,,,,,,,,,,,,,,,,,,,,,,,,,,,,,,,,,,,,,,,,,,,
3173,2500,3174,3172,3026,1,0,0,0,0,0,0,0,0,0,0,0,0,0,0,1147,1147,1238,1238,1234,1234,1160,1160,1144,1144,1058,1058,1100,1100,1078,1078,1198,1198,1212,1212,1260,1260,1158,1158,0,0,0,0,0,0,0,0,0,0,,,,,,,,,,,,,,,,,,,,,,,,,,,,,,,,,,,,,,,,,,,,,,,,
3174,1600,3175,3173,,0,0,0,0,0,0,0,0,0,0,0,0,0,0,0,4,4,5,5,4,4,4,4,4,4,4,4,4,4,4,4,4,4,4,4,4,4,4,4,1,1,1,1,1,1,0,0,0,0,,,,,,,,,,,,,,,,,,,,,,,,,,,,,,,,,,,,,,,,,,,,,,,,
3175,2500,3179,3176,3174,1,0,0,0,0,0,0,0,0,0,0,0,0,0,0,1147,1147,1238,1238,1234,1234,1160,1160,1144,1144,1058,1058,1100,1100,1078,1078,1198,1198,1212,1212,1260,1260,1158,1158,0,0,0,0,0,0,0,0,0,0,,,,,,,,,,,,,,,,,,,,,,,,,,,,,,,,,,,,,,,,,,,,,,,,
3176,1600,3177,3175,,0,0,0,0,0,0,0,0,0,0,0,0,0,0,0,4,4,5,5,4,4,4,4,4,4,4,4,4,4,4,4,4,4,4,4,4,4,4,4,1,1,1,1,1,1,0,0,0,0,,,,,,,,,,,,,,,,,,,,,,,,,,,,,,,,,,,,,,,,,,,,,,,,
3177,2500,3178,3054,3176,1,0,0,0,0,0,0,0,0,0,0,0,0,0,0,1147,1147,1238,1238,1234,1234,1160,1160,1144,1144,1058,1058,1100,1100,1078,1078,1198,1198,1212,1212,1260,1260,1158,1158,0,0,0,0,0,0,0,0,0,0,,,,,,,,,,,,,,,,,,,,,,,,,,,,,,,,,,,,,,,,,,,,,,,,
3178,2000,3313,3177,,0,0,0,0,0,0,0,0,0,0,0,0,0,0,0,1147,1147,1238,1238,1234,1234,1160,1160,1144,1144,1058,1058,1100,1100,1078,1078,1198,1198,1212,1212,1260,1260,1158,1158,0,0,0,0,0,0,0,0,0,0,,,,,,,,,,,,,,,,,,,,,,,,,,,,,,,,,,,,,,,,,,,,,,,,
3179,2000,3175,3180,,0,0,0,0,0,0,0,0,0,0,0,0,0,0,0,1147,1147,1238,1238,1234,1234,1160,1160,1144,1144,1058,1058,1100,1100,1078,1078,1198,1198,1212,1212,1260,1260,1158,1158,0,0,0,0,0,0,0,0,0,0,,,,,,,,,,,,,,,,,,,,,,,,,,,,,,,,,,,,,,,,,,,,,,,,
318,3500,563,512,5060;315,2,38,38,40,40,28,28,30,30,35,35,38,38,106,106,1010,1010,1173,1173,1121,1121,1069,1069,1008,1008,921,921,970,970,952,952,997,997,1020,1020,1069,1069,975,975,299,299,192,192,130,130,94,94,48,48,,,,,,,,,,,,,,,,,,,,,,,,,,,,,,,,,,,,,,,,,,,,,,,,
3180,800,3181,3179,3003,1,0,0,0,0,0,0,0,0,0,0,0,0,0,0,4,4,5,5,4,4,4,4,4,4,4,4,4,4,4,4,4,4,4,4,4,4,4,4,1,1,1,1,1,1,0,0,0,0,,,,,,,,,,,,,,,,,,,,,,,,,,,,,,,,,,,,,,,,,,,,,,,,
3181,800,3182,3180,,0,0,0,0,0,0,0,0,0,0,0,0,0,0,0,3,3,3,3,3,3,3,3,3,3,3,3,3,3,3,3,3,3,3,3,3,3,3,3,1,1,1,1,0,0,0,0,0,0,,,,,,,,,,,,,,,,,,,,,,,,,,,,,,,,,,,,,,,,,,,,,,,,
3182,300,3011,3000,3181,1,0,0,0,0,0,0,0,0,0,0,0,0,0,0,2,2,3,3,3,3,2,2,2,2,2,2,2,2,2,2,2,2,2,2,2,2,2,2,1,1,0,0,0,0,0,0,0,0,,,,,,,,,,,,,,,,,,,,,,,,,,,,,,,,,,,,,,,,,,,,,,,,
3183,800,3016,3184,,0,0,0,0,0,0,0,0,0,0,0,0,0,0,0,2,2,2,2,2,2,2,2,2,2,1,1,1,1,1,1,1,1,2,2,2,2,1,1,0,0,0,0,0,0,0,0,0,0,,,,,,,,,,,,,,,,,,,,,,,,,,,,,,,,,,,,,,,,,,,,,,,,
3184,800,3183,3026,3024,1,0,0,0,0,0,0,0,0,0,0,0,0,0,0,2,2,3,3,2,2,2,2,2,2,2,2,2,2,2,2,2,2,2,2,2,2,2,2,1,1,0,0,0,0,0,0,0,0,,,,,,,,,,,,,,,,,,,,,,,,,,,,,,,,,,,,,,,,,,,,,,,,
3185,1200,3186,3004,,0,0,0,0,0,0,0,0,0,0,0,0,0,0,0,4,4,4,4,4,4,4,4,4,4,3,3,4,4,3,3,4,4,4,4,4,4,4,4,1,1,1,1,0,0,0,0,0,0,,,,,,,,,,,,,,,,,,,,,,,,,,,,,,,,,,,,,,,,,,,,,,,,
3186,1200,3039,3185,3031,1,0,0,0,0,0,0,0,0,0,0,0,0,0,0,2,2,3,3,3,3,3,3,2,2,2,2,2,2,2,2,2,2,2,2,3,3,2,2,1,1,0,0,0,0,0,0,0,0,,,,,,,,,,,,,,,,,,,,,,,,,,,,,,,,,,,,,,,,,,,,,,,,
3187,800,3322,3004,,0,0,0,0,0,0,0,0,0,0,0,0,0,0,0,4,4,4,4,4,4,4,4,4,4,3,3,3,3,3,3,4,4,4,4,4,4,3,3,1,1,1,1,0,0,0,0,0,0,,,,,,,,,,,,,,,,,,,,,,,,,,,,,,,,,,,,,,,,,,,,,,,,
3188,4400,3040,3191,,0,0,0,0,0,0,0,0,0,0,0,0,0,0,0,1147,1147,1238,1238,1234,1234,1160,1160,1144,1144,1058,1058,1100,1100,1078,1078,1198,1198,1212,1212,1260,1260,1158,1158,0,0,0,0,0,0,0,0,0,0,,,,,,,,,,,,,,,,,,,,,,,,,,,,,,,,,,,,,,,,,,,,,,,,
3189,2500,3001,3190,3329,1,0,0,0,0,0,0,0,0,0,0,0,0,0,0,1147,1147,1238,1238,1234,1234,1160,1160,1144,1144,1058,1058,1100,1100,1078,1078,1198,1198,1212,1212,1260,1260,1158,1158,0,0,0,0,0,0,0,0,0,0,,,,,,,,,,,,,,,,,,,,,,,,,,,,,,,,,,,,,,,,,,,,,,,,
319,2000,327,314,312;2665,2,54,54,56,56,39,39,42,42,50,50,54,54,149,149,956,956,1147,1147,1075,1075,1033,1033,954,954,866,866,918,918,901,901,917,917,943,943,993,993,901,901,419,419,269,269,182,182,132,132,67,67,,,,,,,,,,,,,,,,,,,,,,,,,,,,,,,,,,,,,,,,,,,,,,,,
3190,500,3191,3189,,0,0,0,0,0,0,0,0,0,0,0,0,0,0,0,1147,1147,1238,1238,1234,1234,1160,1160,1144,1144,1058,1058,1100,1100,1078,1078,1198,1198,1212,1212,1260,1260,1158,1158,0,0,0,0,0,0,0,0,0,0,,,,,,,,,,,,,,,,,,,,,,,,,,,,,,,,,,,,,,,,,,,,,,,,
3191,2000,2996,3190,3188,1,0,0,0,0,0,0,0,0,0,0,0,0,0,0,1147,1147,1238,1238,1234,1234,1160,1160,1144,1144,1058,1058,1100,1100,1078,1078,1198,1198,1212,1212,1260,1260,1158,1158,0,0,0,0,0,0,0,0,0,0,,,,,,,,,,,,,,,,,,,,,,,,,,,,,,,,,,,,,,,,,,,,,,,,
3192,2000,3049,3053,,0,0,0,0,0,0,0,0,0,0,0,0,0,0,0,1147,1147,1238,1238,1234,1234,1160,1160,1144,1144,1058,1058,1100,1100,1078,1078,1198,1198,1212,1212,1260,1260,1158,1158,0,0,0,0,0,0,0,0,0,0,,,,,,,,,,,,,,,,,,,,,,,,,,,,,,,,,,,,,,,,,,,,,,,,
3193,1200,3194,3027,,0,0,0,0,0,0,0,0,0,0,0,0,0,0,0,4,4,4,4,4,4,4,4,4,4,3,3,4,4,4,4,4,4,4,4,4,4,4,4,1,1,1,1,1,1,0,0,0,0,,,,,,,,,,,,,,,,,,,,,,,,,,,,,,,,,,,,,,,,,,,,,,,,
3194,1600,3021,3008,3193,1,0,0,0,0,0,0,0,0,0,0,0,0,0,0,3,3,3,3,3,3,3,3,3,3,2,2,2,2,2,2,3,3,3,3,3,3,2,2,1,1,0,0,0,0,0,0,0,0,,,,,,,,,,,,,,,,,,,,,,,,,,,,,,,,,,,,,,,,,,,,,,,,
3195,800,13876,3196,,0,0,0,0,0,0,0,0,0,0,0,0,0,1,1,5,5,6,6,6,6,5,5,5,5,5,5,5,5,5,5,5,5,5,5,5,5,5,5,2,2,1,1,1,1,0,0,0,0,,,,,,,,,,,,,,,,,,,,,,,,,,,,,,,,,,,,,,,,,,,,,,,,
3196,800,3195,3049,3036,1,0,0,0,0,0,0,0,0,0,0,0,0,1,1,5,5,6,6,5,5,5,5,5,5,4,4,5,5,4,4,5,5,5,5,5,5,5,5,1,1,1,1,1,1,0,0,0,0,,,,,,,,,,,,,,,,,,,,,,,,,,,,,,,,,,,,,,,,,,,,,,,,
3197,1200,3198,5955,2687,1,0,0,0,0,0,0,0,0,0,0,0,0,0,0,1,1,2,2,2,2,2,2,1,1,1,1,1,1,1,1,1,1,1,1,1,1,1,1,1,1,0,0,0,0,0,0,0,0,,,,,,,,,,,,,,,,,,,,,,,,,,,,,,,,,,,,,,,,,,,,,,,,
3198,1200,3199,3197,,0,0,0,0,0,0,0,0,0,0,0,0,0,0,0,2,2,2,2,2,2,2,2,2,2,2,2,2,2,2,2,2,2,2,2,2,2,2,2,1,1,1,1,0,0,0,0,0,0,,,,,,,,,,,,,,,,,,,,,,,,,,,,,,,,,,,,,,,,,,,,,,,,
3199,1200,3200,3198,2703,1,0,0,0,0,0,0,0,0,0,0,0,0,1,1,3,3,4,4,4,4,3,3,3,3,3,3,3,3,3,3,3,3,3,3,3,3,3,3,2,2,1,1,1,1,0,0,0,0,,,,,,,,,,,,,,,,,,,,,,,,,,,,,,,,,,,,,,,,,,,,,,,,
32,2000,1,34,,0,27,27,28,28,20,20,21,21,25,25,27,27,74,74,1049,1049,1182,1182,1170,1170,1126,1126,1056,1056,970,970,1022,1022,982,982,1052,1052,1066,1066,1112,1112,1010,1010,210,210,134,134,91,91,66,66,34,34,,,,,,,,,,,,,,,,,,,,,,,,,,,,,,,,,,,,,,,,,,,,,,,,
320,2000,556,562,,0,38,38,40,40,28,28,30,30,35,35,38,38,106,106,1010,1010,1173,1173,1121,1121,1069,1069,1008,1008,921,921,970,970,952,952,997,997,1020,1020,1069,1069,975,975,299,299,192,192,130,130,94,94,48,48,,,,,,,,,,,,,,,,,,,,,,,,,,,,,,,,,,,,,,,,,,,,,,,,
3200,1200,3201,3199,,0,0,0,0,0,0,0,0,0,0,0,0,0,1,1,4,4,5,5,5,5,4,4,4,4,4,4,4,4,4,4,4,4,4,4,4,4,4,4,2,2,1,1,1,1,1,1,0,0,,,,,,,,,,,,,,,,,,,,,,,,,,,,,,,,,,,,,,,,,,,,,,,,
3201,1200,2701,3200,2679,1,0,0,0,0,0,0,0,0,0,0,0,0,1,1,4,4,5,5,5,5,4,4,4,4,4,4,4,4,4,4,4,4,4,4,4,4,4,4,2,2,1,1,1,1,1,1,0,0,,,,,,,,,,,,,,,,,,,,,,,,,,,,,,,,,,,,,,,,,,,,,,,,
3202,1600,,3203,,0,0,0,0,0,0,0,0,0,0,0,0,0,1,1,3,3,4,4,4,4,3,3,3,3,3,3,3,3,3,3,3,3,3,3,3,3,3,3,2,2,1,1,1,1,0,0,0,0,,,,,,,,,,,,,,,,,,,,,,,,,,,,,,,,,,,,,,,,,,,,,,,,
3203,1200,2665,2674,3202,1,0,0,0,0,0,0,0,0,0,0,0,0,0,0,2,2,2,2,2,2,2,2,2,2,2,2,2,2,2,2,2,2,2,2,2,2,2,2,1,1,1,1,0,0,0,0,0,0,,,,,,,,,,,,,,,,,,,,,,,,,,,,,,,,,,,,,,,,,,,,,,,,
3204,1600,3205,2652,,0,0,0,0,0,0,0,0,0,0,0,0,0,1,1,3,3,4,4,4,4,4,4,3,3,3,3,3,3,3,3,3,3,3,3,3,3,3,3,2,2,1,1,1,1,0,0,0,0,,,,,,,,,,,,,,,,,,,,,,,,,,,,,,,,,,,,,,,,,,,,,,,,
3205,800,2666,2679,3204,1,0,0,0,0,0,0,0,0,0,0,0,0,1,1,3,3,4,4,4,4,4,4,3,3,3,3,3,3,3,3,3,3,3,3,4,4,3,3,2,2,1,1,1,1,1,1,0,0,,,,,,,,,,,,,,,,,,,,,,,,,,,,,,,,,,,,,,,,,,,,,,,,
3206,800,3208,3207,,0,0,0,0,0,0,0,0,0,0,0,0,0,0,0,1,1,2,2,1,1,1,1,1,1,1,1,1,1,1,1,1,1,1,1,1,1,1,1,1,1,0,0,0,0,0,0,0,0,,,,,,,,,,,,,,,,,,,,,,,,,,,,,,,,,,,,,,,,,,,,,,,,
3207,400,3206,2687,2666,1,0,0,0,0,0,0,0,0,0,0,0,0,0,0,1,1,1,1,1,1,1,1,1,1,1,1,1,1,1,1,1,1,1,1,1,1,1,1,1,1,0,0,0,0,0,0,0,0,,,,,,,,,,,,,,,,,,,,,,,,,,,,,,,,,,,,,,,,,,,,,,,,
3208,1200,5956,2671,3206,1,0,0,0,0,0,0,0,0,0,0,0,0,0,0,1,1,2,2,1,1,1,1,1,1,1,1,1,1,1,1,1,1,1,1,1,1,1,1,1,1,0,0,0,0,0,0,0,0,,,,,,,,,,,,,,,,,,,,,,,,,,,,,,,,,,,,,,,,,,,,,,,,
3209,1500,2757,3210,,0,57,57,59,59,41,41,45,45,52,52,57,57,158,158,972,972,1165,1165,1080,1080,1042,1042,958,958,879,879,914,914,920,920,926,926,950,950,1007,1007,926,926,462,462,294,294,197,197,143,143,74,74,,,,,,,,,,,,,,,,,,,,,,,,,,,,,,,,,,,,,,,,,,,,,,,,
321,1500,316,526,,0,54,54,56,56,39,39,42,42,50,50,54,54,149,149,956,956,1147,1147,1075,1075,1033,1033,954,954,866,866,918,918,901,901,917,917,943,943,993,993,901,901,419,419,269,269,182,182,132,132,67,67,,,,,,,,,,,,,,,,,,,,,,,,,,,,,,,,,,,,,,,,,,,,,,,,
3210,1500,3209,2752,3102,1,57,57,59,59,41,41,45,45,52,52,57,57,158,158,972,972,1165,1165,1080,1080,1042,1042,958,958,879,879,914,914,920,920,926,926,950,950,1007,1007,926,926,462,462,294,294,197,197,143,143,74,74,,,,,,,,,,,,,,,,,,,,,,,,,,,,,,,,,,,,,,,,,,,,,,,,
3211,1200,3212,2732,,0,0,0,0,0,0,0,0,0,0,0,0,0,1,1,3,3,4,4,4,4,3,3,3,3,3,3,3,3,3,3,3,3,3,3,3,3,3,3,2,2,1,1,1,1,0,0,0,0,,,,,,,,,,,,,,,,,,,,,,,,,,,,,,,,,,,,,,,,,,,,,,,,
3212,300,3211,2740,3108,1,0,0,0,0,0,0,0,0,0,0,0,0,1,1,3,3,4,4,3,3,3,3,3,3,3,3,3,3,3,3,3,3,3,3,3,3,3,3,1,1,1,1,1,1,0,0,0,0,,,,,,,,,,,,,,,,,,,,,,,,,,,,,,,,,,,,,,,,,,,,,,,,
3213,3000,2791,3214,,0,57,57,59,59,41,41,45,45,52,52,57,57,158,158,972,972,1165,1165,1080,1080,1042,1042,958,958,879,879,914,914,920,920,926,926,950,950,1007,1007,926,926,462,462,294,294,197,197,143,143,74,74,,,,,,,,,,,,,,,,,,,,,,,,,,,,,,,,,,,,,,,,,,,,,,,,
3214,2500,3213,2729,3219,1,57,57,59,59,41,41,45,45,52,52,57,57,158,158,972,972,1165,1165,1080,1080,1042,1042,958,958,879,879,914,914,920,920,926,926,950,950,1007,1007,926,926,462,462,294,294,197,197,143,143,74,74,,,,,,,,,,,,,,,,,,,,,,,,,,,,,,,,,,,,,,,,,,,,,,,,
3215,2500,3220,3216,,0,57,57,59,59,41,41,45,45,52,52,57,57,158,158,972,972,1165,1165,1080,1080,1042,1042,958,958,879,879,914,914,920,920,926,926,950,950,1007,1007,926,926,462,462,294,294,197,197,143,143,74,74,,,,,,,,,,,,,,,,,,,,,,,,,,,,,,,,,,,,,,,,,,,,,,,,
3216,2500,3217,3215,2724,1,57,57,59,59,41,41,45,45,52,52,57,57,158,158,972,972,1165,1165,1080,1080,1042,1042,958,958,879,879,914,914,920,920,926,926,950,950,1007,1007,926,926,462,462,294,294,197,197,143,143,74,74,,,,,,,,,,,,,,,,,,,,,,,,,,,,,,,,,,,,,,,,,,,,,,,,
3217,2500,3216,3218,,0,57,57,59,59,41,41,45,45,52,52,57,57,158,158,972,972,1165,1165,1080,1080,1042,1042,958,958,879,879,914,914,920,920,926,926,950,950,1007,1007,926,926,462,462,294,294,197,197,143,143,74,74,,,,,,,,,,,,,,,,,,,,,,,,,,,,,,,,,,,,,,,,,,,,,,,,
3218,2500,3217,2720,2709,1,57,57,59,59,41,41,45,45,52,52,57,57,158,158,972,972,1165,1165,1080,1080,1042,1042,958,958,879,879,914,914,920,920,926,926,950,950,1007,1007,926,926,462,462,294,294,197,197,143,143,74,74,,,,,,,,,,,,,,,,,,,,,,,,,,,,,,,,,,,,,,,,,,,,,,,,
3219,3000,3220,3214,,0,57,57,59,59,41,41,45,45,52,52,57,57,158,158,972,972,1165,1165,1080,1080,1042,1042,958,958,879,879,914,914,920,920,926,926,950,950,1007,1007,926,926,462,462,294,294,197,197,143,143,74,74,,,,,,,,,,,,,,,,,,,,,,,,,,,,,,,,,,,,,,,,,,,,,,,,
322,3500,326,552,,0,38,38,40,40,28,28,30,30,35,35,38,38,106,106,1010,1010,1173,1173,1121,1121,1069,1069,1008,1008,921,921,970,970,952,952,997,997,1020,1020,1069,1069,975,975,299,299,192,192,130,130,94,94,48,48,,,,,,,,,,,,,,,,,,,,,,,,,,,,,,,,,,,,,,,,,,,,,,,,
3220,3000,3215,3219,2780,1,57,57,59,59,41,41,45,45,52,52,57,57,158,158,972,972,1165,1165,1080,1080,1042,1042,958,958,879,879,914,914,920,920,926,926,950,950,1007,1007,926,926,462,462,294,294,197,197,143,143,74,74,,,,,,,,,,,,,,,,,,,,,,,,,,,,,,,,,,,,,,,,,,,,,,,,
3221,2750,,2693,3222,1,57,57,59,59,41,41,45,45,52,52,57,57,158,158,972,972,1165,1165,1080,1080,1042,1042,958,958,879,879,914,914,920,920,926,926,950,950,1007,1007,926,926,462,462,294,294,197,197,143,143,74,74,,,,,,,,,,,,,,,,,,,,,,,,,,,,,,,,,,,,,,,,,,,,,,,,
3222,3500,3223,3221,2676,1,57,57,59,59,41,41,45,45,52,52,57,57,158,158,972,972,1165,1165,1080,1080,1042,1042,958,958,879,879,914,914,920,920,926,926,950,950,1007,1007,926,926,462,462,294,294,197,197,143,143,74,74,,,,,,,,,,,,,,,,,,,,,,,,,,,,,,,,,,,,,,,,,,,,,,,,
3223,1200,3222,3224,,0,0,0,0,0,0,0,0,0,0,0,0,0,1,1,5,5,6,6,5,5,5,5,5,5,4,4,4,4,4,4,4,4,5,5,5,5,4,4,2,2,1,1,1,1,1,1,0,0,,,,,,,,,,,,,,,,,,,,,,,,,,,,,,,,,,,,,,,,,,,,,,,,
3224,2500,3223,2656,3337,1,57,57,59,59,41,41,45,45,52,52,57,57,158,158,972,972,1165,1165,1080,1080,1042,1042,958,958,879,879,914,914,920,920,926,926,950,950,1007,1007,926,926,462,462,294,294,197,197,143,143,74,74,,,,,,,,,,,,,,,,,,,,,,,,,,,,,,,,,,,,,,,,,,,,,,,,
3225,1600,2783,3226,,0,0,0,0,0,0,0,0,0,0,0,0,0,0,0,3,3,4,4,4,4,4,4,3,3,3,3,3,3,3,3,3,3,3,3,4,4,3,3,1,1,0,0,0,0,0,0,0,0,,,,,,,,,,,,,,,,,,,,,,,,,,,,,,,,,,,,,,,,,,,,,,,,
3226,1600,3227,2743,3225,1,0,0,0,0,0,0,0,0,0,0,0,0,0,0,3,3,3,3,3,3,3,3,3,3,3,3,3,3,3,3,3,3,3,3,3,3,3,3,1,1,0,0,0,0,0,0,0,0,,,,,,,,,,,,,,,,,,,,,,,,,,,,,,,,,,,,,,,,,,,,,,,,
3227,1600,3228,3226,,0,0,0,0,0,0,0,0,0,0,0,0,0,0,0,6,6,6,6,6,6,6,6,6,6,5,5,5,5,5,5,6,6,6,6,6,6,5,5,1,1,1,1,1,1,0,0,0,0,,,,,,,,,,,,,,,,,,,,,,,,,,,,,,,,,,,,,,,,,,,,,,,,
3228,2000,2768,3235,3227,1,19,19,20,20,14,14,15,15,18,18,19,19,53,53,1078,1078,1203,1203,1181,1181,1122,1122,1078,1078,992,992,1038,1038,1013,1013,1096,1096,1113,1113,1161,1161,1062,1062,150,150,96,96,65,65,47,47,24,24,,,,,,,,,,,,,,,,,,,,,,,,,,,,,,,,,,,,,,,,,,,,,,,,
3229,3000,2768,3230,2696,1,19,19,20,20,14,14,15,15,18,18,19,19,53,53,1078,1078,1203,1203,1181,1181,1122,1122,1078,1078,992,992,1038,1038,1013,1013,1096,1096,1113,1113,1161,1161,1062,1062,150,150,96,96,65,65,47,47,24,24,,,,,,,,,,,,,,,,,,,,,,,,,,,,,,,,,,,,,,,,,,,,,,,,
323,4400,305,,2641,1,38,38,40,40,28,28,30,30,35,35,38,38,106,106,1010,1010,1173,1173,1121,1121,1069,1069,1008,1008,921,921,970,970,952,952,997,997,1020,1020,1069,1069,975,975,299,299,192,192,130,130,94,94,48,48,,,,,,,,,,,,,,,,,,,,,,,,,,,,,,,,,,,,,,,,,,,,,,,,
3230,3500,2684,3229,,0,19,19,20,20,14,14,15,15,18,18,19,19,53,53,1078,1078,1203,1203,1181,1181,1122,1122,1078,1078,992,992,1038,1038,1013,1013,1096,1096,1113,1113,1161,1161,1062,1062,150,150,96,96,65,65,47,47,24,24,,,,,,,,,,,,,,,,,,,,,,,,,,,,,,,,,,,,,,,,,,,,,,,,
3231,3300,3232,2684,,0,67,67,70,70,49,49,53,53,62,62,67,67,186,186,910,910,1134,1134,1023,1023,977,977,900,900,812,812,861,861,864,864,851,851,886,886,939,939,854,854,524,524,336,336,227,227,165,165,84,84,,,,,,,,,,,,,,,,,,,,,,,,,,,,,,,,,,,,,,,,,,,,,,,,
3232,3000,3231,3338,3233,1,57,57,59,59,41,41,45,45,52,52,57,57,158,158,972,972,1165,1165,1080,1080,1042,1042,958,958,879,879,914,914,920,920,926,926,950,950,1007,1007,926,926,462,462,294,294,197,197,143,143,74,74,,,,,,,,,,,,,,,,,,,,,,,,,,,,,,,,,,,,,,,,,,,,,,,,
3233,3000,3232,3234,,0,19,19,20,20,14,14,15,15,18,18,19,19,53,53,1078,1078,1203,1203,1181,1181,1122,1122,1078,1078,992,992,1038,1038,1013,1013,1096,1096,1113,1113,1161,1161,1062,1062,150,150,96,96,65,65,47,47,24,24,,,,,,,,,,,,,,,,,,,,,,,,,,,,,,,,,,,,,,,,,,,,,,,,
3234,2500,2657,3233,2647,1,19,19,20,20,14,14,15,15,18,18,19,19,53,53,1078,1078,1203,1203,1181,1181,1122,1122,1078,1078,992,992,1038,1038,1013,1013,1096,1096,1113,1113,1161,1161,1062,1062,150,150,96,96,65,65,47,47,24,24,,,,,,,,,,,,,,,,,,,,,,,,,,,,,,,,,,,,,,,,,,,,,,,,
3235,2000,3236,3228,,0,19,19,20,20,14,14,15,15,18,18,19,19,53,53,1078,1078,1203,1203,1181,1181,1122,1122,1078,1078,992,992,1038,1038,1013,1013,1096,1096,1113,1113,1161,1161,1062,1062,150,150,96,96,65,65,47,47,24,24,,,,,,,,,,,,,,,,,,,,,,,,,,,,,,,,,,,,,,,,,,,,,,,,
3236,800,3235,2718,2726,1,0,0,0,0,0,0,0,0,0,0,0,0,0,0,3,3,4,4,3,3,3,3,3,3,3,3,3,3,3,3,3,3,3,3,3,3,3,3,1,1,0,0,0,0,0,0,0,0,,,,,,,,,,,,,,,,,,,,,,,,,,,,,,,,,,,,,,,,,,,,,,,,
3237,1200,2723,3238,,0,0,0,0,0,0,0,0,0,0,0,0,0,0,0,1,1,1,1,1,1,1,1,1,1,1,1,1,1,1,1,1,1,1,1,1,1,1,1,0,0,0,0,0,0,0,0,0,0,,,,,,,,,,,,,,,,,,,,,,,,,,,,,,,,,,,,,,,,,,,,,,,,
3238,1200,2719,3237,2718,1,0,0,0,0,0,0,0,0,0,0,0,0,0,0,1,1,2,2,2,2,2,2,1,1,1,1,1,1,1,1,1,1,2,2,2,2,1,1,0,0,0,0,0,0,0,0,0,0,,,,,,,,,,,,,,,,,,,,,,,,,,,,,,,,,,,,,,,,,,,,,,,,
3239,4400,3240,2753,,0,19,19,20,20,14,14,15,15,18,18,19,19,53,53,1078,1078,1203,1203,1181,1181,1122,1122,1078,1078,992,992,1038,1038,1013,1013,1096,1096,1113,1113,1161,1161,1062,1062,150,150,96,96,65,65,47,47,24,24,,,,,,,,,,,,,,,,,,,,,,,,,,,,,,,,,,,,,,,,,,,,,,,,
324,3500,325,315,,0,38,38,40,40,28,28,30,30,35,35,38,38,106,106,1010,1010,1173,1173,1121,1121,1069,1069,1008,1008,921,921,970,970,952,952,997,997,1020,1020,1069,1069,975,975,299,299,192,192,130,130,94,94,48,48,,,,,,,,,,,,,,,,,,,,,,,,,,,,,,,,,,,,,,,,,,,,,,,,
3240,1200,2713,2721,2741;3239,2,0,0,0,0,0,0,0,0,0,0,0,0,0,0,4,4,5,5,5,5,5,5,4,4,4,4,4,4,4,4,5,5,5,5,5,5,4,4,1,1,1,1,0,0,0,0,0,0,,,,,,,,,,,,,,,,,,,,,,,,,,,,,,,,,,,,,,,,,,,,,,,,
3241,1200,2711,3242,,0,0,0,0,0,0,0,0,0,0,0,0,0,0,0,6,6,7,7,7,7,6,6,6,6,5,5,6,6,6,6,6,6,6,6,6,6,6,6,1,1,1,1,1,1,0,0,0,0,,,,,,,,,,,,,,,,,,,,,,,,,,,,,,,,,,,,,,,,,,,,,,,,
3242,2000,2697,2706,3241,1,19,19,20,20,14,14,15,15,18,18,19,19,53,53,1078,1078,1203,1203,1181,1181,1122,1122,1078,1078,992,992,1038,1038,1013,1013,1096,1096,1113,1113,1161,1161,1062,1062,150,150,96,96,65,65,47,47,24,24,,,,,,,,,,,,,,,,,,,,,,,,,,,,,,,,,,,,,,,,,,,,,,,,
3243,2000,2744,3244,,0,19,19,20,20,14,14,15,15,18,18,19,19,53,53,1078,1078,1203,1203,1181,1181,1122,1122,1078,1078,992,992,1038,1038,1013,1013,1096,1096,1113,1113,1161,1161,1062,1062,150,150,96,96,65,65,47,47,24,24,,,,,,,,,,,,,,,,,,,,,,,,,,,,,,,,,,,,,,,,,,,,,,,,
3244,1500,3243,3255,2754,1,19,19,20,20,14,14,15,15,18,18,19,19,53,53,1078,1078,1203,1203,1181,1181,1122,1122,1078,1078,992,992,1038,1038,1013,1013,1096,1096,1113,1113,1161,1161,1062,1062,150,150,96,96,65,65,47,47,24,24,,,,,,,,,,,,,,,,,,,,,,,,,,,,,,,,,,,,,,,,,,,,,,,,
3245,4000,3246,3260,,0,19,19,20,20,14,14,15,15,18,18,19,19,53,53,1078,1078,1203,1203,1181,1181,1122,1122,1078,1078,992,992,1038,1038,1013,1013,1096,1096,1113,1113,1161,1161,1062,1062,150,150,96,96,65,65,47,47,24,24,,,,,,,,,,,,,,,,,,,,,,,,,,,,,,,,,,,,,,,,,,,,,,,,
3246,2000,3245,2663,2688,1,19,19,20,20,14,14,15,15,18,18,19,19,53,53,1078,1078,1203,1203,1181,1181,1122,1122,1078,1078,992,992,1038,1038,1013,1013,1096,1096,1113,1113,1161,1161,1062,1062,150,150,96,96,65,65,47,47,24,24,,,,,,,,,,,,,,,,,,,,,,,,,,,,,,,,,,,,,,,,,,,,,,,,
3247,4400,2661,3248,,0,19,19,20,20,14,14,15,15,18,18,19,19,53,53,1078,1078,1203,1203,1181,1181,1122,1122,1078,1078,992,992,1038,1038,1013,1013,1096,1096,1113,1113,1161,1161,1062,1062,150,150,96,96,65,65,47,47,24,24,,,,,,,,,,,,,,,,,,,,,,,,,,,,,,,,,,,,,,,,,,,,,,,,
3248,3000,2654,2659,2643;3247,2,19,19,20,20,14,14,15,15,18,18,19,19,53,53,1078,1078,1203,1203,1181,1181,1122,1122,1078,1078,992,992,1038,1038,1013,1013,1096,1096,1113,1113,1161,1161,1062,1062,150,150,96,96,65,65,47,47,24,24,,,,,,,,,,,,,,,,,,,,,,,,,,,,,,,,,,,,,,,,,,,,,,,,
3249,4400,3250,2661,,0,19,19,20,20,14,14,15,15,18,18,19,19,53,53,1078,1078,1203,1203,1181,1181,1122,1122,1078,1078,992,992,1038,1038,1013,1013,1096,1096,1113,1113,1161,1161,1062,1062,150,150,96,96,65,65,47,47,24,24,,,,,,,,,,,,,,,,,,,,,,,,,,,,,,,,,,,,,,,,,,,,,,,,
325,300,324,330,,0,1,1,1,1,0,0,0,0,1,1,1,1,2,2,12,12,15,15,14,14,13,13,12,12,11,11,12,12,12,12,12,12,12,12,13,13,12,12,4,4,3,3,2,2,1,1,1,1,,,,,,,,,,,,,,,,,,,,,,,,,,,,,,,,,,,,,,,,,,,,,,,,
3250,2500,2673,3251,3249,1,19,19,20,20,14,14,15,15,18,18,19,19,53,53,1078,1078,1203,1203,1181,1181,1122,1122,1078,1078,992,992,1038,1038,1013,1013,1096,1096,1113,1113,1161,1161,1062,1062,150,150,96,96,65,65,47,47,24,24,,,,,,,,,,,,,,,,,,,,,,,,,,,,,,,,,,,,,,,,,,,,,,,,
3251,2000,3250,3252,,0,19,19,20,20,14,14,15,15,18,18,19,19,53,53,1078,1078,1203,1203,1181,1181,1122,1122,1078,1078,992,992,1038,1038,1013,1013,1096,1096,1113,1113,1161,1161,1062,1062,150,150,96,96,65,65,47,47,24,24,,,,,,,,,,,,,,,,,,,,,,,,,,,,,,,,,,,,,,,,,,,,,,,,
3252,1500,3251,2655,2675,1,19,19,20,20,14,14,15,15,18,18,19,19,53,53,1078,1078,1203,1203,1181,1181,1122,1122,1078,1078,992,992,1038,1038,1013,1013,1096,1096,1113,1113,1161,1161,1062,1062,150,150,96,96,65,65,47,47,24,24,,,,,,,,,,,,,,,,,,,,,,,,,,,,,,,,,,,,,,,,,,,,,,,,
3253,3000,3254,2712,,0,57,57,59,59,41,41,45,45,52,52,57,57,158,158,972,972,1165,1165,1080,1080,1042,1042,958,958,879,879,914,914,920,920,926,926,950,950,1007,1007,926,926,462,462,294,294,197,197,143,143,74,74,,,,,,,,,,,,,,,,,,,,,,,,,,,,,,,,,,,,,,,,,,,,,,,,
3254,3500,3253,2707,2700,1,57,57,59,59,41,41,45,45,52,52,57,57,158,158,972,972,1165,1165,1080,1080,1042,1042,958,958,879,879,914,914,920,920,926,926,950,950,1007,1007,926,926,462,462,294,294,197,197,143,143,74,74,,,,,,,,,,,,,,,,,,,,,,,,,,,,,,,,,,,,,,,,,,,,,,,,
3255,1600,3256,3244,,0,0,0,0,0,0,0,0,0,0,0,0,0,0,0,4,4,4,4,4,4,4,4,4,4,3,3,4,4,4,4,4,4,4,4,4,4,4,4,1,1,1,1,0,0,0,0,0,0,,,,,,,,,,,,,,,,,,,,,,,,,,,,,,,,,,,,,,,,,,,,,,,,
3256,1500,3255,2738,2714;2742,2,19,19,20,20,14,14,15,15,18,18,19,19,53,53,1078,1078,1203,1203,1181,1181,1122,1122,1078,1078,992,992,1038,1038,1013,1013,1096,1096,1113,1113,1161,1161,1062,1062,150,150,96,96,65,65,47,47,24,24,,,,,,,,,,,,,,,,,,,,,,,,,,,,,,,,,,,,,,,,,,,,,,,,
3257,1200,3258,2694,,0,0,0,0,0,0,0,0,0,0,0,0,0,0,0,6,6,7,7,7,7,6,6,6,6,5,5,6,6,6,6,6,6,6,6,6,6,6,6,1,1,1,1,1,1,0,0,0,0,,,,,,,,,,,,,,,,,,,,,,,,,,,,,,,,,,,,,,,,,,,,,,,,
3258,2000,2697,3257,2688,1,19,19,20,20,14,14,15,15,18,18,19,19,53,53,1078,1078,1203,1203,1181,1181,1122,1122,1078,1078,992,992,1038,1038,1013,1013,1096,1096,1113,1113,1161,1161,1062,1062,150,150,96,96,65,65,47,47,24,24,,,,,,,,,,,,,,,,,,,,,,,,,,,,,,,,,,,,,,,,,,,,,,,,
3259,1200,3260,330,,0,0,0,0,0,0,0,0,0,0,0,0,0,0,0,5,5,6,6,6,6,6,6,5,5,5,5,5,5,5,5,6,6,6,6,6,6,5,5,1,1,1,1,0,0,0,0,0,0,,,,,,,,,,,,,,,,,,,,,,,,,,,,,,,,,,,,,,,,,,,,,,,,
326,3500,317,2643,322;328,2,0,0,0,0,0,0,0,0,0,0,0,0,0,0,1138,1138,1201,1201,1284,1284,1257,1257,1168,1168,1084,1084,1145,1145,1051,1051,1179,1179,1173,1173,1211,1211,1091,1091,0,0,0,0,0,0,0,0,0,0,,,,,,,,,,,,,,,,,,,,,,,,,,,,,,,,,,,,,,,,,,,,,,,,
3260,4000,3259,3261,3245,1,19,19,20,20,14,14,15,15,18,18,19,19,53,53,1078,1078,1203,1203,1181,1181,1122,1122,1078,1078,992,992,1038,1038,1013,1013,1096,1096,1113,1113,1161,1161,1062,1062,150,150,96,96,65,65,47,47,24,24,,,,,,,,,,,,,,,,,,,,,,,,,,,,,,,,,,,,,,,,,,,,,,,,
3261,4000,3262,3260,,0,19,19,20,20,14,14,15,15,18,18,19,19,53,53,1078,1078,1203,1203,1181,1181,1122,1122,1078,1078,992,992,1038,1038,1013,1013,1096,1096,1113,1113,1161,1161,1062,1062,150,150,96,96,65,65,47,47,24,24,,,,,,,,,,,,,,,,,,,,,,,,,,,,,,,,,,,,,,,,,,,,,,,,
3262,2500,2691,3263,3261,1,19,19,20,20,14,14,15,15,18,18,19,19,53,53,1078,1078,1203,1203,1181,1181,1122,1122,1078,1078,992,992,1038,1038,1013,1013,1096,1096,1113,1113,1161,1161,1062,1062,150,150,96,96,65,65,47,47,24,24,,,,,,,,,,,,,,,,,,,,,,,,,,,,,,,,,,,,,,,,,,,,,,,,
3263,4000,3264,3262,,0,19,19,20,20,14,14,15,15,18,18,19,19,53,53,1078,1078,1203,1203,1181,1181,1122,1122,1078,1078,992,992,1038,1038,1013,1013,1096,1096,1113,1113,1161,1161,1062,1062,150,150,96,96,65,65,47,47,24,24,,,,,,,,,,,,,,,,,,,,,,,,,,,,,,,,,,,,,,,,,,,,,,,,
3264,3000,2738,2731,3263,1,19,19,20,20,14,14,15,15,18,18,19,19,53,53,1078,1078,1203,1203,1181,1181,1122,1122,1078,1078,992,992,1038,1038,1013,1013,1096,1096,1113,1113,1161,1161,1062,1062,150,150,96,96,65,65,47,47,24,24,,,,,,,,,,,,,,,,,,,,,,,,,,,,,,,,,,,,,,,,,,,,,,,,
3265,2500,2961,3267,,0,44,44,45,45,32,32,34,34,40,40,43,43,121,121,1080,1080,1242,1242,1144,1144,1098,1098,1038,1038,976,976,968,968,1029,1029,1055,1055,1070,1070,1140,1140,1082,1082,396,396,247,247,161,161,118,118,64,64,,,,,,,,,,,,,,,,,,,,,,,,,,,,,,,,,,,,,,,,,,,,,,,,
3266,1200,3267,2978,3007,1,0,0,0,0,0,0,0,0,0,0,0,0,0,0,3,3,4,4,4,4,4,4,3,3,3,3,3,3,3,3,3,3,3,3,4,4,3,3,1,1,1,1,1,1,0,0,0,0,,,,,,,,,,,,,,,,,,,,,,,,,,,,,,,,,,,,,,,,,,,,,,,,
3267,1200,3266,2981,3265,1,0,0,0,0,0,0,0,0,0,0,0,0,1,1,4,4,5,5,5,5,4,4,4,4,4,4,4,4,4,4,4,4,4,4,5,5,4,4,2,2,1,1,1,1,1,1,0,0,,,,,,,,,,,,,,,,,,,,,,,,,,,,,,,,,,,,,,,,,,,,,,,,
3268,1600,,3269,2961,1,0,0,0,0,0,0,0,0,0,0,0,0,1,1,4,4,5,5,5,5,4,4,4,4,4,4,4,4,4,4,4,4,4,4,4,4,4,4,2,2,1,1,1,1,1,1,0,0,,,,,,,,,,,,,,,,,,,,,,,,,,,,,,,,,,,,,,,,,,,,,,,,
3269,1200,3268,2963,3270,1,0,0,0,0,0,0,0,0,0,0,0,0,0,0,3,3,4,4,3,3,3,3,3,3,3,3,3,3,3,3,3,3,3,3,3,3,3,3,1,1,1,1,1,1,0,0,0,0,,,,,,,,,,,,,,,,,,,,,,,,,,,,,,,,,,,,,,,,,,,,,,,,
327,1500,2644,319,,0,54,54,56,56,39,39,42,42,50,50,54,54,149,149,956,956,1147,1147,1075,1075,1033,1033,954,954,866,866,918,918,901,901,917,917,943,943,993,993,901,901,419,419,269,269,182,182,132,132,67,67,,,,,,,,,,,,,,,,,,,,,,,,,,,,,,,,,,,,,,,,,,,,,,,,
3270,800,2952,2945,3269,1,0,0,0,0,0,0,0,0,0,0,0,0,0,0,3,3,3,3,3,3,3,3,3,3,3,3,3,3,3,3,3,3,3,3,3,3,3,3,1,1,1,1,1,1,0,0,0,0,,,,,,,,,,,,,,,,,,,,,,,,,,,,,,,,,,,,,,,,,,,,,,,,
3271,800,3274,3272,,0,0,0,0,0,0,0,0,0,0,0,0,0,0,0,2,2,2,2,2,2,2,2,2,2,2,2,2,2,2,2,2,2,2,2,2,2,2,2,1,1,1,1,0,0,0,0,0,0,,,,,,,,,,,,,,,,,,,,,,,,,,,,,,,,,,,,,,,,,,,,,,,,
3272,800,3271,2945,2935,1,0,0,0,0,0,0,0,0,0,0,0,0,0,0,2,2,3,3,3,3,3,3,2,2,2,2,2,2,2,2,2,2,2,2,3,3,2,2,1,1,1,1,0,0,0,0,0,0,,,,,,,,,,,,,,,,,,,,,,,,,,,,,,,,,,,,,,,,,,,,,,,,
3273,800,2946,3274,,0,0,0,0,0,0,0,0,0,0,0,0,0,0,0,2,2,2,2,2,2,2,2,2,2,2,2,2,2,2,2,2,2,2,2,2,2,2,2,1,1,0,0,0,0,0,0,0,0,,,,,,,,,,,,,,,,,,,,,,,,,,,,,,,,,,,,,,,,,,,,,,,,
3274,800,3273,2939,3271,1,0,0,0,0,0,0,0,0,0,0,0,0,0,0,2,2,2,2,2,2,2,2,2,2,1,1,1,1,2,2,2,2,2,2,2,2,2,2,1,1,0,0,0,0,0,0,0,0,,,,,,,,,,,,,,,,,,,,,,,,,,,,,,,,,,,,,,,,,,,,,,,,
3275,1200,2909,3276,,0,53,53,55,55,38,38,42,42,48,48,53,53,146,146,715,715,891,891,804,804,768,768,707,707,638,638,676,676,679,679,669,669,696,696,738,738,671,671,411,411,264,264,178,178,130,130,66,66,,,,,,,,,,,,,,,,,,,,,,,,,,,,,,,,,,,,,,,,,,,,,,,,
3276,1200,2939,3275,3277,1,0,0,0,0,0,0,0,0,0,0,0,0,0,0,2,2,2,2,2,2,2,2,2,2,2,2,2,2,2,2,2,2,2,2,2,2,2,2,1,1,1,1,0,0,0,0,0,0,,,,,,,,,,,,,,,,,,,,,,,,,,,,,,,,,,,,,,,,,,,,,,,,
3277,800,3276,3278,,0,0,0,0,0,0,0,0,0,0,0,0,0,0,0,2,2,3,3,3,3,2,2,2,2,2,2,2,2,2,2,2,2,2,2,3,3,2,2,1,1,1,1,0,0,0,0,0,0,,,,,,,,,,,,,,,,,,,,,,,,,,,,,,,,,,,,,,,,,,,,,,,,
3278,800,3277,2920,2935,1,0,0,0,0,0,0,0,0,0,0,0,0,0,0,3,3,3,3,3,3,3,3,3,3,3,3,3,3,3,3,3,3,3,3,3,3,3,3,1,1,1,1,1,1,0,0,0,0,,,,,,,,,,,,,,,,,,,,,,,,,,,,,,,,,,,,,,,,,,,,,,,,
3279,1200,3280,2946,,0,0,0,0,0,0,0,0,0,0,0,0,0,0,0,2,2,3,3,3,3,3,3,2,2,2,2,2,2,2,2,2,2,2,2,3,3,2,2,1,1,1,1,0,0,0,0,0,0,,,,,,,,,,,,,,,,,,,,,,,,,,,,,,,,,,,,,,,,,,,,,,,,
328,2500,326,2641,,0,67,67,70,70,49,49,53,53,62,62,67,67,186,186,910,910,1134,1134,1023,1023,977,977,900,900,812,812,861,861,864,864,851,851,886,886,939,939,854,854,524,524,336,336,227,227,165,165,84,84,,,,,,,,,,,,,,,,,,,,,,,,,,,,,,,,,,,,,,,,,,,,,,,,
3280,1200,3279,2942,2968,1,0,0,0,0,0,0,0,0,0,0,0,0,1,1,4,4,5,5,5,5,4,4,4,4,4,4,4,4,4,4,4,4,4,4,4,4,4,4,2,2,1,1,1,1,1,1,0,0,,,,,,,,,,,,,,,,,,,,,,,,,,,,,,,,,,,,,,,,,,,,,,,,
3281,800,3162,3282,,0,0,0,0,0,0,0,0,0,0,0,0,0,0,0,1,1,1,1,1,1,1,1,1,1,1,1,1,1,1,1,1,1,1,1,1,1,1,1,1,1,0,0,0,0,0,0,0,0,,,,,,,,,,,,,,,,,,,,,,,,,,,,,,,,,,,,,,,,,,,,,,,,
3282,800,3283,3281,2977,1,0,0,0,0,0,0,0,0,0,0,0,0,0,0,1,1,1,1,1,1,1,1,1,1,1,1,1,1,1,1,1,1,1,1,1,1,1,1,0,0,0,0,0,0,0,0,0,0,,,,,,,,,,,,,,,,,,,,,,,,,,,,,,,,,,,,,,,,,,,,,,,,
3283,800,3282,3284,,0,0,0,0,0,0,0,0,0,0,0,0,0,0,0,1,1,1,1,1,1,1,1,1,1,1,1,1,1,1,1,1,1,1,1,1,1,1,1,0,0,0,0,0,0,0,0,0,0,,,,,,,,,,,,,,,,,,,,,,,,,,,,,,,,,,,,,,,,,,,,,,,,
3284,1200,3283,2998,2978,1,0,0,0,0,0,0,0,0,0,0,0,0,0,0,1,1,1,1,1,1,1,1,1,1,1,1,1,1,1,1,1,1,1,1,1,1,1,1,1,1,0,0,0,0,0,0,0,0,,,,,,,,,,,,,,,,,,,,,,,,,,,,,,,,,,,,,,,,,,,,,,,,
3285,4400,2993,3286,,0,44,44,45,45,32,32,34,34,40,40,43,43,121,121,1080,1080,1242,1242,1144,1144,1098,1098,1038,1038,976,976,968,968,1029,1029,1055,1055,1070,1070,1140,1140,1082,1082,396,396,247,247,161,161,118,118,64,64,,,,,,,,,,,,,,,,,,,,,,,,,,,,,,,,,,,,,,,,,,,,,,,,
3286,1600,2970,3285,2980,1,0,0,0,0,0,0,0,0,0,0,0,0,0,0,3,3,4,4,4,4,3,3,3,3,3,3,3,3,3,3,3,3,3,3,4,4,3,3,1,1,1,1,1,1,0,0,0,0,,,,,,,,,,,,,,,,,,,,,,,,,,,,,,,,,,,,,,,,,,,,,,,,
3287,1500,2936,3288,,0,44,44,45,45,32,32,34,34,40,40,43,43,121,121,1080,1080,1242,1242,1144,1144,1098,1098,1038,1038,976,976,968,968,1029,1029,1055,1055,1070,1070,1140,1140,1082,1082,396,396,247,247,161,161,118,118,64,64,,,,,,,,,,,,,,,,,,,,,,,,,,,,,,,,,,,,,,,,,,,,,,,,
3288,1200,2932,3287,3289,1,0,0,0,0,0,0,0,0,0,0,0,0,0,0,3,3,4,4,3,3,3,3,3,3,3,3,3,3,3,3,3,3,3,3,3,3,3,3,1,1,1,1,1,1,0,0,0,0,,,,,,,,,,,,,,,,,,,,,,,,,,,,,,,,,,,,,,,,,,,,,,,,
3289,1600,3288,3290,,0,0,0,0,0,0,0,0,0,0,0,0,0,0,0,3,3,3,3,3,3,3,3,3,3,3,3,3,3,3,3,3,3,3,3,3,3,3,3,1,1,1,1,1,1,0,0,0,0,,,,,,,,,,,,,,,,,,,,,,,,,,,,,,,,,,,,,,,,,,,,,,,,
329,1600,316,2642,,0,53,53,55,55,38,38,42,42,48,48,53,53,146,146,715,715,891,891,804,804,768,768,707,707,638,638,676,676,679,679,669,669,696,696,738,738,671,671,411,411,264,264,178,178,130,130,66,66,,,,,,,,,,,,,,,,,,,,,,,,,,,,,,,,,,,,,,,,,,,,,,,,
3290,1200,3289,2926,2912,1,0,0,0,0,0,0,0,0,0,0,0,0,0,0,2,2,2,2,2,2,2,2,2,2,2,2,2,2,2,2,2,2,2,2,2,2,2,2,1,1,0,0,0,0,0,0,0,0,,,,,,,,,,,,,,,,,,,,,,,,,,,,,,,,,,,,,,,,,,,,,,,,
3291,2000,3292,2890,,0,44,44,45,45,32,32,34,34,40,40,43,43,121,121,1080,1080,1242,1242,1144,1144,1098,1098,1038,1038,976,976,968,968,1029,1029,1055,1055,1070,1070,1140,1140,1082,1082,396,396,247,247,161,161,118,118,64,64,,,,,,,,,,,,,,,,,,,,,,,,,,,,,,,,,,,,,,,,,,,,,,,,
3292,1200,3291,2926,2901,1,0,0,0,0,0,0,0,0,0,0,0,0,1,1,4,4,5,5,5,5,4,4,4,4,4,4,4,4,4,4,4,4,4,4,4,4,4,4,2,2,1,1,1,1,1,1,0,0,,,,,,,,,,,,,,,,,,,,,,,,,,,,,,,,,,,,,,,,,,,,,,,,
3293,1200,3294,3296,,0,0,0,0,0,0,0,0,0,0,0,0,0,0,0,2,2,2,2,2,2,2,2,2,2,2,2,2,2,2,2,2,2,2,2,2,2,2,2,1,1,0,0,0,0,0,0,0,0,,,,,,,,,,,,,,,,,,,,,,,,,,,,,,,,,,,,,,,,,,,,,,,,
3294,800,3293,2898,2893,1,0,0,0,0,0,0,0,0,0,0,0,0,0,0,2,2,2,2,2,2,2,2,2,2,2,2,2,2,2,2,2,2,2,2,2,2,2,2,1,1,1,1,0,0,0,0,0,0,,,,,,,,,,,,,,,,,,,,,,,,,,,,,,,,,,,,,,,,,,,,,,,,
3295,800,3296,3075,,0,0,0,0,0,0,0,0,0,0,0,0,0,0,0,2,2,2,2,2,2,2,2,2,2,2,2,2,2,2,2,2,2,2,2,2,2,2,2,1,1,1,1,0,0,0,0,0,0,,,,,,,,,,,,,,,,,,,,,,,,,,,,,,,,,,,,,,,,,,,,,,,,
3296,1200,3297,3295,3293,1,0,0,0,0,0,0,0,0,0,0,0,0,0,0,2,2,3,3,3,3,3,3,2,2,2,2,2,2,2,2,2,2,2,2,3,3,2,2,1,1,1,1,0,0,0,0,0,0,,,,,,,,,,,,,,,,,,,,,,,,,,,,,,,,,,,,,,,,,,,,,,,,
3297,1200,3298,3296,,0,0,0,0,0,0,0,0,0,0,0,0,0,0,0,3,3,3,3,3,3,3,3,3,3,2,2,2,2,2,2,3,3,3,3,3,3,3,3,1,1,1,1,0,0,0,0,0,0,,,,,,,,,,,,,,,,,,,,,,,,,,,,,,,,,,,,,,,,,,,,,,,,
3298,300,2894,3297,3074,1,0,0,0,0,0,0,0,0,0,0,0,0,0,0,3,3,3,3,3,3,3,3,3,3,2,2,2,2,3,3,3,3,3,3,3,3,3,3,1,1,1,1,0,0,0,0,0,0,,,,,,,,,,,,,,,,,,,,,,,,,,,,,,,,,,,,,,,,,,,,,,,,
3299,4400,3300,3168,,0,44,44,45,45,32,32,34,34,40,40,43,43,121,121,1080,1080,1242,1242,1144,1144,1098,1098,1038,1038,976,976,968,968,1029,1029,1055,1055,1070,1070,1140,1140,1082,1082,396,396,247,247,161,161,118,118,64,64,,,,,,,,,,,,,,,,,,,,,,,,,,,,,,,,,,,,,,,,,,,,,,,,
33,2000,34,30,,0,27,27,28,28,20,20,21,21,25,25,27,27,74,74,1049,1049,1182,1182,1170,1170,1126,1126,1056,1056,970,970,1022,1022,982,982,1052,1052,1066,1066,1112,1112,1010,1010,210,210,134,134,91,91,66,66,34,34,,,,,,,,,,,,,,,,,,,,,,,,,,,,,,,,,,,,,,,,,,,,,,,,
330,4000,3259,2654,551;325,2,38,38,40,40,28,28,30,30,35,35,38,38,106,106,1010,1010,1173,1173,1121,1121,1069,1069,1008,1008,921,921,970,970,952,952,997,997,1020,1020,1069,1069,975,975,299,299,192,192,130,130,94,94,48,48,,,,,,,,,,,,,,,,,,,,,,,,,,,,,,,,,,,,,,,,,,,,,,,,
3300,2500,3303,3029,2985;3299,2,44,44,45,45,32,32,34,34,40,40,43,43,121,121,1080,1080,1242,1242,1144,1144,1098,1098,1038,1038,976,976,968,968,1029,1029,1055,1055,1070,1070,1140,1140,1082,1082,396,396,247,247,161,161,118,118,64,64,,,,,,,,,,,,,,,,,,,,,,,,,,,,,,,,,,,,,,,,,,,,,,,,
3301,3850,2975,3302,,0,44,44,45,45,32,32,34,34,40,40,43,43,121,121,1080,1080,1242,1242,1144,1144,1098,1098,1038,1038,976,976,968,968,1029,1029,1055,1055,1070,1070,1140,1140,1082,1082,396,396,247,247,161,161,118,118,64,64,,,,,,,,,,,,,,,,,,,,,,,,,,,,,,,,,,,,,,,,,,,,,,,,
3302,2000,2947,2960,3301,1,44,44,45,45,32,32,34,34,40,40,43,43,121,121,1080,1080,1242,1242,1144,1144,1098,1098,1038,1038,976,976,968,968,1029,1029,1055,1055,1070,1070,1140,1140,1082,1082,396,396,247,247,161,161,118,118,64,64,,,,,,,,,,,,,,,,,,,,,,,,,,,,,,,,,,,,,,,,,,,,,,,,
3303,1500,3300,3304,,0,44,44,45,45,32,32,34,34,40,40,43,43,121,121,1080,1080,1242,1242,1144,1144,1098,1098,1038,1038,976,976,968,968,1029,1029,1055,1055,1070,1070,1140,1140,1082,1082,396,396,247,247,161,161,118,118,64,64,,,,,,,,,,,,,,,,,,,,,,,,,,,,,,,,,,,,,,,,,,,,,,,,
3304,2000,3305,2947,3303,1,44,44,45,45,32,32,34,34,40,40,43,43,121,121,1080,1080,1242,1242,1144,1144,1098,1098,1038,1038,976,976,968,968,1029,1029,1055,1055,1070,1070,1140,1140,1082,1082,396,396,247,247,161,161,118,118,64,64,,,,,,,,,,,,,,,,,,,,,,,,,,,,,,,,,,,,,,,,,,,,,,,,
3305,1200,3304,3306,,0,0,0,0,0,0,0,0,0,0,0,0,0,1,1,4,4,5,5,4,4,4,4,4,4,4,4,4,4,4,4,4,4,4,4,4,4,4,4,2,2,1,1,1,1,1,1,0,0,,,,,,,,,,,,,,,,,,,,,,,,,,,,,,,,,,,,,,,,,,,,,,,,
3306,1200,2938,3305,3307,1,0,0,0,0,0,0,0,0,0,0,0,0,0,0,3,3,3,3,3,3,3,3,3,3,3,3,3,3,3,3,3,3,3,3,3,3,3,3,1,1,1,1,1,1,0,0,0,0,,,,,,,,,,,,,,,,,,,,,,,,,,,,,,,,,,,,,,,,,,,,,,,,
3307,1200,3308,3306,,0,0,0,0,0,0,0,0,0,0,0,0,0,0,0,2,2,3,3,2,2,2,2,2,2,2,2,2,2,2,2,2,2,2,2,2,2,2,2,1,1,1,1,0,0,0,0,0,0,,,,,,,,,,,,,,,,,,,,,,,,,,,,,,,,,,,,,,,,,,,,,,,,
3308,1600,3307,3311,3309,1,0,0,0,0,0,0,0,0,0,0,0,0,0,0,2,2,2,2,2,2,2,2,2,2,2,2,2,2,2,2,2,2,2,2,2,2,2,2,1,1,0,0,0,0,0,0,0,0,,,,,,,,,,,,,,,,,,,,,,,,,,,,,,,,,,,,,,,,,,,,,,,,
3309,1600,3310,3308,,0,0,0,0,0,0,0,0,0,0,0,0,0,0,0,3,3,3,3,3,3,3,3,3,3,2,2,3,3,3,3,3,3,3,3,3,3,3,3,1,1,1,1,1,1,0,0,0,0,,,,,,,,,,,,,,,,,,,,,,,,,,,,,,,,,,,,,,,,,,,,,,,,
331,4400,298,2644,,0,0,0,0,0,0,0,0,0,0,0,0,0,0,0,1138,1138,1201,1201,1284,1284,1257,1257,1168,1168,1084,1084,1145,1145,1051,1051,1179,1179,1173,1173,1211,1211,1091,1091,0,0,0,0,0,0,0,0,0,0,,,,,,,,,,,,,,,,,,,,,,,,,,,,,,,,,,,,,,,,,,,,,,,,
3310,1200,3309,2932,2938,1,0,0,0,0,0,0,0,0,0,0,0,0,0,0,2,2,3,3,2,2,2,2,2,2,2,2,2,2,2,2,2,2,2,2,2,2,2,2,1,1,1,1,0,0,0,0,0,0,,,,,,,,,,,,,,,,,,,,,,,,,,,,,,,,,,,,,,,,,,,,,,,,
3311,1200,3312,3308,,0,0,0,0,0,0,0,0,0,0,0,0,0,0,0,3,3,4,4,4,4,3,3,3,3,3,3,3,3,3,3,3,3,3,3,3,3,3,3,1,1,1,1,1,1,0,0,0,0,,,,,,,,,,,,,,,,,,,,,,,,,,,,,,,,,,,,,,,,,,,,,,,,
3312,2500,2966,3311,2912,1,44,44,45,45,32,32,34,34,40,40,43,43,121,121,1080,1080,1242,1242,1144,1144,1098,1098,1038,1038,976,976,968,968,1029,1029,1055,1055,1070,1070,1140,1140,1082,1082,396,396,247,247,161,161,118,118,64,64,,,,,,,,,,,,,,,,,,,,,,,,,,,,,,,,,,,,,,,,,,,,,,,,
3313,1500,3314,3178,3003,1,0,0,0,0,0,0,0,0,0,0,0,0,0,0,1147,1147,1238,1238,1234,1234,1160,1160,1144,1144,1058,1058,1100,1100,1078,1078,1198,1198,1212,1212,1260,1260,1158,1158,0,0,0,0,0,0,0,0,0,0,,,,,,,,,,,,,,,,,,,,,,,,,,,,,,,,,,,,,,,,,,,,,,,,
3314,800,3315,3313,,0,0,0,0,0,0,0,0,0,0,0,0,0,0,0,894,894,944,944,1009,1009,988,988,917,917,851,851,900,900,826,826,926,926,922,922,952,952,857,857,0,0,0,0,0,0,0,0,0,0,,,,,,,,,,,,,,,,,,,,,,,,,,,,,,,,,,,,,,,,,,,,,,,,
3315,300,3314,3000,2982,1,0,0,0,0,0,0,0,0,0,0,0,0,0,0,4,4,4,4,4,4,4,4,4,4,3,3,4,4,4,4,4,4,4,4,4,4,4,4,1,1,1,1,0,0,0,0,0,0,,,,,,,,,,,,,,,,,,,,,,,,,,,,,,,,,,,,,,,,,,,,,,,,
3316,3500,2964,3317,,0,44,44,45,45,32,32,34,34,40,40,43,43,121,121,1080,1080,1242,1242,1144,1144,1098,1098,1038,1038,976,976,968,968,1029,1029,1055,1055,1070,1070,1140,1140,1082,1082,396,396,247,247,161,161,118,118,64,64,,,,,,,,,,,,,,,,,,,,,,,,,,,,,,,,,,,,,,,,,,,,,,,,
3317,1600,2929,,3318;3316,2,0,0,0,0,0,0,0,0,0,0,0,0,1,1,4,4,4,4,4,4,4,4,4,4,3,3,3,3,3,3,4,4,4,4,4,4,4,4,2,2,1,1,1,1,0,0,0,0,,,,,,,,,,,,,,,,,,,,,,,,,,,,,,,,,,,,,,,,,,,,,,,,
3318,3000,3319,3317,,0,44,44,45,45,32,32,34,34,40,40,43,43,121,121,1080,1080,1242,1242,1144,1144,1098,1098,1038,1038,976,976,968,968,1029,1029,1055,1055,1070,1070,1140,1140,1082,1082,396,396,247,247,161,161,118,118,64,64,,,,,,,,,,,,,,,,,,,,,,,,,,,,,,,,,,,,,,,,,,,,,,,,
3319,2500,,2916,3320;3318,2,44,44,45,45,32,32,34,34,40,40,43,43,121,121,1080,1080,1242,1242,1144,1144,1098,1098,1038,1038,976,976,968,968,1029,1029,1055,1055,1070,1070,1140,1140,1082,1082,396,396,247,247,161,161,118,118,64,64,,,,,,,,,,,,,,,,,,,,,,,,,,,,,,,,,,,,,,,,,,,,,,,,
332,1200,2649,309,,0,1,1,1,1,0,0,0,0,1,1,1,1,2,2,12,12,15,15,14,14,13,13,12,12,11,11,12,12,12,12,12,12,12,12,13,13,12,12,4,4,3,3,2,2,1,1,1,1,,,,,,,,,,,,,,,,,,,,,,,,,,,,,,,,,,,,,,,,,,,,,,,,
3320,3500,3319,3321,,0,44,44,45,45,32,32,34,34,40,40,43,43,121,121,1080,1080,1242,1242,1144,1144,1098,1098,1038,1038,976,976,968,968,1029,1029,1055,1055,1070,1070,1140,1140,1082,1082,396,396,247,247,161,161,118,118,64,64,,,,,,,,,,,,,,,,,,,,,,,,,,,,,,,,,,,,,,,,,,,,,,,,
3321,2500,2900,3320,2944,1,44,44,45,45,32,32,34,34,40,40,43,43,121,121,1080,1080,1242,1242,1144,1144,1098,1098,1038,1038,976,976,968,968,1029,1029,1055,1055,1070,1070,1140,1140,1082,1082,396,396,247,247,161,161,118,118,64,64,,,,,,,,,,,,,,,,,,,,,,,,,,,,,,,,,,,,,,,,,,,,,,,,
3322,1200,2995,3187,2988,1,0,0,0,0,0,0,0,0,0,0,0,0,0,0,2,2,3,3,2,2,2,2,2,2,2,2,2,2,2,2,2,2,2,2,2,2,2,2,1,1,0,0,0,0,0,0,0,0,,,,,,,,,,,,,,,,,,,,,,,,,,,,,,,,,,,,,,,,,,,,,,,,
3323,1000,3324,2934,,0,0,0,0,0,0,0,0,0,0,0,0,0,0,0,1147,1147,1238,1238,1234,1234,1160,1160,1144,1144,1058,1058,1100,1100,1078,1078,1198,1198,1212,1212,1260,1260,1158,1158,0,0,0,0,0,0,0,0,0,0,,,,,,,,,,,,,,,,,,,,,,,,,,,,,,,,,,,,,,,,,,,,,,,,
3324,1200,3323,3325,2918,1,0,0,0,0,0,0,0,0,0,0,0,0,0,0,4,4,5,5,5,5,5,5,4,4,4,4,4,4,4,4,4,4,4,4,5,5,4,4,1,1,1,1,1,1,0,0,0,0,,,,,,,,,,,,,,,,,,,,,,,,,,,,,,,,,,,,,,,,,,,,,,,,
3325,800,3326,3324,,0,0,0,0,0,0,0,0,0,0,0,0,0,0,0,3,3,3,3,3,3,3,3,3,3,2,2,3,3,3,3,3,3,3,3,3,3,3,3,1,1,1,1,0,0,0,0,0,0,,,,,,,,,,,,,,,,,,,,,,,,,,,,,,,,,,,,,,,,,,,,,,,,
3326,1200,2923,3325,2906,1,0,0,0,0,0,0,0,0,0,0,0,0,0,0,2,2,3,3,3,3,3,3,2,2,2,2,2,2,2,2,2,2,3,3,3,3,2,2,1,1,0,0,0,0,0,0,0,0,,,,,,,,,,,,,,,,,,,,,,,,,,,,,,,,,,,,,,,,,,,,,,,,
3327,2000,3328,3129,,0,0,0,0,0,0,0,0,0,0,0,0,0,0,0,1147,1147,1238,1238,1234,1234,1160,1160,1144,1144,1058,1058,1100,1100,1078,1078,1198,1198,1212,1212,1260,1260,1158,1158,0,0,0,0,0,0,0,0,0,0,,,,,,,,,,,,,,,,,,,,,,,,,,,,,,,,,,,,,,,,,,,,,,,,
3328,2500,2897,3327,2910,1,0,0,0,0,0,0,0,0,0,0,0,0,0,0,1147,1147,1238,1238,1234,1234,1160,1160,1144,1144,1058,1058,1100,1100,1078,1078,1198,1198,1212,1212,1260,1260,1158,1158,0,0,0,0,0,0,0,0,0,0,,,,,,,,,,,,,,,,,,,,,,,,,,,,,,,,,,,,,,,,,,,,,,,,
3329,4400,3330,3189,,0,0,0,0,0,0,0,0,0,0,0,0,0,0,0,1147,1147,1238,1238,1234,1234,1160,1160,1144,1144,1058,1058,1100,1100,1078,1078,1198,1198,1212,1212,1260,1260,1158,1158,0,0,0,0,0,0,0,0,0,0,,,,,,,,,,,,,,,,,,,,,,,,,,,,,,,,,,,,,,,,,,,,,,,,
333,2000,550,541,,0,54,54,56,56,39,39,42,42,50,50,54,54,149,149,956,956,1147,1147,1075,1075,1033,1033,954,954,866,866,918,918,901,901,917,917,943,943,993,993,901,901,419,419,269,269,182,182,132,132,67,67,,,,,,,,,,,,,,,,,,,,,,,,,,,,,,,,,,,,,,,,,,,,,,,,
3330,2000,2959,3331,3329,1,0,0,0,0,0,0,0,0,0,0,0,0,0,0,1147,1147,1238,1238,1234,1234,1160,1160,1144,1144,1058,1058,1100,1100,1078,1078,1198,1198,1212,1212,1260,1260,1158,1158,0,0,0,0,0,0,0,0,0,0,,,,,,,,,,,,,,,,,,,,,,,,,,,,,,,,,,,,,,,,,,,,,,,,
3331,2500,3332,3330,,0,0,0,0,0,0,0,0,0,0,0,0,0,0,0,1147,1147,1238,1238,1234,1234,1160,1160,1144,1144,1058,1058,1100,1100,1078,1078,1198,1198,1212,1212,1260,1260,1158,1158,0,0,0,0,0,0,0,0,0,0,,,,,,,,,,,,,,,,,,,,,,,,,,,,,,,,,,,,,,,,,,,,,,,,
3332,2500,3331,2954,3030,1,0,0,0,0,0,0,0,0,0,0,0,0,0,0,1147,1147,1238,1238,1234,1234,1160,1160,1144,1144,1058,1058,1100,1100,1078,1078,1198,1198,1212,1212,1260,1260,1158,1158,0,0,0,0,0,0,0,0,0,0,,,,,,,,,,,,,,,,,,,,,,,,,,,,,,,,,,,,,,,,,,,,,,,,
3333,1200,2990,3334,,0,0,0,0,0,0,0,0,0,0,0,0,0,0,0,3,3,3,3,3,3,3,3,3,3,2,2,2,2,2,2,3,3,3,3,3,3,2,2,1,1,0,0,0,0,0,0,0,0,,,,,,,,,,,,,,,,,,,,,,,,,,,,,,,,,,,,,,,,,,,,,,,,
3334,1200,2983,2974,3333,1,0,0,0,0,0,0,0,0,0,0,0,0,0,0,4,4,5,5,5,5,4,4,4,4,4,4,4,4,4,4,4,4,4,4,4,4,4,4,1,1,1,1,1,1,0,0,0,0,,,,,,,,,,,,,,,,,,,,,,,,,,,,,,,,,,,,,,,,,,,,,,,,
3335,1600,2664,3336,,0,0,0,0,0,0,0,0,0,0,0,0,0,1,1,4,4,5,5,4,4,4,4,4,4,3,3,4,4,4,4,4,4,4,4,4,4,4,4,2,2,1,1,1,1,1,1,0,0,,,,,,,,,,,,,,,,,,,,,,,,,,,,,,,,,,,,,,,,,,,,,,,,
3336,1600,2648,2660,3335,1,0,0,0,0,0,0,0,0,0,0,0,0,0,0,2,2,3,3,3,3,2,2,2,2,2,2,2,2,2,2,2,2,2,2,2,2,2,2,1,1,1,1,0,0,0,0,0,0,,,,,,,,,,,,,,,,,,,,,,,,,,,,,,,,,,,,,,,,,,,,,,,,
3337,2500,527,3224,,0,54,54,56,56,39,39,42,42,50,50,54,54,149,149,956,956,1147,1147,1075,1075,1033,1033,954,954,866,866,918,918,901,901,917,917,943,943,993,993,901,901,419,419,269,269,182,182,132,132,67,67,,,,,,,,,,,,,,,,,,,,,,,,,,,,,,,,,,,,,,,,,,,,,,,,
3338,1600,3232,550,,0,0,0,1,1,0,0,0,0,0,0,0,0,1,1,9,9,11,11,10,10,10,10,9,9,8,8,8,8,9,9,9,9,9,9,9,9,9,9,4,4,3,3,2,2,1,1,1,1,,,,,,,,,,,,,,,,,,,,,,,,,,,,,,,,,,,,,,,,,,,,,,,,
3339,1600,8250,3602,8252;3396,2,53,53,55,55,38,38,42,42,48,48,53,53,146,146,715,715,891,891,804,804,768,768,707,707,638,638,676,676,679,679,669,669,696,696,738,738,671,671,411,411,264,264,178,178,130,130,66,66,,,,,,,,,,,,,,,,,,,,,,,,,,,,,,,,,,,,,,,,,,,,,,,,
334,3000,531,260,,0,54,54,56,56,39,39,42,42,50,50,54,54,149,149,956,956,1147,1147,1075,1075,1033,1033,954,954,866,866,918,918,901,901,917,917,943,943,993,993,901,901,419,419,269,269,182,182,132,132,67,67,,,,,,,,,,,,,,,,,,,,,,,,,,,,,,,,,,,,,,,,,,,,,,,,
3340,1600,3341,8264,8266;3500,2,0,0,0,0,0,0,0,0,0,0,0,0,0,0,0,0,0,0,0,0,0,0,0,0,0,0,0,0,0,0,0,0,0,0,0,0,0,0,0,0,0,0,0,0,0,0,0,0,,,,,,,,,,,,,,,,,,,,,,,,,,,,,,,,,,,,,,,,,,,,,,,,
3341,1600,3340,3517,,0,0,0,0,0,0,0,0,0,0,0,0,0,0,0,0,0,0,0,0,0,0,0,0,0,0,0,0,0,0,0,0,0,0,0,0,0,0,0,0,0,0,0,0,0,0,0,0,0,,,,,,,,,,,,,,,,,,,,,,,,,,,,,,,,,,,,,,,,,,,,,,,,
3342,1600,3365,8255,3533;3535,2,0,0,0,0,0,0,0,0,0,0,0,0,0,0,1,1,1,1,1,1,1,1,1,1,1,1,1,1,1,1,1,1,1,1,1,1,1,1,0,0,0,0,0,0,0,0,0,0,,,,,,,,,,,,,,,,,,,,,,,,,,,,,,,,,,,,,,,,,,,,,,,,
3343,1200,8681,3351,,0,0,0,0,0,0,0,0,0,0,0,0,0,0,0,1,1,2,2,2,2,2,2,1,1,1,1,1,1,1,1,1,1,1,1,1,1,1,1,1,1,0,0,0,0,0,0,0,0,,,,,,,,,,,,,,,,,,,,,,,,,,,,,,,,,,,,,,,,,,,,,,,,
3344,2000,3351,3534,,0,67,67,70,70,49,49,53,53,62,62,67,67,186,186,910,910,1134,1134,1023,1023,977,977,900,900,812,812,861,861,864,864,851,851,886,886,939,939,854,854,524,524,336,336,227,227,165,165,84,84,,,,,,,,,,,,,,,,,,,,,,,,,,,,,,,,,,,,,,,,,,,,,,,,
3345,800,3536,3348,,0,0,0,0,0,0,0,0,0,0,0,0,0,0,0,1,1,1,1,1,1,1,1,1,1,1,1,1,1,1,1,1,1,1,1,1,1,1,1,0,0,0,0,0,0,0,0,0,0,,,,,,,,,,,,,,,,,,,,,,,,,,,,,,,,,,,,,,,,,,,,,,,,
3346,1200,3585,3579,,0,0,0,0,0,0,0,0,0,0,0,0,0,0,0,1,1,2,2,1,1,1,1,1,1,1,1,1,1,1,1,1,1,1,1,1,1,1,1,1,1,0,0,0,0,0,0,0,0,,,,,,,,,,,,,,,,,,,,,,,,,,,,,,,,,,,,,,,,,,,,,,,,
3347,1200,3352,8288,,0,0,0,0,0,0,0,0,0,0,0,0,0,0,0,3,3,4,4,4,4,4,4,3,3,3,3,3,3,3,3,3,3,3,3,3,3,3,3,1,1,1,1,0,0,0,0,0,0,,,,,,,,,,,,,,,,,,,,,,,,,,,,,,,,,,,,,,,,,,,,,,,,
3348,1600,3539,3404,3345;3354,2,0,0,0,0,0,0,0,0,0,0,0,0,0,0,2,2,2,2,2,2,2,2,2,2,2,2,2,2,2,2,2,2,2,2,2,2,2,2,1,1,1,1,0,0,0,0,0,0,,,,,,,,,,,,,,,,,,,,,,,,,,,,,,,,,,,,,,,,,,,,,,,,
3349,1200,3519,3501,,0,0,0,0,0,0,0,0,0,0,0,0,0,0,0,0,0,0,0,0,0,0,0,0,0,0,0,0,0,0,0,0,0,0,0,0,0,0,0,0,0,0,0,0,0,0,0,0,0,,,,,,,,,,,,,,,,,,,,,,,,,,,,,,,,,,,,,,,,,,,,,,,,
335,3000,350,2371,336,1,27,27,28,28,20,20,21,21,25,25,27,27,74,74,1049,1049,1182,1182,1170,1170,1126,1126,1056,1056,970,970,1022,1022,982,982,1052,1052,1066,1066,1112,1112,1010,1010,210,210,134,134,91,91,66,66,34,34,,,,,,,,,,,,,,,,,,,,,,,,,,,,,,,,,,,,,,,,,,,,,,,,
3350,1200,3352,3603,,0,0,0,0,0,0,0,0,0,0,0,0,0,0,0,0,0,0,0,0,0,0,0,0,0,0,0,0,0,0,0,0,0,0,0,0,0,0,0,0,0,0,0,0,0,0,0,0,0,,,,,,,,,,,,,,,,,,,,,,,,,,,,,,,,,,,,,,,,,,,,,,,,
3351,1200,3381,3343,3344;3531,2,0,0,0,0,0,0,0,0,0,0,0,0,0,0,2,2,2,2,2,2,2,2,2,2,1,1,1,1,1,1,2,2,2,2,2,2,2,2,1,1,0,0,0,0,0,0,0,0,,,,,,,,,,,,,,,,,,,,,,,,,,,,,,,,,,,,,,,,,,,,,,,,
3352,1200,3361,3350,3347;3372,2,0,0,0,0,0,0,0,0,0,0,0,0,0,0,0,0,0,0,0,0,0,0,0,0,0,0,0,0,0,0,0,0,0,0,0,0,0,0,0,0,0,0,0,0,0,0,0,0,,,,,,,,,,,,,,,,,,,,,,,,,,,,,,,,,,,,,,,,,,,,,,,,
3353,3000,3356,8253,,0,49,49,50,50,35,35,38,38,44,44,48,48,134,134,1042,1042,1205,1205,1140,1140,1113,1113,1019,1019,953,953,965,965,985,985,1006,1006,1018,1018,1081,1081,1009,1009,422,422,265,265,174,174,127,127,68,68,,,,,,,,,,,,,,,,,,,,,,,,,,,,,,,,,,,,,,,,,,,,,,,,
3354,1500,3356,3348,,0,67,67,70,70,49,49,53,53,62,62,67,67,186,186,910,910,1134,1134,1023,1023,977,977,900,900,812,812,861,861,864,864,851,851,886,886,939,939,854,854,524,524,336,336,227,227,165,165,84,84,,,,,,,,,,,,,,,,,,,,,,,,,,,,,,,,,,,,,,,,,,,,,,,,
3355,2500,3550,3561,,0,67,67,70,70,49,49,53,53,62,62,67,67,186,186,910,910,1134,1134,1023,1023,977,977,900,900,812,812,861,861,864,864,851,851,886,886,939,939,854,854,524,524,336,336,227,227,165,165,84,84,,,,,,,,,,,,,,,,,,,,,,,,,,,,,,,,,,,,,,,,,,,,,,,,
3356,2500,3354,3364,3353;3414,2,67,67,70,70,49,49,53,53,62,62,67,67,186,186,910,910,1134,1134,1023,1023,977,977,900,900,812,812,861,861,864,864,851,851,886,886,939,939,854,854,524,524,336,336,227,227,165,165,84,84,,,,,,,,,,,,,,,,,,,,,,,,,,,,,,,,,,,,,,,,,,,,,,,,
3357,1200,8246,3363,,0,53,53,55,55,38,38,42,42,48,48,53,53,146,146,715,715,891,891,804,804,768,768,707,707,638,638,676,676,679,679,669,669,696,696,738,738,671,671,411,411,264,264,178,178,130,130,66,66,,,,,,,,,,,,,,,,,,,,,,,,,,,,,,,,,,,,,,,,,,,,,,,,
3358,1200,3599,,,0,0,0,0,0,0,0,0,0,0,0,0,0,0,0,1,1,1,1,1,1,1,1,1,1,1,1,1,1,1,1,1,1,1,1,1,1,1,1,0,0,0,0,0,0,0,0,0,0,,,,,,,,,,,,,,,,,,,,,,,,,,,,,,,,,,,,,,,,,,,,,,,,
3359,1200,3544,3366,,0,0,0,0,0,0,0,0,0,0,0,0,0,0,0,2,2,2,2,2,2,2,2,2,2,1,1,1,1,2,2,2,2,2,2,2,2,2,2,1,1,0,0,0,0,0,0,0,0,,,,,,,,,,,,,,,,,,,,,,,,,,,,,,,,,,,,,,,,,,,,,,,,
336,3500,335,337,,0,27,27,28,28,20,20,21,21,25,25,27,27,74,74,1049,1049,1182,1182,1170,1170,1126,1126,1056,1056,970,970,1022,1022,982,982,1052,1052,1066,1066,1112,1112,1010,1010,210,210,134,134,91,91,66,66,34,34,,,,,,,,,,,,,,,,,,,,,,,,,,,,,,,,,,,,,,,,,,,,,,,,
3360,3000,3393,3586,3560;3570,2,54,54,54,54,38,38,41,41,48,48,53,53,149,149,1126,1126,1279,1279,1185,1185,1176,1176,1064,1064,1030,1030,978,978,1073,1073,1075,1075,1072,1072,1157,1157,1124,1124,530,530,326,326,208,208,152,152,86,86,,,,,,,,,,,,,,,,,,,,,,,,,,,,,,,,,,,,,,,,,,,,,,,,
3361,1200,3352,3363,,0,0,0,0,0,0,0,0,0,0,0,0,0,0,0,0,0,1,1,0,0,0,0,0,0,0,0,0,0,0,0,0,0,0,0,0,0,0,0,0,0,0,0,0,0,0,0,0,0,,,,,,,,,,,,,,,,,,,,,,,,,,,,,,,,,,,,,,,,,,,,,,,,
3362,300,3577,3589,,0,0,0,0,0,0,0,0,0,0,0,0,0,0,0,1,1,1,1,1,1,1,1,1,1,1,1,1,1,1,1,1,1,1,1,1,1,1,1,0,0,0,0,0,0,0,0,0,0,,,,,,,,,,,,,,,,,,,,,,,,,,,,,,,,,,,,,,,,,,,,,,,,
3363,1200,3371,3361,3357;3604,2,0,0,0,0,0,0,0,0,0,0,0,0,0,0,1,1,1,1,1,1,1,1,1,1,1,1,1,1,1,1,1,1,1,1,1,1,1,1,0,0,0,0,0,0,0,0,0,0,,,,,,,,,,,,,,,,,,,,,,,,,,,,,,,,,,,,,,,,,,,,,,,,
3364,1500,3356,3366,,0,67,67,70,70,49,49,53,53,62,62,67,67,186,186,910,910,1134,1134,1023,1023,977,977,900,900,812,812,861,861,864,864,851,851,886,886,939,939,854,854,524,524,336,336,227,227,165,165,84,84,,,,,,,,,,,,,,,,,,,,,,,,,,,,,,,,,,,,,,,,,,,,,,,,
3365,3000,3532,3342,,0,67,67,70,70,49,49,53,53,62,62,67,67,186,186,910,910,1134,1134,1023,1023,977,977,900,900,812,812,861,861,864,864,851,851,886,886,939,939,854,854,524,524,336,336,227,227,165,165,84,84,,,,,,,,,,,,,,,,,,,,,,,,,,,,,,,,,,,,,,,,,,,,,,,,
3366,1600,3359,3545,3364;3384,2,0,0,0,0,0,0,0,0,0,0,0,0,0,0,2,2,2,2,2,2,2,2,2,2,2,2,2,2,2,2,2,2,2,2,2,2,2,2,1,1,1,1,0,0,0,0,0,0,,,,,,,,,,,,,,,,,,,,,,,,,,,,,,,,,,,,,,,,,,,,,,,,
3367,2500,3559,3544,,0,67,67,70,70,49,49,53,53,62,62,67,67,186,186,910,910,1134,1134,1023,1023,977,977,900,900,812,812,861,861,864,864,851,851,886,886,939,939,854,854,524,524,336,336,227,227,165,165,84,84,,,,,,,,,,,,,,,,,,,,,,,,,,,,,,,,,,,,,,,,,,,,,,,,
3368,4400,3575,3573,,0,54,54,54,54,38,38,41,41,48,48,53,53,149,149,1126,1126,1279,1279,1185,1185,1176,1176,1064,1064,1030,1030,978,978,1073,1073,1075,1075,1072,1072,1157,1157,1124,1124,530,530,326,326,208,208,152,152,86,86,,,,,,,,,,,,,,,,,,,,,,,,,,,,,,,,,,,,,,,,,,,,,,,,
3369,1600,3521,3503,,0,0,0,0,0,0,0,0,0,0,0,0,0,0,0,0,0,0,0,0,0,0,0,0,0,0,0,0,0,0,0,0,0,0,0,0,0,0,0,0,0,0,0,0,0,0,0,0,0,,,,,,,,,,,,,,,,,,,,,,,,,,,,,,,,,,,,,,,,,,,,,,,,
337,2500,17,336,338,1,27,27,28,28,20,20,21,21,25,25,27,27,74,74,1049,1049,1182,1182,1170,1170,1126,1126,1056,1056,970,970,1022,1022,982,982,1052,1052,1066,1066,1112,1112,1010,1010,210,210,134,134,91,91,66,66,34,34,,,,,,,,,,,,,,,,,,,,,,,,,,,,,,,,,,,,,,,,,,,,,,,,
3370,2500,3373,,,0,54,54,54,54,38,38,41,41,48,48,53,53,149,149,1126,1126,1279,1279,1185,1185,1176,1176,1064,1064,1030,1030,978,978,1073,1073,1075,1075,1072,1072,1157,1157,1124,1124,530,530,326,326,208,208,152,152,86,86,,,,,,,,,,,,,,,,,,,,,,,,,,,,,,,,,,,,,,,,,,,,,,,,
3371,800,3373,3363,,0,0,0,0,0,0,0,0,0,0,0,0,0,0,0,1,1,1,1,1,1,1,1,1,1,1,1,1,1,1,1,1,1,1,1,1,1,1,1,0,0,0,0,0,0,0,0,0,0,,,,,,,,,,,,,,,,,,,,,,,,,,,,,,,,,,,,,,,,,,,,,,,,
3372,1200,3601,3352,,0,0,0,0,0,0,0,0,0,0,0,0,0,0,0,0,0,0,0,0,0,0,0,0,0,0,0,0,0,0,0,0,0,0,0,0,0,0,0,0,0,0,0,0,0,0,0,0,0,,,,,,,,,,,,,,,,,,,,,,,,,,,,,,,,,,,,,,,,,,,,,,,,
3373,1200,3370,3371,3440,1,0,0,0,0,0,0,0,0,0,0,0,0,0,0,1,1,2,2,2,2,2,2,1,1,1,1,1,1,1,1,1,1,1,1,2,2,1,1,1,1,0,0,0,0,0,0,0,0,,,,,,,,,,,,,,,,,,,,,,,,,,,,,,,,,,,,,,,,,,,,,,,,
3374,1200,8242,3579,,0,53,53,55,55,38,38,42,42,48,48,53,53,146,146,715,715,891,891,804,804,768,768,707,707,638,638,676,676,679,679,669,669,696,696,738,738,671,671,411,411,264,264,178,178,130,130,66,66,,,,,,,,,,,,,,,,,,,,,,,,,,,,,,,,,,,,,,,,,,,,,,,,
3375,1200,3385,3521,,0,0,0,0,0,0,0,0,0,0,0,0,0,0,0,0,0,1,1,1,1,1,1,0,0,0,0,0,0,0,0,0,0,0,0,1,1,0,0,0,0,0,0,0,0,0,0,0,0,,,,,,,,,,,,,,,,,,,,,,,,,,,,,,,,,,,,,,,,,,,,,,,,
3376,1200,3573,3382,,0,0,0,0,0,0,0,0,0,0,0,0,0,0,0,2,2,2,2,2,2,2,2,2,2,2,2,2,2,2,2,2,2,2,2,2,2,2,2,1,1,0,0,0,0,0,0,0,0,,,,,,,,,,,,,,,,,,,,,,,,,,,,,,,,,,,,,,,,,,,,,,,,
3377,1600,3559,3561,,0,0,0,0,0,0,0,0,0,0,0,0,0,0,0,2,2,3,3,3,3,2,2,2,2,2,2,2,2,2,2,2,2,2,2,2,2,2,2,1,1,1,1,0,0,0,0,0,0,,,,,,,,,,,,,,,,,,,,,,,,,,,,,,,,,,,,,,,,,,,,,,,,
3378,800,3390,8273,,0,0,0,0,0,0,0,0,0,0,0,0,0,0,0,1,1,1,1,1,1,1,1,1,1,1,1,1,1,1,1,1,1,1,1,1,1,1,1,0,0,0,0,0,0,0,0,0,0,,,,,,,,,,,,,,,,,,,,,,,,,,,,,,,,,,,,,,,,,,,,,,,,
3379,800,3515,3385,,0,0,0,0,0,0,0,0,0,0,0,0,0,0,0,0,0,0,0,0,0,0,0,0,0,0,0,0,0,0,0,0,0,0,0,0,0,0,0,0,0,0,0,0,0,0,0,0,0,,,,,,,,,,,,,,,,,,,,,,,,,,,,,,,,,,,,,,,,,,,,,,,,
338,4000,339,337,,0,27,27,28,28,20,20,21,21,25,25,27,27,74,74,1049,1049,1182,1182,1170,1170,1126,1126,1056,1056,970,970,1022,1022,982,982,1052,1052,1066,1066,1112,1112,1010,1010,210,210,134,134,91,91,66,66,34,34,,,,,,,,,,,,,,,,,,,,,,,,,,,,,,,,,,,,,,,,,,,,,,,,
3380,1200,3394,3532,,0,0,0,0,0,0,0,0,0,0,0,0,0,0,0,1,1,1,1,1,1,1,1,1,1,1,1,1,1,1,1,1,1,1,1,1,1,1,1,1,1,0,0,0,0,0,0,0,0,,,,,,,,,,,,,,,,,,,,,,,,,,,,,,,,,,,,,,,,,,,,,,,,
3381,800,3528,3351,,0,0,0,0,0,0,0,0,0,0,0,0,0,0,0,1,1,1,1,1,1,1,1,1,1,1,1,1,1,1,1,1,1,1,1,1,1,1,1,0,0,0,0,0,0,0,0,0,0,,,,,,,,,,,,,,,,,,,,,,,,,,,,,,,,,,,,,,,,,,,,,,,,
3382,1600,3376,3397,3574;3568,2,0,0,0,0,0,0,0,0,0,0,0,0,0,0,2,2,2,2,2,2,2,2,2,2,1,1,1,1,2,2,2,2,2,2,2,2,2,2,1,1,0,0,0,0,0,0,0,0,,,,,,,,,,,,,,,,,,,,,,,,,,,,,,,,,,,,,,,,,,,,,,,,
3383,800,3589,3581,,0,0,0,0,0,0,0,0,0,0,0,0,0,0,0,2,2,2,2,2,2,2,2,2,2,2,2,2,2,2,2,2,2,2,2,2,2,2,2,1,1,0,0,0,0,0,0,0,0,,,,,,,,,,,,,,,,,,,,,,,,,,,,,,,,,,,,,,,,,,,,,,,,
3384,2500,3391,3366,,0,67,67,70,70,49,49,53,53,62,62,67,67,186,186,910,910,1134,1134,1023,1023,977,977,900,900,812,812,861,861,864,864,851,851,886,886,939,939,854,854,524,524,336,336,227,227,165,165,84,84,,,,,,,,,,,,,,,,,,,,,,,,,,,,,,,,,,,,,,,,,,,,,,,,
3385,1600,3379,3387,3375;3522,2,0,0,0,0,0,0,0,0,0,0,0,0,0,0,1,1,1,1,1,1,1,1,1,1,1,1,1,1,1,1,1,1,1,1,1,1,1,1,0,0,0,0,0,0,0,0,0,0,,,,,,,,,,,,,,,,,,,,,,,,,,,,,,,,,,,,,,,,,,,,,,,,
3386,2500,3394,3536,,0,67,67,70,70,49,49,53,53,62,62,67,67,186,186,910,910,1134,1134,1023,1023,977,977,900,900,812,812,861,861,864,864,851,851,886,886,939,939,854,854,524,524,336,336,227,227,165,165,84,84,,,,,,,,,,,,,,,,,,,,,,,,,,,,,,,,,,,,,,,,,,,,,,,,
3387,800,3385,3526,,0,0,0,0,0,0,0,0,0,0,0,0,0,0,0,1,1,1,1,1,1,1,1,1,1,1,1,1,1,1,1,1,1,1,1,1,1,1,1,0,0,0,0,0,0,0,0,0,0,,,,,,,,,,,,,,,,,,,,,,,,,,,,,,,,,,,,,,,,,,,,,,,,
3388,1200,3601,3607,,0,0,0,0,0,0,0,0,0,0,0,0,0,0,0,0,0,1,1,1,1,1,1,0,0,0,0,0,0,0,0,0,0,0,0,0,0,0,0,0,0,0,0,0,0,0,0,0,0,,,,,,,,,,,,,,,,,,,,,,,,,,,,,,,,,,,,,,,,,,,,,,,,
3389,800,3390,3526,,0,0,0,0,0,0,0,0,0,0,0,0,0,0,0,1,1,1,1,1,1,1,1,1,1,1,1,1,1,1,1,1,1,1,1,1,1,1,1,0,0,0,0,0,0,0,0,0,0,,,,,,,,,,,,,,,,,,,,,,,,,,,,,,,,,,,,,,,,,,,,,,,,
339,3000,346,338,340,1,27,27,28,28,20,20,21,21,25,25,27,27,74,74,1049,1049,1182,1182,1170,1170,1126,1126,1056,1056,970,970,1022,1022,982,982,1052,1052,1066,1066,1112,1112,1010,1010,210,210,134,134,91,91,66,66,34,34,,,,,,,,,,,,,,,,,,,,,,,,,,,,,,,,,,,,,,,,,,,,,,,,
3390,1200,3389,3527,3378;3529,2,0,0,0,0,0,0,0,0,0,0,0,0,0,0,1,1,1,1,1,1,1,1,1,1,1,1,1,1,1,1,1,1,1,1,1,1,1,1,0,0,0,0,0,0,0,0,0,0,,,,,,,,,,,,,,,,,,,,,,,,,,,,,,,,,,,,,,,,,,,,,,,,
3391,1600,3439,3558,3384;3395,2,0,0,0,0,0,0,0,0,0,0,0,0,0,0,2,2,3,3,2,2,2,2,2,2,2,2,2,2,2,2,2,2,2,2,2,2,2,2,1,1,1,1,0,0,0,0,0,0,,,,,,,,,,,,,,,,,,,,,,,,,,,,,,,,,,,,,,,,,,,,,,,,
3392,800,3394,3528,,0,0,0,0,0,0,0,0,0,0,0,0,0,0,0,1,1,1,1,1,1,1,1,1,1,1,1,1,1,1,1,1,1,1,1,1,1,1,1,0,0,0,0,0,0,0,0,0,0,,,,,,,,,,,,,,,,,,,,,,,,,,,,,,,,,,,,,,,,,,,,,,,,
3393,2500,3398,3360,,0,54,54,54,54,38,38,41,41,48,48,53,53,149,149,1126,1126,1279,1279,1185,1185,1176,1176,1064,1064,1030,1030,978,978,1073,1073,1075,1075,1072,1072,1157,1157,1124,1124,530,530,326,326,208,208,152,152,86,86,,,,,,,,,,,,,,,,,,,,,,,,,,,,,,,,,,,,,,,,,,,,,,,,
3394,1600,3386,3392,3380;3405,2,0,0,0,0,0,0,0,0,0,0,0,0,0,0,1,1,1,1,1,1,1,1,1,1,1,1,1,1,1,1,1,1,1,1,1,1,1,1,1,1,0,0,0,0,0,0,0,0,,,,,,,,,,,,,,,,,,,,,,,,,,,,,,,,,,,,,,,,,,,,,,,,
3395,1500,3398,3391,,0,54,54,54,54,38,38,41,41,48,48,53,53,149,149,1126,1126,1279,1279,1185,1185,1176,1176,1064,1064,1030,1030,978,978,1073,1073,1075,1075,1072,1072,1157,1157,1124,1124,530,530,326,326,208,208,152,152,86,86,,,,,,,,,,,,,,,,,,,,,,,,,,,,,,,,,,,,,,,,,,,,,,,,
3396,4400,3339,3593,,0,54,54,54,54,38,38,41,41,48,48,53,53,149,149,1126,1126,1279,1279,1185,1185,1176,1176,1064,1064,1030,1030,978,978,1073,1073,1075,1075,1072,1072,1157,1157,1124,1124,530,530,326,326,208,208,152,152,86,86,,,,,,,,,,,,,,,,,,,,,,,,,,,,,,,,,,,,,,,,,,,,,,,,
3397,1200,3581,3382,,0,0,0,0,0,0,0,0,0,0,0,0,0,0,0,2,2,3,3,2,2,2,2,2,2,2,2,2,2,2,2,2,2,2,2,2,2,2,2,1,1,1,1,0,0,0,0,0,0,,,,,,,,,,,,,,,,,,,,,,,,,,,,,,,,,,,,,,,,,,,,,,,,
3398,2500,3395,3402,3393;3432,2,54,54,54,54,38,38,41,41,48,48,53,53,149,149,1126,1126,1279,1279,1185,1185,1176,1176,1064,1064,1030,1030,978,978,1073,1073,1075,1075,1072,1072,1157,1157,1124,1124,530,530,326,326,208,208,152,152,86,86,,,,,,,,,,,,,,,,,,,,,,,,,,,,,,,,,,,,,,,,,,,,,,,,
3399,1600,3509,3513,,0,0,0,0,0,0,0,0,0,0,0,0,0,0,0,1,1,1,1,1,1,1,1,1,1,1,1,1,1,1,1,1,1,1,1,1,1,1,1,0,0,0,0,0,0,0,0,0,0,,,,,,,,,,,,,,,,,,,,,,,,,,,,,,,,,,,,,,,,,,,,,,,,
34,2000,32,70,33;37,2,27,27,28,28,20,20,21,21,25,25,27,27,74,74,1049,1049,1182,1182,1170,1170,1126,1126,1056,1056,970,970,1022,1022,982,982,1052,1052,1066,1066,1112,1112,1010,1010,210,210,134,134,91,91,66,66,34,34,,,,,,,,,,,,,,,,,,,,,,,,,,,,,,,,,,,,,,,,,,,,,,,,
340,4000,341,339,,0,27,27,28,28,20,20,21,21,25,25,27,27,74,74,1049,1049,1182,1182,1170,1170,1126,1126,1056,1056,970,970,1022,1022,982,982,1052,1052,1066,1066,1112,1112,1010,1010,210,210,134,134,91,91,66,66,34,34,,,,,,,,,,,,,,,,,,,,,,,,,,,,,,,,,,,,,,,,,,,,,,,,
3400,1600,3515,3511,,0,0,0,0,0,0,0,0,0,0,0,0,0,0,0,0,0,0,0,0,0,0,0,0,0,0,0,0,0,0,0,0,0,0,0,0,0,0,0,0,0,0,0,0,0,0,0,0,0,,,,,,,,,,,,,,,,,,,,,,,,,,,,,,,,,,,,,,,,,,,,,,,,
3401,1200,3567,3569,,0,0,0,0,0,0,0,0,0,0,0,0,0,0,0,2,2,2,2,2,2,2,2,2,2,2,2,2,2,2,2,2,2,2,2,2,2,2,2,1,1,1,1,0,0,0,0,0,0,,,,,,,,,,,,,,,,,,,,,,,,,,,,,,,,,,,,,,,,,,,,,,,,
3402,2000,3563,3398,,0,54,54,54,54,38,38,41,41,48,48,53,53,149,149,1126,1126,1279,1279,1185,1185,1176,1176,1064,1064,1030,1030,978,978,1073,1073,1075,1075,1072,1072,1157,1157,1124,1124,530,530,326,326,208,208,152,152,86,86,,,,,,,,,,,,,,,,,,,,,,,,,,,,,,,,,,,,,,,,,,,,,,,,
3403,3000,3412,3580,3590;3451,2,54,54,54,54,38,38,41,41,48,48,53,53,149,149,1126,1126,1279,1279,1185,1185,1176,1176,1064,1064,1030,1030,978,978,1073,1073,1075,1075,1072,1072,1157,1157,1124,1124,530,530,326,326,208,208,152,152,86,86,,,,,,,,,,,,,,,,,,,,,,,,,,,,,,,,,,,,,,,,,,,,,,,,
3404,2000,3348,3538,,0,67,67,70,70,49,49,53,53,62,62,67,67,186,186,910,910,1134,1134,1023,1023,977,977,900,900,812,812,861,861,864,864,851,851,886,886,939,939,854,854,524,524,336,336,227,227,165,165,84,84,,,,,,,,,,,,,,,,,,,,,,,,,,,,,,,,,,,,,,,,,,,,,,,,
3405,1600,3411,3394,,0,0,0,0,0,0,0,0,0,0,0,0,0,0,0,1,1,1,1,1,1,1,1,1,1,1,1,1,1,1,1,1,1,1,1,1,1,1,1,0,0,0,0,0,0,0,0,0,0,,,,,,,,,,,,,,,,,,,,,,,,,,,,,,,,,,,,,,,,,,,,,,,,
3406,1200,3554,3557,,0,0,0,0,0,0,0,0,0,0,0,0,0,0,0,2,2,3,3,3,3,3,3,2,2,2,2,2,2,2,2,2,2,2,2,3,3,2,2,1,1,1,1,0,0,0,0,0,0,,,,,,,,,,,,,,,,,,,,,,,,,,,,,,,,,,,,,,,,,,,,,,,,
3407,1200,3597,3605,,0,0,0,0,0,0,0,0,0,0,0,0,0,0,0,894,894,944,944,1009,1009,988,988,917,917,851,851,900,900,826,826,926,926,922,922,952,952,857,857,0,0,0,0,0,0,0,0,0,0,,,,,,,,,,,,,,,,,,,,,,,,,,,,,,,,,,,,,,,,,,,,,,,,
3408,1600,3523,3511,,0,0,0,0,0,0,0,0,0,0,0,0,0,0,0,1,1,1,1,1,1,1,1,1,1,1,1,1,1,1,1,1,1,1,1,1,1,1,1,0,0,0,0,0,0,0,0,0,0,,,,,,,,,,,,,,,,,,,,,,,,,,,,,,,,,,,,,,,,,,,,,,,,
3409,1200,3411,3530,,0,0,0,0,0,0,0,0,0,0,0,0,0,0,0,1,1,1,1,1,1,1,1,1,1,1,1,1,1,1,1,1,1,1,1,1,1,1,1,0,0,0,0,0,0,0,0,0,0,,,,,,,,,,,,,,,,,,,,,,,,,,,,,,,,,,,,,,,,,,,,,,,,
341,2500,340,342,119,1,27,27,28,28,20,20,21,21,25,25,27,27,74,74,1049,1049,1182,1182,1170,1170,1126,1126,1056,1056,970,970,1022,1022,982,982,1052,1052,1066,1066,1112,1112,1010,1010,210,210,134,134,91,91,66,66,34,34,,,,,,,,,,,,,,,,,,,,,,,,,,,,,,,,,,,,,,,,,,,,,,,,
3410,1200,3538,3411,,0,0,0,0,0,0,0,0,0,0,0,0,0,0,0,1,1,1,1,1,1,1,1,1,1,1,1,1,1,1,1,1,1,1,1,1,1,1,1,0,0,0,0,0,0,0,0,0,0,,,,,,,,,,,,,,,,,,,,,,,,,,,,,,,,,,,,,,,,,,,,,,,,
3411,1200,3410,3409,3405;3420,2,0,0,0,0,0,0,0,0,0,0,0,0,0,0,1,1,1,1,1,1,1,1,1,1,1,1,1,1,1,1,1,1,1,1,1,1,1,1,1,1,0,0,0,0,0,0,0,0,,,,,,,,,,,,,,,,,,,,,,,,,,,,,,,,,,,,,,,,,,,,,,,,
3412,3000,3403,3595,,0,54,54,54,54,38,38,41,41,48,48,53,53,149,149,1126,1126,1279,1279,1185,1185,1176,1176,1064,1064,1030,1030,978,978,1073,1073,1075,1075,1072,1072,1157,1157,1124,1124,530,530,326,326,208,208,152,152,86,86,,,,,,,,,,,,,,,,,,,,,,,,,,,,,,,,,,,,,,,,,,,,,,,,
3413,1600,3567,3419,,0,0,0,0,0,0,0,0,0,0,0,0,0,0,0,1,1,2,2,2,2,2,2,1,1,1,1,1,1,1,1,1,1,1,1,2,2,1,1,1,1,0,0,0,0,0,0,0,0,,,,,,,,,,,,,,,,,,,,,,,,,,,,,,,,,,,,,,,,,,,,,,,,
3414,3500,3356,3542,,0,67,67,70,70,49,49,53,53,62,62,67,67,186,186,910,910,1134,1134,1023,1023,977,977,900,900,812,812,861,861,864,864,851,851,886,886,939,939,854,854,524,524,336,336,227,227,165,165,84,84,,,,,,,,,,,,,,,,,,,,,,,,,,,,,,,,,,,,,,,,,,,,,,,,
3415,4400,3526,8233,,0,67,67,70,70,49,49,53,53,62,62,67,67,186,186,910,910,1134,1134,1023,1023,977,977,900,900,812,812,861,861,864,864,851,851,886,886,939,939,854,854,524,524,336,336,227,227,165,165,84,84,,,,,,,,,,,,,,,,,,,,,,,,,,,,,,,,,,,,,,,,,,,,,,,,
3416,2000,3419,3569,,0,54,54,54,54,38,38,41,41,48,48,53,53,149,149,1126,1126,1279,1279,1185,1185,1176,1176,1064,1064,1030,1030,978,978,1073,1073,1075,1075,1072,1072,1157,1157,1124,1124,530,530,326,326,208,208,152,152,86,86,,,,,,,,,,,,,,,,,,,,,,,,,,,,,,,,,,,,,,,,,,,,,,,,
3417,800,3425,3530,,0,0,0,0,0,0,0,0,0,0,0,0,0,0,0,2,2,2,2,2,2,2,2,2,2,2,2,2,2,2,2,2,2,2,2,2,2,2,2,1,1,0,0,0,0,0,0,0,0,,,,,,,,,,,,,,,,,,,,,,,,,,,,,,,,,,,,,,,,,,,,,,,,
3418,2000,3422,3548,,0,67,67,70,70,49,49,53,53,62,62,67,67,186,186,910,910,1134,1134,1023,1023,977,977,900,900,812,812,861,861,864,864,851,851,886,886,939,939,854,854,524,524,336,336,227,227,165,165,84,84,,,,,,,,,,,,,,,,,,,,,,,,,,,,,,,,,,,,,,,,,,,,,,,,
3419,1600,3416,3434,3413;3438,2,0,0,0,0,0,0,0,0,0,0,0,0,0,0,2,2,2,2,2,2,2,2,2,2,2,2,2,2,2,2,2,2,2,2,2,2,2,2,1,1,1,1,0,0,0,0,0,0,,,,,,,,,,,,,,,,,,,,,,,,,,,,,,,,,,,,,,,,,,,,,,,,
342,2000,341,343,,0,27,27,28,28,20,20,21,21,25,25,27,27,74,74,1049,1049,1182,1182,1170,1170,1126,1126,1056,1056,970,970,1022,1022,982,982,1052,1052,1066,1066,1112,1112,1010,1010,210,210,134,134,91,91,66,66,34,34,,,,,,,,,,,,,,,,,,,,,,,,,,,,,,,,,,,,,,,,,,,,,,,,
3420,1600,3430,3411,,0,0,0,0,0,0,0,0,0,0,0,0,0,0,0,2,2,2,2,2,2,2,2,2,2,2,2,2,2,2,2,2,2,2,2,2,2,2,2,1,1,1,1,0,0,0,0,0,0,,,,,,,,,,,,,,,,,,,,,,,,,,,,,,,,,,,,,,,,,,,,,,,,
3421,1200,3645,3554,,0,0,0,0,0,0,0,0,0,0,0,0,0,0,0,2,2,2,2,2,2,2,2,2,2,1,1,1,1,2,2,2,2,2,2,2,2,2,2,1,1,0,0,0,0,0,0,0,0,,,,,,,,,,,,,,,,,,,,,,,,,,,,,,,,,,,,,,,,,,,,,,,,
3422,2500,3426,3418,3541;3464,2,67,67,70,70,49,49,53,53,62,62,67,67,186,186,910,910,1134,1134,1023,1023,977,977,900,900,812,812,861,861,864,864,851,851,886,886,939,939,854,854,524,524,336,336,227,227,165,165,84,84,,,,,,,,,,,,,,,,,,,,,,,,,,,,,,,,,,,,,,,,,,,,,,,,
3423,1600,3571,3565,,0,0,0,0,0,0,0,0,0,0,0,0,0,0,0,2,2,3,3,2,2,2,2,2,2,2,2,2,2,2,2,2,2,2,2,2,2,2,2,1,1,1,1,0,0,0,0,0,0,,,,,,,,,,,,,,,,,,,,,,,,,,,,,,,,,,,,,,,,,,,,,,,,
3424,1500,3425,3431,,0,67,67,70,70,49,49,53,53,62,62,67,67,186,186,910,910,1134,1134,1023,1023,977,977,900,900,812,812,861,861,864,864,851,851,886,886,939,939,854,854,524,524,336,336,227,227,165,165,84,84,,,,,,,,,,,,,,,,,,,,,,,,,,,,,,,,,,,,,,,,,,,,,,,,
3425,2500,3427,3424,3417;3479,2,67,67,70,70,49,49,53,53,62,62,67,67,186,186,910,910,1134,1134,1023,1023,977,977,900,900,812,812,861,861,864,864,851,851,886,886,939,939,854,854,524,524,336,336,227,227,165,165,84,84,,,,,,,,,,,,,,,,,,,,,,,,,,,,,,,,,,,,,,,,,,,,,,,,
3426,1500,3422,3631,,0,67,67,70,70,49,49,53,53,62,62,67,67,186,186,910,910,1134,1134,1023,1023,977,977,900,900,812,812,861,861,864,864,851,851,886,886,939,939,854,854,524,524,336,336,227,227,165,165,84,84,,,,,,,,,,,,,,,,,,,,,,,,,,,,,,,,,,,,,,,,,,,,,,,,
3427,1200,3425,3430,,0,0,0,0,0,0,0,0,0,0,0,0,0,0,0,1,1,1,1,1,1,1,1,1,1,1,1,1,1,1,1,1,1,1,1,1,1,1,1,0,0,0,0,0,0,0,0,0,0,,,,,,,,,,,,,,,,,,,,,,,,,,,,,,,,,,,,,,,,,,,,,,,,
3428,2500,3552,3643,,0,67,67,70,70,49,49,53,53,62,62,67,67,186,186,910,910,1134,1134,1023,1023,977,977,900,900,812,812,861,861,864,864,851,851,886,886,939,939,854,854,524,524,336,336,227,227,165,165,84,84,,,,,,,,,,,,,,,,,,,,,,,,,,,,,,,,,,,,,,,,,,,,,,,,
3429,3500,3617,3431,,0,67,67,70,70,49,49,53,53,62,62,67,67,186,186,910,910,1134,1134,1023,1023,977,977,900,900,812,812,861,861,864,864,851,851,886,886,939,939,854,854,524,524,336,336,227,227,165,165,84,84,,,,,,,,,,,,,,,,,,,,,,,,,,,,,,,,,,,,,,,,,,,,,,,,
343,300,342,75,344,1,0,0,0,0,0,0,0,0,0,0,0,0,1,1,8,8,9,9,9,9,8,8,8,8,7,7,7,7,7,7,8,8,8,8,8,8,8,8,2,2,1,1,1,1,1,1,0,0,,,,,,,,,,,,,,,,,,,,,,,,,,,,,,,,,,,,,,,,,,,,,,,,
3430,2500,3630,3427,3420;3624,2,67,67,70,70,49,49,53,53,62,62,67,67,186,186,910,910,1134,1134,1023,1023,977,977,900,900,812,812,861,861,864,864,851,851,886,886,939,939,854,854,524,524,336,336,227,227,165,165,84,84,,,,,,,,,,,,,,,,,,,,,,,,,,,,,,,,,,,,,,,,,,,,,,,,
3431,4000,3424,3429,3525;3476,2,67,67,70,70,49,49,53,53,62,62,67,67,186,186,910,910,1134,1134,1023,1023,977,977,900,900,812,812,861,861,864,864,851,851,886,886,939,939,854,854,524,524,336,336,227,227,165,165,84,84,,,,,,,,,,,,,,,,,,,,,,,,,,,,,,,,,,,,,,,,,,,,,,,,
3432,2500,3398,3437,,0,54,54,54,54,38,38,41,41,48,48,53,53,149,149,1126,1126,1279,1279,1185,1185,1176,1176,1064,1064,1030,1030,978,978,1073,1073,1075,1075,1072,1072,1157,1157,1124,1124,530,530,326,326,208,208,152,152,86,86,,,,,,,,,,,,,,,,,,,,,,,,,,,,,,,,,,,,,,,,,,,,,,,,
3433,1200,3671,3435,,0,0,0,0,0,0,0,0,0,0,0,0,0,0,0,1,1,1,1,1,1,1,1,1,1,1,1,1,1,1,1,1,1,1,1,1,1,1,1,0,0,0,0,0,0,0,0,0,0,,,,,,,,,,,,,,,,,,,,,,,,,,,,,,,,,,,,,,,,,,,,,,,,
3434,1200,3419,3653,,0,0,0,0,0,0,0,0,0,0,0,0,0,0,0,2,2,2,2,2,2,2,2,1,1,1,1,1,1,1,1,2,2,2,2,2,2,2,2,1,1,0,0,0,0,0,0,0,0,,,,,,,,,,,,,,,,,,,,,,,,,,,,,,,,,,,,,,,,,,,,,,,,
3435,1200,,3433,3463,1,0,0,0,0,0,0,0,0,0,0,0,0,0,0,1,1,1,1,1,1,1,1,1,1,1,1,1,1,1,1,1,1,1,1,1,1,1,1,0,0,0,0,0,0,0,0,0,0,,,,,,,,,,,,,,,,,,,,,,,,,,,,,,,,,,,,,,,,,,,,,,,,
3436,1200,3645,3555,,0,33,33,31,31,22,22,23,23,26,26,31,31,88,88,1055,1055,1119,1119,1058,1058,1080,1080,966,966,980,980,861,861,1008,1008,1021,1021,988,988,1080,1080,1096,1096,421,421,249,249,150,150,110,110,68,68,,,,,,,,,,,,,,,,,,,,,,,,,,,,,,,,,,,,,,,,,,,,,,,,
3437,1600,3652,3450,3432;3444,2,0,0,0,0,0,0,0,0,0,0,0,0,0,0,3,3,3,3,3,3,3,3,2,2,2,2,2,2,2,2,3,3,3,3,3,3,3,3,1,1,1,1,0,0,0,0,0,0,,,,,,,,,,,,,,,,,,,,,,,,,,,,,,,,,,,,,,,,,,,,,,,,
3438,2000,3651,3419,,0,54,54,54,54,38,38,41,41,48,48,53,53,149,149,1126,1126,1279,1279,1185,1185,1176,1176,1064,1064,1030,1030,978,978,1073,1073,1075,1075,1072,1072,1157,1157,1124,1124,530,530,326,326,208,208,152,152,86,86,,,,,,,,,,,,,,,,,,,,,,,,,,,,,,,,,,,,,,,,,,,,,,,,
3439,1200,3391,3557,,0,0,0,0,0,0,0,0,0,0,0,0,0,0,0,2,2,2,2,2,2,2,2,2,2,2,2,2,2,2,2,2,2,2,2,2,2,2,2,1,1,0,0,0,0,0,0,0,0,,,,,,,,,,,,,,,,,,,,,,,,,,,,,,,,,,,,,,,,,,,,,,,,
344,1200,343,345,,0,0,0,0,0,0,0,0,0,0,0,0,0,0,0,5,5,6,6,6,6,6,6,5,5,5,5,5,5,5,5,5,5,5,5,6,6,5,5,1,1,1,1,0,0,0,0,0,0,,,,,,,,,,,,,,,,,,,,,,,,,,,,,,,,,,,,,,,,,,,,,,,,
3440,2500,3373,3671,,0,54,54,54,54,38,38,41,41,48,48,53,53,149,149,1126,1126,1279,1279,1185,1185,1176,1176,1064,1064,1030,1030,978,978,1073,1073,1075,1075,1072,1072,1157,1157,1124,1124,530,530,326,326,208,208,152,152,86,86,,,,,,,,,,,,,,,,,,,,,,,,,,,,,,,,,,,,,,,,,,,,,,,,
3441,800,3442,3665,,0,0,0,0,0,0,0,0,0,0,0,0,0,0,0,0,0,1,1,1,1,1,1,0,0,0,0,0,0,0,0,0,0,0,0,1,1,0,0,0,0,0,0,0,0,0,0,0,0,,,,,,,,,,,,,,,,,,,,,,,,,,,,,,,,,,,,,,,,,,,,,,,,
3442,400,3443,3441,3670;3703,2,0,0,0,0,0,0,0,0,0,0,0,0,0,0,1,1,1,1,1,1,1,1,1,1,1,1,0,0,1,1,1,1,1,1,1,1,1,1,0,0,0,0,0,0,0,0,0,0,,,,,,,,,,,,,,,,,,,,,,,,,,,,,,,,,,,,,,,,,,,,,,,,
3443,300,3442,,,0,0,0,0,0,0,0,0,0,0,0,0,0,0,0,1,1,1,1,1,1,1,1,1,1,1,1,0,0,1,1,1,1,1,1,1,1,1,1,0,0,0,0,0,0,0,0,0,0,,,,,,,,,,,,,,,,,,,,,,,,,,,,,,,,,,,,,,,,,,,,,,,,
3444,3000,3437,3462,,0,54,54,54,54,38,38,41,41,48,48,53,53,149,149,1126,1126,1279,1279,1185,1185,1176,1176,1064,1064,1030,1030,978,978,1073,1073,1075,1075,1072,1072,1157,1157,1124,1124,530,530,326,326,208,208,152,152,86,86,,,,,,,,,,,,,,,,,,,,,,,,,,,,,,,,,,,,,,,,,,,,,,,,
3445,4400,3669,3447,,0,54,54,54,54,38,38,41,41,48,48,53,53,149,149,1126,1126,1279,1279,1185,1185,1176,1176,1064,1064,1030,1030,978,978,1073,1073,1075,1075,1072,1072,1157,1157,1124,1124,530,530,326,326,208,208,152,152,86,86,,,,,,,,,,,,,,,,,,,,,,,,,,,,,,,,,,,,,,,,,,,,,,,,
3446,1200,3548,3647,,0,0,0,0,0,0,0,0,0,0,0,0,0,0,0,2,2,2,2,2,2,2,2,2,2,2,2,2,2,2,2,2,2,2,2,2,2,2,2,1,1,0,0,0,0,0,0,0,0,,,,,,,,,,,,,,,,,,,,,,,,,,,,,,,,,,,,,,,,,,,,,,,,
3447,1600,3455,3453,3445;3471,2,0,0,0,0,0,0,0,0,0,0,0,0,0,0,2,2,2,2,2,2,2,2,2,2,2,2,2,2,2,2,2,2,2,2,2,2,2,2,1,1,0,0,0,0,0,0,0,0,,,,,,,,,,,,,,,,,,,,,,,,,,,,,,,,,,,,,,,,,,,,,,,,
3448,1200,3625,3623,,0,0,0,0,0,0,0,0,0,0,0,0,0,0,0,1,1,1,1,1,1,1,1,1,1,1,1,1,1,1,1,1,1,1,1,1,1,1,1,0,0,0,0,0,0,0,0,0,0,,,,,,,,,,,,,,,,,,,,,,,,,,,,,,,,,,,,,,,,,,,,,,,,
3449,1600,3669,3667,,0,0,0,0,0,0,0,0,0,0,0,0,0,0,0,2,2,2,2,2,2,2,2,2,2,2,2,2,2,2,2,2,2,2,2,2,2,2,2,1,1,0,0,0,0,0,0,0,0,,,,,,,,,,,,,,,,,,,,,,,,,,,,,,,,,,,,,,,,,,,,,,,,
345,1200,351,344,64,1,0,0,0,0,0,0,0,0,0,0,0,0,0,0,3,3,4,4,4,4,3,3,3,3,3,3,3,3,3,3,3,3,3,3,3,3,3,3,1,1,0,0,0,0,0,0,0,0,,,,,,,,,,,,,,,,,,,,,,,,,,,,,,,,,,,,,,,,,,,,,,,,
3450,800,3437,3639,,0,0,0,0,0,0,0,0,0,0,0,0,0,0,0,2,2,2,2,2,2,2,2,2,2,2,2,2,2,2,2,2,2,2,2,2,2,2,2,1,1,0,0,0,0,0,0,0,0,,,,,,,,,,,,,,,,,,,,,,,,,,,,,,,,,,,,,,,,,,,,,,,,
3451,4400,3655,3403,,0,54,54,54,54,38,38,41,41,48,48,53,53,149,149,1126,1126,1279,1279,1185,1185,1176,1176,1064,1064,1030,1030,978,978,1073,1073,1075,1075,1072,1072,1157,1157,1124,1124,530,530,326,326,208,208,152,152,86,86,,,,,,,,,,,,,,,,,,,,,,,,,,,,,,,,,,,,,,,,,,,,,,,,
3452,1200,3459,3667,,0,0,0,0,0,0,0,0,0,0,0,0,0,0,0,0,0,0,0,0,0,0,0,0,0,0,0,0,0,0,0,0,0,0,0,0,0,0,0,0,0,0,0,0,0,0,0,0,0,,,,,,,,,,,,,,,,,,,,,,,,,,,,,,,,,,,,,,,,,,,,,,,,
3453,1200,3447,3657,,0,0,0,0,0,0,0,0,0,0,0,0,0,0,0,2,2,2,2,2,2,2,2,2,2,1,1,1,1,2,2,2,2,2,2,2,2,2,2,1,1,0,0,0,0,0,0,0,0,,,,,,,,,,,,,,,,,,,,,,,,,,,,,,,,,,,,,,,,,,,,,,,,
3454,1600,3461,3625,,0,0,0,0,0,0,0,0,0,0,0,0,0,0,0,1,1,1,1,1,1,1,1,1,1,1,1,1,1,1,1,1,1,1,1,1,1,1,1,0,0,0,0,0,0,0,0,0,0,,,,,,,,,,,,,,,,,,,,,,,,,,,,,,,,,,,,,,,,,,,,,,,,
3455,1600,3459,3447,,0,0,0,0,0,0,0,0,0,0,0,0,0,0,0,1,1,1,1,1,1,1,1,1,1,1,1,1,1,1,1,1,1,1,1,1,1,1,1,0,0,0,0,0,0,0,0,0,0,,,,,,,,,,,,,,,,,,,,,,,,,,,,,,,,,,,,,,,,,,,,,,,,
3456,4400,tran_e1487ea8-d9dc-4fe0-b3ba-65a787282204,3608,,0,0,0,0,0,0,0,0,0,0,0,0,0,0,0,1138,1138,1201,1201,1284,1284,1257,1257,1168,1168,1084,1084,1145,1145,1051,1051,1179,1179,1173,1173,1211,1211,1091,1091,0,0,0,0,0,0,0,0,0,0,,,,,,,,,,,,,,,,,,,,,,,,,,,,,,,,,,,,,,,,,,,,,,,,
3457,1600,3641,3637,,0,0,0,0,0,0,0,0,0,0,0,0,0,0,0,2,2,2,2,2,2,2,2,2,2,2,2,2,2,2,2,2,2,2,2,2,2,2,2,1,1,0,0,0,0,0,0,0,0,,,,,,,,,,,,,,,,,,,,,,,,,,,,,,,,,,,,,,,,,,,,,,,,
3458,2000,3649,3651,,0,54,54,54,54,38,38,41,41,48,48,53,53,149,149,1126,1126,1279,1279,1185,1185,1176,1176,1064,1064,1030,1030,978,978,1073,1073,1075,1075,1072,1072,1157,1157,1124,1124,530,530,326,326,208,208,152,152,86,86,,,,,,,,,,,,,,,,,,,,,,,,,,,,,,,,,,,,,,,,,,,,,,,,
3459,1600,3465,3455,3452;3473,2,0,0,0,0,0,0,0,0,0,0,0,0,0,0,1,1,1,1,1,1,1,1,1,1,1,1,0,0,1,1,1,1,1,1,1,1,1,1,0,0,0,0,0,0,0,0,0,0,,,,,,,,,,,,,,,,,,,,,,,,,,,,,,,,,,,,,,,,,,,,,,,,
346,2500,339,347,,0,27,27,28,28,20,20,21,21,25,25,27,27,74,74,1049,1049,1182,1182,1170,1170,1126,1126,1056,1056,970,970,1022,1022,982,982,1052,1052,1066,1066,1112,1112,1010,1010,210,210,134,134,91,91,66,66,34,34,,,,,,,,,,,,,,,,,,,,,,,,,,,,,,,,,,,,,,,,,,,,,,,,
3460,1200,3629,3461,,0,0,0,0,0,0,0,0,0,0,0,0,0,0,0,2,2,2,2,2,2,2,2,2,2,2,2,2,2,2,2,2,2,2,2,2,2,2,2,1,1,0,0,0,0,0,0,0,0,,,,,,,,,,,,,,,,,,,,,,,,,,,,,,,,,,,,,,,,,,,,,,,,
3461,1200,3460,3467,3454;3472,2,0,0,0,0,0,0,0,0,0,0,0,0,0,0,2,2,2,2,2,2,2,2,2,2,2,2,2,2,2,2,2,2,2,2,2,2,2,2,1,1,1,1,0,0,0,0,0,0,,,,,,,,,,,,,,,,,,,,,,,,,,,,,,,,,,,,,,,,,,,,,,,,
3462,4400,3444,3486,3650;3474,2,54,54,54,54,38,38,41,41,48,48,53,53,149,149,1126,1126,1279,1279,1185,1185,1176,1176,1064,1064,1030,1030,978,978,1073,1073,1075,1075,1072,1072,1157,1157,1124,1124,530,530,326,326,208,208,152,152,86,86,,,,,,,,,,,,,,,,,,,,,,,,,,,,,,,,,,,,,,,,,,,,,,,,
3463,1200,3673,3435,,0,0,0,0,0,0,0,0,0,0,0,0,0,0,0,1,1,1,1,1,1,1,1,1,1,1,1,1,1,1,1,1,1,1,1,1,1,1,1,0,0,0,0,0,0,0,0,0,0,,,,,,,,,,,,,,,,,,,,,,,,,,,,,,,,,,,,,,,,,,,,,,,,
3464,3500,3422,3633,,0,67,67,70,70,49,49,53,53,62,62,67,67,186,186,910,910,1134,1134,1023,1023,977,977,900,900,812,812,861,861,864,864,851,851,886,886,939,939,854,854,524,524,336,336,227,227,165,165,84,84,,,,,,,,,,,,,,,,,,,,,,,,,,,,,,,,,,,,,,,,,,,,,,,,
3465,1600,3661,3459,,0,0,0,0,0,0,0,0,0,0,0,0,0,0,0,1,1,1,1,1,1,1,1,1,1,1,1,1,1,1,1,1,1,1,1,1,1,1,1,0,0,0,0,0,0,0,0,0,0,,,,,,,,,,,,,,,,,,,,,,,,,,,,,,,,,,,,,,,,,,,,,,,,
3466,1200,3657,3468,,0,0,0,0,0,0,0,0,0,0,0,0,0,0,0,1,1,2,2,1,1,1,1,1,1,1,1,1,1,1,1,1,1,1,1,1,1,1,1,1,1,0,0,0,0,0,0,0,0,,,,,,,,,,,,,,,,,,,,,,,,,,,,,,,,,,,,,,,,,,,,,,,,
3467,1600,3461,3621,,0,0,0,0,0,0,0,0,0,0,0,0,0,0,0,1,1,1,1,1,1,1,1,1,1,1,1,1,1,1,1,1,1,1,1,1,1,1,1,0,0,0,0,0,0,0,0,0,0,,,,,,,,,,,,,,,,,,,,,,,,,,,,,,,,,,,,,,,,,,,,,,,,
3468,1200,3466,3480,3477;3926,2,0,0,0,0,0,0,0,0,0,0,0,0,0,0,2,2,2,2,2,2,2,2,2,2,2,2,2,2,2,2,2,2,2,2,2,2,2,2,1,1,0,0,0,0,0,0,0,0,,,,,,,,,,,,,,,,,,,,,,,,,,,,,,,,,,,,,,,,,,,,,,,,
3469,2500,3629,3631,,0,67,67,70,70,49,49,53,53,62,62,67,67,186,186,910,910,1134,1134,1023,1023,977,977,900,900,812,812,861,861,864,864,851,851,886,886,939,939,854,854,524,524,336,336,227,227,165,165,84,84,,,,,,,,,,,,,,,,,,,,,,,,,,,,,,,,,,,,,,,,,,,,,,,,
347,2000,346,348,64,1,27,27,28,28,20,20,21,21,25,25,27,27,74,74,1049,1049,1182,1182,1170,1170,1126,1126,1056,1056,970,970,1022,1022,982,982,1052,1052,1066,1066,1112,1112,1010,1010,210,210,134,134,91,91,66,66,34,34,,,,,,,,,,,,,,,,,,,,,,,,,,,,,,,,,,,,,,,,,,,,,,,,
3470,4400,3612,3616,,0,67,67,70,70,49,49,53,53,62,62,67,67,186,186,910,910,1134,1134,1023,1023,977,977,900,900,812,812,861,861,864,864,851,851,886,886,939,939,854,854,524,524,336,336,227,227,165,165,84,84,,,,,,,,,,,,,,,,,,,,,,,,,,,,,,,,,,,,,,,,,,,,,,,,
3471,1200,3447,3478,,0,0,0,0,0,0,0,0,0,0,0,0,0,0,0,2,2,2,2,2,2,2,2,2,2,2,2,2,2,2,2,2,2,2,2,2,2,2,2,1,1,0,0,0,0,0,0,0,0,,,,,,,,,,,,,,,,,,,,,,,,,,,,,,,,,,,,,,,,,,,,,,,,
3472,1500,3492,3461,,0,67,67,70,70,49,49,53,53,62,62,67,67,186,186,910,910,1134,1134,1023,1023,977,977,900,900,812,812,861,861,864,864,851,851,886,886,939,939,854,854,524,524,336,336,227,227,165,165,84,84,,,,,,,,,,,,,,,,,,,,,,,,,,,,,,,,,,,,,,,,,,,,,,,,
3473,1600,3459,3659,,0,0,0,0,0,0,0,0,0,0,0,0,0,0,0,1,1,1,1,1,1,1,1,1,1,1,1,1,1,1,1,1,1,1,1,1,1,1,1,0,0,0,0,0,0,0,0,0,0,,,,,,,,,,,,,,,,,,,,,,,,,,,,,,,,,,,,,,,,,,,,,,,,
3474,4000,3641,3462,,0,67,67,70,70,49,49,53,53,62,62,67,67,186,186,910,910,1134,1134,1023,1023,977,977,900,900,812,812,861,861,864,864,851,851,886,886,939,939,854,854,524,524,336,336,227,227,165,165,84,84,,,,,,,,,,,,,,,,,,,,,,,,,,,,,,,,,,,,,,,,,,,,,,,,
3475,1200,3617,3616,,0,0,0,0,0,0,0,0,0,0,0,0,0,0,0,2,2,2,2,2,2,2,2,2,2,2,2,2,2,2,2,2,2,2,2,2,2,2,2,1,1,0,0,0,0,0,0,0,0,,,,,,,,,,,,,,,,,,,,,,,,,,,,,,,,,,,,,,,,,,,,,,,,
3476,4400,3431,4092,,0,67,67,70,70,49,49,53,53,62,62,67,67,186,186,910,910,1134,1134,1023,1023,977,977,900,900,812,812,861,861,864,864,851,851,886,886,939,939,854,854,524,524,336,336,227,227,165,165,84,84,,,,,,,,,,,,,,,,,,,,,,,,,,,,,,,,,,,,,,,,,,,,,,,,
3477,4400,3468,3649,,0,54,54,54,54,38,38,41,41,48,48,53,53,149,149,1126,1126,1279,1279,1185,1185,1176,1176,1064,1064,1030,1030,978,978,1073,1073,1075,1075,1072,1072,1157,1157,1124,1124,530,530,326,326,208,208,152,152,86,86,,,,,,,,,,,,,,,,,,,,,,,,,,,,,,,,,,,,,,,,,,,,,,,,
3478,1200,4006,3471,3658;3482,2,0,0,0,0,0,0,0,0,0,0,0,0,0,0,3,3,3,3,3,3,3,3,2,2,2,2,2,2,2,2,2,2,2,2,3,3,3,3,1,1,1,1,0,0,0,0,0,0,,,,,,,,,,,,,,,,,,,,,,,,,,,,,,,,,,,,,,,,,,,,,,,,
3479,800,3623,3425,,0,0,0,0,0,0,0,0,0,0,0,0,0,0,0,2,2,2,2,2,2,2,2,2,2,1,1,1,1,1,1,2,2,2,2,2,2,2,2,1,1,0,0,0,0,0,0,0,0,,,,,,,,,,,,,,,,,,,,,,,,,,,,,,,,,,,,,,,,,,,,,,,,
348,1500,347,349,,0,27,27,28,28,20,20,21,21,25,25,27,27,74,74,1049,1049,1182,1182,1170,1170,1126,1126,1056,1056,970,970,1022,1022,982,982,1052,1052,1066,1066,1112,1112,1010,1010,210,210,134,134,91,91,66,66,34,34,,,,,,,,,,,,,,,,,,,,,,,,,,,,,,,,,,,,,,,,,,,,,,,,
3480,1200,3485,3468,,0,0,0,0,0,0,0,0,0,0,0,0,0,0,0,2,2,2,2,2,2,2,2,2,2,2,2,2,2,2,2,2,2,2,2,2,2,2,2,1,1,0,0,0,0,0,0,0,0,,,,,,,,,,,,,,,,,,,,,,,,,,,,,,,,,,,,,,,,,,,,,,,,
3481,1200,3605,3665,,0,0,0,0,0,0,0,0,0,0,0,0,0,0,0,0,0,1,1,1,1,1,1,0,0,0,0,0,0,0,0,0,0,0,0,1,1,0,0,0,0,0,0,0,0,0,0,0,0,,,,,,,,,,,,,,,,,,,,,,,,,,,,,,,,,,,,,,,,,,,,,,,,
3482,1500,3478,3494,,0,54,54,54,54,38,38,41,41,48,48,53,53,149,149,1126,1126,1279,1279,1185,1185,1176,1176,1064,1064,1030,1030,978,978,1073,1073,1075,1075,1072,1072,1157,1157,1124,1124,530,530,326,326,208,208,152,152,86,86,,,,,,,,,,,,,,,,,,,,,,,,,,,,,,,,,,,,,,,,,,,,,,,,
3483,4400,3640,3626,3632;3966,2,67,67,70,70,49,49,53,53,62,62,67,67,186,186,910,910,1134,1134,1023,1023,977,977,900,900,812,812,861,861,864,864,851,851,886,886,939,939,854,854,524,524,336,336,227,227,165,165,84,84,,,,,,,,,,,,,,,,,,,,,,,,,,,,,,,,,,,,,,,,,,,,,,,,
3484,1600,3795,3641,,0,0,0,0,0,0,0,0,0,0,0,0,0,0,0,2,2,3,3,3,3,3,3,2,2,2,2,2,2,2,2,2,2,2,2,3,3,2,2,1,1,1,1,0,0,0,0,0,0,,,,,,,,,,,,,,,,,,,,,,,,,,,,,,,,,,,,,,,,,,,,,,,,
3485,1200,3488,3480,3648;4141,2,0,0,0,0,0,0,0,0,0,0,0,0,0,0,2,2,2,2,2,2,2,2,2,2,2,2,2,2,2,2,2,2,2,2,2,2,2,2,1,1,0,0,0,0,0,0,0,0,,,,,,,,,,,,,,,,,,,,,,,,,,,,,,,,,,,,,,,,,,,,,,,,
3486,3300,3462,3491,,0,54,54,54,54,38,38,41,41,48,48,53,53,149,149,1126,1126,1279,1279,1185,1185,1176,1176,1064,1064,1030,1030,978,978,1073,1073,1075,1075,1072,1072,1157,1157,1124,1124,530,530,326,326,208,208,152,152,86,86,,,,,,,,,,,,,,,,,,,,,,,,,,,,,,,,,,,,,,,,,,,,,,,,
3487,4400,3655,3657,,0,54,54,54,54,38,38,41,41,48,48,53,53,149,149,1126,1126,1279,1279,1185,1185,1176,1176,1064,1064,1030,1030,978,978,1073,1073,1075,1075,1072,1072,1157,1157,1124,1124,530,530,326,326,208,208,152,152,86,86,,,,,,,,,,,,,,,,,,,,,,,,,,,,,,,,,,,,,,,,,,,,,,,,
3488,800,3485,3491,,0,0,0,0,0,0,0,0,0,0,0,0,0,0,0,2,2,2,2,2,2,2,2,1,1,1,1,1,1,1,1,1,1,1,1,2,2,2,2,1,1,0,0,0,0,0,0,0,0,,,,,,,,,,,,,,,,,,,,,,,,,,,,,,,,,,,,,,,,,,,,,,,,
3489,4400,3627,3492,,0,67,67,70,70,49,49,53,53,62,62,67,67,186,186,910,910,1134,1134,1023,1023,977,977,900,900,812,812,861,861,864,864,851,851,886,886,939,939,854,854,524,524,336,336,227,227,165,165,84,84,,,,,,,,,,,,,,,,,,,,,,,,,,,,,,,,,,,,,,,,,,,,,,,,
349,1500,31,348,55,1,27,27,28,28,20,20,21,21,25,25,27,27,74,74,1049,1049,1182,1182,1170,1170,1126,1126,1056,1056,970,970,1022,1022,982,982,1052,1052,1066,1066,1112,1112,1010,1010,210,210,134,134,91,91,66,66,34,34,,,,,,,,,,,,,,,,,,,,,,,,,,,,,,,,,,,,,,,,,,,,,,,,
3490,1200,3499,4065,3660;3781,2,0,0,0,0,0,0,0,0,0,0,0,0,0,0,2,2,2,2,2,2,2,2,2,2,2,2,2,2,2,2,2,2,2,2,2,2,2,2,1,1,0,0,0,0,0,0,0,0,,,,,,,,,,,,,,,,,,,,,,,,,,,,,,,,,,,,,,,,,,,,,,,,
3491,1200,3496,3488,3486;4041,2,0,0,0,0,0,0,0,0,0,0,0,0,0,0,2,2,2,2,2,2,2,2,2,2,2,2,2,2,2,2,2,2,2,2,2,2,2,2,1,1,0,0,0,0,0,0,0,0,,,,,,,,,,,,,,,,,,,,,,,,,,,,,,,,,,,,,,,,,,,,,,,,
3492,2500,3749,3472,3489;3497,2,67,67,70,70,49,49,53,53,62,62,67,67,186,186,910,910,1134,1134,1023,1023,977,977,900,900,812,812,861,861,864,864,851,851,886,886,939,939,854,854,524,524,336,336,227,227,165,165,84,84,,,,,,,,,,,,,,,,,,,,,,,,,,,,,,,,,,,,,,,,,,,,,,,,
3493,2000,3610,3498,,0,67,67,70,70,49,49,53,53,62,62,67,67,186,186,910,910,1134,1134,1023,1023,977,977,900,900,812,812,861,861,864,864,851,851,886,886,939,939,854,854,524,524,336,336,227,227,165,165,84,84,,,,,,,,,,,,,,,,,,,,,,,,,,,,,,,,,,,,,,,,,,,,,,,,
3494,2500,3482,4029,3656;4047,2,54,54,54,54,38,38,41,41,48,48,53,53,149,149,1126,1126,1279,1279,1185,1185,1176,1176,1064,1064,1030,1030,978,978,1073,1073,1075,1075,1072,1072,1157,1157,1124,1124,530,530,326,326,208,208,152,152,86,86,,,,,,,,,,,,,,,,,,,,,,,,,,,,,,,,,,,,,,,,,,,,,,,,
3495,4400,4092,3614,,0,67,67,70,70,49,49,53,53,62,62,67,67,186,186,910,910,1134,1134,1023,1023,977,977,900,900,812,812,861,861,864,864,851,851,886,886,939,939,854,854,524,524,336,336,227,227,165,165,84,84,,,,,,,,,,,,,,,,,,,,,,,,,,,,,,,,,,,,,,,,,,,,,,,,
3496,1200,4147,3491,,0,0,0,0,0,0,0,0,0,0,0,0,0,0,0,2,2,2,2,2,2,2,2,2,2,2,2,2,2,2,2,2,2,2,2,2,2,2,2,1,1,0,0,0,0,0,0,0,0,,,,,,,,,,,,,,,,,,,,,,,,,,,,,,,,,,,,,,,,,,,,,,,,
3497,4400,3619,3492,,0,67,67,70,70,49,49,53,53,62,62,67,67,186,186,910,910,1134,1134,1023,1023,977,977,900,900,812,812,861,861,864,864,851,851,886,886,939,939,854,854,524,524,336,336,227,227,165,165,84,84,,,,,,,,,,,,,,,,,,,,,,,,,,,,,,,,,,,,,,,,,,,,,,,,
3498,1600,3824,3700,3493;3933,2,0,0,0,0,0,0,0,0,0,0,0,0,0,0,2,2,2,2,2,2,2,2,2,2,2,2,2,2,2,2,2,2,2,2,2,2,2,2,1,1,1,1,0,0,0,0,0,0,,,,,,,,,,,,,,,,,,,,,,,,,,,,,,,,,,,,,,,,,,,,,,,,
3499,1200,3490,3659,,0,0,0,0,0,0,0,0,0,0,0,0,0,0,0,1,1,1,1,1,1,1,1,1,1,1,1,1,1,1,1,1,1,1,1,1,1,1,1,0,0,0,0,0,0,0,0,0,0,,,,,,,,,,,,,,,,,,,,,,,,,,,,,,,,,,,,,,,,,,,,,,,,
35,2500,11,44,,0,27,27,28,28,20,20,21,21,25,25,27,27,74,74,1049,1049,1182,1182,1170,1170,1126,1126,1056,1056,970,970,1022,1022,982,982,1052,1052,1066,1066,1112,1112,1010,1010,210,210,134,134,91,91,66,66,34,34,,,,,,,,,,,,,,,,,,,,,,,,,,,,,,,,,,,,,,,,,,,,,,,,
350,2000,2372,335,,0,17,17,18,18,12,12,13,13,16,16,17,17,46,46,1086,1086,1203,1203,1194,1194,1138,1138,1089,1089,1003,1003,1052,1052,1018,1018,1107,1107,1120,1120,1167,1167,1066,1066,131,131,84,84,57,57,41,41,21,21,,,,,,,,,,,,,,,,,,,,,,,,,,,,,,,,,,,,,,,,,,,,,,,,
3500,1200,3340,3501,,0,0,0,0,0,0,0,0,0,0,0,0,0,0,0,0,0,0,0,0,0,0,0,0,0,0,0,0,0,0,0,0,0,0,0,0,0,0,0,0,0,0,0,0,0,0,0,0,0,,,,,,,,,,,,,,,,,,,,,,,,,,,,,,,,,,,,,,,,,,,,,,,,
3501,1200,3349,3502,3500,1,0,0,0,0,0,0,0,0,0,0,0,0,0,0,0,0,0,0,0,0,0,0,0,0,0,0,0,0,0,0,0,0,0,0,0,0,0,0,0,0,0,0,0,0,0,0,0,0,,,,,,,,,,,,,,,,,,,,,,,,,,,,,,,,,,,,,,,,,,,,,,,,
3502,1200,3503,3501,,0,0,0,0,0,0,0,0,0,0,0,0,0,0,0,0,0,0,0,0,0,0,0,0,0,0,0,0,0,0,0,0,0,0,0,0,0,0,0,0,0,0,0,0,0,0,0,0,0,,,,,,,,,,,,,,,,,,,,,,,,,,,,,,,,,,,,,,,,,,,,,,,,
3503,1200,3369,3504,3502,1,0,0,0,0,0,0,0,0,0,0,0,0,0,0,1,1,1,1,1,1,1,1,1,1,1,1,1,1,1,1,1,1,1,1,1,1,1,1,0,0,0,0,0,0,0,0,0,0,,,,,,,,,,,,,,,,,,,,,,,,,,,,,,,,,,,,,,,,,,,,,,,,
3504,800,3503,3505,,0,0,0,0,0,0,0,0,0,0,0,0,0,0,0,1,1,1,1,1,1,1,1,1,1,1,1,1,1,1,1,1,1,1,1,1,1,1,1,0,0,0,0,0,0,0,0,0,0,,,,,,,,,,,,,,,,,,,,,,,,,,,,,,,,,,,,,,,,,,,,,,,,
3505,1200,3506,3504,3512,1,0,0,0,0,0,0,0,0,0,0,0,0,0,0,1,1,2,2,1,1,1,1,1,1,1,1,1,1,1,1,1,1,1,1,1,1,1,1,1,1,0,0,0,0,0,0,0,0,,,,,,,,,,,,,,,,,,,,,,,,,,,,,,,,,,,,,,,,,,,,,,,,
3506,1200,3505,3507,,0,0,0,0,0,0,0,0,0,0,0,0,0,0,0,2,2,2,2,2,2,2,2,2,2,2,2,2,2,2,2,2,2,2,2,2,2,2,2,1,1,1,1,0,0,0,0,0,0,,,,,,,,,,,,,,,,,,,,,,,,,,,,,,,,,,,,,,,,,,,,,,,,
3507,2200,3506,tran_1087493b-4a58-4926-8283-2e9aea6d6f8c,3508,1,67,67,70,70,49,49,53,53,62,62,67,67,186,186,910,910,1134,1134,1023,1023,977,977,900,900,812,812,861,861,864,864,851,851,886,886,939,939,854,854,524,524,336,336,227,227,165,165,84,84,,,,,,,,,,,,,,,,,,,,,,,,,,,,,,,,,,,,,,,,,,,,,,,,
3508,1600,3509,3507,,0,0,0,0,0,0,0,0,0,0,0,0,0,0,0,2,2,2,2,2,2,2,2,2,2,2,2,2,2,2,2,2,2,2,2,2,2,2,2,1,1,1,1,0,0,0,0,0,0,,,,,,,,,,,,,,,,,,,,,,,,,,,,,,,,,,,,,,,,,,,,,,,,
3509,800,3510,3508,3399,1,0,0,0,0,0,0,0,0,0,0,0,0,0,0,1,1,1,1,1,1,1,1,1,1,1,1,1,1,1,1,1,1,1,1,1,1,1,1,0,0,0,0,0,0,0,0,0,0,,,,,,,,,,,,,,,,,,,,,,,,,,,,,,,,,,,,,,,,,,,,,,,,
351,1200,345,352,,0,0,0,0,0,0,0,0,0,0,0,0,0,0,0,2,2,2,2,2,2,2,2,2,2,2,2,2,2,2,2,2,2,2,2,2,2,2,2,0,0,0,0,0,0,0,0,0,0,,,,,,,,,,,,,,,,,,,,,,,,,,,,,,,,,,,,,,,,,,,,,,,,
3510,800,3511,3509,,0,0,0,0,0,0,0,0,0,0,0,0,0,0,0,0,0,0,0,0,0,0,0,0,0,0,0,0,0,0,0,0,0,0,0,0,0,0,0,0,0,0,0,0,0,0,0,0,0,,,,,,,,,,,,,,,,,,,,,,,,,,,,,,,,,,,,,,,,,,,,,,,,
3511,800,3408,3510,3400,1,0,0,0,0,0,0,0,0,0,0,0,0,0,0,0,0,0,0,0,0,0,0,0,0,0,0,0,0,0,0,0,0,0,0,0,0,0,0,0,0,0,0,0,0,0,0,0,0,,,,,,,,,,,,,,,,,,,,,,,,,,,,,,,,,,,,,,,,,,,,,,,,
3512,1600,3513,3505,,0,0,0,0,0,0,0,0,0,0,0,0,0,0,0,1,1,1,1,1,1,1,1,1,1,1,1,1,1,1,1,1,1,1,1,1,1,1,1,0,0,0,0,0,0,0,0,0,0,,,,,,,,,,,,,,,,,,,,,,,,,,,,,,,,,,,,,,,,,,,,,,,,
3513,800,3512,3514,3399,1,0,0,0,0,0,0,0,0,0,0,0,0,0,0,1,1,1,1,1,1,1,1,1,1,0,0,0,0,1,1,1,1,1,1,1,1,1,1,0,0,0,0,0,0,0,0,0,0,,,,,,,,,,,,,,,,,,,,,,,,,,,,,,,,,,,,,,,,,,,,,,,,
3514,800,3515,3513,,0,0,0,0,0,0,0,0,0,0,0,0,0,0,0,0,0,0,0,0,0,0,0,0,0,0,0,0,0,0,0,0,0,0,0,0,0,0,0,0,0,0,0,0,0,0,0,0,0,,,,,,,,,,,,,,,,,,,,,,,,,,,,,,,,,,,,,,,,,,,,,,,,
3515,800,3379,3514,3400,1,0,0,0,0,0,0,0,0,0,0,0,0,0,0,0,0,0,0,0,0,0,0,0,0,0,0,0,0,0,0,0,0,0,0,0,0,0,0,0,0,0,0,0,0,0,0,0,0,,,,,,,,,,,,,,,,,,,,,,,,,,,,,,,,,,,,,,,,,,,,,,,,
3516,1200,8271,3517,,0,0,0,0,0,0,0,0,0,0,0,0,0,1,1,7,7,8,8,7,7,7,7,7,7,6,6,6,6,6,6,7,7,7,7,7,7,7,7,2,2,1,1,1,1,1,1,0,0,,,,,,,,,,,,,,,,,,,,,,,,,,,,,,,,,,,,,,,,,,,,,,,,
3517,1600,3516,3518,3341,1,0,0,0,0,0,0,0,0,0,0,0,0,0,0,0,0,0,0,0,0,0,0,0,0,0,0,0,0,0,0,0,0,0,0,0,0,0,0,0,0,0,0,0,0,0,0,0,0,,,,,,,,,,,,,,,,,,,,,,,,,,,,,,,,,,,,,,,,,,,,,,,,
3518,1200,3517,3519,,0,0,0,0,0,0,0,0,0,0,0,0,0,0,0,0,0,0,0,0,0,0,0,0,0,0,0,0,0,0,0,0,0,0,0,0,0,0,0,0,0,0,0,0,0,0,0,0,0,,,,,,,,,,,,,,,,,,,,,,,,,,,,,,,,,,,,,,,,,,,,,,,,
3519,1600,3520,3518,3349,1,0,0,0,0,0,0,0,0,0,0,0,0,0,0,0,0,0,0,0,0,0,0,0,0,0,0,0,0,0,0,0,0,0,0,0,0,0,0,0,0,0,0,0,0,0,0,0,0,,,,,,,,,,,,,,,,,,,,,,,,,,,,,,,,,,,,,,,,,,,,,,,,
352,1200,69,351,55,1,0,0,0,0,0,0,0,0,0,0,0,0,0,0,2,2,3,3,3,3,3,3,2,2,2,2,2,2,2,2,2,2,2,2,3,3,2,2,1,1,0,0,0,0,0,0,0,0,,,,,,,,,,,,,,,,,,,,,,,,,,,,,,,,,,,,,,,,,,,,,,,,
3520,1200,3521,3519,,0,0,0,0,0,0,0,0,0,0,0,0,0,0,0,0,0,0,0,0,0,0,0,0,0,0,0,0,0,0,0,0,0,0,0,0,0,0,0,0,0,0,0,0,0,0,0,0,0,,,,,,,,,,,,,,,,,,,,,,,,,,,,,,,,,,,,,,,,,,,,,,,,
3521,1600,3520,3375,3369,1,0,0,0,0,0,0,0,0,0,0,0,0,0,0,0,0,0,0,0,0,0,0,0,0,0,0,0,0,0,0,0,0,0,0,0,0,0,0,0,0,0,0,0,0,0,0,0,0,,,,,,,,,,,,,,,,,,,,,,,,,,,,,,,,,,,,,,,,,,,,,,,,
3522,1200,3385,3523,,0,0,0,0,0,0,0,0,0,0,0,0,0,0,0,1,1,1,1,1,1,1,1,1,1,1,1,1,1,1,1,1,1,1,1,1,1,1,1,0,0,0,0,0,0,0,0,0,0,,,,,,,,,,,,,,,,,,,,,,,,,,,,,,,,,,,,,,,,,,,,,,,,
3523,1600,3524,3522,3408,1,0,0,0,0,0,0,0,0,0,0,0,0,0,0,1,1,1,1,1,1,1,1,1,1,1,1,1,1,1,1,1,1,1,1,1,1,1,1,1,1,0,0,0,0,0,0,0,0,,,,,,,,,,,,,,,,,,,,,,,,,,,,,,,,,,,,,,,,,,,,,,,,
3524,1200,3523,3617,,0,0,0,0,0,0,0,0,0,0,0,0,0,0,0,2,2,2,2,2,2,2,2,2,2,2,2,2,2,2,2,2,2,2,2,2,2,2,2,1,1,0,0,0,0,0,0,0,0,,,,,,,,,,,,,,,,,,,,,,,,,,,,,,,,,,,,,,,,,,,,,,,,
3525,4400,3431,3526,,0,67,67,70,70,49,49,53,53,62,62,67,67,186,186,910,910,1134,1134,1023,1023,977,977,900,900,812,812,861,861,864,864,851,851,886,886,939,939,854,854,524,524,336,336,227,227,165,165,84,84,,,,,,,,,,,,,,,,,,,,,,,,,,,,,,,,,,,,,,,,,,,,,,,,
3526,1600,3389,3387,3415;3525,2,0,0,0,0,0,0,0,0,0,0,0,0,0,0,2,2,2,2,2,2,2,2,2,2,1,1,1,1,2,2,2,2,2,2,2,2,2,2,1,1,0,0,0,0,0,0,0,0,,,,,,,,,,,,,,,,,,,,,,,,,,,,,,,,,,,,,,,,,,,,,,,,
3527,800,3390,3528,,0,0,0,0,0,0,0,0,0,0,0,0,0,0,0,1,1,1,1,1,1,1,1,1,1,0,0,0,0,0,0,1,1,1,1,1,1,1,1,0,0,0,0,0,0,0,0,0,0,,,,,,,,,,,,,,,,,,,,,,,,,,,,,,,,,,,,,,,,,,,,,,,,
3528,800,3527,3392,3381,1,0,0,0,0,0,0,0,0,0,0,0,0,0,0,0,0,1,1,1,1,1,1,0,0,0,0,0,0,0,0,0,0,0,0,0,0,0,0,0,0,0,0,0,0,0,0,0,0,,,,,,,,,,,,,,,,,,,,,,,,,,,,,,,,,,,,,,,,,,,,,,,,
3529,800,3390,3530,,0,0,0,0,0,0,0,0,0,0,0,0,0,0,0,1,1,1,1,1,1,1,1,1,1,1,1,1,1,1,1,1,1,1,1,1,1,1,1,0,0,0,0,0,0,0,0,0,0,,,,,,,,,,,,,,,,,,,,,,,,,,,,,,,,,,,,,,,,,,,,,,,,
353,1200,81,356,17723;15399;354;355,4,0,0,0,0,0,0,0,0,0,0,0,0,0,0,5,5,6,6,6,6,5,5,5,5,5,5,5,5,5,5,5,5,5,5,5,5,5,5,1,1,1,1,0,0,0,0,0,0,,,,,,,,,,,,,,,,,,,,,,,,,,,,,,,,,,,,,,,,,,,,,,,,
3530,1200,3529,3417,3409,1,0,0,0,0,0,0,0,0,0,0,0,0,0,0,1,1,2,2,1,1,1,1,1,1,1,1,1,1,1,1,1,1,1,1,1,1,1,1,1,1,0,0,0,0,0,0,0,0,,,,,,,,,,,,,,,,,,,,,,,,,,,,,,,,,,,,,,,,,,,,,,,,
3531,1600,3532,3351,,0,0,0,0,0,0,0,0,0,0,0,0,0,0,0,2,2,2,2,2,2,2,2,1,1,1,1,1,1,1,1,1,1,1,1,2,2,1,1,1,1,0,0,0,0,0,0,0,0,,,,,,,,,,,,,,,,,,,,,,,,,,,,,,,,,,,,,,,,,,,,,,,,
3532,1600,3531,3380,3365,1,0,0,0,0,0,0,0,0,0,0,0,0,0,0,2,2,2,2,2,2,2,2,2,2,1,1,1,1,1,1,2,2,2,2,2,2,2,2,1,1,0,0,0,0,0,0,0,0,,,,,,,,,,,,,,,,,,,,,,,,,,,,,,,,,,,,,,,,,,,,,,,,
3533,1200,3342,3534,,0,0,0,0,0,0,0,0,0,0,0,0,0,0,0,1,1,2,2,2,2,1,1,1,1,1,1,1,1,1,1,1,1,1,1,1,1,1,1,1,1,0,0,0,0,0,0,0,0,,,,,,,,,,,,,,,,,,,,,,,,,,,,,,,,,,,,,,,,,,,,,,,,
3534,1200,3533,8257,3344,1,0,0,0,0,0,0,0,0,0,0,0,0,1,1,7,7,8,8,7,7,7,7,7,7,6,6,6,6,6,6,7,7,7,7,7,7,7,7,2,2,1,1,1,1,1,1,0,0,,,,,,,,,,,,,,,,,,,,,,,,,,,,,,,,,,,,,,,,,,,,,,,,
3535,1200,3342,3536,,0,0,0,0,0,0,0,0,0,0,0,0,0,0,0,1,1,1,1,1,1,1,1,1,1,1,1,1,1,1,1,1,1,1,1,1,1,1,1,0,0,0,0,0,0,0,0,0,0,,,,,,,,,,,,,,,,,,,,,,,,,,,,,,,,,,,,,,,,,,,,,,,,
3536,1200,3345,3535,3386,1,0,0,0,0,0,0,0,0,0,0,0,0,0,0,1,1,1,1,1,1,1,1,1,1,1,1,1,1,1,1,1,1,1,1,1,1,1,1,0,0,0,0,0,0,0,0,0,0,,,,,,,,,,,,,,,,,,,,,,,,,,,,,,,,,,,,,,,,,,,,,,,,
3537,800,3538,3542,,0,0,0,0,0,0,0,0,0,0,0,0,0,0,0,1,1,2,2,2,2,1,1,1,1,1,1,1,1,1,1,1,1,1,1,1,1,1,1,1,1,0,0,0,0,0,0,0,0,,,,,,,,,,,,,,,,,,,,,,,,,,,,,,,,,,,,,,,,,,,,,,,,
3538,800,3410,3537,3404,1,0,0,0,0,0,0,0,0,0,0,0,0,0,0,1,1,2,2,1,1,1,1,1,1,1,1,1,1,1,1,1,1,1,1,1,1,1,1,1,1,0,0,0,0,0,0,0,0,,,,,,,,,,,,,,,,,,,,,,,,,,,,,,,,,,,,,,,,,,,,,,,,
3539,1200,3540,3348,,0,0,0,0,0,0,0,0,0,0,0,0,0,0,0,2,2,2,2,2,2,2,2,2,2,1,1,2,2,2,2,2,2,2,2,2,2,2,2,1,1,0,0,0,0,0,0,0,0,,,,,,,,,,,,,,,,,,,,,,,,,,,,,,,,,,,,,,,,,,,,,,,,
354,300,353,356,355,1,0,0,0,0,0,0,0,0,0,0,0,0,0,0,3,3,4,4,4,4,4,4,3,3,3,3,3,3,3,3,3,3,3,3,4,4,3,3,1,1,0,0,0,0,0,0,0,0,,,,,,,,,,,,,,,,,,,,,,,,,,,,,,,,,,,,,,,,,,,,,,,,
3540,800,8261,3539,8256,1,0,0,0,0,0,0,0,0,0,0,0,0,0,0,1,1,1,1,1,1,1,1,1,1,1,1,1,1,1,1,1,1,1,1,1,1,1,1,0,0,0,0,0,0,0,0,0,0,,,,,,,,,,,,,,,,,,,,,,,,,,,,,,,,,,,,,,,,,,,,,,,,
3541,4000,3542,3422,,0,67,67,70,70,49,49,53,53,62,62,67,67,186,186,910,910,1134,1134,1023,1023,977,977,900,900,812,812,861,861,864,864,851,851,886,886,939,939,854,854,524,524,336,336,227,227,165,165,84,84,,,,,,,,,,,,,,,,,,,,,,,,,,,,,,,,,,,,,,,,,,,,,,,,
3542,800,3537,3414,3541,1,0,0,0,0,0,0,0,0,0,0,0,0,0,0,2,2,2,2,2,2,2,2,2,2,2,2,2,2,2,2,2,2,2,2,2,2,2,2,1,1,1,1,0,0,0,0,0,0,,,,,,,,,,,,,,,,,,,,,,,,,,,,,,,,,,,,,,,,,,,,,,,,
3543,1200,3544,3550,,0,0,0,0,0,0,0,0,0,0,0,0,0,0,0,2,2,2,2,2,2,2,2,2,2,2,2,2,2,2,2,2,2,2,2,2,2,2,2,1,1,1,1,0,0,0,0,0,0,,,,,,,,,,,,,,,,,,,,,,,,,,,,,,,,,,,,,,,,,,,,,,,,
3544,1200,3359,3543,3367,1,0,0,0,0,0,0,0,0,0,0,0,0,0,0,1,1,1,1,1,1,1,1,1,1,1,1,1,1,1,1,1,1,1,1,1,1,1,1,1,1,0,0,0,0,0,0,0,0,,,,,,,,,,,,,,,,,,,,,,,,,,,,,,,,,,,,,,,,,,,,,,,,
3545,1200,3546,3366,,0,0,0,0,0,0,0,0,0,0,0,0,0,0,0,2,2,2,2,2,2,2,2,2,2,1,1,2,2,2,2,2,2,2,2,2,2,2,2,1,1,0,0,0,0,0,0,0,0,,,,,,,,,,,,,,,,,,,,,,,,,,,,,,,,,,,,,,,,,,,,,,,,
3546,1200,3545,3547,3551,1,0,0,0,0,0,0,0,0,0,0,0,0,0,0,1,1,1,1,1,1,1,1,1,1,1,1,1,1,1,1,1,1,1,1,1,1,1,1,0,0,0,0,0,0,0,0,0,0,,,,,,,,,,,,,,,,,,,,,,,,,,,,,,,,,,,,,,,,,,,,,,,,
3547,1200,3546,3548,,0,0,0,0,0,0,0,0,0,0,0,0,0,0,0,1,1,2,2,1,1,1,1,1,1,1,1,1,1,1,1,1,1,1,1,1,1,1,1,1,1,0,0,0,0,0,0,0,0,,,,,,,,,,,,,,,,,,,,,,,,,,,,,,,,,,,,,,,,,,,,,,,,
3548,1200,3446,3547,3418,1,0,0,0,0,0,0,0,0,0,0,0,0,0,0,2,2,2,2,2,2,2,2,2,2,2,2,2,2,2,2,2,2,2,2,2,2,2,2,1,1,1,1,0,0,0,0,0,0,,,,,,,,,,,,,,,,,,,,,,,,,,,,,,,,,,,,,,,,,,,,,,,,
3549,1200,8253,3550,,0,0,0,0,0,0,0,0,0,0,0,0,0,1,1,7,7,8,8,7,7,7,7,7,7,6,6,6,6,6,6,7,7,7,7,7,7,7,7,2,2,1,1,1,1,1,1,0,0,,,,,,,,,,,,,,,,,,,,,,,,,,,,,,,,,,,,,,,,,,,,,,,,
355,300,353,356,354,1,0,0,0,0,0,0,0,0,0,0,0,0,0,0,3,3,4,4,4,4,4,4,3,3,3,3,3,3,3,3,3,3,3,3,4,4,3,3,1,1,0,0,0,0,0,0,0,0,,,,,,,,,,,,,,,,,,,,,,,,,,,,,,,,,,,,,,,,,,,,,,,,
3550,2000,3355,3549,3543,1,67,67,70,70,49,49,53,53,62,62,67,67,186,186,910,910,1134,1134,1023,1023,977,977,900,900,812,812,861,861,864,864,851,851,886,886,939,939,854,854,524,524,336,336,227,227,165,165,84,84,,,,,,,,,,,,,,,,,,,,,,,,,,,,,,,,,,,,,,,,,,,,,,,,
3551,1200,3546,3552,,0,0,0,0,0,0,0,0,0,0,0,0,0,0,0,1,1,1,1,1,1,1,1,1,1,1,1,1,1,1,1,1,1,1,1,1,1,1,1,0,0,0,0,0,0,0,0,0,0,,,,,,,,,,,,,,,,,,,,,,,,,,,,,,,,,,,,,,,,,,,,,,,,
3552,800,3553,3551,3428,1,0,0,0,0,0,0,0,0,0,0,0,0,0,0,1,1,1,1,1,1,1,1,1,1,1,1,1,1,1,1,1,1,1,1,1,1,1,1,1,1,0,0,0,0,0,0,0,0,,,,,,,,,,,,,,,,,,,,,,,,,,,,,,,,,,,,,,,,,,,,,,,,
3553,1200,3554,3552,,0,0,0,0,0,0,0,0,0,0,0,0,0,0,0,1,1,1,1,1,1,1,1,1,1,1,1,1,1,1,1,1,1,1,1,1,1,1,1,1,1,0,0,0,0,0,0,0,0,,,,,,,,,,,,,,,,,,,,,,,,,,,,,,,,,,,,,,,,,,,,,,,,
3554,800,3553,3406,3421,1,0,0,0,0,0,0,0,0,0,0,0,0,0,0,2,2,2,2,2,2,2,2,2,2,2,2,2,2,2,2,2,2,2,2,2,2,2,2,1,1,1,1,0,0,0,0,0,0,,,,,,,,,,,,,,,,,,,,,,,,,,,,,,,,,,,,,,,,,,,,,,,,
3555,1200,3639,3556,3436,1,0,0,0,0,0,0,0,0,0,0,0,0,0,0,1,1,1,1,1,1,1,1,1,1,1,1,1,1,1,1,1,1,1,1,1,1,1,1,0,0,0,0,0,0,0,0,0,0,,,,,,,,,,,,,,,,,,,,,,,,,,,,,,,,,,,,,,,,,,,,,,,,
3556,800,3557,3555,,0,0,0,0,0,0,0,0,0,0,0,0,0,0,0,1,1,1,1,1,1,1,1,1,1,1,1,1,1,1,1,1,1,1,1,1,1,1,1,1,1,0,0,0,0,0,0,0,0,,,,,,,,,,,,,,,,,,,,,,,,,,,,,,,,,,,,,,,,,,,,,,,,
3557,1200,3439,3556,3406,1,0,0,0,0,0,0,0,0,0,0,0,0,0,0,1,1,2,2,1,1,1,1,1,1,1,1,1,1,1,1,1,1,1,1,1,1,1,1,1,1,0,0,0,0,0,0,0,0,,,,,,,,,,,,,,,,,,,,,,,,,,,,,,,,,,,,,,,,,,,,,,,,
3558,1200,3391,3559,,0,0,0,0,0,0,0,0,0,0,0,0,0,0,0,2,2,2,2,2,2,2,2,2,2,2,2,2,2,2,2,2,2,2,2,2,2,2,2,1,1,0,0,0,0,0,0,0,0,,,,,,,,,,,,,,,,,,,,,,,,,,,,,,,,,,,,,,,,,,,,,,,,
3559,1200,3377,3558,3367,1,0,0,0,0,0,0,0,0,0,0,0,0,0,0,2,2,2,2,2,2,2,2,2,2,1,1,1,1,2,2,2,2,2,2,2,2,2,2,1,1,0,0,0,0,0,0,0,0,,,,,,,,,,,,,,,,,,,,,,,,,,,,,,,,,,,,,,,,,,,,,,,,
356,1600,353,76,17723;15399;354;355,4,0,0,0,0,0,0,0,0,0,0,0,0,0,0,3,3,3,3,3,3,3,3,3,3,3,3,3,3,3,3,3,3,3,3,3,3,3,3,1,1,0,0,0,0,0,0,0,0,,,,,,,,,,,,,,,,,,,,,,,,,,,,,,,,,,,,,,,,,,,,,,,,
3560,2000,3561,3360,,0,54,54,54,54,38,38,41,41,48,48,53,53,149,149,1126,1126,1279,1279,1185,1185,1176,1176,1064,1064,1030,1030,978,978,1073,1073,1075,1075,1072,1072,1157,1157,1124,1124,530,530,326,326,208,208,152,152,86,86,,,,,,,,,,,,,,,,,,,,,,,,,,,,,,,,,,,,,,,,,,,,,,,,
3561,2500,3560,3355,3377,1,54,54,54,54,38,38,41,41,48,48,53,53,149,149,1126,1126,1279,1279,1185,1185,1176,1176,1064,1064,1030,1030,978,978,1073,1073,1075,1075,1072,1072,1157,1157,1124,1124,530,530,326,326,208,208,152,152,86,86,,,,,,,,,,,,,,,,,,,,,,,,,,,,,,,,,,,,,,,,,,,,,,,,
3562,1600,3563,3653,,0,0,0,0,0,0,0,0,0,0,0,0,0,0,0,2,2,2,2,2,2,2,2,2,2,2,2,2,2,2,2,2,2,2,2,2,2,2,2,1,1,0,0,0,0,0,0,0,0,,,,,,,,,,,,,,,,,,,,,,,,,,,,,,,,,,,,,,,,,,,,,,,,
3563,1200,3564,3562,3402,1,0,0,0,0,0,0,0,0,0,0,0,0,0,0,3,3,3,3,3,3,3,3,2,2,2,2,2,2,2,2,2,2,2,2,3,3,3,3,1,1,1,1,0,0,0,0,0,0,,,,,,,,,,,,,,,,,,,,,,,,,,,,,,,,,,,,,,,,,,,,,,,,
3564,1200,3563,3565,,0,0,0,0,0,0,0,0,0,0,0,0,0,0,0,2,2,2,2,2,2,2,2,2,2,2,2,2,2,2,2,2,2,2,2,2,2,2,2,1,1,1,1,0,0,0,0,0,0,,,,,,,,,,,,,,,,,,,,,,,,,,,,,,,,,,,,,,,,,,,,,,,,
3565,1200,3423,3564,3566,1,0,0,0,0,0,0,0,0,0,0,0,0,0,0,2,2,2,2,2,2,2,2,2,2,1,1,1,1,2,2,2,2,2,2,2,2,2,2,1,1,0,0,0,0,0,0,0,0,,,,,,,,,,,,,,,,,,,,,,,,,,,,,,,,,,,,,,,,,,,,,,,,
3566,1200,3567,3565,,0,0,0,0,0,0,0,0,0,0,0,0,0,0,0,1,1,1,1,1,1,1,1,1,1,1,1,1,1,1,1,1,1,1,1,1,1,1,1,1,1,0,0,0,0,0,0,0,0,,,,,,,,,,,,,,,,,,,,,,,,,,,,,,,,,,,,,,,,,,,,,,,,
3567,800,3401,3566,3413,1,0,0,0,0,0,0,0,0,0,0,0,0,0,0,1,1,1,1,1,1,1,1,1,1,1,1,1,1,1,1,1,1,1,1,1,1,1,1,1,1,0,0,0,0,0,0,0,0,,,,,,,,,,,,,,,,,,,,,,,,,,,,,,,,,,,,,,,,,,,,,,,,
3568,1200,3382,3569,,0,0,0,0,0,0,0,0,0,0,0,0,0,0,0,3,3,3,3,3,3,3,3,2,2,2,2,2,2,2,2,2,2,2,2,3,3,3,3,1,1,1,1,0,0,0,0,0,0,,,,,,,,,,,,,,,,,,,,,,,,,,,,,,,,,,,,,,,,,,,,,,,,
3569,1500,3416,3568,3401,1,54,54,54,54,38,38,41,41,48,48,53,53,149,149,1126,1126,1279,1279,1185,1185,1176,1176,1064,1064,1030,1030,978,978,1073,1073,1075,1075,1072,1072,1157,1157,1124,1124,530,530,326,326,208,208,152,152,86,86,,,,,,,,,,,,,,,,,,,,,,,,,,,,,,,,,,,,,,,,,,,,,,,,
357,2000,358,81,,0,27,27,28,28,20,20,21,21,25,25,27,27,74,74,1049,1049,1182,1182,1170,1170,1126,1126,1056,1056,970,970,1022,1022,982,982,1052,1052,1066,1066,1112,1112,1010,1010,210,210,134,134,91,91,66,66,34,34,,,,,,,,,,,,,,,,,,,,,,,,,,,,,,,,,,,,,,,,,,,,,,,,
3570,2000,3360,3571,,0,54,54,54,54,38,38,41,41,48,48,53,53,149,149,1126,1126,1279,1279,1185,1185,1176,1176,1064,1064,1030,1030,978,978,1073,1073,1075,1075,1072,1072,1157,1157,1124,1124,530,530,326,326,208,208,152,152,86,86,,,,,,,,,,,,,,,,,,,,,,,,,,,,,,,,,,,,,,,,,,,,,,,,
3571,1200,3572,3570,3423,1,0,0,0,0,0,0,0,0,0,0,0,0,0,0,2,2,3,3,3,3,3,3,2,2,2,2,2,2,2,2,2,2,2,2,2,2,2,2,1,1,1,1,0,0,0,0,0,0,,,,,,,,,,,,,,,,,,,,,,,,,,,,,,,,,,,,,,,,,,,,,,,,
3572,1200,3571,3573,,0,0,0,0,0,0,0,0,0,0,0,0,0,0,0,2,2,2,2,2,2,2,2,1,1,1,1,1,1,1,1,1,1,1,1,2,2,2,2,1,1,0,0,0,0,0,0,0,0,,,,,,,,,,,,,,,,,,,,,,,,,,,,,,,,,,,,,,,,,,,,,,,,
3573,800,3368,3572,3376,1,0,0,0,0,0,0,0,0,0,0,0,0,0,0,2,2,2,2,2,2,2,2,2,2,1,1,1,1,2,2,2,2,2,2,2,2,2,2,1,1,0,0,0,0,0,0,0,0,,,,,,,,,,,,,,,,,,,,,,,,,,,,,,,,,,,,,,,,,,,,,,,,
3574,1200,3575,3382,,0,0,0,0,0,0,0,0,0,0,0,0,0,0,0,1,1,2,2,2,2,2,2,1,1,1,1,1,1,1,1,1,1,1,1,1,1,1,1,1,1,0,0,0,0,0,0,0,0,,,,,,,,,,,,,,,,,,,,,,,,,,,,,,,,,,,,,,,,,,,,,,,,
3575,1200,3574,3576,3368,1,0,0,0,0,0,0,0,0,0,0,0,0,0,0,1,1,2,2,1,1,1,1,1,1,1,1,1,1,1,1,1,1,1,1,1,1,1,1,1,1,0,0,0,0,0,0,0,0,,,,,,,,,,,,,,,,,,,,,,,,,,,,,,,,,,,,,,,,,,,,,,,,
3576,300,3577,3575,,0,0,0,0,0,0,0,0,0,0,0,0,0,0,0,1,1,1,1,1,1,1,1,1,1,1,1,1,1,1,1,1,1,1,1,1,1,1,1,1,1,0,0,0,0,0,0,0,0,,,,,,,,,,,,,,,,,,,,,,,,,,,,,,,,,,,,,,,,,,,,,,,,
3577,300,3576,3362,3578,1,0,0,0,0,0,0,0,0,0,0,0,0,0,0,1,1,1,1,1,1,1,1,1,1,1,1,1,1,1,1,1,1,1,1,1,1,1,1,1,1,0,0,0,0,0,0,0,0,,,,,,,,,,,,,,,,,,,,,,,,,,,,,,,,,,,,,,,,,,,,,,,,
3578,1200,3577,3579,,0,0,0,0,0,0,0,0,0,0,0,0,0,0,0,1,1,1,1,1,1,1,1,1,1,1,1,1,1,1,1,1,1,1,1,1,1,1,1,0,0,0,0,0,0,0,0,0,0,,,,,,,,,,,,,,,,,,,,,,,,,,,,,,,,,,,,,,,,,,,,,,,,
3579,1200,3374,3578,3346,1,0,0,0,0,0,0,0,0,0,0,0,0,0,0,1,1,1,1,1,1,1,1,1,1,1,1,1,1,1,1,1,1,1,1,1,1,1,1,0,0,0,0,0,0,0,0,0,0,,,,,,,,,,,,,,,,,,,,,,,,,,,,,,,,,,,,,,,,,,,,,,,,
358,1500,77,357,70,1,27,27,28,28,20,20,21,21,25,25,27,27,74,74,1049,1049,1182,1182,1170,1170,1126,1126,1056,1056,970,970,1022,1022,982,982,1052,1052,1066,1066,1112,1112,1010,1010,210,210,134,134,91,91,66,66,34,34,,,,,,,,,,,,,,,,,,,,,,,,,,,,,,,,,,,,,,,,,,,,,,,,
3580,1500,3581,3403,,0,54,54,54,54,38,38,41,41,48,48,53,53,149,149,1126,1126,1279,1279,1185,1185,1176,1176,1064,1064,1030,1030,978,978,1073,1073,1075,1075,1072,1072,1157,1157,1124,1124,530,530,326,326,208,208,152,152,86,86,,,,,,,,,,,,,,,,,,,,,,,,,,,,,,,,,,,,,,,,,,,,,,,,
3581,400,3397,3383,3580,1,0,0,0,0,0,0,0,0,0,0,0,0,0,0,3,3,3,3,3,3,3,3,3,3,2,2,2,2,3,3,3,3,3,3,3,3,3,3,1,1,1,1,0,0,0,0,0,0,,,,,,,,,,,,,,,,,,,,,,,,,,,,,,,,,,,,,,,,,,,,,,,,
3582,1200,3583,3587,,0,0,0,0,0,0,0,0,0,0,0,0,0,0,0,1,1,1,1,1,1,1,1,1,1,1,1,1,1,1,1,1,1,1,1,1,1,1,1,0,0,0,0,0,0,0,0,0,0,,,,,,,,,,,,,,,,,,,,,,,,,,,,,,,,,,,,,,,,,,,,,,,,
3583,400,8258,3582,3584,1,0,0,0,0,0,0,0,0,0,0,0,0,0,0,1,1,1,1,1,1,1,1,1,1,1,1,1,1,1,1,1,1,1,1,1,1,1,1,0,0,0,0,0,0,0,0,0,0,,,,,,,,,,,,,,,,,,,,,,,,,,,,,,,,,,,,,,,,,,,,,,,,
3584,600,3583,3585,,0,0,0,0,0,0,0,0,0,0,0,0,0,0,0,1,1,1,1,1,1,1,1,1,1,1,1,1,1,1,1,1,1,1,1,1,1,1,1,1,1,0,0,0,0,0,0,0,0,,,,,,,,,,,,,,,,,,,,,,,,,,,,,,,,,,,,,,,,,,,,,,,,
3585,400,8259,3584,3346,1,0,0,0,0,0,0,0,0,0,0,0,0,0,0,1,1,2,2,2,2,2,2,1,1,1,1,1,1,1,1,1,1,1,1,1,1,1,1,1,1,0,0,0,0,0,0,0,0,,,,,,,,,,,,,,,,,,,,,,,,,,,,,,,,,,,,,,,,,,,,,,,,
3586,1600,3360,3587,,0,0,0,0,0,0,0,0,0,0,0,0,0,0,0,1,1,2,2,2,2,2,2,1,1,1,1,1,1,1,1,1,1,1,1,2,2,1,1,1,1,0,0,0,0,0,0,0,0,,,,,,,,,,,,,,,,,,,,,,,,,,,,,,,,,,,,,,,,,,,,,,,,
3587,1200,3586,8286,3582,1,0,0,0,0,0,0,0,0,0,0,0,0,0,0,3,3,4,4,4,4,4,4,3,3,3,3,3,3,3,3,3,3,3,3,3,3,3,3,1,1,1,1,0,0,0,0,0,0,,,,,,,,,,,,,,,,,,,,,,,,,,,,,,,,,,,,,,,,,,,,,,,,
3588,800,,3589,,0,0,0,0,0,0,0,0,0,0,0,0,0,0,0,1,1,2,2,1,1,1,1,1,1,1,1,1,1,1,1,1,1,1,1,1,1,1,1,1,1,0,0,0,0,0,0,0,0,,,,,,,,,,,,,,,,,,,,,,,,,,,,,,,,,,,,,,,,,,,,,,,,
3589,300,3588,3362,3383,1,0,0,0,0,0,0,0,0,0,0,0,0,0,0,1,1,2,2,2,2,1,1,1,1,1,1,1,1,1,1,1,1,1,1,1,1,1,1,1,1,0,0,0,0,0,0,0,0,,,,,,,,,,,,,,,,,,,,,,,,,,,,,,,,,,,,,,,,,,,,,,,,
359,2500,15,2375,,0,17,17,18,18,12,12,13,13,16,16,17,17,46,46,1086,1086,1203,1203,1194,1194,1138,1138,1089,1089,1003,1003,1052,1052,1018,1018,1107,1107,1120,1120,1167,1167,1066,1066,131,131,84,84,57,57,41,41,21,21,,,,,,,,,,,,,,,,,,,,,,,,,,,,,,,,,,,,,,,,,,,,,,,,
3590,4400,3403,3591,,0,54,54,54,54,38,38,41,41,48,48,53,53,149,149,1126,1126,1279,1279,1185,1185,1176,1176,1064,1064,1030,1030,978,978,1073,1073,1075,1075,1072,1072,1157,1157,1124,1124,530,530,326,326,208,208,152,152,86,86,,,,,,,,,,,,,,,,,,,,,,,,,,,,,,,,,,,,,,,,,,,,,,,,
3591,400,3596,3590,3592,1,0,0,0,0,0,0,0,0,0,0,0,0,0,0,2,2,3,3,2,2,2,2,2,2,2,2,2,2,2,2,2,2,2,2,2,2,2,2,1,1,1,1,0,0,0,0,0,0,,,,,,,,,,,,,,,,,,,,,,,,,,,,,,,,,,,,,,,,,,,,,,,,
3592,4400,3593,3591,,0,54,54,54,54,38,38,41,41,48,48,53,53,149,149,1126,1126,1279,1279,1185,1185,1176,1176,1064,1064,1030,1030,978,978,1073,1073,1075,1075,1072,1072,1157,1157,1124,1124,530,530,326,326,208,208,152,152,86,86,,,,,,,,,,,,,,,,,,,,,,,,,,,,,,,,,,,,,,,,,,,,,,,,
3593,1200,3598,3592,3396,1,0,0,0,0,0,0,0,0,0,0,0,0,0,0,2,2,3,3,3,3,3,3,2,2,2,2,2,2,2,2,2,2,2,2,3,3,2,2,1,1,1,1,0,0,0,0,0,0,,,,,,,,,,,,,,,,,,,,,,,,,,,,,,,,,,,,,,,,,,,,,,,,
3594,800,3595,3597,,0,33,33,31,31,22,22,23,23,26,26,31,31,88,88,1055,1055,1119,1119,1058,1058,1080,1080,966,966,980,980,861,861,1008,1008,1021,1021,988,988,1080,1080,1096,1096,421,421,249,249,150,150,110,110,68,68,,,,,,,,,,,,,,,,,,,,,,,,,,,,,,,,,,,,,,,,,,,,,,,,
3595,800,3594,3668,3412,1,0,0,0,0,0,0,0,0,0,0,0,0,0,0,2,2,2,2,2,2,2,2,2,2,2,2,2,2,2,2,2,2,2,2,2,2,2,2,1,1,1,1,0,0,0,0,0,0,,,,,,,,,,,,,,,,,,,,,,,,,,,,,,,,,,,,,,,,,,,,,,,,
3596,800,3591,3597,,0,33,33,31,31,22,22,23,23,26,26,31,31,88,88,1055,1055,1119,1119,1058,1058,1080,1080,966,966,980,980,861,861,1008,1008,1021,1021,988,988,1080,1080,1096,1096,421,421,249,249,150,150,110,110,68,68,,,,,,,,,,,,,,,,,,,,,,,,,,,,,,,,,,,,,,,,,,,,,,,,
3597,300,3596,3407,3594,1,0,0,0,0,0,0,0,0,0,0,0,0,0,0,1,1,1,1,1,1,1,1,1,1,1,1,1,1,1,1,1,1,1,1,1,1,1,1,0,0,0,0,0,0,0,0,0,0,,,,,,,,,,,,,,,,,,,,,,,,,,,,,,,,,,,,,,,,,,,,,,,,
3598,1200,3599,3593,,0,53,53,55,55,38,38,42,42,48,48,53,53,146,146,715,715,891,891,804,804,768,768,707,707,638,638,676,676,679,679,669,669,696,696,738,738,671,671,411,411,264,264,178,178,130,130,66,66,,,,,,,,,,,,,,,,,,,,,,,,,,,,,,,,,,,,,,,,,,,,,,,,
3599,800,3598,3600,3358,1,0,0,0,0,0,0,0,0,0,0,0,0,0,0,1,1,1,1,1,1,1,1,1,1,1,1,1,1,1,1,1,1,1,1,1,1,1,1,0,0,0,0,0,0,0,0,0,0,,,,,,,,,,,,,,,,,,,,,,,,,,,,,,,,,,,,,,,,,,,,,,,,
36,1200,48,361,,0,0,0,0,0,0,0,0,0,0,0,0,0,0,0,6,6,7,7,7,7,6,6,6,6,6,6,6,6,6,6,6,6,6,6,6,6,6,6,1,1,1,1,1,1,0,0,0,0,,,,,,,,,,,,,,,,,,,,,,,,,,,,,,,,,,,,,,,,,,,,,,,,
360,2500,361,15,,0,27,27,28,28,20,20,21,21,25,25,27,27,74,74,1049,1049,1182,1182,1170,1170,1126,1126,1056,1056,970,970,1022,1022,982,982,1052,1052,1066,1066,1112,1112,1010,1010,210,210,134,134,91,91,66,66,34,34,,,,,,,,,,,,,,,,,,,,,,,,,,,,,,,,,,,,,,,,,,,,,,,,
3600,800,3601,3599,,0,0,0,0,0,0,0,0,0,0,0,0,0,0,0,0,0,0,0,0,0,0,0,0,0,0,0,0,0,0,0,0,0,0,0,0,0,0,0,0,0,0,0,0,0,0,0,0,0,,,,,,,,,,,,,,,,,,,,,,,,,,,,,,,,,,,,,,,,,,,,,,,,
3601,400,3600,3388,3372,1,0,0,0,0,0,0,0,0,0,0,0,0,0,0,0,0,0,0,0,0,0,0,0,0,0,0,0,0,0,0,0,0,0,0,0,0,0,0,0,0,0,0,0,0,0,0,0,0,,,,,,,,,,,,,,,,,,,,,,,,,,,,,,,,,,,,,,,,,,,,,,,,
3602,800,3603,3339,,0,0,0,0,0,0,0,0,0,0,0,0,0,0,0,1,1,1,1,1,1,1,1,1,1,1,1,1,1,1,1,1,1,1,1,1,1,1,1,1,1,0,0,0,0,0,0,0,0,,,,,,,,,,,,,,,,,,,,,,,,,,,,,,,,,,,,,,,,,,,,,,,,
3603,800,3602,3350,8260,1,0,0,0,0,0,0,0,0,0,0,0,0,0,0,1,1,1,1,1,1,1,1,1,1,1,1,1,1,1,1,1,1,1,1,1,1,1,1,0,0,0,0,0,0,0,0,0,0,,,,,,,,,,,,,,,,,,,,,,,,,,,,,,,,,,,,,,,,,,,,,,,,
3604,1200,3607,3363,,0,0,0,0,0,0,0,0,0,0,0,0,0,0,0,1,1,1,1,1,1,1,1,1,1,1,1,1,1,1,1,1,1,1,1,1,1,1,1,0,0,0,0,0,0,0,0,0,0,,,,,,,,,,,,,,,,,,,,,,,,,,,,,,,,,,,,,,,,,,,,,,,,
3605,400,3606,3407,3481,1,0,0,0,0,0,0,0,0,0,0,0,0,0,0,1,1,1,1,1,1,1,1,1,1,1,1,1,1,1,1,1,1,1,1,1,1,1,1,0,0,0,0,0,0,0,0,0,0,,,,,,,,,,,,,,,,,,,,,,,,,,,,,,,,,,,,,,,,,,,,,,,,
3606,1200,3605,3607,,0,0,0,0,0,0,0,0,0,0,0,0,0,0,0,1,1,1,1,1,1,1,1,1,1,1,1,1,1,1,1,1,1,1,1,1,1,1,1,0,0,0,0,0,0,0,0,0,0,,,,,,,,,,,,,,,,,,,,,,,,,,,,,,,,,,,,,,,,,,,,,,,,
3607,1200,3606,3604,3388,1,0,0,0,0,0,0,0,0,0,0,0,0,0,0,1,1,1,1,1,1,1,1,1,1,1,1,1,1,1,1,1,1,1,1,1,1,1,1,0,0,0,0,0,0,0,0,0,0,,,,,,,,,,,,,,,,,,,,,,,,,,,,,,,,,,,,,,,,,,,,,,,,
3608,4400,tran_493f158b-e7bf-471a-827b-e7b6348b5a98,3456,3609,1,0,0,0,0,0,0,0,0,0,0,0,0,0,0,1138,1138,1201,1201,1284,1284,1257,1257,1168,1168,1084,1084,1145,1145,1051,1051,1179,1179,1173,1173,1211,1211,1091,1091,0,0,0,0,0,0,0,0,0,0,,,,,,,,,,,,,,,,,,,,,,,,,,,,,,,,,,,,,,,,,,,,,,,,
3609,4400,3610,3608,,0,67,67,70,70,49,49,53,53,62,62,67,67,186,186,910,910,1134,1134,1023,1023,977,977,900,900,812,812,861,861,864,864,851,851,886,886,939,939,854,854,524,524,336,336,227,227,165,165,84,84,,,,,,,,,,,,,,,,,,,,,,,,,,,,,,,,,,,,,,,,,,,,,,,,
361,2500,360,36,27,1,27,27,28,28,20,20,21,21,25,25,27,27,74,74,1049,1049,1182,1182,1170,1170,1126,1126,1056,1056,970,970,1022,1022,982,982,1052,1052,1066,1066,1112,1112,1010,1010,210,210,134,134,91,91,66,66,34,34,,,,,,,,,,,,,,,,,,,,,,,,,,,,,,,,,,,,,,,,,,,,,,,,
3610,2500,3611,3493,3609,1,67,67,70,70,49,49,53,53,62,62,67,67,186,186,910,910,1134,1134,1023,1023,977,977,900,900,812,812,861,861,864,864,851,851,886,886,939,939,854,854,524,524,336,336,227,227,165,165,84,84,,,,,,,,,,,,,,,,,,,,,,,,,,,,,,,,,,,,,,,,,,,,,,,,
3611,4400,3610,3612,,0,67,67,70,70,49,49,53,53,62,62,67,67,186,186,910,910,1134,1134,1023,1023,977,977,900,900,812,812,861,861,864,864,851,851,886,886,939,939,854,854,524,524,336,336,227,227,165,165,84,84,,,,,,,,,,,,,,,,,,,,,,,,,,,,,,,,,,,,,,,,,,,,,,,,
3612,2750,3611,3470,3613,1,67,67,70,70,49,49,53,53,62,62,67,67,186,186,910,910,1134,1134,1023,1023,977,977,900,900,812,812,861,861,864,864,851,851,886,886,939,939,854,854,524,524,336,336,227,227,165,165,84,84,,,,,,,,,,,,,,,,,,,,,,,,,,,,,,,,,,,,,,,,,,,,,,,,
3613,4400,3614,3612,,0,67,67,70,70,49,49,53,53,62,62,67,67,186,186,910,910,1134,1134,1023,1023,977,977,900,900,812,812,861,861,864,864,851,851,886,886,939,939,854,854,524,524,336,336,227,227,165,165,84,84,,,,,,,,,,,,,,,,,,,,,,,,,,,,,,,,,,,,,,,,,,,,,,,,
3614,3000,3615,4084,3613;3495,2,67,67,70,70,49,49,53,53,62,62,67,67,186,186,910,910,1134,1134,1023,1023,977,977,900,900,812,812,861,861,864,864,851,851,886,886,939,939,854,854,524,524,336,336,227,227,165,165,84,84,,,,,,,,,,,,,,,,,,,,,,,,,,,,,,,,,,,,,,,,,,,,,,,,
3615,2000,3616,3614,,0,67,67,70,70,49,49,53,53,62,62,67,67,186,186,910,910,1134,1134,1023,1023,977,977,900,900,812,812,861,861,864,864,851,851,886,886,939,939,854,854,524,524,336,336,227,227,165,165,84,84,,,,,,,,,,,,,,,,,,,,,,,,,,,,,,,,,,,,,,,,,,,,,,,,
3616,1600,3615,3475,3470,1,0,0,0,0,0,0,0,0,0,0,0,0,0,0,1,1,2,2,1,1,1,1,1,1,1,1,1,1,1,1,1,1,1,1,1,1,1,1,1,1,0,0,0,0,0,0,0,0,,,,,,,,,,,,,,,,,,,,,,,,,,,,,,,,,,,,,,,,,,,,,,,,
3617,1200,3524,3475,3429,1,0,0,0,0,0,0,0,0,0,0,0,0,0,0,2,2,2,2,2,2,2,2,2,2,2,2,2,2,2,2,2,2,2,2,2,2,2,2,1,1,1,1,0,0,0,0,0,0,,,,,,,,,,,,,,,,,,,,,,,,,,,,,,,,,,,,,,,,,,,,,,,,
3618,4000,3619,4092,,0,67,67,70,70,49,49,53,53,62,62,67,67,186,186,910,910,1134,1134,1023,1023,977,977,900,900,812,812,861,861,864,864,851,851,886,886,939,939,854,854,524,524,336,336,227,227,165,165,84,84,,,,,,,,,,,,,,,,,,,,,,,,,,,,,,,,,,,,,,,,,,,,,,,,
3619,1600,3620,4045,3497;3618,2,0,0,0,0,0,0,0,0,0,0,0,0,0,0,2,2,2,2,2,2,2,2,2,2,2,2,2,2,2,2,2,2,2,2,2,2,2,2,1,1,1,1,0,0,0,0,0,0,,,,,,,,,,,,,,,,,,,,,,,,,,,,,,,,,,,,,,,,,,,,,,,,
362,2500,48,363,,0,27,27,28,28,20,20,21,21,25,25,27,27,74,74,1049,1049,1182,1182,1170,1170,1126,1126,1056,1056,970,970,1022,1022,982,982,1052,1052,1066,1066,1112,1112,1010,1010,210,210,134,134,91,91,66,66,34,34,,,,,,,,,,,,,,,,,,,,,,,,,,,,,,,,,,,,,,,,,,,,,,,,
3620,1600,3621,3619,,0,0,0,0,0,0,0,0,0,0,0,0,0,0,0,1,1,2,2,1,1,1,1,1,1,1,1,1,1,1,1,1,1,1,1,1,1,1,1,1,1,0,0,0,0,0,0,0,0,,,,,,,,,,,,,,,,,,,,,,,,,,,,,,,,,,,,,,,,,,,,,,,,
3621,800,3620,3622,3467,1,0,0,0,0,0,0,0,0,0,0,0,0,0,0,1,1,1,1,1,1,1,1,1,1,1,1,1,1,1,1,1,1,1,1,1,1,1,1,0,0,0,0,0,0,0,0,0,0,,,,,,,,,,,,,,,,,,,,,,,,,,,,,,,,,,,,,,,,,,,,,,,,
3622,800,3623,3621,,0,0,0,0,0,0,0,0,0,0,0,0,0,0,0,1,1,1,1,1,1,1,1,1,1,1,1,1,1,1,1,1,1,1,1,1,1,1,1,0,0,0,0,0,0,0,0,0,0,,,,,,,,,,,,,,,,,,,,,,,,,,,,,,,,,,,,,,,,,,,,,,,,
3623,1200,3622,3479,3448,1,0,0,0,0,0,0,0,0,0,0,0,0,0,0,1,1,1,1,1,1,1,1,1,1,1,1,1,1,1,1,1,1,1,1,1,1,1,1,0,0,0,0,0,0,0,0,0,0,,,,,,,,,,,,,,,,,,,,,,,,,,,,,,,,,,,,,,,,,,,,,,,,
3624,1600,3430,3625,,0,0,0,0,0,0,0,0,0,0,0,0,0,0,0,2,2,2,2,2,2,2,2,2,2,2,2,2,2,2,2,2,2,2,2,2,2,2,2,1,1,1,1,0,0,0,0,0,0,,,,,,,,,,,,,,,,,,,,,,,,,,,,,,,,,,,,,,,,,,,,,,,,
3625,1600,3448,3624,3454,1,0,0,0,0,0,0,0,0,0,0,0,0,0,0,1,1,2,2,1,1,1,1,1,1,1,1,1,1,1,1,1,1,1,1,1,1,1,1,1,1,0,0,0,0,0,0,0,0,,,,,,,,,,,,,,,,,,,,,,,,,,,,,,,,,,,,,,,,,,,,,,,,
3626,4400,3627,3483,,0,67,67,70,70,49,49,53,53,62,62,67,67,186,186,910,910,1134,1134,1023,1023,977,977,900,900,812,812,861,861,864,864,851,851,886,886,939,939,854,854,524,524,336,336,227,227,165,165,84,84,,,,,,,,,,,,,,,,,,,,,,,,,,,,,,,,,,,,,,,,,,,,,,,,
3627,3000,3980,3628,3626;3489,2,67,67,70,70,49,49,53,53,62,62,67,67,186,186,910,910,1134,1134,1023,1023,977,977,900,900,812,812,861,861,864,864,851,851,886,886,939,939,854,854,524,524,336,336,227,227,165,165,84,84,,,,,,,,,,,,,,,,,,,,,,,,,,,,,,,,,,,,,,,,,,,,,,,,
3628,2000,3627,3629,,0,67,67,70,70,49,49,53,53,62,62,67,67,186,186,910,910,1134,1134,1023,1023,977,977,900,900,812,812,861,861,864,864,851,851,886,886,939,939,854,854,524,524,336,336,227,227,165,165,84,84,,,,,,,,,,,,,,,,,,,,,,,,,,,,,,,,,,,,,,,,,,,,,,,,
3629,1500,3469,3628,3460,1,67,67,70,70,49,49,53,53,62,62,67,67,186,186,910,910,1134,1134,1023,1023,977,977,900,900,812,812,861,861,864,864,851,851,886,886,939,939,854,854,524,524,336,336,227,227,165,165,84,84,,,,,,,,,,,,,,,,,,,,,,,,,,,,,,,,,,,,,,,,,,,,,,,,
363,2500,84,362,364,1,27,27,28,28,20,20,21,21,25,25,27,27,74,74,1049,1049,1182,1182,1170,1170,1126,1126,1056,1056,970,970,1022,1022,982,982,1052,1052,1066,1066,1112,1112,1010,1010,210,210,134,134,91,91,66,66,34,34,,,,,,,,,,,,,,,,,,,,,,,,,,,,,,,,,,,,,,,,,,,,,,,,
3630,800,,3631,3430,1,0,0,0,0,0,0,0,0,0,0,0,0,0,0,2,2,3,3,2,2,2,2,2,2,2,2,2,2,2,2,2,2,2,2,2,2,2,2,1,1,1,1,0,0,0,0,0,0,,,,,,,,,,,,,,,,,,,,,,,,,,,,,,,,,,,,,,,,,,,,,,,,
3631,1200,3630,3426,3469,1,0,0,0,0,0,0,0,0,0,0,0,0,0,0,2,2,2,2,2,2,2,2,2,2,2,2,2,2,2,2,2,2,2,2,2,2,2,2,1,1,1,1,0,0,0,0,0,0,,,,,,,,,,,,,,,,,,,,,,,,,,,,,,,,,,,,,,,,,,,,,,,,
3632,3300,3633,3483,,0,67,67,70,70,49,49,53,53,62,62,67,67,186,186,910,910,1134,1134,1023,1023,977,977,900,900,812,812,861,861,864,864,851,851,886,886,939,939,854,854,524,524,336,336,227,227,165,165,84,84,,,,,,,,,,,,,,,,,,,,,,,,,,,,,,,,,,,,,,,,,,,,,,,,
3633,1200,3464,3634,3632,1,0,0,0,0,0,0,0,0,0,0,0,0,0,0,2,2,2,2,2,2,2,2,2,2,2,2,2,2,2,2,2,2,2,2,2,2,2,2,1,1,1,1,0,0,0,0,0,0,,,,,,,,,,,,,,,,,,,,,,,,,,,,,,,,,,,,,,,,,,,,,,,,
3634,1200,3633,3635,,0,0,0,0,0,0,0,0,0,0,0,0,0,0,0,2,2,2,2,2,2,2,2,2,2,2,2,2,2,2,2,2,2,2,2,2,2,2,2,1,1,0,0,0,0,0,0,0,0,,,,,,,,,,,,,,,,,,,,,,,,,,,,,,,,,,,,,,,,,,,,,,,,
3635,800,3636,3634,3646,1,0,0,0,0,0,0,0,0,0,0,0,0,0,0,1,1,1,1,1,1,1,1,1,1,1,1,1,1,1,1,1,1,1,1,1,1,1,1,0,0,0,0,0,0,0,0,0,0,,,,,,,,,,,,,,,,,,,,,,,,,,,,,,,,,,,,,,,,,,,,,,,,
3636,1200,3635,3637,,0,0,0,0,0,0,0,0,0,0,0,0,0,0,0,1,1,1,1,1,1,1,1,1,1,1,1,1,1,1,1,1,1,1,1,1,1,1,1,0,0,0,0,0,0,0,0,0,0,,,,,,,,,,,,,,,,,,,,,,,,,,,,,,,,,,,,,,,,,,,,,,,,
3637,1200,3638,3636,3457,1,0,0,0,0,0,0,0,0,0,0,0,0,0,0,2,2,2,2,2,2,2,2,2,2,2,2,2,2,2,2,2,2,2,2,2,2,2,2,1,1,1,1,0,0,0,0,0,0,,,,,,,,,,,,,,,,,,,,,,,,,,,,,,,,,,,,,,,,,,,,,,,,
3638,1200,3637,3639,,0,0,0,0,0,0,0,0,0,0,0,0,0,0,0,2,2,3,3,3,3,3,3,2,2,2,2,2,2,2,2,2,2,2,2,3,3,2,2,1,1,1,1,0,0,0,0,0,0,,,,,,,,,,,,,,,,,,,,,,,,,,,,,,,,,,,,,,,,,,,,,,,,
3639,800,3638,3450,3555,1,0,0,0,0,0,0,0,0,0,0,0,0,0,0,1,1,1,1,1,1,1,1,1,1,1,1,1,1,1,1,1,1,1,1,1,1,1,1,1,1,0,0,0,0,0,0,0,0,,,,,,,,,,,,,,,,,,,,,,,,,,,,,,,,,,,,,,,,,,,,,,,,
364,1600,363,365,,0,0,0,0,0,0,0,0,0,0,0,0,0,0,0,6,6,6,6,6,6,6,6,6,6,5,5,6,6,5,5,6,6,6,6,6,6,6,6,1,1,1,1,1,1,0,0,0,0,,,,,,,,,,,,,,,,,,,,,,,,,,,,,,,,,,,,,,,,,,,,,,,,
3640,4400,3641,3483,,0,67,67,70,70,49,49,53,53,62,62,67,67,186,186,910,910,1134,1134,1023,1023,977,977,900,900,812,812,861,861,864,864,851,851,886,886,939,939,854,854,524,524,336,336,227,227,165,165,84,84,,,,,,,,,,,,,,,,,,,,,,,,,,,,,,,,,,,,,,,,,,,,,,,,
3641,1200,3484,3457,3474;3640,2,0,0,0,0,0,0,0,0,0,0,0,0,0,0,2,2,2,2,2,2,2,2,2,2,2,2,2,2,2,2,2,2,2,2,2,2,2,2,1,1,0,0,0,0,0,0,0,0,,,,,,,,,,,,,,,,,,,,,,,,,,,,,,,,,,,,,,,,,,,,,,,,
3642,1200,3643,3647,,0,0,0,0,0,0,0,0,0,0,0,0,0,0,0,1,1,1,1,1,1,1,1,1,1,1,1,1,1,1,1,1,1,1,1,1,1,1,1,0,0,0,0,0,0,0,0,0,0,,,,,,,,,,,,,,,,,,,,,,,,,,,,,,,,,,,,,,,,,,,,,,,,
3643,800,3642,3644,3428,1,0,0,0,0,0,0,0,0,0,0,0,0,0,0,1,1,1,1,1,1,1,1,1,1,1,1,1,1,1,1,1,1,1,1,1,1,1,1,1,1,0,0,0,0,0,0,0,0,,,,,,,,,,,,,,,,,,,,,,,,,,,,,,,,,,,,,,,,,,,,,,,,
3644,800,3643,3645,,0,0,0,0,0,0,0,0,0,0,0,0,0,0,0,1,1,1,1,1,1,1,1,1,1,1,1,1,1,1,1,1,1,1,1,1,1,1,1,1,1,0,0,0,0,0,0,0,0,,,,,,,,,,,,,,,,,,,,,,,,,,,,,,,,,,,,,,,,,,,,,,,,
3645,800,3644,3436,3421,1,0,0,0,0,0,0,0,0,0,0,0,0,0,0,2,2,2,2,2,2,2,2,2,2,2,2,2,2,2,2,2,2,2,2,2,2,2,2,1,1,1,1,0,0,0,0,0,0,,,,,,,,,,,,,,,,,,,,,,,,,,,,,,,,,,,,,,,,,,,,,,,,
3646,1200,3635,3647,,0,0,0,0,0,0,0,0,0,0,0,0,0,0,0,1,1,1,1,1,1,1,1,1,1,1,1,1,1,1,1,1,1,1,1,1,1,1,1,0,0,0,0,0,0,0,0,0,0,,,,,,,,,,,,,,,,,,,,,,,,,,,,,,,,,,,,,,,,,,,,,,,,
3647,800,3446,3646,3642,1,0,0,0,0,0,0,0,0,0,0,0,0,0,0,1,1,1,1,1,1,1,1,1,1,1,1,1,1,1,1,1,1,1,1,1,1,1,1,1,1,0,0,0,0,0,0,0,0,,,,,,,,,,,,,,,,,,,,,,,,,,,,,,,,,,,,,,,,,,,,,,,,
3648,4400,3485,3649,,0,54,54,54,54,38,38,41,41,48,48,53,53,149,149,1126,1126,1279,1279,1185,1185,1176,1176,1064,1064,1030,1030,978,978,1073,1073,1075,1075,1072,1072,1157,1157,1124,1124,530,530,326,326,208,208,152,152,86,86,,,,,,,,,,,,,,,,,,,,,,,,,,,,,,,,,,,,,,,,,,,,,,,,
3649,1100,3648,3477,3458,1,54,54,54,54,38,38,41,41,48,48,53,53,149,149,1126,1126,1279,1279,1185,1185,1176,1176,1064,1064,1030,1030,978,978,1073,1073,1075,1075,1072,1072,1157,1157,1124,1124,530,530,326,326,208,208,152,152,86,86,,,,,,,,,,,,,,,,,,,,,,,,,,,,,,,,,,,,,,,,,,,,,,,,
365,800,68,364,62,1,0,0,0,0,0,0,0,0,0,0,0,0,0,0,5,5,5,5,5,5,5,5,5,5,4,4,5,5,4,4,5,5,5,5,5,5,5,5,1,1,1,1,0,0,0,0,0,0,,,,,,,,,,,,,,,,,,,,,,,,,,,,,,,,,,,,,,,,,,,,,,,,
3650,4400,3462,3651,,0,54,54,54,54,38,38,41,41,48,48,53,53,149,149,1126,1126,1279,1279,1185,1185,1176,1176,1064,1064,1030,1030,978,978,1073,1073,1075,1075,1072,1072,1157,1157,1124,1124,530,530,326,326,208,208,152,152,86,86,,,,,,,,,,,,,,,,,,,,,,,,,,,,,,,,,,,,,,,,,,,,,,,,
3651,2500,3458,3438,3654;3650,2,54,54,54,54,38,38,41,41,48,48,53,53,149,149,1126,1126,1279,1279,1185,1185,1176,1176,1064,1064,1030,1030,978,978,1073,1073,1075,1075,1072,1072,1157,1157,1124,1124,530,530,326,326,208,208,152,152,86,86,,,,,,,,,,,,,,,,,,,,,,,,,,,,,,,,,,,,,,,,,,,,,,,,
3652,1200,3437,3653,,0,0,0,0,0,0,0,0,0,0,0,0,0,0,0,2,2,2,2,2,2,2,2,2,2,2,2,2,2,2,2,2,2,2,2,2,2,2,2,1,1,0,0,0,0,0,0,0,0,,,,,,,,,,,,,,,,,,,,,,,,,,,,,,,,,,,,,,,,,,,,,,,,
3653,800,3652,3434,3562,1,0,0,0,0,0,0,0,0,0,0,0,0,0,0,1,1,1,1,1,1,1,1,1,1,1,1,1,1,1,1,1,1,1,1,1,1,1,1,1,1,0,0,0,0,0,0,0,0,,,,,,,,,,,,,,,,,,,,,,,,,,,,,,,,,,,,,,,,,,,,,,,,
3654,4400,3651,3655,,0,54,54,54,54,38,38,41,41,48,48,53,53,149,149,1126,1126,1279,1279,1185,1185,1176,1176,1064,1064,1030,1030,978,978,1073,1073,1075,1075,1072,1072,1157,1157,1124,1124,530,530,326,326,208,208,152,152,86,86,,,,,,,,,,,,,,,,,,,,,,,,,,,,,,,,,,,,,,,,,,,,,,,,
3655,4400,3654,3451,3487,1,54,54,54,54,38,38,41,41,48,48,53,53,149,149,1126,1126,1279,1279,1185,1185,1176,1176,1064,1064,1030,1030,978,978,1073,1073,1075,1075,1072,1072,1157,1157,1124,1124,530,530,326,326,208,208,152,152,86,86,,,,,,,,,,,,,,,,,,,,,,,,,,,,,,,,,,,,,,,,,,,,,,,,
3656,4400,3657,3494,,0,54,54,54,54,38,38,41,41,48,48,53,53,149,149,1126,1126,1279,1279,1185,1185,1176,1176,1064,1064,1030,1030,978,978,1073,1073,1075,1075,1072,1072,1157,1157,1124,1124,530,530,326,326,208,208,152,152,86,86,,,,,,,,,,,,,,,,,,,,,,,,,,,,,,,,,,,,,,,,,,,,,,,,
3657,1200,3466,3453,3487;3656,2,0,0,0,0,0,0,0,0,0,0,0,0,0,0,2,2,2,2,2,2,2,2,2,2,2,2,2,2,2,2,2,2,2,2,2,2,2,2,1,1,0,0,0,0,0,0,0,0,,,,,,,,,,,,,,,,,,,,,,,,,,,,,,,,,,,,,,,,,,,,,,,,
3658,1200,3659,3478,,0,0,0,0,0,0,0,0,0,0,0,0,0,0,0,2,2,2,2,2,2,2,2,2,2,2,2,1,1,2,2,2,2,2,2,2,2,2,2,1,1,0,0,0,0,0,0,0,0,,,,,,,,,,,,,,,,,,,,,,,,,,,,,,,,,,,,,,,,,,,,,,,,
3659,1200,3658,3499,3473,1,0,0,0,0,0,0,0,0,0,0,0,0,0,0,1,1,1,1,1,1,1,1,1,1,1,1,1,1,1,1,1,1,1,1,1,1,1,1,0,0,0,0,0,0,0,0,0,0,,,,,,,,,,,,,,,,,,,,,,,,,,,,,,,,,,,,,,,,,,,,,,,,
366,1500,48,367,,0,27,27,28,28,20,20,21,21,25,25,27,27,74,74,1049,1049,1182,1182,1170,1170,1126,1126,1056,1056,970,970,1022,1022,982,982,1052,1052,1066,1066,1112,1112,1010,1010,210,210,134,134,91,91,66,66,34,34,,,,,,,,,,,,,,,,,,,,,,,,,,,,,,,,,,,,,,,,,,,,,,,,
3660,1200,3661,3490,,0,0,0,0,0,0,0,0,0,0,0,0,0,0,0,1,1,1,1,1,1,1,1,1,1,1,1,1,1,1,1,1,1,1,1,1,1,1,1,0,0,0,0,0,0,0,0,0,0,,,,,,,,,,,,,,,,,,,,,,,,,,,,,,,,,,,,,,,,,,,,,,,,
3661,800,3660,3662,3465,1,0,0,0,0,0,0,0,0,0,0,0,0,0,0,1,1,1,1,1,1,1,1,1,1,1,1,1,1,1,1,1,1,1,1,1,1,1,1,0,0,0,0,0,0,0,0,0,0,,,,,,,,,,,,,,,,,,,,,,,,,,,,,,,,,,,,,,,,,,,,,,,,
3662,1200,3661,3663,,0,0,0,0,0,0,0,0,0,0,0,0,0,0,0,1,1,1,1,1,1,1,1,1,1,1,1,0,0,1,1,1,1,1,1,1,1,1,1,0,0,0,0,0,0,0,0,0,0,,,,,,,,,,,,,,,,,,,,,,,,,,,,,,,,,,,,,,,,,,,,,,,,
3663,1200,3664,3662,3666,1,0,0,0,0,0,0,0,0,0,0,0,0,0,0,0,0,0,0,0,0,0,0,0,0,0,0,0,0,0,0,0,0,0,0,0,0,0,0,0,0,0,0,0,0,0,0,0,0,,,,,,,,,,,,,,,,,,,,,,,,,,,,,,,,,,,,,,,,,,,,,,,,
3664,1200,3665,3663,,0,0,0,0,0,0,0,0,0,0,0,0,0,0,0,0,0,0,0,0,0,0,0,0,0,0,0,0,0,0,0,0,0,0,0,0,0,0,0,0,0,0,0,0,0,0,0,0,0,,,,,,,,,,,,,,,,,,,,,,,,,,,,,,,,,,,,,,,,,,,,,,,,
3665,400,3664,3441,3481,1,0,0,0,0,0,0,0,0,0,0,0,0,0,0,0,0,0,0,0,0,0,0,0,0,0,0,0,0,0,0,0,0,0,0,0,0,0,0,0,0,0,0,0,0,0,0,0,0,,,,,,,,,,,,,,,,,,,,,,,,,,,,,,,,,,,,,,,,,,,,,,,,
3666,1200,3667,3663,,0,0,0,0,0,0,0,0,0,0,0,0,0,0,0,0,0,0,0,0,0,0,0,0,0,0,0,0,0,0,0,0,0,0,0,0,0,0,0,0,0,0,0,0,0,0,0,0,0,,,,,,,,,,,,,,,,,,,,,,,,,,,,,,,,,,,,,,,,,,,,,,,,
3667,800,3449,3666,3452,1,0,0,0,0,0,0,0,0,0,0,0,0,0,0,0,0,0,0,0,0,0,0,0,0,0,0,0,0,0,0,0,0,0,0,0,0,0,0,0,0,0,0,0,0,0,0,0,0,,,,,,,,,,,,,,,,,,,,,,,,,,,,,,,,,,,,,,,,,,,,,,,,
3668,1200,3669,3595,,0,0,0,0,0,0,0,0,0,0,0,0,0,0,0,3,3,3,3,3,3,3,3,3,3,2,2,2,2,3,3,3,3,3,3,3,3,3,3,1,1,1,1,0,0,0,0,0,0,,,,,,,,,,,,,,,,,,,,,,,,,,,,,,,,,,,,,,,,,,,,,,,,
3669,1650,3445,3668,3449,1,54,54,54,54,38,38,41,41,48,48,53,53,149,149,1126,1126,1279,1279,1185,1185,1176,1176,1064,1064,1030,1030,978,978,1073,1073,1075,1075,1072,1072,1157,1157,1124,1124,530,530,326,326,208,208,152,152,86,86,,,,,,,,,,,,,,,,,,,,,,,,,,,,,,,,,,,,,,,,,,,,,,,,
367,1200,42,366,62,1,0,0,0,0,0,0,0,0,0,0,0,0,0,0,6,6,7,7,7,7,7,7,6,6,6,6,6,6,6,6,6,6,6,6,6,6,6,6,1,1,1,1,1,1,0,0,0,0,,,,,,,,,,,,,,,,,,,,,,,,,,,,,,,,,,,,,,,,,,,,,,,,
3670,1600,3442,3671,,0,0,0,0,0,0,0,0,0,0,0,0,0,0,0,1,1,1,1,1,1,1,1,1,1,1,1,1,1,1,1,1,1,1,1,1,1,1,1,0,0,0,0,0,0,0,0,0,0,,,,,,,,,,,,,,,,,,,,,,,,,,,,,,,,,,,,,,,,,,,,,,,,
3671,1600,3670,3433,3440,1,0,0,0,0,0,0,0,0,0,0,0,0,0,0,1,1,1,1,1,1,1,1,1,1,1,1,1,1,1,1,1,1,1,1,1,1,1,1,0,0,0,0,0,0,0,0,0,0,,,,,,,,,,,,,,,,,,,,,,,,,,,,,,,,,,,,,,,,,,,,,,,,
3672,1200,3747,3673,,0,0,0,0,0,0,0,0,0,0,0,0,0,0,0,1,1,1,1,1,1,1,1,1,1,1,1,1,1,1,1,1,1,1,1,1,1,1,1,0,0,0,0,0,0,0,0,0,0,,,,,,,,,,,,,,,,,,,,,,,,,,,,,,,,,,,,,,,,,,,,,,,,
3673,800,3674,3672,3463,1,0,0,0,0,0,0,0,0,0,0,0,0,0,0,2,2,2,2,2,2,2,2,2,2,1,1,1,1,2,2,2,2,2,2,2,2,2,2,1,1,0,0,0,0,0,0,0,0,,,,,,,,,,,,,,,,,,,,,,,,,,,,,,,,,,,,,,,,,,,,,,,,
3674,800,3673,,,0,0,0,0,0,0,0,0,0,0,0,0,0,0,0,3,3,3,3,3,3,3,3,3,3,3,3,3,3,3,3,3,3,3,3,3,3,3,3,1,1,1,1,0,0,0,0,0,0,,,,,,,,,,,,,,,,,,,,,,,,,,,,,,,,,,,,,,,,,,,,,,,,
3675,1200,3768,3895,,0,0,0,0,0,0,0,0,0,0,0,0,0,0,0,1,1,1,1,1,1,1,1,1,1,1,1,1,1,1,1,1,1,1,1,1,1,1,1,1,1,0,0,0,0,0,0,0,0,,,,,,,,,,,,,,,,,,,,,,,,,,,,,,,,,,,,,,,,,,,,,,,,
3676,1200,3986,3936,3900,1,0,0,0,0,0,0,0,0,0,0,0,0,0,0,2,2,2,2,2,2,2,2,1,1,1,1,1,1,1,1,1,1,1,1,2,2,2,2,1,1,0,0,0,0,0,0,0,0,,,,,,,,,,,,,,,,,,,,,,,,,,,,,,,,,,,,,,,,,,,,,,,,
3677,400,3713,3743,3920,1,0,0,0,0,0,0,0,0,0,0,0,0,1,1,7,7,7,7,7,7,7,7,6,6,6,6,6,6,6,6,7,7,7,7,7,7,7,7,2,2,1,1,1,1,1,1,0,0,,,,,,,,,,,,,,,,,,,,,,,,,,,,,,,,,,,,,,,,,,,,,,,,
3678,800,3734,3761,,0,0,0,0,0,0,0,0,0,0,0,0,0,0,0,2,2,2,2,2,2,2,2,2,2,1,1,2,2,2,2,2,2,2,2,2,2,2,2,1,1,0,0,0,0,0,0,0,0,,,,,,,,,,,,,,,,,,,,,,,,,,,,,,,,,,,,,,,,,,,,,,,,
3679,800,3803,3876,3836,1,0,0,0,0,0,0,0,0,0,0,0,0,0,0,1,1,1,1,1,1,1,1,1,1,1,1,1,1,1,1,1,1,1,1,1,1,1,1,0,0,0,0,0,0,0,0,0,0,,,,,,,,,,,,,,,,,,,,,,,,,,,,,,,,,,,,,,,,,,,,,,,,
368,1200,369,56,,0,0,0,0,0,0,0,0,0,0,0,0,0,1,1,5,5,6,6,5,5,5,5,5,5,4,4,5,5,4,4,5,5,5,5,5,5,4,4,2,2,1,1,1,1,1,1,0,0,,,,,,,,,,,,,,,,,,,,,,,,,,,,,,,,,,,,,,,,,,,,,,,,
3680,800,,3734,,0,0,0,0,0,0,0,0,0,0,0,0,0,0,0,3,3,4,4,4,4,3,3,3,3,3,3,3,3,3,3,3,3,3,3,3,3,3,3,1,1,1,1,1,1,0,0,0,0,,,,,,,,,,,,,,,,,,,,,,,,,,,,,,,,,,,,,,,,,,,,,,,,
3681,1500,3735,3897,3941;3958,2,67,67,70,70,49,49,53,53,62,62,67,67,186,186,910,910,1134,1134,1023,1023,977,977,900,900,812,812,861,861,864,864,851,851,886,886,939,939,854,854,524,524,336,336,227,227,165,165,84,84,,,,,,,,,,,,,,,,,,,,,,,,,,,,,,,,,,,,,,,,,,,,,,,,
3682,2500,3961,,3983,1,21,21,20,20,14,14,14,14,17,17,20,20,56,56,1250,1250,1350,1350,1266,1266,1219,1219,1175,1175,1140,1140,1076,1076,1194,1194,1258,1258,1254,1254,1342,1342,1310,1310,268,268,158,158,95,95,70,70,44,44,,,,,,,,,,,,,,,,,,,,,,,,,,,,,,,,,,,,,,,,,,,,,,,,
3683,1600,3704,4069,,0,0,0,0,0,0,0,0,0,0,0,0,0,0,0,1,1,2,2,2,2,1,1,1,1,1,1,1,1,1,1,1,1,1,1,1,1,1,1,1,1,0,0,0,0,0,0,0,0,,,,,,,,,,,,,,,,,,,,,,,,,,,,,,,,,,,,,,,,,,,,,,,,
3684,1600,4078,4133,,0,0,0,0,0,0,0,0,0,0,0,0,0,0,0,3,3,3,3,3,3,3,3,3,3,2,2,2,2,3,3,3,3,3,3,3,3,3,3,1,1,1,1,0,0,0,0,0,0,,,,,,,,,,,,,,,,,,,,,,,,,,,,,,,,,,,,,,,,,,,,,,,,
3685,1600,4099,3961,,0,0,0,0,0,0,0,0,0,0,0,0,0,0,0,3,3,3,3,3,3,3,3,3,3,3,3,3,3,3,3,3,3,3,3,3,3,3,3,1,1,1,1,0,0,0,0,0,0,,,,,,,,,,,,,,,,,,,,,,,,,,,,,,,,,,,,,,,,,,,,,,,,
3686,500,3946,,,0,54,54,54,54,38,38,41,41,48,48,53,53,149,149,1126,1126,1279,1279,1185,1185,1176,1176,1064,1064,1030,1030,978,978,1073,1073,1075,1075,1072,1072,1157,1157,1124,1124,530,530,326,326,208,208,152,152,86,86,,,,,,,,,,,,,,,,,,,,,,,,,,,,,,,,,,,,,,,,,,,,,,,,
3687,550,4109,,3826,1,28,28,26,26,19,19,19,19,23,23,26,26,75,75,1275,1275,1350,1350,1326,1326,1336,1336,1209,1209,1193,1193,1112,1112,1205,1205,1259,1259,1229,1229,1320,1320,1293,1293,357,357,211,211,127,127,93,93,58,58,,,,,,,,,,,,,,,,,,,,,,,,,,,,,,,,,,,,,,,,,,,,,,,,
3688,400,4089,3885,,0,0,0,0,0,0,0,0,0,0,0,0,0,0,0,5,5,5,5,5,5,5,5,4,4,4,4,4,4,4,4,5,5,4,4,5,5,5,5,2,2,1,1,1,1,0,0,0,0,,,,,,,,,,,,,,,,,,,,,,,,,,,,,,,,,,,,,,,,,,,,,,,,
3689,1600,3718,3797,,0,0,0,0,0,0,0,0,0,0,0,0,0,0,0,1,1,1,1,1,1,1,1,1,1,1,1,1,1,1,1,1,1,1,1,1,1,1,1,0,0,0,0,0,0,0,0,0,0,,,,,,,,,,,,,,,,,,,,,,,,,,,,,,,,,,,,,,,,,,,,,,,,
369,1200,45,368,40,1,0,0,0,0,0,0,0,0,0,0,0,0,1,1,5,5,6,6,6,6,6,6,5,5,5,5,5,5,5,5,5,5,5,5,5,5,5,5,2,2,1,1,1,1,1,1,0,0,,,,,,,,,,,,,,,,,,,,,,,,,,,,,,,,,,,,,,,,,,,,,,,,
3690,1200,4133,3807,,0,0,0,0,0,0,0,0,0,0,0,0,0,0,0,3,3,3,3,3,3,3,3,3,3,2,2,2,2,3,3,3,3,3,3,3,3,3,3,1,1,1,1,0,0,0,0,0,0,,,,,,,,,,,,,,,,,,,,,,,,,,,,,,,,,,,,,,,,,,,,,,,,
3691,1200,3948,3923,,0,0,0,0,0,0,0,0,0,0,0,0,0,0,0,1,1,1,1,1,1,1,1,1,1,1,1,1,1,1,1,1,1,1,1,1,1,1,1,0,0,0,0,0,0,0,0,0,0,,,,,,,,,,,,,,,,,,,,,,,,,,,,,,,,,,,,,,,,,,,,,,,,
3692,1200,3911,3865,3698,1,0,0,0,0,0,0,0,0,0,0,0,0,0,0,2,2,2,2,2,2,2,2,1,1,1,1,1,1,1,1,1,1,1,1,2,2,2,2,1,1,0,0,0,0,0,0,0,0,,,,,,,,,,,,,,,,,,,,,,,,,,,,,,,,,,,,,,,,,,,,,,,,
3693,1600,3831,4076,,0,0,0,0,0,0,0,0,0,0,0,0,0,0,0,2,2,3,3,3,3,3,3,2,2,2,2,2,2,2,2,2,2,2,2,3,3,2,2,1,1,1,1,0,0,0,0,0,0,,,,,,,,,,,,,,,,,,,,,,,,,,,,,,,,,,,,,,,,,,,,,,,,
3694,1200,4055,3714,,0,0,0,0,0,0,0,0,0,0,0,0,0,0,0,1,1,1,1,1,1,1,1,1,1,1,1,1,1,1,1,1,1,1,1,1,1,1,1,0,0,0,0,0,0,0,0,0,0,,,,,,,,,,,,,,,,,,,,,,,,,,,,,,,,,,,,,,,,,,,,,,,,
3695,1200,3890,3927,,0,0,0,0,0,0,0,0,0,0,0,0,0,0,0,1,1,2,2,1,1,1,1,1,1,1,1,1,1,1,1,1,1,1,1,1,1,1,1,0,0,0,0,0,0,0,0,0,0,,,,,,,,,,,,,,,,,,,,,,,,,,,,,,,,,,,,,,,,,,,,,,,,
3696,1200,3780,4082,,0,0,0,0,0,0,0,0,0,0,0,0,0,0,0,1,1,2,2,1,1,1,1,1,1,1,1,1,1,1,1,1,1,1,1,1,1,1,1,1,1,0,0,0,0,0,0,0,0,,,,,,,,,,,,,,,,,,,,,,,,,,,,,,,,,,,,,,,,,,,,,,,,
3697,400,3817,3957,4071,1,0,0,0,0,0,0,0,0,0,0,0,0,0,0,4,4,5,5,4,4,4,4,4,4,4,4,4,4,4,4,4,4,4,4,4,4,4,4,1,1,1,1,1,1,0,0,0,0,,,,,,,,,,,,,,,,,,,,,,,,,,,,,,,,,,,,,,,,,,,,,,,,
3698,400,3692,4005,4042;3865,2,0,0,0,0,0,0,0,0,0,0,0,0,0,0,2,2,2,2,2,2,2,2,2,2,2,2,2,2,2,2,2,2,2,2,2,2,2,2,1,1,0,0,0,0,0,0,0,0,,,,,,,,,,,,,,,,,,,,,,,,,,,,,,,,,,,,,,,,,,,,,,,,
3699,1500,3927,4093,,0,54,54,54,54,38,38,41,41,48,48,53,53,149,149,1126,1126,1279,1279,1185,1185,1176,1176,1064,1064,1030,1030,978,978,1073,1073,1075,1075,1072,1072,1157,1157,1124,1124,530,530,326,326,208,208,152,152,86,86,,,,,,,,,,,,,,,,,,,,,,,,,,,,,,,,,,,,,,,,,,,,,,,,
37,1600,44,34,,0,0,0,0,0,0,0,0,0,0,0,0,0,0,0,6,6,7,7,7,7,7,7,6,6,6,6,6,6,6,6,6,6,6,6,7,7,6,6,1,1,1,1,1,1,0,0,0,0,,,,,,,,,,,,,,,,,,,,,,,,,,,,,,,,,,,,,,,,,,,,,,,,
370,3000,2378,47,,0,0,0,0,0,0,0,0,0,0,0,0,0,0,0,1138,1138,1201,1201,1284,1284,1257,1257,1168,1168,1084,1084,1145,1145,1051,1051,1179,1179,1173,1173,1211,1211,1091,1091,0,0,0,0,0,0,0,0,0,0,,,,,,,,,,,,,,,,,,,,,,,,,,,,,,,,,,,,,,,,,,,,,,,,
3700,4400,tran_3f005230-5f80-43df-90e3-723c58f3025f,3498,,0,0,0,0,0,0,0,0,0,0,0,0,0,0,0,1138,1138,1201,1201,1284,1284,1257,1257,1168,1168,1084,1084,1145,1145,1051,1051,1179,1179,1173,1173,1211,1211,1091,1091,0,0,0,0,0,0,0,0,0,0,,,,,,,,,,,,,,,,,,,,,,,,,,,,,,,,,,,,,,,,,,,,,,,,
3701,4400,3787,4083,3706,1,28,28,26,26,19,19,19,19,23,23,26,26,75,75,1275,1275,1350,1350,1326,1326,1336,1336,1209,1209,1193,1193,1112,1112,1205,1205,1259,1259,1229,1229,1320,1320,1293,1293,357,357,211,211,127,127,93,93,58,58,,,,,,,,,,,,,,,,,,,,,,,,,,,,,,,,,,,,,,,,,,,,,,,,
3702,1200,3751,3718,,0,0,0,0,0,0,0,0,0,0,0,0,0,0,0,1,1,1,1,1,1,1,1,1,1,1,1,1,1,1,1,1,1,1,1,1,1,1,1,0,0,0,0,0,0,0,0,0,0,,,,,,,,,,,,,,,,,,,,,,,,,,,,,,,,,,,,,,,,,,,,,,,,
3703,1600,3442,3747,,0,0,0,0,0,0,0,0,0,0,0,0,0,0,0,0,0,1,1,0,0,0,0,0,0,0,0,0,0,0,0,0,0,0,0,0,0,0,0,0,0,0,0,0,0,0,0,0,0,,,,,,,,,,,,,,,,,,,,,,,,,,,,,,,,,,,,,,,,,,,,,,,,
3704,1200,4072,3901,3749;3683,2,0,0,0,0,0,0,0,0,0,0,0,0,0,0,2,2,2,2,2,2,2,2,2,2,2,2,2,2,2,2,2,2,2,2,2,2,2,2,1,1,1,1,0,0,0,0,0,0,,,,,,,,,,,,,,,,,,,,,,,,,,,,,,,,,,,,,,,,,,,,,,,,
3705,1200,3913,4090,,0,0,0,0,0,0,0,0,0,0,0,0,0,0,0,1,1,1,1,1,1,1,1,1,1,1,1,1,1,1,1,1,1,1,1,1,1,1,1,0,0,0,0,0,0,0,0,0,0,,,,,,,,,,,,,,,,,,,,,,,,,,,,,,,,,,,,,,,,,,,,,,,,
3706,300,3834,3701,,0,0,0,0,0,0,0,0,0,0,0,0,0,1,1,7,7,7,7,7,7,7,7,6,6,6,6,6,6,6,6,7,7,6,6,7,7,7,7,2,2,1,1,1,1,1,1,0,0,,,,,,,,,,,,,,,,,,,,,,,,,,,,,,,,,,,,,,,,,,,,,,,,
3707,1600,3754,3747,,0,0,0,0,0,0,0,0,0,0,0,0,0,0,0,1,1,1,1,1,1,1,1,1,1,1,1,1,1,1,1,1,1,1,1,1,1,1,1,0,0,0,0,0,0,0,0,0,0,,,,,,,,,,,,,,,,,,,,,,,,,,,,,,,,,,,,,,,,,,,,,,,,
3708,1200,3759,3783,,0,0,0,0,0,0,0,0,0,0,0,0,0,0,0,2,2,2,2,2,2,2,2,2,2,1,1,1,1,2,2,2,2,2,2,2,2,2,2,1,1,0,0,0,0,0,0,0,0,,,,,,,,,,,,,,,,,,,,,,,,,,,,,,,,,,,,,,,,,,,,,,,,
3709,800,3913,3831,,0,53,53,55,55,38,38,42,42,48,48,53,53,146,146,715,715,891,891,804,804,768,768,707,707,638,638,676,676,679,679,669,669,696,696,738,738,671,671,411,411,264,264,178,178,130,130,66,66,,,,,,,,,,,,,,,,,,,,,,,,,,,,,,,,,,,,,,,,,,,,,,,,
371,4400,29,372,,0,50,50,52,52,37,37,40,40,46,46,50,50,140,140,967,967,1151,1151,1088,1088,1047,1047,967,967,880,880,932,932,911,911,933,933,958,958,1007,1007,913,913,393,393,252,252,170,170,124,124,63,63,,,,,,,,,,,,,,,,,,,,,,,,,,,,,,,,,,,,,,,,,,,,,,,,
3710,1600,3718,4099,,0,0,0,0,0,0,0,0,0,0,0,0,0,0,0,2,2,2,2,2,2,2,2,2,2,2,2,2,2,2,2,2,2,2,2,2,2,2,2,1,1,0,0,0,0,0,0,0,0,,,,,,,,,,,,,,,,,,,,,,,,,,,,,,,,,,,,,,,,,,,,,,,,
3711,4400,3998,3872,4039;4106;3738;4061;3915,5,28,28,26,26,19,19,19,19,23,23,26,26,75,75,1275,1275,1350,1350,1326,1326,1336,1336,1209,1209,1193,1193,1112,1112,1205,1205,1259,1259,1229,1229,1320,1320,1293,1293,357,357,211,211,127,127,93,93,58,58,,,,,,,,,,,,,,,,,,,,,,,,,,,,,,,,,,,,,,,,,,,,,,,,
3712,1600,4117,3955,,0,0,0,0,0,0,0,0,0,0,0,0,0,0,0,1,1,1,1,1,1,1,1,1,1,1,1,1,1,1,1,1,1,1,1,1,1,1,1,0,0,0,0,0,0,0,0,0,0,,,,,,,,,,,,,,,,,,,,,,,,,,,,,,,,,,,,,,,,,,,,,,,,
3713,2500,,3677,3911;3920,2,28,28,26,26,19,19,19,19,23,23,26,26,75,75,1275,1275,1350,1350,1326,1326,1336,1336,1209,1209,1193,1193,1112,1112,1205,1205,1259,1259,1229,1229,1320,1320,1293,1293,357,357,211,211,127,127,93,93,58,58,,,,,,,,,,,,,,,,,,,,,,,,,,,,,,,,,,,,,,,,,,,,,,,,
3714,400,3818,3694,3919,1,0,0,0,0,0,0,0,0,0,0,0,0,0,0,1,1,1,1,1,1,1,1,1,1,1,1,1,1,1,1,1,1,1,1,1,1,1,1,0,0,0,0,0,0,0,0,0,0,,,,,,,,,,,,,,,,,,,,,,,,,,,,,,,,,,,,,,,,,,,,,,,,
3715,1600,3804,3762,,0,0,0,0,0,0,0,0,0,0,0,0,0,0,0,2,2,2,2,2,2,2,2,2,2,2,2,2,2,2,2,2,2,2,2,2,2,2,2,1,1,0,0,0,0,0,0,0,0,,,,,,,,,,,,,,,,,,,,,,,,,,,,,,,,,,,,,,,,,,,,,,,,
3716,1600,4148,3805,,0,0,0,0,0,0,0,0,0,0,0,0,0,0,0,2,2,2,2,2,2,2,2,1,1,1,1,1,1,1,1,1,1,2,2,2,2,2,2,1,1,0,0,0,0,0,0,0,0,,,,,,,,,,,,,,,,,,,,,,,,,,,,,,,,,,,,,,,,,,,,,,,,
3717,1200,4087,4050,,0,0,0,0,0,0,0,0,0,0,0,0,0,0,0,1,1,1,1,1,1,1,1,1,1,1,1,1,1,1,1,1,1,1,1,1,1,1,1,0,0,0,0,0,0,0,0,0,0,,,,,,,,,,,,,,,,,,,,,,,,,,,,,,,,,,,,,,,,,,,,,,,,
3718,1200,3702,3710,3942;3689,2,0,0,0,0,0,0,0,0,0,0,0,0,0,0,1,1,1,1,1,1,1,1,1,1,1,1,1,1,1,1,1,1,1,1,1,1,1,1,0,0,0,0,0,0,0,0,0,0,,,,,,,,,,,,,,,,,,,,,,,,,,,,,,,,,,,,,,,,,,,,,,,,
3719,3500,4148,tran_b2991535-2219-46a0-898f-9124f1dea2ba,,0,42,42,39,39,28,28,29,29,34,34,39,39,112,112,1343,1343,1424,1424,1347,1347,1375,1375,1229,1229,1247,1247,1096,1096,1282,1282,1299,1299,1257,1257,1375,1375,1394,1394,536,536,316,316,190,190,140,140,87,87,,,,,,,,,,,,,,,,,,,,,,,,,,,,,,,,,,,,,,,,,,,,,,,,
372,2500,60,371,80,1,50,50,52,52,37,37,40,40,46,46,50,50,140,140,967,967,1151,1151,1088,1088,1047,1047,967,967,880,880,932,932,911,911,933,933,958,958,1007,1007,913,913,393,393,252,252,170,170,124,124,63,63,,,,,,,,,,,,,,,,,,,,,,,,,,,,,,,,,,,,,,,,,,,,,,,,
3720,1200,4091,3853,,0,0,0,0,0,0,0,0,0,0,0,0,0,0,0,3,3,4,4,4,4,3,3,3,3,3,3,3,3,3,3,3,3,3,3,3,3,3,3,1,1,1,1,1,1,0,0,0,0,,,,,,,,,,,,,,,,,,,,,,,,,,,,,,,,,,,,,,,,,,,,,,,,
3721,500,4040,3834,,0,28,28,26,26,19,19,19,19,23,23,26,26,75,75,1275,1275,1350,1350,1326,1326,1336,1336,1209,1209,1193,1193,1112,1112,1205,1205,1259,1259,1229,1229,1320,1320,1293,1293,357,357,211,211,127,127,93,93,58,58,,,,,,,,,,,,,,,,,,,,,,,,,,,,,,,,,,,,,,,,,,,,,,,,
3722,800,4049,4121,,0,0,0,0,0,0,0,0,0,0,0,0,0,0,0,2,2,2,2,2,2,2,2,2,2,1,1,1,1,2,2,2,2,2,2,2,2,2,2,1,1,0,0,0,0,0,0,0,0,,,,,,,,,,,,,,,,,,,,,,,,,,,,,,,,,,,,,,,,,,,,,,,,
3723,1200,3986,3763,3847,1,0,0,0,0,0,0,0,0,0,0,0,0,0,0,2,2,3,3,3,3,3,3,2,2,2,2,2,2,2,2,2,2,2,2,3,3,2,2,1,1,1,1,0,0,0,0,0,0,,,,,,,,,,,,,,,,,,,,,,,,,,,,,,,,,,,,,,,,,,,,,,,,
3724,4400,3946,3935,4047;3934,2,54,54,54,54,38,38,41,41,48,48,53,53,149,149,1126,1126,1279,1279,1185,1185,1176,1176,1064,1064,1030,1030,978,978,1073,1073,1075,1075,1072,1072,1157,1157,1124,1124,530,530,326,326,208,208,152,152,86,86,,,,,,,,,,,,,,,,,,,,,,,,,,,,,,,,,,,,,,,,,,,,,,,,
3725,800,4066,4055,,0,0,0,0,0,0,0,0,0,0,0,0,0,0,0,1,1,1,1,1,1,1,1,1,1,1,1,1,1,1,1,1,1,1,1,1,1,1,1,0,0,0,0,0,0,0,0,0,0,,,,,,,,,,,,,,,,,,,,,,,,,,,,,,,,,,,,,,,,,,,,,,,,
3726,1200,4119,3880,4048,1,0,0,0,0,0,0,0,0,0,0,0,0,0,0,2,2,3,3,3,3,2,2,2,2,2,2,2,2,2,2,2,2,2,2,3,3,2,2,1,1,1,1,0,0,0,0,0,0,,,,,,,,,,,,,,,,,,,,,,,,,,,,,,,,,,,,,,,,,,,,,,,,
3727,1500,3914,3952,,0,21,21,20,20,14,14,14,14,17,17,20,20,56,56,1250,1250,1350,1350,1266,1266,1219,1219,1175,1175,1140,1140,1076,1076,1194,1194,1258,1258,1254,1254,1342,1342,1310,1310,268,268,158,158,95,95,70,70,44,44,,,,,,,,,,,,,,,,,,,,,,,,,,,,,,,,,,,,,,,,,,,,,,,,
3728,2000,3884,4029,3821;3773,2,54,54,54,54,38,38,41,41,48,48,53,53,149,149,1126,1126,1279,1279,1185,1185,1176,1176,1064,1064,1030,1030,978,978,1073,1073,1075,1075,1072,1072,1157,1157,1124,1124,530,530,326,326,208,208,152,152,86,86,,,,,,,,,,,,,,,,,,,,,,,,,,,,,,,,,,,,,,,,,,,,,,,,
3729,1500,4121,3863,,0,21,21,20,20,14,14,14,14,17,17,20,20,56,56,1250,1250,1350,1350,1266,1266,1219,1219,1175,1175,1140,1140,1076,1076,1194,1194,1258,1258,1254,1254,1342,1342,1310,1310,268,268,158,158,95,95,70,70,44,44,,,,,,,,,,,,,,,,,,,,,,,,,,,,,,,,,,,,,,,,,,,,,,,,
373,4400,85,374,93;98;501,3,50,50,52,52,37,37,40,40,46,46,50,50,140,140,967,967,1151,1151,1088,1088,1047,1047,967,967,880,880,932,932,911,911,933,933,958,958,1007,1007,913,913,393,393,252,252,170,170,124,124,63,63,,,,,,,,,,,,,,,,,,,,,,,,,,,,,,,,,,,,,,,,,,,,,,,,
3730,1600,3790,4098,3965;3905,2,0,0,0,0,0,0,0,0,0,0,0,0,0,0,2,2,3,3,2,2,2,2,2,2,2,2,2,2,2,2,2,2,2,2,2,2,2,2,1,1,1,1,0,0,0,0,0,0,,,,,,,,,,,,,,,,,,,,,,,,,,,,,,,,,,,,,,,,,,,,,,,,
3731,1200,3962,3931,,0,0,0,0,0,0,0,0,0,0,0,0,0,0,0,3,3,3,3,3,3,3,3,3,3,3,3,3,3,3,3,3,3,3,3,3,3,3,3,1,1,1,1,0,0,0,0,0,0,,,,,,,,,,,,,,,,,,,,,,,,,,,,,,,,,,,,,,,,,,,,,,,,
3732,1200,4138,4034,,0,0,0,0,0,0,0,0,0,0,0,0,0,0,0,3,3,3,3,3,3,3,3,3,3,3,3,3,3,3,3,3,3,3,3,3,3,3,3,1,1,1,1,0,0,0,0,0,0,,,,,,,,,,,,,,,,,,,,,,,,,,,,,,,,,,,,,,,,,,,,,,,,
3733,4400,3895,3795,,0,67,67,70,70,49,49,53,53,62,62,67,67,186,186,910,910,1134,1134,1023,1023,977,977,900,900,812,812,861,861,864,864,851,851,886,886,939,939,854,854,524,524,336,336,227,227,165,165,84,84,,,,,,,,,,,,,,,,,,,,,,,,,,,,,,,,,,,,,,,,,,,,,,,,
3734,400,4140,3678,3680,1,0,0,0,0,0,0,0,0,0,0,0,0,0,0,3,3,4,4,3,3,3,3,3,3,3,3,3,3,3,3,3,3,3,3,3,3,3,3,1,1,1,1,1,1,0,0,0,0,,,,,,,,,,,,,,,,,,,,,,,,,,,,,,,,,,,,,,,,,,,,,,,,
3735,2000,3681,3949,,0,67,67,70,70,49,49,53,53,62,62,67,67,186,186,910,910,1134,1134,1023,1023,977,977,900,900,812,812,861,861,864,864,851,851,886,886,939,939,854,854,524,524,336,336,227,227,165,165,84,84,,,,,,,,,,,,,,,,,,,,,,,,,,,,,,,,,,,,,,,,,,,,,,,,
3736,1600,3811,4068,,0,0,0,0,0,0,0,0,0,0,0,0,0,0,0,4,4,4,4,4,4,4,4,4,4,4,4,4,4,4,4,4,4,4,4,4,4,4,4,1,1,1,1,1,1,0,0,0,0,,,,,,,,,,,,,,,,,,,,,,,,,,,,,,,,,,,,,,,,,,,,,,,,
3737,1600,3916,3808,,0,0,0,0,0,0,0,0,0,0,0,0,0,0,0,4,4,5,5,4,4,4,4,4,4,4,4,4,4,4,4,4,4,4,4,4,4,4,4,1,1,1,1,1,1,0,0,0,0,,,,,,,,,,,,,,,,,,,,,,,,,,,,,,,,,,,,,,,,,,,,,,,,
3738,1200,,3711,,0,0,0,0,0,0,0,0,0,0,0,0,0,0,0,3,3,3,3,3,3,3,3,3,3,3,3,3,3,3,3,3,3,3,3,3,3,3,3,1,1,1,1,0,0,0,0,0,0,,,,,,,,,,,,,,,,,,,,,,,,,,,,,,,,,,,,,,,,,,,,,,,,
3739,3000,4135,,,0,28,28,26,26,19,19,19,19,23,23,26,26,75,75,1275,1275,1350,1350,1326,1326,1336,1336,1209,1209,1193,1193,1112,1112,1205,1205,1259,1259,1229,1229,1320,1320,1293,1293,357,357,211,211,127,127,93,93,58,58,,,,,,,,,,,,,,,,,,,,,,,,,,,,,,,,,,,,,,,,,,,,,,,,
374,4400,80,375,373,1,50,50,52,52,37,37,40,40,46,46,50,50,140,140,967,967,1151,1151,1088,1088,1047,1047,967,967,880,880,932,932,911,911,933,933,958,958,1007,1007,913,913,393,393,252,252,170,170,124,124,63,63,,,,,,,,,,,,,,,,,,,,,,,,,,,,,,,,,,,,,,,,,,,,,,,,
3740,3500,3939,4068,,0,28,28,26,26,19,19,19,19,23,23,26,26,75,75,1275,1275,1350,1350,1326,1326,1336,1336,1209,1209,1193,1193,1112,1112,1205,1205,1259,1259,1229,1229,1320,1320,1293,1293,357,357,211,211,127,127,93,93,58,58,,,,,,,,,,,,,,,,,,,,,,,,,,,,,,,,,,,,,,,,,,,,,,,,
3741,4400,,4114,,0,28,28,26,26,19,19,19,19,23,23,26,26,75,75,1275,1275,1350,1350,1326,1326,1336,1336,1209,1209,1193,1193,1112,1112,1205,1205,1259,1259,1229,1229,1320,1320,1293,1293,357,357,211,211,127,127,93,93,58,58,,,,,,,,,,,,,,,,,,,,,,,,,,,,,,,,,,,,,,,,,,,,,,,,
3742,1600,3992,3854,,0,33,33,31,31,22,22,23,23,26,26,31,31,88,88,1055,1055,1119,1119,1058,1058,1080,1080,966,966,980,980,861,861,1008,1008,1021,1021,988,988,1080,1080,1096,1096,421,421,249,249,150,150,110,110,68,68,,,,,,,,,,,,,,,,,,,,,,,,,,,,,,,,,,,,,,,,,,,,,,,,
3743,1200,3993,3677,4025,1,0,0,0,0,0,0,0,0,0,0,0,0,1,1,6,6,7,7,7,7,7,7,6,6,6,6,5,5,6,6,6,6,6,6,6,6,6,6,2,2,1,1,1,1,1,1,0,0,,,,,,,,,,,,,,,,,,,,,,,,,,,,,,,,,,,,,,,,,,,,,,,,
3744,2500,,4039,,0,28,28,26,26,19,19,19,19,23,23,26,26,75,75,1275,1275,1350,1350,1326,1326,1336,1336,1209,1209,1193,1193,1112,1112,1205,1205,1259,1259,1229,1229,1320,1320,1293,1293,357,357,211,211,127,127,93,93,58,58,,,,,,,,,,,,,,,,,,,,,,,,,,,,,,,,,,,,,,,,,,,,,,,,
3745,2750,4143,3983,4015;3869,2,21,21,20,20,14,14,14,14,17,17,20,20,56,56,1250,1250,1350,1350,1266,1266,1219,1219,1175,1175,1140,1140,1076,1076,1194,1194,1258,1258,1254,1254,1342,1342,1310,1310,268,268,158,158,95,95,70,70,44,44,,,,,,,,,,,,,,,,,,,,,,,,,,,,,,,,,,,,,,,,,,,,,,,,
3746,4400,3939,3772,,0,28,28,26,26,19,19,19,19,23,23,26,26,75,75,1275,1275,1350,1350,1326,1326,1336,1336,1209,1209,1193,1193,1112,1112,1205,1205,1259,1259,1229,1229,1320,1320,1293,1293,357,357,211,211,127,127,93,93,58,58,,,,,,,,,,,,,,,,,,,,,,,,,,,,,,,,,,,,,,,,,,,,,,,,
3747,1600,3707,3672,3703,1,0,0,0,0,0,0,0,0,0,0,0,0,0,0,0,0,1,1,1,1,1,1,0,0,0,0,0,0,0,0,0,0,0,0,0,0,0,0,0,0,0,0,0,0,0,0,0,0,,,,,,,,,,,,,,,,,,,,,,,,,,,,,,,,,,,,,,,,,,,,,,,,
3748,800,3918,3913,,0,0,0,0,0,0,0,0,0,0,0,0,0,0,0,2,2,2,2,2,2,2,2,2,2,2,2,2,2,2,2,2,2,2,2,2,2,2,2,1,1,0,0,0,0,0,0,0,0,,,,,,,,,,,,,,,,,,,,,,,,,,,,,,,,,,,,,,,,,,,,,,,,
3749,1500,3492,3704,,0,67,67,70,70,49,49,53,53,62,62,67,67,186,186,910,910,1134,1134,1023,1023,977,977,900,900,812,812,861,861,864,864,851,851,886,886,939,939,854,854,524,524,336,336,227,227,165,165,84,84,,,,,,,,,,,,,,,,,,,,,,,,,,,,,,,,,,,,,,,,,,,,,,,,
375,3850,374,376,,0,0,0,0,0,0,0,0,0,0,0,0,0,0,0,1138,1138,1201,1201,1284,1284,1257,1257,1168,1168,1084,1084,1145,1145,1051,1051,1179,1179,1173,1173,1211,1211,1091,1091,0,0,0,0,0,0,0,0,0,0,,,,,,,,,,,,,,,,,,,,,,,,,,,,,,,,,,,,,,,,,,,,,,,,
3750,1500,3898,4078,,0,21,21,20,20,14,14,14,14,17,17,20,20,56,56,1250,1250,1350,1350,1266,1266,1219,1219,1175,1175,1140,1140,1076,1076,1194,1194,1258,1258,1254,1254,1342,1342,1310,1310,268,268,158,158,95,95,70,70,44,44,,,,,,,,,,,,,,,,,,,,,,,,,,,,,,,,,,,,,,,,,,,,,,,,
3751,2000,3702,3987,3978;3792,2,21,21,20,20,14,14,14,14,17,17,20,20,56,56,1250,1250,1350,1350,1266,1266,1219,1219,1175,1175,1140,1140,1076,1076,1194,1194,1258,1258,1254,1254,1342,1342,1310,1310,268,268,158,158,95,95,70,70,44,44,,,,,,,,,,,,,,,,,,,,,,,,,,,,,,,,,,,,,,,,,,,,,,,,
3752,800,3798,3781,3816,1,0,0,0,0,0,0,0,0,0,0,0,0,0,0,2,2,2,2,2,2,2,2,2,2,2,2,2,2,2,2,2,2,2,2,2,2,2,2,1,1,1,1,0,0,0,0,0,0,,,,,,,,,,,,,,,,,,,,,,,,,,,,,,,,,,,,,,,,,,,,,,,,
3753,800,4027,3855,4044,1,0,0,0,0,0,0,0,0,0,0,0,0,0,0,1,1,1,1,1,1,1,1,1,1,1,1,1,1,1,1,1,1,1,1,1,1,1,1,1,1,0,0,0,0,0,0,0,0,,,,,,,,,,,,,,,,,,,,,,,,,,,,,,,,,,,,,,,,,,,,,,,,
3754,1600,3707,4065,3784,1,0,0,0,0,0,0,0,0,0,0,0,0,0,0,3,3,3,3,3,3,3,3,3,3,2,2,2,2,3,3,3,3,3,3,3,3,3,3,1,1,1,1,0,0,0,0,0,0,,,,,,,,,,,,,,,,,,,,,,,,,,,,,,,,,,,,,,,,,,,,,,,,
3755,1500,3962,3833,,0,67,67,70,70,49,49,53,53,62,62,67,67,186,186,910,910,1134,1134,1023,1023,977,977,900,900,812,812,861,861,864,864,851,851,886,886,939,939,854,854,524,524,336,336,227,227,165,165,84,84,,,,,,,,,,,,,,,,,,,,,,,,,,,,,,,,,,,,,,,,,,,,,,,,
3756,2500,3952,4133,,0,21,21,20,20,14,14,14,14,17,17,20,20,56,56,1250,1250,1350,1350,1266,1266,1219,1219,1175,1175,1140,1140,1076,1076,1194,1194,1258,1258,1254,1254,1342,1342,1310,1310,268,268,158,158,95,95,70,70,44,44,,,,,,,,,,,,,,,,,,,,,,,,,,,,,,,,,,,,,,,,,,,,,,,,
3757,4400,3928,tran_615d7298-990d-4dc6-8761-bd52e6ef7248,3930,1,59,59,60,60,42,42,45,45,53,53,58,58,161,161,1054,1054,1231,1231,1131,1131,1110,1110,1010,1010,957,957,939,939,1003,1003,1000,1000,1010,1010,1084,1084,1034,1034,528,528,329,329,215,215,157,157,85,85,,,,,,,,,,,,,,,,,,,,,,,,,,,,,,,,,,,,,,,,,,,,,,,,
3758,1200,4114,4135,,0,0,0,0,0,0,0,0,0,0,0,0,0,0,0,3,3,4,4,4,4,4,4,3,3,3,3,3,3,3,3,3,3,3,3,4,4,4,4,1,1,1,1,0,0,0,0,0,0,,,,,,,,,,,,,,,,,,,,,,,,,,,,,,,,,,,,,,,,,,,,,,,,
3759,2000,3980,4051,3708,1,67,67,70,70,49,49,53,53,62,62,67,67,186,186,910,910,1134,1134,1023,1023,977,977,900,900,812,812,861,861,864,864,851,851,886,886,939,939,854,854,524,524,336,336,227,227,165,165,84,84,,,,,,,,,,,,,,,,,,,,,,,,,,,,,,,,,,,,,,,,,,,,,,,,
376,1600,,78,94;375,2,0,0,0,0,0,0,0,0,0,0,0,0,1,1,9,9,10,10,10,10,9,9,9,9,8,8,8,8,8,8,8,8,9,9,9,9,8,8,4,4,2,2,2,2,1,1,1,1,,,,,,,,,,,,,,,,,,,,,,,,,,,,,,,,,,,,,,,,,,,,,,,,
3760,3500,4060,3868,,0,28,28,26,26,19,19,19,19,23,23,26,26,75,75,1275,1275,1350,1350,1326,1326,1336,1336,1209,1209,1193,1193,1112,1112,1205,1205,1259,1259,1229,1229,1320,1320,1293,1293,357,357,211,211,127,127,93,93,58,58,,,,,,,,,,,,,,,,,,,,,,,,,,,,,,,,,,,,,,,,,,,,,,,,
3761,800,3678,4038,4035,1,0,0,0,0,0,0,0,0,0,0,0,0,0,0,1,1,1,1,1,1,1,1,1,1,1,1,1,1,1,1,1,1,1,1,1,1,1,1,0,0,0,0,0,0,0,0,0,0,,,,,,,,,,,,,,,,,,,,,,,,,,,,,,,,,,,,,,,,,,,,,,,,
3762,1600,3715,4056,4023;3941,2,0,0,0,0,0,0,0,0,0,0,0,0,0,0,2,2,2,2,2,2,2,2,2,2,1,1,1,1,1,1,1,1,2,2,2,2,1,1,1,1,0,0,0,0,0,0,0,0,,,,,,,,,,,,,,,,,,,,,,,,,,,,,,,,,,,,,,,,,,,,,,,,
3763,1500,4093,3723,,0,54,54,54,54,38,38,41,41,48,48,53,53,149,149,1126,1126,1279,1279,1185,1185,1176,1176,1064,1064,1030,1030,978,978,1073,1073,1075,1075,1072,1072,1157,1157,1124,1124,530,530,326,326,208,208,152,152,86,86,,,,,,,,,,,,,,,,,,,,,,,,,,,,,,,,,,,,,,,,,,,,,,,,
3764,1600,3886,4117,,0,53,53,55,55,38,38,42,42,48,48,53,53,146,146,715,715,891,891,804,804,768,768,707,707,638,638,676,676,679,679,669,669,696,696,738,738,671,671,411,411,264,264,178,178,130,130,66,66,,,,,,,,,,,,,,,,,,,,,,,,,,,,,,,,,,,,,,,,,,,,,,,,
3765,800,3894,3896,,0,53,53,55,55,38,38,42,42,48,48,53,53,146,146,715,715,891,891,804,804,768,768,707,707,638,638,676,676,679,679,669,669,696,696,738,738,671,671,411,411,264,264,178,178,130,130,66,66,,,,,,,,,,,,,,,,,,,,,,,,,,,,,,,,,,,,,,,,,,,,,,,,
3766,800,4118,,,0,0,0,0,0,0,0,0,0,0,0,0,0,0,0,2,2,2,2,2,2,2,2,2,2,2,2,2,2,2,2,2,2,2,2,2,2,2,2,1,1,0,0,0,0,0,0,0,0,,,,,,,,,,,,,,,,,,,,,,,,,,,,,,,,,,,,,,,,,,,,,,,,
3767,300,tran_9287ec4a-2ad1-4c6d-a300-c66032339ef2,3995,3835,1,0,0,0,0,0,0,0,0,0,0,0,0,0,0,3,3,3,3,3,3,3,3,3,3,3,3,3,3,3,3,3,3,3,3,3,3,3,3,1,1,1,1,0,0,0,0,0,0,,,,,,,,,,,,,,,,,,,,,,,,,,,,,,,,,,,,,,,,,,,,,,,,
3768,800,3675,3774,4044,1,0,0,0,0,0,0,0,0,0,0,0,0,0,0,2,2,2,2,2,2,2,2,2,2,1,1,1,1,2,2,2,2,2,2,2,2,2,2,1,1,0,0,0,0,0,0,0,0,,,,,,,,,,,,,,,,,,,,,,,,,,,,,,,,,,,,,,,,,,,,,,,,
3769,1600,4120,4004,3876,1,0,0,0,0,0,0,0,0,0,0,0,0,0,0,1,1,1,1,1,1,1,1,1,1,1,1,1,1,1,1,1,1,1,1,1,1,1,1,0,0,0,0,0,0,0,0,0,0,,,,,,,,,,,,,,,,,,,,,,,,,,,,,,,,,,,,,,,,,,,,,,,,
377,3500,379,378,,0,50,50,52,52,37,37,40,40,46,46,50,50,140,140,967,967,1151,1151,1088,1088,1047,1047,967,967,880,880,932,932,911,911,933,933,958,958,1007,1007,913,913,393,393,252,252,170,170,124,124,63,63,,,,,,,,,,,,,,,,,,,,,,,,,,,,,,,,,,,,,,,,,,,,,,,,
3770,1600,3954,3793,,0,0,0,0,0,0,0,0,0,0,0,0,0,0,0,1,1,1,1,1,1,1,1,1,1,1,1,1,1,1,1,1,1,1,1,1,1,1,1,0,0,0,0,0,0,0,0,0,0,,,,,,,,,,,,,,,,,,,,,,,,,,,,,,,,,,,,,,,,,,,,,,,,
3771,2000,4081,4064,,0,54,54,54,54,38,38,41,41,48,48,53,53,149,149,1126,1126,1279,1279,1185,1185,1176,1176,1064,1064,1030,1030,978,978,1073,1073,1075,1075,1072,1072,1157,1157,1124,1124,530,530,326,326,208,208,152,152,86,86,,,,,,,,,,,,,,,,,,,,,,,,,,,,,,,,,,,,,,,,,,,,,,,,
3772,1200,4046,3861,3746,1,0,0,0,0,0,0,0,0,0,0,0,0,0,0,4,4,4,4,4,4,4,4,4,4,4,4,4,4,4,4,4,4,4,4,4,4,4,4,1,1,1,1,1,1,0,0,0,0,,,,,,,,,,,,,,,,,,,,,,,,,,,,,,,,,,,,,,,,,,,,,,,,
3773,1600,3954,3728,,0,0,0,0,0,0,0,0,0,0,0,0,0,0,0,2,2,3,3,2,2,2,2,2,2,2,2,2,2,2,2,2,2,2,2,2,2,2,2,1,1,1,1,0,0,0,0,0,0,,,,,,,,,,,,,,,,,,,,,,,,,,,,,,,,,,,,,,,,,,,,,,,,
3774,800,4033,3768,,0,0,0,0,0,0,0,0,0,0,0,0,0,0,0,2,2,3,3,2,2,2,2,2,2,2,2,2,2,2,2,2,2,2,2,2,2,2,2,1,1,1,1,0,0,0,0,0,0,,,,,,,,,,,,,,,,,,,,,,,,,,,,,,,,,,,,,,,,,,,,,,,,
3775,1200,4151,3945,,0,0,0,0,0,0,0,0,0,0,0,0,0,0,0,2,2,3,3,3,3,3,3,2,2,2,2,2,2,2,2,2,2,2,2,3,3,2,2,1,1,1,1,0,0,0,0,0,0,,,,,,,,,,,,,,,,,,,,,,,,,,,,,,,,,,,,,,,,,,,,,,,,
3776,1500,3807,3921,,0,21,21,20,20,14,14,14,14,17,17,20,20,56,56,1250,1250,1350,1350,1266,1266,1219,1219,1175,1175,1140,1140,1076,1076,1194,1194,1258,1258,1254,1254,1342,1342,1310,1310,268,268,158,158,95,95,70,70,44,44,,,,,,,,,,,,,,,,,,,,,,,,,,,,,,,,,,,,,,,,,,,,,,,,
3777,1200,4055,4091,,0,0,0,0,0,0,0,0,0,0,0,0,0,0,0,2,2,2,2,2,2,2,2,2,2,2,2,2,2,2,2,2,2,2,2,2,2,2,2,1,1,1,1,0,0,0,0,0,0,,,,,,,,,,,,,,,,,,,,,,,,,,,,,,,,,,,,,,,,,,,,,,,,
3778,1200,4109,3988,,0,0,0,0,0,0,0,0,0,0,0,0,0,0,0,5,5,5,5,5,5,5,5,5,5,5,5,4,4,5,5,5,5,5,5,5,5,5,5,2,2,1,1,1,1,0,0,0,0,,,,,,,,,,,,,,,,,,,,,,,,,,,,,,,,,,,,,,,,,,,,,,,,
3779,1600,3945,3854,,0,0,0,0,0,0,0,0,0,0,0,0,0,0,0,1,1,1,1,1,1,1,1,1,1,1,1,1,1,1,1,1,1,1,1,1,1,1,1,0,0,0,0,0,0,0,0,0,0,,,,,,,,,,,,,,,,,,,,,,,,,,,,,,,,,,,,,,,,,,,,,,,,
378,3000,73,377,49,1,50,50,52,52,37,37,40,40,46,46,50,50,140,140,967,967,1151,1151,1088,1088,1047,1047,967,967,880,880,932,932,911,911,933,933,958,958,1007,1007,913,913,393,393,252,252,170,170,124,124,63,63,,,,,,,,,,,,,,,,,,,,,,,,,,,,,,,,,,,,,,,,,,,,,,,,
3780,1600,3970,3696,4032;3908,2,0,0,0,0,0,0,0,0,0,0,0,0,0,0,1,1,1,1,1,1,1,1,1,1,1,1,1,1,1,1,1,1,1,1,1,1,1,1,0,0,0,0,0,0,0,0,0,0,,,,,,,,,,,,,,,,,,,,,,,,,,,,,,,,,,,,,,,,,,,,,,,,
3781,1200,3490,3752,,0,0,0,0,0,0,0,0,0,0,0,0,0,0,0,2,2,2,2,2,2,2,2,2,2,2,2,2,2,2,2,2,2,2,2,2,2,2,2,1,1,0,0,0,0,0,0,0,0,,,,,,,,,,,,,,,,,,,,,,,,,,,,,,,,,,,,,,,,,,,,,,,,
3782,2500,3814,3953,,0,21,21,20,20,14,14,14,14,17,17,20,20,56,56,1250,1250,1350,1350,1266,1266,1219,1219,1175,1175,1140,1140,1076,1076,1194,1194,1258,1258,1254,1254,1342,1342,1310,1310,268,268,158,158,95,95,70,70,44,44,,,,,,,,,,,,,,,,,,,,,,,,,,,,,,,,,,,,,,,,,,,,,,,,
3783,800,3901,3708,3848,1,0,0,0,0,0,0,0,0,0,0,0,0,0,0,1,1,1,1,1,1,1,1,1,1,1,1,1,1,1,1,1,1,1,1,1,1,1,1,0,0,0,0,0,0,0,0,0,0,,,,,,,,,,,,,,,,,,,,,,,,,,,,,,,,,,,,,,,,,,,,,,,,
3784,300,4118,3754,,0,0,0,0,0,0,0,0,0,0,0,0,0,0,0,3,3,3,3,3,3,3,3,3,3,3,3,3,3,3,3,3,3,3,3,3,3,3,3,1,1,1,1,0,0,0,0,0,0,,,,,,,,,,,,,,,,,,,,,,,,,,,,,,,,,,,,,,,,,,,,,,,,
3785,4400,3832,4026,,0,28,28,26,26,19,19,19,19,23,23,26,26,75,75,1275,1275,1350,1350,1326,1326,1336,1336,1209,1209,1193,1193,1112,1112,1205,1205,1259,1259,1229,1229,1320,1320,1293,1293,357,357,211,211,127,127,93,93,58,58,,,,,,,,,,,,,,,,,,,,,,,,,,,,,,,,,,,,,,,,,,,,,,,,
3786,1200,4050,4007,,0,0,0,0,0,0,0,0,0,0,0,0,0,0,0,2,2,2,2,2,2,2,2,2,2,2,2,2,2,2,2,2,2,2,2,2,2,2,2,1,1,1,1,0,0,0,0,0,0,,,,,,,,,,,,,,,,,,,,,,,,,,,,,,,,,,,,,,,,,,,,,,,,
3787,4400,3951,4109,3916;3994;3701,3,28,28,26,26,19,19,19,19,23,23,26,26,75,75,1275,1275,1350,1350,1326,1326,1336,1336,1209,1209,1193,1193,1112,1112,1205,1205,1259,1259,1229,1229,1320,1320,1293,1293,357,357,211,211,127,127,93,93,58,58,,,,,,,,,,,,,,,,,,,,,,,,,,,,,,,,,,,,,,,,,,,,,,,,
3788,800,4111,4057,3810,1,0,0,0,0,0,0,0,0,0,0,0,0,0,0,3,3,3,3,3,3,3,3,2,2,2,2,2,2,2,2,2,2,2,2,3,3,2,2,1,1,1,1,0,0,0,0,0,0,,,,,,,,,,,,,,,,,,,,,,,,,,,,,,,,,,,,,,,,,,,,,,,,
3789,2500,4000,4043,,0,28,28,26,26,19,19,19,19,23,23,26,26,75,75,1275,1275,1350,1350,1326,1326,1336,1336,1209,1209,1193,1193,1112,1112,1205,1205,1259,1259,1229,1229,1320,1320,1293,1293,357,357,211,211,127,127,93,93,58,58,,,,,,,,,,,,,,,,,,,,,,,,,,,,,,,,,,,,,,,,,,,,,,,,
379,2500,380,79,377,1,50,50,52,52,37,37,40,40,46,46,50,50,140,140,967,967,1151,1151,1088,1088,1047,1047,967,967,880,880,932,932,911,911,933,933,958,958,1007,1007,913,913,393,393,252,252,170,170,124,124,63,63,,,,,,,,,,,,,,,,,,,,,,,,,,,,,,,,,,,,,,,,,,,,,,,,
3790,1200,3892,3730,,0,0,0,0,0,0,0,0,0,0,0,0,0,0,0,2,2,2,2,2,2,2,2,2,2,2,2,2,2,2,2,2,2,2,2,2,2,2,2,1,1,1,1,0,0,0,0,0,0,,,,,,,,,,,,,,,,,,,,,,,,,,,,,,,,,,,,,,,,,,,,,,,,
3791,1600,3948,4069,,0,0,0,0,0,0,0,0,0,0,0,0,0,0,0,1,1,1,1,1,1,1,1,1,1,1,1,1,1,1,1,1,1,1,1,1,1,1,1,0,0,0,0,0,0,0,0,0,0,,,,,,,,,,,,,,,,,,,,,,,,,,,,,,,,,,,,,,,,,,,,,,,,
3792,1200,3751,3819,,0,0,0,0,0,0,0,0,0,0,0,0,0,0,0,3,3,3,3,3,3,3,3,3,3,3,3,3,3,3,3,3,3,3,3,3,3,3,3,1,1,1,1,0,0,0,0,0,0,,,,,,,,,,,,,,,,,,,,,,,,,,,,,,,,,,,,,,,,,,,,,,,,
3793,800,3936,3968,3770,1,0,0,0,0,0,0,0,0,0,0,0,0,0,0,1,1,1,1,1,1,1,1,1,1,1,1,1,1,1,1,1,1,1,1,1,1,1,1,0,0,0,0,0,0,0,0,0,0,,,,,,,,,,,,,,,,,,,,,,,,,,,,,,,,,,,,,,,,,,,,,,,,
3794,1200,3888,3845,3851,1,0,0,0,0,0,0,0,0,0,0,0,0,0,0,3,3,3,3,3,3,3,3,3,3,3,3,3,3,3,3,3,3,3,3,3,3,3,3,1,1,1,1,0,0,0,0,0,0,,,,,,,,,,,,,,,,,,,,,,,,,,,,,,,,,,,,,,,,,,,,,,,,
3795,1100,3733,3985,3484,1,67,67,70,70,49,49,53,53,62,62,67,67,186,186,910,910,1134,1134,1023,1023,977,977,900,900,812,812,861,861,864,864,851,851,886,886,939,939,854,854,524,524,336,336,227,227,165,165,84,84,,,,,,,,,,,,,,,,,,,,,,,,,,,,,,,,,,,,,,,,,,,,,,,,
3796,600,3988,4110,,0,0,0,0,0,0,0,0,0,0,0,0,0,1,1,6,6,7,7,7,7,7,7,6,6,6,6,6,6,6,6,6,6,6,6,7,7,6,6,2,2,1,1,1,1,1,1,0,0,,,,,,,,,,,,,,,,,,,,,,,,,,,,,,,,,,,,,,,,,,,,,,,,
3797,1600,4057,3852,3689;4031,2,0,0,0,0,0,0,0,0,0,0,0,0,0,0,1,1,1,1,1,1,1,1,1,1,1,1,1,1,1,1,1,1,1,1,1,1,1,1,1,1,0,0,0,0,0,0,0,0,,,,,,,,,,,,,,,,,,,,,,,,,,,,,,,,,,,,,,,,,,,,,,,,
3798,1600,3940,3752,,0,0,0,0,0,0,0,0,0,0,0,0,0,0,0,1,1,2,2,2,2,2,2,1,1,1,1,1,1,1,1,1,1,1,1,1,1,1,1,1,1,0,0,0,0,0,0,0,0,,,,,,,,,,,,,,,,,,,,,,,,,,,,,,,,,,,,,,,,,,,,,,,,
3799,1200,3976,3943,,0,0,0,0,0,0,0,0,0,0,0,0,0,0,0,1,1,1,1,1,1,1,1,1,1,1,1,1,1,1,1,1,1,1,1,1,1,1,1,0,0,0,0,0,0,0,0,0,0,,,,,,,,,,,,,,,,,,,,,,,,,,,,,,,,,,,,,,,,,,,,,,,,
38,2500,28,39,,0,67,67,70,70,49,49,53,53,62,62,67,67,186,186,910,910,1134,1134,1023,1023,977,977,900,900,812,812,861,861,864,864,851,851,886,886,939,939,854,854,524,524,336,336,227,227,165,165,84,84,,,,,,,,,,,,,,,,,,,,,,,,,,,,,,,,,,,,,,,,,,,,,,,,
380,800,82,74,379,1,0,0,0,0,0,0,0,0,0,0,0,0,1,1,9,9,11,11,10,10,10,10,9,9,8,8,9,9,8,8,9,9,9,9,9,9,8,8,4,4,2,2,2,2,1,1,1,1,,,,,,,,,,,,,,,,,,,,,,,,,,,,,,,,,,,,,,,,,,,,,,,,
3800,1000,4060,4014,,0,28,28,26,26,19,19,19,19,23,23,26,26,75,75,1275,1275,1350,1350,1326,1326,1336,1336,1209,1209,1193,1193,1112,1112,1205,1205,1259,1259,1229,1229,1320,1320,1293,1293,357,357,211,211,127,127,93,93,58,58,,,,,,,,,,,,,,,,,,,,,,,,,,,,,,,,,,,,,,,,,,,,,,,,
3801,1600,3841,4129,,0,0,0,0,0,0,0,0,0,0,0,0,0,0,0,2,2,2,2,2,2,2,2,2,2,1,1,1,1,1,1,1,1,2,2,2,2,2,2,1,1,0,0,0,0,0,0,0,0,,,,,,,,,,,,,,,,,,,,,,,,,,,,,,,,,,,,,,,,,,,,,,,,
3802,800,3839,4121,,0,0,0,0,0,0,0,0,0,0,0,0,0,0,0,2,2,2,2,2,2,2,2,2,2,2,2,2,2,2,2,2,2,2,2,2,2,2,2,1,1,1,1,0,0,0,0,0,0,,,,,,,,,,,,,,,,,,,,,,,,,,,,,,,,,,,,,,,,,,,,,,,,
3803,800,4082,3679,,0,0,0,0,0,0,0,0,0,0,0,0,0,0,0,2,2,2,2,2,2,2,2,1,1,1,1,1,1,1,1,1,1,2,2,2,2,2,2,1,1,0,0,0,0,0,0,0,0,,,,,,,,,,,,,,,,,,,,,,,,,,,,,,,,,,,,,,,,,,,,,,,,
3804,1500,4021,4017,3715,1,67,67,70,70,49,49,53,53,62,62,67,67,186,186,910,910,1134,1134,1023,1023,977,977,900,900,812,812,861,861,864,864,851,851,886,886,939,939,854,854,524,524,336,336,227,227,165,165,84,84,,,,,,,,,,,,,,,,,,,,,,,,,,,,,,,,,,,,,,,,,,,,,,,,
3805,1200,tran_566201c4-09b9-4b7a-9576-efd86a80b30a,4127,3716,1,15,15,15,15,10,10,11,11,13,13,14,14,40,40,264,264,308,308,283,283,277,277,252,252,239,239,235,235,251,251,250,250,252,252,271,271,258,258,132,132,82,82,54,54,39,39,21,21,,,,,,,,,,,,,,,,,,,,,,,,,,,,,,,,,,,,,,,,,,,,,,,,
3806,800,,4089,,0,0,0,0,0,0,0,0,0,0,0,0,0,0,0,3,3,3,3,3,3,3,3,3,3,3,3,2,2,3,3,3,3,3,3,3,3,3,3,1,1,1,1,0,0,0,0,0,0,,,,,,,,,,,,,,,,,,,,,,,,,,,,,,,,,,,,,,,,,,,,,,,,
3807,2000,3776,3971,4107;3690,2,21,21,20,20,14,14,14,14,17,17,20,20,56,56,1250,1250,1350,1350,1266,1266,1219,1219,1175,1175,1140,1140,1076,1076,1194,1194,1258,1258,1254,1254,1342,1342,1310,1310,268,268,158,158,95,95,70,70,44,44,,,,,,,,,,,,,,,,,,,,,,,,,,,,,,,,,,,,,,,,,,,,,,,,
3808,400,4005,3850,3737,1,0,0,0,0,0,0,0,0,0,0,0,0,0,0,3,3,3,3,3,3,3,3,3,3,3,3,3,3,3,3,3,3,3,3,3,3,3,3,1,1,1,1,0,0,0,0,0,0,,,,,,,,,,,,,,,,,,,,,,,,,,,,,,,,,,,,,,,,,,,,,,,,
3809,1600,3864,3827,3884;4058,2,0,0,0,0,0,0,0,0,0,0,0,0,0,0,2,2,3,3,3,3,3,3,2,2,2,2,2,2,2,2,2,2,2,2,3,3,2,2,1,1,1,1,0,0,0,0,0,0,,,,,,,,,,,,,,,,,,,,,,,,,,,,,,,,,,,,,,,,,,,,,,,,
381,1600,2379,14,4,1,0,0,0,0,0,0,0,0,0,0,0,0,1,1,8,8,9,9,8,8,8,8,7,7,7,7,7,7,7,7,7,7,7,7,8,8,7,7,3,3,2,2,1,1,1,1,0,0,,,,,,,,,,,,,,,,,,,,,,,,,,,,,,,,,,,,,,,,,,,,,,,,
3810,1600,3912,3788,,0,0,0,0,0,0,0,0,0,0,0,0,0,0,0,2,2,2,2,2,2,2,2,2,2,2,2,2,2,2,2,2,2,2,2,2,2,2,2,1,1,0,0,0,0,0,0,0,0,,,,,,,,,,,,,,,,,,,,,,,,,,,,,,,,,,,,,,,,,,,,,,,,
3811,2000,3736,4070,3904,1,28,28,26,26,19,19,19,19,23,23,26,26,75,75,1275,1275,1350,1350,1326,1326,1336,1336,1209,1209,1193,1193,1112,1112,1205,1205,1259,1259,1229,1229,1320,1320,1293,1293,357,357,211,211,127,127,93,93,58,58,,,,,,,,,,,,,,,,,,,,,,,,,,,,,,,,,,,,,,,,,,,,,,,,
3812,1500,3914,4102,,0,21,21,20,20,14,14,14,14,17,17,20,20,56,56,1250,1250,1350,1350,1266,1266,1219,1219,1175,1175,1140,1140,1076,1076,1194,1194,1258,1258,1254,1254,1342,1342,1310,1310,268,268,158,158,95,95,70,70,44,44,,,,,,,,,,,,,,,,,,,,,,,,,,,,,,,,,,,,,,,,,,,,,,,,
3813,1600,3912,3983,,0,0,0,0,0,0,0,0,0,0,0,0,0,0,0,1,1,2,2,2,2,2,2,1,1,1,1,1,1,1,1,1,1,1,1,2,2,1,1,1,1,0,0,0,0,0,0,0,0,,,,,,,,,,,,,,,,,,,,,,,,,,,,,,,,,,,,,,,,,,,,,,,,
3814,4400,3896,4102,4048;3782;4074,3,21,21,20,20,14,14,14,14,17,17,20,20,56,56,1250,1250,1350,1350,1266,1266,1219,1219,1175,1175,1140,1140,1076,1076,1194,1194,1258,1258,1254,1254,1342,1342,1310,1310,268,268,158,158,95,95,70,70,44,44,,,,,,,,,,,,,,,,,,,,,,,,,,,,,,,,,,,,,,,,,,,,,,,,
3815,600,4145,4022,,0,0,0,0,0,0,0,0,0,0,0,0,0,0,0,2,2,3,3,3,3,3,3,2,2,2,2,2,2,2,2,2,2,2,2,3,3,2,2,1,1,1,1,0,0,0,0,0,0,,,,,,,,,,,,,,,,,,,,,,,,,,,,,,,,,,,,,,,,,,,,,,,,
3816,1500,3981,3752,,0,54,54,54,54,38,38,41,41,48,48,53,53,149,149,1126,1126,1279,1279,1185,1185,1176,1176,1064,1064,1030,1030,978,978,1073,1073,1075,1075,1072,1072,1157,1157,1124,1124,530,530,326,326,208,208,152,152,86,86,,,,,,,,,,,,,,,,,,,,,,,,,,,,,,,,,,,,,,,,,,,,,,,,
3817,400,3916,3697,,0,0,0,0,0,0,0,0,0,0,0,0,0,0,0,5,5,6,6,5,5,6,6,5,5,5,5,5,5,5,5,5,5,5,5,5,5,5,5,2,2,1,1,1,1,0,0,0,0,,,,,,,,,,,,,,,,,,,,,,,,,,,,,,,,,,,,,,,,,,,,,,,,
3818,1200,3714,4109,,0,53,53,55,55,38,38,42,42,48,48,53,53,146,146,715,715,891,891,804,804,768,768,707,707,638,638,676,676,679,679,669,669,696,696,738,738,671,671,411,411,264,264,178,178,130,130,66,66,,,,,,,,,,,,,,,,,,,,,,,,,,,,,,,,,,,,,,,,,,,,,,,,
3819,1600,3867,3792,3852,1,0,0,0,0,0,0,0,0,0,0,0,0,0,0,2,2,2,2,2,2,2,2,2,2,2,2,2,2,2,2,2,2,2,2,2,2,2,2,1,1,1,1,0,0,0,0,0,0,,,,,,,,,,,,,,,,,,,,,,,,,,,,,,,,,,,,,,,,,,,,,,,,
382,2000,383,71,,0,50,50,52,52,37,37,40,40,46,46,50,50,140,140,967,967,1151,1151,1088,1088,1047,1047,967,967,880,880,932,932,911,911,933,933,958,958,1007,1007,913,913,393,393,252,252,170,170,124,124,63,63,,,,,,,,,,,,,,,,,,,,,,,,,,,,,,,,,,,,,,,,,,,,,,,,
3820,800,3939,4022,,0,0,0,0,0,0,0,0,0,0,0,0,0,0,0,5,5,5,5,5,5,5,5,5,5,5,5,4,4,5,5,5,5,5,5,5,5,5,5,2,2,1,1,1,1,0,0,0,0,,,,,,,,,,,,,,,,,,,,,,,,,,,,,,,,,,,,,,,,,,,,,,,,
3821,800,3728,4064,,0,0,0,0,0,0,0,0,0,0,0,0,0,0,0,2,2,3,3,2,2,2,2,2,2,2,2,2,2,2,2,2,2,2,2,2,2,2,2,1,1,1,1,0,0,0,0,0,0,,,,,,,,,,,,,,,,,,,,,,,,,,,,,,,,,,,,,,,,,,,,,,,,
3822,600,3975,,,0,0,0,0,0,0,0,0,0,0,0,0,0,1,1,7,7,8,8,8,8,8,8,7,7,7,7,6,6,7,7,7,7,7,7,8,8,8,8,3,3,2,2,1,1,1,1,0,0,,,,,,,,,,,,,,,,,,,,,,,,,,,,,,,,,,,,,,,,,,,,,,,,
3823,1200,3840,3910,3909,1,0,0,0,0,0,0,0,0,0,0,0,0,0,0,2,2,2,2,2,2,2,2,2,2,2,2,2,2,2,2,2,2,2,2,2,2,2,2,1,1,0,0,0,0,0,0,0,0,,,,,,,,,,,,,,,,,,,,,,,,,,,,,,,,,,,,,,,,,,,,,,,,
3824,1600,3498,3873,,0,0,0,0,0,0,0,0,0,0,0,0,0,0,0,2,2,2,2,2,2,2,2,1,1,1,1,1,1,1,1,1,1,1,1,2,2,1,1,1,1,0,0,0,0,0,0,0,0,,,,,,,,,,,,,,,,,,,,,,,,,,,,,,,,,,,,,,,,,,,,,,,,
3825,1600,,3834,,0,0,0,0,0,0,0,0,0,0,0,0,0,1,1,7,7,8,8,8,8,8,8,7,7,7,7,6,6,7,7,7,7,7,7,8,8,8,8,3,3,2,2,1,1,1,1,0,0,,,,,,,,,,,,,,,,,,,,,,,,,,,,,,,,,,,,,,,,,,,,,,,,
3826,1100,4110,4109,3687,1,28,28,26,26,19,19,19,19,23,23,26,26,75,75,1275,1275,1350,1350,1326,1326,1336,1336,1209,1209,1193,1193,1112,1112,1205,1205,1259,1259,1229,1229,1320,1320,1293,1293,357,357,211,211,127,127,93,93,58,58,,,,,,,,,,,,,,,,,,,,,,,,,,,,,,,,,,,,,,,,,,,,,,,,
3827,800,3809,4081,,0,0,0,0,0,0,0,0,0,0,0,0,0,0,0,2,2,2,2,2,2,2,2,2,2,2,2,2,2,2,2,2,2,2,2,2,2,2,2,1,1,1,1,0,0,0,0,0,0,,,,,,,,,,,,,,,,,,,,,,,,,,,,,,,,,,,,,,,,,,,,,,,,
3828,3000,3999,3911,,0,0,0,0,0,0,0,0,0,0,0,0,0,0,0,1138,1138,1201,1201,1284,1284,1257,1257,1168,1168,1084,1084,1145,1145,1051,1051,1179,1179,1173,1173,1211,1211,1091,1091,0,0,0,0,0,0,0,0,0,0,,,,,,,,,,,,,,,,,,,,,,,,,,,,,,,,,,,,,,,,,,,,,,,,
3829,1200,,4028,,0,0,0,0,0,0,0,0,0,0,0,0,0,0,0,2,2,2,2,2,2,2,2,2,2,2,2,2,2,2,2,2,2,2,2,2,2,2,2,1,1,1,1,0,0,0,0,0,0,,,,,,,,,,,,,,,,,,,,,,,,,,,,,,,,,,,,,,,,,,,,,,,,
383,1200,104,102,382,1,1,1,1,1,0,0,0,0,0,0,1,1,1,1,9,9,11,11,11,11,10,10,9,9,8,8,9,9,9,9,9,9,9,9,10,10,9,9,4,4,3,3,2,2,1,1,1,1,,,,,,,,,,,,,,,,,,,,,,,,,,,,,,,,,,,,,,,,,,,,,,,,
3830,300,3843,3999,,0,0,0,0,0,0,0,0,0,0,0,0,0,0,0,3,3,4,4,4,4,4,4,3,3,3,3,3,3,3,3,3,3,3,3,3,3,3,3,1,1,1,1,0,0,0,0,0,0,,,,,,,,,,,,,,,,,,,,,,,,,,,,,,,,,,,,,,,,,,,,,,,,
3831,1200,3709,4136,4052;3693,2,0,0,0,0,0,0,0,0,0,0,0,0,0,0,2,2,3,3,2,2,2,2,2,2,2,2,2,2,2,2,2,2,2,2,2,2,2,2,1,1,1,1,0,0,0,0,0,0,,,,,,,,,,,,,,,,,,,,,,,,,,,,,,,,,,,,,,,,,,,,,,,,
3832,1600,3785,,4043,1,0,0,0,0,0,0,0,0,0,0,0,0,1,1,6,6,7,7,7,7,7,7,6,6,6,6,6,6,6,6,6,6,6,6,7,7,7,7,2,2,1,1,1,1,1,1,0,0,,,,,,,,,,,,,,,,,,,,,,,,,,,,,,,,,,,,,,,,,,,,,,,,
3833,2500,3755,4144,3966;4149,2,67,67,70,70,49,49,53,53,62,62,67,67,186,186,910,910,1134,1134,1023,1023,977,977,900,900,812,812,861,861,864,864,851,851,886,886,939,939,854,854,524,524,336,336,227,227,165,165,84,84,,,,,,,,,,,,,,,,,,,,,,,,,,,,,,,,,,,,,,,,,,,,,,,,
3834,2500,3825,4080,3706;4083;3721,3,28,28,26,26,19,19,19,19,23,23,26,26,75,75,1275,1275,1350,1350,1326,1326,1336,1336,1209,1209,1193,1193,1112,1112,1205,1205,1259,1259,1229,1229,1320,1320,1293,1293,357,357,211,211,127,127,93,93,58,58,,,,,,,,,,,,,,,,,,,,,,,,,,,,,,,,,,,,,,,,,,,,,,,,
3835,2000,4008,3767,,0,21,21,20,20,14,14,14,14,17,17,20,20,56,56,1250,1250,1350,1350,1266,1266,1219,1219,1175,1175,1140,1140,1076,1076,1194,1194,1258,1258,1254,1254,1342,1342,1310,1310,268,268,158,158,95,95,70,70,44,44,,,,,,,,,,,,,,,,,,,,,,,,,,,,,,,,,,,,,,,,,,,,,,,,
3836,1200,4090,3679,,0,0,0,0,0,0,0,0,0,0,0,0,0,0,0,1,1,1,1,1,1,1,1,1,1,1,1,1,1,1,1,1,1,1,1,1,1,1,1,0,0,0,0,0,0,0,0,0,0,,,,,,,,,,,,,,,,,,,,,,,,,,,,,,,,,,,,,,,,,,,,,,,,
3837,1200,3856,4054,,0,0,0,0,0,0,0,0,0,0,0,0,0,0,0,1,1,1,1,1,1,1,1,1,1,1,1,1,1,1,1,1,1,1,1,1,1,1,1,0,0,0,0,0,0,0,0,0,0,,,,,,,,,,,,,,,,,,,,,,,,,,,,,,,,,,,,,,,,,,,,,,,,
3838,800,3919,3972,4117,1,0,0,0,0,0,0,0,0,0,0,0,0,0,0,1,1,2,2,1,1,1,1,1,1,1,1,1,1,1,1,1,1,1,1,1,1,1,1,1,1,0,0,0,0,0,0,0,0,,,,,,,,,,,,,,,,,,,,,,,,,,,,,,,,,,,,,,,,,,,,,,,,
3839,600,3910,4037,3802,1,0,0,0,0,0,0,0,0,0,0,0,0,0,0,2,2,2,2,2,2,2,2,2,2,1,1,1,1,2,2,2,2,2,2,2,2,2,2,1,1,0,0,0,0,0,0,0,0,,,,,,,,,,,,,,,,,,,,,,,,,,,,,,,,,,,,,,,,,,,,,,,,
384,1200,385,389,,0,0,0,0,0,0,0,0,0,0,0,0,0,0,0,2,2,2,2,2,2,2,2,2,2,2,2,2,2,2,2,2,2,2,2,2,2,2,2,1,1,1,1,0,0,0,0,0,0,,,,,,,,,,,,,,,,,,,,,,,,,,,,,,,,,,,,,,,,,,,,,,,,
3840,1200,3823,3921,,0,0,0,0,0,0,0,0,0,0,0,0,0,0,0,3,3,3,3,3,3,3,3,2,2,2,2,2,2,2,2,2,2,2,2,3,3,2,2,1,1,1,1,0,0,0,0,0,0,,,,,,,,,,,,,,,,,,,,,,,,,,,,,,,,,,,,,,,,,,,,,,,,
3841,4400,4092,4016,4013;3801,2,67,67,70,70,49,49,53,53,62,62,67,67,186,186,910,910,1134,1134,1023,1023,977,977,900,900,812,812,861,861,864,864,851,851,886,886,939,939,854,854,524,524,336,336,227,227,165,165,84,84,,,,,,,,,,,,,,,,,,,,,,,,,,,,,,,,,,,,,,,,,,,,,,,,
3842,1200,,4130,,0,0,0,0,0,0,0,0,0,0,0,0,0,0,0,5,5,5,5,5,5,5,5,5,5,5,5,4,4,5,5,5,5,5,5,5,5,5,5,2,2,1,1,1,1,0,0,0,0,,,,,,,,,,,,,,,,,,,,,,,,,,,,,,,,,,,,,,,,,,,,,,,,
3843,400,3830,4125,3862,1,0,0,0,0,0,0,0,0,0,0,0,0,0,0,4,4,4,4,4,4,4,4,3,3,3,3,3,3,3,3,4,4,3,3,4,4,4,4,1,1,1,1,0,0,0,0,0,0,,,,,,,,,,,,,,,,,,,,,,,,,,,,,,,,,,,,,,,,,,,,,,,,
3844,1200,4149,3969,,0,0,0,0,0,0,0,0,0,0,0,0,0,0,0,1,1,1,1,1,1,1,1,1,1,1,1,1,1,1,1,1,1,1,1,1,1,1,1,0,0,0,0,0,0,0,0,0,0,,,,,,,,,,,,,,,,,,,,,,,,,,,,,,,,,,,,,,,,,,,,,,,,
3845,300,4024,3794,,0,0,0,0,0,0,0,0,0,0,0,0,0,0,0,3,3,4,4,3,3,3,3,3,3,3,3,3,3,3,3,3,3,3,3,3,3,3,3,1,1,1,1,1,1,0,0,0,0,,,,,,,,,,,,,,,,,,,,,,,,,,,,,,,,,,,,,,,,,,,,,,,,
3846,2500,3944,4093,,0,54,54,54,54,38,38,41,41,48,48,53,53,149,149,1126,1126,1279,1279,1185,1185,1176,1176,1064,1064,1030,1030,978,978,1073,1073,1075,1075,1072,1072,1157,1157,1124,1124,530,530,326,326,208,208,152,152,86,86,,,,,,,,,,,,,,,,,,,,,,,,,,,,,,,,,,,,,,,,,,,,,,,,
3847,1200,3882,3723,,0,0,0,0,0,0,0,0,0,0,0,0,0,0,0,2,2,3,3,2,2,2,2,2,2,2,2,2,2,2,2,2,2,2,2,2,2,2,2,1,1,1,1,0,0,0,0,0,0,,,,,,,,,,,,,,,,,,,,,,,,,,,,,,,,,,,,,,,,,,,,,,,,
3848,1200,3783,3923,,0,0,0,0,0,0,0,0,0,0,0,0,0,0,0,1,1,1,1,1,1,1,1,1,1,1,1,1,1,1,1,1,1,1,1,1,1,1,1,0,0,0,0,0,0,0,0,0,0,,,,,,,,,,,,,,,,,,,,,,,,,,,,,,,,,,,,,,,,,,,,,,,,
3849,1600,3964,4001,3909,1,0,0,0,0,0,0,0,0,0,0,0,0,0,0,2,2,2,2,2,2,2,2,2,2,2,2,2,2,2,2,2,2,2,2,2,2,2,2,1,1,1,1,0,0,0,0,0,0,,,,,,,,,,,,,,,,,,,,,,,,,,,,,,,,,,,,,,,,,,,,,,,,
385,1600,386,384,238,1,0,0,0,0,0,0,0,0,0,0,0,0,1,1,3,3,4,4,4,4,4,4,3,3,3,3,3,3,3,3,3,3,3,3,3,3,3,3,2,2,1,1,1,1,0,0,0,0,,,,,,,,,,,,,,,,,,,,,,,,,,,,,,,,,,,,,,,,,,,,,,,,
3850,800,3808,,,0,0,0,0,0,0,0,0,0,0,0,0,0,0,0,5,5,5,5,5,5,5,5,5,5,5,5,4,4,5,5,5,5,5,5,5,5,5,5,2,2,1,1,1,1,0,0,0,0,,,,,,,,,,,,,,,,,,,,,,,,,,,,,,,,,,,,,,,,,,,,,,,,
3851,4400,3794,4091,,0,21,21,20,20,14,14,14,14,17,17,20,20,56,56,1250,1250,1350,1350,1266,1266,1219,1219,1175,1175,1140,1140,1076,1076,1194,1194,1258,1258,1254,1254,1342,1342,1310,1310,268,268,158,158,95,95,70,70,44,44,,,,,,,,,,,,,,,,,,,,,,,,,,,,,,,,,,,,,,,,,,,,,,,,
3852,1600,3819,3797,,0,0,0,0,0,0,0,0,0,0,0,0,0,0,0,1,1,1,1,1,1,1,1,1,1,1,1,1,1,1,1,1,1,1,1,1,1,1,1,0,0,0,0,0,0,0,0,0,0,,,,,,,,,,,,,,,,,,,,,,,,,,,,,,,,,,,,,,,,,,,,,,,,
3853,800,4088,4109,3720,1,0,0,0,0,0,0,0,0,0,0,0,0,0,0,3,3,4,4,4,4,3,3,3,3,3,3,3,3,3,3,3,3,3,3,3,3,3,3,1,1,1,1,1,1,0,0,0,0,,,,,,,,,,,,,,,,,,,,,,,,,,,,,,,,,,,,,,,,,,,,,,,,
3854,1600,3779,4062,3742;3889,2,0,0,0,0,0,0,0,0,0,0,0,0,0,0,1,1,1,1,1,1,1,1,1,1,1,1,1,1,1,1,1,1,1,1,1,1,1,1,0,0,0,0,0,0,0,0,0,0,,,,,,,,,,,,,,,,,,,,,,,,,,,,,,,,,,,,,,,,,,,,,,,,
3855,800,4103,3753,,0,0,0,0,0,0,0,0,0,0,0,0,0,0,0,1,1,2,2,1,1,1,1,1,1,1,1,1,1,1,1,1,1,1,1,1,1,1,1,1,1,0,0,0,0,0,0,0,0,,,,,,,,,,,,,,,,,,,,,,,,,,,,,,,,,,,,,,,,,,,,,,,,
3856,1600,3867,3837,4036,1,0,0,0,0,0,0,0,0,0,0,0,0,0,0,1,1,1,1,1,1,1,1,1,1,1,1,1,1,1,1,1,1,1,1,1,1,1,1,0,0,0,0,0,0,0,0,0,0,,,,,,,,,,,,,,,,,,,,,,,,,,,,,,,,,,,,,,,,,,,,,,,,
3857,1600,3943,4082,,0,0,0,0,0,0,0,0,0,0,0,0,0,0,0,2,2,2,2,2,2,2,2,2,2,2,2,2,2,2,2,2,2,2,2,2,2,2,2,1,1,0,0,0,0,0,0,0,0,,,,,,,,,,,,,,,,,,,,,,,,,,,,,,,,,,,,,,,,,,,,,,,,
3858,2000,3925,3870,4023,1,67,67,70,70,49,49,53,53,62,62,67,67,186,186,910,910,1134,1134,1023,1023,977,977,900,900,812,812,861,861,864,864,851,851,886,886,939,939,854,854,524,524,336,336,227,227,165,165,84,84,,,,,,,,,,,,,,,,,,,,,,,,,,,,,,,,,,,,,,,,,,,,,,,,
3859,300,4089,,,0,0,0,0,0,0,0,0,0,0,0,0,0,1,1,7,7,7,7,7,7,7,7,7,7,6,6,6,6,7,7,7,7,7,7,7,7,7,7,2,2,1,1,1,1,1,1,0,0,,,,,,,,,,,,,,,,,,,,,,,,,,,,,,,,,,,,,,,,,,,,,,,,
386,800,385,387,,0,0,0,0,0,0,0,0,0,0,0,0,0,1,1,4,4,5,5,5,5,5,5,4,4,4,4,4,4,4,4,4,4,4,4,5,5,4,4,2,2,1,1,1,1,1,1,0,0,,,,,,,,,,,,,,,,,,,,,,,,,,,,,,,,,,,,,,,,,,,,,,,,
3860,1600,3890,3935,,0,0,0,0,0,0,0,0,0,0,0,0,0,0,0,1,1,1,1,1,1,1,1,1,1,1,1,1,1,1,1,1,1,1,1,1,1,1,1,0,0,0,0,0,0,0,0,0,0,,,,,,,,,,,,,,,,,,,,,,,,,,,,,,,,,,,,,,,,,,,,,,,,
3861,4400,4086,3772,,0,28,28,26,26,19,19,19,19,23,23,26,26,75,75,1275,1275,1350,1350,1326,1326,1336,1336,1209,1209,1193,1193,1112,1112,1205,1205,1259,1259,1229,1229,1320,1320,1293,1293,357,357,211,211,127,127,93,93,58,58,,,,,,,,,,,,,,,,,,,,,,,,,,,,,,,,,,,,,,,,,,,,,,,,
3862,800,3990,3843,,0,0,0,0,0,0,0,0,0,0,0,0,0,0,0,6,6,7,7,6,6,6,6,6,6,6,6,5,5,6,6,6,6,6,6,6,6,6,6,2,2,1,1,1,1,1,1,0,0,,,,,,,,,,,,,,,,,,,,,,,,,,,,,,,,,,,,,,,,,,,,,,,,
3863,2000,3875,3729,3881;3964,2,21,21,20,20,14,14,14,14,17,17,20,20,56,56,1250,1250,1350,1350,1266,1266,1219,1219,1175,1175,1140,1140,1076,1076,1194,1194,1258,1258,1254,1254,1342,1342,1310,1310,268,268,158,158,95,95,70,70,44,44,,,,,,,,,,,,,,,,,,,,,,,,,,,,,,,,,,,,,,,,,,,,,,,,
3864,1200,3882,3809,,0,0,0,0,0,0,0,0,0,0,0,0,0,0,0,2,2,2,2,2,2,2,2,2,2,2,2,2,2,2,2,2,2,2,2,2,2,2,2,1,1,1,1,0,0,0,0,0,0,,,,,,,,,,,,,,,,,,,,,,,,,,,,,,,,,,,,,,,,,,,,,,,,
3865,400,4005,3692,3698,1,0,0,0,0,0,0,0,0,0,0,0,0,0,0,2,2,2,2,2,2,2,2,2,2,2,2,2,2,2,2,2,2,2,2,2,2,2,2,1,1,0,0,0,0,0,0,0,0,,,,,,,,,,,,,,,,,,,,,,,,,,,,,,,,,,,,,,,,,,,,,,,,
3866,4400,,,,0,28,28,26,26,19,19,19,19,23,23,26,26,75,75,1275,1275,1350,1350,1326,1326,1336,1336,1209,1209,1193,1193,1112,1112,1205,1205,1259,1259,1229,1229,1320,1320,1293,1293,357,357,211,211,127,127,93,93,58,58,,,,,,,,,,,,,,,,,,,,,,,,,,,,,,,,,,,,,,,,,,,,,,,,
3867,1200,3856,3819,,0,0,0,0,0,0,0,0,0,0,0,0,0,0,0,1,1,2,2,1,1,1,1,1,1,1,1,1,1,1,1,1,1,1,1,1,1,1,1,1,1,0,0,0,0,0,0,0,0,,,,,,,,,,,,,,,,,,,,,,,,,,,,,,,,,,,,,,,,,,,,,,,,
3868,1500,3990,3760,3998,1,28,28,26,26,19,19,19,19,23,23,26,26,75,75,1275,1275,1350,1350,1326,1326,1336,1336,1209,1209,1193,1193,1112,1112,1205,1205,1259,1259,1229,1229,1320,1320,1293,1293,357,357,211,211,127,127,93,93,58,58,,,,,,,,,,,,,,,,,,,,,,,,,,,,,,,,,,,,,,,,,,,,,,,,
3869,2000,3745,4102,,0,21,21,20,20,14,14,14,14,17,17,20,20,56,56,1250,1250,1350,1350,1266,1266,1219,1219,1175,1175,1140,1140,1076,1076,1194,1194,1258,1258,1254,1254,1342,1342,1310,1310,268,268,158,158,95,95,70,70,44,44,,,,,,,,,,,,,,,,,,,,,,,,,,,,,,,,,,,,,,,,,,,,,,,,
387,1200,9831,386,227,1,0,0,0,0,0,0,0,0,0,0,0,0,1,1,9,9,11,11,10,10,10,10,9,9,9,9,9,9,9,9,9,9,9,9,10,10,9,9,4,4,3,3,2,2,1,1,1,1,,,,,,,,,,,,,,,,,,,,,,,,,,,,,,,,,,,,,,,,,,,,,,,,
3870,2000,3923,3858,,0,67,67,70,70,49,49,53,53,62,62,67,67,186,186,910,910,1134,1134,1023,1023,977,977,900,900,812,812,861,861,864,864,851,851,886,886,939,939,854,854,524,524,336,336,227,227,165,165,84,84,,,,,,,,,,,,,,,,,,,,,,,,,,,,,,,,,,,,,,,,,,,,,,,,
3871,800,,,,0,0,0,0,0,0,0,0,0,0,0,0,0,0,0,2,2,2,2,2,2,2,2,2,2,2,2,2,2,2,2,2,2,2,2,2,2,2,2,1,1,0,0,0,0,0,0,0,0,,,,,,,,,,,,,,,,,,,,,,,,,,,,,,,,,,,,,,,,,,,,,,,,
3872,2200,3893,3711,3904,1,28,28,26,26,19,19,19,19,23,23,26,26,75,75,1275,1275,1350,1350,1326,1326,1336,1336,1209,1209,1193,1193,1112,1112,1205,1205,1259,1259,1229,1229,1320,1320,1293,1293,357,357,211,211,127,127,93,93,58,58,,,,,,,,,,,,,,,,,,,,,,,,,,,,,,,,,,,,,,,,,,,,,,,,
3873,1600,3903,4084,3824,1,0,0,0,0,0,0,0,0,0,0,0,0,0,0,2,2,3,3,2,2,2,2,2,2,2,2,2,2,2,2,2,2,2,2,2,2,2,2,1,1,1,1,0,0,0,0,0,0,,,,,,,,,,,,,,,,,,,,,,,,,,,,,,,,,,,,,,,,,,,,,,,,
3874,1200,4053,3984,3970,1,0,0,0,0,0,0,0,0,0,0,0,0,0,0,1,1,1,1,1,1,1,1,1,1,1,1,1,1,1,1,1,1,1,1,1,1,1,1,0,0,0,0,0,0,0,0,0,0,,,,,,,,,,,,,,,,,,,,,,,,,,,,,,,,,,,,,,,,,,,,,,,,
3875,1500,3863,4016,,0,21,21,20,20,14,14,14,14,17,17,20,20,56,56,1250,1250,1350,1350,1266,1266,1219,1219,1175,1175,1140,1140,1076,1076,1194,1194,1258,1258,1254,1254,1342,1342,1310,1310,268,268,158,158,95,95,70,70,44,44,,,,,,,,,,,,,,,,,,,,,,,,,,,,,,,,,,,,,,,,,,,,,,,,
3876,1600,3769,3679,,0,0,0,0,0,0,0,0,0,0,0,0,0,0,0,1,1,1,1,1,1,1,1,1,1,1,1,1,1,1,1,1,1,1,1,1,1,1,1,0,0,0,0,0,0,0,0,0,0,,,,,,,,,,,,,,,,,,,,,,,,,,,,,,,,,,,,,,,,,,,,,,,,
3877,2500,4068,3956,,0,28,28,26,26,19,19,19,19,23,23,26,26,75,75,1275,1275,1350,1350,1326,1326,1336,1336,1209,1209,1193,1193,1112,1112,1205,1205,1259,1259,1229,1229,1320,1320,1293,1293,357,357,211,211,127,127,93,93,58,58,,,,,,,,,,,,,,,,,,,,,,,,,,,,,,,,,,,,,,,,,,,,,,,,
3878,2500,4146,4144,4021;4126,2,21,21,20,20,14,14,14,14,17,17,20,20,56,56,1250,1250,1350,1350,1266,1266,1219,1219,1175,1175,1140,1140,1076,1076,1194,1194,1258,1258,1254,1254,1342,1342,1310,1310,268,268,158,158,95,95,70,70,44,44,,,,,,,,,,,,,,,,,,,,,,,,,,,,,,,,,,,,,,,,,,,,,,,,
3879,800,4040,,,0,0,0,0,0,0,0,0,0,0,0,0,0,1,1,7,7,8,8,8,8,8,8,7,7,7,7,6,6,7,7,7,7,7,7,8,8,8,8,3,3,2,2,1,1,1,1,0,0,,,,,,,,,,,,,,,,,,,,,,,,,,,,,,,,,,,,,,,,,,,,,,,,
388,1200,9843,389,,0,0,0,0,0,0,0,0,0,0,0,0,0,1,1,9,9,11,11,10,10,10,10,9,9,9,9,9,9,9,9,9,9,9,9,10,10,9,9,4,4,3,3,2,2,1,1,1,1,,,,,,,,,,,,,,,,,,,,,,,,,,,,,,,,,,,,,,,,,,,,,,,,
3880,1200,3726,4078,,0,0,0,0,0,0,0,0,0,0,0,0,0,0,0,2,2,2,2,2,2,2,2,2,2,2,2,2,2,2,2,2,2,2,2,2,2,2,2,1,1,1,1,0,0,0,0,0,0,,,,,,,,,,,,,,,,,,,,,,,,,,,,,,,,,,,,,,,,,,,,,,,,
3881,1200,3945,3863,,0,0,0,0,0,0,0,0,0,0,0,0,0,0,0,1,1,1,1,1,1,1,1,1,1,1,1,1,1,1,1,1,1,1,1,1,1,1,1,0,0,0,0,0,0,0,0,0,0,,,,,,,,,,,,,,,,,,,,,,,,,,,,,,,,,,,,,,,,,,,,,,,,
3882,800,3864,3847,3922,1,0,0,0,0,0,0,0,0,0,0,0,0,0,0,2,2,2,2,2,2,2,2,2,2,1,1,1,1,2,2,2,2,2,2,2,2,2,2,1,1,0,0,0,0,0,0,0,0,,,,,,,,,,,,,,,,,,,,,,,,,,,,,,,,,,,,,,,,,,,,,,,,
3883,3500,,3981,3946,1,54,54,54,54,38,38,41,41,48,48,53,53,149,149,1126,1126,1279,1279,1185,1185,1176,1176,1064,1064,1030,1030,978,978,1073,1073,1075,1075,1072,1072,1157,1157,1124,1124,530,530,326,326,208,208,152,152,86,86,,,,,,,,,,,,,,,,,,,,,,,,,,,,,,,,,,,,,,,,,,,,,,,,
3884,1600,3809,3728,,0,0,0,0,0,0,0,0,0,0,0,0,0,0,0,2,2,2,2,2,2,2,2,2,2,2,2,2,2,2,2,2,2,2,2,2,2,2,2,1,1,0,0,0,0,0,0,0,0,,,,,,,,,,,,,,,,,,,,,,,,,,,,,,,,,,,,,,,,,,,,,,,,
3885,400,3688,4106,4059,1,0,0,0,0,0,0,0,0,0,0,0,0,0,0,3,3,4,4,3,3,3,3,3,3,3,3,3,3,3,3,3,3,3,3,3,3,3,3,1,1,1,1,0,0,0,0,0,0,,,,,,,,,,,,,,,,,,,,,,,,,,,,,,,,,,,,,,,,,,,,,,,,
3886,800,3764,3957,3960,1,0,0,0,0,0,0,0,0,0,0,0,0,0,0,6,6,6,6,6,6,6,6,5,5,5,5,5,5,5,5,6,6,5,5,6,6,6,6,2,2,1,1,1,1,1,1,0,0,,,,,,,,,,,,,,,,,,,,,,,,,,,,,,,,,,,,,,,,,,,,,,,,
3887,2500,,4060,,0,42,42,39,39,28,28,29,29,34,34,39,39,112,112,1343,1343,1424,1424,1347,1347,1375,1375,1229,1229,1247,1247,1096,1096,1282,1282,1299,1299,1257,1257,1375,1375,1394,1394,536,536,316,316,190,190,140,140,87,87,,,,,,,,,,,,,,,,,,,,,,,,,,,,,,,,,,,,,,,,,,,,,,,,
3888,4000,,3794,,0,21,21,20,20,14,14,14,14,17,17,20,20,56,56,1250,1250,1350,1350,1266,1266,1219,1219,1175,1175,1140,1140,1076,1076,1194,1194,1258,1258,1254,1254,1342,1342,1310,1310,268,268,158,158,95,95,70,70,44,44,,,,,,,,,,,,,,,,,,,,,,,,,,,,,,,,,,,,,,,,,,,,,,,,
3889,1200,3854,4121,,0,0,0,0,0,0,0,0,0,0,0,0,0,0,0,1,1,2,2,2,2,2,2,1,1,1,1,1,1,1,1,1,1,1,1,2,2,1,1,1,1,0,0,0,0,0,0,0,0,,,,,,,,,,,,,,,,,,,,,,,,,,,,,,,,,,,,,,,,,,,,,,,,
389,1200,262,388,384,1,0,0,0,0,0,0,0,0,0,0,0,0,0,0,1,1,2,2,2,2,2,2,1,1,1,1,1,1,1,1,1,1,1,1,2,2,1,1,1,1,0,0,0,0,0,0,0,0,,,,,,,,,,,,,,,,,,,,,,,,,,,,,,,,,,,,,,,,,,,,,,,,
3890,1200,3695,4100,3860,1,0,0,0,0,0,0,0,0,0,0,0,0,0,0,1,1,1,1,1,1,1,1,1,1,1,1,1,1,1,1,1,1,1,1,1,1,1,1,0,0,0,0,0,0,0,0,0,0,,,,,,,,,,,,,,,,,,,,,,,,,,,,,,,,,,,,,,,,,,,,,,,,
3891,800,3918,4034,,0,0,0,0,0,0,0,0,0,0,0,0,0,0,0,2,2,3,3,2,2,2,2,2,2,2,2,2,2,2,2,2,2,2,2,2,2,2,2,1,1,1,1,0,0,0,0,0,0,,,,,,,,,,,,,,,,,,,,,,,,,,,,,,,,,,,,,,,,,,,,,,,,
3892,800,3790,4128,3974,1,0,0,0,0,0,0,0,0,0,0,0,0,0,0,2,2,3,3,3,3,3,3,2,2,2,2,2,2,2,2,2,2,2,2,2,2,2,2,1,1,1,1,0,0,0,0,0,0,,,,,,,,,,,,,,,,,,,,,,,,,,,,,,,,,,,,,,,,,,,,,,,,
3893,1200,3872,3975,,0,0,0,0,0,0,0,0,0,0,0,0,0,0,0,4,4,4,4,4,4,4,4,3,3,3,3,3,3,3,3,4,4,4,4,4,4,4,4,1,1,1,1,0,0,0,0,0,0,,,,,,,,,,,,,,,,,,,,,,,,,,,,,,,,,,,,,,,,,,,,,,,,
3894,400,3765,4134,4074,1,0,0,0,0,0,0,0,0,0,0,0,0,0,0,2,2,3,3,2,2,2,2,2,2,2,2,2,2,2,2,2,2,2,2,2,2,2,2,1,1,1,1,0,0,0,0,0,0,,,,,,,,,,,,,,,,,,,,,,,,,,,,,,,,,,,,,,,,,,,,,,,,
3895,1200,4063,4079,3733;3675,2,0,0,0,0,0,0,0,0,0,0,0,0,0,0,2,2,2,2,2,2,2,2,2,2,2,2,2,2,2,2,2,2,2,2,2,2,2,2,1,1,0,0,0,0,0,0,0,0,,,,,,,,,,,,,,,,,,,,,,,,,,,,,,,,,,,,,,,,,,,,,,,,
3896,4400,4115,3765,3814,1,21,21,20,20,14,14,14,14,17,17,20,20,56,56,1250,1250,1350,1350,1266,1266,1219,1219,1175,1175,1140,1140,1076,1076,1194,1194,1258,1258,1254,1254,1342,1342,1310,1310,268,268,158,158,95,95,70,70,44,44,,,,,,,,,,,,,,,,,,,,,,,,,,,,,,,,,,,,,,,,,,,,,,,,
3897,1500,3681,4138,,0,21,21,20,20,14,14,14,14,17,17,20,20,56,56,1250,1250,1350,1350,1266,1266,1219,1219,1175,1175,1140,1140,1076,1076,1194,1194,1258,1258,1254,1254,1342,1342,1310,1310,268,268,158,158,95,95,70,70,44,44,,,,,,,,,,,,,,,,,,,,,,,,,,,,,,,,,,,,,,,,,,,,,,,,
3898,2500,4124,3750,3928;4115,2,21,21,20,20,14,14,14,14,17,17,20,20,56,56,1250,1250,1350,1350,1266,1266,1219,1219,1175,1175,1140,1140,1076,1076,1194,1194,1258,1258,1254,1254,1342,1342,1310,1310,268,268,158,158,95,95,70,70,44,44,,,,,,,,,,,,,,,,,,,,,,,,,,,,,,,,,,,,,,,,,,,,,,,,
3899,4400,3935,3983,4149;4026,2,21,21,20,20,14,14,14,14,17,17,20,20,56,56,1250,1250,1350,1350,1266,1266,1219,1219,1175,1175,1140,1140,1076,1076,1194,1194,1258,1258,1254,1254,1342,1342,1310,1310,268,268,158,158,95,95,70,70,44,44,,,,,,,,,,,,,,,,,,,,,,,,,,,,,,,,,,,,,,,,,,,,,,,,
39,300,38,47,,0,1,1,1,1,0,0,0,0,0,0,1,1,1,1,10,10,12,12,11,11,11,11,10,10,9,9,10,10,9,9,10,10,10,10,10,10,9,9,4,4,3,3,2,2,1,1,1,1,,,,,,,,,,,,,,,,,,,,,,,,,,,,,,,,,,,,,,,,,,,,,,,,
390,1200,220,391,,0,0,0,0,0,0,0,0,0,0,0,0,0,1,1,6,6,7,7,7,7,6,6,6,6,6,6,6,6,6,6,6,6,6,6,6,6,6,6,3,3,2,2,1,1,1,1,0,0,,,,,,,,,,,,,,,,,,,,,,,,,,,,,,,,,,,,,,,,,,,,,,,,
3900,1600,3676,3935,,0,0,0,0,0,0,0,0,0,0,0,0,0,0,0,1,1,1,1,1,1,1,1,1,1,1,1,1,1,1,1,1,1,1,1,1,1,1,1,0,0,0,0,0,0,0,0,0,0,,,,,,,,,,,,,,,,,,,,,,,,,,,,,,,,,,,,,,,,,,,,,,,,
3901,800,3783,3704,,0,0,0,0,0,0,0,0,0,0,0,0,0,0,0,1,1,2,2,1,1,1,1,1,1,1,1,1,1,1,1,1,1,1,1,1,1,1,1,1,1,0,0,0,0,0,0,0,0,,,,,,,,,,,,,,,,,,,,,,,,,,,,,,,,,,,,,,,,,,,,,,,,
3902,1200,4151,3917,,0,0,0,0,0,0,0,0,0,0,0,0,0,0,0,1,1,1,1,1,1,1,1,1,1,1,1,1,1,1,1,1,1,1,1,1,1,1,1,0,0,0,0,0,0,0,0,0,0,,,,,,,,,,,,,,,,,,,,,,,,,,,,,,,,,,,,,,,,,,,,,,,,
3903,1200,3917,3873,,0,0,0,0,0,0,0,0,0,0,0,0,0,0,0,2,2,2,2,2,2,2,2,2,2,2,2,2,2,2,2,2,2,2,2,2,2,2,2,1,1,0,0,0,0,0,0,0,0,,,,,,,,,,,,,,,,,,,,,,,,,,,,,,,,,,,,,,,,,,,,,,,,
3904,3500,3872,3811,,0,28,28,26,26,19,19,19,19,23,23,26,26,75,75,1275,1275,1350,1350,1326,1326,1336,1336,1209,1209,1193,1193,1112,1112,1205,1205,1259,1259,1229,1229,1320,1320,1293,1293,357,357,211,211,127,127,93,93,58,58,,,,,,,,,,,,,,,,,,,,,,,,,,,,,,,,,,,,,,,,,,,,,,,,
3905,1600,3730,3962,,0,0,0,0,0,0,0,0,0,0,0,0,0,0,0,2,2,2,2,2,2,2,2,2,2,2,2,2,2,2,2,2,2,2,2,2,2,2,2,1,1,0,0,0,0,0,0,0,0,,,,,,,,,,,,,,,,,,,,,,,,,,,,,,,,,,,,,,,,,,,,,,,,
3906,1200,4007,4034,,0,0,0,0,0,0,0,0,0,0,0,0,0,0,0,2,2,2,2,2,2,2,2,2,2,1,1,1,1,2,2,2,2,2,2,2,2,2,2,1,1,0,0,0,0,0,0,0,0,,,,,,,,,,,,,,,,,,,,,,,,,,,,,,,,,,,,,,,,,,,,,,,,
3907,800,4105,3959,4067,1,53,53,55,55,38,38,42,42,48,48,53,53,146,146,715,715,891,891,804,804,768,768,707,707,638,638,676,676,679,679,669,669,696,696,738,738,671,671,411,411,264,264,178,178,130,130,66,66,,,,,,,,,,,,,,,,,,,,,,,,,,,,,,,,,,,,,,,,,,,,,,,,
3908,1200,3780,3976,,0,0,0,0,0,0,0,0,0,0,0,0,0,0,0,1,1,1,1,1,1,1,1,1,1,1,1,1,1,1,1,1,1,1,1,1,1,1,1,0,0,0,0,0,0,0,0,0,0,,,,,,,,,,,,,,,,,,,,,,,,,,,,,,,,,,,,,,,,,,,,,,,,
3909,1200,3849,3823,,0,0,0,0,0,0,0,0,0,0,0,0,0,0,0,2,2,2,2,2,2,2,2,2,2,2,2,2,2,2,2,2,2,2,2,2,2,2,2,1,1,1,1,0,0,0,0,0,0,,,,,,,,,,,,,,,,,,,,,,,,,,,,,,,,,,,,,,,,,,,,,,,,
391,800,214,390,224,1,0,0,0,0,0,0,0,0,0,0,0,0,1,1,5,5,5,5,5,5,5,5,4,4,4,4,4,4,4,4,4,4,4,4,5,5,4,4,2,2,1,1,1,1,1,1,0,0,,,,,,,,,,,,,,,,,,,,,,,,,,,,,,,,,,,,,,,,,,,,,,,,
3910,1200,3823,3839,,0,0,0,0,0,0,0,0,0,0,0,0,0,0,0,1,1,2,2,1,1,1,1,1,1,1,1,1,1,1,1,1,1,1,1,1,1,1,1,1,1,0,0,0,0,0,0,0,0,,,,,,,,,,,,,,,,,,,,,,,,,,,,,,,,,,,,,,,,,,,,,,,,
3911,400,3692,3828,3713,1,0,0,0,0,0,0,0,0,0,0,0,0,1,1,7,7,8,8,7,7,7,7,7,7,7,7,6,6,7,7,7,7,7,7,7,7,7,7,2,2,1,1,1,1,1,1,0,0,,,,,,,,,,,,,,,,,,,,,,,,,,,,,,,,,,,,,,,,,,,,,,,,
3912,1200,3813,3963,3810,1,0,0,0,0,0,0,0,0,0,0,0,0,0,0,1,1,2,2,1,1,1,1,1,1,1,1,1,1,1,1,1,1,1,1,1,1,1,1,1,1,0,0,0,0,0,0,0,0,,,,,,,,,,,,,,,,,,,,,,,,,,,,,,,,,,,,,,,,,,,,,,,,
3913,800,3748,3709,3705,1,0,0,0,0,0,0,0,0,0,0,0,0,0,0,1,1,1,1,1,1,1,1,1,1,1,1,1,1,1,1,1,1,1,1,1,1,1,1,0,0,0,0,0,0,0,0,0,0,,,,,,,,,,,,,,,,,,,,,,,,,,,,,,,,,,,,,,,,,,,,,,,,
3914,2000,3727,3812,4001;4119,2,21,21,20,20,14,14,14,14,17,17,20,20,56,56,1250,1250,1350,1350,1266,1266,1219,1219,1175,1175,1140,1140,1076,1076,1194,1194,1258,1258,1254,1254,1342,1342,1310,1310,268,268,158,158,95,95,70,70,44,44,,,,,,,,,,,,,,,,,,,,,,,,,,,,,,,,,,,,,,,,,,,,,,,,
3915,1600,3711,4022,,0,0,0,0,0,0,0,0,0,0,0,0,0,0,0,3,3,4,4,3,3,3,3,3,3,3,3,3,3,3,3,3,3,3,3,3,3,3,3,1,1,1,1,0,0,0,0,0,0,,,,,,,,,,,,,,,,,,,,,,,,,,,,,,,,,,,,,,,,,,,,,,,,
3916,4400,4043,3787,3737;3817;3947,3,42,42,39,39,28,28,29,29,34,34,39,39,112,112,1343,1343,1424,1424,1347,1347,1375,1375,1229,1229,1247,1247,1096,1096,1282,1282,1299,1299,1257,1257,1375,1375,1394,1394,536,536,316,316,190,190,140,140,87,87,,,,,,,,,,,,,,,,,,,,,,,,,,,,,,,,,,,,,,,,,,,,,,,,
3917,1600,3903,3902,4012,1,0,0,0,0,0,0,0,0,0,0,0,0,0,0,1,1,1,1,1,1,1,1,1,1,1,1,1,1,1,1,1,1,1,1,1,1,1,1,1,1,0,0,0,0,0,0,0,0,,,,,,,,,,,,,,,,,,,,,,,,,,,,,,,,,,,,,,,,,,,,,,,,
3918,1200,3891,3748,3958;4085,2,0,0,0,0,0,0,0,0,0,0,0,0,0,0,2,2,3,3,2,2,2,2,2,2,2,2,2,2,2,2,2,2,2,2,2,2,2,2,1,1,1,1,0,0,0,0,0,0,,,,,,,,,,,,,,,,,,,,,,,,,,,,,,,,,,,,,,,,,,,,,,,,
3919,800,3714,3838,,0,0,0,0,0,0,0,0,0,0,0,0,0,0,0,1,1,1,1,1,1,1,1,1,1,1,1,1,1,1,1,1,1,1,1,1,1,1,1,0,0,0,0,0,0,0,0,0,0,,,,,,,,,,,,,,,,,,,,,,,,,,,,,,,,,,,,,,,,,,,,,,,,
392,1500,271,393,,0,54,54,56,56,39,39,42,42,50,50,54,54,149,149,956,956,1147,1147,1075,1075,1033,1033,954,954,866,866,918,918,901,901,917,917,943,943,993,993,901,901,419,419,269,269,182,182,132,132,67,67,,,,,,,,,,,,,,,,,,,,,,,,,,,,,,,,,,,,,,,,,,,,,,,,
3920,4000,3713,3677,4073,1,28,28,26,26,19,19,19,19,23,23,26,26,75,75,1275,1275,1350,1350,1326,1326,1336,1336,1209,1209,1193,1193,1112,1112,1205,1205,1259,1259,1229,1229,1320,1320,1293,1293,357,357,211,211,127,127,93,93,58,58,,,,,,,,,,,,,,,,,,,,,,,,,,,,,,,,,,,,,,,,,,,,,,,,
3921,1500,3776,3840,4113;4030,2,21,21,20,20,14,14,14,14,17,17,20,20,56,56,1250,1250,1350,1350,1266,1266,1219,1219,1175,1175,1140,1140,1076,1076,1194,1194,1258,1258,1254,1254,1342,1342,1310,1310,268,268,158,158,95,95,70,70,44,44,,,,,,,,,,,,,,,,,,,,,,,,,,,,,,,,,,,,,,,,,,,,,,,,
3922,2500,3882,3954,,0,54,54,54,54,38,38,41,41,48,48,53,53,149,149,1126,1126,1279,1279,1185,1185,1176,1176,1064,1064,1030,1030,978,978,1073,1073,1075,1075,1072,1072,1157,1157,1124,1124,530,530,326,326,208,208,152,152,86,86,,,,,,,,,,,,,,,,,,,,,,,,,,,,,,,,,,,,,,,,,,,,,,,,
3923,800,3848,3691,3870,1,0,0,0,0,0,0,0,0,0,0,0,0,0,0,1,1,1,1,1,1,1,1,1,1,1,1,1,1,1,1,1,1,1,1,1,1,1,1,0,0,0,0,0,0,0,0,0,0,,,,,,,,,,,,,,,,,,,,,,,,,,,,,,,,,,,,,,,,,,,,,,,,
3924,1600,3983,4053,3976,1,0,0,0,0,0,0,0,0,0,0,0,0,0,0,1,1,1,1,1,1,1,1,1,1,1,1,1,1,1,1,1,1,1,1,1,1,1,1,0,0,0,0,0,0,0,0,0,0,,,,,,,,,,,,,,,,,,,,,,,,,,,,,,,,,,,,,,,,,,,,,,,,
3925,1500,3858,3967,,0,67,67,70,70,49,49,53,53,62,62,67,67,186,186,910,910,1134,1134,1023,1023,977,977,900,900,812,812,861,861,864,864,851,851,886,886,939,939,854,854,524,524,336,336,227,227,165,165,84,84,,,,,,,,,,,,,,,,,,,,,,,,,,,,,,,,,,,,,,,,,,,,,,,,
3926,1200,4064,3468,,0,0,0,0,0,0,0,0,0,0,0,0,0,0,0,1,1,1,1,1,1,1,1,1,1,1,1,1,1,1,1,1,1,1,1,1,1,1,1,0,0,0,0,0,0,0,0,0,0,,,,,,,,,,,,,,,,,,,,,,,,,,,,,,,,,,,,,,,,,,,,,,,,
3927,800,3699,3695,4128,1,0,0,0,0,0,0,0,0,0,0,0,0,0,0,2,2,3,3,3,3,3,3,2,2,2,2,2,2,2,2,2,2,2,2,2,2,2,2,1,1,0,0,0,0,0,0,0,0,,,,,,,,,,,,,,,,,,,,,,,,,,,,,,,,,,,,,,,,,,,,,,,,
3928,4400,3898,3757,,0,21,21,20,20,14,14,14,14,17,17,20,20,56,56,1250,1250,1350,1350,1266,1266,1219,1219,1175,1175,1140,1140,1076,1076,1194,1194,1258,1258,1254,1254,1342,1342,1310,1310,268,268,158,158,95,95,70,70,44,44,,,,,,,,,,,,,,,,,,,,,,,,,,,,,,,,,,,,,,,,,,,,,,,,
3929,2000,4118,3981,,0,54,54,54,54,38,38,41,41,48,48,53,53,149,149,1126,1126,1279,1279,1185,1185,1176,1176,1064,1064,1030,1030,978,978,1073,1073,1075,1075,1072,1072,1157,1157,1124,1124,530,530,326,326,208,208,152,152,86,86,,,,,,,,,,,,,,,,,,,,,,,,,,,,,,,,,,,,,,,,,,,,,,,,
393,800,394,392,256,1,0,0,0,0,0,0,0,0,0,0,0,0,1,1,7,7,8,8,7,7,7,7,7,7,6,6,6,6,6,6,6,6,6,6,7,7,6,6,3,3,2,2,1,1,1,1,0,0,,,,,,,,,,,,,,,,,,,,,,,,,,,,,,,,,,,,,,,,,,,,,,,,
3930,4000,3757,tran_17c801be-99a7-4e2d-9818-0c4478d0a8f2,,0,67,67,70,70,49,49,53,53,62,62,67,67,186,186,910,910,1134,1134,1023,1023,977,977,900,900,812,812,861,861,864,864,851,851,886,886,939,939,854,854,524,524,336,336,227,227,165,165,84,84,,,,,,,,,,,,,,,,,,,,,,,,,,,,,,,,,,,,,,,,,,,,,,,,
3931,800,4137,3731,3974,1,0,0,0,0,0,0,0,0,0,0,0,0,0,0,1,1,1,1,1,1,1,1,1,1,1,1,1,1,1,1,1,1,1,1,1,1,1,1,0,0,0,0,0,0,0,0,0,0,,,,,,,,,,,,,,,,,,,,,,,,,,,,,,,,,,,,,,,,,,,,,,,,
3932,800,,4066,,0,0,0,0,0,0,0,0,0,0,0,0,0,0,0,2,2,2,2,2,2,2,2,2,2,2,2,2,2,2,2,2,2,2,2,2,2,2,2,1,1,0,0,0,0,0,0,0,0,,,,,,,,,,,,,,,,,,,,,,,,,,,,,,,,,,,,,,,,,,,,,,,,
3933,800,3498,4011,,0,0,0,0,0,0,0,0,0,0,0,0,0,0,0,1,1,2,2,1,1,1,1,1,1,1,1,1,1,1,1,1,1,1,1,1,1,1,1,1,1,0,0,0,0,0,0,0,0,,,,,,,,,,,,,,,,,,,,,,,,,,,,,,,,,,,,,,,,,,,,,,,,
3934,1100,3724,4014,,0,54,54,54,54,38,38,41,41,48,48,53,53,149,149,1126,1126,1279,1279,1185,1185,1176,1176,1064,1064,1030,1030,978,978,1073,1073,1075,1075,1072,1072,1157,1157,1124,1124,530,530,326,326,208,208,152,152,86,86,,,,,,,,,,,,,,,,,,,,,,,,,,,,,,,,,,,,,,,,,,,,,,,,
3935,4400,3899,3724,3900;3982;3860,3,67,67,70,70,49,49,53,53,62,62,67,67,186,186,910,910,1134,1134,1023,1023,977,977,900,900,812,812,861,861,864,864,851,851,886,886,939,939,854,854,524,524,336,336,227,227,165,165,84,84,,,,,,,,,,,,,,,,,,,,,,,,,,,,,,,,,,,,,,,,,,,,,,,,
3936,1600,3676,3793,,0,0,0,0,0,0,0,0,0,0,0,0,0,0,0,1,1,1,1,1,1,1,1,1,1,1,1,1,1,1,1,1,1,1,1,1,1,1,1,0,0,0,0,0,0,0,0,0,0,,,,,,,,,,,,,,,,,,,,,,,,,,,,,,,,,,,,,,,,,,,,,,,,
3937,800,4108,4045,4072,1,0,0,0,0,0,0,0,0,0,0,0,0,0,0,1,1,1,1,1,1,1,1,1,1,1,1,1,1,1,1,1,1,1,1,1,1,1,1,0,0,0,0,0,0,0,0,0,0,,,,,,,,,,,,,,,,,,,,,,,,,,,,,,,,,,,,,,,,,,,,,,,,
3938,1600,3997,,,0,0,0,0,0,0,0,0,0,0,0,0,0,0,0,3,3,3,3,3,3,3,3,2,2,2,2,2,2,2,2,2,2,2,2,3,3,3,3,1,1,1,1,0,0,0,0,0,0,,,,,,,,,,,,,,,,,,,,,,,,,,,,,,,,,,,,,,,,,,,,,,,,
3939,2200,3746,4070,3820;3740,2,28,28,26,26,19,19,19,19,23,23,26,26,75,75,1275,1275,1350,1350,1326,1326,1336,1336,1209,1209,1193,1193,1112,1112,1205,1205,1259,1259,1229,1229,1320,1320,1293,1293,357,357,211,211,127,127,93,93,58,58,,,,,,,,,,,,,,,,,,,,,,,,,,,,,,,,,,,,,,,,,,,,,,,,
394,1200,393,395,,0,0,0,0,0,0,0,0,0,0,0,0,0,1,1,3,3,4,4,4,4,4,4,3,3,3,3,3,3,3,3,3,3,3,3,4,4,3,3,2,2,1,1,1,1,0,0,0,0,,,,,,,,,,,,,,,,,,,,,,,,,,,,,,,,,,,,,,,,,,,,,,,,
3940,800,4131,3798,4006,1,0,0,0,0,0,0,0,0,0,0,0,0,0,0,1,1,1,1,1,1,1,1,1,1,1,1,1,1,1,1,1,1,1,1,1,1,1,1,0,0,0,0,0,0,0,0,0,0,,,,,,,,,,,,,,,,,,,,,,,,,,,,,,,,,,,,,,,,,,,,,,,,
3941,1600,3762,3681,,0,0,0,0,0,0,0,0,0,0,0,0,0,0,0,2,2,2,2,2,2,2,2,2,2,2,2,2,2,2,2,2,2,2,2,2,2,2,2,1,1,1,1,0,0,0,0,0,0,,,,,,,,,,,,,,,,,,,,,,,,,,,,,,,,,,,,,,,,,,,,,,,,
3942,1600,3718,3943,,0,0,0,0,0,0,0,0,0,0,0,0,0,0,0,1,1,1,1,1,1,1,1,1,1,1,1,1,1,1,1,1,1,1,1,1,1,1,1,0,0,0,0,0,0,0,0,0,0,,,,,,,,,,,,,,,,,,,,,,,,,,,,,,,,,,,,,,,,,,,,,,,,
3943,1200,3799,4139,3857;3942,2,0,0,0,0,0,0,0,0,0,0,0,0,0,0,1,1,2,2,1,1,1,1,1,1,1,1,1,1,1,1,1,1,1,1,1,1,1,1,1,1,0,0,0,0,0,0,0,0,,,,,,,,,,,,,,,,,,,,,,,,,,,,,,,,,,,,,,,,,,,,,,,,
3944,2500,4058,3965,4041;3846,2,54,54,54,54,38,38,41,41,48,48,53,53,149,149,1126,1126,1279,1279,1185,1185,1176,1176,1064,1064,1030,1030,978,978,1073,1073,1075,1075,1072,1072,1157,1157,1124,1124,530,530,326,326,208,208,152,152,86,86,,,,,,,,,,,,,,,,,,,,,,,,,,,,,,,,,,,,,,,,,,,,,,,,
3945,1600,3881,3775,3779,1,0,0,0,0,0,0,0,0,0,0,0,0,0,0,1,1,1,1,1,1,1,1,1,1,1,1,1,1,1,1,1,1,1,1,1,1,1,1,0,0,0,0,0,0,0,0,0,0,,,,,,,,,,,,,,,,,,,,,,,,,,,,,,,,,,,,,,,,,,,,,,,,
3946,3850,3997,3724,3686;3883,2,54,54,54,54,38,38,41,41,48,48,53,53,149,149,1126,1126,1279,1279,1185,1185,1176,1176,1064,1064,1030,1030,978,978,1073,1073,1075,1075,1072,1072,1157,1157,1124,1124,530,530,326,326,208,208,152,152,86,86,,,,,,,,,,,,,,,,,,,,,,,,,,,,,,,,,,,,,,,,,,,,,,,,
3947,1200,4002,3916,,0,0,0,0,0,0,0,0,0,0,0,0,0,0,0,3,3,3,3,3,3,3,3,3,3,3,3,2,2,3,3,3,3,3,3,3,3,3,3,1,1,1,1,0,0,0,0,0,0,,,,,,,,,,,,,,,,,,,,,,,,,,,,,,,,,,,,,,,,,,,,,,,,
3948,800,3791,4056,3691,1,0,0,0,0,0,0,0,0,0,0,0,0,0,0,1,1,2,2,1,1,1,1,1,1,1,1,1,1,1,1,1,1,1,1,1,1,1,1,1,1,0,0,0,0,0,0,0,0,,,,,,,,,,,,,,,,,,,,,,,,,,,,,,,,,,,,,,,,,,,,,,,,
3949,1200,4052,3735,3977,1,0,0,0,0,0,0,0,0,0,0,0,0,0,0,1,1,1,1,1,1,1,1,1,1,1,1,1,1,1,1,1,1,1,1,1,1,1,1,0,0,0,0,0,0,0,0,0,0,,,,,,,,,,,,,,,,,,,,,,,,,,,,,,,,,,,,,,,,,,,,,,,,
395,800,266,394,265,1,0,0,0,0,0,0,0,0,0,0,0,0,1,1,4,4,5,5,4,4,4,4,4,4,3,3,4,4,4,4,4,4,4,4,4,4,4,4,2,2,1,1,1,1,1,1,0,0,,,,,,,,,,,,,,,,,,,,,,,,,,,,,,,,,,,,,,,,,,,,,,,,
3950,600,4145,3999,,0,0,0,0,0,0,0,0,0,0,0,0,0,0,0,2,2,2,2,2,2,2,2,2,2,2,2,2,2,2,2,2,2,2,2,2,2,2,2,1,1,0,0,0,0,0,0,0,0,,,,,,,,,,,,,,,,,,,,,,,,,,,,,,,,,,,,,,,,,,,,,,,,
3951,4400,4002,3787,,0,28,28,26,26,19,19,19,19,23,23,26,26,75,75,1275,1275,1350,1350,1326,1326,1336,1336,1209,1209,1193,1193,1112,1112,1205,1205,1259,1259,1229,1229,1320,1320,1293,1293,357,357,211,211,127,127,93,93,58,58,,,,,,,,,,,,,,,,,,,,,,,,,,,,,,,,,,,,,,,,,,,,,,,,
3952,1500,3727,3756,4113,1,21,21,20,20,14,14,14,14,17,17,20,20,56,56,1250,1250,1350,1350,1266,1266,1219,1219,1175,1175,1140,1140,1076,1076,1194,1194,1258,1258,1254,1254,1342,1342,1310,1310,268,268,158,158,95,95,70,70,44,44,,,,,,,,,,,,,,,,,,,,,,,,,,,,,,,,,,,,,,,,,,,,,,,,
3953,1100,4075,3782,4143,1,21,21,20,20,14,14,14,14,17,17,20,20,56,56,1250,1250,1350,1350,1266,1266,1219,1219,1175,1175,1140,1140,1076,1076,1194,1194,1258,1258,1254,1254,1342,1342,1310,1310,268,268,158,158,95,95,70,70,44,44,,,,,,,,,,,,,,,,,,,,,,,,,,,,,,,,,,,,,,,,,,,,,,,,
3954,1200,3773,3770,3922,1,0,0,0,0,0,0,0,0,0,0,0,0,0,0,2,2,2,2,2,2,2,2,2,2,2,2,2,2,2,2,2,2,2,2,2,2,2,2,1,1,0,0,0,0,0,0,0,0,,,,,,,,,,,,,,,,,,,,,,,,,,,,,,,,,,,,,,,,,,,,,,,,
3955,1200,3712,4094,4035,1,0,0,0,0,0,0,0,0,0,0,0,0,0,0,1,1,1,1,1,1,1,1,1,1,1,1,1,1,1,1,1,1,1,1,1,1,1,1,0,0,0,0,0,0,0,0,0,0,,,,,,,,,,,,,,,,,,,,,,,,,,,,,,,,,,,,,,,,,,,,,,,,
3956,1000,4112,3877,4142,1,28,28,26,26,19,19,19,19,23,23,26,26,75,75,1275,1275,1350,1350,1326,1326,1336,1336,1209,1209,1193,1193,1112,1112,1205,1205,1259,1259,1229,1229,1320,1320,1293,1293,357,357,211,211,127,127,93,93,58,58,,,,,,,,,,,,,,,,,,,,,,,,,,,,,,,,,,,,,,,,,,,,,,,,
3957,800,3697,3886,,0,0,0,0,0,0,0,0,0,0,0,0,0,0,0,5,5,5,5,5,5,5,5,4,4,4,4,4,4,4,4,5,5,5,5,5,5,5,5,2,2,1,1,1,1,0,0,0,0,,,,,,,,,,,,,,,,,,,,,,,,,,,,,,,,,,,,,,,,,,,,,,,,
3958,1600,3918,3681,,0,0,0,0,0,0,0,0,0,0,0,0,0,0,0,2,2,2,2,2,2,2,2,2,2,2,2,2,2,2,2,2,2,2,2,2,2,2,2,1,1,0,0,0,0,0,0,0,0,,,,,,,,,,,,,,,,,,,,,,,,,,,,,,,,,,,,,,,,,,,,,,,,
3959,300,3907,,4011,1,0,0,0,0,0,0,0,0,0,0,0,0,0,0,1,1,1,1,1,1,1,1,1,1,1,1,1,1,1,1,1,1,1,1,1,1,1,1,0,0,0,0,0,0,0,0,0,0,,,,,,,,,,,,,,,,,,,,,,,,,,,,,,,,,,,,,,,,,,,,,,,,
396,2500,397,171,,0,54,54,56,56,39,39,42,42,50,50,54,54,149,149,956,956,1147,1147,1075,1075,1033,1033,954,954,866,866,918,918,901,901,917,917,943,943,993,993,901,901,419,419,269,269,182,182,132,132,67,67,,,,,,,,,,,,,,,,,,,,,,,,,,,,,,,,,,,,,,,,,,,,,,,,
3960,2000,4043,3886,,0,28,28,26,26,19,19,19,19,23,23,26,26,75,75,1275,1275,1350,1350,1326,1326,1336,1336,1209,1209,1193,1193,1112,1112,1205,1205,1259,1259,1229,1229,1320,1320,1293,1293,357,357,211,211,127,127,93,93,58,58,,,,,,,,,,,,,,,,,,,,,,,,,,,,,,,,,,,,,,,,,,,,,,,,
3961,1500,4111,3682,3685,1,21,21,20,20,14,14,14,14,17,17,20,20,56,56,1250,1250,1350,1350,1266,1266,1219,1219,1175,1175,1140,1140,1076,1076,1194,1194,1258,1258,1254,1254,1342,1342,1310,1310,268,268,158,158,95,95,70,70,44,44,,,,,,,,,,,,,,,,,,,,,,,,,,,,,,,,,,,,,,,,,,,,,,,,
3962,1600,3731,4097,3905;3755,2,0,0,0,0,0,0,0,0,0,0,0,0,0,0,2,2,3,3,3,3,3,3,2,2,2,2,2,2,2,2,2,2,2,2,2,2,2,2,1,1,1,1,0,0,0,0,0,0,,,,,,,,,,,,,,,,,,,,,,,,,,,,,,,,,,,,,,,,,,,,,,,,
3963,1200,3912,4031,,0,0,0,0,0,0,0,0,0,0,0,0,0,0,0,3,3,3,3,3,3,3,3,2,2,2,2,2,2,2,2,3,3,3,3,3,3,3,3,1,1,1,1,0,0,0,0,0,0,,,,,,,,,,,,,,,,,,,,,,,,,,,,,,,,,,,,,,,,,,,,,,,,
3964,1200,3849,3863,,0,0,0,0,0,0,0,0,0,0,0,0,0,0,0,1,1,1,1,1,1,1,1,1,1,1,1,1,1,1,1,1,1,1,1,1,1,1,1,0,0,0,0,0,0,0,0,0,0,,,,,,,,,,,,,,,,,,,,,,,,,,,,,,,,,,,,,,,,,,,,,,,,
3965,1500,3944,3730,,0,54,54,54,54,38,38,41,41,48,48,53,53,149,149,1126,1126,1279,1279,1185,1185,1176,1176,1064,1064,1030,1030,978,978,1073,1073,1075,1075,1072,1072,1157,1157,1124,1124,530,530,326,326,208,208,152,152,86,86,,,,,,,,,,,,,,,,,,,,,,,,,,,,,,,,,,,,,,,,,,,,,,,,
3966,4400,3483,3833,4063;4104,2,67,67,70,70,49,49,53,53,62,62,67,67,186,186,910,910,1134,1134,1023,1023,977,977,900,900,812,812,861,861,864,864,851,851,886,886,939,939,854,854,524,524,336,336,227,227,165,165,84,84,,,,,,,,,,,,,,,,,,,,,,,,,,,,,,,,,,,,,,,,,,,,,,,,
3967,3000,4017,4051,4104;3925,2,67,67,70,70,49,49,53,53,62,62,67,67,186,186,910,910,1134,1134,1023,1023,977,977,900,900,812,812,861,861,864,864,851,851,886,886,939,939,854,854,524,524,336,336,227,227,165,165,84,84,,,,,,,,,,,,,,,,,,,,,,,,,,,,,,,,,,,,,,,,,,,,,,,,
3968,1200,4047,3793,,0,0,0,0,0,0,0,0,0,0,0,0,0,0,0,2,2,2,2,2,2,2,2,2,2,2,2,2,2,2,2,2,2,2,2,2,2,2,2,1,1,0,0,0,0,0,0,0,0,,,,,,,,,,,,,,,,,,,,,,,,,,,,,,,,,,,,,,,,,,,,,,,,
3969,800,4100,3844,4137,1,0,0,0,0,0,0,0,0,0,0,0,0,0,0,1,1,1,1,1,1,1,1,1,1,1,1,1,1,1,1,1,1,1,1,1,1,1,1,0,0,0,0,0,0,0,0,0,0,,,,,,,,,,,,,,,,,,,,,,,,,,,,,,,,,,,,,,,,,,,,,,,,
397,2500,396,398,187,1,54,54,56,56,39,39,42,42,50,50,54,54,149,149,956,956,1147,1147,1075,1075,1033,1033,954,954,866,866,918,918,901,901,917,917,943,943,993,993,901,901,419,419,269,269,182,182,132,132,67,67,,,,,,,,,,,,,,,,,,,,,,,,,,,,,,,,,,,,,,,,,,,,,,,,
3970,1600,3780,3874,,0,0,0,0,0,0,0,0,0,0,0,0,0,0,0,1,1,1,1,1,1,1,1,1,1,1,1,1,1,1,1,1,1,1,1,1,1,1,1,0,0,0,0,0,0,0,0,0,0,,,,,,,,,,,,,,,,,,,,,,,,,,,,,,,,,,,,,,,,,,,,,,,,
3971,2500,3807,tran_17c801be-99a7-4e2d-9818-0c4478d0a8f2,,0,59,59,60,60,42,42,45,45,53,53,58,58,161,161,1054,1054,1231,1231,1131,1131,1110,1110,1010,1010,957,957,939,939,1003,1003,1000,1000,1010,1010,1084,1084,1034,1034,528,528,329,329,215,215,157,157,85,85,,,,,,,,,,,,,,,,,,,,,,,,,,,,,,,,,,,,,,,,,,,,,,,,
3972,4400,3838,4003,,0,21,21,20,20,14,14,14,14,17,17,20,20,56,56,1250,1250,1350,1350,1266,1266,1219,1219,1175,1175,1140,1140,1076,1076,1194,1194,1258,1258,1254,1254,1342,1342,1310,1310,268,268,158,158,95,95,70,70,44,44,,,,,,,,,,,,,,,,,,,,,,,,,,,,,,,,,,,,,,,,,,,,,,,,
3973,800,,3998,,0,0,0,0,0,0,0,0,0,0,0,0,0,0,0,6,6,7,7,6,6,6,6,6,6,6,6,5,5,6,6,6,6,6,6,6,6,6,6,2,2,1,1,1,1,1,1,0,0,,,,,,,,,,,,,,,,,,,,,,,,,,,,,,,,,,,,,,,,,,,,,,,,
3974,1600,3931,3892,,0,53,53,55,55,38,38,42,42,48,48,53,53,146,146,715,715,891,891,804,804,768,768,707,707,638,638,676,676,679,679,669,669,696,696,738,738,671,671,411,411,264,264,178,178,130,130,66,66,,,,,,,,,,,,,,,,,,,,,,,,,,,,,,,,,,,,,,,,,,,,,,,,
3975,300,3893,3822,,0,0,0,0,0,0,0,0,0,0,0,0,0,1,1,7,7,8,8,7,7,7,7,7,7,6,6,6,6,7,7,7,7,7,7,7,7,7,7,2,2,1,1,1,1,1,1,0,0,,,,,,,,,,,,,,,,,,,,,,,,,,,,,,,,,,,,,,,,,,,,,,,,
3976,1200,3924,3799,3908;4077,2,0,0,0,0,0,0,0,0,0,0,0,0,0,0,1,1,1,1,1,1,1,1,1,1,1,1,1,1,1,1,1,1,1,1,1,1,1,1,0,0,0,0,0,0,0,0,0,0,,,,,,,,,,,,,,,,,,,,,,,,,,,,,,,,,,,,,,,,,,,,,,,,
3977,1200,3949,4069,,0,0,0,0,0,0,0,0,0,0,0,0,0,0,0,1,1,1,1,1,1,1,1,1,1,1,1,1,1,1,1,1,1,1,1,1,1,1,1,0,0,0,0,0,0,0,0,0,0,,,,,,,,,,,,,,,,,,,,,,,,,,,,,,,,,,,,,,,,,,,,,,,,
3978,1200,4116,3751,,0,0,0,0,0,0,0,0,0,0,0,0,0,0,0,3,3,3,3,3,3,3,3,3,3,2,2,2,2,3,3,3,3,3,3,3,3,3,3,1,1,1,1,0,0,0,0,0,0,,,,,,,,,,,,,,,,,,,,,,,,,,,,,,,,,,,,,,,,,,,,,,,,
3979,1200,4034,4087,,0,0,0,0,0,0,0,0,0,0,0,0,0,0,0,2,2,2,2,2,2,2,2,2,2,1,1,1,1,2,2,2,2,2,2,2,2,2,2,1,1,0,0,0,0,0,0,0,0,,,,,,,,,,,,,,,,,,,,,,,,,,,,,,,,,,,,,,,,,,,,,,,,
398,2500,399,397,,0,54,54,56,56,39,39,42,42,50,50,54,54,149,149,956,956,1147,1147,1075,1075,1033,1033,954,954,866,866,918,918,901,901,917,917,943,943,993,993,901,901,419,419,269,269,182,182,132,132,67,67,,,,,,,,,,,,,,,,,,,,,,,,,,,,,,,,,,,,,,,,,,,,,,,,
3980,2500,3759,3627,,0,67,67,70,70,49,49,53,53,62,62,67,67,186,186,910,910,1134,1134,1023,1023,977,977,900,900,812,812,861,861,864,864,851,851,886,886,939,939,854,854,524,524,336,336,227,227,165,165,84,84,,,,,,,,,,,,,,,,,,,,,,,,,,,,,,,,,,,,,,,,,,,,,,,,
3981,1500,3929,3816,3883,1,54,54,54,54,38,38,41,41,48,48,53,53,149,149,1126,1126,1279,1279,1185,1185,1176,1176,1064,1064,1030,1030,978,978,1073,1073,1075,1075,1072,1072,1157,1157,1124,1124,530,530,326,326,208,208,152,152,86,86,,,,,,,,,,,,,,,,,,,,,,,,,,,,,,,,,,,,,,,,,,,,,,,,
3982,3000,4093,3935,,0,28,28,26,26,19,19,19,19,23,23,26,26,75,75,1275,1275,1350,1350,1326,1326,1336,1336,1209,1209,1193,1193,1112,1112,1205,1205,1259,1259,1229,1229,1320,1320,1293,1293,357,357,211,211,127,127,93,93,58,58,,,,,,,,,,,,,,,,,,,,,,,,,,,,,,,,,,,,,,,,,,,,,,,,
3983,4400,3899,3745,4053;3924;3682;4031;3813;4075,6,21,21,20,20,14,14,14,14,17,17,20,20,56,56,1250,1250,1350,1350,1266,1266,1219,1219,1175,1175,1140,1140,1076,1076,1194,1194,1258,1258,1254,1254,1342,1342,1310,1310,268,268,158,158,95,95,70,70,44,44,,,,,,,,,,,,,,,,,,,,,,,,,,,,,,,,,,,,,,,,,,,,,,,,
3984,800,4050,3874,,0,0,0,0,0,0,0,0,0,0,0,0,0,0,0,1,1,1,1,1,1,1,1,1,1,1,1,1,1,1,1,1,1,1,1,1,1,1,1,0,0,0,0,0,0,0,0,0,0,,,,,,,,,,,,,,,,,,,,,,,,,,,,,,,,,,,,,,,,,,,,,,,,
3985,4400,3795,4147,,0,54,54,54,54,38,38,41,41,48,48,53,53,149,149,1126,1126,1279,1279,1185,1185,1176,1176,1064,1064,1030,1030,978,978,1073,1073,1075,1075,1072,1072,1157,1157,1124,1124,530,530,326,326,208,208,152,152,86,86,,,,,,,,,,,,,,,,,,,,,,,,,,,,,,,,,,,,,,,,,,,,,,,,
3986,1600,3723,3676,,0,0,0,0,0,0,0,0,0,0,0,0,0,0,0,2,2,2,2,2,2,2,2,2,2,2,2,1,1,2,2,2,2,2,2,2,2,2,2,1,1,0,0,0,0,0,0,0,0,,,,,,,,,,,,,,,,,,,,,,,,,,,,,,,,,,,,,,,,,,,,,,,,
3987,1500,3751,4016,,0,21,21,20,20,14,14,14,14,17,17,20,20,56,56,1250,1250,1350,1350,1266,1266,1219,1219,1175,1175,1140,1140,1076,1076,1194,1194,1258,1258,1254,1254,1342,1342,1310,1310,268,268,158,158,95,95,70,70,44,44,,,,,,,,,,,,,,,,,,,,,,,,,,,,,,,,,,,,,,,,,,,,,,,,
3988,300,3778,3796,,0,0,0,0,0,0,0,0,0,0,0,0,0,0,0,5,5,5,5,5,5,5,5,5,5,5,5,4,4,5,5,5,5,5,5,5,5,5,5,2,2,1,1,1,1,0,0,0,0,,,,,,,,,,,,,,,,,,,,,,,,,,,,,,,,,,,,,,,,,,,,,,,,
3989,1200,4087,4085,,0,0,0,0,0,0,0,0,0,0,0,0,0,0,0,2,2,2,2,2,2,2,2,2,2,2,2,2,2,2,2,2,2,2,2,2,2,2,2,1,1,1,1,0,0,0,0,0,0,,,,,,,,,,,,,,,,,,,,,,,,,,,,,,,,,,,,,,,,,,,,,,,,
399,2000,196,400,398,1,54,54,56,56,39,39,42,42,50,50,54,54,149,149,956,956,1147,1147,1075,1075,1033,1033,954,954,866,866,918,918,901,901,917,917,943,943,993,993,901,901,419,419,269,269,182,182,132,132,67,67,,,,,,,,,,,,,,,,,,,,,,,,,,,,,,,,,,,,,,,,,,,,,,,,
3990,1500,3868,4096,3862,1,28,28,26,26,19,19,19,19,23,23,26,26,75,75,1275,1275,1350,1350,1326,1326,1336,1336,1209,1209,1193,1193,1112,1112,1205,1205,1259,1259,1229,1229,1320,1320,1293,1293,357,357,211,211,127,127,93,93,58,58,,,,,,,,,,,,,,,,,,,,,,,,,,,,,,,,,,,,,,,,,,,,,,,,
3991,2500,4114,4130,,0,28,28,26,26,19,19,19,19,23,23,26,26,75,75,1275,1275,1350,1350,1326,1326,1336,1336,1209,1209,1193,1193,1112,1112,1205,1205,1259,1259,1229,1229,1320,1320,1293,1293,357,357,211,211,127,127,93,93,58,58,,,,,,,,,,,,,,,,,,,,,,,,,,,,,,,,,,,,,,,,,,,,,,,,
3992,800,4150,4012,3742,1,0,0,0,0,0,0,0,0,0,0,0,0,0,0,1,1,1,1,1,1,1,1,1,1,1,1,1,1,1,1,1,1,1,1,1,1,1,1,1,1,0,0,0,0,0,0,0,0,,,,,,,,,,,,,,,,,,,,,,,,,,,,,,,,,,,,,,,,,,,,,,,,
3993,800,,3743,,0,0,0,0,0,0,0,0,0,0,0,0,0,1,1,6,6,7,7,6,6,6,6,6,6,6,6,5,5,6,6,6,6,6,6,6,6,6,6,2,2,1,1,1,1,1,1,0,0,,,,,,,,,,,,,,,,,,,,,,,,,,,,,,,,,,,,,,,,,,,,,,,,
3994,1100,3787,4003,,0,28,28,26,26,19,19,19,19,23,23,26,26,75,75,1275,1275,1350,1350,1326,1326,1336,1336,1209,1209,1193,1193,1112,1112,1205,1205,1259,1259,1229,1229,1320,1320,1293,1293,357,357,211,211,127,127,93,93,58,58,,,,,,,,,,,,,,,,,,,,,,,,,,,,,,,,,,,,,,,,,,,,,,,,
3995,800,4049,3767,,0,0,0,0,0,0,0,0,0,0,0,0,0,0,0,3,3,3,3,3,3,3,3,3,3,2,2,2,2,3,3,3,3,3,3,3,3,3,3,1,1,1,1,0,0,0,0,0,0,,,,,,,,,,,,,,,,,,,,,,,,,,,,,,,,,,,,,,,,,,,,,,,,
3996,1200,4009,4028,,0,0,0,0,0,0,0,0,0,0,0,0,0,0,0,2,2,3,3,2,2,2,2,2,2,2,2,2,2,2,2,2,2,2,2,2,2,2,2,1,1,1,1,0,0,0,0,0,0,,,,,,,,,,,,,,,,,,,,,,,,,,,,,,,,,,,,,,,,,,,,,,,,
3997,1650,,3946,3938,1,54,54,54,54,38,38,41,41,48,48,53,53,149,149,1126,1126,1279,1279,1185,1185,1176,1176,1064,1064,1030,1030,978,978,1073,1073,1075,1075,1072,1072,1157,1157,1124,1124,530,530,326,326,208,208,152,152,86,86,,,,,,,,,,,,,,,,,,,,,,,,,,,,,,,,,,,,,,,,,,,,,,,,
3998,1650,3711,3868,3973,1,28,28,26,26,19,19,19,19,23,23,26,26,75,75,1275,1275,1350,1350,1326,1326,1336,1336,1209,1209,1193,1193,1112,1112,1205,1205,1259,1259,1229,1229,1320,1320,1293,1293,357,357,211,211,127,127,93,93,58,58,,,,,,,,,,,,,,,,,,,,,,,,,,,,,,,,,,,,,,,,,,,,,,,,
3999,600,3950,3828,3830,1,53,53,55,55,38,38,42,42,48,48,53,53,146,146,715,715,891,891,804,804,768,768,707,707,638,638,676,676,679,679,669,669,696,696,738,738,671,671,411,411,264,264,178,178,130,130,66,66,,,,,,,,,,,,,,,,,,,,,,,,,,,,,,,,,,,,,,,,,,,,,,,,
4,2000,381,14,,0,45,45,47,47,33,33,35,35,41,41,45,45,124,124,986,986,1156,1156,1110,1110,1070,1070,989,989,903,903,956,956,926,926,960,960,982,982,1030,1030,933,933,349,349,224,224,151,151,110,110,56,56,,,,,,,,,,,,,,,,,,,,,,,,,,,,,,,,,,,,,,,,,,,,,,,,
40,2500,369,51,,0,50,50,52,52,37,37,40,40,46,46,50,50,140,140,967,967,1151,1151,1088,1088,1047,1047,967,967,880,880,932,932,911,911,933,933,958,958,1007,1007,913,913,393,393,252,252,170,170,124,124,63,63,,,,,,,,,,,,,,,,,,,,,,,,,,,,,,,,,,,,,,,,,,,,,,,,
400,2500,399,401,,0,54,54,56,56,39,39,42,42,50,50,54,54,149,149,956,956,1147,1147,1075,1075,1033,1033,954,954,866,866,918,918,901,901,917,917,943,943,993,993,901,901,419,419,269,269,182,182,132,132,67,67,,,,,,,,,,,,,,,,,,,,,,,,,,,,,,,,,,,,,,,,,,,,,,,,
4000,1200,4096,3789,,0,0,0,0,0,0,0,0,0,0,0,0,0,0,0,2,2,2,2,2,2,2,2,2,2,2,2,2,2,2,2,2,2,2,2,2,2,2,2,1,1,0,0,0,0,0,0,0,0,,,,,,,,,,,,,,,,,,,,,,,,,,,,,,,,,,,,,,,,,,,,,,,,
4001,1200,3914,3849,,0,0,0,0,0,0,0,0,0,0,0,0,0,0,0,3,3,3,3,3,3,3,3,3,3,2,2,2,2,3,3,3,3,3,3,3,3,3,3,1,1,1,1,0,0,0,0,0,0,,,,,,,,,,,,,,,,,,,,,,,,,,,,,,,,,,,,,,,,,,,,,,,,
4002,1000,4073,3947,3951,1,28,28,26,26,19,19,19,19,23,23,26,26,75,75,1275,1275,1350,1350,1326,1326,1336,1336,1209,1209,1193,1193,1112,1112,1205,1205,1259,1259,1229,1229,1320,1320,1293,1293,357,357,211,211,127,127,93,93,58,58,,,,,,,,,,,,,,,,,,,,,,,,,,,,,,,,,,,,,,,,,,,,,,,,
4003,550,3972,4071,3994,1,28,28,26,26,19,19,19,19,23,23,26,26,75,75,1275,1275,1350,1350,1326,1326,1336,1336,1209,1209,1193,1193,1112,1112,1205,1205,1259,1259,1229,1229,1320,1320,1293,1293,357,357,211,211,127,127,93,93,58,58,,,,,,,,,,,,,,,,,,,,,,,,,,,,,,,,,,,,,,,,,,,,,,,,
4004,1200,3769,4116,,0,0,0,0,0,0,0,0,0,0,0,0,0,0,0,1,1,2,2,2,2,2,2,1,1,1,1,1,1,1,1,1,1,1,1,2,2,1,1,1,1,0,0,0,0,0,0,0,0,,,,,,,,,,,,,,,,,,,,,,,,,,,,,,,,,,,,,,,,,,,,,,,,
4005,400,3698,3808,3865,1,0,0,0,0,0,0,0,0,0,0,0,0,0,0,3,3,3,3,3,3,3,3,2,2,2,2,2,2,2,2,2,2,2,2,3,3,3,3,1,1,1,1,0,0,0,0,0,0,,,,,,,,,,,,,,,,,,,,,,,,,,,,,,,,,,,,,,,,,,,,,,,,
4006,1600,3478,3940,,0,0,0,0,0,0,0,0,0,0,0,0,0,0,0,1,1,2,2,2,2,1,1,1,1,1,1,1,1,1,1,1,1,1,1,1,1,1,1,1,1,0,0,0,0,0,0,0,0,,,,,,,,,,,,,,,,,,,,,,,,,,,,,,,,,,,,,,,,,,,,,,,,
4007,800,4126,3786,3906,1,0,0,0,0,0,0,0,0,0,0,0,0,0,0,2,2,2,2,2,2,2,2,2,2,2,2,2,2,2,2,2,2,2,2,2,2,2,2,1,1,0,0,0,0,0,0,0,0,,,,,,,,,,,,,,,,,,,,,,,,,,,,,,,,,,,,,,,,,,,,,,,,
4008,800,tran_07b2d90a-15db-4acd-aa9c-e4b30ee03f63,4018,3835,1,0,0,0,0,0,0,0,0,0,0,0,0,0,0,3,3,3,3,3,3,3,3,3,3,3,3,3,3,3,3,3,3,3,3,3,3,3,3,1,1,1,1,0,0,0,0,0,0,,,,,,,,,,,,,,,,,,,,,,,,,,,,,,,,,,,,,,,,,,,,,,,,
4009,800,3996,4095,4062,1,0,0,0,0,0,0,0,0,0,0,0,0,0,0,2,2,3,3,3,3,3,3,2,2,2,2,2,2,2,2,2,2,2,2,3,3,2,2,1,1,1,1,0,0,0,0,0,0,,,,,,,,,,,,,,,,,,,,,,,,,,,,,,,,,,,,,,,,,,,,,,,,
401,2000,400,402,217,1,54,54,56,56,39,39,42,42,50,50,54,54,149,149,956,956,1147,1147,1075,1075,1033,1033,954,954,866,866,918,918,901,901,917,917,943,943,993,993,901,901,419,419,269,269,182,182,132,132,67,67,,,,,,,,,,,,,,,,,,,,,,,,,,,,,,,,,,,,,,,,,,,,,,,,
4010,1600,,4135,,0,33,33,31,31,22,22,23,23,26,26,31,31,88,88,1055,1055,1119,1119,1058,1058,1080,1080,966,966,980,980,861,861,1008,1008,1021,1021,988,988,1080,1080,1096,1096,421,421,249,249,150,150,110,110,68,68,,,,,,,,,,,,,,,,,,,,,,,,,,,,,,,,,,,,,,,,,,,,,,,,
4011,800,3933,3959,4150,1,53,53,55,55,38,38,42,42,48,48,53,53,146,146,715,715,891,891,804,804,768,768,707,707,638,638,676,676,679,679,669,669,696,696,738,738,671,671,411,411,264,264,178,178,130,130,66,66,,,,,,,,,,,,,,,,,,,,,,,,,,,,,,,,,,,,,,,,,,,,,,,,
4012,1600,3917,3992,,0,0,0,0,0,0,0,0,0,0,0,0,0,0,0,909,909,1002,1002,931,931,835,835,881,881,812,812,829,829,868,868,957,957,982,982,1027,1027,964,964,0,0,0,0,0,0,0,0,0,0,,,,,,,,,,,,,,,,,,,,,,,,,,,,,,,,,,,,,,,,,,,,,,,,
4013,1600,3841,4151,,0,0,0,0,0,0,0,0,0,0,0,0,0,0,0,1,1,2,2,2,2,2,2,1,1,1,1,1,1,1,1,1,1,1,1,1,1,1,1,1,1,0,0,0,0,0,0,0,0,,,,,,,,,,,,,,,,,,,,,,,,,,,,,,,,,,,,,,,,,,,,,,,,
4014,4400,3934,3800,,0,42,42,39,39,28,28,29,29,34,34,39,39,112,112,1343,1343,1424,1424,1347,1347,1375,1375,1229,1229,1247,1247,1096,1096,1282,1282,1299,1299,1257,1257,1375,1375,1394,1394,536,536,316,316,190,190,140,140,87,87,,,,,,,,,,,,,,,,,,,,,,,,,,,,,,,,,,,,,,,,,,,,,,,,
4015,1200,4054,3745,,0,0,0,0,0,0,0,0,0,0,0,0,0,0,0,2,2,3,3,2,2,2,2,2,2,2,2,2,2,2,2,2,2,2,2,2,2,2,2,1,1,1,1,0,0,0,0,0,0,,,,,,,,,,,,,,,,,,,,,,,,,,,,,,,,,,,,,,,,,,,,,,,,
4016,2000,3987,3875,3841;4020,2,21,21,20,20,14,14,14,14,17,17,20,20,56,56,1250,1250,1350,1350,1266,1266,1219,1219,1175,1175,1140,1140,1076,1076,1194,1194,1258,1258,1254,1254,1342,1342,1310,1310,268,268,158,158,95,95,70,70,44,44,,,,,,,,,,,,,,,,,,,,,,,,,,,,,,,,,,,,,,,,,,,,,,,,
4017,2500,3967,3804,,0,67,67,70,70,49,49,53,53,62,62,67,67,186,186,910,910,1134,1134,1023,1023,977,977,900,900,812,812,861,861,864,864,851,851,886,886,939,939,854,854,524,524,336,336,227,227,165,165,84,84,,,,,,,,,,,,,,,,,,,,,,,,,,,,,,,,,,,,,,,,,,,,,,,,
4018,800,,4008,,0,0,0,0,0,0,0,0,0,0,0,0,0,0,0,3,3,3,3,3,3,3,3,3,3,3,3,3,3,3,3,3,3,3,3,3,3,3,3,1,1,1,1,0,0,0,0,0,0,,,,,,,,,,,,,,,,,,,,,,,,,,,,,,,,,,,,,,,,,,,,,,,,
4019,1600,4090,4076,,0,0,0,0,0,0,0,0,0,0,0,0,0,0,0,1,1,1,1,1,1,1,1,1,1,1,1,1,1,1,1,1,1,1,1,1,1,1,1,0,0,0,0,0,0,0,0,0,0,,,,,,,,,,,,,,,,,,,,,,,,,,,,,,,,,,,,,,,,,,,,,,,,
402,2000,401,403,,0,54,54,56,56,39,39,42,42,50,50,54,54,149,149,956,956,1147,1147,1075,1075,1033,1033,954,954,866,866,918,918,901,901,917,917,943,943,993,993,901,901,419,419,269,269,182,182,132,132,67,67,,,,,,,,,,,,,,,,,,,,,,,,,,,,,,,,,,,,,,,,,,,,,,,,
4020,4400,4102,4016,,0,21,21,20,20,14,14,14,14,17,17,20,20,56,56,1250,1250,1350,1350,1266,1266,1219,1219,1175,1175,1140,1140,1076,1076,1194,1194,1258,1258,1254,1254,1342,1342,1310,1310,268,268,158,158,95,95,70,70,44,44,,,,,,,,,,,,,,,,,,,,,,,,,,,,,,,,,,,,,,,,,,,,,,,,
4021,1500,3878,3804,,0,67,67,70,70,49,49,53,53,62,62,67,67,186,186,910,910,1134,1134,1023,1023,977,977,900,900,812,812,861,861,864,864,851,851,886,886,939,939,854,854,524,524,336,336,227,227,165,165,84,84,,,,,,,,,,,,,,,,,,,,,,,,,,,,,,,,,,,,,,,,,,,,,,,,
4022,800,3815,3820,3915,1,0,0,0,0,0,0,0,0,0,0,0,0,0,0,4,4,4,4,4,4,4,4,4,4,4,4,3,3,4,4,4,4,4,4,4,4,4,4,1,1,1,1,0,0,0,0,0,0,,,,,,,,,,,,,,,,,,,,,,,,,,,,,,,,,,,,,,,,,,,,,,,,
4023,1600,3858,3762,,0,0,0,0,0,0,0,0,0,0,0,0,0,0,0,2,2,3,3,2,2,2,2,2,2,2,2,2,2,2,2,2,2,2,2,2,2,2,2,1,1,1,1,0,0,0,0,0,0,,,,,,,,,,,,,,,,,,,,,,,,,,,,,,,,,,,,,,,,,,,,,,,,
4024,300,,3845,,0,0,0,0,0,0,0,0,0,0,0,0,0,0,0,3,3,4,4,4,4,3,3,3,3,3,3,3,3,3,3,3,3,3,3,3,3,3,3,1,1,1,1,1,1,0,0,0,0,,,,,,,,,,,,,,,,,,,,,,,,,,,,,,,,,,,,,,,,,,,,,,,,
4025,4000,3743,4086,,0,28,28,26,26,19,19,19,19,23,23,26,26,75,75,1275,1275,1350,1350,1326,1326,1336,1336,1209,1209,1193,1193,1112,1112,1205,1205,1259,1259,1229,1229,1320,1320,1293,1293,357,357,211,211,127,127,93,93,58,58,,,,,,,,,,,,,,,,,,,,,,,,,,,,,,,,,,,,,,,,,,,,,,,,
4026,4400,3785,3899,,0,28,28,26,26,19,19,19,19,23,23,26,26,75,75,1275,1275,1350,1350,1326,1326,1336,1336,1209,1209,1193,1193,1112,1112,1205,1205,1259,1259,1229,1229,1320,1320,1293,1293,357,357,211,211,127,127,93,93,58,58,,,,,,,,,,,,,,,,,,,,,,,,,,,,,,,,,,,,,,,,,,,,,,,,
4027,1200,3753,4147,,0,0,0,0,0,0,0,0,0,0,0,0,0,0,0,1,1,1,1,1,1,1,1,1,1,1,1,1,1,1,1,1,1,1,1,1,1,1,1,0,0,0,0,0,0,0,0,0,0,,,,,,,,,,,,,,,,,,,,,,,,,,,,,,,,,,,,,,,,,,,,,,,,
4028,1200,4105,3996,3829,1,0,0,0,0,0,0,0,0,0,0,0,0,0,0,2,2,2,2,2,2,2,2,2,2,2,2,2,2,2,2,2,2,2,2,2,2,2,2,1,1,1,1,0,0,0,0,0,0,,,,,,,,,,,,,,,,,,,,,,,,,,,,,,,,,,,,,,,,,,,,,,,,
4029,1500,3494,3728,,0,54,54,54,54,38,38,41,41,48,48,53,53,149,149,1126,1126,1279,1279,1185,1185,1176,1176,1064,1064,1030,1030,978,978,1073,1073,1075,1075,1072,1072,1157,1157,1124,1124,530,530,326,326,208,208,152,152,86,86,,,,,,,,,,,,,,,,,,,,,,,,,,,,,,,,,,,,,,,,,,,,,,,,
403,800,402,206,404,1,0,0,0,0,0,0,0,0,0,0,0,0,1,1,8,8,10,10,9,9,9,9,8,8,8,8,8,8,8,8,8,8,8,8,9,9,8,8,4,4,2,2,2,2,1,1,1,1,,,,,,,,,,,,,,,,,,,,,,,,,,,,,,,,,,,,,,,,,,,,,,,,
4030,1200,4148,3921,,0,0,0,0,0,0,0,0,0,0,0,0,0,0,0,3,3,3,3,3,3,3,3,3,3,3,3,3,3,3,3,3,3,3,3,3,3,3,3,1,1,1,1,0,0,0,0,0,0,,,,,,,,,,,,,,,,,,,,,,,,,,,,,,,,,,,,,,,,,,,,,,,,
4031,3000,3983,4132,3797;4036;3963,3,21,21,20,20,14,14,14,14,17,17,20,20,56,56,1250,1250,1350,1350,1266,1266,1219,1219,1175,1175,1140,1140,1076,1076,1194,1194,1258,1258,1254,1254,1342,1342,1310,1310,268,268,158,158,95,95,70,70,44,44,,,,,,,,,,,,,,,,,,,,,,,,,,,,,,,,,,,,,,,,,,,,,,,,
4032,1200,4087,3780,,0,0,0,0,0,0,0,0,0,0,0,0,0,0,0,1,1,1,1,1,1,1,1,1,1,1,1,1,1,1,1,1,1,1,1,1,1,1,1,0,0,0,0,0,0,0,0,0,0,,,,,,,,,,,,,,,,,,,,,,,,,,,,,,,,,,,,,,,,,,,,,,,,
4033,800,4097,3774,4123,1,0,0,0,0,0,0,0,0,0,0,0,0,0,0,2,2,3,3,3,3,3,3,2,2,2,2,2,2,2,2,2,2,2,2,3,3,2,2,1,1,1,1,0,0,0,0,0,0,,,,,,,,,,,,,,,,,,,,,,,,,,,,,,,,,,,,,,,,,,,,,,,,
4034,1200,3891,3906,3732;3979,2,0,0,0,0,0,0,0,0,0,0,0,0,0,0,2,2,2,2,2,2,2,2,2,2,2,2,2,2,2,2,2,2,2,2,2,2,2,2,1,1,1,1,0,0,0,0,0,0,,,,,,,,,,,,,,,,,,,,,,,,,,,,,,,,,,,,,,,,,,,,,,,,
4035,3000,3761,3955,,0,21,21,20,20,14,14,14,14,17,17,20,20,56,56,1250,1250,1350,1350,1266,1266,1219,1219,1175,1175,1140,1140,1076,1076,1194,1194,1258,1258,1254,1254,1342,1342,1310,1310,268,268,158,158,95,95,70,70,44,44,,,,,,,,,,,,,,,,,,,,,,,,,,,,,,,,,,,,,,,,,,,,,,,,
4036,1600,3856,4031,,0,0,0,0,0,0,0,0,0,0,0,0,0,0,0,2,2,3,3,2,2,2,2,2,2,2,2,2,2,2,2,2,2,2,2,2,2,2,2,1,1,1,1,0,0,0,0,0,0,,,,,,,,,,,,,,,,,,,,,,,,,,,,,,,,,,,,,,,,,,,,,,,,
4037,300,3839,,,0,0,0,0,0,0,0,0,0,0,0,0,0,0,0,2,2,2,2,2,2,2,2,2,2,2,2,2,2,2,2,2,2,2,2,2,2,2,2,1,1,0,0,0,0,0,0,0,0,,,,,,,,,,,,,,,,,,,,,,,,,,,,,,,,,,,,,,,,,,,,,,,,
4038,4000,3761,,,0,0,0,0,0,0,0,0,0,0,0,0,0,0,0,1156,1156,1275,1275,1184,1184,1063,1063,1121,1121,1033,1033,1056,1056,1105,1105,1218,1218,1250,1250,1308,1308,1226,1226,0,0,0,0,0,0,0,0,0,0,,,,,,,,,,,,,,,,,,,,,,,,,,,,,,,,,,,,,,,,,,,,,,,,
4039,4000,4060,4106,3744;3711,2,28,28,26,26,19,19,19,19,23,23,26,26,75,75,1275,1275,1350,1350,1326,1326,1336,1336,1209,1209,1193,1193,1112,1112,1205,1205,1259,1259,1229,1229,1320,1320,1293,1293,357,357,211,211,127,127,93,93,58,58,,,,,,,,,,,,,,,,,,,,,,,,,,,,,,,,,,,,,,,,,,,,,,,,
404,2500,403,405,,0,54,54,56,56,39,39,42,42,50,50,54,54,149,149,956,956,1147,1147,1075,1075,1033,1033,954,954,866,866,918,918,901,901,917,917,943,943,993,993,901,901,419,419,269,269,182,182,132,132,67,67,,,,,,,,,,,,,,,,,,,,,,,,,,,,,,,,,,,,,,,,,,,,,,,,
4040,400,3721,4101,3879,1,0,0,0,0,0,0,0,0,0,0,0,0,1,1,7,7,8,8,8,8,8,8,7,7,7,7,6,6,7,7,7,7,7,7,8,8,7,7,3,3,2,2,1,1,1,1,0,0,,,,,,,,,,,,,,,,,,,,,,,,,,,,,,,,,,,,,,,,,,,,,,,,
4041,2000,3491,3944,,0,54,54,54,54,38,38,41,41,48,48,53,53,149,149,1126,1126,1279,1279,1185,1185,1176,1176,1064,1064,1030,1030,978,978,1073,1073,1075,1075,1072,1072,1157,1157,1124,1124,530,530,326,326,208,208,152,152,86,86,,,,,,,,,,,,,,,,,,,,,,,,,,,,,,,,,,,,,,,,,,,,,,,,
4042,800,3698,,,0,0,0,0,0,0,0,0,0,0,0,0,0,0,0,3,3,3,3,3,3,3,3,3,3,3,3,3,3,3,3,3,3,3,3,3,3,3,3,1,1,1,1,0,0,0,0,0,0,,,,,,,,,,,,,,,,,,,,,,,,,,,,,,,,,,,,,,,,,,,,,,,,
4043,2500,3960,3789,3832;3916,2,28,28,26,26,19,19,19,19,23,23,26,26,75,75,1275,1275,1350,1350,1326,1326,1336,1336,1209,1209,1193,1193,1112,1112,1205,1205,1259,1259,1229,1229,1320,1320,1293,1293,357,357,211,211,127,127,93,93,58,58,,,,,,,,,,,,,,,,,,,,,,,,,,,,,,,,,,,,,,,,,,,,,,,,
4044,1600,3768,3753,,0,0,0,0,0,0,0,0,0,0,0,0,0,0,0,2,2,3,3,3,3,3,3,2,2,2,2,2,2,2,2,2,2,2,2,3,3,2,2,1,1,1,1,0,0,0,0,0,0,,,,,,,,,,,,,,,,,,,,,,,,,,,,,,,,,,,,,,,,,,,,,,,,
4045,1600,3619,3937,,0,0,0,0,0,0,0,0,0,0,0,0,0,0,0,2,2,2,2,2,2,2,2,2,2,2,2,2,2,2,2,2,2,2,2,2,2,2,2,1,1,0,0,0,0,0,0,0,0,,,,,,,,,,,,,,,,,,,,,,,,,,,,,,,,,,,,,,,,,,,,,,,,
4046,4400,3772,4068,,0,28,28,26,26,19,19,19,19,23,23,26,26,75,75,1275,1275,1350,1350,1326,1326,1336,1336,1209,1209,1193,1193,1112,1112,1205,1205,1259,1259,1229,1229,1320,1320,1293,1293,357,357,211,211,127,127,93,93,58,58,,,,,,,,,,,,,,,,,,,,,,,,,,,,,,,,,,,,,,,,,,,,,,,,
4047,4400,3724,3494,4131;3968,2,54,54,54,54,38,38,41,41,48,48,53,53,149,149,1126,1126,1279,1279,1185,1185,1176,1176,1064,1064,1030,1030,978,978,1073,1073,1075,1075,1072,1072,1157,1157,1124,1124,530,530,326,326,208,208,152,152,86,86,,,,,,,,,,,,,,,,,,,,,,,,,,,,,,,,,,,,,,,,,,,,,,,,
4048,2000,3814,3726,,0,21,21,20,20,14,14,14,14,17,17,20,20,56,56,1250,1250,1350,1350,1266,1266,1219,1219,1175,1175,1140,1140,1076,1076,1194,1194,1258,1258,1254,1254,1342,1342,1310,1310,268,268,158,158,95,95,70,70,44,44,,,,,,,,,,,,,,,,,,,,,,,,,,,,,,,,,,,,,,,,,,,,,,,,
4049,1600,3722,3995,4095;4127,2,0,0,0,0,0,0,0,0,0,0,0,0,0,0,2,2,2,2,2,2,2,2,2,2,2,2,2,2,2,2,2,2,2,2,2,2,2,2,1,1,0,0,0,0,0,0,0,0,,,,,,,,,,,,,,,,,,,,,,,,,,,,,,,,,,,,,,,,,,,,,,,,
405,2000,232,406,404,1,54,54,56,56,39,39,42,42,50,50,54,54,149,149,956,956,1147,1147,1075,1075,1033,1033,954,954,866,866,918,918,901,901,917,917,943,943,993,993,901,901,419,419,269,269,182,182,132,132,67,67,,,,,,,,,,,,,,,,,,,,,,,,,,,,,,,,,,,,,,,,,,,,,,,,
4050,1200,3786,3984,3717,1,0,0,0,0,0,0,0,0,0,0,0,0,0,0,1,1,2,2,2,2,2,2,1,1,1,1,1,1,1,1,1,1,1,1,2,2,1,1,1,1,0,0,0,0,0,0,0,0,,,,,,,,,,,,,,,,,,,,,,,,,,,,,,,,,,,,,,,,,,,,,,,,
4051,1200,3967,3759,,0,0,0,0,0,0,0,0,0,0,0,0,0,0,0,2,2,2,2,2,2,2,2,2,2,2,2,2,2,2,2,2,2,2,2,2,2,2,2,1,1,1,1,0,0,0,0,0,0,,,,,,,,,,,,,,,,,,,,,,,,,,,,,,,,,,,,,,,,,,,,,,,,
4052,1600,3831,3949,,0,0,0,0,0,0,0,0,0,0,0,0,0,0,0,1,1,2,2,2,2,1,1,1,1,1,1,1,1,1,1,1,1,1,1,1,1,1,1,1,1,0,0,0,0,0,0,0,0,,,,,,,,,,,,,,,,,,,,,,,,,,,,,,,,,,,,,,,,,,,,,,,,
4053,1600,3983,3874,3924,1,0,0,0,0,0,0,0,0,0,0,0,0,0,0,1,1,1,1,1,1,1,1,1,1,1,1,1,1,1,1,1,1,1,1,1,1,1,1,0,0,0,0,0,0,0,0,0,0,,,,,,,,,,,,,,,,,,,,,,,,,,,,,,,,,,,,,,,,,,,,,,,,
4054,1600,4015,3837,4132,1,0,0,0,0,0,0,0,0,0,0,0,0,0,0,1,1,2,2,2,2,1,1,1,1,1,1,1,1,1,1,1,1,1,1,2,2,1,1,1,1,0,0,0,0,0,0,0,0,,,,,,,,,,,,,,,,,,,,,,,,,,,,,,,,,,,,,,,,,,,,,,,,
4055,400,3725,3777,3694,1,0,0,0,0,0,0,0,0,0,0,0,0,0,0,1,1,1,1,1,1,1,1,1,1,1,1,1,1,1,1,1,1,1,1,1,1,1,1,0,0,0,0,0,0,0,0,0,0,,,,,,,,,,,,,,,,,,,,,,,,,,,,,,,,,,,,,,,,,,,,,,,,
4056,1200,3948,3762,,0,0,0,0,0,0,0,0,0,0,0,0,0,0,0,1,1,1,1,1,1,1,1,1,1,1,1,1,1,1,1,1,1,1,1,1,1,1,1,1,1,0,0,0,0,0,0,0,0,,,,,,,,,,,,,,,,,,,,,,,,,,,,,,,,,,,,,,,,,,,,,,,,
4057,1200,3788,3797,,0,0,0,0,0,0,0,0,0,0,0,0,0,0,0,2,2,2,2,2,2,2,2,2,2,1,1,1,1,2,2,2,2,2,2,2,2,2,2,1,1,0,0,0,0,0,0,0,0,,,,,,,,,,,,,,,,,,,,,,,,,,,,,,,,,,,,,,,,,,,,,,,,
4058,1500,3809,3944,,0,54,54,54,54,38,38,41,41,48,48,53,53,149,149,1126,1126,1279,1279,1185,1185,1176,1176,1064,1064,1030,1030,978,978,1073,1073,1075,1075,1072,1072,1157,1157,1124,1124,530,530,326,326,208,208,152,152,86,86,,,,,,,,,,,,,,,,,,,,,,,,,,,,,,,,,,,,,,,,,,,,,,,,
4059,1200,,3885,,0,0,0,0,0,0,0,0,0,0,0,0,0,0,0,3,3,3,3,3,3,3,3,3,3,3,3,2,2,3,3,3,3,3,3,3,3,3,3,1,1,1,1,0,0,0,0,0,0,,,,,,,,,,,,,,,,,,,,,,,,,,,,,,,,,,,,,,,,,,,,,,,,
406,2500,407,405,,0,54,54,56,56,39,39,42,42,50,50,54,54,149,149,956,956,1147,1147,1075,1075,1033,1033,954,954,866,866,918,918,901,901,917,917,943,943,993,993,901,901,419,419,269,269,182,182,132,132,67,67,,,,,,,,,,,,,,,,,,,,,,,,,,,,,,,,,,,,,,,,,,,,,,,,
4060,3500,3760,3887,3800;4039,2,28,28,26,26,19,19,19,19,23,23,26,26,75,75,1275,1275,1350,1350,1326,1326,1336,1336,1209,1209,1193,1193,1112,1112,1205,1205,1259,1259,1229,1229,1320,1320,1293,1293,357,357,211,211,127,127,93,93,58,58,,,,,,,,,,,,,,,,,,,,,,,,,,,,,,,,,,,,,,,,,,,,,,,,
4061,1200,3711,4145,,0,0,0,0,0,0,0,0,0,0,0,0,0,0,0,2,2,3,3,2,2,2,2,2,2,2,2,2,2,2,2,2,2,2,2,2,2,2,2,1,1,0,0,0,0,0,0,0,0,,,,,,,,,,,,,,,,,,,,,,,,,,,,,,,,,,,,,,,,,,,,,,,,
4062,1600,4009,3854,,0,0,0,0,0,0,0,0,0,0,0,0,0,0,0,894,894,944,944,1009,1009,988,988,917,917,851,851,900,900,826,826,926,926,922,922,952,952,857,857,0,0,0,0,0,0,0,0,0,0,,,,,,,,,,,,,,,,,,,,,,,,,,,,,,,,,,,,,,,,,,,,,,,,
4063,1200,3966,3895,,0,0,0,0,0,0,0,0,0,0,0,0,0,0,0,2,2,2,2,2,2,2,2,2,2,2,2,2,2,2,2,2,2,2,2,2,2,2,2,1,1,0,0,0,0,0,0,0,0,,,,,,,,,,,,,,,,,,,,,,,,,,,,,,,,,,,,,,,,,,,,,,,,
4064,800,3821,3926,3771,1,0,0,0,0,0,0,0,0,0,0,0,0,0,0,2,2,2,2,2,2,2,2,1,1,1,1,1,1,1,1,2,2,2,2,2,2,2,2,1,1,0,0,0,0,0,0,0,0,,,,,,,,,,,,,,,,,,,,,,,,,,,,,,,,,,,,,,,,,,,,,,,,
4065,1200,3490,3754,,0,0,0,0,0,0,0,0,0,0,0,0,0,0,0,2,2,2,2,2,2,2,2,2,2,2,2,2,2,2,2,2,2,2,2,2,2,2,2,1,1,1,1,0,0,0,0,0,0,,,,,,,,,,,,,,,,,,,,,,,,,,,,,,,,,,,,,,,,,,,,,,,,
4066,400,4140,3932,3725,1,0,0,0,0,0,0,0,0,0,0,0,0,0,0,1,1,1,1,1,1,1,1,1,1,1,1,1,1,1,1,1,1,1,1,1,1,1,1,0,0,0,0,0,0,0,0,0,0,,,,,,,,,,,,,,,,,,,,,,,,,,,,,,,,,,,,,,,,,,,,,,,,
4067,1200,3907,,,0,0,0,0,0,0,0,0,0,0,0,0,0,0,0,1,1,1,1,1,1,1,1,1,1,1,1,1,1,1,1,1,1,1,1,1,1,1,1,0,0,0,0,0,0,0,0,0,0,,,,,,,,,,,,,,,,,,,,,,,,,,,,,,,,,,,,,,,,,,,,,,,,
4068,1200,4046,3736,3740;3877,2,0,0,0,0,0,0,0,0,0,0,0,0,0,0,6,6,6,6,6,6,6,6,6,6,5,5,5,5,6,6,6,6,6,6,6,6,6,6,2,2,1,1,1,1,1,1,0,0,,,,,,,,,,,,,,,,,,,,,,,,,,,,,,,,,,,,,,,,,,,,,,,,
4069,1600,3977,3683,3791,1,0,0,0,0,0,0,0,0,0,0,0,0,0,0,1,1,1,1,1,1,1,1,1,1,1,1,1,1,1,1,1,1,1,1,1,1,1,1,0,0,0,0,0,0,0,0,0,0,,,,,,,,,,,,,,,,,,,,,,,,,,,,,,,,,,,,,,,,,,,,,,,,
407,2500,406,251,241,1,54,54,56,56,39,39,42,42,50,50,54,54,149,149,956,956,1147,1147,1075,1075,1033,1033,954,954,866,866,918,918,901,901,917,917,943,943,993,993,901,901,419,419,269,269,182,182,132,132,67,67,,,,,,,,,,,,,,,,,,,,,,,,,,,,,,,,,,,,,,,,,,,,,,,,
4070,3000,3939,3811,,0,28,28,26,26,19,19,19,19,23,23,26,26,75,75,1275,1275,1350,1350,1326,1326,1336,1336,1209,1209,1193,1193,1112,1112,1205,1205,1259,1259,1229,1229,1320,1320,1293,1293,357,357,211,211,127,127,93,93,58,58,,,,,,,,,,,,,,,,,,,,,,,,,,,,,,,,,,,,,,,,,,,,,,,,
4071,600,4003,3697,,0,0,0,0,0,0,0,0,0,0,0,0,0,0,0,5,5,5,5,5,5,5,5,5,5,5,5,4,4,5,5,5,5,5,5,5,5,5,5,2,2,1,1,1,1,0,0,0,0,,,,,,,,,,,,,,,,,,,,,,,,,,,,,,,,,,,,,,,,,,,,,,,,
4072,1600,3704,3937,,0,0,0,0,0,0,0,0,0,0,0,0,0,0,0,1,1,1,1,1,1,1,1,1,1,1,1,1,1,1,1,1,1,1,1,1,1,1,1,0,0,0,0,0,0,0,0,0,0,,,,,,,,,,,,,,,,,,,,,,,,,,,,,,,,,,,,,,,,,,,,,,,,
4073,3000,3920,4002,,0,28,28,26,26,19,19,19,19,23,23,26,26,75,75,1275,1275,1350,1350,1326,1326,1336,1336,1209,1209,1193,1193,1112,1112,1205,1205,1259,1259,1229,1229,1320,1320,1293,1293,357,357,211,211,127,127,93,93,58,58,,,,,,,,,,,,,,,,,,,,,,,,,,,,,,,,,,,,,,,,,,,,,,,,
4074,600,3894,3814,,0,53,53,55,55,38,38,42,42,48,48,53,53,146,146,715,715,891,891,804,804,768,768,707,707,638,638,676,676,679,679,669,669,696,696,738,738,671,671,411,411,264,264,178,178,130,130,66,66,,,,,,,,,,,,,,,,,,,,,,,,,,,,,,,,,,,,,,,,,,,,,,,,
4075,3850,3983,3953,,0,21,21,20,20,14,14,14,14,17,17,20,20,56,56,1250,1250,1350,1350,1266,1266,1219,1219,1175,1175,1140,1140,1076,1076,1194,1194,1258,1258,1254,1254,1342,1342,1310,1310,268,268,158,158,95,95,70,70,44,44,,,,,,,,,,,,,,,,,,,,,,,,,,,,,,,,,,,,,,,,,,,,,,,,
4076,1600,4120,3693,4019,1,0,0,0,0,0,0,0,0,0,0,0,0,0,0,1,1,1,1,1,1,1,1,1,1,1,1,1,1,1,1,1,1,1,1,1,1,1,1,0,0,0,0,0,0,0,0,0,0,,,,,,,,,,,,,,,,,,,,,,,,,,,,,,,,,,,,,,,,,,,,,,,,
4077,1200,4099,3976,,0,0,0,0,0,0,0,0,0,0,0,0,0,0,0,1,1,2,2,1,1,1,1,1,1,1,1,1,1,1,1,1,1,1,1,1,1,1,1,1,1,0,0,0,0,0,0,0,0,,,,,,,,,,,,,,,,,,,,,,,,,,,,,,,,,,,,,,,,,,,,,,,,
4078,1200,3880,3750,3684,1,0,0,0,0,0,0,0,0,0,0,0,0,0,0,3,3,3,3,3,3,3,3,3,3,3,3,3,3,3,3,3,3,3,3,3,3,3,3,1,1,1,1,0,0,0,0,0,0,,,,,,,,,,,,,,,,,,,,,,,,,,,,,,,,,,,,,,,,,,,,,,,,
4079,1200,4147,3895,,0,0,0,0,0,0,0,0,0,0,0,0,0,0,0,2,2,3,3,3,3,3,3,2,2,2,2,2,2,2,2,2,2,2,2,3,3,2,2,1,1,1,1,0,0,0,0,0,0,,,,,,,,,,,,,,,,,,,,,,,,,,,,,,,,,,,,,,,,,,,,,,,,
408,4000,409,143,,0,0,0,0,0,0,0,0,0,0,0,0,0,0,0,1138,1138,1201,1201,1284,1284,1257,1257,1168,1168,1084,1084,1145,1145,1051,1051,1179,1179,1173,1173,1211,1211,1091,1091,0,0,0,0,0,0,0,0,0,0,,,,,,,,,,,,,,,,,,,,,,,,,,,,,,,,,,,,,,,,,,,,,,,,
4080,600,3834,4109,,0,0,0,0,0,0,0,0,0,0,0,0,0,0,0,4,4,4,4,4,4,4,4,4,4,4,4,4,4,4,4,4,4,4,4,4,4,4,4,1,1,1,1,1,1,0,0,0,0,,,,,,,,,,,,,,,,,,,,,,,,,,,,,,,,,,,,,,,,,,,,,,,,
4081,800,4141,3827,3771,1,0,0,0,0,0,0,0,0,0,0,0,0,0,0,1,1,2,2,2,2,2,2,1,1,1,1,1,1,1,1,1,1,1,1,1,1,1,1,1,1,0,0,0,0,0,0,0,0,,,,,,,,,,,,,,,,,,,,,,,,,,,,,,,,,,,,,,,,,,,,,,,,
4082,1600,3803,3696,4085;3857,2,0,0,0,0,0,0,0,0,0,0,0,0,0,0,3,3,3,3,3,3,3,3,2,2,2,2,2,2,2,2,3,3,3,3,3,3,3,3,1,1,1,1,0,0,0,0,0,0,,,,,,,,,,,,,,,,,,,,,,,,,,,,,,,,,,,,,,,,,,,,,,,,
4083,1200,3834,,3701,1,0,0,0,0,0,0,0,0,0,0,0,0,0,0,6,6,6,6,6,6,6,6,6,6,6,6,5,5,6,6,6,6,6,6,6,6,6,6,2,2,1,1,1,1,1,1,0,0,,,,,,,,,,,,,,,,,,,,,,,,,,,,,,,,,,,,,,,,,,,,,,,,
4084,2000,3614,3873,,0,67,67,70,70,49,49,53,53,62,62,67,67,186,186,910,910,1134,1134,1023,1023,977,977,900,900,812,812,861,861,864,864,851,851,886,886,939,939,854,854,524,524,336,336,227,227,165,165,84,84,,,,,,,,,,,,,,,,,,,,,,,,,,,,,,,,,,,,,,,,,,,,,,,,
4085,2500,4082,3918,3989,1,21,21,20,20,14,14,14,14,17,17,20,20,56,56,1250,1250,1350,1350,1266,1266,1219,1219,1175,1175,1140,1140,1076,1076,1194,1194,1258,1258,1254,1254,1342,1342,1310,1310,268,268,158,158,95,95,70,70,44,44,,,,,,,,,,,,,,,,,,,,,,,,,,,,,,,,,,,,,,,,,,,,,,,,
4086,2500,4025,3861,,0,28,28,26,26,19,19,19,19,23,23,26,26,75,75,1275,1275,1350,1350,1326,1326,1336,1336,1209,1209,1193,1193,1112,1112,1205,1205,1259,1259,1229,1229,1320,1320,1293,1293,357,357,211,211,127,127,93,93,58,58,,,,,,,,,,,,,,,,,,,,,,,,,,,,,,,,,,,,,,,,,,,,,,,,
4087,1200,3989,3717,3979;4032,2,0,0,0,0,0,0,0,0,0,0,0,0,0,0,1,1,1,1,1,1,1,1,1,1,1,1,1,1,1,1,1,1,1,1,1,1,1,1,1,1,0,0,0,0,0,0,0,0,,,,,,,,,,,,,,,,,,,,,,,,,,,,,,,,,,,,,,,,,,,,,,,,
4088,600,,3853,,0,0,0,0,0,0,0,0,0,0,0,0,0,0,0,3,3,4,4,4,4,3,3,3,3,3,3,3,3,3,3,3,3,3,3,3,3,3,3,1,1,1,1,1,1,0,0,0,0,,,,,,,,,,,,,,,,,,,,,,,,,,,,,,,,,,,,,,,,,,,,,,,,
4089,300,3806,3688,3859,1,0,0,0,0,0,0,0,0,0,0,0,0,1,1,7,7,7,7,7,7,7,7,6,6,6,6,6,6,6,6,7,7,6,6,7,7,7,7,2,2,1,1,1,1,1,1,0,0,,,,,,,,,,,,,,,,,,,,,,,,,,,,,,,,,,,,,,,,,,,,,,,,
409,2500,408,236,418,1,54,54,56,56,39,39,42,42,50,50,54,54,149,149,956,956,1147,1147,1075,1075,1033,1033,954,954,866,866,918,918,901,901,917,917,943,943,993,993,901,901,419,419,269,269,182,182,132,132,67,67,,,,,,,,,,,,,,,,,,,,,,,,,,,,,,,,,,,,,,,,,,,,,,,,
4090,800,3836,3705,4019,1,0,0,0,0,0,0,0,0,0,0,0,0,0,0,1,1,1,1,1,1,1,1,1,1,1,1,1,1,1,1,1,1,1,1,1,1,1,1,0,0,0,0,0,0,0,0,0,0,,,,,,,,,,,,,,,,,,,,,,,,,,,,,,,,,,,,,,,,,,,,,,,,
4091,800,3777,3720,3851,1,0,0,0,0,0,0,0,0,0,0,0,0,0,0,3,3,4,4,3,3,3,3,3,3,3,3,3,3,3,3,3,3,3,3,3,3,3,3,1,1,1,1,1,1,0,0,0,0,,,,,,,,,,,,,,,,,,,,,,,,,,,,,,,,,,,,,,,,,,,,,,,,
4092,4400,3495,3618,3476;3841,2,67,67,70,70,49,49,53,53,62,62,67,67,186,186,910,910,1134,1134,1023,1023,977,977,900,900,812,812,861,861,864,864,851,851,886,886,939,939,854,854,524,524,336,336,227,227,165,165,84,84,,,,,,,,,,,,,,,,,,,,,,,,,,,,,,,,,,,,,,,,,,,,,,,,
4093,2000,3699,3763,3846;3982,2,54,54,54,54,38,38,41,41,48,48,53,53,149,149,1126,1126,1279,1279,1185,1185,1176,1176,1064,1064,1030,1030,978,978,1073,1073,1075,1075,1072,1072,1157,1157,1124,1124,530,530,326,326,208,208,152,152,86,86,,,,,,,,,,,,,,,,,,,,,,,,,,,,,,,,,,,,,,,,,,,,,,,,
4094,800,3955,,,0,0,0,0,0,0,0,0,0,0,0,0,0,0,0,1,1,1,1,1,1,1,1,1,1,1,1,1,1,1,1,1,1,1,1,1,1,1,1,0,0,0,0,0,0,0,0,0,0,,,,,,,,,,,,,,,,,,,,,,,,,,,,,,,,,,,,,,,,,,,,,,,,
4095,1200,4049,4009,,0,0,0,0,0,0,0,0,0,0,0,0,0,0,0,1,1,1,1,1,1,1,1,1,1,1,1,1,1,1,1,1,1,1,1,1,1,1,1,0,0,0,0,0,0,0,0,0,0,,,,,,,,,,,,,,,,,,,,,,,,,,,,,,,,,,,,,,,,,,,,,,,,
4096,2000,3990,4000,,0,28,28,26,26,19,19,19,19,23,23,26,26,75,75,1275,1275,1350,1350,1326,1326,1336,1336,1209,1209,1193,1193,1112,1112,1205,1205,1259,1259,1229,1229,1320,1320,1293,1293,357,357,211,211,127,127,93,93,58,58,,,,,,,,,,,,,,,,,,,,,,,,,,,,,,,,,,,,,,,,,,,,,,,,
4097,800,3962,4033,,0,0,0,0,0,0,0,0,0,0,0,0,0,0,0,2,2,3,3,3,3,3,3,2,2,2,2,2,2,2,2,2,2,2,2,3,3,2,2,1,1,1,1,0,0,0,0,0,0,,,,,,,,,,,,,,,,,,,,,,,,,,,,,,,,,,,,,,,,,,,,,,,,
4098,800,3730,4103,,0,0,0,0,0,0,0,0,0,0,0,0,0,0,0,2,2,2,2,2,2,2,2,2,2,2,2,2,2,2,2,2,2,2,2,2,2,2,2,1,1,0,0,0,0,0,0,0,0,,,,,,,,,,,,,,,,,,,,,,,,,,,,,,,,,,,,,,,,,,,,,,,,
4099,1200,4077,3685,3710,1,0,0,0,0,0,0,0,0,0,0,0,0,0,0,2,2,2,2,2,2,2,2,2,2,2,2,2,2,2,2,2,2,2,2,2,2,2,2,1,1,0,0,0,0,0,0,0,0,,,,,,,,,,,,,,,,,,,,,,,,,,,,,,,,,,,,,,,,,,,,,,,,
41,800,9,52,,0,0,0,0,0,0,0,0,0,0,0,0,0,1,1,4,4,5,5,5,5,4,4,4,4,4,4,4,4,4,4,4,4,4,4,4,4,4,4,2,2,1,1,1,1,1,1,0,0,,,,,,,,,,,,,,,,,,,,,,,,,,,,,,,,,,,,,,,,,,,,,,,,
410,3000,411,413,,0,54,54,56,56,39,39,42,42,50,50,54,54,149,149,956,956,1147,1147,1075,1075,1033,1033,954,954,866,866,918,918,901,901,917,917,943,943,993,993,901,901,419,419,269,269,182,182,132,132,67,67,,,,,,,,,,,,,,,,,,,,,,,,,,,,,,,,,,,,,,,,,,,,,,,,
4100,800,3969,3890,,0,0,0,0,0,0,0,0,0,0,0,0,0,0,0,1,1,1,1,1,1,1,1,1,1,1,1,1,1,1,1,1,1,1,1,1,1,1,1,0,0,0,0,0,0,0,0,0,0,,,,,,,,,,,,,,,,,,,,,,,,,,,,,,,,,,,,,,,,,,,,,,,,
4101,800,4040,4109,,0,0,0,0,0,0,0,0,0,0,0,0,0,0,0,4,4,4,4,4,4,4,4,4,4,4,4,4,4,4,4,4,4,4,4,4,4,4,4,1,1,1,1,1,1,0,0,0,0,,,,,,,,,,,,,,,,,,,,,,,,,,,,,,,,,,,,,,,,,,,,,,,,
4102,2500,3812,3869,4020;3814,2,42,42,39,39,28,28,29,29,34,34,39,39,112,112,1343,1343,1424,1424,1347,1347,1375,1375,1229,1229,1247,1247,1096,1096,1282,1282,1299,1299,1257,1257,1375,1375,1394,1394,536,536,316,316,190,190,140,140,87,87,,,,,,,,,,,,,,,,,,,,,,,,,,,,,,,,,,,,,,,,,,,,,,,,
4103,800,4098,3855,4123,1,0,0,0,0,0,0,0,0,0,0,0,0,0,0,2,2,2,2,2,2,2,2,1,1,1,1,1,1,1,1,1,1,1,1,2,2,2,2,1,1,0,0,0,0,0,0,0,0,,,,,,,,,,,,,,,,,,,,,,,,,,,,,,,,,,,,,,,,,,,,,,,,
4104,2500,3966,3967,,0,67,67,70,70,49,49,53,53,62,62,67,67,186,186,910,910,1134,1134,1023,1023,977,977,900,900,812,812,861,861,864,864,851,851,886,886,939,939,854,854,524,524,336,336,227,227,165,165,84,84,,,,,,,,,,,,,,,,,,,,,,,,,,,,,,,,,,,,,,,,,,,,,,,,
4105,800,3907,4028,,0,0,0,0,0,0,0,0,0,0,0,0,0,0,0,1,1,1,1,1,1,1,1,1,1,1,1,1,1,1,1,1,1,1,1,1,1,1,1,0,0,0,0,0,0,0,0,0,0,,,,,,,,,,,,,,,,,,,,,,,,,,,,,,,,,,,,,,,,,,,,,,,,
4106,800,3711,3885,4039,1,0,0,0,0,0,0,0,0,0,0,0,0,0,0,2,2,3,3,2,2,2,2,2,2,2,2,2,2,2,2,2,2,2,2,2,2,2,2,1,1,0,0,0,0,0,0,0,0,,,,,,,,,,,,,,,,,,,,,,,,,,,,,,,,,,,,,,,,,,,,,,,,
4107,3500,3807,tran_db02be35-d06e-4e7f-85de-73341cc07111,,0,59,59,60,60,42,42,45,45,53,53,58,58,161,161,1054,1054,1231,1231,1131,1131,1110,1110,1010,1010,957,957,939,939,1003,1003,1000,1000,1010,1010,1084,1084,1034,1034,528,528,329,329,215,215,157,157,85,85,,,,,,,,,,,,,,,,,,,,,,,,,,,,,,,,,,,,,,,,,,,,,,,,
4108,1600,4129,3937,,0,0,0,0,0,0,0,0,0,0,0,0,0,0,0,1,1,1,1,1,1,1,1,1,1,1,1,1,1,1,1,1,1,1,1,1,1,1,1,0,0,0,0,0,0,0,0,0,0,,,,,,,,,,,,,,,,,,,,,,,,,,,,,,,,,,,,,,,,,,,,,,,,
4109,4400,3787,3853,3818;4080;4101;3687;3778;3826,6,28,28,26,26,19,19,19,19,23,23,26,26,75,75,1275,1275,1350,1350,1326,1326,1336,1336,1209,1209,1193,1193,1112,1112,1205,1205,1259,1259,1229,1229,1320,1320,1293,1293,357,357,211,211,127,127,93,93,58,58,,,,,,,,,,,,,,,,,,,,,,,,,,,,,,,,,,,,,,,,,,,,,,,,
411,3000,236,410,209,1,54,54,56,56,39,39,42,42,50,50,54,54,149,149,956,956,1147,1147,1075,1075,1033,1033,954,954,866,866,918,918,901,901,917,917,943,943,993,993,901,901,419,419,269,269,182,182,132,132,67,67,,,,,,,,,,,,,,,,,,,,,,,,,,,,,,,,,,,,,,,,,,,,,,,,
4110,300,3826,4122,3796,1,0,0,0,0,0,0,0,0,0,0,0,0,1,1,7,7,8,8,8,8,8,8,7,7,7,7,6,6,7,7,7,7,7,7,7,7,7,7,2,2,1,1,1,1,1,1,0,0,,,,,,,,,,,,,,,,,,,,,,,,,,,,,,,,,,,,,,,,,,,,,,,,
4111,1500,3788,3961,,0,21,21,20,20,14,14,14,14,17,17,20,20,56,56,1250,1250,1350,1350,1266,1266,1219,1219,1175,1175,1140,1140,1076,1076,1194,1194,1258,1258,1254,1254,1342,1342,1310,1310,268,268,158,158,95,95,70,70,44,44,,,,,,,,,,,,,,,,,,,,,,,,,,,,,,,,,,,,,,,,,,,,,,,,
4112,2000,,3956,,0,28,28,26,26,19,19,19,19,23,23,26,26,75,75,1275,1275,1350,1350,1326,1326,1336,1336,1209,1209,1193,1193,1112,1112,1205,1205,1259,1259,1229,1229,1320,1320,1293,1293,357,357,211,211,127,127,93,93,58,58,,,,,,,,,,,,,,,,,,,,,,,,,,,,,,,,,,,,,,,,,,,,,,,,
4113,1200,3921,3952,,0,0,0,0,0,0,0,0,0,0,0,0,0,0,0,3,3,3,3,3,3,3,3,3,3,3,3,3,3,3,3,3,3,3,3,3,3,3,3,1,1,1,1,0,0,0,0,0,0,,,,,,,,,,,,,,,,,,,,,,,,,,,,,,,,,,,,,,,,,,,,,,,,
4114,1200,3758,3991,3741,1,0,0,0,0,0,0,0,0,0,0,0,0,0,0,4,4,4,4,4,4,4,4,3,3,3,3,3,3,3,3,4,4,3,3,4,4,4,4,1,1,1,1,0,0,0,0,0,0,,,,,,,,,,,,,,,,,,,,,,,,,,,,,,,,,,,,,,,,,,,,,,,,
4115,4400,3896,3898,,0,21,21,20,20,14,14,14,14,17,17,20,20,56,56,1250,1250,1350,1350,1266,1266,1219,1219,1175,1175,1140,1140,1076,1076,1194,1194,1258,1258,1254,1254,1342,1342,1310,1310,268,268,158,158,95,95,70,70,44,44,,,,,,,,,,,,,,,,,,,,,,,,,,,,,,,,,,,,,,,,,,,,,,,,
4116,1600,3978,4004,4139,1,0,0,0,0,0,0,0,0,0,0,0,0,0,0,2,2,2,2,2,2,2,2,2,2,2,2,2,2,2,2,2,2,2,2,2,2,2,2,1,1,1,1,0,0,0,0,0,0,,,,,,,,,,,,,,,,,,,,,,,,,,,,,,,,,,,,,,,,,,,,,,,,
4117,1200,3712,3764,3838,1,0,0,0,0,0,0,0,0,0,0,0,0,0,0,1,1,2,2,2,2,2,2,1,1,1,1,1,1,1,1,1,1,1,1,2,2,1,1,1,1,0,0,0,0,0,0,0,0,,,,,,,,,,,,,,,,,,,,,,,,,,,,,,,,,,,,,,,,,,,,,,,,
4118,500,3766,3929,3784,1,54,54,54,54,38,38,41,41,48,48,53,53,149,149,1126,1126,1279,1279,1185,1185,1176,1176,1064,1064,1030,1030,978,978,1073,1073,1075,1075,1072,1072,1157,1157,1124,1124,530,530,326,326,208,208,152,152,86,86,,,,,,,,,,,,,,,,,,,,,,,,,,,,,,,,,,,,,,,,,,,,,,,,
4119,1600,3726,3914,,0,0,0,0,0,0,0,0,0,0,0,0,0,0,0,2,2,2,2,2,2,2,2,2,2,2,2,2,2,2,2,2,2,2,2,2,2,2,2,1,1,1,1,0,0,0,0,0,0,,,,,,,,,,,,,,,,,,,,,,,,,,,,,,,,,,,,,,,,,,,,,,,,
412,2500,413,246,,0,54,54,56,56,39,39,42,42,50,50,54,54,149,149,956,956,1147,1147,1075,1075,1033,1033,954,954,866,866,918,918,901,901,917,917,943,943,993,993,901,901,419,419,269,269,182,182,132,132,67,67,,,,,,,,,,,,,,,,,,,,,,,,,,,,,,,,,,,,,,,,,,,,,,,,
4120,1200,3769,4076,,0,0,0,0,0,0,0,0,0,0,0,0,0,0,0,1,1,1,1,1,1,1,1,1,1,1,1,1,1,1,1,1,1,1,1,1,1,1,1,0,0,0,0,0,0,0,0,0,0,,,,,,,,,,,,,,,,,,,,,,,,,,,,,,,,,,,,,,,,,,,,,,,,
4121,1600,3729,3722,3889;3802,2,0,0,0,0,0,0,0,0,0,0,0,0,0,0,2,2,3,3,3,3,3,3,2,2,2,2,2,2,2,2,2,2,2,2,3,3,2,2,1,1,1,1,0,0,0,0,0,0,,,,,,,,,,,,,,,,,,,,,,,,,,,,,,,,,,,,,,,,,,,,,,,,
4122,800,4110,,,0,0,0,0,0,0,0,0,0,0,0,0,0,1,1,7,7,8,8,8,8,8,8,7,7,7,7,6,6,7,7,7,7,7,7,8,8,8,8,3,3,2,2,1,1,1,1,0,0,,,,,,,,,,,,,,,,,,,,,,,,,,,,,,,,,,,,,,,,,,,,,,,,
4123,1600,4033,4103,,0,0,0,0,0,0,0,0,0,0,0,0,0,0,0,2,2,3,3,3,3,3,3,2,2,2,2,2,2,2,2,2,2,2,2,3,3,2,2,1,1,1,1,0,0,0,0,0,0,,,,,,,,,,,,,,,,,,,,,,,,,,,,,,,,,,,,,,,,,,,,,,,,
4124,2000,16823,3898,,0,21,21,20,20,14,14,14,14,17,17,20,20,56,56,1250,1250,1350,1350,1266,1266,1219,1219,1175,1175,1140,1140,1076,1076,1194,1194,1258,1258,1254,1254,1342,1342,1310,1310,268,268,158,158,95,95,70,70,44,44,,,,,,,,,,,,,,,,,,,,,,,,,,,,,,,,,,,,,,,,,,,,,,,,
4125,800,3843,,,0,0,0,0,0,0,0,0,0,0,0,0,0,0,0,3,3,3,3,3,3,3,3,3,3,2,2,2,2,3,3,3,3,3,3,3,3,3,3,1,1,1,1,0,0,0,0,0,0,,,,,,,,,,,,,,,,,,,,,,,,,,,,,,,,,,,,,,,,,,,,,,,,
4126,1600,4007,3878,,0,0,0,0,0,0,0,0,0,0,0,0,0,0,0,2,2,3,3,2,2,2,2,2,2,2,2,2,2,2,2,2,2,2,2,2,2,2,2,1,1,1,1,0,0,0,0,0,0,,,,,,,,,,,,,,,,,,,,,,,,,,,,,,,,,,,,,,,,,,,,,,,,
4127,4400,3805,4049,,0,21,21,20,20,14,14,14,14,17,17,20,20,56,56,1250,1250,1350,1350,1266,1266,1219,1219,1175,1175,1140,1140,1076,1076,1194,1194,1258,1258,1254,1254,1342,1342,1310,1310,268,268,158,158,95,95,70,70,44,44,,,,,,,,,,,,,,,,,,,,,,,,,,,,,,,,,,,,,,,,,,,,,,,,
4128,1200,3927,3892,,0,0,0,0,0,0,0,0,0,0,0,0,0,0,0,3,3,3,3,3,3,3,3,3,3,3,3,3,3,3,3,3,3,3,3,3,3,3,3,1,1,1,1,0,0,0,0,0,0,,,,,,,,,,,,,,,,,,,,,,,,,,,,,,,,,,,,,,,,,,,,,,,,
4129,800,3801,4136,4108,1,0,0,0,0,0,0,0,0,0,0,0,0,0,0,1,1,1,1,1,1,1,1,1,1,1,1,1,1,1,1,1,1,1,1,1,1,1,1,0,0,0,0,0,0,0,0,0,0,,,,,,,,,,,,,,,,,,,,,,,,,,,,,,,,,,,,,,,,,,,,,,,,
413,2500,231,410,412,1,54,54,56,56,39,39,42,42,50,50,54,54,149,149,956,956,1147,1147,1075,1075,1033,1033,954,954,866,866,918,918,901,901,917,917,943,943,993,993,901,901,419,419,269,269,182,182,132,132,67,67,,,,,,,,,,,,,,,,,,,,,,,,,,,,,,,,,,,,,,,,,,,,,,,,
4130,1200,3842,4142,3991,1,0,0,0,0,0,0,0,0,0,0,0,0,1,1,7,7,8,8,7,7,7,7,7,7,7,7,6,6,7,7,7,7,7,7,7,7,7,7,2,2,1,1,1,1,1,1,0,0,,,,,,,,,,,,,,,,,,,,,,,,,,,,,,,,,,,,,,,,,,,,,,,,
4131,1200,3940,4047,,0,0,0,0,0,0,0,0,0,0,0,0,0,0,0,2,2,2,2,2,2,2,2,2,2,2,2,2,2,2,2,2,2,2,2,2,2,2,2,1,1,0,0,0,0,0,0,0,0,,,,,,,,,,,,,,,,,,,,,,,,,,,,,,,,,,,,,,,,,,,,,,,,
4132,1600,4054,4031,,0,0,0,0,0,0,0,0,0,0,0,0,0,0,0,2,2,3,3,2,2,2,2,2,2,2,2,2,2,2,2,2,2,2,2,2,2,2,2,1,1,1,1,0,0,0,0,0,0,,,,,,,,,,,,,,,,,,,,,,,,,,,,,,,,,,,,,,,,,,,,,,,,
4133,1200,3690,3684,3756,1,0,0,0,0,0,0,0,0,0,0,0,0,0,0,2,2,2,2,2,2,2,2,2,2,2,2,2,2,2,2,2,2,2,2,2,2,2,2,1,1,1,1,0,0,0,0,0,0,,,,,,,,,,,,,,,,,,,,,,,,,,,,,,,,,,,,,,,,,,,,,,,,
4134,400,3894,,,0,0,0,0,0,0,0,0,0,0,0,0,0,0,0,2,2,3,3,3,3,3,3,2,2,2,2,2,2,2,2,2,2,2,2,3,3,2,2,1,1,1,1,0,0,0,0,0,0,,,,,,,,,,,,,,,,,,,,,,,,,,,,,,,,,,,,,,,,,,,,,,,,
4135,800,4010,3758,3739,1,0,0,0,0,0,0,0,0,0,0,0,0,1,1,7,7,7,7,7,7,7,7,6,6,6,6,6,6,6,6,7,7,6,6,7,7,7,7,2,2,1,1,1,1,1,1,0,0,,,,,,,,,,,,,,,,,,,,,,,,,,,,,,,,,,,,,,,,,,,,,,,,
4136,800,4129,3831,,0,0,0,0,0,0,0,0,0,0,0,0,0,0,0,2,2,2,2,2,2,2,2,2,2,2,2,2,2,2,2,2,2,2,2,2,2,2,2,1,1,0,0,0,0,0,0,0,0,,,,,,,,,,,,,,,,,,,,,,,,,,,,,,,,,,,,,,,,,,,,,,,,
4137,1200,3931,3969,,0,0,0,0,0,0,0,0,0,0,0,0,0,0,0,1,1,1,1,1,1,1,1,1,1,1,1,1,1,1,1,1,1,1,1,1,1,1,1,0,0,0,0,0,0,0,0,0,0,,,,,,,,,,,,,,,,,,,,,,,,,,,,,,,,,,,,,,,,,,,,,,,,
4138,1200,4146,3732,3897,1,0,0,0,0,0,0,0,0,0,0,0,0,0,0,3,3,4,4,3,3,3,3,3,3,3,3,3,3,3,3,3,3,3,3,3,3,3,3,1,1,1,1,1,1,0,0,0,0,,,,,,,,,,,,,,,,,,,,,,,,,,,,,,,,,,,,,,,,,,,,,,,,
4139,1600,4116,3943,,0,0,0,0,0,0,0,0,0,0,0,0,0,0,0,1,1,1,1,1,1,1,1,1,1,1,1,1,1,1,1,1,1,1,1,1,1,1,1,0,0,0,0,0,0,0,0,0,0,,,,,,,,,,,,,,,,,,,,,,,,,,,,,,,,,,,,,,,,,,,,,,,,
414,3500,246,415,,0,54,54,56,56,39,39,42,42,50,50,54,54,149,149,956,956,1147,1147,1075,1075,1033,1033,954,954,866,866,918,918,901,901,917,917,943,943,993,993,901,901,419,419,269,269,182,182,132,132,67,67,,,,,,,,,,,,,,,,,,,,,,,,,,,,,,,,,,,,,,,,,,,,,,,,
4140,1200,4066,3734,,0,0,0,0,0,0,0,0,0,0,0,0,0,0,0,2,2,2,2,2,2,2,2,2,2,1,1,1,1,2,2,2,2,2,2,2,2,2,2,1,1,0,0,0,0,0,0,0,0,,,,,,,,,,,,,,,,,,,,,,,,,,,,,,,,,,,,,,,,,,,,,,,,
4141,1200,4081,3485,,0,0,0,0,0,0,0,0,0,0,0,0,0,0,0,1,1,1,1,1,1,1,1,1,1,1,1,1,1,1,1,1,1,1,1,1,1,1,1,1,1,0,0,0,0,0,0,0,0,,,,,,,,,,,,,,,,,,,,,,,,,,,,,,,,,,,,,,,,,,,,,,,,
4142,1500,3956,4130,,0,28,28,26,26,19,19,19,19,23,23,26,26,75,75,1275,1275,1350,1350,1326,1326,1336,1336,1209,1209,1193,1193,1112,1112,1205,1205,1259,1259,1229,1229,1320,1320,1293,1293,357,357,211,211,127,127,93,93,58,58,,,,,,,,,,,,,,,,,,,,,,,,,,,,,,,,,,,,,,,,,,,,,,,,
4143,1600,3745,3953,,0,0,0,0,0,0,0,0,0,0,0,0,0,0,0,2,2,3,3,3,3,3,3,2,2,2,2,2,2,2,2,2,2,2,2,3,3,2,2,1,1,1,1,0,0,0,0,0,0,,,,,,,,,,,,,,,,,,,,,,,,,,,,,,,,,,,,,,,,,,,,,,,,
4144,1500,3833,3878,,0,67,67,70,70,49,49,53,53,62,62,67,67,186,186,910,910,1134,1134,1023,1023,977,977,900,900,812,812,861,861,864,864,851,851,886,886,939,939,854,854,524,524,336,336,227,227,165,165,84,84,,,,,,,,,,,,,,,,,,,,,,,,,,,,,,,,,,,,,,,,,,,,,,,,
4145,800,3815,3950,4061,1,0,0,0,0,0,0,0,0,0,0,0,0,0,0,2,2,2,2,2,2,2,2,2,2,2,2,2,2,2,2,2,2,2,2,2,2,2,2,1,1,0,0,0,0,0,0,0,0,,,,,,,,,,,,,,,,,,,,,,,,,,,,,,,,,,,,,,,,,,,,,,,,
4146,1000,3878,4138,,0,21,21,20,20,14,14,14,14,17,17,20,20,56,56,1250,1250,1350,1350,1266,1266,1219,1219,1175,1175,1140,1140,1076,1076,1194,1194,1258,1258,1254,1254,1342,1342,1310,1310,268,268,158,158,95,95,70,70,44,44,,,,,,,,,,,,,,,,,,,,,,,,,,,,,,,,,,,,,,,,,,,,,,,,
4147,1200,3496,4079,3985;4027,2,0,0,0,0,0,0,0,0,0,0,0,0,0,0,1,1,2,2,2,2,2,2,1,1,1,1,1,1,1,1,1,1,1,1,2,2,1,1,1,1,0,0,0,0,0,0,0,0,,,,,,,,,,,,,,,,,,,,,,,,,,,,,,,,,,,,,,,,,,,,,,,,
4148,1200,4030,3719,3716,1,0,0,0,0,0,0,0,0,0,0,0,0,0,0,2,2,3,3,2,2,2,2,2,2,2,2,2,2,2,2,2,2,2,2,2,2,2,2,1,1,1,1,0,0,0,0,0,0,,,,,,,,,,,,,,,,,,,,,,,,,,,,,,,,,,,,,,,,,,,,,,,,
4149,4400,3833,3899,3844,1,21,21,20,20,14,14,14,14,17,17,20,20,56,56,1250,1250,1350,1350,1266,1266,1219,1219,1175,1175,1140,1140,1076,1076,1194,1194,1258,1258,1254,1254,1342,1342,1310,1310,268,268,158,158,95,95,70,70,44,44,,,,,,,,,,,,,,,,,,,,,,,,,,,,,,,,,,,,,,,,,,,,,,,,
415,1200,414,263,,0,0,0,0,0,0,0,0,0,0,0,0,0,1,1,6,6,7,7,6,6,6,6,6,6,5,5,5,5,5,5,5,5,6,6,6,6,6,6,3,3,2,2,1,1,1,1,0,0,,,,,,,,,,,,,,,,,,,,,,,,,,,,,,,,,,,,,,,,,,,,,,,,
4150,1600,3992,4011,,0,0,0,0,0,0,0,0,0,0,0,0,0,0,0,1,1,1,1,1,1,1,1,1,1,1,1,1,1,1,1,1,1,1,1,1,1,1,1,0,0,0,0,0,0,0,0,0,0,,,,,,,,,,,,,,,,,,,,,,,,,,,,,,,,,,,,,,,,,,,,,,,,
4151,1600,3902,3775,4013,1,0,0,0,0,0,0,0,0,0,0,0,0,0,0,2,2,3,3,2,2,2,2,2,2,2,2,2,2,2,2,2,2,2,2,2,2,2,2,1,1,1,1,0,0,0,0,0,0,,,,,,,,,,,,,,,,,,,,,,,,,,,,,,,,,,,,,,,,,,,,,,,,
4152,1200,4153,13937,,0,0,0,0,0,0,0,0,0,0,0,0,0,1,1,30,30,33,33,33,33,32,32,30,30,28,28,29,29,28,28,31,31,31,31,32,32,30,30,4,4,2,2,2,2,1,1,1,1,,,,,,,,,,,,,,,,,,,,,,,,,,,,,,,,,,,,,,,,,,,,,,,,
4153,1600,4152,,13879;4154,2,0,0,0,0,0,0,0,0,0,0,0,0,1,1,18,18,20,20,19,19,18,18,18,18,16,16,17,17,17,17,18,18,18,18,19,19,18,18,3,3,2,2,1,1,1,1,0,0,,,,,,,,,,,,,,,,,,,,,,,,,,,,,,,,,,,,,,,,,,,,,,,,
4154,2000,4153,,,0,22,22,23,23,16,16,18,18,21,21,22,22,62,62,1068,1068,1203,1203,1164,1164,1099,1099,1063,1063,976,976,1021,1021,1007,1007,1083,1083,1103,1103,1153,1153,1057,1057,175,175,112,112,76,76,55,55,28,28,,,,,,,,,,,,,,,,,,,,,,,,,,,,,,,,,,,,,,,,,,,,,,,,
4155,1000,4384,,,0,56,56,57,57,40,40,43,43,51,51,55,55,154,154,1025,1025,1206,1206,1112,1112,1079,1079,993,993,928,928,933,933,973,973,979,979,995,995,1062,1062,998,998,481,481,302,302,199,199,145,145,77,77,,,,,,,,,,,,,,,,,,,,,,,,,,,,,,,,,,,,,,,,,,,,,,,,
4156,4400,4383,13878,,0,17,17,18,18,12,12,13,13,16,16,17,17,46,46,1086,1086,1203,1203,1194,1194,1138,1138,1089,1089,1003,1003,1052,1052,1018,1018,1107,1107,1120,1120,1167,1167,1066,1066,131,131,84,84,57,57,41,41,21,21,,,,,,,,,,,,,,,,,,,,,,,,,,,,,,,,,,,,,,,,,,,,,,,,
4157,3850,4380,4158,,0,22,22,23,23,16,16,18,18,21,21,22,22,62,62,1068,1068,1203,1203,1164,1164,1099,1099,1063,1063,976,976,1021,1021,1007,1007,1083,1083,1103,1103,1153,1153,1057,1057,175,175,112,112,76,76,55,55,28,28,,,,,,,,,,,,,,,,,,,,,,,,,,,,,,,,,,,,,,,,,,,,,,,,
4158,4400,4299,4379,4378;4157,2,22,22,23,23,16,16,18,18,21,21,22,22,62,62,1068,1068,1203,1203,1164,1164,1099,1099,1063,1063,976,976,1021,1021,1007,1007,1083,1083,1103,1103,1153,1153,1057,1057,175,175,112,112,76,76,55,55,28,28,,,,,,,,,,,,,,,,,,,,,,,,,,,,,,,,,,,,,,,,,,,,,,,,
4159,4400,,4381,,0,22,22,23,23,16,16,18,18,21,21,22,22,62,62,1068,1068,1203,1203,1164,1164,1099,1099,1063,1063,976,976,1021,1021,1007,1007,1083,1083,1103,1103,1153,1153,1057,1057,175,175,112,112,76,76,55,55,28,28,,,,,,,,,,,,,,,,,,,,,,,,,,,,,,,,,,,,,,,,,,,,,,,,
416,3000,246,417,,0,54,54,56,56,39,39,42,42,50,50,54,54,149,149,956,956,1147,1147,1075,1075,1033,1033,954,954,866,866,918,918,901,901,917,917,943,943,993,993,901,901,419,419,269,269,182,182,132,132,67,67,,,,,,,,,,,,,,,,,,,,,,,,,,,,,,,,,,,,,,,,,,,,,,,,
4160,1500,4302,4163,,0,22,22,23,23,16,16,18,18,21,21,22,22,62,62,1068,1068,1203,1203,1164,1164,1099,1099,1063,1063,976,976,1021,1021,1007,1007,1083,1083,1103,1103,1153,1153,1057,1057,175,175,112,112,76,76,55,55,28,28,,,,,,,,,,,,,,,,,,,,,,,,,,,,,,,,,,,,,,,,,,,,,,,,
4161,4400,4316,4314,,0,22,22,23,23,16,16,18,18,21,21,22,22,62,62,1068,1068,1203,1203,1164,1164,1099,1099,1063,1063,976,976,1021,1021,1007,1007,1083,1083,1103,1103,1153,1153,1057,1057,175,175,112,112,76,76,55,55,28,28,,,,,,,,,,,,,,,,,,,,,,,,,,,,,,,,,,,,,,,,,,,,,,,,
4162,800,4308,4163,,0,0,0,0,0,0,0,0,0,0,0,0,0,1,1,19,19,21,21,20,20,19,19,19,19,17,17,18,18,18,18,19,19,19,19,20,20,18,18,3,3,2,2,1,1,1,1,0,0,,,,,,,,,,,,,,,,,,,,,,,,,,,,,,,,,,,,,,,,,,,,,,,,
4163,1200,4162,4165,4160;4172,2,0,0,0,0,0,0,0,0,0,0,0,0,1,1,21,21,23,23,22,22,21,21,20,20,19,19,20,20,19,19,21,21,21,21,22,22,20,20,3,3,2,2,1,1,1,1,1,1,,,,,,,,,,,,,,,,,,,,,,,,,,,,,,,,,,,,,,,,,,,,,,,,
4164,4400,4407,4386,,0,42,42,39,39,28,28,29,29,34,34,39,39,112,112,1343,1343,1424,1424,1347,1347,1375,1375,1229,1229,1247,1247,1096,1096,1282,1282,1299,1299,1257,1257,1375,1375,1394,1394,536,536,316,316,190,190,140,140,87,87,,,,,,,,,,,,,,,,,,,,,,,,,,,,,,,,,,,,,,,,,,,,,,,,
4165,800,,4163,,0,0,0,0,0,0,0,0,0,0,0,0,0,1,1,19,19,21,21,21,21,19,19,19,19,17,17,18,18,18,18,19,19,19,19,20,20,19,19,3,3,2,2,1,1,1,1,0,0,,,,,,,,,,,,,,,,,,,,,,,,,,,,,,,,,,,,,,,,,,,,,,,,
4166,2500,,4406,,0,56,56,57,57,40,40,43,43,51,51,55,55,154,154,1025,1025,1206,1206,1112,1112,1079,1079,993,993,928,928,933,933,973,973,979,979,995,995,1062,1062,998,998,481,481,302,302,199,199,145,145,77,77,,,,,,,,,,,,,,,,,,,,,,,,,,,,,,,,,,,,,,,,,,,,,,,,
4167,1600,4169,4310,,0,0,0,0,0,0,0,0,0,0,0,0,0,1,1,13,13,15,15,14,14,13,13,13,13,12,12,12,12,12,12,13,13,13,13,14,14,13,13,2,2,1,1,1,1,1,1,0,0,,,,,,,,,,,,,,,,,,,,,,,,,,,,,,,,,,,,,,,,,,,,,,,,
4168,4400,4169,4312,,0,22,22,23,23,16,16,18,18,21,21,22,22,62,62,1068,1068,1203,1203,1164,1164,1099,1099,1063,1063,976,976,1021,1021,1007,1007,1083,1083,1103,1103,1153,1153,1057,1057,175,175,112,112,76,76,55,55,28,28,,,,,,,,,,,,,,,,,,,,,,,,,,,,,,,,,,,,,,,,,,,,,,,,
4169,1200,4177,4168,4167;4197,2,0,0,0,0,0,0,0,0,0,0,0,0,1,1,10,10,11,11,11,11,10,10,10,10,9,9,10,10,10,10,10,10,11,11,11,11,10,10,2,2,1,1,1,1,1,1,0,0,,,,,,,,,,,,,,,,,,,,,,,,,,,,,,,,,,,,,,,,,,,,,,,,
417,1200,416,263,243,1,0,0,1,1,0,0,0,0,0,0,0,0,1,1,9,9,11,11,10,10,10,10,9,9,8,8,8,8,9,9,9,9,9,9,9,9,9,9,4,4,3,3,2,2,1,1,1,1,,,,,,,,,,,,,,,,,,,,,,,,,,,,,,,,,,,,,,,,,,,,,,,,
4170,800,,4404,,0,3,3,3,3,2,2,2,2,3,3,3,3,8,8,54,54,63,63,59,59,57,57,52,52,49,49,49,49,51,51,52,52,53,53,56,56,53,53,24,24,15,15,10,10,7,7,4,4,,,,,,,,,,,,,,,,,,,,,,,,,,,,,,,,,,,,,,,,,,,,,,,,
4171,1600,4394,4306,,0,0,0,0,0,0,0,0,0,0,0,0,0,1,1,13,13,14,14,14,14,13,13,12,12,11,11,12,12,12,12,13,13,13,13,14,14,12,12,2,2,1,1,1,1,1,1,0,0,,,,,,,,,,,,,,,,,,,,,,,,,,,,,,,,,,,,,,,,,,,,,,,,
4172,800,4175,4163,,0,0,0,0,0,0,0,0,0,0,0,0,0,1,1,16,16,18,18,17,17,16,16,16,16,14,14,15,15,15,15,16,16,16,16,17,17,16,16,3,3,2,2,1,1,1,1,0,0,,,,,,,,,,,,,,,,,,,,,,,,,,,,,,,,,,,,,,,,,,,,,,,,
4173,300,4405,,,0,6,6,6,6,5,5,5,5,6,6,6,6,17,17,120,120,140,140,130,130,126,126,116,116,108,108,109,109,113,113,115,115,116,116,124,124,116,116,54,54,34,34,22,22,16,16,9,9,,,,,,,,,,,,,,,,,,,,,,,,,,,,,,,,,,,,,,,,,,,,,,,,
4174,800,4392,4175,,0,0,0,0,0,0,0,0,0,0,0,0,0,1,1,10,10,12,12,11,11,11,11,10,10,10,10,10,10,10,10,11,11,11,11,11,11,10,10,2,2,1,1,1,1,1,1,0,0,,,,,,,,,,,,,,,,,,,,,,,,,,,,,,,,,,,,,,,,,,,,,,,,
4175,1200,4174,4178,4172;4180,2,0,0,0,0,0,0,0,0,0,0,0,0,1,1,11,11,12,12,12,12,11,11,11,11,10,10,10,10,10,10,11,11,11,11,12,12,11,11,2,2,1,1,1,1,1,1,0,0,,,,,,,,,,,,,,,,,,,,,,,,,,,,,,,,,,,,,,,,,,,,,,,,
4176,1200,4392,4308,,0,0,0,0,0,0,0,0,0,0,0,0,0,1,1,15,15,17,17,16,16,15,15,15,15,14,14,14,14,14,14,15,15,15,15,16,16,15,15,2,2,2,2,1,1,1,1,0,0,,,,,,,,,,,,,,,,,,,,,,,,,,,,,,,,,,,,,,,,,,,,,,,,
4177,1200,4394,4169,,0,0,0,0,0,0,0,0,0,0,0,0,0,1,1,9,9,10,10,10,10,10,10,9,9,8,8,9,9,9,9,9,9,10,10,10,10,9,9,2,2,1,1,1,1,0,0,0,0,,,,,,,,,,,,,,,,,,,,,,,,,,,,,,,,,,,,,,,,,,,,,,,,
4178,800,,4175,,0,0,0,0,0,0,0,0,0,0,0,0,0,1,1,11,11,12,12,12,12,11,11,11,11,10,10,10,10,10,10,11,11,11,11,11,11,10,10,2,2,1,1,1,1,1,1,0,0,,,,,,,,,,,,,,,,,,,,,,,,,,,,,,,,,,,,,,,,,,,,,,,,
4179,1200,4182,4187,4391;4393,2,0,0,0,0,0,0,0,0,0,0,0,0,0,0,8,8,9,9,8,8,8,8,8,8,7,7,7,7,7,7,8,8,8,8,8,8,7,7,1,1,1,1,1,1,0,0,0,0,,,,,,,,,,,,,,,,,,,,,,,,,,,,,,,,,,,,,,,,,,,,,,,,
418,1500,419,409,,0,54,54,56,56,39,39,42,42,50,50,54,54,149,149,956,956,1147,1147,1075,1075,1033,1033,954,954,866,866,918,918,901,901,917,917,943,943,993,993,901,901,419,419,269,269,182,182,132,132,67,67,,,,,,,,,,,,,,,,,,,,,,,,,,,,,,,,,,,,,,,,,,,,,,,,
4180,800,,4175,,0,0,0,0,0,0,0,0,0,0,0,0,0,1,1,9,9,10,10,10,10,9,9,9,9,8,8,8,8,8,8,9,9,9,9,9,9,9,9,1,1,1,1,1,1,0,0,0,0,,,,,,,,,,,,,,,,,,,,,,,,,,,,,,,,,,,,,,,,,,,,,,,,
4181,1200,4388,,,0,53,53,55,55,38,38,42,42,48,48,53,53,146,146,715,715,891,891,804,804,768,768,707,707,638,638,676,676,679,679,669,669,696,696,738,738,671,671,411,411,264,264,178,178,130,130,66,66,,,,,,,,,,,,,,,,,,,,,,,,,,,,,,,,,,,,,,,,,,,,,,,,
4182,800,4179,4390,,0,0,0,0,0,0,0,0,0,0,0,0,0,0,0,7,7,8,8,8,8,7,7,7,7,7,7,7,7,7,7,7,7,7,7,8,8,7,7,1,1,1,1,1,1,0,0,0,0,,,,,,,,,,,,,,,,,,,,,,,,,,,,,,,,,,,,,,,,,,,,,,,,
4183,1650,4402,4185,,0,67,67,70,70,49,49,53,53,62,62,67,67,186,186,910,910,1134,1134,1023,1023,977,977,900,900,812,812,861,861,864,864,851,851,886,886,939,939,854,854,524,524,336,336,227,227,165,165,84,84,,,,,,,,,,,,,,,,,,,,,,,,,,,,,,,,,,,,,,,,,,,,,,,,
4184,4400,4316,4406,,0,56,56,57,57,40,40,43,43,51,51,55,55,154,154,1025,1025,1206,1206,1112,1112,1079,1079,993,993,928,928,933,933,973,973,979,979,995,995,1062,1062,998,998,481,481,302,302,199,199,145,145,77,77,,,,,,,,,,,,,,,,,,,,,,,,,,,,,,,,,,,,,,,,,,,,,,,,
4185,4400,4408,4186,4183,1,67,67,70,70,49,49,53,53,62,62,67,67,186,186,910,910,1134,1134,1023,1023,977,977,900,900,812,812,861,861,864,864,851,851,886,886,939,939,854,854,524,524,336,336,227,227,165,165,84,84,,,,,,,,,,,,,,,,,,,,,,,,,,,,,,,,,,,,,,,,,,,,,,,,
4186,4400,4185,4399,4401;4360,2,52,52,54,54,38,38,41,41,48,48,52,52,145,145,961,961,1149,1149,1081,1081,1039,1039,960,960,872,872,924,924,906,906,924,924,950,950,999,999,907,907,408,408,261,261,177,177,128,128,65,65,,,,,,,,,,,,,,,,,,,,,,,,,,,,,,,,,,,,,,,,,,,,,,,,
4187,4400,4179,4396,,0,22,22,23,23,16,16,18,18,21,21,22,22,62,62,1068,1068,1203,1203,1164,1164,1099,1099,1063,1063,976,976,1021,1021,1007,1007,1083,1083,1103,1103,1153,1153,1057,1057,175,175,112,112,76,76,55,55,28,28,,,,,,,,,,,,,,,,,,,,,,,,,,,,,,,,,,,,,,,,,,,,,,,,
4188,4400,4314,4404,,0,67,67,70,70,49,49,53,53,62,62,67,67,186,186,910,910,1134,1134,1023,1023,977,977,900,900,812,812,861,861,864,864,851,851,886,886,939,939,854,854,524,524,336,336,227,227,165,165,84,84,,,,,,,,,,,,,,,,,,,,,,,,,,,,,,,,,,,,,,,,,,,,,,,,
4189,3000,4408,4193,,0,56,56,57,57,40,40,43,43,51,51,55,55,154,154,1025,1025,1206,1206,1112,1112,1079,1079,993,993,928,928,933,933,973,973,979,979,995,995,1062,1062,998,998,481,481,302,302,199,199,145,145,77,77,,,,,,,,,,,,,,,,,,,,,,,,,,,,,,,,,,,,,,,,,,,,,,,,
419,1000,172,418,420,1,54,54,56,56,39,39,42,42,50,50,54,54,149,149,956,956,1147,1147,1075,1075,1033,1033,954,954,866,866,918,918,901,901,917,917,943,943,993,993,901,901,419,419,269,269,182,182,132,132,67,67,,,,,,,,,,,,,,,,,,,,,,,,,,,,,,,,,,,,,,,,,,,,,,,,
4190,4400,4410,4407,,0,56,56,57,57,40,40,43,43,51,51,55,55,154,154,1025,1025,1206,1206,1112,1112,1079,1079,993,993,928,928,933,933,973,973,979,979,995,995,1062,1062,998,998,481,481,302,302,199,199,145,145,77,77,,,,,,,,,,,,,,,,,,,,,,,,,,,,,,,,,,,,,,,,,,,,,,,,
4191,2000,4410,4193,,0,52,52,54,54,38,38,41,41,48,48,52,52,145,145,961,961,1149,1149,1081,1081,1039,1039,960,960,872,872,924,924,906,906,924,924,950,950,999,999,907,907,408,408,261,261,177,177,128,128,65,65,,,,,,,,,,,,,,,,,,,,,,,,,,,,,,,,,,,,,,,,,,,,,,,,
4192,4400,4194,4388,,0,0,0,0,0,0,0,0,0,0,0,0,0,0,0,1156,1156,1275,1275,1184,1184,1063,1063,1121,1121,1033,1033,1056,1056,1105,1105,1218,1218,1250,1250,1308,1308,1226,1226,0,0,0,0,0,0,0,0,0,0,,,,,,,,,,,,,,,,,,,,,,,,,,,,,,,,,,,,,,,,,,,,,,,,
4193,1600,4201,4191,4189;4196,2,0,0,0,0,0,0,0,0,0,0,0,0,1,1,6,6,7,7,7,7,6,6,6,6,5,5,6,6,6,6,6,6,6,6,6,6,6,6,2,2,2,2,1,1,1,1,0,0,,,,,,,,,,,,,,,,,,,,,,,,,,,,,,,,,,,,,,,,,,,,,,,,
4194,3500,4192,,4199,1,50,50,49,49,35,35,37,37,43,43,48,48,137,137,1199,1199,1327,1327,1239,1239,1242,1242,1119,1119,1102,1102,1018,1018,1143,1143,1150,1150,1133,1133,1230,1230,1214,1214,532,532,323,323,202,202,148,148,86,86,,,,,,,,,,,,,,,,,,,,,,,,,,,,,,,,,,,,,,,,,,,,,,,,
4195,1600,4398,,,0,0,0,0,0,0,0,0,0,0,0,0,0,1,1,6,6,6,6,6,6,6,6,5,5,5,5,5,5,5,5,5,5,5,5,6,6,6,6,2,2,1,1,1,1,1,1,0,0,,,,,,,,,,,,,,,,,,,,,,,,,,,,,,,,,,,,,,,,,,,,,,,,
4196,2000,4193,4202,,0,52,52,54,54,38,38,41,41,48,48,52,52,145,145,961,961,1149,1149,1081,1081,1039,1039,960,960,872,872,924,924,906,906,924,924,950,950,999,999,907,907,408,408,261,261,177,177,128,128,65,65,,,,,,,,,,,,,,,,,,,,,,,,,,,,,,,,,,,,,,,,,,,,,,,,
4197,3000,4396,4169,,0,0,0,0,0,0,0,0,0,0,0,0,0,0,0,1138,1138,1201,1201,1284,1284,1257,1257,1168,1168,1084,1084,1145,1145,1051,1051,1179,1179,1173,1173,1211,1211,1091,1091,0,0,0,0,0,0,0,0,0,0,,,,,,,,,,,,,,,,,,,,,,,,,,,,,,,,,,,,,,,,,,,,,,,,
4198,4400,4202,11854,,0,52,52,54,54,38,38,41,41,48,48,52,52,145,145,961,961,1149,1149,1081,1081,1039,1039,960,960,872,872,924,924,906,906,924,924,950,950,999,999,907,907,408,408,261,261,177,177,128,128,65,65,,,,,,,,,,,,,,,,,,,,,,,,,,,,,,,,,,,,,,,,,,,,,,,,
4199,3500,4204,4194,,0,50,50,49,49,35,35,37,37,43,43,48,48,137,137,1199,1199,1327,1327,1239,1239,1242,1242,1119,1119,1102,1102,1018,1018,1143,1143,1150,1150,1133,1133,1230,1230,1214,1214,532,532,323,323,202,202,148,148,86,86,,,,,,,,,,,,,,,,,,,,,,,,,,,,,,,,,,,,,,,,,,,,,,,,
42,2000,367,26,,0,27,27,28,28,20,20,21,21,25,25,27,27,74,74,1049,1049,1182,1182,1170,1170,1126,1126,1056,1056,970,970,1022,1022,982,982,1052,1052,1066,1066,1112,1112,1010,1010,210,210,134,134,91,91,66,66,34,34,,,,,,,,,,,,,,,,,,,,,,,,,,,,,,,,,,,,,,,,,,,,,,,,
420,1200,419,421,,0,0,0,0,0,0,0,0,0,0,0,0,0,1,1,9,9,10,10,10,10,10,10,9,9,9,9,9,9,9,9,9,9,9,9,10,10,9,9,2,2,1,1,1,1,1,1,0,0,,,,,,,,,,,,,,,,,,,,,,,,,,,,,,,,,,,,,,,,,,,,,,,,
4200,1500,4357,4361,,0,52,52,54,54,38,38,41,41,48,48,52,52,145,145,961,961,1149,1149,1081,1081,1039,1039,960,960,872,872,924,924,906,906,924,924,950,950,999,999,907,907,408,408,261,261,177,177,128,128,65,65,,,,,,,,,,,,,,,,,,,,,,,,,,,,,,,,,,,,,,,,,,,,,,,,
4201,1600,4193,4371,,0,0,0,0,0,0,0,0,0,0,0,0,0,0,0,1,1,2,2,2,2,2,2,1,1,1,1,1,1,1,1,1,1,1,1,1,1,1,1,1,1,0,0,0,0,0,0,0,0,,,,,,,,,,,,,,,,,,,,,,,,,,,,,,,,,,,,,,,,,,,,,,,,
4202,2500,4208,4196,4198;4213,2,52,52,54,54,38,38,41,41,48,48,52,52,145,145,961,961,1149,1149,1081,1081,1039,1039,960,960,872,872,924,924,906,906,924,924,950,950,999,999,907,907,408,408,261,261,177,177,128,128,65,65,,,,,,,,,,,,,,,,,,,,,,,,,,,,,,,,,,,,,,,,,,,,,,,,
4203,800,4371,4367,,0,0,0,0,0,0,0,0,0,0,0,0,0,0,0,2,2,2,2,2,2,2,2,2,2,2,2,2,2,2,2,2,2,2,2,2,2,2,2,1,1,0,0,0,0,0,0,0,0,,,,,,,,,,,,,,,,,,,,,,,,,,,,,,,,,,,,,,,,,,,,,,,,
4204,4400,4205,4346,4199;4223,2,50,50,49,49,35,35,37,37,43,43,48,48,137,137,1199,1199,1327,1327,1239,1239,1242,1242,1119,1119,1102,1102,1018,1018,1143,1143,1150,1150,1133,1133,1230,1230,1214,1214,532,532,323,323,202,202,148,148,86,86,,,,,,,,,,,,,,,,,,,,,,,,,,,,,,,,,,,,,,,,,,,,,,,,
4205,3850,,4204,,0,0,0,0,0,0,0,0,0,0,0,0,0,0,0,1138,1138,1201,1201,1284,1284,1257,1257,1168,1168,1084,1084,1145,1145,1051,1051,1179,1179,1173,1173,1211,1211,1091,1091,0,0,0,0,0,0,0,0,0,0,,,,,,,,,,,,,,,,,,,,,,,,,,,,,,,,,,,,,,,,,,,,,,,,
4206,800,,4359,,0,0,0,0,0,0,0,0,0,0,0,0,0,1,1,6,6,7,7,7,7,6,6,6,6,5,5,6,6,5,5,6,6,6,6,6,6,6,6,2,2,2,2,1,1,1,1,0,0,,,,,,,,,,,,,,,,,,,,,,,,,,,,,,,,,,,,,,,,,,,,,,,,
4207,1500,4355,4210,,0,52,52,54,54,38,38,41,41,48,48,52,52,145,145,961,961,1149,1149,1081,1081,1039,1039,960,960,872,872,924,924,906,906,924,924,950,950,999,999,907,907,408,408,261,261,177,177,128,128,65,65,,,,,,,,,,,,,,,,,,,,,,,,,,,,,,,,,,,,,,,,,,,,,,,,
4208,1500,4211,4202,,0,52,52,54,54,38,38,41,41,48,48,52,52,145,145,961,961,1149,1149,1081,1081,1039,1039,960,960,872,872,924,924,906,906,924,924,950,950,999,999,907,907,408,408,261,261,177,177,128,128,65,65,,,,,,,,,,,,,,,,,,,,,,,,,,,,,,,,,,,,,,,,,,,,,,,,
4209,2500,11871,4211,,0,67,67,70,70,49,49,53,53,62,62,67,67,186,186,910,910,1134,1134,1023,1023,977,977,900,900,812,812,861,861,864,864,851,851,886,886,939,939,854,854,524,524,336,336,227,227,165,165,84,84,,,,,,,,,,,,,,,,,,,,,,,,,,,,,,,,,,,,,,,,,,,,,,,,
421,500,420,170,148,1,27,27,28,28,20,20,21,21,25,25,27,27,74,74,1049,1049,1182,1182,1170,1170,1126,1126,1056,1056,970,970,1022,1022,982,982,1052,1052,1066,1066,1112,1112,1010,1010,210,210,134,134,91,91,66,66,34,34,,,,,,,,,,,,,,,,,,,,,,,,,,,,,,,,,,,,,,,,,,,,,,,,
4210,4400,,4361,4370;4207,2,52,52,54,54,38,38,41,41,48,48,52,52,145,145,961,961,1149,1149,1081,1081,1039,1039,960,960,872,872,924,924,906,906,924,924,950,950,999,999,907,907,408,408,261,261,177,177,128,128,65,65,,,,,,,,,,,,,,,,,,,,,,,,,,,,,,,,,,,,,,,,,,,,,,,,
4211,2000,4209,4224,4208;4217,2,52,52,54,54,38,38,41,41,48,48,52,52,145,145,961,961,1149,1149,1081,1081,1039,1039,960,960,872,872,924,924,906,906,924,924,950,950,999,999,907,907,408,408,261,261,177,177,128,128,65,65,,,,,,,,,,,,,,,,,,,,,,,,,,,,,,,,,,,,,,,,,,,,,,,,
4212,4400,4400,,,0,42,42,39,39,28,28,29,29,34,34,39,39,112,112,1343,1343,1424,1424,1347,1347,1375,1375,1229,1229,1247,1247,1096,1096,1282,1282,1299,1299,1257,1257,1375,1375,1394,1394,536,536,316,316,190,190,140,140,87,87,,,,,,,,,,,,,,,,,,,,,,,,,,,,,,,,,,,,,,,,,,,,,,,,
4213,4400,4367,4202,,0,52,52,54,54,38,38,41,41,48,48,52,52,145,145,961,961,1149,1149,1081,1081,1039,1039,960,960,872,872,924,924,906,906,924,924,950,950,999,999,907,907,408,408,261,261,177,177,128,128,65,65,,,,,,,,,,,,,,,,,,,,,,,,,,,,,,,,,,,,,,,,,,,,,,,,
4214,1500,4345,4337,,0,50,50,49,49,35,35,37,37,43,43,48,48,137,137,1199,1199,1327,1327,1239,1239,1242,1242,1119,1119,1102,1102,1018,1018,1143,1143,1150,1150,1133,1133,1230,1230,1214,1214,532,532,323,323,202,202,148,148,86,86,,,,,,,,,,,,,,,,,,,,,,,,,,,,,,,,,,,,,,,,,,,,,,,,
4215,2500,4357,4400,,0,52,52,54,54,38,38,41,41,48,48,52,52,145,145,961,961,1149,1149,1081,1081,1039,1039,960,960,872,872,924,924,906,906,924,924,950,950,999,999,907,907,408,408,261,261,177,177,128,128,65,65,,,,,,,,,,,,,,,,,,,,,,,,,,,,,,,,,,,,,,,,,,,,,,,,
4216,4400,4366,4353,4235;4240,2,52,52,54,54,38,38,41,41,48,48,52,52,145,145,961,961,1149,1149,1081,1081,1039,1039,960,960,872,872,924,924,906,906,924,924,950,950,999,999,907,907,408,408,261,261,177,177,128,128,65,65,,,,,,,,,,,,,,,,,,,,,,,,,,,,,,,,,,,,,,,,,,,,,,,,
4217,1600,4221,4211,,0,0,0,0,0,0,0,0,0,0,0,0,0,1,1,6,6,7,7,7,7,7,7,6,6,6,6,6,6,6,6,6,6,6,6,6,6,6,6,3,3,2,2,1,1,1,1,0,0,,,,,,,,,,,,,,,,,,,,,,,,,,,,,,,,,,,,,,,,,,,,,,,,
4218,2500,4349,4222,,0,50,50,49,49,35,35,37,37,43,43,48,48,137,137,1199,1199,1327,1327,1239,1239,1242,1242,1119,1119,1102,1102,1018,1018,1143,1143,1150,1150,1133,1133,1230,1230,1214,1214,532,532,323,323,202,202,148,148,86,86,,,,,,,,,,,,,,,,,,,,,,,,,,,,,,,,,,,,,,,,,,,,,,,,
4219,1600,4222,,,0,0,0,0,0,0,0,0,0,0,0,0,0,1,1,7,7,8,8,8,8,8,8,7,7,7,7,6,6,7,7,7,7,7,7,7,7,7,7,3,3,2,2,1,1,1,1,0,0,,,,,,,,,,,,,,,,,,,,,,,,,,,,,,,,,,,,,,,,,,,,,,,,
422,2500,423,482,,0,27,27,28,28,20,20,21,21,25,25,27,27,74,74,1049,1049,1182,1182,1170,1170,1126,1126,1056,1056,970,970,1022,1022,982,982,1052,1052,1066,1066,1112,1112,1010,1010,210,210,134,134,91,91,66,66,34,34,,,,,,,,,,,,,,,,,,,,,,,,,,,,,,,,,,,,,,,,,,,,,,,,
4220,600,4375,,,0,0,0,0,0,0,0,0,0,0,0,0,0,0,0,3,3,4,4,4,4,3,3,3,3,3,3,3,3,3,3,3,3,3,3,3,3,3,3,1,1,1,1,1,1,0,0,0,0,,,,,,,,,,,,,,,,,,,,,,,,,,,,,,,,,,,,,,,,,,,,,,,,
4221,3000,4217,4368,4376;4372,2,52,52,54,54,38,38,41,41,48,48,52,52,145,145,961,961,1149,1149,1081,1081,1039,1039,960,960,872,872,924,924,906,906,924,924,950,950,999,999,907,907,408,408,261,261,177,177,128,128,65,65,,,,,,,,,,,,,,,,,,,,,,,,,,,,,,,,,,,,,,,,,,,,,,,,
4222,1200,4227,4219,4218;4236,2,0,0,0,0,0,0,0,0,0,0,0,0,1,1,7,7,8,8,7,7,7,7,7,7,6,6,6,6,7,7,7,7,7,7,7,7,7,7,2,2,1,1,1,1,1,1,0,0,,,,,,,,,,,,,,,,,,,,,,,,,,,,,,,,,,,,,,,,,,,,,,,,
4223,1600,4204,4337,,0,0,0,0,0,0,0,0,0,0,0,0,0,1,1,10,10,11,11,10,10,10,10,9,9,9,9,9,9,9,9,10,10,10,10,10,10,10,10,4,4,2,2,1,1,1,1,1,1,,,,,,,,,,,,,,,,,,,,,,,,,,,,,,,,,,,,,,,,,,,,,,,,
4224,3000,4363,4211,,0,67,67,70,70,49,49,53,53,62,62,67,67,186,186,910,910,1134,1134,1023,1023,977,977,900,900,812,812,861,861,864,864,851,851,886,886,939,939,854,854,524,524,336,336,227,227,165,165,84,84,,,,,,,,,,,,,,,,,,,,,,,,,,,,,,,,,,,,,,,,,,,,,,,,
4225,300,,4373,,0,0,0,0,0,0,0,0,0,0,0,0,0,0,0,3,3,4,4,3,3,3,3,3,3,3,3,3,3,3,3,3,3,3,3,3,3,3,3,1,1,1,1,1,1,0,0,0,0,,,,,,,,,,,,,,,,,,,,,,,,,,,,,,,,,,,,,,,,,,,,,,,,
4226,800,4377,4228,,0,0,0,0,0,0,0,0,0,0,0,0,0,1,1,7,7,8,8,8,8,7,7,7,7,6,6,6,6,6,6,7,7,7,7,7,7,6,6,3,3,2,2,1,1,1,1,0,0,,,,,,,,,,,,,,,,,,,,,,,,,,,,,,,,,,,,,,,,,,,,,,,,
4227,1200,4222,4343,,0,0,0,0,0,0,0,0,0,0,0,0,0,0,0,5,5,5,5,5,5,5,5,5,5,4,4,4,4,5,5,5,5,5,5,5,5,5,5,2,2,1,1,1,1,0,0,0,0,,,,,,,,,,,,,,,,,,,,,,,,,,,,,,,,,,,,,,,,,,,,,,,,
4228,1200,11942,4226,11924;4232,2,1,1,1,1,0,0,0,0,1,1,1,1,2,2,12,12,14,14,13,13,13,13,12,12,11,11,12,12,11,11,12,12,12,12,13,13,11,11,5,5,3,3,2,2,2,2,1,1,,,,,,,,,,,,,,,,,,,,,,,,,,,,,,,,,,,,,,,,,,,,,,,,
4229,3500,,4230,,0,50,50,49,49,35,35,37,37,43,43,48,48,137,137,1199,1199,1327,1327,1239,1239,1242,1242,1119,1119,1102,1102,1018,1018,1143,1143,1150,1150,1133,1133,1230,1230,1214,1214,532,532,323,323,202,202,148,148,86,86,,,,,,,,,,,,,,,,,,,,,,,,,,,,,,,,,,,,,,,,,,,,,,,,
423,2000,422,151,148,1,27,27,28,28,20,20,21,21,25,25,27,27,74,74,1049,1049,1182,1182,1170,1170,1126,1126,1056,1056,970,970,1022,1022,982,982,1052,1052,1066,1066,1112,1112,1010,1010,210,210,134,134,91,91,66,66,34,34,,,,,,,,,,,,,,,,,,,,,,,,,,,,,,,,,,,,,,,,,,,,,,,,
4230,3000,4336,4261,4229;4338,2,50,50,49,49,35,35,37,37,43,43,48,48,137,137,1199,1199,1327,1327,1239,1239,1242,1242,1119,1119,1102,1102,1018,1018,1143,1143,1150,1150,1133,1133,1230,1230,1214,1214,532,532,323,323,202,202,148,148,86,86,,,,,,,,,,,,,,,,,,,,,,,,,,,,,,,,,,,,,,,,,,,,,,,,
4231,2500,4373,4239,,0,67,67,70,70,49,49,53,53,62,62,67,67,186,186,910,910,1134,1134,1023,1023,977,977,900,900,812,812,861,861,864,864,851,851,886,886,939,939,854,854,524,524,336,336,227,227,165,165,84,84,,,,,,,,,,,,,,,,,,,,,,,,,,,,,,,,,,,,,,,,,,,,,,,,
4232,1600,4369,4228,,0,0,0,0,0,0,0,0,0,0,0,0,0,1,1,4,4,5,5,4,4,4,4,4,4,4,4,4,4,4,4,4,4,4,4,4,4,4,4,2,2,1,1,1,1,1,1,0,0,,,,,,,,,,,,,,,,,,,,,,,,,,,,,,,,,,,,,,,,,,,,,,,,
4233,800,4341,4351,,0,0,0,0,0,0,0,0,0,0,0,0,0,1,1,6,6,6,6,6,6,6,6,6,6,5,5,5,5,5,5,6,6,6,6,6,6,6,6,2,2,1,1,1,1,1,1,0,0,,,,,,,,,,,,,,,,,,,,,,,,,,,,,,,,,,,,,,,,,,,,,,,,
4234,4400,4272,4352,4276,1,52,52,54,54,38,38,41,41,48,48,52,52,145,145,961,961,1149,1149,1081,1081,1039,1039,960,960,872,872,924,924,906,906,924,924,950,950,999,999,907,907,408,408,261,261,177,177,128,128,65,65,,,,,,,,,,,,,,,,,,,,,,,,,,,,,,,,,,,,,,,,,,,,,,,,
4235,4400,4363,4216,,0,52,52,54,54,38,38,41,41,48,48,52,52,145,145,961,961,1149,1149,1081,1081,1039,1039,960,960,872,872,924,924,906,906,924,924,950,950,999,999,907,907,408,408,261,261,177,177,128,128,65,65,,,,,,,,,,,,,,,,,,,,,,,,,,,,,,,,,,,,,,,,,,,,,,,,
4236,1200,4351,4222,,0,0,0,0,0,0,0,0,0,0,0,0,0,0,0,5,5,5,5,5,5,5,5,4,4,4,4,4,4,4,4,4,4,4,4,5,5,5,5,2,2,1,1,1,1,0,0,0,0,,,,,,,,,,,,,,,,,,,,,,,,,,,,,,,,,,,,,,,,,,,,,,,,
4237,1200,4293,4238,,0,0,0,0,0,0,0,0,0,0,0,0,0,1,1,6,6,7,7,6,6,6,6,6,6,6,6,5,5,6,6,6,6,6,6,6,6,6,6,2,2,1,1,1,1,1,1,0,0,,,,,,,,,,,,,,,,,,,,,,,,,,,,,,,,,,,,,,,,,,,,,,,,
4238,1200,4247,4237,4350;4329,2,0,0,0,0,0,0,0,0,0,0,0,0,0,0,3,3,3,3,3,3,3,3,3,3,3,3,2,2,3,3,3,3,3,3,3,3,3,3,1,1,1,1,0,0,0,0,0,0,,,,,,,,,,,,,,,,,,,,,,,,,,,,,,,,,,,,,,,,,,,,,,,,
4239,3500,4245,4231,4362;4242;4331,3,52,52,54,54,38,38,41,41,48,48,52,52,145,145,961,961,1149,1149,1081,1081,1039,1039,960,960,872,872,924,924,906,906,924,924,950,950,999,999,907,907,408,408,261,261,177,177,128,128,65,65,,,,,,,,,,,,,,,,,,,,,,,,,,,,,,,,,,,,,,,,,,,,,,,,
424,1500,233,425,,0,38,38,40,40,28,28,30,30,35,35,38,38,106,106,1010,1010,1173,1173,1121,1121,1069,1069,1008,1008,921,921,970,970,952,952,997,997,1020,1020,1069,1069,975,975,299,299,192,192,130,130,94,94,48,48,,,,,,,,,,,,,,,,,,,,,,,,,,,,,,,,,,,,,,,,,,,,,,,,
4240,4400,4216,4242,4259;4246,2,52,52,54,54,38,38,41,41,48,48,52,52,145,145,961,961,1149,1149,1081,1081,1039,1039,960,960,872,872,924,924,906,906,924,924,950,950,999,999,907,907,408,408,261,261,177,177,128,128,65,65,,,,,,,,,,,,,,,,,,,,,,,,,,,,,,,,,,,,,,,,,,,,,,,,
4241,1500,4345,4347,,0,50,50,49,49,35,35,37,37,43,43,48,48,137,137,1199,1199,1327,1327,1239,1239,1242,1242,1119,1119,1102,1102,1018,1018,1143,1143,1150,1150,1133,1133,1230,1230,1214,1214,532,532,323,323,202,202,148,148,86,86,,,,,,,,,,,,,,,,,,,,,,,,,,,,,,,,,,,,,,,,,,,,,,,,
4242,1500,4240,4239,4246,1,52,52,54,54,38,38,41,41,48,48,52,52,145,145,961,961,1149,1149,1081,1081,1039,1039,960,960,872,872,924,924,906,906,924,924,950,950,999,999,907,907,408,408,261,261,177,177,128,128,65,65,,,,,,,,,,,,,,,,,,,,,,,,,,,,,,,,,,,,,,,,,,,,,,,,
4243,4000,4249,4339,,0,50,50,49,49,35,35,37,37,43,43,48,48,137,137,1199,1199,1327,1327,1239,1239,1242,1242,1119,1119,1102,1102,1018,1018,1143,1143,1150,1150,1133,1133,1230,1230,1214,1214,532,532,323,323,202,202,148,148,86,86,,,,,,,,,,,,,,,,,,,,,,,,,,,,,,,,,,,,,,,,,,,,,,,,
4244,800,4369,4252,,0,0,0,0,0,0,0,0,0,0,0,0,0,1,1,7,7,9,9,8,8,8,8,7,7,7,7,7,7,7,7,7,7,7,7,8,8,7,7,3,3,2,2,1,1,1,1,0,0,,,,,,,,,,,,,,,,,,,,,,,,,,,,,,,,,,,,,,,,,,,,,,,,
4245,1000,4246,4239,,0,52,52,54,54,38,38,41,41,48,48,52,52,145,145,961,961,1149,1149,1081,1081,1039,1039,960,960,872,872,924,924,906,906,924,924,950,950,999,999,907,907,408,408,261,261,177,177,128,128,65,65,,,,,,,,,,,,,,,,,,,,,,,,,,,,,,,,,,,,,,,,,,,,,,,,
4246,2500,4287,4240,4242;4245;4251,3,52,52,54,54,38,38,41,41,48,48,52,52,145,145,961,961,1149,1149,1081,1081,1039,1039,960,960,872,872,924,924,906,906,924,924,950,950,999,999,907,907,408,408,261,261,177,177,128,128,65,65,,,,,,,,,,,,,,,,,,,,,,,,,,,,,,,,,,,,,,,,,,,,,,,,
4247,1200,4249,4238,,0,0,0,0,0,0,0,0,0,0,0,0,0,0,0,4,4,5,5,5,5,5,5,4,4,4,4,4,4,4,4,4,4,4,4,5,5,4,4,2,2,1,1,1,1,0,0,0,0,,,,,,,,,,,,,,,,,,,,,,,,,,,,,,,,,,,,,,,,,,,,,,,,
4248,800,4252,11951,,0,1,1,1,1,0,0,0,0,1,1,1,1,2,2,12,12,14,14,13,13,13,13,12,12,11,11,12,12,11,11,12,12,12,12,13,13,11,11,5,5,3,3,2,2,2,2,1,1,,,,,,,,,,,,,,,,,,,,,,,,,,,,,,,,,,,,,,,,,,,,,,,,
4249,4000,4243,4247,4340;4253;4262,3,50,50,49,49,35,35,37,37,43,43,48,48,137,137,1199,1199,1327,1327,1239,1239,1242,1242,1119,1119,1102,1102,1018,1018,1143,1143,1150,1150,1133,1133,1230,1230,1214,1214,532,532,323,323,202,202,148,148,86,86,,,,,,,,,,,,,,,,,,,,,,,,,,,,,,,,,,,,,,,,,,,,,,,,
425,1500,424,222,231,1,38,38,40,40,28,28,30,30,35,35,38,38,106,106,1010,1010,1173,1173,1121,1121,1069,1069,1008,1008,921,921,970,970,952,952,997,997,1020,1020,1069,1069,975,975,299,299,192,192,130,130,94,94,48,48,,,,,,,,,,,,,,,,,,,,,,,,,,,,,,,,,,,,,,,,,,,,,,,,
4250,800,4255,4339,,0,0,0,0,0,0,0,0,0,0,0,0,0,1,1,10,10,10,10,10,10,10,10,9,9,9,9,8,8,9,9,9,9,9,9,10,10,10,10,3,3,2,2,1,1,1,1,1,1,,,,,,,,,,,,,,,,,,,,,,,,,,,,,,,,,,,,,,,,,,,,,,,,
4251,1500,4246,4365,,0,52,52,54,54,38,38,41,41,48,48,52,52,145,145,961,961,1149,1149,1081,1081,1039,1039,960,960,872,872,924,924,906,906,924,924,950,950,999,999,907,907,408,408,261,261,177,177,128,128,65,65,,,,,,,,,,,,,,,,,,,,,,,,,,,,,,,,,,,,,,,,,,,,,,,,
4252,2000,4257,4248,4244;4260,2,52,52,54,54,38,38,41,41,48,48,52,52,145,145,961,961,1149,1149,1081,1081,1039,1039,960,960,872,872,924,924,906,906,924,924,950,950,999,999,907,907,408,408,261,261,177,177,128,128,65,65,,,,,,,,,,,,,,,,,,,,,,,,,,,,,,,,,,,,,,,,,,,,,,,,
4253,1000,4255,4249,,0,50,50,49,49,35,35,37,37,43,43,48,48,137,137,1199,1199,1327,1327,1239,1239,1242,1242,1119,1119,1102,1102,1018,1018,1143,1143,1150,1150,1133,1133,1230,1230,1214,1214,532,532,323,323,202,202,148,148,86,86,,,,,,,,,,,,,,,,,,,,,,,,,,,,,,,,,,,,,,,,,,,,,,,,
4254,800,4323,,,0,0,0,0,0,0,0,0,0,0,0,0,0,1,1,6,6,6,6,6,6,6,6,5,5,5,5,5,5,5,5,6,6,5,5,6,6,6,6,2,2,1,1,1,1,1,1,0,0,,,,,,,,,,,,,,,,,,,,,,,,,,,,,,,,,,,,,,,,,,,,,,,,
4255,800,4253,4256,4250;4285,2,0,0,0,0,0,0,0,0,0,0,0,0,1,1,8,8,8,8,8,8,8,8,7,7,7,7,7,7,7,7,7,7,7,7,8,8,8,8,3,3,2,2,1,1,1,1,0,0,,,,,,,,,,,,,,,,,,,,,,,,,,,,,,,,,,,,,,,,,,,,,,,,
4256,800,4323,4255,,0,0,0,0,0,0,0,0,0,0,0,0,0,0,0,5,5,6,6,6,6,6,6,5,5,5,5,5,5,5,5,5,5,5,5,5,5,5,5,2,2,1,1,1,1,1,1,0,0,,,,,,,,,,,,,,,,,,,,,,,,,,,,,,,,,,,,,,,,,,,,,,,,
4257,1500,4332,4252,,0,67,67,70,70,49,49,53,53,62,62,67,67,186,186,910,910,1134,1134,1023,1023,977,977,900,900,812,812,861,861,864,864,851,851,886,886,939,939,854,854,524,524,336,336,227,227,165,165,84,84,,,,,,,,,,,,,,,,,,,,,,,,,,,,,,,,,,,,,,,,,,,,,,,,
4258,600,4334,,,0,0,0,0,0,0,0,0,0,0,0,0,0,1,1,6,6,7,7,7,7,7,7,6,6,6,6,6,6,6,6,6,6,6,6,7,7,6,6,3,3,2,2,1,1,1,1,0,0,,,,,,,,,,,,,,,,,,,,,,,,,,,,,,,,,,,,,,,,,,,,,,,,
4259,2200,4240,4365,,0,52,52,54,54,38,38,41,41,48,48,52,52,145,145,961,961,1149,1149,1081,1081,1039,1039,960,960,872,872,924,924,906,906,924,924,950,950,999,999,907,907,408,408,261,261,177,177,128,128,65,65,,,,,,,,,,,,,,,,,,,,,,,,,,,,,,,,,,,,,,,,,,,,,,,,
426,4400,427,189,,0,38,38,40,40,28,28,30,30,35,35,38,38,106,106,1010,1010,1173,1173,1121,1121,1069,1069,1008,1008,921,921,970,970,952,952,997,997,1020,1020,1069,1069,975,975,299,299,192,192,130,130,94,94,48,48,,,,,,,,,,,,,,,,,,,,,,,,,,,,,,,,,,,,,,,,,,,,,,,,
4260,1500,4252,4267,,0,52,52,54,54,38,38,41,41,48,48,52,52,145,145,961,961,1149,1149,1081,1081,1039,1039,960,960,872,872,924,924,906,906,924,924,950,950,999,999,907,907,408,408,261,261,177,177,128,128,65,65,,,,,,,,,,,,,,,,,,,,,,,,,,,,,,,,,,,,,,,,,,,,,,,,
4261,2500,4321,4230,,0,50,50,49,49,35,35,37,37,43,43,48,48,137,137,1199,1199,1327,1327,1239,1239,1242,1242,1119,1119,1102,1102,1018,1018,1143,1143,1150,1150,1133,1133,1230,1230,1214,1214,532,532,323,323,202,202,148,148,86,86,,,,,,,,,,,,,,,,,,,,,,,,,,,,,,,,,,,,,,,,,,,,,,,,
4262,4400,4249,4265,,0,50,50,49,49,35,35,37,37,43,43,48,48,137,137,1199,1199,1327,1327,1239,1239,1242,1242,1119,1119,1102,1102,1018,1018,1143,1143,1150,1150,1133,1133,1230,1230,1214,1214,532,532,323,323,202,202,148,148,86,86,,,,,,,,,,,,,,,,,,,,,,,,,,,,,,,,,,,,,,,,,,,,,,,,
4263,1600,4330,4326,,0,0,0,0,0,0,0,0,0,0,0,0,0,1,1,5,5,6,6,6,6,6,6,5,5,5,5,5,5,5,5,5,5,5,5,6,6,6,6,2,2,1,1,1,1,1,1,0,0,,,,,,,,,,,,,,,,,,,,,,,,,,,,,,,,,,,,,,,,,,,,,,,,
4264,1200,4328,4266,,0,0,0,0,0,0,0,0,0,0,0,0,0,0,0,5,5,5,5,5,5,5,5,4,4,4,4,4,4,4,4,4,4,4,4,5,5,5,5,2,2,1,1,1,1,0,0,0,0,,,,,,,,,,,,,,,,,,,,,,,,,,,,,,,,,,,,,,,,,,,,,,,,
4265,1600,4325,4270,4262;17055,2,0,0,0,0,0,0,0,0,0,0,0,0,1,1,8,8,9,9,9,9,9,9,8,8,8,8,7,7,8,8,8,8,8,8,9,9,8,8,3,3,2,2,1,1,1,1,0,0,,,,,,,,,,,,,,,,,,,,,,,,,,,,,,,,,,,,,,,,,,,,,,,,
4266,1600,4264,4271,4320;4284,2,0,0,0,0,0,0,0,0,0,0,0,0,1,1,9,9,9,9,9,9,9,9,8,8,8,8,8,8,8,8,8,8,8,8,9,9,9,9,3,3,2,2,1,1,1,1,0,0,,,,,,,,,,,,,,,,,,,,,,,,,,,,,,,,,,,,,,,,,,,,,,,,
4267,2500,4260,4277,4333;4273,2,52,52,54,54,38,38,41,41,48,48,52,52,145,145,961,961,1149,1149,1081,1081,1039,1039,960,960,872,872,924,924,906,906,924,924,950,950,999,999,907,907,408,408,261,261,177,177,128,128,65,65,,,,,,,,,,,,,,,,,,,,,,,,,,,,,,,,,,,,,,,,,,,,,,,,
4268,2500,4293,4274,,0,50,50,49,49,35,35,37,37,43,43,48,48,137,137,1199,1199,1327,1327,1239,1239,1242,1242,1119,1119,1102,1102,1018,1018,1143,1143,1150,1150,1133,1133,1230,1230,1214,1214,532,532,323,323,202,202,148,148,86,86,,,,,,,,,,,,,,,,,,,,,,,,,,,,,,,,,,,,,,,,,,,,,,,,
4269,2500,4291,4274,,0,50,50,49,49,35,35,37,37,43,43,48,48,137,137,1199,1199,1327,1327,1239,1239,1242,1242,1119,1119,1102,1102,1018,1018,1143,1143,1150,1150,1133,1133,1230,1230,1214,1214,532,532,323,323,202,202,148,148,86,86,,,,,,,,,,,,,,,,,,,,,,,,,,,,,,,,,,,,,,,,,,,,,,,,
427,1650,426,198,219,1,38,38,40,40,28,28,30,30,35,35,38,38,106,106,1010,1010,1173,1173,1121,1121,1069,1069,1008,1008,921,921,970,970,952,952,997,997,1020,1020,1069,1069,975,975,299,299,192,192,130,130,94,94,48,48,,,,,,,,,,,,,,,,,,,,,,,,,,,,,,,,,,,,,,,,,,,,,,,,
4270,1200,4265,4324,,0,0,0,0,0,0,0,0,0,0,0,0,0,1,1,6,6,6,6,6,6,6,6,6,6,5,5,5,5,6,6,6,6,6,6,6,6,6,6,2,2,1,1,1,1,1,1,0,0,,,,,,,,,,,,,,,,,,,,,,,,,,,,,,,,,,,,,,,,,,,,,,,,
4271,1200,4266,4317,,0,0,0,0,0,0,0,0,0,0,0,0,0,0,0,5,5,5,5,5,5,5,5,5,5,5,5,4,4,5,5,5,5,5,5,5,5,5,5,2,2,1,1,1,1,0,0,0,0,,,,,,,,,,,,,,,,,,,,,,,,,,,,,,,,,,,,,,,,,,,,,,,,
4272,4400,4234,4278,,0,42,42,39,39,28,28,29,29,34,34,39,39,112,112,1343,1343,1424,1424,1347,1347,1375,1375,1229,1229,1247,1247,1096,1096,1282,1282,1299,1299,1257,1257,1375,1375,1394,1394,536,536,316,316,190,190,140,140,87,87,,,,,,,,,,,,,,,,,,,,,,,,,,,,,,,,,,,,,,,,,,,,,,,,
4273,4400,17711,4267,,0,52,52,54,54,38,38,41,41,48,48,52,52,145,145,961,961,1149,1149,1081,1081,1039,1039,960,960,872,872,924,924,906,906,924,924,950,950,999,999,907,907,408,408,261,261,177,177,128,128,65,65,,,,,,,,,,,,,,,,,,,,,,,,,,,,,,,,,,,,,,,,,,,,,,,,
4274,2000,4269,4283,4268;17049,2,50,50,49,49,35,35,37,37,43,43,48,48,137,137,1199,1199,1327,1327,1239,1239,1242,1242,1119,1119,1102,1102,1018,1018,1143,1143,1150,1150,1133,1133,1230,1230,1214,1214,532,532,323,323,202,202,148,148,86,86,,,,,,,,,,,,,,,,,,,,,,,,,,,,,,,,,,,,,,,,,,,,,,,,
4275,3500,4347,4349,,0,50,50,49,49,35,35,37,37,43,43,48,48,137,137,1199,1199,1327,1327,1239,1239,1242,1242,1119,1119,1102,1102,1018,1018,1143,1143,1150,1150,1133,1133,1230,1230,1214,1214,532,532,323,323,202,202,148,148,86,86,,,,,,,,,,,,,,,,,,,,,,,,,,,,,,,,,,,,,,,,,,,,,,,,
4276,4400,4234,4278,,0,52,52,54,54,38,38,41,41,48,48,52,52,145,145,961,961,1149,1149,1081,1081,1039,1039,960,960,872,872,924,924,906,906,924,924,950,950,999,999,907,907,408,408,261,261,177,177,128,128,65,65,,,,,,,,,,,,,,,,,,,,,,,,,,,,,,,,,,,,,,,,,,,,,,,,
4277,1500,4281,4267,,0,52,52,54,54,38,38,41,41,48,48,52,52,145,145,961,961,1149,1149,1081,1081,1039,1039,960,960,872,872,924,924,906,906,924,924,950,950,999,999,907,907,408,408,261,261,177,177,128,128,65,65,,,,,,,,,,,,,,,,,,,,,,,,,,,,,,,,,,,,,,,,,,,,,,,,
4278,1100,4276,4282,4272,1,50,50,49,49,35,35,37,37,43,43,48,48,137,137,1199,1199,1327,1327,1239,1239,1242,1242,1119,1119,1102,1102,1018,1018,1143,1143,1150,1150,1133,1133,1230,1230,1214,1214,532,532,323,323,202,202,148,148,86,86,,,,,,,,,,,,,,,,,,,,,,,,,,,,,,,,,,,,,,,,,,,,,,,,
4279,300,4297,4280,,0,1,1,1,1,0,0,0,0,1,1,1,1,2,2,11,11,13,13,12,12,12,12,11,11,10,10,10,10,10,10,10,10,11,11,11,11,10,10,4,4,3,3,2,2,1,1,1,1,,,,,,,,,,,,,,,,,,,,,,,,,,,,,,,,,,,,,,,,,,,,,,,,
428,1500,213,429,,0,67,67,70,70,49,49,53,53,62,62,67,67,186,186,910,910,1134,1134,1023,1023,977,977,900,900,812,812,861,861,864,864,851,851,886,886,939,939,854,854,524,524,336,336,227,227,165,165,84,84,,,,,,,,,,,,,,,,,,,,,,,,,,,,,,,,,,,,,,,,,,,,,,,,
4280,300,12021,17047,4279;17048,2,1,1,1,1,0,0,0,0,1,1,1,1,2,2,12,12,14,14,13,13,13,13,12,12,11,11,12,12,11,11,12,12,12,12,13,13,11,11,5,5,3,3,2,2,2,2,1,1,,,,,,,,,,,,,,,,,,,,,,,,,,,,,,,,,,,,,,,,,,,,,,,,
4281,1200,17057,4296,4277;17703,2,1,1,1,1,0,0,0,0,1,1,1,1,2,2,12,12,14,14,13,13,13,13,12,12,11,11,12,12,11,11,12,12,12,12,13,13,11,11,5,5,3,3,2,2,2,2,1,1,,,,,,,,,,,,,,,,,,,,,,,,,,,,,,,,,,,,,,,,,,,,,,,,
4282,4400,17201,4288,4278;17073,2,50,50,49,49,35,35,37,37,43,43,48,48,137,137,1199,1199,1327,1327,1239,1239,1242,1242,1119,1119,1102,1102,1018,1018,1143,1143,1150,1150,1133,1133,1230,1230,1214,1214,532,532,323,323,202,202,148,148,86,86,,,,,,,,,,,,,,,,,,,,,,,,,,,,,,,,,,,,,,,,,,,,,,,,
4283,1600,17694,4274,,0,0,0,0,0,0,0,0,0,0,0,0,0,1,1,12,12,13,13,13,13,13,13,11,11,11,11,11,11,11,11,12,12,11,11,12,12,12,12,4,4,3,3,2,2,1,1,1,1,,,,,,,,,,,,,,,,,,,,,,,,,,,,,,,,,,,,,,,,,,,,,,,,
4284,1200,4266,17056,,0,0,0,0,0,0,0,0,0,0,0,0,0,1,1,12,12,13,13,13,13,13,13,11,11,11,11,11,11,11,11,12,12,11,11,12,12,12,12,4,4,3,3,2,2,1,1,1,1,,,,,,,,,,,,,,,,,,,,,,,,,,,,,,,,,,,,,,,,,,,,,,,,
4285,1200,4328,4255,,0,0,0,0,0,0,0,0,0,0,0,0,0,1,1,7,7,8,8,8,8,8,8,7,7,7,7,7,7,7,7,7,7,7,7,8,8,7,7,3,3,2,2,1,1,1,1,0,0,,,,,,,,,,,,,,,,,,,,,,,,,,,,,,,,,,,,,,,,,,,,,,,,
4286,1200,4330,17694,,0,0,0,0,0,0,0,0,0,0,0,0,0,0,0,894,894,944,944,1009,1009,988,988,917,917,851,851,900,900,826,826,926,926,922,922,952,952,857,857,0,0,0,0,0,0,0,0,0,0,,,,,,,,,,,,,,,,,,,,,,,,,,,,,,,,,,,,,,,,,,,,,,,,
4287,4400,4246,17698,4364,1,0,0,0,0,0,0,0,0,0,0,0,0,0,0,1138,1138,1201,1201,1284,1284,1257,1257,1168,1168,1084,1084,1145,1145,1051,1051,1179,1179,1173,1173,1211,1211,1091,1091,0,0,0,0,0,0,0,0,0,0,,,,,,,,,,,,,,,,,,,,,,,,,,,,,,,,,,,,,,,,,,,,,,,,
4288,4400,4282,4289,,0,50,50,49,49,35,35,37,37,43,43,48,48,137,137,1199,1199,1327,1327,1239,1239,1242,1242,1119,1119,1102,1102,1018,1018,1143,1143,1150,1150,1133,1133,1230,1230,1214,1214,532,532,323,323,202,202,148,148,86,86,,,,,,,,,,,,,,,,,,,,,,,,,,,,,,,,,,,,,,,,,,,,,,,,
4289,3000,4288,17050,4290,1,50,50,49,49,35,35,37,37,43,43,48,48,137,137,1199,1199,1327,1327,1239,1239,1242,1242,1119,1119,1102,1102,1018,1018,1143,1143,1150,1150,1133,1133,1230,1230,1214,1214,532,532,323,323,202,202,148,148,86,86,,,,,,,,,,,,,,,,,,,,,,,,,,,,,,,,,,,,,,,,,,,,,,,,
429,400,431,207,428,1,0,0,0,0,0,0,0,0,0,0,0,0,1,1,10,10,12,12,11,11,11,11,10,10,9,9,10,10,9,9,10,10,10,10,11,11,10,10,3,3,2,2,1,1,1,1,1,1,,,,,,,,,,,,,,,,,,,,,,,,,,,,,,,,,,,,,,,,,,,,,,,,
4290,4000,4289,4291,,0,50,50,49,49,35,35,37,37,43,43,48,48,137,137,1199,1199,1327,1327,1239,1239,1242,1242,1119,1119,1102,1102,1018,1018,1143,1143,1150,1150,1133,1133,1230,1230,1214,1214,532,532,323,323,202,202,148,148,86,86,,,,,,,,,,,,,,,,,,,,,,,,,,,,,,,,,,,,,,,,,,,,,,,,
4291,2000,4290,4269,4294,1,50,50,49,49,35,35,37,37,43,43,48,48,137,137,1199,1199,1327,1327,1239,1239,1242,1242,1119,1119,1102,1102,1018,1018,1143,1143,1150,1150,1133,1133,1230,1230,1214,1214,532,532,323,323,202,202,148,148,86,86,,,,,,,,,,,,,,,,,,,,,,,,,,,,,,,,,,,,,,,,,,,,,,,,
4292,2000,,4293,,0,50,50,49,49,35,35,37,37,43,43,48,48,137,137,1199,1199,1327,1327,1239,1239,1242,1242,1119,1119,1102,1102,1018,1018,1143,1143,1150,1150,1133,1133,1230,1230,1214,1214,532,532,323,323,202,202,148,148,86,86,,,,,,,,,,,,,,,,,,,,,,,,,,,,,,,,,,,,,,,,,,,,,,,,
4293,1200,4237,4268,4292,1,0,0,0,0,0,0,0,0,0,0,0,0,1,1,7,7,8,8,8,8,8,8,7,7,7,7,6,6,7,7,7,7,7,7,7,7,7,7,3,3,2,2,1,1,1,1,0,0,,,,,,,,,,,,,,,,,,,,,,,,,,,,,,,,,,,,,,,,,,,,,,,,
4294,4400,4291,4295,,0,50,50,49,49,35,35,37,37,43,43,48,48,137,137,1199,1199,1327,1327,1239,1239,1242,1242,1119,1119,1102,1102,1018,1018,1143,1143,1150,1150,1133,1133,1230,1230,1214,1214,532,532,323,323,202,202,148,148,86,86,,,,,,,,,,,,,,,,,,,,,,,,,,,,,,,,,,,,,,,,,,,,,,,,
4295,4400,4294,4348,,0,50,50,49,49,35,35,37,37,43,43,48,48,137,137,1199,1199,1327,1327,1239,1239,1242,1242,1119,1119,1102,1102,1018,1018,1143,1143,1150,1150,1133,1133,1230,1230,1214,1214,532,532,323,323,202,202,148,148,86,86,,,,,,,,,,,,,,,,,,,,,,,,,,,,,,,,,,,,,,,,,,,,,,,,
4296,800,4281,4297,,0,0,0,0,0,0,0,0,0,0,0,0,0,1,1,9,9,10,10,10,10,9,9,8,8,8,8,8,8,8,8,8,8,8,8,9,9,8,8,3,3,2,2,2,2,1,1,1,1,,,,,,,,,,,,,,,,,,,,,,,,,,,,,,,,,,,,,,,,,,,,,,,,
4297,300,4279,4296,4298,1,1,1,1,1,0,0,0,0,0,0,1,1,1,1,10,10,12,12,11,11,11,11,10,10,9,9,10,10,9,9,10,10,10,10,10,10,9,9,4,4,3,3,2,2,1,1,1,1,,,,,,,,,,,,,,,,,,,,,,,,,,,,,,,,,,,,,,,,,,,,,,,,
4298,800,4297,12044,,0,1,1,1,1,0,0,0,0,1,1,1,1,2,2,12,12,14,14,13,13,13,13,12,12,11,11,12,12,11,11,12,12,12,12,13,13,11,11,5,5,3,3,2,2,2,2,1,1,,,,,,,,,,,,,,,,,,,,,,,,,,,,,,,,,,,,,,,,,,,,,,,,
4299,4400,4158,4300,,0,22,22,23,23,16,16,18,18,21,21,22,22,62,62,1068,1068,1203,1203,1164,1164,1099,1099,1063,1063,976,976,1021,1021,1007,1007,1083,1083,1103,1103,1153,1153,1057,1057,175,175,112,112,76,76,55,55,28,28,,,,,,,,,,,,,,,,,,,,,,,,,,,,,,,,,,,,,,,,,,,,,,,,
43,2500,51,26,,0,50,50,52,52,37,37,40,40,46,46,50,50,140,140,967,967,1151,1151,1088,1088,1047,1047,967,967,880,880,932,932,911,911,933,933,958,958,1007,1007,913,913,393,393,252,252,170,170,124,124,63,63,,,,,,,,,,,,,,,,,,,,,,,,,,,,,,,,,,,,,,,,,,,,,,,,
430,1600,192,432,431,1,0,0,0,0,0,0,0,0,0,0,0,0,1,1,7,7,9,9,8,8,8,8,7,7,7,7,7,7,7,7,7,7,7,7,8,8,7,7,3,3,2,2,1,1,1,1,0,0,,,,,,,,,,,,,,,,,,,,,,,,,,,,,,,,,,,,,,,,,,,,,,,,
4300,2000,4299,,4387,1,22,22,23,23,16,16,18,18,21,21,22,22,62,62,1068,1068,1203,1203,1164,1164,1099,1099,1063,1063,976,976,1021,1021,1007,1007,1083,1083,1103,1103,1153,1153,1057,1057,175,175,112,112,76,76,55,55,28,28,,,,,,,,,,,,,,,,,,,,,,,,,,,,,,,,,,,,,,,,,,,,,,,,
4301,4000,4302,,,0,22,22,23,23,16,16,18,18,21,21,22,22,62,62,1068,1068,1203,1203,1164,1164,1099,1099,1063,1063,976,976,1021,1021,1007,1007,1083,1083,1103,1103,1153,1153,1057,1057,175,175,112,112,76,76,55,55,28,28,,,,,,,,,,,,,,,,,,,,,,,,,,,,,,,,,,,,,,,,,,,,,,,,
4302,2500,4301,4160,4303,1,22,22,23,23,16,16,18,18,21,21,22,22,62,62,1068,1068,1203,1203,1164,1164,1099,1099,1063,1063,976,976,1021,1021,1007,1007,1083,1083,1103,1103,1153,1153,1057,1057,175,175,112,112,76,76,55,55,28,28,,,,,,,,,,,,,,,,,,,,,,,,,,,,,,,,,,,,,,,,,,,,,,,,
4303,3000,4304,4302,,0,22,22,23,23,16,16,18,18,21,21,22,22,62,62,1068,1068,1203,1203,1164,1164,1099,1099,1063,1063,976,976,1021,1021,1007,1007,1083,1083,1103,1103,1153,1153,1057,1057,175,175,112,112,76,76,55,55,28,28,,,,,,,,,,,,,,,,,,,,,,,,,,,,,,,,,,,,,,,,,,,,,,,,
4304,2500,4303,4307,4305,1,22,22,23,23,16,16,18,18,21,21,22,22,62,62,1068,1068,1203,1203,1164,1164,1099,1099,1063,1063,976,976,1021,1021,1007,1007,1083,1083,1103,1103,1153,1153,1057,1057,175,175,112,112,76,76,55,55,28,28,,,,,,,,,,,,,,,,,,,,,,,,,,,,,,,,,,,,,,,,,,,,,,,,
4305,3000,4304,4306,,0,22,22,23,23,16,16,18,18,21,21,22,22,62,62,1068,1068,1203,1203,1164,1164,1099,1099,1063,1063,976,976,1021,1021,1007,1007,1083,1083,1103,1103,1153,1153,1057,1057,175,175,112,112,76,76,55,55,28,28,,,,,,,,,,,,,,,,,,,,,,,,,,,,,,,,,,,,,,,,,,,,,,,,
4306,1200,4171,4305,4309,1,0,0,0,0,0,0,0,0,0,0,0,0,1,1,19,19,21,21,20,20,19,19,19,19,17,17,18,18,18,18,19,19,19,19,20,20,18,18,3,3,2,2,1,1,1,1,0,0,,,,,,,,,,,,,,,,,,,,,,,,,,,,,,,,,,,,,,,,,,,,,,,,
4307,2000,4304,4308,,0,22,22,23,23,16,16,18,18,21,21,22,22,62,62,1068,1068,1203,1203,1164,1164,1099,1099,1063,1063,976,976,1021,1021,1007,1007,1083,1083,1103,1103,1153,1153,1057,1057,175,175,112,112,76,76,55,55,28,28,,,,,,,,,,,,,,,,,,,,,,,,,,,,,,,,,,,,,,,,,,,,,,,,
4308,1200,4176,4307,4162,1,0,0,0,0,0,0,0,0,0,0,0,0,1,1,20,20,23,23,22,22,21,21,20,20,19,19,20,20,19,19,21,21,21,21,22,22,20,20,3,3,2,2,1,1,1,1,1,1,,,,,,,,,,,,,,,,,,,,,,,,,,,,,,,,,,,,,,,,,,,,,,,,
4309,3000,4310,4306,,0,22,22,23,23,16,16,18,18,21,21,22,22,62,62,1068,1068,1203,1203,1164,1164,1099,1099,1063,1063,976,976,1021,1021,1007,1007,1083,1083,1103,1103,1153,1153,1057,1057,175,175,112,112,76,76,55,55,28,28,,,,,,,,,,,,,,,,,,,,,,,,,,,,,,,,,,,,,,,,,,,,,,,,
431,800,430,429,,0,53,53,55,55,38,38,42,42,48,48,53,53,146,146,715,715,891,891,804,804,768,768,707,707,638,638,676,676,679,679,669,669,696,696,738,738,671,671,411,411,264,264,178,178,130,130,66,66,,,,,,,,,,,,,,,,,,,,,,,,,,,,,,,,,,,,,,,,,,,,,,,,
4310,1600,4309,4167,4311,1,0,0,0,0,0,0,0,0,0,0,0,0,1,1,19,19,22,22,21,21,20,20,19,19,17,17,18,18,18,18,19,19,20,20,21,21,19,19,3,3,2,2,1,1,1,1,1,1,,,,,,,,,,,,,,,,,,,,,,,,,,,,,,,,,,,,,,,,,,,,,,,,
4311,3000,4312,4310,,0,22,22,23,23,16,16,18,18,21,21,22,22,62,62,1068,1068,1203,1203,1164,1164,1099,1099,1063,1063,976,976,1021,1021,1007,1007,1083,1083,1103,1103,1153,1153,1057,1057,175,175,112,112,76,76,55,55,28,28,,,,,,,,,,,,,,,,,,,,,,,,,,,,,,,,,,,,,,,,,,,,,,,,
4312,2500,4311,4168,4313,1,22,22,23,23,16,16,18,18,21,21,22,22,62,62,1068,1068,1203,1203,1164,1164,1099,1099,1063,1063,976,976,1021,1021,1007,1007,1083,1083,1103,1103,1153,1153,1057,1057,175,175,112,112,76,76,55,55,28,28,,,,,,,,,,,,,,,,,,,,,,,,,,,,,,,,,,,,,,,,,,,,,,,,
4313,3300,4314,4312,,0,22,22,23,23,16,16,18,18,21,21,22,22,62,62,1068,1068,1203,1203,1164,1164,1099,1099,1063,1063,976,976,1021,1021,1007,1007,1083,1083,1103,1103,1153,1153,1057,1057,175,175,112,112,76,76,55,55,28,28,,,,,,,,,,,,,,,,,,,,,,,,,,,,,,,,,,,,,,,,,,,,,,,,
4314,3300,4161,4313,4188,1,22,22,23,23,16,16,18,18,21,21,22,22,62,62,1068,1068,1203,1203,1164,1164,1099,1099,1063,1063,976,976,1021,1021,1007,1007,1083,1083,1103,1103,1153,1153,1057,1057,175,175,112,112,76,76,55,55,28,28,,,,,,,,,,,,,,,,,,,,,,,,,,,,,,,,,,,,,,,,,,,,,,,,
4315,4000,4316,4384,,0,56,56,57,57,40,40,43,43,51,51,55,55,154,154,1025,1025,1206,1206,1112,1112,1079,1079,993,993,928,928,933,933,973,973,979,979,995,995,1062,1062,998,998,481,481,302,302,199,199,145,145,77,77,,,,,,,,,,,,,,,,,,,,,,,,,,,,,,,,,,,,,,,,,,,,,,,,
4316,4400,4315,4184,4161,1,56,56,57,57,40,40,43,43,51,51,55,55,154,154,1025,1025,1206,1206,1112,1112,1079,1079,993,993,928,928,933,933,973,973,979,979,995,995,1062,1062,998,998,481,481,302,302,199,199,145,145,77,77,,,,,,,,,,,,,,,,,,,,,,,,,,,,,,,,,,,,,,,,,,,,,,,,
4317,1600,4271,4318,17683,1,10,10,10,10,7,7,8,8,9,9,10,10,28,28,230,230,269,269,259,259,250,250,231,231,211,211,224,224,216,216,225,225,230,230,241,241,218,218,78,78,50,50,34,34,25,25,12,12,,,,,,,,,,,,,,,,,,,,,,,,,,,,,,,,,,,,,,,,,,,,,,,,
4318,4400,4317,4319,,0,34,34,35,35,24,24,26,26,31,31,34,34,93,93,1024,1024,1168,1168,1154,1154,1117,1117,1034,1034,948,948,1003,1003,958,958,1015,1015,1030,1030,1075,1075,972,972,262,262,168,168,114,114,82,82,42,42,,,,,,,,,,,,,,,,,,,,,,,,,,,,,,,,,,,,,,,,,,,,,,,,
4319,2500,4318,,,0,34,34,35,35,24,24,26,26,31,31,34,34,93,93,1024,1024,1168,1168,1154,1154,1117,1117,1034,1034,948,948,1003,1003,958,958,1015,1015,1030,1030,1075,1075,972,972,262,262,168,168,114,114,82,82,42,42,,,,,,,,,,,,,,,,,,,,,,,,,,,,,,,,,,,,,,,,,,,,,,,,
432,400,430,433,,0,0,0,0,0,0,0,0,0,0,0,0,0,1,1,8,8,9,9,8,8,8,8,8,8,7,7,7,7,7,7,7,7,8,8,8,8,7,7,3,3,2,2,1,1,1,1,0,0,,,,,,,,,,,,,,,,,,,,,,,,,,,,,,,,,,,,,,,,,,,,,,,,
4320,1200,4321,4266,,0,0,0,0,0,0,0,0,0,0,0,0,0,1,1,6,6,7,7,6,6,6,6,6,6,6,6,5,5,6,6,6,6,6,6,6,6,6,6,2,2,1,1,1,1,1,1,0,0,,,,,,,,,,,,,,,,,,,,,,,,,,,,,,,,,,,,,,,,,,,,,,,,
4321,800,4261,4322,4320,1,0,0,0,0,0,0,0,0,0,0,0,0,1,1,8,8,9,9,8,8,8,8,8,8,7,7,7,7,8,8,8,8,8,8,8,8,8,8,3,3,2,2,1,1,1,1,0,0,,,,,,,,,,,,,,,,,,,,,,,,,,,,,,,,,,,,,,,,,,,,,,,,
4322,800,4323,4321,,0,0,0,0,0,0,0,0,0,0,0,0,0,1,1,7,7,8,8,7,7,7,7,7,7,6,6,6,6,7,7,7,7,7,7,7,7,7,7,2,2,1,1,1,1,1,1,0,0,,,,,,,,,,,,,,,,,,,,,,,,,,,,,,,,,,,,,,,,,,,,,,,,
4323,800,4322,4256,4254,1,0,0,0,0,0,0,0,0,0,0,0,0,0,0,5,5,6,6,5,5,5,5,5,5,5,5,4,4,5,5,5,5,5,5,5,5,5,5,2,2,1,1,1,1,1,1,0,0,,,,,,,,,,,,,,,,,,,,,,,,,,,,,,,,,,,,,,,,,,,,,,,,
4324,800,17686,4327,4270,1,0,0,0,0,0,0,0,0,0,0,0,0,1,1,6,6,7,7,6,6,6,6,6,6,6,6,5,5,6,6,6,6,6,6,6,6,6,6,2,2,1,1,1,1,1,1,0,0,,,,,,,,,,,,,,,,,,,,,,,,,,,,,,,,,,,,,,,,,,,,,,,,
4325,800,4326,4265,,0,0,0,0,0,0,0,0,0,0,0,0,0,0,0,5,5,6,6,6,6,6,6,5,5,5,5,5,5,5,5,5,5,5,5,6,6,5,5,2,2,1,1,1,1,1,1,0,0,,,,,,,,,,,,,,,,,,,,,,,,,,,,,,,,,,,,,,,,,,,,,,,,
4326,800,4325,4263,17058,1,0,0,0,0,0,0,0,0,0,0,0,0,1,1,6,6,7,7,7,7,7,7,6,6,6,6,6,6,6,6,6,6,6,6,7,7,6,6,2,2,1,1,1,1,1,1,0,0,,,,,,,,,,,,,,,,,,,,,,,,,,,,,,,,,,,,,,,,,,,,,,,,
4327,800,4328,4324,,0,0,0,0,0,0,0,0,0,0,0,0,0,0,0,5,5,6,6,6,6,6,6,5,5,5,5,5,5,5,5,5,5,5,5,5,5,5,5,2,2,1,1,1,1,1,1,0,0,,,,,,,,,,,,,,,,,,,,,,,,,,,,,,,,,,,,,,,,,,,,,,,,
4328,800,4327,4285,4264,1,0,0,0,0,0,0,0,0,0,0,0,0,1,1,6,6,7,7,7,7,7,7,6,6,6,6,6,6,6,6,6,6,6,6,7,7,6,6,2,2,1,1,1,1,1,1,0,0,,,,,,,,,,,,,,,,,,,,,,,,,,,,,,,,,,,,,,,,,,,,,,,,
4329,1600,4330,4238,,0,0,0,0,0,0,0,0,0,0,0,0,0,0,0,4,4,4,4,4,4,4,4,3,3,3,3,3,3,3,3,3,3,3,3,4,4,4,4,1,1,1,1,0,0,0,0,0,0,,,,,,,,,,,,,,,,,,,,,,,,,,,,,,,,,,,,,,,,,,,,,,,,
433,800,432,198,208,1,0,0,0,0,0,0,0,0,0,0,0,0,1,1,9,9,10,10,10,10,9,9,9,9,8,8,8,8,8,8,9,9,9,9,9,9,8,8,3,3,2,2,1,1,1,1,0,0,,,,,,,,,,,,,,,,,,,,,,,,,,,,,,,,,,,,,,,,,,,,,,,,
4330,1200,4286,4329,4263,1,0,0,0,0,0,0,0,0,0,0,0,0,1,1,7,7,7,7,7,7,7,7,6,6,6,6,6,6,6,6,6,6,6,6,7,7,7,7,2,2,1,1,1,1,1,1,0,0,,,,,,,,,,,,,,,,,,,,,,,,,,,,,,,,,,,,,,,,,,,,,,,,
4331,4400,4239,4332,,0,52,52,54,54,38,38,41,41,48,48,52,52,145,145,961,961,1149,1149,1081,1081,1039,1039,960,960,872,872,924,924,906,906,924,924,950,950,999,999,907,907,408,408,261,261,177,177,128,128,65,65,,,,,,,,,,,,,,,,,,,,,,,,,,,,,,,,,,,,,,,,,,,,,,,,
4332,2500,4331,4257,17711,1,52,52,54,54,38,38,41,41,48,48,52,52,145,145,961,961,1149,1149,1081,1081,1039,1039,960,960,872,872,924,924,906,906,924,924,950,950,999,999,907,907,408,408,261,261,177,177,128,128,65,65,,,,,,,,,,,,,,,,,,,,,,,,,,,,,,,,,,,,,,,,,,,,,,,,
4333,1600,4267,4334,,0,0,0,0,0,0,0,0,0,0,0,0,0,1,1,7,7,8,8,8,8,7,7,7,7,6,6,7,7,7,7,7,7,7,7,7,7,7,7,3,3,2,2,1,1,1,1,0,0,,,,,,,,,,,,,,,,,,,,,,,,,,,,,,,,,,,,,,,,,,,,,,,,
4334,600,4258,4335,4333,1,0,0,0,0,0,0,0,0,0,0,0,0,1,1,7,7,9,9,8,8,8,8,7,7,7,7,7,7,7,7,7,7,7,7,8,8,7,7,3,3,2,2,1,1,1,1,0,0,,,,,,,,,,,,,,,,,,,,,,,,,,,,,,,,,,,,,,,,,,,,,,,,
4335,2000,4334,12045,,0,67,67,70,70,49,49,53,53,62,62,67,67,186,186,910,910,1134,1134,1023,1023,977,977,900,900,812,812,861,861,864,864,851,851,886,886,939,939,854,854,524,524,336,336,227,227,165,165,84,84,,,,,,,,,,,,,,,,,,,,,,,,,,,,,,,,,,,,,,,,,,,,,,,,
4336,1500,4337,4230,,0,50,50,49,49,35,35,37,37,43,43,48,48,137,137,1199,1199,1327,1327,1239,1239,1242,1242,1119,1119,1102,1102,1018,1018,1143,1143,1150,1150,1133,1133,1230,1230,1214,1214,532,532,323,323,202,202,148,148,86,86,,,,,,,,,,,,,,,,,,,,,,,,,,,,,,,,,,,,,,,,,,,,,,,,
4337,3000,4336,4223,4214,1,50,50,49,49,35,35,37,37,43,43,48,48,137,137,1199,1199,1327,1327,1239,1239,1242,1242,1119,1119,1102,1102,1018,1018,1143,1143,1150,1150,1133,1133,1230,1230,1214,1214,532,532,323,323,202,202,148,148,86,86,,,,,,,,,,,,,,,,,,,,,,,,,,,,,,,,,,,,,,,,,,,,,,,,
4338,4000,4230,4339,,0,50,50,49,49,35,35,37,37,43,43,48,48,137,137,1199,1199,1327,1327,1239,1239,1242,1242,1119,1119,1102,1102,1018,1018,1143,1143,1150,1150,1133,1133,1230,1230,1214,1214,532,532,323,323,202,202,148,148,86,86,,,,,,,,,,,,,,,,,,,,,,,,,,,,,,,,,,,,,,,,,,,,,,,,
4339,2500,4250,4243,4338,1,50,50,49,49,35,35,37,37,43,43,48,48,137,137,1199,1199,1327,1327,1239,1239,1242,1242,1119,1119,1102,1102,1018,1018,1143,1143,1150,1150,1133,1133,1230,1230,1214,1214,532,532,323,323,202,202,148,148,86,86,,,,,,,,,,,,,,,,,,,,,,,,,,,,,,,,,,,,,,,,,,,,,,,,
434,3000,213,435,,0,38,38,40,40,28,28,30,30,35,35,38,38,106,106,1010,1010,1173,1173,1121,1121,1069,1069,1008,1008,921,921,970,970,952,952,997,997,1020,1020,1069,1069,975,975,299,299,192,192,130,130,94,94,48,48,,,,,,,,,,,,,,,,,,,,,,,,,,,,,,,,,,,,,,,,,,,,,,,,
4340,2000,4249,4341,,0,50,50,49,49,35,35,37,37,43,43,48,48,137,137,1199,1199,1327,1327,1239,1239,1242,1242,1119,1119,1102,1102,1018,1018,1143,1143,1150,1150,1133,1133,1230,1230,1214,1214,532,532,323,323,202,202,148,148,86,86,,,,,,,,,,,,,,,,,,,,,,,,,,,,,,,,,,,,,,,,,,,,,,,,
4341,1200,4342,4233,4340,1,0,0,0,0,0,0,0,0,0,0,0,0,1,1,11,11,12,12,12,12,12,12,11,11,10,10,10,10,11,11,11,11,11,11,12,12,11,11,4,4,2,2,2,2,1,1,1,1,,,,,,,,,,,,,,,,,,,,,,,,,,,,,,,,,,,,,,,,,,,,,,,,
4342,1200,4341,4343,,0,0,0,0,0,0,0,0,0,0,0,0,0,1,1,8,8,9,9,9,9,9,9,8,8,8,8,7,7,8,8,8,8,8,8,9,9,8,8,3,3,2,2,1,1,1,1,0,0,,,,,,,,,,,,,,,,,,,,,,,,,,,,,,,,,,,,,,,,,,,,,,,,
4343,1600,4227,4344,4342,1,0,0,0,0,0,0,0,0,0,0,0,0,1,1,6,6,6,6,6,6,6,6,6,6,5,5,5,5,6,6,6,6,6,6,6,6,6,6,2,2,1,1,1,1,1,1,0,0,,,,,,,,,,,,,,,,,,,,,,,,,,,,,,,,,,,,,,,,,,,,,,,,
4344,1200,4343,4345,,0,0,0,0,0,0,0,0,0,0,0,0,0,1,1,9,9,10,10,10,10,10,10,9,9,9,9,8,8,9,9,9,9,9,9,10,10,9,9,3,3,2,2,1,1,1,1,1,1,,,,,,,,,,,,,,,,,,,,,,,,,,,,,,,,,,,,,,,,,,,,,,,,
4345,2500,4241,4344,4214,1,50,50,49,49,35,35,37,37,43,43,48,48,137,137,1199,1199,1327,1327,1239,1239,1242,1242,1119,1119,1102,1102,1018,1018,1143,1143,1150,1150,1133,1133,1230,1230,1214,1214,532,532,323,323,202,202,148,148,86,86,,,,,,,,,,,,,,,,,,,,,,,,,,,,,,,,,,,,,,,,,,,,,,,,
4346,3850,4347,4204,,0,50,50,49,49,35,35,37,37,43,43,48,48,137,137,1199,1199,1327,1327,1239,1239,1242,1242,1119,1119,1102,1102,1018,1018,1143,1143,1150,1150,1133,1133,1230,1230,1214,1214,532,532,323,323,202,202,148,148,86,86,,,,,,,,,,,,,,,,,,,,,,,,,,,,,,,,,,,,,,,,,,,,,,,,
4347,3000,,4241,4346;4275,2,50,50,49,49,35,35,37,37,43,43,48,48,137,137,1199,1199,1327,1327,1239,1239,1242,1242,1119,1119,1102,1102,1018,1018,1143,1143,1150,1150,1133,1133,1230,1230,1214,1214,532,532,323,323,202,202,148,148,86,86,,,,,,,,,,,,,,,,,,,,,,,,,,,,,,,,,,,,,,,,,,,,,,,,
4348,3300,4295,4349,,0,50,50,49,49,35,35,37,37,43,43,48,48,137,137,1199,1199,1327,1327,1239,1239,1242,1242,1119,1119,1102,1102,1018,1018,1143,1143,1150,1150,1133,1133,1230,1230,1214,1214,532,532,323,323,202,202,148,148,86,86,,,,,,,,,,,,,,,,,,,,,,,,,,,,,,,,,,,,,,,,,,,,,,,,
4349,2500,4218,4348,4275,1,50,50,49,49,35,35,37,37,43,43,48,48,137,137,1199,1199,1327,1327,1239,1239,1242,1242,1119,1119,1102,1102,1018,1018,1143,1143,1150,1150,1133,1133,1230,1230,1214,1214,532,532,323,323,202,202,148,148,86,86,,,,,,,,,,,,,,,,,,,,,,,,,,,,,,,,,,,,,,,,,,,,,,,,
435,500,436,207,434,1,38,38,40,40,28,28,30,30,35,35,38,38,106,106,1010,1010,1173,1173,1121,1121,1069,1069,1008,1008,921,921,970,970,952,952,997,997,1020,1020,1069,1069,975,975,299,299,192,192,130,130,94,94,48,48,,,,,,,,,,,,,,,,,,,,,,,,,,,,,,,,,,,,,,,,,,,,,,,,
4350,800,4351,4238,,0,0,0,0,0,0,0,0,0,0,0,0,0,0,0,3,3,3,3,3,3,3,3,3,3,3,3,3,3,3,3,3,3,3,3,3,3,3,3,1,1,1,1,0,0,0,0,0,0,,,,,,,,,,,,,,,,,,,,,,,,,,,,,,,,,,,,,,,,,,,,,,,,
4351,1200,4233,4350,4236,1,0,0,0,0,0,0,0,0,0,0,0,0,0,0,3,3,4,4,3,3,3,3,3,3,3,3,3,3,3,3,3,3,3,3,3,3,3,3,1,1,1,1,0,0,0,0,0,0,,,,,,,,,,,,,,,,,,,,,,,,,,,,,,,,,,,,,,,,,,,,,,,,
4352,3000,4353,4354,4234,1,52,52,54,54,38,38,41,41,48,48,52,52,145,145,961,961,1149,1149,1081,1081,1039,1039,960,960,872,872,924,924,906,906,924,924,950,950,999,999,907,907,408,408,261,261,177,177,128,128,65,65,,,,,,,,,,,,,,,,,,,,,,,,,,,,,,,,,,,,,,,,,,,,,,,,
4353,2000,4216,4352,,0,52,52,54,54,38,38,41,41,48,48,52,52,145,145,961,961,1149,1149,1081,1081,1039,1039,960,960,872,872,924,924,906,906,924,924,950,950,999,999,907,907,408,408,261,261,177,177,128,128,65,65,,,,,,,,,,,,,,,,,,,,,,,,,,,,,,,,,,,,,,,,,,,,,,,,
4354,2000,4352,4355,,0,52,52,54,54,38,38,41,41,48,48,52,52,145,145,961,961,1149,1149,1081,1081,1039,1039,960,960,872,872,924,924,906,906,924,924,950,950,999,999,907,907,408,408,261,261,177,177,128,128,65,65,,,,,,,,,,,,,,,,,,,,,,,,,,,,,,,,,,,,,,,,,,,,,,,,
4355,2000,4207,4358,4354,1,52,52,54,54,38,38,41,41,48,48,52,52,145,145,961,961,1149,1149,1081,1081,1039,1039,960,960,872,872,924,924,906,906,924,924,950,950,999,999,907,907,408,408,261,261,177,177,128,128,65,65,,,,,,,,,,,,,,,,,,,,,,,,,,,,,,,,,,,,,,,,,,,,,,,,
4356,2500,4359,4357,,0,52,52,54,54,38,38,41,41,48,48,52,52,145,145,961,961,1149,1149,1081,1081,1039,1039,960,960,872,872,924,924,906,906,924,924,950,950,999,999,907,907,408,408,261,261,177,177,128,128,65,65,,,,,,,,,,,,,,,,,,,,,,,,,,,,,,,,,,,,,,,,,,,,,,,,
4357,2000,4200,4215,4356,1,52,52,54,54,38,38,41,41,48,48,52,52,145,145,961,961,1149,1149,1081,1081,1039,1039,960,960,872,872,924,924,906,906,924,924,950,950,999,999,907,907,408,408,261,261,177,177,128,128,65,65,,,,,,,,,,,,,,,,,,,,,,,,,,,,,,,,,,,,,,,,,,,,,,,,
4358,1200,4359,4355,,0,0,0,0,0,0,0,0,0,0,0,0,0,1,1,9,9,10,10,10,10,9,9,8,8,8,8,8,8,8,8,8,8,8,8,9,9,8,8,3,3,2,2,2,2,1,1,1,1,,,,,,,,,,,,,,,,,,,,,,,,,,,,,,,,,,,,,,,,,,,,,,,,
4359,800,4206,4358,4356,1,1,1,1,1,0,0,0,0,1,1,1,1,2,2,11,11,13,13,12,12,11,11,11,11,10,10,10,10,10,10,10,10,11,11,11,11,10,10,4,4,3,3,2,2,1,1,1,1,,,,,,,,,,,,,,,,,,,,,,,,,,,,,,,,,,,,,,,,,,,,,,,,
436,3000,437,435,,0,38,38,40,40,28,28,30,30,35,35,38,38,106,106,1010,1010,1173,1173,1121,1121,1069,1069,1008,1008,921,921,970,970,952,952,997,997,1020,1020,1069,1069,975,975,299,299,192,192,130,130,94,94,48,48,,,,,,,,,,,,,,,,,,,,,,,,,,,,,,,,,,,,,,,,,,,,,,,,
4360,4400,4186,4361,,0,52,52,54,54,38,38,41,41,48,48,52,52,145,145,961,961,1149,1149,1081,1081,1039,1039,960,960,872,872,924,924,906,906,924,924,950,950,999,999,907,907,408,408,261,261,177,177,128,128,65,65,,,,,,,,,,,,,,,,,,,,,,,,,,,,,,,,,,,,,,,,,,,,,,,,
4361,800,4210,4200,4360,1,0,0,0,0,0,0,0,0,0,0,0,0,0,0,3,3,4,4,4,4,4,4,3,3,3,3,3,3,3,3,3,3,3,3,3,3,3,3,1,1,1,1,1,1,0,0,0,0,,,,,,,,,,,,,,,,,,,,,,,,,,,,,,,,,,,,,,,,,,,,,,,,
4362,4400,4239,4363,,0,52,52,54,54,38,38,41,41,48,48,52,52,145,145,961,961,1149,1149,1081,1081,1039,1039,960,960,872,872,924,924,906,906,924,924,950,950,999,999,907,907,408,408,261,261,177,177,128,128,65,65,,,,,,,,,,,,,,,,,,,,,,,,,,,,,,,,,,,,,,,,,,,,,,,,
4363,2500,4235,4224,4362,1,52,52,54,54,38,38,41,41,48,48,52,52,145,145,961,961,1149,1149,1081,1081,1039,1039,960,960,872,872,924,924,906,906,924,924,950,950,999,999,907,907,408,408,261,261,177,177,128,128,65,65,,,,,,,,,,,,,,,,,,,,,,,,,,,,,,,,,,,,,,,,,,,,,,,,
4364,2750,4287,4365,,0,52,52,54,54,38,38,41,41,48,48,52,52,145,145,961,961,1149,1149,1081,1081,1039,1039,960,960,872,872,924,924,906,906,924,924,950,950,999,999,907,907,408,408,261,261,177,177,128,128,65,65,,,,,,,,,,,,,,,,,,,,,,,,,,,,,,,,,,,,,,,,,,,,,,,,
4365,2500,4259,4364,4251,1,52,52,54,54,38,38,41,41,48,48,52,52,145,145,961,961,1149,1149,1081,1081,1039,1039,960,960,872,872,924,924,906,906,924,924,950,950,999,999,907,907,408,408,261,261,177,177,128,128,65,65,,,,,,,,,,,,,,,,,,,,,,,,,,,,,,,,,,,,,,,,,,,,,,,,
4366,4400,4216,4367,,0,52,52,54,54,38,38,41,41,48,48,52,52,145,145,961,961,1149,1149,1081,1081,1039,1039,960,960,872,872,924,924,906,906,924,924,950,950,999,999,907,907,408,408,261,261,177,177,128,128,65,65,,,,,,,,,,,,,,,,,,,,,,,,,,,,,,,,,,,,,,,,,,,,,,,,
4367,1600,4203,4213,4366,1,0,0,0,0,0,0,0,0,0,0,0,0,0,0,3,3,3,3,3,3,3,3,3,3,3,3,3,3,3,3,3,3,3,3,3,3,3,3,1,1,1,1,1,1,0,0,0,0,,,,,,,,,,,,,,,,,,,,,,,,,,,,,,,,,,,,,,,,,,,,,,,,
4368,1200,4369,4221,,0,0,0,0,0,0,0,0,0,0,0,0,0,1,1,8,8,10,10,9,9,9,9,8,8,7,7,8,8,8,8,8,8,8,8,8,8,8,8,3,3,2,2,1,1,1,1,1,1,,,,,,,,,,,,,,,,,,,,,,,,,,,,,,,,,,,,,,,,,,,,,,,,
4369,2000,4244,4368,4232,1,52,52,54,54,38,38,41,41,48,48,52,52,145,145,961,961,1149,1149,1081,1081,1039,1039,960,960,872,872,924,924,906,906,924,924,950,950,999,999,907,907,408,408,261,261,177,177,128,128,65,65,,,,,,,,,,,,,,,,,,,,,,,,,,,,,,,,,,,,,,,,,,,,,,,,
437,2500,248,436,210,1,67,67,70,70,49,49,53,53,62,62,67,67,186,186,910,910,1134,1134,1023,1023,977,977,900,900,812,812,861,861,864,864,851,851,886,886,939,939,854,854,524,524,336,336,227,227,165,165,84,84,,,,,,,,,,,,,,,,,,,,,,,,,,,,,,,,,,,,,,,,,,,,,,,,
4370,1600,4371,4210,,0,0,0,0,0,0,0,0,0,0,0,0,0,0,0,1,1,2,2,2,2,2,2,1,1,1,1,1,1,1,1,1,1,1,1,2,2,1,1,1,1,0,0,0,0,0,0,0,0,,,,,,,,,,,,,,,,,,,,,,,,,,,,,,,,,,,,,,,,,,,,,,,,
4371,1200,4370,4201,4203,1,0,0,0,0,0,0,0,0,0,0,0,0,0,0,1,1,1,1,1,1,1,1,1,1,1,1,1,1,1,1,1,1,1,1,1,1,1,1,1,1,0,0,0,0,0,0,0,0,,,,,,,,,,,,,,,,,,,,,,,,,,,,,,,,,,,,,,,,,,,,,,,,
4372,1600,4375,4221,,0,0,0,0,0,0,0,0,0,0,0,0,0,1,1,6,6,7,7,7,7,6,6,6,6,5,5,6,6,6,6,6,6,6,6,6,6,6,6,2,2,2,2,1,1,1,1,0,0,,,,,,,,,,,,,,,,,,,,,,,,,,,,,,,,,,,,,,,,,,,,,,,,
4373,300,4225,4374,4231,1,0,0,0,0,0,0,0,0,0,0,0,0,0,0,3,3,4,4,3,3,3,3,3,3,3,3,3,3,3,3,3,3,3,3,3,3,3,3,1,1,1,1,1,1,0,0,0,0,,,,,,,,,,,,,,,,,,,,,,,,,,,,,,,,,,,,,,,,,,,,,,,,
4374,1600,4375,4373,,0,0,0,0,0,0,0,0,0,0,0,0,0,0,0,3,3,3,3,3,3,3,3,2,2,2,2,2,2,2,2,2,2,2,2,3,3,2,2,1,1,1,1,0,0,0,0,0,0,,,,,,,,,,,,,,,,,,,,,,,,,,,,,,,,,,,,,,,,,,,,,,,,
4375,600,4372,4220,4374,1,0,0,0,0,0,0,0,0,0,0,0,0,1,1,4,4,4,4,4,4,4,4,4,4,3,3,4,4,4,4,4,4,4,4,4,4,4,4,2,2,1,1,1,1,0,0,0,0,,,,,,,,,,,,,,,,,,,,,,,,,,,,,,,,,,,,,,,,,,,,,,,,
4376,2000,4377,4221,,0,52,52,54,54,38,38,41,41,48,48,52,52,145,145,961,961,1149,1149,1081,1081,1039,1039,960,960,872,872,924,924,906,906,924,924,950,950,999,999,907,907,408,408,261,261,177,177,128,128,65,65,,,,,,,,,,,,,,,,,,,,,,,,,,,,,,,,,,,,,,,,,,,,,,,,
4377,2500,11912,4376,4226,1,0,0,0,0,0,0,0,0,0,0,0,0,0,0,1138,1138,1201,1201,1284,1284,1257,1257,1168,1168,1084,1084,1145,1145,1051,1051,1179,1179,1173,1173,1211,1211,1091,1091,0,0,0,0,0,0,0,0,0,0,,,,,,,,,,,,,,,,,,,,,,,,,,,,,,,,,,,,,,,,,,,,,,,,
4378,2200,4158,13937,,0,22,22,23,23,16,16,18,18,21,21,22,22,62,62,1068,1068,1203,1203,1164,1164,1099,1099,1063,1063,976,976,1021,1021,1007,1007,1083,1083,1103,1103,1153,1153,1057,1057,175,175,112,112,76,76,55,55,28,28,,,,,,,,,,,,,,,,,,,,,,,,,,,,,,,,,,,,,,,,,,,,,,,,
4379,4400,4158,13942,,0,0,0,0,0,0,0,0,0,0,0,0,0,0,0,1138,1138,1201,1201,1284,1284,1257,1257,1168,1168,1084,1084,1145,1145,1051,1051,1179,1179,1173,1173,1211,1211,1091,1091,0,0,0,0,0,0,0,0,0,0,,,,,,,,,,,,,,,,,,,,,,,,,,,,,,,,,,,,,,,,,,,,,,,,
438,1200,449,439,,0,0,0,0,0,0,0,0,0,0,0,0,0,1,1,10,10,12,12,11,11,11,11,10,10,9,9,10,10,10,10,10,10,10,10,11,11,10,10,4,4,2,2,2,2,1,1,1,1,,,,,,,,,,,,,,,,,,,,,,,,,,,,,,,,,,,,,,,,,,,,,,,,
4380,4400,4157,4381,,0,22,22,23,23,16,16,18,18,21,21,22,22,62,62,1068,1068,1203,1203,1164,1164,1099,1099,1063,1063,976,976,1021,1021,1007,1007,1083,1083,1103,1103,1153,1153,1057,1057,175,175,112,112,76,76,55,55,28,28,,,,,,,,,,,,,,,,,,,,,,,,,,,,,,,,,,,,,,,,,,,,,,,,
4381,2500,4382,4159,4380,1,22,22,23,23,16,16,18,18,21,21,22,22,62,62,1068,1068,1203,1203,1164,1164,1099,1099,1063,1063,976,976,1021,1021,1007,1007,1083,1083,1103,1103,1153,1153,1057,1057,175,175,112,112,76,76,55,55,28,28,,,,,,,,,,,,,,,,,,,,,,,,,,,,,,,,,,,,,,,,,,,,,,,,
4382,4400,4381,4383,,0,22,22,23,23,16,16,18,18,21,21,22,22,62,62,1068,1068,1203,1203,1164,1164,1099,1099,1063,1063,976,976,1021,1021,1007,1007,1083,1083,1103,1103,1153,1153,1057,1057,175,175,112,112,76,76,55,55,28,28,,,,,,,,,,,,,,,,,,,,,,,,,,,,,,,,,,,,,,,,,,,,,,,,
4383,4400,4156,13880,4382,1,22,22,23,23,16,16,18,18,21,21,22,22,62,62,1068,1068,1203,1203,1164,1164,1099,1099,1063,1063,976,976,1021,1021,1007,1007,1083,1083,1103,1103,1153,1153,1057,1057,175,175,112,112,76,76,55,55,28,28,,,,,,,,,,,,,,,,,,,,,,,,,,,,,,,,,,,,,,,,,,,,,,,,
4384,3000,4385,4315,4155,1,56,56,57,57,40,40,43,43,51,51,55,55,154,154,1025,1025,1206,1206,1112,1112,1079,1079,993,993,928,928,933,933,973,973,979,979,995,995,1062,1062,998,998,481,481,302,302,199,199,145,145,77,77,,,,,,,,,,,,,,,,,,,,,,,,,,,,,,,,,,,,,,,,,,,,,,,,
4385,4000,13878,4384,,0,56,56,57,57,40,40,43,43,51,51,55,55,154,154,1025,1025,1206,1206,1112,1112,1079,1079,993,993,928,928,933,933,973,973,979,979,995,995,1062,1062,998,998,481,481,302,302,199,199,145,145,77,77,,,,,,,,,,,,,,,,,,,,,,,,,,,,,,,,,,,,,,,,,,,,,,,,
4386,3850,13884,4164,11842,1,56,56,57,57,40,40,43,43,51,51,55,55,154,154,1025,1025,1206,1206,1112,1112,1079,1079,993,993,928,928,933,933,973,973,979,979,995,995,1062,1062,998,998,481,481,302,302,199,199,145,145,77,77,,,,,,,,,,,,,,,,,,,,,,,,,,,,,,,,,,,,,,,,,,,,,,,,
4387,3000,4388,4300,,0,22,22,23,23,16,16,18,18,21,21,22,22,62,62,1068,1068,1203,1203,1164,1164,1099,1099,1063,1063,976,976,1021,1021,1007,1007,1083,1083,1103,1103,1153,1153,1057,1057,175,175,112,112,76,76,55,55,28,28,,,,,,,,,,,,,,,,,,,,,,,,,,,,,,,,,,,,,,,,,,,,,,,,
4388,2500,4181,,4387;4192,2,22,22,23,23,16,16,18,18,21,21,22,22,62,62,1068,1068,1203,1203,1164,1164,1099,1099,1063,1063,976,976,1021,1021,1007,1007,1083,1083,1103,1103,1153,1153,1057,1057,175,175,112,112,76,76,55,55,28,28,,,,,,,,,,,,,,,,,,,,,,,,,,,,,,,,,,,,,,,,,,,,,,,,
4389,800,,,,0,0,0,0,0,0,0,0,0,0,0,0,0,0,0,7,7,8,8,8,8,8,8,7,7,7,7,7,7,7,7,7,7,8,8,8,8,7,7,1,1,1,1,1,1,0,0,0,0,,,,,,,,,,,,,,,,,,,,,,,,,,,,,,,,,,,,,,,,,,,,,,,,
439,1200,245,438,248,1,0,0,0,0,0,0,0,0,0,0,0,0,1,1,5,5,6,6,6,6,6,6,5,5,5,5,5,5,5,5,5,5,5,5,6,6,5,5,2,2,1,1,1,1,1,1,0,0,,,,,,,,,,,,,,,,,,,,,,,,,,,,,,,,,,,,,,,,,,,,,,,,
4390,1200,,4182,,0,0,0,0,0,0,0,0,0,0,0,0,0,0,0,7,7,8,8,8,8,8,8,7,7,7,7,7,7,7,7,8,8,8,8,8,8,7,7,1,1,1,1,1,1,0,0,0,0,,,,,,,,,,,,,,,,,,,,,,,,,,,,,,,,,,,,,,,,,,,,,,,,
4391,800,4179,4392,,0,0,0,0,0,0,0,0,0,0,0,0,0,1,1,9,9,10,10,10,10,9,9,9,9,8,8,9,9,9,9,9,9,9,9,10,10,9,9,1,1,1,1,1,1,0,0,0,0,,,,,,,,,,,,,,,,,,,,,,,,,,,,,,,,,,,,,,,,,,,,,,,,
4392,1200,4391,4174,4176,1,0,0,0,0,0,0,0,0,0,0,0,0,1,1,11,11,12,12,12,12,11,11,11,11,10,10,10,10,10,10,11,11,11,11,12,12,11,11,2,2,1,1,1,1,1,1,0,0,,,,,,,,,,,,,,,,,,,,,,,,,,,,,,,,,,,,,,,,,,,,,,,,
4393,1200,4179,4394,,0,0,0,0,0,0,0,0,0,0,0,0,0,1,1,10,10,11,11,11,11,10,10,10,10,9,9,10,10,9,9,10,10,10,10,11,11,10,10,2,2,1,1,1,1,1,1,0,0,,,,,,,,,,,,,,,,,,,,,,,,,,,,,,,,,,,,,,,,,,,,,,,,
4394,1200,4177,4393,4171,1,0,0,0,0,0,0,0,0,0,0,0,0,1,1,10,10,11,11,11,11,10,10,10,10,9,9,10,10,10,10,10,10,10,10,11,11,10,10,2,2,1,1,1,1,1,1,0,0,,,,,,,,,,,,,,,,,,,,,,,,,,,,,,,,,,,,,,,,,,,,,,,,
4395,2500,4396,4398,,0,50,50,49,49,35,35,37,37,43,43,48,48,137,137,1199,1199,1327,1327,1239,1239,1242,1242,1119,1119,1102,1102,1018,1018,1143,1143,1150,1150,1133,1133,1230,1230,1214,1214,532,532,323,323,202,202,148,148,86,86,,,,,,,,,,,,,,,,,,,,,,,,,,,,,,,,,,,,,,,,,,,,,,,,
4396,1200,4395,4187,4197,1,0,0,0,0,0,0,0,0,0,0,0,0,1,1,8,8,8,8,8,8,8,8,7,7,7,7,7,7,7,7,7,7,7,7,8,8,8,8,3,3,2,2,1,1,1,1,0,0,,,,,,,,,,,,,,,,,,,,,,,,,,,,,,,,,,,,,,,,,,,,,,,,
4397,1600,4398,,,0,0,0,0,0,0,0,0,0,0,0,0,0,0,0,3,3,4,4,4,4,4,4,3,3,3,3,3,3,3,3,3,3,3,3,3,3,3,3,1,1,1,1,0,0,0,0,0,0,,,,,,,,,,,,,,,,,,,,,,,,,,,,,,,,,,,,,,,,,,,,,,,,
4398,1200,4397,4395,4195,1,0,0,0,0,0,0,0,0,0,0,0,0,1,1,7,7,7,7,7,7,7,7,6,6,6,6,6,6,6,6,7,7,6,6,7,7,7,7,2,2,1,1,1,1,1,1,0,0,,,,,,,,,,,,,,,,,,,,,,,,,,,,,,,,,,,,,,,,,,,,,,,,
4399,2500,4186,4400,,0,52,52,54,54,38,38,41,41,48,48,52,52,145,145,961,961,1149,1149,1081,1081,1039,1039,960,960,872,872,924,924,906,906,924,924,950,950,999,999,907,907,408,408,261,261,177,177,128,128,65,65,,,,,,,,,,,,,,,,,,,,,,,,,,,,,,,,,,,,,,,,,,,,,,,,
44,2000,69,37,35,1,27,27,28,28,20,20,21,21,25,25,27,27,74,74,1049,1049,1182,1182,1170,1170,1126,1126,1056,1056,970,970,1022,1022,982,982,1052,1052,1066,1066,1112,1112,1010,1010,210,210,134,134,91,91,66,66,34,34,,,,,,,,,,,,,,,,,,,,,,,,,,,,,,,,,,,,,,,,,,,,,,,,
440,3000,441,205,,0,38,38,40,40,28,28,30,30,35,35,38,38,106,106,1010,1010,1173,1173,1121,1121,1069,1069,1008,1008,921,921,970,970,952,952,997,997,1020,1020,1069,1069,975,975,299,299,192,192,130,130,94,94,48,48,,,,,,,,,,,,,,,,,,,,,,,,,,,,,,,,,,,,,,,,,,,,,,,,
4400,4000,4399,4212,4403;4215,2,52,52,54,54,38,38,41,41,48,48,52,52,145,145,961,961,1149,1149,1081,1081,1039,1039,960,960,872,872,924,924,906,906,924,924,950,950,999,999,907,907,408,408,261,261,177,177,128,128,65,65,,,,,,,,,,,,,,,,,,,,,,,,,,,,,,,,,,,,,,,,,,,,,,,,
4401,3500,4186,,4402,1,56,56,57,57,40,40,43,43,51,51,55,55,154,154,1025,1025,1206,1206,1112,1112,1079,1079,993,993,928,928,933,933,973,973,979,979,995,995,1062,1062,998,998,481,481,302,302,199,199,145,145,77,77,,,,,,,,,,,,,,,,,,,,,,,,,,,,,,,,,,,,,,,,,,,,,,,,
4402,800,4183,4405,4401,1,0,0,0,0,0,0,0,0,0,0,0,0,0,0,894,894,944,944,1009,1009,988,988,917,917,851,851,900,900,826,826,926,926,922,922,952,952,857,857,0,0,0,0,0,0,0,0,0,0,,,,,,,,,,,,,,,,,,,,,,,,,,,,,,,,,,,,,,,,,,,,,,,,
4403,4400,4400,4404,,0,0,0,0,0,0,0,0,0,0,0,0,0,0,0,1138,1138,1201,1201,1284,1284,1257,1257,1168,1168,1084,1084,1145,1145,1051,1051,1179,1179,1173,1173,1211,1211,1091,1091,0,0,0,0,0,0,0,0,0,0,,,,,,,,,,,,,,,,,,,,,,,,,,,,,,,,,,,,,,,,,,,,,,,,
4404,1200,4188,4403,4170,1,3,3,3,3,2,2,3,3,3,3,3,3,9,9,64,64,75,75,69,69,67,67,62,62,58,58,58,58,60,60,61,61,62,62,66,66,62,62,29,29,18,18,12,12,9,9,5,5,,,,,,,,,,,,,,,,,,,,,,,,,,,,,,,,,,,,,,,,,,,,,,,,
4405,4400,4406,4402,4173,1,67,67,70,70,49,49,53,53,62,62,67,67,186,186,910,910,1134,1134,1023,1023,977,977,900,900,812,812,861,861,864,864,851,851,886,886,939,939,854,854,524,524,336,336,227,227,165,165,84,84,,,,,,,,,,,,,,,,,,,,,,,,,,,,,,,,,,,,,,,,,,,,,,,,
4406,2500,4405,4166,4184,1,42,67,39,70,28,49,29,53,34,62,39,67,112,186,1343,910,1424,1134,1347,1023,1375,977,1229,900,1247,812,1096,861,1282,864,1299,851,1257,886,1375,939,1394,854,536,524,316,336,190,227,140,165,87,84,,,,,,,,,,,,,,,,,,,,,,,,,,,,,,,,,,,,,,,,,,,,,,,,
4407,4400,4408,12040,4164;4190,2,0,0,0,0,0,0,0,0,0,0,0,0,0,0,1156,1156,1275,1275,1184,1184,1063,1063,1121,1121,1033,1033,1056,1056,1105,1105,1218,1218,1250,1250,1308,1308,1226,1226,0,0,0,0,0,0,0,0,0,0,,,,,,,,,,,,,,,,,,,,,,,,,,,,,,,,,,,,,,,,,,,,,,,,
4408,3850,4185,4407,4189,1,56,56,57,57,40,40,43,43,51,51,55,55,154,154,1025,1025,1206,1206,1112,1112,1079,1079,993,993,928,928,933,933,973,973,979,979,995,995,1062,1062,998,998,481,481,302,302,199,199,145,145,77,77,,,,,,,,,,,,,,,,,,,,,,,,,,,,,,,,,,,,,,,,,,,,,,,,
4409,2500,4410,11854,,0,52,52,54,54,38,38,41,41,48,48,52,52,145,145,961,961,1149,1149,1081,1081,1039,1039,960,960,872,872,924,924,906,906,924,924,950,950,999,999,907,907,408,408,261,261,177,177,128,128,65,65,,,,,,,,,,,,,,,,,,,,,,,,,,,,,,,,,,,,,,,,,,,,,,,,
441,1200,440,192,442,1,0,0,0,0,0,0,0,0,0,0,0,0,1,1,8,8,9,9,9,9,8,8,8,8,7,7,7,7,7,7,8,8,8,8,8,8,7,7,3,3,2,2,1,1,1,1,0,0,,,,,,,,,,,,,,,,,,,,,,,,,,,,,,,,,,,,,,,,,,,,,,,,
4410,2500,4191,4409,4190,1,52,52,54,54,38,38,41,41,48,48,52,52,145,145,961,961,1149,1149,1081,1081,1039,1039,960,960,872,872,924,924,906,906,924,924,950,950,999,999,907,907,408,408,261,261,177,177,128,128,65,65,,,,,,,,,,,,,,,,,,,,,,,,,,,,,,,,,,,,,,,,,,,,,,,,
4411,300,4412,4725,,0,0,0,0,0,0,0,0,0,0,0,0,0,1,1,6,6,7,7,6,6,6,6,6,6,5,5,5,5,5,5,5,5,6,6,6,6,5,5,2,2,2,2,1,1,1,1,0,0,,,,,,,,,,,,,,,,,,,,,,,,,,,,,,,,,,,,,,,,,,,,,,,,
4412,1200,4411,,,0,1,1,1,1,0,0,0,0,0,0,1,1,1,1,7,7,9,9,8,8,8,8,7,7,7,7,7,7,7,7,7,7,7,7,8,8,7,7,4,4,3,3,2,2,1,1,1,1,,,,,,,,,,,,,,,,,,,,,,,,,,,,,,,,,,,,,,,,,,,,,,,,
4413,1200,,4651,,0,0,0,0,0,0,0,0,0,0,0,0,0,0,0,1,1,1,1,1,1,1,1,1,1,1,1,1,1,1,1,1,1,1,1,1,1,1,1,1,1,0,0,0,0,0,0,0,0,,,,,,,,,,,,,,,,,,,,,,,,,,,,,,,,,,,,,,,,,,,,,,,,
4414,2200,4673,,,0,47,47,47,47,33,33,35,35,41,41,45,45,128,128,1131,1131,1278,1278,1185,1185,1160,1160,1073,1073,1030,1030,990,990,1078,1078,1095,1095,1097,1097,1179,1179,1139,1139,454,454,279,279,179,179,131,131,73,73,,,,,,,,,,,,,,,,,,,,,,,,,,,,,,,,,,,,,,,,,,,,,,,,
4415,4400,4544,,4622,1,67,67,70,70,49,49,53,53,62,62,67,67,186,186,910,910,1134,1134,1023,1023,977,977,900,900,812,812,861,861,864,864,851,851,886,886,939,939,854,854,524,524,336,336,227,227,165,165,84,84,,,,,,,,,,,,,,,,,,,,,,,,,,,,,,,,,,,,,,,,,,,,,,,,
4416,300,,4712,,0,0,0,0,0,0,0,0,0,0,0,0,0,1,1,8,8,9,9,8,8,8,8,7,7,7,7,7,7,7,7,7,7,7,7,8,8,8,8,3,3,2,2,1,1,1,1,1,1,,,,,,,,,,,,,,,,,,,,,,,,,,,,,,,,,,,,,,,,,,,,,,,,
4417,1200,4564,,,0,0,0,0,0,0,0,0,0,0,0,0,0,1,1,6,6,6,6,6,6,6,6,5,5,5,5,5,5,5,5,5,5,5,5,6,6,5,5,3,3,2,2,1,1,1,1,0,0,,,,,,,,,,,,,,,,,,,,,,,,,,,,,,,,,,,,,,,,,,,,,,,,
4418,2500,,4590,,0,42,42,39,39,28,28,29,29,34,34,39,39,112,112,1343,1343,1424,1424,1347,1347,1375,1375,1229,1229,1247,1247,1096,1096,1282,1282,1299,1299,1257,1257,1375,1375,1394,1394,536,536,316,316,190,190,140,140,87,87,,,,,,,,,,,,,,,,,,,,,,,,,,,,,,,,,,,,,,,,,,,,,,,,
4419,800,,4606,,0,0,0,0,0,0,0,0,0,0,0,0,0,1,1,4,4,5,5,4,4,4,4,4,4,4,4,3,3,4,4,4,4,4,4,4,4,4,4,2,2,1,1,1,1,1,1,0,0,,,,,,,,,,,,,,,,,,,,,,,,,,,,,,,,,,,,,,,,,,,,,,,,
442,2500,443,441,,0,38,38,40,40,28,28,30,30,35,35,38,38,106,106,1010,1010,1173,1173,1121,1121,1069,1069,1008,1008,921,921,970,970,952,952,997,997,1020,1020,1069,1069,975,975,299,299,192,192,130,130,94,94,48,48,,,,,,,,,,,,,,,,,,,,,,,,,,,,,,,,,,,,,,,,,,,,,,,,
4420,1100,4518,,,0,67,67,70,70,49,49,53,53,62,62,67,67,186,186,910,910,1134,1134,1023,1023,977,977,900,900,812,812,861,861,864,864,851,851,886,886,939,939,854,854,524,524,336,336,227,227,165,165,84,84,,,,,,,,,,,,,,,,,,,,,,,,,,,,,,,,,,,,,,,,,,,,,,,,
4421,400,,4546,,0,0,0,0,0,0,0,0,0,0,0,0,0,0,0,2,2,2,2,2,2,2,2,2,2,2,2,2,2,2,2,2,2,2,2,2,2,2,2,1,1,1,1,0,0,0,0,0,0,,,,,,,,,,,,,,,,,,,,,,,,,,,,,,,,,,,,,,,,,,,,,,,,
4422,4400,4546,4518,,0,67,67,70,70,49,49,53,53,62,62,67,67,186,186,910,910,1134,1134,1023,1023,977,977,900,900,812,812,861,861,864,864,851,851,886,886,939,939,854,854,524,524,336,336,227,227,165,165,84,84,,,,,,,,,,,,,,,,,,,,,,,,,,,,,,,,,,,,,,,,,,,,,,,,
4423,3500,4736,,,0,42,42,39,39,28,28,29,29,34,34,39,39,112,112,1343,1343,1424,1424,1347,1347,1375,1375,1229,1229,1247,1247,1096,1096,1282,1282,1299,1299,1257,1257,1375,1375,1394,1394,536,536,316,316,190,190,140,140,87,87,,,,,,,,,,,,,,,,,,,,,,,,,,,,,,,,,,,,,,,,,,,,,,,,
4424,3300,,4736,,0,42,42,39,39,28,28,29,29,34,34,39,39,112,112,1343,1343,1424,1424,1347,1347,1375,1375,1229,1229,1247,1247,1096,1096,1282,1282,1299,1299,1257,1257,1375,1375,1394,1394,536,536,316,316,190,190,140,140,87,87,,,,,,,,,,,,,,,,,,,,,,,,,,,,,,,,,,,,,,,,,,,,,,,,
4425,1100,,4549,,0,47,47,47,47,33,33,35,35,41,41,45,45,128,128,1131,1131,1278,1278,1185,1185,1160,1160,1073,1073,1030,1030,990,990,1078,1078,1095,1095,1097,1097,1179,1179,1139,1139,454,454,279,279,179,179,131,131,73,73,,,,,,,,,,,,,,,,,,,,,,,,,,,,,,,,,,,,,,,,,,,,,,,,
4426,400,,4514,,0,1,1,1,1,0,0,0,0,1,1,1,1,2,2,13,13,15,15,14,14,14,14,13,13,12,12,12,12,13,13,13,13,13,13,14,14,13,13,6,6,4,4,2,2,2,2,1,1,,,,,,,,,,,,,,,,,,,,,,,,,,,,,,,,,,,,,,,,,,,,,,,,
4427,1200,4542,,,0,0,0,0,0,0,0,0,0,0,0,0,0,0,0,1,1,2,2,1,1,1,1,1,1,1,1,1,1,1,1,1,1,1,1,1,1,1,1,1,1,0,0,0,0,0,0,0,0,,,,,,,,,,,,,,,,,,,,,,,,,,,,,,,,,,,,,,,,,,,,,,,,
4428,1200,,4759,,0,0,0,0,0,0,0,0,0,0,0,0,0,0,0,3,3,3,3,3,3,3,3,3,3,3,3,2,2,3,3,3,3,3,3,3,3,3,3,1,1,1,1,1,1,0,0,0,0,,,,,,,,,,,,,,,,,,,,,,,,,,,,,,,,,,,,,,,,,,,,,,,,
4429,3500,4431,4514,,0,42,42,39,39,28,28,29,29,34,34,39,39,112,112,1343,1343,1424,1424,1347,1347,1375,1375,1229,1229,1247,1247,1096,1096,1282,1282,1299,1299,1257,1257,1375,1375,1394,1394,536,536,316,316,190,190,140,140,87,87,,,,,,,,,,,,,,,,,,,,,,,,,,,,,,,,,,,,,,,,,,,,,,,,
443,2000,442,195,178,1,38,38,40,40,28,28,30,30,35,35,38,38,106,106,1010,1010,1173,1173,1121,1121,1069,1069,1008,1008,921,921,970,970,952,952,997,997,1020,1020,1069,1069,975,975,299,299,192,192,130,130,94,94,48,48,,,,,,,,,,,,,,,,,,,,,,,,,,,,,,,,,,,,,,,,,,,,,,,,
4430,1600,4520,,,0,0,0,0,0,0,0,0,0,0,0,0,0,1,1,5,5,6,6,5,5,5,5,5,5,5,5,4,4,5,5,5,5,5,5,5,5,5,5,2,2,2,2,1,1,1,1,0,0,,,,,,,,,,,,,,,,,,,,,,,,,,,,,,,,,,,,,,,,,,,,,,,,
4431,1600,4462,4533,4429;4774,2,0,0,0,0,0,0,0,0,0,0,0,0,0,0,3,3,3,3,3,3,3,3,3,3,3,3,2,2,3,3,3,3,3,3,3,3,3,3,1,1,1,1,1,1,0,0,0,0,,,,,,,,,,,,,,,,,,,,,,,,,,,,,,,,,,,,,,,,,,,,,,,,
4432,800,4522,,,0,0,0,0,0,0,0,0,0,0,0,0,0,0,0,3,3,4,4,4,4,4,4,3,3,3,3,3,3,3,3,3,3,3,3,3,3,3,3,2,2,1,1,1,1,0,0,0,0,,,,,,,,,,,,,,,,,,,,,,,,,,,,,,,,,,,,,,,,,,,,,,,,
4433,600,4462,,,0,0,0,0,0,0,0,0,0,0,0,0,0,1,1,5,5,6,6,5,5,5,5,5,5,4,4,4,4,5,5,5,5,5,5,5,5,5,5,2,2,1,1,1,1,1,1,0,0,,,,,,,,,,,,,,,,,,,,,,,,,,,,,,,,,,,,,,,,,,,,,,,,
4434,2500,4532,4542,,0,42,42,39,39,28,28,29,29,34,34,39,39,112,112,1343,1343,1424,1424,1347,1347,1375,1375,1229,1229,1247,1247,1096,1096,1282,1282,1299,1299,1257,1257,1375,1375,1394,1394,536,536,316,316,190,190,140,140,87,87,,,,,,,,,,,,,,,,,,,,,,,,,,,,,,,,,,,,,,,,,,,,,,,,
4435,4000,4536,,,0,42,42,39,39,28,28,29,29,34,34,39,39,112,112,1343,1343,1424,1424,1347,1347,1375,1375,1229,1229,1247,1247,1096,1096,1282,1282,1299,1299,1257,1257,1375,1375,1394,1394,536,536,316,316,190,190,140,140,87,87,,,,,,,,,,,,,,,,,,,,,,,,,,,,,,,,,,,,,,,,,,,,,,,,
4436,300,,4512,,0,0,0,0,0,0,0,0,0,0,0,0,0,1,1,7,7,8,8,8,8,7,7,7,7,7,7,6,6,7,7,7,7,7,7,7,7,7,7,3,3,2,2,1,1,1,1,0,0,,,,,,,,,,,,,,,,,,,,,,,,,,,,,,,,,,,,,,,,,,,,,,,,
4437,400,4526,4524,,0,0,0,0,0,0,0,0,0,0,0,0,0,0,0,3,3,4,4,3,3,3,3,3,3,3,3,3,3,3,3,3,3,3,3,3,3,3,3,2,2,1,1,1,1,0,0,0,0,,,,,,,,,,,,,,,,,,,,,,,,,,,,,,,,,,,,,,,,,,,,,,,,
4438,800,4510,4512,,0,53,53,55,55,38,38,42,42,48,48,53,53,146,146,715,715,891,891,804,804,768,768,707,707,638,638,676,676,679,679,669,669,696,696,738,738,671,671,411,411,264,264,178,178,130,130,66,66,,,,,,,,,,,,,,,,,,,,,,,,,,,,,,,,,,,,,,,,,,,,,,,,
4439,2000,4536,,,0,42,42,39,39,28,28,29,29,34,34,39,39,112,112,1343,1343,1424,1424,1347,1347,1375,1375,1229,1229,1247,1247,1096,1096,1282,1282,1299,1299,1257,1257,1375,1375,1394,1394,536,536,316,316,190,190,140,140,87,87,,,,,,,,,,,,,,,,,,,,,,,,,,,,,,,,,,,,,,,,,,,,,,,,
444,800,445,,,0,0,0,0,0,0,0,0,0,0,0,0,0,1,1,4,4,5,5,5,5,5,5,4,4,4,4,4,4,4,4,4,4,4,4,4,4,4,4,2,2,1,1,1,1,1,1,0,0,,,,,,,,,,,,,,,,,,,,,,,,,,,,,,,,,,,,,,,,,,,,,,,,
4440,4400,4530,,4528,1,0,0,0,0,0,0,0,0,0,0,0,0,0,0,1156,1156,1275,1275,1184,1184,1063,1063,1121,1121,1033,1033,1056,1056,1105,1105,1218,1218,1250,1250,1308,1308,1226,1226,0,0,0,0,0,0,0,0,0,0,,,,,,,,,,,,,,,,,,,,,,,,,,,,,,,,,,,,,,,,,,,,,,,,
4441,800,4442,4528,,0,0,0,0,0,0,0,0,0,0,0,0,0,1,1,5,5,5,5,5,5,5,5,4,4,4,4,4,4,4,4,4,4,4,4,5,5,5,5,2,2,1,1,1,1,1,1,0,0,,,,,,,,,,,,,,,,,,,,,,,,,,,,,,,,,,,,,,,,,,,,,,,,
4442,1200,4441,4445,4525;4539,2,0,0,0,0,0,0,0,0,0,0,0,0,1,1,6,6,7,7,6,6,6,6,6,6,5,5,5,5,6,6,5,5,6,6,6,6,6,6,3,3,2,2,1,1,1,1,0,0,,,,,,,,,,,,,,,,,,,,,,,,,,,,,,,,,,,,,,,,,,,,,,,,
4443,2750,4462,4510,,0,47,47,47,47,33,33,35,35,41,41,45,45,128,128,1131,1131,1278,1278,1185,1185,1160,1160,1073,1073,1030,1030,990,990,1078,1078,1095,1095,1097,1097,1179,1179,1139,1139,454,454,279,279,179,179,131,131,73,73,,,,,,,,,,,,,,,,,,,,,,,,,,,,,,,,,,,,,,,,,,,,,,,,
4444,3000,4491,4516,,0,47,47,47,47,33,33,35,35,41,41,45,45,128,128,1131,1131,1278,1278,1185,1185,1160,1160,1073,1073,1030,1030,990,990,1078,1078,1095,1095,1097,1097,1179,1179,1139,1139,454,454,279,279,179,179,131,131,73,73,,,,,,,,,,,,,,,,,,,,,,,,,,,,,,,,,,,,,,,,,,,,,,,,
4445,1000,4450,4442,,0,42,42,39,39,28,28,29,29,34,34,39,39,112,112,1343,1343,1424,1424,1347,1347,1375,1375,1229,1229,1247,1247,1096,1096,1282,1282,1299,1299,1257,1257,1375,1375,1394,1394,536,536,316,316,190,190,140,140,87,87,,,,,,,,,,,,,,,,,,,,,,,,,,,,,,,,,,,,,,,,,,,,,,,,
4446,1200,4534,4524,,0,0,0,0,0,0,0,0,0,0,0,0,0,1,1,4,4,4,4,4,4,4,4,4,4,3,3,3,3,4,4,4,4,4,4,4,4,4,4,2,2,1,1,1,1,1,1,0,0,,,,,,,,,,,,,,,,,,,,,,,,,,,,,,,,,,,,,,,,,,,,,,,,
4447,1200,4528,4540,,0,0,0,0,0,0,0,0,0,0,0,0,0,1,1,6,6,7,7,6,6,6,6,6,6,6,6,5,5,6,6,6,6,6,6,6,6,6,6,3,3,2,2,1,1,1,1,0,0,,,,,,,,,,,,,,,,,,,,,,,,,,,,,,,,,,,,,,,,,,,,,,,,
4448,4400,4453,4534,,0,42,42,39,39,28,28,29,29,34,34,39,39,112,112,1343,1343,1424,1424,1347,1347,1375,1375,1229,1229,1247,1247,1096,1096,1282,1282,1299,1299,1257,1257,1375,1375,1394,1394,536,536,316,316,190,190,140,140,87,87,,,,,,,,,,,,,,,,,,,,,,,,,,,,,,,,,,,,,,,,,,,,,,,,
4449,800,4538,,,0,0,0,0,0,0,0,0,0,0,0,0,0,1,1,5,5,6,6,6,6,6,6,5,5,5,5,5,5,5,5,5,5,5,5,6,6,5,5,3,3,2,2,1,1,1,1,0,0,,,,,,,,,,,,,,,,,,,,,,,,,,,,,,,,,,,,,,,,,,,,,,,,
445,1600,156,444,144,1,0,0,0,0,0,0,0,0,0,0,0,0,1,1,4,4,5,5,5,5,5,5,4,4,4,4,4,4,4,4,4,4,4,4,5,5,4,4,2,2,1,1,1,1,1,1,0,0,,,,,,,,,,,,,,,,,,,,,,,,,,,,,,,,,,,,,,,,,,,,,,,,
4450,2500,4452,4445,4523;4504;4470,3,42,42,39,39,28,28,29,29,34,34,39,39,112,112,1343,1343,1424,1424,1347,1347,1375,1375,1229,1229,1247,1247,1096,1096,1282,1282,1299,1299,1257,1257,1375,1375,1394,1394,536,536,316,316,190,190,140,140,87,87,,,,,,,,,,,,,,,,,,,,,,,,,,,,,,,,,,,,,,,,,,,,,,,,
4451,300,,4455,,0,0,0,0,0,0,0,0,0,0,0,0,0,1,1,6,6,7,7,6,6,6,6,6,6,5,5,5,5,6,6,6,6,6,6,6,6,6,6,3,3,2,2,1,1,1,1,0,0,,,,,,,,,,,,,,,,,,,,,,,,,,,,,,,,,,,,,,,,,,,,,,,,
4452,1000,4450,4453,,0,42,42,39,39,28,28,29,29,34,34,39,39,112,112,1343,1343,1424,1424,1347,1347,1375,1375,1229,1229,1247,1247,1096,1096,1282,1282,1299,1299,1257,1257,1375,1375,1394,1394,536,536,316,316,190,190,140,140,87,87,,,,,,,,,,,,,,,,,,,,,,,,,,,,,,,,,,,,,,,,,,,,,,,,
4453,1200,4448,4475,4452;4502,2,0,0,0,0,0,0,0,0,0,0,0,0,1,1,5,5,6,6,5,5,5,5,5,5,4,4,4,4,5,5,5,5,5,5,5,5,5,5,2,2,1,1,1,1,1,1,0,0,,,,,,,,,,,,,,,,,,,,,,,,,,,,,,,,,,,,,,,,,,,,,,,,
4454,4400,4538,4503,,0,42,42,39,39,28,28,29,29,34,34,39,39,112,112,1343,1343,1424,1424,1347,1347,1375,1375,1229,1229,1247,1247,1096,1096,1282,1282,1299,1299,1257,1257,1375,1375,1394,1394,536,536,316,316,190,190,140,140,87,87,,,,,,,,,,,,,,,,,,,,,,,,,,,,,,,,,,,,,,,,,,,,,,,,
4455,4400,4451,4478,,0,54,54,54,54,38,38,41,41,48,48,53,53,149,149,1126,1126,1279,1279,1185,1185,1176,1176,1064,1064,1030,1030,978,978,1073,1073,1075,1075,1072,1072,1157,1157,1124,1124,530,530,326,326,208,208,152,152,86,86,,,,,,,,,,,,,,,,,,,,,,,,,,,,,,,,,,,,,,,,,,,,,,,,
4456,1200,,4494,4488,1,0,0,0,0,0,0,0,0,0,0,0,0,1,1,10,10,11,11,11,11,10,10,9,9,9,9,9,9,9,9,10,10,10,10,10,10,10,10,4,4,3,3,2,2,1,1,1,1,,,,,,,,,,,,,,,,,,,,,,,,,,,,,,,,,,,,,,,,,,,,,,,,
4457,300,4481,,,0,0,0,0,0,0,0,0,0,0,0,0,0,1,1,6,6,7,7,7,7,7,7,6,6,6,6,6,6,6,6,6,6,6,6,7,7,6,6,3,3,2,2,1,1,1,1,0,0,,,,,,,,,,,,,,,,,,,,,,,,,,,,,,,,,,,,,,,,,,,,,,,,
4458,1200,,4485,,0,0,0,0,0,0,0,0,0,0,0,0,0,1,1,5,5,5,5,5,5,5,5,4,4,4,4,4,4,4,4,4,4,5,5,5,5,5,5,2,2,1,1,1,1,1,1,0,0,,,,,,,,,,,,,,,,,,,,,,,,,,,,,,,,,,,,,,,,,,,,,,,,
4459,4400,4508,4540,,0,47,47,47,47,33,33,35,35,41,41,45,45,128,128,1131,1131,1278,1278,1185,1185,1160,1160,1073,1073,1030,1030,990,990,1078,1078,1095,1095,1097,1097,1179,1179,1139,1139,454,454,279,279,179,179,131,131,73,73,,,,,,,,,,,,,,,,,,,,,,,,,,,,,,,,,,,,,,,,,,,,,,,,
446,3500,205,447,,0,38,38,40,40,28,28,30,30,35,35,38,38,106,106,1010,1010,1173,1173,1121,1121,1069,1069,1008,1008,921,921,970,970,952,952,997,997,1020,1020,1069,1069,975,975,299,299,192,192,130,130,94,94,48,48,,,,,,,,,,,,,,,,,,,,,,,,,,,,,,,,,,,,,,,,,,,,,,,,
4460,800,4485,4487,,0,0,0,0,0,0,0,0,0,0,0,0,0,1,1,7,7,8,8,7,7,7,7,7,7,6,6,6,6,7,7,7,7,7,7,7,7,7,7,3,3,2,2,1,1,1,1,0,0,,,,,,,,,,,,,,,,,,,,,,,,,,,,,,,,,,,,,,,,,,,,,,,,
4461,2500,,4489,,0,47,47,47,47,33,33,35,35,41,41,45,45,128,128,1131,1131,1278,1278,1185,1185,1160,1160,1073,1073,1030,1030,990,990,1078,1078,1095,1095,1097,1097,1179,1179,1139,1139,454,454,279,279,179,179,131,131,73,73,,,,,,,,,,,,,,,,,,,,,,,,,,,,,,,,,,,,,,,,,,,,,,,,
4462,4400,4431,4443,4433;4516,2,42,42,39,39,28,28,29,29,34,34,39,39,112,112,1343,1343,1424,1424,1347,1347,1375,1375,1229,1229,1247,1247,1096,1096,1282,1282,1299,1299,1257,1257,1375,1375,1394,1394,536,536,316,316,190,190,140,140,87,87,,,,,,,,,,,,,,,,,,,,,,,,,,,,,,,,,,,,,,,,,,,,,,,,
4463,1200,,4476,601,1,0,0,0,0,0,0,0,0,0,0,0,0,1,1,5,5,6,6,5,5,5,5,5,5,4,4,4,4,5,5,5,5,5,5,5,5,5,5,2,2,1,1,1,1,1,1,0,0,,,,,,,,,,,,,,,,,,,,,,,,,,,,,,,,,,,,,,,,,,,,,,,,
4464,3000,4501,4503,,0,42,42,39,39,28,28,29,29,34,34,39,39,112,112,1343,1343,1424,1424,1347,1347,1375,1375,1229,1229,1247,1247,1096,1096,1282,1282,1299,1299,1257,1257,1375,1375,1394,1394,536,536,316,316,190,190,140,140,87,87,,,,,,,,,,,,,,,,,,,,,,,,,,,,,,,,,,,,,,,,,,,,,,,,
4465,300,,4496,,0,0,0,0,0,0,0,0,0,0,0,0,0,1,1,7,7,8,8,8,8,8,8,7,7,7,7,6,6,7,7,7,7,7,7,8,8,7,7,3,3,2,2,1,1,1,1,1,1,,,,,,,,,,,,,,,,,,,,,,,,,,,,,,,,,,,,,,,,,,,,,,,,
4466,800,4483,4495,,0,0,0,0,0,0,0,0,0,0,0,0,0,1,1,10,10,12,12,11,11,11,11,10,10,9,9,9,9,10,10,10,10,10,10,11,11,10,10,4,4,3,3,2,2,1,1,1,1,,,,,,,,,,,,,,,,,,,,,,,,,,,,,,,,,,,,,,,,,,,,,,,,
4467,800,4505,10450,,0,0,0,0,0,0,0,0,0,0,0,0,0,0,0,3,3,4,4,3,3,3,3,3,3,3,3,3,3,3,3,3,3,3,3,3,3,3,3,2,2,1,1,1,1,0,0,0,0,,,,,,,,,,,,,,,,,,,,,,,,,,,,,,,,,,,,,,,,,,,,,,,,
4468,300,,4501,,0,0,0,0,0,0,0,0,0,0,0,0,0,1,1,4,4,4,4,4,4,4,4,3,3,3,3,3,3,3,3,3,3,3,3,4,4,4,4,2,2,1,1,1,1,1,1,0,0,,,,,,,,,,,,,,,,,,,,,,,,,,,,,,,,,,,,,,,,,,,,,,,,
4469,1200,4481,,,0,0,0,0,0,0,0,0,0,0,0,0,0,0,0,2,2,2,2,2,2,2,2,2,2,2,2,2,2,2,2,2,2,2,2,2,2,2,2,1,1,1,1,0,0,0,0,0,0,,,,,,,,,,,,,,,,,,,,,,,,,,,,,,,,,,,,,,,,,,,,,,,,
447,2500,561,258,446,1,38,38,40,40,28,28,30,30,35,35,38,38,106,106,1010,1010,1173,1173,1121,1121,1069,1069,1008,1008,921,921,970,970,952,952,997,997,1020,1020,1069,1069,975,975,299,299,192,192,130,130,94,94,48,48,,,,,,,,,,,,,,,,,,,,,,,,,,,,,,,,,,,,,,,,,,,,,,,,
4470,800,4450,10452,,0,0,0,0,0,0,0,0,0,0,0,0,0,1,1,7,7,9,9,8,8,8,8,7,7,7,7,7,7,7,7,7,7,7,7,8,8,7,7,4,4,2,2,1,1,1,1,1,1,,,,,,,,,,,,,,,,,,,,,,,,,,,,,,,,,,,,,,,,,,,,,,,,
4471,500,4506,10450,,0,42,42,39,39,28,28,29,29,34,34,39,39,112,112,1343,1343,1424,1424,1347,1347,1375,1375,1229,1229,1247,1247,1096,1096,1282,1282,1299,1299,1257,1257,1375,1375,1394,1394,536,536,316,316,190,190,140,140,87,87,,,,,,,,,,,,,,,,,,,,,,,,,,,,,,,,,,,,,,,,,,,,,,,,
4472,1200,4476,10455,,0,0,0,0,0,0,0,0,0,0,0,0,0,0,0,4,4,5,5,4,4,4,4,4,4,4,4,4,4,4,4,4,4,4,4,4,4,4,4,2,2,1,1,1,1,0,0,0,0,,,,,,,,,,,,,,,,,,,,,,,,,,,,,,,,,,,,,,,,,,,,,,,,
4473,1200,4505,4508,,0,0,0,0,0,0,0,0,0,0,0,0,0,0,0,3,3,4,4,4,4,4,4,3,3,3,3,3,3,3,3,3,3,3,3,4,4,3,3,2,2,1,1,1,1,0,0,0,0,,,,,,,,,,,,,,,,,,,,,,,,,,,,,,,,,,,,,,,,,,,,,,,,
4474,3000,4515,4487,,0,47,47,47,47,33,33,35,35,41,41,45,45,128,128,1131,1131,1278,1278,1185,1185,1160,1160,1073,1073,1030,1030,990,990,1078,1078,1095,1095,1097,1097,1179,1179,1139,1139,454,454,279,279,179,179,131,131,73,73,,,,,,,,,,,,,,,,,,,,,,,,,,,,,,,,,,,,,,,,,,,,,,,,
4475,800,4499,4453,,0,0,0,0,0,0,0,0,0,0,0,0,0,0,0,3,3,4,4,3,3,3,3,3,3,3,3,3,3,3,3,3,3,3,3,3,3,3,3,2,2,1,1,1,1,0,0,0,0,,,,,,,,,,,,,,,,,,,,,,,,,,,,,,,,,,,,,,,,,,,,,,,,
4476,600,602,4472,4463,1,0,0,0,0,0,0,0,0,0,0,0,0,0,0,4,4,5,5,4,4,4,4,4,4,4,4,4,4,4,4,4,4,4,4,4,4,4,4,2,2,1,1,1,1,0,0,0,0,,,,,,,,,,,,,,,,,,,,,,,,,,,,,,,,,,,,,,,,,,,,,,,,
4477,550,,4478,,0,47,47,47,47,33,33,35,35,41,41,45,45,128,128,1131,1131,1278,1278,1185,1185,1160,1160,1073,1073,1030,1030,990,990,1078,1078,1095,1095,1097,1097,1179,1179,1139,1139,454,454,279,279,179,179,131,131,73,73,,,,,,,,,,,,,,,,,,,,,,,,,,,,,,,,,,,,,,,,,,,,,,,,
4478,550,11993,4455,4477,1,47,47,47,47,33,33,35,35,41,41,45,45,128,128,1131,1131,1278,1278,1185,1185,1160,1160,1073,1073,1030,1030,990,990,1078,1078,1095,1095,1097,1097,1179,1179,1139,1139,454,454,279,279,179,179,131,131,73,73,,,,,,,,,,,,,,,,,,,,,,,,,,,,,,,,,,,,,,,,,,,,,,,,
4479,600,,11261,,0,1,1,1,1,0,0,0,0,1,1,1,1,2,2,14,14,16,16,14,14,14,14,13,13,12,12,12,12,13,13,13,13,13,13,14,14,14,14,6,6,4,4,2,2,2,2,1,1,,,,,,,,,,,,,,,,,,,,,,,,,,,,,,,,,,,,,,,,,,,,,,,,
448,2000,449,261,,0,38,38,40,40,28,28,30,30,35,35,38,38,106,106,1010,1010,1173,1173,1121,1121,1069,1069,1008,1008,921,921,970,970,952,952,997,997,1020,1020,1069,1069,975,975,299,299,192,192,130,130,94,94,48,48,,,,,,,,,,,,,,,,,,,,,,,,,,,,,,,,,,,,,,,,,,,,,,,,
4480,800,11261,4481,,0,1,1,1,1,0,0,0,0,1,1,1,1,2,2,14,14,16,16,14,14,14,14,13,13,12,12,12,12,13,13,13,13,13,13,14,14,14,14,6,6,4,4,2,2,2,2,1,1,,,,,,,,,,,,,,,,,,,,,,,,,,,,,,,,,,,,,,,,,,,,,,,,
4481,400,4469,4480,4457,1,0,0,0,0,0,0,0,0,0,0,0,0,1,1,6,6,7,7,7,7,7,7,6,6,6,6,6,6,6,6,6,6,6,6,7,7,6,6,3,3,2,2,1,1,1,1,0,0,,,,,,,,,,,,,,,,,,,,,,,,,,,,,,,,,,,,,,,,,,,,,,,,
4482,800,4483,,,0,0,0,0,0,0,0,0,0,0,0,0,0,1,1,5,5,6,6,6,6,6,6,5,5,5,5,5,5,5,5,5,5,5,5,6,6,5,5,2,2,1,1,1,1,1,1,0,0,,,,,,,,,,,,,,,,,,,,,,,,,,,,,,,,,,,,,,,,,,,,,,,,
4483,300,4466,4484,4482,1,0,0,0,0,0,0,0,0,0,0,0,0,1,1,6,6,7,7,7,7,7,7,6,6,6,6,6,6,6,6,6,6,6,6,7,7,6,6,3,3,2,2,1,1,1,1,0,0,,,,,,,,,,,,,,,,,,,,,,,,,,,,,,,,,,,,,,,,,,,,,,,,
4484,800,4483,4485,,0,0,0,0,0,0,0,0,0,0,0,0,0,1,1,7,7,8,8,7,7,7,7,7,7,6,6,6,6,7,7,7,7,7,7,7,7,7,7,3,3,2,2,1,1,1,1,0,0,,,,,,,,,,,,,,,,,,,,,,,,,,,,,,,,,,,,,,,,,,,,,,,,
4485,400,4484,4460,4458,1,0,0,0,0,0,0,0,0,0,0,0,0,1,1,5,5,6,6,6,6,6,6,5,5,5,5,5,5,5,5,5,5,5,5,6,6,5,5,2,2,1,1,1,1,1,1,0,0,,,,,,,,,,,,,,,,,,,,,,,,,,,,,,,,,,,,,,,,,,,,,,,,
4486,800,4487,11285,,0,1,1,1,1,0,0,0,0,1,1,1,1,2,2,14,14,16,16,14,14,14,14,13,13,12,12,12,12,13,13,13,13,13,13,14,14,14,14,6,6,4,4,2,2,2,2,1,1,,,,,,,,,,,,,,,,,,,,,,,,,,,,,,,,,,,,,,,,,,,,,,,,
4487,1200,4474,4460,4486,1,0,0,0,0,0,0,0,0,0,0,0,0,1,1,9,9,10,10,9,9,9,9,8,8,8,8,8,8,8,8,8,8,9,9,9,9,9,9,4,4,2,2,2,2,1,1,1,1,,,,,,,,,,,,,,,,,,,,,,,,,,,,,,,,,,,,,,,,,,,,,,,,
4488,4400,4456,4494,,0,47,47,47,47,33,33,35,35,41,41,45,45,128,128,1131,1131,1278,1278,1185,1185,1160,1160,1073,1073,1030,1030,990,990,1078,1078,1095,1095,1097,1097,1179,1179,1139,1139,454,454,279,279,179,179,131,131,73,73,,,,,,,,,,,,,,,,,,,,,,,,,,,,,,,,,,,,,,,,,,,,,,,,
4489,1650,4493,4490,4461,1,47,47,47,47,33,33,35,35,41,41,45,45,128,128,1131,1131,1278,1278,1185,1185,1160,1160,1073,1073,1030,1030,990,990,1078,1078,1095,1095,1097,1097,1179,1179,1139,1139,454,454,279,279,179,179,131,131,73,73,,,,,,,,,,,,,,,,,,,,,,,,,,,,,,,,,,,,,,,,,,,,,,,,
449,1500,258,448,438,1,38,38,40,40,28,28,30,30,35,35,38,38,106,106,1010,1010,1173,1173,1121,1121,1069,1069,1008,1008,921,921,970,970,952,952,997,997,1020,1020,1069,1069,975,975,299,299,192,192,130,130,94,94,48,48,,,,,,,,,,,,,,,,,,,,,,,,,,,,,,,,,,,,,,,,,,,,,,,,
4490,2200,4489,4491,,0,42,42,39,39,28,28,29,29,34,34,39,39,112,112,1343,1343,1424,1424,1347,1347,1375,1375,1229,1229,1247,1247,1096,1096,1282,1282,1299,1299,1257,1257,1375,1375,1394,1394,536,536,316,316,190,190,140,140,87,87,,,,,,,,,,,,,,,,,,,,,,,,,,,,,,,,,,,,,,,,,,,,,,,,
4491,1650,4490,4515,4444,1,47,47,47,47,33,33,35,35,41,41,45,45,128,128,1131,1131,1278,1278,1185,1185,1160,1160,1073,1073,1030,1030,990,990,1078,1078,1095,1095,1097,1097,1179,1179,1139,1139,454,454,279,279,179,179,131,131,73,73,,,,,,,,,,,,,,,,,,,,,,,,,,,,,,,,,,,,,,,,,,,,,,,,
4492,3500,11285,4495,,0,47,47,47,47,33,33,35,35,41,41,45,45,128,128,1131,1131,1278,1278,1185,1185,1160,1160,1073,1073,1030,1030,990,990,1078,1078,1095,1095,1097,1097,1179,1179,1139,1139,454,454,279,279,179,179,131,131,73,73,,,,,,,,,,,,,,,,,,,,,,,,,,,,,,,,,,,,,,,,,,,,,,,,
4493,4400,4494,4489,,0,47,47,47,47,33,33,35,35,41,41,45,45,128,128,1131,1131,1278,1278,1185,1185,1160,1160,1073,1073,1030,1030,990,990,1078,1078,1095,1095,1097,1097,1179,1179,1139,1139,454,454,279,279,179,179,131,131,73,73,,,,,,,,,,,,,,,,,,,,,,,,,,,,,,,,,,,,,,,,,,,,,,,,
4494,1600,4488,4493,4456,1,0,0,0,0,0,0,0,0,0,0,0,0,0,0,4,4,4,4,4,4,4,4,3,3,3,3,3,3,3,3,3,3,3,3,4,4,4,4,2,2,1,1,1,1,0,0,0,0,,,,,,,,,,,,,,,,,,,,,,,,,,,,,,,,,,,,,,,,,,,,,,,,
4495,300,11291,4492,4466,1,0,0,0,0,0,0,0,0,0,0,0,0,1,1,11,11,12,12,11,11,11,11,10,10,10,10,9,9,10,10,10,10,10,10,11,11,11,11,5,5,3,3,2,2,1,1,1,1,,,,,,,,,,,,,,,,,,,,,,,,,,,,,,,,,,,,,,,,,,,,,,,,
4496,600,10464,4497,4465,1,0,0,0,0,0,0,0,0,0,0,0,0,1,1,7,7,8,8,8,8,8,8,7,7,7,7,6,6,7,7,7,7,7,7,8,8,7,7,3,3,2,2,1,1,1,1,1,1,,,,,,,,,,,,,,,,,,,,,,,,,,,,,,,,,,,,,,,,,,,,,,,,
4497,300,4496,,,0,0,0,0,0,0,0,0,0,0,0,0,0,1,1,7,7,8,8,7,7,7,7,6,6,6,6,6,6,6,6,6,6,6,6,7,7,7,7,3,3,2,2,1,1,1,1,0,0,,,,,,,,,,,,,,,,,,,,,,,,,,,,,,,,,,,,,,,,,,,,,,,,
4498,400,11301,4499,,0,0,0,0,0,0,0,0,0,0,0,0,0,1,1,7,7,9,9,8,8,8,8,7,7,7,7,7,7,7,7,7,7,7,7,8,8,7,7,4,4,2,2,1,1,1,1,1,1,,,,,,,,,,,,,,,,,,,,,,,,,,,,,,,,,,,,,,,,,,,,,,,,
4499,800,4475,4498,4500,1,0,0,0,0,0,0,0,0,0,0,0,0,1,1,5,5,6,6,5,5,5,5,5,5,5,5,4,4,5,5,5,5,5,5,5,5,5,5,2,2,2,2,1,1,1,1,0,0,,,,,,,,,,,,,,,,,,,,,,,,,,,,,,,,,,,,,,,,,,,,,,,,
45,1600,8,369,,0,0,0,0,0,0,0,0,0,0,0,0,0,1,1,5,5,6,6,6,6,6,6,5,5,5,5,5,5,5,5,5,5,5,5,6,6,5,5,2,2,1,1,1,1,1,1,0,0,,,,,,,,,,,,,,,,,,,,,,,,,,,,,,,,,,,,,,,,,,,,,,,,
450,4400,136,451,,0,50,50,52,52,37,37,40,40,46,46,50,50,140,140,967,967,1151,1151,1088,1088,1047,1047,967,967,880,880,932,932,911,911,933,933,958,958,1007,1007,913,913,393,393,252,252,170,170,124,124,63,63,,,,,,,,,,,,,,,,,,,,,,,,,,,,,,,,,,,,,,,,,,,,,,,,
4500,800,4501,4499,,0,0,0,0,0,0,0,0,0,0,0,0,0,1,1,4,4,5,5,5,5,4,4,4,4,4,4,4,4,4,4,4,4,4,4,4,4,4,4,2,2,1,1,1,1,1,1,0,0,,,,,,,,,,,,,,,,,,,,,,,,,,,,,,,,,,,,,,,,,,,,,,,,
4501,600,4464,4500,4468,1,0,0,0,0,0,0,0,0,0,0,0,0,1,1,4,4,5,5,4,4,4,4,4,4,4,4,4,4,4,4,4,4,4,4,4,4,4,4,2,2,1,1,1,1,1,1,0,0,,,,,,,,,,,,,,,,,,,,,,,,,,,,,,,,,,,,,,,,,,,,,,,,
4502,800,4503,4453,,0,0,0,0,0,0,0,0,0,0,0,0,0,1,1,4,4,4,4,4,4,4,4,3,3,3,3,3,3,3,3,3,3,3,3,4,4,4,4,2,2,1,1,1,1,1,1,0,0,,,,,,,,,,,,,,,,,,,,,,,,,,,,,,,,,,,,,,,,,,,,,,,,
4503,800,4454,4502,4464,1,0,0,0,0,0,0,0,0,0,0,0,0,1,1,4,4,4,4,4,4,4,4,4,4,4,4,3,3,4,4,4,4,4,4,4,4,4,4,2,2,1,1,1,1,1,1,0,0,,,,,,,,,,,,,,,,,,,,,,,,,,,,,,,,,,,,,,,,,,,,,,,,
4504,1200,4450,4505,,0,0,0,0,0,0,0,0,0,0,0,0,0,1,1,5,5,6,6,5,5,5,5,5,5,4,4,4,4,5,5,5,5,5,5,5,5,5,5,2,2,1,1,1,1,1,1,0,0,,,,,,,,,,,,,,,,,,,,,,,,,,,,,,,,,,,,,,,,,,,,,,,,
4505,1600,4473,4504,4467,1,0,0,0,0,0,0,0,0,0,0,0,0,1,1,4,4,4,4,4,4,4,4,3,3,3,3,3,3,3,3,3,3,3,3,4,4,4,4,2,2,1,1,1,1,1,1,0,0,,,,,,,,,,,,,,,,,,,,,,,,,,,,,,,,,,,,,,,,,,,,,,,,
4506,2000,4471,11302,4507,1,47,47,47,47,33,33,35,35,41,41,45,45,128,128,1131,1131,1278,1278,1185,1185,1160,1160,1073,1073,1030,1030,990,990,1078,1078,1095,1095,1097,1097,1179,1179,1139,1139,454,454,279,279,179,179,131,131,73,73,,,,,,,,,,,,,,,,,,,,,,,,,,,,,,,,,,,,,,,,,,,,,,,,
4507,1200,4506,4508,,0,0,0,0,0,0,0,0,0,0,0,0,0,1,1,3,3,4,4,4,4,4,4,3,3,3,3,3,3,3,3,3,3,3,3,4,4,3,3,2,2,1,1,1,1,1,1,0,0,,,,,,,,,,,,,,,,,,,,,,,,,,,,,,,,,,,,,,,,,,,,,,,,
4508,1200,4459,4473,4507,1,0,0,0,0,0,0,0,0,0,0,0,0,0,0,2,2,3,3,3,3,2,2,2,2,2,2,2,2,2,2,2,2,2,2,2,2,2,2,1,1,1,1,0,0,0,0,0,0,,,,,,,,,,,,,,,,,,,,,,,,,,,,,,,,,,,,,,,,,,,,,,,,
4509,1000,4510,,,0,47,47,47,47,33,33,35,35,41,41,45,45,128,128,1131,1131,1278,1278,1185,1185,1160,1160,1073,1073,1030,1030,990,990,1078,1078,1095,1095,1097,1097,1179,1179,1139,1139,454,454,279,279,179,179,131,131,73,73,,,,,,,,,,,,,,,,,,,,,,,,,,,,,,,,,,,,,,,,,,,,,,,,
451,2500,450,162,175,1,67,67,70,70,49,49,53,53,62,62,67,67,186,186,910,910,1134,1134,1023,1023,977,977,900,900,812,812,861,861,864,864,851,851,886,886,939,939,854,854,524,524,336,336,227,227,165,165,84,84,,,,,,,,,,,,,,,,,,,,,,,,,,,,,,,,,,,,,,,,,,,,,,,,
4510,1100,4443,4509,4438,1,47,47,47,47,33,33,35,35,41,41,45,45,128,128,1131,1131,1278,1278,1185,1185,1160,1160,1073,1073,1030,1030,990,990,1078,1078,1095,1095,1097,1097,1179,1179,1139,1139,454,454,279,279,179,179,131,131,73,73,,,,,,,,,,,,,,,,,,,,,,,,,,,,,,,,,,,,,,,,,,,,,,,,
4511,300,,4512,,0,0,0,0,0,0,0,0,0,0,0,0,0,1,1,7,7,8,8,7,7,7,7,6,6,6,6,6,6,6,6,7,7,7,7,7,7,7,7,3,3,2,2,1,1,1,1,0,0,,,,,,,,,,,,,,,,,,,,,,,,,,,,,,,,,,,,,,,,,,,,,,,,
4512,300,4436,4511,4438,1,0,0,0,0,0,0,0,0,0,0,0,0,1,1,8,8,9,9,8,8,8,8,7,7,7,7,7,7,7,7,7,7,8,8,8,8,8,8,3,3,2,2,1,1,1,1,1,1,,,,,,,,,,,,,,,,,,,,,,,,,,,,,,,,,,,,,,,,,,,,,,,,
4513,1200,,4514,,0,0,0,0,0,0,0,0,0,0,0,0,0,1,1,4,4,5,5,5,5,5,5,4,4,4,4,4,4,4,4,4,4,4,4,5,5,4,4,2,2,1,1,1,1,1,1,0,0,,,,,,,,,,,,,,,,,,,,,,,,,,,,,,,,,,,,,,,,,,,,,,,,
4514,1500,4429,4513,4426,1,47,47,47,47,33,33,35,35,41,41,45,45,128,128,1131,1131,1278,1278,1185,1185,1160,1160,1073,1073,1030,1030,990,990,1078,1078,1095,1095,1097,1097,1179,1179,1139,1139,454,454,279,279,179,179,131,131,73,73,,,,,,,,,,,,,,,,,,,,,,,,,,,,,,,,,,,,,,,,,,,,,,,,
4515,4400,4491,,4516;4474,2,67,67,70,70,49,49,53,53,62,62,67,67,186,186,910,910,1134,1134,1023,1023,977,977,900,900,812,812,861,861,864,864,851,851,886,886,939,939,854,854,524,524,336,336,227,227,165,165,84,84,,,,,,,,,,,,,,,,,,,,,,,,,,,,,,,,,,,,,,,,,,,,,,,,
4516,1200,4444,4515,4462,1,0,0,0,0,0,0,0,0,0,0,0,0,1,1,7,7,8,8,7,7,7,7,7,7,6,6,6,6,7,7,7,7,7,7,7,7,7,7,3,3,2,2,1,1,1,1,0,0,,,,,,,,,,,,,,,,,,,,,,,,,,,,,,,,,,,,,,,,,,,,,,,,
4517,2500,,4518,,0,47,47,47,47,33,33,35,35,41,41,45,45,128,128,1131,1131,1278,1278,1185,1185,1160,1160,1073,1073,1030,1030,990,990,1078,1078,1095,1095,1097,1097,1179,1179,1139,1139,454,454,279,279,179,179,131,131,73,73,,,,,,,,,,,,,,,,,,,,,,,,,,,,,,,,,,,,,,,,,,,,,,,,
4518,1100,4422,4420,4517,1,47,47,47,47,33,33,35,35,41,41,45,45,128,128,1131,1131,1278,1278,1185,1185,1160,1160,1073,1073,1030,1030,990,990,1078,1078,1095,1095,1097,1097,1179,1179,1139,1139,454,454,279,279,179,179,131,131,73,73,,,,,,,,,,,,,,,,,,,,,,,,,,,,,,,,,,,,,,,,,,,,,,,,
4519,1200,4520,4774,,0,0,0,0,0,0,0,0,0,0,0,0,0,0,0,2,2,2,2,2,2,2,2,2,2,2,2,2,2,2,2,2,2,2,2,2,2,2,2,1,1,1,1,0,0,0,0,0,0,,,,,,,,,,,,,,,,,,,,,,,,,,,,,,,,,,,,,,,,,,,,,,,,
452,3300,453,181,,0,38,38,40,40,28,28,30,30,35,35,38,38,106,106,1010,1010,1173,1173,1121,1121,1069,1069,1008,1008,921,921,970,970,952,952,997,997,1020,1020,1069,1069,975,975,299,299,192,192,130,130,94,94,48,48,,,,,,,,,,,,,,,,,,,,,,,,,,,,,,,,,,,,,,,,,,,,,,,,
4520,800,4519,4430,4521,1,0,0,0,0,0,0,0,0,0,0,0,0,1,1,4,4,4,4,4,4,4,4,3,3,3,3,3,3,3,3,3,3,3,3,4,4,4,4,2,2,1,1,1,1,1,1,0,0,,,,,,,,,,,,,,,,,,,,,,,,,,,,,,,,,,,,,,,,,,,,,,,,
4521,2500,4522,4520,,0,42,42,39,39,28,28,29,29,34,34,39,39,112,112,1343,1343,1424,1424,1347,1347,1375,1375,1229,1229,1247,1247,1096,1096,1282,1282,1299,1299,1257,1257,1375,1375,1394,1394,536,536,316,316,190,190,140,140,87,87,,,,,,,,,,,,,,,,,,,,,,,,,,,,,,,,,,,,,,,,,,,,,,,,
4522,800,4521,4432,4531,1,0,0,0,0,0,0,0,0,0,0,0,0,1,1,4,4,4,4,4,4,4,4,4,4,4,4,3,3,4,4,4,4,4,4,4,4,4,4,2,2,1,1,1,1,1,1,0,0,,,,,,,,,,,,,,,,,,,,,,,,,,,,,,,,,,,,,,,,,,,,,,,,
4523,1600,4450,4524,,0,0,0,0,0,0,0,0,0,0,0,0,0,1,1,4,4,5,5,5,5,5,5,4,4,4,4,4,4,4,4,4,4,4,4,4,4,4,4,2,2,1,1,1,1,1,1,0,0,,,,,,,,,,,,,,,,,,,,,,,,,,,,,,,,,,,,,,,,,,,,,,,,
4524,1200,4446,4437,4523,1,0,0,0,0,0,0,0,0,0,0,0,0,0,0,3,3,4,4,3,3,3,3,3,3,3,3,3,3,3,3,3,3,3,3,3,3,3,3,2,2,1,1,1,1,0,0,0,0,,,,,,,,,,,,,,,,,,,,,,,,,,,,,,,,,,,,,,,,,,,,,,,,
4525,800,4442,4526,,0,0,0,0,0,0,0,0,0,0,0,0,0,1,1,4,4,5,5,5,5,5,5,4,4,4,4,4,4,4,4,4,4,4,4,5,5,4,4,2,2,1,1,1,1,1,1,0,0,,,,,,,,,,,,,,,,,,,,,,,,,,,,,,,,,,,,,,,,,,,,,,,,
4526,800,4525,4529,4437,1,53,53,55,55,38,38,42,42,48,48,53,53,146,146,715,715,891,891,804,804,768,768,707,707,638,638,676,676,679,679,669,669,696,696,738,738,671,671,411,411,264,264,178,178,130,130,66,66,,,,,,,,,,,,,,,,,,,,,,,,,,,,,,,,,,,,,,,,,,,,,,,,
4527,800,4528,4530,,0,0,0,0,0,0,0,0,0,0,0,0,0,1,1,6,6,7,7,7,7,7,7,6,6,6,6,5,5,6,6,6,6,6,6,6,6,6,6,3,3,2,2,1,1,1,1,0,0,,,,,,,,,,,,,,,,,,,,,,,,,,,,,,,,,,,,,,,,,,,,,,,,
4528,1200,4440,4447,4527;4441,2,0,0,0,0,0,0,0,0,0,0,0,0,1,1,4,4,5,5,4,4,4,4,4,4,4,4,3,3,4,4,4,4,4,4,4,4,4,4,2,2,1,1,1,1,1,1,0,0,,,,,,,,,,,,,,,,,,,,,,,,,,,,,,,,,,,,,,,,,,,,,,,,
4529,4400,,4526,4530,1,42,42,39,39,28,28,29,29,34,34,39,39,112,112,1343,1343,1424,1424,1347,1347,1375,1375,1229,1229,1247,1247,1096,1096,1282,1282,1299,1299,1257,1257,1375,1375,1394,1394,536,536,316,316,190,190,140,140,87,87,,,,,,,,,,,,,,,,,,,,,,,,,,,,,,,,,,,,,,,,,,,,,,,,
453,1600,173,179,452,1,0,0,0,0,0,0,0,0,0,0,0,0,1,1,10,10,11,11,11,11,10,10,10,10,9,9,9,9,9,9,10,10,10,10,10,10,9,9,3,3,2,2,1,1,1,1,1,1,,,,,,,,,,,,,,,,,,,,,,,,,,,,,,,,,,,,,,,,,,,,,,,,
4530,1100,4440,4529,4527,1,42,42,39,39,28,28,29,29,34,34,39,39,112,112,1343,1343,1424,1424,1347,1347,1375,1375,1229,1229,1247,1247,1096,1096,1282,1282,1299,1299,1257,1257,1375,1375,1394,1394,536,536,316,316,190,190,140,140,87,87,,,,,,,,,,,,,,,,,,,,,,,,,,,,,,,,,,,,,,,,,,,,,,,,
4531,1200,4532,4522,,0,0,0,0,0,0,0,0,0,0,0,0,0,1,1,6,6,7,7,6,6,6,6,6,6,5,5,5,5,6,6,6,6,6,6,6,6,6,6,3,3,2,2,1,1,1,1,0,0,,,,,,,,,,,,,,,,,,,,,,,,,,,,,,,,,,,,,,,,,,,,,,,,
4532,1000,4531,4434,4535,1,42,42,39,39,28,28,29,29,34,34,39,39,112,112,1343,1343,1424,1424,1347,1347,1375,1375,1229,1229,1247,1247,1096,1096,1282,1282,1299,1299,1257,1257,1375,1375,1394,1394,536,536,316,316,190,190,140,140,87,87,,,,,,,,,,,,,,,,,,,,,,,,,,,,,,,,,,,,,,,,,,,,,,,,
4533,1600,4534,4431,,0,0,0,0,0,0,0,0,0,0,0,0,0,0,0,2,2,3,3,2,2,2,2,2,2,2,2,2,2,2,2,2,2,2,2,2,2,2,2,1,1,1,1,0,0,0,0,0,0,,,,,,,,,,,,,,,,,,,,,,,,,,,,,,,,,,,,,,,,,,,,,,,,
4534,1200,4533,4448,4446,1,0,0,0,0,0,0,0,0,0,0,0,0,0,0,2,2,3,3,3,3,3,3,2,2,2,2,2,2,2,2,2,2,2,2,2,2,2,2,1,1,1,1,0,0,0,0,0,0,,,,,,,,,,,,,,,,,,,,,,,,,,,,,,,,,,,,,,,,,,,,,,,,
4535,1200,4536,4532,,0,0,0,0,0,0,0,0,0,0,0,0,0,1,1,7,7,8,8,7,7,7,7,6,6,6,6,6,6,6,6,6,6,6,6,7,7,6,6,3,3,2,2,1,1,1,1,1,1,,,,,,,,,,,,,,,,,,,,,,,,,,,,,,,,,,,,,,,,,,,,,,,,
4536,300,4435,4439,4535,1,0,0,0,0,0,0,0,0,0,0,0,0,1,1,6,6,7,7,6,6,6,6,5,5,5,5,5,5,5,5,5,5,5,5,6,6,6,6,3,3,2,2,1,1,1,1,0,0,,,,,,,,,,,,,,,,,,,,,,,,,,,,,,,,,,,,,,,,,,,,,,,,
4537,600,4538,,,0,0,0,0,0,0,0,0,0,0,0,0,0,0,0,3,3,4,4,4,4,3,3,3,3,3,3,3,3,3,3,3,3,3,3,3,3,3,3,2,2,1,1,1,1,0,0,0,0,,,,,,,,,,,,,,,,,,,,,,,,,,,,,,,,,,,,,,,,,,,,,,,,
4538,800,4449,,4537;4454,2,0,0,0,0,0,0,0,0,0,0,0,0,1,1,4,4,5,5,5,5,5,5,4,4,4,4,4,4,4,4,4,4,4,4,5,5,4,4,2,2,1,1,1,1,1,1,0,0,,,,,,,,,,,,,,,,,,,,,,,,,,,,,,,,,,,,,,,,,,,,,,,,
4539,1100,4540,4442,,0,42,42,39,39,28,28,29,29,34,34,39,39,112,112,1343,1343,1424,1424,1347,1347,1375,1375,1229,1229,1247,1247,1096,1096,1282,1282,1299,1299,1257,1257,1375,1375,1394,1394,536,536,316,316,190,190,140,140,87,87,,,,,,,,,,,,,,,,,,,,,,,,,,,,,,,,,,,,,,,,,,,,,,,,
454,4400,181,455,,0,38,38,40,40,28,28,30,30,35,35,38,38,106,106,1010,1010,1173,1173,1121,1121,1069,1069,1008,1008,921,921,970,970,952,952,997,997,1020,1020,1069,1069,975,975,299,299,192,192,130,130,94,94,48,48,,,,,,,,,,,,,,,,,,,,,,,,,,,,,,,,,,,,,,,,,,,,,,,,
4540,1100,4459,4539,4447,1,42,42,39,39,28,28,29,29,34,34,39,39,112,112,1343,1343,1424,1424,1347,1347,1375,1375,1229,1229,1247,1247,1096,1096,1282,1282,1299,1299,1257,1257,1375,1375,1394,1394,536,536,316,316,190,190,140,140,87,87,,,,,,,,,,,,,,,,,,,,,,,,,,,,,,,,,,,,,,,,,,,,,,,,
4541,800,4542,,,0,0,0,0,0,0,0,0,0,0,0,0,0,0,0,2,2,2,2,2,2,2,2,2,2,2,2,2,2,2,2,2,2,2,2,2,2,2,2,1,1,1,1,0,0,0,0,0,0,,,,,,,,,,,,,,,,,,,,,,,,,,,,,,,,,,,,,,,,,,,,,,,,
4542,800,4427,4434,4541,1,0,0,0,0,0,0,0,0,0,0,0,0,0,0,2,2,2,2,2,2,2,2,2,2,1,1,1,1,2,2,2,2,2,2,2,2,2,2,1,1,0,0,0,0,0,0,0,0,,,,,,,,,,,,,,,,,,,,,,,,,,,,,,,,,,,,,,,,,,,,,,,,
4543,800,4672,4544,,0,1,1,1,1,0,0,0,0,0,0,1,1,1,1,7,7,9,9,8,8,8,8,7,7,7,7,7,7,7,7,7,7,7,7,8,8,7,7,4,4,3,3,2,2,1,1,1,1,,,,,,,,,,,,,,,,,,,,,,,,,,,,,,,,,,,,,,,,,,,,,,,,
4544,1650,4415,4543,4589,1,47,47,47,47,33,33,35,35,41,41,45,45,128,128,1131,1131,1278,1278,1185,1185,1160,1160,1073,1073,1030,1030,990,990,1078,1078,1095,1095,1097,1097,1179,1179,1139,1139,454,454,279,279,179,179,131,131,73,73,,,,,,,,,,,,,,,,,,,,,,,,,,,,,,,,,,,,,,,,,,,,,,,,
4545,1200,4688,4546,,0,0,0,0,0,0,0,0,0,0,0,0,0,0,0,3,3,3,3,3,3,3,3,3,3,3,3,2,2,3,3,3,3,3,3,3,3,3,3,1,1,1,1,1,1,0,0,0,0,,,,,,,,,,,,,,,,,,,,,,,,,,,,,,,,,,,,,,,,,,,,,,,,
4546,800,4422,4421,4545,1,0,0,0,0,0,0,0,0,0,0,0,0,0,0,2,2,2,2,2,2,2,2,1,1,1,1,1,1,1,1,1,1,1,1,2,2,1,1,1,1,0,0,0,0,0,0,0,0,,,,,,,,,,,,,,,,,,,,,,,,,,,,,,,,,,,,,,,,,,,,,,,,
4547,800,4681,4680,,0,0,0,0,0,0,0,0,0,0,0,0,0,0,0,1,1,2,2,1,1,1,1,1,1,1,1,1,1,1,1,1,1,1,1,1,1,1,1,1,1,0,0,0,0,0,0,0,0,,,,,,,,,,,,,,,,,,,,,,,,,,,,,,,,,,,,,,,,,,,,,,,,
4548,4400,4742,4647,,0,34,34,35,35,24,24,26,26,31,31,34,34,93,93,1024,1024,1168,1168,1154,1154,1117,1117,1034,1034,948,948,1003,1003,958,958,1015,1015,1030,1030,1075,1075,972,972,262,262,168,168,114,114,82,82,42,42,,,,,,,,,,,,,,,,,,,,,,,,,,,,,,,,,,,,,,,,,,,,,,,,
4549,4400,,4425,,0,67,67,70,70,49,49,53,53,62,62,67,67,186,186,910,910,1134,1134,1023,1023,977,977,900,900,812,812,861,861,864,864,851,851,886,886,939,939,854,854,524,524,336,336,227,227,165,165,84,84,,,,,,,,,,,,,,,,,,,,,,,,,,,,,,,,,,,,,,,,,,,,,,,,
455,2500,454,201,216,1,38,38,40,40,28,28,30,30,35,35,38,38,106,106,1010,1010,1173,1173,1121,1121,1069,1069,1008,1008,921,921,970,970,952,952,997,997,1020,1020,1069,1069,975,975,299,299,192,192,130,130,94,94,48,48,,,,,,,,,,,,,,,,,,,,,,,,,,,,,,,,,,,,,,,,,,,,,,,,
4550,800,4610,,,0,0,0,0,0,0,0,0,0,0,0,0,0,1,1,4,4,5,5,4,4,4,4,4,4,3,3,4,4,4,4,4,4,4,4,4,4,4,4,2,2,1,1,1,1,1,1,0,0,,,,,,,,,,,,,,,,,,,,,,,,,,,,,,,,,,,,,,,,,,,,,,,,
4551,2500,4555,4762,,0,34,34,35,35,24,24,26,26,31,31,34,34,93,93,1024,1024,1168,1168,1154,1154,1117,1117,1034,1034,948,948,1003,1003,958,958,1015,1015,1030,1030,1075,1075,972,972,262,262,168,168,114,114,82,82,42,42,,,,,,,,,,,,,,,,,,,,,,,,,,,,,,,,,,,,,,,,,,,,,,,,
4552,1200,4758,4680,,0,0,0,0,0,0,0,0,0,0,0,0,0,0,0,1,1,2,2,2,2,2,2,1,1,1,1,1,1,1,1,1,1,1,1,2,2,1,1,1,1,0,0,0,0,0,0,0,0,,,,,,,,,,,,,,,,,,,,,,,,,,,,,,,,,,,,,,,,,,,,,,,,
4553,2500,4612,4648,4555;4600,2,67,67,70,70,49,49,53,53,62,62,67,67,186,186,910,910,1134,1134,1023,1023,977,977,900,900,812,812,861,861,864,864,851,851,886,886,939,939,854,854,524,524,336,336,227,227,165,165,84,84,,,,,,,,,,,,,,,,,,,,,,,,,,,,,,,,,,,,,,,,,,,,,,,,
4554,500,4690,4760,4604,1,67,67,70,70,49,49,53,53,62,62,67,67,186,186,910,910,1134,1134,1023,1023,977,977,900,900,812,812,861,861,864,864,851,851,886,886,939,939,854,854,524,524,336,336,227,227,165,165,84,84,,,,,,,,,,,,,,,,,,,,,,,,,,,,,,,,,,,,,,,,,,,,,,,,
4555,3000,4551,4553,,0,67,67,70,70,49,49,53,53,62,62,67,67,186,186,910,910,1134,1134,1023,1023,977,977,900,900,812,812,861,861,864,864,851,851,886,886,939,939,854,854,524,524,336,336,227,227,165,165,84,84,,,,,,,,,,,,,,,,,,,,,,,,,,,,,,,,,,,,,,,,,,,,,,,,
4556,2500,4781,4795,,0,67,67,70,70,49,49,53,53,62,62,67,67,186,186,910,910,1134,1134,1023,1023,977,977,900,900,812,812,861,861,864,864,851,851,886,886,939,939,854,854,524,524,336,336,227,227,165,165,84,84,,,,,,,,,,,,,,,,,,,,,,,,,,,,,,,,,,,,,,,,,,,,,,,,
4557,3000,4645,,,0,0,0,0,0,0,0,0,0,0,0,0,0,0,0,894,894,944,944,1009,1009,988,988,917,917,851,851,900,900,826,826,926,926,922,922,952,952,857,857,0,0,0,0,0,0,0,0,0,0,,,,,,,,,,,,,,,,,,,,,,,,,,,,,,,,,,,,,,,,,,,,,,,,
4558,2000,4784,4763,,0,34,34,35,35,24,24,26,26,31,31,34,34,93,93,1024,1024,1168,1168,1154,1154,1117,1117,1034,1034,948,948,1003,1003,958,958,1015,1015,1030,1030,1075,1075,972,972,262,262,168,168,114,114,82,82,42,42,,,,,,,,,,,,,,,,,,,,,,,,,,,,,,,,,,,,,,,,,,,,,,,,
4559,800,4789,4654,,0,0,0,0,0,0,0,0,0,0,0,0,0,0,0,1,1,1,1,1,1,1,1,1,1,1,1,1,1,1,1,1,1,1,1,1,1,1,1,0,0,0,0,0,0,0,0,0,0,,,,,,,,,,,,,,,,,,,,,,,,,,,,,,,,,,,,,,,,,,,,,,,,
456,3000,225,457,,0,38,38,40,40,28,28,30,30,35,35,38,38,106,106,1010,1010,1173,1173,1121,1121,1069,1069,1008,1008,921,921,970,970,952,952,997,997,1020,1020,1069,1069,975,975,299,299,192,192,130,130,94,94,48,48,,,,,,,,,,,,,,,,,,,,,,,,,,,,,,,,,,,,,,,,,,,,,,,,
4560,1600,,12380,,0,0,0,0,0,0,0,0,0,0,0,0,0,1,1,6,6,7,7,6,6,6,6,6,6,5,5,5,5,5,5,6,6,6,6,6,6,6,6,2,2,2,2,1,1,1,1,0,0,,,,,,,,,,,,,,,,,,,,,,,,,,,,,,,,,,,,,,,,,,,,,,,,
4561,1600,4702,4660,4649,1,0,0,0,0,0,0,0,0,0,0,0,0,0,0,1,1,1,1,1,1,1,1,1,1,1,1,1,1,1,1,1,1,1,1,1,1,1,1,1,1,0,0,0,0,0,0,0,0,,,,,,,,,,,,,,,,,,,,,,,,,,,,,,,,,,,,,,,,,,,,,,,,
4562,800,,4597,,0,0,0,0,0,0,0,0,0,0,0,0,0,1,1,5,5,6,6,6,6,6,6,5,5,5,5,5,5,5,5,5,5,5,5,5,5,5,5,2,2,1,1,1,1,1,1,0,0,,,,,,,,,,,,,,,,,,,,,,,,,,,,,,,,,,,,,,,,,,,,,,,,
4563,400,4601,4714,4701,1,0,0,0,0,0,0,0,0,0,0,0,0,1,1,4,4,5,5,5,5,5,5,4,4,4,4,4,4,4,4,4,4,4,4,4,4,4,4,2,2,2,2,1,1,1,1,0,0,,,,,,,,,,,,,,,,,,,,,,,,,,,,,,,,,,,,,,,,,,,,,,,,
4564,1650,4417,4704,4753,1,42,42,39,39,28,28,29,29,34,34,39,39,112,112,1343,1343,1424,1424,1347,1347,1375,1375,1229,1229,1247,1247,1096,1096,1282,1282,1299,1299,1257,1257,1375,1375,1394,1394,536,536,316,316,190,190,140,140,87,87,,,,,,,,,,,,,,,,,,,,,,,,,,,,,,,,,,,,,,,,,,,,,,,,
4565,600,4567,,,0,0,0,0,0,0,0,0,0,0,0,0,0,1,1,4,4,5,5,5,5,4,4,4,4,4,4,4,4,4,4,4,4,4,4,4,4,4,4,2,2,1,1,1,1,1,1,0,0,,,,,,,,,,,,,,,,,,,,,,,,,,,,,,,,,,,,,,,,,,,,,,,,
4566,1200,4658,4657,4615;4749,2,0,0,0,0,0,0,0,0,0,0,0,0,1,1,3,3,4,4,3,3,3,3,3,3,3,3,3,3,3,3,3,3,3,3,3,3,3,3,2,2,1,1,1,1,1,1,0,0,,,,,,,,,,,,,,,,,,,,,,,,,,,,,,,,,,,,,,,,,,,,,,,,
4567,600,4637,4565,4607,1,0,0,0,0,0,0,0,0,0,0,0,0,1,1,4,4,5,5,5,5,5,5,4,4,4,4,4,4,4,4,4,4,4,4,4,4,4,4,2,2,1,1,1,1,1,1,0,0,,,,,,,,,,,,,,,,,,,,,,,,,,,,,,,,,,,,,,,,,,,,,,,,
4568,2000,4633,4732,,0,67,67,70,70,49,49,53,53,62,62,67,67,186,186,910,910,1134,1134,1023,1023,977,977,900,900,812,812,861,861,864,864,851,851,886,886,939,939,854,854,524,524,336,336,227,227,165,165,84,84,,,,,,,,,,,,,,,,,,,,,,,,,,,,,,,,,,,,,,,,,,,,,,,,
4569,1200,4715,4725,4777,1,33,33,31,31,22,22,23,23,26,26,31,31,88,88,1055,1055,1119,1119,1058,1058,1080,1080,966,966,980,980,861,861,1008,1008,1021,1021,988,988,1080,1080,1096,1096,421,421,249,249,150,150,110,110,68,68,,,,,,,,,,,,,,,,,,,,,,,,,,,,,,,,,,,,,,,,,,,,,,,,
457,2500,,272,456;302,2,38,38,40,40,28,28,30,30,35,35,38,38,106,106,1010,1010,1173,1173,1121,1121,1069,1069,1008,1008,921,921,970,970,952,952,997,997,1020,1020,1069,1069,975,975,299,299,192,192,130,130,94,94,48,48,,,,,,,,,,,,,,,,,,,,,,,,,,,,,,,,,,,,,,,,,,,,,,,,
4570,1200,4588,4611,,0,53,53,55,55,38,38,42,42,48,48,53,53,146,146,715,715,891,891,804,804,768,768,707,707,638,638,676,676,679,679,669,669,696,696,738,738,671,671,411,411,264,264,178,178,130,130,66,66,,,,,,,,,,,,,,,,,,,,,,,,,,,,,,,,,,,,,,,,,,,,,,,,
4571,600,4723,,4630,1,0,0,0,0,0,0,0,0,0,0,0,0,1,1,4,4,5,5,5,5,5,5,4,4,4,4,4,4,4,4,4,4,4,4,4,4,4,4,2,2,1,1,1,1,1,1,0,0,,,,,,,,,,,,,,,,,,,,,,,,,,,,,,,,,,,,,,,,,,,,,,,,
4572,1500,4574,4723,4655,1,34,34,35,35,24,24,26,26,31,31,34,34,93,93,1024,1024,1168,1168,1154,1154,1117,1117,1034,1034,948,948,1003,1003,958,958,1015,1015,1030,1030,1075,1075,972,972,262,262,168,168,114,114,82,82,42,42,,,,,,,,,,,,,,,,,,,,,,,,,,,,,,,,,,,,,,,,,,,,,,,,
4573,400,4580,4724,4646,1,0,0,0,0,0,0,0,0,0,0,0,0,1,1,4,4,5,5,4,4,4,4,4,4,4,4,4,4,4,4,4,4,4,4,4,4,4,4,2,2,1,1,1,1,1,1,0,0,,,,,,,,,,,,,,,,,,,,,,,,,,,,,,,,,,,,,,,,,,,,,,,,
4574,3000,4572,4773,,0,34,34,35,35,24,24,26,26,31,31,34,34,93,93,1024,1024,1168,1168,1154,1154,1117,1117,1034,1034,948,948,1003,1003,958,958,1015,1015,1030,1030,1075,1075,972,972,262,262,168,168,114,114,82,82,42,42,,,,,,,,,,,,,,,,,,,,,,,,,,,,,,,,,,,,,,,,,,,,,,,,
4575,800,4714,4628,4695,1,0,0,0,0,0,0,0,0,0,0,0,0,0,0,2,2,3,3,2,2,2,2,2,2,2,2,2,2,2,2,2,2,2,2,2,2,2,2,1,1,1,1,1,1,0,0,0,0,,,,,,,,,,,,,,,,,,,,,,,,,,,,,,,,,,,,,,,,,,,,,,,,
4576,2000,4668,4790,,0,67,67,70,70,49,49,53,53,62,62,67,67,186,186,910,910,1134,1134,1023,1023,977,977,900,900,812,812,861,861,864,864,851,851,886,886,939,939,854,854,524,524,336,336,227,227,165,165,84,84,,,,,,,,,,,,,,,,,,,,,,,,,,,,,,,,,,,,,,,,,,,,,,,,
4577,800,4790,,,0,0,0,0,0,0,0,0,0,0,0,0,0,1,1,4,4,5,5,4,4,4,4,4,4,3,3,3,3,4,4,3,3,4,4,4,4,4,4,2,2,1,1,1,1,1,1,0,0,,,,,,,,,,,,,,,,,,,,,,,,,,,,,,,,,,,,,,,,,,,,,,,,
4578,800,4606,4688,,0,0,0,0,0,0,0,0,0,0,0,0,0,1,1,5,5,6,6,5,5,5,5,5,5,4,4,4,4,5,5,5,5,5,5,5,5,5,5,2,2,1,1,1,1,1,1,0,0,,,,,,,,,,,,,,,,,,,,,,,,,,,,,,,,,,,,,,,,,,,,,,,,
4579,1200,4757,,,0,0,0,0,0,0,0,0,0,0,0,0,0,1,1,3,3,4,4,4,4,4,4,3,3,3,3,3,3,3,3,3,3,3,3,3,3,3,3,1,1,1,1,1,1,0,0,0,0,,,,,,,,,,,,,,,,,,,,,,,,,,,,,,,,,,,,,,,,,,,,,,,,
458,800,141,10176,9739,1,0,0,0,0,0,0,0,0,0,0,0,0,0,0,3,3,3,3,3,3,3,3,2,2,2,2,2,2,2,2,2,2,2,2,3,3,2,2,1,1,1,1,0,0,0,0,0,0,,,,,,,,,,,,,,,,,,,,,,,,,,,,,,,,,,,,,,,,,,,,,,,,
4580,1200,4573,4739,,0,0,0,0,0,0,0,0,0,0,0,0,0,1,1,4,4,4,4,4,4,4,4,4,4,3,3,4,4,4,4,4,4,4,4,4,4,4,4,2,2,1,1,1,1,1,1,0,0,,,,,,,,,,,,,,,,,,,,,,,,,,,,,,,,,,,,,,,,,,,,,,,,
4581,1200,4672,4611,,0,0,0,0,0,0,0,0,0,0,0,0,0,0,0,2,2,3,3,3,3,3,3,2,2,2,2,2,2,2,2,2,2,2,2,2,2,2,2,1,1,1,1,1,1,0,0,0,0,,,,,,,,,,,,,,,,,,,,,,,,,,,,,,,,,,,,,,,,,,,,,,,,
4582,400,,4797,,0,0,0,0,0,0,0,0,0,0,0,0,0,1,1,4,4,5,5,5,5,4,4,4,4,4,4,4,4,4,4,4,4,4,4,4,4,4,4,2,2,1,1,1,1,1,1,0,0,,,,,,,,,,,,,,,,,,,,,,,,,,,,,,,,,,,,,,,,,,,,,,,,
4583,500,4729,4586,4731,1,34,34,35,35,24,24,26,26,31,31,34,34,93,93,1024,1024,1168,1168,1154,1154,1117,1117,1034,1034,948,948,1003,1003,958,958,1015,1015,1030,1030,1075,1075,972,972,262,262,168,168,114,114,82,82,42,42,,,,,,,,,,,,,,,,,,,,,,,,,,,,,,,,,,,,,,,,,,,,,,,,
4584,4000,4735,4744,,0,67,67,70,70,49,49,53,53,62,62,67,67,186,186,910,910,1134,1134,1023,1023,977,977,900,900,812,812,861,861,864,864,851,851,886,886,939,939,854,854,524,524,336,336,227,227,165,165,84,84,,,,,,,,,,,,,,,,,,,,,,,,,,,,,,,,,,,,,,,,,,,,,,,,
4585,800,4761,4695,4765,1,0,0,0,0,0,0,0,0,0,0,0,0,0,0,2,2,3,3,3,3,2,2,2,2,2,2,2,2,2,2,2,2,2,2,2,2,2,2,1,1,1,1,1,1,0,0,0,0,,,,,,,,,,,,,,,,,,,,,,,,,,,,,,,,,,,,,,,,,,,,,,,,
4586,800,4634,4583,,0,0,0,0,0,0,0,0,0,0,0,0,0,1,1,5,5,6,6,6,6,6,6,5,5,5,5,5,5,5,5,5,5,5,5,5,5,5,5,2,2,1,1,1,1,1,1,0,0,,,,,,,,,,,,,,,,,,,,,,,,,,,,,,,,,,,,,,,,,,,,,,,,
4587,2000,4722,4772,4699,1,67,67,70,70,49,49,53,53,62,62,67,67,186,186,910,910,1134,1134,1023,1023,977,977,900,900,812,812,861,861,864,864,851,851,886,886,939,939,854,854,524,524,336,336,227,227,165,165,84,84,,,,,,,,,,,,,,,,,,,,,,,,,,,,,,,,,,,,,,,,,,,,,,,,
4588,4400,4713,4673,4570,1,67,67,70,70,49,49,53,53,62,62,67,67,186,186,910,910,1134,1134,1023,1023,977,977,900,900,812,812,861,861,864,864,851,851,886,886,939,939,854,854,524,524,336,336,227,227,165,165,84,84,,,,,,,,,,,,,,,,,,,,,,,,,,,,,,,,,,,,,,,,,,,,,,,,
4589,1200,4622,4544,,0,1,1,1,1,0,0,0,0,0,0,1,1,1,1,7,7,9,9,8,8,8,8,7,7,7,7,7,7,7,7,7,7,7,7,8,8,7,7,4,4,3,3,2,2,1,1,1,1,,,,,,,,,,,,,,,,,,,,,,,,,,,,,,,,,,,,,,,,,,,,,,,,
459,1600,464,460,,0,0,0,0,0,0,0,0,0,0,0,0,0,0,0,6,6,6,6,6,6,6,6,6,6,5,5,5,5,5,5,6,6,6,6,6,6,5,5,1,1,1,1,1,1,0,0,0,0,,,,,,,,,,,,,,,,,,,,,,,,,,,,,,,,,,,,,,,,,,,,,,,,
4590,800,4736,4418,4770,1,0,0,0,0,0,0,0,0,0,0,0,0,1,1,4,4,5,5,5,5,4,4,4,4,4,4,4,4,4,4,4,4,4,4,4,4,4,4,2,2,1,1,1,1,1,1,0,0,,,,,,,,,,,,,,,,,,,,,,,,,,,,,,,,,,,,,,,,,,,,,,,,
4591,800,4751,4693,,0,0,0,0,0,0,0,0,0,0,0,0,0,1,1,6,6,7,7,6,6,6,6,5,5,5,5,5,5,5,5,5,5,5,5,6,6,5,5,3,3,2,2,1,1,1,1,0,0,,,,,,,,,,,,,,,,,,,,,,,,,,,,,,,,,,,,,,,,,,,,,,,,
4592,1100,4623,4666,4699,1,67,67,70,70,49,49,53,53,62,62,67,67,186,186,910,910,1134,1134,1023,1023,977,977,900,900,812,812,861,861,864,864,851,851,886,886,939,939,854,854,524,524,336,336,227,227,165,165,84,84,,,,,,,,,,,,,,,,,,,,,,,,,,,,,,,,,,,,,,,,,,,,,,,,
4593,1200,4710,4689,4602,1,0,0,0,0,0,0,0,0,0,0,0,0,0,0,3,3,4,4,4,4,3,3,3,3,3,3,3,3,3,3,3,3,3,3,3,3,3,3,1,1,1,1,1,1,0,0,0,0,,,,,,,,,,,,,,,,,,,,,,,,,,,,,,,,,,,,,,,,,,,,,,,,
4594,4000,4751,,4677;4627,2,67,67,70,70,49,49,53,53,62,62,67,67,186,186,910,910,1134,1134,1023,1023,977,977,900,900,812,812,861,861,864,864,851,851,886,886,939,939,854,854,524,524,336,336,227,227,165,165,84,84,,,,,,,,,,,,,,,,,,,,,,,,,,,,,,,,,,,,,,,,,,,,,,,,
4595,4400,4706,4685,,0,67,67,70,70,49,49,53,53,62,62,67,67,186,186,910,910,1134,1134,1023,1023,977,977,900,900,812,812,861,861,864,864,851,851,886,886,939,939,854,854,524,524,336,336,227,227,165,165,84,84,,,,,,,,,,,,,,,,,,,,,,,,,,,,,,,,,,,,,,,,,,,,,,,,
4596,1200,4789,4674,,0,0,0,0,0,0,0,0,0,0,0,0,0,0,0,1,1,1,1,1,1,1,1,1,1,1,1,1,1,1,1,1,1,1,1,1,1,1,1,0,0,0,0,0,0,0,0,0,0,,,,,,,,,,,,,,,,,,,,,,,,,,,,,,,,,,,,,,,,,,,,,,,,
4597,800,,4562,,0,53,53,55,55,38,38,42,42,48,48,53,53,146,146,715,715,891,891,804,804,768,768,707,707,638,638,676,676,679,679,669,669,696,696,738,738,671,671,411,411,264,264,178,178,130,130,66,66,,,,,,,,,,,,,,,,,,,,,,,,,,,,,,,,,,,,,,,,,,,,,,,,
4598,2500,4784,4702,,0,67,67,70,70,49,49,53,53,62,62,67,67,186,186,910,910,1134,1134,1023,1023,977,977,900,900,812,812,861,861,864,864,851,851,886,886,939,939,854,854,524,524,336,336,227,227,165,165,84,84,,,,,,,,,,,,,,,,,,,,,,,,,,,,,,,,,,,,,,,,,,,,,,,,
4599,2000,4640,4661,4762,1,67,67,70,70,49,49,53,53,62,62,67,67,186,186,910,910,1134,1134,1023,1023,977,977,900,900,812,812,861,861,864,864,851,851,886,886,939,939,854,854,524,524,336,336,227,227,165,165,84,84,,,,,,,,,,,,,,,,,,,,,,,,,,,,,,,,,,,,,,,,,,,,,,,,
46,4400,16,57,,0,50,50,52,52,37,37,40,40,46,46,50,50,140,140,967,967,1151,1151,1088,1088,1047,1047,967,967,880,880,932,932,911,911,933,933,958,958,1007,1007,913,913,393,393,252,252,170,170,124,124,63,63,,,,,,,,,,,,,,,,,,,,,,,,,,,,,,,,,,,,,,,,,,,,,,,,
460,1200,459,141,137,1,0,0,0,0,0,0,0,0,0,0,0,0,0,0,3,3,3,3,3,3,3,3,3,3,3,3,3,3,3,3,3,3,3,3,3,3,3,3,1,1,0,0,0,0,0,0,0,0,,,,,,,,,,,,,,,,,,,,,,,,,,,,,,,,,,,,,,,,,,,,,,,,
4600,2500,4553,,,0,67,67,70,70,49,49,53,53,62,62,67,67,186,186,910,910,1134,1134,1023,1023,977,977,900,900,812,812,861,861,864,864,851,851,886,886,939,939,854,854,524,524,336,336,227,227,165,165,84,84,,,,,,,,,,,,,,,,,,,,,,,,,,,,,,,,,,,,,,,,,,,,,,,,
4601,4400,4748,4563,,0,67,67,70,70,49,49,53,53,62,62,67,67,186,186,910,910,1134,1134,1023,1023,977,977,900,900,812,812,861,861,864,864,851,851,886,886,939,939,854,854,524,524,336,336,227,227,165,165,84,84,,,,,,,,,,,,,,,,,,,,,,,,,,,,,,,,,,,,,,,,,,,,,,,,
4602,2000,4593,4638,,0,67,67,70,70,49,49,53,53,62,62,67,67,186,186,910,910,1134,1134,1023,1023,977,977,900,900,812,812,861,861,864,864,851,851,886,886,939,939,854,854,524,524,336,336,227,227,165,165,84,84,,,,,,,,,,,,,,,,,,,,,,,,,,,,,,,,,,,,,,,,,,,,,,,,
4603,300,4665,,,0,0,0,0,0,0,0,0,0,0,0,0,0,0,0,3,3,3,3,3,3,3,3,3,3,3,3,3,3,3,3,3,3,3,3,3,3,3,3,1,1,1,1,1,1,0,0,0,0,,,,,,,,,,,,,,,,,,,,,,,,,,,,,,,,,,,,,,,,,,,,,,,,
4604,2500,4693,4554,,0,67,67,70,70,49,49,53,53,62,62,67,67,186,186,910,910,1134,1134,1023,1023,977,977,900,900,812,812,861,861,864,864,851,851,886,886,939,939,854,854,524,524,336,336,227,227,165,165,84,84,,,,,,,,,,,,,,,,,,,,,,,,,,,,,,,,,,,,,,,,,,,,,,,,
4605,2000,4795,4694,,0,67,67,70,70,49,49,53,53,62,62,67,67,186,186,910,910,1134,1134,1023,1023,977,977,900,900,812,812,861,861,864,864,851,851,886,886,939,939,854,854,524,524,336,336,227,227,165,165,84,84,,,,,,,,,,,,,,,,,,,,,,,,,,,,,,,,,,,,,,,,,,,,,,,,
4606,1200,4770,4578,4419,1,0,0,0,0,0,0,0,0,0,0,0,0,1,1,6,6,7,7,6,6,6,6,6,6,5,5,5,5,6,6,5,5,6,6,6,6,6,6,3,3,2,2,1,1,1,1,0,0,,,,,,,,,,,,,,,,,,,,,,,,,,,,,,,,,,,,,,,,,,,,,,,,
4607,1600,4790,4567,,0,0,0,0,0,0,0,0,0,0,0,0,0,0,0,2,2,3,3,2,2,2,2,2,2,2,2,2,2,2,2,2,2,2,2,2,2,2,2,1,1,1,1,1,1,0,0,0,0,,,,,,,,,,,,,,,,,,,,,,,,,,,,,,,,,,,,,,,,,,,,,,,,
4608,2500,4766,,,0,67,67,70,70,49,49,53,53,62,62,67,67,186,186,910,910,1134,1134,1023,1023,977,977,900,900,812,812,861,861,864,864,851,851,886,886,939,939,854,854,524,524,336,336,227,227,165,165,84,84,,,,,,,,,,,,,,,,,,,,,,,,,,,,,,,,,,,,,,,,,,,,,,,,
4609,4400,4748,4687,,0,67,67,70,70,49,49,53,53,62,62,67,67,186,186,910,910,1134,1134,1023,1023,977,977,900,900,812,812,861,861,864,864,851,851,886,886,939,939,854,854,524,524,336,336,227,227,165,165,84,84,,,,,,,,,,,,,,,,,,,,,,,,,,,,,,,,,,,,,,,,,,,,,,,,
461,2000,462,171,,0,27,27,28,28,20,20,21,21,25,25,27,27,74,74,1049,1049,1182,1182,1170,1170,1126,1126,1056,1056,970,970,1022,1022,982,982,1052,1052,1066,1066,1112,1112,1010,1010,210,210,134,134,91,91,66,66,34,34,,,,,,,,,,,,,,,,,,,,,,,,,,,,,,,,,,,,,,,,,,,,,,,,
4610,1600,4550,4633,4617,1,0,0,0,0,0,0,0,0,0,0,0,0,1,1,5,5,6,6,5,5,5,5,5,5,4,4,4,4,5,5,4,4,5,5,5,5,5,5,3,3,2,2,1,1,1,1,0,0,,,,,,,,,,,,,,,,,,,,,,,,,,,,,,,,,,,,,,,,,,,,,,,,
4611,800,4581,4570,4717,1,0,0,0,0,0,0,0,0,0,0,0,0,1,1,3,3,4,4,4,4,3,3,3,3,3,3,3,3,3,3,3,3,3,3,3,3,3,3,2,2,1,1,1,1,1,1,0,0,,,,,,,,,,,,,,,,,,,,,,,,,,,,,,,,,,,,,,,,,,,,,,,,
4612,1500,4553,4638,,0,67,67,70,70,49,49,53,53,62,62,67,67,186,186,910,910,1134,1134,1023,1023,977,977,900,900,812,812,861,861,864,864,851,851,886,886,939,939,854,854,524,524,336,336,227,227,165,165,84,84,,,,,,,,,,,,,,,,,,,,,,,,,,,,,,,,,,,,,,,,,,,,,,,,
4613,2500,4778,4754,,0,67,67,70,70,49,49,53,53,62,62,67,67,186,186,910,910,1134,1134,1023,1023,977,977,900,900,812,812,861,861,864,864,851,851,886,886,939,939,854,854,524,524,336,336,227,227,165,165,84,84,,,,,,,,,,,,,,,,,,,,,,,,,,,,,,,,,,,,,,,,,,,,,,,,
4614,2000,4754,4718,,0,67,67,70,70,49,49,53,53,62,62,67,67,186,186,910,910,1134,1134,1023,1023,977,977,900,900,812,812,861,861,864,864,851,851,886,886,939,939,854,854,524,524,336,336,227,227,165,165,84,84,,,,,,,,,,,,,,,,,,,,,,,,,,,,,,,,,,,,,,,,,,,,,,,,
4615,1200,4566,4684,,0,0,0,0,0,0,0,0,0,0,0,0,0,0,0,2,2,3,3,2,2,2,2,2,2,2,2,2,2,2,2,2,2,2,2,2,2,2,2,1,1,1,1,1,1,0,0,0,0,,,,,,,,,,,,,,,,,,,,,,,,,,,,,,,,,,,,,,,,,,,,,,,,
4616,4400,,4756,,0,34,34,35,35,24,24,26,26,31,31,34,34,93,93,1024,1024,1168,1168,1154,1154,1117,1117,1034,1034,948,948,1003,1003,958,958,1015,1015,1030,1030,1075,1075,972,972,262,262,168,168,114,114,82,82,42,42,,,,,,,,,,,,,,,,,,,,,,,,,,,,,,,,,,,,,,,,,,,,,,,,
4617,1200,4610,4764,4801,1,0,0,0,0,0,0,0,0,0,0,0,0,1,1,5,5,6,6,6,6,5,5,5,5,5,5,5,5,5,5,5,5,5,5,5,5,5,5,3,3,2,2,1,1,1,1,0,0,,,,,,,,,,,,,,,,,,,,,,,,,,,,,,,,,,,,,,,,,,,,,,,,
4618,800,,4707,,0,0,0,0,0,0,0,0,0,0,0,0,0,0,0,1,1,1,1,1,1,1,1,1,1,1,1,1,1,1,1,1,1,1,1,1,1,1,1,1,1,0,0,0,0,0,0,0,0,,,,,,,,,,,,,,,,,,,,,,,,,,,,,,,,,,,,,,,,,,,,,,,,
4619,1600,4767,4794,,0,0,0,0,0,0,0,0,0,0,0,0,0,0,0,2,2,3,3,2,2,2,2,2,2,2,2,2,2,2,2,2,2,2,2,2,2,2,2,1,1,1,1,0,0,0,0,0,0,,,,,,,,,,,,,,,,,,,,,,,,,,,,,,,,,,,,,,,,,,,,,,,,
462,1500,463,461,139,1,27,27,28,28,20,20,21,21,25,25,27,27,74,74,1049,1049,1182,1182,1170,1170,1126,1126,1056,1056,970,970,1022,1022,982,982,1052,1052,1066,1066,1112,1112,1010,1010,210,210,134,134,91,91,66,66,34,34,,,,,,,,,,,,,,,,,,,,,,,,,,,,,,,,,,,,,,,,,,,,,,,,
4620,300,4668,,,0,0,0,0,0,0,0,0,0,0,0,0,0,1,1,5,5,6,6,6,6,5,5,5,5,5,5,5,5,5,5,5,5,5,5,5,5,5,5,3,3,2,2,1,1,1,1,0,0,,,,,,,,,,,,,,,,,,,,,,,,,,,,,,,,,,,,,,,,,,,,,,,,
4621,1200,4673,4712,,0,1,1,1,1,0,0,0,0,0,0,1,1,1,1,11,11,13,13,12,12,12,12,11,11,10,10,10,10,11,11,11,11,11,11,12,12,11,11,5,5,3,3,2,2,1,1,1,1,,,,,,,,,,,,,,,,,,,,,,,,,,,,,,,,,,,,,,,,,,,,,,,,
4622,1100,4589,4625,4415,1,67,67,70,70,49,49,53,53,62,62,67,67,186,186,910,910,1134,1134,1023,1023,977,977,900,900,812,812,861,861,864,864,851,851,886,886,939,939,854,854,524,524,336,336,227,227,165,165,84,84,,,,,,,,,,,,,,,,,,,,,,,,,,,,,,,,,,,,,,,,,,,,,,,,
4623,4400,11849,4592,,0,45,45,47,47,33,33,35,35,41,41,45,45,124,124,986,986,1156,1156,1110,1110,1070,1070,989,989,903,903,956,956,926,926,960,960,982,982,1030,1030,933,933,349,349,224,224,151,151,110,110,56,56,,,,,,,,,,,,,,,,,,,,,,,,,,,,,,,,,,,,,,,,,,,,,,,,
4624,1600,4689,4663,4801,1,1,1,1,1,0,0,0,0,0,0,1,1,1,1,7,7,9,9,8,8,8,8,7,7,7,7,7,7,7,7,7,7,7,7,8,8,7,7,4,4,3,3,2,2,1,1,1,1,,,,,,,,,,,,,,,,,,,,,,,,,,,,,,,,,,,,,,,,,,,,,,,,
4625,4400,4786,4622,,0,67,67,70,70,49,49,53,53,62,62,67,67,186,186,910,910,1134,1134,1023,1023,977,977,900,900,812,812,861,861,864,864,851,851,886,886,939,939,854,854,524,524,336,336,227,227,165,165,84,84,,,,,,,,,,,,,,,,,,,,,,,,,,,,,,,,,,,,,,,,,,,,,,,,
4626,1500,4656,4650,4749,1,67,67,70,70,49,49,53,53,62,62,67,67,186,186,910,910,1134,1134,1023,1023,977,977,900,900,812,812,861,861,864,864,851,851,886,886,939,939,854,854,524,524,336,336,227,227,165,165,84,84,,,,,,,,,,,,,,,,,,,,,,,,,,,,,,,,,,,,,,,,,,,,,,,,
4627,1000,4690,4594,,0,67,67,70,70,49,49,53,53,62,62,67,67,186,186,910,910,1134,1134,1023,1023,977,977,900,900,812,812,861,861,864,864,851,851,886,886,939,939,854,854,524,524,336,336,227,227,165,165,84,84,,,,,,,,,,,,,,,,,,,,,,,,,,,,,,,,,,,,,,,,,,,,,,,,
4628,800,4796,4575,,0,0,0,0,0,0,0,0,0,0,0,0,0,0,0,2,2,2,2,2,2,2,2,2,2,1,1,1,1,1,1,1,1,2,2,2,2,1,1,1,1,1,1,0,0,0,0,0,0,,,,,,,,,,,,,,,,,,,,,,,,,,,,,,,,,,,,,,,,,,,,,,,,
4629,2500,4668,4726,,0,67,67,70,70,49,49,53,53,62,62,67,67,186,186,910,910,1134,1134,1023,1023,977,977,900,900,812,812,861,861,864,864,851,851,886,886,939,939,854,854,524,524,336,336,227,227,165,165,84,84,,,,,,,,,,,,,,,,,,,,,,,,,,,,,,,,,,,,,,,,,,,,,,,,
463,2000,464,462,,0,27,27,28,28,20,20,21,21,25,25,27,27,74,74,1049,1049,1182,1182,1170,1170,1126,1126,1056,1056,970,970,1022,1022,982,982,1052,1052,1066,1066,1112,1112,1010,1010,210,210,134,134,91,91,66,66,34,34,,,,,,,,,,,,,,,,,,,,,,,,,,,,,,,,,,,,,,,,,,,,,,,,
4630,300,4791,4723,4571,1,0,0,0,0,0,0,0,0,0,0,0,0,1,1,4,4,4,4,4,4,4,4,4,4,3,3,4,4,3,3,4,4,4,4,4,4,3,3,2,2,1,1,1,1,1,1,0,0,,,,,,,,,,,,,,,,,,,,,,,,,,,,,,,,,,,,,,,,,,,,,,,,
4631,1500,4653,4799,4650,1,67,67,70,70,49,49,53,53,62,62,67,67,186,186,910,910,1134,1134,1023,1023,977,977,900,900,812,812,861,861,864,864,851,851,886,886,939,939,854,854,524,524,336,336,227,227,165,165,84,84,,,,,,,,,,,,,,,,,,,,,,,,,,,,,,,,,,,,,,,,,,,,,,,,
4632,300,,,,0,0,0,0,0,0,0,0,0,0,0,0,0,1,1,3,3,3,3,3,3,3,3,3,3,2,2,3,3,3,3,3,3,3,3,3,3,3,3,2,2,1,1,1,1,0,0,0,0,,,,,,,,,,,,,,,,,,,,,,,,,,,,,,,,,,,,,,,,,,,,,,,,
4633,2500,4610,4568,4663,1,67,67,70,70,49,49,53,53,62,62,67,67,186,186,910,910,1134,1134,1023,1023,977,977,900,900,812,812,861,861,864,864,851,851,886,886,939,939,854,854,524,524,336,336,227,227,165,165,84,84,,,,,,,,,,,,,,,,,,,,,,,,,,,,,,,,,,,,,,,,,,,,,,,,
4634,300,4635,4647,4586,1,0,0,0,0,0,0,0,0,0,0,0,0,1,1,5,5,6,6,5,5,5,5,5,5,4,4,4,4,4,4,4,4,5,5,5,5,4,4,2,2,1,1,1,1,1,1,0,0,,,,,,,,,,,,,,,,,,,,,,,,,,,,,,,,,,,,,,,,,,,,,,,,
4635,600,,4634,,0,0,0,0,0,0,0,0,0,0,0,0,0,1,1,4,4,5,5,5,5,5,5,4,4,4,4,4,4,4,4,4,4,4,4,4,4,4,4,2,2,1,1,1,1,1,1,0,0,,,,,,,,,,,,,,,,,,,,,,,,,,,,,,,,,,,,,,,,,,,,,,,,
4636,4400,4746,4726,,0,67,67,70,70,49,49,53,53,62,62,67,67,186,186,910,910,1134,1134,1023,1023,977,977,900,900,812,812,861,861,864,864,851,851,886,886,939,939,854,854,524,524,336,336,227,227,165,165,84,84,,,,,,,,,,,,,,,,,,,,,,,,,,,,,,,,,,,,,,,,,,,,,,,,
4637,2000,4567,4735,,0,67,67,70,70,49,49,53,53,62,62,67,67,186,186,910,910,1134,1134,1023,1023,977,977,900,900,812,812,861,861,864,864,851,851,886,886,939,939,854,854,524,524,336,336,227,227,165,165,84,84,,,,,,,,,,,,,,,,,,,,,,,,,,,,,,,,,,,,,,,,,,,,,,,,
4638,2000,4659,4612,4702;4602,2,67,67,70,70,49,49,53,53,62,62,67,67,186,186,910,910,1134,1134,1023,1023,977,977,900,900,812,812,861,861,864,864,851,851,886,886,939,939,854,854,524,524,336,336,227,227,165,165,84,84,,,,,,,,,,,,,,,,,,,,,,,,,,,,,,,,,,,,,,,,,,,,,,,,
4639,1200,4684,4687,,0,0,0,0,0,0,0,0,0,0,0,0,0,0,0,2,2,2,2,2,2,2,2,2,2,2,2,2,2,2,2,2,2,2,2,2,2,2,2,1,1,1,1,0,0,0,0,0,0,,,,,,,,,,,,,,,,,,,,,,,,,,,,,,,,,,,,,,,,,,,,,,,,
464,2000,463,465,459,1,27,27,28,28,20,20,21,21,25,25,27,27,74,74,1049,1049,1182,1182,1170,1170,1126,1126,1056,1056,970,970,1022,1022,982,982,1052,1052,1066,1066,1112,1112,1010,1010,210,210,134,134,91,91,66,66,34,34,,,,,,,,,,,,,,,,,,,,,,,,,,,,,,,,,,,,,,,,,,,,,,,,
4640,2500,4682,4599,,0,67,67,70,70,49,49,53,53,62,62,67,67,186,186,910,910,1134,1134,1023,1023,977,977,900,900,812,812,861,861,864,864,851,851,886,886,939,939,854,854,524,524,336,336,227,227,165,165,84,84,,,,,,,,,,,,,,,,,,,,,,,,,,,,,,,,,,,,,,,,,,,,,,,,
4641,4400,4737,,,0,34,34,35,35,24,24,26,26,31,31,34,34,93,93,1024,1024,1168,1168,1154,1154,1117,1117,1034,1034,948,948,1003,1003,958,958,1015,1015,1030,1030,1075,1075,972,972,262,262,168,168,114,114,82,82,42,42,,,,,,,,,,,,,,,,,,,,,,,,,,,,,,,,,,,,,,,,,,,,,,,,
4642,300,4788,,,0,0,0,0,0,0,0,0,0,0,0,0,0,0,0,2,2,2,2,2,2,2,2,2,2,2,2,2,2,2,2,2,2,2,2,2,2,2,2,1,1,1,1,0,0,0,0,0,0,,,,,,,,,,,,,,,,,,,,,,,,,,,,,,,,,,,,,,,,,,,,,,,,
4643,800,4705,,4771,1,0,0,0,0,0,0,0,0,0,0,0,0,1,1,3,3,4,4,4,4,4,4,3,3,3,3,3,3,3,3,3,3,3,3,3,3,3,3,1,1,1,1,1,1,0,0,0,0,,,,,,,,,,,,,,,,,,,,,,,,,,,,,,,,,,,,,,,,,,,,,,,,
4644,4400,4795,4755,4718,1,67,67,70,70,49,49,53,53,62,62,67,67,186,186,910,910,1134,1134,1023,1023,977,977,900,900,812,812,861,861,864,864,851,851,886,886,939,939,854,854,524,524,336,336,227,227,165,165,84,84,,,,,,,,,,,,,,,,,,,,,,,,,,,,,,,,,,,,,,,,,,,,,,,,
4645,1600,4716,4720,4557,1,0,0,0,0,0,0,0,0,0,0,0,0,0,0,1,1,1,1,1,1,1,1,1,1,1,1,1,1,1,1,1,1,1,1,1,1,1,1,0,0,0,0,0,0,0,0,0,0,,,,,,,,,,,,,,,,,,,,,,,,,,,,,,,,,,,,,,,,,,,,,,,,
4646,2000,4573,4773,,0,0,0,0,0,0,0,0,0,0,0,0,0,0,0,1138,1138,1201,1201,1284,1284,1257,1257,1168,1168,1084,1084,1145,1145,1051,1051,1179,1179,1173,1173,1211,1211,1091,1091,0,0,0,0,0,0,0,0,0,0,,,,,,,,,,,,,,,,,,,,,,,,,,,,,,,,,,,,,,,,,,,,,,,,
4647,2200,4548,4634,4757,1,34,34,35,35,24,24,26,26,31,31,34,34,93,93,1024,1024,1168,1168,1154,1154,1117,1117,1034,1034,948,948,1003,1003,958,958,1015,1015,1030,1030,1075,1075,972,972,262,262,168,168,114,114,82,82,42,42,,,,,,,,,,,,,,,,,,,,,,,,,,,,,,,,,,,,,,,,,,,,,,,,
4648,1500,4694,4553,,0,67,67,70,70,49,49,53,53,62,62,67,67,186,186,910,910,1134,1134,1023,1023,977,977,900,900,812,812,861,861,864,864,851,851,886,886,939,939,854,854,524,524,336,336,227,227,165,165,84,84,,,,,,,,,,,,,,,,,,,,,,,,,,,,,,,,,,,,,,,,,,,,,,,,
4649,1600,4763,4561,,0,1,1,1,1,0,0,0,0,0,0,1,1,1,1,7,7,9,9,8,8,8,8,7,7,7,7,7,7,7,7,7,7,7,7,8,8,7,7,4,4,3,3,2,2,1,1,1,1,,,,,,,,,,,,,,,,,,,,,,,,,,,,,,,,,,,,,,,,,,,,,,,,
465,2500,464,466,,0,27,27,28,28,20,20,21,21,25,25,27,27,74,74,1049,1049,1182,1182,1170,1170,1126,1126,1056,1056,970,970,1022,1022,982,982,1052,1052,1066,1066,1112,1112,1010,1010,210,210,134,134,91,91,66,66,34,34,,,,,,,,,,,,,,,,,,,,,,,,,,,,,,,,,,,,,,,,,,,,,,,,
4650,1500,4626,4631,,0,67,67,70,70,49,49,53,53,62,62,67,67,186,186,910,910,1134,1134,1023,1023,977,977,900,900,812,812,861,861,864,864,851,851,886,886,939,939,854,854,524,524,336,336,227,227,165,165,84,84,,,,,,,,,,,,,,,,,,,,,,,,,,,,,,,,,,,,,,,,,,,,,,,,
4651,1200,4704,4413,4711,1,0,0,0,0,0,0,0,0,0,0,0,0,0,0,2,2,2,2,2,2,2,2,2,2,1,1,1,1,2,2,2,2,2,2,2,2,2,2,1,1,0,0,0,0,0,0,0,0,,,,,,,,,,,,,,,,,,,,,,,,,,,,,,,,,,,,,,,,,,,,,,,,
4652,300,4754,,,0,0,0,0,0,0,0,0,0,0,0,0,0,1,1,5,5,6,6,5,5,5,5,5,5,4,4,4,4,5,5,4,4,5,5,5,5,5,5,3,3,2,2,1,1,1,1,0,0,,,,,,,,,,,,,,,,,,,,,,,,,,,,,,,,,,,,,,,,,,,,,,,,
4653,2500,4672,4631,,0,67,67,70,70,49,49,53,53,62,62,67,67,186,186,910,910,1134,1134,1023,1023,977,977,900,900,812,812,861,861,864,864,851,851,886,886,939,939,854,854,524,524,336,336,227,227,165,165,84,84,,,,,,,,,,,,,,,,,,,,,,,,,,,,,,,,,,,,,,,,,,,,,,,,
4654,300,4697,4703,4559,1,0,0,0,0,0,0,0,0,0,0,0,0,0,0,1,1,1,1,1,1,1,1,1,1,1,1,1,1,1,1,1,1,1,1,1,1,1,1,0,0,0,0,0,0,0,0,0,0,,,,,,,,,,,,,,,,,,,,,,,,,,,,,,,,,,,,,,,,,,,,,,,,
4655,4400,4792,4572,,0,34,34,35,35,24,24,26,26,31,31,34,34,93,93,1024,1024,1168,1168,1154,1154,1117,1117,1034,1034,948,948,1003,1003,958,958,1015,1015,1030,1030,1075,1075,972,972,262,262,168,168,114,114,82,82,42,42,,,,,,,,,,,,,,,,,,,,,,,,,,,,,,,,,,,,,,,,,,,,,,,,
4656,2500,4626,4793,,0,67,67,70,70,49,49,53,53,62,62,67,67,186,186,910,910,1134,1134,1023,1023,977,977,900,900,812,812,861,861,864,864,851,851,886,886,939,939,854,854,524,524,336,336,227,227,165,165,84,84,,,,,,,,,,,,,,,,,,,,,,,,,,,,,,,,,,,,,,,,,,,,,,,,
4657,2000,4693,4566,,0,67,67,70,70,49,49,53,53,62,62,67,67,186,186,910,910,1134,1134,1023,1023,977,977,900,900,812,812,861,861,864,864,851,851,886,886,939,939,854,854,524,524,336,336,227,227,165,165,84,84,,,,,,,,,,,,,,,,,,,,,,,,,,,,,,,,,,,,,,,,,,,,,,,,
4658,1600,4566,4707,,0,0,0,0,0,0,0,0,0,0,0,0,0,0,0,1,1,1,1,1,1,1,1,1,1,1,1,1,1,1,1,1,1,1,1,1,1,1,1,1,1,0,0,0,0,0,0,0,0,,,,,,,,,,,,,,,,,,,,,,,,,,,,,,,,,,,,,,,,,,,,,,,,
4659,2500,4752,4638,,0,67,67,70,70,49,49,53,53,62,62,67,67,186,186,910,910,1134,1134,1023,1023,977,977,900,900,812,812,861,861,864,864,851,851,886,886,939,939,854,854,524,524,336,336,227,227,165,165,84,84,,,,,,,,,,,,,,,,,,,,,,,,,,,,,,,,,,,,,,,,,,,,,,,,
466,2000,10179,465,9735,1,27,27,28,28,20,20,21,21,25,25,27,27,74,74,1049,1049,1182,1182,1170,1170,1126,1126,1056,1056,970,970,1022,1022,982,982,1052,1052,1066,1066,1112,1112,1010,1010,210,210,134,134,91,91,66,66,34,34,,,,,,,,,,,,,,,,,,,,,,,,,,,,,,,,,,,,,,,,,,,,,,,,
4660,1600,4561,,,0,17,17,18,18,12,12,13,13,16,16,17,17,46,46,512,512,584,584,577,577,558,558,517,517,474,474,502,502,479,479,508,508,515,515,538,538,486,486,131,131,84,84,57,57,41,41,21,21,,,,,,,,,,,,,,,,,,,,,,,,,,,,,,,,,,,,,,,,,,,,,,,,
4661,2500,4599,4694,,0,67,67,70,70,49,49,53,53,62,62,67,67,186,186,910,910,1134,1134,1023,1023,977,977,900,900,812,812,861,861,864,864,851,851,886,886,939,939,854,854,524,524,336,336,227,227,165,165,84,84,,,,,,,,,,,,,,,,,,,,,,,,,,,,,,,,,,,,,,,,,,,,,,,,
4662,400,4758,4767,,0,0,0,0,0,0,0,0,0,0,0,0,0,0,0,1,1,2,2,1,1,1,1,1,1,1,1,1,1,1,1,1,1,1,1,1,1,1,1,1,1,0,0,0,0,0,0,0,0,,,,,,,,,,,,,,,,,,,,,,,,,,,,,,,,,,,,,,,,,,,,,,,,
4663,1600,4624,4633,,0,0,0,0,0,0,0,0,0,0,0,0,0,1,1,5,5,6,6,6,6,6,6,5,5,5,5,5,5,5,5,5,5,5,5,5,5,5,5,3,3,2,2,1,1,1,1,0,0,,,,,,,,,,,,,,,,,,,,,,,,,,,,,,,,,,,,,,,,,,,,,,,,
4664,1200,4780,4692,4743,1,0,0,0,0,0,0,0,0,0,0,0,0,1,1,3,3,4,4,4,4,4,4,3,3,3,3,3,3,3,3,3,3,3,3,4,4,3,3,2,2,1,1,1,1,0,0,0,0,,,,,,,,,,,,,,,,,,,,,,,,,,,,,,,,,,,,,,,,,,,,,,,,
4665,800,4696,4603,4669,1,53,53,55,55,38,38,42,42,48,48,53,53,146,146,715,715,891,891,804,804,768,768,707,707,638,638,676,676,679,679,669,669,696,696,738,738,671,671,411,411,264,264,178,178,130,130,66,66,,,,,,,,,,,,,,,,,,,,,,,,,,,,,,,,,,,,,,,,,,,,,,,,
4666,2750,4592,4748,,0,67,67,70,70,49,49,53,53,62,62,67,67,186,186,910,910,1134,1134,1023,1023,977,977,900,900,812,812,861,861,864,864,851,851,886,886,939,939,854,854,524,524,336,336,227,227,165,165,84,84,,,,,,,,,,,,,,,,,,,,,,,,,,,,,,,,,,,,,,,,,,,,,,,,
4667,800,4745,4796,,0,0,0,0,0,0,0,0,0,0,0,0,0,1,1,5,5,6,6,5,5,5,5,5,5,4,4,4,4,5,5,4,4,5,5,5,5,5,5,3,3,2,2,1,1,1,1,0,0,,,,,,,,,,,,,,,,,,,,,,,,,,,,,,,,,,,,,,,,,,,,,,,,
4668,1200,4765,4629,4620;4576,2,0,0,0,0,0,0,0,0,0,0,0,0,1,1,6,6,7,7,7,7,6,6,6,6,5,5,6,6,6,6,6,6,6,6,6,6,6,6,3,3,2,2,1,1,1,1,1,1,,,,,,,,,,,,,,,,,,,,,,,,,,,,,,,,,,,,,,,,,,,,,,,,
4669,400,4665,,,0,0,0,0,0,0,0,0,0,0,0,0,0,0,0,3,3,3,3,3,3,3,3,3,3,2,2,2,2,2,2,2,2,2,2,3,3,2,2,1,1,1,1,0,0,0,0,0,0,,,,,,,,,,,,,,,,,,,,,,,,,,,,,,,,,,,,,,,,,,,,,,,,
467,3000,125,468,,0,27,27,28,28,20,20,21,21,25,25,27,27,74,74,1049,1049,1182,1182,1170,1170,1126,1126,1056,1056,970,970,1022,1022,982,982,1052,1052,1066,1066,1112,1112,1010,1010,210,210,134,134,91,91,66,66,34,34,,,,,,,,,,,,,,,,,,,,,,,,,,,,,,,,,,,,,,,,,,,,,,,,
4670,2500,4744,,,0,67,67,70,70,49,49,53,53,62,62,67,67,186,186,910,910,1134,1134,1023,1023,977,977,900,900,812,812,861,861,864,864,851,851,886,886,939,939,854,854,524,524,336,336,227,227,165,165,84,84,,,,,,,,,,,,,,,,,,,,,,,,,,,,,,,,,,,,,,,,,,,,,,,,
4671,3500,4684,4713,,0,67,67,70,70,49,49,53,53,62,62,67,67,186,186,910,910,1134,1134,1023,1023,977,977,900,900,812,812,861,861,864,864,851,851,886,886,939,939,854,854,524,524,336,336,227,227,165,165,84,84,,,,,,,,,,,,,,,,,,,,,,,,,,,,,,,,,,,,,,,,,,,,,,,,
4672,800,4653,4581,4543,1,0,0,0,0,0,0,0,0,0,0,0,0,1,1,5,5,7,7,6,6,6,6,5,5,5,5,5,5,5,5,5,5,5,5,6,6,5,5,3,3,2,2,1,1,1,1,0,0,,,,,,,,,,,,,,,,,,,,,,,,,,,,,,,,,,,,,,,,,,,,,,,,
4673,1650,4588,,4414;4621,2,47,47,47,47,33,33,35,35,41,41,45,45,128,128,1131,1131,1278,1278,1185,1185,1160,1160,1073,1073,1030,1030,990,990,1078,1078,1095,1095,1097,1097,1179,1179,1139,1139,454,454,279,279,179,179,131,131,73,73,,,,,,,,,,,,,,,,,,,,,,,,,,,,,,,,,,,,,,,,,,,,,,,,
4674,1600,4596,,4785,1,0,0,0,0,0,0,0,0,0,0,0,0,0,0,2,2,2,2,2,2,2,2,2,2,2,2,2,2,2,2,2,2,2,2,2,2,2,2,1,1,0,0,0,0,0,0,0,0,,,,,,,,,,,,,,,,,,,,,,,,,,,,,,,,,,,,,,,,,,,,,,,,
4675,1600,,4796,,0,0,0,0,0,0,0,0,0,0,0,0,0,0,0,1,1,2,2,2,2,2,2,1,1,1,1,1,1,1,1,1,1,1,1,1,1,1,1,1,1,1,1,0,0,0,0,0,0,,,,,,,,,,,,,,,,,,,,,,,,,,,,,,,,,,,,,,,,,,,,,,,,
4676,800,4706,4778,,0,0,0,0,0,0,0,0,0,0,0,0,0,1,1,5,5,7,7,6,6,6,6,5,5,5,5,5,5,5,5,5,5,5,5,6,6,5,5,3,3,2,2,1,1,1,1,0,0,,,,,,,,,,,,,,,,,,,,,,,,,,,,,,,,,,,,,,,,,,,,,,,,
4677,3500,,4594,,0,67,67,70,70,49,49,53,53,62,62,67,67,186,186,910,910,1134,1134,1023,1023,977,977,900,900,812,812,861,861,864,864,851,851,886,886,939,939,854,854,524,524,336,336,227,227,165,165,84,84,,,,,,,,,,,,,,,,,,,,,,,,,,,,,,,,,,,,,,,,,,,,,,,,
4678,800,,4738,,0,0,0,0,0,0,0,0,0,0,0,0,0,1,1,3,3,4,4,4,4,3,3,3,3,3,3,3,3,3,3,3,3,3,3,3,3,3,3,1,1,1,1,1,1,0,0,0,0,,,,,,,,,,,,,,,,,,,,,,,,,,,,,,,,,,,,,,,,,,,,,,,,
4679,2000,4752,4784,,0,34,34,35,35,24,24,26,26,31,31,34,34,93,93,1024,1024,1168,1168,1154,1154,1117,1117,1034,1034,948,948,1003,1003,958,958,1015,1015,1030,1030,1075,1075,972,972,262,262,168,168,114,114,82,82,42,42,,,,,,,,,,,,,,,,,,,,,,,,,,,,,,,,,,,,,,,,,,,,,,,,
468,1200,473,469,467,1,0,0,0,0,0,0,0,0,0,0,0,0,0,0,6,6,7,7,7,7,6,6,6,6,5,5,6,6,6,6,6,6,6,6,6,6,6,6,1,1,1,1,1,1,0,0,0,0,,,,,,,,,,,,,,,,,,,,,,,,,,,,,,,,,,,,,,,,,,,,,,,,
4680,600,4776,4547,4552,1,0,0,0,0,0,0,0,0,0,0,0,0,0,0,1,1,2,2,2,2,2,2,1,1,1,1,1,1,1,1,1,1,1,1,2,2,1,1,1,1,0,0,0,0,0,0,0,0,,,,,,,,,,,,,,,,,,,,,,,,,,,,,,,,,,,,,,,,,,,,,,,,
4681,400,4705,4547,4734,1,0,0,0,0,0,0,0,0,0,0,0,0,0,0,1,1,1,1,1,1,1,1,1,1,1,1,1,1,1,1,1,1,1,1,1,1,1,1,0,0,0,0,0,0,0,0,0,0,,,,,,,,,,,,,,,,,,,,,,,,,,,,,,,,,,,,,,,,,,,,,,,,
4682,3500,4640,4787,4769,1,67,67,70,70,49,49,53,53,62,62,67,67,186,186,910,910,1134,1134,1023,1023,977,977,900,900,812,812,861,861,864,864,851,851,886,886,939,939,854,854,524,524,336,336,227,227,165,165,84,84,,,,,,,,,,,,,,,,,,,,,,,,,,,,,,,,,,,,,,,,,,,,,,,,
4683,800,4707,4687,,0,0,0,0,0,0,0,0,0,0,0,0,0,0,0,1,1,1,1,1,1,1,1,1,1,1,1,1,1,1,1,1,1,1,1,1,1,1,1,1,1,0,0,0,0,0,0,0,0,,,,,,,,,,,,,,,,,,,,,,,,,,,,,,,,,,,,,,,,,,,,,,,,
4684,1200,4671,4615,4639,1,0,0,0,0,0,0,0,0,0,0,0,0,0,0,2,2,3,3,2,2,2,2,2,2,2,2,2,2,2,2,2,2,2,2,2,2,2,2,1,1,1,1,0,0,0,0,0,0,,,,,,,,,,,,,,,,,,,,,,,,,,,,,,,,,,,,,,,,,,,,,,,,
4685,1200,4595,4768,4775,1,0,0,0,0,0,0,0,0,0,0,0,0,1,1,4,4,5,5,5,5,4,4,4,4,4,4,4,4,4,4,4,4,4,4,4,4,4,4,2,2,1,1,1,1,1,1,0,0,,,,,,,,,,,,,,,,,,,,,,,,,,,,,,,,,,,,,,,,,,,,,,,,
4686,2500,4773,4752,,0,34,34,35,35,24,24,26,26,31,31,34,34,93,93,1024,1024,1168,1168,1154,1154,1117,1117,1034,1034,948,948,1003,1003,958,958,1015,1015,1030,1030,1075,1075,972,972,262,262,168,168,114,114,82,82,42,42,,,,,,,,,,,,,,,,,,,,,,,,,,,,,,,,,,,,,,,,,,,,,,,,
4687,1200,4683,4609,4639,1,0,0,0,0,0,0,0,0,0,0,0,0,0,0,2,2,3,3,2,2,2,2,2,2,2,2,2,2,2,2,2,2,2,2,2,2,2,2,1,1,1,1,1,1,0,0,0,0,,,,,,,,,,,,,,,,,,,,,,,,,,,,,,,,,,,,,,,,,,,,,,,,
4688,1600,4753,4578,4545,1,0,0,0,0,0,0,0,0,0,0,0,0,1,1,5,5,6,6,5,5,5,5,5,5,5,5,4,4,5,5,5,5,5,5,5,5,5,5,2,2,2,2,1,1,1,1,0,0,,,,,,,,,,,,,,,,,,,,,,,,,,,,,,,,,,,,,,,,,,,,,,,,
4689,1600,4624,4593,,0,0,0,0,0,0,0,0,0,0,0,0,0,0,0,3,3,3,3,3,3,3,3,3,3,2,2,3,3,3,3,3,3,3,3,3,3,3,3,1,1,1,1,1,1,0,0,0,0,,,,,,,,,,,,,,,,,,,,,,,,,,,,,,,,,,,,,,,,,,,,,,,,
469,2500,470,468,,0,27,27,28,28,20,20,21,21,25,25,27,27,74,74,1049,1049,1182,1182,1170,1170,1126,1126,1056,1056,970,970,1022,1022,982,982,1052,1052,1066,1066,1112,1112,1010,1010,210,210,134,134,91,91,66,66,34,34,,,,,,,,,,,,,,,,,,,,,,,,,,,,,,,,,,,,,,,,,,,,,,,,
4690,2000,4751,4554,4627,1,67,67,70,70,49,49,53,53,62,62,67,67,186,186,910,910,1134,1134,1023,1023,977,977,900,900,812,812,861,861,864,864,851,851,886,886,939,939,854,854,524,524,336,336,227,227,165,165,84,84,,,,,,,,,,,,,,,,,,,,,,,,,,,,,,,,,,,,,,,,,,,,,,,,
4691,2500,4732,4694,,0,67,67,70,70,49,49,53,53,62,62,67,67,186,186,910,910,1134,1134,1023,1023,977,977,900,900,812,812,861,861,864,864,851,851,886,886,939,939,854,854,524,524,336,336,227,227,165,165,84,84,,,,,,,,,,,,,,,,,,,,,,,,,,,,,,,,,,,,,,,,,,,,,,,,
4692,1200,4756,4664,,0,0,0,0,0,0,0,0,0,0,0,0,0,1,1,4,4,4,4,4,4,4,4,4,4,3,3,3,3,3,3,3,3,3,3,4,4,3,3,2,2,1,1,1,1,0,0,0,0,,,,,,,,,,,,,,,,,,,,,,,,,,,,,,,,,,,,,,,,,,,,,,,,
4693,2500,4657,4766,4604;4591,2,67,67,70,70,49,49,53,53,62,62,67,67,186,186,910,910,1134,1134,1023,1023,977,977,900,900,812,812,861,861,864,864,851,851,886,886,939,939,854,854,524,524,336,336,227,227,165,165,84,84,,,,,,,,,,,,,,,,,,,,,,,,,,,,,,,,,,,,,,,,,,,,,,,,
4694,2500,4691,4661,4648;4605,2,67,67,70,70,49,49,53,53,62,62,67,67,186,186,910,910,1134,1134,1023,1023,977,977,900,900,812,812,861,861,864,864,851,851,886,886,939,939,854,854,524,524,336,336,227,227,165,165,84,84,,,,,,,,,,,,,,,,,,,,,,,,,,,,,,,,,,,,,,,,,,,,,,,,
4695,300,4575,4585,,0,0,0,0,0,0,0,0,0,0,0,0,0,0,0,2,2,3,3,3,3,2,2,2,2,2,2,2,2,2,2,2,2,2,2,2,2,2,2,1,1,1,1,1,1,0,0,0,0,,,,,,,,,,,,,,,,,,,,,,,,,,,,,,,,,,,,,,,,,,,,,,,,
4696,1200,4665,4797,,0,53,53,55,55,38,38,42,42,48,48,53,53,146,146,715,715,891,891,804,804,768,768,707,707,638,638,676,676,679,679,669,669,696,696,738,738,671,671,411,411,264,264,178,178,130,130,66,66,,,,,,,,,,,,,,,,,,,,,,,,,,,,,,,,,,,,,,,,,,,,,,,,
4697,600,4767,4654,,0,0,0,0,0,0,0,0,0,0,0,0,0,0,0,1,1,1,1,1,1,1,1,1,1,1,1,1,1,1,1,1,1,1,1,1,1,1,1,0,0,0,0,0,0,0,0,0,0,,,,,,,,,,,,,,,,,,,,,,,,,,,,,,,,,,,,,,,,,,,,,,,,
4698,2500,4713,4793,,0,67,67,70,70,49,49,53,53,62,62,67,67,186,186,910,910,1134,1134,1023,1023,977,977,900,900,812,812,861,861,864,864,851,851,886,886,939,939,854,854,524,524,336,336,227,227,165,165,84,84,,,,,,,,,,,,,,,,,,,,,,,,,,,,,,,,,,,,,,,,,,,,,,,,
4699,3500,4587,4592,,0,67,67,70,70,49,49,53,53,62,62,67,67,186,186,910,910,1134,1134,1023,1023,977,977,900,900,812,812,861,861,864,864,851,851,886,886,939,939,854,854,524,524,336,336,227,227,165,165,84,84,,,,,,,,,,,,,,,,,,,,,,,,,,,,,,,,,,,,,,,,,,,,,,,,
47,3500,39,53,370;83,2,0,0,0,0,0,0,0,0,0,0,0,0,0,0,1138,1138,1201,1201,1284,1284,1257,1257,1168,1168,1084,1084,1145,1145,1051,1051,1179,1179,1173,1173,1211,1211,1091,1091,0,0,0,0,0,0,0,0,0,0,,,,,,,,,,,,,,,,,,,,,,,,,,,,,,,,,,,,,,,,,,,,,,,,
470,3000,471,475,469,1,27,27,28,28,20,20,21,21,25,25,27,27,74,74,1049,1049,1182,1182,1170,1170,1126,1126,1056,1056,970,970,1022,1022,982,982,1052,1052,1066,1066,1112,1112,1010,1010,210,210,134,134,91,91,66,66,34,34,,,,,,,,,,,,,,,,,,,,,,,,,,,,,,,,,,,,,,,,,,,,,,,,
4700,1200,,4789,,0,0,0,0,0,0,0,0,0,0,0,0,0,0,0,894,894,944,944,1009,1009,988,988,917,917,851,851,900,900,826,826,926,926,922,922,952,952,857,857,0,0,0,0,0,0,0,0,0,0,,,,,,,,,,,,,,,,,,,,,,,,,,,,,,,,,,,,,,,,,,,,,,,,
4701,1200,,4563,,0,0,0,0,0,0,0,0,0,0,0,0,0,1,1,4,4,5,5,5,5,4,4,4,4,4,4,4,4,4,4,4,4,4,4,4,4,4,4,2,2,1,1,1,1,1,1,0,0,,,,,,,,,,,,,,,,,,,,,,,,,,,,,,,,,,,,,,,,,,,,,,,,
4702,1600,4638,4561,4598,1,0,0,0,0,0,0,0,0,0,0,0,0,0,0,2,2,2,2,2,2,2,2,2,2,1,1,1,1,2,2,1,1,2,2,2,2,2,2,1,1,1,1,0,0,0,0,0,0,,,,,,,,,,,,,,,,,,,,,,,,,,,,,,,,,,,,,,,,,,,,,,,,
4703,800,4654,4800,,0,0,0,0,0,0,0,0,0,0,0,0,0,0,0,1,1,2,2,1,1,1,1,1,1,1,1,1,1,1,1,1,1,1,1,1,1,1,1,1,1,0,0,0,0,0,0,0,0,,,,,,,,,,,,,,,,,,,,,,,,,,,,,,,,,,,,,,,,,,,,,,,,
4704,4400,,4651,4564,1,42,42,39,39,28,28,29,29,34,34,39,39,112,112,1343,1343,1424,1424,1347,1347,1375,1375,1229,1229,1247,1247,1096,1096,1282,1282,1299,1299,1257,1257,1375,1375,1394,1394,536,536,316,316,190,190,140,140,87,87,,,,,,,,,,,,,,,,,,,,,,,,,,,,,,,,,,,,,,,,,,,,,,,,
4705,800,4681,4643,,0,0,0,0,0,0,0,0,0,0,0,0,0,0,0,2,2,3,3,3,3,3,3,2,2,2,2,2,2,2,2,2,2,2,2,3,3,2,2,1,1,1,1,0,0,0,0,0,0,,,,,,,,,,,,,,,,,,,,,,,,,,,,,,,,,,,,,,,,,,,,,,,,
4706,300,,4595,4676,1,0,0,0,0,0,0,0,0,0,0,0,0,1,1,3,3,4,4,3,3,3,3,3,3,3,3,3,3,3,3,3,3,3,3,3,3,3,3,2,2,1,1,1,1,1,1,0,0,,,,,,,,,,,,,,,,,,,,,,,,,,,,,,,,,,,,,,,,,,,,,,,,
4707,800,4618,4683,4658,1,0,0,0,0,0,0,0,0,0,0,0,0,0,0,1,1,1,1,1,1,1,1,1,1,1,1,1,1,1,1,1,1,1,1,1,1,1,1,0,0,0,0,0,0,0,0,0,0,,,,,,,,,,,,,,,,,,,,,,,,,,,,,,,,,,,,,,,,,,,,,,,,
4708,2500,,4794,,0,34,34,35,35,24,24,26,26,31,31,34,34,93,93,1024,1024,1168,1168,1154,1154,1117,1117,1034,1034,948,948,1003,1003,958,958,1015,1015,1030,1030,1075,1075,972,972,262,262,168,168,114,114,82,82,42,42,,,,,,,,,,,,,,,,,,,,,,,,,,,,,,,,,,,,,,,,,,,,,,,,
4709,3000,4746,12266,,0,67,67,70,70,49,49,53,53,62,62,67,67,186,186,910,910,1134,1134,1023,1023,977,977,900,900,812,812,861,861,864,864,851,851,886,886,939,939,854,854,524,524,336,336,227,227,165,165,84,84,,,,,,,,,,,,,,,,,,,,,,,,,,,,,,,,,,,,,,,,,,,,,,,,
471,2500,470,472,,0,27,27,28,28,20,20,21,21,25,25,27,27,74,74,1049,1049,1182,1182,1170,1170,1126,1126,1056,1056,970,970,1022,1022,982,982,1052,1052,1066,1066,1112,1112,1010,1010,210,210,134,134,91,91,66,66,34,34,,,,,,,,,,,,,,,,,,,,,,,,,,,,,,,,,,,,,,,,,,,,,,,,
4710,1600,4593,4739,,0,0,0,0,0,0,0,0,0,0,0,0,0,1,1,4,4,4,4,4,4,4,4,4,4,3,3,3,3,3,3,3,3,4,4,4,4,3,3,2,2,1,1,1,1,0,0,0,0,,,,,,,,,,,,,,,,,,,,,,,,,,,,,,,,,,,,,,,,,,,,,,,,
4711,2000,4725,4651,,0,67,67,70,70,49,49,53,53,62,62,67,67,186,186,910,910,1134,1134,1023,1023,977,977,900,900,812,812,861,861,864,864,851,851,886,886,939,939,854,854,524,524,336,336,227,227,165,165,84,84,,,,,,,,,,,,,,,,,,,,,,,,,,,,,,,,,,,,,,,,,,,,,,,,
4712,300,4621,4416,,0,0,0,0,0,0,0,0,0,0,0,0,0,1,1,9,9,10,10,9,9,9,9,8,8,8,8,8,8,8,8,8,8,8,8,9,9,9,9,4,4,2,2,1,1,1,1,1,1,,,,,,,,,,,,,,,,,,,,,,,,,,,,,,,,,,,,,,,,,,,,,,,,
4713,2200,,4588,4671;4698,2,67,67,70,70,49,49,53,53,62,62,67,67,186,186,910,910,1134,1134,1023,1023,977,977,900,900,812,812,861,861,864,864,851,851,886,886,939,939,854,854,524,524,336,336,227,227,165,165,84,84,,,,,,,,,,,,,,,,,,,,,,,,,,,,,,,,,,,,,,,,,,,,,,,,
4714,1200,4575,4563,,0,0,0,0,0,0,0,0,0,0,0,0,0,0,0,2,2,3,3,3,3,3,3,2,2,2,2,2,2,2,2,2,2,2,2,2,2,2,2,1,1,1,1,1,1,0,0,0,0,,,,,,,,,,,,,,,,,,,,,,,,,,,,,,,,,,,,,,,,,,,,,,,,
4715,600,4777,,4569,1,0,0,0,0,0,0,0,0,0,0,0,0,1,1,5,5,6,6,6,6,5,5,5,5,5,5,5,5,5,5,5,5,5,5,5,5,5,5,3,3,2,2,1,1,1,1,0,0,,,,,,,,,,,,,,,,,,,,,,,,,,,,,,,,,,,,,,,,,,,,,,,,
4716,1200,4730,4645,,0,0,0,0,0,0,0,0,0,0,0,0,0,0,0,1,1,1,1,1,1,1,1,1,1,1,1,1,1,1,1,1,1,1,1,1,1,1,1,0,0,0,0,0,0,0,0,0,0,,,,,,,,,,,,,,,,,,,,,,,,,,,,,,,,,,,,,,,,,,,,,,,,
4717,800,4611,4793,,0,0,0,0,0,0,0,0,0,0,0,0,0,1,1,4,4,5,5,5,5,5,5,4,4,4,4,4,4,4,4,4,4,4,4,5,5,4,4,2,2,2,2,1,1,1,1,0,0,,,,,,,,,,,,,,,,,,,,,,,,,,,,,,,,,,,,,,,,,,,,,,,,
4718,2000,4644,4755,4614;4775,2,67,67,70,70,49,49,53,53,62,62,67,67,186,186,910,910,1134,1134,1023,1023,977,977,900,900,812,812,861,861,864,864,851,851,886,886,939,939,854,854,524,524,336,336,227,227,165,165,84,84,,,,,,,,,,,,,,,,,,,,,,,,,,,,,,,,,,,,,,,,,,,,,,,,
4719,3000,4792,4737,,0,34,34,35,35,24,24,26,26,31,31,34,34,93,93,1024,1024,1168,1168,1154,1154,1117,1117,1034,1034,948,948,1003,1003,958,958,1015,1015,1030,1030,1075,1075,972,972,262,262,168,168,114,114,82,82,42,42,,,,,,,,,,,,,,,,,,,,,,,,,,,,,,,,,,,,,,,,,,,,,,,,
472,2000,88,119,471,1,27,27,28,28,20,20,21,21,25,25,27,27,74,74,1049,1049,1182,1182,1170,1170,1126,1126,1056,1056,970,970,1022,1022,982,982,1052,1052,1066,1066,1112,1112,1010,1010,210,210,134,134,91,91,66,66,34,34,,,,,,,,,,,,,,,,,,,,,,,,,,,,,,,,,,,,,,,,,,,,,,,,
4720,1200,4645,4758,,0,0,0,0,0,0,0,0,0,0,0,0,0,0,0,1,1,1,1,1,1,1,1,1,1,1,1,1,1,1,1,1,1,1,1,1,1,1,1,0,0,0,0,0,0,0,0,0,0,,,,,,,,,,,,,,,,,,,,,,,,,,,,,,,,,,,,,,,,,,,,,,,,
4721,800,4728,4780,4779,1,0,0,0,0,0,0,0,0,0,0,0,0,0,0,3,3,3,3,3,3,3,3,3,3,2,2,3,3,3,3,3,3,3,3,3,3,3,3,1,1,1,1,1,1,0,0,0,0,,,,,,,,,,,,,,,,,,,,,,,,,,,,,,,,,,,,,,,,,,,,,,,,
4722,2000,4587,4745,,0,67,67,70,70,49,49,53,53,62,62,67,67,186,186,910,910,1134,1134,1023,1023,977,977,900,900,812,812,861,861,864,864,851,851,886,886,939,939,854,854,524,524,336,336,227,227,165,165,84,84,,,,,,,,,,,,,,,,,,,,,,,,,,,,,,,,,,,,,,,,,,,,,,,,
4723,4400,4572,4800,4630;4571,2,34,34,35,35,24,24,26,26,31,31,34,34,93,93,1024,1024,1168,1168,1154,1154,1117,1117,1034,1034,948,948,1003,1003,958,958,1015,1015,1030,1030,1075,1075,972,972,262,262,168,168,114,114,82,82,42,42,,,,,,,,,,,,,,,,,,,,,,,,,,,,,,,,,,,,,,,,,,,,,,,,
4724,800,4573,,,0,0,0,0,0,0,0,0,0,0,0,0,0,1,1,4,4,5,5,5,5,4,4,4,4,4,4,4,4,4,4,4,4,4,4,4,4,4,4,2,2,1,1,1,1,1,1,0,0,,,,,,,,,,,,,,,,,,,,,,,,,,,,,,,,,,,,,,,,,,,,,,,,
4725,300,4711,4411,4777;4569,2,0,0,0,0,0,0,0,0,0,0,0,0,1,1,5,5,7,7,6,6,6,6,5,5,5,5,5,5,5,5,5,5,5,5,6,6,5,5,2,2,2,2,1,1,1,1,0,0,,,,,,,,,,,,,,,,,,,,,,,,,,,,,,,,,,,,,,,,,,,,,,,,
4726,3000,4629,4745,4636;4761,2,67,67,70,70,49,49,53,53,62,62,67,67,186,186,910,910,1134,1134,1023,1023,977,977,900,900,812,812,861,861,864,864,851,851,886,886,939,939,854,854,524,524,336,336,227,227,165,165,84,84,,,,,,,,,,,,,,,,,,,,,,,,,,,,,,,,,,,,,,,,,,,,,,,,
4727,300,4794,4791,,0,0,0,0,0,0,0,0,0,0,0,0,0,0,0,3,3,3,3,3,3,3,3,3,3,2,2,3,3,3,3,3,3,3,3,3,3,3,3,1,1,1,1,1,1,0,0,0,0,,,,,,,,,,,,,,,,,,,,,,,,,,,,,,,,,,,,,,,,,,,,,,,,
4728,800,,4721,,0,0,0,0,0,0,0,0,0,0,0,0,0,0,0,2,2,3,3,3,3,3,3,2,2,2,2,2,2,2,2,2,2,2,2,2,2,2,2,1,1,1,1,0,0,0,0,0,0,,,,,,,,,,,,,,,,,,,,,,,,,,,,,,,,,,,,,,,,,,,,,,,,
4729,1500,4801,4583,,0,34,34,35,35,24,24,26,26,31,31,34,34,93,93,1024,1024,1168,1168,1154,1154,1117,1117,1034,1034,948,948,1003,1003,958,958,1015,1015,1030,1030,1075,1075,972,972,262,262,168,168,114,114,82,82,42,42,,,,,,,,,,,,,,,,,,,,,,,,,,,,,,,,,,,,,,,,,,,,,,,,
473,1600,474,468,,0,0,0,0,0,0,0,0,0,0,0,0,0,0,0,4,4,4,4,4,4,4,4,4,4,4,4,4,4,4,4,4,4,4,4,4,4,4,4,1,1,1,1,0,0,0,0,0,0,,,,,,,,,,,,,,,,,,,,,,,,,,,,,,,,,,,,,,,,,,,,,,,,
4730,800,,4716,,0,0,0,0,0,0,0,0,0,0,0,0,0,0,0,1,1,1,1,1,1,1,1,1,1,1,1,1,1,1,1,1,1,1,1,1,1,1,1,1,1,0,0,0,0,0,0,0,0,,,,,,,,,,,,,,,,,,,,,,,,,,,,,,,,,,,,,,,,,,,,,,,,
4731,1200,4583,4739,,0,0,0,0,0,0,0,0,0,0,0,0,0,1,1,5,5,6,6,6,6,6,6,5,5,5,5,5,5,5,5,5,5,5,5,5,5,5,5,2,2,1,1,1,1,1,1,0,0,,,,,,,,,,,,,,,,,,,,,,,,,,,,,,,,,,,,,,,,,,,,,,,,
4732,2000,4568,4755,4691;4766,2,67,67,70,70,49,49,53,53,62,62,67,67,186,186,910,910,1134,1134,1023,1023,977,977,900,900,812,812,861,861,864,864,851,851,886,886,939,939,854,854,524,524,336,336,227,227,165,165,84,84,,,,,,,,,,,,,,,,,,,,,,,,,,,,,,,,,,,,,,,,,,,,,,,,
4733,2000,4781,4778,,0,67,67,70,70,49,49,53,53,62,62,67,67,186,186,910,910,1134,1134,1023,1023,977,977,900,900,812,812,861,861,864,864,851,851,886,886,939,939,854,854,524,524,336,336,227,227,165,165,84,84,,,,,,,,,,,,,,,,,,,,,,,,,,,,,,,,,,,,,,,,,,,,,,,,
4734,800,,4681,,0,0,0,0,0,0,0,0,0,0,0,0,0,0,0,1,1,1,1,1,1,1,1,1,1,1,1,1,1,1,1,1,1,1,1,1,1,1,1,1,1,0,0,0,0,0,0,0,0,,,,,,,,,,,,,,,,,,,,,,,,,,,,,,,,,,,,,,,,,,,,,,,,
4735,2500,4637,4781,4584,1,67,67,70,70,49,49,53,53,62,62,67,67,186,186,910,910,1134,1134,1023,1023,977,977,900,900,812,812,861,861,864,864,851,851,886,886,939,939,854,854,524,524,336,336,227,227,165,165,84,84,,,,,,,,,,,,,,,,,,,,,,,,,,,,,,,,,,,,,,,,,,,,,,,,
4736,4400,4423,4759,4590;4424,2,42,42,39,39,28,28,29,29,34,34,39,39,112,112,1343,1343,1424,1424,1347,1347,1375,1375,1229,1229,1247,1247,1096,1096,1282,1282,1299,1299,1257,1257,1375,1375,1394,1394,536,536,316,316,190,190,140,140,87,87,,,,,,,,,,,,,,,,,,,,,,,,,,,,,,,,,,,,,,,,,,,,,,,,
4737,550,4641,4740,4719,1,34,34,35,35,24,24,26,26,31,31,34,34,93,93,1024,1024,1168,1168,1154,1154,1117,1117,1034,1034,948,948,1003,1003,958,958,1015,1015,1030,1030,1075,1075,972,972,262,262,168,168,114,114,82,82,42,42,,,,,,,,,,,,,,,,,,,,,,,,,,,,,,,,,,,,,,,,,,,,,,,,
4738,800,4779,4782,4678,1,0,0,0,0,0,0,0,0,0,0,0,0,0,0,3,3,3,3,3,3,3,3,3,3,3,3,3,3,3,3,3,3,3,3,3,3,3,3,1,1,1,1,1,1,0,0,0,0,,,,,,,,,,,,,,,,,,,,,,,,,,,,,,,,,,,,,,,,,,,,,,,,
4739,1600,4710,4731,4580,1,0,0,0,0,0,0,0,0,0,0,0,0,1,1,4,4,5,5,4,4,4,4,4,4,3,3,4,4,4,4,4,4,4,4,4,4,4,4,2,2,1,1,1,1,1,1,0,0,,,,,,,,,,,,,,,,,,,,,,,,,,,,,,,,,,,,,,,,,,,,,,,,
474,800,473,115,108,1,0,0,0,0,0,0,0,0,0,0,0,0,0,0,2,2,2,2,2,2,2,2,2,2,2,2,2,2,2,2,2,2,2,2,2,2,2,2,0,0,0,0,0,0,0,0,0,0,,,,,,,,,,,,,,,,,,,,,,,,,,,,,,,,,,,,,,,,,,,,,,,,
4740,300,,4737,,0,0,0,0,0,0,0,0,0,0,0,0,0,1,1,5,5,6,6,6,6,6,6,5,5,5,5,5,5,5,5,5,5,5,5,5,5,5,5,2,2,1,1,1,1,1,1,0,0,,,,,,,,,,,,,,,,,,,,,,,,,,,,,,,,,,,,,,,,,,,,,,,,
4741,300,,4788,,0,0,0,0,0,0,0,0,0,0,0,0,0,0,0,2,2,2,2,2,2,2,2,2,2,2,2,2,2,2,2,2,2,2,2,2,2,2,2,1,1,1,1,0,0,0,0,0,0,,,,,,,,,,,,,,,,,,,,,,,,,,,,,,,,,,,,,,,,,,,,,,,,
4742,1200,4548,4757,,0,0,0,0,0,0,0,0,0,0,0,0,0,1,1,4,4,5,5,5,5,5,5,4,4,4,4,4,4,4,4,4,4,4,4,4,4,4,4,2,2,1,1,1,1,1,1,0,0,,,,,,,,,,,,,,,,,,,,,,,,,,,,,,,,,,,,,,,,,,,,,,,,
4743,600,4664,,,0,0,0,0,0,0,0,0,0,0,0,0,0,1,1,4,4,5,5,5,5,5,5,4,4,4,4,4,4,4,4,4,4,4,4,4,4,4,4,2,2,1,1,1,1,1,1,0,0,,,,,,,,,,,,,,,,,,,,,,,,,,,,,,,,,,,,,,,,,,,,,,,,
4744,3000,4584,4670,4787;4798,2,67,67,70,70,49,49,53,53,62,62,67,67,186,186,910,910,1134,1134,1023,1023,977,977,900,900,812,812,861,861,864,864,851,851,886,886,939,939,854,854,524,524,336,336,227,227,165,165,84,84,,,,,,,,,,,,,,,,,,,,,,,,,,,,,,,,,,,,,,,,,,,,,,,,
4745,2000,4726,4722,4667,1,67,67,70,70,49,49,53,53,62,62,67,67,186,186,910,910,1134,1134,1023,1023,977,977,900,900,812,812,861,861,864,864,851,851,886,886,939,939,854,854,524,524,336,336,227,227,165,165,84,84,,,,,,,,,,,,,,,,,,,,,,,,,,,,,,,,,,,,,,,,,,,,,,,,
4746,2000,4709,4798,4636,1,67,67,70,70,49,49,53,53,62,62,67,67,186,186,910,910,1134,1134,1023,1023,977,977,900,900,812,812,861,861,864,864,851,851,886,886,939,939,854,854,524,524,336,336,227,227,165,165,84,84,,,,,,,,,,,,,,,,,,,,,,,,,,,,,,,,,,,,,,,,,,,,,,,,
4747,1200,,4797,,0,53,53,55,55,38,38,42,42,48,48,53,53,146,146,715,715,891,891,804,804,768,768,707,707,638,638,676,676,679,679,669,669,696,696,738,738,671,671,411,411,264,264,178,178,130,130,66,66,,,,,,,,,,,,,,,,,,,,,,,,,,,,,,,,,,,,,,,,,,,,,,,,
4748,1100,4609,4666,4601,1,67,67,70,70,49,49,53,53,62,62,67,67,186,186,910,910,1134,1134,1023,1023,977,977,900,900,812,812,861,861,864,864,851,851,886,886,939,939,854,854,524,524,336,336,227,227,165,165,84,84,,,,,,,,,,,,,,,,,,,,,,,,,,,,,,,,,,,,,,,,,,,,,,,,
4749,800,4566,4626,,0,0,0,0,0,0,0,0,0,0,0,0,0,1,1,5,5,6,6,6,6,6,6,5,5,5,5,5,5,5,5,5,5,5,5,5,5,5,5,3,3,2,2,1,1,1,1,0,0,,,,,,,,,,,,,,,,,,,,,,,,,,,,,,,,,,,,,,,,,,,,,,,,
475,2500,470,476,,0,27,27,28,28,20,20,21,21,25,25,27,27,74,74,1049,1049,1182,1182,1170,1170,1126,1126,1056,1056,970,970,1022,1022,982,982,1052,1052,1066,1066,1112,1112,1010,1010,210,210,134,134,91,91,66,66,34,34,,,,,,,,,,,,,,,,,,,,,,,,,,,,,,,,,,,,,,,,,,,,,,,,
4750,800,,4791,,0,0,0,0,0,0,0,0,0,0,0,0,0,1,1,4,4,5,5,4,4,4,4,4,4,4,4,4,4,4,4,4,4,4,4,4,4,4,4,2,2,1,1,1,1,1,1,0,0,,,,,,,,,,,,,,,,,,,,,,,,,,,,,,,,,,,,,,,,,,,,,,,,
4751,400,4594,4591,4690,1,0,0,0,0,0,0,0,0,0,0,0,0,1,1,4,4,5,5,5,5,5,5,4,4,4,4,4,4,4,4,4,4,4,4,5,5,4,4,2,2,2,2,1,1,1,1,0,0,,,,,,,,,,,,,,,,,,,,,,,,,,,,,,,,,,,,,,,,,,,,,,,,
4752,2500,4686,4679,4659,1,34,34,35,35,24,24,26,26,31,31,34,34,93,93,1024,1024,1168,1168,1154,1154,1117,1117,1034,1034,948,948,1003,1003,958,958,1015,1015,1030,1030,1075,1075,972,972,262,262,168,168,114,114,82,82,42,42,,,,,,,,,,,,,,,,,,,,,,,,,,,,,,,,,,,,,,,,,,,,,,,,
4753,1200,4688,4564,,0,0,0,0,0,0,0,0,0,0,0,0,0,1,1,7,7,8,8,7,7,7,7,7,7,6,6,6,6,7,7,7,7,7,7,7,7,7,7,3,3,2,2,1,1,1,1,1,1,,,,,,,,,,,,,,,,,,,,,,,,,,,,,,,,,,,,,,,,,,,,,,,,
4754,300,4614,4652,4613,1,0,0,0,0,0,0,0,0,0,0,0,0,1,1,7,7,8,8,7,7,7,7,6,6,6,6,6,6,6,6,6,6,6,6,7,7,6,6,4,4,2,2,2,2,1,1,1,1,,,,,,,,,,,,,,,,,,,,,,,,,,,,,,,,,,,,,,,,,,,,,,,,
4755,2500,4718,4732,4644,1,67,67,70,70,49,49,53,53,62,62,67,67,186,186,910,910,1134,1134,1023,1023,977,977,900,900,812,812,861,861,864,864,851,851,886,886,939,939,854,854,524,524,336,336,227,227,165,165,84,84,,,,,,,,,,,,,,,,,,,,,,,,,,,,,,,,,,,,,,,,,,,,,,,,
4756,1200,4776,4616,4692,1,0,0,0,0,0,0,0,0,0,0,0,0,1,1,3,3,4,4,4,4,4,4,3,3,3,3,3,3,3,3,3,3,3,3,3,3,3,3,1,1,1,1,1,1,0,0,0,0,,,,,,,,,,,,,,,,,,,,,,,,,,,,,,,,,,,,,,,,,,,,,,,,
4757,1200,4742,4647,4579,1,0,0,0,0,0,0,0,0,0,0,0,0,1,1,5,5,6,6,6,6,5,5,5,5,5,5,5,5,5,5,5,5,5,5,5,5,5,5,2,2,1,1,1,1,1,1,0,0,,,,,,,,,,,,,,,,,,,,,,,,,,,,,,,,,,,,,,,,,,,,,,,,
4758,400,4720,4662,4552,1,0,0,0,0,0,0,0,0,0,0,0,0,0,0,1,1,2,2,2,2,1,1,1,1,1,1,1,1,1,1,1,1,1,1,1,1,1,1,1,1,0,0,0,0,0,0,0,0,,,,,,,,,,,,,,,,,,,,,,,,,,,,,,,,,,,,,,,,,,,,,,,,
4759,1200,4428,,4736;4783,2,0,0,0,0,0,0,0,0,0,0,0,0,0,0,2,2,3,3,2,2,2,2,2,2,2,2,2,2,2,2,2,2,2,2,2,2,2,2,1,1,1,1,0,0,0,0,0,0,,,,,,,,,,,,,,,,,,,,,,,,,,,,,,,,,,,,,,,,,,,,,,,,
476,1200,475,103,108,1,0,0,0,0,0,0,0,0,0,0,0,0,0,0,4,4,5,5,5,5,5,5,4,4,4,4,4,4,4,4,4,4,4,4,4,4,4,4,1,1,1,1,0,0,0,0,0,0,,,,,,,,,,,,,,,,,,,,,,,,,,,,,,,,,,,,,,,,,,,,,,,,
4760,3500,4554,4786,,0,67,67,70,70,49,49,53,53,62,62,67,67,186,186,910,910,1134,1134,1023,1023,977,977,900,900,812,812,861,861,864,864,851,851,886,886,939,939,854,854,524,524,336,336,227,227,165,165,84,84,,,,,,,,,,,,,,,,,,,,,,,,,,,,,,,,,,,,,,,,,,,,,,,,
4761,800,4585,4726,,0,0,0,0,0,0,0,0,0,0,0,0,0,1,1,3,3,4,4,3,3,3,3,3,3,3,3,3,3,3,3,3,3,3,3,3,3,3,3,2,2,1,1,1,1,1,1,0,0,,,,,,,,,,,,,,,,,,,,,,,,,,,,,,,,,,,,,,,,,,,,,,,,
4762,2500,4599,4551,,0,0,0,0,0,0,0,0,0,0,0,0,0,0,0,1138,1138,1201,1201,1284,1284,1257,1257,1168,1168,1084,1084,1145,1145,1051,1051,1179,1179,1173,1173,1211,1211,1091,1091,0,0,0,0,0,0,0,0,0,0,,,,,,,,,,,,,,,,,,,,,,,,,,,,,,,,,,,,,,,,,,,,,,,,
4763,1600,4649,4558,,0,0,0,0,0,0,0,0,0,0,0,0,0,1,1,4,4,5,5,4,4,4,4,4,4,3,3,4,4,4,4,4,4,4,4,4,4,4,4,2,2,1,1,1,1,1,1,0,0,,,,,,,,,,,,,,,,,,,,,,,,,,,,,,,,,,,,,,,,,,,,,,,,
4764,1200,4617,4788,,0,53,53,55,55,38,38,42,42,48,48,53,53,146,146,715,715,891,891,804,804,768,768,707,707,638,638,676,676,679,679,669,669,696,696,738,738,671,671,411,411,264,264,178,178,130,130,66,66,,,,,,,,,,,,,,,,,,,,,,,,,,,,,,,,,,,,,,,,,,,,,,,,
4765,4400,4585,4668,,0,67,67,70,70,49,49,53,53,62,62,67,67,186,186,910,910,1134,1134,1023,1023,977,977,900,900,812,812,861,861,864,864,851,851,886,886,939,939,854,854,524,524,336,336,227,227,165,165,84,84,,,,,,,,,,,,,,,,,,,,,,,,,,,,,,,,,,,,,,,,,,,,,,,,
4766,3500,4732,4608,4768;4693,2,67,67,70,70,49,49,53,53,62,62,67,67,186,186,910,910,1134,1134,1023,1023,977,977,900,900,812,812,861,861,864,864,851,851,886,886,939,939,854,854,524,524,336,336,227,227,165,165,84,84,,,,,,,,,,,,,,,,,,,,,,,,,,,,,,,,,,,,,,,,,,,,,,,,
4767,600,4662,4697,4619,1,0,0,0,0,0,0,0,0,0,0,0,0,0,0,1,1,2,2,1,1,1,1,1,1,1,1,1,1,1,1,1,1,1,1,1,1,1,1,1,1,0,0,0,0,0,0,0,0,,,,,,,,,,,,,,,,,,,,,,,,,,,,,,,,,,,,,,,,,,,,,,,,
4768,3000,4766,4685,,0,67,67,70,70,49,49,53,53,62,62,67,67,186,186,910,910,1134,1134,1023,1023,977,977,900,900,812,812,861,861,864,864,851,851,886,886,939,939,854,854,524,524,336,336,227,227,165,165,84,84,,,,,,,,,,,,,,,,,,,,,,,,,,,,,,,,,,,,,,,,,,,,,,,,
4769,3500,,4682,,0,67,67,70,70,49,49,53,53,62,62,67,67,186,186,910,910,1134,1134,1023,1023,977,977,900,900,812,812,861,861,864,864,851,851,886,886,939,939,854,854,524,524,336,336,227,227,165,165,84,84,,,,,,,,,,,,,,,,,,,,,,,,,,,,,,,,,,,,,,,,,,,,,,,,
477,4400,478,143,,0,0,0,0,0,0,0,0,0,0,0,0,0,0,0,1156,1156,1275,1275,1184,1184,1063,1063,1121,1121,1033,1033,1056,1056,1105,1105,1218,1218,1250,1250,1308,1308,1226,1226,0,0,0,0,0,0,0,0,0,0,,,,,,,,,,,,,,,,,,,,,,,,,,,,,,,,,,,,,,,,,,,,,,,,
4770,800,4606,4590,,0,0,0,0,0,0,0,0,0,0,0,0,0,1,1,6,6,7,7,6,6,6,6,6,6,5,5,5,5,6,6,6,6,6,6,6,6,6,6,3,3,2,2,1,1,1,1,0,0,,,,,,,,,,,,,,,,,,,,,,,,,,,,,,,,,,,,,,,,,,,,,,,,
4771,4400,4643,,,0,34,34,35,35,24,24,26,26,31,31,34,34,93,93,1024,1024,1168,1168,1154,1154,1117,1117,1034,1034,948,948,1003,1003,958,958,1015,1015,1030,1030,1075,1075,972,972,262,262,168,168,114,114,82,82,42,42,,,,,,,,,,,,,,,,,,,,,,,,,,,,,,,,,,,,,,,,,,,,,,,,
4772,2500,4587,12380,,0,45,45,47,47,33,33,35,35,41,41,45,45,124,124,986,986,1156,1156,1110,1110,1070,1070,989,989,903,903,956,956,926,926,960,960,982,982,1030,1030,933,933,349,349,224,224,151,151,110,110,56,56,,,,,,,,,,,,,,,,,,,,,,,,,,,,,,,,,,,,,,,,,,,,,,,,
4773,2000,4646,4574,4686,1,34,34,35,35,24,24,26,26,31,31,34,34,93,93,1024,1024,1168,1168,1154,1154,1117,1117,1034,1034,948,948,1003,1003,958,958,1015,1015,1030,1030,1075,1075,972,972,262,262,168,168,114,114,82,82,42,42,,,,,,,,,,,,,,,,,,,,,,,,,,,,,,,,,,,,,,,,,,,,,,,,
4774,1200,4431,4519,4783,1,0,0,0,0,0,0,0,0,0,0,0,0,0,0,2,2,2,2,2,2,2,2,2,2,2,2,2,2,2,2,2,2,2,2,2,2,2,2,1,1,1,1,0,0,0,0,0,0,,,,,,,,,,,,,,,,,,,,,,,,,,,,,,,,,,,,,,,,,,,,,,,,
4775,400,4685,4718,,0,0,0,0,0,0,0,0,0,0,0,0,0,1,1,4,4,5,5,5,5,5,5,4,4,4,4,4,4,4,4,4,4,4,4,4,4,4,4,2,2,2,2,1,1,1,1,0,0,,,,,,,,,,,,,,,,,,,,,,,,,,,,,,,,,,,,,,,,,,,,,,,,
4776,1200,4756,4680,,0,0,0,0,0,0,0,0,0,0,0,0,0,0,0,2,2,2,2,2,2,2,2,2,2,2,2,2,2,2,2,2,2,2,2,2,2,2,2,1,1,1,1,0,0,0,0,0,0,,,,,,,,,,,,,,,,,,,,,,,,,,,,,,,,,,,,,,,,,,,,,,,,
4777,1200,4715,4725,4569,1,1,1,1,1,0,0,0,0,0,0,1,1,1,1,7,7,9,9,8,8,8,8,7,7,7,7,7,7,7,7,7,7,7,7,8,8,7,7,4,4,3,3,2,2,1,1,1,1,,,,,,,,,,,,,,,,,,,,,,,,,,,,,,,,,,,,,,,,,,,,,,,,
4778,1600,4613,4676,4733,1,0,0,0,0,0,0,0,0,0,0,0,0,1,1,7,7,8,8,7,7,7,7,6,6,6,6,6,6,6,6,6,6,6,6,7,7,6,6,4,4,2,2,2,2,1,1,1,1,,,,,,,,,,,,,,,,,,,,,,,,,,,,,,,,,,,,,,,,,,,,,,,,
4779,1200,4721,4738,,0,0,0,0,0,0,0,0,0,0,0,0,0,0,0,2,2,2,2,2,2,2,2,2,2,2,2,2,2,2,2,2,2,2,2,2,2,2,2,1,1,1,1,0,0,0,0,0,0,,,,,,,,,,,,,,,,,,,,,,,,,,,,,,,,,,,,,,,,,,,,,,,,
478,2000,477,170,479,1,27,27,28,28,20,20,21,21,25,25,27,27,74,74,1049,1049,1182,1182,1170,1170,1126,1126,1056,1056,970,970,1022,1022,982,982,1052,1052,1066,1066,1112,1112,1010,1010,210,210,134,134,91,91,66,66,34,34,,,,,,,,,,,,,,,,,,,,,,,,,,,,,,,,,,,,,,,,,,,,,,,,
4780,800,4721,4664,,0,0,0,0,0,0,0,0,0,0,0,0,0,0,0,3,3,4,4,3,3,3,3,3,3,3,3,3,3,3,3,3,3,3,3,3,3,3,3,1,1,1,1,1,1,0,0,0,0,,,,,,,,,,,,,,,,,,,,,,,,,,,,,,,,,,,,,,,,,,,,,,,,
4781,2500,4735,4556,4733,1,67,67,70,70,49,49,53,53,62,62,67,67,186,186,910,910,1134,1134,1023,1023,977,977,900,900,812,812,861,861,864,864,851,851,886,886,939,939,854,854,524,524,336,336,227,227,165,165,84,84,,,,,,,,,,,,,,,,,,,,,,,,,,,,,,,,,,,,,,,,,,,,,,,,
4782,600,,4738,,0,0,0,0,0,0,0,0,0,0,0,0,0,0,0,3,3,4,4,3,3,3,3,3,3,3,3,3,3,3,3,3,3,3,3,3,3,3,3,1,1,1,1,1,1,0,0,0,0,,,,,,,,,,,,,,,,,,,,,,,,,,,,,,,,,,,,,,,,,,,,,,,,
4783,1200,4759,4774,,0,0,0,0,0,0,0,0,0,0,0,0,0,0,0,2,2,2,2,2,2,2,2,2,2,2,2,2,2,2,2,2,2,2,2,2,2,2,2,1,1,1,1,0,0,0,0,0,0,,,,,,,,,,,,,,,,,,,,,,,,,,,,,,,,,,,,,,,,,,,,,,,,
4784,2000,4558,4679,4598,1,34,34,35,35,24,24,26,26,31,31,34,34,93,93,1024,1024,1168,1168,1154,1154,1117,1117,1034,1034,948,948,1003,1003,958,958,1015,1015,1030,1030,1075,1075,972,972,262,262,168,168,114,114,82,82,42,42,,,,,,,,,,,,,,,,,,,,,,,,,,,,,,,,,,,,,,,,,,,,,,,,
4785,1600,4674,4800,,0,0,0,0,0,0,0,0,0,0,0,0,0,0,0,3,3,3,3,3,3,3,3,3,3,2,2,3,3,2,2,3,3,3,3,3,3,2,2,1,1,1,1,0,0,0,0,0,0,,,,,,,,,,,,,,,,,,,,,,,,,,,,,,,,,,,,,,,,,,,,,,,,
4786,1200,4799,4760,4625,1,0,0,0,0,0,0,0,0,0,0,0,0,1,1,4,4,6,6,5,5,5,5,4,4,4,4,4,4,4,4,4,4,4,4,5,5,4,4,2,2,2,2,1,1,1,1,0,0,,,,,,,,,,,,,,,,,,,,,,,,,,,,,,,,,,,,,,,,,,,,,,,,
4787,2000,4744,4682,,0,67,67,70,70,49,49,53,53,62,62,67,67,186,186,910,910,1134,1134,1023,1023,977,977,900,900,812,812,861,861,864,864,851,851,886,886,939,939,854,854,524,524,336,336,227,227,165,165,84,84,,,,,,,,,,,,,,,,,,,,,,,,,,,,,,,,,,,,,,,,,,,,,,,,
4788,300,4642,4741,4764,1,0,0,0,0,0,0,0,0,0,0,0,0,0,0,2,2,2,2,2,2,2,2,2,2,2,2,2,2,2,2,2,2,2,2,2,2,2,2,1,1,1,1,0,0,0,0,0,0,,,,,,,,,,,,,,,,,,,,,,,,,,,,,,,,,,,,,,,,,,,,,,,,
4789,800,4700,4596,4559,1,0,0,0,0,0,0,0,0,0,0,0,0,0,0,1,1,1,1,1,1,1,1,1,1,1,1,1,1,1,1,1,1,1,1,1,1,1,1,0,0,0,0,0,0,0,0,0,0,,,,,,,,,,,,,,,,,,,,,,,,,,,,,,,,,,,,,,,,,,,,,,,,
479,3000,478,480,,0,27,27,28,28,20,20,21,21,25,25,27,27,74,74,1049,1049,1182,1182,1170,1170,1126,1126,1056,1056,970,970,1022,1022,982,982,1052,1052,1066,1066,1112,1112,1010,1010,210,210,134,134,91,91,66,66,34,34,,,,,,,,,,,,,,,,,,,,,,,,,,,,,,,,,,,,,,,,,,,,,,,,
4790,800,4576,4577,4607,1,0,0,0,0,0,0,0,0,0,0,0,0,1,1,6,6,7,7,7,7,6,6,6,6,5,5,6,6,6,6,6,6,6,6,6,6,6,6,3,3,2,2,1,1,1,1,1,1,,,,,,,,,,,,,,,,,,,,,,,,,,,,,,,,,,,,,,,,,,,,,,,,
4791,300,4727,4630,4750,1,0,0,0,0,0,0,0,0,0,0,0,0,0,0,3,3,3,3,3,3,3,3,3,3,2,2,2,2,2,2,2,2,3,3,3,3,2,2,1,1,1,1,0,0,0,0,0,0,,,,,,,,,,,,,,,,,,,,,,,,,,,,,,,,,,,,,,,,,,,,,,,,
4792,1200,4655,4719,4797,1,0,0,0,0,0,0,0,0,0,0,0,0,1,1,5,5,6,6,5,5,5,5,5,5,4,4,5,5,4,4,5,5,5,5,5,5,4,4,2,2,1,1,1,1,1,1,0,0,,,,,,,,,,,,,,,,,,,,,,,,,,,,,,,,,,,,,,,,,,,,,,,,
4793,1500,4698,4717,4656,1,67,67,70,70,49,49,53,53,62,62,67,67,186,186,910,910,1134,1134,1023,1023,977,977,900,900,812,812,861,861,864,864,851,851,886,886,939,939,854,854,524,524,336,336,227,227,165,165,84,84,,,,,,,,,,,,,,,,,,,,,,,,,,,,,,,,,,,,,,,,,,,,,,,,
4794,800,4619,4727,4708,1,0,0,0,0,0,0,0,0,0,0,0,0,0,0,3,3,3,3,3,3,3,3,3,3,3,3,3,3,3,3,3,3,3,3,3,3,3,3,1,1,1,1,1,1,0,0,0,0,,,,,,,,,,,,,,,,,,,,,,,,,,,,,,,,,,,,,,,,,,,,,,,,
4795,2000,4556,4605,4644,1,67,67,70,70,49,49,53,53,62,62,67,67,186,186,910,910,1134,1134,1023,1023,977,977,900,900,812,812,861,861,864,864,851,851,886,886,939,939,854,854,524,524,336,336,227,227,165,165,84,84,,,,,,,,,,,,,,,,,,,,,,,,,,,,,,,,,,,,,,,,,,,,,,,,
4796,800,4675,4667,4628,1,0,0,0,0,0,0,0,0,0,0,0,0,0,0,2,2,2,2,2,2,2,2,2,2,1,1,1,1,1,1,1,1,2,2,2,2,1,1,1,1,1,1,0,0,0,0,0,0,,,,,,,,,,,,,,,,,,,,,,,,,,,,,,,,,,,,,,,,,,,,,,,,
4797,800,4792,4696,4582;4747,2,0,0,0,0,0,0,0,0,0,0,0,0,1,1,5,5,6,6,5,5,5,5,5,5,4,4,5,5,5,5,5,5,5,5,5,5,5,5,2,2,1,1,1,1,1,1,0,0,,,,,,,,,,,,,,,,,,,,,,,,,,,,,,,,,,,,,,,,,,,,,,,,
4798,3500,4746,4744,,0,67,67,70,70,49,49,53,53,62,62,67,67,186,186,910,910,1134,1134,1023,1023,977,977,900,900,812,812,861,861,864,864,851,851,886,886,939,939,854,854,524,524,336,336,227,227,165,165,84,84,,,,,,,,,,,,,,,,,,,,,,,,,,,,,,,,,,,,,,,,,,,,,,,,
4799,1200,4786,4631,,0,0,0,0,0,0,0,0,0,0,0,0,0,1,1,3,3,4,4,3,3,3,3,3,3,3,3,3,3,3,3,3,3,3,3,3,3,3,3,2,2,1,1,1,1,1,1,0,0,,,,,,,,,,,,,,,,,,,,,,,,,,,,,,,,,,,,,,,,,,,,,,,,
48,2500,61,366,36;362,2,27,27,28,28,20,20,21,21,25,25,27,27,74,74,1049,1049,1182,1182,1170,1170,1126,1126,1056,1056,970,970,1022,1022,982,982,1052,1052,1066,1066,1112,1112,1010,1010,210,210,134,134,91,91,66,66,34,34,,,,,,,,,,,,,,,,,,,,,,,,,,,,,,,,,,,,,,,,,,,,,,,,
480,1200,134,121,481;479,2,0,0,0,0,0,0,0,0,0,0,0,0,1,1,8,8,9,9,9,9,9,9,8,8,8,8,8,8,8,8,8,8,8,8,9,9,8,8,2,2,1,1,1,1,1,1,0,0,,,,,,,,,,,,,,,,,,,,,,,,,,,,,,,,,,,,,,,,,,,,,,,,
4800,800,4703,4723,4785,1,0,0,0,0,0,0,0,0,0,0,0,0,1,1,4,4,5,5,4,4,4,4,4,4,3,3,4,4,4,4,4,4,4,4,4,4,4,4,2,2,1,1,1,1,1,1,0,0,,,,,,,,,,,,,,,,,,,,,,,,,,,,,,,,,,,,,,,,,,,,,,,,
4801,4000,4729,4617,4624,1,67,67,70,70,49,49,53,53,62,62,67,67,186,186,910,910,1134,1134,1023,1023,977,977,900,900,812,812,861,861,864,864,851,851,886,886,939,939,854,854,524,524,336,336,227,227,165,165,84,84,,,,,,,,,,,,,,,,,,,,,,,,,,,,,,,,,,,,,,,,,,,,,,,,
4802,300,5124,8907,,0,53,53,55,55,38,38,42,42,48,48,53,53,146,146,715,715,891,891,804,804,768,768,707,707,638,638,676,676,679,679,669,669,696,696,738,738,671,671,411,411,264,264,178,178,130,130,66,66,,,,,,,,,,,,,,,,,,,,,,,,,,,,,,,,,,,,,,,,,,,,,,,,
4803,4400,5135,tran_7d05c94b-c6b0-4570-bcde-c2c150f6da6e,,0,54,54,56,56,39,39,42,42,49,49,53,53,149,149,1004,1004,1185,1185,1107,1107,1074,1074,985,985,913,913,935,935,950,950,962,962,980,980,1040,1040,965,965,451,451,285,285,189,189,138,138,72,72,,,,,,,,,,,,,,,,,,,,,,,,,,,,,,,,,,,,,,,,,,,,,,,,
4804,4400,8900,4818,,0,47,47,48,48,33,33,36,36,42,42,46,46,128,128,1057,1057,1213,1213,1153,1153,1128,1128,1033,1033,969,969,976,976,998,998,1023,1023,1032,1032,1096,1096,1027,1027,410,410,257,257,168,168,123,123,66,66,,,,,,,,,,,,,,,,,,,,,,,,,,,,,,,,,,,,,,,,,,,,,,,,
4805,1600,5081,5093,,0,0,0,0,0,0,0,0,0,0,0,0,0,1,1,8,8,9,9,9,9,8,8,8,8,7,7,8,8,8,8,8,8,8,8,9,9,8,8,2,2,1,1,1,1,1,1,0,0,,,,,,,,,,,,,,,,,,,,,,,,,,,,,,,,,,,,,,,,,,,,,,,,
4806,2000,4807,5103,,0,67,67,70,70,49,49,53,53,62,62,67,67,186,186,910,910,1134,1134,1023,1023,977,977,900,900,812,812,861,861,864,864,851,851,886,886,939,939,854,854,524,524,336,336,227,227,165,165,84,84,,,,,,,,,,,,,,,,,,,,,,,,,,,,,,,,,,,,,,,,,,,,,,,,
4807,2500,5101,4806,8881;4822,2,35,35,36,36,25,25,28,28,32,32,35,35,97,97,1022,1022,1178,1178,1132,1132,1080,1080,1021,1021,934,934,983,983,962,962,1015,1015,1036,1036,1085,1085,989,989,272,272,175,175,118,118,86,86,44,44,,,,,,,,,,,,,,,,,,,,,,,,,,,,,,,,,,,,,,,,,,,,,,,,
4808,4400,4818,5119,,0,47,47,48,48,33,33,36,36,42,42,46,46,128,128,1057,1057,1213,1213,1153,1153,1128,1128,1033,1033,969,969,976,976,998,998,1023,1023,1032,1032,1096,1096,1027,1027,410,410,257,257,168,168,123,123,66,66,,,,,,,,,,,,,,,,,,,,,,,,,,,,,,,,,,,,,,,,,,,,,,,,
4809,1600,5095,4810,,0,0,0,0,0,0,0,0,0,0,0,0,0,0,0,4,4,5,5,5,5,4,4,4,4,4,4,4,4,4,4,4,4,4,4,4,4,4,4,1,1,1,1,1,1,0,0,0,0,,,,,,,,,,,,,,,,,,,,,,,,,,,,,,,,,,,,,,,,,,,,,,,,
481,4400,482,480,,0,27,27,28,28,20,20,21,21,25,25,27,27,74,74,1049,1049,1182,1182,1170,1170,1126,1126,1056,1056,970,970,1022,1022,982,982,1052,1052,1066,1066,1112,1112,1010,1010,210,210,134,134,91,91,66,66,34,34,,,,,,,,,,,,,,,,,,,,,,,,,,,,,,,,,,,,,,,,,,,,,,,,
4810,1600,4824,5096,4809;4816,2,0,0,0,0,0,0,0,0,0,0,0,0,1,1,9,9,10,10,9,9,9,9,9,9,8,8,8,8,8,8,8,8,9,9,9,9,8,8,2,2,2,2,1,1,1,1,0,0,,,,,,,,,,,,,,,,,,,,,,,,,,,,,,,,,,,,,,,,,,,,,,,,
4811,1200,8892,5093,,0,0,0,0,0,0,0,0,0,0,0,0,0,1,1,10,10,11,11,11,11,10,10,10,10,9,9,9,9,10,10,10,10,10,10,11,11,10,10,2,2,1,1,1,1,1,1,0,0,,,,,,,,,,,,,,,,,,,,,,,,,,,,,,,,,,,,,,,,,,,,,,,,
4812,3000,4814,14,,0,50,50,52,52,37,37,40,40,46,46,50,50,140,140,967,967,1151,1151,1088,1088,1047,1047,967,967,880,880,932,932,911,911,933,933,958,958,1007,1007,913,913,393,393,252,252,170,170,124,124,63,63,,,,,,,,,,,,,,,,,,,,,,,,,,,,,,,,,,,,,,,,,,,,,,,,
4813,4400,tran_5bc234df-5e1d-4c50-9264-a1c4c1b88131,5133,,0,67,67,70,70,49,49,53,53,62,62,67,67,186,186,910,910,1134,1134,1023,1023,977,977,900,900,812,812,861,861,864,864,851,851,886,886,939,939,854,854,524,524,336,336,227,227,165,165,84,84,,,,,,,,,,,,,,,,,,,,,,,,,,,,,,,,,,,,,,,,,,,,,,,,
4814,3000,4812,5088,5080;4819;4844,3,35,35,36,36,25,25,28,28,32,32,35,35,97,97,1022,1022,1178,1178,1132,1132,1080,1080,1021,1021,934,934,983,983,962,962,1015,1015,1036,1036,1085,1085,989,989,272,272,175,175,118,118,86,86,44,44,,,,,,,,,,,,,,,,,,,,,,,,,,,,,,,,,,,,,,,,,,,,,,,,
4815,3000,5107,5103,,0,45,45,47,47,33,33,35,35,41,41,45,45,124,124,992,992,1181,1181,1077,1077,1006,1006,974,974,886,886,926,926,944,944,973,973,1007,1007,1062,1062,978,978,349,349,224,224,151,151,110,110,56,56,,,,,,,,,,,,,,,,,,,,,,,,,,,,,,,,,,,,,,,,,,,,,,,,
4816,1500,4810,5091,,0,35,35,36,36,25,25,28,28,32,32,35,35,97,97,1022,1022,1178,1178,1132,1132,1080,1080,1021,1021,934,934,983,983,962,962,1015,1015,1036,1036,1085,1085,989,989,272,272,175,175,118,118,86,86,44,44,,,,,,,,,,,,,,,,,,,,,,,,,,,,,,,,,,,,,,,,,,,,,,,,
4817,3000,5122,5121,,0,45,45,47,47,33,33,35,35,41,41,45,45,124,124,992,992,1181,1181,1077,1077,1006,1006,974,974,886,886,926,926,944,944,973,973,1007,1007,1062,1062,978,978,349,349,224,224,151,151,110,110,56,56,,,,,,,,,,,,,,,,,,,,,,,,,,,,,,,,,,,,,,,,,,,,,,,,
4818,4400,4804,4808,4833;5110,2,45,45,47,47,33,33,35,35,41,41,45,45,124,124,992,992,1181,1181,1077,1077,1006,1006,974,974,886,886,926,926,944,944,973,973,1007,1007,1062,1062,978,978,349,349,224,224,151,151,110,110,56,56,,,,,,,,,,,,,,,,,,,,,,,,,,,,,,,,,,,,,,,,,,,,,,,,
4819,1500,4844,4814,,0,35,35,36,36,25,25,28,28,32,32,35,35,97,97,1022,1022,1178,1178,1132,1132,1080,1080,1021,1021,934,934,983,983,962,962,1015,1015,1036,1036,1085,1085,989,989,272,272,175,175,118,118,86,86,44,44,,,,,,,,,,,,,,,,,,,,,,,,,,,,,,,,,,,,,,,,,,,,,,,,
482,3000,422,118,138;481,2,27,27,28,28,20,20,21,21,25,25,27,27,74,74,1049,1049,1182,1182,1170,1170,1126,1126,1056,1056,970,970,1022,1022,982,982,1052,1052,1066,1066,1112,1112,1010,1010,210,210,134,134,91,91,66,66,34,34,,,,,,,,,,,,,,,,,,,,,,,,,,,,,,,,,,,,,,,,,,,,,,,,
4820,2000,5102,5098,,0,67,67,70,70,49,49,53,53,62,62,67,67,186,186,910,910,1134,1134,1023,1023,977,977,900,900,812,812,861,861,864,864,851,851,886,886,939,939,854,854,524,524,336,336,227,227,165,165,84,84,,,,,,,,,,,,,,,,,,,,,,,,,,,,,,,,,,,,,,,,,,,,,,,,
4821,600,,5102,,0,53,53,55,55,38,38,42,42,48,48,53,53,146,146,715,715,891,891,804,804,768,768,707,707,638,638,676,676,679,679,669,669,696,696,738,738,671,671,411,411,264,264,178,178,130,130,66,66,,,,,,,,,,,,,,,,,,,,,,,,,,,,,,,,,,,,,,,,,,,,,,,,
4822,2000,4807,4835,,0,35,35,36,36,25,25,28,28,32,32,35,35,97,97,1022,1022,1178,1178,1132,1132,1080,1080,1021,1021,934,934,983,983,962,962,1015,1015,1036,1036,1085,1085,989,989,272,272,175,175,118,118,86,86,44,44,,,,,,,,,,,,,,,,,,,,,,,,,,,,,,,,,,,,,,,,,,,,,,,,
4823,800,5083,,,0,0,0,0,0,0,0,0,0,0,0,0,0,1,1,10,10,11,11,11,11,10,10,10,10,9,9,10,10,9,9,10,10,10,10,11,11,10,10,3,3,2,2,1,1,1,1,0,0,,,,,,,,,,,,,,,,,,,,,,,,,,,,,,,,,,,,,,,,,,,,,,,,
4824,1600,4810,4828,,0,0,0,0,0,0,0,0,0,0,0,0,0,1,1,11,11,13,13,12,12,12,12,11,11,10,10,11,11,10,10,11,11,11,11,12,12,11,11,3,3,2,2,1,1,1,1,0,0,,,,,,,,,,,,,,,,,,,,,,,,,,,,,,,,,,,,,,,,,,,,,,,,
4825,3300,5135,8877,,0,47,47,48,48,33,33,36,36,42,42,46,46,128,128,1057,1057,1213,1213,1153,1153,1128,1128,1033,1033,969,969,976,976,998,998,1023,1023,1032,1032,1096,1096,1027,1027,410,410,257,257,168,168,123,123,66,66,,,,,,,,,,,,,,,,,,,,,,,,,,,,,,,,,,,,,,,,,,,,,,,,
4826,2500,4831,5089,,0,35,35,36,36,25,25,28,28,32,32,35,35,97,97,1022,1022,1178,1178,1132,1132,1080,1080,1021,1021,934,934,983,983,962,962,1015,1015,1036,1036,1085,1085,989,989,272,272,175,175,118,118,86,86,44,44,,,,,,,,,,,,,,,,,,,,,,,,,,,,,,,,,,,,,,,,,,,,,,,,
4827,2000,5083,5098,,0,35,35,36,36,25,25,28,28,32,32,35,35,97,97,1022,1022,1178,1178,1132,1132,1080,1080,1021,1021,934,934,983,983,962,962,1015,1015,1036,1036,1085,1085,989,989,272,272,175,175,118,118,86,86,44,44,,,,,,,,,,,,,,,,,,,,,,,,,,,,,,,,,,,,,,,,,,,,,,,,
4828,2500,5082,4829,4824;4841,2,35,35,36,36,25,25,28,28,32,32,35,35,97,97,1022,1022,1178,1178,1132,1132,1080,1080,1021,1021,934,934,983,983,962,962,1015,1015,1036,1036,1085,1085,989,989,272,272,175,175,118,118,86,86,44,44,,,,,,,,,,,,,,,,,,,,,,,,,,,,,,,,,,,,,,,,,,,,,,,,
4829,1500,4828,4831,,0,67,67,70,70,49,49,53,53,62,62,67,67,186,186,910,910,1134,1134,1023,1023,977,977,900,900,812,812,861,861,864,864,851,851,886,886,939,939,854,854,524,524,336,336,227,227,165,165,84,84,,,,,,,,,,,,,,,,,,,,,,,,,,,,,,,,,,,,,,,,,,,,,,,,
483,4400,484,105,,0,27,27,28,28,20,20,21,21,25,25,27,27,74,74,1049,1049,1182,1182,1170,1170,1126,1126,1056,1056,970,970,1022,1022,982,982,1052,1052,1066,1066,1112,1112,1010,1010,210,210,134,134,91,91,66,66,34,34,,,,,,,,,,,,,,,,,,,,,,,,,,,,,,,,,,,,,,,,,,,,,,,,
4830,2000,5129,5121,,0,45,45,47,47,33,33,35,35,41,41,45,45,124,124,992,992,1181,1181,1077,1077,1006,1006,974,974,886,886,926,926,944,944,973,973,1007,1007,1062,1062,978,978,349,349,224,224,151,151,110,110,56,56,,,,,,,,,,,,,,,,,,,,,,,,,,,,,,,,,,,,,,,,,,,,,,,,
4831,2500,4832,4829,4826;4842,2,35,35,36,36,25,25,28,28,32,32,35,35,97,97,1022,1022,1178,1178,1132,1132,1080,1080,1021,1021,934,934,983,983,962,962,1015,1015,1036,1036,1085,1085,989,989,272,272,175,175,118,118,86,86,44,44,,,,,,,,,,,,,,,,,,,,,,,,,,,,,,,,,,,,,,,,,,,,,,,,
4832,2000,4831,5079,,0,35,35,36,36,25,25,28,28,32,32,35,35,97,97,1022,1022,1178,1178,1132,1132,1080,1080,1021,1021,934,934,983,983,962,962,1015,1015,1036,1036,1085,1085,989,989,272,272,175,175,118,118,86,86,44,44,,,,,,,,,,,,,,,,,,,,,,,,,,,,,,,,,,,,,,,,,,,,,,,,
4833,4400,5109,4818,,0,45,45,47,47,33,33,35,35,41,41,45,45,124,124,992,992,1181,1181,1077,1077,1006,1006,974,974,886,886,926,926,944,944,973,973,1007,1007,1062,1062,978,978,349,349,224,224,151,151,110,110,56,56,,,,,,,,,,,,,,,,,,,,,,,,,,,,,,,,,,,,,,,,,,,,,,,,
4834,4400,4837,tran_54a45aaa-1c75-4941-9b4f-8f2827f19b94,,0,0,0,0,0,0,0,0,0,0,0,0,0,0,0,1156,1156,1275,1275,1184,1184,1063,1063,1121,1121,1033,1033,1056,1056,1105,1105,1218,1218,1250,1250,1308,1308,1226,1226,0,0,0,0,0,0,0,0,0,0,,,,,,,,,,,,,,,,,,,,,,,,,,,,,,,,,,,,,,,,,,,,,,,,
4835,3000,4822,5104,5106;4843,2,35,35,36,36,25,25,28,28,32,32,35,35,97,97,1022,1022,1178,1178,1132,1132,1080,1080,1021,1021,934,934,983,983,962,962,1015,1015,1036,1036,1085,1085,989,989,272,272,175,175,118,118,86,86,44,44,,,,,,,,,,,,,,,,,,,,,,,,,,,,,,,,,,,,,,,,,,,,,,,,
4836,2500,5109,4840,,0,45,45,47,47,33,33,35,35,41,41,45,45,124,124,992,992,1181,1181,1077,1077,1006,1006,974,974,886,886,926,926,944,944,973,973,1007,1007,1062,1062,978,978,349,349,224,224,151,151,110,110,56,56,,,,,,,,,,,,,,,,,,,,,,,,,,,,,,,,,,,,,,,,,,,,,,,,
4837,4400,4852,4834,5132;5128;5130,3,45,45,47,47,33,33,35,35,41,41,45,45,124,124,992,992,1181,1181,1077,1077,1006,1006,974,974,886,886,926,926,944,944,973,973,1007,1007,1062,1062,978,978,349,349,224,224,151,151,110,110,56,56,,,,,,,,,,,,,,,,,,,,,,,,,,,,,,,,,,,,,,,,,,,,,,,,
4838,2500,5111,5117,,0,45,45,47,47,33,33,35,35,41,41,45,45,124,124,992,992,1181,1181,1077,1077,1006,1006,974,974,886,886,926,926,944,944,973,973,1007,1007,1062,1062,978,978,349,349,224,224,151,151,110,110,56,56,,,,,,,,,,,,,,,,,,,,,,,,,,,,,,,,,,,,,,,,,,,,,,,,
4839,4400,5115,5129,,0,45,45,47,47,33,33,35,35,41,41,45,45,124,124,992,992,1181,1181,1077,1077,1006,1006,974,974,886,886,926,926,944,944,973,973,1007,1007,1062,1062,978,978,349,349,224,224,151,151,110,110,56,56,,,,,,,,,,,,,,,,,,,,,,,,,,,,,,,,,,,,,,,,,,,,,,,,
484,1600,97,483,99,1,0,0,0,0,0,0,0,0,0,0,0,0,0,0,5,5,6,6,6,6,5,5,5,5,5,5,5,5,5,5,5,5,5,5,5,5,5,5,1,1,1,1,0,0,0,0,0,0,,,,,,,,,,,,,,,,,,,,,,,,,,,,,,,,,,,,,,,,,,,,,,,,
4840,2500,4848,5116,4836;4914,2,45,45,47,47,33,33,35,35,41,41,45,45,124,124,992,992,1181,1181,1077,1077,1006,1006,974,974,886,886,926,926,944,944,973,973,1007,1007,1062,1062,978,978,349,349,224,224,151,151,110,110,56,56,,,,,,,,,,,,,,,,,,,,,,,,,,,,,,,,,,,,,,,,,,,,,,,,
4841,2000,5085,4828,,0,35,35,36,36,25,25,28,28,32,32,35,35,97,97,1022,1022,1178,1178,1132,1132,1080,1080,1021,1021,934,934,983,983,962,962,1015,1015,1036,1036,1085,1085,989,989,272,272,175,175,118,118,86,86,44,44,,,,,,,,,,,,,,,,,,,,,,,,,,,,,,,,,,,,,,,,,,,,,,,,
4842,2000,4851,4831,,0,35,35,36,36,25,25,28,28,32,32,35,35,97,97,1022,1022,1178,1178,1132,1132,1080,1080,1021,1021,934,934,983,983,962,962,1015,1015,1036,1036,1085,1085,989,989,272,272,175,175,118,118,86,86,44,44,,,,,,,,,,,,,,,,,,,,,,,,,,,,,,,,,,,,,,,,,,,,,,,,
4843,4400,4835,4847,,0,35,35,36,36,25,25,28,28,32,32,35,35,97,97,1022,1022,1178,1178,1132,1132,1080,1080,1021,1021,934,934,983,983,962,962,1015,1015,1036,1036,1085,1085,989,989,272,272,175,175,118,118,86,86,44,44,,,,,,,,,,,,,,,,,,,,,,,,,,,,,,,,,,,,,,,,,,,,,,,,
4844,2500,4814,5079,4819,1,35,35,36,36,25,25,28,28,32,32,35,35,97,97,1022,1022,1178,1178,1132,1132,1080,1080,1021,1021,934,934,983,983,962,962,1015,1015,1036,1036,1085,1085,989,989,272,272,175,175,118,118,86,86,44,44,,,,,,,,,,,,,,,,,,,,,,,,,,,,,,,,,,,,,,,,,,,,,,,,
4845,4400,5131,tran_fd1ac63c-6311-4bdd-8fdf-0682cf34eede,,0,45,45,47,47,33,33,35,35,41,41,45,45,124,124,992,992,1181,1181,1077,1077,1006,1006,974,974,886,886,926,926,944,944,973,973,1007,1007,1062,1062,978,978,349,349,224,224,151,151,110,110,56,56,,,,,,,,,,,,,,,,,,,,,,,,,,,,,,,,,,,,,,,,,,,,,,,,
4846,2500,4851,5215,,0,35,35,36,36,25,25,28,28,32,32,35,35,97,97,1022,1022,1178,1178,1132,1132,1080,1080,1021,1021,934,934,983,983,962,962,1015,1015,1036,1036,1085,1085,989,989,272,272,175,175,118,118,86,86,44,44,,,,,,,,,,,,,,,,,,,,,,,,,,,,,,,,,,,,,,,,,,,,,,,,
4847,4400,4843,4849,5097;5232,2,35,35,36,36,25,25,28,28,32,32,35,35,97,97,1022,1022,1178,1178,1132,1132,1080,1080,1021,1021,934,934,983,983,962,962,1015,1015,1036,1036,1085,1085,989,989,272,272,175,175,118,118,86,86,44,44,,,,,,,,,,,,,,,,,,,,,,,,,,,,,,,,,,,,,,,,,,,,,,,,
4848,2500,5105,4840,,0,35,35,36,36,25,25,28,28,32,32,35,35,97,97,1022,1022,1178,1178,1132,1132,1080,1080,1021,1021,934,934,983,983,962,962,1015,1015,1036,1036,1085,1085,989,989,272,272,175,175,118,118,86,86,44,44,,,,,,,,,,,,,,,,,,,,,,,,,,,,,,,,,,,,,,,,,,,,,,,,
4849,4400,5087,4847,,0,35,35,36,36,25,25,28,28,32,32,35,35,97,97,1022,1022,1178,1178,1132,1132,1080,1080,1021,1021,934,934,983,983,962,962,1015,1015,1036,1036,1085,1085,989,989,272,272,175,175,118,118,86,86,44,44,,,,,,,,,,,,,,,,,,,,,,,,,,,,,,,,,,,,,,,,,,,,,,,,
485,1200,131,486,,0,0,0,0,0,0,0,0,0,0,0,0,0,1,1,5,5,6,6,6,6,5,5,5,5,5,5,5,5,5,5,5,5,5,5,5,5,5,5,2,2,1,1,1,1,1,1,0,0,,,,,,,,,,,,,,,,,,,,,,,,,,,,,,,,,,,,,,,,,,,,,,,,
4850,1600,5117,4855,,0,0,0,0,0,0,0,0,0,0,0,0,0,1,1,6,6,7,7,6,6,6,6,6,6,5,5,6,6,6,6,6,6,6,6,6,6,6,6,2,2,1,1,1,1,1,1,0,0,,,,,,,,,,,,,,,,,,,,,,,,,,,,,,,,,,,,,,,,,,,,,,,,
4851,4000,4842,5216,4846;5084;4854,3,35,35,36,36,25,25,28,28,32,32,35,35,97,97,1022,1022,1178,1178,1132,1132,1080,1080,1021,1021,934,934,983,983,962,962,1015,1015,1036,1036,1085,1085,989,989,272,272,175,175,118,118,86,86,44,44,,,,,,,,,,,,,,,,,,,,,,,,,,,,,,,,,,,,,,,,,,,,,,,,
4852,4400,4837,4863,,0,45,45,47,47,33,33,35,35,41,41,45,45,124,124,992,992,1181,1181,1077,1077,1006,1006,974,974,886,886,926,926,944,944,973,973,1007,1007,1062,1062,978,978,349,349,224,224,151,151,110,110,56,56,,,,,,,,,,,,,,,,,,,,,,,,,,,,,,,,,,,,,,,,,,,,,,,,
4853,4000,5113,4855,,0,45,45,47,47,33,33,35,35,41,41,45,45,124,124,992,992,1181,1181,1077,1077,1006,1006,974,974,886,886,926,926,944,944,973,973,1007,1007,1062,1062,978,978,349,349,224,224,151,151,110,110,56,56,,,,,,,,,,,,,,,,,,,,,,,,,,,,,,,,,,,,,,,,,,,,,,,,
4854,3000,4851,5214,,0,35,35,36,36,25,25,28,28,32,32,35,35,97,97,1022,1022,1178,1178,1132,1132,1080,1080,1021,1021,934,934,983,983,962,962,1015,1015,1036,1036,1085,1085,989,989,272,272,175,175,118,118,86,86,44,44,,,,,,,,,,,,,,,,,,,,,,,,,,,,,,,,,,,,,,,,,,,,,,,,
4855,2000,4870,4850,4853;4883,2,45,45,47,47,33,33,35,35,41,41,45,45,124,124,992,992,1181,1181,1077,1077,1006,1006,974,974,886,886,926,926,944,944,973,973,1007,1007,1062,1062,978,978,349,349,224,224,151,151,110,110,56,56,,,,,,,,,,,,,,,,,,,,,,,,,,,,,,,,,,,,,,,,,,,,,,,,
4856,4400,4863,5115,,0,45,45,47,47,33,33,35,35,41,41,45,45,124,124,992,992,1181,1181,1077,1077,1006,1006,974,974,886,886,926,926,944,944,973,973,1007,1007,1062,1062,978,978,349,349,224,224,151,151,110,110,56,56,,,,,,,,,,,,,,,,,,,,,,,,,,,,,,,,,,,,,,,,,,,,,,,,
4857,4400,5131,tran_27077cec-e4ef-4da2-a32e-86650720b28f,,0,45,45,47,47,33,33,35,35,41,41,45,45,124,124,992,992,1181,1181,1077,1077,1006,1006,974,974,886,886,926,926,944,944,973,973,1007,1007,1062,1062,978,978,349,349,224,224,151,151,110,110,56,56,,,,,,,,,,,,,,,,,,,,,,,,,,,,,,,,,,,,,,,,,,,,,,,,
4858,2500,5087,4860,,0,35,35,36,36,25,25,28,28,32,32,35,35,97,97,1022,1022,1178,1178,1132,1132,1080,1080,1021,1021,934,934,983,983,962,962,1015,1015,1036,1036,1085,1085,989,989,272,272,175,175,118,118,86,86,44,44,,,,,,,,,,,,,,,,,,,,,,,,,,,,,,,,,,,,,,,,,,,,,,,,
4859,1200,5233,4860,,0,0,0,0,0,0,0,0,0,0,0,0,0,0,0,4,4,5,5,4,4,4,4,4,4,4,4,4,4,4,4,4,4,4,4,4,4,4,4,1,1,1,1,0,0,0,0,0,0,,,,,,,,,,,,,,,,,,,,,,,,,,,,,,,,,,,,,,,,,,,,,,,,
486,1200,122,128,485,1,0,0,0,0,0,0,0,0,0,0,0,0,1,1,8,8,9,9,8,8,8,8,8,8,7,7,7,7,7,7,7,7,7,7,8,8,7,7,3,3,2,2,1,1,1,1,1,1,,,,,,,,,,,,,,,,,,,,,,,,,,,,,,,,,,,,,,,,,,,,,,,,
4860,1600,4859,4865,4858;4873,2,0,0,0,0,0,0,0,0,0,0,0,0,1,1,8,8,9,9,9,9,8,8,8,8,7,7,7,7,7,7,8,8,8,8,8,8,7,7,2,2,1,1,1,1,1,1,0,0,,,,,,,,,,,,,,,,,,,,,,,,,,,,,,,,,,,,,,,,,,,,,,,,
4861,2000,4866,5105,,0,35,35,36,36,25,25,28,28,32,32,35,35,97,97,1022,1022,1178,1178,1132,1132,1080,1080,1021,1021,934,934,983,983,962,962,1015,1015,1036,1036,1085,1085,989,989,272,272,175,175,118,118,86,86,44,44,,,,,,,,,,,,,,,,,,,,,,,,,,,,,,,,,,,,,,,,,,,,,,,,
4862,2500,5213,5217,,0,35,35,36,36,25,25,28,28,32,32,35,35,97,97,1022,1022,1178,1178,1132,1132,1080,1080,1021,1021,934,934,983,983,962,962,1015,1015,1036,1036,1085,1085,989,989,272,272,175,175,118,118,86,86,44,44,,,,,,,,,,,,,,,,,,,,,,,,,,,,,,,,,,,,,,,,,,,,,,,,
4863,4400,4907,4856,4852,1,45,45,47,47,33,33,35,35,41,41,45,45,124,124,992,992,1181,1181,1077,1077,1006,1006,974,974,886,886,926,926,944,944,973,973,1007,1007,1062,1062,978,978,349,349,224,224,151,151,110,110,56,56,,,,,,,,,,,,,,,,,,,,,,,,,,,,,,,,,,,,,,,,,,,,,,,,
4864,3500,4866,5239,,0,35,35,36,36,25,25,28,28,32,32,35,35,97,97,1022,1022,1178,1178,1132,1132,1080,1080,1021,1021,934,934,983,983,962,962,1015,1015,1036,1036,1085,1085,989,989,272,272,175,175,118,118,86,86,44,44,,,,,,,,,,,,,,,,,,,,,,,,,,,,,,,,,,,,,,,,,,,,,,,,
4865,1600,4860,5219,,0,0,0,0,0,0,0,0,0,0,0,0,0,1,1,6,6,7,7,7,7,7,7,6,6,6,6,6,6,6,6,6,6,6,6,7,7,6,6,2,2,1,1,1,1,1,1,0,0,,,,,,,,,,,,,,,,,,,,,,,,,,,,,,,,,,,,,,,,,,,,,,,,
4866,3500,4861,4945,4864;4868,2,35,35,36,36,25,25,28,28,32,32,35,35,97,97,1022,1022,1178,1178,1132,1132,1080,1080,1021,1021,934,934,983,983,962,962,1015,1015,1036,1036,1085,1085,989,989,272,272,175,175,118,118,86,86,44,44,,,,,,,,,,,,,,,,,,,,,,,,,,,,,,,,,,,,,,,,,,,,,,,,
4867,4400,5233,4874,,0,35,35,36,36,25,25,28,28,32,32,35,35,97,97,1022,1022,1178,1178,1132,1132,1080,1080,1021,1021,934,934,983,983,962,962,1015,1015,1036,1036,1085,1085,989,989,272,272,175,175,118,118,86,86,44,44,,,,,,,,,,,,,,,,,,,,,,,,,,,,,,,,,,,,,,,,,,,,,,,,
4868,3000,5235,4866,,0,35,35,36,36,25,25,28,28,32,32,35,35,97,97,1022,1022,1178,1178,1132,1132,1080,1080,1021,1021,934,934,983,983,962,962,1015,1015,1036,1036,1085,1085,989,989,272,272,175,175,118,118,86,86,44,44,,,,,,,,,,,,,,,,,,,,,,,,,,,,,,,,,,,,,,,,,,,,,,,,
4869,1600,5248,5243,,0,0,0,0,0,0,0,0,0,0,0,0,0,1,1,7,7,8,8,8,8,7,7,7,7,6,6,7,7,7,7,7,7,7,7,8,8,7,7,2,2,1,1,1,1,1,1,0,0,,,,,,,,,,,,,,,,,,,,,,,,,,,,,,,,,,,,,,,,,,,,,,,,
487,4400,488,124,,0,27,27,28,28,20,20,21,21,25,25,27,27,74,74,1049,1049,1182,1182,1170,1170,1126,1126,1056,1056,970,970,1022,1022,982,982,1052,1052,1066,1066,1112,1112,1010,1010,210,210,134,134,91,91,66,66,34,34,,,,,,,,,,,,,,,,,,,,,,,,,,,,,,,,,,,,,,,,,,,,,,,,
4870,3000,4855,5248,,0,45,45,47,47,33,33,35,35,41,41,45,45,124,124,992,992,1181,1181,1077,1077,1006,1006,974,974,886,886,926,926,944,944,973,973,1007,1007,1062,1062,978,978,349,349,224,224,151,151,110,110,56,56,,,,,,,,,,,,,,,,,,,,,,,,,,,,,,,,,,,,,,,,,,,,,,,,
4871,2500,5229,5221,,0,35,35,36,36,25,25,28,28,32,32,35,35,97,97,1022,1022,1178,1178,1132,1132,1080,1080,1021,1021,934,934,983,983,962,962,1015,1015,1036,1036,1085,1085,989,989,272,272,175,175,118,118,86,86,44,44,,,,,,,,,,,,,,,,,,,,,,,,,,,,,,,,,,,,,,,,,,,,,,,,
4872,3000,5245,5237,,0,45,45,47,47,33,33,35,35,41,41,45,45,124,124,992,992,1181,1181,1077,1077,1006,1006,974,974,886,886,926,926,944,944,973,973,1007,1007,1062,1062,978,978,349,349,224,224,151,151,110,110,56,56,,,,,,,,,,,,,,,,,,,,,,,,,,,,,,,,,,,,,,,,,,,,,,,,
4873,1200,5229,4860,,0,0,0,0,0,0,0,0,0,0,0,0,0,0,0,4,4,4,4,4,4,4,4,4,4,3,3,4,4,4,4,4,4,4,4,4,4,4,4,1,1,1,1,0,0,0,0,0,0,,,,,,,,,,,,,,,,,,,,,,,,,,,,,,,,,,,,,,,,,,,,,,,,
4874,4400,5226,5234,4867;5230,2,35,35,36,36,25,25,28,28,32,32,35,35,97,97,1022,1022,1178,1178,1132,1132,1080,1080,1021,1021,934,934,983,983,962,962,1015,1015,1036,1036,1085,1085,989,989,272,272,175,175,118,118,86,86,44,44,,,,,,,,,,,,,,,,,,,,,,,,,,,,,,,,,,,,,,,,,,,,,,,,
4875,2000,5241,5247,,0,45,45,47,47,33,33,35,35,41,41,45,45,124,124,992,992,1181,1181,1077,1077,1006,1006,974,974,886,886,926,926,944,944,973,973,1007,1007,1062,1062,978,978,349,349,224,224,151,151,110,110,56,56,,,,,,,,,,,,,,,,,,,,,,,,,,,,,,,,,,,,,,,,,,,,,,,,
4876,1600,4881,5221,,0,1,1,1,1,0,0,0,0,1,1,1,1,2,2,16,16,18,18,17,17,17,17,16,16,14,14,15,15,15,15,16,16,16,16,17,17,15,15,4,4,3,3,2,2,1,1,1,1,,,,,,,,,,,,,,,,,,,,,,,,,,,,,,,,,,,,,,,,,,,,,,,,
4877,1200,5247,5248,,0,0,0,0,0,0,0,0,0,0,0,0,0,1,1,12,12,14,14,13,13,12,12,12,12,11,11,11,11,12,12,12,12,12,12,13,13,12,12,4,4,2,2,2,2,1,1,1,1,,,,,,,,,,,,,,,,,,,,,,,,,,,,,,,,,,,,,,,,,,,,,,,,
4878,2000,4880,5251,,0,45,45,47,47,33,33,35,35,41,41,45,45,124,124,992,992,1181,1181,1077,1077,1006,1006,974,974,886,886,926,926,944,944,973,973,1007,1007,1062,1062,978,978,349,349,224,224,151,151,110,110,56,56,,,,,,,,,,,,,,,,,,,,,,,,,,,,,,,,,,,,,,,,,,,,,,,,
4879,3500,4881,5227,,0,35,35,36,36,25,25,28,28,32,32,35,35,97,97,1022,1022,1178,1178,1132,1132,1080,1080,1021,1021,934,934,983,983,962,962,1015,1015,1036,1036,1085,1085,989,989,272,272,175,175,118,118,86,86,44,44,,,,,,,,,,,,,,,,,,,,,,,,,,,,,,,,,,,,,,,,,,,,,,,,
488,3500,128,489,495;487,2,27,27,28,28,20,20,21,21,25,25,27,27,74,74,1049,1049,1182,1182,1170,1170,1126,1126,1056,1056,970,970,1022,1022,982,982,1052,1052,1066,1066,1112,1112,1010,1010,210,210,134,134,91,91,66,66,34,34,,,,,,,,,,,,,,,,,,,,,,,,,,,,,,,,,,,,,,,,,,,,,,,,
4880,2500,4884,4878,5246;5204,2,45,45,47,47,33,33,35,35,41,41,45,45,124,124,992,992,1181,1181,1077,1077,1006,1006,974,974,886,886,926,926,944,944,973,973,1007,1007,1062,1062,978,978,349,349,224,224,151,151,110,110,56,56,,,,,,,,,,,,,,,,,,,,,,,,,,,,,,,,,,,,,,,,,,,,,,,,
4881,3000,4876,4891,4879;5222,2,35,35,36,36,25,25,28,28,32,32,35,35,97,97,1022,1022,1178,1178,1132,1132,1080,1080,1021,1021,934,934,983,983,962,962,1015,1015,1036,1036,1085,1085,989,989,272,272,175,175,118,118,86,86,44,44,,,,,,,,,,,,,,,,,,,,,,,,,,,,,,,,,,,,,,,,,,,,,,,,
4882,4400,,tran_e1d10cab-2ca2-4d6c-89df-46782bd6d436,tran_aaea5f34-f4c2-4aa9-b3a9-f43b2581d834,1,45,45,47,47,33,33,35,35,41,41,45,45,124,124,992,992,1181,1181,1077,1077,1006,1006,974,974,886,886,926,926,944,944,973,973,1007,1007,1062,1062,978,978,349,349,224,224,151,151,110,110,56,56,,,,,,,,,,,,,,,,,,,,,,,,,,,,,,,,,,,,,,,,,,,,,,,,
4883,4400,5245,4855,,0,45,45,47,47,33,33,35,35,41,41,45,45,124,124,992,992,1181,1181,1077,1077,1006,1006,974,974,886,886,926,926,944,944,973,973,1007,1007,1062,1062,978,978,349,349,224,224,151,151,110,110,56,56,,,,,,,,,,,,,,,,,,,,,,,,,,,,,,,,,,,,,,,,,,,,,,,,
4884,2000,4885,4880,,0,45,45,47,47,33,33,35,35,41,41,45,45,124,124,992,992,1181,1181,1077,1077,1006,1006,974,974,886,886,926,926,944,944,973,973,1007,1007,1062,1062,978,978,349,349,224,224,151,151,110,110,56,56,,,,,,,,,,,,,,,,,,,,,,,,,,,,,,,,,,,,,,,,,,,,,,,,
4885,2500,4884,4887,5240;4903,2,45,45,47,47,33,33,35,35,41,41,45,45,124,124,992,992,1181,1181,1077,1077,1006,1006,974,974,886,886,926,926,944,944,973,973,1007,1007,1062,1062,978,978,349,349,224,224,151,151,110,110,56,56,,,,,,,,,,,,,,,,,,,,,,,,,,,,,,,,,,,,,,,,,,,,,,,,
4886,3500,5255,tran_74e7f691-e4f8-488b-b2a9-8163b4d2493a,,0,67,67,70,70,49,49,53,53,62,62,67,67,186,186,910,910,1134,1134,1023,1023,977,977,900,900,812,812,861,861,864,864,851,851,886,886,939,939,854,854,524,524,336,336,227,227,165,165,84,84,,,,,,,,,,,,,,,,,,,,,,,,,,,,,,,,,,,,,,,,,,,,,,,,
4887,2000,5191,4885,,0,45,45,47,47,33,33,35,35,41,41,45,45,124,124,992,992,1181,1181,1077,1077,1006,1006,974,974,886,886,926,926,944,944,973,973,1007,1007,1062,1062,978,978,349,349,224,224,151,151,110,110,56,56,,,,,,,,,,,,,,,,,,,,,,,,,,,,,,,,,,,,,,,,,,,,,,,,
4888,3500,5213,4898,4893,1,35,35,36,36,25,25,28,28,32,32,35,35,97,97,1022,1022,1178,1178,1132,1132,1080,1080,1021,1021,934,934,983,983,962,962,1015,1015,1036,1036,1085,1085,989,989,272,272,175,175,118,118,86,86,44,44,,,,,,,,,,,,,,,,,,,,,,,,,,,,,,,,,,,,,,,,,,,,,,,,
4889,2000,5203,5205,,0,45,45,47,47,33,33,35,35,41,41,45,45,124,124,992,992,1181,1181,1077,1077,1006,1006,974,974,886,886,926,926,944,944,973,973,1007,1007,1062,1062,978,978,349,349,224,224,151,151,110,110,56,56,,,,,,,,,,,,,,,,,,,,,,,,,,,,,,,,,,,,,,,,,,,,,,,,
489,2500,488,490,,0,27,27,28,28,20,20,21,21,25,25,27,27,74,74,1049,1049,1182,1182,1170,1170,1126,1126,1056,1056,970,970,1022,1022,982,982,1052,1052,1066,1066,1112,1112,1010,1010,210,210,134,134,91,91,66,66,34,34,,,,,,,,,,,,,,,,,,,,,,,,,,,,,,,,,,,,,,,,,,,,,,,,
4890,3500,5187,5235,,0,35,35,36,36,25,25,28,28,32,32,35,35,97,97,1022,1022,1178,1178,1132,1132,1080,1080,1021,1021,934,934,983,983,962,962,1015,1015,1036,1036,1085,1085,989,989,272,272,175,175,118,118,86,86,44,44,,,,,,,,,,,,,,,,,,,,,,,,,,,,,,,,,,,,,,,,,,,,,,,,
4891,2500,4896,4881,,0,35,35,36,36,25,25,28,28,32,32,35,35,97,97,1022,1022,1178,1178,1132,1132,1080,1080,1021,1021,934,934,983,983,962,962,1015,1015,1036,1036,1085,1085,989,989,272,272,175,175,118,118,86,86,44,44,,,,,,,,,,,,,,,,,,,,,,,,,,,,,,,,,,,,,,,,,,,,,,,,
4892,2500,5231,5225,,0,35,35,36,36,25,25,28,28,32,32,35,35,97,97,1022,1022,1178,1178,1132,1132,1080,1080,1021,1021,934,934,983,983,962,962,1015,1015,1036,1036,1085,1085,989,989,272,272,175,175,118,118,86,86,44,44,,,,,,,,,,,,,,,,,,,,,,,,,,,,,,,,,,,,,,,,,,,,,,,,
4893,2000,,4888,4898,1,35,35,36,36,25,25,28,28,32,32,35,35,97,97,1022,1022,1178,1178,1132,1132,1080,1080,1021,1021,934,934,983,983,962,962,1015,1015,1036,1036,1085,1085,989,989,272,272,175,175,118,118,86,86,44,44,,,,,,,,,,,,,,,,,,,,,,,,,,,,,,,,,,,,,,,,,,,,,,,,
4894,4000,4898,5223,,0,35,35,36,36,25,25,28,28,32,32,35,35,97,97,1022,1022,1178,1178,1132,1132,1080,1080,1021,1021,934,934,983,983,962,962,1015,1015,1036,1036,1085,1085,989,989,272,272,175,175,118,118,86,86,44,44,,,,,,,,,,,,,,,,,,,,,,,,,,,,,,,,,,,,,,,,,,,,,,,,
4895,2000,4899,5255,,0,45,45,47,47,33,33,35,35,41,41,45,45,124,124,992,992,1181,1181,1077,1077,1006,1006,974,974,886,886,926,926,944,944,973,973,1007,1007,1062,1062,978,978,349,349,224,224,151,151,110,110,56,56,,,,,,,,,,,,,,,,,,,,,,,,,,,,,,,,,,,,,,,,,,,,,,,,
4896,1600,5224,4908,4891;4950,2,0,0,0,0,0,0,0,0,0,0,0,0,1,1,10,10,11,11,11,11,10,10,10,10,9,9,9,9,9,9,10,10,10,10,10,10,9,9,3,3,2,2,1,1,1,1,0,0,,,,,,,,,,,,,,,,,,,,,,,,,,,,,,,,,,,,,,,,,,,,,,,,
4897,3500,tran_74e7f691-e4f8-488b-b2a9-8163b4d2493a,4899,,0,45,45,47,47,33,33,35,35,41,41,45,45,124,124,992,992,1181,1181,1077,1077,1006,1006,974,974,886,886,926,926,944,944,973,973,1007,1007,1062,1062,978,978,349,349,224,224,151,151,110,110,56,56,,,,,,,,,,,,,,,,,,,,,,,,,,,,,,,,,,,,,,,,,,,,,,,,
4898,4000,4894,4900,4888;4893;4906;5152,4,35,35,36,36,25,25,28,28,32,32,35,35,97,97,1022,1022,1178,1178,1132,1132,1080,1080,1021,1021,934,934,983,983,962,962,1015,1015,1036,1036,1085,1085,989,989,272,272,175,175,118,118,86,86,44,44,,,,,,,,,,,,,,,,,,,,,,,,,,,,,,,,,,,,,,,,,,,,,,,,
4899,2000,4915,4895,4897;4904,2,45,45,47,47,33,33,35,35,41,41,45,45,124,124,992,992,1181,1181,1077,1077,1006,1006,974,974,886,886,926,926,944,944,973,973,1007,1007,1062,1062,978,978,349,349,224,224,151,151,110,110,56,56,,,,,,,,,,,,,,,,,,,,,,,,,,,,,,,,,,,,,,,,,,,,,,,,
49,2000,378,52,,0,50,50,52,52,37,37,40,40,46,46,50,50,140,140,967,967,1151,1151,1088,1088,1047,1047,967,967,880,880,932,932,911,911,933,933,958,958,1007,1007,913,913,393,393,252,252,170,170,124,124,63,63,,,,,,,,,,,,,,,,,,,,,,,,,,,,,,,,,,,,,,,,,,,,,,,,
490,1000,112,104,489,1,27,27,28,28,20,20,21,21,25,25,27,27,74,74,1049,1049,1182,1182,1170,1170,1126,1126,1056,1056,970,970,1022,1022,982,982,1052,1052,1066,1066,1112,1112,1010,1010,210,210,134,134,91,91,66,66,34,34,,,,,,,,,,,,,,,,,,,,,,,,,,,,,,,,,,,,,,,,,,,,,,,,
4900,800,4898,4918,,0,0,0,1,1,0,0,0,0,0,0,0,0,1,1,14,14,16,16,16,16,15,15,14,14,13,13,14,14,13,13,14,14,14,14,15,15,14,14,4,4,2,2,2,2,1,1,1,1,,,,,,,,,,,,,,,,,,,,,,,,,,,,,,,,,,,,,,,,,,,,,,,,
4901,2000,5187,5185,,0,67,67,70,70,49,49,53,53,62,62,67,67,186,186,910,910,1134,1134,1023,1023,977,977,900,900,812,812,861,861,864,864,851,851,886,886,939,939,854,854,524,524,336,336,227,227,165,165,84,84,,,,,,,,,,,,,,,,,,,,,,,,,,,,,,,,,,,,,,,,,,,,,,,,
4902,4400,5231,4910,,0,35,35,36,36,25,25,28,28,32,32,35,35,97,97,1022,1022,1178,1178,1132,1132,1080,1080,1021,1021,934,934,983,983,962,962,1015,1015,1036,1036,1085,1085,989,989,272,272,175,175,118,118,86,86,44,44,,,,,,,,,,,,,,,,,,,,,,,,,,,,,,,,,,,,,,,,,,,,,,,,
4903,4400,4885,5203,,0,45,45,47,47,33,33,35,35,41,41,45,45,124,124,992,992,1181,1181,1077,1077,1006,1006,974,974,886,886,926,926,944,944,973,973,1007,1007,1062,1062,978,978,349,349,224,224,151,151,110,110,56,56,,,,,,,,,,,,,,,,,,,,,,,,,,,,,,,,,,,,,,,,,,,,,,,,
4904,1200,4899,4911,,0,0,0,0,0,0,0,0,0,0,0,0,0,1,1,11,11,13,13,12,12,11,11,11,11,10,10,11,11,11,11,11,11,12,12,12,12,11,11,3,3,2,2,2,2,1,1,1,1,,,,,,,,,,,,,,,,,,,,,,,,,,,,,,,,,,,,,,,,,,,,,,,,
4905,1600,4909,5207,,0,0,0,0,0,0,0,0,0,0,0,0,0,1,1,6,6,7,7,6,6,6,6,6,6,5,5,6,6,6,6,6,6,6,6,6,6,6,6,2,2,1,1,1,1,1,1,0,0,,,,,,,,,,,,,,,,,,,,,,,,,,,,,,,,,,,,,,,,,,,,,,,,
4906,2000,5152,,4898,1,35,35,36,36,25,25,28,28,32,32,35,35,97,97,1022,1022,1178,1178,1132,1132,1080,1080,1021,1021,934,934,983,983,962,962,1015,1015,1036,1036,1085,1085,989,989,272,272,175,175,118,118,86,86,44,44,,,,,,,,,,,,,,,,,,,,,,,,,,,,,,,,,,,,,,,,,,,,,,,,
4907,4400,5253,4863,,0,45,45,47,47,33,33,35,35,41,41,45,45,124,124,992,992,1181,1181,1077,1077,1006,1006,974,974,886,886,926,926,944,944,973,973,1007,1007,1062,1062,978,978,349,349,224,224,151,151,110,110,56,56,,,,,,,,,,,,,,,,,,,,,,,,,,,,,,,,,,,,,,,,,,,,,,,,
4908,1600,4896,5161,,0,1,1,1,1,0,0,0,0,0,0,1,1,1,1,14,14,16,16,16,16,15,15,14,14,13,13,14,14,13,13,14,14,14,14,15,15,14,14,4,4,3,3,2,2,1,1,1,1,,,,,,,,,,,,,,,,,,,,,,,,,,,,,,,,,,,,,,,,,,,,,,,,
4909,1600,4905,4916,5202;4917,2,0,0,1,1,0,0,0,0,0,0,0,0,1,1,13,13,15,15,14,14,13,13,13,13,11,11,12,12,12,12,13,13,13,13,14,14,13,13,4,4,3,3,2,2,1,1,1,1,,,,,,,,,,,,,,,,,,,,,,,,,,,,,,,,,,,,,,,,,,,,,,,,
491,1200,492,131,,0,0,0,0,0,0,0,0,0,0,0,0,0,1,1,6,6,7,7,7,7,7,7,6,6,6,6,6,6,6,6,6,6,6,6,6,6,6,6,3,3,2,2,1,1,1,1,0,0,,,,,,,,,,,,,,,,,,,,,,,,,,,,,,,,,,,,,,,,,,,,,,,,
4910,2500,4925,5186,4902;4977,2,35,35,36,36,25,25,28,28,32,32,35,35,97,97,1022,1022,1178,1178,1132,1132,1080,1080,1021,1021,934,934,983,983,962,962,1015,1015,1036,1036,1085,1085,989,989,272,272,175,175,118,118,86,86,44,44,,,,,,,,,,,,,,,,,,,,,,,,,,,,,,,,,,,,,,,,,,,,,,,,
4911,1600,4904,5200,5250;4922,2,0,0,0,0,0,0,0,0,0,0,0,0,1,1,10,10,12,12,11,11,10,10,10,10,9,9,10,10,10,10,10,10,11,11,11,11,10,10,3,3,2,2,1,1,1,1,1,1,,,,,,,,,,,,,,,,,,,,,,,,,,,,,,,,,,,,,,,,,,,,,,,,
4912,1600,5201,5207,,0,1,1,1,1,0,0,0,0,1,1,1,1,2,2,14,14,17,17,15,15,14,14,14,14,13,13,13,13,14,14,14,14,15,15,15,15,14,14,4,4,3,3,2,2,1,1,1,1,,,,,,,,,,,,,,,,,,,,,,,,,,,,,,,,,,,,,,,,,,,,,,,,
4913,3000,5225,5167,,0,35,35,36,36,25,25,28,28,32,32,35,35,97,97,1022,1022,1178,1178,1132,1132,1080,1080,1021,1021,934,934,983,983,962,962,1015,1015,1036,1036,1085,1085,989,989,272,272,175,175,118,118,86,86,44,44,,,,,,,,,,,,,,,,,,,,,,,,,,,,,,,,,,,,,,,,,,,,,,,,
4914,2500,5239,4840,,0,45,45,47,47,33,33,35,35,41,41,45,45,124,124,992,992,1181,1181,1077,1077,1006,1006,974,974,886,886,926,926,944,944,973,973,1007,1007,1062,1062,978,978,349,349,224,224,151,151,110,110,56,56,,,,,,,,,,,,,,,,,,,,,,,,,,,,,,,,,,,,,,,,,,,,,,,,
4915,2000,5209,4899,,0,45,45,47,47,33,33,35,35,41,41,45,45,124,124,992,992,1181,1181,1077,1077,1006,1006,974,974,886,886,926,926,944,944,973,973,1007,1007,1062,1062,978,978,349,349,224,224,151,151,110,110,56,56,,,,,,,,,,,,,,,,,,,,,,,,,,,,,,,,,,,,,,,,,,,,,,,,
4916,1500,4909,4921,,0,67,67,70,70,49,49,53,53,62,62,67,67,186,186,910,910,1134,1134,1023,1023,977,977,900,900,812,812,861,861,864,864,851,851,886,886,939,939,854,854,524,524,336,336,227,227,165,165,84,84,,,,,,,,,,,,,,,,,,,,,,,,,,,,,,,,,,,,,,,,,,,,,,,,
4917,4400,4909,4923,,0,45,45,47,47,33,33,35,35,41,41,45,45,124,124,992,992,1181,1181,1077,1077,1006,1006,974,974,886,886,926,926,944,944,973,973,1007,1007,1062,1062,978,978,349,349,224,224,151,151,110,110,56,56,,,,,,,,,,,,,,,,,,,,,,,,,,,,,,,,,,,,,,,,,,,,,,,,
4918,4000,4900,4924,,0,67,67,70,70,49,49,53,53,62,62,67,67,186,186,910,910,1134,1134,1023,1023,977,977,900,900,812,812,861,861,864,864,851,851,886,886,939,939,854,854,524,524,336,336,227,227,165,165,84,84,,,,,,,,,,,,,,,,,,,,,,,,,,,,,,,,,,,,,,,,,,,,,,,,
4919,2000,5201,4923,,0,0,0,0,0,0,0,0,0,0,0,0,0,0,0,1156,1156,1275,1275,1184,1184,1063,1063,1121,1121,1033,1033,1056,1056,1105,1105,1218,1218,1250,1250,1308,1308,1226,1226,0,0,0,0,0,0,0,0,0,0,,,,,,,,,,,,,,,,,,,,,,,,,,,,,,,,,,,,,,,,,,,,,,,,
492,1000,491,129,493,1,50,50,52,52,37,37,40,40,46,46,50,50,140,140,967,967,1151,1151,1088,1088,1047,1047,967,967,880,880,932,932,911,911,933,933,958,958,1007,1007,913,913,393,393,252,252,170,170,124,124,63,63,,,,,,,,,,,,,,,,,,,,,,,,,,,,,,,,,,,,,,,,,,,,,,,,
4920,3000,5181,5189,,0,45,45,47,47,33,33,35,35,41,41,45,45,124,124,992,992,1181,1181,1077,1077,1006,1006,974,974,886,886,926,926,944,944,973,973,1007,1007,1062,1062,978,978,349,349,224,224,151,151,110,110,56,56,,,,,,,,,,,,,,,,,,,,,,,,,,,,,,,,,,,,,,,,,,,,,,,,
4921,2000,4916,4935,5188;4927,2,64,64,66,66,46,46,50,50,58,58,64,64,177,177,964,964,1170,1170,1064,1064,1027,1027,941,941,866,866,890,890,916,916,907,907,932,932,994,994,922,922,526,526,334,334,222,222,162,162,84,84,,,,,,,,,,,,,,,,,,,,,,,,,,,,,,,,,,,,,,,,,,,,,,,,
4922,4400,4928,4911,,0,45,45,47,47,33,33,35,35,41,41,45,45,124,124,992,992,1181,1181,1077,1077,1006,1006,974,974,886,886,926,926,944,944,973,973,1007,1007,1062,1062,978,978,349,349,224,224,151,151,110,110,56,56,,,,,,,,,,,,,,,,,,,,,,,,,,,,,,,,,,,,,,,,,,,,,,,,
4923,2500,4931,4919,4917;4933,2,64,64,66,66,46,46,50,50,58,58,64,64,177,177,964,964,1170,1170,1064,1064,1027,1027,941,941,866,866,890,890,916,916,907,907,932,932,994,994,922,922,526,526,334,334,222,222,162,162,84,84,,,,,,,,,,,,,,,,,,,,,,,,,,,,,,,,,,,,,,,,,,,,,,,,
4924,4400,503,5136,4918;179,2,0,0,0,0,0,0,0,0,0,0,0,0,0,0,1138,1138,1201,1201,1284,1284,1257,1257,1168,1168,1084,1084,1145,1145,1051,1051,1179,1179,1173,1173,1211,1211,1091,1091,0,0,0,0,0,0,0,0,0,0,,,,,,,,,,,,,,,,,,,,,,,,,,,,,,,,,,,,,,,,,,,,,,,,
4925,1500,4910,5169,,0,35,35,36,36,25,25,28,28,32,32,35,35,97,97,1022,1022,1178,1178,1132,1132,1080,1080,1021,1021,934,934,983,983,962,962,1015,1015,1036,1036,1085,1085,989,989,272,272,175,175,118,118,86,86,44,44,,,,,,,,,,,,,,,,,,,,,,,,,,,,,,,,,,,,,,,,,,,,,,,,
4926,3000,5183,5177,,0,45,45,47,47,33,33,35,35,41,41,45,45,124,124,992,992,1181,1181,1077,1077,1006,1006,974,974,886,886,926,926,944,944,973,973,1007,1007,1062,1062,978,978,349,349,224,224,151,151,110,110,56,56,,,,,,,,,,,,,,,,,,,,,,,,,,,,,,,,,,,,,,,,,,,,,,,,
4927,2000,4932,4921,,0,64,64,66,66,46,46,50,50,58,58,64,64,177,177,964,964,1170,1170,1064,1064,1027,1027,941,941,866,866,890,890,916,916,907,907,932,932,994,994,922,922,526,526,334,334,222,222,162,162,84,84,,,,,,,,,,,,,,,,,,,,,,,,,,,,,,,,,,,,,,,,,,,,,,,,
4928,4400,5208,4938,4922;4929;4934;4937,4,64,64,66,66,46,46,50,50,58,58,64,64,177,177,964,964,1170,1170,1064,1064,1027,1027,941,941,866,866,890,890,916,916,907,907,932,932,994,994,922,922,526,526,334,334,222,222,162,162,84,84,,,,,,,,,,,,,,,,,,,,,,,,,,,,,,,,,,,,,,,,,,,,,,,,
4929,2200,4928,5210,,0,64,64,66,66,46,46,50,50,58,58,64,64,177,177,964,964,1170,1170,1064,1064,1027,1027,941,941,866,866,890,890,916,916,907,907,932,932,994,994,922,922,526,526,334,334,222,222,162,162,84,84,,,,,,,,,,,,,,,,,,,,,,,,,,,,,,,,,,,,,,,,,,,,,,,,
493,1600,492,494,,0,0,0,0,0,0,0,0,0,0,0,0,0,1,1,9,9,10,10,10,10,9,9,8,8,8,8,8,8,8,8,8,8,8,8,9,9,8,8,4,4,2,2,2,2,1,1,1,1,,,,,,,,,,,,,,,,,,,,,,,,,,,,,,,,,,,,,,,,,,,,,,,,
4930,2500,5159,5153,,0,34,34,35,35,24,24,26,26,31,31,34,34,93,93,1033,1033,1204,1204,1104,1104,1020,1020,1010,1010,922,922,958,958,984,984,1034,1034,1068,1068,1124,1124,1040,1040,262,262,168,168,114,114,82,82,42,42,,,,,,,,,,,,,,,,,,,,,,,,,,,,,,,,,,,,,,,,,,,,,,,,
4931,2000,4932,4923,,0,64,64,66,66,46,46,50,50,58,58,64,64,177,177,964,964,1170,1170,1064,1064,1027,1027,941,941,866,866,890,890,916,916,907,907,932,932,994,994,922,922,526,526,334,334,222,222,162,162,84,84,,,,,,,,,,,,,,,,,,,,,,,,,,,,,,,,,,,,,,,,,,,,,,,,
4932,2500,4931,4949,4927;4943,2,64,64,66,66,46,46,50,50,58,58,64,64,177,177,964,964,1170,1170,1064,1064,1027,1027,941,941,866,866,890,890,916,916,907,907,932,932,994,994,922,922,526,526,334,334,222,222,162,162,84,84,,,,,,,,,,,,,,,,,,,,,,,,,,,,,,,,,,,,,,,,,,,,,,,,
4933,4400,4939,4923,,0,64,64,66,66,46,46,50,50,58,58,64,64,177,177,964,964,1170,1170,1064,1064,1027,1027,941,941,866,866,890,890,916,916,907,907,932,932,994,994,922,922,526,526,334,334,222,222,162,162,84,84,,,,,,,,,,,,,,,,,,,,,,,,,,,,,,,,,,,,,,,,,,,,,,,,
4934,3300,,4928,4940,1,64,64,66,66,46,46,50,50,58,58,64,64,177,177,964,964,1170,1170,1064,1064,1027,1027,941,941,866,866,890,890,916,916,907,907,932,932,994,994,922,922,526,526,334,334,222,222,162,162,84,84,,,,,,,,,,,,,,,,,,,,,,,,,,,,,,,,,,,,,,,,,,,,,,,,
4935,2500,4921,5179,,0,64,64,66,66,46,46,50,50,58,58,64,64,177,177,964,964,1170,1170,1064,1064,1027,1027,941,941,866,866,890,890,916,916,907,907,932,932,994,994,922,922,526,526,334,334,222,222,162,162,84,84,,,,,,,,,,,,,,,,,,,,,,,,,,,,,,,,,,,,,,,,,,,,,,,,
4936,2000,5165,5157,,0,34,34,35,35,24,24,26,26,31,31,34,34,93,93,1033,1033,1204,1204,1104,1104,1020,1020,1010,1010,922,922,958,958,984,984,1034,1034,1068,1068,1124,1124,1040,1040,262,262,168,168,114,114,82,82,42,42,,,,,,,,,,,,,,,,,,,,,,,,,,,,,,,,,,,,,,,,,,,,,,,,
4937,1200,4928,4955,,0,0,0,0,0,0,0,0,0,0,0,0,0,1,1,7,7,8,8,7,7,7,7,7,7,6,6,6,6,6,6,6,6,6,6,7,7,6,6,3,3,2,2,1,1,1,1,1,1,,,,,,,,,,,,,,,,,,,,,,,,,,,,,,,,,,,,,,,,,,,,,,,,
4938,2750,4928,4939,,0,64,64,66,66,46,46,50,50,58,58,64,64,177,177,964,964,1170,1170,1064,1064,1027,1027,941,941,866,866,890,890,916,916,907,907,932,932,994,994,922,922,526,526,334,334,222,222,162,162,84,84,,,,,,,,,,,,,,,,,,,,,,,,,,,,,,,,,,,,,,,,,,,,,,,,
4939,3300,4938,4951,4933;4946,2,64,64,66,66,46,46,50,50,58,58,64,64,177,177,964,964,1170,1170,1064,1064,1027,1027,941,941,866,866,890,890,916,916,907,907,932,932,994,994,922,922,526,526,334,334,222,222,162,162,84,84,,,,,,,,,,,,,,,,,,,,,,,,,,,,,,,,,,,,,,,,,,,,,,,,
494,800,493,123,122,1,0,0,0,0,0,0,0,0,0,0,0,0,1,1,8,8,9,9,8,8,8,8,8,8,7,7,7,7,7,7,7,7,7,7,8,8,7,7,3,3,2,2,1,1,1,1,1,1,,,,,,,,,,,,,,,,,,,,,,,,,,,,,,,,,,,,,,,,,,,,,,,,
4940,4400,4955,5210,4934;4948,2,64,64,66,66,46,46,50,50,58,58,64,64,177,177,964,964,1170,1170,1064,1064,1027,1027,941,941,866,866,890,890,916,916,907,907,932,932,994,994,922,922,526,526,334,334,222,222,162,162,84,84,,,,,,,,,,,,,,,,,,,,,,,,,,,,,,,,,,,,,,,,,,,,,,,,
4941,2500,5169,4947,,0,34,34,35,35,24,24,26,26,31,31,34,34,93,93,1033,1033,1204,1204,1104,1104,1020,1020,1010,1010,922,922,958,958,984,984,1034,1034,1068,1068,1124,1124,1040,1040,262,262,168,168,114,114,82,82,42,42,,,,,,,,,,,,,,,,,,,,,,,,,,,,,,,,,,,,,,,,,,,,,,,,
4942,1600,4947,5175,,0,0,0,0,0,0,0,0,0,0,0,0,0,0,0,6,6,7,7,6,6,6,6,6,6,5,5,5,5,5,5,6,6,6,6,6,6,6,6,1,1,1,1,1,1,0,0,0,0,,,,,,,,,,,,,,,,,,,,,,,,,,,,,,,,,,,,,,,,,,,,,,,,
4943,1600,4932,4957,,0,0,0,0,0,0,0,0,0,0,0,0,0,1,1,7,7,8,8,7,7,7,7,7,7,6,6,6,6,6,6,6,6,6,6,7,7,6,6,3,3,2,2,1,1,1,1,1,1,,,,,,,,,,,,,,,,,,,,,,,,,,,,,,,,,,,,,,,,,,,,,,,,
4944,2200,5210,4959,,0,64,64,66,66,46,46,50,50,58,58,64,64,177,177,964,964,1170,1170,1064,1064,1027,1027,941,941,866,866,890,890,916,916,907,907,932,932,994,994,922,922,526,526,334,334,222,222,162,162,84,84,,,,,,,,,,,,,,,,,,,,,,,,,,,,,,,,,,,,,,,,,,,,,,,,
4945,2500,4866,5185,,0,35,35,36,36,25,25,28,28,32,32,35,35,97,97,1022,1022,1178,1178,1132,1132,1080,1080,1021,1021,934,934,983,983,962,962,1015,1015,1036,1036,1085,1085,989,989,272,272,175,175,118,118,86,86,44,44,,,,,,,,,,,,,,,,,,,,,,,,,,,,,,,,,,,,,,,,,,,,,,,,
4946,3300,4939,4958,,0,64,64,66,66,46,46,50,50,58,58,64,64,177,177,964,964,1170,1170,1064,1064,1027,1027,941,941,866,866,890,890,916,916,907,907,932,932,994,994,922,922,526,526,334,334,222,222,162,162,84,84,,,,,,,,,,,,,,,,,,,,,,,,,,,,,,,,,,,,,,,,,,,,,,,,
4947,1600,4952,4942,4941;4987,2,0,0,0,0,0,0,0,0,0,0,0,0,0,0,5,5,6,6,6,6,6,6,5,5,5,5,5,5,5,5,6,6,6,6,6,6,5,5,1,1,1,1,0,0,0,0,0,0,,,,,,,,,,,,,,,,,,,,,,,,,,,,,,,,,,,,,,,,,,,,,,,,
4948,3300,4959,4940,,0,64,64,66,66,46,46,50,50,58,58,64,64,177,177,964,964,1170,1170,1064,1064,1027,1027,941,941,866,866,890,890,916,916,907,907,932,932,994,994,922,922,526,526,334,334,222,222,162,162,84,84,,,,,,,,,,,,,,,,,,,,,,,,,,,,,,,,,,,,,,,,,,,,,,,,
4949,2500,4932,4954,,0,64,64,66,66,46,46,50,50,58,58,64,64,177,177,964,964,1170,1170,1064,1064,1027,1027,941,941,866,866,890,890,916,916,907,907,932,932,994,994,922,922,526,526,334,334,222,222,162,162,84,84,,,,,,,,,,,,,,,,,,,,,,,,,,,,,,,,,,,,,,,,,,,,,,,,
495,4400,496,488,,0,50,50,52,52,37,37,40,40,46,46,50,50,140,140,967,967,1151,1151,1088,1088,1047,1047,967,967,880,880,932,932,911,911,933,933,958,958,1007,1007,913,913,393,393,252,252,170,170,124,124,63,63,,,,,,,,,,,,,,,,,,,,,,,,,,,,,,,,,,,,,,,,,,,,,,,,
4950,3000,5165,4896,,0,35,35,36,36,25,25,28,28,32,32,35,35,97,97,1022,1022,1178,1178,1132,1132,1080,1080,1021,1021,934,934,983,983,962,962,1015,1015,1036,1036,1085,1085,989,989,272,272,175,175,118,118,86,86,44,44,,,,,,,,,,,,,,,,,,,,,,,,,,,,,,,,,,,,,,,,,,,,,,,,
4951,2500,4957,4939,,0,64,64,66,66,46,46,50,50,58,58,64,64,177,177,964,964,1170,1170,1064,1064,1027,1027,941,941,866,866,890,890,916,916,907,907,932,932,994,994,922,922,526,526,334,334,222,222,162,162,84,84,,,,,,,,,,,,,,,,,,,,,,,,,,,,,,,,,,,,,,,,,,,,,,,,
4952,1200,4947,4956,,0,0,0,0,0,0,0,0,0,0,0,0,0,0,0,5,5,6,6,5,5,5,5,5,5,5,5,5,5,5,5,5,5,5,5,6,6,5,5,1,1,1,1,0,0,0,0,0,0,,,,,,,,,,,,,,,,,,,,,,,,,,,,,,,,,,,,,,,,,,,,,,,,
4953,1600,4959,4955,,0,0,0,0,0,0,0,0,0,0,0,0,0,1,1,6,6,7,7,6,6,6,6,6,6,5,5,5,5,5,5,5,5,6,6,6,6,6,6,3,3,2,2,1,1,1,1,0,0,,,,,,,,,,,,,,,,,,,,,,,,,,,,,,,,,,,,,,,,,,,,,,,,
4954,2500,4964,4949,5178;4963,2,64,64,66,66,46,46,50,50,58,58,64,64,177,177,964,964,1170,1170,1064,1064,1027,1027,941,941,866,866,890,890,916,916,907,907,932,932,994,994,922,922,526,526,334,334,222,222,162,162,84,84,,,,,,,,,,,,,,,,,,,,,,,,,,,,,,,,,,,,,,,,,,,,,,,,
4955,4400,4958,4940,4937;4953,2,64,64,66,66,46,46,50,50,58,58,64,64,177,177,964,964,1170,1170,1064,1064,1027,1027,941,941,866,866,890,890,916,916,907,907,932,932,994,994,922,922,526,526,334,334,222,222,162,162,84,84,,,,,,,,,,,,,,,,,,,,,,,,,,,,,,,,,,,,,,,,,,,,,,,,
4956,1600,4968,4952,5164;4990,2,0,0,0,0,0,0,0,0,0,0,0,0,1,1,8,8,10,10,9,9,8,8,8,8,8,8,8,8,8,8,8,8,9,9,9,9,8,8,2,2,1,1,1,1,1,1,0,0,,,,,,,,,,,,,,,,,,,,,,,,,,,,,,,,,,,,,,,,,,,,,,,,
4957,3000,4951,4967,4943;4960,2,64,64,66,66,46,46,50,50,58,58,64,64,177,177,964,964,1170,1170,1064,1064,1027,1027,941,941,866,866,890,890,916,916,907,907,932,932,994,994,922,922,526,526,334,334,222,222,162,162,84,84,,,,,,,,,,,,,,,,,,,,,,,,,,,,,,,,,,,,,,,,,,,,,,,,
4958,4400,4955,4966,4946;4962,2,64,64,66,66,46,46,50,50,58,58,64,64,177,177,964,964,1170,1170,1064,1064,1027,1027,941,941,866,866,890,890,916,916,907,907,932,932,994,994,922,922,526,526,334,334,222,222,162,162,84,84,,,,,,,,,,,,,,,,,,,,,,,,,,,,,,,,,,,,,,,,,,,,,,,,
4959,4400,tran_4981e249-d4a0-4b1c-bfcf-10742fdd84ac,4965,4944;4948;4953;4969,4,64,64,66,66,46,46,50,50,58,58,64,64,177,177,964,964,1170,1170,1064,1064,1027,1027,941,941,866,866,890,890,916,916,907,907,932,932,994,994,922,922,526,526,334,334,222,222,162,162,84,84,,,,,,,,,,,,,,,,,,,,,,,,,,,,,,,,,,,,,,,,,,,,,,,,
496,3000,102,123,117;495,2,50,50,52,52,37,37,40,40,46,46,50,50,140,140,967,967,1151,1151,1088,1088,1047,1047,967,967,880,880,932,932,911,911,933,933,958,958,1007,1007,913,913,393,393,252,252,170,170,124,124,63,63,,,,,,,,,,,,,,,,,,,,,,,,,,,,,,,,,,,,,,,,,,,,,,,,
4960,3000,4973,4957,,0,64,64,66,66,46,46,50,50,58,58,64,64,177,177,964,964,1170,1170,1064,1064,1027,1027,941,941,866,866,890,890,916,916,907,907,932,932,994,994,922,922,526,526,334,334,222,222,162,162,84,84,,,,,,,,,,,,,,,,,,,,,,,,,,,,,,,,,,,,,,,,,,,,,,,,
4961,2500,5161,5223,,0,35,35,36,36,25,25,28,28,32,32,35,35,97,97,1022,1022,1178,1178,1132,1132,1080,1080,1021,1021,934,934,983,983,962,962,1015,1015,1036,1036,1085,1085,989,989,272,272,175,175,118,118,86,86,44,44,,,,,,,,,,,,,,,,,,,,,,,,,,,,,,,,,,,,,,,,,,,,,,,,
4962,3850,4958,4970,,0,64,64,66,66,46,46,50,50,58,58,64,64,177,177,964,964,1170,1170,1064,1064,1027,1027,941,941,866,866,890,890,916,916,907,907,932,932,994,994,922,922,526,526,334,334,222,222,162,162,84,84,,,,,,,,,,,,,,,,,,,,,,,,,,,,,,,,,,,,,,,,,,,,,,,,
4963,2000,4954,4971,,0,64,64,66,66,46,46,50,50,58,58,64,64,177,177,964,964,1170,1170,1064,1064,1027,1027,941,941,866,866,890,890,916,916,907,907,932,932,994,994,922,922,526,526,334,334,222,222,162,162,84,84,,,,,,,,,,,,,,,,,,,,,,,,,,,,,,,,,,,,,,,,,,,,,,,,
4964,2500,4954,5173,,0,34,34,35,35,24,24,26,26,31,31,34,34,93,93,1033,1033,1204,1204,1104,1104,1020,1020,1010,1010,922,922,958,958,984,984,1034,1034,1068,1068,1124,1124,1040,1040,262,262,168,168,114,114,82,82,42,42,,,,,,,,,,,,,,,,,,,,,,,,,,,,,,,,,,,,,,,,,,,,,,,,
4965,2750,4970,4959,,0,64,64,66,66,46,46,50,50,58,58,64,64,177,177,964,964,1170,1170,1064,1064,1027,1027,941,941,866,866,890,890,916,916,907,907,932,932,994,994,922,922,526,526,334,334,222,222,162,162,84,84,,,,,,,,,,,,,,,,,,,,,,,,,,,,,,,,,,,,,,,,,,,,,,,,
4966,3850,4973,4958,,0,64,64,66,66,46,46,50,50,58,58,64,64,177,177,964,964,1170,1170,1064,1064,1027,1027,941,941,866,866,890,890,916,916,907,907,932,932,994,994,922,922,526,526,334,334,222,222,162,162,84,84,,,,,,,,,,,,,,,,,,,,,,,,,,,,,,,,,,,,,,,,,,,,,,,,
4967,3000,4971,4957,,0,64,64,66,66,46,46,50,50,58,58,64,64,177,177,964,964,1170,1170,1064,1064,1027,1027,941,941,866,866,890,890,916,916,907,907,932,932,994,994,922,922,526,526,334,334,222,222,162,162,84,84,,,,,,,,,,,,,,,,,,,,,,,,,,,,,,,,,,,,,,,,,,,,,,,,
4968,1500,4956,5163,,0,34,34,35,35,24,24,26,26,31,31,34,34,93,93,1033,1033,1204,1204,1104,1104,1020,1020,1010,1010,922,922,958,958,984,984,1034,1034,1068,1068,1124,1124,1040,1040,262,262,168,168,114,114,82,82,42,42,,,,,,,,,,,,,,,,,,,,,,,,,,,,,,,,,,,,,,,,,,,,,,,,
4969,4400,4974,4959,,0,64,64,66,66,46,46,50,50,58,58,64,64,177,177,964,964,1170,1170,1064,1064,1027,1027,941,941,866,866,890,890,916,916,907,907,932,932,994,994,922,922,526,526,334,334,222,222,162,162,84,84,,,,,,,,,,,,,,,,,,,,,,,,,,,,,,,,,,,,,,,,,,,,,,,,
497,4400,,101,498,1,50,50,52,52,37,37,40,40,46,46,50,50,140,140,967,967,1151,1151,1088,1088,1047,1047,967,967,880,880,932,932,911,911,933,933,958,958,1007,1007,913,913,393,393,252,252,170,170,124,124,63,63,,,,,,,,,,,,,,,,,,,,,,,,,,,,,,,,,,,,,,,,,,,,,,,,
4970,3500,4965,5192,4962;4978,2,64,64,66,66,46,46,50,50,58,58,64,64,177,177,964,964,1170,1170,1064,1064,1027,1027,941,941,866,866,890,890,916,916,907,907,932,932,994,994,922,922,526,526,334,334,222,222,162,162,84,84,,,,,,,,,,,,,,,,,,,,,,,,,,,,,,,,,,,,,,,,,,,,,,,,
4971,3000,4967,4979,4963;4975,2,64,64,66,66,46,46,50,50,58,58,64,64,177,177,964,964,1170,1170,1064,1064,1027,1027,941,941,866,866,890,890,916,916,907,907,932,932,994,994,922,922,526,526,334,334,222,222,162,162,84,84,,,,,,,,,,,,,,,,,,,,,,,,,,,,,,,,,,,,,,,,,,,,,,,,
4972,2500,5139,5145,,0,34,34,35,35,24,24,26,26,31,31,34,34,93,93,1033,1033,1204,1204,1104,1104,1020,1020,1010,1010,922,922,958,958,984,984,1034,1034,1068,1068,1124,1124,1040,1040,262,262,168,168,114,114,82,82,42,42,,,,,,,,,,,,,,,,,,,,,,,,,,,,,,,,,,,,,,,,,,,,,,,,
4973,3500,4966,4981,4960;4976,2,64,64,66,66,46,46,50,50,58,58,64,64,177,177,964,964,1170,1170,1064,1064,1027,1027,941,941,866,866,890,890,916,916,907,907,932,932,994,994,922,922,526,526,334,334,222,222,162,162,84,84,,,,,,,,,,,,,,,,,,,,,,,,,,,,,,,,,,,,,,,,,,,,,,,,
4974,2500,5194,5211,4969;5300,2,64,64,66,66,46,46,50,50,58,58,64,64,177,177,964,964,1170,1170,1064,1064,1027,1027,941,941,866,866,890,890,916,916,907,907,932,932,994,994,922,922,526,526,334,334,222,222,162,162,84,84,,,,,,,,,,,,,,,,,,,,,,,,,,,,,,,,,,,,,,,,,,,,,,,,
4975,2000,4971,4998,,0,64,64,66,66,46,46,50,50,58,58,64,64,177,177,964,964,1170,1170,1064,1064,1027,1027,941,941,866,866,890,890,916,916,907,907,932,932,994,994,922,922,526,526,334,334,222,222,162,162,84,84,,,,,,,,,,,,,,,,,,,,,,,,,,,,,,,,,,,,,,,,,,,,,,,,
4976,2500,4973,4983,,0,64,64,66,66,46,46,50,50,58,58,64,64,177,177,964,964,1170,1170,1064,1064,1027,1027,941,941,866,866,890,890,916,916,907,907,932,932,994,994,922,922,526,526,334,334,222,222,162,162,84,84,,,,,,,,,,,,,,,,,,,,,,,,,,,,,,,,,,,,,,,,,,,,,,,,
4977,4400,4910,5177,,0,67,67,70,70,49,49,53,53,62,62,67,67,186,186,910,910,1134,1134,1023,1023,977,977,900,900,812,812,861,861,864,864,851,851,886,886,939,939,854,854,524,524,336,336,227,227,165,165,84,84,,,,,,,,,,,,,,,,,,,,,,,,,,,,,,,,,,,,,,,,,,,,,,,,
4978,4400,4970,4985,,0,64,64,66,66,46,46,50,50,58,58,64,64,177,177,964,964,1170,1170,1064,1064,1027,1027,941,941,866,866,890,890,916,916,907,907,932,932,994,994,922,922,526,526,334,334,222,222,162,162,84,84,,,,,,,,,,,,,,,,,,,,,,,,,,,,,,,,,,,,,,,,,,,,,,,,
4979,2500,4971,4984,,0,34,34,35,35,24,24,26,26,31,31,34,34,93,93,1033,1033,1204,1204,1104,1104,1020,1020,1010,1010,922,922,958,958,984,984,1034,1034,1068,1068,1124,1124,1040,1040,262,262,168,168,114,114,82,82,42,42,,,,,,,,,,,,,,,,,,,,,,,,,,,,,,,,,,,,,,,,,,,,,,,,
498,2500,87,117,497,1,50,50,52,52,37,37,40,40,46,46,50,50,140,140,967,967,1151,1151,1088,1088,1047,1047,967,967,880,880,932,932,911,911,933,933,958,958,1007,1007,913,913,393,393,252,252,170,170,124,124,63,63,,,,,,,,,,,,,,,,,,,,,,,,,,,,,,,,,,,,,,,,,,,,,,,,
4980,3000,5193,4983,,0,64,64,66,66,46,46,50,50,58,58,64,64,177,177,964,964,1170,1170,1064,1064,1027,1027,941,941,866,866,890,890,916,916,907,907,932,932,994,994,922,922,526,526,334,334,222,222,162,162,84,84,,,,,,,,,,,,,,,,,,,,,,,,,,,,,,,,,,,,,,,,,,,,,,,,
4981,3500,4973,4998,,0,64,64,66,66,46,46,50,50,58,58,64,64,177,177,964,964,1170,1170,1064,1064,1027,1027,941,941,866,866,890,890,916,916,907,907,932,932,994,994,922,922,526,526,334,334,222,222,162,162,84,84,,,,,,,,,,,,,,,,,,,,,,,,,,,,,,,,,,,,,,,,,,,,,,,,
4982,2000,4985,5195,,0,64,64,66,66,46,46,50,50,58,58,64,64,177,177,964,964,1170,1170,1064,1064,1027,1027,941,941,866,866,890,890,916,916,907,907,932,932,994,994,922,922,526,526,334,334,222,222,162,162,84,84,,,,,,,,,,,,,,,,,,,,,,,,,,,,,,,,,,,,,,,,,,,,,,,,
4983,3000,4994,4980,4976;4996,2,64,64,66,66,46,46,50,50,58,58,64,64,177,177,964,964,1170,1170,1064,1064,1027,1027,941,941,866,866,890,890,916,916,907,907,932,932,994,994,922,922,526,526,334,334,222,222,162,162,84,84,,,,,,,,,,,,,,,,,,,,,,,,,,,,,,,,,,,,,,,,,,,,,,,,
4984,4000,4993,4979,5172;4988,2,34,34,35,35,24,24,26,26,31,31,34,34,93,93,1033,1033,1204,1204,1104,1104,1020,1020,1010,1010,922,922,958,958,984,984,1034,1034,1068,1068,1124,1124,1040,1040,262,262,168,168,114,114,82,82,42,42,,,,,,,,,,,,,,,,,,,,,,,,,,,,,,,,,,,,,,,,,,,,,,,,
4985,2500,4982,4989,4978;5198,2,64,64,66,66,46,46,50,50,58,58,64,64,177,177,964,964,1170,1170,1064,1064,1027,1027,941,941,866,866,890,890,916,916,907,907,932,932,994,994,922,922,526,526,334,334,222,222,162,162,84,84,,,,,,,,,,,,,,,,,,,,,,,,,,,,,,,,,,,,,,,,,,,,,,,,
4986,1600,5193,4991,,0,0,0,0,0,0,0,0,0,0,0,0,0,1,1,8,8,9,9,8,8,8,8,8,8,7,7,7,7,7,7,7,7,7,7,8,8,7,7,4,4,2,2,2,2,1,1,1,1,,,,,,,,,,,,,,,,,,,,,,,,,,,,,,,,,,,,,,,,,,,,,,,,
4987,2500,5171,4947,,0,34,34,35,35,24,24,26,26,31,31,34,34,93,93,1033,1033,1204,1204,1104,1104,1020,1020,1010,1010,922,922,958,958,984,984,1034,1034,1068,1068,1124,1124,1040,1040,262,262,168,168,114,114,82,82,42,42,,,,,,,,,,,,,,,,,,,,,,,,,,,,,,,,,,,,,,,,,,,,,,,,
4988,1500,4984,5022,,0,34,34,35,35,24,24,26,26,31,31,34,34,93,93,1033,1033,1204,1204,1104,1104,1020,1020,1010,1010,922,922,958,958,984,984,1034,1034,1068,1068,1124,1124,1040,1040,262,262,168,168,114,114,82,82,42,42,,,,,,,,,,,,,,,,,,,,,,,,,,,,,,,,,,,,,,,,,,,,,,,,
4989,1500,4985,4991,,0,64,64,66,66,46,46,50,50,58,58,64,64,177,177,964,964,1170,1170,1064,1064,1027,1027,941,941,866,866,890,890,916,916,907,907,932,932,994,994,922,922,526,526,334,334,222,222,162,162,84,84,,,,,,,,,,,,,,,,,,,,,,,,,,,,,,,,,,,,,,,,,,,,,,,,
499,2000,500,101,,0,50,50,52,52,37,37,40,40,46,46,50,50,140,140,967,967,1151,1151,1088,1088,1047,1047,967,967,880,880,932,932,911,911,933,933,958,958,1007,1007,913,913,393,393,252,252,170,170,124,124,63,63,,,,,,,,,,,,,,,,,,,,,,,,,,,,,,,,,,,,,,,,,,,,,,,,
4990,3000,4956,4997,,0,34,34,35,35,24,24,26,26,31,31,34,34,93,93,1033,1033,1204,1204,1104,1104,1020,1020,1010,1010,922,922,958,958,984,984,1034,1034,1068,1068,1124,1124,1040,1040,262,262,168,168,114,114,82,82,42,42,,,,,,,,,,,,,,,,,,,,,,,,,,,,,,,,,,,,,,,,,,,,,,,,
4991,2000,5023,4986,4989;5000,2,64,64,66,66,46,46,50,50,58,58,64,64,177,177,964,964,1170,1170,1064,1064,1027,1027,941,941,866,866,890,890,916,916,907,907,932,932,994,994,922,922,526,526,334,334,222,222,162,162,84,84,,,,,,,,,,,,,,,,,,,,,,,,,,,,,,,,,,,,,,,,,,,,,,,,
4992,1200,5149,5147,,0,0,0,0,0,0,0,0,0,0,0,0,0,1,1,15,15,17,17,16,16,15,15,14,14,13,13,14,14,14,14,15,15,15,15,16,16,14,14,3,3,2,2,1,1,1,1,0,0,,,,,,,,,,,,,,,,,,,,,,,,,,,,,,,,,,,,,,,,,,,,,,,,
4993,3000,5171,4984,,0,34,34,35,35,24,24,26,26,31,31,34,34,93,93,1033,1033,1204,1204,1104,1104,1020,1020,1010,1010,922,922,958,958,984,984,1034,1034,1068,1068,1124,1124,1040,1040,262,262,168,168,114,114,82,82,42,42,,,,,,,,,,,,,,,,,,,,,,,,,,,,,,,,,,,,,,,,,,,,,,,,
4994,2000,4983,4998,,0,64,64,66,66,46,46,50,50,58,58,64,64,177,177,964,964,1170,1170,1064,1064,1027,1027,941,941,866,866,890,890,916,916,907,907,932,932,994,994,922,922,526,526,334,334,222,222,162,162,84,84,,,,,,,,,,,,,,,,,,,,,,,,,,,,,,,,,,,,,,,,,,,,,,,,
4995,800,5149,5151,,0,0,0,0,0,0,0,0,0,0,0,0,0,1,1,13,13,15,15,14,14,13,13,13,13,12,12,12,12,12,12,13,13,13,13,14,14,13,13,3,3,2,2,1,1,1,1,0,0,,,,,,,,,,,,,,,,,,,,,,,,,,,,,,,,,,,,,,,,,,,,,,,,
4996,1600,5002,4983,,0,0,0,0,0,0,0,0,0,0,0,0,0,1,1,8,8,9,9,9,9,8,8,8,8,7,7,7,7,7,7,7,7,8,8,8,8,7,7,4,4,2,2,2,2,1,1,1,1,,,,,,,,,,,,,,,,,,,,,,,,,,,,,,,,,,,,,,,,,,,,,,,,
4997,3500,5170,5001,4990;5005,2,34,34,35,35,24,24,26,26,31,31,34,34,93,93,1033,1033,1204,1204,1104,1104,1020,1020,1010,1010,922,922,958,958,984,984,1034,1034,1068,1068,1124,1124,1040,1040,262,262,168,168,114,114,82,82,42,42,,,,,,,,,,,,,,,,,,,,,,,,,,,,,,,,,,,,,,,,,,,,,,,,
4998,4000,4975,5274,4981;4994;5009,3,64,64,66,66,46,46,50,50,58,58,64,64,177,177,964,964,1170,1170,1064,1064,1027,1027,941,941,866,866,890,890,916,916,907,907,932,932,994,994,922,922,526,526,334,334,222,222,162,162,84,84,,,,,,,,,,,,,,,,,,,,,,,,,,,,,,,,,,,,,,,,,,,,,,,,
4999,2000,5197,5199,,0,64,64,66,66,46,46,50,50,58,58,64,64,177,177,964,964,1170,1170,1064,1064,1027,1027,941,941,866,866,890,890,916,916,907,907,932,932,994,994,922,922,526,526,334,334,222,222,162,162,84,84,,,,,,,,,,,,,,,,,,,,,,,,,,,,,,,,,,,,,,,,,,,,,,,,
5,2500,2378,8,,0,45,45,47,47,33,33,35,35,41,41,45,45,124,124,986,986,1156,1156,1110,1110,1070,1070,989,989,903,903,956,956,926,926,960,960,982,982,1030,1030,933,933,349,349,224,224,151,151,110,110,56,56,,,,,,,,,,,,,,,,,,,,,,,,,,,,,,,,,,,,,,,,,,,,,,,,
50,1200,20,59,,0,0,0,0,0,0,0,0,0,0,0,0,0,1,1,4,4,5,5,5,5,5,5,4,4,4,4,4,4,4,4,4,4,4,4,4,4,4,4,2,2,1,1,1,1,1,1,0,0,,,,,,,,,,,,,,,,,,,,,,,,,,,,,,,,,,,,,,,,,,,,,,,,
500,2000,499,129,195,1,50,50,52,52,37,37,40,40,46,46,50,50,140,140,967,967,1151,1151,1088,1088,1047,1047,967,967,880,880,932,932,911,911,933,933,958,958,1007,1007,913,913,393,393,252,252,170,170,124,124,63,63,,,,,,,,,,,,,,,,,,,,,,,,,,,,,,,,,,,,,,,,,,,,,,,,
5000,1200,4991,5299,,0,0,0,0,0,0,0,0,0,0,0,0,0,1,1,8,8,9,9,8,8,8,8,8,8,7,7,7,7,7,7,7,7,7,7,8,8,7,7,4,4,2,2,2,2,1,1,1,1,,,,,,,,,,,,,,,,,,,,,,,,,,,,,,,,,,,,,,,,,,,,,,,,
5001,3500,5007,4997,,0,34,34,35,35,24,24,26,26,31,31,34,34,93,93,1033,1033,1204,1204,1104,1104,1020,1020,1010,1010,922,922,958,958,984,984,1034,1034,1068,1068,1124,1124,1040,1040,262,262,168,168,114,114,82,82,42,42,,,,,,,,,,,,,,,,,,,,,,,,,,,,,,,,,,,,,,,,,,,,,,,,
5002,2500,5272,5298,4996;5032,2,64,64,66,66,46,46,50,50,58,58,64,64,177,177,964,964,1170,1170,1064,1064,1027,1027,941,941,866,866,890,890,916,916,907,907,932,932,994,994,922,922,526,526,334,334,222,222,162,162,84,84,,,,,,,,,,,,,,,,,,,,,,,,,,,,,,,,,,,,,,,,,,,,,,,,
5003,2500,5147,5145,,0,34,34,35,35,24,24,26,26,31,31,34,34,93,93,1033,1033,1204,1204,1104,1104,1020,1020,1010,1010,922,922,958,958,984,984,1034,1034,1068,1068,1124,1124,1040,1040,262,262,168,168,114,114,82,82,42,42,,,,,,,,,,,,,,,,,,,,,,,,,,,,,,,,,,,,,,,,,,,,,,,,
5004,800,5008,5197,,0,1,1,1,1,0,0,0,0,1,1,1,1,2,2,10,10,12,12,11,11,10,10,10,10,9,9,9,9,9,9,9,9,9,9,10,10,9,9,5,5,3,3,2,2,2,2,1,1,,,,,,,,,,,,,,,,,,,,,,,,,,,,,,,,,,,,,,,,,,,,,,,,
5005,3000,4997,5017,,0,34,34,35,35,24,24,26,26,31,31,34,34,93,93,1033,1033,1204,1204,1104,1104,1020,1020,1010,1010,922,922,958,958,984,984,1034,1034,1068,1068,1124,1124,1040,1040,262,262,168,168,114,114,82,82,42,42,,,,,,,,,,,,,,,,,,,,,,,,,,,,,,,,,,,,,,,,,,,,,,,,
5006,2000,5008,5301,,0,64,64,66,66,46,46,50,50,58,58,64,64,177,177,964,964,1170,1170,1064,1064,1027,1027,941,941,866,866,890,890,916,916,907,907,932,932,994,994,922,922,526,526,334,334,222,222,162,162,84,84,,,,,,,,,,,,,,,,,,,,,,,,,,,,,,,,,,,,,,,,,,,,,,,,
5007,4400,5020,5155,5001,1,34,34,35,35,24,24,26,26,31,31,34,34,93,93,1033,1033,1204,1204,1104,1104,1020,1020,1010,1010,922,922,958,958,984,984,1034,1034,1068,1068,1124,1124,1040,1040,262,262,168,168,114,114,82,82,42,42,,,,,,,,,,,,,,,,,,,,,,,,,,,,,,,,,,,,,,,,,,,,,,,,
5008,2500,5014,5006,5004;5046,2,64,64,66,66,46,46,50,50,58,58,64,64,177,177,964,964,1170,1170,1064,1064,1027,1027,941,941,866,866,890,890,916,916,907,907,932,932,994,994,922,922,526,526,334,334,222,222,162,162,84,84,,,,,,,,,,,,,,,,,,,,,,,,,,,,,,,,,,,,,,,,,,,,,,,,
5009,4400,4998,5022,,0,34,34,35,35,24,24,26,26,31,31,34,34,93,93,1033,1033,1204,1204,1104,1104,1020,1020,1010,1010,922,922,958,958,984,984,1034,1034,1068,1068,1124,1124,1040,1040,262,262,168,168,114,114,82,82,42,42,,,,,,,,,,,,,,,,,,,,,,,,,,,,,,,,,,,,,,,,,,,,,,,,
501,3000,502,373,,0,50,50,52,52,37,37,40,40,46,46,50,50,140,140,967,967,1151,1151,1088,1088,1047,1047,967,967,880,880,932,932,911,911,933,933,958,958,1007,1007,913,913,393,393,252,252,170,170,124,124,63,63,,,,,,,,,,,,,,,,,,,,,,,,,,,,,,,,,,,,,,,,,,,,,,,,
5010,4400,5016,225,,0,38,38,40,40,28,28,30,30,35,35,38,38,106,106,1010,1010,1173,1173,1121,1121,1069,1069,1008,1008,921,921,970,970,952,952,997,997,1020,1020,1069,1069,975,975,299,299,192,192,130,130,94,94,48,48,,,,,,,,,,,,,,,,,,,,,,,,,,,,,,,,,,,,,,,,,,,,,,,,
5011,4400,5017,5022,,0,34,34,35,35,24,24,26,26,31,31,34,34,93,93,1033,1033,1204,1204,1104,1104,1020,1020,1010,1010,922,922,958,958,984,984,1034,1034,1068,1068,1124,1124,1040,1040,262,262,168,168,114,114,82,82,42,42,,,,,,,,,,,,,,,,,,,,,,,,,,,,,,,,,,,,,,,,,,,,,,,,
5012,1200,5259,5151,,0,0,0,0,0,0,0,0,0,0,0,0,0,1,1,9,9,10,10,10,10,9,9,9,9,8,8,9,9,9,9,9,9,9,9,10,10,9,9,2,2,1,1,1,1,1,1,0,0,,,,,,,,,,,,,,,,,,,,,,,,,,,,,,,,,,,,,,,,,,,,,,,,
5013,4000,5199,5021,,0,64,64,66,66,46,46,50,50,58,58,64,64,177,177,964,964,1170,1170,1064,1064,1027,1027,941,941,866,866,890,890,916,916,907,907,932,932,994,994,922,922,526,526,334,334,222,222,162,162,84,84,,,,,,,,,,,,,,,,,,,,,,,,,,,,,,,,,,,,,,,,,,,,,,,,
5014,2000,5008,5021,,0,64,64,66,66,46,46,50,50,58,58,64,64,177,177,964,964,1170,1170,1064,1064,1027,1027,941,941,866,866,890,890,916,916,907,907,932,932,994,994,922,922,526,526,334,334,222,222,162,162,84,84,,,,,,,,,,,,,,,,,,,,,,,,,,,,,,,,,,,,,,,,,,,,,,,,
5015,2000,5020,5017,,0,34,34,35,35,24,24,26,26,31,31,34,34,93,93,1033,1033,1204,1204,1104,1104,1020,1020,1010,1010,922,922,958,958,984,984,1034,1034,1068,1068,1124,1124,1040,1040,262,262,168,168,114,114,82,82,42,42,,,,,,,,,,,,,,,,,,,,,,,,,,,,,,,,,,,,,,,,,,,,,,,,
5016,2500,5258,5027,5010;5033,2,34,34,35,35,24,24,26,26,31,31,34,34,93,93,1033,1033,1204,1204,1104,1104,1020,1020,1010,1010,922,922,958,958,984,984,1034,1034,1068,1068,1124,1124,1040,1040,262,262,168,168,114,114,82,82,42,42,,,,,,,,,,,,,,,,,,,,,,,,,,,,,,,,,,,,,,,,,,,,,,,,
5017,3500,5005,5024,5011;5015,2,34,34,35,35,24,24,26,26,31,31,34,34,93,93,1033,1033,1204,1204,1104,1104,1020,1020,1010,1010,922,922,958,958,984,984,1034,1034,1068,1068,1124,1124,1040,1040,262,262,168,168,114,114,82,82,42,42,,,,,,,,,,,,,,,,,,,,,,,,,,,,,,,,,,,,,,,,,,,,,,,,
5018,2000,5275,5273,,0,64,64,66,66,46,46,50,50,58,58,64,64,177,177,964,964,1170,1170,1064,1064,1027,1027,941,941,866,866,890,890,916,916,907,907,932,932,994,994,922,922,526,526,334,334,222,222,162,162,84,84,,,,,,,,,,,,,,,,,,,,,,,,,,,,,,,,,,,,,,,,,,,,,,,,
5019,800,5151,5261,,0,0,0,0,0,0,0,0,0,0,0,0,0,1,1,10,10,11,11,10,10,10,10,9,9,9,9,9,9,9,9,10,10,10,10,10,10,10,10,2,2,1,1,1,1,1,1,0,0,,,,,,,,,,,,,,,,,,,,,,,,,,,,,,,,,,,,,,,,,,,,,,,,
502,2000,156,113,501,1,50,50,52,52,37,37,40,40,46,46,50,50,140,140,967,967,1151,1151,1088,1088,1047,1047,967,967,880,880,932,932,911,911,933,933,958,958,1007,1007,913,913,393,393,252,252,170,170,124,124,63,63,,,,,,,,,,,,,,,,,,,,,,,,,,,,,,,,,,,,,,,,,,,,,,,,
5020,4400,5007,5268,5015;5026;5031,3,34,34,35,35,24,24,26,26,31,31,34,34,93,93,1033,1033,1204,1204,1104,1104,1020,1020,1010,1010,922,922,958,958,984,984,1034,1034,1068,1068,1124,1124,1040,1040,262,262,168,168,114,114,82,82,42,42,,,,,,,,,,,,,,,,,,,,,,,,,,,,,,,,,,,,,,,,,,,,,,,,
5021,3000,5035,5014,5013;5282,2,64,64,66,66,46,46,50,50,58,58,64,64,177,177,964,964,1170,1170,1064,1064,1027,1027,941,941,866,866,890,890,916,916,907,907,932,932,994,994,922,922,526,526,334,334,222,222,162,162,84,84,,,,,,,,,,,,,,,,,,,,,,,,,,,,,,,,,,,,,,,,,,,,,,,,
5022,4400,4988,5058,5009;5011;5028,3,34,34,35,35,24,24,26,26,31,31,34,34,93,93,1033,1033,1204,1204,1104,1104,1020,1020,1010,1010,922,922,958,958,984,984,1034,1034,1068,1068,1124,1124,1040,1040,262,262,168,168,114,114,82,82,42,42,,,,,,,,,,,,,,,,,,,,,,,,,,,,,,,,,,,,,,,,,,,,,,,,
5023,1600,5297,4991,,0,0,0,0,0,0,0,0,0,0,0,0,0,1,1,4,4,5,5,5,5,5,5,4,4,4,4,4,4,4,4,4,4,4,4,5,5,4,4,2,2,1,1,1,1,1,1,0,0,,,,,,,,,,,,,,,,,,,,,,,,,,,,,,,,,,,,,,,,,,,,,,,,
5024,2000,5030,5017,,0,34,34,35,35,24,24,26,26,31,31,34,34,93,93,1033,1033,1204,1204,1104,1104,1020,1020,1010,1010,922,922,958,958,984,984,1034,1034,1068,1068,1124,1124,1040,1040,262,262,168,168,114,114,82,82,42,42,,,,,,,,,,,,,,,,,,,,,,,,,,,,,,,,,,,,,,,,,,,,,,,,
5025,1200,5295,5299,,0,0,0,0,0,0,0,0,0,0,0,0,0,1,1,6,6,7,7,6,6,6,6,6,6,5,5,5,5,5,5,5,5,6,6,6,6,5,5,3,3,2,2,1,1,1,1,0,0,,,,,,,,,,,,,,,,,,,,,,,,,,,,,,,,,,,,,,,,,,,,,,,,
5026,3850,5020,5038,,0,34,34,35,35,24,24,26,26,31,31,34,34,93,93,1033,1033,1204,1204,1104,1104,1020,1020,1010,1010,922,922,958,958,984,984,1034,1034,1068,1068,1124,1124,1040,1040,262,262,168,168,114,114,82,82,42,42,,,,,,,,,,,,,,,,,,,,,,,,,,,,,,,,,,,,,,,,,,,,,,,,
5027,1500,5016,568,,0,38,38,40,40,28,28,30,30,35,35,38,38,106,106,1010,1010,1173,1173,1121,1121,1069,1069,1008,1008,921,921,970,970,952,952,997,997,1020,1020,1069,1069,975,975,299,299,192,192,130,130,94,94,48,48,,,,,,,,,,,,,,,,,,,,,,,,,,,,,,,,,,,,,,,,,,,,,,,,
5028,3500,5030,5022,,0,34,34,35,35,24,24,26,26,31,31,34,34,93,93,1033,1033,1204,1204,1104,1104,1020,1020,1010,1010,922,922,958,958,984,984,1034,1034,1068,1068,1124,1124,1040,1040,262,262,168,168,114,114,82,82,42,42,,,,,,,,,,,,,,,,,,,,,,,,,,,,,,,,,,,,,,,,,,,,,,,,
5029,1600,5263,5143,,0,0,0,0,0,0,0,0,0,0,0,0,0,1,1,10,10,11,11,11,11,10,10,10,10,9,9,9,9,9,9,10,10,10,10,11,11,10,10,2,2,1,1,1,1,1,1,0,0,,,,,,,,,,,,,,,,,,,,,,,,,,,,,,,,,,,,,,,,,,,,,,,,
503,4400,4924,504,,0,50,50,52,52,37,37,40,40,46,46,50,50,140,140,967,967,1151,1151,1088,1088,1047,1047,967,967,880,880,932,932,911,911,933,933,958,958,1007,1007,913,913,393,393,252,252,170,170,124,124,63,63,,,,,,,,,,,,,,,,,,,,,,,,,,,,,,,,,,,,,,,,,,,,,,,,
5030,3500,5034,5028,5024;5068,2,34,34,35,35,24,24,26,26,31,31,34,34,93,93,1033,1033,1204,1204,1104,1104,1020,1020,1010,1010,922,922,958,958,984,984,1034,1034,1068,1068,1124,1124,1040,1040,262,262,168,168,114,114,82,82,42,42,,,,,,,,,,,,,,,,,,,,,,,,,,,,,,,,,,,,,,,,,,,,,,,,
5031,2200,5038,5020,,0,34,34,35,35,24,24,26,26,31,31,34,34,93,93,1033,1033,1204,1204,1104,1104,1020,1020,1010,1010,922,922,958,958,984,984,1034,1034,1068,1068,1124,1124,1040,1040,262,262,168,168,114,114,82,82,42,42,,,,,,,,,,,,,,,,,,,,,,,,,,,,,,,,,,,,,,,,,,,,,,,,
5032,1600,5037,5002,,0,0,0,0,0,0,0,0,0,0,0,0,0,1,1,5,5,6,6,5,5,5,5,5,5,4,4,4,4,4,4,4,4,5,5,5,5,4,4,2,2,1,1,1,1,1,1,0,0,,,,,,,,,,,,,,,,,,,,,,,,,,,,,,,,,,,,,,,,,,,,,,,,
5033,4400,5041,5016,,0,34,34,35,35,24,24,26,26,31,31,34,34,93,93,1033,1033,1204,1204,1104,1104,1020,1020,1010,1010,922,922,958,958,984,984,1034,1034,1068,1068,1124,1124,1040,1040,262,262,168,168,114,114,82,82,42,42,,,,,,,,,,,,,,,,,,,,,,,,,,,,,,,,,,,,,,,,,,,,,,,,
5034,2500,5269,5030,,0,34,34,35,35,24,24,26,26,31,31,34,34,93,93,1033,1033,1204,1204,1104,1104,1020,1020,1010,1010,922,922,958,958,984,984,1034,1034,1068,1068,1124,1124,1040,1040,262,262,168,168,114,114,82,82,42,42,,,,,,,,,,,,,,,,,,,,,,,,,,,,,,,,,,,,,,,,,,,,,,,,
5035,2000,5297,5021,,0,64,64,66,66,46,46,50,50,58,58,64,64,177,177,964,964,1170,1170,1064,1064,1027,1027,941,941,866,866,890,890,916,916,907,907,932,932,994,994,922,922,526,526,334,334,222,222,162,162,84,84,,,,,,,,,,,,,,,,,,,,,,,,,,,,,,,,,,,,,,,,,,,,,,,,
5036,3000,5261,5041,,0,34,34,35,35,24,24,26,26,31,31,34,34,93,93,1033,1033,1204,1204,1104,1104,1020,1020,1010,1010,922,922,958,958,984,984,1034,1034,1068,1068,1124,1124,1040,1040,262,262,168,168,114,114,82,82,42,42,,,,,,,,,,,,,,,,,,,,,,,,,,,,,,,,,,,,,,,,,,,,,,,,
5037,2500,5032,5276,5294;5270,2,64,64,66,66,46,46,50,50,58,58,64,64,177,177,964,964,1170,1170,1064,1064,1027,1027,941,941,866,866,890,890,916,916,907,907,932,932,994,994,922,922,526,526,334,334,222,222,162,162,84,84,,,,,,,,,,,,,,,,,,,,,,,,,,,,,,,,,,,,,,,,,,,,,,,,
5038,4400,5031,5042,5026,1,34,34,35,35,24,24,26,26,31,31,34,34,93,93,1033,1033,1204,1204,1104,1104,1020,1020,1010,1010,922,922,958,958,984,984,1034,1034,1068,1068,1124,1124,1040,1040,262,262,168,168,114,114,82,82,42,42,,,,,,,,,,,,,,,,,,,,,,,,,,,,,,,,,,,,,,,,,,,,,,,,
5039,1200,5273,5271,,0,0,0,0,0,0,0,0,0,0,0,0,0,1,1,5,5,7,7,6,6,6,6,5,5,5,5,5,5,5,5,5,5,5,5,6,6,5,5,3,3,2,2,1,1,1,1,0,0,,,,,,,,,,,,,,,,,,,,,,,,,,,,,,,,,,,,,,,,,,,,,,,,
504,1600,505,503,153,1,0,0,0,0,0,0,0,0,0,0,0,0,1,1,6,6,7,7,6,6,6,6,6,6,5,5,5,5,5,5,5,5,6,6,6,6,5,5,2,2,2,2,1,1,1,1,0,0,,,,,,,,,,,,,,,,,,,,,,,,,,,,,,,,,,,,,,,,,,,,,,,,
5040,1200,5287,5285,,0,0,0,0,0,0,0,0,0,0,0,0,0,0,0,894,894,944,944,1009,1009,988,988,917,917,851,851,900,900,826,826,926,926,922,922,952,952,857,857,0,0,0,0,0,0,0,0,0,0,,,,,,,,,,,,,,,,,,,,,,,,,,,,,,,,,,,,,,,,,,,,,,,,
5041,4000,5047,5036,5033;5043,2,34,34,35,35,24,24,26,26,31,31,34,34,93,93,1033,1033,1204,1204,1104,1104,1020,1020,1010,1010,922,922,958,958,984,984,1034,1034,1068,1068,1124,1124,1040,1040,262,262,168,168,114,114,82,82,42,42,,,,,,,,,,,,,,,,,,,,,,,,,,,,,,,,,,,,,,,,,,,,,,,,
5042,4400,5050,5038,5262;5051,2,34,34,35,35,24,24,26,26,31,31,34,34,93,93,1033,1033,1204,1204,1104,1104,1020,1020,1010,1010,922,922,958,958,984,984,1034,1034,1068,1068,1124,1124,1040,1040,262,262,168,168,114,114,82,82,42,42,,,,,,,,,,,,,,,,,,,,,,,,,,,,,,,,,,,,,,,,,,,,,,,,
5043,1500,5054,5041,,0,34,34,35,35,24,24,26,26,31,31,34,34,93,93,1033,1033,1204,1204,1104,1104,1020,1020,1010,1010,922,922,958,958,984,984,1034,1034,1068,1068,1124,1124,1040,1040,262,262,168,168,114,114,82,82,42,42,,,,,,,,,,,,,,,,,,,,,,,,,,,,,,,,,,,,,,,,,,,,,,,,
5044,1200,5049,5275,,0,0,0,0,0,0,0,0,0,0,0,0,0,1,1,4,4,5,5,5,5,4,4,4,4,4,4,4,4,4,4,4,4,4,4,4,4,4,4,2,2,1,1,1,1,1,1,0,0,,,,,,,,,,,,,,,,,,,,,,,,,,,,,,,,,,,,,,,,,,,,,,,,
5045,2000,5049,5271,,0,64,64,66,66,46,46,50,50,58,58,64,64,177,177,964,964,1170,1170,1064,1064,1027,1027,941,941,866,866,890,890,916,916,907,907,932,932,994,994,922,922,526,526,334,334,222,222,162,162,84,84,,,,,,,,,,,,,,,,,,,,,,,,,,,,,,,,,,,,,,,,,,,,,,,,
5046,1600,5008,5287,,0,0,0,0,0,0,0,0,0,0,0,0,0,1,1,8,8,9,9,8,8,8,8,7,7,7,7,7,7,7,7,7,7,7,7,8,8,7,7,4,4,2,2,2,2,1,1,1,1,,,,,,,,,,,,,,,,,,,,,,,,,,,,,,,,,,,,,,,,,,,,,,,,
5047,2500,5041,564,563,1,38,38,40,40,28,28,30,30,35,35,38,38,106,106,1010,1010,1173,1173,1121,1121,1069,1069,1008,1008,921,921,970,970,952,952,997,997,1020,1020,1069,1069,975,975,299,299,192,192,130,130,94,94,48,48,,,,,,,,,,,,,,,,,,,,,,,,,,,,,,,,,,,,,,,,,,,,,,,,
5048,1500,5283,5280,,0,67,67,70,70,49,49,53,53,62,62,67,67,186,186,910,910,1134,1134,1023,1023,977,977,900,900,812,812,861,861,864,864,851,851,886,886,939,939,854,854,524,524,336,336,227,227,165,165,84,84,,,,,,,,,,,,,,,,,,,,,,,,,,,,,,,,,,,,,,,,,,,,,,,,
5049,3000,5059,5045,5044;5076,2,64,64,66,66,46,46,50,50,58,58,64,64,177,177,964,964,1170,1170,1064,1064,1027,1027,941,941,866,866,890,890,916,916,907,907,932,932,994,994,922,922,526,526,334,334,222,222,162,162,84,84,,,,,,,,,,,,,,,,,,,,,,,,,,,,,,,,,,,,,,,,,,,,,,,,
505,1200,506,504,,0,0,0,0,0,0,0,0,0,0,0,0,0,0,0,3,3,4,4,4,4,3,3,3,3,3,3,3,3,3,3,3,3,3,3,3,3,3,3,1,1,1,1,1,1,0,0,0,0,,,,,,,,,,,,,,,,,,,,,,,,,,,,,,,,,,,,,,,,,,,,,,,,
5050,4400,5054,5042,,0,34,34,35,35,24,24,26,26,31,31,34,34,93,93,1033,1033,1204,1204,1104,1104,1020,1020,1010,1010,922,922,958,958,984,984,1034,1034,1068,1068,1124,1124,1040,1040,262,262,168,168,114,114,82,82,42,42,,,,,,,,,,,,,,,,,,,,,,,,,,,,,,,,,,,,,,,,,,,,,,,,
5051,4400,,5042,,0,34,34,35,35,24,24,26,26,31,31,34,34,93,93,1033,1033,1204,1204,1104,1104,1020,1020,1010,1010,922,922,958,958,984,984,1034,1034,1068,1068,1124,1124,1040,1040,262,262,168,168,114,114,82,82,42,42,,,,,,,,,,,,,,,,,,,,,,,,,,,,,,,,,,,,,,,,,,,,,,,,
5052,1500,5257,5265,,0,34,34,35,35,24,24,26,26,31,31,34,34,93,93,1033,1033,1204,1204,1104,1104,1020,1020,1010,1010,922,922,958,958,984,984,1034,1034,1068,1068,1124,1124,1040,1040,262,262,168,168,114,114,82,82,42,42,,,,,,,,,,,,,,,,,,,,,,,,,,,,,,,,,,,,,,,,,,,,,,,,
5053,3000,5285,5057,,0,64,64,66,66,46,46,50,50,58,58,64,64,177,177,964,964,1170,1170,1064,1064,1027,1027,941,941,866,866,890,890,916,916,907,907,932,932,994,994,922,922,526,526,334,334,222,222,162,162,84,84,,,,,,,,,,,,,,,,,,,,,,,,,,,,,,,,,,,,,,,,,,,,,,,,
5054,4400,5050,5060,5043;5075,2,34,34,35,35,24,24,26,26,31,31,34,34,93,93,1033,1033,1204,1204,1104,1104,1020,1020,1010,1010,922,922,958,958,984,984,1034,1034,1068,1068,1124,1124,1040,1040,262,262,168,168,114,114,82,82,42,42,,,,,,,,,,,,,,,,,,,,,,,,,,,,,,,,,,,,,,,,,,,,,,,,
5055,2000,5057,5289,,0,64,64,66,66,46,46,50,50,58,58,64,64,177,177,964,964,1170,1170,1064,1064,1027,1027,941,941,866,866,890,890,916,916,907,907,932,932,994,994,922,922,526,526,334,334,222,222,162,162,84,84,,,,,,,,,,,,,,,,,,,,,,,,,,,,,,,,,,,,,,,,,,,,,,,,
5056,4400,5302,tran_117ae2ca-d23b-4319-b61a-321beba2c06e,,0,67,67,70,70,49,49,53,53,62,62,67,67,186,186,910,910,1134,1134,1023,1023,977,977,900,900,812,812,861,861,864,864,851,851,886,886,939,939,854,854,524,524,336,336,227,227,165,165,84,84,,,,,,,,,,,,,,,,,,,,,,,,,,,,,,,,,,,,,,,,,,,,,,,,
5057,2500,5070,5055,5053;5064,2,64,64,66,66,46,46,50,50,58,58,64,64,177,177,964,964,1170,1170,1064,1064,1027,1027,941,941,866,866,890,890,916,916,907,907,932,932,994,994,922,922,526,526,334,334,222,222,162,162,84,84,,,,,,,,,,,,,,,,,,,,,,,,,,,,,,,,,,,,,,,,,,,,,,,,
5058,4400,5257,5022,,0,67,67,70,70,49,49,53,53,62,62,67,67,186,186,910,910,1134,1134,1023,1023,977,977,900,900,812,812,861,861,864,864,851,851,886,886,939,939,854,854,524,524,336,336,227,227,165,165,84,84,,,,,,,,,,,,,,,,,,,,,,,,,,,,,,,,,,,,,,,,,,,,,,,,
5059,2500,5063,5049,,0,64,64,66,66,46,46,50,50,58,58,64,64,177,177,964,964,1170,1170,1064,1064,1027,1027,941,941,866,866,890,890,916,916,907,907,932,932,994,994,922,922,526,526,334,334,222,222,162,162,84,84,,,,,,,,,,,,,,,,,,,,,,,,,,,,,,,,,,,,,,,,,,,,,,,,
506,1600,505,133,507,1,0,0,0,0,0,0,0,0,0,0,0,0,1,1,4,4,5,5,5,5,4,4,4,4,4,4,4,4,4,4,4,4,4,4,4,4,4,4,2,2,1,1,1,1,1,1,0,0,,,,,,,,,,,,,,,,,,,,,,,,,,,,,,,,,,,,,,,,,,,,,,,,
5060,4400,5054,318,,0,38,38,40,40,28,28,30,30,35,35,38,38,106,106,1010,1010,1173,1173,1121,1121,1069,1069,1008,1008,921,921,970,970,952,952,997,997,1020,1020,1069,1069,975,975,299,299,192,192,130,130,94,94,48,48,,,,,,,,,,,,,,,,,,,,,,,,,,,,,,,,,,,,,,,,,,,,,,,,
5061,800,5265,5069,,0,0,0,0,0,0,0,0,0,0,0,0,0,1,1,10,10,12,12,11,11,10,10,10,10,9,9,10,10,10,10,10,10,11,11,11,11,10,10,2,2,1,1,1,1,1,1,0,0,,,,,,,,,,,,,,,,,,,,,,,,,,,,,,,,,,,,,,,,,,,,,,,,
5062,1200,5280,5279,,0,0,0,0,0,0,0,0,0,0,0,0,0,1,1,5,5,6,6,5,5,5,5,5,5,4,4,4,4,5,5,5,5,5,5,5,5,5,5,2,2,2,2,1,1,1,1,0,0,,,,,,,,,,,,,,,,,,,,,,,,,,,,,,,,,,,,,,,,,,,,,,,,
5063,3000,5065,5059,5256;13763,2,34,34,35,35,24,24,26,26,31,31,34,34,93,93,1033,1033,1204,1204,1104,1104,1020,1020,1010,1010,922,922,958,958,984,984,1034,1034,1068,1068,1124,1124,1040,1040,262,262,168,168,114,114,82,82,42,42,,,,,,,,,,,,,,,,,,,,,,,,,,,,,,,,,,,,,,,,,,,,,,,,
5064,4400,5072,5057,,0,64,64,66,66,46,46,50,50,58,58,64,64,177,177,964,964,1170,1170,1064,1064,1027,1027,941,941,866,866,890,890,916,916,907,907,932,932,994,994,922,922,526,526,334,334,222,222,162,162,84,84,,,,,,,,,,,,,,,,,,,,,,,,,,,,,,,,,,,,,,,,,,,,,,,,
5065,2000,5069,5063,,0,34,34,35,35,24,24,26,26,31,31,34,34,93,93,1033,1033,1204,1204,1104,1104,1020,1020,1010,1010,922,922,958,958,984,984,1034,1034,1068,1068,1124,1124,1040,1040,262,262,168,168,114,114,82,82,42,42,,,,,,,,,,,,,,,,,,,,,,,,,,,,,,,,,,,,,,,,,,,,,,,,
5066,4400,tran_1532a227-3ab5-4b77-8904-1399c5d6d022,5293,,0,64,64,66,66,46,46,50,50,58,58,64,64,177,177,964,964,1170,1170,1064,1064,1027,1027,941,941,866,866,890,890,916,916,907,907,932,932,994,994,922,922,526,526,334,334,222,222,162,162,84,84,,,,,,,,,,,,,,,,,,,,,,,,,,,,,,,,,,,,,,,,,,,,,,,,
5067,1200,5071,5277,,0,0,0,0,0,0,0,0,0,0,0,0,0,1,1,4,4,5,5,5,5,4,4,4,4,4,4,4,4,4,4,4,4,4,4,4,4,4,4,2,2,1,1,1,1,1,1,0,0,,,,,,,,,,,,,,,,,,,,,,,,,,,,,,,,,,,,,,,,,,,,,,,,
5068,2500,5030,5267,,0,34,34,35,35,24,24,26,26,31,31,34,34,93,93,1033,1033,1204,1204,1104,1104,1020,1020,1010,1010,922,922,958,958,984,984,1034,1034,1068,1068,1124,1124,1040,1040,262,262,168,168,114,114,82,82,42,42,,,,,,,,,,,,,,,,,,,,,,,,,,,,,,,,,,,,,,,,,,,,,,,,
5069,1600,13734,5061,5065;5073,2,0,0,0,0,0,0,0,0,0,0,0,0,1,1,13,13,15,15,14,14,13,13,12,12,11,11,12,12,12,12,13,13,13,13,14,14,13,13,3,3,2,2,1,1,1,1,0,0,,,,,,,,,,,,,,,,,,,,,,,,,,,,,,,,,,,,,,,,,,,,,,,,
507,1600,508,506,,0,0,0,0,0,0,0,0,0,0,0,0,0,0,0,3,3,4,4,4,4,4,4,3,3,3,3,3,3,3,3,3,3,3,3,3,3,3,3,1,1,1,1,1,1,0,0,0,0,,,,,,,,,,,,,,,,,,,,,,,,,,,,,,,,,,,,,,,,,,,,,,,,
5070,2000,5057,5279,,0,64,64,66,66,46,46,50,50,58,58,64,64,177,177,964,964,1170,1170,1064,1064,1027,1027,941,941,866,866,890,890,916,916,907,907,932,932,994,994,922,922,526,526,334,334,222,222,162,162,84,84,,,,,,,,,,,,,,,,,,,,,,,,,,,,,,,,,,,,,,,,,,,,,,,,
5071,1600,5067,5278,5074;13721,2,1,1,1,1,1,1,1,1,1,1,1,1,2,2,13,13,15,15,14,14,14,14,12,12,11,11,12,12,12,12,12,12,12,12,13,13,12,12,6,6,4,4,3,3,2,2,1,1,,,,,,,,,,,,,,,,,,,,,,,,,,,,,,,,,,,,,,,,,,,,,,,,
5072,2000,5290,13722,5064;13719,2,67,67,70,70,49,49,53,53,62,62,67,67,186,186,910,910,1134,1134,1023,1023,977,977,900,900,812,812,861,861,864,864,851,851,886,886,939,939,854,854,524,524,336,336,227,227,165,165,84,84,,,,,,,,,,,,,,,,,,,,,,,,,,,,,,,,,,,,,,,,,,,,,,,,
5073,2000,5069,13717,,0,67,67,70,70,49,49,53,53,62,62,67,67,186,186,910,910,1134,1134,1023,1023,977,977,900,900,812,812,861,861,864,864,851,851,886,886,939,939,854,854,524,524,336,336,227,227,165,165,84,84,,,,,,,,,,,,,,,,,,,,,,,,,,,,,,,,,,,,,,,,,,,,,,,,
5074,800,,5071,,0,53,53,55,55,38,38,42,42,48,48,53,53,146,146,715,715,891,891,804,804,768,768,707,707,638,638,676,676,679,679,669,669,696,696,738,738,671,671,411,411,264,264,178,178,130,130,66,66,,,,,,,,,,,,,,,,,,,,,,,,,,,,,,,,,,,,,,,,,,,,,,,,
5075,4400,13951,5054,,0,0,0,0,0,0,0,0,0,0,0,0,0,0,0,1156,1156,1275,1275,1184,1184,1063,1063,1121,1121,1033,1033,1056,1056,1105,1105,1218,1218,1250,1250,1308,1308,1226,1226,0,0,0,0,0,0,0,0,0,0,,,,,,,,,,,,,,,,,,,,,,,,,,,,,,,,,,,,,,,,,,,,,,,,
5076,2000,14049,5049,,0,67,67,70,70,49,49,53,53,62,62,67,67,186,186,910,910,1134,1134,1023,1023,977,977,900,900,812,812,861,861,864,864,851,851,886,886,939,939,854,854,524,524,336,336,227,227,165,165,84,84,,,,,,,,,,,,,,,,,,,,,,,,,,,,,,,,,,,,,,,,,,,,,,,,
5077,3000,5269,14047,,0,0,0,0,0,0,0,0,0,0,0,0,0,0,0,1156,1156,1275,1275,1184,1184,1063,1063,1121,1121,1033,1033,1056,1056,1105,1105,1218,1218,1250,1250,1308,1308,1226,1226,0,0,0,0,0,0,0,0,0,0,,,,,,,,,,,,,,,,,,,,,,,,,,,,,,,,,,,,,,,,,,,,,,,,
5078,3500,5079,5215,,0,35,35,36,36,25,25,28,28,32,32,35,35,97,97,1022,1022,1178,1178,1132,1132,1080,1080,1021,1021,934,934,983,983,962,962,1015,1015,1036,1036,1085,1085,989,989,272,272,175,175,118,118,86,86,44,44,,,,,,,,,,,,,,,,,,,,,,,,,,,,,,,,,,,,,,,,,,,,,,,,
5079,2500,5078,4844,4832,1,35,35,36,36,25,25,28,28,32,32,35,35,97,97,1022,1022,1178,1178,1132,1132,1080,1080,1021,1021,934,934,983,983,962,962,1015,1015,1036,1036,1085,1085,989,989,272,272,175,175,118,118,86,86,44,44,,,,,,,,,,,,,,,,,,,,,,,,,,,,,,,,,,,,,,,,,,,,,,,,
508,1200,126,507,167,1,0,0,0,0,0,0,0,0,0,0,0,0,0,0,2,2,3,3,3,3,3,3,2,2,2,2,2,2,2,2,2,2,2,2,2,2,2,2,1,1,1,1,0,0,0,0,0,0,,,,,,,,,,,,,,,,,,,,,,,,,,,,,,,,,,,,,,,,,,,,,,,,
5080,3500,5081,4814,,0,35,35,36,36,25,25,28,28,32,32,35,35,97,97,1022,1022,1178,1178,1132,1132,1080,1080,1021,1021,934,934,983,983,962,962,1015,1015,1036,1036,1085,1085,989,989,272,272,175,175,118,118,86,86,44,44,,,,,,,,,,,,,,,,,,,,,,,,,,,,,,,,,,,,,,,,,,,,,,,,
5081,1600,5080,4805,8887,1,1,1,1,1,0,0,0,0,1,1,1,1,2,2,16,16,19,19,18,18,17,17,16,16,15,15,16,16,15,15,16,16,16,16,17,17,16,16,4,4,3,3,2,2,1,1,1,1,,,,,,,,,,,,,,,,,,,,,,,,,,,,,,,,,,,,,,,,,,,,,,,,
5082,1500,4828,5083,,0,35,35,36,36,25,25,28,28,32,32,35,35,97,97,1022,1022,1178,1178,1132,1132,1080,1080,1021,1021,934,934,983,983,962,962,1015,1015,1036,1036,1085,1085,989,989,272,272,175,175,118,118,86,86,44,44,,,,,,,,,,,,,,,,,,,,,,,,,,,,,,,,,,,,,,,,,,,,,,,,
5083,800,4827,4823,5082,1,0,0,0,0,0,0,0,0,0,0,0,0,1,1,12,12,14,14,13,13,12,12,12,12,11,11,11,11,11,11,12,12,12,12,12,12,11,11,3,3,2,2,1,1,1,1,1,1,,,,,,,,,,,,,,,,,,,,,,,,,,,,,,,,,,,,,,,,,,,,,,,,
5084,4400,4851,5085,,0,35,35,36,36,25,25,28,28,32,32,35,35,97,97,1022,1022,1178,1178,1132,1132,1080,1080,1021,1021,934,934,983,983,962,962,1015,1015,1036,1036,1085,1085,989,989,272,272,175,175,118,118,86,86,44,44,,,,,,,,,,,,,,,,,,,,,,,,,,,,,,,,,,,,,,,,,,,,,,,,
5085,2500,4841,5086,5084,1,35,35,36,36,25,25,28,28,32,32,35,35,97,97,1022,1022,1178,1178,1132,1132,1080,1080,1021,1021,934,934,983,983,962,962,1015,1015,1036,1036,1085,1085,989,989,272,272,175,175,118,118,86,86,44,44,,,,,,,,,,,,,,,,,,,,,,,,,,,,,,,,,,,,,,,,,,,,,,,,
5086,4400,5085,5087,,0,35,35,36,36,25,25,28,28,32,32,35,35,97,97,1022,1022,1178,1178,1132,1132,1080,1080,1021,1021,934,934,983,983,962,962,1015,1015,1036,1036,1085,1085,989,989,272,272,175,175,118,118,86,86,44,44,,,,,,,,,,,,,,,,,,,,,,,,,,,,,,,,,,,,,,,,,,,,,,,,
5087,3500,5086,4858,4849,1,35,35,36,36,25,25,28,28,32,32,35,35,97,97,1022,1022,1178,1178,1132,1132,1080,1080,1021,1021,934,934,983,983,962,962,1015,1015,1036,1036,1085,1085,989,989,272,272,175,175,118,118,86,86,44,44,,,,,,,,,,,,,,,,,,,,,,,,,,,,,,,,,,,,,,,,,,,,,,,,
5088,2000,4814,5089,,0,35,35,36,36,25,25,28,28,32,32,35,35,97,97,1022,1022,1178,1178,1132,1132,1080,1080,1021,1021,934,934,983,983,962,962,1015,1015,1036,1036,1085,1085,989,989,272,272,175,175,118,118,86,86,44,44,,,,,,,,,,,,,,,,,,,,,,,,,,,,,,,,,,,,,,,,,,,,,,,,
5089,2000,5090,5088,4826,1,35,35,36,36,25,25,28,28,32,32,35,35,97,97,1022,1022,1178,1178,1132,1132,1080,1080,1021,1021,934,934,983,983,962,962,1015,1015,1036,1036,1085,1085,989,989,272,272,175,175,118,118,86,86,44,44,,,,,,,,,,,,,,,,,,,,,,,,,,,,,,,,,,,,,,,,,,,,,,,,
509,3000,511,510,,0,50,50,52,52,37,37,40,40,46,46,50,50,140,140,967,967,1151,1151,1088,1088,1047,1047,967,967,880,880,932,932,911,911,933,933,958,958,1007,1007,913,913,393,393,252,252,170,170,124,124,63,63,,,,,,,,,,,,,,,,,,,,,,,,,,,,,,,,,,,,,,,,,,,,,,,,
5090,2000,5091,5089,,0,35,35,36,36,25,25,28,28,32,32,35,35,97,97,1022,1022,1178,1178,1132,1132,1080,1080,1021,1021,934,934,983,983,962,962,1015,1015,1036,1036,1085,1085,989,989,272,272,175,175,118,118,86,86,44,44,,,,,,,,,,,,,,,,,,,,,,,,,,,,,,,,,,,,,,,,,,,,,,,,
5091,1500,4816,5090,5092,1,35,35,36,36,25,25,28,28,32,32,35,35,97,97,1022,1022,1178,1178,1132,1132,1080,1080,1021,1021,934,934,983,983,962,962,1015,1015,1036,1036,1085,1085,989,989,272,272,175,175,118,118,86,86,44,44,,,,,,,,,,,,,,,,,,,,,,,,,,,,,,,,,,,,,,,,,,,,,,,,
5092,1200,5091,5093,,0,1,1,1,1,0,0,0,0,1,1,1,1,2,2,18,18,21,21,20,20,19,19,18,18,16,16,17,17,17,17,18,18,18,18,19,19,17,17,5,5,3,3,2,2,2,2,1,1,,,,,,,,,,,,,,,,,,,,,,,,,,,,,,,,,,,,,,,,,,,,,,,,
5093,800,4811,5092,4805,1,0,0,0,0,0,0,0,0,0,0,0,0,1,1,12,12,14,14,13,13,12,12,12,12,11,11,11,11,11,11,12,12,12,12,13,13,11,11,3,3,2,2,1,1,1,1,1,1,,,,,,,,,,,,,,,,,,,,,,,,,,,,,,,,,,,,,,,,,,,,,,,,
5094,1650,5095,5099,,0,35,35,36,36,25,25,28,28,32,32,35,35,97,97,1022,1022,1178,1178,1132,1132,1080,1080,1021,1021,934,934,983,983,962,962,1015,1015,1036,1036,1085,1085,989,989,272,272,175,175,118,118,86,86,44,44,,,,,,,,,,,,,,,,,,,,,,,,,,,,,,,,,,,,,,,,,,,,,,,,
5095,1650,4809,5094,8878,1,35,35,36,36,25,25,28,28,32,32,35,35,97,97,1022,1022,1178,1178,1132,1132,1080,1080,1021,1021,934,934,983,983,962,962,1015,1015,1036,1036,1085,1085,989,989,272,272,175,175,118,118,86,86,44,44,,,,,,,,,,,,,,,,,,,,,,,,,,,,,,,,,,,,,,,,,,,,,,,,
5096,1200,4810,8893,,0,33,33,31,31,22,22,23,23,26,26,31,31,88,88,1055,1055,1119,1119,1058,1058,1080,1080,966,966,980,980,861,861,1008,1008,1021,1021,988,988,1080,1080,1096,1096,421,421,249,249,150,150,110,110,68,68,,,,,,,,,,,,,,,,,,,,,,,,,,,,,,,,,,,,,,,,,,,,,,,,
5097,4400,,4847,5098,1,35,35,36,36,25,25,28,28,32,32,35,35,97,97,1022,1022,1178,1178,1132,1132,1080,1080,1021,1021,934,934,983,983,962,962,1015,1015,1036,1036,1085,1085,989,989,272,272,175,175,118,118,86,86,44,44,,,,,,,,,,,,,,,,,,,,,,,,,,,,,,,,,,,,,,,,,,,,,,,,
5098,2000,4827,4820,5100;5097,2,35,35,36,36,25,25,28,28,32,32,35,35,97,97,1022,1022,1178,1178,1132,1132,1080,1080,1021,1021,934,934,983,983,962,962,1015,1015,1036,1036,1085,1085,989,989,272,272,175,175,118,118,86,86,44,44,,,,,,,,,,,,,,,,,,,,,,,,,,,,,,,,,,,,,,,,,,,,,,,,
5099,4400,5094,8894,9007;5100,2,0,0,0,0,0,0,0,0,0,0,0,0,0,0,1156,1156,1275,1275,1184,1184,1063,1063,1121,1121,1033,1033,1056,1056,1105,1105,1218,1218,1250,1250,1308,1308,1226,1226,0,0,0,0,0,0,0,0,0,0,,,,,,,,,,,,,,,,,,,,,,,,,,,,,,,,,,,,,,,,,,,,,,,,
51,2000,40,68,43;66,2,50,50,52,52,37,37,40,40,46,46,50,50,140,140,967,967,1151,1151,1088,1088,1047,1047,967,967,880,880,932,932,911,911,933,933,958,958,1007,1007,913,913,393,393,252,252,170,170,124,124,63,63,,,,,,,,,,,,,,,,,,,,,,,,,,,,,,,,,,,,,,,,,,,,,,,,
510,1600,107,167,509,1,0,0,0,0,0,0,0,0,0,0,0,0,1,1,7,7,8,8,8,8,8,8,7,7,6,6,7,7,7,7,7,7,7,7,7,7,7,7,3,3,2,2,1,1,1,1,0,0,,,,,,,,,,,,,,,,,,,,,,,,,,,,,,,,,,,,,,,,,,,,,,,,
5100,4400,5098,5099,,0,35,35,36,36,25,25,28,28,32,32,35,35,97,97,1022,1022,1178,1178,1132,1132,1080,1080,1021,1021,934,934,983,983,962,962,1015,1015,1036,1036,1085,1085,989,989,272,272,175,175,118,118,86,86,44,44,,,,,,,,,,,,,,,,,,,,,,,,,,,,,,,,,,,,,,,,,,,,,,,,
5101,2000,5102,4807,,0,67,67,70,70,49,49,53,53,62,62,67,67,186,186,910,910,1134,1134,1023,1023,977,977,900,900,812,812,861,861,864,864,851,851,886,886,939,939,854,854,524,524,336,336,227,227,165,165,84,84,,,,,,,,,,,,,,,,,,,,,,,,,,,,,,,,,,,,,,,,,,,,,,,,
5102,300,4821,4820,5101,1,0,0,0,0,0,0,0,0,0,0,0,0,1,1,11,11,13,13,12,12,12,12,11,11,10,10,11,11,10,10,11,11,11,11,12,12,11,11,3,3,2,2,1,1,1,1,0,0,,,,,,,,,,,,,,,,,,,,,,,,,,,,,,,,,,,,,,,,,,,,,,,,
5103,1500,4806,8895,4815,1,47,47,48,48,33,33,36,36,42,42,46,46,128,128,1057,1057,1213,1213,1153,1153,1128,1128,1033,1033,969,969,976,976,998,998,1023,1023,1032,1032,1096,1096,1027,1027,410,410,257,257,168,168,123,123,66,66,,,,,,,,,,,,,,,,,,,,,,,,,,,,,,,,,,,,,,,,,,,,,,,,
5104,2500,5105,4835,,0,35,35,36,36,25,25,28,28,32,32,35,35,97,97,1022,1022,1178,1178,1132,1132,1080,1080,1021,1021,934,934,983,983,962,962,1015,1015,1036,1036,1085,1085,989,989,272,272,175,175,118,118,86,86,44,44,,,,,,,,,,,,,,,,,,,,,,,,,,,,,,,,,,,,,,,,,,,,,,,,
5105,2500,5104,4848,4861,1,35,35,36,36,25,25,28,28,32,32,35,35,97,97,1022,1022,1178,1178,1132,1132,1080,1080,1021,1021,934,934,983,983,962,962,1015,1015,1036,1036,1085,1085,989,989,272,272,175,175,118,118,86,86,44,44,,,,,,,,,,,,,,,,,,,,,,,,,,,,,,,,,,,,,,,,,,,,,,,,
5106,4400,4835,5107,,0,67,0,70,0,49,0,53,0,62,0,67,0,186,0,910,1138,1134,1201,1023,1284,977,1257,900,1168,812,1084,861,1145,864,1051,851,1179,886,1173,939,1211,854,1091,524,0,336,0,227,0,165,0,84,0,,,,,,,,,,,,,,,,,,,,,,,,,,,,,,,,,,,,,,,,,,,,,,,,
5107,3000,5108,4815,5106,1,45,45,47,47,33,33,35,35,41,41,45,45,124,124,992,992,1181,1181,1077,1077,1006,1006,974,974,886,886,926,926,944,944,973,973,1007,1007,1062,1062,978,978,349,349,224,224,151,151,110,110,56,56,,,,,,,,,,,,,,,,,,,,,,,,,,,,,,,,,,,,,,,,,,,,,,,,
5108,4400,5109,5107,,0,45,45,47,47,33,33,35,35,41,41,45,45,124,124,992,992,1181,1181,1077,1077,1006,1006,974,974,886,886,926,926,944,944,973,973,1007,1007,1062,1062,978,978,349,349,224,224,151,151,110,110,56,56,,,,,,,,,,,,,,,,,,,,,,,,,,,,,,,,,,,,,,,,,,,,,,,,
5109,3500,4836,5108,4833,1,45,45,47,47,33,33,35,35,41,41,45,45,124,124,992,992,1181,1181,1077,1077,1006,1006,974,974,886,886,926,926,944,944,973,973,1007,1007,1062,1062,978,978,349,349,224,224,151,151,110,110,56,56,,,,,,,,,,,,,,,,,,,,,,,,,,,,,,,,,,,,,,,,,,,,,,,,
511,3000,91,89,509,1,50,50,52,52,37,37,40,40,46,46,50,50,140,140,967,967,1151,1151,1088,1088,1047,1047,967,967,880,880,932,932,911,911,933,933,958,958,1007,1007,913,913,393,393,252,252,170,170,124,124,63,63,,,,,,,,,,,,,,,,,,,,,,,,,,,,,,,,,,,,,,,,,,,,,,,,
5110,4400,5111,4818,,0,45,45,47,47,33,33,35,35,41,41,45,45,124,124,992,992,1181,1181,1077,1077,1006,1006,974,974,886,886,926,926,944,944,973,973,1007,1007,1062,1062,978,978,349,349,224,224,151,151,110,110,56,56,,,,,,,,,,,,,,,,,,,,,,,,,,,,,,,,,,,,,,,,,,,,,,,,
5111,3000,4838,5112,5110,1,45,45,47,47,33,33,35,35,41,41,45,45,124,124,992,992,1181,1181,1077,1077,1006,1006,974,974,886,886,926,926,944,944,973,973,1007,1007,1062,1062,978,978,349,349,224,224,151,151,110,110,56,56,,,,,,,,,,,,,,,,,,,,,,,,,,,,,,,,,,,,,,,,,,,,,,,,
5112,2500,5111,5113,,0,45,45,47,47,33,33,35,35,41,41,45,45,124,124,992,992,1181,1181,1077,1077,1006,1006,974,974,886,886,926,926,944,944,973,973,1007,1007,1062,1062,978,978,349,349,224,224,151,151,110,110,56,56,,,,,,,,,,,,,,,,,,,,,,,,,,,,,,,,,,,,,,,,,,,,,,,,
5113,4400,5112,5114,4853,1,45,45,47,47,33,33,35,35,41,41,45,45,124,124,992,992,1181,1181,1077,1077,1006,1006,974,974,886,886,926,926,944,944,973,973,1007,1007,1062,1062,978,978,349,349,224,224,151,151,110,110,56,56,,,,,,,,,,,,,,,,,,,,,,,,,,,,,,,,,,,,,,,,,,,,,,,,
5114,3500,5115,5113,,0,45,45,47,47,33,33,35,35,41,41,45,45,124,124,992,992,1181,1181,1077,1077,1006,1006,974,974,886,886,926,926,944,944,973,973,1007,1007,1062,1062,978,978,349,349,224,224,151,151,110,110,56,56,,,,,,,,,,,,,,,,,,,,,,,,,,,,,,,,,,,,,,,,,,,,,,,,
5115,4400,4856,5114,4839,1,45,45,47,47,33,33,35,35,41,41,45,45,124,124,992,992,1181,1181,1077,1077,1006,1006,974,974,886,886,926,926,944,944,973,973,1007,1007,1062,1062,978,978,349,349,224,224,151,151,110,110,56,56,,,,,,,,,,,,,,,,,,,,,,,,,,,,,,,,,,,,,,,,,,,,,,,,
5116,3000,5117,4840,,0,45,45,47,47,33,33,35,35,41,41,45,45,124,124,992,992,1181,1181,1077,1077,1006,1006,974,974,886,886,926,926,944,944,973,973,1007,1007,1062,1062,978,978,349,349,224,224,151,151,110,110,56,56,,,,,,,,,,,,,,,,,,,,,,,,,,,,,,,,,,,,,,,,,,,,,,,,
5117,2000,4850,5116,4838,1,45,45,47,47,33,33,35,35,41,41,45,45,124,124,992,992,1181,1181,1077,1077,1006,1006,974,974,886,886,926,926,944,944,973,973,1007,1007,1062,1062,978,978,349,349,224,224,151,151,110,110,56,56,,,,,,,,,,,,,,,,,,,,,,,,,,,,,,,,,,,,,,,,,,,,,,,,
5118,2500,5119,8904,,0,47,47,48,48,33,33,36,36,42,42,46,46,128,128,1057,1057,1213,1213,1153,1153,1128,1128,1033,1033,969,969,976,976,998,998,1023,1023,1032,1032,1096,1096,1027,1027,410,410,257,257,168,168,123,123,66,66,,,,,,,,,,,,,,,,,,,,,,,,,,,,,,,,,,,,,,,,,,,,,,,,
5119,3000,4808,5120,5118,1,47,47,48,48,33,33,36,36,42,42,46,46,128,128,1057,1057,1213,1213,1153,1153,1128,1128,1033,1033,969,969,976,976,998,998,1023,1023,1032,1032,1096,1096,1027,1027,410,410,257,257,168,168,123,123,66,66,,,,,,,,,,,,,,,,,,,,,,,,,,,,,,,,,,,,,,,,,,,,,,,,
512,1500,318,13951,,0,38,38,40,40,28,28,30,30,35,35,38,38,106,106,1010,1010,1173,1173,1121,1121,1069,1069,1008,1008,921,921,970,970,952,952,997,997,1020,1020,1069,1069,975,975,299,299,192,192,130,130,94,94,48,48,,,,,,,,,,,,,,,,,,,,,,,,,,,,,,,,,,,,,,,,,,,,,,,,
5120,2500,5119,5121,,0,45,45,47,47,33,33,35,35,41,41,45,45,124,124,992,992,1181,1181,1077,1077,1006,1006,974,974,886,886,926,926,944,944,973,973,1007,1007,1062,1062,978,978,349,349,224,224,151,151,110,110,56,56,,,,,,,,,,,,,,,,,,,,,,,,,,,,,,,,,,,,,,,,,,,,,,,,
5121,1500,4830,5120,4817,1,45,45,47,47,33,33,35,35,41,41,45,45,124,124,992,992,1181,1181,1077,1077,1006,1006,974,974,886,886,926,926,944,944,973,973,1007,1007,1062,1062,978,978,349,349,224,224,151,151,110,110,56,56,,,,,,,,,,,,,,,,,,,,,,,,,,,,,,,,,,,,,,,,,,,,,,,,
5122,1500,4817,5123,5127,1,45,45,47,47,33,33,35,35,41,41,45,45,124,124,992,992,1181,1181,1077,1077,1006,1006,974,974,886,886,926,926,944,944,973,973,1007,1007,1062,1062,978,978,349,349,224,224,151,151,110,110,56,56,,,,,,,,,,,,,,,,,,,,,,,,,,,,,,,,,,,,,,,,,,,,,,,,
5123,1200,5124,5122,,0,1,1,1,1,0,0,1,1,1,1,1,1,2,2,17,17,19,19,18,18,17,17,16,16,15,15,15,15,16,16,16,16,17,17,18,18,16,16,5,5,3,3,2,2,2,2,1,1,,,,,,,,,,,,,,,,,,,,,,,,,,,,,,,,,,,,,,,,,,,,,,,,
5124,600,4802,5125,5123,1,0,0,0,0,0,0,0,0,0,0,0,0,0,0,909,909,1002,1002,931,931,835,835,881,881,812,812,829,829,868,868,957,957,982,982,1027,1027,964,964,0,0,0,0,0,0,0,0,0,0,,,,,,,,,,,,,,,,,,,,,,,,,,,,,,,,,,,,,,,,,,,,,,,,
5125,1200,5124,5126,,0,0,0,0,0,0,0,0,0,0,0,0,0,1,1,10,10,12,12,11,11,10,10,10,10,9,9,9,9,10,10,10,10,10,10,11,11,10,10,3,3,2,2,1,1,1,1,0,0,,,,,,,,,,,,,,,,,,,,,,,,,,,,,,,,,,,,,,,,,,,,,,,,
5126,400,8875,8905,5125,1,0,0,0,0,0,0,0,0,0,0,0,0,1,1,7,7,8,8,7,7,7,7,7,7,6,6,6,6,7,7,7,7,7,7,7,7,7,7,2,2,1,1,1,1,1,1,0,0,,,,,,,,,,,,,,,,,,,,,,,,,,,,,,,,,,,,,,,,,,,,,,,,
5127,1600,8910,5122,,0,1,1,1,1,1,1,1,1,1,1,1,1,2,2,18,18,21,21,19,19,18,18,17,17,16,16,16,16,17,17,17,17,18,18,19,19,18,18,5,5,3,3,2,2,2,2,1,1,,,,,,,,,,,,,,,,,,,,,,,,,,,,,,,,,,,,,,,,,,,,,,,,
5128,4000,4837,5129,,0,45,45,47,47,33,33,35,35,41,41,45,45,124,124,992,992,1181,1181,1077,1077,1006,1006,974,974,886,886,926,926,944,944,973,973,1007,1007,1062,1062,978,978,349,349,224,224,151,151,110,110,56,56,,,,,,,,,,,,,,,,,,,,,,,,,,,,,,,,,,,,,,,,,,,,,,,,
5129,4000,4830,,5128;4839,2,45,45,47,47,33,33,35,35,41,41,45,45,124,124,992,992,1181,1181,1077,1077,1006,1006,974,974,886,886,926,926,944,944,973,973,1007,1007,1062,1062,978,978,349,349,224,224,151,151,110,110,56,56,,,,,,,,,,,,,,,,,,,,,,,,,,,,,,,,,,,,,,,,,,,,,,,,
513,3850,514,298,,0,44,44,46,46,32,32,34,34,40,40,44,44,122,122,1037,1037,1195,1195,1144,1144,1114,1114,1024,1024,952,952,976,976,977,977,1009,1009,1021,1021,1079,1079,999,999,376,376,237,237,157,157,114,114,60,60,,,,,,,,,,,,,,,,,,,,,,,,,,,,,,,,,,,,,,,,,,,,,,,,
5130,1600,4837,5131,,0,0,0,0,0,0,0,0,0,0,0,0,0,1,1,6,6,7,7,6,6,6,6,6,6,5,5,5,5,5,5,6,6,6,6,6,6,6,6,2,2,1,1,1,1,1,1,0,0,,,,,,,,,,,,,,,,,,,,,,,,,,,,,,,,,,,,,,,,,,,,,,,,
5131,1200,4857,5130,4845,1,0,0,0,0,0,0,0,0,0,0,0,0,0,0,3,3,4,4,4,4,3,3,3,3,3,3,3,3,3,3,3,3,4,4,4,4,3,3,1,1,1,1,0,0,0,0,0,0,,,,,,,,,,,,,,,,,,,,,,,,,,,,,,,,,,,,,,,,,,,,,,,,
5132,4400,5133,4837,,0,45,45,47,47,33,33,35,35,41,41,45,45,124,124,992,992,1181,1181,1077,1077,1006,1006,974,974,886,886,926,926,944,944,973,973,1007,1007,1062,1062,978,978,349,349,224,224,151,151,110,110,56,56,,,,,,,,,,,,,,,,,,,,,,,,,,,,,,,,,,,,,,,,,,,,,,,,
5133,3000,4813,5132,5134,1,67,67,70,70,49,49,53,53,62,62,67,67,186,186,910,910,1134,1134,1023,1023,977,977,900,900,812,812,861,861,864,864,851,851,886,886,939,939,854,854,524,524,336,336,227,227,165,165,84,84,,,,,,,,,,,,,,,,,,,,,,,,,,,,,,,,,,,,,,,,,,,,,,,,
5134,4000,5133,5135,,0,45,45,47,47,33,33,35,35,41,41,45,45,124,124,992,992,1181,1181,1077,1077,1006,1006,974,974,886,886,926,926,944,944,973,973,1007,1007,1062,1062,978,978,349,349,224,224,151,151,110,110,56,56,,,,,,,,,,,,,,,,,,,,,,,,,,,,,,,,,,,,,,,,,,,,,,,,
5135,2200,4803,5134,4825,1,45,45,47,47,33,33,35,35,41,41,45,45,124,124,992,992,1181,1181,1077,1077,1006,1006,974,974,886,886,926,926,944,944,973,973,1007,1007,1062,1062,978,978,349,349,224,224,151,151,110,110,56,56,,,,,,,,,,,,,,,,,,,,,,,,,,,,,,,,,,,,,,,,,,,,,,,,
5136,2750,4924,5137,,0,38,38,40,40,28,28,30,30,35,35,38,38,106,106,1010,1010,1173,1173,1121,1121,1069,1069,1008,1008,921,921,970,970,952,952,997,997,1020,1020,1069,1069,975,975,299,299,192,192,130,130,94,94,48,48,,,,,,,,,,,,,,,,,,,,,,,,,,,,,,,,,,,,,,,,,,,,,,,,
5137,1500,5138,5136,201,1,34,34,35,35,24,24,26,26,31,31,34,34,93,93,1033,1033,1204,1204,1104,1104,1020,1020,1010,1010,922,922,958,958,984,984,1034,1034,1068,1068,1124,1124,1040,1040,262,262,168,168,114,114,82,82,42,42,,,,,,,,,,,,,,,,,,,,,,,,,,,,,,,,,,,,,,,,,,,,,,,,
5138,2500,5137,5139,,0,34,34,35,35,24,24,26,26,31,31,34,34,93,93,1033,1033,1204,1204,1104,1104,1020,1020,1010,1010,922,922,958,958,984,984,1034,1034,1068,1068,1124,1124,1040,1040,262,262,168,168,114,114,82,82,42,42,,,,,,,,,,,,,,,,,,,,,,,,,,,,,,,,,,,,,,,,,,,,,,,,
5139,2500,5138,5140,4972,1,34,34,35,35,24,24,26,26,31,31,34,34,93,93,1033,1033,1204,1204,1104,1104,1020,1020,1010,1010,922,922,958,958,984,984,1034,1034,1068,1068,1124,1124,1040,1040,262,262,168,168,114,114,82,82,42,42,,,,,,,,,,,,,,,,,,,,,,,,,,,,,,,,,,,,,,,,,,,,,,,,
514,2500,282,9864,513,1,44,44,46,46,32,32,34,34,40,40,44,44,122,122,1037,1037,1195,1195,1144,1144,1114,1114,1024,1024,952,952,976,976,977,977,1009,1009,1021,1021,1079,1079,999,999,376,376,237,237,157,157,114,114,60,60,,,,,,,,,,,,,,,,,,,,,,,,,,,,,,,,,,,,,,,,,,,,,,,,
5140,2500,5141,5139,,0,34,34,35,35,24,24,26,26,31,31,34,34,93,93,1033,1033,1204,1204,1104,1104,1020,1020,1010,1010,922,922,958,958,984,984,1034,1034,1068,1068,1124,1124,1040,1040,262,262,168,168,114,114,82,82,42,42,,,,,,,,,,,,,,,,,,,,,,,,,,,,,,,,,,,,,,,,,,,,,,,,
5141,2500,5142,5148,5140,1,34,34,35,35,24,24,26,26,31,31,34,34,93,93,1033,1033,1204,1204,1104,1104,1020,1020,1010,1010,922,922,958,958,984,984,1034,1034,1068,1068,1124,1124,1040,1040,262,262,168,168,114,114,82,82,42,42,,,,,,,,,,,,,,,,,,,,,,,,,,,,,,,,,,,,,,,,,,,,,,,,
5142,2500,5141,5143,,0,34,34,35,35,24,24,26,26,31,31,34,34,93,93,1033,1033,1204,1204,1104,1104,1020,1020,1010,1010,922,922,958,958,984,984,1034,1034,1068,1068,1124,1124,1040,1040,262,262,168,168,114,114,82,82,42,42,,,,,,,,,,,,,,,,,,,,,,,,,,,,,,,,,,,,,,,,,,,,,,,,
5143,2500,5142,5029,5150,1,34,34,35,35,24,24,26,26,31,31,34,34,93,93,1033,1033,1204,1204,1104,1104,1020,1020,1010,1010,922,922,958,958,984,984,1034,1034,1068,1068,1124,1124,1040,1040,262,262,168,168,114,114,82,82,42,42,,,,,,,,,,,,,,,,,,,,,,,,,,,,,,,,,,,,,,,,,,,,,,,,
5144,1500,5145,225,,0,38,38,40,40,28,28,30,30,35,35,38,38,106,106,1010,1010,1173,1173,1121,1121,1069,1069,1008,1008,921,921,970,970,952,952,997,997,1020,1020,1069,1069,975,975,299,299,192,192,130,130,94,94,48,48,,,,,,,,,,,,,,,,,,,,,,,,,,,,,,,,,,,,,,,,,,,,,,,,
5145,1500,4972,5144,5003,1,34,34,35,35,24,24,26,26,31,31,34,34,93,93,1033,1033,1204,1204,1104,1104,1020,1020,1010,1010,922,922,958,958,984,984,1034,1034,1068,1068,1124,1124,1040,1040,262,262,168,168,114,114,82,82,42,42,,,,,,,,,,,,,,,,,,,,,,,,,,,,,,,,,,,,,,,,,,,,,,,,
5146,1500,5147,5259,,0,34,34,35,35,24,24,26,26,31,31,34,34,93,93,1033,1033,1204,1204,1104,1104,1020,1020,1010,1010,922,922,958,958,984,984,1034,1034,1068,1068,1124,1124,1040,1040,262,262,168,168,114,114,82,82,42,42,,,,,,,,,,,,,,,,,,,,,,,,,,,,,,,,,,,,,,,,,,,,,,,,
5147,1500,5003,5146,4992,1,34,34,35,35,24,24,26,26,31,31,34,34,93,93,1033,1033,1204,1204,1104,1104,1020,1020,1010,1010,922,922,958,958,984,984,1034,1034,1068,1068,1124,1124,1040,1040,262,262,168,168,114,114,82,82,42,42,,,,,,,,,,,,,,,,,,,,,,,,,,,,,,,,,,,,,,,,,,,,,,,,
5148,1500,5149,5141,,0,34,34,35,35,24,24,26,26,31,31,34,34,93,93,1033,1033,1204,1204,1104,1104,1020,1020,1010,1010,922,922,958,958,984,984,1034,1034,1068,1068,1124,1124,1040,1040,262,262,168,168,114,114,82,82,42,42,,,,,,,,,,,,,,,,,,,,,,,,,,,,,,,,,,,,,,,,,,,,,,,,
5149,1500,4992,5148,4995,1,34,34,35,35,24,24,26,26,31,31,34,34,93,93,1033,1033,1204,1204,1104,1104,1020,1020,1010,1010,922,922,958,958,984,984,1034,1034,1068,1068,1124,1124,1040,1040,262,262,168,168,114,114,82,82,42,42,,,,,,,,,,,,,,,,,,,,,,,,,,,,,,,,,,,,,,,,,,,,,,,,
515,3300,298,516,,0,54,54,56,56,39,39,42,42,50,50,54,54,149,149,956,956,1147,1147,1075,1075,1033,1033,954,954,866,866,918,918,901,901,917,917,943,943,993,993,901,901,419,419,269,269,182,182,132,132,67,67,,,,,,,,,,,,,,,,,,,,,,,,,,,,,,,,,,,,,,,,,,,,,,,,
5150,1500,5151,5143,,0,34,34,35,35,24,24,26,26,31,31,34,34,93,93,1033,1033,1204,1204,1104,1104,1020,1020,1010,1010,922,922,958,958,984,984,1034,1034,1068,1068,1124,1124,1040,1040,262,262,168,168,114,114,82,82,42,42,,,,,,,,,,,,,,,,,,,,,,,,,,,,,,,,,,,,,,,,,,,,,,,,
5151,2000,5019,5012,4995;5150,2,34,34,35,35,24,24,26,26,31,31,34,34,93,93,1033,1033,1204,1204,1104,1104,1020,1020,1010,1010,922,922,958,958,984,984,1034,1034,1068,1068,1124,1124,1040,1040,262,262,168,168,114,114,82,82,42,42,,,,,,,,,,,,,,,,,,,,,,,,,,,,,,,,,,,,,,,,,,,,,,,,
5152,3000,4898,5153,4906,1,67,67,70,70,49,49,53,53,62,62,67,67,186,186,910,910,1134,1134,1023,1023,977,977,900,900,812,812,861,861,864,864,851,851,886,886,939,939,854,854,524,524,336,336,227,227,165,165,84,84,,,,,,,,,,,,,,,,,,,,,,,,,,,,,,,,,,,,,,,,,,,,,,,,
5153,2750,5152,5154,4930,1,34,34,35,35,24,24,26,26,31,31,34,34,93,93,1033,1033,1204,1204,1104,1104,1020,1020,1010,1010,922,922,958,958,984,984,1034,1034,1068,1068,1124,1124,1040,1040,262,262,168,168,114,114,82,82,42,42,,,,,,,,,,,,,,,,,,,,,,,,,,,,,,,,,,,,,,,,,,,,,,,,
5154,4400,5153,5155,,0,34,34,35,35,24,24,26,26,31,31,34,34,93,93,1033,1033,1204,1204,1104,1104,1020,1020,1010,1010,922,922,958,958,984,984,1034,1034,1068,1068,1124,1124,1040,1040,262,262,168,168,114,114,82,82,42,42,,,,,,,,,,,,,,,,,,,,,,,,,,,,,,,,,,,,,,,,,,,,,,,,
5155,2000,5154,5007,5162,1,34,34,35,35,24,24,26,26,31,31,34,34,93,93,1033,1033,1204,1204,1104,1104,1020,1020,1010,1010,922,922,958,958,984,984,1034,1034,1068,1068,1124,1124,1040,1040,262,262,168,168,114,114,82,82,42,42,,,,,,,,,,,,,,,,,,,,,,,,,,,,,,,,,,,,,,,,,,,,,,,,
5156,1600,5157,5163,,0,0,0,0,0,0,0,0,0,0,0,0,0,1,1,9,9,10,10,9,9,9,9,9,9,8,8,8,8,8,8,9,9,9,9,9,9,9,9,2,2,1,1,1,1,1,1,0,0,,,,,,,,,,,,,,,,,,,,,,,,,,,,,,,,,,,,,,,,,,,,,,,,
5157,800,5156,5158,4936,1,0,0,0,0,0,0,0,0,0,0,0,0,1,1,12,12,14,14,13,13,12,12,12,12,11,11,11,11,12,12,12,12,13,13,13,13,12,12,3,3,2,2,1,1,1,1,0,0,,,,,,,,,,,,,,,,,,,,,,,,,,,,,,,,,,,,,,,,,,,,,,,,
5158,1200,5157,5159,,0,0,0,0,0,0,0,0,0,0,0,0,0,1,1,7,7,8,8,7,7,7,7,7,7,6,6,6,6,6,6,7,7,7,7,7,7,7,7,1,1,1,1,1,1,0,0,0,0,,,,,,,,,,,,,,,,,,,,,,,,,,,,,,,,,,,,,,,,,,,,,,,,
5159,800,5160,5158,4930,1,0,0,0,0,0,0,0,0,0,0,0,0,0,0,6,6,7,7,6,6,6,6,6,6,5,5,6,6,6,6,6,6,6,6,6,6,6,6,1,1,1,1,1,1,0,0,0,0,,,,,,,,,,,,,,,,,,,,,,,,,,,,,,,,,,,,,,,,,,,,,,,,
516,2500,515,517,288,1,54,54,56,56,39,39,42,42,50,50,54,54,149,149,956,956,1147,1147,1075,1075,1033,1033,954,954,866,866,918,918,901,901,917,917,943,943,993,993,901,901,419,419,269,269,182,182,132,132,67,67,,,,,,,,,,,,,,,,,,,,,,,,,,,,,,,,,,,,,,,,,,,,,,,,
5160,1000,5159,5161,,0,35,35,36,36,25,25,28,28,32,32,35,35,97,97,1022,1022,1178,1178,1132,1132,1080,1080,1021,1021,934,934,983,983,962,962,1015,1015,1036,1036,1085,1085,989,989,272,272,175,175,118,118,86,86,44,44,,,,,,,,,,,,,,,,,,,,,,,,,,,,,,,,,,,,,,,,,,,,,,,,
5161,1000,5160,4961,4908,1,35,35,36,36,25,25,28,28,32,32,35,35,97,97,1022,1022,1178,1178,1132,1132,1080,1080,1021,1021,934,934,983,983,962,962,1015,1015,1036,1036,1085,1085,989,989,272,272,175,175,118,118,86,86,44,44,,,,,,,,,,,,,,,,,,,,,,,,,,,,,,,,,,,,,,,,,,,,,,,,
5162,2000,5155,5163,,0,34,34,35,35,24,24,26,26,31,31,34,34,93,93,1033,1033,1204,1204,1104,1104,1020,1020,1010,1010,922,922,958,958,984,984,1034,1034,1068,1068,1124,1124,1040,1040,262,262,168,168,114,114,82,82,42,42,,,,,,,,,,,,,,,,,,,,,,,,,,,,,,,,,,,,,,,,,,,,,,,,
5163,1500,4968,5162,5156,1,34,34,35,35,24,24,26,26,31,31,34,34,93,93,1033,1033,1204,1204,1104,1104,1020,1020,1010,1010,922,922,958,958,984,984,1034,1034,1068,1068,1124,1124,1040,1040,262,262,168,168,114,114,82,82,42,42,,,,,,,,,,,,,,,,,,,,,,,,,,,,,,,,,,,,,,,,,,,,,,,,
5164,2500,5165,4956,,0,34,34,35,35,24,24,26,26,31,31,34,34,93,93,1033,1033,1204,1204,1104,1104,1020,1020,1010,1010,922,922,958,958,984,984,1034,1034,1068,1068,1124,1124,1040,1040,262,262,168,168,114,114,82,82,42,42,,,,,,,,,,,,,,,,,,,,,,,,,,,,,,,,,,,,,,,,,,,,,,,,
5165,1200,4950,5164,5166;4936,2,0,0,0,0,0,0,0,0,0,0,0,0,1,1,13,13,15,15,14,14,13,13,13,13,12,12,12,12,12,12,13,13,13,13,14,14,13,13,3,3,2,2,1,1,1,1,0,0,,,,,,,,,,,,,,,,,,,,,,,,,,,,,,,,,,,,,,,,,,,,,,,,
5166,2500,5165,5167,,0,34,34,35,35,24,24,26,26,31,31,34,34,93,93,1033,1033,1204,1204,1104,1104,1020,1020,1010,1010,922,922,958,958,984,984,1034,1034,1068,1068,1124,1124,1040,1040,262,262,168,168,114,114,82,82,42,42,,,,,,,,,,,,,,,,,,,,,,,,,,,,,,,,,,,,,,,,,,,,,,,,
5167,2000,5166,5168,4913,1,34,34,35,35,24,24,26,26,31,31,34,34,93,93,1033,1033,1204,1204,1104,1104,1020,1020,1010,1010,922,922,958,958,984,984,1034,1034,1068,1068,1124,1124,1040,1040,262,262,168,168,114,114,82,82,42,42,,,,,,,,,,,,,,,,,,,,,,,,,,,,,,,,,,,,,,,,,,,,,,,,
5168,1200,5169,5167,,0,0,0,0,0,0,0,0,0,0,0,0,0,1,1,17,17,20,20,19,19,17,17,17,17,16,16,16,16,16,16,17,17,18,18,19,19,17,17,4,4,2,2,2,2,1,1,1,1,,,,,,,,,,,,,,,,,,,,,,,,,,,,,,,,,,,,,,,,,,,,,,,,
5169,1500,4925,5168,4941,1,67,67,70,70,49,49,53,53,62,62,67,67,186,186,910,910,1134,1134,1023,1023,977,977,900,900,812,812,861,861,864,864,851,851,886,886,939,939,854,854,524,524,336,336,227,227,165,165,84,84,,,,,,,,,,,,,,,,,,,,,,,,,,,,,,,,,,,,,,,,,,,,,,,,
517,2000,518,516,,0,54,54,56,56,39,39,42,42,50,50,54,54,149,149,956,956,1147,1147,1075,1075,1033,1033,954,954,866,866,918,918,901,901,917,917,943,943,993,993,901,901,419,419,269,269,182,182,132,132,67,67,,,,,,,,,,,,,,,,,,,,,,,,,,,,,,,,,,,,,,,,,,,,,,,,
5170,2000,5171,4997,,0,34,34,35,35,24,24,26,26,31,31,34,34,93,93,1033,1033,1204,1204,1104,1104,1020,1020,1010,1010,922,922,958,958,984,984,1034,1034,1068,1068,1124,1124,1040,1040,262,262,168,168,114,114,82,82,42,42,,,,,,,,,,,,,,,,,,,,,,,,,,,,,,,,,,,,,,,,,,,,,,,,
5171,2500,4993,5170,4987,1,34,34,35,35,24,24,26,26,31,31,34,34,93,93,1033,1033,1204,1204,1104,1104,1020,1020,1010,1010,922,922,958,958,984,984,1034,1034,1068,1068,1124,1124,1040,1040,262,262,168,168,114,114,82,82,42,42,,,,,,,,,,,,,,,,,,,,,,,,,,,,,,,,,,,,,,,,,,,,,,,,
5172,4400,4984,5173,,0,34,34,35,35,24,24,26,26,31,31,34,34,93,93,1033,1033,1204,1204,1104,1104,1020,1020,1010,1010,922,922,958,958,984,984,1034,1034,1068,1068,1124,1124,1040,1040,262,262,168,168,114,114,82,82,42,42,,,,,,,,,,,,,,,,,,,,,,,,,,,,,,,,,,,,,,,,,,,,,,,,
5173,2000,5174,4964,5172,1,34,34,35,35,24,24,26,26,31,31,34,34,93,93,1033,1033,1204,1204,1104,1104,1020,1020,1010,1010,922,922,958,958,984,984,1034,1034,1068,1068,1124,1124,1040,1040,262,262,168,168,114,114,82,82,42,42,,,,,,,,,,,,,,,,,,,,,,,,,,,,,,,,,,,,,,,,,,,,,,,,
5174,4400,5173,5175,,0,34,34,35,35,24,24,26,26,31,31,34,34,93,93,1033,1033,1204,1204,1104,1104,1020,1020,1010,1010,922,922,958,958,984,984,1034,1034,1068,1068,1124,1124,1040,1040,262,262,168,168,114,114,82,82,42,42,,,,,,,,,,,,,,,,,,,,,,,,,,,,,,,,,,,,,,,,,,,,,,,,
5175,1600,4942,5174,5176,1,0,0,0,0,0,0,0,0,0,0,0,0,1,1,13,13,15,15,14,14,13,13,13,13,12,12,12,12,12,12,13,13,13,13,14,14,13,13,3,3,2,2,1,1,1,1,0,0,,,,,,,,,,,,,,,,,,,,,,,,,,,,,,,,,,,,,,,,,,,,,,,,
5176,4400,5177,5175,,0,34,34,35,35,24,24,26,26,31,31,34,34,93,93,1033,1033,1204,1204,1104,1104,1020,1020,1010,1010,922,922,958,958,984,984,1034,1034,1068,1068,1124,1124,1040,1040,262,262,168,168,114,114,82,82,42,42,,,,,,,,,,,,,,,,,,,,,,,,,,,,,,,,,,,,,,,,,,,,,,,,
5177,2000,4977,4926,5176,1,34,34,35,35,24,24,26,26,31,31,34,34,93,93,1033,1033,1204,1204,1104,1104,1020,1020,1010,1010,922,922,958,958,984,984,1034,1034,1068,1068,1124,1124,1040,1040,262,262,168,168,114,114,82,82,42,42,,,,,,,,,,,,,,,,,,,,,,,,,,,,,,,,,,,,,,,,,,,,,,,,
5178,1200,4954,5179,,0,0,0,1,1,0,0,0,0,0,0,0,0,1,1,8,8,10,10,9,9,9,9,8,8,7,7,7,7,8,8,8,8,8,8,8,8,8,8,4,4,3,3,2,2,1,1,1,1,,,,,,,,,,,,,,,,,,,,,,,,,,,,,,,,,,,,,,,,,,,,,,,,
5179,2500,5178,5180,4935,1,64,64,66,66,46,46,50,50,58,58,64,64,177,177,964,964,1170,1170,1064,1064,1027,1027,941,941,866,866,890,890,916,916,907,907,932,932,994,994,922,922,526,526,334,334,222,222,162,162,84,84,,,,,,,,,,,,,,,,,,,,,,,,,,,,,,,,,,,,,,,,,,,,,,,,
518,2000,517,296,312,1,54,54,56,56,39,39,42,42,50,50,54,54,149,149,956,956,1147,1147,1075,1075,1033,1033,954,954,866,866,918,918,901,901,917,917,943,943,993,993,901,901,419,419,269,269,182,182,132,132,67,67,,,,,,,,,,,,,,,,,,,,,,,,,,,,,,,,,,,,,,,,,,,,,,,,
5180,1200,5179,5181,,0,0,0,0,0,0,0,0,0,0,0,0,0,1,1,6,6,8,8,7,7,7,7,6,6,6,6,6,6,6,6,6,6,6,6,7,7,6,6,3,3,2,2,1,1,1,1,1,1,,,,,,,,,,,,,,,,,,,,,,,,,,,,,,,,,,,,,,,,,,,,,,,,
5181,1600,5182,5180,4920,1,0,0,0,0,0,0,0,0,0,0,0,0,1,1,3,3,4,4,3,3,3,3,3,3,3,3,3,3,3,3,3,3,3,3,3,3,3,3,2,2,1,1,1,1,0,0,0,0,,,,,,,,,,,,,,,,,,,,,,,,,,,,,,,,,,,,,,,,,,,,,,,,
5182,1600,5181,5183,,0,0,0,0,0,0,0,0,0,0,0,0,0,0,0,2,2,3,3,2,2,2,2,2,2,2,2,2,2,2,2,2,2,2,2,2,2,2,2,1,1,1,1,0,0,0,0,0,0,,,,,,,,,,,,,,,,,,,,,,,,,,,,,,,,,,,,,,,,,,,,,,,,
5183,2000,5184,5182,4926,1,45,45,47,47,33,33,35,35,41,41,45,45,124,124,992,992,1181,1181,1077,1077,1006,1006,974,974,886,886,926,926,944,944,973,973,1007,1007,1062,1062,978,978,349,349,224,224,151,151,110,110,56,56,,,,,,,,,,,,,,,,,,,,,,,,,,,,,,,,,,,,,,,,,,,,,,,,
5184,2000,5183,5185,,0,45,45,47,47,33,33,35,35,41,41,45,45,124,124,992,992,1181,1181,1077,1077,1006,1006,974,974,886,886,926,926,944,944,973,973,1007,1007,1062,1062,978,978,349,349,224,224,151,151,110,110,56,56,,,,,,,,,,,,,,,,,,,,,,,,,,,,,,,,,,,,,,,,,,,,,,,,
5185,2000,4945,5184,4901,1,45,45,47,47,33,33,35,35,41,41,45,45,124,124,992,992,1181,1181,1077,1077,1006,1006,974,974,886,886,926,926,944,944,973,973,1007,1007,1062,1062,978,978,349,349,224,224,151,151,110,110,56,56,,,,,,,,,,,,,,,,,,,,,,,,,,,,,,,,,,,,,,,,,,,,,,,,
5186,1500,5187,4910,,0,35,35,36,36,25,25,28,28,32,32,35,35,97,97,1022,1022,1178,1178,1132,1132,1080,1080,1021,1021,934,934,983,983,962,962,1015,1015,1036,1036,1085,1085,989,989,272,272,175,175,118,118,86,86,44,44,,,,,,,,,,,,,,,,,,,,,,,,,,,,,,,,,,,,,,,,,,,,,,,,
5187,1500,4901,5186,4890,1,35,35,36,36,25,25,28,28,32,32,35,35,97,97,1022,1022,1178,1178,1132,1132,1080,1080,1021,1021,934,934,983,983,962,962,1015,1015,1036,1036,1085,1085,989,989,272,272,175,175,118,118,86,86,44,44,,,,,,,,,,,,,,,,,,,,,,,,,,,,,,,,,,,,,,,,,,,,,,,,
5188,1200,4921,5189,,0,1,1,1,1,1,1,1,1,1,1,1,1,2,2,20,20,24,24,22,22,20,20,20,20,18,18,19,19,19,19,20,20,21,21,22,22,20,20,6,6,4,4,3,3,2,2,1,1,,,,,,,,,,,,,,,,,,,,,,,,,,,,,,,,,,,,,,,,,,,,,,,,
5189,2000,5188,4920,5190,1,45,45,47,47,33,33,35,35,41,41,45,45,124,124,992,992,1181,1181,1077,1077,1006,1006,974,974,886,886,926,926,944,944,973,973,1007,1007,1062,1062,978,978,349,349,224,224,151,151,110,110,56,56,,,,,,,,,,,,,,,,,,,,,,,,,,,,,,,,,,,,,,,,,,,,,,,,
519,2500,281,520,,0,54,54,56,56,39,39,42,42,50,50,54,54,149,149,956,956,1147,1147,1075,1075,1033,1033,954,954,866,866,918,918,901,901,917,917,943,943,993,993,901,901,419,419,269,269,182,182,132,132,67,67,,,,,,,,,,,,,,,,,,,,,,,,,,,,,,,,,,,,,,,,,,,,,,,,
5190,1200,5191,5189,,0,1,1,1,1,0,0,0,0,1,1,1,1,2,2,15,15,18,18,16,16,15,15,15,15,14,14,14,14,15,15,15,15,16,16,16,16,15,15,5,5,3,3,2,2,1,1,1,1,,,,,,,,,,,,,,,,,,,,,,,,,,,,,,,,,,,,,,,,,,,,,,,,
5191,2000,5190,5236,4887,1,45,45,47,47,33,33,35,35,41,41,45,45,124,124,992,992,1181,1181,1077,1077,1006,1006,974,974,886,886,926,926,944,944,973,973,1007,1007,1062,1062,978,978,349,349,224,224,151,151,110,110,56,56,,,,,,,,,,,,,,,,,,,,,,,,,,,,,,,,,,,,,,,,,,,,,,,,
5192,2000,4970,5193,,0,64,64,66,66,46,46,50,50,58,58,64,64,177,177,964,964,1170,1170,1064,1064,1027,1027,941,941,866,866,890,890,916,916,907,907,932,932,994,994,922,922,526,526,334,334,222,222,162,162,84,84,,,,,,,,,,,,,,,,,,,,,,,,,,,,,,,,,,,,,,,,,,,,,,,,
5193,2500,5192,4980,4986,1,64,64,66,66,46,46,50,50,58,58,64,64,177,177,964,964,1170,1170,1064,1064,1027,1027,941,941,866,866,890,890,916,916,907,907,932,932,994,994,922,922,526,526,334,334,222,222,162,162,84,84,,,,,,,,,,,,,,,,,,,,,,,,,,,,,,,,,,,,,,,,,,,,,,,,
5194,1500,5195,4974,,0,64,64,66,66,46,46,50,50,58,58,64,64,177,177,964,964,1170,1170,1064,1064,1027,1027,941,941,866,866,890,890,916,916,907,907,932,932,994,994,922,922,526,526,334,334,222,222,162,162,84,84,,,,,,,,,,,,,,,,,,,,,,,,,,,,,,,,,,,,,,,,,,,,,,,,
5195,1200,5194,4982,5196,1,1,1,1,1,0,0,0,0,0,0,1,1,1,1,9,9,10,10,9,9,9,9,8,8,8,8,8,8,8,8,8,8,8,8,9,9,8,8,4,4,3,3,2,2,1,1,1,1,,,,,,,,,,,,,,,,,,,,,,,,,,,,,,,,,,,,,,,,,,,,,,,,
5196,2000,5195,5197,,0,64,64,66,66,46,46,50,50,58,58,64,64,177,177,964,964,1170,1170,1064,1064,1027,1027,941,941,866,866,890,890,916,916,907,907,932,932,994,994,922,922,526,526,334,334,222,222,162,162,84,84,,,,,,,,,,,,,,,,,,,,,,,,,,,,,,,,,,,,,,,,,,,,,,,,
5197,2000,5196,5004,4999,1,64,64,66,66,46,46,50,50,58,58,64,64,177,177,964,964,1170,1170,1064,1064,1027,1027,941,941,866,866,890,890,916,916,907,907,932,932,994,994,922,922,526,526,334,334,222,222,162,162,84,84,,,,,,,,,,,,,,,,,,,,,,,,,,,,,,,,,,,,,,,,,,,,,,,,
5198,4400,5199,4985,,0,64,64,66,66,46,46,50,50,58,58,64,64,177,177,964,964,1170,1170,1064,1064,1027,1027,941,941,866,866,890,890,916,916,907,907,932,932,994,994,922,922,526,526,334,334,222,222,162,162,84,84,,,,,,,,,,,,,,,,,,,,,,,,,,,,,,,,,,,,,,,,,,,,,,,,
5199,2500,5198,4999,5013,1,64,64,66,66,46,46,50,50,58,58,64,64,177,177,964,964,1170,1170,1064,1064,1027,1027,941,941,866,866,890,890,916,916,907,907,932,932,994,994,922,922,526,526,334,334,222,222,162,162,84,84,,,,,,,,,,,,,,,,,,,,,,,,,,,,,,,,,,,,,,,,,,,,,,,,
52,1200,74,41,49;54,2,0,0,0,0,0,0,0,0,0,0,0,0,1,1,8,8,9,9,9,9,8,8,8,8,7,7,7,7,7,7,7,7,8,8,8,8,7,7,3,3,2,2,1,1,1,1,1,1,,,,,,,,,,,,,,,,,,,,,,,,,,,,,,,,,,,,,,,,,,,,,,,,
520,2000,296,293,519,1,54,54,56,56,39,39,42,42,50,50,54,54,149,149,956,956,1147,1147,1075,1075,1033,1033,954,954,866,866,918,918,901,901,917,917,943,943,993,993,901,901,419,419,269,269,182,182,132,132,67,67,,,,,,,,,,,,,,,,,,,,,,,,,,,,,,,,,,,,,,,,,,,,,,,,
5200,1200,5201,4911,,0,1,1,1,1,1,1,1,1,1,1,1,1,2,2,20,20,24,24,22,22,20,20,20,20,18,18,19,19,19,19,20,20,21,21,22,22,20,20,6,6,4,4,3,3,2,2,1,1,,,,,,,,,,,,,,,,,,,,,,,,,,,,,,,,,,,,,,,,,,,,,,,,
5201,1500,5200,4919,4912,1,45,45,47,47,33,33,35,35,41,41,45,45,124,124,992,992,1181,1181,1077,1077,1006,1006,974,974,886,886,926,926,944,944,973,973,1007,1007,1062,1062,978,978,349,349,224,224,151,151,110,110,56,56,,,,,,,,,,,,,,,,,,,,,,,,,,,,,,,,,,,,,,,,,,,,,,,,
5202,4400,5203,4909,,0,45,45,47,47,33,33,35,35,41,41,45,45,124,124,992,992,1181,1181,1077,1077,1006,1006,974,974,886,886,926,926,944,944,973,973,1007,1007,1062,1062,978,978,349,349,224,224,151,151,110,110,56,56,,,,,,,,,,,,,,,,,,,,,,,,,,,,,,,,,,,,,,,,,,,,,,,,
5203,2000,4889,4903,5202,1,45,45,47,47,33,33,35,35,41,41,45,45,124,124,992,992,1181,1181,1077,1077,1006,1006,974,974,886,886,926,926,944,944,973,973,1007,1007,1062,1062,978,978,349,349,224,224,151,151,110,110,56,56,,,,,,,,,,,,,,,,,,,,,,,,,,,,,,,,,,,,,,,,,,,,,,,,
5204,1200,4880,5205,,0,0,0,1,1,0,0,0,0,0,0,0,0,1,1,12,12,15,15,13,13,12,12,12,12,11,11,12,12,12,12,12,12,13,13,13,13,12,12,4,4,2,2,2,2,1,1,1,1,,,,,,,,,,,,,,,,,,,,,,,,,,,,,,,,,,,,,,,,,,,,,,,,
5205,1600,5204,5206,4889,1,0,0,0,0,0,0,0,0,0,0,0,0,1,1,7,7,8,8,7,7,7,7,7,7,6,6,6,6,6,6,7,7,7,7,7,7,7,7,2,2,1,1,1,1,1,1,0,0,,,,,,,,,,,,,,,,,,,,,,,,,,,,,,,,,,,,,,,,,,,,,,,,
5206,1200,5207,5205,,0,0,0,0,0,0,0,0,0,0,0,0,0,0,0,4,4,5,5,4,4,4,4,4,4,4,4,4,4,4,4,4,4,4,4,4,4,4,4,1,1,1,1,1,1,0,0,0,0,,,,,,,,,,,,,,,,,,,,,,,,,,,,,,,,,,,,,,,,,,,,,,,,
5207,1600,5206,4912,4905,1,0,0,0,0,0,0,0,0,0,0,0,0,1,1,7,7,8,8,7,7,7,7,7,7,6,6,6,6,6,6,7,7,7,7,7,7,7,7,2,2,1,1,1,1,1,1,0,0,,,,,,,,,,,,,,,,,,,,,,,,,,,,,,,,,,,,,,,,,,,,,,,,
5208,2200,5209,4928,,0,64,64,66,66,46,46,50,50,58,58,64,64,177,177,964,964,1170,1170,1064,1064,1027,1027,941,941,866,866,890,890,916,916,907,907,932,932,994,994,922,922,526,526,334,334,222,222,162,162,84,84,,,,,,,,,,,,,,,,,,,,,,,,,,,,,,,,,,,,,,,,,,,,,,,,
5209,1600,tran_595dacbc-7cb4-46a9-8e5f-70597b96e43d,5208,4915,1,0,0,0,0,0,0,0,0,0,0,0,0,1,1,7,7,9,9,8,8,8,8,7,7,6,6,7,7,7,7,7,7,7,7,7,7,7,7,4,4,2,2,2,2,1,1,1,1,,,,,,,,,,,,,,,,,,,,,,,,,,,,,,,,,,,,,,,,,,,,,,,,
521,1500,299,522,,0,54,54,56,56,39,39,42,42,50,50,54,54,149,149,956,956,1147,1147,1075,1075,1033,1033,954,954,866,866,918,918,901,901,917,917,943,943,993,993,901,901,419,419,269,269,182,182,132,132,67,67,,,,,,,,,,,,,,,,,,,,,,,,,,,,,,,,,,,,,,,,,,,,,,,,
5210,4400,tran_3be88f95-255d-4ac5-acb0-925a572278ee,4940,4929;4944,2,64,64,66,66,46,46,50,50,58,58,64,64,177,177,964,964,1170,1170,1064,1064,1027,1027,941,941,866,866,890,890,916,916,907,907,932,932,994,994,922,922,526,526,334,334,222,222,162,162,84,84,,,,,,,,,,,,,,,,,,,,,,,,,,,,,,,,,,,,,,,,,,,,,,,,
5211,4000,4974,tran_3305b67c-776a-42c0-a26e-8255e82dde3d,,0,64,64,66,66,46,46,50,50,58,58,64,64,177,177,964,964,1170,1170,1064,1064,1027,1027,941,941,866,866,890,890,916,916,907,907,932,932,994,994,922,922,526,526,334,334,222,222,162,162,84,84,,,,,,,,,,,,,,,,,,,,,,,,,,,,,,,,,,,,,,,,,,,,,,,,
5212,3500,5214,5213,,0,35,35,36,36,25,25,28,28,32,32,35,35,97,97,1022,1022,1178,1178,1132,1132,1080,1080,1021,1021,934,934,983,983,962,962,1015,1015,1036,1036,1085,1085,989,989,272,272,175,175,118,118,86,86,44,44,,,,,,,,,,,,,,,,,,,,,,,,,,,,,,,,,,,,,,,,,,,,,,,,
5213,2500,5212,4888,4862,1,35,35,36,36,25,25,28,28,32,32,35,35,97,97,1022,1022,1178,1178,1132,1132,1080,1080,1021,1021,934,934,983,983,962,962,1015,1015,1036,1036,1085,1085,989,989,272,272,175,175,118,118,86,86,44,44,,,,,,,,,,,,,,,,,,,,,,,,,,,,,,,,,,,,,,,,,,,,,,,,
5214,3000,4854,89,5212,1,35,35,36,36,25,25,28,28,32,32,35,35,97,97,1022,1022,1178,1178,1132,1132,1080,1080,1021,1021,934,934,983,983,962,962,1015,1015,1036,1036,1085,1085,989,989,272,272,175,175,118,118,86,86,44,44,,,,,,,,,,,,,,,,,,,,,,,,,,,,,,,,,,,,,,,,,,,,,,,,
5215,3000,4846,79,5078,1,35,35,36,36,25,25,28,28,32,32,35,35,97,97,1022,1022,1178,1178,1132,1132,1080,1080,1021,1021,934,934,983,983,962,962,1015,1015,1036,1036,1085,1085,989,989,272,272,175,175,118,118,86,86,44,44,,,,,,,,,,,,,,,,,,,,,,,,,,,,,,,,,,,,,,,,,,,,,,,,
5216,1500,5217,4851,,0,35,35,36,36,25,25,28,28,32,32,35,35,97,97,1022,1022,1178,1178,1132,1132,1080,1080,1021,1021,934,934,983,983,962,962,1015,1015,1036,1036,1085,1085,989,989,272,272,175,175,118,118,86,86,44,44,,,,,,,,,,,,,,,,,,,,,,,,,,,,,,,,,,,,,,,,,,,,,,,,
5217,2000,5218,4862,5216,1,35,35,36,36,25,25,28,28,32,32,35,35,97,97,1022,1022,1178,1178,1132,1132,1080,1080,1021,1021,934,934,983,983,962,962,1015,1015,1036,1036,1085,1085,989,989,272,272,175,175,118,118,86,86,44,44,,,,,,,,,,,,,,,,,,,,,,,,,,,,,,,,,,,,,,,,,,,,,,,,
5218,2500,5217,5219,,0,35,35,36,36,25,25,28,28,32,32,35,35,97,97,1022,1022,1178,1178,1132,1132,1080,1080,1021,1021,934,934,983,983,962,962,1015,1015,1036,1036,1085,1085,989,989,272,272,175,175,118,118,86,86,44,44,,,,,,,,,,,,,,,,,,,,,,,,,,,,,,,,,,,,,,,,,,,,,,,,
5219,2500,5218,5220,4865,1,35,35,36,36,25,25,28,28,32,32,35,35,97,97,1022,1022,1178,1178,1132,1132,1080,1080,1021,1021,934,934,983,983,962,962,1015,1015,1036,1036,1085,1085,989,989,272,272,175,175,118,118,86,86,44,44,,,,,,,,,,,,,,,,,,,,,,,,,,,,,,,,,,,,,,,,,,,,,,,,
522,1200,297,521,291,1,0,0,0,0,0,0,0,0,0,0,0,0,1,1,5,5,6,6,6,6,6,6,5,5,5,5,5,5,5,5,5,5,5,5,5,5,5,5,2,2,2,2,1,1,1,1,0,0,,,,,,,,,,,,,,,,,,,,,,,,,,,,,,,,,,,,,,,,,,,,,,,,
5220,2500,5219,5221,,0,35,35,36,36,25,25,28,28,32,32,35,35,97,97,1022,1022,1178,1178,1132,1132,1080,1080,1021,1021,934,934,983,983,962,962,1015,1015,1036,1036,1085,1085,989,989,272,272,175,175,118,118,86,86,44,44,,,,,,,,,,,,,,,,,,,,,,,,,,,,,,,,,,,,,,,,,,,,,,,,
5221,2500,4876,5220,4871,1,35,35,36,36,25,25,28,28,32,32,35,35,97,97,1022,1022,1178,1178,1132,1132,1080,1080,1021,1021,934,934,983,983,962,962,1015,1015,1036,1036,1085,1085,989,989,272,272,175,175,118,118,86,86,44,44,,,,,,,,,,,,,,,,,,,,,,,,,,,,,,,,,,,,,,,,,,,,,,,,
5222,3000,5223,4881,,0,35,35,36,36,25,25,28,28,32,32,35,35,97,97,1022,1022,1178,1178,1132,1132,1080,1080,1021,1021,934,934,983,983,962,962,1015,1015,1036,1036,1085,1085,989,989,272,272,175,175,118,118,86,86,44,44,,,,,,,,,,,,,,,,,,,,,,,,,,,,,,,,,,,,,,,,,,,,,,,,
5223,2500,4961,4894,5222,1,35,35,36,36,25,25,28,28,32,32,35,35,97,97,1022,1022,1178,1178,1132,1132,1080,1080,1021,1021,934,934,983,983,962,962,1015,1015,1036,1036,1085,1085,989,989,272,272,175,175,118,118,86,86,44,44,,,,,,,,,,,,,,,,,,,,,,,,,,,,,,,,,,,,,,,,,,,,,,,,
5224,1200,5225,4896,,0,0,0,0,0,0,0,0,0,0,0,0,0,1,1,12,12,14,14,13,13,13,13,12,12,11,11,11,11,11,11,12,12,12,12,13,13,12,12,3,3,2,2,1,1,1,1,1,1,,,,,,,,,,,,,,,,,,,,,,,,,,,,,,,,,,,,,,,,,,,,,,,,
5225,1000,5224,4892,4913,1,35,35,36,36,25,25,28,28,32,32,35,35,97,97,1022,1022,1178,1178,1132,1132,1080,1080,1021,1021,934,934,983,983,962,962,1015,1015,1036,1036,1085,1085,989,989,272,272,175,175,118,118,86,86,44,44,,,,,,,,,,,,,,,,,,,,,,,,,,,,,,,,,,,,,,,,,,,,,,,,
5226,3300,5227,4874,,0,35,35,36,36,25,25,28,28,32,32,35,35,97,97,1022,1022,1178,1178,1132,1132,1080,1080,1021,1021,934,934,983,983,962,962,1015,1015,1036,1036,1085,1085,989,989,272,272,175,175,118,118,86,86,44,44,,,,,,,,,,,,,,,,,,,,,,,,,,,,,,,,,,,,,,,,,,,,,,,,
5227,3000,4879,5226,5228,1,35,35,36,36,25,25,28,28,32,32,35,35,97,97,1022,1022,1178,1178,1132,1132,1080,1080,1021,1021,934,934,983,983,962,962,1015,1015,1036,1036,1085,1085,989,989,272,272,175,175,118,118,86,86,44,44,,,,,,,,,,,,,,,,,,,,,,,,,,,,,,,,,,,,,,,,,,,,,,,,
5228,1600,5229,5227,,0,0,0,0,0,0,0,0,0,0,0,0,0,1,1,11,11,13,13,13,13,12,12,11,11,10,10,11,11,11,11,11,11,11,11,12,12,11,11,3,3,2,2,1,1,1,1,1,1,,,,,,,,,,,,,,,,,,,,,,,,,,,,,,,,,,,,,,,,,,,,,,,,
5229,1200,4873,5228,4871,1,0,0,0,0,0,0,0,0,0,0,0,0,0,0,5,5,5,5,5,5,5,5,5,5,4,4,4,4,4,4,5,5,5,5,5,5,4,4,1,1,1,1,1,1,0,0,0,0,,,,,,,,,,,,,,,,,,,,,,,,,,,,,,,,,,,,,,,,,,,,,,,,
523,3000,524,281,,0,54,54,56,56,39,39,42,42,50,50,54,54,149,149,956,956,1147,1147,1075,1075,1033,1033,954,954,866,866,918,918,901,901,917,917,943,943,993,993,901,901,419,419,269,269,182,182,132,132,67,67,,,,,,,,,,,,,,,,,,,,,,,,,,,,,,,,,,,,,,,,,,,,,,,,
5230,4400,4874,5231,,0,35,35,36,36,25,25,28,28,32,32,35,35,97,97,1022,1022,1178,1178,1132,1132,1080,1080,1021,1021,934,934,983,983,962,962,1015,1015,1036,1036,1085,1085,989,989,272,272,175,175,118,118,86,86,44,44,,,,,,,,,,,,,,,,,,,,,,,,,,,,,,,,,,,,,,,,,,,,,,,,
5231,2000,4902,4892,5230,1,35,35,36,36,25,25,28,28,32,32,35,35,97,97,1022,1022,1178,1178,1132,1132,1080,1080,1021,1021,934,934,983,983,962,962,1015,1015,1036,1036,1085,1085,989,989,272,272,175,175,118,118,86,86,44,44,,,,,,,,,,,,,,,,,,,,,,,,,,,,,,,,,,,,,,,,,,,,,,,,
5232,4400,5233,4847,,0,35,35,36,36,25,25,28,28,32,32,35,35,97,97,1022,1022,1178,1178,1132,1132,1080,1080,1021,1021,934,934,983,983,962,962,1015,1015,1036,1036,1085,1085,989,989,272,272,175,175,118,118,86,86,44,44,,,,,,,,,,,,,,,,,,,,,,,,,,,,,,,,,,,,,,,,,,,,,,,,
5233,1600,4867,4859,5232,1,0,0,0,0,0,0,0,0,0,0,0,0,1,1,12,12,14,14,13,13,13,13,12,12,11,11,12,12,11,11,12,12,12,12,13,13,12,12,3,3,2,2,1,1,1,1,1,1,,,,,,,,,,,,,,,,,,,,,,,,,,,,,,,,,,,,,,,,,,,,,,,,
5234,3300,4874,5235,,0,35,35,36,36,25,25,28,28,32,32,35,35,97,97,1022,1022,1178,1178,1132,1132,1080,1080,1021,1021,934,934,983,983,962,962,1015,1015,1036,1036,1085,1085,989,989,272,272,175,175,118,118,86,86,44,44,,,,,,,,,,,,,,,,,,,,,,,,,,,,,,,,,,,,,,,,,,,,,,,,
5235,3000,4868,5234,4890,1,35,35,36,36,25,25,28,28,32,32,35,35,97,97,1022,1022,1178,1178,1132,1132,1080,1080,1021,1021,934,934,983,983,962,962,1015,1015,1036,1036,1085,1085,989,989,272,272,175,175,118,118,86,86,44,44,,,,,,,,,,,,,,,,,,,,,,,,,,,,,,,,,,,,,,,,,,,,,,,,
5236,3000,5191,5237,,0,45,45,47,47,33,33,35,35,41,41,45,45,124,124,992,992,1181,1181,1077,1077,1006,1006,974,974,886,886,926,926,944,944,973,973,1007,1007,1062,1062,978,978,349,349,224,224,151,151,110,110,56,56,,,,,,,,,,,,,,,,,,,,,,,,,,,,,,,,,,,,,,,,,,,,,,,,
5237,2000,5236,5238,4872,1,45,45,47,47,33,33,35,35,41,41,45,45,124,124,992,992,1181,1181,1077,1077,1006,1006,974,974,886,886,926,926,944,944,973,973,1007,1007,1062,1062,978,978,349,349,224,224,151,151,110,110,56,56,,,,,,,,,,,,,,,,,,,,,,,,,,,,,,,,,,,,,,,,,,,,,,,,
5238,2500,5239,5237,,0,45,45,47,47,33,33,35,35,41,41,45,45,124,124,992,992,1181,1181,1077,1077,1006,1006,974,974,886,886,926,926,944,944,973,973,1007,1007,1062,1062,978,978,349,349,224,224,151,151,110,110,56,56,,,,,,,,,,,,,,,,,,,,,,,,,,,,,,,,,,,,,,,,,,,,,,,,
5239,2000,5238,4914,4864,1,45,45,47,47,33,33,35,35,41,41,45,45,124,124,992,992,1181,1181,1077,1077,1006,1006,974,974,886,886,926,926,944,944,973,973,1007,1007,1062,1062,978,978,349,349,224,224,151,151,110,110,56,56,,,,,,,,,,,,,,,,,,,,,,,,,,,,,,,,,,,,,,,,,,,,,,,,
524,1600,523,291,279,1,0,0,0,0,0,0,0,0,0,0,0,0,1,1,5,5,6,6,5,5,5,5,5,5,4,4,4,4,5,5,5,5,5,5,5,5,5,5,2,2,1,1,1,1,1,1,0,0,,,,,,,,,,,,,,,,,,,,,,,,,,,,,,,,,,,,,,,,,,,,,,,,
5240,4400,5241,4885,,0,45,45,47,47,33,33,35,35,41,41,45,45,124,124,992,992,1181,1181,1077,1077,1006,1006,974,974,886,886,926,926,944,944,973,973,1007,1007,1062,1062,978,978,349,349,224,224,151,151,110,110,56,56,,,,,,,,,,,,,,,,,,,,,,,,,,,,,,,,,,,,,,,,,,,,,,,,
5241,2000,4875,5242,5240,1,45,45,47,47,33,33,35,35,41,41,45,45,124,124,992,992,1181,1181,1077,1077,1006,1006,974,974,886,886,926,926,944,944,973,973,1007,1007,1062,1062,978,978,349,349,224,224,151,151,110,110,56,56,,,,,,,,,,,,,,,,,,,,,,,,,,,,,,,,,,,,,,,,,,,,,,,,
5242,4400,5241,5243,,0,45,45,47,47,33,33,35,35,41,41,45,45,124,124,992,992,1181,1181,1077,1077,1006,1006,974,974,886,886,926,926,944,944,973,973,1007,1007,1062,1062,978,978,349,349,224,224,151,151,110,110,56,56,,,,,,,,,,,,,,,,,,,,,,,,,,,,,,,,,,,,,,,,,,,,,,,,
5243,2000,5244,4869,5242,1,45,45,47,47,33,33,35,35,41,41,45,45,124,124,992,992,1181,1181,1077,1077,1006,1006,974,974,886,886,926,926,944,944,973,973,1007,1007,1062,1062,978,978,349,349,224,224,151,151,110,110,56,56,,,,,,,,,,,,,,,,,,,,,,,,,,,,,,,,,,,,,,,,,,,,,,,,
5244,3000,5245,5243,,0,45,45,47,47,33,33,35,35,41,41,45,45,124,124,992,992,1181,1181,1077,1077,1006,1006,974,974,886,886,926,926,944,944,973,973,1007,1007,1062,1062,978,978,349,349,224,224,151,151,110,110,56,56,,,,,,,,,,,,,,,,,,,,,,,,,,,,,,,,,,,,,,,,,,,,,,,,
5245,2000,4872,5244,4883,1,45,45,47,47,33,33,35,35,41,41,45,45,124,124,992,992,1181,1181,1077,1077,1006,1006,974,974,886,886,926,926,944,944,973,973,1007,1007,1062,1062,978,978,349,349,224,224,151,151,110,110,56,56,,,,,,,,,,,,,,,,,,,,,,,,,,,,,,,,,,,,,,,,,,,,,,,,
5246,1200,4880,5247,,0,0,0,0,0,0,0,0,0,0,0,0,0,1,1,12,12,14,14,13,13,12,12,12,12,11,11,11,11,12,12,12,12,12,12,13,13,12,12,4,4,2,2,2,2,1,1,1,1,,,,,,,,,,,,,,,,,,,,,,,,,,,,,,,,,,,,,,,,,,,,,,,,
5247,1200,4877,5246,4875,1,0,0,0,0,0,0,0,0,0,0,0,0,1,1,7,7,8,8,7,7,7,7,6,6,6,6,6,6,6,6,7,7,7,7,7,7,7,7,2,2,1,1,1,1,1,1,0,0,,,,,,,,,,,,,,,,,,,,,,,,,,,,,,,,,,,,,,,,,,,,,,,,
5248,4000,5249,4869,4870;4877,2,45,45,47,47,33,33,35,35,41,41,45,45,124,124,992,992,1181,1181,1077,1077,1006,1006,974,974,886,886,926,926,944,944,973,973,1007,1007,1062,1062,978,978,349,349,224,224,151,151,110,110,56,56,,,,,,,,,,,,,,,,,,,,,,,,,,,,,,,,,,,,,,,,,,,,,,,,
5249,2000,5253,5248,,0,45,45,47,47,33,33,35,35,41,41,45,45,124,124,992,992,1181,1181,1077,1077,1006,1006,974,974,886,886,926,926,944,944,973,973,1007,1007,1062,1062,978,978,349,349,224,224,151,151,110,110,56,56,,,,,,,,,,,,,,,,,,,,,,,,,,,,,,,,,,,,,,,,,,,,,,,,
525,2500,526,299,,0,54,54,56,56,39,39,42,42,50,50,54,54,149,149,956,956,1147,1147,1075,1075,1033,1033,954,954,866,866,918,918,901,901,917,917,943,943,993,993,901,901,419,419,269,269,182,182,132,132,67,67,,,,,,,,,,,,,,,,,,,,,,,,,,,,,,,,,,,,,,,,,,,,,,,,
5250,4400,4911,5251,,0,45,45,47,47,33,33,35,35,41,41,45,45,124,124,992,992,1181,1181,1077,1077,1006,1006,974,974,886,886,926,926,944,944,973,973,1007,1007,1062,1062,978,978,349,349,224,224,151,151,110,110,56,56,,,,,,,,,,,,,,,,,,,,,,,,,,,,,,,,,,,,,,,,,,,,,,,,
5251,2500,4878,5254,5252;5250,2,45,45,47,47,33,33,35,35,41,41,45,45,124,124,992,992,1181,1181,1077,1077,1006,1006,974,974,886,886,926,926,944,944,973,973,1007,1007,1062,1062,978,978,349,349,224,224,151,151,110,110,56,56,,,,,,,,,,,,,,,,,,,,,,,,,,,,,,,,,,,,,,,,,,,,,,,,
5252,4400,,5251,5253,1,45,45,47,47,33,33,35,35,41,41,45,45,124,124,992,992,1181,1181,1077,1077,1006,1006,974,974,886,886,926,926,944,944,973,973,1007,1007,1062,1062,978,978,349,349,224,224,151,151,110,110,56,56,,,,,,,,,,,,,,,,,,,,,,,,,,,,,,,,,,,,,,,,,,,,,,,,
5253,3300,5252,5249,4907,1,45,45,47,47,33,33,35,35,41,41,45,45,124,124,992,992,1181,1181,1077,1077,1006,1006,974,974,886,886,926,926,944,944,973,973,1007,1007,1062,1062,978,978,349,349,224,224,151,151,110,110,56,56,,,,,,,,,,,,,,,,,,,,,,,,,,,,,,,,,,,,,,,,,,,,,,,,
5254,2500,5251,5255,,0,45,45,47,47,33,33,35,35,41,41,45,45,124,124,992,992,1181,1181,1077,1077,1006,1006,974,974,886,886,926,926,944,944,973,973,1007,1007,1062,1062,978,978,349,349,224,224,151,151,110,110,56,56,,,,,,,,,,,,,,,,,,,,,,,,,,,,,,,,,,,,,,,,,,,,,,,,
5255,1500,5254,4886,4895,1,45,45,47,47,33,33,35,35,41,41,45,45,124,124,992,992,1181,1181,1077,1077,1006,1006,974,974,886,886,926,926,944,944,973,973,1007,1007,1062,1062,978,978,349,349,224,224,151,151,110,110,56,56,,,,,,,,,,,,,,,,,,,,,,,,,,,,,,,,,,,,,,,,,,,,,,,,
5256,4400,5257,5063,,0,34,34,35,35,24,24,26,26,31,31,34,34,93,93,1033,1033,1204,1204,1104,1104,1020,1020,1010,1010,922,922,958,958,984,984,1034,1034,1068,1068,1124,1124,1040,1040,262,262,168,168,114,114,82,82,42,42,,,,,,,,,,,,,,,,,,,,,,,,,,,,,,,,,,,,,,,,,,,,,,,,
5257,2000,5256,5052,5058,1,34,34,35,35,24,24,26,26,31,31,34,34,93,93,1033,1033,1204,1204,1104,1104,1020,1020,1010,1010,922,922,958,958,984,984,1034,1034,1068,1068,1124,1124,1040,1040,262,262,168,168,114,114,82,82,42,42,,,,,,,,,,,,,,,,,,,,,,,,,,,,,,,,,,,,,,,,,,,,,,,,
5258,1500,5016,5259,,0,34,34,35,35,24,24,26,26,31,31,34,34,93,93,1033,1033,1204,1204,1104,1104,1020,1020,1010,1010,922,922,958,958,984,984,1034,1034,1068,1068,1124,1124,1040,1040,262,262,168,168,114,114,82,82,42,42,,,,,,,,,,,,,,,,,,,,,,,,,,,,,,,,,,,,,,,,,,,,,,,,
5259,1600,5012,5258,5146,1,0,0,0,0,0,0,0,0,0,0,0,0,1,1,16,16,18,18,17,17,16,16,16,16,14,14,15,15,15,15,16,16,16,16,17,17,16,16,3,3,2,2,1,1,1,1,1,1,,,,,,,,,,,,,,,,,,,,,,,,,,,,,,,,,,,,,,,,,,,,,,,,
526,2500,321,525,2660,1,54,54,56,56,39,39,42,42,50,50,54,54,149,149,956,956,1147,1147,1075,1075,1033,1033,954,954,866,866,918,918,901,901,917,917,943,943,993,993,901,901,419,419,269,269,182,182,132,132,67,67,,,,,,,,,,,,,,,,,,,,,,,,,,,,,,,,,,,,,,,,,,,,,,,,
5260,3000,5261,5263,,0,34,34,35,35,24,24,26,26,31,31,34,34,93,93,1033,1033,1204,1204,1104,1104,1020,1020,1010,1010,922,922,958,958,984,984,1034,1034,1068,1068,1124,1124,1040,1040,262,262,168,168,114,114,82,82,42,42,,,,,,,,,,,,,,,,,,,,,,,,,,,,,,,,,,,,,,,,,,,,,,,,
5261,1600,5019,5260,5036,1,0,0,0,0,0,0,0,0,0,0,0,0,1,1,11,11,13,13,12,12,11,11,11,11,10,10,11,11,11,11,11,11,12,12,12,12,11,11,2,2,1,1,1,1,1,1,0,0,,,,,,,,,,,,,,,,,,,,,,,,,,,,,,,,,,,,,,,,,,,,,,,,
5262,3300,5263,5042,,0,34,34,35,35,24,24,26,26,31,31,34,34,93,93,1033,1033,1204,1204,1104,1104,1020,1020,1010,1010,922,922,958,958,984,984,1034,1034,1068,1068,1124,1124,1040,1040,262,262,168,168,114,114,82,82,42,42,,,,,,,,,,,,,,,,,,,,,,,,,,,,,,,,,,,,,,,,,,,,,,,,
5263,4000,5262,5029,5260,1,34,34,35,35,24,24,26,26,31,31,34,34,93,93,1033,1033,1204,1204,1104,1104,1020,1020,1010,1010,922,922,958,958,984,984,1034,1034,1068,1068,1124,1124,1040,1040,262,262,168,168,114,114,82,82,42,42,,,,,,,,,,,,,,,,,,,,,,,,,,,,,,,,,,,,,,,,,,,,,,,,
5264,1200,5267,5265,,0,0,0,0,0,0,0,0,0,0,0,0,0,1,1,8,8,9,9,9,9,8,8,8,8,7,7,8,8,8,8,8,8,8,8,9,9,8,8,2,2,1,1,1,1,1,1,0,0,,,,,,,,,,,,,,,,,,,,,,,,,,,,,,,,,,,,,,,,,,,,,,,,
5265,1200,5264,5052,5061,1,0,0,0,0,0,0,0,0,0,0,0,0,1,1,14,14,16,16,15,15,14,14,13,13,12,12,13,13,13,13,14,14,14,14,15,15,14,14,3,3,2,2,1,1,1,1,0,0,,,,,,,,,,,,,,,,,,,,,,,,,,,,,,,,,,,,,,,,,,,,,,,,
5266,1200,13717,5267,,0,0,0,0,0,0,0,0,0,0,0,0,0,1,1,9,9,10,10,10,10,9,9,9,9,8,8,9,9,9,9,9,9,9,9,10,10,9,9,2,2,1,1,1,1,1,1,0,0,,,,,,,,,,,,,,,,,,,,,,,,,,,,,,,,,,,,,,,,,,,,,,,,
5267,1600,5068,5264,5266,1,0,0,0,0,0,0,0,0,0,0,0,0,1,1,11,11,13,13,12,12,11,11,11,11,10,10,11,11,11,11,11,11,12,12,12,12,11,11,2,2,2,2,1,1,1,1,0,0,,,,,,,,,,,,,,,,,,,,,,,,,,,,,,,,,,,,,,,,,,,,,,,,
5268,3000,5020,5269,,0,34,34,35,35,24,24,26,26,31,31,34,34,93,93,1033,1033,1204,1204,1104,1104,1020,1020,1010,1010,922,922,958,958,984,984,1034,1034,1068,1068,1124,1124,1040,1040,262,262,168,168,114,114,82,82,42,42,,,,,,,,,,,,,,,,,,,,,,,,,,,,,,,,,,,,,,,,,,,,,,,,
5269,3000,5077,5268,5034,1,34,34,35,35,24,24,26,26,31,31,34,34,93,93,1033,1033,1204,1204,1104,1104,1020,1020,1010,1010,922,922,958,958,984,984,1034,1034,1068,1068,1124,1124,1040,1040,262,262,168,168,114,114,82,82,42,42,,,,,,,,,,,,,,,,,,,,,,,,,,,,,,,,,,,,,,,,,,,,,,,,
527,1600,2640,3337,528,1,0,0,1,1,0,0,0,0,0,0,0,0,1,1,9,9,11,11,10,10,10,10,9,9,8,8,8,8,9,9,9,9,9,9,9,9,9,9,4,4,3,3,2,2,1,1,1,1,,,,,,,,,,,,,,,,,,,,,,,,,,,,,,,,,,,,,,,,,,,,,,,,
5270,2000,5037,5271,,0,64,64,66,66,46,46,50,50,58,58,64,64,177,177,964,964,1170,1170,1064,1064,1027,1027,941,941,866,866,890,890,916,916,907,907,932,932,994,994,922,922,526,526,334,334,222,222,162,162,84,84,,,,,,,,,,,,,,,,,,,,,,,,,,,,,,,,,,,,,,,,,,,,,,,,
5271,2500,5270,5045,5039,1,64,64,66,66,46,46,50,50,58,58,64,64,177,177,964,964,1170,1170,1064,1064,1027,1027,941,941,866,866,890,890,916,916,907,907,932,932,994,994,922,922,526,526,334,334,222,222,162,162,84,84,,,,,,,,,,,,,,,,,,,,,,,,,,,,,,,,,,,,,,,,,,,,,,,,
5272,1500,5002,5273,,0,64,64,66,66,46,46,50,50,58,58,64,64,177,177,964,964,1170,1170,1064,1064,1027,1027,941,941,866,866,890,890,916,916,907,907,932,932,994,994,922,922,526,526,334,334,222,222,162,162,84,84,,,,,,,,,,,,,,,,,,,,,,,,,,,,,,,,,,,,,,,,,,,,,,,,
5273,2000,5272,5018,5039,1,64,64,66,66,46,46,50,50,58,58,64,64,177,177,964,964,1170,1170,1064,1064,1027,1027,941,941,866,866,890,890,916,916,907,907,932,932,994,994,922,922,526,526,334,334,222,222,162,162,84,84,,,,,,,,,,,,,,,,,,,,,,,,,,,,,,,,,,,,,,,,,,,,,,,,
5274,2000,4998,5275,,0,64,64,66,66,46,46,50,50,58,58,64,64,177,177,964,964,1170,1170,1064,1064,1027,1027,941,941,866,866,890,890,916,916,907,907,932,932,994,994,922,922,526,526,334,334,222,222,162,162,84,84,,,,,,,,,,,,,,,,,,,,,,,,,,,,,,,,,,,,,,,,,,,,,,,,
5275,2000,5274,5018,5044,1,64,64,66,66,46,46,50,50,58,58,64,64,177,177,964,964,1170,1170,1064,1064,1027,1027,941,941,866,866,890,890,916,916,907,907,932,932,994,994,922,922,526,526,334,334,222,222,162,162,84,84,,,,,,,,,,,,,,,,,,,,,,,,,,,,,,,,,,,,,,,,,,,,,,,,
5276,1600,5037,5277,,0,0,0,0,0,0,0,0,0,0,0,0,0,1,1,7,7,9,9,8,8,8,8,7,7,7,7,7,7,7,7,7,7,7,7,8,8,7,7,4,4,2,2,2,2,1,1,1,1,,,,,,,,,,,,,,,,,,,,,,,,,,,,,,,,,,,,,,,,,,,,,,,,
5277,1600,5276,5281,5067,1,0,0,0,0,0,0,0,0,0,0,0,0,1,1,4,4,5,5,5,5,4,4,4,4,4,4,4,4,4,4,4,4,4,4,4,4,4,4,2,2,1,1,1,1,1,1,0,0,,,,,,,,,,,,,,,,,,,,,,,,,,,,,,,,,,,,,,,,,,,,,,,,
5278,1200,5279,5071,,0,1,1,1,1,0,0,0,0,0,0,1,1,1,1,8,8,10,10,9,9,9,9,8,8,7,7,8,8,8,8,8,8,8,8,8,8,8,8,4,4,3,3,2,2,1,1,1,1,,,,,,,,,,,,,,,,,,,,,,,,,,,,,,,,,,,,,,,,,,,,,,,,
5279,1500,5070,5278,5062,1,64,64,66,66,46,46,50,50,58,58,64,64,177,177,964,964,1170,1170,1064,1064,1027,1027,941,941,866,866,890,890,916,916,907,907,932,932,994,994,922,922,526,526,334,334,222,222,162,162,84,84,,,,,,,,,,,,,,,,,,,,,,,,,,,,,,,,,,,,,,,,,,,,,,,,
528,1600,529,527,,0,0,0,0,0,0,0,0,0,0,0,0,0,1,1,7,7,8,8,8,8,7,7,7,7,6,6,6,6,7,7,7,7,7,7,7,7,7,7,3,3,2,2,1,1,1,1,1,1,,,,,,,,,,,,,,,,,,,,,,,,,,,,,,,,,,,,,,,,,,,,,,,,
5280,1200,5281,5048,5062,1,0,0,0,0,0,0,0,0,0,0,0,0,0,0,2,2,3,3,3,3,3,3,2,2,2,2,2,2,2,2,2,2,2,2,2,2,2,2,1,1,1,1,1,1,0,0,0,0,,,,,,,,,,,,,,,,,,,,,,,,,,,,,,,,,,,,,,,,,,,,,,,,
5281,1200,5277,5280,,0,0,0,0,0,0,0,0,0,0,0,0,0,1,1,3,3,4,4,3,3,3,3,3,3,3,3,3,3,3,3,3,3,3,3,3,3,3,3,1,1,1,1,1,1,0,0,0,0,,,,,,,,,,,,,,,,,,,,,,,,,,,,,,,,,,,,,,,,,,,,,,,,
5282,4400,5021,5283,,0,64,64,66,66,46,46,50,50,58,58,64,64,177,177,964,964,1170,1170,1064,1064,1027,1027,941,941,866,866,890,890,916,916,907,907,932,932,994,994,922,922,526,526,334,334,222,222,162,162,84,84,,,,,,,,,,,,,,,,,,,,,,,,,,,,,,,,,,,,,,,,,,,,,,,,
5283,2000,5048,5284,5282,1,67,67,70,70,49,49,53,53,62,62,67,67,186,186,910,910,1134,1134,1023,1023,977,977,900,900,812,812,861,861,864,864,851,851,886,886,939,939,854,854,524,524,336,336,227,227,165,165,84,84,,,,,,,,,,,,,,,,,,,,,,,,,,,,,,,,,,,,,,,,,,,,,,,,
5284,500,5283,5285,,0,64,64,66,66,46,46,50,50,58,58,64,64,177,177,964,964,1170,1170,1064,1064,1027,1027,941,941,866,866,890,890,916,916,907,907,932,932,994,994,922,922,526,526,334,334,222,222,162,162,84,84,,,,,,,,,,,,,,,,,,,,,,,,,,,,,,,,,,,,,,,,,,,,,,,,
5285,1600,5040,5284,5053,1,53,53,55,55,38,38,42,42,48,48,53,53,146,146,715,715,891,891,804,804,768,768,707,707,638,638,676,676,679,679,669,669,696,696,738,738,671,671,411,411,264,264,178,178,130,130,66,66,,,,,,,,,,,,,,,,,,,,,,,,,,,,,,,,,,,,,,,,,,,,,,,,
5286,1600,5287,5289,,0,0,0,0,0,0,0,0,0,0,0,0,0,1,1,8,8,9,9,9,9,8,8,8,8,7,7,7,7,7,7,7,7,8,8,8,8,7,7,4,4,2,2,2,2,1,1,1,1,,,,,,,,,,,,,,,,,,,,,,,,,,,,,,,,,,,,,,,,,,,,,,,,
5287,2000,5286,5040,5046,1,64,64,66,66,46,46,50,50,58,58,64,64,177,177,964,964,1170,1170,1064,1064,1027,1027,941,941,866,866,890,890,916,916,907,907,932,932,994,994,922,922,526,526,334,334,222,222,162,162,84,84,,,,,,,,,,,,,,,,,,,,,,,,,,,,,,,,,,,,,,,,,,,,,,,,
5288,1200,5289,tran_117ae2ca-d23b-4319-b61a-321beba2c06e,,0,0,0,0,0,0,0,0,0,0,0,0,0,1,1,8,8,9,9,9,9,8,8,8,8,7,7,7,7,7,7,7,7,8,8,8,8,7,7,4,4,2,2,2,2,1,1,1,1,,,,,,,,,,,,,,,,,,,,,,,,,,,,,,,,,,,,,,,,,,,,,,,,
5289,1500,5055,5288,5286,1,64,64,66,66,46,46,50,50,58,58,64,64,177,177,964,964,1170,1170,1064,1064,1027,1027,941,941,866,866,890,890,916,916,907,907,932,932,994,994,922,922,526,526,334,334,222,222,162,162,84,84,,,,,,,,,,,,,,,,,,,,,,,,,,,,,,,,,,,,,,,,,,,,,,,,
529,2000,310,528,530,1,54,54,56,56,39,39,42,42,50,50,54,54,149,149,956,956,1147,1147,1075,1075,1033,1033,954,954,866,866,918,918,901,901,917,917,943,943,993,993,901,901,419,419,269,269,182,182,132,132,67,67,,,,,,,,,,,,,,,,,,,,,,,,,,,,,,,,,,,,,,,,,,,,,,,,
5290,1000,5072,5291,,0,64,64,66,66,46,46,50,50,58,58,64,64,177,177,964,964,1170,1170,1064,1064,1027,1027,941,941,866,866,890,890,916,916,907,907,932,932,994,994,922,922,526,526,334,334,222,222,162,162,84,84,,,,,,,,,,,,,,,,,,,,,,,,,,,,,,,,,,,,,,,,,,,,,,,,
5291,1600,5290,5292,13720,1,1,1,1,1,0,0,0,0,1,1,1,1,2,2,9,9,11,11,10,10,10,10,9,9,8,8,9,9,9,9,9,9,9,9,10,10,9,9,5,5,3,3,2,2,1,1,1,1,,,,,,,,,,,,,,,,,,,,,,,,,,,,,,,,,,,,,,,,,,,,,,,,
5292,2000,5291,5293,,0,64,64,66,66,46,46,50,50,58,58,64,64,177,177,964,964,1170,1170,1064,1064,1027,1027,941,941,866,866,890,890,916,916,907,907,932,932,994,994,922,922,526,526,334,334,222,222,162,162,84,84,,,,,,,,,,,,,,,,,,,,,,,,,,,,,,,,,,,,,,,,,,,,,,,,
5293,2500,5292,5066,13730,1,64,64,66,66,46,46,50,50,58,58,64,64,177,177,964,964,1170,1170,1064,1064,1027,1027,941,941,866,866,890,890,916,916,907,907,932,932,994,994,922,922,526,526,334,334,222,222,162,162,84,84,,,,,,,,,,,,,,,,,,,,,,,,,,,,,,,,,,,,,,,,,,,,,,,,
5294,1600,5037,5295,,0,0,0,0,0,0,0,0,0,0,0,0,0,1,1,5,5,6,6,6,6,5,5,5,5,5,5,5,5,5,5,5,5,5,5,5,5,5,5,3,3,2,2,1,1,1,1,0,0,,,,,,,,,,,,,,,,,,,,,,,,,,,,,,,,,,,,,,,,,,,,,,,,
5295,1600,5294,5296,5025,1,0,0,0,0,0,0,0,0,0,0,0,0,1,1,5,5,7,7,6,6,6,6,5,5,5,5,5,5,5,5,5,5,5,5,6,6,5,5,3,3,2,2,1,1,1,1,0,0,,,,,,,,,,,,,,,,,,,,,,,,,,,,,,,,,,,,,,,,,,,,,,,,
5296,2000,5297,5295,,0,64,64,66,66,46,46,50,50,58,58,64,64,177,177,964,964,1170,1170,1064,1064,1027,1027,941,941,866,866,890,890,916,916,907,907,932,932,994,994,922,922,526,526,334,334,222,222,162,162,84,84,,,,,,,,,,,,,,,,,,,,,,,,,,,,,,,,,,,,,,,,,,,,,,,,
5297,2500,5296,5035,5023,1,64,64,66,66,46,46,50,50,58,58,64,64,177,177,964,964,1170,1170,1064,1064,1027,1027,941,941,866,866,890,890,916,916,907,907,932,932,994,994,922,922,526,526,334,334,222,222,162,162,84,84,,,,,,,,,,,,,,,,,,,,,,,,,,,,,,,,,,,,,,,,,,,,,,,,
5298,1500,5299,5002,,0,64,64,66,66,46,46,50,50,58,58,64,64,177,177,964,964,1170,1170,1064,1064,1027,1027,941,941,866,866,890,890,916,916,907,907,932,932,994,994,922,922,526,526,334,334,222,222,162,162,84,84,,,,,,,,,,,,,,,,,,,,,,,,,,,,,,,,,,,,,,,,,,,,,,,,
5299,2000,5000,5298,5025,1,64,64,66,66,46,46,50,50,58,58,64,64,177,177,964,964,1170,1170,1064,1064,1027,1027,941,941,866,866,890,890,916,916,907,907,932,932,994,994,922,922,526,526,334,334,222,222,162,162,84,84,,,,,,,,,,,,,,,,,,,,,,,,,,,,,,,,,,,,,,,,,,,,,,,,
53,2000,47,56,,0,50,50,52,52,37,37,40,40,46,46,50,50,140,140,967,967,1151,1151,1088,1088,1047,1047,967,967,880,880,932,932,911,911,933,933,958,958,1007,1007,913,913,393,393,252,252,170,170,124,124,63,63,,,,,,,,,,,,,,,,,,,,,,,,,,,,,,,,,,,,,,,,,,,,,,,,
530,1600,531,529,,0,0,0,0,0,0,0,0,0,0,0,0,0,1,1,7,7,8,8,7,7,7,7,6,6,6,6,6,6,6,6,6,6,6,6,7,7,6,6,3,3,2,2,1,1,1,1,0,0,,,,,,,,,,,,,,,,,,,,,,,,,,,,,,,,,,,,,,,,,,,,,,,,
5300,4400,4974,5301,,0,64,64,66,66,46,46,50,50,58,58,64,64,177,177,964,964,1170,1170,1064,1064,1027,1027,941,941,866,866,890,890,916,916,907,907,932,932,994,994,922,922,526,526,334,334,222,222,162,162,84,84,,,,,,,,,,,,,,,,,,,,,,,,,,,,,,,,,,,,,,,,,,,,,,,,
5301,2500,5303,5006,5300,1,64,64,66,66,46,46,50,50,58,58,64,64,177,177,964,964,1170,1170,1064,1064,1027,1027,941,941,866,866,890,890,916,916,907,907,932,932,994,994,922,922,526,526,334,334,222,222,162,162,84,84,,,,,,,,,,,,,,,,,,,,,,,,,,,,,,,,,,,,,,,,,,,,,,,,
5302,3500,5303,tran_7fa7025e-d32e-4437-b559-f479aa4fc820,5056,1,64,64,66,66,46,46,50,50,58,58,64,64,177,177,964,964,1170,1170,1064,1064,1027,1027,941,941,866,866,890,890,916,916,907,907,932,932,994,994,922,922,526,526,334,334,222,222,162,162,84,84,,,,,,,,,,,,,,,,,,,,,,,,,,,,,,,,,,,,,,,,,,,,,,,,
5303,1000,5301,5302,,0,42,42,39,39,28,28,29,29,34,34,39,39,112,112,1343,1343,1424,1424,1347,1347,1375,1375,1229,1229,1247,1247,1096,1096,1282,1282,1299,1299,1257,1257,1375,1375,1394,1394,536,536,316,316,190,190,140,140,87,87,,,,,,,,,,,,,,,,,,,,,,,,,,,,,,,,,,,,,,,,,,,,,,,,
5304,2500,9889,5315,9886;5313,2,60,60,61,61,43,43,46,46,54,54,59,59,165,165,1034,1034,1217,1217,1116,1116,1091,1091,994,994,936,936,928,928,983,983,979,979,992,992,1064,1064,1008,1008,527,527,330,330,216,216,158,158,85,85,,,,,,,,,,,,,,,,,,,,,,,,,,,,,,,,,,,,,,,,,,,,,,,,
5305,2000,9890,5308,9888;5311,2,44,44,46,46,32,32,34,34,40,40,44,44,122,122,1037,1037,1195,1195,1144,1144,1114,1114,1024,1024,952,952,976,976,977,977,1009,1009,1021,1021,1079,1079,999,999,376,376,237,237,157,157,114,114,60,60,,,,,,,,,,,,,,,,,,,,,,,,,,,,,,,,,,,,,,,,,,,,,,,,
5306,300,,5913,,0,0,0,0,0,0,0,0,0,0,0,0,0,1,1,5,5,6,6,5,5,5,5,5,5,5,5,4,4,5,5,5,5,5,5,5,5,5,5,2,2,2,2,1,1,1,1,0,0,,,,,,,,,,,,,,,,,,,,,,,,,,,,,,,,,,,,,,,,,,,,,,,,
5307,1200,5952,10202,,0,53,53,55,55,38,38,42,42,48,48,53,53,146,146,715,715,891,891,804,804,768,768,707,707,638,638,676,676,679,679,669,669,696,696,738,738,671,671,411,411,264,264,178,178,130,130,66,66,,,,,,,,,,,,,,,,,,,,,,,,,,,,,,,,,,,,,,,,,,,,,,,,
5308,1200,5936,5305,,0,0,0,0,0,0,0,0,0,0,0,0,0,0,0,1,1,1,1,1,1,1,1,1,1,1,1,1,1,1,1,1,1,1,1,1,1,1,1,0,0,0,0,0,0,0,0,0,0,,,,,,,,,,,,,,,,,,,,,,,,,,,,,,,,,,,,,,,,,,,,,,,,
5309,1200,6080,5314,,0,0,0,0,0,0,0,0,0,0,0,0,0,0,0,0,0,0,0,0,0,0,0,0,0,0,0,0,0,0,0,0,0,0,0,0,0,0,0,0,0,0,0,0,0,0,0,0,0,,,,,,,,,,,,,,,,,,,,,,,,,,,,,,,,,,,,,,,,,,,,,,,,
531,2500,532,530,334,1,54,54,56,56,39,39,42,42,50,50,54,54,149,149,956,956,1147,1147,1075,1075,1033,1033,954,954,866,866,918,918,901,901,917,917,943,943,993,993,901,901,419,419,269,269,182,182,132,132,67,67,,,,,,,,,,,,,,,,,,,,,,,,,,,,,,,,,,,,,,,,,,,,,,,,
5310,1200,5948,10215,,0,0,0,0,0,0,0,0,0,0,0,0,0,0,0,1,1,1,1,1,1,1,1,1,1,1,1,1,1,1,1,1,1,1,1,1,1,1,1,0,0,0,0,0,0,0,0,0,0,,,,,,,,,,,,,,,,,,,,,,,,,,,,,,,,,,,,,,,,,,,,,,,,
5311,1600,5316,5305,,0,0,0,0,0,0,0,0,0,0,0,0,0,0,0,2,2,3,3,2,2,2,2,2,2,2,2,2,2,2,2,2,2,2,2,2,2,2,2,1,1,1,1,0,0,0,0,0,0,,,,,,,,,,,,,,,,,,,,,,,,,,,,,,,,,,,,,,,,,,,,,,,,
5312,300,5948,,,0,0,0,0,0,0,0,0,0,0,0,0,0,0,0,1,1,1,1,1,1,1,1,1,1,1,1,1,1,1,1,1,1,1,1,1,1,1,1,0,0,0,0,0,0,0,0,0,0,,,,,,,,,,,,,,,,,,,,,,,,,,,,,,,,,,,,,,,,,,,,,,,,
5313,2000,5918,5304,,0,67,67,70,70,49,49,53,53,62,62,67,67,186,186,910,910,1134,1134,1023,1023,977,977,900,900,812,812,861,861,864,864,851,851,886,886,939,939,854,854,524,524,336,336,227,227,165,165,84,84,,,,,,,,,,,,,,,,,,,,,,,,,,,,,,,,,,,,,,,,,,,,,,,,
5314,1600,5947,5326,5309;5348,2,0,0,0,0,0,0,0,0,0,0,0,0,0,0,0,0,0,0,0,0,0,0,0,0,0,0,0,0,0,0,0,0,0,0,0,0,0,0,0,0,0,0,0,0,0,0,0,0,,,,,,,,,,,,,,,,,,,,,,,,,,,,,,,,,,,,,,,,,,,,,,,,
5315,1600,5318,5304,,0,0,0,0,0,0,0,0,0,0,0,0,0,0,0,3,3,4,4,3,3,3,3,3,3,3,3,3,3,3,3,3,3,3,3,3,3,3,3,2,2,1,1,1,1,0,0,0,0,,,,,,,,,,,,,,,,,,,,,,,,,,,,,,,,,,,,,,,,,,,,,,,,
5316,2500,6081,5364,5311;5329,2,54,54,56,56,39,39,42,42,50,50,54,54,149,149,959,959,1162,1162,1055,1055,994,994,944,944,856,856,900,900,912,912,924,924,959,959,1013,1013,928,928,419,419,269,269,182,182,132,132,67,67,,,,,,,,,,,,,,,,,,,,,,,,,,,,,,,,,,,,,,,,,,,,,,,,
5317,1600,,5913,,0,53,53,55,55,38,38,42,42,48,48,53,53,146,146,715,715,891,891,804,804,768,768,707,707,638,638,676,676,679,679,669,669,696,696,738,738,671,671,411,411,264,264,178,178,130,130,66,66,,,,,,,,,,,,,,,,,,,,,,,,,,,,,,,,,,,,,,,,,,,,,,,,
5318,1500,10183,5916,5315;5347,2,67,67,70,70,49,49,53,53,62,62,67,67,186,186,910,910,1134,1134,1023,1023,977,977,900,900,812,812,861,861,864,864,851,851,886,886,939,939,854,854,524,524,336,336,227,227,165,165,84,84,,,,,,,,,,,,,,,,,,,,,,,,,,,,,,,,,,,,,,,,,,,,,,,,
5319,3500,5951,5323,5953;5949,2,54,54,56,56,39,39,42,42,50,50,54,54,149,149,959,959,1162,1162,1055,1055,994,994,944,944,856,856,900,900,912,912,924,924,959,959,1013,1013,928,928,419,419,269,269,182,182,132,132,67,67,,,,,,,,,,,,,,,,,,,,,,,,,,,,,,,,,,,,,,,,,,,,,,,,
532,1500,533,531,,0,54,54,56,56,39,39,42,42,50,50,54,54,149,149,956,956,1147,1147,1075,1075,1033,1033,954,954,866,866,918,918,901,901,917,917,943,943,993,993,901,901,419,419,269,269,182,182,132,132,67,67,,,,,,,,,,,,,,,,,,,,,,,,,,,,,,,,,,,,,,,,,,,,,,,,
5320,1600,5324,5915,,0,0,0,0,0,0,0,0,0,0,0,0,0,1,1,7,7,8,8,8,8,7,7,7,7,6,6,6,6,7,7,7,7,7,7,7,7,7,7,3,3,2,2,1,1,1,1,1,1,,,,,,,,,,,,,,,,,,,,,,,,,,,,,,,,,,,,,,,,,,,,,,,,
5321,2000,5327,5954,,0,54,54,56,56,39,39,42,42,50,50,54,54,149,149,959,959,1162,1162,1055,1055,994,994,944,944,856,856,900,900,912,912,924,924,959,959,1013,1013,928,928,419,419,269,269,182,182,132,132,67,67,,,,,,,,,,,,,,,,,,,,,,,,,,,,,,,,,,,,,,,,,,,,,,,,
5322,300,,5946,,0,0,0,0,0,0,0,0,0,0,0,0,0,0,0,1,1,1,1,1,1,1,1,1,1,1,1,1,1,1,1,1,1,1,1,1,1,1,1,0,0,0,0,0,0,0,0,0,0,,,,,,,,,,,,,,,,,,,,,,,,,,,,,,,,,,,,,,,,,,,,,,,,
5323,2000,5319,5327,,0,54,54,56,56,39,39,42,42,50,50,54,54,149,149,959,959,1162,1162,1055,1055,994,994,944,944,856,856,900,900,912,912,924,924,959,959,1013,1013,928,928,419,419,269,269,182,182,132,132,67,67,,,,,,,,,,,,,,,,,,,,,,,,,,,,,,,,,,,,,,,,,,,,,,,,
5324,2000,5912,5351,5320;5330,2,67,67,70,70,49,49,53,53,62,62,67,67,186,186,910,910,1134,1134,1023,1023,977,977,900,900,812,812,861,861,864,864,851,851,886,886,939,939,854,854,524,524,336,336,227,227,165,165,84,84,,,,,,,,,,,,,,,,,,,,,,,,,,,,,,,,,,,,,,,,,,,,,,,,
5325,1200,5944,,,0,0,0,0,0,0,0,0,0,0,0,0,0,0,0,2,2,3,3,2,2,2,2,2,2,2,2,2,2,2,2,2,2,2,2,2,2,2,2,1,1,1,1,0,0,0,0,0,0,,,,,,,,,,,,,,,,,,,,,,,,,,,,,,,,,,,,,,,,,,,,,,,,
5326,1600,5950,5314,,0,0,0,0,0,0,0,0,0,0,0,0,0,0,0,1,1,1,1,1,1,1,1,1,1,1,1,1,1,1,1,1,1,1,1,1,1,1,1,1,1,0,0,0,0,0,0,0,0,,,,,,,,,,,,,,,,,,,,,,,,,,,,,,,,,,,,,,,,,,,,,,,,
5327,2500,5323,5343,5321;5337,2,54,54,56,56,39,39,42,42,50,50,54,54,149,149,959,959,1162,1162,1055,1055,994,994,944,944,856,856,900,900,912,912,924,924,959,959,1013,1013,928,928,419,419,269,269,182,182,132,132,67,67,,,,,,,,,,,,,,,,,,,,,,,,,,,,,,,,,,,,,,,,,,,,,,,,
5328,1600,9887,5936,,0,0,0,0,0,0,0,0,0,0,0,0,0,1,1,9,9,11,11,10,10,10,10,9,9,9,9,9,9,9,9,9,9,9,9,10,10,9,9,4,4,3,3,2,2,1,1,1,1,,,,,,,,,,,,,,,,,,,,,,,,,,,,,,,,,,,,,,,,,,,,,,,,
5329,1600,5316,5334,,0,0,0,0,0,0,0,0,0,0,0,0,0,0,0,2,2,2,2,2,2,2,2,2,2,2,2,2,2,2,2,2,2,2,2,2,2,2,2,1,1,1,1,0,0,0,0,0,0,,,,,,,,,,,,,,,,,,,,,,,,,,,,,,,,,,,,,,,,,,,,,,,,
533,1600,532,,,0,0,0,0,0,0,0,0,0,0,0,0,0,1,1,6,6,7,7,6,6,6,6,6,6,5,5,5,5,5,5,5,5,6,6,6,6,6,6,3,3,2,2,1,1,1,1,0,0,,,,,,,,,,,,,,,,,,,,,,,,,,,,,,,,,,,,,,,,,,,,,,,,
5330,1600,5324,5333,,0,0,0,0,0,0,0,0,0,0,0,0,0,1,1,6,6,7,7,6,6,6,6,5,5,5,5,5,5,5,5,5,5,5,5,6,6,6,6,3,3,2,2,1,1,1,1,0,0,,,,,,,,,,,,,,,,,,,,,,,,,,,,,,,,,,,,,,,,,,,,,,,,
5331,2200,5334,5954,,0,54,54,56,56,39,39,42,42,50,50,54,54,149,149,959,959,1162,1162,1055,1055,994,994,944,944,856,856,900,900,912,912,924,924,959,959,1013,1013,928,928,419,419,269,269,182,182,132,132,67,67,,,,,,,,,,,,,,,,,,,,,,,,,,,,,,,,,,,,,,,,,,,,,,,,
5332,3000,5918,9887,,0,44,44,46,46,32,32,34,34,40,40,44,44,122,122,1037,1037,1195,1195,1144,1144,1114,1114,1024,1024,952,952,976,976,977,977,1009,1009,1021,1021,1079,1079,999,999,376,376,237,237,157,157,114,114,60,60,,,,,,,,,,,,,,,,,,,,,,,,,,,,,,,,,,,,,,,,,,,,,,,,
5333,2500,5330,,5362,1,67,67,70,70,49,49,53,53,62,62,67,67,186,186,910,910,1134,1134,1023,1023,977,977,900,900,812,812,861,861,864,864,851,851,886,886,939,939,854,854,524,524,336,336,227,227,165,165,84,84,,,,,,,,,,,,,,,,,,,,,,,,,,,,,,,,,,,,,,,,,,,,,,,,
5334,1600,5331,5336,5329;5342,2,0,0,0,0,0,0,0,0,0,0,0,0,0,0,1,1,2,2,1,1,1,1,1,1,1,1,1,1,1,1,1,1,1,1,1,1,1,1,1,1,0,0,0,0,0,0,0,0,,,,,,,,,,,,,,,,,,,,,,,,,,,,,,,,,,,,,,,,,,,,,,,,
5335,1200,5934,5339,,0,0,0,0,0,0,0,0,0,0,0,0,0,0,0,2,2,2,2,2,2,2,2,2,2,2,2,2,2,2,2,2,2,2,2,2,2,2,2,1,1,1,1,0,0,0,0,0,0,,,,,,,,,,,,,,,,,,,,,,,,,,,,,,,,,,,,,,,,,,,,,,,,
5336,1200,5334,5339,,0,0,0,0,0,0,0,0,0,0,0,0,0,0,0,1,1,1,1,1,1,1,1,1,1,1,1,1,1,1,1,1,1,1,1,1,1,1,1,1,1,0,0,0,0,0,0,0,0,,,,,,,,,,,,,,,,,,,,,,,,,,,,,,,,,,,,,,,,,,,,,,,,
5337,2500,5340,5327,,0,54,54,56,56,39,39,42,42,50,50,54,54,149,149,959,959,1162,1162,1055,1055,994,994,944,944,856,856,900,900,912,912,924,924,959,959,1013,1013,928,928,419,419,269,269,182,182,132,132,67,67,,,,,,,,,,,,,,,,,,,,,,,,,,,,,,,,,,,,,,,,,,,,,,,,
5338,1500,5950,5340,,0,54,54,56,56,39,39,42,42,50,50,54,54,149,149,959,959,1162,1162,1055,1055,994,994,944,944,856,856,900,900,912,912,924,924,959,959,1013,1013,928,928,419,419,269,269,182,182,132,132,67,67,,,,,,,,,,,,,,,,,,,,,,,,,,,,,,,,,,,,,,,,,,,,,,,,
5339,1200,5341,5335,5336;5346,2,0,0,0,0,0,0,0,0,0,0,0,0,0,0,1,1,2,2,1,1,1,1,1,1,1,1,1,1,1,1,1,1,1,1,1,1,1,1,1,1,0,0,0,0,0,0,0,0,,,,,,,,,,,,,,,,,,,,,,,,,,,,,,,,,,,,,,,,,,,,,,,,
534,1200,292,535,,0,0,0,0,0,0,0,0,0,0,0,0,0,0,0,3,3,4,4,3,3,3,3,3,3,3,3,3,3,3,3,3,3,3,3,3,3,3,3,1,1,1,1,1,1,0,0,0,0,,,,,,,,,,,,,,,,,,,,,,,,,,,,,,,,,,,,,,,,,,,,,,,,
5340,2000,5353,5338,5337;5358,2,54,54,56,56,39,39,42,42,50,50,54,54,149,149,959,959,1162,1162,1055,1055,994,994,944,944,856,856,900,900,912,912,924,924,959,959,1013,1013,928,928,419,419,269,269,182,182,132,132,67,67,,,,,,,,,,,,,,,,,,,,,,,,,,,,,,,,,,,,,,,,,,,,,,,,
5341,800,,5339,,0,0,0,0,0,0,0,0,0,0,0,0,0,0,0,2,2,2,2,2,2,2,2,2,2,2,2,2,2,2,2,2,2,2,2,2,2,2,2,1,1,1,1,0,0,0,0,0,0,,,,,,,,,,,,,,,,,,,,,,,,,,,,,,,,,,,,,,,,,,,,,,,,
5342,1200,5334,5344,,0,0,0,0,0,0,0,0,0,0,0,0,0,0,0,2,2,3,3,3,3,2,2,2,2,2,2,2,2,2,2,2,2,2,2,2,2,2,2,1,1,1,1,0,0,0,0,0,0,,,,,,,,,,,,,,,,,,,,,,,,,,,,,,,,,,,,,,,,,,,,,,,,
5343,2500,5344,5327,,0,54,54,56,56,39,39,42,42,50,50,54,54,149,149,959,959,1162,1162,1055,1055,994,994,944,944,856,856,900,900,912,912,924,924,959,959,1013,1013,928,928,419,419,269,269,182,182,132,132,67,67,,,,,,,,,,,,,,,,,,,,,,,,,,,,,,,,,,,,,,,,,,,,,,,,
5344,2500,5343,5359,5342;5367,2,54,54,56,56,39,39,42,42,50,50,54,54,149,149,959,959,1162,1162,1055,1055,994,994,944,944,856,856,900,900,912,912,924,924,959,959,1013,1013,928,928,419,419,269,269,182,182,132,132,67,67,,,,,,,,,,,,,,,,,,,,,,,,,,,,,,,,,,,,,,,,,,,,,,,,
5345,1600,5909,5349,,0,0,0,0,0,0,0,0,0,0,0,0,0,0,0,2,2,2,2,2,2,2,2,2,2,2,2,2,2,2,2,2,2,2,2,2,2,2,2,1,1,1,1,0,0,0,0,0,0,,,,,,,,,,,,,,,,,,,,,,,,,,,,,,,,,,,,,,,,,,,,,,,,
5346,1200,5339,5349,,0,0,0,0,0,0,0,0,0,0,0,0,0,0,0,1,1,1,1,1,1,1,1,1,1,1,1,1,1,1,1,1,1,1,1,1,1,1,1,0,0,0,0,0,0,0,0,0,0,,,,,,,,,,,,,,,,,,,,,,,,,,,,,,,,,,,,,,,,,,,,,,,,
5347,3300,5465,,5318,1,60,60,61,61,43,43,46,46,54,54,59,59,165,165,1034,1034,1217,1217,1116,1116,1091,1091,994,994,936,936,928,928,983,983,979,979,992,992,1064,1064,1008,1008,527,527,330,330,216,216,158,158,85,85,,,,,,,,,,,,,,,,,,,,,,,,,,,,,,,,,,,,,,,,,,,,,,,,
5348,1200,5314,5946,,0,53,53,55,55,38,38,42,42,48,48,53,53,146,146,715,715,891,891,804,804,768,768,707,707,638,638,676,676,679,679,669,669,696,696,738,738,671,671,411,411,264,264,178,178,130,130,66,66,,,,,,,,,,,,,,,,,,,,,,,,,,,,,,,,,,,,,,,,,,,,,,,,
5349,1600,5346,5354,5345;5357,2,0,0,0,0,0,0,0,0,0,0,0,0,0,0,1,1,1,1,1,1,1,1,1,1,1,1,1,1,1,1,1,1,1,1,1,1,1,1,0,0,0,0,0,0,0,0,0,0,,,,,,,,,,,,,,,,,,,,,,,,,,,,,,,,,,,,,,,,,,,,,,,,
535,1200,290,534,286,1,0,0,0,0,0,0,0,0,0,0,0,0,0,0,2,2,3,3,3,3,3,3,2,2,2,2,2,2,2,2,2,2,2,2,3,3,2,2,1,1,1,1,0,0,0,0,0,0,,,,,,,,,,,,,,,,,,,,,,,,,,,,,,,,,,,,,,,,,,,,,,,,
5350,4400,5355,5950,,0,54,54,56,56,39,39,42,42,50,50,54,54,149,149,959,959,1162,1162,1055,1055,994,994,944,944,856,856,900,900,912,912,924,924,959,959,1013,1013,928,928,419,419,269,269,182,182,132,132,67,67,,,,,,,,,,,,,,,,,,,,,,,,,,,,,,,,,,,,,,,,,,,,,,,,
5351,2500,5324,5356,,0,67,67,70,70,49,49,53,53,62,62,67,67,186,186,910,910,1134,1134,1023,1023,977,977,900,900,812,812,861,861,864,864,851,851,886,886,939,939,854,854,524,524,336,336,227,227,165,165,84,84,,,,,,,,,,,,,,,,,,,,,,,,,,,,,,,,,,,,,,,,,,,,,,,,
5352,2500,5356,,,0,67,67,70,70,49,49,53,53,62,62,67,67,186,186,910,910,1134,1134,1023,1023,977,977,900,900,812,812,861,861,864,864,851,851,886,886,939,939,854,854,524,524,336,336,227,227,165,165,84,84,,,,,,,,,,,,,,,,,,,,,,,,,,,,,,,,,,,,,,,,,,,,,,,,
5353,2500,5932,5340,,0,54,54,56,56,39,39,42,42,50,50,54,54,149,149,959,959,1162,1162,1055,1055,994,994,944,944,856,856,900,900,912,912,924,924,959,959,1013,1013,928,928,419,419,269,269,182,182,132,132,67,67,,,,,,,,,,,,,,,,,,,,,,,,,,,,,,,,,,,,,,,,,,,,,,,,
5354,1600,5349,5905,,0,0,0,0,0,0,0,0,0,0,0,0,0,0,0,1,1,1,1,1,1,1,1,1,1,1,1,1,1,1,1,1,1,1,1,1,1,1,1,1,1,0,0,0,0,0,0,0,0,,,,,,,,,,,,,,,,,,,,,,,,,,,,,,,,,,,,,,,,,,,,,,,,
5355,2500,5360,5939,5350;5379,2,54,54,56,56,39,39,42,42,50,50,54,54,149,149,959,959,1162,1162,1055,1055,994,994,944,944,856,856,900,900,912,912,924,924,959,959,1013,1013,928,928,419,419,269,269,182,182,132,132,67,67,,,,,,,,,,,,,,,,,,,,,,,,,,,,,,,,,,,,,,,,,,,,,,,,
5356,1600,5351,5392,5352;5365,2,0,0,0,0,0,0,0,0,0,0,0,0,1,1,4,4,5,5,5,5,4,4,4,4,4,4,4,4,4,4,4,4,4,4,4,4,4,4,2,2,1,1,1,1,1,1,0,0,,,,,,,,,,,,,,,,,,,,,,,,,,,,,,,,,,,,,,,,,,,,,,,,
5357,1200,5361,5349,,0,0,0,0,0,0,0,0,0,0,0,0,0,0,0,1,1,1,1,1,1,1,1,1,1,1,1,1,1,1,1,1,1,1,1,1,1,1,1,0,0,0,0,0,0,0,0,0,0,,,,,,,,,,,,,,,,,,,,,,,,,,,,,,,,,,,,,,,,,,,,,,,,
5358,3500,5340,5363,,0,54,54,56,56,39,39,42,42,50,50,54,54,149,149,959,959,1162,1162,1055,1055,994,994,944,944,856,856,900,900,912,912,924,924,959,959,1013,1013,928,928,419,419,269,269,182,182,132,132,67,67,,,,,,,,,,,,,,,,,,,,,,,,,,,,,,,,,,,,,,,,,,,,,,,,
5359,2000,5361,5344,,0,54,54,56,56,39,39,42,42,50,50,54,54,149,149,959,959,1162,1162,1055,1055,994,994,944,944,856,856,900,900,912,912,924,924,959,959,1013,1013,928,928,419,419,269,269,182,182,132,132,67,67,,,,,,,,,,,,,,,,,,,,,,,,,,,,,,,,,,,,,,,,,,,,,,,,
536,1500,541,538,540;537;17724;15400,4,54,54,56,56,39,39,42,42,50,50,54,54,149,149,956,956,1147,1147,1075,1075,1033,1033,954,954,866,866,918,918,901,901,917,917,943,943,993,993,901,901,419,419,269,269,182,182,132,132,67,67,,,,,,,,,,,,,,,,,,,,,,,,,,,,,,,,,,,,,,,,,,,,,,,,
5360,1500,5363,5355,,0,54,54,56,56,39,39,42,42,50,50,54,54,149,149,959,959,1162,1162,1055,1055,994,994,944,944,856,856,900,900,912,912,924,924,959,959,1013,1013,928,928,419,419,269,269,182,182,132,132,67,67,,,,,,,,,,,,,,,,,,,,,,,,,,,,,,,,,,,,,,,,,,,,,,,,
5361,1600,5388,5357,5359;5370,2,0,0,0,0,0,0,0,0,0,0,0,0,0,0,1,1,1,1,1,1,1,1,1,1,1,1,1,1,1,1,1,1,1,1,1,1,1,1,0,0,0,0,0,0,0,0,0,0,,,,,,,,,,,,,,,,,,,,,,,,,,,,,,,,,,,,,,,,,,,,,,,,
5362,3000,5368,5333,,0,67,67,70,70,49,49,53,53,62,62,67,67,186,186,910,910,1134,1134,1023,1023,977,977,900,900,812,812,861,861,864,864,851,851,886,886,939,939,854,854,524,524,336,336,227,227,165,165,84,84,,,,,,,,,,,,,,,,,,,,,,,,,,,,,,,,,,,,,,,,,,,,,,,,
5363,2500,5371,5360,5358;5376,2,54,54,56,56,39,39,42,42,50,50,54,54,149,149,959,959,1162,1162,1055,1055,994,994,944,944,856,856,900,900,912,912,924,924,959,959,1013,1013,928,928,419,419,269,269,182,182,132,132,67,67,,,,,,,,,,,,,,,,,,,,,,,,,,,,,,,,,,,,,,,,,,,,,,,,
5364,1200,5316,5934,,0,0,0,0,0,0,0,0,0,0,0,0,0,0,0,2,2,3,3,2,2,2,2,2,2,2,2,2,2,2,2,2,2,2,2,2,2,2,2,1,1,1,1,0,0,0,0,0,0,,,,,,,,,,,,,,,,,,,,,,,,,,,,,,,,,,,,,,,,,,,,,,,,
5365,1600,5356,5368,,0,0,0,0,0,0,0,0,0,0,0,0,0,1,1,5,5,6,6,6,6,5,5,5,5,5,5,5,5,5,5,5,5,5,5,5,5,5,5,3,3,2,2,1,1,1,1,0,0,,,,,,,,,,,,,,,,,,,,,,,,,,,,,,,,,,,,,,,,,,,,,,,,
5366,1600,6099,5921,5919;5373,2,0,0,0,0,0,0,0,0,0,0,0,0,0,0,3,3,3,3,3,3,3,3,3,3,2,2,3,3,3,3,3,3,3,3,3,3,3,3,1,1,1,1,1,1,0,0,0,0,,,,,,,,,,,,,,,,,,,,,,,,,,,,,,,,,,,,,,,,,,,,,,,,
5367,1600,5344,5932,,0,0,0,0,0,0,0,0,0,0,0,0,0,0,0,2,2,2,2,2,2,2,2,2,2,2,2,2,2,2,2,2,2,2,2,2,2,2,2,1,1,1,1,0,0,0,0,0,0,,,,,,,,,,,,,,,,,,,,,,,,,,,,,,,,,,,,,,,,,,,,,,,,
5368,2500,5365,5375,5362;5406,2,67,67,70,70,49,49,53,53,62,62,67,67,186,186,910,910,1134,1134,1023,1023,977,977,900,900,812,812,861,861,864,864,851,851,886,886,939,939,854,854,524,524,336,336,227,227,165,165,84,84,,,,,,,,,,,,,,,,,,,,,,,,,,,,,,,,,,,,,,,,,,,,,,,,
5369,1600,5907,5905,,0,0,0,0,0,0,0,0,0,0,0,0,0,0,0,2,2,3,3,3,3,3,3,2,2,2,2,2,2,2,2,2,2,2,2,3,3,2,2,1,1,1,1,1,1,0,0,0,0,,,,,,,,,,,,,,,,,,,,,,,,,,,,,,,,,,,,,,,,,,,,,,,,
537,300,536,541,540,1,0,0,0,0,0,0,0,0,0,0,0,0,1,1,9,9,10,10,9,9,9,9,8,8,8,8,8,8,8,8,8,8,8,8,9,9,8,8,4,4,2,2,2,2,1,1,1,1,,,,,,,,,,,,,,,,,,,,,,,,,,,,,,,,,,,,,,,,,,,,,,,,
5370,1600,5374,5361,,0,0,0,0,0,0,0,0,0,0,0,0,0,0,0,2,2,2,2,2,2,2,2,2,2,1,1,1,1,1,1,1,1,2,2,2,2,1,1,1,1,0,0,0,0,0,0,0,0,,,,,,,,,,,,,,,,,,,,,,,,,,,,,,,,,,,,,,,,,,,,,,,,
5371,1500,5372,5363,,0,54,54,56,56,39,39,42,42,50,50,54,54,149,149,959,959,1162,1162,1055,1055,994,994,944,944,856,856,900,900,912,912,924,924,959,959,1013,1013,928,928,419,419,269,269,182,182,132,132,67,67,,,,,,,,,,,,,,,,,,,,,,,,,,,,,,,,,,,,,,,,,,,,,,,,
5372,2000,5390,5371,5931;5387,2,54,54,56,56,39,39,42,42,50,50,54,54,149,149,959,959,1162,1162,1055,1055,994,994,944,944,856,856,900,900,912,912,924,924,959,959,1013,1013,928,928,419,419,269,269,182,182,132,132,67,67,,,,,,,,,,,,,,,,,,,,,,,,,,,,,,,,,,,,,,,,,,,,,,,,
5373,1200,5366,,,0,1,1,1,1,0,0,0,0,0,0,1,1,1,1,10,10,11,11,11,11,10,10,9,9,9,9,9,9,9,9,9,9,9,9,10,10,10,10,5,5,3,3,2,2,1,1,1,1,,,,,,,,,,,,,,,,,,,,,,,,,,,,,,,,,,,,,,,,,,,,,,,,
5374,2500,5384,5370,5904;5381,2,54,54,56,56,39,39,42,42,50,50,54,54,149,149,959,959,1162,1162,1055,1055,994,994,944,944,856,856,900,900,912,912,924,924,959,959,1013,1013,928,928,419,419,269,269,182,182,132,132,67,67,,,,,,,,,,,,,,,,,,,,,,,,,,,,,,,,,,,,,,,,,,,,,,,,
5375,1600,5378,5368,,0,0,0,0,0,0,0,0,0,0,0,0,0,1,1,5,5,6,6,5,5,5,5,5,5,5,5,4,4,5,5,5,5,5,5,5,5,5,5,2,2,2,2,1,1,1,1,0,0,,,,,,,,,,,,,,,,,,,,,,,,,,,,,,,,,,,,,,,,,,,,,,,,
5376,3000,5383,5363,,0,54,54,56,56,39,39,42,42,50,50,54,54,149,149,959,959,1162,1162,1055,1055,994,994,944,944,856,856,900,900,912,912,924,924,959,959,1013,1013,928,928,419,419,269,269,182,182,132,132,67,67,,,,,,,,,,,,,,,,,,,,,,,,,,,,,,,,,,,,,,,,,,,,,,,,
5377,1600,5920,5924,,0,0,0,0,0,0,0,0,0,0,0,0,0,0,0,2,2,2,2,2,2,2,2,2,2,1,1,2,2,2,2,2,2,2,2,2,2,2,2,1,1,1,1,0,0,0,0,0,0,,,,,,,,,,,,,,,,,,,,,,,,,,,,,,,,,,,,,,,,,,,,,,,,
5378,1200,,5375,5423,1,0,0,0,0,0,0,0,0,0,0,0,0,0,0,2,2,2,2,2,2,2,2,1,1,1,1,1,1,1,1,1,1,1,1,2,2,1,1,1,1,0,0,0,0,0,0,0,0,,,,,,,,,,,,,,,,,,,,,,,,,,,,,,,,,,,,,,,,,,,,,,,,
5379,4400,5355,5938,,0,54,54,56,56,39,39,42,42,50,50,54,54,149,149,959,959,1162,1162,1055,1055,994,994,944,944,856,856,900,900,912,912,924,924,959,959,1013,1013,928,928,419,419,269,269,182,182,132,132,67,67,,,,,,,,,,,,,,,,,,,,,,,,,,,,,,,,,,,,,,,,,,,,,,,,
538,1600,283,536,304,1,0,0,0,0,0,0,0,0,0,0,0,0,0,0,2,2,2,2,2,2,2,2,2,2,2,2,2,2,2,2,2,2,2,2,2,2,2,2,1,1,0,0,0,0,0,0,0,0,,,,,,,,,,,,,,,,,,,,,,,,,,,,,,,,,,,,,,,,,,,,,,,,
5380,3000,5938,5383,,0,54,54,56,56,39,39,42,42,50,50,54,54,149,149,959,959,1162,1162,1055,1055,994,994,944,944,856,856,900,900,912,912,924,924,959,959,1013,1013,928,928,419,419,269,269,182,182,132,132,67,67,,,,,,,,,,,,,,,,,,,,,,,,,,,,,,,,,,,,,,,,,,,,,,,,
5381,1200,5385,5374,,0,0,0,0,0,0,0,0,0,0,0,0,0,0,0,2,2,2,2,2,2,2,2,2,2,2,2,2,2,2,2,2,2,2,2,2,2,2,2,1,1,1,1,0,0,0,0,0,0,,,,,,,,,,,,,,,,,,,,,,,,,,,,,,,,,,,,,,,,,,,,,,,,
5382,1200,5930,5385,,0,0,0,0,0,0,0,0,0,0,0,0,0,0,0,1,1,1,1,1,1,1,1,1,1,1,1,1,1,1,1,1,1,1,1,1,1,1,1,0,0,0,0,0,0,0,0,0,0,,,,,,,,,,,,,,,,,,,,,,,,,,,,,,,,,,,,,,,,,,,,,,,,
5383,3000,5391,5380,5376;5393,2,54,54,56,56,39,39,42,42,50,50,54,54,149,149,959,959,1162,1162,1055,1055,994,994,944,944,856,856,900,900,912,912,924,924,959,959,1013,1013,928,928,419,419,269,269,182,182,132,132,67,67,,,,,,,,,,,,,,,,,,,,,,,,,,,,,,,,,,,,,,,,,,,,,,,,
5384,1200,5374,5924,,0,0,0,0,0,0,0,0,0,0,0,0,0,0,0,2,2,2,2,2,2,2,2,2,2,2,2,2,2,2,2,2,2,2,2,2,2,2,2,1,1,1,1,0,0,0,0,0,0,,,,,,,,,,,,,,,,,,,,,,,,,,,,,,,,,,,,,,,,,,,,,,,,
5385,1200,5405,5382,5381;5400,2,0,0,0,0,0,0,0,0,0,0,0,0,0,0,1,1,1,1,1,1,1,1,1,1,1,1,1,1,1,1,1,1,1,1,1,1,1,1,1,1,0,0,0,0,0,0,0,0,,,,,,,,,,,,,,,,,,,,,,,,,,,,,,,,,,,,,,,,,,,,,,,,
5386,1000,6095,6086,6093;6091,2,67,67,70,70,49,49,53,53,62,62,67,67,186,186,910,910,1134,1134,1023,1023,977,977,900,900,812,812,861,861,864,864,851,851,886,886,939,939,854,854,524,524,336,336,227,227,165,165,84,84,,,,,,,,,,,,,,,,,,,,,,,,,,,,,,,,,,,,,,,,,,,,,,,,
5387,2500,5395,5372,,0,54,54,56,56,39,39,42,42,50,50,54,54,149,149,959,959,1162,1162,1055,1055,994,994,944,944,856,856,900,900,912,912,924,924,959,959,1013,1013,928,928,419,419,269,269,182,182,132,132,67,67,,,,,,,,,,,,,,,,,,,,,,,,,,,,,,,,,,,,,,,,,,,,,,,,
5388,1200,5930,5361,,0,0,0,0,0,0,0,0,0,0,0,0,0,0,0,1,1,1,1,1,1,1,1,1,1,1,1,1,1,1,1,1,1,1,1,1,1,1,1,0,0,0,0,0,0,0,0,0,0,,,,,,,,,,,,,,,,,,,,,,,,,,,,,,,,,,,,,,,,,,,,,,,,
5389,1200,,5922,,0,0,0,0,0,0,0,0,0,0,0,0,0,0,0,2,2,2,2,2,2,2,2,2,2,2,2,2,2,2,2,2,2,2,2,2,2,2,2,1,1,1,1,0,0,0,0,0,0,,,,,,,,,,,,,,,,,,,,,,,,,,,,,,,,,,,,,,,,,,,,,,,,
539,1600,,541,,0,0,0,0,0,0,0,0,0,0,0,0,0,1,1,3,3,4,4,4,4,4,4,3,3,3,3,3,3,3,3,3,3,3,3,3,3,3,3,2,2,1,1,1,1,0,0,0,0,,,,,,,,,,,,,,,,,,,,,,,,,,,,,,,,,,,,,,,,,,,,,,,,
5390,2500,5394,5372,,0,54,54,56,56,39,39,42,42,50,50,54,54,149,149,959,959,1162,1162,1055,1055,994,994,944,944,856,856,900,900,912,912,924,924,959,959,1013,1013,928,928,419,419,269,269,182,182,132,132,67,67,,,,,,,,,,,,,,,,,,,,,,,,,,,,,,,,,,,,,,,,,,,,,,,,
5391,2500,5383,5395,,0,54,54,56,56,39,39,42,42,50,50,54,54,149,149,959,959,1162,1162,1055,1055,994,994,944,944,856,856,900,900,912,912,924,924,959,959,1013,1013,928,928,419,419,269,269,182,182,132,132,67,67,,,,,,,,,,,,,,,,,,,,,,,,,,,,,,,,,,,,,,,,,,,,,,,,
5392,2500,5397,5356,,0,67,67,70,70,49,49,53,53,62,62,67,67,186,186,910,910,1134,1134,1023,1023,977,977,900,900,812,812,861,861,864,864,851,851,886,886,939,939,854,854,524,524,336,336,227,227,165,165,84,84,,,,,,,,,,,,,,,,,,,,,,,,,,,,,,,,,,,,,,,,,,,,,,,,
5393,3000,5407,5383,,0,54,54,56,56,39,39,42,42,50,50,54,54,149,149,959,959,1162,1162,1055,1055,994,994,944,944,856,856,900,900,912,912,924,924,959,959,1013,1013,928,928,419,419,269,269,182,182,132,132,67,67,,,,,,,,,,,,,,,,,,,,,,,,,,,,,,,,,,,,,,,,,,,,,,,,
5394,1600,5929,5412,5390;5403,2,0,0,0,0,0,0,0,0,0,0,0,0,0,0,1,1,1,1,1,1,1,1,1,1,1,1,1,1,1,1,1,1,1,1,1,1,1,1,0,0,0,0,0,0,0,0,0,0,,,,,,,,,,,,,,,,,,,,,,,,,,,,,,,,,,,,,,,,,,,,,,,,
5395,2500,5391,5387,5404;5444,2,54,54,56,56,39,39,42,42,50,50,54,54,149,149,959,959,1162,1162,1055,1055,994,994,944,944,856,856,900,900,912,912,924,924,959,959,1013,1013,928,928,419,419,269,269,182,182,132,132,67,67,,,,,,,,,,,,,,,,,,,,,,,,,,,,,,,,,,,,,,,,,,,,,,,,
5396,4400,5402,2737,5937;5399,2,54,54,56,56,39,39,42,42,50,50,54,54,149,149,959,959,1162,1162,1055,1055,994,994,944,944,856,856,900,900,912,912,924,924,959,959,1013,1013,928,928,419,419,269,269,182,182,132,132,67,67,,,,,,,,,,,,,,,,,,,,,,,,,,,,,,,,,,,,,,,,,,,,,,,,
5397,2000,5415,5392,6082;5408,2,67,67,70,70,49,49,53,53,62,62,67,67,186,186,910,910,1134,1134,1023,1023,977,977,900,900,812,812,861,861,864,864,851,851,886,886,939,939,854,854,524,524,336,336,227,227,165,165,84,84,,,,,,,,,,,,,,,,,,,,,,,,,,,,,,,,,,,,,,,,,,,,,,,,
5398,800,,5893,,0,0,0,0,0,0,0,0,0,0,0,0,0,0,0,1,1,2,2,2,2,1,1,1,1,1,1,1,1,1,1,1,1,1,1,1,1,1,1,1,1,0,0,0,0,0,0,0,0,,,,,,,,,,,,,,,,,,,,,,,,,,,,,,,,,,,,,,,,,,,,,,,,
5399,1650,5396,2763,,0,54,54,56,56,39,39,42,42,50,50,54,54,149,149,959,959,1162,1162,1055,1055,994,994,944,944,856,856,900,900,912,912,924,924,959,959,1013,1013,928,928,419,419,269,269,182,182,132,132,67,67,,,,,,,,,,,,,,,,,,,,,,,,,,,,,,,,,,,,,,,,,,,,,,,,
54,1500,52,57,,0,50,50,52,52,37,37,40,40,46,46,50,50,140,140,967,967,1151,1151,1088,1088,1047,1047,967,967,880,880,932,932,911,911,933,933,958,958,1007,1007,913,913,393,393,252,252,170,170,124,124,63,63,,,,,,,,,,,,,,,,,,,,,,,,,,,,,,,,,,,,,,,,,,,,,,,,
540,300,536,541,537,1,0,0,0,0,0,0,0,0,0,0,0,0,1,1,9,9,10,10,9,9,9,9,8,8,8,8,8,8,8,8,8,8,8,8,9,9,8,8,4,4,2,2,2,2,1,1,1,1,,,,,,,,,,,,,,,,,,,,,,,,,,,,,,,,,,,,,,,,,,,,,,,,
5400,1600,5409,5385,,0,0,0,0,0,0,0,0,0,0,0,0,0,0,0,2,2,3,3,3,3,3,3,2,2,2,2,2,2,2,2,2,2,2,2,2,2,2,2,1,1,1,1,1,1,0,0,0,0,,,,,,,,,,,,,,,,,,,,,,,,,,,,,,,,,,,,,,,,,,,,,,,,
5401,800,5893,5926,,0,0,0,0,0,0,0,0,0,0,0,0,0,0,0,2,2,2,2,2,2,2,2,2,2,2,2,2,2,2,2,2,2,2,2,2,2,2,2,1,1,1,1,0,0,0,0,0,0,,,,,,,,,,,,,,,,,,,,,,,,,,,,,,,,,,,,,,,,,,,,,,,,
5402,4400,5396,5407,,0,54,54,56,56,39,39,42,42,50,50,54,54,149,149,959,959,1162,1162,1055,1055,994,994,944,944,856,856,900,900,912,912,924,924,959,959,1013,1013,928,928,419,419,269,269,182,182,132,132,67,67,,,,,,,,,,,,,,,,,,,,,,,,,,,,,,,,,,,,,,,,,,,,,,,,
5403,1600,5394,5409,,0,0,0,0,0,0,0,0,0,0,0,0,0,0,0,2,2,2,2,2,2,2,2,2,2,1,1,1,1,1,1,1,1,2,2,2,2,1,1,1,1,1,1,0,0,0,0,0,0,,,,,,,,,,,,,,,,,,,,,,,,,,,,,,,,,,,,,,,,,,,,,,,,
5404,2000,5395,5414,,0,54,54,56,56,39,39,42,42,50,50,54,54,149,149,959,959,1162,1162,1055,1055,994,994,944,944,856,856,900,900,912,912,924,924,959,959,1013,1013,928,928,419,419,269,269,182,182,132,132,67,67,,,,,,,,,,,,,,,,,,,,,,,,,,,,,,,,,,,,,,,,,,,,,,,,
5405,1600,5928,5385,,0,0,0,0,0,0,0,0,0,0,0,0,0,0,0,1,1,1,1,1,1,1,1,1,1,1,1,1,1,1,1,1,1,1,1,1,1,1,1,1,1,0,0,0,0,0,0,0,0,,,,,,,,,,,,,,,,,,,,,,,,,,,,,,,,,,,,,,,,,,,,,,,,
5406,3000,5368,5410,,0,67,67,70,70,49,49,53,53,62,62,67,67,186,186,910,910,1134,1134,1023,1023,977,977,900,900,812,812,861,861,864,864,851,851,886,886,939,939,854,854,524,524,336,336,227,227,165,165,84,84,,,,,,,,,,,,,,,,,,,,,,,,,,,,,,,,,,,,,,,,,,,,,,,,
5407,3500,5411,5393,5402;5413,2,54,54,56,56,39,39,42,42,50,50,54,54,149,149,959,959,1162,1162,1055,1055,994,994,944,944,856,856,900,900,912,912,924,924,959,959,1013,1013,928,928,419,419,269,269,182,182,132,132,67,67,,,,,,,,,,,,,,,,,,,,,,,,,,,,,,,,,,,,,,,,,,,,,,,,
5408,1600,5397,5410,,0,0,0,0,0,0,0,0,0,0,0,0,0,1,1,6,6,7,7,7,7,7,7,6,6,6,6,6,6,6,6,6,6,6,6,7,7,6,6,3,3,2,2,1,1,1,1,1,1,,,,,,,,,,,,,,,,,,,,,,,,,,,,,,,,,,,,,,,,,,,,,,,,
5409,2500,5403,5419,5400;5422,2,54,54,56,56,39,39,42,42,50,50,54,54,149,149,959,959,1162,1162,1055,1055,994,994,944,944,856,856,900,900,912,912,924,924,959,959,1013,1013,928,928,419,419,269,269,182,182,132,132,67,67,,,,,,,,,,,,,,,,,,,,,,,,,,,,,,,,,,,,,,,,,,,,,,,,
541,2500,536,539,540;537;17724;15400;333,5,54,54,56,56,39,39,42,42,50,50,54,54,149,149,956,956,1147,1147,1075,1075,1033,1033,954,954,866,866,918,918,901,901,917,917,943,943,993,993,901,901,419,419,269,269,182,182,132,132,67,67,,,,,,,,,,,,,,,,,,,,,,,,,,,,,,,,,,,,,,,,,,,,,,,,
5410,2500,5420,5408,5406;5426,2,67,67,70,70,49,49,53,53,62,62,67,67,186,186,910,910,1134,1134,1023,1023,977,977,900,900,812,812,861,861,864,864,851,851,886,886,939,939,854,854,524,524,336,336,227,227,165,165,84,84,,,,,,,,,,,,,,,,,,,,,,,,,,,,,,,,,,,,,,,,,,,,,,,,
5411,3000,5407,5418,,0,54,54,56,56,39,39,42,42,50,50,54,54,149,149,959,959,1162,1162,1055,1055,994,994,944,944,856,856,900,900,912,912,924,924,959,959,1013,1013,928,928,419,419,269,269,182,182,132,132,67,67,,,,,,,,,,,,,,,,,,,,,,,,,,,,,,,,,,,,,,,,,,,,,,,,
5412,1200,5824,5394,,0,0,0,0,0,0,0,0,0,0,0,0,0,0,0,2,2,2,2,2,2,2,2,2,2,2,2,2,2,2,2,2,2,2,2,2,2,2,2,1,1,1,1,0,0,0,0,0,0,,,,,,,,,,,,,,,,,,,,,,,,,,,,,,,,,,,,,,,,,,,,,,,,
5413,4400,5407,5414,,0,54,54,56,56,39,39,42,42,50,50,54,54,149,149,959,959,1162,1162,1055,1055,994,994,944,944,856,856,900,900,912,912,924,924,959,959,1013,1013,928,928,419,419,269,269,182,182,132,132,67,67,,,,,,,,,,,,,,,,,,,,,,,,,,,,,,,,,,,,,,,,,,,,,,,,
5414,2500,5421,5404,5413;5439,2,54,54,56,56,39,39,42,42,50,50,54,54,149,149,959,959,1162,1162,1055,1055,994,994,944,944,856,856,900,900,912,912,924,924,959,959,1013,1013,928,928,419,419,269,269,182,182,132,132,67,67,,,,,,,,,,,,,,,,,,,,,,,,,,,,,,,,,,,,,,,,,,,,,,,,
5415,1500,5417,5397,,0,67,67,70,70,49,49,53,53,62,62,67,67,186,186,910,910,1134,1134,1023,1023,977,977,900,900,812,812,861,861,864,864,851,851,886,886,939,939,854,854,524,524,336,336,227,227,165,165,84,84,,,,,,,,,,,,,,,,,,,,,,,,,,,,,,,,,,,,,,,,,,,,,,,,
5416,3000,5856,5418,,0,54,54,56,56,39,39,42,42,50,50,54,54,149,149,959,959,1162,1162,1055,1055,994,994,944,944,856,856,900,900,912,912,924,924,959,959,1013,1013,928,928,419,419,269,269,182,182,132,132,67,67,,,,,,,,,,,,,,,,,,,,,,,,,,,,,,,,,,,,,,,,,,,,,,,,
5417,1200,5425,5752,5415;5440,2,0,0,0,0,0,0,0,0,0,0,0,0,1,1,7,7,8,8,7,7,7,7,6,6,6,6,6,6,6,6,6,6,6,6,7,7,7,7,3,3,2,2,1,1,1,1,1,1,,,,,,,,,,,,,,,,,,,,,,,,,,,,,,,,,,,,,,,,,,,,,,,,
5418,3500,5427,5416,5411;5432,2,54,54,56,56,39,39,42,42,50,50,54,54,149,149,959,959,1162,1162,1055,1055,994,994,944,944,856,856,900,900,912,912,924,924,959,959,1013,1013,928,928,419,419,269,269,182,182,132,132,67,67,,,,,,,,,,,,,,,,,,,,,,,,,,,,,,,,,,,,,,,,,,,,,,,,
5419,2500,5903,5409,,0,54,54,56,56,39,39,42,42,50,50,54,54,149,149,959,959,1162,1162,1055,1055,994,994,944,944,856,856,900,900,912,912,924,924,959,959,1013,1013,928,928,419,419,269,269,182,182,132,132,67,67,,,,,,,,,,,,,,,,,,,,,,,,,,,,,,,,,,,,,,,,,,,,,,,,
542,3000,271,543,,0,54,54,56,56,39,39,42,42,50,50,54,54,149,149,956,956,1147,1147,1075,1075,1033,1033,954,954,866,866,918,918,901,901,917,917,943,943,993,993,901,901,419,419,269,269,182,182,132,132,67,67,,,,,,,,,,,,,,,,,,,,,,,,,,,,,,,,,,,,,,,,,,,,,,,,
5420,1600,5424,5410,,0,0,0,0,0,0,0,0,0,0,0,0,0,1,1,5,5,6,6,5,5,5,5,5,5,5,5,5,5,5,5,5,5,5,5,5,5,5,5,3,3,2,2,1,1,1,1,0,0,,,,,,,,,,,,,,,,,,,,,,,,,,,,,,,,,,,,,,,,,,,,,,,,
5421,2000,5428,5414,,0,54,54,56,56,39,39,42,42,50,50,54,54,149,149,959,959,1162,1162,1055,1055,994,994,944,944,856,856,900,900,912,912,924,924,959,959,1013,1013,928,928,419,419,269,269,182,182,132,132,67,67,,,,,,,,,,,,,,,,,,,,,,,,,,,,,,,,,,,,,,,,,,,,,,,,
5422,2500,5409,5822,,0,54,54,56,56,39,39,42,42,50,50,54,54,149,149,959,959,1162,1162,1055,1055,994,994,944,944,856,856,900,900,912,912,924,924,959,959,1013,1013,928,928,419,419,269,269,182,182,132,132,67,67,,,,,,,,,,,,,,,,,,,,,,,,,,,,,,,,,,,,,,,,,,,,,,,,
5423,4400,5424,5378,,0,67,67,70,70,49,49,53,53,62,62,67,67,186,186,910,910,1134,1134,1023,1023,977,977,900,900,812,812,861,861,864,864,851,851,886,886,939,939,854,854,524,524,336,336,227,227,165,165,84,84,,,,,,,,,,,,,,,,,,,,,,,,,,,,,,,,,,,,,,,,,,,,,,,,
5424,1600,5420,5434,5423;5448,2,0,0,0,0,0,0,0,0,0,0,0,0,0,0,3,3,4,4,3,3,3,3,3,3,3,3,3,3,3,3,3,3,3,3,3,3,3,3,1,1,1,1,1,1,0,0,0,0,,,,,,,,,,,,,,,,,,,,,,,,,,,,,,,,,,,,,,,,,,,,,,,,
5425,1500,5429,5417,,0,67,67,70,70,49,49,53,53,62,62,67,67,186,186,910,910,1134,1134,1023,1023,977,977,900,900,812,812,861,861,864,864,851,851,886,886,939,939,854,854,524,524,336,336,227,227,165,165,84,84,,,,,,,,,,,,,,,,,,,,,,,,,,,,,,,,,,,,,,,,,,,,,,,,
5426,2000,5429,5410,,0,67,67,70,70,49,49,53,53,62,62,67,67,186,186,910,910,1134,1134,1023,1023,977,977,900,900,812,812,861,861,864,864,851,851,886,886,939,939,854,854,524,524,336,336,227,227,165,165,84,84,,,,,,,,,,,,,,,,,,,,,,,,,,,,,,,,,,,,,,,,,,,,,,,,
5427,2000,5834,5418,,0,54,54,56,56,39,39,42,42,50,50,54,54,149,149,959,959,1162,1162,1055,1055,994,994,944,944,856,856,900,900,912,912,924,924,959,959,1013,1013,928,928,419,419,269,269,182,182,132,132,67,67,,,,,,,,,,,,,,,,,,,,,,,,,,,,,,,,,,,,,,,,,,,,,,,,
5428,2500,5819,5833,5421;5456,2,54,54,56,56,39,39,42,42,50,50,54,54,149,149,959,959,1162,1162,1055,1055,994,994,944,944,856,856,900,900,912,912,924,924,959,959,1013,1013,928,928,419,419,269,269,182,182,132,132,67,67,,,,,,,,,,,,,,,,,,,,,,,,,,,,,,,,,,,,,,,,,,,,,,,,
5429,2000,5445,5425,5426;5451,2,67,67,70,70,49,49,53,53,62,62,67,67,186,186,910,910,1134,1134,1023,1023,977,977,900,900,812,812,861,861,864,864,851,851,886,886,939,939,854,854,524,524,336,336,227,227,165,165,84,84,,,,,,,,,,,,,,,,,,,,,,,,,,,,,,,,,,,,,,,,,,,,,,,,
543,2500,286,542,544,1,54,54,56,56,39,39,42,42,50,50,54,54,149,149,956,956,1147,1147,1075,1075,1033,1033,954,954,866,866,918,918,901,901,917,917,943,943,993,993,901,901,419,419,269,269,182,182,132,132,67,67,,,,,,,,,,,,,,,,,,,,,,,,,,,,,,,,,,,,,,,,,,,,,,,,
5430,2500,5822,5449,,0,54,54,56,56,39,39,42,42,50,50,54,54,149,149,959,959,1162,1162,1055,1055,994,994,944,944,856,856,900,900,912,912,924,924,959,959,1013,1013,928,928,419,419,269,269,182,182,132,132,67,67,,,,,,,,,,,,,,,,,,,,,,,,,,,,,,,,,,,,,,,,,,,,,,,,
5431,1600,5435,,,0,53,53,55,55,38,38,42,42,48,48,53,53,146,146,715,715,891,891,804,804,768,768,707,707,638,638,676,676,679,679,669,669,696,696,738,738,671,671,411,411,264,264,178,178,130,130,66,66,,,,,,,,,,,,,,,,,,,,,,,,,,,,,,,,,,,,,,,,,,,,,,,,
5432,3000,5436,5418,,0,54,54,56,56,39,39,42,42,50,50,54,54,149,149,959,959,1162,1162,1055,1055,994,994,944,944,856,856,900,900,912,912,924,924,959,959,1013,1013,928,928,419,419,269,269,182,182,132,132,67,67,,,,,,,,,,,,,,,,,,,,,,,,,,,,,,,,,,,,,,,,,,,,,,,,
5433,800,5852,5436,,0,0,0,0,0,0,0,0,0,0,0,0,0,0,0,2,2,2,2,2,2,2,2,2,2,2,2,2,2,2,2,2,2,2,2,2,2,2,2,1,1,1,1,0,0,0,0,0,0,,,,,,,,,,,,,,,,,,,,,,,,,,,,,,,,,,,,,,,,,,,,,,,,
5434,1200,5435,5424,,0,33,33,31,31,22,22,23,23,26,26,31,31,88,88,1055,1055,1119,1119,1058,1058,1080,1080,966,966,980,980,861,861,1008,1008,1021,1021,988,988,1080,1080,1096,1096,421,421,249,249,150,150,110,110,68,68,,,,,,,,,,,,,,,,,,,,,,,,,,,,,,,,,,,,,,,,,,,,,,,,
5435,400,5500,5431,5434;6083,2,0,0,0,0,0,0,0,0,0,0,0,0,0,0,3,3,3,3,3,3,3,3,3,3,3,3,3,3,3,3,3,3,3,3,3,3,3,3,1,1,1,1,1,1,0,0,0,0,,,,,,,,,,,,,,,,,,,,,,,,,,,,,,,,,,,,,,,,,,,,,,,,
5436,1200,5442,5433,5432;5479,2,0,0,0,0,0,0,0,0,0,0,0,0,0,0,3,3,3,3,3,3,3,3,3,3,2,2,2,2,2,2,2,2,3,3,3,3,2,2,1,1,1,1,1,1,0,0,0,0,,,,,,,,,,,,,,,,,,,,,,,,,,,,,,,,,,,,,,,,,,,,,,,,
5437,1500,,5889,,0,67,67,70,70,49,49,53,53,62,62,67,67,186,186,910,910,1134,1134,1023,1023,977,977,900,900,812,812,861,861,864,864,851,851,886,886,939,939,854,854,524,524,336,336,227,227,165,165,84,84,,,,,,,,,,,,,,,,,,,,,,,,,,,,,,,,,,,,,,,,,,,,,,,,
5438,1200,5903,5928,,0,0,0,0,0,0,0,0,0,0,0,0,0,0,0,1,1,1,1,1,1,1,1,1,1,1,1,1,1,1,1,1,1,1,1,1,1,1,1,1,1,0,0,0,0,0,0,0,0,,,,,,,,,,,,,,,,,,,,,,,,,,,,,,,,,,,,,,,,,,,,,,,,
5439,4400,5414,5449,,0,54,54,56,56,39,39,42,42,50,50,54,54,149,149,959,959,1162,1162,1055,1055,994,994,944,944,856,856,900,900,912,912,924,924,959,959,1013,1013,928,928,419,419,269,269,182,182,132,132,67,67,,,,,,,,,,,,,,,,,,,,,,,,,,,,,,,,,,,,,,,,,,,,,,,,
544,1500,,543,545,1,54,54,56,56,39,39,42,42,50,50,54,54,149,149,956,956,1147,1147,1075,1075,1033,1033,954,954,866,866,918,918,901,901,917,917,943,943,993,993,901,901,419,419,269,269,182,182,132,132,67,67,,,,,,,,,,,,,,,,,,,,,,,,,,,,,,,,,,,,,,,,,,,,,,,,
5440,1600,5417,5446,,0,0,0,0,0,0,0,0,0,0,0,0,0,0,0,3,3,3,3,3,3,3,3,3,3,3,3,3,3,3,3,3,3,3,3,3,3,3,3,1,1,1,1,1,1,0,0,0,0,,,,,,,,,,,,,,,,,,,,,,,,,,,,,,,,,,,,,,,,,,,,,,,,
5441,1600,5446,5753,,0,0,0,0,0,0,0,0,0,0,0,0,0,1,1,4,4,5,5,4,4,4,4,4,4,4,4,4,4,4,4,4,4,4,4,4,4,4,4,2,2,1,1,1,1,1,1,0,0,,,,,,,,,,,,,,,,,,,,,,,,,,,,,,,,,,,,,,,,,,,,,,,,
5442,1200,5836,5436,,0,0,0,0,0,0,0,0,0,0,0,0,0,0,0,1,1,1,1,1,1,1,1,1,1,1,1,1,1,1,1,1,1,1,1,1,1,1,1,0,0,0,0,0,0,0,0,0,0,,,,,,,,,,,,,,,,,,,,,,,,,,,,,,,,,,,,,,,,,,,,,,,,
5443,1650,5891,,,0,54,54,56,56,39,39,42,42,50,50,54,54,149,149,959,959,1162,1162,1055,1055,994,994,944,944,856,856,900,900,912,912,924,924,959,959,1013,1013,928,928,419,419,269,269,182,182,132,132,67,67,,,,,,,,,,,,,,,,,,,,,,,,,,,,,,,,,,,,,,,,,,,,,,,,
5444,4000,5395,5824,,0,54,54,56,56,39,39,42,42,50,50,54,54,149,149,959,959,1162,1162,1055,1055,994,994,944,944,856,856,900,900,912,912,924,924,959,959,1013,1013,928,928,419,419,269,269,182,182,132,132,67,67,,,,,,,,,,,,,,,,,,,,,,,,,,,,,,,,,,,,,,,,,,,,,,,,
5445,1500,5429,5450,,0,67,67,70,70,49,49,53,53,62,62,67,67,186,186,910,910,1134,1134,1023,1023,977,977,900,900,812,812,861,861,864,864,851,851,886,886,939,939,854,854,524,524,336,336,227,227,165,165,84,84,,,,,,,,,,,,,,,,,,,,,,,,,,,,,,,,,,,,,,,,,,,,,,,,
5446,1600,5452,5441,5440;5468,2,0,0,0,0,0,0,0,0,0,0,0,0,1,1,4,4,5,5,4,4,4,4,4,4,4,4,4,4,4,4,4,4,4,4,4,4,4,4,2,2,1,1,1,1,1,1,0,0,,,,,,,,,,,,,,,,,,,,,,,,,,,,,,,,,,,,,,,,,,,,,,,,
5447,1200,5902,5457,5821;5453,2,0,0,0,0,0,0,0,0,0,0,0,0,0,0,2,2,3,3,3,3,3,3,2,2,2,2,2,2,2,2,2,2,2,2,2,2,2,2,1,1,1,1,1,1,0,0,0,0,,,,,,,,,,,,,,,,,,,,,,,,,,,,,,,,,,,,,,,,,,,,,,,,
5448,4400,5424,5450,,0,67,67,70,70,49,49,53,53,62,62,67,67,186,186,910,910,1134,1134,1023,1023,977,977,900,900,812,812,861,861,864,864,851,851,886,886,939,939,854,854,524,524,336,336,227,227,165,165,84,84,,,,,,,,,,,,,,,,,,,,,,,,,,,,,,,,,,,,,,,,,,,,,,,,
5449,4000,5455,5430,5439;5476,2,54,54,56,56,39,39,42,42,50,50,54,54,149,149,959,959,1162,1162,1055,1055,994,994,944,944,856,856,900,900,912,912,924,924,959,959,1013,1013,928,928,419,419,269,269,182,182,132,132,67,67,,,,,,,,,,,,,,,,,,,,,,,,,,,,,,,,,,,,,,,,,,,,,,,,
545,800,546,259,544,1,0,0,0,0,0,0,0,0,0,0,0,0,1,1,9,9,10,10,9,9,9,9,8,8,8,8,8,8,8,8,8,8,8,8,9,9,8,8,4,4,2,2,2,2,1,1,1,1,,,,,,,,,,,,,,,,,,,,,,,,,,,,,,,,,,,,,,,,,,,,,,,,
5450,1000,5445,5474,5448;5486,2,67,67,70,70,49,49,53,53,62,62,67,67,186,186,910,910,1134,1134,1023,1023,977,977,900,900,812,812,861,861,864,864,851,851,886,886,939,939,854,854,524,524,336,336,227,227,165,165,84,84,,,,,,,,,,,,,,,,,,,,,,,,,,,,,,,,,,,,,,,,,,,,,,,,
5451,2000,5458,5429,,0,67,67,70,70,49,49,53,53,62,62,67,67,186,186,910,910,1134,1134,1023,1023,977,977,900,900,812,812,861,861,864,864,851,851,886,886,939,939,854,854,524,524,336,336,227,227,165,165,84,84,,,,,,,,,,,,,,,,,,,,,,,,,,,,,,,,,,,,,,,,,,,,,,,,
5452,800,5446,5458,,0,0,0,0,0,0,0,0,0,0,0,0,0,1,1,3,3,4,4,4,4,4,4,3,3,3,3,3,3,3,3,3,3,3,3,3,3,3,3,2,2,1,1,1,1,0,0,0,0,,,,,,,,,,,,,,,,,,,,,,,,,,,,,,,,,,,,,,,,,,,,,,,,
5453,3000,,5447,,0,54,54,56,56,39,39,42,42,50,50,54,54,149,149,959,959,1162,1162,1055,1055,994,994,944,944,856,856,900,900,912,912,924,924,959,959,1013,1013,928,928,419,419,269,269,182,182,132,132,67,67,,,,,,,,,,,,,,,,,,,,,,,,,,,,,,,,,,,,,,,,,,,,,,,,
5454,2000,5852,5850,,0,54,54,56,56,39,39,42,42,50,50,54,54,149,149,959,959,1162,1162,1055,1055,994,994,944,944,856,856,900,900,912,912,924,924,959,959,1013,1013,928,928,419,419,269,269,182,182,132,132,67,67,,,,,,,,,,,,,,,,,,,,,,,,,,,,,,,,,,,,,,,,,,,,,,,,
5455,2500,5462,5449,,0,54,54,56,56,39,39,42,42,50,50,54,54,149,149,959,959,1162,1162,1055,1055,994,994,944,944,856,856,900,900,912,912,924,924,959,959,1013,1013,928,928,419,419,269,269,182,182,132,132,67,67,,,,,,,,,,,,,,,,,,,,,,,,,,,,,,,,,,,,,,,,,,,,,,,,
5456,1600,5428,5461,,0,0,0,0,0,0,0,0,0,0,0,0,0,0,0,1,1,1,1,1,1,1,1,1,1,1,1,1,1,1,1,1,1,1,1,1,1,1,1,1,1,0,0,0,0,0,0,0,0,,,,,,,,,,,,,,,,,,,,,,,,,,,,,,,,,,,,,,,,,,,,,,,,
5457,1200,5447,5476,5728,1,0,0,0,0,0,0,0,0,0,0,0,0,0,0,2,2,3,3,2,2,2,2,2,2,2,2,2,2,2,2,2,2,2,2,2,2,2,2,1,1,1,1,0,0,0,0,0,0,,,,,,,,,,,,,,,,,,,,,,,,,,,,,,,,,,,,,,,,,,,,,,,,
5458,1600,5466,5452,5451;5477,2,0,0,0,0,0,0,0,0,0,0,0,0,1,1,5,5,6,6,5,5,5,5,5,5,4,4,4,4,5,5,5,5,5,5,5,5,5,5,2,2,1,1,1,1,1,1,0,0,,,,,,,,,,,,,,,,,,,,,,,,,,,,,,,,,,,,,,,,,,,,,,,,
5459,800,5838,5461,,0,0,0,0,0,0,0,0,0,0,0,0,0,0,0,1,1,1,1,1,1,1,1,1,1,1,1,1,1,1,1,1,1,1,1,1,1,1,1,1,1,0,0,0,0,0,0,0,0,,,,,,,,,,,,,,,,,,,,,,,,,,,,,,,,,,,,,,,,,,,,,,,,
546,3000,545,547,,0,54,54,56,56,39,39,42,42,50,50,54,54,149,149,956,956,1147,1147,1075,1075,1033,1033,954,954,866,866,918,918,901,901,917,917,943,943,993,993,901,901,419,419,269,269,182,182,132,132,67,67,,,,,,,,,,,,,,,,,,,,,,,,,,,,,,,,,,,,,,,,,,,,,,,,
5460,3500,5820,5462,,0,54,54,56,56,39,39,42,42,50,50,54,54,149,149,959,959,1162,1162,1055,1055,994,994,944,944,856,856,900,900,912,912,924,924,959,959,1013,1013,928,928,419,419,269,269,182,182,132,132,67,67,,,,,,,,,,,,,,,,,,,,,,,,,,,,,,,,,,,,,,,,,,,,,,,,
5461,1200,5464,5459,5456;5829,2,0,0,0,0,0,0,0,0,0,0,0,0,0,0,1,1,2,2,1,1,1,1,1,1,1,1,1,1,1,1,1,1,1,1,1,1,1,1,1,1,0,0,0,0,0,0,0,0,,,,,,,,,,,,,,,,,,,,,,,,,,,,,,,,,,,,,,,,,,,,,,,,
5462,3500,5898,5460,5455;5483,2,54,54,56,56,39,39,42,42,50,50,54,54,149,149,959,959,1162,1162,1055,1055,994,994,944,944,856,856,900,900,912,912,924,924,959,959,1013,1013,928,928,419,419,269,269,182,182,132,132,67,67,,,,,,,,,,,,,,,,,,,,,,,,,,,,,,,,,,,,,,,,,,,,,,,,
5463,1200,5850,5844,,0,0,0,0,0,0,0,0,0,0,0,0,0,0,0,2,2,2,2,2,2,2,2,2,2,2,2,2,2,2,2,2,2,2,2,2,2,2,2,1,1,1,1,0,0,0,0,0,0,,,,,,,,,,,,,,,,,,,,,,,,,,,,,,,,,,,,,,,,,,,,,,,,
5464,1200,5832,5461,,0,0,0,0,0,0,0,0,0,0,0,0,0,0,0,1,1,1,1,1,1,1,1,1,1,1,1,1,1,1,1,1,1,1,1,1,1,1,1,0,0,0,0,0,0,0,0,0,0,,,,,,,,,,,,,,,,,,,,,,,,,,,,,,,,,,,,,,,,,,,,,,,,
5465,4400,5891,9849,5347,1,60,60,61,61,43,43,46,46,54,54,59,59,165,165,1034,1034,1217,1217,1116,1116,1091,1091,994,994,936,936,928,928,983,983,979,979,992,992,1064,1064,1008,1008,527,527,330,330,216,216,158,158,85,85,,,,,,,,,,,,,,,,,,,,,,,,,,,,,,,,,,,,,,,,,,,,,,,,
5466,1200,5458,5747,,0,0,0,0,0,0,0,0,0,0,0,0,0,1,1,4,4,4,4,4,4,4,4,3,3,3,3,3,3,3,3,3,3,3,3,4,4,3,3,2,2,1,1,1,1,1,1,0,0,,,,,,,,,,,,,,,,,,,,,,,,,,,,,,,,,,,,,,,,,,,,,,,,
5467,1200,,5842,,0,0,0,0,0,0,0,0,0,0,0,0,0,0,0,2,2,2,2,2,2,2,2,2,2,1,1,2,2,2,2,2,2,2,2,2,2,2,2,1,1,1,1,0,0,0,0,0,0,,,,,,,,,,,,,,,,,,,,,,,,,,,,,,,,,,,,,,,,,,,,,,,,
5468,2500,5749,5446,,0,67,67,70,70,49,49,53,53,62,62,67,67,186,186,910,910,1134,1134,1023,1023,977,977,900,900,812,812,861,861,864,864,851,851,886,886,939,939,854,854,524,524,336,336,227,227,165,165,84,84,,,,,,,,,,,,,,,,,,,,,,,,,,,,,,,,,,,,,,,,,,,,,,,,
5469,1200,5848,5854,,0,0,0,0,0,0,0,0,0,0,0,0,0,0,0,2,2,3,3,3,3,2,2,2,2,2,2,2,2,2,2,2,2,2,2,2,2,2,2,1,1,1,1,0,0,0,0,0,0,,,,,,,,,,,,,,,,,,,,,,,,,,,,,,,,,,,,,,,,,,,,,,,,
547,2000,285,546,270,1,54,54,56,56,39,39,42,42,50,50,54,54,149,149,956,956,1147,1147,1075,1075,1033,1033,954,954,866,866,918,918,901,901,917,917,943,943,993,993,901,901,419,419,269,269,182,182,132,132,67,67,,,,,,,,,,,,,,,,,,,,,,,,,,,,,,,,,,,,,,,,,,,,,,,,
5470,800,5757,5751,,0,0,0,0,0,0,0,0,0,0,0,0,0,1,1,7,7,8,8,7,7,7,7,7,7,6,6,6,6,7,7,7,7,7,7,7,7,7,7,3,3,2,2,1,1,1,1,1,1,,,,,,,,,,,,,,,,,,,,,,,,,,,,,,,,,,,,,,,,,,,,,,,,
5471,1200,5832,5820,,0,0,0,0,0,0,0,0,0,0,0,0,0,0,0,1,1,2,2,1,1,1,1,1,1,1,1,1,1,1,1,1,1,1,1,1,1,1,1,1,1,0,0,0,0,0,0,0,0,,,,,,,,,,,,,,,,,,,,,,,,,,,,,,,,,,,,,,,,,,,,,,,,
5472,300,5742,,,0,0,0,0,0,0,0,0,0,0,0,0,0,1,1,4,4,5,5,5,5,4,4,4,4,4,4,4,4,4,4,4,4,4,4,4,4,4,4,2,2,1,1,1,1,1,1,0,0,,,,,,,,,,,,,,,,,,,,,,,,,,,,,,,,,,,,,,,,,,,,,,,,
5473,1200,5844,5840,,0,0,0,0,0,0,0,0,0,0,0,0,0,0,0,2,2,2,2,2,2,2,2,2,2,1,1,2,2,2,2,2,2,2,2,2,2,2,2,1,1,1,1,0,0,0,0,0,0,,,,,,,,,,,,,,,,,,,,,,,,,,,,,,,,,,,,,,,,,,,,,,,,
5474,800,5740,5450,,0,0,0,0,0,0,0,0,0,0,0,0,0,1,1,5,5,6,6,6,6,5,5,5,5,5,5,5,5,5,5,5,5,5,5,5,5,5,5,3,3,2,2,1,1,1,1,0,0,,,,,,,,,,,,,,,,,,,,,,,,,,,,,,,,,,,,,,,,,,,,,,,,
5475,1200,5480,5830,,0,0,0,0,0,0,0,0,0,0,0,0,0,0,0,2,2,2,2,2,2,2,2,2,2,1,1,2,2,2,2,2,2,2,2,2,2,2,2,1,1,1,1,0,0,0,0,0,0,,,,,,,,,,,,,,,,,,,,,,,,,,,,,,,,,,,,,,,,,,,,,,,,
5476,4400,5449,5484,5457;5728;5478,3,54,54,56,56,39,39,42,42,50,50,54,54,149,149,959,959,1162,1162,1055,1055,994,994,944,944,856,856,900,900,912,912,924,924,959,959,1013,1013,928,928,419,419,269,269,182,182,132,132,67,67,,,,,,,,,,,,,,,,,,,,,,,,,,,,,,,,,,,,,,,,,,,,,,,,
5477,1600,5482,5458,,0,0,0,0,0,0,0,0,0,0,0,0,0,1,1,4,4,4,4,4,4,4,4,3,3,3,3,3,3,3,3,3,3,3,3,4,4,4,4,2,2,1,1,1,1,1,1,0,0,,,,,,,,,,,,,,,,,,,,,,,,,,,,,,,,,,,,,,,,,,,,,,,,
5478,1500,5491,5728,5476,1,54,54,56,56,39,39,42,42,50,50,54,54,149,149,959,959,1162,1162,1055,1055,994,994,944,944,856,856,900,900,912,912,924,924,959,959,1013,1013,928,928,419,419,269,269,182,182,132,132,67,67,,,,,,,,,,,,,,,,,,,,,,,,,,,,,,,,,,,,,,,,,,,,,,,,
5479,2500,5844,5436,,0,54,54,56,56,39,39,42,42,50,50,54,54,149,149,959,959,1162,1162,1055,1055,994,994,944,944,856,856,900,900,912,912,924,924,959,959,1013,1013,928,928,419,419,269,269,182,182,132,132,67,67,,,,,,,,,,,,,,,,,,,,,,,,,,,,,,,,,,,,,,,,,,,,,,,,
548,3500,549,273,,0,38,38,40,40,28,28,30,30,35,35,38,38,106,106,1010,1010,1173,1173,1121,1121,1069,1069,1008,1008,921,921,970,970,952,952,997,997,1020,1020,1069,1069,975,975,299,299,192,192,130,130,94,94,48,48,,,,,,,,,,,,,,,,,,,,,,,,,,,,,,,,,,,,,,,,,,,,,,,,
5480,1600,5475,5485,5831;5507,2,0,0,0,0,0,0,0,0,0,0,0,0,0,0,2,2,3,3,2,2,2,2,2,2,2,2,2,2,2,2,2,2,2,2,2,2,2,2,1,1,1,1,0,0,0,0,0,0,,,,,,,,,,,,,,,,,,,,,,,,,,,,,,,,,,,,,,,,,,,,,,,,
5481,1600,5751,6097,,0,0,0,0,0,0,0,0,0,0,0,0,0,1,1,6,6,8,8,7,7,7,7,6,6,6,6,6,6,6,6,6,6,6,6,7,7,6,6,3,3,2,2,1,1,1,1,1,1,,,,,,,,,,,,,,,,,,,,,,,,,,,,,,,,,,,,,,,,,,,,,,,,
5482,1200,5493,5748,5477;5488,2,0,0,0,0,0,0,0,0,0,0,0,0,1,1,9,9,10,10,9,9,9,9,8,8,8,8,8,8,8,8,8,8,8,8,9,9,9,9,4,4,3,3,2,2,1,1,1,1,,,,,,,,,,,,,,,,,,,,,,,,,,,,,,,,,,,,,,,,,,,,,,,,
5483,3500,5462,5492,,0,54,54,56,56,39,39,42,42,50,50,54,54,149,149,959,959,1162,1162,1055,1055,994,994,944,944,856,856,900,900,912,912,924,924,959,959,1013,1013,928,928,419,419,269,269,182,182,132,132,67,67,,,,,,,,,,,,,,,,,,,,,,,,,,,,,,,,,,,,,,,,,,,,,,,,
5484,3300,5890,5619,5476;5553,2,54,54,56,56,39,39,42,42,50,50,54,54,149,149,959,959,1162,1162,1055,1055,994,994,944,944,856,856,900,900,912,912,924,924,959,959,1013,1013,928,928,419,419,269,269,182,182,132,132,67,67,,,,,,,,,,,,,,,,,,,,,,,,,,,,,,,,,,,,,,,,,,,,,,,,
5485,800,5492,5480,,0,0,0,0,0,0,0,0,0,0,0,0,0,1,1,3,3,4,4,4,4,3,3,3,3,3,3,3,3,3,3,3,3,3,3,3,3,3,3,2,2,1,1,1,1,1,1,0,0,,,,,,,,,,,,,,,,,,,,,,,,,,,,,,,,,,,,,,,,,,,,,,,,
5486,4400,5747,5450,,0,67,67,70,70,49,49,53,53,62,62,67,67,186,186,910,910,1134,1134,1023,1023,977,977,900,900,812,812,861,861,864,864,851,851,886,886,939,939,854,854,524,524,336,336,227,227,165,165,84,84,,,,,,,,,,,,,,,,,,,,,,,,,,,,,,,,,,,,,,,,,,,,,,,,
5487,4000,5899,5491,,0,67,67,70,70,49,49,53,53,62,62,67,67,186,186,910,910,1134,1134,1023,1023,977,977,900,900,812,812,861,861,864,864,851,851,886,886,939,939,854,854,524,524,336,336,227,227,165,165,84,84,,,,,,,,,,,,,,,,,,,,,,,,,,,,,,,,,,,,,,,,,,,,,,,,
5488,1650,5496,5482,,0,67,67,70,70,49,49,53,53,62,62,67,67,186,186,910,910,1134,1134,1023,1023,977,977,900,900,812,812,861,861,864,864,851,851,886,886,939,939,854,854,524,524,336,336,227,227,165,165,84,84,,,,,,,,,,,,,,,,,,,,,,,,,,,,,,,,,,,,,,,,,,,,,,,,
5489,3000,2849,5495,,0,54,54,56,56,39,39,42,42,50,50,54,54,149,149,959,959,1162,1162,1055,1055,994,994,944,944,856,856,900,900,912,912,924,924,959,959,1013,1013,928,928,419,419,269,269,182,182,132,132,67,67,,,,,,,,,,,,,,,,,,,,,,,,,,,,,,,,,,,,,,,,,,,,,,,,
549,1200,269,253,548,1,0,0,0,0,0,0,0,0,0,0,0,0,1,1,11,11,13,13,12,12,11,11,11,11,10,10,10,10,10,10,11,11,11,11,11,11,10,10,4,4,2,2,2,2,1,1,1,1,,,,,,,,,,,,,,,,,,,,,,,,,,,,,,,,,,,,,,,,,,,,,,,,
5490,1200,5840,5838,,0,0,0,0,0,0,0,0,0,0,0,0,0,0,0,2,2,2,2,2,2,2,2,2,2,1,1,2,2,2,2,2,2,2,2,2,2,2,2,1,1,1,1,0,0,0,0,0,0,,,,,,,,,,,,,,,,,,,,,,,,,,,,,,,,,,,,,,,,,,,,,,,,
5491,1500,5530,5478,5487;5498,2,54,54,56,56,39,39,42,42,50,50,54,54,149,149,959,959,1162,1162,1055,1055,994,994,944,944,856,856,900,900,912,912,924,924,959,959,1013,1013,928,928,419,419,269,269,182,182,132,132,67,67,,,,,,,,,,,,,,,,,,,,,,,,,,,,,,,,,,,,,,,,,,,,,,,,
5492,1200,5499,5485,5483;5517,2,53,53,55,55,38,38,42,42,48,48,53,53,146,146,715,715,891,891,804,804,768,768,707,707,638,638,676,676,679,679,669,669,696,696,738,738,671,671,411,411,264,264,178,178,130,130,66,66,,,,,,,,,,,,,,,,,,,,,,,,,,,,,,,,,,,,,,,,,,,,,,,,
5493,1200,5494,5482,,0,1,1,1,1,0,0,0,0,0,0,1,1,1,1,10,10,11,11,11,11,10,10,9,9,9,9,9,9,9,9,9,9,9,9,10,10,10,10,5,5,3,3,2,2,1,1,1,1,,,,,,,,,,,,,,,,,,,,,,,,,,,,,,,,,,,,,,,,,,,,,,,,
5494,1200,5493,5503,5746;5501,2,0,0,0,0,0,0,0,0,0,0,0,0,0,0,1,1,1,1,1,1,1,1,1,1,1,1,1,1,1,1,1,1,1,1,1,1,1,1,0,0,0,0,0,0,0,0,0,0,,,,,,,,,,,,,,,,,,,,,,,,,,,,,,,,,,,,,,,,,,,,,,,,
5495,3000,5827,5841,5489;5502,2,67,67,70,70,49,49,53,53,62,62,67,67,186,186,910,910,1134,1134,1023,1023,977,977,900,900,812,812,861,861,864,864,851,851,886,886,939,939,854,854,524,524,336,336,227,227,165,165,84,84,,,,,,,,,,,,,,,,,,,,,,,,,,,,,,,,,,,,,,,,,,,,,,,,
5496,1650,5757,5504,5488;5514,2,50,50,52,52,37,37,40,40,46,46,50,50,140,140,967,967,1151,1151,1088,1088,1047,1047,967,967,880,880,932,932,911,911,933,933,958,958,1007,1007,913,913,393,393,252,252,170,170,124,124,63,63,,,,,,,,,,,,,,,,,,,,,,,,,,,,,,,,,,,,,,,,,,,,,,,,
5497,1500,5830,5511,,0,54,54,56,56,39,39,42,42,50,50,54,54,149,149,959,959,1162,1162,1055,1055,994,994,944,944,856,856,900,900,912,912,924,924,959,959,1013,1013,928,928,419,419,269,269,182,182,132,132,67,67,,,,,,,,,,,,,,,,,,,,,,,,,,,,,,,,,,,,,,,,,,,,,,,,
5498,4000,5491,5901,,0,54,54,56,56,39,39,42,42,50,50,54,54,149,149,959,959,1162,1162,1055,1055,994,994,944,944,856,856,900,900,912,912,924,924,959,959,1013,1013,928,928,419,419,269,269,182,182,132,132,67,67,,,,,,,,,,,,,,,,,,,,,,,,,,,,,,,,,,,,,,,,,,,,,,,,
5499,1200,5897,5492,,0,0,0,0,0,0,0,0,0,0,0,0,0,0,0,1,1,1,1,1,1,1,1,1,1,1,1,1,1,1,1,1,1,1,1,1,1,1,1,0,0,0,0,0,0,0,0,0,0,,,,,,,,,,,,,,,,,,,,,,,,,,,,,,,,,,,,,,,,,,,,,,,,
55,3000,352,349,,0,27,27,28,28,20,20,21,21,25,25,27,27,74,74,1049,1049,1182,1182,1170,1170,1126,1126,1056,1056,970,970,1022,1022,982,982,1052,1052,1066,1066,1112,1112,1010,1010,210,210,134,134,91,91,66,66,34,34,,,,,,,,,,,,,,,,,,,,,,,,,,,,,,,,,,,,,,,,,,,,,,,,
550,1600,333,313,3338,1,53,53,55,55,38,38,42,42,48,48,53,53,146,146,715,715,891,891,804,804,768,768,707,707,638,638,676,676,679,679,669,669,696,696,738,738,671,671,411,411,264,264,178,178,130,130,66,66,,,,,,,,,,,,,,,,,,,,,,,,,,,,,,,,,,,,,,,,,,,,,,,,
5500,1200,5435,5740,,0,33,33,31,31,22,22,23,23,26,26,31,31,88,88,1055,1055,1119,1119,1058,1058,1080,1080,966,966,980,980,861,861,1008,1008,1021,1021,988,988,1080,1080,1096,1096,421,421,249,249,150,150,110,110,68,68,,,,,,,,,,,,,,,,,,,,,,,,,,,,,,,,,,,,,,,,,,,,,,,,
5501,1200,5494,5505,,0,0,0,0,0,0,0,0,0,0,0,0,0,0,0,1,1,1,1,1,1,1,1,1,1,1,1,1,1,1,1,1,1,1,1,1,1,1,1,1,1,0,0,0,0,0,0,0,0,,,,,,,,,,,,,,,,,,,,,,,,,,,,,,,,,,,,,,,,,,,,,,,,
5502,3000,5495,5506,,0,54,54,56,56,39,39,42,42,50,50,54,54,149,149,959,959,1162,1162,1055,1055,994,994,944,944,856,856,900,900,912,912,924,924,959,959,1013,1013,928,928,419,419,269,269,182,182,132,132,67,67,,,,,,,,,,,,,,,,,,,,,,,,,,,,,,,,,,,,,,,,,,,,,,,,
5503,1200,5494,5734,,0,0,0,0,0,0,0,0,0,0,0,0,0,0,0,0,0,1,1,0,0,0,0,0,0,0,0,0,0,0,0,0,0,0,0,0,0,0,0,0,0,0,0,0,0,0,0,0,0,,,,,,,,,,,,,,,,,,,,,,,,,,,,,,,,,,,,,,,,,,,,,,,,
5504,1600,5505,5496,,0,0,0,0,0,0,0,0,0,0,0,0,0,0,0,1,1,1,1,1,1,1,1,1,1,1,1,1,1,1,1,1,1,1,1,1,1,1,1,0,0,0,0,0,0,0,0,0,0,,,,,,,,,,,,,,,,,,,,,,,,,,,,,,,,,,,,,,,,,,,,,,,,
5505,1200,5504,5522,5501;5744,2,0,0,0,0,0,0,0,0,0,0,0,0,0,0,1,1,2,2,2,2,2,2,1,1,1,1,1,1,1,1,1,1,1,1,2,2,1,1,1,1,0,0,0,0,0,0,0,0,,,,,,,,,,,,,,,,,,,,,,,,,,,,,,,,,,,,,,,,,,,,,,,,
5506,1600,5825,5839,5502;5510,2,0,0,0,0,0,0,0,0,0,0,0,0,0,0,2,2,3,3,2,2,2,2,2,2,2,2,2,2,2,2,2,2,2,2,2,2,2,2,1,1,1,1,0,0,0,0,0,0,,,,,,,,,,,,,,,,,,,,,,,,,,,,,,,,,,,,,,,,,,,,,,,,
5507,1200,5480,5519,,0,0,0,0,0,0,0,0,0,0,0,0,0,1,1,3,3,4,4,4,4,3,3,3,3,3,3,3,3,3,3,3,3,3,3,3,3,3,3,2,2,1,1,1,1,1,1,0,0,,,,,,,,,,,,,,,,,,,,,,,,,,,,,,,,,,,,,,,,,,,,,,,,
5508,1200,5733,5731,,0,0,0,0,0,0,0,0,0,0,0,0,0,0,0,1,1,1,1,1,1,1,1,1,1,1,1,1,1,1,1,1,1,1,1,1,1,1,1,0,0,0,0,0,0,0,0,0,0,,,,,,,,,,,,,,,,,,,,,,,,,,,,,,,,,,,,,,,,,,,,,,,,
5509,300,5734,5738,,0,0,0,0,0,0,0,0,0,0,0,0,0,0,0,1,1,1,1,1,1,1,1,1,1,1,1,1,1,1,1,1,1,1,1,1,1,1,1,0,0,0,0,0,0,0,0,0,0,,,,,,,,,,,,,,,,,,,,,,,,,,,,,,,,,,,,,,,,,,,,,,,,
551,3500,330,552,,0,38,38,40,40,28,28,30,30,35,35,38,38,106,106,1010,1010,1173,1173,1121,1121,1069,1069,1008,1008,921,921,970,970,952,952,997,997,1020,1020,1069,1069,975,975,299,299,192,192,130,130,94,94,48,48,,,,,,,,,,,,,,,,,,,,,,,,,,,,,,,,,,,,,,,,,,,,,,,,
5510,2500,5511,5506,,0,63,63,65,65,46,46,49,49,57,57,62,62,174,174,982,982,1182,1182,1077,1077,1043,1043,955,955,884,884,900,900,934,934,926,926,948,948,1012,1012,944,944,526,526,333,333,221,221,161,161,84,84,,,,,,,,,,,,,,,,,,,,,,,,,,,,,,,,,,,,,,,,,,,,,,,,
5511,2500,5497,6061,5510;5516,2,63,63,65,65,46,46,49,49,57,57,62,62,174,174,982,982,1182,1182,1077,1077,1043,1043,955,955,884,884,900,900,934,934,926,926,948,948,1012,1012,944,944,526,526,333,333,221,221,161,161,84,84,,,,,,,,,,,,,,,,,,,,,,,,,,,,,,,,,,,,,,,,,,,,,,,,
5512,300,5732,5736,,0,0,0,0,0,0,0,0,0,0,0,0,0,0,0,1,1,1,1,1,1,1,1,1,1,1,1,1,1,1,1,1,1,1,1,1,1,1,1,1,1,0,0,0,0,0,0,0,0,,,,,,,,,,,,,,,,,,,,,,,,,,,,,,,,,,,,,,,,,,,,,,,,
5513,1600,5758,5520,,0,0,0,0,0,0,0,0,0,0,0,0,0,0,0,1,1,1,1,1,1,1,1,1,1,1,1,1,1,1,1,1,1,1,1,1,1,1,1,0,0,0,0,0,0,0,0,0,0,,,,,,,,,,,,,,,,,,,,,,,,,,,,,,,,,,,,,,,,,,,,,,,,
5514,1600,5496,5520,,0,0,0,0,0,0,0,0,0,0,0,0,0,0,0,1,1,2,2,1,1,1,1,1,1,1,1,1,1,1,1,1,1,1,1,1,1,1,1,1,1,0,0,0,0,0,0,0,0,,,,,,,,,,,,,,,,,,,,,,,,,,,,,,,,,,,,,,,,,,,,,,,,
5515,800,5518,5732,,0,0,0,0,0,0,0,0,0,0,0,0,0,0,0,1,1,2,2,2,2,1,1,1,1,1,1,1,1,1,1,1,1,1,1,1,1,1,1,1,1,0,0,0,0,0,0,0,0,,,,,,,,,,,,,,,,,,,,,,,,,,,,,,,,,,,,,,,,,,,,,,,,
5516,2500,5519,5511,,0,63,63,65,65,46,46,49,49,57,57,62,62,174,174,982,982,1182,1182,1077,1077,1043,1043,955,955,884,884,900,900,934,934,926,926,948,948,1012,1012,944,944,526,526,333,333,221,221,161,161,84,84,,,,,,,,,,,,,,,,,,,,,,,,,,,,,,,,,,,,,,,,,,,,,,,,
5517,4000,5526,5492,,0,63,63,65,65,46,46,49,49,57,57,62,62,174,174,982,982,1182,1182,1077,1077,1043,1043,955,955,884,884,900,900,934,934,926,926,948,948,1012,1012,944,944,526,526,333,333,221,221,161,161,84,84,,,,,,,,,,,,,,,,,,,,,,,,,,,,,,,,,,,,,,,,,,,,,,,,
5518,800,5532,5515,5741;5521,2,0,0,0,0,0,0,0,0,0,0,0,0,0,0,1,1,2,2,2,2,2,2,1,1,1,1,1,1,1,1,1,1,1,1,1,1,1,1,1,1,0,0,0,0,0,0,0,0,,,,,,,,,,,,,,,,,,,,,,,,,,,,,,,,,,,,,,,,,,,,,,,,
5519,1600,5537,5507,5516;5523,2,0,0,0,0,0,0,0,0,0,0,0,0,0,0,2,2,2,2,2,2,2,2,2,2,2,2,2,2,2,2,2,2,2,2,2,2,2,2,1,1,1,1,0,0,0,0,0,0,,,,,,,,,,,,,,,,,,,,,,,,,,,,,,,,,,,,,,,,,,,,,,,,
552,4000,322,551,553,1,38,38,40,40,28,28,30,30,35,35,38,38,106,106,1010,1010,1173,1173,1121,1121,1069,1069,1008,1008,921,921,970,970,952,952,997,997,1020,1020,1069,1069,975,975,299,299,192,192,130,130,94,94,48,48,,,,,,,,,,,,,,,,,,,,,,,,,,,,,,,,,,,,,,,,,,,,,,,,
5520,1600,5535,5513,5514;5536,2,0,0,0,0,0,0,0,0,0,0,0,0,0,0,1,1,1,1,1,1,1,1,1,1,1,1,1,1,1,1,1,1,1,1,1,1,1,1,1,1,0,0,0,0,0,0,0,0,,,,,,,,,,,,,,,,,,,,,,,,,,,,,,,,,,,,,,,,,,,,,,,,
5521,1200,5518,5524,,0,0,0,0,0,0,0,0,0,0,0,0,0,0,0,2,2,2,2,2,2,2,2,2,2,2,2,2,2,2,2,2,2,2,2,2,2,2,2,1,1,1,1,0,0,0,0,0,0,,,,,,,,,,,,,,,,,,,,,,,,,,,,,,,,,,,,,,,,,,,,,,,,
5522,1200,5505,5738,,0,0,0,0,0,0,0,0,0,0,0,0,0,0,0,1,1,1,1,1,1,1,1,1,1,1,1,1,1,1,1,1,1,1,1,1,1,1,1,0,0,0,0,0,0,0,0,0,0,,,,,,,,,,,,,,,,,,,,,,,,,,,,,,,,,,,,,,,,,,,,,,,,
5523,2500,5519,5526,,0,63,63,65,65,46,46,49,49,57,57,62,62,174,174,982,982,1182,1182,1077,1077,1043,1043,955,955,884,884,900,900,934,934,926,926,948,948,1012,1012,944,944,526,526,333,333,221,221,161,161,84,84,,,,,,,,,,,,,,,,,,,,,,,,,,,,,,,,,,,,,,,,,,,,,,,,
5524,300,5529,,5521,1,0,0,0,0,0,0,0,0,0,0,0,0,0,0,2,2,2,2,2,2,2,2,2,2,2,2,2,2,2,2,2,2,2,2,2,2,2,2,1,1,1,1,0,0,0,0,0,0,,,,,,,,,,,,,,,,,,,,,,,,,,,,,,,,,,,,,,,,,,,,,,,,
5525,1200,5897,5899,,0,0,0,0,0,0,0,0,0,0,0,0,0,1,1,3,3,4,4,4,4,3,3,3,3,3,3,3,3,3,3,3,3,3,3,3,3,3,3,2,2,1,1,1,1,1,1,0,0,,,,,,,,,,,,,,,,,,,,,,,,,,,,,,,,,,,,,,,,,,,,,,,,
5526,3000,5523,5531,5517;5542,2,63,63,65,65,46,46,49,49,57,57,62,62,174,174,982,982,1182,1182,1077,1077,1043,1043,955,955,884,884,900,900,934,934,926,926,948,948,1012,1012,944,944,526,526,333,333,221,221,161,161,84,84,,,,,,,,,,,,,,,,,,,,,,,,,,,,,,,,,,,,,,,,,,,,,,,,
5527,1600,5826,5828,,0,0,0,0,0,0,0,0,0,0,0,0,0,0,0,1,1,1,1,1,1,1,1,1,1,1,1,1,1,1,1,1,1,1,1,1,1,1,1,1,1,0,0,0,0,0,0,0,0,,,,,,,,,,,,,,,,,,,,,,,,,,,,,,,,,,,,,,,,,,,,,,,,
5528,300,5970,5545,,0,0,0,0,0,0,0,0,0,0,0,0,0,0,0,2,2,2,2,2,2,2,2,2,2,1,1,2,2,2,2,2,2,2,2,2,2,2,2,1,1,0,0,0,0,0,0,0,0,,,,,,,,,,,,,,,,,,,,,,,,,,,,,,,,,,,,,,,,,,,,,,,,
5529,2000,5974,6002,5735;5524,2,50,50,52,52,37,37,40,40,46,46,50,50,140,140,967,967,1151,1151,1088,1088,1047,1047,967,967,880,880,932,932,911,911,933,933,958,958,1007,1007,913,913,393,393,252,252,170,170,124,124,63,63,,,,,,,,,,,,,,,,,,,,,,,,,,,,,,,,,,,,,,,,,,,,,,,,
553,3000,554,552,,0,38,38,40,40,28,28,30,30,35,35,38,38,106,106,1010,1010,1173,1173,1121,1121,1069,1069,1008,1008,921,921,970,970,952,952,997,997,1020,1020,1069,1069,975,975,299,299,192,192,130,130,94,94,48,48,,,,,,,,,,,,,,,,,,,,,,,,,,,,,,,,,,,,,,,,,,,,,,,,
5530,2500,5491,5533,,0,63,63,65,65,46,46,49,49,57,57,62,62,174,174,982,982,1182,1182,1077,1077,1043,1043,955,955,884,884,900,900,934,934,926,926,948,948,1012,1012,944,944,526,526,333,333,221,221,161,161,84,84,,,,,,,,,,,,,,,,,,,,,,,,,,,,,,,,,,,,,,,,,,,,,,,,
5531,1000,5526,5895,,0,63,63,65,65,46,46,49,49,57,57,62,62,174,174,982,982,1182,1182,1077,1077,1043,1043,955,955,884,884,900,900,934,934,926,926,948,948,1012,1012,944,944,526,526,333,333,221,221,161,161,84,84,,,,,,,,,,,,,,,,,,,,,,,,,,,,,,,,,,,,,,,,,,,,,,,,
5532,800,5518,,,0,0,0,0,0,0,0,0,0,0,0,0,0,0,0,1,1,2,2,1,1,1,1,1,1,1,1,1,1,1,1,1,1,1,1,1,1,1,1,1,1,0,0,0,0,0,0,0,0,,,,,,,,,,,,,,,,,,,,,,,,,,,,,,,,,,,,,,,,,,,,,,,,
5533,1200,6038,5530,5894;5539,2,0,0,0,0,0,0,0,0,0,0,0,0,0,0,2,2,2,2,2,2,2,2,2,2,1,1,1,1,1,1,1,1,1,1,2,2,1,1,1,1,1,1,0,0,0,0,0,0,,,,,,,,,,,,,,,,,,,,,,,,,,,,,,,,,,,,,,,,,,,,,,,,
5534,800,3073,6068,,0,0,0,0,0,0,0,0,0,0,0,0,0,1,1,3,3,4,4,3,3,3,3,3,3,3,3,3,3,3,3,3,3,3,3,3,3,3,3,2,2,1,1,1,1,1,1,0,0,,,,,,,,,,,,,,,,,,,,,,,,,,,,,,,,,,,,,,,,,,,,,,,,
5535,1200,5520,6013,,0,0,0,0,0,0,0,0,0,0,0,0,0,0,0,1,1,1,1,1,1,1,1,1,1,1,1,1,1,1,1,1,1,1,1,1,1,1,1,0,0,0,0,0,0,0,0,0,0,,,,,,,,,,,,,,,,,,,,,,,,,,,,,,,,,,,,,,,,,,,,,,,,
5536,2000,5520,5759,,0,50,50,52,52,37,37,40,40,46,46,50,50,140,140,967,967,1151,1151,1088,1088,1047,1047,967,967,880,880,932,932,911,911,933,933,958,958,1007,1007,913,913,393,393,252,252,170,170,124,124,63,63,,,,,,,,,,,,,,,,,,,,,,,,,,,,,,,,,,,,,,,,,,,,,,,,
5537,1200,5541,5519,,0,0,0,0,0,0,0,0,0,0,0,0,0,0,0,1,1,2,2,2,2,2,2,1,1,1,1,1,1,1,1,1,1,1,1,2,2,1,1,1,1,0,0,0,0,0,0,0,0,,,,,,,,,,,,,,,,,,,,,,,,,,,,,,,,,,,,,,,,,,,,,,,,
5538,1200,5758,5759,,0,0,0,0,0,0,0,0,0,0,0,0,0,0,0,2,2,2,2,2,2,2,2,2,2,1,1,1,1,1,1,1,1,2,2,2,2,1,1,1,1,0,0,0,0,0,0,0,0,,,,,,,,,,,,,,,,,,,,,,,,,,,,,,,,,,,,,,,,,,,,,,,,
5539,1600,5533,6045,,0,0,0,0,0,0,0,0,0,0,0,0,0,0,0,2,2,3,3,3,3,2,2,2,2,2,2,2,2,2,2,2,2,2,2,2,2,2,2,1,1,1,1,1,1,0,0,0,0,,,,,,,,,,,,,,,,,,,,,,,,,,,,,,,,,,,,,,,,,,,,,,,,
554,1600,553,294,555,1,0,0,0,0,0,0,0,0,0,0,0,0,1,1,8,8,9,9,9,9,8,8,8,8,7,7,8,8,7,7,8,8,8,8,8,8,8,8,3,3,2,2,1,1,1,1,0,0,,,,,,,,,,,,,,,,,,,,,,,,,,,,,,,,,,,,,,,,,,,,,,,,
5540,1200,6060,6062,,0,0,0,0,0,0,0,0,0,0,0,0,0,0,0,2,2,3,3,2,2,2,2,2,2,2,2,2,2,2,2,2,2,2,2,2,2,2,2,1,1,1,1,0,0,0,0,0,0,,,,,,,,,,,,,,,,,,,,,,,,,,,,,,,,,,,,,,,,,,,,,,,,
5541,1200,6059,5544,5537;5562,2,0,0,0,0,0,0,0,0,0,0,0,0,0,0,1,1,1,1,1,1,1,1,1,1,1,1,1,1,1,1,1,1,1,1,1,1,1,1,1,1,0,0,0,0,0,0,0,0,,,,,,,,,,,,,,,,,,,,,,,,,,,,,,,,,,,,,,,,,,,,,,,,
5542,2500,5546,5526,,0,63,63,65,65,46,46,49,49,57,57,62,62,174,174,982,982,1182,1182,1077,1077,1043,1043,955,955,884,884,900,900,934,934,926,926,948,948,1012,1012,944,944,526,526,333,333,221,221,161,161,84,84,,,,,,,,,,,,,,,,,,,,,,,,,,,,,,,,,,,,,,,,,,,,,,,,
5543,800,5745,6003,,0,0,0,0,0,0,0,0,0,0,0,0,0,0,0,1,1,1,1,1,1,1,1,1,1,1,1,1,1,1,1,1,1,1,1,1,1,1,1,0,0,0,0,0,0,0,0,0,0,,,,,,,,,,,,,,,,,,,,,,,,,,,,,,,,,,,,,,,,,,,,,,,,
5544,1200,5541,5546,,0,0,0,0,0,0,0,0,0,0,0,0,0,0,0,1,1,2,2,1,1,1,1,1,1,1,1,1,1,1,1,1,1,1,1,1,1,1,1,1,1,0,0,0,0,0,0,0,0,,,,,,,,,,,,,,,,,,,,,,,,,,,,,,,,,,,,,,,,,,,,,,,,
5545,1600,5969,,5528,1,4,4,4,4,3,3,3,3,4,4,4,4,12,12,88,88,100,100,93,93,92,92,84,84,81,81,77,77,84,84,84,84,84,84,91,91,88,88,42,42,26,26,16,16,12,12,7,7,,,,,,,,,,,,,,,,,,,,,,,,,,,,,,,,,,,,,,,,,,,,,,,,
5546,1600,6040,5544,5542;5569,2,0,0,0,0,0,0,0,0,0,0,0,0,0,0,2,2,2,2,2,2,2,2,2,2,2,2,2,2,2,2,2,2,2,2,2,2,2,2,1,1,1,1,0,0,0,0,0,0,,,,,,,,,,,,,,,,,,,,,,,,,,,,,,,,,,,,,,,,,,,,,,,,
5547,300,5966,5975,,0,0,0,0,0,0,0,0,0,0,0,0,0,0,0,1,1,1,1,1,1,1,1,1,1,1,1,1,1,1,1,1,1,1,1,1,1,1,1,1,1,0,0,0,0,0,0,0,0,,,,,,,,,,,,,,,,,,,,,,,,,,,,,,,,,,,,,,,,,,,,,,,,
5548,2500,6023,,,0,67,67,70,70,49,49,53,53,62,62,67,67,186,186,910,910,1134,1134,1023,1023,977,977,900,900,812,812,861,861,864,864,851,851,886,886,939,939,854,854,524,524,336,336,227,227,165,165,84,84,,,,,,,,,,,,,,,,,,,,,,,,,,,,,,,,,,,,,,,,,,,,,,,,
5549,4400,6023,5762,,0,50,50,52,52,37,37,40,40,46,46,50,50,140,140,967,967,1151,1151,1088,1088,1047,1047,967,967,880,880,932,932,911,911,933,933,958,958,1007,1007,913,913,393,393,252,252,170,170,124,124,63,63,,,,,,,,,,,,,,,,,,,,,,,,,,,,,,,,,,,,,,,,,,,,,,,,
555,1600,556,554,,0,0,0,0,0,0,0,0,0,0,0,0,0,0,0,3,3,4,4,4,4,4,4,3,3,3,3,3,3,3,3,3,3,3,3,4,4,3,3,1,1,1,1,1,1,0,0,0,0,,,,,,,,,,,,,,,,,,,,,,,,,,,,,,,,,,,,,,,,,,,,,,,,
5550,1600,6039,6041,,0,0,0,0,0,0,0,0,0,0,0,0,0,0,0,1,1,1,1,1,1,1,1,1,1,1,1,1,1,1,1,1,1,1,1,1,1,1,1,1,1,0,0,0,0,0,0,0,0,,,,,,,,,,,,,,,,,,,,,,,,,,,,,,,,,,,,,,,,,,,,,,,,
5551,1200,5556,6062,,0,0,0,0,0,0,0,0,0,0,0,0,0,0,0,1,1,2,2,2,2,1,1,1,1,1,1,1,1,1,1,1,1,1,1,1,1,1,1,1,1,0,0,0,0,0,0,0,0,,,,,,,,,,,,,,,,,,,,,,,,,,,,,,,,,,,,,,,,,,,,,,,,
5552,1600,5556,6066,,0,0,0,0,0,0,0,0,0,0,0,0,0,0,0,2,2,2,2,2,2,2,2,1,1,1,1,1,1,1,1,1,1,1,1,2,2,1,1,1,1,1,1,0,0,0,0,0,0,,,,,,,,,,,,,,,,,,,,,,,,,,,,,,,,,,,,,,,,,,,,,,,,
5553,4400,5563,5484,,0,54,54,56,56,39,39,42,42,50,50,54,54,149,149,959,959,1162,1162,1055,1055,994,994,944,944,856,856,900,900,912,912,924,924,959,959,1013,1013,928,928,419,419,269,269,182,182,132,132,67,67,,,,,,,,,,,,,,,,,,,,,,,,,,,,,,,,,,,,,,,,,,,,,,,,
5554,1200,5762,6005,,0,0,0,0,0,0,0,0,0,0,0,0,0,0,0,1,1,1,1,1,1,1,1,1,1,1,1,1,1,1,1,1,1,1,1,1,1,1,1,0,0,0,0,0,0,0,0,0,0,,,,,,,,,,,,,,,,,,,,,,,,,,,,,,,,,,,,,,,,,,,,,,,,
5555,800,,6056,,0,0,0,0,0,0,0,0,0,0,0,0,0,0,0,1,1,1,1,1,1,1,1,1,1,1,1,1,1,1,1,1,1,1,1,1,1,1,1,1,1,0,0,0,0,0,0,0,0,,,,,,,,,,,,,,,,,,,,,,,,,,,,,,,,,,,,,,,,,,,,,,,,
5556,1600,5565,5552,5551;5580,2,0,0,0,0,0,0,0,0,0,0,0,0,0,0,1,1,1,1,1,1,1,1,1,1,1,1,1,1,1,1,1,1,1,1,1,1,1,1,0,0,0,0,0,0,0,0,0,0,,,,,,,,,,,,,,,,,,,,,,,,,,,,,,,,,,,,,,,,,,,,,,,,
5557,1600,6060,6058,,0,0,0,0,0,0,0,0,0,0,0,0,0,0,0,1,1,1,1,1,1,1,1,1,1,1,1,1,1,1,1,1,1,1,1,1,1,1,1,0,0,0,0,0,0,0,0,0,0,,,,,,,,,,,,,,,,,,,,,,,,,,,,,,,,,,,,,,,,,,,,,,,,
5558,2000,5568,6070,,0,67,67,70,70,49,49,53,53,62,62,67,67,186,186,910,910,1134,1134,1023,1023,977,977,900,900,812,812,861,861,864,864,851,851,886,886,939,939,854,854,524,524,336,336,227,227,165,165,84,84,,,,,,,,,,,,,,,,,,,,,,,,,,,,,,,,,,,,,,,,,,,,,,,,
5559,800,5967,5965,,0,0,0,0,0,0,0,0,0,0,0,0,0,0,0,1,1,1,1,1,1,1,1,1,1,1,1,1,1,1,1,1,1,1,1,1,1,1,1,1,1,0,0,0,0,0,0,0,0,,,,,,,,,,,,,,,,,,,,,,,,,,,,,,,,,,,,,,,,,,,,,,,,
556,1600,555,284,320,1,0,0,0,0,0,0,0,0,0,0,0,0,1,1,6,6,8,8,7,7,7,7,6,6,6,6,6,6,6,6,6,6,7,7,7,7,6,6,2,2,1,1,1,1,1,1,0,0,,,,,,,,,,,,,,,,,,,,,,,,,,,,,,,,,,,,,,,,,,,,,,,,
5560,1200,6064,6070,,0,0,0,0,0,0,0,0,0,0,0,0,0,0,0,2,2,2,2,2,2,2,2,2,2,1,1,2,2,2,2,2,2,2,2,2,2,2,2,1,1,1,1,0,0,0,0,0,0,,,,,,,,,,,,,,,,,,,,,,,,,,,,,,,,,,,,,,,,,,,,,,,,
5561,2000,,5965,,0,43,43,43,43,30,30,32,32,37,37,42,42,117,117,885,885,1005,1005,931,931,924,924,836,836,809,809,768,768,844,844,845,845,842,842,909,909,884,884,416,416,256,256,164,164,120,120,67,67,,,,,,,,,,,,,,,,,,,,,,,,,,,,,,,,,,,,,,,,,,,,,,,,
5562,1200,6056,5541,,0,0,0,0,0,0,0,0,0,0,0,0,0,0,0,1,1,1,1,1,1,1,1,1,1,1,1,1,1,1,1,1,1,1,1,1,1,1,1,0,0,0,0,0,0,0,0,0,0,,,,,,,,,,,,,,,,,,,,,,,,,,,,,,,,,,,,,,,,,,,,,,,,
5563,4000,5553,6022,5570;6020,2,50,50,52,52,37,37,40,40,46,46,50,50,140,140,967,967,1151,1151,1088,1088,1047,1047,967,967,880,880,932,932,911,911,933,933,958,958,1007,1007,913,913,393,393,252,252,170,170,124,124,63,63,,,,,,,,,,,,,,,,,,,,,,,,,,,,,,,,,,,,,,,,,,,,,,,,
5564,300,,5964,,0,0,0,0,0,0,0,0,0,0,0,0,0,0,0,2,2,2,2,2,2,2,2,2,2,2,2,2,2,2,2,2,2,2,2,2,2,2,2,1,1,1,1,0,0,0,0,0,0,,,,,,,,,,,,,,,,,,,,,,,,,,,,,,,,,,,,,,,,,,,,,,,,
5565,800,6058,5556,,0,0,0,0,0,0,0,0,0,0,0,0,0,0,0,1,1,1,1,1,1,1,1,1,1,1,1,1,1,1,1,1,1,1,1,1,1,1,1,0,0,0,0,0,0,0,0,0,0,,,,,,,,,,,,,,,,,,,,,,,,,,,,,,,,,,,,,,,,,,,,,,,,
5566,4400,5745,6013,,0,50,50,52,52,37,37,40,40,46,46,50,50,140,140,967,967,1151,1151,1088,1088,1047,1047,967,967,880,880,932,932,911,911,933,933,958,958,1007,1007,913,913,393,393,252,252,170,170,124,124,63,63,,,,,,,,,,,,,,,,,,,,,,,,,,,,,,,,,,,,,,,,,,,,,,,,
5567,1600,6057,5571,6055;5585,2,0,0,0,0,0,0,0,0,0,0,0,0,0,0,1,1,1,1,1,1,1,1,1,1,1,1,1,1,1,1,1,1,1,1,1,1,1,1,0,0,0,0,0,0,0,0,0,0,,,,,,,,,,,,,,,,,,,,,,,,,,,,,,,,,,,,,,,,,,,,,,,,
5568,3000,2911,5577,5558;2919,2,63,63,65,65,46,46,49,49,57,57,62,62,174,174,982,982,1182,1182,1077,1077,1043,1043,955,955,884,884,900,900,934,934,926,926,948,948,1012,1012,944,944,526,526,333,333,221,221,161,161,84,84,,,,,,,,,,,,,,,,,,,,,,,,,,,,,,,,,,,,,,,,,,,,,,,,
5569,2500,5574,5546,,0,63,63,65,65,46,46,49,49,57,57,62,62,174,174,982,982,1182,1182,1077,1077,1043,1043,955,955,884,884,900,900,934,934,926,926,948,948,1012,1012,944,944,526,526,333,333,221,221,161,161,84,84,,,,,,,,,,,,,,,,,,,,,,,,,,,,,,,,,,,,,,,,,,,,,,,,
557,1600,295,558,,0,0,0,0,0,0,0,0,0,0,0,0,0,1,1,8,8,10,10,9,9,9,9,8,8,8,8,8,8,8,8,8,8,8,8,9,9,8,8,3,3,2,2,1,1,1,1,0,0,,,,,,,,,,,,,,,,,,,,,,,,,,,,,,,,,,,,,,,,,,,,,,,,
5570,4400,5563,6007,,0,50,50,52,52,37,37,40,40,46,46,50,50,140,140,967,967,1151,1151,1088,1088,1047,1047,967,967,880,880,932,932,911,911,933,933,958,958,1007,1007,913,913,393,393,252,252,170,170,124,124,63,63,,,,,,,,,,,,,,,,,,,,,,,,,,,,,,,,,,,,,,,,,,,,,,,,
5571,800,5567,5574,,0,0,0,0,0,0,0,0,0,0,0,0,0,0,0,1,1,2,2,2,2,2,2,1,1,1,1,1,1,1,1,1,1,1,1,1,1,1,1,1,1,0,0,0,0,0,0,0,0,,,,,,,,,,,,,,,,,,,,,,,,,,,,,,,,,,,,,,,,,,,,,,,,
5572,1600,5826,6066,,0,0,0,0,0,0,0,0,0,0,0,0,0,0,0,1,1,1,1,1,1,1,1,1,1,1,1,1,1,1,1,1,1,1,1,1,1,1,1,0,0,0,0,0,0,0,0,0,0,,,,,,,,,,,,,,,,,,,,,,,,,,,,,,,,,,,,,,,,,,,,,,,,
5573,4000,5960,5977,5963,1,50,50,52,52,37,37,40,40,46,46,50,50,140,140,967,967,1151,1151,1088,1088,1047,1047,967,967,880,880,932,932,911,911,933,933,958,958,1007,1007,913,913,393,393,252,252,170,170,124,124,63,63,,,,,,,,,,,,,,,,,,,,,,,,,,,,,,,,,,,,,,,,,,,,,,,,
5574,1600,5571,5581,5569;5592,2,0,0,0,0,0,0,0,0,0,0,0,0,0,0,2,2,2,2,2,2,2,2,2,2,1,1,1,1,2,2,2,2,2,2,2,2,2,2,1,1,1,1,0,0,0,0,0,0,,,,,,,,,,,,,,,,,,,,,,,,,,,,,,,,,,,,,,,,,,,,,,,,
5575,2500,6041,6043,,0,63,63,65,65,46,46,49,49,57,57,62,62,174,174,982,982,1182,1182,1077,1077,1043,1043,955,955,884,884,900,900,934,934,926,926,948,948,1012,1012,944,944,526,526,333,333,221,221,161,161,84,84,,,,,,,,,,,,,,,,,,,,,,,,,,,,,,,,,,,,,,,,,,,,,,,,
5576,4400,5588,6010,6004;5590,2,50,50,52,52,37,37,40,40,46,46,50,50,140,140,967,967,1151,1151,1088,1088,1047,1047,967,967,880,880,932,932,911,911,933,933,958,958,1007,1007,913,913,393,393,252,252,170,170,124,124,63,63,,,,,,,,,,,,,,,,,,,,,,,,,,,,,,,,,,,,,,,,,,,,,,,,
5577,2500,5579,5568,,0,63,63,65,65,46,46,49,49,57,57,62,62,174,174,982,982,1182,1182,1077,1077,1043,1043,955,955,884,884,900,900,934,934,926,926,948,948,1012,1012,944,944,526,526,333,333,221,221,161,161,84,84,,,,,,,,,,,,,,,,,,,,,,,,,,,,,,,,,,,,,,,,,,,,,,,,
5578,4400,5644,6003,,0,50,50,52,52,37,37,40,40,46,46,50,50,140,140,967,967,1151,1151,1088,1088,1047,1047,967,967,880,880,932,932,911,911,933,933,958,958,1007,1007,913,913,393,393,252,252,170,170,124,124,63,63,,,,,,,,,,,,,,,,,,,,,,,,,,,,,,,,,,,,,,,,,,,,,,,,
5579,2000,6075,6063,5577;5582,2,63,63,65,65,46,46,49,49,57,57,62,62,174,174,982,982,1182,1182,1077,1077,1043,1043,955,955,884,884,900,900,934,934,926,926,948,948,1012,1012,944,944,526,526,333,333,221,221,161,161,84,84,,,,,,,,,,,,,,,,,,,,,,,,,,,,,,,,,,,,,,,,,,,,,,,,
558,1200,284,559,557,1,0,0,0,0,0,0,0,0,0,0,0,0,1,1,4,4,5,5,5,5,5,5,4,4,4,4,4,4,4,4,4,4,5,5,5,5,4,4,2,2,1,1,1,1,0,0,0,0,,,,,,,,,,,,,,,,,,,,,,,,,,,,,,,,,,,,,,,,,,,,,,,,
5580,1600,5556,5584,,0,0,0,0,0,0,0,0,0,0,0,0,0,0,0,2,2,2,2,2,2,2,2,2,2,2,2,2,2,2,2,2,2,2,2,2,2,2,2,1,1,1,1,0,0,0,0,0,0,,,,,,,,,,,,,,,,,,,,,,,,,,,,,,,,,,,,,,,,,,,,,,,,
5581,800,5574,6043,,0,0,0,0,0,0,0,0,0,0,0,0,0,0,0,1,1,2,2,2,2,1,1,1,1,1,1,1,1,1,1,1,1,1,1,1,1,1,1,1,1,0,0,0,0,0,0,0,0,,,,,,,,,,,,,,,,,,,,,,,,,,,,,,,,,,,,,,,,,,,,,,,,
5582,1600,5579,5584,,0,0,0,0,0,0,0,0,0,0,0,0,0,0,0,2,2,2,2,2,2,2,2,2,2,2,2,2,2,2,2,2,2,2,2,2,2,2,2,1,1,1,1,0,0,0,0,0,0,,,,,,,,,,,,,,,,,,,,,,,,,,,,,,,,,,,,,,,,,,,,,,,,
5583,2500,6007,6009,,0,50,50,52,52,37,37,40,40,46,46,50,50,140,140,967,967,1151,1151,1088,1088,1047,1047,967,967,880,880,932,932,911,911,933,933,958,958,1007,1007,913,913,393,393,252,252,170,170,124,124,63,63,,,,,,,,,,,,,,,,,,,,,,,,,,,,,,,,,,,,,,,,,,,,,,,,
5584,2500,5580,5603,5582;5589,2,63,63,65,65,46,46,49,49,57,57,62,62,174,174,982,982,1182,1182,1077,1077,1043,1043,955,955,884,884,900,900,934,934,926,926,948,948,1012,1012,944,944,526,526,333,333,221,221,161,161,84,84,,,,,,,,,,,,,,,,,,,,,,,,,,,,,,,,,,,,,,,,,,,,,,,,
5585,1600,5567,5591,,0,0,0,0,0,0,0,0,0,0,0,0,0,0,0,2,2,2,2,2,2,2,2,1,1,1,1,1,1,1,1,1,1,1,1,2,2,1,1,1,1,1,1,0,0,0,0,0,0,,,,,,,,,,,,,,,,,,,,,,,,,,,,,,,,,,,,,,,,,,,,,,,,
5586,1600,6076,2922,,0,0,0,0,0,0,0,0,0,0,0,0,0,1,1,3,3,4,4,3,3,3,3,3,3,3,3,3,3,3,3,3,3,3,3,3,3,3,3,2,2,1,1,1,1,1,1,0,0,,,,,,,,,,,,,,,,,,,,,,,,,,,,,,,,,,,,,,,,,,,,,,,,
5587,2000,5594,6019,,0,50,50,52,52,37,37,40,40,46,46,50,50,140,140,967,967,1151,1151,1088,1088,1047,1047,967,967,880,880,932,932,911,911,933,933,958,958,1007,1007,913,913,393,393,252,252,170,170,124,124,63,63,,,,,,,,,,,,,,,,,,,,,,,,,,,,,,,,,,,,,,,,,,,,,,,,
5588,2750,5576,6009,,0,50,50,52,52,37,37,40,40,46,46,50,50,140,140,967,967,1151,1151,1088,1088,1047,1047,967,967,880,880,932,932,911,911,933,933,958,958,1007,1007,913,913,393,393,252,252,170,170,124,124,63,63,,,,,,,,,,,,,,,,,,,,,,,,,,,,,,,,,,,,,,,,,,,,,,,,
5589,1600,5584,5591,,0,0,0,0,0,0,0,0,0,0,0,0,0,0,0,2,2,3,3,2,2,2,2,2,2,2,2,2,2,2,2,2,2,2,2,2,2,2,2,1,1,1,1,1,1,0,0,0,0,,,,,,,,,,,,,,,,,,,,,,,,,,,,,,,,,,,,,,,,,,,,,,,,
559,1200,558,560,,0,0,0,0,0,0,0,0,0,0,0,0,0,1,1,5,5,6,6,6,6,5,5,5,5,5,5,5,5,5,5,5,5,5,5,5,5,5,5,2,2,1,1,1,1,1,1,0,0,,,,,,,,,,,,,,,,,,,,,,,,,,,,,,,,,,,,,,,,,,,,,,,,
5590,4400,5576,5644,,0,50,50,52,52,37,37,40,40,46,46,50,50,140,140,967,967,1151,1151,1088,1088,1047,1047,967,967,880,880,932,932,911,911,933,933,958,958,1007,1007,913,913,393,393,252,252,170,170,124,124,63,63,,,,,,,,,,,,,,,,,,,,,,,,,,,,,,,,,,,,,,,,,,,,,,,,
5591,1600,5614,5585,5589;5595,2,0,0,0,0,0,0,0,0,0,0,0,0,0,0,2,2,3,3,3,3,2,2,2,2,2,2,2,2,2,2,2,2,2,2,2,2,2,2,1,1,1,1,1,1,0,0,0,0,,,,,,,,,,,,,,,,,,,,,,,,,,,,,,,,,,,,,,,,,,,,,,,,
5592,3000,5574,5598,,0,63,63,65,65,46,46,49,49,57,57,62,62,174,174,982,982,1182,1182,1077,1077,1043,1043,955,955,884,884,900,900,934,934,926,926,948,948,1012,1012,944,944,526,526,333,333,221,221,161,161,84,84,,,,,,,,,,,,,,,,,,,,,,,,,,,,,,,,,,,,,,,,,,,,,,,,
5593,800,5961,5979,,0,0,0,0,0,0,0,0,0,0,0,0,0,0,0,1,1,1,1,1,1,1,1,1,1,1,1,1,1,1,1,1,1,1,1,1,1,1,1,0,0,0,0,0,0,0,0,0,0,,,,,,,,,,,,,,,,,,,,,,,,,,,,,,,,,,,,,,,,,,,,,,,,
5594,2000,5587,5599,6008;6025,2,50,50,52,52,37,37,40,40,46,46,50,50,140,140,967,967,1151,1151,1088,1088,1047,1047,967,967,880,880,932,932,911,911,933,933,958,958,1007,1007,913,913,393,393,252,252,170,170,124,124,63,63,,,,,,,,,,,,,,,,,,,,,,,,,,,,,,,,,,,,,,,,,,,,,,,,
5595,2500,5591,5598,,0,63,63,65,65,46,46,49,49,57,57,62,62,174,174,982,982,1182,1182,1077,1077,1043,1043,955,955,884,884,900,900,934,934,926,926,948,948,1012,1012,944,944,526,526,333,333,221,221,161,161,84,84,,,,,,,,,,,,,,,,,,,,,,,,,,,,,,,,,,,,,,,,,,,,,,,,
5596,1600,6037,6039,,0,0,0,0,0,0,0,0,0,0,0,0,0,0,0,1,1,2,2,2,2,2,2,1,1,1,1,1,1,1,1,1,1,1,1,2,2,1,1,1,1,1,1,0,0,0,0,0,0,,,,,,,,,,,,,,,,,,,,,,,,,,,,,,,,,,,,,,,,,,,,,,,,
5597,300,,5979,,0,0,0,0,0,0,0,0,0,0,0,0,0,0,0,1,1,1,1,1,1,1,1,1,1,0,0,0,0,0,0,0,0,1,1,1,1,0,0,0,0,0,0,0,0,0,0,0,0,,,,,,,,,,,,,,,,,,,,,,,,,,,,,,,,,,,,,,,,,,,,,,,,
5598,3500,5607,5592,5595;5609;6051;5621,4,63,63,65,65,46,46,49,49,57,57,62,62,174,174,982,982,1182,1182,1077,1077,1043,1043,955,955,884,884,900,900,934,934,926,926,948,948,1012,1012,944,944,526,526,333,333,221,221,161,161,84,84,,,,,,,,,,,,,,,,,,,,,,,,,,,,,,,,,,,,,,,,,,,,,,,,
5599,2000,5991,5594,,0,50,50,52,52,37,37,40,40,46,46,50,50,140,140,967,967,1151,1151,1088,1088,1047,1047,967,967,880,880,932,932,911,911,933,933,958,958,1007,1007,913,913,393,393,252,252,170,170,124,124,63,63,,,,,,,,,,,,,,,,,,,,,,,,,,,,,,,,,,,,,,,,,,,,,,,,
56,2500,67,53,368;87,2,50,50,52,52,37,37,40,40,46,46,50,50,140,140,967,967,1151,1151,1088,1088,1047,1047,967,967,880,880,932,932,911,911,933,933,958,958,1007,1007,913,913,393,393,252,252,170,170,124,124,63,63,,,,,,,,,,,,,,,,,,,,,,,,,,,,,,,,,,,,,,,,,,,,,,,,
560,1600,289,275,559,1,0,0,0,0,0,0,0,0,0,0,0,0,1,1,9,9,11,11,10,10,10,10,9,9,8,8,9,9,9,9,9,9,9,9,10,10,9,9,3,3,2,2,1,1,1,1,1,1,,,,,,,,,,,,,,,,,,,,,,,,,,,,,,,,,,,,,,,,,,,,,,,,
5600,4000,6033,6035,,0,63,63,65,65,46,46,49,49,57,57,62,62,174,174,982,982,1182,1182,1077,1077,1043,1043,955,955,884,884,900,900,934,934,926,926,948,948,1012,1012,944,944,526,526,333,333,221,221,161,161,84,84,,,,,,,,,,,,,,,,,,,,,,,,,,,,,,,,,,,,,,,,,,,,,,,,
5601,300,,6026,,0,0,0,0,0,0,0,0,0,0,0,0,0,0,0,2,2,2,2,2,2,2,2,2,2,1,1,1,1,2,2,2,2,2,2,2,2,2,2,1,1,0,0,0,0,0,0,0,0,,,,,,,,,,,,,,,,,,,,,,,,,,,,,,,,,,,,,,,,,,,,,,,,
5602,300,,5604,,0,0,0,0,0,0,0,0,0,0,0,0,0,0,0,2,2,2,2,2,2,2,2,2,2,1,1,1,1,1,1,1,1,2,2,2,2,1,1,1,1,0,0,0,0,0,0,0,0,,,,,,,,,,,,,,,,,,,,,,,,,,,,,,,,,,,,,,,,,,,,,,,,
5603,1600,5584,5608,,0,0,0,0,0,0,0,0,0,0,0,0,0,0,0,1,1,2,2,1,1,1,1,1,1,1,1,1,1,1,1,1,1,1,1,1,1,1,1,1,1,0,0,0,0,0,0,0,0,,,,,,,,,,,,,,,,,,,,,,,,,,,,,,,,,,,,,,,,,,,,,,,,
5604,300,5602,5959,,0,0,0,0,0,0,0,0,0,0,0,0,0,0,0,2,2,2,2,2,2,2,2,2,2,2,2,2,2,2,2,2,2,2,2,2,2,2,2,1,1,1,1,0,0,0,0,0,0,,,,,,,,,,,,,,,,,,,,,,,,,,,,,,,,,,,,,,,,,,,,,,,,
5605,1600,5608,6074,,0,0,0,0,0,0,0,0,0,0,0,0,0,0,0,1,1,1,1,1,1,1,1,1,1,1,1,1,1,1,1,1,1,1,1,1,1,1,1,1,1,0,0,0,0,0,0,0,0,,,,,,,,,,,,,,,,,,,,,,,,,,,,,,,,,,,,,,,,,,,,,,,,
5606,1200,6050,5617,,0,0,0,0,0,0,0,0,0,0,0,0,0,0,0,1,1,2,2,2,2,1,1,1,1,1,1,1,1,1,1,1,1,1,1,1,1,1,1,1,1,0,0,0,0,0,0,0,0,,,,,,,,,,,,,,,,,,,,,,,,,,,,,,,,,,,,,,,,,,,,,,,,
5607,2000,5598,5617,,0,63,63,65,65,46,46,49,49,57,57,62,62,174,174,982,982,1182,1182,1077,1077,1043,1043,955,955,884,884,900,900,934,934,926,926,948,948,1012,1012,944,944,526,526,333,333,221,221,161,161,84,84,,,,,,,,,,,,,,,,,,,,,,,,,,,,,,,,,,,,,,,,,,,,,,,,
5608,1600,5618,5605,5603;5646,2,0,0,0,0,0,0,0,0,0,0,0,0,0,0,2,2,2,2,2,2,2,2,1,1,1,1,1,1,1,1,1,1,1,1,2,2,1,1,1,1,1,1,0,0,0,0,0,0,,,,,,,,,,,,,,,,,,,,,,,,,,,,,,,,,,,,,,,,,,,,,,,,
5609,1200,5598,6054,,0,0,0,0,0,0,0,0,0,0,0,0,0,0,0,2,2,2,2,2,2,2,2,2,2,2,2,2,2,2,2,2,2,2,2,2,2,2,2,1,1,1,1,0,0,0,0,0,0,,,,,,,,,,,,,,,,,,,,,,,,,,,,,,,,,,,,,,,,,,,,,,,,
561,2500,447,562,,0,38,38,40,40,28,28,30,30,35,35,38,38,106,106,1010,1010,1173,1173,1121,1121,1069,1069,1008,1008,921,921,970,970,952,952,997,997,1020,1020,1069,1069,975,975,299,299,192,192,130,130,94,94,48,48,,,,,,,,,,,,,,,,,,,,,,,,,,,,,,,,,,,,,,,,,,,,,,,,
5610,300,5612,6001,,0,0,0,0,0,0,0,0,0,0,0,0,0,0,0,1,1,1,1,1,1,1,1,1,1,1,1,1,1,1,1,1,1,1,1,1,1,1,1,1,1,0,0,0,0,0,0,0,0,,,,,,,,,,,,,,,,,,,,,,,,,,,,,,,,,,,,,,,,,,,,,,,,
5611,300,5985,5612,,0,0,0,0,0,0,0,0,0,0,0,0,0,0,0,1,1,1,1,1,1,1,1,1,1,0,0,0,0,0,0,0,0,1,1,1,1,0,0,0,0,0,0,0,0,0,0,0,0,,,,,,,,,,,,,,,,,,,,,,,,,,,,,,,,,,,,,,,,,,,,,,,,
5612,300,5611,5615,5610;5994,2,0,0,0,0,0,0,0,0,0,0,0,0,0,0,1,1,2,2,1,1,1,1,1,1,1,1,1,1,1,1,1,1,1,1,1,1,1,1,1,1,0,0,0,0,0,0,0,0,,,,,,,,,,,,,,,,,,,,,,,,,,,,,,,,,,,,,,,,,,,,,,,,
5613,3000,6028,6045,,0,63,63,65,65,46,46,49,49,57,57,62,62,174,174,982,982,1182,1182,1077,1077,1043,1043,955,955,884,884,900,900,934,934,926,926,948,948,1012,1012,944,944,526,526,333,333,221,221,161,161,84,84,,,,,,,,,,,,,,,,,,,,,,,,,,,,,,,,,,,,,,,,,,,,,,,,
5614,1200,6050,5591,,0,0,0,0,0,0,0,0,0,0,0,0,0,0,0,2,2,2,2,2,2,2,2,2,2,1,1,1,1,2,2,2,2,2,2,2,2,2,2,1,1,1,1,0,0,0,0,0,0,,,,,,,,,,,,,,,,,,,,,,,,,,,,,,,,,,,,,,,,,,,,,,,,
5615,300,5612,5999,,0,0,0,0,0,0,0,0,0,0,0,0,0,0,0,2,2,2,2,2,2,2,2,2,2,2,2,2,2,2,2,2,2,2,2,2,2,2,2,1,1,1,1,0,0,0,0,0,0,,,,,,,,,,,,,,,,,,,,,,,,,,,,,,,,,,,,,,,,,,,,,,,,
5616,800,5973,5957,,0,0,0,0,0,0,0,0,0,0,0,0,0,0,0,2,2,2,2,2,2,2,2,2,2,2,2,2,2,2,2,2,2,2,2,2,2,2,2,1,1,1,1,0,0,0,0,0,0,,,,,,,,,,,,,,,,,,,,,,,,,,,,,,,,,,,,,,,,,,,,,,,,
5617,1200,5606,5625,5607;5626,2,0,0,0,0,0,0,0,0,0,0,0,0,0,0,3,3,3,3,3,3,3,3,2,2,2,2,2,2,2,2,2,2,2,2,3,3,2,2,1,1,1,1,1,1,0,0,0,0,,,,,,,,,,,,,,,,,,,,,,,,,,,,,,,,,,,,,,,,,,,,,,,,
5618,1200,5620,5608,,0,0,0,0,0,0,0,0,0,0,0,0,0,0,0,1,1,1,1,1,1,1,1,1,1,1,1,1,1,1,1,1,1,1,1,1,1,1,1,1,1,0,0,0,0,0,0,0,0,,,,,,,,,,,,,,,,,,,,,,,,,,,,,,,,,,,,,,,,,,,,,,,,
5619,4400,5484,5624,5685,1,67,67,70,70,49,49,53,53,62,62,67,67,186,186,910,910,1134,1134,1023,1023,977,977,900,900,812,812,861,861,864,864,851,851,886,886,939,939,854,854,524,524,336,336,227,227,165,165,84,84,,,,,,,,,,,,,,,,,,,,,,,,,,,,,,,,,,,,,,,,,,,,,,,,
562,1600,320,275,561,1,0,0,0,0,0,0,0,0,0,0,0,0,1,1,9,9,10,10,10,10,9,9,9,9,8,8,8,8,8,8,9,9,9,9,9,9,8,8,3,3,2,2,1,1,1,1,0,0,,,,,,,,,,,,,,,,,,,,,,,,,,,,,,,,,,,,,,,,,,,,,,,,
5620,1600,5629,5618,6049;6047,2,0,0,0,0,0,0,0,0,0,0,0,0,0,0,1,1,1,1,1,1,1,1,1,1,1,1,1,1,1,1,1,1,1,1,1,1,1,1,1,1,0,0,0,0,0,0,0,0,,,,,,,,,,,,,,,,,,,,,,,,,,,,,,,,,,,,,,,,,,,,,,,,
5621,2500,5729,5598,6027,1,63,63,65,65,46,46,49,49,57,57,62,62,174,174,982,982,1182,1182,1077,1077,1043,1043,955,955,884,884,900,900,934,934,926,926,948,948,1012,1012,944,944,526,526,333,333,221,221,161,161,84,84,,,,,,,,,,,,,,,,,,,,,,,,,,,,,,,,,,,,,,,,,,,,,,,,
5622,1600,6029,6052,,0,0,0,0,0,0,0,0,0,0,0,0,0,0,0,2,2,3,3,3,3,3,3,2,2,2,2,2,2,2,2,2,2,2,2,2,2,2,2,1,1,1,1,1,1,0,0,0,0,,,,,,,,,,,,,,,,,,,,,,,,,,,,,,,,,,,,,,,,,,,,,,,,
5623,1600,6052,5627,,0,0,0,0,0,0,0,0,0,0,0,0,0,0,0,1,1,2,2,2,2,2,2,1,1,1,1,1,1,1,1,1,1,1,1,1,1,1,1,1,1,0,0,0,0,0,0,0,0,,,,,,,,,,,,,,,,,,,,,,,,,,,,,,,,,,,,,,,,,,,,,,,,
5624,2200,5727,5619,5693,1,63,63,65,65,46,46,49,49,57,57,62,62,174,174,982,982,1182,1182,1077,1077,1043,1043,955,955,884,884,900,900,934,934,926,926,948,948,1012,1012,944,944,526,526,333,333,221,221,161,161,84,84,,,,,,,,,,,,,,,,,,,,,,,,,,,,,,,,,,,,,,,,,,,,,,,,
5625,800,5617,5627,,0,0,0,0,0,0,0,0,0,0,0,0,0,0,0,2,2,3,3,2,2,2,2,2,2,2,2,2,2,2,2,2,2,2,2,2,2,2,2,1,1,1,1,0,0,0,0,0,0,,,,,,,,,,,,,,,,,,,,,,,,,,,,,,,,,,,,,,,,,,,,,,,,
5626,1600,5617,5633,,0,0,0,0,0,0,0,0,0,0,0,0,0,0,0,2,2,2,2,2,2,2,2,2,2,2,2,2,2,2,2,2,2,2,2,2,2,2,2,1,1,1,1,0,0,0,0,0,0,,,,,,,,,,,,,,,,,,,,,,,,,,,,,,,,,,,,,,,,,,,,,,,,
5627,800,5625,5641,5623;5636,2,0,0,0,0,0,0,0,0,0,0,0,0,0,0,1,1,1,1,1,1,1,1,1,1,1,1,1,1,1,1,1,1,1,1,1,1,1,1,1,1,0,0,0,0,0,0,0,0,,,,,,,,,,,,,,,,,,,,,,,,,,,,,,,,,,,,,,,,,,,,,,,,
5628,2500,5993,5644,,0,50,50,52,52,37,37,40,40,46,46,50,50,140,140,967,967,1151,1151,1088,1088,1047,1047,967,967,880,880,932,932,911,911,933,933,958,958,1007,1007,913,913,393,393,252,252,170,170,124,124,63,63,,,,,,,,,,,,,,,,,,,,,,,,,,,,,,,,,,,,,,,,,,,,,,,,
5629,1200,5620,5633,,0,0,0,0,0,0,0,0,0,0,0,0,0,0,0,2,2,2,2,2,2,2,2,2,2,1,1,2,2,2,2,2,2,2,2,2,2,2,2,1,1,1,1,0,0,0,0,0,0,,,,,,,,,,,,,,,,,,,,,,,,,,,,,,,,,,,,,,,,,,,,,,,,
563,1500,564,318,5047,1,38,38,40,40,28,28,30,30,35,35,38,38,106,106,1010,1010,1173,1173,1121,1121,1069,1069,1008,1008,921,921,970,970,952,952,997,997,1020,1020,1069,1069,975,975,299,299,192,192,130,130,94,94,48,48,,,,,,,,,,,,,,,,,,,,,,,,,,,,,,,,,,,,,,,,,,,,,,,,
5630,2500,5639,6026,,0,50,50,52,52,37,37,40,40,46,46,50,50,140,140,967,967,1151,1151,1088,1088,1047,1047,967,967,880,880,932,932,911,911,933,933,958,958,1007,1007,913,913,393,393,252,252,170,170,124,124,63,63,,,,,,,,,,,,,,,,,,,,,,,,,,,,,,,,,,,,,,,,,,,,,,,,
5631,800,5639,6017,,0,0,0,0,0,0,0,0,0,0,0,0,0,0,0,1,1,2,2,2,2,2,2,1,1,1,1,1,1,1,1,1,1,1,1,2,2,1,1,1,1,0,0,0,0,0,0,0,0,,,,,,,,,,,,,,,,,,,,,,,,,,,,,,,,,,,,,,,,,,,,,,,,
5632,800,6076,6074,,0,0,0,0,0,0,0,0,0,0,0,0,0,0,0,2,2,2,2,2,2,2,2,2,2,2,2,2,2,2,2,2,2,2,2,2,2,2,2,1,1,1,1,0,0,0,0,0,0,,,,,,,,,,,,,,,,,,,,,,,,,,,,,,,,,,,,,,,,,,,,,,,,
5633,1600,5629,5640,5626;5659,2,0,0,0,0,0,0,0,0,0,0,0,0,0,0,2,2,3,3,3,3,3,3,2,2,2,2,2,2,2,2,2,2,2,2,2,2,2,2,1,1,1,1,1,1,0,0,0,0,,,,,,,,,,,,,,,,,,,,,,,,,,,,,,,,,,,,,,,,,,,,,,,,
5634,300,5995,,,0,0,0,0,0,0,0,0,0,0,0,0,0,0,0,1,1,1,1,1,1,1,1,1,1,1,1,1,1,1,1,1,1,1,1,1,1,1,1,0,0,0,0,0,0,0,0,0,0,,,,,,,,,,,,,,,,,,,,,,,,,,,,,,,,,,,,,,,,,,,,,,,,
5635,300,6015,6024,,0,0,0,0,0,0,0,0,0,0,0,0,0,0,0,2,2,2,2,2,2,2,2,2,2,1,1,1,1,2,2,2,2,2,2,2,2,2,2,1,1,0,0,0,0,0,0,0,0,,,,,,,,,,,,,,,,,,,,,,,,,,,,,,,,,,,,,,,,,,,,,,,,
5636,1200,5642,5627,,0,0,0,0,0,0,0,0,0,0,0,0,0,0,0,1,1,1,1,1,1,1,1,1,1,1,1,1,1,1,1,1,1,1,1,1,1,1,1,0,0,0,0,0,0,0,0,0,0,,,,,,,,,,,,,,,,,,,,,,,,,,,,,,,,,,,,,,,,,,,,,,,,
5637,1200,5888,6071,2973;6077,2,0,0,0,0,0,0,0,0,0,0,0,0,0,0,2,2,3,3,3,3,2,2,2,2,2,2,2,2,2,2,2,2,2,2,2,2,2,2,1,1,1,1,1,1,0,0,0,0,,,,,,,,,,,,,,,,,,,,,,,,,,,,,,,,,,,,,,,,,,,,,,,,
5638,1600,5989,5993,,0,0,0,0,0,0,0,0,0,0,0,0,0,0,0,1,1,1,1,1,1,1,1,1,1,1,1,1,1,1,1,1,1,1,1,1,1,1,1,0,0,0,0,0,0,0,0,0,0,,,,,,,,,,,,,,,,,,,,,,,,,,,,,,,,,,,,,,,,,,,,,,,,
5639,1600,5645,5631,5630;6024,2,0,0,0,0,0,0,0,0,0,0,0,0,0,0,2,2,2,2,2,2,2,2,2,2,1,1,1,1,1,1,1,1,2,2,2,2,1,1,1,1,0,0,0,0,0,0,0,0,,,,,,,,,,,,,,,,,,,,,,,,,,,,,,,,,,,,,,,,,,,,,,,,
564,2500,565,5047,563,1,38,38,40,40,28,28,30,30,35,35,38,38,106,106,1010,1010,1173,1173,1121,1121,1069,1069,1008,1008,921,921,970,970,952,952,997,997,1020,1020,1069,1069,975,975,299,299,192,192,130,130,94,94,48,48,,,,,,,,,,,,,,,,,,,,,,,,,,,,,,,,,,,,,,,,,,,,,,,,
5640,1200,5633,5642,,0,0,0,0,0,0,0,0,0,0,0,0,0,0,0,2,2,2,2,2,2,2,2,2,2,1,1,2,2,2,2,2,2,2,2,2,2,2,2,1,1,1,1,0,0,0,0,0,0,,,,,,,,,,,,,,,,,,,,,,,,,,,,,,,,,,,,,,,,,,,,,,,,
5641,800,6031,5627,,0,0,0,0,0,0,0,0,0,0,0,0,0,0,0,1,1,2,2,2,2,2,2,1,1,1,1,1,1,1,1,1,1,1,1,1,1,1,1,1,1,0,0,0,0,0,0,0,0,,,,,,,,,,,,,,,,,,,,,,,,,,,,,,,,,,,,,,,,,,,,,,,,
5642,1600,5657,5640,5636;5665,2,0,0,0,0,0,0,0,0,0,0,0,0,0,0,1,1,1,1,1,1,1,1,1,1,1,1,1,1,1,1,1,1,1,1,1,1,1,1,0,0,0,0,0,0,0,0,0,0,,,,,,,,,,,,,,,,,,,,,,,,,,,,,,,,,,,,,,,,,,,,,,,,
5643,1200,5997,,,0,0,0,0,0,0,0,0,0,0,0,0,0,0,0,2,2,2,2,2,2,2,2,2,2,1,1,2,2,2,2,2,2,2,2,2,2,2,2,1,1,0,0,0,0,0,0,0,0,,,,,,,,,,,,,,,,,,,,,,,,,,,,,,,,,,,,,,,,,,,,,,,,
5644,4400,5578,5991,5590;5628,2,50,50,52,52,37,37,40,40,46,46,50,50,140,140,967,967,1151,1151,1088,1088,1047,1047,967,967,880,880,932,932,911,911,933,933,958,958,1007,1007,913,913,393,393,252,252,170,170,124,124,63,63,,,,,,,,,,,,,,,,,,,,,,,,,,,,,,,,,,,,,,,,,,,,,,,,
5645,1500,5639,5650,,0,50,50,52,52,37,37,40,40,46,46,50,50,140,140,967,967,1151,1151,1088,1088,1047,1047,967,967,880,880,932,932,911,911,933,933,958,958,1007,1007,913,913,393,393,252,252,170,170,124,124,63,63,,,,,,,,,,,,,,,,,,,,,,,,,,,,,,,,,,,,,,,,,,,,,,,,
5646,2000,5653,5608,,0,63,63,65,65,46,46,49,49,57,57,62,62,174,174,982,982,1182,1182,1077,1077,1043,1043,955,955,884,884,900,900,934,934,926,926,948,948,1012,1012,944,944,526,526,333,333,221,221,161,161,84,84,,,,,,,,,,,,,,,,,,,,,,,,,,,,,,,,,,,,,,,,,,,,,,,,
5647,1200,6046,6048,,0,0,0,0,0,0,0,0,0,0,0,0,0,0,0,2,2,2,2,2,2,2,2,2,2,1,1,1,1,2,2,2,2,2,2,2,2,2,2,1,1,1,1,0,0,0,0,0,0,,,,,,,,,,,,,,,,,,,,,,,,,,,,,,,,,,,,,,,,,,,,,,,,
5648,800,6078,5653,,0,0,0,0,0,0,0,0,0,0,0,0,0,0,0,1,1,1,1,1,1,1,1,1,1,1,1,1,1,1,1,1,1,1,1,1,1,1,1,1,1,0,0,0,0,0,0,0,0,,,,,,,,,,,,,,,,,,,,,,,,,,,,,,,,,,,,,,,,,,,,,,,,
5649,300,,5983,,0,0,0,0,0,0,0,0,0,0,0,0,0,0,0,0,0,0,0,0,0,0,0,0,0,0,0,0,0,0,0,0,0,0,0,0,0,0,0,0,0,0,0,0,0,0,0,0,0,,,,,,,,,,,,,,,,,,,,,,,,,,,,,,,,,,,,,,,,,,,,,,,,
565,2000,566,564,,0,38,38,40,40,28,28,30,30,35,35,38,38,106,106,1010,1010,1173,1173,1121,1121,1069,1069,1008,1008,921,921,970,970,952,952,997,997,1020,1020,1069,1069,975,975,299,299,192,192,130,130,94,94,48,48,,,,,,,,,,,,,,,,,,,,,,,,,,,,,,,,,,,,,,,,,,,,,,,,
5650,2500,5677,5645,5988;5706,2,50,50,52,52,37,37,40,40,46,46,50,50,140,140,967,967,1151,1151,1088,1088,1047,1047,967,967,880,880,932,932,911,911,933,933,958,958,1007,1007,913,913,393,393,252,252,170,170,124,124,63,63,,,,,,,,,,,,,,,,,,,,,,,,,,,,,,,,,,,,,,,,,,,,,,,,
5651,2500,6017,6019,,0,50,50,52,52,37,37,40,40,46,46,50,50,140,140,967,967,1151,1151,1088,1088,1047,1047,967,967,880,880,932,932,911,911,933,933,958,958,1007,1007,913,913,393,393,252,252,170,170,124,124,63,63,,,,,,,,,,,,,,,,,,,,,,,,,,,,,,,,,,,,,,,,,,,,,,,,
5652,300,5766,,,0,0,0,0,0,0,0,0,0,0,0,0,0,0,0,0,0,0,0,0,0,0,0,0,0,0,0,0,0,0,0,0,0,0,0,0,0,0,0,0,0,0,0,0,0,0,0,0,0,,,,,,,,,,,,,,,,,,,,,,,,,,,,,,,,,,,,,,,,,,,,,,,,
5653,1600,5648,5885,5646;5883,2,0,0,0,0,0,0,0,0,0,0,0,0,0,0,2,2,2,2,2,2,2,2,2,2,1,1,1,1,2,2,1,1,2,2,2,2,2,2,1,1,1,1,0,0,0,0,0,0,,,,,,,,,,,,,,,,,,,,,,,,,,,,,,,,,,,,,,,,,,,,,,,,
5654,300,,5768,,0,0,0,0,0,0,0,0,0,0,0,0,0,0,0,0,0,0,0,0,0,0,0,0,0,0,0,0,0,0,0,0,0,0,0,0,0,0,0,0,0,0,0,0,0,0,0,0,0,,,,,,,,,,,,,,,,,,,,,,,,,,,,,,,,,,,,,,,,,,,,,,,,
5655,1200,5886,6048,,0,0,0,0,0,0,0,0,0,0,0,0,0,0,0,1,1,2,2,2,2,1,1,1,1,1,1,1,1,1,1,1,1,1,1,1,1,1,1,1,1,0,0,0,0,0,0,0,0,,,,,,,,,,,,,,,,,,,,,,,,,,,,,,,,,,,,,,,,,,,,,,,,
5656,300,5771,5768,,0,0,0,0,0,0,0,0,0,0,0,0,0,0,0,0,0,0,0,0,0,0,0,0,0,0,0,0,0,0,0,0,0,0,0,0,0,0,0,0,0,0,0,0,0,0,0,0,0,,,,,,,,,,,,,,,,,,,,,,,,,,,,,,,,,,,,,,,,,,,,,,,,
5657,1600,5876,5642,,0,0,0,0,0,0,0,0,0,0,0,0,0,0,0,2,2,3,3,2,2,2,2,2,2,2,2,2,2,2,2,2,2,2,2,2,2,2,2,1,1,1,1,1,1,0,0,0,0,,,,,,,,,,,,,,,,,,,,,,,,,,,,,,,,,,,,,,,,,,,,,,,,
5658,2500,5790,5999,,0,50,50,52,52,37,37,40,40,46,46,50,50,140,140,967,967,1151,1151,1088,1088,1047,1047,967,967,880,880,932,932,911,911,933,933,958,958,1007,1007,913,913,393,393,252,252,170,170,124,124,63,63,,,,,,,,,,,,,,,,,,,,,,,,,,,,,,,,,,,,,,,,,,,,,,,,
5659,2000,6046,5633,,0,63,63,65,65,46,46,49,49,57,57,62,62,174,174,982,982,1182,1182,1077,1077,1043,1043,955,955,884,884,900,900,934,934,926,926,948,948,1012,1012,944,944,526,526,333,333,221,221,161,161,84,84,,,,,,,,,,,,,,,,,,,,,,,,,,,,,,,,,,,,,,,,,,,,,,,,
566,2500,567,302,565,1,38,38,40,40,28,28,30,30,35,35,38,38,106,106,1010,1010,1173,1173,1121,1121,1069,1069,1008,1008,921,921,970,970,952,952,997,997,1020,1020,1069,1069,975,975,299,299,192,192,130,130,94,94,48,48,,,,,,,,,,,,,,,,,,,,,,,,,,,,,,,,,,,,,,,,,,,,,,,,
5660,1600,6024,5867,,0,0,0,0,0,0,0,0,0,0,0,0,0,0,0,2,2,2,2,2,2,2,2,2,2,1,1,1,1,1,1,1,1,1,1,2,2,1,1,1,1,0,0,0,0,0,0,0,0,,,,,,,,,,,,,,,,,,,,,,,,,,,,,,,,,,,,,,,,,,,,,,,,
5661,1200,5662,5886,,0,0,0,0,0,0,0,0,0,0,0,0,0,0,0,2,2,2,2,2,2,2,2,2,2,1,1,1,1,1,1,1,1,1,1,2,2,1,1,1,1,1,1,0,0,0,0,0,0,,,,,,,,,,,,,,,,,,,,,,,,,,,,,,,,,,,,,,,,,,,,,,,,
5662,1600,5669,5661,5887;5690,2,0,0,0,0,0,0,0,0,0,0,0,0,0,0,2,2,3,3,2,2,2,2,2,2,2,2,2,2,2,2,2,2,2,2,2,2,2,2,1,1,1,1,0,0,0,0,0,0,,,,,,,,,,,,,,,,,,,,,,,,,,,,,,,,,,,,,,,,,,,,,,,,
5663,1200,5671,6078,,0,0,0,0,0,0,0,0,0,0,0,0,0,0,0,2,2,3,3,2,2,2,2,2,2,2,2,2,2,2,2,2,2,2,2,2,2,2,2,1,1,1,1,0,0,0,0,0,0,,,,,,,,,,,,,,,,,,,,,,,,,,,,,,,,,,,,,,,,,,,,,,,,
5664,1500,6024,5673,,0,50,50,52,52,37,37,40,40,46,46,50,50,140,140,967,967,1151,1151,1088,1088,1047,1047,967,967,880,880,932,932,911,911,933,933,958,958,1007,1007,913,913,393,393,252,252,170,170,124,124,63,63,,,,,,,,,,,,,,,,,,,,,,,,,,,,,,,,,,,,,,,,,,,,,,,,
5665,1600,5674,5642,,0,0,0,0,0,0,0,0,0,0,0,0,0,0,0,1,1,1,1,1,1,1,1,1,1,1,1,1,1,1,1,1,1,1,1,1,1,1,1,1,1,0,0,0,0,0,0,0,0,,,,,,,,,,,,,,,,,,,,,,,,,,,,,,,,,,,,,,,,,,,,,,,,
5666,1600,5673,5667,,0,0,0,0,0,0,0,0,0,0,0,0,0,0,0,1,1,2,2,2,2,1,1,1,1,1,1,1,1,1,1,1,1,1,1,1,1,1,1,1,1,0,0,0,0,0,0,0,0,,,,,,,,,,,,,,,,,,,,,,,,,,,,,,,,,,,,,,,,,,,,,,,,
5667,1200,5875,5874,5666,1,0,0,0,0,0,0,0,0,0,0,0,0,0,0,2,2,2,2,2,2,2,2,2,2,2,2,2,2,2,2,2,2,2,2,2,2,2,2,1,1,1,1,0,0,0,0,0,0,,,,,,,,,,,,,,,,,,,,,,,,,,,,,,,,,,,,,,,,,,,,,,,,
5668,1200,5997,5794,,0,0,0,0,0,0,0,0,0,0,0,0,0,0,0,1,1,1,1,1,1,1,1,1,1,1,1,1,1,1,1,1,1,1,1,1,1,1,1,1,1,0,0,0,0,0,0,0,0,,,,,,,,,,,,,,,,,,,,,,,,,,,,,,,,,,,,,,,,,,,,,,,,
5669,1200,5674,5662,,0,0,0,0,0,0,0,0,0,0,0,0,0,0,0,2,2,2,2,2,2,2,2,1,1,1,1,1,1,1,1,1,1,1,1,2,2,1,1,1,1,1,1,0,0,0,0,0,0,,,,,,,,,,,,,,,,,,,,,,,,,,,,,,,,,,,,,,,,,,,,,,,,
567,1500,568,566,,0,38,38,40,40,28,28,30,30,35,35,38,38,106,106,1010,1010,1173,1173,1121,1121,1069,1069,1008,1008,921,921,970,970,952,952,997,997,1020,1020,1069,1069,975,975,299,299,192,192,130,130,94,94,48,48,,,,,,,,,,,,,,,,,,,,,,,,,,,,,,,,,,,,,,,,,,,,,,,,
5670,300,,5790,,0,0,0,0,0,0,0,0,0,0,0,0,0,0,0,2,2,2,2,2,2,2,2,2,2,1,1,2,2,2,2,2,2,2,2,2,2,2,2,1,1,0,0,0,0,0,0,0,0,,,,,,,,,,,,,,,,,,,,,,,,,,,,,,,,,,,,,,,,,,,,,,,,
5671,1200,5663,5694,3002;5679,2,0,0,0,0,0,0,0,0,0,0,0,0,0,0,3,3,3,3,3,3,3,3,3,3,2,2,2,2,3,3,2,2,3,3,3,3,3,3,1,1,1,1,1,1,0,0,0,0,,,,,,,,,,,,,,,,,,,,,,,,,,,,,,,,,,,,,,,,,,,,,,,,
5672,4000,5995,5796,,0,67,67,70,70,49,49,53,53,62,62,67,67,186,186,910,910,1134,1134,1023,1023,977,977,900,900,812,812,861,861,864,864,851,851,886,886,939,939,854,854,524,524,336,336,227,227,165,165,84,84,,,,,,,,,,,,,,,,,,,,,,,,,,,,,,,,,,,,,,,,,,,,,,,,
5673,1600,5666,5680,5664;5698,2,0,0,0,0,0,0,0,0,0,0,0,0,0,0,1,1,1,1,1,1,1,1,1,1,1,1,1,1,1,1,1,1,1,1,1,1,1,1,1,1,0,0,0,0,0,0,0,0,,,,,,,,,,,,,,,,,,,,,,,,,,,,,,,,,,,,,,,,,,,,,,,,
5674,1600,5669,5686,5665;5701,2,0,0,0,0,0,0,0,0,0,0,0,0,0,0,1,1,1,1,1,1,1,1,1,1,1,1,1,1,1,1,1,1,1,1,1,1,1,1,0,0,0,0,0,0,0,0,0,0,,,,,,,,,,,,,,,,,,,,,,,,,,,,,,,,,,,,,,,,,,,,,,,,
5675,1600,5798,5770,,0,0,0,0,0,0,0,0,0,0,0,0,0,0,0,1,1,1,1,1,1,1,1,1,1,1,1,1,1,1,1,1,1,1,1,1,1,1,1,0,0,0,0,0,0,0,0,0,0,,,,,,,,,,,,,,,,,,,,,,,,,,,,,,,,,,,,,,,,,,,,,,,,
5676,800,5884,5683,,0,0,0,0,0,0,0,0,0,0,0,0,0,0,0,1,1,1,1,1,1,1,1,1,1,1,1,1,1,1,1,1,1,1,1,1,1,1,1,1,1,0,0,0,0,0,0,0,0,,,,,,,,,,,,,,,,,,,,,,,,,,,,,,,,,,,,,,,,,,,,,,,,
5677,1200,5678,5650,,0,0,0,0,0,0,0,0,0,0,0,0,0,0,0,1,1,1,1,1,1,1,1,1,1,1,1,1,1,1,1,1,1,1,1,1,1,1,1,0,0,0,0,0,0,0,0,0,0,,,,,,,,,,,,,,,,,,,,,,,,,,,,,,,,,,,,,,,,,,,,,,,,
5678,800,5712,5789,5677;5811,2,0,0,0,0,0,0,0,0,0,0,0,0,0,0,1,1,1,1,1,1,1,1,1,1,1,1,1,1,1,1,1,1,1,1,1,1,1,1,0,0,0,0,0,0,0,0,0,0,,,,,,,,,,,,,,,,,,,,,,,,,,,,,,,,,,,,,,,,,,,,,,,,
5679,1200,5671,5683,,0,0,0,0,0,0,0,0,0,0,0,0,0,0,0,2,2,3,3,2,2,2,2,2,2,2,2,2,2,2,2,2,2,2,2,2,2,2,2,1,1,1,1,0,0,0,0,0,0,,,,,,,,,,,,,,,,,,,,,,,,,,,,,,,,,,,,,,,,,,,,,,,,
568,2000,5027,567,272,1,38,38,40,40,28,28,30,30,35,35,38,38,106,106,1010,1010,1173,1173,1121,1121,1069,1069,1008,1008,921,921,970,970,952,952,997,997,1020,1020,1069,1069,975,975,299,299,192,192,130,130,94,94,48,48,,,,,,,,,,,,,,,,,,,,,,,,,,,,,,,,,,,,,,,,,,,,,,,,
5680,1600,5673,5865,,0,0,0,0,0,0,0,0,0,0,0,0,0,0,0,2,2,2,2,2,2,2,2,2,2,1,1,1,1,2,2,2,2,2,2,2,2,2,2,1,1,0,0,0,0,0,0,0,0,,,,,,,,,,,,,,,,,,,,,,,,,,,,,,,,,,,,,,,,,,,,,,,,
5681,300,5812,,,0,0,0,0,0,0,0,0,0,0,0,0,0,0,0,1,1,1,1,1,1,1,1,1,1,1,1,1,1,1,1,1,1,1,1,1,1,1,1,0,0,0,0,0,0,0,0,0,0,,,,,,,,,,,,,,,,,,,,,,,,,,,,,,,,,,,,,,,,,,,,,,,,
5682,1600,5882,5884,,0,0,0,0,0,0,0,0,0,0,0,0,0,0,0,1,1,1,1,1,1,1,1,1,1,1,1,1,1,1,1,1,1,1,1,1,1,1,1,1,1,0,0,0,0,0,0,0,0,,,,,,,,,,,,,,,,,,,,,,,,,,,,,,,,,,,,,,,,,,,,,,,,
5683,1600,5679,5692,5676;5703,2,0,0,0,0,0,0,0,0,0,0,0,0,0,0,1,1,1,1,1,1,1,1,1,1,1,1,1,1,1,1,1,1,1,1,1,1,1,1,1,1,0,0,0,0,0,0,0,0,,,,,,,,,,,,,,,,,,,,,,,,,,,,,,,,,,,,,,,,,,,,,,,,
5684,300,5800,,,0,0,0,0,0,0,0,0,0,0,0,0,0,0,0,1,1,1,1,1,1,1,1,1,1,1,1,1,1,1,1,1,1,1,1,1,1,1,1,0,0,0,0,0,0,0,0,0,0,,,,,,,,,,,,,,,,,,,,,,,,,,,,,,,,,,,,,,,,,,,,,,,,
5685,3500,5619,5687,,0,67,67,70,70,49,49,53,53,62,62,67,67,186,186,910,910,1134,1134,1023,1023,977,977,900,900,812,812,861,861,864,864,851,851,886,886,939,939,854,854,524,524,336,336,227,227,165,165,84,84,,,,,,,,,,,,,,,,,,,,,,,,,,,,,,,,,,,,,,,,,,,,,,,,
5686,1600,5877,5674,,0,0,0,0,0,0,0,0,0,0,0,0,0,0,0,2,2,2,2,2,2,2,2,2,2,2,2,2,2,2,2,2,2,2,2,2,2,2,2,1,1,1,1,0,0,0,0,0,0,,,,,,,,,,,,,,,,,,,,,,,,,,,,,,,,,,,,,,,,,,,,,,,,
5687,300,5685,5869,,0,0,0,0,0,0,0,0,0,0,0,0,0,0,0,0,0,1,1,0,0,0,0,0,0,0,0,0,0,0,0,0,0,0,0,0,0,0,0,0,0,0,0,0,0,0,0,0,0,,,,,,,,,,,,,,,,,,,,,,,,,,,,,,,,,,,,,,,,,,,,,,,,
5688,1200,,5792,,0,0,0,0,0,0,0,0,0,0,0,0,0,0,0,0,0,1,1,0,0,0,0,0,0,0,0,0,0,0,0,0,0,0,0,0,0,0,0,0,0,0,0,0,0,0,0,0,0,,,,,,,,,,,,,,,,,,,,,,,,,,,,,,,,,,,,,,,,,,,,,,,,
5689,1200,5802,5774,,0,0,0,0,0,0,0,0,0,0,0,0,0,0,0,0,0,0,0,0,0,0,0,0,0,0,0,0,0,0,0,0,0,0,0,0,0,0,0,0,0,0,0,0,0,0,0,0,0,,,,,,,,,,,,,,,,,,,,,,,,,,,,,,,,,,,,,,,,,,,,,,,,
5690,2000,5662,5882,,0,63,63,65,65,46,46,49,49,57,57,62,62,174,174,982,982,1182,1182,1077,1077,1043,1043,955,955,884,884,900,900,934,934,926,926,948,948,1012,1012,944,944,526,526,333,333,221,221,161,161,84,84,,,,,,,,,,,,,,,,,,,,,,,,,,,,,,,,,,,,,,,,,,,,,,,,
5691,4400,,5764,,0,43,43,43,43,30,30,32,32,37,37,42,42,117,117,885,885,1005,1005,931,931,924,924,836,836,809,809,768,768,844,844,845,845,842,842,909,909,884,884,416,416,256,256,164,164,120,120,67,67,,,,,,,,,,,,,,,,,,,,,,,,,,,,,,,,,,,,,,,,,,,,,,,,
5692,1200,5696,5683,,0,0,0,0,0,0,0,0,0,0,0,0,0,0,0,1,1,1,1,1,1,1,1,1,1,1,1,1,1,1,1,1,1,1,1,1,1,1,1,1,1,0,0,0,0,0,0,0,0,,,,,,,,,,,,,,,,,,,,,,,,,,,,,,,,,,,,,,,,,,,,,,,,
5693,4400,5871,5624,,0,67,67,70,70,49,49,53,53,62,62,67,67,186,186,910,910,1134,1134,1023,1023,977,977,900,900,812,812,861,861,864,864,851,851,886,886,939,939,854,854,524,524,336,336,227,227,165,165,84,84,,,,,,,,,,,,,,,,,,,,,,,,,,,,,,,,,,,,,,,,,,,,,,,,
5694,800,5671,3151,,0,0,0,0,0,0,0,0,0,0,0,0,0,1,1,3,3,4,4,3,3,3,3,3,3,3,3,3,3,3,3,3,3,3,3,3,3,3,3,2,2,1,1,1,1,1,1,0,0,,,,,,,,,,,,,,,,,,,,,,,,,,,,,,,,,,,,,,,,,,,,,,,,
5695,1200,5804,5802,,0,0,0,0,0,0,0,0,0,0,0,0,0,0,0,0,0,0,0,0,0,0,0,0,0,0,0,0,0,0,0,0,0,0,0,0,0,0,0,0,0,0,0,0,0,0,0,0,0,,,,,,,,,,,,,,,,,,,,,,,,,,,,,,,,,,,,,,,,,,,,,,,,
5696,1600,5692,5702,5881;5717,2,0,0,0,0,0,0,0,0,0,0,0,0,0,0,2,2,2,2,2,2,2,2,1,1,1,1,1,1,1,1,1,1,1,1,2,2,1,1,1,1,1,1,0,0,0,0,0,0,,,,,,,,,,,,,,,,,,,,,,,,,,,,,,,,,,,,,,,,,,,,,,,,
5697,800,5700,5774,,0,0,0,0,0,0,0,0,0,0,0,0,0,0,0,0,0,1,1,0,0,0,0,0,0,0,0,0,0,0,0,0,0,0,0,0,0,0,0,0,0,0,0,0,0,0,0,0,0,,,,,,,,,,,,,,,,,,,,,,,,,,,,,,,,,,,,,,,,,,,,,,,,
5698,2500,5673,5863,,0,50,50,52,52,37,37,40,40,46,46,50,50,140,140,967,967,1151,1151,1088,1088,1047,1047,967,967,880,880,932,932,911,911,933,933,958,958,1007,1007,913,913,393,393,252,252,170,170,124,124,63,63,,,,,,,,,,,,,,,,,,,,,,,,,,,,,,,,,,,,,,,,,,,,,,,,
5699,300,5987,5985,,0,0,0,0,0,0,0,0,0,0,0,0,0,0,0,1,1,1,1,1,1,1,1,1,1,1,1,1,1,1,1,1,1,1,1,1,1,1,1,0,0,0,0,0,0,0,0,0,0,,,,,,,,,,,,,,,,,,,,,,,,,,,,,,,,,,,,,,,,,,,,,,,,
57,2500,54,58,46;72,2,50,50,52,52,37,37,40,40,46,46,50,50,140,140,967,967,1151,1151,1088,1088,1047,1047,967,967,880,880,932,932,911,911,933,933,958,958,1007,1007,913,913,393,393,252,252,170,170,124,124,63,63,,,,,,,,,,,,,,,,,,,,,,,,,,,,,,,,,,,,,,,,,,,,,,,,
570,1200,14738,,10253,1,0,0,0,0,0,0,0,0,0,0,0,0,0,0,2,2,3,3,2,2,2,2,2,2,2,2,2,2,2,2,2,2,2,2,2,2,2,2,1,1,1,1,1,1,0,0,0,0,,,,,,,,,,,,,,,,,,,,,,,,,,,,,,,,,,,,,,,,,,,,,,,,
5700,300,5697,5708,5803;5784,2,0,0,0,0,0,0,0,0,0,0,0,0,0,0,1,1,1,1,1,1,1,1,1,1,1,1,1,1,1,1,1,1,1,1,1,1,1,1,0,0,0,0,0,0,0,0,0,0,,,,,,,,,,,,,,,,,,,,,,,,,,,,,,,,,,,,,,,,,,,,,,,,
5701,1600,5674,5705,,0,0,0,0,0,0,0,0,0,0,0,0,0,0,0,1,1,1,1,1,1,1,1,1,1,1,1,1,1,1,1,1,1,1,1,1,1,1,1,1,1,0,0,0,0,0,0,0,0,,,,,,,,,,,,,,,,,,,,,,,,,,,,,,,,,,,,,,,,,,,,,,,,
5702,1200,5705,5696,,0,0,0,0,0,0,0,0,0,0,0,0,0,0,0,1,1,1,1,1,1,1,1,1,1,1,1,1,1,1,1,1,1,1,1,1,1,1,1,1,1,0,0,0,0,0,0,0,0,,,,,,,,,,,,,,,,,,,,,,,,,,,,,,,,,,,,,,,,,,,,,,,,
5703,1600,5683,5715,,0,0,0,0,0,0,0,0,0,0,0,0,0,0,0,1,1,2,2,1,1,1,1,1,1,1,1,1,1,1,1,1,1,1,1,1,1,1,1,1,1,0,0,0,0,0,0,0,0,,,,,,,,,,,,,,,,,,,,,,,,,,,,,,,,,,,,,,,,,,,,,,,,
5704,3500,5873,6018,,0,50,50,52,52,37,37,40,40,46,46,50,50,140,140,967,967,1151,1151,1088,1088,1047,1047,967,967,880,880,932,932,911,911,933,933,958,958,1007,1007,913,913,393,393,252,252,170,170,124,124,63,63,,,,,,,,,,,,,,,,,,,,,,,,,,,,,,,,,,,,,,,,,,,,,,,,
5705,1600,5716,5702,5701;5725,2,0,0,0,0,0,0,0,0,0,0,0,0,0,0,1,1,2,2,2,2,2,2,1,1,1,1,1,1,1,1,1,1,1,1,1,1,1,1,1,1,0,0,0,0,0,0,0,0,,,,,,,,,,,,,,,,,,,,,,,,,,,,,,,,,,,,,,,,,,,,,,,,
5706,2500,5650,5865,,0,50,50,52,52,37,37,40,40,46,46,50,50,140,140,967,967,1151,1151,1088,1088,1047,1047,967,967,880,880,932,932,911,911,933,933,958,958,1007,1007,913,913,393,393,252,252,170,170,124,124,63,63,,,,,,,,,,,,,,,,,,,,,,,,,,,,,,,,,,,,,,,,,,,,,,,,
5707,1200,5863,5871,,0,0,0,0,0,0,0,0,0,0,0,0,0,0,0,1,1,1,1,1,1,1,1,1,1,1,1,1,1,1,1,1,1,1,1,1,1,1,1,1,1,0,0,0,0,0,0,0,0,,,,,,,,,,,,,,,,,,,,,,,,,,,,,,,,,,,,,,,,,,,,,,,,
5708,300,5700,,,0,0,0,0,0,0,0,0,0,0,0,0,0,0,0,1,1,1,1,1,1,1,1,1,1,1,1,1,1,1,1,1,1,1,1,1,1,1,1,0,0,0,0,0,0,0,0,0,0,,,,,,,,,,,,,,,,,,,,,,,,,,,,,,,,,,,,,,,,,,,,,,,,
5709,1600,12460,5864,5862;5711,2,0,0,0,0,0,0,0,0,0,0,0,0,0,0,1,1,1,1,1,1,1,1,1,1,1,1,1,1,1,1,1,1,1,1,1,1,1,1,0,0,0,0,0,0,0,0,0,0,,,,,,,,,,,,,,,,,,,,,,,,,,,,,,,,,,,,,,,,,,,,,,,,
571,2200,10268,14738,579,1,63,63,66,66,46,46,50,50,58,58,63,63,175,175,972,972,1175,1175,1069,1069,1034,1034,947,947,874,874,895,895,924,924,915,915,939,939,1001,1001,931,931,526,526,333,333,222,222,161,161,84,84,,,,,,,,,,,,,,,,,,,,,,,,,,,,,,,,,,,,,,,,,,,,,,,,
5710,300,,5775,,0,4,4,4,4,3,3,3,3,4,4,4,4,12,12,88,88,100,100,93,93,92,92,84,84,81,81,77,77,84,84,84,84,84,84,91,91,88,88,42,42,26,26,16,16,12,12,7,7,,,,,,,,,,,,,,,,,,,,,,,,,,,,,,,,,,,,,,,,,,,,,,,,
5711,1200,,5709,,0,0,0,0,0,0,0,0,0,0,0,0,0,0,0,1,1,1,1,1,1,1,1,1,1,1,1,1,1,1,1,1,1,1,1,1,1,1,1,0,0,0,0,0,0,0,0,0,0,,,,,,,,,,,,,,,,,,,,,,,,,,,,,,,,,,,,,,,,,,,,,,,,
5712,2500,5678,,,0,50,50,52,52,37,37,40,40,46,46,50,50,140,140,967,967,1151,1151,1088,1088,1047,1047,967,967,880,880,932,932,911,911,933,933,958,958,1007,1007,913,913,393,393,252,252,170,170,124,124,63,63,,,,,,,,,,,,,,,,,,,,,,,,,,,,,,,,,,,,,,,,,,,,,,,,
5713,3000,5812,5857,,0,50,50,52,52,37,37,40,40,46,46,50,50,140,140,967,967,1151,1151,1088,1088,1047,1047,967,967,880,880,932,932,911,911,933,933,958,958,1007,1007,913,913,393,393,252,252,170,170,124,124,63,63,,,,,,,,,,,,,,,,,,,,,,,,,,,,,,,,,,,,,,,,,,,,,,,,
5714,1600,5781,,,0,0,0,0,0,0,0,0,0,0,0,0,0,0,0,1,1,2,2,2,2,2,2,1,1,1,1,1,1,1,1,1,1,1,1,1,1,1,1,1,1,0,0,0,0,0,0,0,0,,,,,,,,,,,,,,,,,,,,,,,,,,,,,,,,,,,,,,,,,,,,,,,,
5715,1600,5880,5703,3038;5722,2,0,0,0,0,0,0,0,0,0,0,0,0,0,0,2,2,2,2,2,2,2,2,2,2,2,2,2,2,2,2,2,2,2,2,2,2,2,2,1,1,1,1,0,0,0,0,0,0,,,,,,,,,,,,,,,,,,,,,,,,,,,,,,,,,,,,,,,,,,,,,,,,
5716,1200,5879,5705,,0,0,0,0,0,0,0,0,0,0,0,0,0,0,0,2,2,2,2,2,2,2,2,2,2,2,2,2,2,2,2,2,2,2,2,2,2,2,2,1,1,1,1,0,0,0,0,0,0,,,,,,,,,,,,,,,,,,,,,,,,,,,,,,,,,,,,,,,,,,,,,,,,
5717,2500,5696,5726,,0,63,63,65,65,46,46,49,49,57,57,62,62,174,174,982,982,1182,1182,1077,1077,1043,1043,955,955,884,884,900,900,934,934,926,926,948,948,1012,1012,944,944,526,526,333,333,221,221,161,161,84,84,,,,,,,,,,,,,,,,,,,,,,,,,,,,,,,,,,,,,,,,,,,,,,,,
5718,300,5787,5814,,0,0,0,0,0,0,0,0,0,0,0,0,0,0,0,1,1,2,2,2,2,1,1,1,1,1,1,1,1,1,1,1,1,1,1,1,1,1,1,1,1,0,0,0,0,0,0,0,0,,,,,,,,,,,,,,,,,,,,,,,,,,,,,,,,,,,,,,,,,,,,,,,,
5719,300,5806,5818,,0,0,0,0,0,0,0,0,0,0,0,0,0,0,0,2,2,2,2,2,2,2,2,2,2,1,1,2,2,2,2,2,2,2,2,2,2,2,2,1,1,0,0,0,0,0,0,0,0,,,,,,,,,,,,,,,,,,,,,,,,,,,,,,,,,,,,,,,,,,,,,,,,
572,1100,14738,579,10278,1,63,63,66,66,46,46,50,50,58,58,63,63,175,175,972,972,1175,1175,1069,1069,1034,1034,947,947,874,874,895,895,924,924,915,915,939,939,1001,1001,931,931,526,526,333,333,222,222,161,161,84,84,,,,,,,,,,,,,,,,,,,,,,,,,,,,,,,,,,,,,,,,,,,,,,,,
5720,300,,5779,,0,0,0,0,0,0,0,0,0,0,0,0,0,0,0,2,2,2,2,2,2,2,2,2,2,2,2,2,2,2,2,2,2,2,2,2,2,2,2,1,1,1,1,0,0,0,0,0,0,,,,,,,,,,,,,,,,,,,,,,,,,,,,,,,,,,,,,,,,,,,,,,,,
5721,1600,5959,5961,,0,33,33,31,31,22,22,23,23,26,26,31,31,88,88,1055,1055,1119,1119,1058,1058,1080,1080,966,966,980,980,861,861,1008,1008,1021,1021,988,988,1080,1080,1096,1096,421,421,249,249,150,150,110,110,68,68,,,,,,,,,,,,,,,,,,,,,,,,,,,,,,,,,,,,,,,,,,,,,,,,
5722,4400,5715,5726,,0,67,67,70,70,49,49,53,53,62,62,67,67,186,186,910,910,1134,1134,1023,1023,977,977,900,900,812,812,861,861,864,864,851,851,886,886,939,939,854,854,524,524,336,336,227,227,165,165,84,84,,,,,,,,,,,,,,,,,,,,,,,,,,,,,,,,,,,,,,,,,,,,,,,,
5723,800,5785,5783,5786,1,0,0,0,0,0,0,0,0,0,0,0,0,0,0,1,1,1,1,1,1,1,1,1,1,1,1,1,1,1,1,1,1,1,1,1,1,1,1,0,0,0,0,0,0,0,0,0,0,,,,,,,,,,,,,,,,,,,,,,,,,,,,,,,,,,,,,,,,,,,,,,,,
5724,3000,,597,,0,50,50,52,52,37,37,40,40,46,46,50,50,140,140,967,967,1151,1151,1088,1088,1047,1047,967,967,880,880,932,932,911,911,933,933,958,958,1007,1007,913,913,393,393,252,252,170,170,124,124,63,63,,,,,,,,,,,,,,,,,,,,,,,,,,,,,,,,,,,,,,,,,,,,,,,,
5725,1500,5705,12412,,0,63,63,65,65,46,46,49,49,57,57,62,62,174,174,982,982,1182,1182,1077,1077,1043,1043,955,955,884,884,900,900,934,934,926,926,948,948,1012,1012,944,944,526,526,333,333,221,221,161,161,84,84,,,,,,,,,,,,,,,,,,,,,,,,,,,,,,,,,,,,,,,,,,,,,,,,
5726,2500,12430,5717,5722;12410,2,63,63,65,65,46,46,49,49,57,57,62,62,174,174,982,982,1182,1182,1077,1077,1043,1043,955,955,884,884,900,900,934,934,926,926,948,948,1012,1012,944,944,526,526,333,333,221,221,161,161,84,84,,,,,,,,,,,,,,,,,,,,,,,,,,,,,,,,,,,,,,,,,,,,,,,,
5727,4400,5624,12639,,0,42,42,39,39,28,28,29,29,34,34,39,39,112,112,1343,1343,1424,1424,1347,1347,1375,1375,1229,1229,1247,1247,1096,1096,1282,1282,1299,1299,1257,1257,1375,1375,1394,1394,536,536,316,316,190,190,140,140,87,87,,,,,,,,,,,,,,,,,,,,,,,,,,,,,,,,,,,,,,,,,,,,,,,,
5728,1200,5457,5478,5476,1,0,0,0,0,0,0,0,0,0,0,0,0,1,1,3,3,4,4,3,3,3,3,3,3,3,3,3,3,3,3,3,3,3,3,3,3,3,3,2,2,1,1,1,1,0,0,0,0,,,,,,,,,,,,,,,,,,,,,,,,,,,,,,,,,,,,,,,,,,,,,,,,
5729,1200,5621,6101,6027,1,0,0,0,0,0,0,0,0,0,0,0,0,1,1,3,3,4,4,3,3,3,3,3,3,3,3,3,3,3,3,3,3,3,3,3,3,3,3,2,2,1,1,1,1,1,1,0,0,,,,,,,,,,,,,,,,,,,,,,,,,,,,,,,,,,,,,,,,,,,,,,,,
573,1100,14738,583,10285,1,63,63,66,66,46,46,50,50,58,58,63,63,175,175,972,972,1175,1175,1069,1069,1034,1034,947,947,874,874,895,895,924,924,915,915,939,939,1001,1001,931,931,526,526,333,333,222,222,161,161,84,84,,,,,,,,,,,,,,,,,,,,,,,,,,,,,,,,,,,,,,,,,,,,,,,,
5730,2000,12609,5860,598;12906,2,50,50,52,52,37,37,40,40,46,46,50,50,140,140,967,967,1151,1151,1088,1088,1047,1047,967,967,880,880,932,932,911,911,933,933,958,958,1007,1007,913,913,393,393,252,252,170,170,124,124,63,63,,,,,,,,,,,,,,,,,,,,,,,,,,,,,,,,,,,,,,,,,,,,,,,,
5731,300,5732,5508,,0,0,0,0,0,0,0,0,0,0,0,0,0,0,0,1,1,1,1,1,1,1,1,1,1,1,1,1,1,1,1,1,1,1,1,1,1,1,1,0,0,0,0,0,0,0,0,0,0,,,,,,,,,,,,,,,,,,,,,,,,,,,,,,,,,,,,,,,,,,,,,,,,
5732,300,5512,5515,5731,1,0,0,0,0,0,0,0,0,0,0,0,0,0,0,1,1,1,1,1,1,1,1,1,1,1,1,1,1,1,1,1,1,1,1,1,1,1,1,1,1,0,0,0,0,0,0,0,0,,,,,,,,,,,,,,,,,,,,,,,,,,,,,,,,,,,,,,,,,,,,,,,,
5733,300,5734,5508,,0,0,0,0,0,0,0,0,0,0,0,0,0,0,0,1,1,1,1,1,1,1,1,1,1,1,1,1,1,1,1,1,1,1,1,1,1,1,1,0,0,0,0,0,0,0,0,0,0,,,,,,,,,,,,,,,,,,,,,,,,,,,,,,,,,,,,,,,,,,,,,,,,
5734,300,5739,5503,5733;5509,2,0,0,0,0,0,0,0,0,0,0,0,0,0,0,1,1,1,1,1,1,1,1,1,1,1,1,1,1,1,1,1,1,1,1,1,1,1,1,0,0,0,0,0,0,0,0,0,0,,,,,,,,,,,,,,,,,,,,,,,,,,,,,,,,,,,,,,,,,,,,,,,,
5735,1600,5529,5736,,0,0,0,0,0,0,0,0,0,0,0,0,0,0,0,2,2,2,2,2,2,2,2,2,2,1,1,1,1,2,2,2,2,2,2,2,2,2,2,1,1,0,0,0,0,0,0,0,0,,,,,,,,,,,,,,,,,,,,,,,,,,,,,,,,,,,,,,,,,,,,,,,,
5736,300,5512,5737,5735,1,0,0,0,0,0,0,0,0,0,0,0,0,0,0,1,1,1,1,1,1,1,1,1,1,1,1,1,1,1,1,1,1,1,1,1,1,1,1,1,1,0,0,0,0,0,0,0,0,,,,,,,,,,,,,,,,,,,,,,,,,,,,,,,,,,,,,,,,,,,,,,,,
5737,1200,5738,5736,,0,0,0,0,0,0,0,0,0,0,0,0,0,0,0,1,1,1,1,1,1,1,1,1,1,1,1,1,1,1,1,1,1,1,1,1,1,1,1,0,0,0,0,0,0,0,0,0,0,,,,,,,,,,,,,,,,,,,,,,,,,,,,,,,,,,,,,,,,,,,,,,,,
5738,300,5509,5522,5737,1,0,0,0,0,0,0,0,0,0,0,0,0,0,0,1,1,1,1,1,1,1,1,1,1,1,1,1,1,1,1,1,1,1,1,1,1,1,1,0,0,0,0,0,0,0,0,0,0,,,,,,,,,,,,,,,,,,,,,,,,,,,,,,,,,,,,,,,,,,,,,,,,
5739,800,5740,5734,,0,1,1,1,1,0,0,0,0,0,0,1,1,1,1,10,10,11,11,11,11,10,10,9,9,9,9,9,9,9,9,9,9,9,9,10,10,10,10,5,5,3,3,2,2,1,1,1,1,,,,,,,,,,,,,,,,,,,,,,,,,,,,,,,,,,,,,,,,,,,,,,,,
574,1650,14738,584,10297,1,63,63,66,66,46,46,50,50,58,58,63,63,175,175,972,972,1175,1175,1069,1069,1034,1034,947,947,874,874,895,895,924,924,915,915,939,939,1001,1001,931,931,526,526,333,333,222,222,161,161,84,84,,,,,,,,,,,,,,,,,,,,,,,,,,,,,,,,,,,,,,,,,,,,,,,,
5740,400,5500,5739,5474,1,0,0,0,0,0,0,0,0,0,0,0,0,1,1,6,6,7,7,7,7,7,7,6,6,6,6,6,6,6,6,6,6,6,6,7,7,6,6,3,3,2,2,1,1,1,1,1,1,,,,,,,,,,,,,,,,,,,,,,,,,,,,,,,,,,,,,,,,,,,,,,,,
5741,2000,5518,5742,,0,67,67,70,70,49,49,53,53,62,62,67,67,186,186,910,910,1134,1134,1023,1023,977,977,900,900,812,812,861,861,864,864,851,851,886,886,939,939,854,854,524,524,336,336,227,227,165,165,84,84,,,,,,,,,,,,,,,,,,,,,,,,,,,,,,,,,,,,,,,,,,,,,,,,
5742,300,5472,6089,5741,1,0,0,0,0,0,0,0,0,0,0,0,0,1,1,5,5,5,5,5,5,5,5,4,4,4,4,4,4,4,4,4,4,4,4,5,5,4,4,2,2,1,1,1,1,1,1,0,0,,,,,,,,,,,,,,,,,,,,,,,,,,,,,,,,,,,,,,,,,,,,,,,,
5743,1200,6088,,,0,13,13,14,14,10,10,10,10,12,12,13,13,36,36,179,179,223,223,201,201,192,192,177,177,160,160,169,169,170,170,167,167,174,174,184,184,168,168,103,103,66,66,44,44,32,32,16,16,,,,,,,,,,,,,,,,,,,,,,,,,,,,,,,,,,,,,,,,,,,,,,,,
5744,4400,5505,5745,,0,50,50,52,52,37,37,40,40,46,46,50,50,140,140,967,967,1151,1151,1088,1088,1047,1047,967,967,880,880,932,932,911,911,933,933,958,958,1007,1007,913,913,393,393,252,252,170,170,124,124,63,63,,,,,,,,,,,,,,,,,,,,,,,,,,,,,,,,,,,,,,,,,,,,,,,,
5745,800,5566,5543,5744,1,0,0,0,0,0,0,0,0,0,0,0,0,0,0,2,2,2,2,2,2,2,2,2,2,2,2,2,2,2,2,2,2,2,2,2,2,2,2,1,1,1,1,0,0,0,0,0,0,,,,,,,,,,,,,,,,,,,,,,,,,,,,,,,,,,,,,,,,,,,,,,,,
5746,4000,5494,5747,,0,67,67,70,70,49,49,53,53,62,62,67,67,186,186,910,910,1134,1134,1023,1023,977,977,900,900,812,812,861,861,864,864,851,851,886,886,939,939,854,854,524,524,336,336,227,227,165,165,84,84,,,,,,,,,,,,,,,,,,,,,,,,,,,,,,,,,,,,,,,,,,,,,,,,
5747,800,5466,5486,5746,1,53,53,55,55,38,38,42,42,48,48,53,53,146,146,715,715,891,891,804,804,768,768,707,707,638,638,676,676,679,679,669,669,696,696,738,738,671,671,411,411,264,264,178,178,130,130,66,66,,,,,,,,,,,,,,,,,,,,,,,,,,,,,,,,,,,,,,,,,,,,,,,,
5748,1200,5749,5482,,0,0,0,0,0,0,0,0,0,0,0,0,0,1,1,6,6,7,7,7,7,6,6,6,6,6,6,5,5,6,6,6,6,6,6,6,6,6,6,3,3,2,2,1,1,1,1,0,0,,,,,,,,,,,,,,,,,,,,,,,,,,,,,,,,,,,,,,,,,,,,,,,,
5749,1200,5748,5750,5468,1,0,0,0,0,0,0,0,0,0,0,0,0,1,1,4,4,5,5,5,5,5,5,4,4,4,4,4,4,4,4,4,4,4,4,5,5,4,4,2,2,1,1,1,1,1,1,0,0,,,,,,,,,,,,,,,,,,,,,,,,,,,,,,,,,,,,,,,,,,,,,,,,
575,1100,14738,,10301,1,50,50,52,52,37,37,40,40,46,46,50,50,140,140,967,967,1151,1151,1088,1088,1047,1047,967,967,880,880,932,932,911,911,933,933,958,958,1007,1007,913,913,393,393,252,252,170,170,124,124,63,63,,,,,,,,,,,,,,,,,,,,,,,,,,,,,,,,,,,,,,,,,,,,,,,,
5750,1200,5749,5751,,0,0,0,0,0,0,0,0,0,0,0,0,0,1,1,5,5,6,6,6,6,6,6,5,5,5,5,5,5,5,5,5,5,5,5,5,5,5,5,3,3,2,2,1,1,1,1,0,0,,,,,,,,,,,,,,,,,,,,,,,,,,,,,,,,,,,,,,,,,,,,,,,,
5751,800,5470,5750,5481,1,0,0,0,0,0,0,0,0,0,0,0,0,1,1,5,5,6,6,5,5,5,5,5,5,4,4,4,4,5,5,5,5,5,5,5,5,5,5,2,2,2,2,1,1,1,1,0,0,,,,,,,,,,,,,,,,,,,,,,,,,,,,,,,,,,,,,,,,,,,,,,,,
5752,1600,5417,5755,,0,0,0,0,0,0,0,0,0,0,0,0,0,0,0,3,3,4,4,3,3,3,3,3,3,3,3,3,3,3,3,3,3,3,3,3,3,3,3,1,1,1,1,1,1,0,0,0,0,,,,,,,,,,,,,,,,,,,,,,,,,,,,,,,,,,,,,,,,,,,,,,,,
5753,800,5754,6085,5441,1,0,0,0,0,0,0,0,0,0,0,0,0,1,1,6,6,7,7,7,7,7,7,6,6,6,6,6,6,6,6,6,6,6,6,7,7,6,6,3,3,2,2,1,1,1,1,1,1,,,,,,,,,,,,,,,,,,,,,,,,,,,,,,,,,,,,,,,,,,,,,,,,
5754,1200,5755,5753,,0,0,0,0,0,0,0,0,0,0,0,0,0,1,1,8,8,9,9,9,9,8,8,8,8,7,7,7,7,8,8,8,8,8,8,8,8,8,8,4,4,2,2,2,2,1,1,1,1,,,,,,,,,,,,,,,,,,,,,,,,,,,,,,,,,,,,,,,,,,,,,,,,
5755,800,5754,6090,5752,1,0,0,0,0,0,0,0,0,0,0,0,0,1,1,5,5,5,5,5,5,5,5,4,4,4,4,4,4,4,4,4,4,4,4,5,5,5,5,2,2,1,1,1,1,1,1,0,0,,,,,,,,,,,,,,,,,,,,,,,,,,,,,,,,,,,,,,,,,,,,,,,,
5756,1000,6086,5914,,0,67,67,70,70,49,49,53,53,62,62,67,67,186,186,910,910,1134,1134,1023,1023,977,977,900,900,812,812,861,861,864,864,851,851,886,886,939,939,854,854,524,524,336,336,227,227,165,165,84,84,,,,,,,,,,,,,,,,,,,,,,,,,,,,,,,,,,,,,,,,,,,,,,,,
5757,4400,5496,5758,5470,1,67,67,70,70,49,49,53,53,62,62,67,67,186,186,910,910,1134,1134,1023,1023,977,977,900,900,812,812,861,861,864,864,851,851,886,886,939,939,854,854,524,524,336,336,227,227,165,165,84,84,,,,,,,,,,,,,,,,,,,,,,,,,,,,,,,,,,,,,,,,,,,,,,,,
5758,800,5538,5757,5513,1,0,0,0,0,0,0,0,0,0,0,0,0,0,0,1,1,1,1,1,1,1,1,1,1,1,1,1,1,1,1,1,1,1,1,1,1,1,1,0,0,0,0,0,0,0,0,0,0,,,,,,,,,,,,,,,,,,,,,,,,,,,,,,,,,,,,,,,,,,,,,,,,
5759,800,5760,5538,5536,1,0,0,0,0,0,0,0,0,0,0,0,0,0,0,2,2,2,2,2,2,2,2,1,1,1,1,1,1,1,1,1,1,1,1,2,2,1,1,1,1,0,0,0,0,0,0,0,0,,,,,,,,,,,,,,,,,,,,,,,,,,,,,,,,,,,,,,,,,,,,,,,,
576,1100,,14738,10306,1,50,50,52,52,37,37,40,40,46,46,50,50,140,140,967,967,1151,1151,1088,1088,1047,1047,967,967,880,880,932,932,911,911,933,933,958,958,1007,1007,913,913,393,393,252,252,170,170,124,124,63,63,,,,,,,,,,,,,,,,,,,,,,,,,,,,,,,,,,,,,,,,,,,,,,,,
5760,600,5762,,5759,1,0,0,0,0,0,0,0,0,0,0,0,0,0,0,1,1,2,2,2,2,1,1,1,1,1,1,1,1,1,1,1,1,1,1,1,1,1,1,1,1,0,0,0,0,0,0,0,0,,,,,,,,,,,,,,,,,,,,,,,,,,,,,,,,,,,,,,,,,,,,,,,,
5761,2500,5762,6011,,0,50,50,52,52,37,37,40,40,46,46,50,50,140,140,967,967,1151,1151,1088,1088,1047,1047,967,967,880,880,932,932,911,911,933,933,958,958,1007,1007,913,913,393,393,252,252,170,170,124,124,63,63,,,,,,,,,,,,,,,,,,,,,,,,,,,,,,,,,,,,,,,,,,,,,,,,
5762,1200,5549,5761,5760;5554,2,0,0,0,0,0,0,0,0,0,0,0,0,0,0,1,1,2,2,2,2,2,2,1,1,1,1,1,1,1,1,1,1,1,1,2,2,1,1,1,1,0,0,0,0,0,0,0,0,,,,,,,,,,,,,,,,,,,,,,,,,,,,,,,,,,,,,,,,,,,,,,,,
5763,800,5764,,,0,4,4,4,4,3,3,3,3,4,4,4,4,12,12,88,88,100,100,93,93,92,92,84,84,81,81,77,77,84,84,84,84,84,84,91,91,88,88,42,42,26,26,16,16,12,12,7,7,,,,,,,,,,,,,,,,,,,,,,,,,,,,,,,,,,,,,,,,,,,,,,,,
5764,400,5763,5765,5691,1,0,0,0,0,0,0,0,0,0,0,0,0,0,0,0,0,1,1,0,0,0,0,0,0,0,0,0,0,0,0,0,0,0,0,0,0,0,0,0,0,0,0,0,0,0,0,0,0,,,,,,,,,,,,,,,,,,,,,,,,,,,,,,,,,,,,,,,,,,,,,,,,
5765,400,5764,5766,,0,0,0,0,0,0,0,0,0,0,0,0,0,0,0,0,0,0,0,0,0,0,0,0,0,0,0,0,0,0,0,0,0,0,0,0,0,0,0,0,0,0,0,0,0,0,0,0,0,,,,,,,,,,,,,,,,,,,,,,,,,,,,,,,,,,,,,,,,,,,,,,,,
5766,300,5652,5765,5767,1,0,0,0,0,0,0,0,0,0,0,0,0,0,0,0,0,0,0,0,0,0,0,0,0,0,0,0,0,0,0,0,0,0,0,0,0,0,0,0,0,0,0,0,0,0,0,0,0,,,,,,,,,,,,,,,,,,,,,,,,,,,,,,,,,,,,,,,,,,,,,,,,
5767,300,5766,5768,,0,0,0,0,0,0,0,0,0,0,0,0,0,0,0,0,0,0,0,0,0,0,0,0,0,0,0,0,0,0,0,0,0,0,0,0,0,0,0,0,0,0,0,0,0,0,0,0,0,,,,,,,,,,,,,,,,,,,,,,,,,,,,,,,,,,,,,,,,,,,,,,,,
5768,300,,5654,5656;5767,2,0,0,0,0,0,0,0,0,0,0,0,0,0,0,0,0,0,0,0,0,0,0,0,0,0,0,0,0,0,0,0,0,0,0,0,0,0,0,0,0,0,0,0,0,0,0,0,0,,,,,,,,,,,,,,,,,,,,,,,,,,,,,,,,,,,,,,,,,,,,,,,,
5769,800,5772,5783,,0,0,0,0,0,0,0,0,0,0,0,0,0,0,0,0,0,0,0,0,0,0,0,0,0,0,0,0,0,0,0,0,0,0,0,0,0,0,0,0,0,0,0,0,0,0,0,0,0,,,,,,,,,,,,,,,,,,,,,,,,,,,,,,,,,,,,,,,,,,,,,,,,
577,1200,,14738,10314,1,1,1,1,1,0,0,1,1,1,1,1,1,2,2,11,11,14,14,13,13,12,12,11,11,10,10,11,11,11,11,11,11,11,11,12,12,11,11,5,5,3,3,2,2,2,2,1,1,,,,,,,,,,,,,,,,,,,,,,,,,,,,,,,,,,,,,,,,,,,,,,,,
5770,300,5675,5771,5982,1,0,0,0,0,0,0,0,0,0,0,0,0,0,0,0,0,0,0,0,0,0,0,0,0,0,0,0,0,0,0,0,0,0,0,0,0,0,0,0,0,0,0,0,0,0,0,0,0,,,,,,,,,,,,,,,,,,,,,,,,,,,,,,,,,,,,,,,,,,,,,,,,
5771,300,5770,5772,5656,1,0,0,0,0,0,0,0,0,0,0,0,0,0,0,0,0,0,0,0,0,0,0,0,0,0,0,0,0,0,0,0,0,0,0,0,0,0,0,0,0,0,0,0,0,0,0,0,0,,,,,,,,,,,,,,,,,,,,,,,,,,,,,,,,,,,,,,,,,,,,,,,,
5772,300,5769,5771,5773,1,0,0,0,0,0,0,0,0,0,0,0,0,0,0,0,0,0,0,0,0,0,0,0,0,0,0,0,0,0,0,0,0,0,0,0,0,0,0,0,0,0,0,0,0,0,0,0,0,,,,,,,,,,,,,,,,,,,,,,,,,,,,,,,,,,,,,,,,,,,,,,,,
5773,800,5774,5772,,0,0,0,0,0,0,0,0,0,0,0,0,0,0,0,0,0,0,0,0,0,0,0,0,0,0,0,0,0,0,0,0,0,0,0,0,0,0,0,0,0,0,0,0,0,0,0,0,0,,,,,,,,,,,,,,,,,,,,,,,,,,,,,,,,,,,,,,,,,,,,,,,,
5774,400,,5697,5773;5689,2,0,0,0,0,0,0,0,0,0,0,0,0,0,0,0,0,0,0,0,0,0,0,0,0,0,0,0,0,0,0,0,0,0,0,0,0,0,0,0,0,0,0,0,0,0,0,0,0,,,,,,,,,,,,,,,,,,,,,,,,,,,,,,,,,,,,,,,,,,,,,,,,
5775,300,5776,5710,,0,0,0,0,0,0,0,0,0,0,0,0,0,0,0,1,1,1,1,1,1,1,1,0,0,0,0,0,0,0,0,0,0,0,0,1,1,0,0,0,0,0,0,0,0,0,0,0,0,,,,,,,,,,,,,,,,,,,,,,,,,,,,,,,,,,,,,,,,,,,,,,,,
5776,1200,5777,5775,,0,53,53,55,55,38,38,42,42,48,48,53,53,146,146,715,715,891,891,804,804,768,768,707,707,638,638,676,676,679,679,669,669,696,696,738,738,671,671,411,411,264,264,178,178,130,130,66,66,,,,,,,,,,,,,,,,,,,,,,,,,,,,,,,,,,,,,,,,,,,,,,,,
5777,800,5778,5776,5788,1,0,0,0,0,0,0,0,0,0,0,0,0,0,0,1,1,1,1,1,1,1,1,1,1,1,1,1,1,1,1,1,1,1,1,1,1,1,1,1,1,0,0,0,0,0,0,0,0,,,,,,,,,,,,,,,,,,,,,,,,,,,,,,,,,,,,,,,,,,,,,,,,
5778,1200,5779,5777,,0,0,0,0,0,0,0,0,0,0,0,0,0,0,0,1,1,2,2,2,2,1,1,1,1,1,1,1,1,1,1,1,1,1,1,1,1,1,1,1,1,0,0,0,0,0,0,0,0,,,,,,,,,,,,,,,,,,,,,,,,,,,,,,,,,,,,,,,,,,,,,,,,
5779,300,5720,5778,5780,1,0,0,0,0,0,0,0,0,0,0,0,0,0,0,1,1,2,2,2,2,2,2,1,1,1,1,1,1,1,1,1,1,1,1,1,1,1,1,1,1,0,0,0,0,0,0,0,0,,,,,,,,,,,,,,,,,,,,,,,,,,,,,,,,,,,,,,,,,,,,,,,,
578,1600,10331,14738,,0,53,53,55,55,38,38,42,42,48,48,53,53,146,146,715,715,891,891,804,804,768,768,707,707,638,638,676,676,679,679,669,669,696,696,738,738,671,671,411,411,264,264,178,178,130,130,66,66,,,,,,,,,,,,,,,,,,,,,,,,,,,,,,,,,,,,,,,,,,,,,,,,
5780,800,5779,5781,,0,0,0,0,0,0,0,0,0,0,0,0,0,0,0,1,1,2,2,2,2,1,1,1,1,1,1,1,1,1,1,1,1,1,1,1,1,1,1,1,1,0,0,0,0,0,0,0,0,,,,,,,,,,,,,,,,,,,,,,,,,,,,,,,,,,,,,,,,,,,,,,,,
5781,400,5714,5780,5782,1,0,0,0,0,0,0,0,0,0,0,0,0,0,0,1,1,1,1,1,1,1,1,1,1,1,1,1,1,1,1,1,1,1,1,1,1,1,1,1,1,0,0,0,0,0,0,0,0,,,,,,,,,,,,,,,,,,,,,,,,,,,,,,,,,,,,,,,,,,,,,,,,
5782,800,5781,,,0,0,0,0,0,0,0,0,0,0,0,0,0,0,0,1,1,1,1,1,1,1,1,1,1,1,1,1,1,1,1,1,1,1,1,1,1,1,1,1,1,0,0,0,0,0,0,0,0,,,,,,,,,,,,,,,,,,,,,,,,,,,,,,,,,,,,,,,,,,,,,,,,
5783,300,5769,5723,,0,0,0,0,0,0,0,0,0,0,0,0,0,0,0,1,1,1,1,1,1,1,1,1,1,1,1,1,1,1,1,1,1,1,1,1,1,1,1,0,0,0,0,0,0,0,0,0,0,,,,,,,,,,,,,,,,,,,,,,,,,,,,,,,,,,,,,,,,,,,,,,,,
5784,1200,5700,5785,,0,0,0,0,0,0,0,0,0,0,0,0,0,0,0,1,1,1,1,1,1,1,1,1,1,1,1,1,1,1,1,1,1,1,1,1,1,1,1,0,0,0,0,0,0,0,0,0,0,,,,,,,,,,,,,,,,,,,,,,,,,,,,,,,,,,,,,,,,,,,,,,,,
5785,800,5723,5786,5784,1,0,0,0,0,0,0,0,0,0,0,0,0,0,0,1,1,1,1,1,1,1,1,1,1,1,1,1,1,1,1,1,1,1,1,1,1,1,1,0,0,0,0,0,0,0,0,0,0,,,,,,,,,,,,,,,,,,,,,,,,,,,,,,,,,,,,,,,,,,,,,,,,
5786,800,5787,5723,5785,1,0,0,0,0,0,0,0,0,0,0,0,0,0,0,1,1,1,1,1,1,1,1,1,1,1,1,1,1,1,1,1,1,1,1,1,1,1,1,1,1,0,0,0,0,0,0,0,0,,,,,,,,,,,,,,,,,,,,,,,,,,,,,,,,,,,,,,,,,,,,,,,,
5787,300,5718,5786,12815,1,0,0,0,0,0,0,0,0,0,0,0,0,0,0,2,2,2,2,2,2,2,2,2,2,2,2,2,2,2,2,2,2,2,2,2,2,2,2,1,1,1,1,0,0,0,0,0,0,,,,,,,,,,,,,,,,,,,,,,,,,,,,,,,,,,,,,,,,,,,,,,,,
5788,1600,5777,12818,,0,53,53,55,55,38,38,42,42,48,48,53,53,146,146,715,715,891,891,804,804,768,768,707,707,638,638,676,676,679,679,669,669,696,696,738,738,671,671,411,411,264,264,178,178,130,130,66,66,,,,,,,,,,,,,,,,,,,,,,,,,,,,,,,,,,,,,,,,,,,,,,,,
5789,3000,5678,5790,,0,50,50,52,52,37,37,40,40,46,46,50,50,140,140,967,967,1151,1151,1088,1088,1047,1047,967,967,880,880,932,932,911,911,933,933,958,958,1007,1007,913,913,393,393,252,252,170,170,124,124,63,63,,,,,,,,,,,,,,,,,,,,,,,,,,,,,,,,,,,,,,,,,,,,,,,,
579,1100,14738,571,572;10334;580,3,63,63,66,66,46,46,50,50,58,58,63,63,175,175,972,972,1175,1175,1069,1069,1034,1034,947,947,874,874,895,895,924,924,915,915,939,939,1001,1001,931,931,526,526,333,333,222,222,161,161,84,84,,,,,,,,,,,,,,,,,,,,,,,,,,,,,,,,,,,,,,,,,,,,,,,,
5790,800,5789,5658,5791;5670,2,0,0,0,0,0,0,0,0,0,0,0,0,0,0,1,1,1,1,1,1,1,1,1,1,1,1,1,1,1,1,1,1,1,1,1,1,1,1,0,0,0,0,0,0,0,0,0,0,,,,,,,,,,,,,,,,,,,,,,,,,,,,,,,,,,,,,,,,,,,,,,,,
5791,800,5792,5790,,0,0,0,0,0,0,0,0,0,0,0,0,0,0,0,1,1,1,1,1,1,1,1,1,1,1,1,1,1,1,1,1,1,1,1,1,1,1,1,0,0,0,0,0,0,0,0,0,0,,,,,,,,,,,,,,,,,,,,,,,,,,,,,,,,,,,,,,,,,,,,,,,,
5792,800,5793,5791,5688,1,0,0,0,0,0,0,0,0,0,0,0,0,0,0,1,1,1,1,1,1,1,1,1,1,1,1,1,1,1,1,1,1,1,1,1,1,1,1,0,0,0,0,0,0,0,0,0,0,,,,,,,,,,,,,,,,,,,,,,,,,,,,,,,,,,,,,,,,,,,,,,,,
5793,400,5794,5792,,0,0,0,0,0,0,0,0,0,0,0,0,0,0,0,1,1,1,1,1,1,1,1,1,1,1,1,1,1,1,1,1,1,1,1,1,1,1,1,0,0,0,0,0,0,0,0,0,0,,,,,,,,,,,,,,,,,,,,,,,,,,,,,,,,,,,,,,,,,,,,,,,,
5794,300,5668,5795,5793,1,0,0,0,0,0,0,0,0,0,0,0,0,0,0,1,1,1,1,1,1,1,1,1,1,1,1,1,1,1,1,1,1,1,1,1,1,1,1,0,0,0,0,0,0,0,0,0,0,,,,,,,,,,,,,,,,,,,,,,,,,,,,,,,,,,,,,,,,,,,,,,,,
5795,800,5794,5796,,0,0,0,0,0,0,0,0,0,0,0,0,0,0,0,1,1,2,2,2,2,2,2,1,1,1,1,1,1,1,1,1,1,1,1,2,2,1,1,1,1,0,0,0,0,0,0,0,0,,,,,,,,,,,,,,,,,,,,,,,,,,,,,,,,,,,,,,,,,,,,,,,,
5796,500,5795,5672,5797,1,50,50,52,52,37,37,40,40,46,46,50,50,140,140,967,967,1151,1151,1088,1088,1047,1047,967,967,880,880,932,932,911,911,933,933,958,958,1007,1007,913,913,393,393,252,252,170,170,124,124,63,63,,,,,,,,,,,,,,,,,,,,,,,,,,,,,,,,,,,,,,,,,,,,,,,,
5797,300,5798,5796,,0,0,0,0,0,0,0,0,0,0,0,0,0,0,0,2,2,2,2,2,2,2,2,2,2,2,2,2,2,2,2,2,2,2,2,2,2,2,2,1,1,1,1,0,0,0,0,0,0,,,,,,,,,,,,,,,,,,,,,,,,,,,,,,,,,,,,,,,,,,,,,,,,
5798,600,5675,5797,5799,1,0,0,0,0,0,0,0,0,0,0,0,0,0,0,2,2,2,2,2,2,2,2,2,2,1,1,1,1,1,1,1,1,2,2,2,2,1,1,1,1,0,0,0,0,0,0,0,0,,,,,,,,,,,,,,,,,,,,,,,,,,,,,,,,,,,,,,,,,,,,,,,,
5799,800,5798,5800,,0,0,0,0,0,0,0,0,0,0,0,0,0,0,0,1,1,1,1,1,1,1,1,1,1,1,1,1,1,1,1,1,1,1,1,1,1,1,1,0,0,0,0,0,0,0,0,0,0,,,,,,,,,,,,,,,,,,,,,,,,,,,,,,,,,,,,,,,,,,,,,,,,
58,1500,59,57,,0,50,50,52,52,37,37,40,40,46,46,50,50,140,140,967,967,1151,1151,1088,1088,1047,1047,967,967,880,880,932,932,911,911,933,933,958,958,1007,1007,913,913,393,393,252,252,170,170,124,124,63,63,,,,,,,,,,,,,,,,,,,,,,,,,,,,,,,,,,,,,,,,,,,,,,,,
580,1100,579,14738,583;10335,2,63,63,66,66,46,46,50,50,58,58,63,63,175,175,972,972,1175,1175,1069,1069,1034,1034,947,947,874,874,895,895,924,924,915,915,939,939,1001,1001,931,931,526,526,333,333,222,222,161,161,84,84,,,,,,,,,,,,,,,,,,,,,,,,,,,,,,,,,,,,,,,,,,,,,,,,
5800,300,5799,5684,5801,1,0,0,0,0,0,0,0,0,0,0,0,0,0,0,1,1,1,1,1,1,1,1,1,1,1,1,1,1,1,1,1,1,1,1,1,1,1,1,0,0,0,0,0,0,0,0,0,0,,,,,,,,,,,,,,,,,,,,,,,,,,,,,,,,,,,,,,,,,,,,,,,,
5801,800,5802,5800,,0,0,0,0,0,0,0,0,0,0,0,0,0,0,0,0,0,1,1,1,1,0,0,0,0,0,0,0,0,0,0,0,0,0,0,0,0,0,0,0,0,0,0,0,0,0,0,0,0,,,,,,,,,,,,,,,,,,,,,,,,,,,,,,,,,,,,,,,,,,,,,,,,
5802,800,5801,5689,5695,1,0,0,0,0,0,0,0,0,0,0,0,0,0,0,0,0,0,0,0,0,0,0,0,0,0,0,0,0,0,0,0,0,0,0,0,0,0,0,0,0,0,0,0,0,0,0,0,0,,,,,,,,,,,,,,,,,,,,,,,,,,,,,,,,,,,,,,,,,,,,,,,,
5803,1200,5804,5700,,0,0,0,0,0,0,0,0,0,0,0,0,0,0,0,1,1,1,1,1,1,1,1,1,1,1,1,1,1,1,1,1,1,1,1,1,1,1,1,0,0,0,0,0,0,0,0,0,0,,,,,,,,,,,,,,,,,,,,,,,,,,,,,,,,,,,,,,,,,,,,,,,,
5804,1200,5803,5805,5695;5813,2,0,0,0,0,0,0,0,0,0,0,0,0,0,0,1,1,1,1,1,1,1,1,0,0,0,0,0,0,0,0,0,0,0,0,1,1,0,0,0,0,0,0,0,0,0,0,0,0,,,,,,,,,,,,,,,,,,,,,,,,,,,,,,,,,,,,,,,,,,,,,,,,
5805,1200,5804,5806,,0,0,0,0,0,0,0,0,0,0,0,0,0,0,0,1,1,1,1,1,1,1,1,1,1,1,1,1,1,1,1,1,1,1,1,1,1,1,1,0,0,0,0,0,0,0,0,0,0,,,,,,,,,,,,,,,,,,,,,,,,,,,,,,,,,,,,,,,,,,,,,,,,
5806,300,5719,5807,5805,1,0,0,0,0,0,0,0,0,0,0,0,0,0,0,1,1,1,1,1,1,1,1,1,1,1,1,1,1,1,1,1,1,1,1,1,1,1,1,0,0,0,0,0,0,0,0,0,0,,,,,,,,,,,,,,,,,,,,,,,,,,,,,,,,,,,,,,,,,,,,,,,,
5807,1200,5806,5808,,0,0,0,0,0,0,0,0,0,0,0,0,0,0,0,1,1,1,1,1,1,1,1,1,1,1,1,1,1,1,1,1,1,1,1,1,1,1,1,0,0,0,0,0,0,0,0,0,0,,,,,,,,,,,,,,,,,,,,,,,,,,,,,,,,,,,,,,,,,,,,,,,,
5808,300,5809,12419,5807,1,0,0,0,0,0,0,0,0,0,0,0,0,0,0,1,1,1,1,1,1,1,1,1,1,1,1,1,1,1,1,1,1,1,1,1,1,1,1,0,0,0,0,0,0,0,0,0,0,,,,,,,,,,,,,,,,,,,,,,,,,,,,,,,,,,,,,,,,,,,,,,,,
5809,1200,5857,5808,,0,0,0,0,0,0,0,0,0,0,0,0,0,0,0,1,1,1,1,1,1,1,1,1,1,1,1,1,1,1,1,1,1,1,1,1,1,1,1,0,0,0,0,0,0,0,0,0,0,,,,,,,,,,,,,,,,,,,,,,,,,,,,,,,,,,,,,,,,,,,,,,,,
581,4400,,14738,10339,1,34,34,35,35,24,24,26,26,31,31,34,34,93,93,1024,1024,1168,1168,1154,1154,1117,1117,1034,1034,948,948,1003,1003,958,958,1015,1015,1030,1030,1075,1075,972,972,262,262,168,168,114,114,82,82,42,42,,,,,,,,,,,,,,,,,,,,,,,,,,,,,,,,,,,,,,,,,,,,,,,,
5810,1200,5858,,,0,0,0,0,0,0,0,0,0,0,0,0,0,0,0,2,2,2,2,2,2,2,2,2,2,2,2,2,2,2,2,2,2,2,2,2,2,2,2,1,1,1,1,0,0,0,0,0,0,,,,,,,,,,,,,,,,,,,,,,,,,,,,,,,,,,,,,,,,,,,,,,,,
5811,400,5678,5812,,0,0,0,0,0,0,0,0,0,0,0,0,0,0,0,1,1,1,1,1,1,1,1,1,1,1,1,1,1,1,1,1,1,1,1,1,1,1,1,0,0,0,0,0,0,0,0,0,0,,,,,,,,,,,,,,,,,,,,,,,,,,,,,,,,,,,,,,,,,,,,,,,,
5812,300,5681,5713,5811,1,0,0,0,0,0,0,0,0,0,0,0,0,0,0,1,1,1,1,1,1,1,1,1,1,1,1,1,1,1,1,1,1,1,1,1,1,1,1,0,0,0,0,0,0,0,0,0,0,,,,,,,,,,,,,,,,,,,,,,,,,,,,,,,,,,,,,,,,,,,,,,,,
5813,800,5804,5814,,0,0,0,0,0,0,0,0,0,0,0,0,0,0,0,1,1,1,1,1,1,1,1,1,1,1,1,1,1,1,1,1,1,1,1,1,1,1,1,0,0,0,0,0,0,0,0,0,0,,,,,,,,,,,,,,,,,,,,,,,,,,,,,,,,,,,,,,,,,,,,,,,,
5814,300,5813,5718,5815,1,0,0,0,0,0,0,0,0,0,0,0,0,0,0,1,1,2,2,1,1,1,1,1,1,1,1,1,1,1,1,1,1,1,1,1,1,1,1,1,1,0,0,0,0,0,0,0,0,,,,,,,,,,,,,,,,,,,,,,,,,,,,,,,,,,,,,,,,,,,,,,,,
5815,300,5816,5814,,0,0,0,0,0,0,0,0,0,0,0,0,0,0,0,2,2,2,2,2,2,2,2,2,2,1,1,2,2,2,2,2,2,2,2,2,2,2,2,1,1,0,0,0,0,0,0,0,0,,,,,,,,,,,,,,,,,,,,,,,,,,,,,,,,,,,,,,,,,,,,,,,,
5816,300,5815,5817,12405,1,0,0,0,0,0,0,0,0,0,0,0,0,0,0,2,2,2,2,2,2,2,2,2,2,2,2,2,2,2,2,2,2,2,2,2,2,2,2,1,1,1,1,0,0,0,0,0,0,,,,,,,,,,,,,,,,,,,,,,,,,,,,,,,,,,,,,,,,,,,,,,,,
5817,300,5816,5818,,0,0,0,0,0,0,0,0,0,0,0,0,0,0,0,2,2,2,2,2,2,2,2,2,2,2,2,2,2,2,2,2,2,2,2,2,2,2,2,1,1,1,1,0,0,0,0,0,0,,,,,,,,,,,,,,,,,,,,,,,,,,,,,,,,,,,,,,,,,,,,,,,,
5818,300,12819,5817,5719,1,0,0,0,0,0,0,0,0,0,0,0,0,0,0,2,2,2,2,2,2,2,2,2,2,2,2,2,2,2,2,2,2,2,2,2,2,2,2,1,1,1,1,0,0,0,0,0,0,,,,,,,,,,,,,,,,,,,,,,,,,,,,,,,,,,,,,,,,,,,,,,,,
5819,2500,5428,5820,,0,54,54,56,56,39,39,42,42,50,50,54,54,149,149,959,959,1162,1162,1055,1055,994,994,944,944,856,856,900,900,912,912,924,924,959,959,1013,1013,928,928,419,419,269,269,182,182,132,132,67,67,,,,,,,,,,,,,,,,,,,,,,,,,,,,,,,,,,,,,,,,,,,,,,,,
582,2200,,14738,10444,1,67,67,70,70,49,49,53,53,62,62,67,67,186,186,910,910,1134,1134,1023,1023,977,977,900,900,812,812,861,861,864,864,851,851,886,886,939,939,854,854,524,524,336,336,227,227,165,165,84,84,,,,,,,,,,,,,,,,,,,,,,,,,,,,,,,,,,,,,,,,,,,,,,,,
5820,1200,5460,5471,5819,1,0,0,0,0,0,0,0,0,0,0,0,0,0,0,2,2,3,3,2,2,2,2,2,2,2,2,2,2,2,2,2,2,2,2,2,2,2,2,1,1,1,1,0,0,0,0,0,0,,,,,,,,,,,,,,,,,,,,,,,,,,,,,,,,,,,,,,,,,,,,,,,,
5821,3000,5447,5822,,0,54,54,56,56,39,39,42,42,50,50,54,54,149,149,959,959,1162,1162,1055,1055,994,994,944,944,856,856,900,900,912,912,924,924,959,959,1013,1013,928,928,419,419,269,269,182,182,132,132,67,67,,,,,,,,,,,,,,,,,,,,,,,,,,,,,,,,,,,,,,,,,,,,,,,,
5822,2500,5821,5823,5422;5430,2,54,54,56,56,39,39,42,42,50,50,54,54,149,149,959,959,1162,1162,1055,1055,994,994,944,944,856,856,900,900,912,912,924,924,959,959,1013,1013,928,928,419,419,269,269,182,182,132,132,67,67,,,,,,,,,,,,,,,,,,,,,,,,,,,,,,,,,,,,,,,,,,,,,,,,
5823,3000,5824,5822,,0,54,54,56,56,39,39,42,42,50,50,54,54,149,149,959,959,1162,1162,1055,1055,994,994,944,944,856,856,900,900,912,912,924,924,959,959,1013,1013,928,928,419,419,269,269,182,182,132,132,67,67,,,,,,,,,,,,,,,,,,,,,,,,,,,,,,,,,,,,,,,,,,,,,,,,
5824,1200,5444,5412,5823,1,0,0,0,0,0,0,0,0,0,0,0,0,0,0,2,2,3,3,3,3,2,2,2,2,2,2,2,2,2,2,2,2,2,2,2,2,2,2,1,1,1,1,1,1,0,0,0,0,,,,,,,,,,,,,,,,,,,,,,,,,,,,,,,,,,,,,,,,,,,,,,,,
5825,1200,5506,5826,,0,0,0,0,0,0,0,0,0,0,0,0,0,0,0,1,1,2,2,2,2,1,1,1,1,1,1,1,1,1,1,1,1,1,1,1,1,1,1,1,1,0,0,0,0,0,0,0,0,,,,,,,,,,,,,,,,,,,,,,,,,,,,,,,,,,,,,,,,,,,,,,,,
5826,800,5825,5572,5527,1,0,0,0,0,0,0,0,0,0,0,0,0,0,0,1,1,1,1,1,1,1,1,1,1,1,1,1,1,1,1,1,1,1,1,1,1,1,1,1,1,0,0,0,0,0,0,0,0,,,,,,,,,,,,,,,,,,,,,,,,,,,,,,,,,,,,,,,,,,,,,,,,
5827,2500,5495,5828,,0,63,63,65,65,46,46,49,49,57,57,62,62,174,174,982,982,1182,1182,1077,1077,1043,1043,955,955,884,884,900,900,934,934,926,926,948,948,1012,1012,944,944,526,526,333,333,221,221,161,161,84,84,,,,,,,,,,,,,,,,,,,,,,,,,,,,,,,,,,,,,,,,,,,,,,,,
5828,1200,5527,6067,5827,1,0,0,0,0,0,0,0,0,0,0,0,0,1,1,3,3,3,3,3,3,3,3,3,3,3,3,3,3,3,3,3,3,3,3,3,3,3,3,2,2,1,1,1,1,0,0,0,0,,,,,,,,,,,,,,,,,,,,,,,,,,,,,,,,,,,,,,,,,,,,,,,,
5829,1600,5461,5830,,0,0,0,0,0,0,0,0,0,0,0,0,0,0,0,2,2,2,2,2,2,2,2,2,2,2,2,2,2,2,2,2,2,2,2,2,2,2,2,1,1,1,1,0,0,0,0,0,0,,,,,,,,,,,,,,,,,,,,,,,,,,,,,,,,,,,,,,,,,,,,,,,,
583,1200,580,585,573;10447,2,0,0,0,0,0,0,0,0,0,0,0,0,1,1,7,7,8,8,7,7,7,7,6,6,6,6,6,6,6,6,6,6,6,6,7,7,6,6,4,4,2,2,2,2,1,1,1,1,,,,,,,,,,,,,,,,,,,,,,,,,,,,,,,,,,,,,,,,,,,,,,,,
5830,1200,5497,5829,5475,1,0,0,0,0,0,0,0,0,0,0,0,0,0,0,3,3,3,3,3,3,3,3,3,3,2,2,2,2,2,2,2,2,3,3,3,3,2,2,1,1,1,1,1,1,0,0,0,0,,,,,,,,,,,,,,,,,,,,,,,,,,,,,,,,,,,,,,,,,,,,,,,,
5831,800,5832,5480,,0,0,0,0,0,0,0,0,0,0,0,0,0,0,0,1,1,2,2,1,1,1,1,1,1,1,1,1,1,1,1,1,1,1,1,1,1,1,1,1,1,0,0,0,0,0,0,0,0,,,,,,,,,,,,,,,,,,,,,,,,,,,,,,,,,,,,,,,,,,,,,,,,
5832,800,5471,5831,5464,1,0,0,0,0,0,0,0,0,0,0,0,0,0,0,1,1,1,1,1,1,1,1,1,1,1,1,1,1,1,1,1,1,1,1,1,1,1,1,0,0,0,0,0,0,0,0,0,0,,,,,,,,,,,,,,,,,,,,,,,,,,,,,,,,,,,,,,,,,,,,,,,,
5833,3000,5834,5428,,0,54,54,56,56,39,39,42,42,50,50,54,54,149,149,959,959,1162,1162,1055,1055,994,994,944,944,856,856,900,900,912,912,924,924,959,959,1013,1013,928,928,419,419,269,269,182,182,132,132,67,67,,,,,,,,,,,,,,,,,,,,,,,,,,,,,,,,,,,,,,,,,,,,,,,,
5834,1600,5833,5835,5427,1,0,0,0,0,0,0,0,0,0,0,0,0,0,0,3,3,3,3,3,3,3,3,3,3,2,2,3,3,3,3,3,3,3,3,3,3,3,3,1,1,1,1,1,1,0,0,0,0,,,,,,,,,,,,,,,,,,,,,,,,,,,,,,,,,,,,,,,,,,,,,,,,
5835,1200,5834,5836,,0,0,0,0,0,0,0,0,0,0,0,0,0,0,0,2,2,2,2,2,2,2,2,2,2,2,2,2,2,2,2,2,2,2,2,2,2,2,2,1,1,1,1,0,0,0,0,0,0,,,,,,,,,,,,,,,,,,,,,,,,,,,,,,,,,,,,,,,,,,,,,,,,
5836,800,5835,5837,5442,1,0,0,0,0,0,0,0,0,0,0,0,0,0,0,1,1,1,1,1,1,1,1,1,1,1,1,1,1,1,1,1,1,1,1,1,1,1,1,1,1,0,0,0,0,0,0,0,0,,,,,,,,,,,,,,,,,,,,,,,,,,,,,,,,,,,,,,,,,,,,,,,,
5837,1200,5836,5838,,0,0,0,0,0,0,0,0,0,0,0,0,0,0,0,1,1,1,1,1,1,1,1,1,1,1,1,1,1,1,1,1,1,1,1,1,1,1,1,0,0,0,0,0,0,0,0,0,0,,,,,,,,,,,,,,,,,,,,,,,,,,,,,,,,,,,,,,,,,,,,,,,,
5838,800,5837,5490,5459,1,0,0,0,0,0,0,0,0,0,0,0,0,0,0,1,1,1,1,1,1,1,1,1,1,1,1,1,1,1,1,1,1,1,1,1,1,1,1,0,0,0,0,0,0,0,0,0,0,,,,,,,,,,,,,,,,,,,,,,,,,,,,,,,,,,,,,,,,,,,,,,,,
5839,800,5840,5506,,0,0,0,0,0,0,0,0,0,0,0,0,0,1,1,3,3,4,4,4,4,3,3,3,3,3,3,3,3,3,3,3,3,3,3,3,3,3,3,2,2,1,1,1,1,1,1,0,0,,,,,,,,,,,,,,,,,,,,,,,,,,,,,,,,,,,,,,,,,,,,,,,,
584,1100,14738,585,10448;574,2,63,63,66,66,46,46,50,50,58,58,63,63,175,175,972,972,1175,1175,1069,1069,1034,1034,947,947,874,874,895,895,924,924,915,915,939,939,1001,1001,931,931,526,526,333,333,222,222,161,161,84,84,,,,,,,,,,,,,,,,,,,,,,,,,,,,,,,,,,,,,,,,,,,,,,,,
5840,1200,5839,5490,5473,1,0,0,0,0,0,0,0,0,0,0,0,0,0,0,3,3,3,3,3,3,3,3,3,3,3,3,3,3,3,3,3,3,3,3,3,3,3,3,1,1,1,1,1,1,0,0,0,0,,,,,,,,,,,,,,,,,,,,,,,,,,,,,,,,,,,,,,,,,,,,,,,,
5841,2000,5495,5842,,0,54,54,56,56,39,39,42,42,50,50,54,54,149,149,959,959,1162,1162,1055,1055,994,994,944,944,856,856,900,900,912,912,924,924,959,959,1013,1013,928,928,419,419,269,269,182,182,132,132,67,67,,,,,,,,,,,,,,,,,,,,,,,,,,,,,,,,,,,,,,,,,,,,,,,,
5842,800,5467,,5843;5841,2,0,0,0,0,0,0,0,0,0,0,0,0,1,1,3,3,4,4,3,3,3,3,3,3,3,3,3,3,3,3,3,3,3,3,3,3,3,3,2,2,1,1,1,1,0,0,0,0,,,,,,,,,,,,,,,,,,,,,,,,,,,,,,,,,,,,,,,,,,,,,,,,
5843,800,,5844,5842,1,0,0,0,0,0,0,0,0,0,0,0,0,0,0,3,3,3,3,3,3,3,3,3,3,2,2,2,2,2,2,2,2,3,3,3,3,2,2,1,1,1,1,1,1,0,0,0,0,,,,,,,,,,,,,,,,,,,,,,,,,,,,,,,,,,,,,,,,,,,,,,,,
5844,1200,5473,5463,5479;5843,2,0,0,0,0,0,0,0,0,0,0,0,0,0,0,2,2,3,3,2,2,2,2,2,2,2,2,2,2,2,2,2,2,2,2,2,2,2,2,1,1,1,1,0,0,0,0,0,0,,,,,,,,,,,,,,,,,,,,,,,,,,,,,,,,,,,,,,,,,,,,,,,,
5845,1200,5846,,,0,0,0,0,0,0,0,0,0,0,0,0,0,1,1,3,3,4,4,4,4,3,3,3,3,3,3,3,3,3,3,3,3,3,3,3,3,3,3,2,2,1,1,1,1,1,1,0,0,,,,,,,,,,,,,,,,,,,,,,,,,,,,,,,,,,,,,,,,,,,,,,,,
5846,1200,,5845,,0,0,0,0,0,0,0,0,0,0,0,0,0,0,0,2,2,3,3,3,3,3,3,2,2,2,2,2,2,2,2,2,2,2,2,3,3,2,2,1,1,1,1,1,1,0,0,0,0,,,,,,,,,,,,,,,,,,,,,,,,,,,,,,,,,,,,,,,,,,,,,,,,
5847,800,,5848,,0,0,0,0,0,0,0,0,0,0,0,0,0,0,0,2,2,2,2,2,2,2,2,2,2,2,2,2,2,2,2,2,2,2,2,2,2,2,2,1,1,1,1,0,0,0,0,0,0,,,,,,,,,,,,,,,,,,,,,,,,,,,,,,,,,,,,,,,,,,,,,,,,
5848,800,5847,5469,5849,1,0,0,0,0,0,0,0,0,0,0,0,0,0,0,1,1,2,2,2,2,2,2,1,1,1,1,1,1,1,1,1,1,1,1,2,2,1,1,1,1,0,0,0,0,0,0,0,0,,,,,,,,,,,,,,,,,,,,,,,,,,,,,,,,,,,,,,,,,,,,,,,,
5849,800,5850,5848,,0,0,0,0,0,0,0,0,0,0,0,0,0,0,0,2,2,2,2,2,2,2,2,2,2,2,2,2,2,2,2,2,2,2,2,2,2,2,2,1,1,1,1,0,0,0,0,0,0,,,,,,,,,,,,,,,,,,,,,,,,,,,,,,,,,,,,,,,,,,,,,,,,
585,1650,14738,583,584;10449,2,63,63,66,66,46,46,50,50,58,58,63,63,175,175,972,972,1175,1175,1069,1069,1034,1034,947,947,874,874,895,895,924,924,915,915,939,939,1001,1001,931,931,526,526,333,333,222,222,161,161,84,84,,,,,,,,,,,,,,,,,,,,,,,,,,,,,,,,,,,,,,,,,,,,,,,,
5850,800,5463,5849,5454,1,0,0,0,0,0,0,0,0,0,0,0,0,0,0,2,2,2,2,2,2,2,2,2,2,2,2,2,2,2,2,2,2,2,2,2,2,2,2,1,1,1,1,0,0,0,0,0,0,,,,,,,,,,,,,,,,,,,,,,,,,,,,,,,,,,,,,,,,,,,,,,,,
5851,800,5852,5854,,0,0,0,0,0,0,0,0,0,0,0,0,0,0,0,2,2,2,2,2,2,2,2,2,2,2,2,2,2,2,2,2,2,2,2,2,2,2,2,1,1,1,1,0,0,0,0,0,0,,,,,,,,,,,,,,,,,,,,,,,,,,,,,,,,,,,,,,,,,,,,,,,,
5852,800,5851,5433,5454,1,0,0,0,0,0,0,0,0,0,0,0,0,0,0,2,2,2,2,2,2,2,2,2,2,2,2,2,2,2,2,2,2,2,2,2,2,2,2,1,1,1,1,0,0,0,0,0,0,,,,,,,,,,,,,,,,,,,,,,,,,,,,,,,,,,,,,,,,,,,,,,,,
5853,1600,5856,5854,,0,0,0,0,0,0,0,0,0,0,0,0,0,0,0,2,2,3,3,2,2,2,2,2,2,2,2,2,2,2,2,2,2,2,2,2,2,2,2,1,1,1,1,0,0,0,0,0,0,,,,,,,,,,,,,,,,,,,,,,,,,,,,,,,,,,,,,,,,,,,,,,,,
5854,800,5469,5853,5851,1,0,0,0,0,0,0,0,0,0,0,0,0,0,0,2,2,2,2,2,2,2,2,2,2,1,1,1,1,1,1,1,1,2,2,2,2,1,1,1,1,0,0,0,0,0,0,0,0,,,,,,,,,,,,,,,,,,,,,,,,,,,,,,,,,,,,,,,,,,,,,,,,
5855,2500,2763,5856,,0,54,54,56,56,39,39,42,42,50,50,54,54,149,149,959,959,1162,1162,1055,1055,994,994,944,944,856,856,900,900,912,912,924,924,959,959,1013,1013,928,928,419,419,269,269,182,182,132,132,67,67,,,,,,,,,,,,,,,,,,,,,,,,,,,,,,,,,,,,,,,,,,,,,,,,
5856,3000,5416,5855,5853,1,54,54,56,56,39,39,42,42,50,50,54,54,149,149,959,959,1162,1162,1055,1055,994,994,944,944,856,856,900,900,912,912,924,924,959,959,1013,1013,928,928,419,419,269,269,182,182,132,132,67,67,,,,,,,,,,,,,,,,,,,,,,,,,,,,,,,,,,,,,,,,,,,,,,,,
5857,800,12827,5809,5713;5858;12483,3,0,0,0,0,0,0,0,0,0,0,0,0,0,0,1,1,1,1,1,1,1,1,1,1,1,1,1,1,1,1,1,1,1,1,1,1,1,1,1,1,0,0,0,0,0,0,0,0,,,,,,,,,,,,,,,,,,,,,,,,,,,,,,,,,,,,,,,,,,,,,,,,
5858,800,5857,5810,,0,0,0,0,0,0,0,0,0,0,0,0,0,0,0,1,1,2,2,2,2,1,1,1,1,1,1,1,1,1,1,1,1,1,1,1,1,1,1,1,1,0,0,0,0,0,0,0,0,,,,,,,,,,,,,,,,,,,,,,,,,,,,,,,,,,,,,,,,,,,,,,,,
5859,3500,600,,599,1,50,50,52,52,37,37,40,40,46,46,50,50,140,140,967,967,1151,1151,1088,1088,1047,1047,967,967,880,880,932,932,911,911,933,933,958,958,1007,1007,913,913,393,393,252,252,170,170,124,124,63,63,,,,,,,,,,,,,,,,,,,,,,,,,,,,,,,,,,,,,,,,,,,,,,,,
586,300,592,14738,12975,1,0,0,0,0,0,0,0,0,0,0,0,0,0,0,2,2,3,3,2,2,2,2,2,2,2,2,2,2,2,2,2,2,2,2,2,2,2,2,1,1,1,1,0,0,0,0,0,0,,,,,,,,,,,,,,,,,,,,,,,,,,,,,,,,,,,,,,,,,,,,,,,,
5860,4400,5868,5861,5730,1,50,50,52,52,37,37,40,40,46,46,50,50,140,140,967,967,1151,1151,1088,1088,1047,1047,967,967,880,880,932,932,911,911,933,933,958,958,1007,1007,913,913,393,393,252,252,170,170,124,124,63,63,,,,,,,,,,,,,,,,,,,,,,,,,,,,,,,,,,,,,,,,,,,,,,,,
5861,1200,12415,12588,5860,1,0,0,0,0,0,0,0,0,0,0,0,0,1,1,3,3,4,4,3,3,3,3,3,3,3,3,3,3,3,3,3,3,3,3,3,3,3,3,2,2,1,1,1,1,1,1,0,0,,,,,,,,,,,,,,,,,,,,,,,,,,,,,,,,,,,,,,,,,,,,,,,,
5862,1200,5863,5709,,0,0,0,0,0,0,0,0,0,0,0,0,0,0,0,1,1,1,1,1,1,1,1,1,1,1,1,1,1,1,1,1,1,1,1,1,1,1,1,0,0,0,0,0,0,0,0,0,0,,,,,,,,,,,,,,,,,,,,,,,,,,,,,,,,,,,,,,,,,,,,,,,,
5863,1600,5862,5707,5698,1,0,0,0,0,0,0,0,0,0,0,0,0,0,0,1,1,1,1,1,1,1,1,1,1,1,1,1,1,1,1,1,1,1,1,1,1,1,1,0,0,0,0,0,0,0,0,0,0,,,,,,,,,,,,,,,,,,,,,,,,,,,,,,,,,,,,,,,,,,,,,,,,
5864,1600,5865,5709,,0,0,0,0,0,0,0,0,0,0,0,0,0,0,0,1,1,1,1,1,1,1,1,1,1,1,1,1,1,1,1,1,1,1,1,1,1,1,1,0,0,0,0,0,0,0,0,0,0,,,,,,,,,,,,,,,,,,,,,,,,,,,,,,,,,,,,,,,,,,,,,,,,
5865,1500,5864,5706,5680,1,50,50,52,52,37,37,40,40,46,46,50,50,140,140,967,967,1151,1151,1088,1088,1047,1047,967,967,880,880,932,932,911,911,933,933,958,958,1007,1007,913,913,393,393,252,252,170,170,124,124,63,63,,,,,,,,,,,,,,,,,,,,,,,,,,,,,,,,,,,,,,,,,,,,,,,,
5866,1600,5867,5873,5874,1,0,0,0,0,0,0,0,0,0,0,0,0,0,0,1,1,2,2,2,2,2,2,1,1,1,1,1,1,1,1,1,1,1,1,1,1,1,1,1,1,0,0,0,0,0,0,0,0,,,,,,,,,,,,,,,,,,,,,,,,,,,,,,,,,,,,,,,,,,,,,,,,
5867,1200,5660,5866,6014,1,0,0,0,0,0,0,0,0,0,0,0,0,0,0,1,1,1,1,1,1,1,1,1,1,1,1,1,1,1,1,1,1,1,1,1,1,1,1,1,1,0,0,0,0,0,0,0,0,,,,,,,,,,,,,,,,,,,,,,,,,,,,,,,,,,,,,,,,,,,,,,,,
5868,3500,5860,,5871,1,50,50,52,52,37,37,40,40,46,46,50,50,140,140,967,967,1151,1151,1088,1088,1047,1047,967,967,880,880,932,932,911,911,933,933,958,958,1007,1007,913,913,393,393,252,252,170,170,124,124,63,63,,,,,,,,,,,,,,,,,,,,,,,,,,,,,,,,,,,,,,,,,,,,,,,,
5869,1200,5687,5872,5870,1,53,53,55,55,38,38,42,42,48,48,53,53,146,146,715,715,891,891,804,804,768,768,707,707,638,638,676,676,679,679,669,669,696,696,738,738,671,671,411,411,264,264,178,178,130,130,66,66,,,,,,,,,,,,,,,,,,,,,,,,,,,,,,,,,,,,,,,,,,,,,,,,
587,800,14738,592,13280;12985,2,0,0,0,0,0,0,0,0,0,0,0,0,0,0,2,2,3,3,3,3,3,3,2,2,2,2,2,2,2,2,2,2,2,2,3,3,2,2,1,1,1,1,1,1,0,0,0,0,,,,,,,,,,,,,,,,,,,,,,,,,,,,,,,,,,,,,,,,,,,,,,,,
5870,400,,5869,5871,1,0,0,0,0,0,0,0,0,0,0,0,0,0,0,2,2,2,2,2,2,2,2,2,2,2,2,2,2,2,2,2,2,2,2,2,2,2,2,1,1,1,1,0,0,0,0,0,0,,,,,,,,,,,,,,,,,,,,,,,,,,,,,,,,,,,,,,,,,,,,,,,,
5871,3000,5693,5707,5870;5868,2,67,67,70,70,49,49,53,53,62,62,67,67,186,186,910,910,1134,1134,1023,1023,977,977,900,900,812,812,861,861,864,864,851,851,886,886,939,939,854,854,524,524,336,336,227,227,165,165,84,84,,,,,,,,,,,,,,,,,,,,,,,,,,,,,,,,,,,,,,,,,,,,,,,,
5872,3500,5873,5869,5875,1,67,67,70,70,49,49,53,53,62,62,67,67,186,186,910,910,1134,1134,1023,1023,977,977,900,900,812,812,861,861,864,864,851,851,886,886,939,939,854,854,524,524,336,336,227,227,165,165,84,84,,,,,,,,,,,,,,,,,,,,,,,,,,,,,,,,,,,,,,,,,,,,,,,,
5873,1200,5872,5704,5866,1,0,0,0,0,0,0,0,0,0,0,0,0,0,0,2,2,2,2,2,2,2,2,2,2,2,2,2,2,2,2,2,2,2,2,2,2,2,2,1,1,1,1,0,0,0,0,0,0,,,,,,,,,,,,,,,,,,,,,,,,,,,,,,,,,,,,,,,,,,,,,,,,
5874,300,,5866,5667,1,0,0,0,0,0,0,0,0,0,0,0,0,0,0,1,1,2,2,2,2,2,2,1,1,1,1,1,1,1,1,1,1,1,1,2,2,1,1,1,1,0,0,0,0,0,0,0,0,,,,,,,,,,,,,,,,,,,,,,,,,,,,,,,,,,,,,,,,,,,,,,,,
5875,1000,5667,5872,,0,50,50,52,52,37,37,40,40,46,46,50,50,140,140,967,967,1151,1151,1088,1088,1047,1047,967,967,880,880,932,932,911,911,933,933,958,958,1007,1007,913,913,393,393,252,252,170,170,124,124,63,63,,,,,,,,,,,,,,,,,,,,,,,,,,,,,,,,,,,,,,,,,,,,,,,,
5876,2000,6031,5877,5657,1,63,63,65,65,46,46,49,49,57,57,62,62,174,174,982,982,1182,1182,1077,1077,1043,1043,955,955,884,884,900,900,934,934,926,926,948,948,1012,1012,944,944,526,526,333,333,221,221,161,161,84,84,,,,,,,,,,,,,,,,,,,,,,,,,,,,,,,,,,,,,,,,,,,,,,,,
5877,1500,5876,5878,5686,1,63,63,65,65,46,46,49,49,57,57,62,62,174,174,982,982,1182,1182,1077,1077,1043,1043,955,955,884,884,900,900,934,934,926,926,948,948,1012,1012,944,944,526,526,333,333,221,221,161,161,84,84,,,,,,,,,,,,,,,,,,,,,,,,,,,,,,,,,,,,,,,,,,,,,,,,
5878,1500,5877,5879,,0,63,63,65,65,46,46,49,49,57,57,62,62,174,174,982,982,1182,1182,1077,1077,1043,1043,955,955,884,884,900,900,934,934,926,926,948,948,1012,1012,944,944,526,526,333,333,221,221,161,161,84,84,,,,,,,,,,,,,,,,,,,,,,,,,,,,,,,,,,,,,,,,,,,,,,,,
5879,1200,5878,12845,5716,1,0,0,0,0,0,0,0,0,0,0,0,0,0,0,2,2,3,3,2,2,2,2,2,2,2,2,2,2,2,2,2,2,2,2,2,2,2,2,1,1,1,1,1,1,0,0,0,0,,,,,,,,,,,,,,,,,,,,,,,,,,,,,,,,,,,,,,,,,,,,,,,,
588,1100,593,14738,589;13007;590,3,54,54,54,54,38,38,41,41,48,48,53,53,149,149,1126,1126,1279,1279,1185,1185,1176,1176,1064,1064,1030,1030,978,978,1073,1073,1075,1075,1072,1072,1157,1157,1124,1124,530,530,326,326,208,208,152,152,86,86,,,,,,,,,,,,,,,,,,,,,,,,,,,,,,,,,,,,,,,,,,,,,,,,
5880,1600,5715,,,0,0,0,0,0,0,0,0,0,0,0,0,0,1,1,3,3,4,4,3,3,3,3,3,3,3,3,3,3,3,3,3,3,3,3,3,3,3,3,2,2,1,1,1,1,1,1,0,0,,,,,,,,,,,,,,,,,,,,,,,,,,,,,,,,,,,,,,,,,,,,,,,,
5881,1600,5696,5882,,0,0,0,0,0,0,0,0,0,0,0,0,0,0,0,2,2,2,2,2,2,2,2,2,2,2,2,2,2,2,2,2,2,2,2,2,2,2,2,1,1,1,1,0,0,0,0,0,0,,,,,,,,,,,,,,,,,,,,,,,,,,,,,,,,,,,,,,,,,,,,,,,,
5882,1200,5690,5682,5881,1,0,0,0,0,0,0,0,0,0,0,0,0,0,0,3,3,3,3,3,3,3,3,2,2,2,2,2,2,2,2,2,2,2,2,3,3,2,2,1,1,1,1,1,1,0,0,0,0,,,,,,,,,,,,,,,,,,,,,,,,,,,,,,,,,,,,,,,,,,,,,,,,
5883,1600,5653,5884,,0,0,0,0,0,0,0,0,0,0,0,0,0,0,0,1,1,1,1,1,1,1,1,1,1,1,1,1,1,1,1,1,1,1,1,1,1,1,1,1,1,0,0,0,0,0,0,0,0,,,,,,,,,,,,,,,,,,,,,,,,,,,,,,,,,,,,,,,,,,,,,,,,
5884,1200,5676,5682,5883,1,0,0,0,0,0,0,0,0,0,0,0,0,0,0,1,1,1,1,1,1,1,1,1,1,1,1,1,1,1,1,1,1,1,1,1,1,1,1,0,0,0,0,0,0,0,0,0,0,,,,,,,,,,,,,,,,,,,,,,,,,,,,,,,,,,,,,,,,,,,,,,,,
5885,800,5653,5886,,0,0,0,0,0,0,0,0,0,0,0,0,0,0,0,1,1,2,2,2,2,2,2,1,1,1,1,1,1,1,1,1,1,1,1,2,2,1,1,1,1,1,1,0,0,0,0,0,0,,,,,,,,,,,,,,,,,,,,,,,,,,,,,,,,,,,,,,,,,,,,,,,,
5886,800,5885,5661,5655,1,0,0,0,0,0,0,0,0,0,0,0,0,0,0,1,1,1,1,1,1,1,1,1,1,1,1,1,1,1,1,1,1,1,1,1,1,1,1,1,1,0,0,0,0,0,0,0,0,,,,,,,,,,,,,,,,,,,,,,,,,,,,,,,,,,,,,,,,,,,,,,,,
5887,1200,6046,5662,,0,0,0,0,0,0,0,0,0,0,0,0,0,0,0,2,2,2,2,2,2,2,2,2,2,2,2,2,2,2,2,2,2,2,2,2,2,2,2,1,1,1,1,0,0,0,0,0,0,,,,,,,,,,,,,,,,,,,,,,,,,,,,,,,,,,,,,,,,,,,,,,,,
5888,1200,5637,3152,,0,0,0,0,0,0,0,0,0,0,0,0,0,1,1,3,3,4,4,3,3,3,3,3,3,3,3,3,3,3,3,3,3,3,3,3,3,3,3,2,2,1,1,1,1,1,1,0,0,,,,,,,,,,,,,,,,,,,,,,,,,,,,,,,,,,,,,,,,,,,,,,,,
5889,1000,6096,6092,5437,1,67,67,70,70,49,49,53,53,62,62,67,67,186,186,910,910,1134,1134,1023,1023,977,977,900,900,812,812,861,861,864,864,851,851,886,886,939,939,854,854,524,524,336,336,227,227,165,165,84,84,,,,,,,,,,,,,,,,,,,,,,,,,,,,,,,,,,,,,,,,,,,,,,,,
589,1100,14738,588,13275;590,2,43,43,43,43,30,30,32,32,38,38,42,42,118,118,1168,1168,1302,1302,1212,1212,1190,1190,1101,1101,1066,1066,1011,1011,1113,1113,1136,1136,1132,1132,1218,1218,1186,1186,443,443,270,270,171,171,125,125,72,72,,,,,,,,,,,,,,,,,,,,,,,,,,,,,,,,,,,,,,,,,,,,,,,,
5890,2000,5484,5891,,0,54,54,56,56,39,39,42,42,50,50,54,54,149,149,959,959,1162,1162,1055,1055,994,994,944,944,856,856,900,900,912,912,924,924,959,959,1013,1013,928,928,419,419,269,269,182,182,132,132,67,67,,,,,,,,,,,,,,,,,,,,,,,,,,,,,,,,,,,,,,,,,,,,,,,,
5891,1100,5465,5890,5443,1,54,54,56,56,39,39,42,42,50,50,54,54,149,149,959,959,1162,1162,1055,1055,994,994,944,944,856,856,900,900,912,912,924,924,959,959,1013,1013,928,928,419,419,269,269,182,182,132,132,67,67,,,,,,,,,,,,,,,,,,,,,,,,,,,,,,,,,,,,,,,,,,,,,,,,
5892,300,5893,,,0,0,0,0,0,0,0,0,0,0,0,0,0,0,0,1,1,1,1,1,1,1,1,1,1,1,1,1,1,1,1,1,1,1,1,1,1,1,1,1,1,0,0,0,0,0,0,0,0,,,,,,,,,,,,,,,,,,,,,,,,,,,,,,,,,,,,,,,,,,,,,,,,
5893,800,5892,5401,5398,1,0,0,0,0,0,0,0,0,0,0,0,0,0,0,1,1,2,2,1,1,1,1,1,1,1,1,1,1,1,1,1,1,1,1,1,1,1,1,1,1,0,0,0,0,0,0,0,0,,,,,,,,,,,,,,,,,,,,,,,,,,,,,,,,,,,,,,,,,,,,,,,,
5894,1200,5895,5533,,0,0,0,0,0,0,0,0,0,0,0,0,0,0,0,1,1,2,2,1,1,1,1,1,1,1,1,1,1,1,1,1,1,1,1,1,1,1,1,1,1,0,0,0,0,0,0,0,0,,,,,,,,,,,,,,,,,,,,,,,,,,,,,,,,,,,,,,,,,,,,,,,,
5895,800,5894,5531,5896,1,0,0,0,0,0,0,0,0,0,0,0,0,0,0,2,2,3,3,3,3,2,2,2,2,2,2,2,2,2,2,2,2,2,2,2,2,2,2,1,1,1,1,1,1,0,0,0,0,,,,,,,,,,,,,,,,,,,,,,,,,,,,,,,,,,,,,,,,,,,,,,,,
5896,1200,5897,5895,,0,0,0,0,0,0,0,0,0,0,0,0,0,0,0,1,1,2,2,2,2,1,1,1,1,1,1,1,1,1,1,1,1,1,1,1,1,1,1,1,1,0,0,0,0,0,0,0,0,,,,,,,,,,,,,,,,,,,,,,,,,,,,,,,,,,,,,,,,,,,,,,,,
5897,800,5896,5525,5499,1,0,0,0,0,0,0,0,0,0,0,0,0,0,0,1,1,1,1,1,1,1,1,1,1,1,1,1,1,1,1,1,1,1,1,1,1,1,1,1,1,0,0,0,0,0,0,0,0,,,,,,,,,,,,,,,,,,,,,,,,,,,,,,,,,,,,,,,,,,,,,,,,
5898,3000,5462,5899,,0,54,54,56,56,39,39,42,42,50,50,54,54,149,149,959,959,1162,1162,1055,1055,994,994,944,944,856,856,900,900,912,912,924,924,959,959,1013,1013,928,928,419,419,269,269,182,182,132,132,67,67,,,,,,,,,,,,,,,,,,,,,,,,,,,,,,,,,,,,,,,,,,,,,,,,
5899,1200,5525,5487,5898,1,0,0,0,0,0,0,0,0,0,0,0,0,0,0,3,3,3,3,3,3,3,3,2,2,2,2,2,2,2,2,2,2,2,2,3,3,2,2,1,1,1,1,1,1,0,0,0,0,,,,,,,,,,,,,,,,,,,,,,,,,,,,,,,,,,,,,,,,,,,,,,,,
59,1600,78,50,58;60,2,0,0,0,0,0,0,0,0,0,0,0,0,1,1,7,7,8,8,7,7,7,7,7,7,6,6,6,6,6,6,6,6,6,6,7,7,6,6,3,3,2,2,1,1,1,1,0,0,,,,,,,,,,,,,,,,,,,,,,,,,,,,,,,,,,,,,,,,,,,,,,,,
590,1100,14738,588,589;13276;14550,3,43,43,43,43,30,30,32,32,38,38,42,42,118,118,1168,1168,1302,1302,1212,1212,1190,1190,1101,1101,1066,1066,1011,1011,1113,1113,1136,1136,1132,1132,1218,1218,1186,1186,443,443,270,270,171,171,125,125,72,72,,,,,,,,,,,,,,,,,,,,,,,,,,,,,,,,,,,,,,,,,,,,,,,,
5900,800,,5901,,0,0,0,0,0,0,0,0,0,0,0,0,0,1,1,3,3,4,4,4,4,3,3,3,3,3,3,3,3,3,3,3,3,3,3,3,3,3,3,2,2,1,1,1,1,1,1,0,0,,,,,,,,,,,,,,,,,,,,,,,,,,,,,,,,,,,,,,,,,,,,,,,,
5901,800,6044,5900,5498,1,0,0,0,0,0,0,0,0,0,0,0,0,0,0,1,1,1,1,1,1,1,1,1,1,1,1,1,1,1,1,1,1,1,1,1,1,1,1,0,0,0,0,0,0,0,0,0,0,,,,,,,,,,,,,,,,,,,,,,,,,,,,,,,,,,,,,,,,,,,,,,,,
5902,1200,5903,5447,,0,0,0,0,0,0,0,0,0,0,0,0,0,0,0,1,1,2,2,2,2,2,2,1,1,1,1,1,1,1,1,1,1,1,1,2,2,1,1,1,1,0,0,0,0,0,0,0,0,,,,,,,,,,,,,,,,,,,,,,,,,,,,,,,,,,,,,,,,,,,,,,,,
5903,800,5438,5902,5419,1,0,0,0,0,0,0,0,0,0,0,0,0,0,0,2,2,2,2,2,2,2,2,2,2,1,1,2,2,2,2,2,2,2,2,2,2,2,2,1,1,1,1,0,0,0,0,0,0,,,,,,,,,,,,,,,,,,,,,,,,,,,,,,,,,,,,,,,,,,,,,,,,
5904,1200,5905,5374,,0,0,0,0,0,0,0,0,0,0,0,0,0,0,0,2,2,2,2,2,2,2,2,2,2,2,2,2,2,2,2,2,2,2,2,2,2,2,2,1,1,1,1,0,0,0,0,0,0,,,,,,,,,,,,,,,,,,,,,,,,,,,,,,,,,,,,,,,,,,,,,,,,
5905,1200,5904,5369,5354,1,0,0,0,0,0,0,0,0,0,0,0,0,0,0,1,1,2,2,2,2,1,1,1,1,1,1,1,1,1,1,1,1,1,1,1,1,1,1,1,1,0,0,0,0,0,0,0,0,,,,,,,,,,,,,,,,,,,,,,,,,,,,,,,,,,,,,,,,,,,,,,,,
5906,2500,5920,5907,,0,54,54,56,56,39,39,42,42,50,50,54,54,149,149,959,959,1162,1162,1055,1055,994,994,944,944,856,856,900,900,912,912,924,924,959,959,1013,1013,928,928,419,419,269,269,182,182,132,132,67,67,,,,,,,,,,,,,,,,,,,,,,,,,,,,,,,,,,,,,,,,,,,,,,,,
5907,3000,5908,5906,5369,1,54,54,56,56,39,39,42,42,50,50,54,54,149,149,959,959,1162,1162,1055,1055,994,994,944,944,856,856,900,900,912,912,924,924,959,959,1013,1013,928,928,419,419,269,269,182,182,132,132,67,67,,,,,,,,,,,,,,,,,,,,,,,,,,,,,,,,,,,,,,,,,,,,,,,,
5908,2500,5907,5909,,0,54,54,56,56,39,39,42,42,50,50,54,54,149,149,959,959,1162,1162,1055,1055,994,994,944,944,856,856,900,900,912,912,924,924,959,959,1013,1013,928,928,419,419,269,269,182,182,132,132,67,67,,,,,,,,,,,,,,,,,,,,,,,,,,,,,,,,,,,,,,,,,,,,,,,,
5909,2500,5910,5908,5345,1,54,54,56,56,39,39,42,42,50,50,54,54,149,149,959,959,1162,1162,1055,1055,994,994,944,944,856,856,900,900,912,912,924,924,959,959,1013,1013,928,928,419,419,269,269,182,182,132,132,67,67,,,,,,,,,,,,,,,,,,,,,,,,,,,,,,,,,,,,,,,,,,,,,,,,
591,800,13277,13280,592,1,0,0,0,0,0,0,0,0,0,0,0,0,0,0,2,2,2,2,2,2,2,2,2,2,2,2,2,2,2,2,2,2,2,2,2,2,2,2,1,1,1,1,0,0,0,0,0,0,,,,,,,,,,,,,,,,,,,,,,,,,,,,,,,,,,,,,,,,,,,,,,,,
5910,3000,5911,5909,,0,54,54,56,56,39,39,42,42,50,50,54,54,149,149,959,959,1162,1162,1055,1055,994,994,944,944,856,856,900,900,912,912,924,924,959,959,1013,1013,928,928,419,419,269,269,182,182,132,132,67,67,,,,,,,,,,,,,,,,,,,,,,,,,,,,,,,,,,,,,,,,,,,,,,,,
5911,2000,5933,5910,5935,1,54,54,56,56,39,39,42,42,50,50,54,54,149,149,959,959,1162,1162,1055,1055,994,994,944,944,856,856,900,900,912,912,924,924,959,959,1013,1013,928,928,419,419,269,269,182,182,132,132,67,67,,,,,,,,,,,,,,,,,,,,,,,,,,,,,,,,,,,,,,,,,,,,,,,,
5912,1500,5913,5324,,0,67,67,70,70,49,49,53,53,62,62,67,67,186,186,910,910,1134,1134,1023,1023,977,977,900,900,812,812,861,861,864,864,851,851,886,886,939,939,854,854,524,524,336,336,227,227,165,165,84,84,,,,,,,,,,,,,,,,,,,,,,,,,,,,,,,,,,,,,,,,,,,,,,,,
5913,300,5317,5306,5912,1,0,0,0,0,0,0,0,0,0,0,0,0,1,1,6,6,8,8,7,7,7,7,6,6,6,6,6,6,6,6,6,6,6,6,7,7,6,6,3,3,2,2,1,1,1,1,1,1,,,,,,,,,,,,,,,,,,,,,,,,,,,,,,,,,,,,,,,,,,,,,,,,
5914,2000,5756,5915,,0,67,67,70,70,49,49,53,53,62,62,67,67,186,186,910,910,1134,1134,1023,1023,977,977,900,900,812,812,861,861,864,864,851,851,886,886,939,939,854,854,524,524,336,336,227,227,165,165,84,84,,,,,,,,,,,,,,,,,,,,,,,,,,,,,,,,,,,,,,,,,,,,,,,,
5915,1000,9893,5914,5320,1,67,67,70,70,49,49,53,53,62,62,67,67,186,186,910,910,1134,1134,1023,1023,977,977,900,900,812,812,861,861,864,864,851,851,886,886,939,939,854,854,524,524,336,336,227,227,165,165,84,84,,,,,,,,,,,,,,,,,,,,,,,,,,,,,,,,,,,,,,,,,,,,,,,,
5916,2000,6100,5318,,0,67,67,70,70,49,49,53,53,62,62,67,67,186,186,910,910,1134,1134,1023,1023,977,977,900,900,812,812,861,861,864,864,851,851,886,886,939,939,854,854,524,524,336,336,227,227,165,165,84,84,,,,,,,,,,,,,,,,,,,,,,,,,,,,,,,,,,,,,,,,,,,,,,,,
5917,3000,6100,5918,,0,67,67,70,70,49,49,53,53,62,62,67,67,186,186,910,910,1134,1134,1023,1023,977,977,900,900,812,812,861,861,864,864,851,851,886,886,939,939,854,854,524,524,336,336,227,227,165,165,84,84,,,,,,,,,,,,,,,,,,,,,,,,,,,,,,,,,,,,,,,,,,,,,,,,
5918,2500,5332,5917,5313,1,67,67,70,70,49,49,53,53,62,62,67,67,186,186,910,910,1134,1134,1023,1023,977,977,900,900,812,812,861,861,864,864,851,851,886,886,939,939,854,854,524,524,336,336,227,227,165,165,84,84,,,,,,,,,,,,,,,,,,,,,,,,,,,,,,,,,,,,,,,,,,,,,,,,
5919,3000,5366,5920,,0,54,54,56,56,39,39,42,42,50,50,54,54,149,149,959,959,1162,1162,1055,1055,994,994,944,944,856,856,900,900,912,912,924,924,959,959,1013,1013,928,928,419,419,269,269,182,182,132,132,67,67,,,,,,,,,,,,,,,,,,,,,,,,,,,,,,,,,,,,,,,,,,,,,,,,
592,4400,591,14738,13277;13280;12985;587;12975;586;594,7,50,50,52,52,37,37,40,40,46,46,50,50,140,140,967,967,1151,1151,1088,1088,1047,1047,967,967,880,880,932,932,911,911,933,933,958,958,1007,1007,913,913,393,393,252,252,170,170,124,124,63,63,,,,,,,,,,,,,,,,,,,,,,,,,,,,,,,,,,,,,,,,,,,,,,,,
5920,2000,5919,5377,5906,1,54,54,56,56,39,39,42,42,50,50,54,54,149,149,959,959,1162,1162,1055,1055,994,994,944,944,856,856,900,900,912,912,924,924,959,959,1013,1013,928,928,419,419,269,269,182,182,132,132,67,67,,,,,,,,,,,,,,,,,,,,,,,,,,,,,,,,,,,,,,,,,,,,,,,,
5921,800,5922,5366,,0,0,0,0,0,0,0,0,0,0,0,0,0,0,0,2,2,2,2,2,2,2,2,2,2,1,1,2,2,2,2,2,2,2,2,2,2,2,2,1,1,1,1,0,0,0,0,0,0,,,,,,,,,,,,,,,,,,,,,,,,,,,,,,,,,,,,,,,,,,,,,,,,
5922,800,5921,5925,5923;5389,2,0,0,0,0,0,0,0,0,0,0,0,0,0,0,3,3,3,3,3,3,3,3,3,3,2,2,3,3,3,3,3,3,3,3,3,3,3,3,1,1,1,1,1,1,0,0,0,0,,,,,,,,,,,,,,,,,,,,,,,,,,,,,,,,,,,,,,,,,,,,,,,,
5923,2000,5924,5922,,0,54,54,56,56,39,39,42,42,50,50,54,54,149,149,959,959,1162,1162,1055,1055,994,994,944,944,856,856,900,900,912,912,924,924,959,959,1013,1013,928,928,419,419,269,269,182,182,132,132,67,67,,,,,,,,,,,,,,,,,,,,,,,,,,,,,,,,,,,,,,,,,,,,,,,,
5924,1500,5384,5923,5377,1,54,54,56,56,39,39,42,42,50,50,54,54,149,149,959,959,1162,1162,1055,1055,994,994,944,944,856,856,900,900,912,912,924,924,959,959,1013,1013,928,928,419,419,269,269,182,182,132,132,67,67,,,,,,,,,,,,,,,,,,,,,,,,,,,,,,,,,,,,,,,,,,,,,,,,
5925,1200,5922,5926,,0,0,0,0,0,0,0,0,0,0,0,0,0,0,0,3,3,3,3,3,3,3,3,3,3,2,2,3,3,3,3,3,3,3,3,3,3,3,3,1,1,1,1,1,1,0,0,0,0,,,,,,,,,,,,,,,,,,,,,,,,,,,,,,,,,,,,,,,,,,,,,,,,
5926,1200,5925,5927,5401,1,0,0,0,0,0,0,0,0,0,0,0,0,0,0,2,2,3,3,2,2,2,2,2,2,2,2,2,2,2,2,2,2,2,2,2,2,2,2,1,1,1,1,0,0,0,0,0,0,,,,,,,,,,,,,,,,,,,,,,,,,,,,,,,,,,,,,,,,,,,,,,,,
5927,1200,5926,5928,,0,0,0,0,0,0,0,0,0,0,0,0,0,0,0,2,2,2,2,2,2,2,2,1,1,1,1,1,1,1,1,1,1,2,2,2,2,1,1,1,1,0,0,0,0,0,0,0,0,,,,,,,,,,,,,,,,,,,,,,,,,,,,,,,,,,,,,,,,,,,,,,,,
5928,800,5927,5438,5405,1,0,0,0,0,0,0,0,0,0,0,0,0,0,0,1,1,1,1,1,1,1,1,1,1,1,1,1,1,1,1,1,1,1,1,1,1,1,1,1,1,0,0,0,0,0,0,0,0,,,,,,,,,,,,,,,,,,,,,,,,,,,,,,,,,,,,,,,,,,,,,,,,
5929,800,5930,5394,,0,0,0,0,0,0,0,0,0,0,0,0,0,0,0,1,1,1,1,1,1,1,1,1,1,1,1,1,1,1,1,1,1,1,1,1,1,1,1,0,0,0,0,0,0,0,0,0,0,,,,,,,,,,,,,,,,,,,,,,,,,,,,,,,,,,,,,,,,,,,,,,,,
593,1100,588,594,595;13713,2,54,54,54,54,38,38,41,41,48,48,53,53,149,149,1126,1126,1279,1279,1185,1185,1176,1176,1064,1064,1030,1030,978,978,1073,1073,1075,1075,1072,1072,1157,1157,1124,1124,530,530,326,326,208,208,152,152,86,86,,,,,,,,,,,,,,,,,,,,,,,,,,,,,,,,,,,,,,,,,,,,,,,,
5930,800,5929,5388,5382,1,0,0,0,0,0,0,0,0,0,0,0,0,0,0,1,1,1,1,1,1,1,1,1,1,1,1,1,1,1,1,1,1,1,1,1,1,1,1,0,0,0,0,0,0,0,0,0,0,,,,,,,,,,,,,,,,,,,,,,,,,,,,,,,,,,,,,,,,,,,,,,,,
5931,1200,5372,5932,,0,0,0,0,0,0,0,0,0,0,0,0,0,0,0,2,2,2,2,2,2,2,2,2,2,2,2,2,2,2,2,2,2,2,2,2,2,2,2,1,1,1,1,0,0,0,0,0,0,,,,,,,,,,,,,,,,,,,,,,,,,,,,,,,,,,,,,,,,,,,,,,,,
5932,1200,5367,5931,5353,1,0,0,0,0,0,0,0,0,0,0,0,0,0,0,1,1,1,1,1,1,1,1,1,1,1,1,1,1,1,1,1,1,1,1,1,1,1,1,1,1,0,0,0,0,0,0,0,0,,,,,,,,,,,,,,,,,,,,,,,,,,,,,,,,,,,,,,,,,,,,,,,,
5933,1500,5911,5934,,0,54,54,56,56,39,39,42,42,50,50,54,54,149,149,959,959,1162,1162,1055,1055,994,994,944,944,856,856,900,900,912,912,924,924,959,959,1013,1013,928,928,419,419,269,269,182,182,132,132,67,67,,,,,,,,,,,,,,,,,,,,,,,,,,,,,,,,,,,,,,,,,,,,,,,,
5934,1200,5933,5364,5335,1,0,0,0,0,0,0,0,0,0,0,0,0,0,0,3,3,3,3,3,3,3,3,3,3,2,2,3,3,3,3,3,3,3,3,3,3,3,3,1,1,1,1,1,1,0,0,0,0,,,,,,,,,,,,,,,,,,,,,,,,,,,,,,,,,,,,,,,,,,,,,,,,
5935,2500,5936,5911,,0,54,54,56,56,39,39,42,42,50,50,54,54,149,149,959,959,1162,1162,1055,1055,994,994,944,944,856,856,900,900,912,912,924,924,959,959,1013,1013,928,928,419,419,269,269,182,182,132,132,67,67,,,,,,,,,,,,,,,,,,,,,,,,,,,,,,,,,,,,,,,,,,,,,,,,
5936,800,5328,5308,5935,1,0,0,0,0,0,0,0,0,0,0,0,0,0,0,2,2,3,3,2,2,2,2,2,2,2,2,2,2,2,2,2,2,2,2,2,2,2,2,1,1,1,1,0,0,0,0,0,0,,,,,,,,,,,,,,,,,,,,,,,,,,,,,,,,,,,,,,,,,,,,,,,,
5937,3300,5938,5396,,0,54,54,56,56,39,39,42,42,50,50,54,54,149,149,959,959,1162,1162,1055,1055,994,994,944,944,856,856,900,900,912,912,924,924,959,959,1013,1013,928,928,419,419,269,269,182,182,132,132,67,67,,,,,,,,,,,,,,,,,,,,,,,,,,,,,,,,,,,,,,,,,,,,,,,,
5938,4000,2717,5380,5379;5937,2,54,54,56,56,39,39,42,42,50,50,54,54,149,149,959,959,1162,1162,1055,1055,994,994,944,944,856,856,900,900,912,912,924,924,959,959,1013,1013,928,928,419,419,269,269,182,182,132,132,67,67,,,,,,,,,,,,,,,,,,,,,,,,,,,,,,,,,,,,,,,,,,,,,,,,
5939,1500,5355,5940,,0,54,54,56,56,39,39,42,42,50,50,54,54,149,149,959,959,1162,1162,1055,1055,994,994,944,944,856,856,900,900,912,912,924,924,959,959,1013,1013,928,928,419,419,269,269,182,182,132,132,67,67,,,,,,,,,,,,,,,,,,,,,,,,,,,,,,,,,,,,,,,,,,,,,,,,
594,1100,14738,592,595;593;13714,3,54,54,54,54,38,38,41,41,48,48,53,53,149,149,1126,1126,1279,1279,1185,1185,1176,1176,1064,1064,1030,1030,978,978,1073,1073,1075,1075,1072,1072,1157,1157,1124,1124,530,530,326,326,208,208,152,152,86,86,,,,,,,,,,,,,,,,,,,,,,,,,,,,,,,,,,,,,,,,,,,,,,,,
5940,1500,5939,5955,5941,1,54,54,56,56,39,39,42,42,50,50,54,54,149,149,959,959,1162,1162,1055,1055,994,994,944,944,856,856,900,900,912,912,924,924,959,959,1013,1013,928,928,419,419,269,269,182,182,132,132,67,67,,,,,,,,,,,,,,,,,,,,,,,,,,,,,,,,,,,,,,,,,,,,,,,,
5941,1600,5940,5942,,0,0,0,0,0,0,0,0,0,0,0,0,0,0,0,2,2,2,2,2,2,2,2,2,2,2,2,2,2,2,2,2,2,2,2,2,2,2,2,1,1,1,1,0,0,0,0,0,0,,,,,,,,,,,,,,,,,,,,,,,,,,,,,,,,,,,,,,,,,,,,,,,,
5942,1600,5945,5941,5943,1,53,53,55,55,38,38,42,42,48,48,53,53,146,146,715,715,891,891,804,804,768,768,707,707,638,638,676,676,679,679,669,669,696,696,738,738,671,671,411,411,264,264,178,178,130,130,66,66,,,,,,,,,,,,,,,,,,,,,,,,,,,,,,,,,,,,,,,,,,,,,,,,
5943,1600,5942,5944,,0,53,53,55,55,38,38,42,42,48,48,53,53,146,146,715,715,891,891,804,804,768,768,707,707,638,638,676,676,679,679,669,669,696,696,738,738,671,671,411,411,264,264,178,178,130,130,66,66,,,,,,,,,,,,,,,,,,,,,,,,,,,,,,,,,,,,,,,,,,,,,,,,
5944,1200,5956,5943,5325,1,0,0,0,0,0,0,0,0,0,0,0,0,0,0,2,2,3,3,2,2,2,2,2,2,2,2,2,2,2,2,2,2,2,2,2,2,2,2,1,1,1,1,0,0,0,0,0,0,,,,,,,,,,,,,,,,,,,,,,,,,,,,,,,,,,,,,,,,,,,,,,,,
5945,1200,5946,5942,,0,53,53,55,55,38,38,42,42,48,48,53,53,146,146,715,715,891,891,804,804,768,768,707,707,638,638,676,676,679,679,669,669,696,696,738,738,671,671,411,411,264,264,178,178,130,130,66,66,,,,,,,,,,,,,,,,,,,,,,,,,,,,,,,,,,,,,,,,,,,,,,,,
5946,300,5348,5322,5945,1,0,0,0,0,0,0,0,0,0,0,0,0,0,0,1,1,1,1,1,1,1,1,1,1,0,0,1,1,1,1,1,1,1,1,1,1,1,1,0,0,0,0,0,0,0,0,0,0,,,,,,,,,,,,,,,,,,,,,,,,,,,,,,,,,,,,,,,,,,,,,,,,
5947,800,5314,5948,,0,0,0,0,0,0,0,0,0,0,0,0,0,0,0,0,0,1,1,0,0,0,0,0,0,0,0,0,0,0,0,0,0,0,0,0,0,0,0,0,0,0,0,0,0,0,0,0,0,,,,,,,,,,,,,,,,,,,,,,,,,,,,,,,,,,,,,,,,,,,,,,,,
5948,300,5947,5312,5310,1,0,0,0,0,0,0,0,0,0,0,0,0,0,0,0,0,1,1,1,1,1,1,0,0,0,0,0,0,0,0,0,0,0,0,1,1,0,0,0,0,0,0,0,0,0,0,0,0,,,,,,,,,,,,,,,,,,,,,,,,,,,,,,,,,,,,,,,,,,,,,,,,
5949,4400,5950,5319,,0,54,54,56,56,39,39,42,42,50,50,54,54,149,149,959,959,1162,1162,1055,1055,994,994,944,944,856,856,900,900,912,912,924,924,959,959,1013,1013,928,928,419,419,269,269,182,182,132,132,67,67,,,,,,,,,,,,,,,,,,,,,,,,,,,,,,,,,,,,,,,,,,,,,,,,
595,1100,14738,594,13715;593;596,3,54,54,54,54,38,38,41,41,48,48,53,53,149,149,1126,1126,1279,1279,1185,1185,1176,1176,1064,1064,1030,1030,978,978,1073,1073,1075,1075,1072,1072,1157,1157,1124,1124,530,530,326,326,208,208,152,152,86,86,,,,,,,,,,,,,,,,,,,,,,,,,,,,,,,,,,,,,,,,,,,,,,,,
5950,1600,5338,5326,5949;5350,2,0,0,0,0,0,0,0,0,0,0,0,0,0,0,2,2,3,3,3,3,2,2,2,2,2,2,2,2,2,2,2,2,2,2,2,2,2,2,1,1,1,1,1,1,0,0,0,0,,,,,,,,,,,,,,,,,,,,,,,,,,,,,,,,,,,,,,,,,,,,,,,,
5951,800,5952,5319,,0,0,0,0,0,0,0,0,0,0,0,0,0,0,0,2,2,3,3,3,3,2,2,2,2,2,2,2,2,2,2,2,2,2,2,2,2,2,2,1,1,1,1,0,0,0,0,0,0,,,,,,,,,,,,,,,,,,,,,,,,,,,,,,,,,,,,,,,,,,,,,,,,
5952,1600,5307,6079,5951,1,0,0,0,0,0,0,0,0,0,0,0,0,0,0,2,2,3,3,2,2,2,2,2,2,2,2,2,2,2,2,2,2,2,2,2,2,2,2,1,1,1,1,0,0,0,0,0,0,,,,,,,,,,,,,,,,,,,,,,,,,,,,,,,,,,,,,,,,,,,,,,,,
5953,4400,5954,5319,,0,54,54,56,56,39,39,42,42,50,50,54,54,149,149,959,959,1162,1162,1055,1055,994,994,944,944,856,856,900,900,912,912,924,924,959,959,1013,1013,928,928,419,419,269,269,182,182,132,132,67,67,,,,,,,,,,,,,,,,,,,,,,,,,,,,,,,,,,,,,,,,,,,,,,,,
5954,4400,5331,5953,6098;5321,2,54,54,56,56,39,39,42,42,50,50,54,54,149,149,959,959,1162,1162,1055,1055,994,994,944,944,856,856,900,900,912,912,924,924,959,959,1013,1013,928,928,419,419,269,269,182,182,132,132,67,67,,,,,,,,,,,,,,,,,,,,,,,,,,,,,,,,,,,,,,,,,,,,,,,,
5955,1200,3197,5940,,0,0,0,0,0,0,0,0,0,0,0,0,0,1,1,3,3,4,4,4,4,3,3,3,3,3,3,3,3,3,3,3,3,3,3,3,3,3,3,2,2,1,1,1,1,1,1,0,0,,,,,,,,,,,,,,,,,,,,,,,,,,,,,,,,,,,,,,,,,,,,,,,,
5956,800,3208,5944,,0,53,53,55,55,38,38,42,42,48,48,53,53,146,146,715,715,891,891,804,804,768,768,707,707,638,638,676,676,679,679,669,669,696,696,738,738,671,671,411,411,264,264,178,178,130,130,66,66,,,,,,,,,,,,,,,,,,,,,,,,,,,,,,,,,,,,,,,,,,,,,,,,
5957,800,5958,5616,,0,0,0,0,0,0,0,0,0,0,0,0,0,0,0,2,2,2,2,2,2,2,2,2,2,2,2,2,2,2,2,2,2,2,2,2,2,2,2,1,1,1,1,0,0,0,0,0,0,,,,,,,,,,,,,,,,,,,,,,,,,,,,,,,,,,,,,,,,,,,,,,,,
5958,2000,5959,5957,,0,50,50,52,52,37,37,40,40,46,46,50,50,140,140,967,967,1151,1151,1088,1088,1047,1047,967,967,880,880,932,932,911,911,933,933,958,958,1007,1007,913,913,393,393,252,252,170,170,124,124,63,63,,,,,,,,,,,,,,,,,,,,,,,,,,,,,,,,,,,,,,,,,,,,,,,,
5959,300,5604,,5721;5958,2,0,0,0,0,0,0,0,0,0,0,0,0,0,0,2,2,2,2,2,2,2,2,2,2,2,2,2,2,2,2,2,2,2,2,2,2,2,2,1,1,1,1,0,0,0,0,0,0,,,,,,,,,,,,,,,,,,,,,,,,,,,,,,,,,,,,,,,,,,,,,,,,
596,550,14738,595,13716,1,54,54,54,54,38,38,41,41,48,48,53,53,149,149,1126,1126,1279,1279,1185,1185,1176,1176,1064,1064,1030,1030,978,978,1073,1073,1075,1075,1072,1072,1157,1157,1124,1124,530,530,326,326,208,208,152,152,86,86,,,,,,,,,,,,,,,,,,,,,,,,,,,,,,,,,,,,,,,,,,,,,,,,
5960,800,,5963,5573,1,0,0,0,0,0,0,0,0,0,0,0,0,0,0,1,1,1,1,1,1,1,1,1,1,1,1,1,1,1,1,1,1,1,1,1,1,1,1,1,1,0,0,0,0,0,0,0,0,,,,,,,,,,,,,,,,,,,,,,,,,,,,,,,,,,,,,,,,,,,,,,,,
5961,400,5721,5593,,0,0,0,0,0,0,0,0,0,0,0,0,0,0,0,1,1,1,1,1,1,1,1,1,1,1,1,1,1,1,1,1,1,1,1,1,1,1,1,0,0,0,0,0,0,0,0,0,0,,,,,,,,,,,,,,,,,,,,,,,,,,,,,,,,,,,,,,,,,,,,,,,,
5962,600,5963,5975,,0,0,0,0,0,0,0,0,0,0,0,0,0,0,0,2,2,2,2,2,2,2,2,2,2,1,1,1,1,1,1,1,1,2,2,2,2,1,1,1,1,0,0,0,0,0,0,0,0,,,,,,,,,,,,,,,,,,,,,,,,,,,,,,,,,,,,,,,,,,,,,,,,
5963,500,5573,5960,5962,1,50,50,52,52,37,37,40,40,46,46,50,50,140,140,967,967,1151,1151,1088,1088,1047,1047,967,967,880,880,932,932,911,911,933,933,958,958,1007,1007,913,913,393,393,252,252,170,170,124,124,63,63,,,,,,,,,,,,,,,,,,,,,,,,,,,,,,,,,,,,,,,,,,,,,,,,
5964,300,5965,5564,,0,0,0,0,0,0,0,0,0,0,0,0,0,0,0,2,2,2,2,2,2,2,2,2,2,2,2,2,2,2,2,2,2,2,2,2,2,2,2,1,1,1,1,0,0,0,0,0,0,,,,,,,,,,,,,,,,,,,,,,,,,,,,,,,,,,,,,,,,,,,,,,,,
5965,400,,5559,5561;5964,2,0,0,0,0,0,0,0,0,0,0,0,0,0,0,2,2,2,2,2,2,2,2,2,2,2,2,2,2,2,2,2,2,2,2,2,2,2,2,1,1,1,1,0,0,0,0,0,0,,,,,,,,,,,,,,,,,,,,,,,,,,,,,,,,,,,,,,,,,,,,,,,,
5966,300,5547,5967,,0,0,0,0,0,0,0,0,0,0,0,0,0,0,0,1,1,1,1,1,1,1,1,1,1,1,1,1,1,1,1,1,1,1,1,1,1,1,1,0,0,0,0,0,0,0,0,0,0,,,,,,,,,,,,,,,,,,,,,,,,,,,,,,,,,,,,,,,,,,,,,,,,
5967,300,5968,5559,5966,1,0,0,0,0,0,0,0,0,0,0,0,0,0,0,1,1,1,1,1,1,1,1,1,1,1,1,1,1,1,1,1,1,1,1,1,1,1,1,0,0,0,0,0,0,0,0,0,0,,,,,,,,,,,,,,,,,,,,,,,,,,,,,,,,,,,,,,,,,,,,,,,,
5968,300,5967,,,0,0,0,0,0,0,0,0,0,0,0,0,0,0,0,1,1,1,1,1,1,1,1,1,1,1,1,1,1,1,1,1,1,1,1,1,1,1,1,0,0,0,0,0,0,0,0,0,0,,,,,,,,,,,,,,,,,,,,,,,,,,,,,,,,,,,,,,,,,,,,,,,,
5969,1200,5545,,5970,1,0,0,0,0,0,0,0,0,0,0,0,0,0,0,1,1,1,1,1,1,1,1,1,1,1,1,1,1,1,1,1,1,1,1,1,1,1,1,1,1,0,0,0,0,0,0,0,0,,,,,,,,,,,,,,,,,,,,,,,,,,,,,,,,,,,,,,,,,,,,,,,,
597,300,,5724,12839,1,0,0,0,0,0,0,0,0,0,0,0,0,0,0,2,2,2,2,2,2,2,2,2,2,2,2,2,2,2,2,2,2,2,2,2,2,2,2,1,1,1,1,0,0,0,0,0,0,,,,,,,,,,,,,,,,,,,,,,,,,,,,,,,,,,,,,,,,,,,,,,,,
5970,2500,5969,5971,5528,1,50,50,52,52,37,37,40,40,46,46,50,50,140,140,967,967,1151,1151,1088,1088,1047,1047,967,967,880,880,932,932,911,911,933,933,958,958,1007,1007,913,913,393,393,252,252,170,170,124,124,63,63,,,,,,,,,,,,,,,,,,,,,,,,,,,,,,,,,,,,,,,,,,,,,,,,
5971,500,5972,5970,,0,50,50,52,52,37,37,40,40,46,46,50,50,140,140,967,967,1151,1151,1088,1088,1047,1047,967,967,880,880,932,932,911,911,933,933,958,958,1007,1007,913,913,393,393,252,252,170,170,124,124,63,63,,,,,,,,,,,,,,,,,,,,,,,,,,,,,,,,,,,,,,,,,,,,,,,,
5972,600,5971,,,0,33,33,31,31,22,22,23,23,26,26,31,31,88,88,1055,1055,1119,1119,1058,1058,1080,1080,966,966,980,980,861,861,1008,1008,1021,1021,988,988,1080,1080,1096,1096,421,421,249,249,150,150,110,110,68,68,,,,,,,,,,,,,,,,,,,,,,,,,,,,,,,,,,,,,,,,,,,,,,,,
5973,1200,,5616,,0,53,53,55,55,38,38,42,42,48,48,53,53,146,146,715,715,891,891,804,804,768,768,707,707,638,638,676,676,679,679,669,669,696,696,738,738,671,671,411,411,264,264,178,178,130,130,66,66,,,,,,,,,,,,,,,,,,,,,,,,,,,,,,,,,,,,,,,,,,,,,,,,
5974,2500,5529,5975,,0,50,50,52,52,37,37,40,40,46,46,50,50,140,140,967,967,1151,1151,1088,1088,1047,1047,967,967,880,880,932,932,911,911,933,933,958,958,1007,1007,913,913,393,393,252,252,170,170,124,124,63,63,,,,,,,,,,,,,,,,,,,,,,,,,,,,,,,,,,,,,,,,,,,,,,,,
5975,1200,5974,5962,5547;5976,2,0,0,0,0,0,0,0,0,0,0,0,0,0,0,1,1,1,1,1,1,1,1,1,1,1,1,1,1,1,1,1,1,1,1,1,1,1,1,1,1,0,0,0,0,0,0,0,0,,,,,,,,,,,,,,,,,,,,,,,,,,,,,,,,,,,,,,,,,,,,,,,,
5976,1600,,5975,,0,0,0,0,0,0,0,0,0,0,0,0,0,0,0,1,1,1,1,1,1,1,1,1,1,1,1,1,1,1,1,1,1,1,1,1,1,1,1,1,1,0,0,0,0,0,0,0,0,,,,,,,,,,,,,,,,,,,,,,,,,,,,,,,,,,,,,,,,,,,,,,,,
5977,1500,5980,5573,,0,50,50,52,52,37,37,40,40,46,46,50,50,140,140,967,967,1151,1151,1088,1088,1047,1047,967,967,880,880,932,932,911,911,933,933,958,958,1007,1007,913,913,393,393,252,252,170,170,124,124,63,63,,,,,,,,,,,,,,,,,,,,,,,,,,,,,,,,,,,,,,,,,,,,,,,,
5978,300,5987,5979,,0,0,0,0,0,0,0,0,0,0,0,0,0,0,0,1,1,1,1,1,1,1,1,1,1,1,1,1,1,1,1,1,1,1,1,1,1,1,1,0,0,0,0,0,0,0,0,0,0,,,,,,,,,,,,,,,,,,,,,,,,,,,,,,,,,,,,,,,,,,,,,,,,
5979,300,5593,5597,5978,1,0,0,0,0,0,0,0,0,0,0,0,0,0,0,1,1,1,1,1,1,1,1,1,1,1,1,1,1,1,1,1,1,1,1,1,1,1,1,0,0,0,0,0,0,0,0,0,0,,,,,,,,,,,,,,,,,,,,,,,,,,,,,,,,,,,,,,,,,,,,,,,,
598,800,12460,,5730,1,0,0,0,0,0,0,0,0,0,0,0,0,0,0,2,2,2,2,2,2,2,2,2,2,2,2,2,2,2,2,2,2,2,2,2,2,2,2,1,1,1,1,0,0,0,0,0,0,,,,,,,,,,,,,,,,,,,,,,,,,,,,,,,,,,,,,,,,,,,,,,,,
5980,2500,5977,5981,,0,50,50,52,52,37,37,40,40,46,46,50,50,140,140,967,967,1151,1151,1088,1088,1047,1047,967,967,880,880,932,932,911,911,933,933,958,958,1007,1007,913,913,393,393,252,252,170,170,124,124,63,63,,,,,,,,,,,,,,,,,,,,,,,,,,,,,,,,,,,,,,,,,,,,,,,,
5981,1200,5980,5998,5986,1,0,0,0,0,0,0,0,0,0,0,0,0,0,0,1,1,2,2,2,2,2,2,1,1,1,1,1,1,1,1,1,1,1,1,1,1,1,1,1,1,0,0,0,0,0,0,0,0,,,,,,,,,,,,,,,,,,,,,,,,,,,,,,,,,,,,,,,,,,,,,,,,
5982,300,5770,5983,,0,0,0,0,0,0,0,0,0,0,0,0,0,0,0,0,0,0,0,0,0,0,0,0,0,0,0,0,0,0,0,0,0,0,0,0,0,0,0,0,0,0,0,0,0,0,0,0,0,,,,,,,,,,,,,,,,,,,,,,,,,,,,,,,,,,,,,,,,,,,,,,,,
5983,300,5649,5982,5984,1,0,0,0,0,0,0,0,0,0,0,0,0,0,0,0,0,0,0,0,0,0,0,0,0,0,0,0,0,0,0,0,0,0,0,0,0,0,0,0,0,0,0,0,0,0,0,0,0,,,,,,,,,,,,,,,,,,,,,,,,,,,,,,,,,,,,,,,,,,,,,,,,
5984,300,5983,5985,,0,0,0,0,0,0,0,0,0,0,0,0,0,0,0,0,0,0,0,0,0,0,0,0,0,0,0,0,0,0,0,0,0,0,0,0,0,0,0,0,0,0,0,0,0,0,0,0,0,,,,,,,,,,,,,,,,,,,,,,,,,,,,,,,,,,,,,,,,,,,,,,,,
5985,300,5611,5984,5699,1,0,0,0,0,0,0,0,0,0,0,0,0,0,0,0,0,0,0,0,0,0,0,0,0,0,0,0,0,0,0,0,0,0,0,0,0,0,0,0,0,0,0,0,0,0,0,0,0,,,,,,,,,,,,,,,,,,,,,,,,,,,,,,,,,,,,,,,,,,,,,,,,
5986,800,5987,5981,,0,53,53,55,55,38,38,42,42,48,48,53,53,146,146,715,715,891,891,804,804,768,768,707,707,638,638,676,676,679,679,669,669,696,696,738,738,671,671,411,411,264,264,178,178,130,130,66,66,,,,,,,,,,,,,,,,,,,,,,,,,,,,,,,,,,,,,,,,,,,,,,,,
5987,300,5978,5986,5699,1,0,0,0,0,0,0,0,0,0,0,0,0,0,0,1,1,1,1,1,1,1,1,1,1,1,1,1,1,1,1,1,1,1,1,1,1,1,1,1,1,0,0,0,0,0,0,0,0,,,,,,,,,,,,,,,,,,,,,,,,,,,,,,,,,,,,,,,,,,,,,,,,
5988,1600,5650,5989,,0,0,0,0,0,0,0,0,0,0,0,0,0,0,0,1,1,1,1,1,1,1,1,1,1,1,1,1,1,1,1,1,1,1,1,1,1,1,1,0,0,0,0,0,0,0,0,0,0,,,,,,,,,,,,,,,,,,,,,,,,,,,,,,,,,,,,,,,,,,,,,,,,
5989,1200,5990,5988,5638,1,0,0,0,0,0,0,0,0,0,0,0,0,0,0,1,1,1,1,1,1,1,1,1,1,1,1,1,1,1,1,1,1,1,1,1,1,1,1,0,0,0,0,0,0,0,0,0,0,,,,,,,,,,,,,,,,,,,,,,,,,,,,,,,,,,,,,,,,,,,,,,,,
599,500,5859,,12609,1,53,53,52,52,37,37,39,39,46,46,51,51,144,144,1157,1157,1300,1300,1208,1208,1204,1204,1088,1088,1061,1061,995,995,1103,1103,1107,1107,1098,1098,1188,1188,1163,1163,531,531,325,325,206,206,151,151,86,86,,,,,,,,,,,,,,,,,,,,,,,,,,,,,,,,,,,,,,,,,,,,,,,,
5990,1200,5989,5991,,0,0,0,0,0,0,0,0,0,0,0,0,0,0,0,1,1,2,2,2,2,1,1,1,1,1,1,1,1,1,1,1,1,1,1,1,1,1,1,1,1,0,0,0,0,0,0,0,0,,,,,,,,,,,,,,,,,,,,,,,,,,,,,,,,,,,,,,,,,,,,,,,,
5991,1200,5644,5990,5599,1,0,0,0,0,0,0,0,0,0,0,0,0,0,0,2,2,2,2,2,2,2,2,2,2,1,1,1,1,2,2,2,2,2,2,2,2,2,2,1,1,0,0,0,0,0,0,0,0,,,,,,,,,,,,,,,,,,,,,,,,,,,,,,,,,,,,,,,,,,,,,,,,
5992,1200,,5993,,0,0,0,0,0,0,0,0,0,0,0,0,0,0,0,1,1,1,1,1,1,1,1,1,1,1,1,1,1,1,1,1,1,1,1,1,1,1,1,0,0,0,0,0,0,0,0,0,0,,,,,,,,,,,,,,,,,,,,,,,,,,,,,,,,,,,,,,,,,,,,,,,,
5993,1200,5638,5992,5628,1,0,0,0,0,0,0,0,0,0,0,0,0,0,0,1,1,1,1,1,1,1,1,1,1,1,1,1,1,1,1,1,1,1,1,1,1,1,1,0,0,0,0,0,0,0,0,0,0,,,,,,,,,,,,,,,,,,,,,,,,,,,,,,,,,,,,,,,,,,,,,,,,
5994,800,5995,5612,,0,0,0,0,0,0,0,0,0,0,0,0,0,0,0,1,1,1,1,1,1,1,1,1,1,1,1,1,1,1,1,1,1,1,1,1,1,1,1,1,1,0,0,0,0,0,0,0,0,,,,,,,,,,,,,,,,,,,,,,,,,,,,,,,,,,,,,,,,,,,,,,,,
5995,300,5672,,5994;5634,2,0,0,0,0,0,0,0,0,0,0,0,0,0,0,1,1,1,1,1,1,1,1,1,1,1,1,1,1,1,1,1,1,1,1,1,1,1,1,0,0,0,0,0,0,0,0,0,0,,,,,,,,,,,,,,,,,,,,,,,,,,,,,,,,,,,,,,,,,,,,,,,,
5996,1000,5997,5999,,0,50,50,52,52,37,37,40,40,46,46,50,50,140,140,967,967,1151,1151,1088,1088,1047,1047,967,967,880,880,932,932,911,911,933,933,958,958,1007,1007,913,913,393,393,252,252,170,170,124,124,63,63,,,,,,,,,,,,,,,,,,,,,,,,,,,,,,,,,,,,,,,,,,,,,,,,
5997,400,5668,5643,5996,1,0,0,0,0,0,0,0,0,0,0,0,0,0,0,2,2,2,2,2,2,2,2,2,2,1,1,2,2,2,2,2,2,2,2,2,2,2,2,1,1,0,0,0,0,0,0,0,0,,,,,,,,,,,,,,,,,,,,,,,,,,,,,,,,,,,,,,,,,,,,,,,,
5998,1200,6001,5981,,0,0,0,0,0,0,0,0,0,0,0,0,0,0,0,0,0,1,1,1,1,1,1,0,0,0,0,0,0,0,0,0,0,0,0,0,0,0,0,0,0,0,0,0,0,0,0,0,0,,,,,,,,,,,,,,,,,,,,,,,,,,,,,,,,,,,,,,,,,,,,,,,,
5999,1000,6000,5658,5615;5996,2,50,50,52,52,37,37,40,40,46,46,50,50,140,140,967,967,1151,1151,1088,1088,1047,1047,967,967,880,880,932,932,911,911,933,933,958,958,1007,1007,913,913,393,393,252,252,170,170,124,124,63,63,,,,,,,,,,,,,,,,,,,,,,,,,,,,,,,,,,,,,,,,,,,,,,,,
6,1600,1,11,,0,0,0,0,0,0,0,0,0,0,0,0,0,0,0,4,4,5,5,5,5,5,5,4,4,4,4,4,4,4,4,4,4,5,5,5,5,4,4,1,1,1,1,0,0,0,0,0,0,,,,,,,,,,,,,,,,,,,,,,,,,,,,,,,,,,,,,,,,,,,,,,,,
60,2000,372,59,,0,50,50,52,52,37,37,40,40,46,46,50,50,140,140,967,967,1151,1151,1088,1088,1047,1047,967,967,880,880,932,932,911,911,933,933,958,958,1007,1007,913,913,393,393,252,252,170,170,124,124,63,63,,,,,,,,,,,,,,,,,,,,,,,,,,,,,,,,,,,,,,,,,,,,,,,,
600,1000,5859,12431,12906,1,53,53,52,52,37,37,39,39,46,46,51,51,144,144,1157,1157,1300,1300,1208,1208,1204,1204,1088,1088,1061,1061,995,995,1103,1103,1107,1107,1098,1098,1188,1188,1163,1163,531,531,325,325,206,206,151,151,86,86,,,,,,,,,,,,,,,,,,,,,,,,,,,,,,,,,,,,,,,,,,,,,,,,
6000,400,5999,6001,,0,0,0,0,0,0,0,0,0,0,0,0,0,0,0,2,2,2,2,2,2,2,2,2,2,2,2,2,2,2,2,2,2,2,2,2,2,2,2,1,1,1,1,0,0,0,0,0,0,,,,,,,,,,,,,,,,,,,,,,,,,,,,,,,,,,,,,,,,,,,,,,,,
6001,400,5998,6000,5610,1,0,0,0,0,0,0,0,0,0,0,0,0,0,0,1,1,1,1,1,1,1,1,1,1,1,1,1,1,1,1,1,1,1,1,1,1,1,1,1,1,0,0,0,0,0,0,0,0,,,,,,,,,,,,,,,,,,,,,,,,,,,,,,,,,,,,,,,,,,,,,,,,
6002,2500,5529,6003,,0,50,50,52,52,37,37,40,40,46,46,50,50,140,140,967,967,1151,1151,1088,1088,1047,1047,967,967,880,880,932,932,911,911,933,933,958,958,1007,1007,913,913,393,393,252,252,170,170,124,124,63,63,,,,,,,,,,,,,,,,,,,,,,,,,,,,,,,,,,,,,,,,,,,,,,,,
6003,800,5543,5578,6002,1,0,0,0,0,0,0,0,0,0,0,0,0,0,0,1,1,1,1,1,1,1,1,1,1,1,1,1,1,1,1,1,1,1,1,1,1,1,1,0,0,0,0,0,0,0,0,0,0,,,,,,,,,,,,,,,,,,,,,,,,,,,,,,,,,,,,,,,,,,,,,,,,
6004,2200,5576,6005,,0,50,50,52,52,37,37,40,40,46,46,50,50,140,140,967,967,1151,1151,1088,1088,1047,1047,967,967,880,880,932,932,911,911,933,933,958,958,1007,1007,913,913,393,393,252,252,170,170,124,124,63,63,,,,,,,,,,,,,,,,,,,,,,,,,,,,,,,,,,,,,,,,,,,,,,,,
6005,800,5554,6006,6004,1,0,0,0,0,0,0,0,0,0,0,0,0,0,0,2,2,2,2,2,2,2,2,2,2,2,2,2,2,2,2,2,2,2,2,2,2,2,2,1,1,1,1,0,0,0,0,0,0,,,,,,,,,,,,,,,,,,,,,,,,,,,,,,,,,,,,,,,,,,,,,,,,
6006,800,6005,6007,,0,0,0,0,0,0,0,0,0,0,0,0,0,0,0,2,2,2,2,2,2,2,2,2,2,2,2,2,2,2,2,2,2,2,2,2,2,2,2,1,1,1,1,0,0,0,0,0,0,,,,,,,,,,,,,,,,,,,,,,,,,,,,,,,,,,,,,,,,,,,,,,,,
6007,1000,5583,6006,5570,1,50,50,52,52,37,37,40,40,46,46,50,50,140,140,967,967,1151,1151,1088,1088,1047,1047,967,967,880,880,932,932,911,911,933,933,958,958,1007,1007,913,913,393,393,252,252,170,170,124,124,63,63,,,,,,,,,,,,,,,,,,,,,,,,,,,,,,,,,,,,,,,,,,,,,,,,
6008,1000,5594,6009,,0,50,50,52,52,37,37,40,40,46,46,50,50,140,140,967,967,1151,1151,1088,1088,1047,1047,967,967,880,880,932,932,911,911,933,933,958,958,1007,1007,913,913,393,393,252,252,170,170,124,124,63,63,,,,,,,,,,,,,,,,,,,,,,,,,,,,,,,,,,,,,,,,,,,,,,,,
6009,300,5588,5583,6008,1,0,0,0,0,0,0,0,0,0,0,0,0,0,0,2,2,2,2,2,2,2,2,2,2,2,2,2,2,2,2,2,2,2,2,2,2,2,2,1,1,1,1,0,0,0,0,0,0,,,,,,,,,,,,,,,,,,,,,,,,,,,,,,,,,,,,,,,,,,,,,,,,
601,300,4463,12082,602,1,0,0,0,0,0,0,0,0,0,0,0,0,1,1,4,4,5,5,4,4,4,4,4,4,4,4,4,4,4,4,4,4,4,4,4,4,4,4,2,2,1,1,1,1,0,0,0,0,,,,,,,,,,,,,,,,,,,,,,,,,,,,,,,,,,,,,,,,,,,,,,,,
6010,4400,6011,5576,,0,50,50,52,52,37,37,40,40,46,46,50,50,140,140,967,967,1151,1151,1088,1088,1047,1047,967,967,880,880,932,932,911,911,933,933,958,958,1007,1007,913,913,393,393,252,252,170,170,124,124,63,63,,,,,,,,,,,,,,,,,,,,,,,,,,,,,,,,,,,,,,,,,,,,,,,,
6011,2000,6012,5761,6010,1,50,50,52,52,37,37,40,40,46,46,50,50,140,140,967,967,1151,1151,1088,1088,1047,1047,967,967,880,880,932,932,911,911,933,933,958,958,1007,1007,913,913,393,393,252,252,170,170,124,124,63,63,,,,,,,,,,,,,,,,,,,,,,,,,,,,,,,,,,,,,,,,,,,,,,,,
6012,3500,6013,6011,,0,50,50,52,52,37,37,40,40,46,46,50,50,140,140,967,967,1151,1151,1088,1088,1047,1047,967,967,880,880,932,932,911,911,933,933,958,958,1007,1007,913,913,393,393,252,252,170,170,124,124,63,63,,,,,,,,,,,,,,,,,,,,,,,,,,,,,,,,,,,,,,,,,,,,,,,,
6013,800,5535,5566,6012,1,0,0,0,0,0,0,0,0,0,0,0,0,0,0,1,1,2,2,2,2,1,1,1,1,1,1,1,1,1,1,1,1,1,1,1,1,1,1,1,1,0,0,0,0,0,0,0,0,,,,,,,,,,,,,,,,,,,,,,,,,,,,,,,,,,,,,,,,,,,,,,,,
6014,1200,6015,5867,,0,0,0,0,0,0,0,0,0,0,0,0,0,0,0,1,1,1,1,1,1,1,1,1,1,1,1,1,1,1,1,1,1,1,1,1,1,1,1,0,0,0,0,0,0,0,0,0,0,,,,,,,,,,,,,,,,,,,,,,,,,,,,,,,,,,,,,,,,,,,,,,,,
6015,300,6014,5635,6016,1,0,0,0,0,0,0,0,0,0,0,0,0,0,0,1,1,1,1,1,1,1,1,1,1,1,1,1,1,1,1,1,1,1,1,1,1,1,1,0,0,0,0,0,0,0,0,0,0,,,,,,,,,,,,,,,,,,,,,,,,,,,,,,,,,,,,,,,,,,,,,,,,
6016,800,6015,6017,,0,0,0,0,0,0,0,0,0,0,0,0,0,0,0,1,1,1,1,1,1,1,1,1,1,1,1,1,1,1,1,1,1,1,1,1,1,1,1,0,0,0,0,0,0,0,0,0,0,,,,,,,,,,,,,,,,,,,,,,,,,,,,,,,,,,,,,,,,,,,,,,,,
6017,400,5631,6016,5651,1,0,0,0,0,0,0,0,0,0,0,0,0,0,0,1,1,1,1,1,1,1,1,1,1,1,1,1,1,1,1,1,1,1,1,1,1,1,1,0,0,0,0,0,0,0,0,0,0,,,,,,,,,,,,,,,,,,,,,,,,,,,,,,,,,,,,,,,,,,,,,,,,
6018,2500,5704,6020,6021,1,50,50,52,52,37,37,40,40,46,46,50,50,140,140,967,967,1151,1151,1088,1088,1047,1047,967,967,880,880,932,932,911,911,933,933,958,958,1007,1007,913,913,393,393,252,252,170,170,124,124,63,63,,,,,,,,,,,,,,,,,,,,,,,,,,,,,,,,,,,,,,,,,,,,,,,,
6019,1000,5651,6021,5587,1,50,50,52,52,37,37,40,40,46,46,50,50,140,140,967,967,1151,1151,1088,1088,1047,1047,967,967,880,880,932,932,911,911,933,933,958,958,1007,1007,913,913,393,393,252,252,170,170,124,124,63,63,,,,,,,,,,,,,,,,,,,,,,,,,,,,,,,,,,,,,,,,,,,,,,,,
602,300,601,12082,4476,1,0,0,0,0,0,0,0,0,0,0,0,0,0,0,4,4,5,5,4,4,4,4,4,4,4,4,4,4,4,4,4,4,4,4,4,4,4,4,2,2,1,1,1,1,0,0,0,0,,,,,,,,,,,,,,,,,,,,,,,,,,,,,,,,,,,,,,,,,,,,,,,,
6020,800,5563,6018,,0,0,0,0,0,0,0,0,0,0,0,0,0,0,0,2,2,2,2,2,2,2,2,2,2,2,2,2,2,2,2,2,2,2,2,2,2,2,2,1,1,1,1,0,0,0,0,0,0,,,,,,,,,,,,,,,,,,,,,,,,,,,,,,,,,,,,,,,,,,,,,,,,
6021,1000,6019,6018,,0,50,50,52,52,37,37,40,40,46,46,50,50,140,140,967,967,1151,1151,1088,1088,1047,1047,967,967,880,880,932,932,911,911,933,933,958,958,1007,1007,913,913,393,393,252,252,170,170,124,124,63,63,,,,,,,,,,,,,,,,,,,,,,,,,,,,,,,,,,,,,,,,,,,,,,,,
6022,800,6023,5563,,0,0,0,0,0,0,0,0,0,0,0,0,0,0,0,2,2,2,2,2,2,2,2,2,2,1,1,2,2,2,2,2,2,2,2,2,2,2,2,1,1,0,0,0,0,0,0,0,0,,,,,,,,,,,,,,,,,,,,,,,,,,,,,,,,,,,,,,,,,,,,,,,,
6023,1500,6087,6022,5548;5549,2,50,50,52,52,37,37,40,40,46,46,50,50,140,140,967,967,1151,1151,1088,1088,1047,1047,967,967,880,880,932,932,911,911,933,933,958,958,1007,1007,913,913,393,393,252,252,170,170,124,124,63,63,,,,,,,,,,,,,,,,,,,,,,,,,,,,,,,,,,,,,,,,,,,,,,,,
6024,3000,5639,5664,5635;5660,2,50,50,52,52,37,37,40,40,46,46,50,50,140,140,967,967,1151,1151,1088,1088,1047,1047,967,967,880,880,932,932,911,911,933,933,958,958,1007,1007,913,913,393,393,252,252,170,170,124,124,63,63,,,,,,,,,,,,,,,,,,,,,,,,,,,,,,,,,,,,,,,,,,,,,,,,
6025,2500,5594,6026,,0,50,50,52,52,37,37,40,40,46,46,50,50,140,140,967,967,1151,1151,1088,1088,1047,1047,967,967,880,880,932,932,911,911,933,933,958,958,1007,1007,913,913,393,393,252,252,170,170,124,124,63,63,,,,,,,,,,,,,,,,,,,,,,,,,,,,,,,,,,,,,,,,,,,,,,,,
6026,300,5630,5601,6025,1,0,0,0,0,0,0,0,0,0,0,0,0,0,0,2,2,2,2,2,2,2,2,2,2,2,2,2,2,2,2,2,2,2,2,2,2,2,2,1,1,1,1,0,0,0,0,0,0,,,,,,,,,,,,,,,,,,,,,,,,,,,,,,,,,,,,,,,,,,,,,,,,
6027,1000,6028,5621,5729;6101;6029,3,63,63,65,65,46,46,49,49,57,57,62,62,174,174,982,982,1182,1182,1077,1077,1043,1043,955,955,884,884,900,900,934,934,926,926,948,948,1012,1012,944,944,526,526,333,333,221,221,161,161,84,84,,,,,,,,,,,,,,,,,,,,,,,,,,,,,,,,,,,,,,,,,,,,,,,,
6028,1000,5613,6027,6032,1,63,63,65,65,46,46,49,49,57,57,62,62,174,174,982,982,1182,1182,1077,1077,1043,1043,955,955,884,884,900,900,934,934,926,926,948,948,1012,1012,944,944,526,526,333,333,221,221,161,161,84,84,,,,,,,,,,,,,,,,,,,,,,,,,,,,,,,,,,,,,,,,,,,,,,,,
6029,1200,6030,6027,5622,1,0,0,0,0,0,0,0,0,0,0,0,0,1,1,3,3,3,3,3,3,3,3,3,3,3,3,3,3,3,3,3,3,3,3,3,3,3,3,2,2,1,1,1,1,0,0,0,0,,,,,,,,,,,,,,,,,,,,,,,,,,,,,,,,,,,,,,,,,,,,,,,,
603,1600,6270,6292,11513,1,0,0,0,0,0,0,0,0,0,0,0,0,0,0,4,4,4,4,4,4,4,4,4,4,3,3,3,3,4,4,4,4,4,4,4,4,4,4,2,2,1,1,1,1,0,0,0,0,,,,,,,,,,,,,,,,,,,,,,,,,,,,,,,,,,,,,,,,,,,,,,,,
6030,1200,6029,6031,,0,0,0,0,0,0,0,0,0,0,0,0,0,0,0,2,2,2,2,2,2,2,2,2,2,2,2,2,2,2,2,2,2,2,2,2,2,2,2,1,1,1,1,0,0,0,0,0,0,,,,,,,,,,,,,,,,,,,,,,,,,,,,,,,,,,,,,,,,,,,,,,,,
6031,800,5641,6030,5876,1,0,0,0,0,0,0,0,0,0,0,0,0,0,0,1,1,2,2,2,2,2,2,1,1,1,1,1,1,1,1,1,1,1,1,1,1,1,1,1,1,0,0,0,0,0,0,0,0,,,,,,,,,,,,,,,,,,,,,,,,,,,,,,,,,,,,,,,,,,,,,,,,
6032,1200,6028,6033,,0,0,0,0,0,0,0,0,0,0,0,0,0,0,0,2,2,3,3,3,3,2,2,2,2,2,2,2,2,2,2,2,2,2,2,2,2,2,2,1,1,1,1,1,1,0,0,0,0,,,,,,,,,,,,,,,,,,,,,,,,,,,,,,,,,,,,,,,,,,,,,,,,
6033,800,6053,6032,5600,1,0,0,0,0,0,0,0,0,0,0,0,0,0,0,3,3,3,3,3,3,3,3,3,3,2,2,2,2,3,3,3,3,3,3,3,3,3,3,1,1,1,1,1,1,0,0,0,0,,,,,,,,,,,,,,,,,,,,,,,,,,,,,,,,,,,,,,,,,,,,,,,,
6034,1600,6054,6035,,0,0,0,0,0,0,0,0,0,0,0,0,0,0,0,2,2,3,3,2,2,2,2,2,2,2,2,2,2,2,2,2,2,2,2,2,2,2,2,1,1,1,1,0,0,0,0,0,0,,,,,,,,,,,,,,,,,,,,,,,,,,,,,,,,,,,,,,,,,,,,,,,,
6035,800,6036,6034,5600,1,0,0,0,0,0,0,0,0,0,0,0,0,0,0,2,2,3,3,2,2,2,2,2,2,2,2,2,2,2,2,2,2,2,2,2,2,2,2,1,1,1,1,0,0,0,0,0,0,,,,,,,,,,,,,,,,,,,,,,,,,,,,,,,,,,,,,,,,,,,,,,,,
6036,800,6037,6035,,0,0,0,0,0,0,0,0,0,0,0,0,0,0,0,2,2,2,2,2,2,2,2,2,2,2,2,2,2,2,2,2,2,2,2,2,2,2,2,1,1,1,1,0,0,0,0,0,0,,,,,,,,,,,,,,,,,,,,,,,,,,,,,,,,,,,,,,,,,,,,,,,,
6037,800,5596,6036,6042,1,0,0,0,0,0,0,0,0,0,0,0,0,0,0,1,1,2,2,1,1,1,1,1,1,1,1,1,1,1,1,1,1,1,1,1,1,1,1,1,1,0,0,0,0,0,0,0,0,,,,,,,,,,,,,,,,,,,,,,,,,,,,,,,,,,,,,,,,,,,,,,,,
6038,1200,5533,,,0,0,0,0,0,0,0,0,0,0,0,0,0,0,0,1,1,1,1,1,1,1,1,1,1,1,1,1,1,1,1,1,1,1,1,1,1,1,1,0,0,0,0,0,0,0,0,0,0,,,,,,,,,,,,,,,,,,,,,,,,,,,,,,,,,,,,,,,,,,,,,,,,
6039,1200,5596,,5550,1,0,0,0,0,0,0,0,0,0,0,0,0,0,0,1,1,1,1,1,1,1,1,1,1,1,1,1,1,1,1,1,1,1,1,1,1,1,1,0,0,0,0,0,0,0,0,0,0,,,,,,,,,,,,,,,,,,,,,,,,,,,,,,,,,,,,,,,,,,,,,,,,
604,550,11513,6292,,0,54,54,54,54,38,38,41,41,48,48,53,53,149,149,1126,1126,1279,1279,1185,1185,1176,1176,1064,1064,1030,1030,978,978,1073,1073,1075,1075,1072,1072,1157,1157,1124,1124,530,530,326,326,208,208,152,152,86,86,,,,,,,,,,,,,,,,,,,,,,,,,,,,,,,,,,,,,,,,,,,,,,,,
6040,800,5546,6041,,0,0,0,0,0,0,0,0,0,0,0,0,0,0,0,2,2,2,2,2,2,2,2,2,2,2,2,2,2,2,2,2,2,2,2,2,2,2,2,1,1,1,1,0,0,0,0,0,0,,,,,,,,,,,,,,,,,,,,,,,,,,,,,,,,,,,,,,,,,,,,,,,,
6041,800,6040,5550,5575,1,0,0,0,0,0,0,0,0,0,0,0,0,0,0,1,1,2,2,2,2,2,2,1,1,1,1,1,1,1,1,1,1,1,1,1,1,1,1,1,1,0,0,0,0,0,0,0,0,,,,,,,,,,,,,,,,,,,,,,,,,,,,,,,,,,,,,,,,,,,,,,,,
6042,1600,6043,6037,,0,0,0,0,0,0,0,0,0,0,0,0,0,0,0,1,1,2,2,2,2,2,2,1,1,1,1,1,1,1,1,1,1,1,1,1,1,1,1,1,1,0,0,0,0,0,0,0,0,,,,,,,,,,,,,,,,,,,,,,,,,,,,,,,,,,,,,,,,,,,,,,,,
6043,800,6042,5581,5575,1,0,0,0,0,0,0,0,0,0,0,0,0,0,0,1,1,2,2,1,1,1,1,1,1,1,1,1,1,1,1,1,1,1,1,1,1,1,1,1,1,0,0,0,0,0,0,0,0,,,,,,,,,,,,,,,,,,,,,,,,,,,,,,,,,,,,,,,,,,,,,,,,
6044,1600,5901,6045,,0,0,0,0,0,0,0,0,0,0,0,0,0,0,0,1,1,2,2,2,2,1,1,1,1,1,1,1,1,1,1,1,1,1,1,1,1,1,1,1,1,0,0,0,0,0,0,0,0,,,,,,,,,,,,,,,,,,,,,,,,,,,,,,,,,,,,,,,,,,,,,,,,
6045,1000,5613,6044,5539,1,63,63,65,65,46,46,49,49,57,57,62,62,174,174,982,982,1182,1182,1077,1077,1043,1043,955,955,884,884,900,900,934,934,926,926,948,948,1012,1012,944,944,526,526,333,333,221,221,161,161,84,84,,,,,,,,,,,,,,,,,,,,,,,,,,,,,,,,,,,,,,,,,,,,,,,,
6046,1200,5647,5659,5887,1,0,0,0,0,0,0,0,0,0,0,0,0,0,0,3,3,3,3,3,3,3,3,3,3,2,2,3,3,3,3,3,3,3,3,3,3,3,3,1,1,1,1,1,1,0,0,0,0,,,,,,,,,,,,,,,,,,,,,,,,,,,,,,,,,,,,,,,,,,,,,,,,
6047,1200,5620,6048,,0,0,0,0,0,0,0,0,0,0,0,0,0,0,0,1,1,1,1,1,1,1,1,1,1,1,1,1,1,1,1,1,1,1,1,1,1,1,1,1,1,0,0,0,0,0,0,0,0,,,,,,,,,,,,,,,,,,,,,,,,,,,,,,,,,,,,,,,,,,,,,,,,
6048,800,6047,5655,5647,1,0,0,0,0,0,0,0,0,0,0,0,0,0,0,1,1,2,2,2,2,1,1,1,1,1,1,1,1,1,1,1,1,1,1,1,1,1,1,1,1,0,0,0,0,0,0,0,0,,,,,,,,,,,,,,,,,,,,,,,,,,,,,,,,,,,,,,,,,,,,,,,,
6049,800,6050,5620,,0,0,0,0,0,0,0,0,0,0,0,0,0,0,0,1,1,1,1,1,1,1,1,1,1,1,1,1,1,1,1,1,1,1,1,1,1,1,1,0,0,0,0,0,0,0,0,0,0,,,,,,,,,,,,,,,,,,,,,,,,,,,,,,,,,,,,,,,,,,,,,,,,
605,4400,6319,11513,11512,1,54,54,54,54,38,38,41,41,48,48,53,53,149,149,1126,1126,1279,1279,1185,1185,1176,1176,1064,1064,1030,1030,978,978,1073,1073,1075,1075,1072,1072,1157,1157,1124,1124,530,530,326,326,208,208,152,152,86,86,,,,,,,,,,,,,,,,,,,,,,,,,,,,,,,,,,,,,,,,,,,,,,,,
6050,800,5614,6049,5606,1,0,0,0,0,0,0,0,0,0,0,0,0,0,0,1,1,1,1,1,1,1,1,1,1,1,1,1,1,1,1,1,1,1,1,1,1,1,1,1,1,0,0,0,0,0,0,0,0,,,,,,,,,,,,,,,,,,,,,,,,,,,,,,,,,,,,,,,,,,,,,,,,
6051,1200,5598,6052,,0,0,0,0,0,0,0,0,0,0,0,0,0,0,0,2,2,2,2,2,2,2,2,2,2,2,2,2,2,2,2,2,2,2,2,2,2,2,2,1,1,1,1,0,0,0,0,0,0,,,,,,,,,,,,,,,,,,,,,,,,,,,,,,,,,,,,,,,,,,,,,,,,
6052,800,6051,5622,5623,1,0,0,0,0,0,0,0,0,0,0,0,0,0,0,2,2,3,3,2,2,2,2,2,2,2,2,2,2,2,2,2,2,2,2,2,2,2,2,1,1,1,1,0,0,0,0,0,0,,,,,,,,,,,,,,,,,,,,,,,,,,,,,,,,,,,,,,,,,,,,,,,,
6053,800,6054,6033,,0,0,0,0,0,0,0,0,0,0,0,0,0,1,1,3,3,3,3,3,3,3,3,3,3,3,3,3,3,3,3,3,3,3,3,3,3,3,3,2,2,1,1,1,1,0,0,0,0,,,,,,,,,,,,,,,,,,,,,,,,,,,,,,,,,,,,,,,,,,,,,,,,
6054,1200,5609,6053,6034,1,0,0,0,0,0,0,0,0,0,0,0,0,0,0,2,2,3,3,2,2,2,2,2,2,2,2,2,2,2,2,2,2,2,2,2,2,2,2,1,1,1,1,1,1,0,0,0,0,,,,,,,,,,,,,,,,,,,,,,,,,,,,,,,,,,,,,,,,,,,,,,,,
6055,800,5567,6056,,0,0,0,0,0,0,0,0,0,0,0,0,0,0,0,1,1,1,1,1,1,1,1,1,1,1,1,1,1,1,1,1,1,1,1,1,1,1,1,0,0,0,0,0,0,0,0,0,0,,,,,,,,,,,,,,,,,,,,,,,,,,,,,,,,,,,,,,,,,,,,,,,,
6056,800,5562,6055,5555,1,0,0,0,0,0,0,0,0,0,0,0,0,0,0,1,1,1,1,1,1,1,1,1,1,1,1,1,1,1,1,1,1,1,1,1,1,1,1,0,0,0,0,0,0,0,0,0,0,,,,,,,,,,,,,,,,,,,,,,,,,,,,,,,,,,,,,,,,,,,,,,,,
6057,800,6058,5567,,0,0,0,0,0,0,0,0,0,0,0,0,0,0,0,1,1,1,1,1,1,1,1,1,1,1,1,1,1,1,1,1,1,1,1,1,1,1,1,0,0,0,0,0,0,0,0,0,0,,,,,,,,,,,,,,,,,,,,,,,,,,,,,,,,,,,,,,,,,,,,,,,,
6058,800,6057,5565,5557,1,0,0,0,0,0,0,0,0,0,0,0,0,0,0,1,1,1,1,1,1,1,1,1,1,1,1,1,1,1,1,1,1,1,1,1,1,1,1,0,0,0,0,0,0,0,0,0,0,,,,,,,,,,,,,,,,,,,,,,,,,,,,,,,,,,,,,,,,,,,,,,,,
6059,1200,5541,6060,,0,0,0,0,0,0,0,0,0,0,0,0,0,0,0,1,1,1,1,1,1,1,1,1,1,1,1,1,1,1,1,1,1,1,1,1,1,1,1,1,1,0,0,0,0,0,0,0,0,,,,,,,,,,,,,,,,,,,,,,,,,,,,,,,,,,,,,,,,,,,,,,,,
6060,800,6059,5540,5557,1,0,0,0,0,0,0,0,0,0,0,0,0,0,0,2,2,2,2,2,2,2,2,2,2,1,1,2,2,2,2,2,2,2,2,2,2,2,2,1,1,1,1,0,0,0,0,0,0,,,,,,,,,,,,,,,,,,,,,,,,,,,,,,,,,,,,,,,,,,,,,,,,
6061,2000,5511,6062,,0,63,63,65,65,46,46,49,49,57,57,62,62,174,174,982,982,1182,1182,1077,1077,1043,1043,955,955,884,884,900,900,934,934,926,926,948,948,1012,1012,944,944,526,526,333,333,221,221,161,161,84,84,,,,,,,,,,,,,,,,,,,,,,,,,,,,,,,,,,,,,,,,,,,,,,,,
6062,1600,5551,6061,5540,1,0,0,0,0,0,0,0,0,0,0,0,0,0,0,2,2,3,3,2,2,2,2,2,2,2,2,2,2,2,2,2,2,2,2,2,2,2,2,1,1,1,1,1,1,0,0,0,0,,,,,,,,,,,,,,,,,,,,,,,,,,,,,,,,,,,,,,,,,,,,,,,,
6063,1000,5579,6064,,0,63,63,65,65,46,46,49,49,57,57,62,62,174,174,982,982,1182,1182,1077,1077,1043,1043,955,955,884,884,900,900,934,934,926,926,948,948,1012,1012,944,944,526,526,333,333,221,221,161,161,84,84,,,,,,,,,,,,,,,,,,,,,,,,,,,,,,,,,,,,,,,,,,,,,,,,
6064,1000,6063,6065,5560,1,63,63,65,65,46,46,49,49,57,57,62,62,174,174,982,982,1182,1182,1077,1077,1043,1043,955,955,884,884,900,900,934,934,926,926,948,948,1012,1012,944,944,526,526,333,333,221,221,161,161,84,84,,,,,,,,,,,,,,,,,,,,,,,,,,,,,,,,,,,,,,,,,,,,,,,,
6065,800,6066,6064,,0,0,0,0,0,0,0,0,0,0,0,0,0,0,0,2,2,3,3,3,3,3,3,2,2,2,2,2,2,2,2,2,2,2,2,3,3,2,2,1,1,1,1,1,1,0,0,0,0,,,,,,,,,,,,,,,,,,,,,,,,,,,,,,,,,,,,,,,,,,,,,,,,
6066,800,6065,5572,5552,1,0,0,0,0,0,0,0,0,0,0,0,0,0,0,2,2,2,2,2,2,2,2,2,2,2,2,2,2,2,2,2,2,2,2,2,2,2,2,1,1,1,1,0,0,0,0,0,0,,,,,,,,,,,,,,,,,,,,,,,,,,,,,,,,,,,,,,,,,,,,,,,,
6067,2500,5828,6068,,0,63,63,65,65,46,46,49,49,57,57,62,62,174,174,982,982,1182,1182,1077,1077,1043,1043,955,955,884,884,900,900,934,934,926,926,948,948,1012,1012,944,944,526,526,333,333,221,221,161,161,84,84,,,,,,,,,,,,,,,,,,,,,,,,,,,,,,,,,,,,,,,,,,,,,,,,
6068,1200,5534,6067,6069,1,0,0,0,0,0,0,0,0,0,0,0,0,0,0,2,2,3,3,3,3,3,3,2,2,2,2,2,2,2,2,2,2,2,2,2,2,2,2,1,1,1,1,1,1,0,0,0,0,,,,,,,,,,,,,,,,,,,,,,,,,,,,,,,,,,,,,,,,,,,,,,,,
6069,2500,6070,6068,,0,63,63,65,65,46,46,49,49,57,57,62,62,174,174,982,982,1182,1182,1077,1077,1043,1043,955,955,884,884,900,900,934,934,926,926,948,948,1012,1012,944,944,526,526,333,333,221,221,161,161,84,84,,,,,,,,,,,,,,,,,,,,,,,,,,,,,,,,,,,,,,,,,,,,,,,,
6070,1200,2898,5560,6069;5558,2,0,0,0,0,0,0,0,0,0,0,0,0,0,0,3,3,3,3,3,3,3,3,3,3,2,2,2,2,3,3,3,3,3,3,3,3,3,3,1,1,1,1,1,1,0,0,0,0,,,,,,,,,,,,,,,,,,,,,,,,,,,,,,,,,,,,,,,,,,,,,,,,
6071,1200,5637,6072,,0,0,0,0,0,0,0,0,0,0,0,0,0,0,0,2,2,2,2,2,2,2,2,2,2,1,1,1,1,1,1,1,1,1,1,2,2,1,1,1,1,1,1,0,0,0,0,0,0,,,,,,,,,,,,,,,,,,,,,,,,,,,,,,,,,,,,,,,,,,,,,,,,
6072,800,6073,6071,2963,1,0,0,0,0,0,0,0,0,0,0,0,0,0,0,2,2,2,2,2,2,2,2,1,1,1,1,1,1,1,1,1,1,1,1,2,2,1,1,1,1,1,1,0,0,0,0,0,0,,,,,,,,,,,,,,,,,,,,,,,,,,,,,,,,,,,,,,,,,,,,,,,,
6073,1200,6074,6072,,0,0,0,0,0,0,0,0,0,0,0,0,0,0,0,1,1,2,2,2,2,1,1,1,1,1,1,1,1,1,1,1,1,1,1,1,1,1,1,1,1,0,0,0,0,0,0,0,0,,,,,,,,,,,,,,,,,,,,,,,,,,,,,,,,,,,,,,,,,,,,,,,,
6074,800,6073,5632,5605,1,0,0,0,0,0,0,0,0,0,0,0,0,0,0,1,1,1,1,1,1,1,1,1,1,1,1,1,1,1,1,1,1,1,1,1,1,1,1,1,1,0,0,0,0,0,0,0,0,,,,,,,,,,,,,,,,,,,,,,,,,,,,,,,,,,,,,,,,,,,,,,,,
6075,1500,6076,5579,,0,63,63,65,65,46,46,49,49,57,57,62,62,174,174,982,982,1182,1182,1077,1077,1043,1043,955,955,884,884,900,900,934,934,926,926,948,948,1012,1012,944,944,526,526,333,333,221,221,161,161,84,84,,,,,,,,,,,,,,,,,,,,,,,,,,,,,,,,,,,,,,,,,,,,,,,,
6076,800,6075,5632,5586,1,0,0,0,0,0,0,0,0,0,0,0,0,1,1,3,3,3,3,3,3,3,3,3,3,3,3,3,3,3,3,3,3,3,3,3,3,3,3,2,2,1,1,1,1,0,0,0,0,,,,,,,,,,,,,,,,,,,,,,,,,,,,,,,,,,,,,,,,,,,,,,,,
6077,800,6078,5637,,0,0,0,0,0,0,0,0,0,0,0,0,0,0,0,2,2,2,2,2,2,2,2,2,2,2,2,2,2,2,2,2,2,2,2,2,2,2,2,1,1,1,1,0,0,0,0,0,0,,,,,,,,,,,,,,,,,,,,,,,,,,,,,,,,,,,,,,,,,,,,,,,,
6078,800,6077,5648,5663,1,0,0,0,0,0,0,0,0,0,0,0,0,0,0,2,2,2,2,2,2,2,2,2,2,2,2,2,2,2,2,2,2,2,2,2,2,2,2,1,1,1,1,0,0,0,0,0,0,,,,,,,,,,,,,,,,,,,,,,,,,,,,,,,,,,,,,,,,,,,,,,,,
6079,3500,5952,6080,,0,67,67,70,70,49,49,53,53,62,62,67,67,186,186,910,910,1134,1134,1023,1023,977,977,900,900,812,812,861,861,864,864,851,851,886,886,939,939,854,854,524,524,336,336,227,227,165,165,84,84,,,,,,,,,,,,,,,,,,,,,,,,,,,,,,,,,,,,,,,,,,,,,,,,
6080,1600,5309,9885,9892;6079,2,53,53,55,55,38,38,42,42,48,48,53,53,146,146,715,715,891,891,804,804,768,768,707,707,638,638,676,676,679,679,669,669,696,696,738,738,671,671,411,411,264,264,178,178,130,130,66,66,,,,,,,,,,,,,,,,,,,,,,,,,,,,,,,,,,,,,,,,,,,,,,,,
6081,2200,5316,10220,,0,54,54,56,56,39,39,42,42,50,50,54,54,149,149,959,959,1162,1162,1055,1055,994,994,944,944,856,856,900,900,912,912,924,924,959,959,1013,1013,928,928,419,419,269,269,182,182,132,132,67,67,,,,,,,,,,,,,,,,,,,,,,,,,,,,,,,,,,,,,,,,,,,,,,,,
6082,1600,6091,5397,,0,0,0,0,0,0,0,0,0,0,0,0,0,1,1,6,6,7,7,6,6,6,6,6,6,5,5,5,5,6,6,5,5,6,6,6,6,6,6,3,3,2,2,1,1,1,1,0,0,,,,,,,,,,,,,,,,,,,,,,,,,,,,,,,,,,,,,,,,,,,,,,,,
6083,2000,6088,5435,,0,67,67,70,70,49,49,53,53,62,62,67,67,186,186,910,910,1134,1134,1023,1023,977,977,900,900,812,812,861,861,864,864,851,851,886,886,939,939,854,854,524,524,336,336,227,227,165,165,84,84,,,,,,,,,,,,,,,,,,,,,,,,,,,,,,,,,,,,,,,,,,,,,,,,
6084,4400,9862,6093,,0,67,67,70,70,49,49,53,53,62,62,67,67,186,186,910,910,1134,1134,1023,1023,977,977,900,900,812,812,861,861,864,864,851,851,886,886,939,939,854,854,524,524,336,336,227,227,165,165,84,84,,,,,,,,,,,,,,,,,,,,,,,,,,,,,,,,,,,,,,,,,,,,,,,,
6085,1600,6097,5753,,0,0,0,0,0,0,0,0,0,0,0,0,0,1,1,8,8,10,10,9,9,9,9,8,8,7,7,7,7,8,8,8,8,8,8,8,8,8,8,4,4,3,3,2,2,1,1,1,1,,,,,,,,,,,,,,,,,,,,,,,,,,,,,,,,,,,,,,,,,,,,,,,,
6086,2500,6091,5756,5386,1,67,67,70,70,49,49,53,53,62,62,67,67,186,186,910,910,1134,1134,1023,1023,977,977,900,900,812,812,861,861,864,864,851,851,886,886,939,939,854,854,524,524,336,336,227,227,165,165,84,84,,,,,,,,,,,,,,,,,,,,,,,,,,,,,,,,,,,,,,,,,,,,,,,,
6087,3000,6023,6097,,0,67,67,70,70,49,49,53,53,62,62,67,67,186,186,910,910,1134,1134,1023,1023,977,977,900,900,812,812,861,861,864,864,851,851,886,886,939,939,854,854,524,524,336,336,227,227,165,165,84,84,,,,,,,,,,,,,,,,,,,,,,,,,,,,,,,,,,,,,,,,,,,,,,,,
6088,2500,6089,6083,5743,1,67,67,70,70,49,49,53,53,62,62,67,67,186,186,910,910,1134,1134,1023,1023,977,977,900,900,812,812,861,861,864,864,851,851,886,886,939,939,854,854,524,524,336,336,227,227,165,165,84,84,,,,,,,,,,,,,,,,,,,,,,,,,,,,,,,,,,,,,,,,,,,,,,,,
6089,1600,5742,6088,,0,0,0,0,0,0,0,0,0,0,0,0,0,0,0,3,3,4,4,3,3,3,3,3,3,3,3,3,3,3,3,3,3,3,3,3,3,3,3,2,2,1,1,1,1,0,0,0,0,,,,,,,,,,,,,,,,,,,,,,,,,,,,,,,,,,,,,,,,,,,,,,,,
6090,1200,5755,6091,,0,0,0,0,0,0,0,0,0,0,0,0,0,1,1,5,5,5,5,5,5,5,5,4,4,4,4,4,4,4,4,4,4,4,4,5,5,4,4,2,2,1,1,1,1,1,1,0,0,,,,,,,,,,,,,,,,,,,,,,,,,,,,,,,,,,,,,,,,,,,,,,,,
6091,2000,6086,6090,5386;6082,2,67,67,70,70,49,49,53,53,62,62,67,67,186,186,910,910,1134,1134,1023,1023,977,977,900,900,812,812,861,861,864,864,851,851,886,886,939,939,854,854,524,524,336,336,227,227,165,165,84,84,,,,,,,,,,,,,,,,,,,,,,,,,,,,,,,,,,,,,,,,,,,,,,,,
6092,2500,5889,6095,,0,67,67,70,70,49,49,53,53,62,62,67,67,186,186,910,910,1134,1134,1023,1023,977,977,900,900,812,812,861,861,864,864,851,851,886,886,939,939,854,854,524,524,336,336,227,227,165,165,84,84,,,,,,,,,,,,,,,,,,,,,,,,,,,,,,,,,,,,,,,,,,,,,,,,
6093,1650,6094,6084,5386,1,67,67,70,70,49,49,53,53,62,62,67,67,186,186,910,910,1134,1134,1023,1023,977,977,900,900,812,812,861,861,864,864,851,851,886,886,939,939,854,854,524,524,336,336,227,227,165,165,84,84,,,,,,,,,,,,,,,,,,,,,,,,,,,,,,,,,,,,,,,,,,,,,,,,
6094,1650,6095,6093,,0,67,67,70,70,49,49,53,53,62,62,67,67,186,186,910,910,1134,1134,1023,1023,977,977,900,900,812,812,861,861,864,864,851,851,886,886,939,939,854,854,524,524,336,336,227,227,165,165,84,84,,,,,,,,,,,,,,,,,,,,,,,,,,,,,,,,,,,,,,,,,,,,,,,,
6095,1200,5386,6092,6094,1,0,0,0,0,0,0,0,0,0,0,0,0,1,1,7,7,9,9,8,8,8,8,7,7,7,7,7,7,7,7,7,7,7,7,8,8,7,7,4,4,2,2,1,1,1,1,1,1,,,,,,,,,,,,,,,,,,,,,,,,,,,,,,,,,,,,,,,,,,,,,,,,
6096,1500,6097,5889,,0,67,67,70,70,49,49,53,53,62,62,67,67,186,186,910,910,1134,1134,1023,1023,977,977,900,900,812,812,861,861,864,864,851,851,886,886,939,939,854,854,524,524,336,336,227,227,165,165,84,84,,,,,,,,,,,,,,,,,,,,,,,,,,,,,,,,,,,,,,,,,,,,,,,,
6097,2500,6087,5481,6085;6096,2,67,67,70,70,49,49,53,53,62,62,67,67,186,186,910,910,1134,1134,1023,1023,977,977,900,900,812,812,861,861,864,864,851,851,886,886,939,939,854,854,524,524,336,336,227,227,165,165,84,84,,,,,,,,,,,,,,,,,,,,,,,,,,,,,,,,,,,,,,,,,,,,,,,,
6098,4400,5954,10220,,0,44,44,46,46,32,32,34,34,40,40,44,44,122,122,1037,1037,1195,1195,1144,1144,1114,1114,1024,1024,952,952,976,976,977,977,1009,1009,1021,1021,1079,1079,999,999,376,376,237,237,157,157,114,114,60,60,,,,,,,,,,,,,,,,,,,,,,,,,,,,,,,,,,,,,,,,,,,,,,,,
6099,3000,5366,6100,,0,67,67,70,70,49,49,53,53,62,62,67,67,186,186,910,910,1134,1134,1023,1023,977,977,900,900,812,812,861,861,864,864,851,851,886,886,939,939,854,854,524,524,336,336,227,227,165,165,84,84,,,,,,,,,,,,,,,,,,,,,,,,,,,,,,,,,,,,,,,,,,,,,,,,
61,1500,65,48,,0,27,27,28,28,20,20,21,21,25,25,27,27,74,74,1049,1049,1182,1182,1170,1170,1126,1126,1056,1056,970,970,1022,1022,982,982,1052,1052,1066,1066,1112,1112,1010,1010,210,210,134,134,91,91,66,66,34,34,,,,,,,,,,,,,,,,,,,,,,,,,,,,,,,,,,,,,,,,,,,,,,,,
6100,2500,6099,5916,5917,1,67,67,70,70,49,49,53,53,62,62,67,67,186,186,910,910,1134,1134,1023,1023,977,977,900,900,812,812,861,861,864,864,851,851,886,886,939,939,854,854,524,524,336,336,227,227,165,165,84,84,,,,,,,,,,,,,,,,,,,,,,,,,,,,,,,,,,,,,,,,,,,,,,,,
6101,800,,6027,5729,1,0,0,0,0,0,0,0,0,0,0,0,0,1,1,3,3,4,4,3,3,3,3,3,3,3,3,3,3,3,3,3,3,3,3,3,3,3,3,2,2,1,1,1,1,0,0,0,0,,,,,,,,,,,,,,,,,,,,,,,,,,,,,,,,,,,,,,,,,,,,,,,,
6102,800,,6552,,0,7,7,7,7,5,5,5,5,6,6,7,7,19,19,91,91,113,113,102,102,98,98,90,90,81,81,86,86,86,86,85,85,89,89,94,94,85,85,52,52,34,34,23,23,16,16,8,8,,,,,,,,,,,,,,,,,,,,,,,,,,,,,,,,,,,,,,,,,,,,,,,,
6103,300,6104,6111,6551,1,0,0,0,0,0,0,0,0,0,0,0,0,0,0,1,1,1,1,1,1,1,1,1,1,1,1,1,1,1,1,1,1,1,1,1,1,1,1,0,0,0,0,0,0,0,0,0,0,,,,,,,,,,,,,,,,,,,,,,,,,,,,,,,,,,,,,,,,,,,,,,,,
6104,800,6103,6105,,0,0,0,0,0,0,0,0,0,0,0,0,0,0,0,1,1,1,1,1,1,1,1,1,1,1,1,1,1,1,1,1,1,1,1,1,1,1,1,0,0,0,0,0,0,0,0,0,0,,,,,,,,,,,,,,,,,,,,,,,,,,,,,,,,,,,,,,,,,,,,,,,,
6105,1200,6541,6115,6104,1,7,7,7,7,5,5,5,5,6,6,7,7,19,19,91,91,113,113,102,102,98,98,90,90,81,81,86,86,86,86,85,85,89,89,94,94,85,85,52,52,34,34,23,23,16,16,8,8,,,,,,,,,,,,,,,,,,,,,,,,,,,,,,,,,,,,,,,,,,,,,,,,
6106,3000,6513,6113,,0,48,48,47,47,33,33,35,35,41,41,46,46,130,130,1235,1235,1352,1352,1266,1266,1276,1276,1147,1147,1138,1138,1037,1037,1178,1178,1187,1187,1164,1164,1266,1266,1259,1259,533,533,321,321,199,199,146,146,86,86,,,,,,,,,,,,,,,,,,,,,,,,,,,,,,,,,,,,,,,,,,,,,,,,
6107,600,6109,,,0,0,0,0,0,0,0,0,0,0,0,0,0,0,0,1,1,1,1,1,1,1,1,1,1,1,1,1,1,1,1,1,1,1,1,1,1,1,1,0,0,0,0,0,0,0,0,0,0,,,,,,,,,,,,,,,,,,,,,,,,,,,,,,,,,,,,,,,,,,,,,,,,
6108,3000,6505,6511,,0,48,48,47,47,33,33,35,35,41,41,46,46,130,130,1235,1235,1352,1352,1266,1266,1276,1276,1147,1147,1138,1138,1037,1037,1178,1178,1187,1187,1164,1164,1266,1266,1259,1259,533,533,321,321,199,199,146,146,86,86,,,,,,,,,,,,,,,,,,,,,,,,,,,,,,,,,,,,,,,,,,,,,,,,
6109,300,6112,6110,6107;6122,2,0,0,0,0,0,0,0,0,0,0,0,0,0,0,1,1,1,1,1,1,1,1,1,1,1,1,1,1,1,1,1,1,1,1,1,1,1,1,0,0,0,0,0,0,0,0,0,0,,,,,,,,,,,,,,,,,,,,,,,,,,,,,,,,,,,,,,,,,,,,,,,,
6110,300,6554,6109,,0,0,0,0,0,0,0,0,0,0,0,0,0,0,0,1,1,1,1,1,1,1,1,1,1,1,1,1,1,1,1,1,1,1,1,1,1,1,1,0,0,0,0,0,0,0,0,0,0,,,,,,,,,,,,,,,,,,,,,,,,,,,,,,,,,,,,,,,,,,,,,,,,
6111,300,6103,6548,,0,0,0,0,0,0,0,0,0,0,0,0,0,0,0,1,1,1,1,1,1,1,1,1,1,1,1,1,1,1,1,1,1,1,1,1,1,1,1,0,0,0,0,0,0,0,0,0,0,,,,,,,,,,,,,,,,,,,,,,,,,,,,,,,,,,,,,,,,,,,,,,,,
6112,300,6109,6550,,0,0,0,0,0,0,0,0,0,0,0,0,0,0,0,1,1,1,1,1,1,1,1,1,1,1,1,1,1,1,1,1,1,1,1,1,1,1,1,0,0,0,0,0,0,0,0,0,0,,,,,,,,,,,,,,,,,,,,,,,,,,,,,,,,,,,,,,,,,,,,,,,,
6113,3000,6138,6106,,0,48,48,47,47,33,33,35,35,41,41,46,46,130,130,1235,1235,1352,1352,1266,1266,1276,1276,1147,1147,1138,1138,1037,1037,1178,1178,1187,1187,1164,1164,1266,1266,1259,1259,533,533,321,321,199,199,146,146,86,86,,,,,,,,,,,,,,,,,,,,,,,,,,,,,,,,,,,,,,,,,,,,,,,,
6114,2500,6511,6508,,0,48,48,47,47,33,33,35,35,41,41,46,46,130,130,1235,1235,1352,1352,1266,1266,1276,1276,1147,1147,1138,1138,1037,1037,1178,1178,1187,1187,1164,1164,1266,1266,1259,1259,533,533,321,321,199,199,146,146,86,86,,,,,,,,,,,,,,,,,,,,,,,,,,,,,,,,,,,,,,,,,,,,,,,,
6115,1500,6254,,6105,1,67,67,70,70,49,49,53,53,62,62,67,67,186,186,910,910,1134,1134,1023,1023,977,977,900,900,812,812,861,861,864,864,851,851,886,886,939,939,854,854,524,524,336,336,227,227,165,165,84,84,,,,,,,,,,,,,,,,,,,,,,,,,,,,,,,,,,,,,,,,,,,,,,,,
6116,2000,6291,6293,6294;6119,2,42,42,39,39,28,28,29,29,34,34,39,39,112,112,1343,1343,1424,1424,1347,1347,1375,1375,1229,1229,1247,1247,1096,1096,1282,1282,1299,1299,1257,1257,1375,1375,1394,1394,536,536,316,316,190,190,140,140,87,87,,,,,,,,,,,,,,,,,,,,,,,,,,,,,,,,,,,,,,,,,,,,,,,,
6117,300,6546,6550,,0,0,0,0,0,0,0,0,0,0,0,0,0,0,0,3,3,3,3,3,3,3,3,3,3,3,3,2,2,3,3,3,3,3,3,3,3,3,3,1,1,1,1,0,0,0,0,0,0,,,,,,,,,,,,,,,,,,,,,,,,,,,,,,,,,,,,,,,,,,,,,,,,
6118,500,6546,6542,,0,32,32,29,29,21,21,22,22,26,26,29,29,84,84,1292,1292,1368,1368,1331,1331,1346,1346,1214,1214,1206,1206,1108,1108,1224,1224,1269,1269,1236,1236,1334,1334,1318,1318,402,402,237,237,142,142,105,105,65,65,,,,,,,,,,,,,,,,,,,,,,,,,,,,,,,,,,,,,,,,,,,,,,,,
6119,550,6294,6116,6291,1,48,48,47,47,33,33,35,35,41,41,46,46,130,130,1235,1235,1352,1352,1266,1266,1276,1276,1147,1147,1138,1138,1037,1037,1178,1178,1187,1187,1164,1164,1266,1266,1259,1259,533,533,321,321,199,199,146,146,86,86,,,,,,,,,,,,,,,,,,,,,,,,,,,,,,,,,,,,,,,,,,,,,,,,
6120,2500,6476,6522,,0,32,32,29,29,21,21,22,22,26,26,29,29,84,84,1292,1292,1368,1368,1331,1331,1346,1346,1214,1214,1206,1206,1108,1108,1224,1224,1269,1269,1236,1236,1334,1334,1318,1318,402,402,237,237,142,142,105,105,65,65,,,,,,,,,,,,,,,,,,,,,,,,,,,,,,,,,,,,,,,,,,,,,,,,
6121,1200,6123,6554,,0,0,0,0,0,0,0,0,0,0,0,0,0,0,0,2,2,2,2,2,2,2,2,2,2,2,2,2,2,2,2,2,2,2,2,2,2,2,2,1,1,0,0,0,0,0,0,0,0,,,,,,,,,,,,,,,,,,,,,,,,,,,,,,,,,,,,,,,,,,,,,,,,
6122,300,6126,6109,6545,1,0,0,0,0,0,0,0,0,0,0,0,0,0,0,3,3,3,3,3,3,3,3,2,2,2,2,2,2,2,2,2,2,2,2,3,3,3,3,1,1,1,1,0,0,0,0,0,0,,,,,,,,,,,,,,,,,,,,,,,,,,,,,,,,,,,,,,,,,,,,,,,,
6123,800,6125,6124,6121;6147,2,0,0,0,0,0,0,0,0,0,0,0,0,0,0,3,3,4,4,4,4,4,4,3,3,3,3,3,3,3,3,3,3,3,3,3,3,3,3,1,1,1,1,0,0,0,0,0,0,,,,,,,,,,,,,,,,,,,,,,,,,,,,,,,,,,,,,,,,,,,,,,,,
6124,800,6123,15966,,0,0,0,0,0,0,0,0,0,0,0,0,0,0,0,5,5,6,6,5,5,5,5,5,5,5,5,4,4,5,5,5,5,5,5,5,5,5,5,2,2,1,1,1,1,1,1,0,0,,,,,,,,,,,,,,,,,,,,,,,,,,,,,,,,,,,,,,,,,,,,,,,,
6125,800,6126,6123,,0,0,0,0,0,0,0,0,0,0,0,0,0,0,0,3,3,4,4,3,3,3,3,3,3,3,3,3,3,3,3,3,3,3,3,3,3,3,3,1,1,1,1,0,0,0,0,0,0,,,,,,,,,,,,,,,,,,,,,,,,,,,,,,,,,,,,,,,,,,,,,,,,
6126,1000,6125,6127,6122;6166,2,32,32,29,29,21,21,22,22,26,26,29,29,84,84,1292,1292,1368,1368,1331,1331,1346,1346,1214,1214,1206,1206,1108,1108,1224,1224,1269,1269,1236,1236,1334,1334,1318,1318,402,402,237,237,142,142,105,105,65,65,,,,,,,,,,,,,,,,,,,,,,,,,,,,,,,,,,,,,,,,,,,,,,,,
6127,4000,6126,6129,6542,1,32,32,29,29,21,21,22,22,26,26,29,29,84,84,1292,1292,1368,1368,1331,1331,1346,1346,1214,1214,1206,1206,1108,1108,1224,1224,1269,1269,1236,1236,1334,1334,1318,1318,402,402,237,237,142,142,105,105,65,65,,,,,,,,,,,,,,,,,,,,,,,,,,,,,,,,,,,,,,,,,,,,,,,,
6128,4400,6456,6515,,0,48,48,47,47,33,33,35,35,41,41,46,46,130,130,1235,1235,1352,1352,1266,1266,1276,1276,1147,1147,1138,1138,1037,1037,1178,1178,1187,1187,1164,1164,1266,1266,1259,1259,533,533,321,321,199,199,146,146,86,86,,,,,,,,,,,,,,,,,,,,,,,,,,,,,,,,,,,,,,,,,,,,,,,,
6129,300,6127,,6538,1,0,0,0,0,0,0,0,0,0,0,0,0,0,0,5,5,5,5,5,5,5,5,5,5,4,4,4,4,5,5,5,5,5,5,5,5,5,5,2,2,1,1,1,1,1,1,0,0,,,,,,,,,,,,,,,,,,,,,,,,,,,,,,,,,,,,,,,,,,,,,,,,
6130,2200,6524,6133,,0,32,32,29,29,21,21,22,22,26,26,29,29,84,84,1292,1292,1368,1368,1331,1331,1346,1346,1214,1214,1206,1206,1108,1108,1224,1224,1269,1269,1236,1236,1334,1334,1318,1318,402,402,237,237,142,142,105,105,65,65,,,,,,,,,,,,,,,,,,,,,,,,,,,,,,,,,,,,,,,,,,,,,,,,
6131,1600,6136,6520,,0,0,0,0,0,0,0,0,0,0,0,0,0,1,1,10,10,11,11,10,10,10,10,9,9,9,9,8,8,9,9,9,9,9,9,10,10,10,10,5,5,3,3,2,2,1,1,1,1,,,,,,,,,,,,,,,,,,,,,,,,,,,,,,,,,,,,,,,,,,,,,,,,
6132,4400,6474,6133,,0,32,32,29,29,21,21,22,22,26,26,29,29,84,84,1292,1292,1368,1368,1331,1331,1346,1346,1214,1214,1206,1206,1108,1108,1224,1224,1269,1269,1236,1236,1334,1334,1318,1318,402,402,237,237,142,142,105,105,65,65,,,,,,,,,,,,,,,,,,,,,,,,,,,,,,,,,,,,,,,,,,,,,,,,
6133,4400,6130,6132,6165,1,32,32,29,29,21,21,22,22,26,26,29,29,84,84,1292,1292,1368,1368,1331,1331,1346,1346,1214,1214,1206,1206,1108,1108,1224,1224,1269,1269,1236,1236,1334,1334,1318,1318,402,402,237,237,142,142,105,105,65,65,,,,,,,,,,,,,,,,,,,,,,,,,,,,,,,,,,,,,,,,,,,,,,,,
6134,300,6528,6532,,0,0,0,0,0,0,0,0,0,0,0,0,0,0,0,3,3,3,3,3,3,3,3,3,3,3,3,3,3,3,3,3,3,3,3,3,3,3,3,1,1,1,1,0,0,0,0,0,0,,,,,,,,,,,,,,,,,,,,,,,,,,,,,,,,,,,,,,,,,,,,,,,,
6135,1200,6450,6136,,0,1,1,1,1,1,1,1,1,1,1,1,1,3,3,20,20,22,22,21,21,20,20,19,19,18,18,17,17,19,19,19,19,19,19,20,20,20,20,9,9,6,6,4,4,3,3,1,1,,,,,,,,,,,,,,,,,,,,,,,,,,,,,,,,,,,,,,,,,,,,,,,,
6136,1200,6135,6137,6131;6141,2,0,0,0,0,0,0,0,0,0,0,0,0,1,1,6,6,6,6,6,6,6,6,5,5,5,5,5,5,5,5,5,5,5,5,6,6,6,6,3,3,2,2,1,1,1,1,0,0,,,,,,,,,,,,,,,,,,,,,,,,,,,,,,,,,,,,,,,,,,,,,,,,
6137,800,6454,6136,,0,0,0,0,0,0,0,0,0,0,0,0,0,1,1,5,5,5,5,5,5,5,5,4,4,4,4,4,4,4,4,4,4,4,4,5,5,5,5,2,2,1,1,1,1,1,1,0,0,,,,,,,,,,,,,,,,,,,,,,,,,,,,,,,,,,,,,,,,,,,,,,,,
6138,4400,,6294,6293;6113;6291,3,48,48,47,47,33,33,35,35,41,41,46,46,130,130,1235,1235,1352,1352,1266,1266,1276,1276,1147,1147,1138,1138,1037,1037,1178,1178,1187,1187,1164,1164,1266,1266,1259,1259,533,533,321,321,199,199,146,146,86,86,,,,,,,,,,,,,,,,,,,,,,,,,,,,,,,,,,,,,,,,,,,,,,,,
6139,300,6530,6532,,0,0,0,0,0,0,0,0,0,0,0,0,0,0,0,2,2,3,3,3,3,3,3,2,2,2,2,2,2,2,2,2,2,2,2,2,2,2,2,1,1,1,1,0,0,0,0,0,0,,,,,,,,,,,,,,,,,,,,,,,,,,,,,,,,,,,,,,,,,,,,,,,,
6140,300,6530,6526,,0,0,0,0,0,0,0,0,0,0,0,0,0,0,0,1,1,2,2,2,2,2,2,1,1,1,1,1,1,1,1,1,1,1,1,1,1,1,1,1,1,0,0,0,0,0,0,0,0,,,,,,,,,,,,,,,,,,,,,,,,,,,,,,,,,,,,,,,,,,,,,,,,
6141,1600,6136,6144,,0,0,0,0,0,0,0,0,0,0,0,0,0,1,1,5,5,6,6,6,6,6,6,5,5,5,5,5,5,5,5,5,5,5,5,5,5,5,5,2,2,2,2,1,1,1,1,0,0,,,,,,,,,,,,,,,,,,,,,,,,,,,,,,,,,,,,,,,,,,,,,,,,
6142,4000,6460,6456,,0,48,48,47,47,33,33,35,35,41,41,46,46,130,130,1235,1235,1352,1352,1266,1266,1276,1276,1147,1147,1138,1138,1037,1037,1178,1178,1187,1187,1164,1164,1266,1266,1259,1259,533,533,321,321,199,199,146,146,86,86,,,,,,,,,,,,,,,,,,,,,,,,,,,,,,,,,,,,,,,,,,,,,,,,
6143,1200,6144,6448,,0,1,1,1,1,1,1,1,1,1,1,1,1,3,3,20,20,22,22,21,21,20,20,19,19,18,18,17,17,19,19,19,19,19,19,20,20,20,20,9,9,6,6,4,4,3,3,1,1,,,,,,,,,,,,,,,,,,,,,,,,,,,,,,,,,,,,,,,,,,,,,,,,
6144,1200,6143,6145,6141;6151,2,0,0,0,0,0,0,0,0,0,0,0,0,1,1,10,10,12,12,11,11,11,11,10,10,9,9,9,9,10,10,10,10,10,10,10,10,10,10,5,5,3,3,2,2,1,1,1,1,,,,,,,,,,,,,,,,,,,,,,,,,,,,,,,,,,,,,,,,,,,,,,,,
6145,800,6144,6452,,0,0,0,0,0,0,0,0,0,0,0,0,0,1,1,6,6,7,7,6,6,6,6,6,6,6,6,5,5,6,6,6,6,6,6,6,6,6,6,3,3,2,2,1,1,1,1,0,0,,,,,,,,,,,,,,,,,,,,,,,,,,,,,,,,,,,,,,,,,,,,,,,,
6146,600,,6486,,0,0,0,0,0,0,0,0,0,0,0,0,0,0,0,1,1,1,1,1,1,1,1,1,1,1,1,1,1,1,1,1,1,1,1,1,1,1,1,0,0,0,0,0,0,0,0,0,0,,,,,,,,,,,,,,,,,,,,,,,,,,,,,,,,,,,,,,,,,,,,,,,,
6147,1600,6123,6148,,0,0,0,0,0,0,0,0,0,0,0,0,0,0,0,1,1,2,2,2,2,2,2,1,1,1,1,1,1,1,1,1,1,1,1,2,2,2,2,1,1,0,0,0,0,0,0,0,0,,,,,,,,,,,,,,,,,,,,,,,,,,,,,,,,,,,,,,,,,,,,,,,,
6148,800,6150,6149,6147;6194,2,0,0,0,0,0,0,0,0,0,0,0,0,0,0,3,3,4,4,4,4,4,4,3,3,3,3,3,3,3,3,3,3,3,3,4,4,3,3,1,1,1,1,0,0,0,0,0,0,,,,,,,,,,,,,,,,,,,,,,,,,,,,,,,,,,,,,,,,,,,,,,,,
6149,800,16007,6148,,0,53,53,55,55,38,38,42,42,48,48,53,53,146,146,715,715,891,891,804,804,768,768,707,707,638,638,676,676,679,679,669,669,696,696,738,738,671,671,411,411,264,264,178,178,130,130,66,66,,,,,,,,,,,,,,,,,,,,,,,,,,,,,,,,,,,,,,,,,,,,,,,,
6150,800,6148,6540,,0,0,0,0,0,0,0,0,0,0,0,0,0,0,0,2,2,2,2,2,2,2,2,2,2,2,2,2,2,2,2,2,2,2,2,2,2,2,2,1,1,0,0,0,0,0,0,0,0,,,,,,,,,,,,,,,,,,,,,,,,,,,,,,,,,,,,,,,,,,,,,,,,
6151,1200,6154,6144,,0,53,53,55,55,38,38,42,42,48,48,53,53,146,146,715,715,891,891,804,804,768,768,707,707,638,638,676,676,679,679,669,669,696,696,738,738,671,671,411,411,264,264,178,178,130,130,66,66,,,,,,,,,,,,,,,,,,,,,,,,,,,,,,,,,,,,,,,,,,,,,,,,
6152,1200,6154,6446,,0,0,0,0,0,0,0,0,0,0,0,0,0,0,0,3,3,3,3,3,3,3,3,3,3,3,3,3,3,3,3,3,3,3,3,3,3,3,3,1,1,1,1,0,0,0,0,0,0,,,,,,,,,,,,,,,,,,,,,,,,,,,,,,,,,,,,,,,,,,,,,,,,
6153,1200,6484,,,0,0,0,0,0,0,0,0,0,0,0,0,0,0,0,2,2,2,2,2,2,2,2,2,2,2,2,2,2,2,2,2,2,2,2,2,2,2,2,1,1,0,0,0,0,0,0,0,0,,,,,,,,,,,,,,,,,,,,,,,,,,,,,,,,,,,,,,,,,,,,,,,,
6154,2000,6152,6157,6151;6159,2,42,42,39,39,28,28,29,29,34,34,39,39,112,112,1343,1343,1424,1424,1347,1347,1375,1375,1229,1229,1247,1247,1096,1096,1282,1282,1299,1299,1257,1257,1375,1375,1394,1394,536,536,316,316,190,190,140,140,87,87,,,,,,,,,,,,,,,,,,,,,,,,,,,,,,,,,,,,,,,,,,,,,,,,
6155,3500,6460,6291,,0,48,48,47,47,33,33,35,35,41,41,46,46,130,130,1235,1235,1352,1352,1266,1266,1276,1276,1147,1147,1138,1138,1037,1037,1178,1178,1187,1187,1164,1164,1266,1266,1259,1259,533,533,321,321,199,199,146,146,86,86,,,,,,,,,,,,,,,,,,,,,,,,,,,,,,,,,,,,,,,,,,,,,,,,
6156,1200,,6478,,0,0,0,0,0,0,0,0,0,0,0,0,0,0,0,2,2,2,2,2,2,2,2,2,2,2,2,2,2,2,2,2,2,2,2,2,2,2,2,1,1,0,0,0,0,0,0,0,0,,,,,,,,,,,,,,,,,,,,,,,,,,,,,,,,,,,,,,,,,,,,,,,,
6157,1500,6154,6438,,0,48,48,47,47,33,33,35,35,41,41,46,46,130,130,1235,1235,1352,1352,1266,1266,1276,1276,1147,1147,1138,1138,1037,1037,1178,1178,1187,1187,1164,1164,1266,1266,1259,1259,533,533,321,321,199,199,146,146,86,86,,,,,,,,,,,,,,,,,,,,,,,,,,,,,,,,,,,,,,,,,,,,,,,,
6158,300,,6164,,0,0,0,0,0,0,0,0,0,0,0,0,0,0,0,4,4,4,4,4,4,4,4,4,4,4,4,3,3,4,4,4,4,4,4,4,4,4,4,1,1,1,1,1,1,0,0,0,0,,,,,,,,,,,,,,,,,,,,,,,,,,,,,,,,,,,,,,,,,,,,,,,,
6159,1600,6161,6154,,0,1,1,1,1,1,1,1,1,1,1,1,1,3,3,20,20,22,22,21,21,20,20,19,19,18,18,17,17,19,19,19,19,19,19,20,20,20,20,9,9,6,6,4,4,3,3,1,1,,,,,,,,,,,,,,,,,,,,,,,,,,,,,,,,,,,,,,,,,,,,,,,,
6160,1200,6161,6444,,0,0,0,0,0,0,0,0,0,0,0,0,0,0,0,3,3,3,3,3,3,3,3,3,3,3,3,3,3,3,3,3,3,3,3,3,3,3,3,1,1,1,1,0,0,0,0,0,0,,,,,,,,,,,,,,,,,,,,,,,,,,,,,,,,,,,,,,,,,,,,,,,,
6161,1600,6160,6162,6159;6172,2,1,1,1,1,1,1,1,1,1,1,1,1,3,3,20,20,22,22,21,21,20,20,19,19,18,18,17,17,19,19,19,19,19,19,20,20,20,20,9,9,6,6,4,4,3,3,1,1,,,,,,,,,,,,,,,,,,,,,,,,,,,,,,,,,,,,,,,,,,,,,,,,
6162,800,6161,6436,,0,0,0,0,0,0,0,0,0,0,0,0,0,1,1,7,7,8,8,7,7,7,7,6,6,6,6,6,6,6,6,6,6,6,6,7,7,7,7,3,3,2,2,1,1,1,1,1,1,,,,,,,,,,,,,,,,,,,,,,,,,,,,,,,,,,,,,,,,,,,,,,,,
6163,1200,6528,6526,,0,0,0,0,0,0,0,0,0,0,0,0,0,0,0,3,3,3,3,3,3,3,3,3,3,2,2,2,2,3,3,3,3,3,3,3,3,3,3,1,1,1,1,0,0,0,0,0,0,,,,,,,,,,,,,,,,,,,,,,,,,,,,,,,,,,,,,,,,,,,,,,,,
6164,2000,6480,6158,,0,32,32,29,29,21,21,22,22,26,26,29,29,84,84,1292,1292,1368,1368,1331,1331,1346,1346,1214,1214,1206,1206,1108,1108,1224,1224,1269,1269,1236,1236,1334,1334,1318,1318,402,402,237,237,142,142,105,105,65,65,,,,,,,,,,,,,,,,,,,,,,,,,,,,,,,,,,,,,,,,,,,,,,,,
6165,4400,6478,6133,,0,32,32,29,29,21,21,22,22,26,26,29,29,84,84,1292,1292,1368,1368,1331,1331,1346,1346,1214,1214,1206,1206,1108,1108,1224,1224,1269,1269,1236,1236,1334,1334,1318,1318,402,402,237,237,142,142,105,105,65,65,,,,,,,,,,,,,,,,,,,,,,,,,,,,,,,,,,,,,,,,,,,,,,,,
6166,800,6540,6126,,0,0,0,0,0,0,0,0,0,0,0,0,0,0,0,1,1,1,1,1,1,1,1,1,1,1,1,1,1,1,1,1,1,1,1,1,1,1,1,0,0,0,0,0,0,0,0,0,0,,,,,,,,,,,,,,,,,,,,,,,,,,,,,,,,,,,,,,,,,,,,,,,,
6167,550,6168,6502,,0,32,32,29,29,21,21,22,22,26,26,29,29,84,84,1292,1292,1368,1368,1331,1331,1346,1346,1214,1214,1206,1206,1108,1108,1224,1224,1269,1269,1236,1236,1334,1334,1318,1318,402,402,237,237,142,142,105,105,65,65,,,,,,,,,,,,,,,,,,,,,,,,,,,,,,,,,,,,,,,,,,,,,,,,
6168,550,6179,6167,6539;6177,2,32,32,29,29,21,21,22,22,26,26,29,29,84,84,1292,1292,1368,1368,1331,1331,1346,1346,1214,1214,1206,1206,1108,1108,1224,1224,1269,1269,1236,1236,1334,1334,1318,1318,402,402,237,237,142,142,105,105,65,65,,,,,,,,,,,,,,,,,,,,,,,,,,,,,,,,,,,,,,,,,,,,,,,,
6169,3000,,6482,,0,32,32,29,29,21,21,22,22,26,26,29,29,84,84,1292,1292,1368,1368,1331,1331,1346,1346,1214,1214,1206,1206,1108,1108,1224,1224,1269,1269,1236,1236,1334,1334,1318,1318,402,402,237,237,142,142,105,105,65,65,,,,,,,,,,,,,,,,,,,,,,,,,,,,,,,,,,,,,,,,,,,,,,,,
6170,2500,6472,6171,,0,32,32,29,29,21,21,22,22,26,26,29,29,84,84,1292,1292,1368,1368,1331,1331,1346,1346,1214,1214,1206,1206,1108,1108,1224,1224,1269,1269,1236,1236,1334,1334,1318,1318,402,402,237,237,142,142,105,105,65,65,,,,,,,,,,,,,,,,,,,,,,,,,,,,,,,,,,,,,,,,,,,,,,,,
6171,4000,6479,6170,6477;6213,2,32,32,29,29,21,21,22,22,26,26,29,29,84,84,1292,1292,1368,1368,1331,1331,1346,1346,1214,1214,1206,1206,1108,1108,1224,1224,1269,1269,1236,1236,1334,1334,1318,1318,402,402,237,237,142,142,105,105,65,65,,,,,,,,,,,,,,,,,,,,,,,,,,,,,,,,,,,,,,,,,,,,,,,,
6172,1600,6161,6174,,0,53,53,55,55,38,38,42,42,48,48,53,53,146,146,715,715,891,891,804,804,768,768,707,707,638,638,676,676,679,679,669,669,696,696,738,738,671,671,411,411,264,264,178,178,130,130,66,66,,,,,,,,,,,,,,,,,,,,,,,,,,,,,,,,,,,,,,,,,,,,,,,,
6173,1600,6174,6442,,0,0,0,0,0,0,0,0,0,0,0,0,0,0,0,3,3,3,3,3,3,3,3,3,3,3,3,3,3,3,3,3,3,3,3,3,3,3,3,1,1,1,1,0,0,0,0,0,0,,,,,,,,,,,,,,,,,,,,,,,,,,,,,,,,,,,,,,,,,,,,,,,,
6174,1600,6175,6173,6172;6183,2,1,1,1,1,1,1,1,1,1,1,1,1,3,3,20,20,22,22,21,21,20,20,19,19,18,18,17,17,19,19,19,19,19,19,20,20,20,20,9,9,6,6,4,4,3,3,1,1,,,,,,,,,,,,,,,,,,,,,,,,,,,,,,,,,,,,,,,,,,,,,,,,
6175,1200,6398,6174,,0,0,0,0,0,0,0,0,0,0,0,0,0,1,1,8,8,9,9,9,9,8,8,8,8,7,7,7,7,8,8,8,8,8,8,8,8,8,8,4,4,2,2,1,1,1,1,1,1,,,,,,,,,,,,,,,,,,,,,,,,,,,,,,,,,,,,,,,,,,,,,,,,
6176,1000,6470,6440,,0,32,32,29,29,21,21,22,22,26,26,29,29,84,84,1292,1292,1368,1368,1331,1331,1346,1346,1214,1214,1206,1206,1108,1108,1224,1224,1269,1269,1236,1236,1334,1334,1318,1318,402,402,237,237,142,142,105,105,65,65,,,,,,,,,,,,,,,,,,,,,,,,,,,,,,,,,,,,,,,,,,,,,,,,
6177,600,6168,6182,,0,0,0,0,0,0,0,0,0,0,0,0,0,0,0,3,3,3,3,3,3,3,3,3,3,3,3,3,3,3,3,3,3,3,3,3,3,3,3,1,1,1,1,0,0,0,0,0,0,,,,,,,,,,,,,,,,,,,,,,,,,,,,,,,,,,,,,,,,,,,,,,,,
6178,600,6496,,,0,0,0,0,0,0,0,0,0,0,0,0,0,0,0,4,4,4,4,4,4,4,4,3,3,3,3,3,3,3,3,3,3,3,3,4,4,4,4,1,1,1,1,1,1,0,0,0,0,,,,,,,,,,,,,,,,,,,,,,,,,,,,,,,,,,,,,,,,,,,,,,,,
6179,4400,,6168,6185,1,32,32,29,29,21,21,22,22,26,26,29,29,84,84,1292,1292,1368,1368,1331,1331,1346,1346,1214,1214,1206,1206,1108,1108,1224,1224,1269,1269,1236,1236,1334,1334,1318,1318,402,402,237,237,142,142,105,105,65,65,,,,,,,,,,,,,,,,,,,,,,,,,,,,,,,,,,,,,,,,,,,,,,,,
6180,1600,6522,6450,,0,0,0,0,0,0,0,0,0,0,0,0,0,0,0,4,4,4,4,4,4,4,4,3,3,3,3,3,3,3,3,4,4,3,3,4,4,4,4,1,1,1,1,1,1,0,0,0,0,,,,,,,,,,,,,,,,,,,,,,,,,,,,,,,,,,,,,,,,,,,,,,,,
6181,2500,6498,6182,,0,32,32,29,29,21,21,22,22,26,26,29,29,84,84,1292,1292,1368,1368,1331,1331,1346,1346,1214,1214,1206,1206,1108,1108,1224,1224,1269,1269,1236,1236,1334,1334,1318,1318,402,402,237,237,142,142,105,105,65,65,,,,,,,,,,,,,,,,,,,,,,,,,,,,,,,,,,,,,,,,,,,,,,,,
6182,600,6177,6503,6181;6493,2,0,0,0,0,0,0,0,0,0,0,0,0,0,0,4,4,5,5,5,5,5,5,4,4,4,4,4,4,4,4,4,4,4,4,5,5,4,4,2,2,1,1,1,1,0,0,0,0,,,,,,,,,,,,,,,,,,,,,,,,,,,,,,,,,,,,,,,,,,,,,,,,
6183,1600,6174,6189,,0,0,0,0,0,0,0,0,0,0,0,0,0,0,0,1,1,2,2,1,1,1,1,1,1,1,1,1,1,1,1,1,1,1,1,1,1,1,1,1,1,0,0,0,0,0,0,0,0,,,,,,,,,,,,,,,,,,,,,,,,,,,,,,,,,,,,,,,,,,,,,,,,
6184,3500,6490,,,0,32,32,29,29,21,21,22,22,26,26,29,29,84,84,1292,1292,1368,1368,1331,1331,1346,1346,1214,1214,1206,1206,1108,1108,1224,1224,1269,1269,1236,1236,1334,1334,1318,1318,402,402,237,237,142,142,105,105,65,65,,,,,,,,,,,,,,,,,,,,,,,,,,,,,,,,,,,,,,,,,,,,,,,,
6185,1200,6205,6496,6179,1,0,0,0,0,0,0,0,0,0,0,0,0,0,0,2,2,2,2,2,2,2,2,2,2,2,2,2,2,2,2,2,2,2,2,2,2,2,2,1,1,0,0,0,0,0,0,0,0,,,,,,,,,,,,,,,,,,,,,,,,,,,,,,,,,,,,,,,,,,,,,,,,
6186,2000,6468,6187,,0,32,32,29,29,21,21,22,22,26,26,29,29,84,84,1292,1292,1368,1368,1331,1331,1346,1346,1214,1214,1206,1206,1108,1108,1224,1224,1269,1269,1236,1236,1334,1334,1318,1318,402,402,237,237,142,142,105,105,65,65,,,,,,,,,,,,,,,,,,,,,,,,,,,,,,,,,,,,,,,,,,,,,,,,
6187,2500,6186,6188,6439;6461,2,32,32,29,29,21,21,22,22,26,26,29,29,84,84,1292,1292,1368,1368,1331,1331,1346,1346,1214,1214,1206,1206,1108,1108,1224,1224,1269,1269,1236,1236,1334,1334,1318,1318,402,402,237,237,142,142,105,105,65,65,,,,,,,,,,,,,,,,,,,,,,,,,,,,,,,,,,,,,,,,,,,,,,,,
6188,1500,6187,6189,,0,32,32,29,29,21,21,22,22,26,26,29,29,84,84,1292,1292,1368,1368,1331,1331,1346,1346,1214,1214,1206,1206,1108,1108,1224,1224,1269,1269,1236,1236,1334,1334,1318,1318,402,402,237,237,142,142,105,105,65,65,,,,,,,,,,,,,,,,,,,,,,,,,,,,,,,,,,,,,,,,,,,,,,,,
6189,1600,6190,6188,6183;6413,2,0,0,0,0,0,0,0,0,0,0,0,0,0,0,2,2,2,2,2,2,2,2,1,1,1,1,1,1,1,1,2,2,2,2,2,2,2,2,1,1,0,0,0,0,0,0,0,0,,,,,,,,,,,,,,,,,,,,,,,,,,,,,,,,,,,,,,,,,,,,,,,,
6190,1200,6396,6189,,0,1,1,1,1,1,1,1,1,1,1,1,1,3,3,20,20,22,22,21,21,20,20,19,19,18,18,17,17,19,19,19,19,19,19,20,20,20,20,9,9,6,6,4,4,3,3,1,1,,,,,,,,,,,,,,,,,,,,,,,,,,,,,,,,,,,,,,,,,,,,,,,,
6191,600,6494,,,0,0,0,0,0,0,0,0,0,0,0,0,0,0,0,1,1,2,2,1,1,1,1,1,1,1,1,1,1,1,1,1,1,1,1,1,1,1,1,1,1,0,0,0,0,0,0,0,0,,,,,,,,,,,,,,,,,,,,,,,,,,,,,,,,,,,,,,,,,,,,,,,,
6192,600,6462,6466,,0,0,0,0,0,0,0,0,0,0,0,0,0,0,0,3,3,3,3,3,3,3,3,3,3,3,3,3,3,3,3,3,3,3,3,3,3,3,3,1,1,1,1,0,0,0,0,0,0,,,,,,,,,,,,,,,,,,,,,,,,,,,,,,,,,,,,,,,,,,,,,,,,
6193,1200,6492,6426,,0,0,0,0,0,0,0,0,0,0,0,0,0,0,0,2,2,2,2,2,2,2,2,2,2,2,2,1,1,2,2,2,2,2,2,2,2,2,2,1,1,0,0,0,0,0,0,0,0,,,,,,,,,,,,,,,,,,,,,,,,,,,,,,,,,,,,,,,,,,,,,,,,
6194,1200,6502,6148,,0,0,0,0,0,0,0,0,0,0,0,0,0,0,0,2,2,2,2,2,2,2,2,2,2,2,2,1,1,2,2,2,2,2,2,2,2,2,2,1,1,0,0,0,0,0,0,0,0,,,,,,,,,,,,,,,,,,,,,,,,,,,,,,,,,,,,,,,,,,,,,,,,
6195,800,16097,6196,6497;6228,2,0,0,0,0,0,0,0,0,0,0,0,0,0,0,3,3,3,3,3,3,3,3,2,2,2,2,2,2,2,2,2,2,2,2,3,3,3,3,1,1,1,1,0,0,0,0,0,0,,,,,,,,,,,,,,,,,,,,,,,,,,,,,,,,,,,,,,,,,,,,,,,,
6196,400,6195,6504,,0,0,0,0,0,0,0,0,0,0,0,0,0,0,0,2,2,2,2,2,2,2,2,2,2,2,2,1,1,2,2,2,2,2,2,2,2,2,2,1,1,0,0,0,0,0,0,0,0,,,,,,,,,,,,,,,,,,,,,,,,,,,,,,,,,,,,,,,,,,,,,,,,
6197,2000,6462,6200,,0,32,32,29,29,21,21,22,22,26,26,29,29,84,84,1292,1292,1368,1368,1331,1331,1346,1346,1214,1214,1206,1206,1108,1108,1224,1224,1269,1269,1236,1236,1334,1334,1318,1318,402,402,237,237,142,142,105,105,65,65,,,,,,,,,,,,,,,,,,,,,,,,,,,,,,,,,,,,,,,,,,,,,,,,
6198,800,6464,6200,,0,0,0,0,0,0,0,0,0,0,0,0,0,0,0,2,2,2,2,2,2,2,2,2,2,2,2,2,2,2,2,2,2,2,2,2,2,2,2,1,1,0,0,0,0,0,0,0,0,,,,,,,,,,,,,,,,,,,,,,,,,,,,,,,,,,,,,,,,,,,,,,,,
6199,1200,6394,6414,,0,1,1,1,1,1,1,1,1,1,1,1,1,3,3,20,20,22,22,21,21,20,20,19,19,18,18,17,17,19,19,19,19,19,19,20,20,20,20,9,9,6,6,4,4,3,3,1,1,,,,,,,,,,,,,,,,,,,,,,,,,,,,,,,,,,,,,,,,,,,,,,,,
62,1600,367,365,,0,0,0,0,0,0,0,0,0,0,0,0,0,0,0,3,3,3,3,3,3,3,3,3,3,3,3,3,3,3,3,3,3,3,3,3,3,3,3,1,1,0,0,0,0,0,0,0,0,,,,,,,,,,,,,,,,,,,,,,,,,,,,,,,,,,,,,,,,,,,,,,,,
6200,1200,6201,6198,6197;6217,2,0,0,0,0,0,0,0,0,0,0,0,0,0,0,4,4,4,4,4,4,4,4,4,4,4,4,3,3,4,4,4,4,4,4,4,4,4,4,1,1,1,1,1,1,0,0,0,0,,,,,,,,,,,,,,,,,,,,,,,,,,,,,,,,,,,,,,,,,,,,,,,,
6201,1600,6200,6414,,0,0,0,0,0,0,0,0,0,0,0,0,0,0,0,2,2,2,2,2,2,2,2,2,2,2,2,1,1,2,2,2,2,2,2,2,2,2,2,1,1,0,0,0,0,0,0,0,0,,,,,,,,,,,,,,,,,,,,,,,,,,,,,,,,,,,,,,,,,,,,,,,,
6202,2500,6203,6424,,0,32,32,29,29,21,21,22,22,26,26,29,29,84,84,1292,1292,1368,1368,1331,1331,1346,1346,1214,1214,1206,1206,1108,1108,1224,1224,1269,1269,1236,1236,1334,1334,1318,1318,402,402,237,237,142,142,105,105,65,65,,,,,,,,,,,,,,,,,,,,,,,,,,,,,,,,,,,,,,,,,,,,,,,,
6203,2000,6202,6204,6463;6214,2,54,54,54,54,38,38,41,41,48,48,53,53,149,149,1126,1126,1279,1279,1185,1185,1176,1176,1064,1064,1030,1030,978,978,1073,1073,1075,1075,1072,1072,1157,1157,1124,1124,530,530,326,326,208,208,152,152,86,86,,,,,,,,,,,,,,,,,,,,,,,,,,,,,,,,,,,,,,,,,,,,,,,,
6204,1500,6203,6412,,0,54,54,54,54,38,38,41,41,48,48,53,53,149,149,1126,1126,1279,1279,1185,1185,1176,1176,1064,1064,1030,1030,978,978,1073,1073,1075,1075,1072,1072,1157,1157,1124,1124,530,530,326,326,208,208,152,152,86,86,,,,,,,,,,,,,,,,,,,,,,,,,,,,,,,,,,,,,,,,,,,,,,,,
6205,1000,6487,6489,6185,1,32,32,29,29,21,21,22,22,26,26,29,29,84,84,1292,1292,1368,1368,1331,1331,1346,1346,1214,1214,1206,1206,1108,1108,1224,1224,1269,1269,1236,1236,1334,1334,1318,1318,402,402,237,237,142,142,105,105,65,65,,,,,,,,,,,,,,,,,,,,,,,,,,,,,,,,,,,,,,,,,,,,,,,,
6206,800,6422,6410,,0,0,0,0,0,0,0,0,0,0,0,0,0,0,0,3,3,3,3,3,3,3,3,2,2,2,2,2,2,2,2,2,2,2,2,3,3,3,3,1,1,1,1,0,0,0,0,0,0,,,,,,,,,,,,,,,,,,,,,,,,,,,,,,,,,,,,,,,,,,,,,,,,
6207,1600,6494,,,0,0,0,0,0,0,0,0,0,0,0,0,0,0,0,5,5,6,6,5,5,5,5,5,5,5,5,4,4,5,5,5,5,5,5,5,5,5,5,2,2,1,1,1,1,1,1,0,0,,,,,,,,,,,,,,,,,,,,,,,,,,,,,,,,,,,,,,,,,,,,,,,,
6208,600,6408,6420,,0,0,0,0,0,0,0,0,0,0,0,0,0,0,0,2,2,2,2,2,2,2,2,2,2,2,2,2,2,2,2,2,2,2,2,2,2,2,2,1,1,0,0,0,0,0,0,0,0,,,,,,,,,,,,,,,,,,,,,,,,,,,,,,,,,,,,,,,,,,,,,,,,
6209,600,6406,6418,,0,0,0,0,0,0,0,0,0,0,0,0,0,0,0,2,2,2,2,2,2,2,2,2,2,2,2,2,2,2,2,2,2,2,2,2,2,2,2,1,1,0,0,0,0,0,0,0,0,,,,,,,,,,,,,,,,,,,,,,,,,,,,,,,,,,,,,,,,,,,,,,,,
6210,1200,6414,6392,,0,0,0,0,0,0,0,0,0,0,0,0,0,0,0,5,5,6,6,5,5,5,5,5,5,5,5,4,4,5,5,5,5,5,5,5,5,5,5,2,2,1,1,1,1,1,1,0,0,,,,,,,,,,,,,,,,,,,,,,,,,,,,,,,,,,,,,,,,,,,,,,,,
6211,1200,6369,6428,,0,0,0,0,0,0,0,0,0,0,0,0,0,0,0,2,2,2,2,2,2,2,2,2,2,2,2,2,2,2,2,2,2,2,2,2,2,2,2,1,1,1,1,0,0,0,0,0,0,,,,,,,,,,,,,,,,,,,,,,,,,,,,,,,,,,,,,,,,,,,,,,,,
6212,600,6404,6416,,0,0,0,0,0,0,0,0,0,0,0,0,0,0,0,2,2,2,2,2,2,2,2,2,2,2,2,2,2,2,2,2,2,2,2,2,2,2,2,1,1,1,1,0,0,0,0,0,0,,,,,,,,,,,,,,,,,,,,,,,,,,,,,,,,,,,,,,,,,,,,,,,,
6213,4400,6426,6171,,0,32,32,29,29,21,21,22,22,26,26,29,29,84,84,1292,1292,1368,1368,1331,1331,1346,1346,1214,1214,1206,1206,1108,1108,1224,1224,1269,1269,1236,1236,1334,1334,1318,1318,402,402,237,237,142,142,105,105,65,65,,,,,,,,,,,,,,,,,,,,,,,,,,,,,,,,,,,,,,,,,,,,,,,,
6214,2500,6203,6422,,0,54,54,54,54,38,38,41,41,48,48,53,53,149,149,1126,1126,1279,1279,1185,1185,1176,1176,1064,1064,1030,1030,978,978,1073,1073,1075,1075,1072,1072,1157,1157,1124,1124,530,530,326,326,208,208,152,152,86,86,,,,,,,,,,,,,,,,,,,,,,,,,,,,,,,,,,,,,,,,,,,,,,,,
6215,600,6428,6504,,0,0,0,0,0,0,0,0,0,0,0,0,0,0,0,5,5,6,6,5,5,5,5,5,5,5,5,4,4,5,5,5,5,5,5,5,5,5,5,2,2,1,1,1,1,1,1,0,0,,,,,,,,,,,,,,,,,,,,,,,,,,,,,,,,,,,,,,,,,,,,,,,,
6216,2500,6218,6367,,0,54,54,54,54,38,38,41,41,48,48,53,53,149,149,1126,1126,1279,1279,1185,1185,1176,1176,1064,1064,1030,1030,978,978,1073,1073,1075,1075,1072,1072,1157,1157,1124,1124,530,530,326,326,208,208,152,152,86,86,,,,,,,,,,,,,,,,,,,,,,,,,,,,,,,,,,,,,,,,,,,,,,,,
6217,1600,6200,6412,,0,0,0,0,0,0,0,0,0,0,0,0,0,0,0,5,5,6,6,5,5,5,5,5,5,5,5,4,4,5,5,5,5,5,5,5,5,5,5,2,2,1,1,1,1,1,1,0,0,,,,,,,,,,,,,,,,,,,,,,,,,,,,,,,,,,,,,,,,,,,,,,,,
6218,3000,6224,6216,6423,1,54,54,54,54,38,38,41,41,48,48,53,53,149,149,1126,1126,1279,1279,1185,1185,1176,1176,1064,1064,1030,1030,978,978,1073,1073,1075,1075,1072,1072,1157,1157,1124,1124,530,530,326,326,208,208,152,152,86,86,,,,,,,,,,,,,,,,,,,,,,,,,,,,,,,,,,,,,,,,,,,,,,,,
6219,1500,6221,6222,,0,54,54,54,54,38,38,41,41,48,48,53,53,149,149,1126,1126,1279,1279,1185,1185,1176,1176,1064,1064,1030,1030,978,978,1073,1073,1075,1075,1072,1072,1157,1157,1124,1124,530,530,326,326,208,208,152,152,86,86,,,,,,,,,,,,,,,,,,,,,,,,,,,,,,,,,,,,,,,,,,,,,,,,
6220,1600,6221,16388,,0,0,0,0,0,0,0,0,0,0,0,0,0,0,0,2,2,3,3,3,3,3,3,2,2,2,2,2,2,2,2,2,2,2,2,3,3,2,2,1,1,1,1,0,0,0,0,0,0,,,,,,,,,,,,,,,,,,,,,,,,,,,,,,,,,,,,,,,,,,,,,,,,
6221,1600,6427,6385,6220;6219,2,0,0,0,0,0,0,0,0,0,0,0,0,0,0,4,4,4,4,4,4,4,4,4,4,3,3,3,3,3,3,4,4,4,4,4,4,4,4,2,2,1,1,1,1,0,0,0,0,,,,,,,,,,,,,,,,,,,,,,,,,,,,,,,,,,,,,,,,,,,,,,,,
6222,2000,6219,6223,6233;6375,2,54,54,54,54,38,38,41,41,48,48,53,53,149,149,1126,1126,1279,1279,1185,1185,1176,1176,1064,1064,1030,1030,978,978,1073,1073,1075,1075,1072,1072,1157,1157,1124,1124,530,530,326,326,208,208,152,152,86,86,,,,,,,,,,,,,,,,,,,,,,,,,,,,,,,,,,,,,,,,,,,,,,,,
6223,2000,6434,6222,,0,54,54,54,54,38,38,41,41,48,48,53,53,149,149,1126,1126,1279,1279,1185,1185,1176,1176,1064,1064,1030,1030,978,978,1073,1073,1075,1075,1072,1072,1157,1157,1124,1124,530,530,326,326,208,208,152,152,86,86,,,,,,,,,,,,,,,,,,,,,,,,,,,,,,,,,,,,,,,,,,,,,,,,
6224,2500,6218,6402,,0,54,54,54,54,38,38,41,41,48,48,53,53,149,149,1126,1126,1279,1279,1185,1185,1176,1176,1064,1064,1030,1030,978,978,1073,1073,1075,1075,1072,1072,1157,1157,1124,1124,530,530,326,326,208,208,152,152,86,86,,,,,,,,,,,,,,,,,,,,,,,,,,,,,,,,,,,,,,,,,,,,,,,,
6225,300,16386,6386,,0,0,0,0,0,0,0,0,0,0,0,0,0,0,0,2,2,3,3,3,3,3,3,2,2,2,2,2,2,2,2,2,2,2,2,2,2,2,2,1,1,1,1,0,0,0,0,0,0,,,,,,,,,,,,,,,,,,,,,,,,,,,,,,,,,,,,,,,,,,,,,,,,
6226,800,6345,,,0,0,0,0,0,0,0,0,0,0,0,0,0,0,0,4,4,4,4,4,4,4,4,3,3,3,3,3,3,3,3,3,3,3,3,4,4,4,4,2,2,1,1,1,1,0,0,0,0,,,,,,,,,,,,,,,,,,,,,,,,,,,,,,,,,,,,,,,,,,,,,,,,
6227,2000,6432,6380,,0,54,54,54,54,38,38,41,41,48,48,53,53,149,149,1126,1126,1279,1279,1185,1185,1176,1176,1064,1064,1030,1030,978,978,1073,1073,1075,1075,1072,1072,1157,1157,1124,1124,530,530,326,326,208,208,152,152,86,86,,,,,,,,,,,,,,,,,,,,,,,,,,,,,,,,,,,,,,,,,,,,,,,,
6228,1600,16388,6195,,0,0,0,0,0,0,0,0,0,0,0,0,0,0,0,5,5,6,6,5,5,5,5,5,5,5,5,4,4,5,5,5,5,5,5,5,5,5,5,2,2,1,1,1,1,1,1,0,0,,,,,,,,,,,,,,,,,,,,,,,,,,,,,,,,,,,,,,,,,,,,,,,,
6229,400,6384,16157,,0,0,0,0,0,0,0,0,0,0,0,0,0,0,0,4,4,4,4,4,4,4,4,4,4,4,4,3,3,4,4,4,4,4,4,4,4,4,4,2,2,1,1,1,1,0,0,0,0,,,,,,,,,,,,,,,,,,,,,,,,,,,,,,,,,,,,,,,,,,,,,,,,
6230,800,6388,,,0,0,0,0,0,0,0,0,0,0,0,0,0,0,0,2,2,2,2,2,2,2,2,1,1,1,1,1,1,1,1,1,1,1,1,2,2,2,2,1,1,0,0,0,0,0,0,0,0,,,,,,,,,,,,,,,,,,,,,,,,,,,,,,,,,,,,,,,,,,,,,,,,
6231,1200,6343,6347,,0,0,0,0,0,0,0,0,0,0,0,0,0,0,0,3,3,3,3,3,3,3,3,3,3,3,3,3,3,3,3,3,3,3,3,3,3,3,3,1,1,1,1,1,1,0,0,0,0,,,,,,,,,,,,,,,,,,,,,,,,,,,,,,,,,,,,,,,,,,,,,,,,
6232,1600,6430,6378,,0,0,0,0,0,0,0,0,0,0,0,0,0,0,0,3,3,3,3,3,3,3,3,3,3,3,3,3,3,3,3,3,3,3,3,3,3,3,3,1,1,1,1,0,0,0,0,0,0,,,,,,,,,,,,,,,,,,,,,,,,,,,,,,,,,,,,,,,,,,,,,,,,
6233,4400,6222,6434,,0,54,54,54,54,38,38,41,41,48,48,53,53,149,149,1126,1126,1279,1279,1185,1185,1176,1176,1064,1064,1030,1030,978,978,1073,1073,1075,1075,1072,1072,1157,1157,1124,1124,530,530,326,326,208,208,152,152,86,86,,,,,,,,,,,,,,,,,,,,,,,,,,,,,,,,,,,,,,,,,,,,,,,,
6234,1200,6347,6337,,0,0,0,0,0,0,0,0,0,0,0,0,0,0,0,2,2,2,2,2,2,2,2,2,2,1,1,1,1,2,2,2,2,2,2,2,2,2,2,1,1,0,0,0,0,0,0,0,0,,,,,,,,,,,,,,,,,,,,,,,,,,,,,,,,,,,,,,,,,,,,,,,,
6235,3500,6343,6345,,0,54,54,54,54,38,38,41,41,48,48,53,53,149,149,1126,1126,1279,1279,1185,1185,1176,1176,1064,1064,1030,1030,978,978,1073,1073,1075,1075,1072,1072,1157,1157,1124,1124,530,530,326,326,208,208,152,152,86,86,,,,,,,,,,,,,,,,,,,,,,,,,,,,,,,,,,,,,,,,,,,,,,,,
6236,300,16300,6382,,0,0,0,0,0,0,0,0,0,0,0,0,0,0,0,4,4,4,4,4,4,4,4,4,4,4,4,3,3,4,4,4,4,4,4,4,4,4,4,2,2,1,1,1,1,0,0,0,0,,,,,,,,,,,,,,,,,,,,,,,,,,,,,,,,,,,,,,,,,,,,,,,,
6237,1200,6337,6361,,0,0,0,0,0,0,0,0,0,0,0,0,0,0,0,1,1,1,1,1,1,1,1,1,1,1,1,1,1,1,1,1,1,1,1,1,1,1,1,0,0,0,0,0,0,0,0,0,0,,,,,,,,,,,,,,,,,,,,,,,,,,,,,,,,,,,,,,,,,,,,,,,,
6238,1100,6245,6321,,0,54,54,54,54,38,38,41,41,48,48,53,53,149,149,1126,1126,1279,1279,1185,1185,1176,1176,1064,1064,1030,1030,978,978,1073,1073,1075,1075,1072,1072,1157,1157,1124,1124,530,530,326,326,208,208,152,152,86,86,,,,,,,,,,,,,,,,,,,,,,,,,,,,,,,,,,,,,,,,,,,,,,,,
6239,4400,6320,6261,,0,54,54,54,54,38,38,41,41,48,48,53,53,149,149,1126,1126,1279,1279,1185,1185,1176,1176,1064,1064,1030,1030,978,978,1073,1073,1075,1075,1072,1072,1157,1157,1124,1124,530,530,326,326,208,208,152,152,86,86,,,,,,,,,,,,,,,,,,,,,,,,,,,,,,,,,,,,,,,,,,,,,,,,
6240,300,6341,6357,,0,0,0,0,0,0,0,0,0,0,0,0,0,0,0,1,1,1,1,1,1,1,1,0,0,0,0,0,0,0,0,0,0,0,0,1,1,1,1,0,0,0,0,0,0,0,0,0,0,,,,,,,,,,,,,,,,,,,,,,,,,,,,,,,,,,,,,,,,,,,,,,,,
6241,4400,10405,6248,,0,34,34,35,35,24,24,26,26,31,31,34,34,93,93,1024,1024,1168,1168,1154,1154,1117,1117,1034,1034,948,948,1003,1003,958,958,1015,1015,1030,1030,1075,1075,972,972,262,262,168,168,114,114,82,82,42,42,,,,,,,,,,,,,,,,,,,,,,,,,,,,,,,,,,,,,,,,,,,,,,,,
6242,800,6337,6349,,0,0,0,0,0,0,0,0,0,0,0,0,0,0,0,1,1,1,1,1,1,1,1,1,1,1,1,1,1,1,1,1,1,1,1,1,1,1,1,0,0,0,0,0,0,0,0,0,0,,,,,,,,,,,,,,,,,,,,,,,,,,,,,,,,,,,,,,,,,,,,,,,,
6243,300,6357,6335,,0,0,0,0,0,0,0,0,0,0,0,0,0,0,0,1,1,1,1,1,1,1,1,1,1,0,0,0,0,1,1,1,1,1,1,1,1,1,1,0,0,0,0,0,0,0,0,0,0,,,,,,,,,,,,,,,,,,,,,,,,,,,,,,,,,,,,,,,,,,,,,,,,
6244,300,6339,6349,6356;6256,2,0,0,0,0,0,0,0,0,0,0,0,0,0,0,1,1,1,1,1,1,1,1,1,1,0,0,0,0,1,1,1,1,1,1,1,1,1,1,0,0,0,0,0,0,0,0,0,0,,,,,,,,,,,,,,,,,,,,,,,,,,,,,,,,,,,,,,,,,,,,,,,,
6245,4400,,11513,6329;6238;6261;6292,4,54,54,54,54,38,38,41,41,48,48,53,53,149,149,1126,1126,1279,1279,1185,1185,1176,1176,1064,1064,1030,1030,978,978,1073,1073,1075,1075,1072,1072,1157,1157,1124,1124,530,530,326,326,208,208,152,152,86,86,,,,,,,,,,,,,,,,,,,,,,,,,,,,,,,,,,,,,,,,,,,,,,,,
6246,300,6384,6382,,0,0,0,0,0,0,0,0,0,0,0,0,0,0,0,2,2,3,3,2,2,2,2,2,2,2,2,2,2,2,2,2,2,2,2,2,2,2,2,1,1,1,1,0,0,0,0,0,0,,,,,,,,,,,,,,,,,,,,,,,,,,,,,,,,,,,,,,,,,,,,,,,,
6247,800,6304,,,0,0,0,0,0,0,0,0,0,0,0,0,0,1,1,8,8,10,10,9,9,9,9,8,8,8,8,8,8,8,8,8,8,8,8,9,9,8,8,2,2,1,1,1,1,1,1,0,0,,,,,,,,,,,,,,,,,,,,,,,,,,,,,,,,,,,,,,,,,,,,,,,,
6248,2500,6241,6317,6305;6257,2,34,34,35,35,24,24,26,26,31,31,34,34,93,93,1024,1024,1168,1168,1154,1154,1117,1117,1034,1034,948,948,1003,1003,958,958,1015,1015,1030,1030,1075,1075,972,972,262,262,168,168,114,114,82,82,42,42,,,,,,,,,,,,,,,,,,,,,,,,,,,,,,,,,,,,,,,,,,,,,,,,
6249,2000,6374,6376,,0,54,54,54,54,38,38,41,41,48,48,53,53,149,149,1126,1126,1279,1279,1185,1185,1176,1176,1064,1064,1030,1030,978,978,1073,1073,1075,1075,1072,1072,1157,1157,1124,1124,530,530,326,326,208,208,152,152,86,86,,,,,,,,,,,,,,,,,,,,,,,,,,,,,,,,,,,,,,,,,,,,,,,,
6250,1200,6308,6314,,0,0,0,0,0,0,0,0,0,0,0,0,0,1,1,9,9,11,11,10,10,10,10,9,9,9,9,9,9,9,9,9,9,9,9,10,10,9,9,2,2,2,2,1,1,1,1,0,0,,,,,,,,,,,,,,,,,,,,,,,,,,,,,,,,,,,,,,,,,,,,,,,,
6251,1600,16296,6253,,0,0,0,0,0,0,0,0,0,0,0,0,0,0,0,4,4,4,4,4,4,4,4,4,4,4,4,3,3,4,4,4,4,4,4,4,4,4,4,2,2,1,1,1,1,0,0,0,0,,,,,,,,,,,,,,,,,,,,,,,,,,,,,,,,,,,,,,,,,,,,,,,,
6252,4400,6302,10405,,0,63,63,66,66,46,46,50,50,58,58,63,63,175,175,972,972,1175,1175,1069,1069,1034,1034,947,947,874,874,895,895,924,924,915,915,939,939,1001,1001,931,931,526,526,333,333,222,222,161,161,84,84,,,,,,,,,,,,,,,,,,,,,,,,,,,,,,,,,,,,,,,,,,,,,,,,
6253,800,6381,6287,6251;6373,2,0,0,0,0,0,0,0,0,0,0,0,0,0,0,3,3,4,4,3,3,3,3,3,3,3,3,3,3,3,3,3,3,3,3,3,3,3,3,1,1,1,1,1,1,0,0,0,0,,,,,,,,,,,,,,,,,,,,,,,,,,,,,,,,,,,,,,,,,,,,,,,,
6254,3000,6538,6115,,0,67,67,70,70,49,49,53,53,62,62,67,67,186,186,910,910,1134,1134,1023,1023,977,977,900,900,812,812,861,861,864,864,851,851,886,886,939,939,854,854,524,524,336,336,227,227,165,165,84,84,,,,,,,,,,,,,,,,,,,,,,,,,,,,,,,,,,,,,,,,,,,,,,,,
6255,2000,6306,6314,,0,34,34,35,35,24,24,26,26,31,31,34,34,93,93,1024,1024,1168,1168,1154,1154,1117,1117,1034,1034,948,948,1003,1003,958,958,1015,1015,1030,1030,1075,1075,972,972,262,262,168,168,114,114,82,82,42,42,,,,,,,,,,,,,,,,,,,,,,,,,,,,,,,,,,,,,,,,,,,,,,,,
6256,300,6244,6267,,0,0,0,0,0,0,0,0,0,0,0,0,0,0,0,1,1,1,1,1,1,1,1,1,1,1,1,1,1,1,1,1,1,1,1,1,1,1,1,0,0,0,0,0,0,0,0,0,0,,,,,,,,,,,,,,,,,,,,,,,,,,,,,,,,,,,,,,,,,,,,,,,,
6257,4400,6304,6248,,0,34,34,35,35,24,24,26,26,31,31,34,34,93,93,1024,1024,1168,1168,1154,1154,1117,1117,1034,1034,948,948,1003,1003,958,958,1015,1015,1030,1030,1075,1075,972,972,262,262,168,168,114,114,82,82,42,42,,,,,,,,,,,,,,,,,,,,,,,,,,,,,,,,,,,,,,,,,,,,,,,,
6258,800,,6318,,0,0,0,0,0,0,0,0,0,0,0,0,0,1,1,13,13,15,15,15,15,14,14,13,13,12,12,13,13,12,12,13,13,13,13,14,14,13,13,3,3,2,2,1,1,1,1,1,1,,,,,,,,,,,,,,,,,,,,,,,,,,,,,,,,,,,,,,,,,,,,,,,,
6259,800,6341,6331,,0,0,0,0,0,0,0,0,0,0,0,0,0,0,0,1,1,1,1,1,1,1,1,1,1,1,1,1,1,1,1,1,1,1,1,1,1,1,1,0,0,0,0,0,0,0,0,0,0,,,,,,,,,,,,,,,,,,,,,,,,,,,,,,,,,,,,,,,,,,,,,,,,
6260,2500,6262,6374,,0,54,54,54,54,38,38,41,41,48,48,53,53,149,149,1126,1126,1279,1279,1185,1185,1176,1176,1064,1064,1030,1030,978,978,1073,1073,1075,1075,1072,1072,1157,1157,1124,1124,530,530,326,326,208,208,152,152,86,86,,,,,,,,,,,,,,,,,,,,,,,,,,,,,,,,,,,,,,,,,,,,,,,,
6261,3850,11513,6245,6239;6319;6270,3,54,54,54,54,38,38,41,41,48,48,53,53,149,149,1126,1126,1279,1279,1185,1185,1176,1176,1064,1064,1030,1030,978,978,1073,1073,1075,1075,1072,1072,1157,1157,1124,1124,530,530,326,326,208,208,152,152,86,86,,,,,,,,,,,,,,,,,,,,,,,,,,,,,,,,,,,,,,,,,,,,,,,,
6262,2500,6263,6260,6358;6288,2,54,54,54,54,38,38,41,41,48,48,53,53,149,149,1126,1126,1279,1279,1185,1185,1176,1176,1064,1064,1030,1030,978,978,1073,1073,1075,1075,1072,1072,1157,1157,1124,1124,530,530,326,326,208,208,152,152,86,86,,,,,,,,,,,,,,,,,,,,,,,,,,,,,,,,,,,,,,,,,,,,,,,,
6263,1600,6267,6262,,0,0,0,0,0,0,0,0,0,0,0,0,0,0,0,2,2,2,2,2,2,2,2,2,2,2,2,2,2,2,2,2,2,2,2,2,2,2,2,1,1,1,1,0,0,0,0,0,0,,,,,,,,,,,,,,,,,,,,,,,,,,,,,,,,,,,,,,,,,,,,,,,,
6264,800,6272,6318,,0,0,0,0,0,0,0,0,0,0,0,0,0,1,1,11,11,13,13,13,13,12,12,11,11,10,10,11,11,11,11,11,11,11,11,12,12,11,11,3,3,2,2,1,1,1,1,0,0,,,,,,,,,,,,,,,,,,,,,,,,,,,,,,,,,,,,,,,,,,,,,,,,
6265,4400,6303,6276,6301;6275,2,34,34,35,35,24,24,26,26,31,31,34,34,93,93,1024,1024,1168,1168,1154,1154,1117,1117,1034,1034,948,948,1003,1003,958,958,1015,1015,1030,1030,1075,1075,972,972,262,262,168,168,114,114,82,82,42,42,,,,,,,,,,,,,,,,,,,,,,,,,,,,,,,,,,,,,,,,,,,,,,,,
6266,1200,6267,6268,,0,0,0,0,0,0,0,0,0,0,0,0,0,0,0,1,1,1,1,1,1,1,1,1,1,1,1,1,1,1,1,1,1,1,1,1,1,1,1,0,0,0,0,0,0,0,0,0,0,,,,,,,,,,,,,,,,,,,,,,,,,,,,,,,,,,,,,,,,,,,,,,,,
6267,1600,6266,6263,6256;6354,2,0,0,0,0,0,0,0,0,0,0,0,0,0,0,1,1,1,1,1,1,1,1,1,1,1,1,1,1,1,1,1,1,1,1,1,1,1,1,0,0,0,0,0,0,0,0,0,0,,,,,,,,,,,,,,,,,,,,,,,,,,,,,,,,,,,,,,,,,,,,,,,,
6268,300,6338,6350,6266;6271,2,0,0,0,0,0,0,0,0,0,0,0,0,0,0,2,2,2,2,2,2,2,2,2,2,1,1,1,1,2,2,2,2,2,2,2,2,2,2,1,1,0,0,0,0,0,0,0,0,,,,,,,,,,,,,,,,,,,,,,,,,,,,,,,,,,,,,,,,,,,,,,,,
6269,1600,6316,6310,,0,0,0,0,0,0,0,0,0,0,0,0,0,1,1,6,6,6,6,6,6,6,6,6,6,5,5,6,6,5,5,6,6,6,6,6,6,5,5,1,1,1,1,1,1,0,0,0,0,,,,,,,,,,,,,,,,,,,,,,,,,,,,,,,,,,,,,,,,,,,,,,,,
6270,4400,6261,6292,603,1,54,54,54,54,38,38,41,41,48,48,53,53,149,149,1126,1126,1279,1279,1185,1185,1176,1176,1064,1064,1030,1030,978,978,1073,1073,1075,1075,1072,1072,1157,1157,1124,1124,530,530,326,326,208,208,152,152,86,86,,,,,,,,,,,,,,,,,,,,,,,,,,,,,,,,,,,,,,,,,,,,,,,,
6271,2500,6324,6268,,0,54,54,54,54,38,38,41,41,48,48,53,53,149,149,1126,1126,1279,1279,1185,1185,1176,1176,1064,1064,1030,1030,978,978,1073,1073,1075,1075,1072,1072,1157,1157,1124,1124,530,530,326,326,208,208,152,152,86,86,,,,,,,,,,,,,,,,,,,,,,,,,,,,,,,,,,,,,,,,,,,,,,,,
6272,1600,6315,6274,6264;6278,2,0,0,0,0,0,0,0,0,0,0,0,0,1,1,6,6,7,7,7,7,7,7,6,6,6,6,6,6,6,6,6,6,6,6,7,7,6,6,2,2,1,1,1,1,1,1,0,0,,,,,,,,,,,,,,,,,,,,,,,,,,,,,,,,,,,,,,,,,,,,,,,,
6273,300,6351,6326,,0,0,0,0,0,0,0,0,0,0,0,0,0,0,0,2,2,2,2,2,2,2,2,2,2,2,2,2,2,2,2,2,2,2,2,2,2,2,2,1,1,1,1,0,0,0,0,0,0,,,,,,,,,,,,,,,,,,,,,,,,,,,,,,,,,,,,,,,,,,,,,,,,
6274,1200,6277,6272,,0,0,0,0,0,0,0,0,0,0,0,0,0,0,0,3,3,4,4,4,4,4,4,3,3,3,3,3,3,3,3,3,3,3,3,3,3,3,3,1,1,1,1,0,0,0,0,0,0,,,,,,,,,,,,,,,,,,,,,,,,,,,,,,,,,,,,,,,,,,,,,,,,
6275,4400,6265,6277,,0,34,34,35,35,24,24,26,26,31,31,34,34,93,93,1024,1024,1168,1168,1154,1154,1117,1117,1034,1034,948,948,1003,1003,958,958,1015,1015,1030,1030,1075,1075,972,972,262,262,168,168,114,114,82,82,42,42,,,,,,,,,,,,,,,,,,,,,,,,,,,,,,,,,,,,,,,,,,,,,,,,
6276,4400,10397,6265,,0,67,67,70,70,49,49,53,53,62,62,67,67,186,186,910,910,1134,1134,1023,1023,977,977,900,900,812,812,861,861,864,864,851,851,886,886,939,939,854,854,524,524,336,336,227,227,165,165,84,84,,,,,,,,,,,,,,,,,,,,,,,,,,,,,,,,,,,,,,,,,,,,,,,,
6277,800,6274,6282,6275;6285,2,0,0,0,0,0,0,0,0,0,0,0,0,1,1,11,11,13,13,13,13,13,13,12,12,11,11,11,11,11,11,11,11,12,12,12,12,11,11,3,3,2,2,1,1,1,1,0,0,,,,,,,,,,,,,,,,,,,,,,,,,,,,,,,,,,,,,,,,,,,,,,,,
6278,1200,6272,6280,,0,0,0,0,0,0,0,0,0,0,0,0,0,0,0,4,4,5,5,5,5,4,4,4,4,4,4,4,4,4,4,4,4,4,4,4,4,4,4,1,1,1,1,0,0,0,0,0,0,,,,,,,,,,,,,,,,,,,,,,,,,,,,,,,,,,,,,,,,,,,,,,,,
6279,1600,6312,6280,,0,0,0,0,0,0,0,0,0,0,0,0,0,0,0,4,4,5,5,5,5,5,5,4,4,4,4,4,4,4,4,4,4,4,4,4,4,4,4,1,1,1,1,0,0,0,0,0,0,,,,,,,,,,,,,,,,,,,,,,,,,,,,,,,,,,,,,,,,,,,,,,,,
6280,1600,6279,6284,6278;6286,2,0,0,0,0,0,0,0,0,0,0,0,0,1,1,9,9,10,10,10,10,10,10,9,9,8,8,9,9,8,8,9,9,9,9,9,9,9,9,2,2,1,1,1,1,1,1,0,0,,,,,,,,,,,,,,,,,,,,,,,,,,,,,,,,,,,,,,,,,,,,,,,,
6281,300,6351,6353,,0,0,0,0,0,0,0,0,0,0,0,0,0,0,0,1,1,1,1,1,1,1,1,1,1,1,1,1,1,1,1,1,1,1,1,1,1,1,1,0,0,0,0,0,0,0,0,0,0,,,,,,,,,,,,,,,,,,,,,,,,,,,,,,,,,,,,,,,,,,,,,,,,
6282,1200,6277,10315,,0,0,0,0,0,0,0,0,0,0,0,0,0,1,1,7,7,9,9,8,8,7,7,7,7,6,6,6,6,7,7,7,7,7,7,7,7,7,7,4,4,2,2,2,2,1,1,1,1,,,,,,,,,,,,,,,,,,,,,,,,,,,,,,,,,,,,,,,,,,,,,,,,
6283,800,6353,6328,,0,0,0,0,0,0,0,0,0,0,0,0,0,0,0,2,2,2,2,2,2,2,2,1,1,1,1,1,1,1,1,1,1,1,1,2,2,2,2,1,1,0,0,0,0,0,0,0,0,,,,,,,,,,,,,,,,,,,,,,,,,,,,,,,,,,,,,,,,,,,,,,,,
6284,1200,11307,6280,,0,0,0,0,0,0,0,0,0,0,0,0,0,0,0,4,4,4,4,4,4,4,4,4,4,3,3,4,4,3,3,4,4,4,4,4,4,3,3,1,1,1,1,0,0,0,0,0,0,,,,,,,,,,,,,,,,,,,,,,,,,,,,,,,,,,,,,,,,,,,,,,,,
6285,4400,11307,6277,,0,34,34,35,35,24,24,26,26,31,31,34,34,93,93,1024,1024,1168,1168,1154,1154,1117,1117,1034,1034,948,948,1003,1003,958,958,1015,1015,1030,1030,1075,1075,972,972,262,262,168,168,114,114,82,82,42,42,,,,,,,,,,,,,,,,,,,,,,,,,,,,,,,,,,,,,,,,,,,,,,,,
6286,1500,11310,6280,,0,0,0,0,0,0,0,0,0,0,0,0,0,0,0,1138,1138,1201,1201,1284,1284,1257,1257,1168,1168,1084,1084,1145,1145,1051,1051,1179,1179,1173,1173,1211,1211,1091,1091,0,0,0,0,0,0,0,0,0,0,,,,,,,,,,,,,,,,,,,,,,,,,,,,,,,,,,,,,,,,,,,,,,,,
6287,400,6253,6372,,0,0,0,0,0,0,0,0,0,0,0,0,0,0,0,2,2,2,2,2,2,2,2,2,2,2,2,2,2,2,2,2,2,2,2,2,2,2,2,1,1,0,0,0,0,0,0,0,0,,,,,,,,,,,,,,,,,,,,,,,,,,,,,,,,,,,,,,,,,,,,,,,,
6288,800,11325,6262,11309,1,0,0,0,0,0,0,0,0,0,0,0,0,0,0,894,894,944,944,1009,1009,988,988,917,917,851,851,900,900,826,826,926,926,922,922,952,952,857,857,0,0,0,0,0,0,0,0,0,0,,,,,,,,,,,,,,,,,,,,,,,,,,,,,,,,,,,,,,,,,,,,,,,,
6289,1200,11668,6355,,0,0,0,0,0,0,0,0,0,0,0,0,0,0,0,4,4,4,4,4,4,4,4,4,4,4,4,3,3,4,4,4,4,4,4,4,4,4,4,2,2,1,1,1,1,0,0,0,0,,,,,,,,,,,,,,,,,,,,,,,,,,,,,,,,,,,,,,,,,,,,,,,,
6290,4400,6308,6306,,0,34,34,35,35,24,24,26,26,31,31,34,34,93,93,1024,1024,1168,1168,1154,1154,1117,1117,1034,1034,948,948,1003,1003,958,958,1015,1015,1030,1030,1075,1075,972,972,262,262,168,168,114,114,82,82,42,42,,,,,,,,,,,,,,,,,,,,,,,,,,,,,,,,,,,,,,,,,,,,,,,,
6291,3500,6116,6155,6294;6119;6138,3,42,42,39,39,28,28,29,29,34,34,39,39,112,112,1343,1343,1424,1424,1347,1347,1375,1375,1229,1229,1247,1247,1096,1096,1282,1282,1299,1299,1257,1257,1375,1375,1394,1394,536,536,316,316,190,190,140,140,87,87,,,,,,,,,,,,,,,,,,,,,,,,,,,,,,,,,,,,,,,,,,,,,,,,
6292,3300,6245,11513,6322;6270;603;604;11512,5,54,54,54,54,38,38,41,41,48,48,53,53,149,149,1126,1126,1279,1279,1185,1185,1176,1176,1064,1064,1030,1030,978,978,1073,1073,1075,1075,1072,1072,1157,1157,1124,1124,530,530,326,326,208,208,152,152,86,86,,,,,,,,,,,,,,,,,,,,,,,,,,,,,,,,,,,,,,,,,,,,,,,,
6293,4400,,6138,6516;6116,2,67,67,70,70,49,49,53,53,62,62,67,67,186,186,910,910,1134,1134,1023,1023,977,977,900,900,812,812,861,861,864,864,851,851,886,886,939,939,854,854,524,524,336,336,227,227,165,165,84,84,,,,,,,,,,,,,,,,,,,,,,,,,,,,,,,,,,,,,,,,,,,,,,,,
6294,4400,6296,6515,6514;6116;6119;6291;6138,5,67,67,70,70,49,49,53,53,62,62,67,67,186,186,910,910,1134,1134,1023,1023,977,977,900,900,812,812,861,861,864,864,851,851,886,886,939,939,854,854,524,524,336,336,227,227,165,165,84,84,,,,,,,,,,,,,,,,,,,,,,,,,,,,,,,,,,,,,,,,,,,,,,,,
6295,1650,,6296,,0,48,48,47,47,33,33,35,35,41,41,46,46,130,130,1235,1235,1352,1352,1266,1266,1276,1276,1147,1147,1138,1138,1037,1037,1178,1178,1187,1187,1164,1164,1266,1266,1259,1259,533,533,321,321,199,199,146,146,86,86,,,,,,,,,,,,,,,,,,,,,,,,,,,,,,,,,,,,,,,,,,,,,,,,
6296,2200,,6294,6295,1,48,48,47,47,33,33,35,35,41,41,46,46,130,130,1235,1235,1352,1352,1266,1266,1276,1276,1147,1147,1138,1138,1037,1037,1178,1178,1187,1187,1164,1164,1266,1266,1259,1259,533,533,321,321,199,199,146,146,86,86,,,,,,,,,,,,,,,,,,,,,,,,,,,,,,,,,,,,,,,,,,,,,,,,
6297,1600,,,,0,0,0,0,0,0,0,0,0,0,0,0,0,0,0,0,0,0,0,0,0,0,0,0,0,0,0,0,0,0,0,0,0,0,0,0,0,0,0,0,0,0,0,0,0,0,0,0,0,,,,,,,,,,,,,,,,,,,,,,,,,,,,,,,,,,,,,,,,,,,,,,,,
6298,1200,11599,6307,6299,1,0,0,0,0,0,0,0,0,0,0,0,0,1,1,13,13,15,15,14,14,14,14,13,13,12,12,13,13,12,12,13,13,13,13,13,13,12,12,3,3,2,2,1,1,1,1,1,1,,,,,,,,,,,,,,,,,,,,,,,,,,,,,,,,,,,,,,,,,,,,,,,,
6299,2500,6298,6300,,0,34,34,35,35,24,24,26,26,31,31,34,34,93,93,1024,1024,1168,1168,1154,1154,1117,1117,1034,1034,948,948,1003,1003,958,958,1015,1015,1030,1030,1075,1075,972,972,262,262,168,168,114,114,82,82,42,42,,,,,,,,,,,,,,,,,,,,,,,,,,,,,,,,,,,,,,,,,,,,,,,,
63,4400,65,30,,0,27,27,28,28,20,20,21,21,25,25,27,27,74,74,1049,1049,1182,1182,1170,1170,1126,1126,1056,1056,970,970,1022,1022,982,982,1052,1052,1066,1066,1112,1112,1010,1010,210,210,134,134,91,91,66,66,34,34,,,,,,,,,,,,,,,,,,,,,,,,,,,,,,,,,,,,,,,,,,,,,,,,
6300,1600,11308,6299,11318,1,0,0,0,0,0,0,0,0,0,0,0,0,1,1,15,15,17,17,16,16,16,16,15,15,13,13,14,14,14,14,14,14,15,15,15,15,14,14,4,4,2,2,2,2,1,1,1,1,,,,,,,,,,,,,,,,,,,,,,,,,,,,,,,,,,,,,,,,,,,,,,,,
6301,3000,6265,6302,,0,34,34,35,35,24,24,26,26,31,31,34,34,93,93,1024,1024,1168,1168,1154,1154,1117,1117,1034,1034,948,948,1003,1003,958,958,1015,1015,1030,1030,1075,1075,972,972,262,262,168,168,114,114,82,82,42,42,,,,,,,,,,,,,,,,,,,,,,,,,,,,,,,,,,,,,,,,,,,,,,,,
6302,1200,10265,6301,6252,1,0,0,0,0,0,0,0,0,0,0,0,0,1,1,9,9,10,10,10,10,9,9,9,9,8,8,8,8,8,8,8,8,9,9,9,9,8,8,2,2,1,1,1,1,1,1,0,0,,,,,,,,,,,,,,,,,,,,,,,,,,,,,,,,,,,,,,,,,,,,,,,,
6303,4400,6265,6304,,0,34,34,35,35,24,24,26,26,31,31,34,34,93,93,1024,1024,1168,1168,1154,1154,1117,1117,1034,1034,948,948,1003,1003,958,958,1015,1015,1030,1030,1075,1075,972,972,262,262,168,168,114,114,82,82,42,42,,,,,,,,,,,,,,,,,,,,,,,,,,,,,,,,,,,,,,,,,,,,,,,,
6304,800,6247,6257,6303,1,0,0,0,0,0,0,0,0,0,0,0,0,1,1,12,12,14,14,14,14,13,13,12,12,11,11,12,12,12,12,12,12,12,12,13,13,12,12,3,3,2,2,1,1,1,1,1,1,,,,,,,,,,,,,,,,,,,,,,,,,,,,,,,,,,,,,,,,,,,,,,,,
6305,4000,6306,6248,,0,34,34,35,35,24,24,26,26,31,31,34,34,93,93,1024,1024,1168,1168,1154,1154,1117,1117,1034,1034,948,948,1003,1003,958,958,1015,1015,1030,1030,1075,1075,972,972,262,262,168,168,114,114,82,82,42,42,,,,,,,,,,,,,,,,,,,,,,,,,,,,,,,,,,,,,,,,,,,,,,,,
6306,3500,6305,6255,6290,1,34,34,35,35,24,24,26,26,31,31,34,34,93,93,1024,1024,1168,1168,1154,1154,1117,1117,1034,1034,948,948,1003,1003,958,958,1015,1015,1030,1030,1075,1075,972,972,262,262,168,168,114,114,82,82,42,42,,,,,,,,,,,,,,,,,,,,,,,,,,,,,,,,,,,,,,,,,,,,,,,,
6307,1200,6312,6298,,0,0,0,0,0,0,0,0,0,0,0,0,0,1,1,9,9,10,10,10,10,9,9,9,9,8,8,8,8,8,8,8,8,9,9,9,9,8,8,2,2,1,1,1,1,1,1,0,0,,,,,,,,,,,,,,,,,,,,,,,,,,,,,,,,,,,,,,,,,,,,,,,,
6308,1200,6250,6309,6290,1,0,0,0,0,0,0,0,0,0,0,0,0,1,1,9,9,10,10,10,10,9,9,9,9,8,8,8,8,8,8,8,8,9,9,9,9,8,8,2,2,1,1,1,1,1,1,0,0,,,,,,,,,,,,,,,,,,,,,,,,,,,,,,,,,,,,,,,,,,,,,,,,
6309,1600,6310,6308,,0,0,0,0,0,0,0,0,0,0,0,0,0,1,1,6,6,7,7,7,7,6,6,6,6,5,5,6,6,5,5,6,6,6,6,6,6,6,6,1,1,1,1,1,1,0,0,0,0,,,,,,,,,,,,,,,,,,,,,,,,,,,,,,,,,,,,,,,,,,,,,,,,
6310,1600,6309,6311,6269,1,0,0,0,0,0,0,0,0,0,0,0,0,0,0,4,4,4,4,4,4,4,4,4,4,4,4,4,4,4,4,4,4,4,4,4,4,4,4,1,1,1,1,0,0,0,0,0,0,,,,,,,,,,,,,,,,,,,,,,,,,,,,,,,,,,,,,,,,,,,,,,,,
6311,1200,6310,6312,,0,0,0,0,0,0,0,0,0,0,0,0,0,0,0,2,2,2,2,2,2,2,2,2,2,2,2,2,2,2,2,2,2,2,2,2,2,2,2,1,1,0,0,0,0,0,0,0,0,,,,,,,,,,,,,,,,,,,,,,,,,,,,,,,,,,,,,,,,,,,,,,,,
6312,1600,6307,6311,6279,1,0,0,0,0,0,0,0,0,0,0,0,0,0,0,4,4,5,5,5,5,5,5,4,4,4,4,4,4,4,4,4,4,4,4,4,4,4,4,1,1,1,1,0,0,0,0,0,0,,,,,,,,,,,,,,,,,,,,,,,,,,,,,,,,,,,,,,,,,,,,,,,,
6313,800,6316,6314,,0,0,0,0,0,0,0,0,0,0,0,0,0,1,1,15,15,17,17,16,16,16,16,15,15,13,13,14,14,14,14,14,14,15,15,15,15,14,14,4,4,2,2,2,2,1,1,1,1,,,,,,,,,,,,,,,,,,,,,,,,,,,,,,,,,,,,,,,,,,,,,,,,
6314,1000,6255,6313,6250,1,34,34,35,35,24,24,26,26,31,31,34,34,93,93,1024,1024,1168,1168,1154,1154,1117,1117,1034,1034,948,948,1003,1003,958,958,1015,1015,1030,1030,1075,1075,972,972,262,262,168,168,114,114,82,82,42,42,,,,,,,,,,,,,,,,,,,,,,,,,,,,,,,,,,,,,,,,,,,,,,,,
6315,1200,6316,6272,,0,0,0,0,0,0,0,0,0,0,0,0,0,1,1,8,8,9,9,9,9,9,9,8,8,7,7,8,8,8,8,8,8,8,8,8,8,8,8,2,2,1,1,1,1,1,1,0,0,,,,,,,,,,,,,,,,,,,,,,,,,,,,,,,,,,,,,,,,,,,,,,,,
6316,1200,6269,6315,6313,1,0,0,0,0,0,0,0,0,0,0,0,0,1,1,10,10,12,12,12,12,11,11,10,10,9,9,10,10,10,10,10,10,10,10,11,11,10,10,3,3,2,2,1,1,1,1,0,0,,,,,,,,,,,,,,,,,,,,,,,,,,,,,,,,,,,,,,,,,,,,,,,,
6317,1500,6248,6318,,0,34,34,35,35,24,24,26,26,31,31,34,34,93,93,1024,1024,1168,1168,1154,1154,1117,1117,1034,1034,948,948,1003,1003,958,958,1015,1015,1030,1030,1075,1075,972,972,262,262,168,168,114,114,82,82,42,42,,,,,,,,,,,,,,,,,,,,,,,,,,,,,,,,,,,,,,,,,,,,,,,,
6318,1200,6317,6264,6258,1,0,0,0,0,0,0,0,0,0,0,0,0,1,1,15,15,17,17,16,16,16,16,15,15,14,14,14,14,14,14,14,14,15,15,15,15,14,14,4,4,2,2,2,2,1,1,1,1,,,,,,,,,,,,,,,,,,,,,,,,,,,,,,,,,,,,,,,,,,,,,,,,
6319,4400,605,,6261,1,54,54,54,54,38,38,41,41,48,48,53,53,149,149,1126,1126,1279,1279,1185,1185,1176,1176,1064,1064,1030,1030,978,978,1073,1073,1075,1075,1072,1072,1157,1157,1124,1124,530,530,326,326,208,208,152,152,86,86,,,,,,,,,,,,,,,,,,,,,,,,,,,,,,,,,,,,,,,,,,,,,,,,
6320,1600,6239,6387,,0,0,0,0,0,0,0,0,0,0,0,0,0,0,0,2,2,2,2,2,2,2,2,2,2,1,1,1,1,2,2,2,2,2,2,2,2,2,2,1,1,0,0,0,0,0,0,0,0,,,,,,,,,,,,,,,,,,,,,,,,,,,,,,,,,,,,,,,,,,,,,,,,
6321,3000,6329,6322,6330;6238,2,54,54,54,54,38,38,41,41,48,48,53,53,149,149,1126,1126,1279,1279,1185,1185,1176,1176,1064,1064,1030,1030,978,978,1073,1073,1075,1075,1072,1072,1157,1157,1124,1124,530,530,326,326,208,208,152,152,86,86,,,,,,,,,,,,,,,,,,,,,,,,,,,,,,,,,,,,,,,,,,,,,,,,
6322,3500,6323,6321,6292,1,54,54,54,54,38,38,41,41,48,48,53,53,149,149,1126,1126,1279,1279,1185,1185,1176,1176,1064,1064,1030,1030,978,978,1073,1073,1075,1075,1072,1072,1157,1157,1124,1124,530,530,326,326,208,208,152,152,86,86,,,,,,,,,,,,,,,,,,,,,,,,,,,,,,,,,,,,,,,,,,,,,,,,
6323,3000,6324,6322,,0,54,54,54,54,38,38,41,41,48,48,53,53,149,149,1126,1126,1279,1279,1185,1185,1176,1176,1064,1064,1030,1030,978,978,1073,1073,1075,1075,1072,1072,1157,1157,1124,1124,530,530,326,326,208,208,152,152,86,86,,,,,,,,,,,,,,,,,,,,,,,,,,,,,,,,,,,,,,,,,,,,,,,,
6324,3500,6271,6323,6325,1,54,54,54,54,38,38,41,41,48,48,53,53,149,149,1126,1126,1279,1279,1185,1185,1176,1176,1064,1064,1030,1030,978,978,1073,1073,1075,1075,1072,1072,1157,1157,1124,1124,530,530,326,326,208,208,152,152,86,86,,,,,,,,,,,,,,,,,,,,,,,,,,,,,,,,,,,,,,,,,,,,,,,,
6325,3500,6324,6326,,0,42,42,39,39,28,28,29,29,34,34,39,39,112,112,1343,1343,1424,1424,1347,1347,1375,1375,1229,1229,1247,1247,1096,1096,1282,1282,1299,1299,1257,1257,1375,1375,1394,1394,536,536,316,316,190,190,140,140,87,87,,,,,,,,,,,,,,,,,,,,,,,,,,,,,,,,,,,,,,,,,,,,,,,,
6326,300,6273,,6325;6327,2,0,0,0,0,0,0,0,0,0,0,0,0,0,0,3,3,4,4,4,4,4,4,3,3,3,3,3,3,3,3,3,3,3,3,4,4,3,3,1,1,1,1,1,1,0,0,0,0,,,,,,,,,,,,,,,,,,,,,,,,,,,,,,,,,,,,,,,,,,,,,,,,
6327,3000,6328,6326,,0,54,54,54,54,38,38,41,41,48,48,53,53,149,149,1126,1126,1279,1279,1185,1185,1176,1176,1064,1064,1030,1030,978,978,1073,1073,1075,1075,1072,1072,1157,1157,1124,1124,530,530,326,326,208,208,152,152,86,86,,,,,,,,,,,,,,,,,,,,,,,,,,,,,,,,,,,,,,,,,,,,,,,,
6328,800,11315,6283,6327,1,0,0,0,0,0,0,0,0,0,0,0,0,0,0,3,3,4,4,4,4,4,4,3,3,3,3,3,3,3,3,3,3,3,3,4,4,3,3,1,1,1,1,1,1,0,0,0,0,,,,,,,,,,,,,,,,,,,,,,,,,,,,,,,,,,,,,,,,,,,,,,,,
6329,1500,6245,6321,,0,54,54,54,54,38,38,41,41,48,48,53,53,149,149,1126,1126,1279,1279,1185,1185,1176,1176,1064,1064,1030,1030,978,978,1073,1073,1075,1075,1072,1072,1157,1157,1124,1124,530,530,326,326,208,208,152,152,86,86,,,,,,,,,,,,,,,,,,,,,,,,,,,,,,,,,,,,,,,,,,,,,,,,
6330,1200,6331,6321,,0,0,0,0,0,0,0,0,0,0,0,0,0,0,0,2,2,2,2,2,2,2,2,2,2,2,2,2,2,2,2,2,2,2,2,2,2,2,2,1,1,0,0,0,0,0,0,0,0,,,,,,,,,,,,,,,,,,,,,,,,,,,,,,,,,,,,,,,,,,,,,,,,
6331,800,6330,6259,6332,1,0,0,0,0,0,0,0,0,0,0,0,0,0,0,1,1,1,1,1,1,1,1,1,1,1,1,1,1,1,1,1,1,1,1,1,1,1,1,0,0,0,0,0,0,0,0,0,0,,,,,,,,,,,,,,,,,,,,,,,,,,,,,,,,,,,,,,,,,,,,,,,,
6332,800,6333,6331,,0,0,0,0,0,0,0,0,0,0,0,0,0,0,0,1,1,1,1,1,1,1,1,1,1,1,1,1,1,1,1,1,1,1,1,1,1,1,1,0,0,0,0,0,0,0,0,0,0,,,,,,,,,,,,,,,,,,,,,,,,,,,,,,,,,,,,,,,,,,,,,,,,
6333,800,6334,6332,6342,1,0,0,0,0,0,0,0,0,0,0,0,0,0,0,1,1,1,1,1,1,1,1,1,1,1,1,1,1,1,1,1,1,1,1,1,1,1,1,0,0,0,0,0,0,0,0,0,0,,,,,,,,,,,,,,,,,,,,,,,,,,,,,,,,,,,,,,,,,,,,,,,,
6334,800,6333,6335,,0,0,0,0,0,0,0,0,0,0,0,0,0,0,0,1,1,1,1,1,1,1,1,1,1,1,1,1,1,1,1,1,1,1,1,1,1,1,1,0,0,0,0,0,0,0,0,0,0,,,,,,,,,,,,,,,,,,,,,,,,,,,,,,,,,,,,,,,,,,,,,,,,
6335,300,6243,6334,6336,1,0,0,0,0,0,0,0,0,0,0,0,0,0,0,1,1,1,1,1,1,1,1,1,1,1,1,1,1,1,1,1,1,1,1,1,1,1,1,0,0,0,0,0,0,0,0,0,0,,,,,,,,,,,,,,,,,,,,,,,,,,,,,,,,,,,,,,,,,,,,,,,,
6336,800,6337,6335,,0,0,0,0,0,0,0,0,0,0,0,0,0,0,0,1,1,1,1,1,1,1,1,1,1,1,1,1,1,1,1,1,1,1,1,1,1,1,1,0,0,0,0,0,0,0,0,0,0,,,,,,,,,,,,,,,,,,,,,,,,,,,,,,,,,,,,,,,,,,,,,,,,
6337,800,6336,6242,6234;6237,2,0,0,0,0,0,0,0,0,0,0,0,0,0,0,1,1,1,1,1,1,1,1,1,1,1,1,1,1,1,1,1,1,1,1,1,1,1,1,0,0,0,0,0,0,0,0,0,0,,,,,,,,,,,,,,,,,,,,,,,,,,,,,,,,,,,,,,,,,,,,,,,,
6338,300,6339,6268,,0,0,0,0,0,0,0,0,0,0,0,0,0,0,0,1,1,1,1,1,1,1,1,1,1,1,1,1,1,1,1,1,1,1,1,1,1,1,1,1,1,0,0,0,0,0,0,0,0,,,,,,,,,,,,,,,,,,,,,,,,,,,,,,,,,,,,,,,,,,,,,,,,
6339,300,6244,,6340;6338,2,0,0,0,0,0,0,0,0,0,0,0,0,0,0,1,1,1,1,1,1,1,1,1,1,1,1,1,1,1,1,1,1,1,1,1,1,1,1,0,0,0,0,0,0,0,0,0,0,,,,,,,,,,,,,,,,,,,,,,,,,,,,,,,,,,,,,,,,,,,,,,,,
6340,300,6339,6341,,0,0,0,0,0,0,0,0,0,0,0,0,0,0,0,1,1,1,1,1,1,1,1,1,1,1,1,1,1,1,1,1,1,1,1,1,1,1,1,0,0,0,0,0,0,0,0,0,0,,,,,,,,,,,,,,,,,,,,,,,,,,,,,,,,,,,,,,,,,,,,,,,,
6341,300,6240,6259,6340,1,0,0,0,0,0,0,0,0,0,0,0,0,0,0,1,1,1,1,1,1,1,1,1,1,1,1,1,1,1,1,1,1,1,1,1,1,1,1,0,0,0,0,0,0,0,0,0,0,,,,,,,,,,,,,,,,,,,,,,,,,,,,,,,,,,,,,,,,,,,,,,,,
6342,800,6333,6343,,0,0,0,0,0,0,0,0,0,0,0,0,0,0,0,1,1,1,1,1,1,1,1,1,1,1,1,1,1,1,1,1,1,1,1,1,1,1,1,0,0,0,0,0,0,0,0,0,0,,,,,,,,,,,,,,,,,,,,,,,,,,,,,,,,,,,,,,,,,,,,,,,,
6343,300,6235,6342,6231,1,0,0,0,0,0,0,0,0,0,0,0,0,0,0,2,2,2,2,2,2,2,2,2,2,2,2,2,2,2,2,2,2,2,2,2,2,2,2,1,1,1,1,0,0,0,0,0,0,,,,,,,,,,,,,,,,,,,,,,,,,,,,,,,,,,,,,,,,,,,,,,,,
6344,1000,6365,6345,,0,54,54,54,54,38,38,41,41,48,48,53,53,149,149,1126,1126,1279,1279,1185,1185,1176,1176,1064,1064,1030,1030,978,978,1073,1073,1075,1075,1072,1072,1157,1157,1124,1124,530,530,326,326,208,208,152,152,86,86,,,,,,,,,,,,,,,,,,,,,,,,,,,,,,,,,,,,,,,,,,,,,,,,
6345,500,6344,6235,6226,1,54,54,54,54,38,38,41,41,48,48,53,53,149,149,1126,1126,1279,1279,1185,1185,1176,1176,1064,1064,1030,1030,978,978,1073,1073,1075,1075,1072,1072,1157,1157,1124,1124,530,530,326,326,208,208,152,152,86,86,,,,,,,,,,,,,,,,,,,,,,,,,,,,,,,,,,,,,,,,,,,,,,,,
6346,1200,6347,6363,,0,0,0,0,0,0,0,0,0,0,0,0,0,0,0,3,3,3,3,3,3,3,3,3,3,3,3,3,3,3,3,3,3,3,3,3,3,3,3,1,1,1,1,0,0,0,0,0,0,,,,,,,,,,,,,,,,,,,,,,,,,,,,,,,,,,,,,,,,,,,,,,,,
6347,400,6346,6231,6234,1,0,0,0,0,0,0,0,0,0,0,0,0,0,0,3,3,3,3,3,3,3,3,3,3,3,3,3,3,3,3,3,3,3,3,3,3,3,3,1,1,1,1,1,1,0,0,0,0,,,,,,,,,,,,,,,,,,,,,,,,,,,,,,,,,,,,,,,,,,,,,,,,
6348,300,6349,6359,,0,0,0,0,0,0,0,0,0,0,0,0,0,0,0,1,1,1,1,1,1,1,1,1,1,1,1,1,1,1,1,1,1,1,1,1,1,1,1,1,1,0,0,0,0,0,0,0,0,,,,,,,,,,,,,,,,,,,,,,,,,,,,,,,,,,,,,,,,,,,,,,,,
6349,300,6348,6244,6242,1,0,0,0,0,0,0,0,0,0,0,0,0,0,0,1,1,1,1,1,1,1,1,1,1,1,1,1,1,1,1,1,1,1,1,1,1,1,1,0,0,0,0,0,0,0,0,0,0,,,,,,,,,,,,,,,,,,,,,,,,,,,,,,,,,,,,,,,,,,,,,,,,
6350,300,6268,6351,,0,0,0,0,0,0,0,0,0,0,0,0,0,0,0,1,1,2,2,1,1,1,1,1,1,1,1,1,1,1,1,1,1,1,1,1,1,1,1,1,1,0,0,0,0,0,0,0,0,,,,,,,,,,,,,,,,,,,,,,,,,,,,,,,,,,,,,,,,,,,,,,,,
6351,300,6273,6281,6350,1,0,0,0,0,0,0,0,0,0,0,0,0,0,0,1,1,1,1,1,1,1,1,1,1,1,1,1,1,1,1,1,1,1,1,1,1,1,1,1,1,0,0,0,0,0,0,0,0,,,,,,,,,,,,,,,,,,,,,,,,,,,,,,,,,,,,,,,,,,,,,,,,
6352,600,6355,6353,,0,0,0,0,0,0,0,0,0,0,0,0,0,0,0,2,2,2,2,2,2,2,2,1,1,1,1,1,1,1,1,1,1,1,1,2,2,2,2,1,1,0,0,0,0,0,0,0,0,,,,,,,,,,,,,,,,,,,,,,,,,,,,,,,,,,,,,,,,,,,,,,,,
6353,300,6281,6352,6283,1,0,0,0,0,0,0,0,0,0,0,0,0,0,0,1,1,1,1,1,1,1,1,1,1,1,1,1,1,1,1,1,1,1,1,1,1,1,1,0,0,0,0,0,0,0,0,0,0,,,,,,,,,,,,,,,,,,,,,,,,,,,,,,,,,,,,,,,,,,,,,,,,
6354,1200,6267,6355,,0,0,0,0,0,0,0,0,0,0,0,0,0,0,0,1,1,2,2,1,1,1,1,1,1,1,1,1,1,1,1,1,1,1,1,1,1,1,1,1,1,0,0,0,0,0,0,0,0,,,,,,,,,,,,,,,,,,,,,,,,,,,,,,,,,,,,,,,,,,,,,,,,
6355,600,6289,6352,6354,1,0,0,0,0,0,0,0,0,0,0,0,0,0,0,2,2,3,3,3,3,3,3,2,2,2,2,2,2,2,2,2,2,2,2,3,3,2,2,1,1,1,1,0,0,0,0,0,0,,,,,,,,,,,,,,,,,,,,,,,,,,,,,,,,,,,,,,,,,,,,,,,,
6356,300,6244,6357,,0,0,0,0,0,0,0,0,0,0,0,0,0,0,0,0,0,0,0,0,0,0,0,0,0,0,0,0,0,0,0,0,0,0,0,0,0,0,0,0,0,0,0,0,0,0,0,0,0,,,,,,,,,,,,,,,,,,,,,,,,,,,,,,,,,,,,,,,,,,,,,,,,
6357,600,6243,6356,6240,1,0,0,0,0,0,0,0,0,0,0,0,0,0,0,0,0,0,0,0,0,0,0,0,0,0,0,0,0,0,0,0,0,0,0,0,0,0,0,0,0,0,0,0,0,0,0,0,0,,,,,,,,,,,,,,,,,,,,,,,,,,,,,,,,,,,,,,,,,,,,,,,,
6358,800,6262,6359,,0,33,33,31,31,22,22,23,23,26,26,31,31,88,88,1055,1055,1119,1119,1058,1058,1080,1080,966,966,980,980,861,861,1008,1008,1021,1021,988,988,1080,1080,1096,1096,421,421,249,249,150,150,110,110,68,68,,,,,,,,,,,,,,,,,,,,,,,,,,,,,,,,,,,,,,,,,,,,,,,,
6359,300,6358,6348,6360,1,0,0,0,0,0,0,0,0,0,0,0,0,0,0,2,2,2,2,2,2,2,2,1,1,1,1,1,1,1,1,1,1,1,1,2,2,2,2,1,1,0,0,0,0,0,0,0,0,,,,,,,,,,,,,,,,,,,,,,,,,,,,,,,,,,,,,,,,,,,,,,,,
6360,800,6359,6361,,0,0,0,0,0,0,0,0,0,0,0,0,0,0,0,1,1,1,1,1,1,1,1,1,1,1,1,1,1,1,1,1,1,1,1,1,1,1,1,0,0,0,0,0,0,0,0,0,0,,,,,,,,,,,,,,,,,,,,,,,,,,,,,,,,,,,,,,,,,,,,,,,,
6361,1200,6360,6362,6237,1,0,0,0,0,0,0,0,0,0,0,0,0,0,0,1,1,1,1,1,1,1,1,1,1,1,1,1,1,1,1,1,1,1,1,1,1,1,1,0,0,0,0,0,0,0,0,0,0,,,,,,,,,,,,,,,,,,,,,,,,,,,,,,,,,,,,,,,,,,,,,,,,
6362,800,6363,6361,,0,0,0,0,0,0,0,0,0,0,0,0,0,0,0,1,1,2,2,1,1,1,1,1,1,1,1,1,1,1,1,1,1,1,1,1,1,1,1,1,1,0,0,0,0,0,0,0,0,,,,,,,,,,,,,,,,,,,,,,,,,,,,,,,,,,,,,,,,,,,,,,,,
6363,1200,6362,6364,6346,1,53,53,55,55,38,38,42,42,48,48,53,53,146,146,715,715,891,891,804,804,768,768,707,707,638,638,676,676,679,679,669,669,696,696,738,738,671,671,411,411,264,264,178,178,130,130,66,66,,,,,,,,,,,,,,,,,,,,,,,,,,,,,,,,,,,,,,,,,,,,,,,,
6364,800,6363,6365,,0,53,53,55,55,38,38,42,42,48,48,53,53,146,146,715,715,891,891,804,804,768,768,707,707,638,638,676,676,679,679,669,669,696,696,738,738,671,671,411,411,264,264,178,178,130,130,66,66,,,,,,,,,,,,,,,,,,,,,,,,,,,,,,,,,,,,,,,,,,,,,,,,
6365,300,,6344,6366;6364,2,0,0,0,0,0,0,0,0,0,0,0,0,0,0,3,3,3,3,3,3,3,3,2,2,2,2,2,2,2,2,2,2,2,2,3,3,3,3,1,1,1,1,0,0,0,0,0,0,,,,,,,,,,,,,,,,,,,,,,,,,,,,,,,,,,,,,,,,,,,,,,,,
6366,800,6365,6367,,0,0,0,0,0,0,0,0,0,0,0,0,0,0,0,2,2,2,2,2,2,2,2,2,2,2,2,2,2,2,2,2,2,2,2,2,2,2,2,1,1,1,1,0,0,0,0,0,0,,,,,,,,,,,,,,,,,,,,,,,,,,,,,,,,,,,,,,,,,,,,,,,,
6367,800,6366,6368,6216,1,0,0,0,0,0,0,0,0,0,0,0,0,0,0,1,1,1,1,1,1,1,1,1,1,1,1,1,1,1,1,1,1,1,1,1,1,1,1,0,0,0,0,0,0,0,0,0,0,,,,,,,,,,,,,,,,,,,,,,,,,,,,,,,,,,,,,,,,,,,,,,,,
6368,800,,6369,6367,1,0,0,0,0,0,0,0,0,0,0,0,0,0,0,1,1,1,1,1,1,1,1,1,1,1,1,1,1,1,1,1,1,1,1,1,1,1,1,0,0,0,0,0,0,0,0,0,0,,,,,,,,,,,,,,,,,,,,,,,,,,,,,,,,,,,,,,,,,,,,,,,,
6369,1200,6487,6211,6368,1,0,0,0,0,0,0,0,0,0,0,0,0,0,0,1,1,1,1,1,1,1,1,1,1,1,1,1,1,1,1,1,1,1,1,1,1,1,1,0,0,0,0,0,0,0,0,0,0,,,,,,,,,,,,,,,,,,,,,,,,,,,,,,,,,,,,,,,,,,,,,,,,
6370,300,,16284,6371;11669,2,0,0,0,0,0,0,0,0,0,0,0,0,0,0,3,3,3,3,3,3,3,3,3,3,3,3,3,3,3,3,3,3,3,3,3,3,3,3,1,1,1,1,1,1,0,0,0,0,,,,,,,,,,,,,,,,,,,,,,,,,,,,,,,,,,,,,,,,,,,,,,,,
6371,300,6372,6370,,0,0,0,0,0,0,0,0,0,0,0,0,0,0,0,3,3,3,3,3,3,3,3,2,2,2,2,2,2,2,2,3,3,3,3,3,3,3,3,1,1,1,1,0,0,0,0,0,0,,,,,,,,,,,,,,,,,,,,,,,,,,,,,,,,,,,,,,,,,,,,,,,,
6372,300,,16283,6287;6371,2,0,0,0,0,0,0,0,0,0,0,0,0,0,0,3,3,3,3,3,3,3,3,3,3,2,2,2,2,3,3,3,3,3,3,3,3,3,3,1,1,1,1,0,0,0,0,0,0,,,,,,,,,,,,,,,,,,,,,,,,,,,,,,,,,,,,,,,,,,,,,,,,
6373,1200,6374,,6253,1,0,0,0,0,0,0,0,0,0,0,0,0,0,0,3,3,4,4,4,4,4,4,3,3,3,3,3,3,3,3,3,3,3,3,4,4,3,3,1,1,1,1,1,1,0,0,0,0,,,,,,,,,,,,,,,,,,,,,,,,,,,,,,,,,,,,,,,,,,,,,,,,
6374,2000,6260,6373,6249,1,54,54,54,54,38,38,41,41,48,48,53,53,149,149,1126,1126,1279,1279,1185,1185,1176,1176,1064,1064,1030,1030,978,978,1073,1073,1075,1075,1072,1072,1157,1157,1124,1124,530,530,326,326,208,208,152,152,86,86,,,,,,,,,,,,,,,,,,,,,,,,,,,,,,,,,,,,,,,,,,,,,,,,
6375,800,6222,6380,,0,0,0,0,0,0,0,0,0,0,0,0,0,0,0,3,3,4,4,3,3,3,3,3,3,3,3,3,3,3,3,3,3,3,3,3,3,3,3,1,1,1,1,1,1,0,0,0,0,,,,,,,,,,,,,,,,,,,,,,,,,,,,,,,,,,,,,,,,,,,,,,,,
6376,1200,6377,6249,6429,1,0,0,0,0,0,0,0,0,0,0,0,0,0,0,2,2,2,2,2,2,2,2,2,2,2,2,2,2,2,2,2,2,2,2,2,2,2,2,1,1,0,0,0,0,0,0,0,0,,,,,,,,,,,,,,,,,,,,,,,,,,,,,,,,,,,,,,,,,,,,,,,,
6377,800,6376,6378,,0,0,0,0,0,0,0,0,0,0,0,0,0,0,0,2,2,2,2,2,2,2,2,2,2,2,2,2,2,2,2,2,2,2,2,2,2,2,2,1,1,0,0,0,0,0,0,0,0,,,,,,,,,,,,,,,,,,,,,,,,,,,,,,,,,,,,,,,,,,,,,,,,
6378,800,6379,6377,6232,1,0,0,0,0,0,0,0,0,0,0,0,0,0,0,2,2,2,2,2,2,2,2,2,2,2,2,2,2,2,2,2,2,2,2,2,2,2,2,1,1,1,1,0,0,0,0,0,0,,,,,,,,,,,,,,,,,,,,,,,,,,,,,,,,,,,,,,,,,,,,,,,,
6379,800,6378,6380,,0,0,0,0,0,0,0,0,0,0,0,0,0,0,0,2,2,2,2,2,2,2,2,2,2,2,2,2,2,2,2,2,2,2,2,2,2,2,2,1,1,1,1,0,0,0,0,0,0,,,,,,,,,,,,,,,,,,,,,,,,,,,,,,,,,,,,,,,,,,,,,,,,
6380,800,6375,6379,6227,1,0,0,0,0,0,0,0,0,0,0,0,0,0,0,2,2,3,3,3,3,3,3,2,2,2,2,2,2,2,2,2,2,2,2,3,3,2,2,1,1,1,1,0,0,0,0,0,0,,,,,,,,,,,,,,,,,,,,,,,,,,,,,,,,,,,,,,,,,,,,,,,,
6381,400,6382,6253,,0,0,0,0,0,0,0,0,0,0,0,0,0,0,0,3,3,3,3,3,3,3,3,3,3,3,3,3,3,3,3,3,3,3,3,3,3,3,3,1,1,1,1,0,0,0,0,0,0,,,,,,,,,,,,,,,,,,,,,,,,,,,,,,,,,,,,,,,,,,,,,,,,
6382,300,,6236,6246;6381,2,0,0,0,0,0,0,0,0,0,0,0,0,0,0,3,3,4,4,3,3,3,3,3,3,3,3,3,3,3,3,3,3,3,3,3,3,3,3,1,1,1,1,1,1,0,0,0,0,,,,,,,,,,,,,,,,,,,,,,,,,,,,,,,,,,,,,,,,,,,,,,,,
6383,300,6386,6384,,0,0,0,0,0,0,0,0,0,0,0,0,0,0,0,3,3,3,3,3,3,3,3,3,3,3,3,2,2,3,3,3,3,3,3,3,3,3,3,1,1,1,1,0,0,0,0,0,0,,,,,,,,,,,,,,,,,,,,,,,,,,,,,,,,,,,,,,,,,,,,,,,,
6384,400,,6229,6383;6246,2,0,0,0,0,0,0,0,0,0,0,0,0,0,0,3,3,4,4,3,3,3,3,3,3,3,3,3,3,3,3,3,3,3,3,3,3,3,3,1,1,1,1,1,1,0,0,0,0,,,,,,,,,,,,,,,,,,,,,,,,,,,,,,,,,,,,,,,,,,,,,,,,
6385,300,6221,6386,,0,0,0,0,0,0,0,0,0,0,0,0,0,0,0,3,3,3,3,3,3,3,3,3,3,3,3,3,3,3,3,3,3,3,3,3,3,3,3,1,1,1,1,1,1,0,0,0,0,,,,,,,,,,,,,,,,,,,,,,,,,,,,,,,,,,,,,,,,,,,,,,,,
6386,300,,6225,6385;6383,2,0,0,0,0,0,0,0,0,0,0,0,0,0,0,3,3,3,3,3,3,3,3,3,3,2,2,2,2,2,2,3,3,3,3,3,3,3,3,1,1,1,1,0,0,0,0,0,0,,,,,,,,,,,,,,,,,,,,,,,,,,,,,,,,,,,,,,,,,,,,,,,,
6387,4400,6320,6388,,0,54,54,54,54,38,38,41,41,48,48,53,53,149,149,1126,1126,1279,1279,1185,1185,1176,1176,1064,1064,1030,1030,978,978,1073,1073,1075,1075,1072,1072,1157,1157,1124,1124,530,530,326,326,208,208,152,152,86,86,,,,,,,,,,,,,,,,,,,,,,,,,,,,,,,,,,,,,,,,,,,,,,,,
6388,800,6389,6230,6387,1,0,0,0,0,0,0,0,0,0,0,0,0,0,0,2,2,3,3,3,3,3,3,2,2,2,2,2,2,2,2,2,2,2,2,2,2,2,2,1,1,1,1,0,0,0,0,0,0,,,,,,,,,,,,,,,,,,,,,,,,,,,,,,,,,,,,,,,,,,,,,,,,
6389,4000,6388,6390,,0,54,54,54,54,38,38,41,41,48,48,53,53,149,149,1126,1126,1279,1279,1185,1185,1176,1176,1064,1064,1030,1030,978,978,1073,1073,1075,1075,1072,1072,1157,1157,1124,1124,530,530,326,326,208,208,152,152,86,86,,,,,,,,,,,,,,,,,,,,,,,,,,,,,,,,,,,,,,,,,,,,,,,,
6390,4400,6391,6399,6389,1,54,54,54,54,38,38,41,41,48,48,53,53,149,149,1126,1126,1279,1279,1185,1185,1176,1176,1064,1064,1030,1030,978,978,1073,1073,1075,1075,1072,1072,1157,1157,1124,1124,530,530,326,326,208,208,152,152,86,86,,,,,,,,,,,,,,,,,,,,,,,,,,,,,,,,,,,,,,,,,,,,,,,,
6391,4000,,6390,,0,54,54,54,54,38,38,41,41,48,48,53,53,149,149,1126,1126,1279,1279,1185,1185,1176,1176,1064,1064,1030,1030,978,978,1073,1073,1075,1075,1072,1072,1157,1157,1124,1124,530,530,326,326,208,208,152,152,86,86,,,,,,,,,,,,,,,,,,,,,,,,,,,,,,,,,,,,,,,,,,,,,,,,
6392,3500,6393,6210,,0,34,34,35,35,24,24,26,26,31,31,34,34,93,93,1024,1024,1168,1168,1154,1154,1117,1117,1034,1034,948,948,1003,1003,958,958,1015,1015,1030,1030,1075,1075,972,972,262,262,168,168,114,114,82,82,42,42,,,,,,,,,,,,,,,,,,,,,,,,,,,,,,,,,,,,,,,,,,,,,,,,
6393,4400,6394,6392,,0,48,48,47,47,33,33,35,35,41,41,46,46,130,130,1235,1235,1352,1352,1266,1266,1276,1276,1147,1147,1138,1138,1037,1037,1178,1178,1187,1187,1164,1164,1266,1266,1259,1259,533,533,321,321,199,199,146,146,86,86,,,,,,,,,,,,,,,,,,,,,,,,,,,,,,,,,,,,,,,,,,,,,,,,
6394,1200,6199,6395,6393,1,1,1,1,1,0,0,0,0,0,0,1,1,2,2,12,12,14,14,13,13,13,13,11,11,11,11,11,11,12,12,12,12,12,12,12,12,12,12,6,6,3,3,2,2,2,2,1,1,,,,,,,,,,,,,,,,,,,,,,,,,,,,,,,,,,,,,,,,,,,,,,,,
6395,4400,6394,6396,,0,48,48,47,47,33,33,35,35,41,41,46,46,130,130,1235,1235,1352,1352,1266,1266,1276,1276,1147,1147,1138,1138,1037,1037,1178,1178,1187,1187,1164,1164,1266,1266,1259,1259,533,533,321,321,199,199,146,146,86,86,,,,,,,,,,,,,,,,,,,,,,,,,,,,,,,,,,,,,,,,,,,,,,,,
6396,800,6190,6397,6395,1,1,1,1,1,0,0,1,1,1,1,1,1,2,2,14,14,16,16,15,15,15,15,14,14,13,13,12,12,14,14,14,14,14,14,15,15,14,14,7,7,4,4,3,3,2,2,1,1,,,,,,,,,,,,,,,,,,,,,,,,,,,,,,,,,,,,,,,,,,,,,,,,
6397,4400,6396,6398,,0,48,48,47,47,33,33,35,35,41,41,46,46,130,130,1235,1235,1352,1352,1266,1266,1276,1276,1147,1147,1138,1138,1037,1037,1178,1178,1187,1187,1164,1164,1266,1266,1259,1259,533,533,321,321,199,199,146,146,86,86,,,,,,,,,,,,,,,,,,,,,,,,,,,,,,,,,,,,,,,,,,,,,,,,
6398,800,6435,6175,6397,1,0,0,0,0,0,0,0,0,0,0,0,0,1,1,11,11,12,12,11,11,11,11,10,10,10,10,9,9,10,10,10,10,10,10,11,11,11,11,5,5,3,3,2,2,1,1,1,1,,,,,,,,,,,,,,,,,,,,,,,,,,,,,,,,,,,,,,,,,,,,,,,,
6399,3300,6390,6400,,0,54,54,54,54,38,38,41,41,48,48,53,53,149,149,1126,1126,1279,1279,1185,1185,1176,1176,1064,1064,1030,1030,978,978,1073,1073,1075,1075,1072,1072,1157,1157,1124,1124,530,530,326,326,208,208,152,152,86,86,,,,,,,,,,,,,,,,,,,,,,,,,,,,,,,,,,,,,,,,,,,,,,,,
64,3000,345,347,,0,27,27,28,28,20,20,21,21,25,25,27,27,74,74,1049,1049,1182,1182,1170,1170,1126,1126,1056,1056,970,970,1022,1022,982,982,1052,1052,1066,1066,1112,1112,1010,1010,210,210,134,134,91,91,66,66,34,34,,,,,,,,,,,,,,,,,,,,,,,,,,,,,,,,,,,,,,,,,,,,,,,,
6400,2500,6401,6399,6403,1,54,54,54,54,38,38,41,41,48,48,53,53,149,149,1126,1126,1279,1279,1185,1185,1176,1176,1064,1064,1030,1030,978,978,1073,1073,1075,1075,1072,1072,1157,1157,1124,1124,530,530,326,326,208,208,152,152,86,86,,,,,,,,,,,,,,,,,,,,,,,,,,,,,,,,,,,,,,,,,,,,,,,,
6401,2500,6402,6400,,0,54,54,54,54,38,38,41,41,48,48,53,53,149,149,1126,1126,1279,1279,1185,1185,1176,1176,1064,1064,1030,1030,978,978,1073,1073,1075,1075,1072,1072,1157,1157,1124,1124,530,530,326,326,208,208,152,152,86,86,,,,,,,,,,,,,,,,,,,,,,,,,,,,,,,,,,,,,,,,,,,,,,,,
6402,2500,6401,6224,6415,1,54,54,54,54,38,38,41,41,48,48,53,53,149,149,1126,1126,1279,1279,1185,1185,1176,1176,1064,1064,1030,1030,978,978,1073,1073,1075,1075,1072,1072,1157,1157,1124,1124,530,530,326,326,208,208,152,152,86,86,,,,,,,,,,,,,,,,,,,,,,,,,,,,,,,,,,,,,,,,,,,,,,,,
6403,1600,6400,6404,,0,0,0,0,0,0,0,0,0,0,0,0,0,0,0,3,3,4,4,4,4,3,3,3,3,3,3,3,3,3,3,3,3,3,3,3,3,3,3,1,1,1,1,1,1,0,0,0,0,,,,,,,,,,,,,,,,,,,,,,,,,,,,,,,,,,,,,,,,,,,,,,,,
6404,600,6405,6212,6403,1,0,0,0,0,0,0,0,0,0,0,0,0,0,0,2,2,2,2,2,2,2,2,2,2,2,2,2,2,2,2,2,2,2,2,2,2,2,2,1,1,1,1,0,0,0,0,0,0,,,,,,,,,,,,,,,,,,,,,,,,,,,,,,,,,,,,,,,,,,,,,,,,
6405,1200,6404,6406,,0,0,0,0,0,0,0,0,0,0,0,0,0,0,0,1,1,1,1,1,1,1,1,1,1,1,1,1,1,1,1,1,1,1,1,1,1,1,1,1,1,0,0,0,0,0,0,0,0,,,,,,,,,,,,,,,,,,,,,,,,,,,,,,,,,,,,,,,,,,,,,,,,
6406,600,6407,6209,6405,1,0,0,0,0,0,0,0,0,0,0,0,0,0,0,1,1,1,1,1,1,1,1,1,1,1,1,1,1,1,1,1,1,1,1,1,1,1,1,0,0,0,0,0,0,0,0,0,0,,,,,,,,,,,,,,,,,,,,,,,,,,,,,,,,,,,,,,,,,,,,,,,,
6407,1200,6408,6406,,0,0,0,0,0,0,0,0,0,0,0,0,0,0,0,1,1,1,1,1,1,1,1,1,1,1,1,1,1,1,1,1,1,1,1,1,1,1,1,0,0,0,0,0,0,0,0,0,0,,,,,,,,,,,,,,,,,,,,,,,,,,,,,,,,,,,,,,,,,,,,,,,,
6408,600,,6208,6409;6407,2,0,0,0,0,0,0,0,0,0,0,0,0,0,0,1,1,2,2,1,1,1,1,1,1,1,1,1,1,1,1,1,1,1,1,1,1,1,1,1,1,0,0,0,0,0,0,0,0,,,,,,,,,,,,,,,,,,,,,,,,,,,,,,,,,,,,,,,,,,,,,,,,
6409,1200,6410,6408,,0,0,0,0,0,0,0,0,0,0,0,0,0,0,0,2,2,2,2,2,2,2,2,2,2,2,2,2,2,2,2,2,2,2,2,2,2,2,2,1,1,1,1,0,0,0,0,0,0,,,,,,,,,,,,,,,,,,,,,,,,,,,,,,,,,,,,,,,,,,,,,,,,
6410,800,6206,6411,6409,1,0,0,0,0,0,0,0,0,0,0,0,0,0,0,3,3,3,3,3,3,3,3,3,3,2,2,2,2,3,3,3,3,3,3,3,3,3,3,1,1,1,1,0,0,0,0,0,0,,,,,,,,,,,,,,,,,,,,,,,,,,,,,,,,,,,,,,,,,,,,,,,,
6411,1200,6412,6410,,0,0,0,0,0,0,0,0,0,0,0,0,0,0,0,3,3,4,4,4,4,4,4,3,3,3,3,3,3,3,3,3,3,3,3,4,4,3,3,1,1,1,1,1,1,0,0,0,0,,,,,,,,,,,,,,,,,,,,,,,,,,,,,,,,,,,,,,,,,,,,,,,,
6412,2000,6217,6204,6411,1,54,54,54,54,38,38,41,41,48,48,53,53,149,149,1126,1126,1279,1279,1185,1185,1176,1176,1064,1064,1030,1030,978,978,1073,1073,1075,1075,1072,1072,1157,1157,1124,1124,530,530,326,326,208,208,152,152,86,86,,,,,,,,,,,,,,,,,,,,,,,,,,,,,,,,,,,,,,,,,,,,,,,,
6413,1200,6189,6414,,0,0,0,0,0,0,0,0,0,0,0,0,0,0,0,1,1,1,1,1,1,1,1,1,1,1,1,1,1,1,1,1,1,1,1,1,1,1,1,0,0,0,0,0,0,0,0,0,0,,,,,,,,,,,,,,,,,,,,,,,,,,,,,,,,,,,,,,,,,,,,,,,,
6414,1200,6201,6199,6413;6210,2,0,0,0,0,0,0,0,0,0,0,0,0,0,0,2,2,2,2,2,2,2,2,2,2,2,2,2,2,2,2,2,2,2,2,2,2,2,2,1,1,0,0,0,0,0,0,0,0,,,,,,,,,,,,,,,,,,,,,,,,,,,,,,,,,,,,,,,,,,,,,,,,
6415,3000,6402,6416,,0,54,54,54,54,38,38,41,41,48,48,53,53,149,149,1126,1126,1279,1279,1185,1185,1176,1176,1064,1064,1030,1030,978,978,1073,1073,1075,1075,1072,1072,1157,1157,1124,1124,530,530,326,326,208,208,152,152,86,86,,,,,,,,,,,,,,,,,,,,,,,,,,,,,,,,,,,,,,,,,,,,,,,,
6416,600,6415,6212,6417,1,0,0,0,0,0,0,0,0,0,0,0,0,0,0,3,3,4,4,4,4,4,4,3,3,3,3,3,3,3,3,3,3,3,3,3,3,3,3,1,1,1,1,1,1,0,0,0,0,,,,,,,,,,,,,,,,,,,,,,,,,,,,,,,,,,,,,,,,,,,,,,,,
6417,2500,6416,6418,,0,54,54,54,54,38,38,41,41,48,48,53,53,149,149,1126,1126,1279,1279,1185,1185,1176,1176,1064,1064,1030,1030,978,978,1073,1073,1075,1075,1072,1072,1157,1157,1124,1124,530,530,326,326,208,208,152,152,86,86,,,,,,,,,,,,,,,,,,,,,,,,,,,,,,,,,,,,,,,,,,,,,,,,
6418,600,6209,6417,6419,1,0,0,0,0,0,0,0,0,0,0,0,0,0,0,4,4,4,4,4,4,4,4,3,3,3,3,3,3,3,3,3,3,3,3,4,4,4,4,2,2,1,1,1,1,0,0,0,0,,,,,,,,,,,,,,,,,,,,,,,,,,,,,,,,,,,,,,,,,,,,,,,,
6419,2500,6418,6420,,0,54,54,54,54,38,38,41,41,48,48,53,53,149,149,1126,1126,1279,1279,1185,1185,1176,1176,1064,1064,1030,1030,978,978,1073,1073,1075,1075,1072,1072,1157,1157,1124,1124,530,530,326,326,208,208,152,152,86,86,,,,,,,,,,,,,,,,,,,,,,,,,,,,,,,,,,,,,,,,,,,,,,,,
6420,600,6208,6419,6421,1,0,0,0,0,0,0,0,0,0,0,0,0,0,0,4,4,4,4,4,4,4,4,3,3,3,3,3,3,3,3,3,3,3,3,4,4,4,4,2,2,1,1,1,1,0,0,0,0,,,,,,,,,,,,,,,,,,,,,,,,,,,,,,,,,,,,,,,,,,,,,,,,
6421,2500,6422,6420,,0,54,54,54,54,38,38,41,41,48,48,53,53,149,149,1126,1126,1279,1279,1185,1185,1176,1176,1064,1064,1030,1030,978,978,1073,1073,1075,1075,1072,1072,1157,1157,1124,1124,530,530,326,326,208,208,152,152,86,86,,,,,,,,,,,,,,,,,,,,,,,,,,,,,,,,,,,,,,,,,,,,,,,,
6422,800,6421,6206,6214,1,0,0,0,0,0,0,0,0,0,0,0,0,0,0,4,4,4,4,4,4,4,4,3,3,3,3,3,3,3,3,3,3,3,3,4,4,4,4,2,2,1,1,1,1,0,0,0,0,,,,,,,,,,,,,,,,,,,,,,,,,,,,,,,,,,,,,,,,,,,,,,,,
6423,4400,6218,6424,,0,54,54,54,54,38,38,41,41,48,48,53,53,149,149,1126,1126,1279,1279,1185,1185,1176,1176,1064,1064,1030,1030,978,978,1073,1073,1075,1075,1072,1072,1157,1157,1124,1124,530,530,326,326,208,208,152,152,86,86,,,,,,,,,,,,,,,,,,,,,,,,,,,,,,,,,,,,,,,,,,,,,,,,
6424,3000,6202,,6425;6423,2,0,0,0,0,0,0,0,0,0,0,0,0,0,0,1138,1138,1201,1201,1284,1284,1257,1257,1168,1168,1084,1084,1145,1145,1051,1051,1179,1179,1173,1173,1211,1211,1091,1091,0,0,0,0,0,0,0,0,0,0,,,,,,,,,,,,,,,,,,,,,,,,,,,,,,,,,,,,,,,,,,,,,,,,
6425,4400,6426,6424,,0,32,32,29,29,21,21,22,22,26,26,29,29,84,84,1292,1292,1368,1368,1331,1331,1346,1346,1214,1214,1206,1206,1108,1108,1224,1224,1269,1269,1236,1236,1334,1334,1318,1318,402,402,237,237,142,142,105,105,65,65,,,,,,,,,,,,,,,,,,,,,,,,,,,,,,,,,,,,,,,,,,,,,,,,
6426,800,6213,6193,6425,1,0,0,0,0,0,0,0,0,0,0,0,0,0,0,4,4,5,5,4,4,4,4,4,4,4,4,4,4,4,4,4,4,4,4,4,4,4,4,2,2,1,1,1,1,0,0,0,0,,,,,,,,,,,,,,,,,,,,,,,,,,,,,,,,,,,,,,,,,,,,,,,,
6427,800,6221,6428,,0,0,0,0,0,0,0,0,0,0,0,0,0,0,0,3,3,3,3,3,3,3,3,2,2,2,2,2,2,2,2,2,2,2,2,3,3,3,3,1,1,1,1,0,0,0,0,0,0,,,,,,,,,,,,,,,,,,,,,,,,,,,,,,,,,,,,,,,,,,,,,,,,
6428,800,6427,6215,6211,1,0,0,0,0,0,0,0,0,0,0,0,0,0,0,2,2,2,2,2,2,2,2,1,1,1,1,1,1,1,1,1,1,1,1,2,2,2,2,1,1,0,0,0,0,0,0,0,0,,,,,,,,,,,,,,,,,,,,,,,,,,,,,,,,,,,,,,,,,,,,,,,,
6429,4000,6376,6430,,0,54,54,54,54,38,38,41,41,48,48,53,53,149,149,1126,1126,1279,1279,1185,1185,1176,1176,1064,1064,1030,1030,978,978,1073,1073,1075,1075,1072,1072,1157,1157,1124,1124,530,530,326,326,208,208,152,152,86,86,,,,,,,,,,,,,,,,,,,,,,,,,,,,,,,,,,,,,,,,,,,,,,,,
6430,800,6429,6431,6232,1,0,0,0,0,0,0,0,0,0,0,0,0,0,0,2,2,2,2,2,2,2,2,2,2,2,2,2,2,2,2,2,2,2,2,2,2,2,2,1,1,1,1,0,0,0,0,0,0,,,,,,,,,,,,,,,,,,,,,,,,,,,,,,,,,,,,,,,,,,,,,,,,
6431,800,6432,6430,,0,0,0,0,0,0,0,0,0,0,0,0,0,0,0,2,2,3,3,3,3,2,2,2,2,2,2,2,2,2,2,2,2,2,2,2,2,2,2,1,1,1,1,0,0,0,0,0,0,,,,,,,,,,,,,,,,,,,,,,,,,,,,,,,,,,,,,,,,,,,,,,,,
6432,800,6433,6431,6227,1,0,0,0,0,0,0,0,0,0,0,0,0,0,0,3,3,3,3,3,3,3,3,2,2,2,2,2,2,2,2,2,2,2,2,3,3,2,2,1,1,1,1,0,0,0,0,0,0,,,,,,,,,,,,,,,,,,,,,,,,,,,,,,,,,,,,,,,,,,,,,,,,
6433,800,6434,6432,,0,0,0,0,0,0,0,0,0,0,0,0,0,0,0,3,3,3,3,3,3,3,3,3,3,3,3,3,3,3,3,3,3,3,3,3,3,3,3,1,1,1,1,0,0,0,0,0,0,,,,,,,,,,,,,,,,,,,,,,,,,,,,,,,,,,,,,,,,,,,,,,,,
6434,800,6233,6433,6223,1,0,0,0,0,0,0,0,0,0,0,0,0,0,0,3,3,3,3,3,3,3,3,3,3,3,3,3,3,3,3,3,3,3,3,3,3,3,3,1,1,1,1,1,1,0,0,0,0,,,,,,,,,,,,,,,,,,,,,,,,,,,,,,,,,,,,,,,,,,,,,,,,
6435,4400,6398,6436,,0,48,48,47,47,33,33,35,35,41,41,46,46,130,130,1235,1235,1352,1352,1266,1266,1276,1276,1147,1147,1138,1138,1037,1037,1178,1178,1187,1187,1164,1164,1266,1266,1259,1259,533,533,321,321,199,199,146,146,86,86,,,,,,,,,,,,,,,,,,,,,,,,,,,,,,,,,,,,,,,,,,,,,,,,
6436,1200,6162,6437,6435,1,1,1,1,1,0,0,0,0,1,1,1,1,2,2,14,14,15,15,14,14,14,14,13,13,12,12,12,12,13,13,13,13,13,13,14,14,14,14,6,6,4,4,2,2,2,2,1,1,,,,,,,,,,,,,,,,,,,,,,,,,,,,,,,,,,,,,,,,,,,,,,,,
6437,4400,6436,6438,,0,48,48,47,47,33,33,35,35,41,41,46,46,130,130,1235,1235,1352,1352,1266,1266,1276,1276,1147,1147,1138,1138,1037,1037,1178,1178,1187,1187,1164,1164,1266,1266,1259,1259,533,533,321,321,199,199,146,146,86,86,,,,,,,,,,,,,,,,,,,,,,,,,,,,,,,,,,,,,,,,,,,,,,,,
6438,2500,6157,6459,6451;6437,2,48,48,47,47,33,33,35,35,41,41,46,46,130,130,1235,1235,1352,1352,1266,1266,1276,1276,1147,1147,1138,1138,1037,1037,1178,1178,1187,1187,1164,1164,1266,1266,1259,1259,533,533,321,321,199,199,146,146,86,86,,,,,,,,,,,,,,,,,,,,,,,,,,,,,,,,,,,,,,,,,,,,,,,,
6439,1600,6187,6440,,0,0,0,0,0,0,0,0,0,0,0,0,0,0,0,5,5,5,5,5,5,5,5,4,4,4,4,4,4,4,4,4,4,4,4,5,5,5,5,2,2,1,1,1,1,0,0,0,0,,,,,,,,,,,,,,,,,,,,,,,,,,,,,,,,,,,,,,,,,,,,,,,,
6440,1000,6176,6441,6439,1,32,32,29,29,21,21,22,22,26,26,29,29,84,84,1292,1292,1368,1368,1331,1331,1346,1346,1214,1214,1206,1206,1108,1108,1224,1224,1269,1269,1236,1236,1334,1334,1318,1318,402,402,237,237,142,142,105,105,65,65,,,,,,,,,,,,,,,,,,,,,,,,,,,,,,,,,,,,,,,,,,,,,,,,
6441,2000,6440,6442,,0,32,32,29,29,21,21,22,22,26,26,29,29,84,84,1292,1292,1368,1368,1331,1331,1346,1346,1214,1214,1206,1206,1108,1108,1224,1224,1269,1269,1236,1236,1334,1334,1318,1318,402,402,237,237,142,142,105,105,65,65,,,,,,,,,,,,,,,,,,,,,,,,,,,,,,,,,,,,,,,,,,,,,,,,
6442,2000,6441,6443,6173,1,32,32,29,29,21,21,22,22,26,26,29,29,84,84,1292,1292,1368,1368,1331,1331,1346,1346,1214,1214,1206,1206,1108,1108,1224,1224,1269,1269,1236,1236,1334,1334,1318,1318,402,402,237,237,142,142,105,105,65,65,,,,,,,,,,,,,,,,,,,,,,,,,,,,,,,,,,,,,,,,,,,,,,,,
6443,1200,6444,6442,,0,0,0,0,0,0,0,0,0,0,0,0,0,0,0,3,3,4,4,4,4,4,4,3,3,3,3,3,3,3,3,3,3,3,3,4,4,3,3,1,1,1,1,0,0,0,0,0,0,,,,,,,,,,,,,,,,,,,,,,,,,,,,,,,,,,,,,,,,,,,,,,,,
6444,2000,6160,6443,6445,1,32,32,29,29,21,21,22,22,26,26,29,29,84,84,1292,1292,1368,1368,1331,1331,1346,1346,1214,1214,1206,1206,1108,1108,1224,1224,1269,1269,1236,1236,1334,1334,1318,1318,402,402,237,237,142,142,105,105,65,65,,,,,,,,,,,,,,,,,,,,,,,,,,,,,,,,,,,,,,,,,,,,,,,,
6445,1200,6444,6446,,0,0,0,0,0,0,0,0,0,0,0,0,0,0,0,3,3,4,4,3,3,3,3,3,3,3,3,3,3,3,3,3,3,3,3,3,3,3,3,1,1,1,1,0,0,0,0,0,0,,,,,,,,,,,,,,,,,,,,,,,,,,,,,,,,,,,,,,,,,,,,,,,,
6446,2000,6445,6447,6152,1,32,32,29,29,21,21,22,22,26,26,29,29,84,84,1292,1292,1368,1368,1331,1331,1346,1346,1214,1214,1206,1206,1108,1108,1224,1224,1269,1269,1236,1236,1334,1334,1318,1318,402,402,237,237,142,142,105,105,65,65,,,,,,,,,,,,,,,,,,,,,,,,,,,,,,,,,,,,,,,,,,,,,,,,
6447,1200,6448,6446,,0,0,0,0,0,0,0,0,0,0,0,0,0,0,0,3,3,4,4,3,3,3,3,3,3,3,3,3,3,3,3,3,3,3,3,3,3,3,3,1,1,1,1,0,0,0,0,0,0,,,,,,,,,,,,,,,,,,,,,,,,,,,,,,,,,,,,,,,,,,,,,,,,
6448,1600,6447,6143,6449,1,0,0,0,0,0,0,0,0,0,0,0,0,0,0,2,2,2,2,2,2,2,2,1,1,1,1,1,1,1,1,1,1,1,1,2,2,2,2,1,1,0,0,0,0,0,0,0,0,,,,,,,,,,,,,,,,,,,,,,,,,,,,,,,,,,,,,,,,,,,,,,,,
6449,1200,6450,6448,,0,0,0,0,0,0,0,0,0,0,0,0,0,0,0,3,3,4,4,3,3,3,3,3,3,3,3,3,3,3,3,3,3,3,3,3,3,3,3,1,1,1,1,0,0,0,0,0,0,,,,,,,,,,,,,,,,,,,,,,,,,,,,,,,,,,,,,,,,,,,,,,,,
6450,2000,6135,6449,6180,1,32,32,29,29,21,21,22,22,26,26,29,29,84,84,1292,1292,1368,1368,1331,1331,1346,1346,1214,1214,1206,1206,1108,1108,1224,1224,1269,1269,1236,1236,1334,1334,1318,1318,402,402,237,237,142,142,105,105,65,65,,,,,,,,,,,,,,,,,,,,,,,,,,,,,,,,,,,,,,,,,,,,,,,,
6451,4400,6438,6452,,0,48,48,47,47,33,33,35,35,41,41,46,46,130,130,1235,1235,1352,1352,1266,1266,1276,1276,1147,1147,1138,1138,1037,1037,1178,1178,1187,1187,1164,1164,1266,1266,1259,1259,533,533,321,321,199,199,146,146,86,86,,,,,,,,,,,,,,,,,,,,,,,,,,,,,,,,,,,,,,,,,,,,,,,,
6452,800,6453,6145,6451,1,1,1,1,1,1,1,1,1,1,1,1,1,2,2,16,16,18,18,17,17,16,16,15,15,14,14,14,14,15,15,15,15,15,15,16,16,16,16,7,7,4,4,3,3,2,2,1,1,,,,,,,,,,,,,,,,,,,,,,,,,,,,,,,,,,,,,,,,,,,,,,,,
6453,4400,6454,6452,,0,48,48,47,47,33,33,35,35,41,41,46,46,130,130,1235,1235,1352,1352,1266,1266,1276,1276,1147,1147,1138,1138,1037,1037,1178,1178,1187,1187,1164,1164,1266,1266,1259,1259,533,533,321,321,199,199,146,146,86,86,,,,,,,,,,,,,,,,,,,,,,,,,,,,,,,,,,,,,,,,,,,,,,,,
6454,800,,6137,6455;6453,2,1,1,1,1,1,1,1,1,1,1,1,1,2,2,19,19,21,21,19,19,19,19,17,17,17,17,16,16,18,18,18,18,18,18,19,19,19,19,9,9,5,5,3,3,2,2,1,1,,,,,,,,,,,,,,,,,,,,,,,,,,,,,,,,,,,,,,,,,,,,,,,,
6455,1650,6456,,6454,1,48,48,47,47,33,33,35,35,41,41,46,46,130,130,1235,1235,1352,1352,1266,1266,1276,1276,1147,1147,1138,1138,1037,1037,1178,1178,1187,1187,1164,1164,1266,1266,1259,1259,533,533,321,321,199,199,146,146,86,86,,,,,,,,,,,,,,,,,,,,,,,,,,,,,,,,,,,,,,,,,,,,,,,,
6456,4400,6455,6128,6457;6142,2,48,48,47,47,33,33,35,35,41,41,46,46,130,130,1235,1235,1352,1352,1266,1266,1276,1276,1147,1147,1138,1138,1037,1037,1178,1178,1187,1187,1164,1164,1266,1266,1259,1259,533,533,321,321,199,199,146,146,86,86,,,,,,,,,,,,,,,,,,,,,,,,,,,,,,,,,,,,,,,,,,,,,,,,
6457,1650,6456,,6458,1,48,48,47,47,33,33,35,35,41,41,46,46,130,130,1235,1235,1352,1352,1266,1266,1276,1276,1147,1147,1138,1138,1037,1037,1178,1178,1187,1187,1164,1164,1266,1266,1259,1259,533,533,321,321,199,199,146,146,86,86,,,,,,,,,,,,,,,,,,,,,,,,,,,,,,,,,,,,,,,,,,,,,,,,
6458,1600,6517,6519,6457,1,1,1,1,1,1,1,1,1,1,1,1,1,2,2,18,18,20,20,19,19,19,19,17,17,16,16,15,15,17,17,17,17,17,17,18,18,18,18,8,8,5,5,3,3,2,2,1,1,,,,,,,,,,,,,,,,,,,,,,,,,,,,,,,,,,,,,,,,,,,,,,,,
6459,2500,6438,6460,,0,48,48,47,47,33,33,35,35,41,41,46,46,130,130,1235,1235,1352,1352,1266,1266,1276,1276,1147,1147,1138,1138,1037,1037,1178,1178,1187,1187,1164,1164,1266,1266,1259,1259,533,533,321,321,199,199,146,146,86,86,,,,,,,,,,,,,,,,,,,,,,,,,,,,,,,,,,,,,,,,,,,,,,,,
6460,1500,6459,6155,6142,1,48,48,47,47,33,33,35,35,41,41,46,46,130,130,1235,1235,1352,1352,1266,1266,1276,1276,1147,1147,1138,1138,1037,1037,1178,1178,1187,1187,1164,1164,1266,1266,1259,1259,533,533,321,321,199,199,146,146,86,86,,,,,,,,,,,,,,,,,,,,,,,,,,,,,,,,,,,,,,,,,,,,,,,,
6461,1600,6187,6462,,0,0,0,0,0,0,0,0,0,0,0,0,0,0,0,4,4,4,4,4,4,4,4,4,4,4,4,4,4,4,4,4,4,4,4,4,4,4,4,2,2,1,1,1,1,0,0,0,0,,,,,,,,,,,,,,,,,,,,,,,,,,,,,,,,,,,,,,,,,,,,,,,,
6462,300,6192,6461,6197,1,0,0,0,0,0,0,0,0,0,0,0,0,0,0,5,5,5,5,5,5,5,5,4,4,4,4,4,4,4,4,4,4,4,4,5,5,5,5,2,2,1,1,1,1,0,0,0,0,,,,,,,,,,,,,,,,,,,,,,,,,,,,,,,,,,,,,,,,,,,,,,,,
6463,2500,6203,6464,,0,32,32,29,29,21,21,22,22,26,26,29,29,84,84,1292,1292,1368,1368,1331,1331,1346,1346,1214,1214,1206,1206,1108,1108,1224,1224,1269,1269,1236,1236,1334,1334,1318,1318,402,402,237,237,142,142,105,105,65,65,,,,,,,,,,,,,,,,,,,,,,,,,,,,,,,,,,,,,,,,,,,,,,,,
6464,800,6198,6463,6465,1,0,0,0,0,0,0,0,0,0,0,0,0,0,0,5,5,5,5,5,5,5,5,4,4,4,4,4,4,4,4,4,4,4,4,5,5,5,5,2,2,1,1,1,1,0,0,0,0,,,,,,,,,,,,,,,,,,,,,,,,,,,,,,,,,,,,,,,,,,,,,,,,
6465,2500,6466,6464,,0,32,32,29,29,21,21,22,22,26,26,29,29,84,84,1292,1292,1368,1368,1331,1331,1346,1346,1214,1214,1206,1206,1108,1108,1224,1224,1269,1269,1236,1236,1334,1334,1318,1318,402,402,237,237,142,142,105,105,65,65,,,,,,,,,,,,,,,,,,,,,,,,,,,,,,,,,,,,,,,,,,,,,,,,
6466,300,6192,6465,6467,1,0,0,0,0,0,0,0,0,0,0,0,0,0,0,5,5,5,5,5,5,5,5,4,4,4,4,4,4,4,4,4,4,4,4,5,5,5,5,2,2,1,1,1,1,0,0,0,0,,,,,,,,,,,,,,,,,,,,,,,,,,,,,,,,,,,,,,,,,,,,,,,,
6467,2500,6466,6468,,0,32,32,29,29,21,21,22,22,26,26,29,29,84,84,1292,1292,1368,1368,1331,1331,1346,1346,1214,1214,1206,1206,1108,1108,1224,1224,1269,1269,1236,1236,1334,1334,1318,1318,402,402,237,237,142,142,105,105,65,65,,,,,,,,,,,,,,,,,,,,,,,,,,,,,,,,,,,,,,,,,,,,,,,,
6468,2500,6469,6186,6467,1,32,32,29,29,21,21,22,22,26,26,29,29,84,84,1292,1292,1368,1368,1331,1331,1346,1346,1214,1214,1206,1206,1108,1108,1224,1224,1269,1269,1236,1236,1334,1334,1318,1318,402,402,237,237,142,142,105,105,65,65,,,,,,,,,,,,,,,,,,,,,,,,,,,,,,,,,,,,,,,,,,,,,,,,
6469,2000,6468,6470,,0,32,32,29,29,21,21,22,22,26,26,29,29,84,84,1292,1292,1368,1368,1331,1331,1346,1346,1214,1214,1206,1206,1108,1108,1224,1224,1269,1269,1236,1236,1334,1334,1318,1318,402,402,237,237,142,142,105,105,65,65,,,,,,,,,,,,,,,,,,,,,,,,,,,,,,,,,,,,,,,,,,,,,,,,
6470,800,6176,6471,6469,1,0,0,0,0,0,0,0,0,0,0,0,0,0,0,4,4,5,5,5,5,5,5,4,4,4,4,4,4,4,4,4,4,4,4,4,4,4,4,2,2,1,1,1,1,0,0,0,0,,,,,,,,,,,,,,,,,,,,,,,,,,,,,,,,,,,,,,,,,,,,,,,,
6471,3000,6470,6472,,0,32,32,29,29,21,21,22,22,26,26,29,29,84,84,1292,1292,1368,1368,1331,1331,1346,1346,1214,1214,1206,1206,1108,1108,1224,1224,1269,1269,1236,1236,1334,1334,1318,1318,402,402,237,237,142,142,105,105,65,65,,,,,,,,,,,,,,,,,,,,,,,,,,,,,,,,,,,,,,,,,,,,,,,,
6472,3000,6471,6473,6170,1,32,32,29,29,21,21,22,22,26,26,29,29,84,84,1292,1292,1368,1368,1331,1331,1346,1346,1214,1214,1206,1206,1108,1108,1224,1224,1269,1269,1236,1236,1334,1334,1318,1318,402,402,237,237,142,142,105,105,65,65,,,,,,,,,,,,,,,,,,,,,,,,,,,,,,,,,,,,,,,,,,,,,,,,
6473,2500,6472,6474,,0,32,32,29,29,21,21,22,22,26,26,29,29,84,84,1292,1292,1368,1368,1331,1331,1346,1346,1214,1214,1206,1206,1108,1108,1224,1224,1269,1269,1236,1236,1334,1334,1318,1318,402,402,237,237,142,142,105,105,65,65,,,,,,,,,,,,,,,,,,,,,,,,,,,,,,,,,,,,,,,,,,,,,,,,
6474,2000,6475,6473,6132,1,32,32,29,29,21,21,22,22,26,26,29,29,84,84,1292,1292,1368,1368,1331,1331,1346,1346,1214,1214,1206,1206,1108,1108,1224,1224,1269,1269,1236,1236,1334,1334,1318,1318,402,402,237,237,142,142,105,105,65,65,,,,,,,,,,,,,,,,,,,,,,,,,,,,,,,,,,,,,,,,,,,,,,,,
6475,2500,6476,6474,,0,32,32,29,29,21,21,22,22,26,26,29,29,84,84,1292,1292,1368,1368,1331,1331,1346,1346,1214,1214,1206,1206,1108,1108,1224,1224,1269,1269,1236,1236,1334,1334,1318,1318,402,402,237,237,142,142,105,105,65,65,,,,,,,,,,,,,,,,,,,,,,,,,,,,,,,,,,,,,,,,,,,,,,,,
6476,3000,6475,6120,,0,32,32,29,29,21,21,22,22,26,26,29,29,84,84,1292,1292,1368,1368,1331,1331,1346,1346,1214,1214,1206,1206,1108,1108,1224,1224,1269,1269,1236,1236,1334,1334,1318,1318,402,402,237,237,142,142,105,105,65,65,,,,,,,,,,,,,,,,,,,,,,,,,,,,,,,,,,,,,,,,,,,,,,,,
6477,4400,6171,6478,,0,32,32,29,29,21,21,22,22,26,26,29,29,84,84,1292,1292,1368,1368,1331,1331,1346,1346,1214,1214,1206,1206,1108,1108,1224,1224,1269,1269,1236,1236,1334,1334,1318,1318,402,402,237,237,142,142,105,105,65,65,,,,,,,,,,,,,,,,,,,,,,,,,,,,,,,,,,,,,,,,,,,,,,,,
6478,1200,6477,6156,6165,1,0,0,0,0,0,0,0,0,0,0,0,0,0,0,3,3,3,3,3,3,3,3,3,3,3,3,2,2,3,3,3,3,3,3,3,3,3,3,1,1,1,1,0,0,0,0,0,0,,,,,,,,,,,,,,,,,,,,,,,,,,,,,,,,,,,,,,,,,,,,,,,,
6479,2500,6480,6171,,0,32,32,29,29,21,21,22,22,26,26,29,29,84,84,1292,1292,1368,1368,1331,1331,1346,1346,1214,1214,1206,1206,1108,1108,1224,1224,1269,1269,1236,1236,1334,1334,1318,1318,402,402,237,237,142,142,105,105,65,65,,,,,,,,,,,,,,,,,,,,,,,,,,,,,,,,,,,,,,,,,,,,,,,,
6480,2500,6164,6481,6479,1,32,32,29,29,21,21,22,22,26,26,29,29,84,84,1292,1292,1368,1368,1331,1331,1346,1346,1214,1214,1206,1206,1108,1108,1224,1224,1269,1269,1236,1236,1334,1334,1318,1318,402,402,237,237,142,142,105,105,65,65,,,,,,,,,,,,,,,,,,,,,,,,,,,,,,,,,,,,,,,,,,,,,,,,
6481,2500,6482,6480,,0,32,32,29,29,21,21,22,22,26,26,29,29,84,84,1292,1292,1368,1368,1331,1331,1346,1346,1214,1214,1206,1206,1108,1108,1224,1224,1269,1269,1236,1236,1334,1334,1318,1318,402,402,237,237,142,142,105,105,65,65,,,,,,,,,,,,,,,,,,,,,,,,,,,,,,,,,,,,,,,,,,,,,,,,
6482,3000,6169,6481,6483,1,32,32,29,29,21,21,22,22,26,26,29,29,84,84,1292,1292,1368,1368,1331,1331,1346,1346,1214,1214,1206,1206,1108,1108,1224,1224,1269,1269,1236,1236,1334,1334,1318,1318,402,402,237,237,142,142,105,105,65,65,,,,,,,,,,,,,,,,,,,,,,,,,,,,,,,,,,,,,,,,,,,,,,,,
6483,2500,6482,6484,,0,32,32,29,29,21,21,22,22,26,26,29,29,84,84,1292,1292,1368,1368,1331,1331,1346,1346,1214,1214,1206,1206,1108,1108,1224,1224,1269,1269,1236,1236,1334,1334,1318,1318,402,402,237,237,142,142,105,105,65,65,,,,,,,,,,,,,,,,,,,,,,,,,,,,,,,,,,,,,,,,,,,,,,,,
6484,1600,6483,6153,6485,1,0,0,0,0,0,0,0,0,0,0,0,0,0,0,2,2,2,2,2,2,2,2,2,2,2,2,2,2,2,2,2,2,2,2,2,2,2,2,1,1,0,0,0,0,0,0,0,0,,,,,,,,,,,,,,,,,,,,,,,,,,,,,,,,,,,,,,,,,,,,,,,,
6485,1200,6486,6484,,0,0,0,0,0,0,0,0,0,0,0,0,0,0,0,1,1,1,1,1,1,1,1,1,1,1,1,1,1,1,1,1,1,1,1,1,1,1,1,0,0,0,0,0,0,0,0,0,0,,,,,,,,,,,,,,,,,,,,,,,,,,,,,,,,,,,,,,,,,,,,,,,,
6486,300,6146,,6525;6485,2,0,0,0,0,0,0,0,0,0,0,0,0,0,0,1,1,1,1,1,1,1,1,1,1,1,1,1,1,1,1,1,1,1,1,1,1,1,1,0,0,0,0,0,0,0,0,0,0,,,,,,,,,,,,,,,,,,,,,,,,,,,,,,,,,,,,,,,,,,,,,,,,
6487,1200,6369,6492,6205,1,33,33,31,31,22,22,23,23,26,26,31,31,88,88,1055,1055,1119,1119,1058,1058,1080,1080,966,966,980,980,861,861,1008,1008,1021,1021,988,988,1080,1080,1096,1096,421,421,249,249,150,150,110,110,68,68,,,,,,,,,,,,,,,,,,,,,,,,,,,,,,,,,,,,,,,,,,,,,,,,
6488,2000,6533,6489,,0,32,32,29,29,21,21,22,22,26,26,29,29,84,84,1292,1292,1368,1368,1331,1331,1346,1346,1214,1214,1206,1206,1108,1108,1224,1224,1269,1269,1236,1236,1334,1334,1318,1318,402,402,237,237,142,142,105,105,65,65,,,,,,,,,,,,,,,,,,,,,,,,,,,,,,,,,,,,,,,,,,,,,,,,
6489,2000,6205,6488,6490,1,32,32,29,29,21,21,22,22,26,26,29,29,84,84,1292,1292,1368,1368,1331,1331,1346,1346,1214,1214,1206,1206,1108,1108,1224,1224,1269,1269,1236,1236,1334,1334,1318,1318,402,402,237,237,142,142,105,105,65,65,,,,,,,,,,,,,,,,,,,,,,,,,,,,,,,,,,,,,,,,,,,,,,,,
6490,1200,6489,6184,6491,1,0,0,0,0,0,0,0,0,0,0,0,0,0,0,3,3,3,3,3,3,3,3,2,2,2,2,2,2,2,2,2,2,2,2,3,3,3,3,1,1,1,1,0,0,0,0,0,0,,,,,,,,,,,,,,,,,,,,,,,,,,,,,,,,,,,,,,,,,,,,,,,,
6491,800,6492,6490,,0,0,0,0,0,0,0,0,0,0,0,0,0,0,0,4,4,4,4,4,4,4,4,3,3,3,3,3,3,3,3,4,4,3,3,4,4,4,4,1,1,1,1,1,1,0,0,0,0,,,,,,,,,,,,,,,,,,,,,,,,,,,,,,,,,,,,,,,,,,,,,,,,
6492,1200,6487,6193,6491,1,0,0,0,0,0,0,0,0,0,0,0,0,0,0,5,5,5,5,5,5,5,5,4,4,4,4,4,4,4,4,5,5,4,4,5,5,5,5,2,2,1,1,1,1,0,0,0,0,,,,,,,,,,,,,,,,,,,,,,,,,,,,,,,,,,,,,,,,,,,,,,,,
6493,2500,6182,6496,,0,32,32,29,29,21,21,22,22,26,26,29,29,84,84,1292,1292,1368,1368,1331,1331,1346,1346,1214,1214,1206,1206,1108,1108,1224,1224,1269,1269,1236,1236,1334,1334,1318,1318,402,402,237,237,142,142,105,105,65,65,,,,,,,,,,,,,,,,,,,,,,,,,,,,,,,,,,,,,,,,,,,,,,,,
6494,300,,6191,6495;6207,2,0,0,0,0,0,0,0,0,0,0,0,0,0,0,3,3,3,3,3,3,3,3,3,3,3,3,3,3,3,3,3,3,3,3,3,3,3,3,1,1,1,1,0,0,0,0,0,0,,,,,,,,,,,,,,,,,,,,,,,,,,,,,,,,,,,,,,,,,,,,,,,,
6495,800,6494,6496,,0,0,0,0,0,0,0,0,0,0,0,0,0,0,0,4,4,4,4,4,4,4,4,4,4,4,4,3,3,4,4,4,4,4,4,4,4,4,4,1,1,1,1,1,1,0,0,0,0,,,,,,,,,,,,,,,,,,,,,,,,,,,,,,,,,,,,,,,,,,,,,,,,
6496,1200,6178,6495,6493;6185,2,0,0,0,0,0,0,0,0,0,0,0,0,0,0,5,5,5,5,5,5,5,5,5,5,4,4,4,4,5,5,5,5,5,5,5,5,5,5,2,2,1,1,1,1,0,0,0,0,,,,,,,,,,,,,,,,,,,,,,,,,,,,,,,,,,,,,,,,,,,,,,,,
6497,1200,6195,6498,,0,0,0,0,0,0,0,0,0,0,0,0,0,0,0,2,2,2,2,2,2,2,2,2,2,2,2,2,2,2,2,2,2,2,2,2,2,2,2,1,1,0,0,0,0,0,0,0,0,,,,,,,,,,,,,,,,,,,,,,,,,,,,,,,,,,,,,,,,,,,,,,,,
6498,1600,6497,6499,6181,1,0,0,0,0,0,0,0,0,0,0,0,0,0,0,3,3,4,4,4,4,4,4,3,3,3,3,3,3,3,3,3,3,3,3,4,4,3,3,1,1,1,1,0,0,0,0,0,0,,,,,,,,,,,,,,,,,,,,,,,,,,,,,,,,,,,,,,,,,,,,,,,,
6499,1600,6498,6500,,0,0,0,0,0,0,0,0,0,0,0,0,0,0,0,3,3,3,3,3,3,3,3,3,3,2,2,2,2,3,3,3,3,3,3,3,3,3,3,1,1,1,1,0,0,0,0,0,0,,,,,,,,,,,,,,,,,,,,,,,,,,,,,,,,,,,,,,,,,,,,,,,,
65,2500,77,61,63;99,2,27,27,28,28,20,20,21,21,25,25,27,27,74,74,1049,1049,1182,1182,1170,1170,1126,1126,1056,1056,970,970,1022,1022,982,982,1052,1052,1066,1066,1112,1112,1010,1010,210,210,134,134,91,91,66,66,34,34,,,,,,,,,,,,,,,,,,,,,,,,,,,,,,,,,,,,,,,,,,,,,,,,
6500,400,6501,16062,6499,1,0,0,0,0,0,0,0,0,0,0,0,0,0,0,3,3,4,4,4,4,4,4,3,3,3,3,3,3,3,3,3,3,3,3,4,4,4,4,1,1,1,1,0,0,0,0,0,0,,,,,,,,,,,,,,,,,,,,,,,,,,,,,,,,,,,,,,,,,,,,,,,,
6501,300,6500,6502,,0,0,0,0,0,0,0,0,0,0,0,0,0,0,0,3,3,4,4,4,4,4,4,3,3,3,3,3,3,3,3,3,3,3,3,4,4,4,4,1,1,1,1,0,0,0,0,0,0,,,,,,,,,,,,,,,,,,,,,,,,,,,,,,,,,,,,,,,,,,,,,,,,
6502,300,6501,6167,6194,1,0,0,0,0,0,0,0,0,0,0,0,0,0,0,4,4,4,4,4,4,4,4,3,3,3,3,3,3,3,3,3,3,3,3,4,4,4,4,1,1,1,1,0,0,0,0,0,0,,,,,,,,,,,,,,,,,,,,,,,,,,,,,,,,,,,,,,,,,,,,,,,,
6503,600,6504,6182,,0,0,0,0,0,0,0,0,0,0,0,0,0,0,0,2,2,2,2,2,2,2,2,2,2,2,2,2,2,2,2,2,2,2,2,2,2,2,2,1,1,0,0,0,0,0,0,0,0,,,,,,,,,,,,,,,,,,,,,,,,,,,,,,,,,,,,,,,,,,,,,,,,
6504,300,6215,6196,6503,1,0,0,0,0,0,0,0,0,0,0,0,0,0,0,2,2,3,3,3,3,3,3,2,2,2,2,2,2,2,2,2,2,2,2,3,3,2,2,1,1,1,1,0,0,0,0,0,0,,,,,,,,,,,,,,,,,,,,,,,,,,,,,,,,,,,,,,,,,,,,,,,,
6505,3500,6507,6506,6108,1,48,48,47,47,33,33,35,35,41,41,46,46,130,130,1235,1235,1352,1352,1266,1266,1276,1276,1147,1147,1138,1138,1037,1037,1178,1178,1187,1187,1164,1164,1266,1266,1259,1259,533,533,321,321,199,199,146,146,86,86,,,,,,,,,,,,,,,,,,,,,,,,,,,,,,,,,,,,,,,,,,,,,,,,
6506,3000,6505,10443,,0,34,34,35,35,24,24,26,26,31,31,34,34,93,93,1024,1024,1168,1168,1154,1154,1117,1117,1034,1034,948,948,1003,1003,958,958,1015,1015,1030,1030,1075,1075,972,972,262,262,168,168,114,114,82,82,42,42,,,,,,,,,,,,,,,,,,,,,,,,,,,,,,,,,,,,,,,,,,,,,,,,
6507,4400,6508,6505,,0,48,48,47,47,33,33,35,35,41,41,46,46,130,130,1235,1235,1352,1352,1266,1266,1276,1276,1147,1147,1138,1138,1037,1037,1178,1178,1187,1187,1164,1164,1266,1266,1259,1259,533,533,321,321,199,199,146,146,86,86,,,,,,,,,,,,,,,,,,,,,,,,,,,,,,,,,,,,,,,,,,,,,,,,
6508,3000,6509,6507,6114,1,48,48,47,47,33,33,35,35,41,41,46,46,130,130,1235,1235,1352,1352,1266,1266,1276,1276,1147,1147,1138,1138,1037,1037,1178,1178,1187,1187,1164,1164,1266,1266,1259,1259,533,533,321,321,199,199,146,146,86,86,,,,,,,,,,,,,,,,,,,,,,,,,,,,,,,,,,,,,,,,,,,,,,,,
6509,3000,6510,6508,,0,48,48,47,47,33,33,35,35,41,41,46,46,130,130,1235,1235,1352,1352,1266,1266,1276,1276,1147,1147,1138,1138,1037,1037,1178,1178,1187,1187,1164,1164,1266,1266,1259,1259,533,533,321,321,199,199,146,146,86,86,,,,,,,,,,,,,,,,,,,,,,,,,,,,,,,,,,,,,,,,,,,,,,,,
6510,3000,6509,6512,,0,48,48,47,47,33,33,35,35,41,41,46,46,130,130,1235,1235,1352,1352,1266,1266,1276,1276,1147,1147,1138,1138,1037,1037,1178,1178,1187,1187,1164,1164,1266,1266,1259,1259,533,533,321,321,199,199,146,146,86,86,,,,,,,,,,,,,,,,,,,,,,,,,,,,,,,,,,,,,,,,,,,,,,,,
6511,2000,6108,6114,,0,48,48,47,47,33,33,35,35,41,41,46,46,130,130,1235,1235,1352,1352,1266,1266,1276,1276,1147,1147,1138,1138,1037,1037,1178,1178,1187,1187,1164,1164,1266,1266,1259,1259,533,533,321,321,199,199,146,146,86,86,,,,,,,,,,,,,,,,,,,,,,,,,,,,,,,,,,,,,,,,,,,,,,,,
6512,3500,6513,6510,,0,48,48,47,47,33,33,35,35,41,41,46,46,130,130,1235,1235,1352,1352,1266,1266,1276,1276,1147,1147,1138,1138,1037,1037,1178,1178,1187,1187,1164,1164,1266,1266,1259,1259,533,533,321,321,199,199,146,146,86,86,,,,,,,,,,,,,,,,,,,,,,,,,,,,,,,,,,,,,,,,,,,,,,,,
6513,3000,6512,6106,,0,67,67,70,70,49,49,53,53,62,62,67,67,186,186,910,910,1134,1134,1023,1023,977,977,900,900,812,812,861,861,864,864,851,851,886,886,939,939,854,854,524,524,336,336,227,227,165,165,84,84,,,,,,,,,,,,,,,,,,,,,,,,,,,,,,,,,,,,,,,,,,,,,,,,
6514,3500,6515,,6294,1,67,67,70,70,49,49,53,53,62,62,67,67,186,186,910,910,1134,1134,1023,1023,977,977,900,900,812,812,861,861,864,864,851,851,886,886,939,939,854,854,524,524,336,336,227,227,165,165,84,84,,,,,,,,,,,,,,,,,,,,,,,,,,,,,,,,,,,,,,,,,,,,,,,,
6515,3850,6128,6294,6514,1,48,48,47,47,33,33,35,35,41,41,46,46,130,130,1235,1235,1352,1352,1266,1266,1276,1276,1147,1147,1138,1138,1037,1037,1178,1178,1187,1187,1164,1164,1266,1266,1259,1259,533,533,321,321,199,199,146,146,86,86,,,,,,,,,,,,,,,,,,,,,,,,,,,,,,,,,,,,,,,,,,,,,,,,
6516,4400,,6293,,0,67,67,70,70,49,49,53,53,62,62,67,67,186,186,910,910,1134,1134,1023,1023,977,977,900,900,812,812,861,861,864,864,851,851,886,886,939,939,854,854,524,524,336,336,227,227,165,165,84,84,,,,,,,,,,,,,,,,,,,,,,,,,,,,,,,,,,,,,,,,,,,,,,,,
6517,4400,6518,6458,,0,48,48,47,47,33,33,35,35,41,41,46,46,130,130,1235,1235,1352,1352,1266,1266,1276,1276,1147,1147,1138,1138,1037,1037,1178,1178,1187,1187,1164,1164,1266,1266,1259,1259,533,533,321,321,199,199,146,146,86,86,,,,,,,,,,,,,,,,,,,,,,,,,,,,,,,,,,,,,,,,,,,,,,,,
6518,4000,6517,,,0,67,67,70,70,49,49,53,53,62,62,67,67,186,186,910,910,1134,1134,1023,1023,977,977,900,900,812,812,861,861,864,864,851,851,886,886,939,939,854,854,524,524,336,336,227,227,165,165,84,84,,,,,,,,,,,,,,,,,,,,,,,,,,,,,,,,,,,,,,,,,,,,,,,,
6519,1600,6458,6520,,0,0,0,0,0,0,0,0,0,0,0,0,0,1,1,7,7,8,8,7,7,7,7,7,7,7,7,6,6,7,7,7,7,7,7,7,7,7,7,3,3,2,2,1,1,1,1,1,1,,,,,,,,,,,,,,,,,,,,,,,,,,,,,,,,,,,,,,,,,,,,,,,,
6520,2000,6519,6521,6131,1,48,48,47,47,33,33,35,35,41,41,46,46,130,130,1235,1235,1352,1352,1266,1266,1276,1276,1147,1147,1138,1138,1037,1037,1178,1178,1187,1187,1164,1164,1266,1266,1259,1259,533,533,321,321,199,199,146,146,86,86,,,,,,,,,,,,,,,,,,,,,,,,,,,,,,,,,,,,,,,,,,,,,,,,
6521,1600,6522,6520,,0,1,1,1,1,1,1,1,1,1,1,1,1,3,3,20,20,22,22,21,21,20,20,19,19,18,18,17,17,19,19,19,19,19,19,20,20,20,20,9,9,6,6,4,4,3,3,1,1,,,,,,,,,,,,,,,,,,,,,,,,,,,,,,,,,,,,,,,,,,,,,,,,
6522,2000,6120,6521,6180,1,32,32,29,29,21,21,22,22,26,26,29,29,84,84,1292,1292,1368,1368,1331,1331,1346,1346,1214,1214,1206,1206,1108,1108,1224,1224,1269,1269,1236,1236,1334,1334,1318,1318,402,402,237,237,142,142,105,105,65,65,,,,,,,,,,,,,,,,,,,,,,,,,,,,,,,,,,,,,,,,,,,,,,,,
6523,2500,6524,6538,,0,32,32,29,29,21,21,22,22,26,26,29,29,84,84,1292,1292,1368,1368,1331,1331,1346,1346,1214,1214,1206,1206,1108,1108,1224,1224,1269,1269,1236,1236,1334,1334,1318,1318,402,402,237,237,142,142,105,105,65,65,,,,,,,,,,,,,,,,,,,,,,,,,,,,,,,,,,,,,,,,,,,,,,,,
6524,2000,6130,6523,6527,1,32,32,29,29,21,21,22,22,26,26,29,29,84,84,1292,1292,1368,1368,1331,1331,1346,1346,1214,1214,1206,1206,1108,1108,1224,1224,1269,1269,1236,1236,1334,1334,1318,1318,402,402,237,237,142,142,105,105,65,65,,,,,,,,,,,,,,,,,,,,,,,,,,,,,,,,,,,,,,,,,,,,,,,,
6525,1600,6486,6526,,0,53,53,55,55,38,38,42,42,48,48,53,53,146,146,715,715,891,891,804,804,768,768,707,707,638,638,676,676,679,679,669,669,696,696,738,738,671,671,411,411,264,264,178,178,130,130,66,66,,,,,,,,,,,,,,,,,,,,,,,,,,,,,,,,,,,,,,,,,,,,,,,,
6526,300,6140,6163,6525,1,0,0,0,0,0,0,0,0,0,0,0,0,0,0,1,1,1,1,1,1,1,1,1,1,1,1,1,1,1,1,1,1,1,1,1,1,1,1,0,0,0,0,0,0,0,0,0,0,,,,,,,,,,,,,,,,,,,,,,,,,,,,,,,,,,,,,,,,,,,,,,,,
6527,2500,6524,6528,,0,32,32,29,29,21,21,22,22,26,26,29,29,84,84,1292,1292,1368,1368,1331,1331,1346,1346,1214,1214,1206,1206,1108,1108,1224,1224,1269,1269,1236,1236,1334,1334,1318,1318,402,402,237,237,142,142,105,105,65,65,,,,,,,,,,,,,,,,,,,,,,,,,,,,,,,,,,,,,,,,,,,,,,,,
6528,300,6134,6527,6163,1,0,0,0,0,0,0,0,0,0,0,0,0,0,0,4,4,5,5,4,4,4,4,4,4,4,4,4,4,4,4,4,4,4,4,4,4,4,4,2,2,1,1,1,1,0,0,0,0,,,,,,,,,,,,,,,,,,,,,,,,,,,,,,,,,,,,,,,,,,,,,,,,
6529,300,6534,6530,,0,0,0,0,0,0,0,0,0,0,0,0,0,0,0,3,3,3,3,3,3,3,3,3,3,2,2,2,2,3,3,3,3,3,3,3,3,3,3,1,1,1,1,0,0,0,0,0,0,,,,,,,,,,,,,,,,,,,,,,,,,,,,,,,,,,,,,,,,,,,,,,,,
6530,300,6140,6529,6139,1,0,0,0,0,0,0,0,0,0,0,0,0,0,0,2,2,2,2,2,2,2,2,2,2,2,2,2,2,2,2,2,2,2,2,2,2,2,2,1,1,0,0,0,0,0,0,0,0,,,,,,,,,,,,,,,,,,,,,,,,,,,,,,,,,,,,,,,,,,,,,,,,
6531,300,6536,6532,,0,0,0,0,0,0,0,0,0,0,0,0,0,0,0,3,3,4,4,3,3,3,3,3,3,3,3,3,3,3,3,3,3,3,3,3,3,3,3,1,1,1,1,0,0,0,0,0,0,,,,,,,,,,,,,,,,,,,,,,,,,,,,,,,,,,,,,,,,,,,,,,,,
6532,300,6531,6134,6139,1,0,0,0,0,0,0,0,0,0,0,0,0,0,0,3,3,3,3,3,3,3,3,2,2,2,2,2,2,2,2,2,2,2,2,3,3,3,3,1,1,1,1,0,0,0,0,0,0,,,,,,,,,,,,,,,,,,,,,,,,,,,,,,,,,,,,,,,,,,,,,,,,
6533,2500,,6488,,0,42,42,39,39,28,28,29,29,34,34,39,39,112,112,1343,1343,1424,1424,1347,1347,1375,1375,1229,1229,1247,1247,1096,1096,1282,1282,1299,1299,1257,1257,1375,1375,1394,1394,536,536,316,316,190,190,140,140,87,87,,,,,,,,,,,,,,,,,,,,,,,,,,,,,,,,,,,,,,,,,,,,,,,,
6534,300,6529,,6535,1,0,0,0,0,0,0,0,0,0,0,0,0,0,0,4,4,4,4,4,4,4,4,3,3,3,3,3,3,3,3,3,3,3,3,4,4,4,4,1,1,1,1,1,1,0,0,0,0,,,,,,,,,,,,,,,,,,,,,,,,,,,,,,,,,,,,,,,,,,,,,,,,
6535,2000,6534,6536,,0,42,42,39,39,28,28,29,29,34,34,39,39,112,112,1343,1343,1424,1424,1347,1347,1375,1375,1229,1229,1247,1247,1096,1096,1282,1282,1299,1299,1257,1257,1375,1375,1394,1394,536,536,316,316,190,190,140,140,87,87,,,,,,,,,,,,,,,,,,,,,,,,,,,,,,,,,,,,,,,,,,,,,,,,
6536,300,6531,6535,6537,1,0,0,0,0,0,0,0,0,0,0,0,0,0,0,5,5,5,5,5,5,5,5,4,4,4,4,4,4,4,4,5,5,4,4,5,5,5,5,2,2,1,1,1,1,0,0,0,0,,,,,,,,,,,,,,,,,,,,,,,,,,,,,,,,,,,,,,,,,,,,,,,,
6537,2500,6536,6538,,0,42,42,39,39,28,28,29,29,34,34,39,39,112,112,1343,1343,1424,1424,1347,1347,1375,1375,1229,1229,1247,1247,1096,1096,1282,1282,1299,1299,1257,1257,1375,1375,1394,1394,536,536,316,316,190,190,140,140,87,87,,,,,,,,,,,,,,,,,,,,,,,,,,,,,,,,,,,,,,,,,,,,,,,,
6538,1500,6254,6537,6523;6129,2,32,32,29,29,21,21,22,22,26,26,29,29,84,84,1292,1292,1368,1368,1331,1331,1346,1346,1214,1214,1206,1206,1108,1108,1224,1224,1269,1269,1236,1236,1334,1334,1318,1318,402,402,237,237,142,142,105,105,65,65,,,,,,,,,,,,,,,,,,,,,,,,,,,,,,,,,,,,,,,,,,,,,,,,
6539,300,6540,6168,,0,0,0,0,0,0,0,0,0,0,0,0,0,0,0,1,1,2,2,1,1,1,1,1,1,1,1,1,1,1,1,1,1,1,1,1,1,1,1,1,1,0,0,0,0,0,0,0,0,,,,,,,,,,,,,,,,,,,,,,,,,,,,,,,,,,,,,,,,,,,,,,,,
6540,800,6539,6166,6150,1,0,0,0,0,0,0,0,0,0,0,0,0,0,0,1,1,1,1,1,1,1,1,1,1,1,1,1,1,1,1,1,1,1,1,1,1,1,1,0,0,0,0,0,0,0,0,0,0,,,,,,,,,,,,,,,,,,,,,,,,,,,,,,,,,,,,,,,,,,,,,,,,
6541,800,6105,6544,,0,0,0,0,0,0,0,0,0,0,0,0,0,0,0,1,1,1,1,1,1,1,1,1,1,1,1,1,1,1,1,1,1,1,1,1,1,1,1,0,0,0,0,0,0,0,0,0,0,,,,,,,,,,,,,,,,,,,,,,,,,,,,,,,,,,,,,,,,,,,,,,,,
6542,500,,6127,6543;6118,2,32,32,29,29,21,21,22,22,26,26,29,29,84,84,1292,1292,1368,1368,1331,1331,1346,1346,1214,1214,1206,1206,1108,1108,1224,1224,1269,1269,1236,1236,1334,1334,1318,1318,402,402,237,237,142,142,105,105,65,65,,,,,,,,,,,,,,,,,,,,,,,,,,,,,,,,,,,,,,,,,,,,,,,,
6543,800,6542,6544,,0,0,0,0,0,0,0,0,0,0,0,0,0,0,0,3,3,4,4,4,4,4,4,3,3,3,3,3,3,3,3,3,3,3,3,4,4,3,3,1,1,1,1,0,0,0,0,0,0,,,,,,,,,,,,,,,,,,,,,,,,,,,,,,,,,,,,,,,,,,,,,,,,
6544,300,6547,6543,6541,1,0,0,0,0,0,0,0,0,0,0,0,0,0,0,2,2,2,2,2,2,2,2,2,2,2,2,2,2,2,2,2,2,2,2,2,2,2,2,1,1,0,0,0,0,0,0,0,0,,,,,,,,,,,,,,,,,,,,,,,,,,,,,,,,,,,,,,,,,,,,,,,,
6545,300,6122,6546,,0,0,0,0,0,0,0,0,0,0,0,0,0,0,0,2,2,2,2,2,2,2,2,2,2,2,2,2,2,2,2,2,2,2,2,2,2,2,2,1,1,0,0,0,0,0,0,0,0,,,,,,,,,,,,,,,,,,,,,,,,,,,,,,,,,,,,,,,,,,,,,,,,
6546,300,6118,6545,6117,1,0,0,0,0,0,0,0,0,0,0,0,0,0,0,3,3,4,4,3,3,3,3,3,3,3,3,3,3,3,3,3,3,3,3,3,3,3,3,1,1,1,1,0,0,0,0,0,0,,,,,,,,,,,,,,,,,,,,,,,,,,,,,,,,,,,,,,,,,,,,,,,,
6547,300,6548,6544,,0,0,0,0,0,0,0,0,0,0,0,0,0,0,0,2,2,2,2,2,2,2,2,2,2,2,2,2,2,2,2,2,2,2,2,2,2,2,2,1,1,0,0,0,0,0,0,0,0,,,,,,,,,,,,,,,,,,,,,,,,,,,,,,,,,,,,,,,,,,,,,,,,
6548,300,6547,6549,6111,1,0,0,0,0,0,0,0,0,0,0,0,0,0,0,2,2,2,2,2,2,2,2,2,2,2,2,2,2,2,2,2,2,2,2,2,2,2,2,1,1,0,0,0,0,0,0,0,0,,,,,,,,,,,,,,,,,,,,,,,,,,,,,,,,,,,,,,,,,,,,,,,,
6549,300,6548,6550,,0,0,0,0,0,0,0,0,0,0,0,0,0,0,0,2,2,2,2,2,2,2,2,2,2,2,2,2,2,2,2,2,2,2,2,2,2,2,2,1,1,0,0,0,0,0,0,0,0,,,,,,,,,,,,,,,,,,,,,,,,,,,,,,,,,,,,,,,,,,,,,,,,
6550,300,6549,6112,6117,1,0,0,0,0,0,0,0,0,0,0,0,0,0,0,2,2,2,2,2,2,2,2,2,2,2,2,2,2,2,2,2,2,2,2,2,2,2,2,1,1,0,0,0,0,0,0,0,0,,,,,,,,,,,,,,,,,,,,,,,,,,,,,,,,,,,,,,,,,,,,,,,,
6551,800,6552,6103,,0,7,7,7,7,5,5,5,5,6,6,7,7,19,19,91,91,113,113,102,102,98,98,90,90,81,81,86,86,86,86,85,85,89,89,94,94,85,85,52,52,34,34,23,23,16,16,8,8,,,,,,,,,,,,,,,,,,,,,,,,,,,,,,,,,,,,,,,,,,,,,,,,
6552,800,6102,6551,,0,7,7,7,7,5,5,5,5,6,6,7,7,19,19,91,91,113,113,102,102,98,98,90,90,81,81,86,86,86,86,85,85,89,89,94,94,85,85,52,52,34,34,23,23,16,16,8,8,,,,,,,,,,,,,,,,,,,,,,,,,,,,,,,,,,,,,,,,,,,,,,,,
6553,1600,,6554,,0,7,7,7,7,5,5,5,5,6,6,7,7,19,19,91,91,113,113,102,102,98,98,90,90,81,81,86,86,86,86,85,85,89,89,94,94,85,85,52,52,34,34,23,23,16,16,8,8,,,,,,,,,,,,,,,,,,,,,,,,,,,,,,,,,,,,,,,,,,,,,,,,
6554,300,6110,6121,6553,1,0,0,0,0,0,0,0,0,0,0,0,0,0,0,1,1,1,1,1,1,1,1,1,1,1,1,1,1,1,1,1,1,1,1,1,1,1,1,0,0,0,0,0,0,0,0,0,0,,,,,,,,,,,,,,,,,,,,,,,,,,,,,,,,,,,,,,,,,,,,,,,,
6555,1500,6563,14726,14724;6559,2,42,42,39,39,28,28,29,29,34,34,39,39,112,112,1343,1343,1424,1424,1347,1347,1375,1375,1229,1229,1247,1247,1096,1096,1282,1282,1299,1299,1257,1257,1375,1375,1394,1394,536,536,316,316,190,190,140,140,87,87,,,,,,,,,,,,,,,,,,,,,,,,,,,,,,,,,,,,,,,,,,,,,,,,
6556,2000,14723,6558,,0,67,67,70,70,49,49,53,53,62,62,67,67,186,186,910,910,1134,1134,1023,1023,977,977,900,900,812,812,861,861,864,864,851,851,886,886,939,939,854,854,524,524,336,336,227,227,165,165,84,84,,,,,,,,,,,,,,,,,,,,,,,,,,,,,,,,,,,,,,,,,,,,,,,,
6557,1600,7155,7159,14729;7157,2,0,0,0,0,0,0,0,0,0,0,0,0,0,0,3,3,3,3,3,3,3,3,3,3,2,2,2,2,2,2,2,2,3,3,3,3,3,3,1,1,1,1,0,0,0,0,0,0,,,,,,,,,,,,,,,,,,,,,,,,,,,,,,,,,,,,,,,,,,,,,,,,
6558,1600,7130,6556,6583,1,0,0,0,0,0,0,0,0,0,0,0,0,0,0,1,1,2,2,1,1,1,1,1,1,1,1,1,1,1,1,1,1,1,1,1,1,1,1,1,1,0,0,0,0,0,0,0,0,,,,,,,,,,,,,,,,,,,,,,,,,,,,,,,,,,,,,,,,,,,,,,,,
6559,1200,6555,6573,,0,0,0,0,0,0,0,0,0,0,0,0,0,1,1,4,4,4,4,4,4,4,4,4,4,3,3,3,3,4,4,4,4,4,4,4,4,4,4,2,2,1,1,1,1,0,0,0,0,,,,,,,,,,,,,,,,,,,,,,,,,,,,,,,,,,,,,,,,,,,,,,,,
6560,1200,7147,6564,,0,0,0,0,0,0,0,0,0,0,0,0,0,0,0,2,2,3,3,3,3,2,2,2,2,2,2,2,2,2,2,2,2,2,2,2,2,2,2,1,1,1,1,1,1,0,0,0,0,,,,,,,,,,,,,,,,,,,,,,,,,,,,,,,,,,,,,,,,,,,,,,,,
6561,1600,7144,6564,,0,0,0,0,0,0,0,0,0,0,0,0,0,0,0,1,1,1,1,1,1,1,1,1,1,1,1,1,1,1,1,1,1,1,1,1,1,1,1,0,0,0,0,0,0,0,0,0,0,,,,,,,,,,,,,,,,,,,,,,,,,,,,,,,,,,,,,,,,,,,,,,,,
6562,800,,6565,,0,0,0,0,0,0,0,0,0,0,0,0,0,0,0,0,0,0,0,0,0,0,0,0,0,0,0,0,0,0,0,0,0,0,0,0,0,0,0,0,0,0,0,0,0,0,0,0,0,,,,,,,,,,,,,,,,,,,,,,,,,,,,,,,,,,,,,,,,,,,,,,,,
6563,2500,7158,6555,,0,56,56,58,58,41,41,44,44,52,52,56,56,155,155,951,951,1158,1158,1050,1050,991,991,937,937,849,849,894,894,904,904,912,912,947,947,1000,1000,916,916,437,437,280,280,189,189,138,138,70,70,,,,,,,,,,,,,,,,,,,,,,,,,,,,,,,,,,,,,,,,,,,,,,,,
6564,1200,6561,6575,6560;6569,2,0,0,0,0,0,0,0,0,0,0,0,0,0,0,2,2,2,2,2,2,2,2,2,2,2,2,2,2,2,2,2,2,2,2,2,2,2,2,1,1,1,1,0,0,0,0,0,0,,,,,,,,,,,,,,,,,,,,,,,,,,,,,,,,,,,,,,,,,,,,,,,,
6565,1200,6578,6562,7141;6621,2,0,0,0,0,0,0,0,0,0,0,0,0,0,0,0,0,0,0,0,0,0,0,0,0,0,0,0,0,0,0,0,0,0,0,0,0,0,0,0,0,0,0,0,0,0,0,0,0,,,,,,,,,,,,,,,,,,,,,,,,,,,,,,,,,,,,,,,,,,,,,,,,
6566,1600,6570,14723,,0,53,53,55,55,38,38,42,42,48,48,53,53,146,146,715,715,891,891,804,804,768,768,707,707,638,638,676,676,679,679,669,669,696,696,738,738,671,671,411,411,264,264,178,178,130,130,66,66,,,,,,,,,,,,,,,,,,,,,,,,,,,,,,,,,,,,,,,,,,,,,,,,
6567,4400,6572,2580,14955;2098,2,56,56,58,58,41,41,44,44,52,52,56,56,155,155,951,951,1158,1158,1050,1050,991,991,937,937,849,849,894,894,904,904,912,912,947,947,1000,1000,916,916,437,437,280,280,189,189,138,138,70,70,,,,,,,,,,,,,,,,,,,,,,,,,,,,,,,,,,,,,,,,,,,,,,,,
6568,2500,7147,6570,,0,67,67,70,70,49,49,53,53,62,62,67,67,186,186,910,910,1134,1134,1023,1023,977,977,900,900,812,812,861,861,864,864,851,851,886,886,939,939,854,854,524,524,336,336,227,227,165,165,84,84,,,,,,,,,,,,,,,,,,,,,,,,,,,,,,,,,,,,,,,,,,,,,,,,
6569,1200,6564,6574,,0,0,0,0,0,0,0,0,0,0,0,0,0,0,0,1,1,2,2,2,2,2,2,1,1,1,1,1,1,1,1,1,1,1,1,1,1,1,1,1,1,1,1,0,0,0,0,0,0,,,,,,,,,,,,,,,,,,,,,,,,,,,,,,,,,,,,,,,,,,,,,,,,
6570,2000,6602,6566,6568;6585,2,67,67,70,70,49,49,53,53,62,62,67,67,186,186,910,910,1134,1134,1023,1023,977,977,900,900,812,812,861,861,864,864,851,851,886,886,939,939,854,854,524,524,336,336,227,227,165,165,84,84,,,,,,,,,,,,,,,,,,,,,,,,,,,,,,,,,,,,,,,,,,,,,,,,
6571,1600,7142,6574,,0,0,0,0,0,0,0,0,0,0,0,0,0,0,0,1,1,1,1,1,1,1,1,1,1,1,1,1,1,1,1,1,1,1,1,1,1,1,1,0,0,0,0,0,0,0,0,0,0,,,,,,,,,,,,,,,,,,,,,,,,,,,,,,,,,,,,,,,,,,,,,,,,
6572,4400,6573,6567,,0,56,56,58,58,41,41,44,44,52,52,56,56,155,155,951,951,1158,1158,1050,1050,991,991,937,937,849,849,894,894,904,904,912,912,947,947,1000,1000,916,916,437,437,280,280,189,189,138,138,70,70,,,,,,,,,,,,,,,,,,,,,,,,,,,,,,,,,,,,,,,,,,,,,,,,
6573,1200,6559,6614,6572;6584,2,0,0,0,0,0,0,0,0,0,0,0,0,1,1,5,5,6,6,5,5,5,5,5,5,4,4,5,5,5,5,5,5,5,5,5,5,5,5,2,2,1,1,1,1,1,1,0,0,,,,,,,,,,,,,,,,,,,,,,,,,,,,,,,,,,,,,,,,,,,,,,,,
6574,1200,6581,6571,6569;6577,2,0,0,0,0,0,0,0,0,0,0,0,0,0,0,1,1,1,1,1,1,1,1,1,1,1,1,1,1,1,1,1,1,1,1,1,1,1,1,1,1,0,0,0,0,0,0,0,0,,,,,,,,,,,,,,,,,,,,,,,,,,,,,,,,,,,,,,,,,,,,,,,,
6575,1200,6564,7151,,0,0,0,0,0,0,0,0,0,0,0,0,0,0,0,2,2,2,2,2,2,2,2,2,2,2,2,2,2,2,2,2,2,2,2,2,2,2,2,1,1,1,1,0,0,0,0,0,0,,,,,,,,,,,,,,,,,,,,,,,,,,,,,,,,,,,,,,,,,,,,,,,,
6576,800,6587,7158,,0,0,0,0,0,0,0,0,0,0,0,0,0,0,0,3,3,4,4,3,3,3,3,3,3,3,3,3,3,3,3,3,3,3,3,3,3,3,3,1,1,1,1,1,1,0,0,0,0,,,,,,,,,,,,,,,,,,,,,,,,,,,,,,,,,,,,,,,,,,,,,,,,
6577,1200,6579,6574,,0,0,0,0,0,0,0,0,0,0,0,0,0,0,0,1,1,1,1,1,1,1,1,1,1,1,1,1,1,1,1,1,1,1,1,1,1,1,1,1,1,0,0,0,0,0,0,0,0,,,,,,,,,,,,,,,,,,,,,,,,,,,,,,,,,,,,,,,,,,,,,,,,
6578,1200,6565,6579,,0,0,0,0,0,0,0,0,0,0,0,0,0,0,0,0,0,1,1,1,1,1,1,0,0,0,0,0,0,0,0,0,0,0,0,0,0,0,0,0,0,0,0,0,0,0,0,0,0,,,,,,,,,,,,,,,,,,,,,,,,,,,,,,,,,,,,,,,,,,,,,,,,
6579,1200,6595,6578,6577;6588,2,0,0,0,0,0,0,0,0,0,0,0,0,0,0,1,1,1,1,1,1,1,1,1,1,1,1,1,1,1,1,1,1,1,1,1,1,1,1,1,1,0,0,0,0,0,0,0,0,,,,,,,,,,,,,,,,,,,,,,,,,,,,,,,,,,,,,,,,,,,,,,,,
6580,1200,7133,6586,,0,0,0,0,0,0,0,0,0,0,0,0,0,0,0,1,1,1,1,1,1,1,1,1,1,1,1,1,1,1,1,1,1,1,1,1,1,1,1,1,1,0,0,0,0,0,0,0,0,,,,,,,,,,,,,,,,,,,,,,,,,,,,,,,,,,,,,,,,,,,,,,,,
6581,1200,7149,6574,,0,0,0,0,0,0,0,0,0,0,0,0,0,0,0,1,1,1,1,1,1,1,1,1,1,1,1,1,1,1,1,1,1,1,1,1,1,1,1,1,1,0,0,0,0,0,0,0,0,,,,,,,,,,,,,,,,,,,,,,,,,,,,,,,,,,,,,,,,,,,,,,,,
6582,1200,,6586,,0,0,0,0,0,0,0,0,0,0,0,0,0,0,0,2,2,2,2,2,2,2,2,2,2,2,2,2,2,2,2,2,2,2,2,2,2,2,2,1,1,1,1,0,0,0,0,0,0,,,,,,,,,,,,,,,,,,,,,,,,,,,,,,,,,,,,,,,,,,,,,,,,
6583,2500,6558,7129,,0,67,67,70,70,49,49,53,53,62,62,67,67,186,186,910,910,1134,1134,1023,1023,977,977,900,900,812,812,861,861,864,864,851,851,886,886,939,939,854,854,524,524,336,336,227,227,165,165,84,84,,,,,,,,,,,,,,,,,,,,,,,,,,,,,,,,,,,,,,,,,,,,,,,,
6584,4400,6573,6587,,0,56,56,58,58,41,41,44,44,52,52,56,56,155,155,951,951,1158,1158,1050,1050,991,991,937,937,849,849,894,894,904,904,912,912,947,947,1000,1000,916,916,437,437,280,280,189,189,138,138,70,70,,,,,,,,,,,,,,,,,,,,,,,,,,,,,,,,,,,,,,,,,,,,,,,,
6585,1600,7133,6570,,0,0,0,0,0,0,0,0,0,0,0,0,0,0,0,2,2,2,2,2,2,2,2,2,2,2,2,2,2,2,2,2,2,2,2,2,2,2,2,1,1,1,1,0,0,0,0,0,0,,,,,,,,,,,,,,,,,,,,,,,,,,,,,,,,,,,,,,,,,,,,,,,,
6586,1200,6582,6598,6580;6596,2,0,0,0,0,0,0,0,0,0,0,0,0,0,0,1,1,1,1,1,1,1,1,1,1,1,1,1,1,1,1,1,1,1,1,1,1,1,1,1,1,0,0,0,0,0,0,0,0,,,,,,,,,,,,,,,,,,,,,,,,,,,,,,,,,,,,,,,,,,,,,,,,
6587,1200,6576,6610,6584;6628,2,0,0,0,0,0,0,0,0,0,0,0,0,0,0,3,3,3,3,3,3,3,3,3,3,2,2,3,3,3,3,3,3,3,3,3,3,3,3,1,1,1,1,0,0,0,0,0,0,,,,,,,,,,,,,,,,,,,,,,,,,,,,,,,,,,,,,,,,,,,,,,,,
6588,1600,7153,6579,,0,0,0,0,0,0,0,0,0,0,0,0,0,0,0,1,1,1,1,1,1,1,1,1,1,1,1,1,1,1,1,1,1,1,1,1,1,1,1,1,1,0,0,0,0,0,0,0,0,,,,,,,,,,,,,,,,,,,,,,,,,,,,,,,,,,,,,,,,,,,,,,,,
6589,600,7140,6594,,0,0,0,0,0,0,0,0,0,0,0,0,0,0,0,1,1,1,1,1,1,1,1,1,1,0,0,1,1,1,1,0,0,1,1,1,1,0,0,0,0,0,0,0,0,0,0,0,0,,,,,,,,,,,,,,,,,,,,,,,,,,,,,,,,,,,,,,,,,,,,,,,,
6590,2000,6608,7132,7128;6633,2,67,67,70,70,49,49,53,53,62,62,67,67,186,186,910,910,1134,1134,1023,1023,977,977,900,900,812,812,861,861,864,864,851,851,886,886,939,939,854,854,524,524,336,336,227,227,165,165,84,84,,,,,,,,,,,,,,,,,,,,,,,,,,,,,,,,,,,,,,,,,,,,,,,,
6591,800,7136,6594,,0,0,0,0,0,0,0,0,0,0,0,0,0,0,0,0,0,0,0,0,0,0,0,0,0,0,0,0,0,0,0,0,0,0,0,0,0,0,0,0,0,0,0,0,0,0,0,0,0,,,,,,,,,,,,,,,,,,,,,,,,,,,,,,,,,,,,,,,,,,,,,,,,
6592,3500,7156,7049,,0,56,56,58,58,41,41,44,44,52,52,56,56,155,155,951,951,1158,1158,1050,1050,991,991,937,937,849,849,894,894,904,904,912,912,947,947,1000,1000,916,916,437,437,280,280,189,189,138,138,70,70,,,,,,,,,,,,,,,,,,,,,,,,,,,,,,,,,,,,,,,,,,,,,,,,
6593,2500,7051,7156,,0,56,56,58,58,41,41,44,44,52,52,56,56,155,155,951,951,1158,1158,1050,1050,991,991,937,937,849,849,894,894,904,904,912,912,947,947,1000,1000,916,916,437,437,280,280,189,189,138,138,70,70,,,,,,,,,,,,,,,,,,,,,,,,,,,,,,,,,,,,,,,,,,,,,,,,
6594,1200,6601,6591,6589;6603,2,0,0,0,0,0,0,0,0,0,0,0,0,0,0,1,1,1,1,1,1,1,1,1,1,0,0,1,1,1,1,1,1,1,1,1,1,1,1,0,0,0,0,0,0,0,0,0,0,,,,,,,,,,,,,,,,,,,,,,,,,,,,,,,,,,,,,,,,,,,,,,,,
6595,1200,7003,6579,,0,0,0,0,0,0,0,0,0,0,0,0,0,0,0,2,2,2,2,2,2,2,2,2,2,2,2,2,2,2,2,2,2,2,2,2,2,2,2,1,1,1,1,0,0,0,0,0,0,,,,,,,,,,,,,,,,,,,,,,,,,,,,,,,,,,,,,,,,,,,,,,,,
6596,800,6600,6586,,0,0,0,0,0,0,0,0,0,0,0,0,0,0,0,1,1,1,1,1,1,1,1,1,1,1,1,1,1,1,1,1,1,1,1,1,1,1,1,0,0,0,0,0,0,0,0,0,0,,,,,,,,,,,,,,,,,,,,,,,,,,,,,,,,,,,,,,,,,,,,,,,,
6597,1200,6600,,,0,0,0,0,0,0,0,0,0,0,0,0,0,0,0,1,1,1,1,1,1,1,1,1,1,1,1,1,1,1,1,1,1,1,1,1,1,1,1,1,1,0,0,0,0,0,0,0,0,,,,,,,,,,,,,,,,,,,,,,,,,,,,,,,,,,,,,,,,,,,,,,,,
6598,1200,6983,6586,,0,0,0,0,0,0,0,0,0,0,0,0,0,0,0,2,2,2,2,2,2,2,2,2,2,2,2,2,2,2,2,2,2,2,2,2,2,2,2,1,1,1,1,0,0,0,0,0,0,,,,,,,,,,,,,,,,,,,,,,,,,,,,,,,,,,,,,,,,,,,,,,,,
6599,1200,,7129,,0,0,0,0,0,0,0,0,0,0,0,0,0,0,0,1,1,2,2,1,1,1,1,1,1,1,1,1,1,1,1,1,1,1,1,1,1,1,1,1,1,0,0,0,0,0,0,0,0,,,,,,,,,,,,,,,,,,,,,,,,,,,,,,,,,,,,,,,,,,,,,,,,
66,2000,51,71,,0,50,50,52,52,37,37,40,40,46,46,50,50,140,140,967,967,1151,1151,1088,1088,1047,1047,967,967,880,880,932,932,911,911,933,933,958,958,1007,1007,913,913,393,393,252,252,170,170,124,124,63,63,,,,,,,,,,,,,,,,,,,,,,,,,,,,,,,,,,,,,,,,,,,,,,,,
6600,1200,6597,6609,6596;6605,2,0,0,0,0,0,0,0,0,0,0,0,0,0,0,1,1,1,1,1,1,1,1,1,1,1,1,1,1,1,1,1,1,1,1,1,1,1,1,1,1,0,0,0,0,0,0,0,0,,,,,,,,,,,,,,,,,,,,,,,,,,,,,,,,,,,,,,,,,,,,,,,,
6601,1200,7007,6594,,0,0,0,0,0,0,0,0,0,0,0,0,0,0,0,1,1,1,1,1,1,1,1,1,1,1,1,1,1,1,1,1,1,1,1,1,1,1,1,1,1,0,0,0,0,0,0,0,0,,,,,,,,,,,,,,,,,,,,,,,,,,,,,,,,,,,,,,,,,,,,,,,,
6602,1200,7151,6570,,0,0,0,0,0,0,0,0,0,0,0,0,0,0,0,2,2,3,3,3,3,2,2,2,2,2,2,2,2,2,2,2,2,2,2,2,2,2,2,1,1,1,1,1,1,0,0,0,0,,,,,,,,,,,,,,,,,,,,,,,,,,,,,,,,,,,,,,,,,,,,,,,,
6603,600,6594,6625,,0,0,0,0,0,0,0,0,0,0,0,0,0,0,0,1,1,1,1,1,1,1,1,1,1,1,1,1,1,1,1,1,1,1,1,1,1,1,1,0,0,0,0,0,0,0,0,0,0,,,,,,,,,,,,,,,,,,,,,,,,,,,,,,,,,,,,,,,,,,,,,,,,
6604,1200,7153,7005,,0,0,0,0,0,0,0,0,0,0,0,0,0,0,0,1,1,2,2,2,2,2,2,1,1,1,1,1,1,1,1,1,1,1,1,2,2,1,1,1,1,1,1,0,0,0,0,0,0,,,,,,,,,,,,,,,,,,,,,,,,,,,,,,,,,,,,,,,,,,,,,,,,
6605,800,6600,6612,,0,0,0,0,0,0,0,0,0,0,0,0,0,0,0,1,1,1,1,1,1,1,1,1,1,1,1,1,1,1,1,1,1,1,1,1,1,1,1,1,1,0,0,0,0,0,0,0,0,,,,,,,,,,,,,,,,,,,,,,,,,,,,,,,,,,,,,,,,,,,,,,,,
6606,1200,,6612,,0,0,0,0,0,0,0,0,0,0,0,0,0,0,0,2,2,2,2,2,2,2,2,2,2,2,2,2,2,2,2,2,2,2,2,2,2,2,2,1,1,1,1,0,0,0,0,0,0,,,,,,,,,,,,,,,,,,,,,,,,,,,,,,,,,,,,,,,,,,,,,,,,
6607,1200,7022,7039,,0,0,0,0,0,0,0,0,0,0,0,0,0,0,0,0,0,1,1,0,0,0,0,0,0,0,0,0,0,0,0,0,0,0,0,0,0,0,0,0,0,0,0,0,0,0,0,0,0,,,,,,,,,,,,,,,,,,,,,,,,,,,,,,,,,,,,,,,,,,,,,,,,
6608,1600,6590,6985,,0,0,0,0,0,0,0,0,0,0,0,0,0,0,0,2,2,2,2,2,2,2,2,2,2,1,1,1,1,2,2,1,1,2,2,2,2,1,1,1,1,1,1,0,0,0,0,0,0,,,,,,,,,,,,,,,,,,,,,,,,,,,,,,,,,,,,,,,,,,,,,,,,
6609,1200,6981,6600,,0,0,0,0,0,0,0,0,0,0,0,0,0,0,0,1,1,1,1,1,1,1,1,1,1,1,1,1,1,1,1,1,1,1,1,1,1,1,1,1,1,0,0,0,0,0,0,0,0,,,,,,,,,,,,,,,,,,,,,,,,,,,,,,,,,,,,,,,,,,,,,,,,
6610,1600,6587,6615,,0,0,0,0,0,0,0,0,0,0,0,0,0,0,0,2,2,3,3,2,2,2,2,2,2,2,2,2,2,2,2,2,2,2,2,2,2,2,2,1,1,1,1,0,0,0,0,0,0,,,,,,,,,,,,,,,,,,,,,,,,,,,,,,,,,,,,,,,,,,,,,,,,
6611,2000,7004,7000,7002;6646,2,67,67,70,70,49,49,53,53,62,62,67,67,186,186,910,910,1134,1134,1023,1023,977,977,900,900,812,812,861,861,864,864,851,851,886,886,939,939,854,854,524,524,336,336,227,227,165,165,84,84,,,,,,,,,,,,,,,,,,,,,,,,,,,,,,,,,,,,,,,,,,,,,,,,
6612,1200,6606,6623,6605;6620,2,0,0,0,0,0,0,0,0,0,0,0,0,0,0,1,1,2,2,2,2,1,1,1,1,1,1,1,1,1,1,1,1,1,1,1,1,1,1,1,1,0,0,0,0,0,0,0,0,,,,,,,,,,,,,,,,,,,,,,,,,,,,,,,,,,,,,,,,,,,,,,,,
6613,1600,6615,7061,,0,0,0,0,0,0,0,0,0,0,0,0,0,0,0,2,2,3,3,3,3,2,2,2,2,2,2,2,2,2,2,2,2,2,2,3,3,2,2,1,1,1,1,0,0,0,0,0,0,,,,,,,,,,,,,,,,,,,,,,,,,,,,,,,,,,,,,,,,,,,,,,,,
6614,1200,7061,6573,,0,0,0,0,0,0,0,0,0,0,0,0,0,1,1,4,4,4,4,4,4,4,4,4,4,3,3,3,3,3,3,4,4,4,4,4,4,4,4,2,2,1,1,1,1,0,0,0,0,,,,,,,,,,,,,,,,,,,,,,,,,,,,,,,,,,,,,,,,,,,,,,,,
6615,1200,6634,6613,6610;6636,2,0,0,0,0,0,0,0,0,0,0,0,0,0,0,2,2,2,2,2,2,2,2,2,2,2,2,2,2,2,2,2,2,2,2,2,2,2,2,1,1,0,0,0,0,0,0,0,0,,,,,,,,,,,,,,,,,,,,,,,,,,,,,,,,,,,,,,,,,,,,,,,,
6616,1200,2099,6619,,0,0,0,0,0,0,0,0,0,0,0,0,0,0,0,909,909,1002,1002,931,931,835,835,881,881,812,812,829,829,868,868,957,957,982,982,1027,1027,964,964,0,0,0,0,0,0,0,0,0,0,,,,,,,,,,,,,,,,,,,,,,,,,,,,,,,,,,,,,,,,,,,,,,,,
6617,4400,14709,7051,,0,42,42,39,39,28,28,29,29,34,34,39,39,112,112,1343,1343,1424,1424,1347,1347,1375,1375,1229,1229,1247,1247,1096,1096,1282,1282,1299,1299,1257,1257,1375,1375,1394,1394,536,536,316,316,190,190,140,140,87,87,,,,,,,,,,,,,,,,,,,,,,,,,,,,,,,,,,,,,,,,,,,,,,,,
6618,800,7011,7009,,0,0,0,0,0,0,0,0,0,0,0,0,0,0,0,1,1,1,1,1,1,1,1,1,1,1,1,1,1,1,1,1,1,1,1,1,1,1,1,1,1,0,0,0,0,0,0,0,0,,,,,,,,,,,,,,,,,,,,,,,,,,,,,,,,,,,,,,,,,,,,,,,,
6619,1600,6616,6638,7060;6653,2,0,0,0,0,0,0,0,0,0,0,0,0,1,1,5,5,6,6,6,6,5,5,5,5,5,5,5,5,5,5,5,5,5,5,5,5,5,5,2,2,1,1,1,1,1,1,0,0,,,,,,,,,,,,,,,,,,,,,,,,,,,,,,,,,,,,,,,,,,,,,,,,
6620,1200,6612,7001,,0,0,0,0,0,0,0,0,0,0,0,0,0,0,0,2,2,2,2,2,2,2,2,2,2,1,1,2,2,2,2,2,2,2,2,2,2,2,2,1,1,1,1,0,0,0,0,0,0,,,,,,,,,,,,,,,,,,,,,,,,,,,,,,,,,,,,,,,,,,,,,,,,
6621,800,6565,7138,,0,0,0,0,0,0,0,0,0,0,0,0,0,0,0,0,0,0,0,0,0,0,0,0,0,0,0,0,0,0,0,0,0,0,0,0,0,0,0,0,0,0,0,0,0,0,0,0,0,,,,,,,,,,,,,,,,,,,,,,,,,,,,,,,,,,,,,,,,,,,,,,,,
6622,1600,7037,7020,,0,0,0,0,0,0,0,0,0,0,0,0,0,0,0,1,1,1,1,1,1,1,1,1,1,0,0,1,1,1,1,1,1,1,1,1,1,1,1,0,0,0,0,0,0,0,0,0,0,,,,,,,,,,,,,,,,,,,,,,,,,,,,,,,,,,,,,,,,,,,,,,,,
6623,1200,6979,6612,,0,0,0,0,0,0,0,0,0,0,0,0,0,0,0,1,1,1,1,1,1,1,1,1,1,1,1,1,1,1,1,1,1,1,1,1,1,1,1,0,0,0,0,0,0,0,0,0,0,,,,,,,,,,,,,,,,,,,,,,,,,,,,,,,,,,,,,,,,,,,,,,,,
6624,1200,6625,7011,,0,0,0,0,0,0,0,0,0,0,0,0,0,0,0,1,1,1,1,1,1,1,1,1,1,1,1,1,1,1,1,1,1,1,1,1,1,1,1,0,0,0,0,0,0,0,0,0,0,,,,,,,,,,,,,,,,,,,,,,,,,,,,,,,,,,,,,,,,,,,,,,,,
6625,800,6624,7023,6603,1,0,0,0,0,0,0,0,0,0,0,0,0,0,0,1,1,1,1,1,1,1,1,1,1,1,1,1,1,1,1,1,1,1,1,1,1,1,1,0,0,0,0,0,0,0,0,0,0,,,,,,,,,,,,,,,,,,,,,,,,,,,,,,,,,,,,,,,,,,,,,,,,
6626,500,6660,6631,,0,56,56,58,58,41,41,44,44,52,52,56,56,155,155,951,951,1158,1158,1050,1050,991,991,937,937,849,849,894,894,904,904,912,912,947,947,1000,1000,916,916,437,437,280,280,189,189,138,138,70,70,,,,,,,,,,,,,,,,,,,,,,,,,,,,,,,,,,,,,,,,,,,,,,,,
6627,1600,6999,7009,,0,0,0,0,0,0,0,0,0,0,0,0,0,0,0,2,2,2,2,2,2,2,2,2,2,1,1,2,2,2,2,2,2,2,2,2,2,2,2,1,1,1,1,0,0,0,0,0,0,,,,,,,,,,,,,,,,,,,,,,,,,,,,,,,,,,,,,,,,,,,,,,,,
6628,4400,6587,7049,,0,56,56,58,58,41,41,44,44,52,52,56,56,155,155,951,951,1158,1158,1050,1050,991,991,937,937,849,849,894,894,904,904,912,912,947,947,1000,1000,916,916,437,437,280,280,189,189,138,138,70,70,,,,,,,,,,,,,,,,,,,,,,,,,,,,,,,,,,,,,,,,,,,,,,,,
6629,1600,7033,,,0,0,0,0,0,0,0,0,0,0,0,0,0,0,0,1,1,2,2,2,2,2,2,1,1,1,1,1,1,1,1,1,1,1,1,2,2,1,1,1,1,1,1,0,0,0,0,0,0,,,,,,,,,,,,,,,,,,,,,,,,,,,,,,,,,,,,,,,,,,,,,,,,
6630,300,6663,,6631,1,0,0,0,0,0,0,0,0,0,0,0,0,1,1,6,6,8,8,7,7,7,7,6,6,6,6,6,6,6,6,6,6,6,6,7,7,6,6,3,3,2,2,1,1,1,1,0,0,,,,,,,,,,,,,,,,,,,,,,,,,,,,,,,,,,,,,,,,,,,,,,,,
6631,3500,7052,7042,7046;6626;6630,3,67,67,70,70,49,49,53,53,62,62,67,67,186,186,910,910,1134,1134,1023,1023,977,977,900,900,812,812,861,861,864,864,851,851,886,886,939,939,854,854,524,524,336,336,227,227,165,165,84,84,,,,,,,,,,,,,,,,,,,,,,,,,,,,,,,,,,,,,,,,,,,,,,,,
6632,1200,6637,7047,,0,0,0,0,0,0,0,0,0,0,0,0,0,1,1,4,4,5,5,5,5,4,4,4,4,4,4,4,4,4,4,4,4,4,4,4,4,4,4,2,2,1,1,1,1,1,1,0,0,,,,,,,,,,,,,,,,,,,,,,,,,,,,,,,,,,,,,,,,,,,,,,,,
6633,1200,6590,6983,,0,0,0,0,0,0,0,0,0,0,0,0,0,0,0,2,2,3,3,3,3,2,2,2,2,2,2,2,2,2,2,2,2,2,2,2,2,2,2,1,1,1,1,1,1,0,0,0,0,,,,,,,,,,,,,,,,,,,,,,,,,,,,,,,,,,,,,,,,,,,,,,,,
6634,1600,6637,6615,,0,0,0,0,0,0,0,0,0,0,0,0,0,0,0,2,2,3,3,3,3,2,2,2,2,2,2,2,2,2,2,2,2,2,2,3,3,2,2,1,1,1,1,0,0,0,0,0,0,,,,,,,,,,,,,,,,,,,,,,,,,,,,,,,,,,,,,,,,,,,,,,,,
6635,2000,7031,7029,,0,67,67,70,70,49,49,53,53,62,62,67,67,186,186,910,910,1134,1134,1023,1023,977,977,900,900,812,812,861,861,864,864,851,851,886,886,939,939,854,854,524,524,336,336,227,227,165,165,84,84,,,,,,,,,,,,,,,,,,,,,,,,,,,,,,,,,,,,,,,,,,,,,,,,
6636,1200,6615,6639,,0,0,0,0,0,0,0,0,0,0,0,0,0,0,0,1,1,1,1,1,1,1,1,1,1,1,1,1,1,1,1,1,1,1,1,1,1,1,1,1,1,0,0,0,0,0,0,0,0,,,,,,,,,,,,,,,,,,,,,,,,,,,,,,,,,,,,,,,,,,,,,,,,
6637,1200,6634,6643,6632;6645,2,0,0,0,0,0,0,0,0,0,0,0,0,0,0,3,3,3,3,3,3,3,3,3,3,2,2,3,3,3,3,3,3,3,3,3,3,3,3,1,1,1,1,0,0,0,0,0,0,,,,,,,,,,,,,,,,,,,,,,,,,,,,,,,,,,,,,,,,,,,,,,,,
6638,1600,6639,6619,,0,0,0,0,0,0,0,0,0,0,0,0,0,0,0,2,2,3,3,2,2,2,2,2,2,2,2,2,2,2,2,2,2,2,2,2,2,2,2,1,1,1,1,0,0,0,0,0,0,,,,,,,,,,,,,,,,,,,,,,,,,,,,,,,,,,,,,,,,,,,,,,,,
6639,1200,6638,6649,6636;6648,2,0,0,0,0,0,0,0,0,0,0,0,0,0,0,1,1,1,1,1,1,1,1,1,1,1,1,1,1,1,1,1,1,1,1,1,1,1,1,0,0,0,0,0,0,0,0,0,0,,,,,,,,,,,,,,,,,,,,,,,,,,,,,,,,,,,,,,,,,,,,,,,,
6640,1600,6997,7013,,0,53,53,55,55,38,38,42,42,48,48,53,53,146,146,715,715,891,891,804,804,768,768,707,707,638,638,676,676,679,679,669,669,696,696,738,738,671,671,411,411,264,264,178,178,130,130,66,66,,,,,,,,,,,,,,,,,,,,,,,,,,,,,,,,,,,,,,,,,,,,,,,,
6641,1200,7016,7013,,0,0,0,0,0,0,0,0,0,0,0,0,0,0,0,2,2,2,2,2,2,2,2,2,2,2,2,2,2,2,2,2,2,2,2,2,2,2,2,1,1,1,1,0,0,0,0,0,0,,,,,,,,,,,,,,,,,,,,,,,,,,,,,,,,,,,,,,,,,,,,,,,,
6642,3000,6985,6975,,0,67,67,70,70,49,49,53,53,62,62,67,67,186,186,910,910,1134,1134,1023,1023,977,977,900,900,812,812,861,861,864,864,851,851,886,886,939,939,854,854,524,524,336,336,227,227,165,165,84,84,,,,,,,,,,,,,,,,,,,,,,,,,,,,,,,,,,,,,,,,,,,,,,,,
6643,1200,7045,6637,,0,0,0,0,0,0,0,0,0,0,0,0,0,1,1,5,5,6,6,5,5,5,5,5,5,4,4,5,5,5,5,5,5,5,5,5,5,5,5,2,2,1,1,1,1,1,1,0,0,,,,,,,,,,,,,,,,,,,,,,,,,,,,,,,,,,,,,,,,,,,,,,,,
6644,1600,6977,7001,,0,0,0,0,0,0,0,0,0,0,0,0,0,0,0,1,1,1,1,1,1,1,1,1,1,1,1,1,1,1,1,1,1,1,1,1,1,1,1,1,1,0,0,0,0,0,0,0,0,,,,,,,,,,,,,,,,,,,,,,,,,,,,,,,,,,,,,,,,,,,,,,,,
6645,1200,6654,6637,,0,0,0,0,0,0,0,0,0,0,0,0,0,0,0,2,2,2,2,2,2,2,2,2,2,1,1,2,2,2,2,2,2,2,2,2,2,2,2,1,1,0,0,0,0,0,0,0,0,,,,,,,,,,,,,,,,,,,,,,,,,,,,,,,,,,,,,,,,,,,,,,,,
6646,2000,6611,6999,,0,67,67,70,70,49,49,53,53,62,62,67,67,186,186,910,910,1134,1134,1023,1023,977,977,900,900,812,812,861,861,864,864,851,851,886,886,939,939,854,854,524,524,336,336,227,227,165,165,84,84,,,,,,,,,,,,,,,,,,,,,,,,,,,,,,,,,,,,,,,,,,,,,,,,
6647,1200,7018,7035,,0,0,0,0,0,0,0,0,0,0,0,0,0,0,0,1,1,1,1,1,1,1,1,1,1,1,1,1,1,1,1,1,1,1,1,1,1,1,1,0,0,0,0,0,0,0,0,0,0,,,,,,,,,,,,,,,,,,,,,,,,,,,,,,,,,,,,,,,,,,,,,,,,
6648,1200,6639,6657,,0,0,0,0,0,0,0,0,0,0,0,0,0,0,0,1,1,1,1,1,1,1,1,1,1,1,1,1,1,1,1,1,1,1,1,1,1,1,1,0,0,0,0,0,0,0,0,0,0,,,,,,,,,,,,,,,,,,,,,,,,,,,,,,,,,,,,,,,,,,,,,,,,
6649,1600,6639,6654,,0,0,0,0,0,0,0,0,0,0,0,0,0,0,0,1,1,1,1,1,1,1,1,1,1,1,1,1,1,1,1,1,1,1,1,1,1,1,1,0,0,0,0,0,0,0,0,0,0,,,,,,,,,,,,,,,,,,,,,,,,,,,,,,,,,,,,,,,,,,,,,,,,
6650,3500,6986,6972,6974;6670,2,67,67,70,70,49,49,53,53,62,62,67,67,186,186,910,910,1134,1134,1023,1023,977,977,900,900,812,812,861,861,864,864,851,851,886,886,939,939,854,854,524,524,336,336,227,227,165,165,84,84,,,,,,,,,,,,,,,,,,,,,,,,,,,,,,,,,,,,,,,,,,,,,,,,
6651,1600,7018,6659,,0,0,0,0,0,0,0,0,0,0,0,0,0,0,0,2,2,2,2,2,2,2,2,2,2,1,1,2,2,2,2,2,2,2,2,2,2,2,2,1,1,1,1,0,0,0,0,0,0,,,,,,,,,,,,,,,,,,,,,,,,,,,,,,,,,,,,,,,,,,,,,,,,
6652,1600,6657,7059,,0,0,0,0,0,0,0,0,0,0,0,0,0,0,0,2,2,2,2,2,2,2,2,2,2,2,2,2,2,2,2,2,2,2,2,2,2,2,2,1,1,0,0,0,0,0,0,0,0,,,,,,,,,,,,,,,,,,,,,,,,,,,,,,,,,,,,,,,,,,,,,,,,
6653,1200,6619,7059,,0,0,0,0,0,0,0,0,0,0,0,0,0,1,1,4,4,5,5,5,5,4,4,4,4,4,4,4,4,4,4,4,4,4,4,4,4,4,4,2,2,1,1,1,1,1,1,0,0,,,,,,,,,,,,,,,,,,,,,,,,,,,,,,,,,,,,,,,,,,,,,,,,
6654,1200,6664,6649,6645;6677,2,0,0,0,0,0,0,0,0,0,0,0,0,0,0,2,2,2,2,2,2,2,2,2,2,2,2,2,2,2,2,2,2,2,2,2,2,2,2,1,1,1,1,0,0,0,0,0,0,,,,,,,,,,,,,,,,,,,,,,,,,,,,,,,,,,,,,,,,,,,,,,,,
6655,2000,7029,6659,,0,67,67,70,70,49,49,53,53,62,62,67,67,186,186,910,910,1134,1134,1023,1023,977,977,900,900,812,812,861,861,864,864,851,851,886,886,939,939,854,854,524,524,336,336,227,227,165,165,84,84,,,,,,,,,,,,,,,,,,,,,,,,,,,,,,,,,,,,,,,,,,,,,,,,
6656,1500,7015,6679,6996;6994,2,67,67,70,70,49,49,53,53,62,62,67,67,186,186,910,910,1134,1134,1023,1023,977,977,900,900,812,812,861,861,864,864,851,851,886,886,939,939,854,854,524,524,336,336,227,227,165,165,84,84,,,,,,,,,,,,,,,,,,,,,,,,,,,,,,,,,,,,,,,,,,,,,,,,
6657,1200,6652,6668,6648;6667,2,0,0,0,0,0,0,0,0,0,0,0,0,0,0,1,1,1,1,1,1,1,1,1,1,1,1,1,1,1,1,1,1,1,1,1,1,1,1,0,0,0,0,0,0,0,0,0,0,,,,,,,,,,,,,,,,,,,,,,,,,,,,,,,,,,,,,,,,,,,,,,,,
6658,1200,2140,6669,7058;6685,2,0,0,0,0,0,0,0,0,0,0,0,0,1,1,5,5,6,6,5,5,5,5,5,5,5,5,5,5,5,5,5,5,5,5,5,5,5,5,2,2,1,1,1,1,1,1,0,0,,,,,,,,,,,,,,,,,,,,,,,,,,,,,,,,,,,,,,,,,,,,,,,,
6659,2000,6673,6655,6651;6672,2,67,67,70,70,49,49,53,53,62,62,67,67,186,186,910,910,1134,1134,1023,1023,977,977,900,900,812,812,861,861,864,864,851,851,886,886,939,939,854,854,524,524,336,336,227,227,165,165,84,84,,,,,,,,,,,,,,,,,,,,,,,,,,,,,,,,,,,,,,,,,,,,,,,,
6660,4400,6626,6661,,0,67,67,70,70,49,49,53,53,62,62,67,67,186,186,910,910,1134,1134,1023,1023,977,977,900,900,812,812,861,861,864,864,851,851,886,886,939,939,854,854,524,524,336,336,227,227,165,165,84,84,,,,,,,,,,,,,,,,,,,,,,,,,,,,,,,,,,,,,,,,,,,,,,,,
6661,300,,6660,6666,1,0,0,0,0,0,0,0,0,0,0,0,0,1,1,6,6,7,7,6,6,6,6,6,6,5,5,5,5,6,6,6,6,6,6,6,6,6,6,3,3,2,2,1,1,1,1,0,0,,,,,,,,,,,,,,,,,,,,,,,,,,,,,,,,,,,,,,,,,,,,,,,,
6662,800,,6995,,0,0,0,0,0,0,0,0,0,0,0,0,0,0,0,2,2,3,3,2,2,2,2,2,2,2,2,2,2,2,2,2,2,2,2,2,2,2,2,1,1,1,1,1,1,0,0,0,0,,,,,,,,,,,,,,,,,,,,,,,,,,,,,,,,,,,,,,,,,,,,,,,,
6663,4000,6665,6630,,0,56,56,58,58,41,41,44,44,52,52,56,56,155,155,951,951,1158,1158,1050,1050,991,991,937,937,849,849,894,894,904,904,912,912,947,947,1000,1000,916,916,437,437,280,280,189,189,138,138,70,70,,,,,,,,,,,,,,,,,,,,,,,,,,,,,,,,,,,,,,,,,,,,,,,,
6664,1200,7043,6654,,0,0,0,0,0,0,0,0,0,0,0,0,0,0,0,3,3,4,4,4,4,3,3,3,3,3,3,3,3,3,3,3,3,3,3,3,3,3,3,1,1,1,1,1,1,0,0,0,0,,,,,,,,,,,,,,,,,,,,,,,,,,,,,,,,,,,,,,,,,,,,,,,,
6665,1100,6663,6666,,0,56,56,58,58,41,41,44,44,52,52,56,56,155,155,951,951,1158,1158,1050,1050,991,991,937,937,849,849,894,894,904,904,912,912,947,947,1000,1000,916,916,437,437,280,280,189,189,138,138,70,70,,,,,,,,,,,,,,,,,,,,,,,,,,,,,,,,,,,,,,,,,,,,,,,,
6666,3300,7108,6905,6661;6665;7040,3,67,67,70,70,49,49,53,53,62,62,67,67,186,186,910,910,1134,1134,1023,1023,977,977,900,900,812,812,861,861,864,864,851,851,886,886,939,939,854,854,524,524,336,336,227,227,165,165,84,84,,,,,,,,,,,,,,,,,,,,,,,,,,,,,,,,,,,,,,,,,,,,,,,,
6667,1200,6657,6671,,0,0,0,0,0,0,0,0,0,0,0,0,0,0,0,1,1,2,2,2,2,1,1,1,1,1,1,1,1,1,1,1,1,1,1,2,2,1,1,1,1,0,0,0,0,0,0,0,0,,,,,,,,,,,,,,,,,,,,,,,,,,,,,,,,,,,,,,,,,,,,,,,,
6668,1600,7057,6657,,0,0,0,0,0,0,0,0,0,0,0,0,0,0,0,1,1,2,2,2,2,2,2,1,1,1,1,1,1,1,1,1,1,1,1,2,2,1,1,1,1,0,0,0,0,0,0,0,0,,,,,,,,,,,,,,,,,,,,,,,,,,,,,,,,,,,,,,,,,,,,,,,,
6669,1600,6671,6658,,0,0,0,0,0,0,0,0,0,0,0,0,0,0,0,3,3,4,4,4,4,4,4,3,3,3,3,3,3,3,3,3,3,3,3,4,4,3,3,1,1,1,1,1,1,0,0,0,0,,,,,,,,,,,,,,,,,,,,,,,,,,,,,,,,,,,,,,,,,,,,,,,,
6670,4400,6650,6965,,0,67,67,70,70,49,49,53,53,62,62,67,67,186,186,910,910,1134,1134,1023,1023,977,977,900,900,812,812,861,861,864,864,851,851,886,886,939,939,854,854,524,524,336,336,227,227,165,165,84,84,,,,,,,,,,,,,,,,,,,,,,,,,,,,,,,,,,,,,,,,,,,,,,,,
6671,1200,6669,6678,6667;6680,2,0,0,0,0,0,0,0,0,0,0,0,0,0,0,2,2,2,2,2,2,2,2,2,2,2,2,2,2,2,2,2,2,2,2,2,2,2,2,1,1,0,0,0,0,0,0,0,0,,,,,,,,,,,,,,,,,,,,,,,,,,,,,,,,,,,,,,,,,,,,,,,,
6672,1200,6659,6676,,0,0,0,0,0,0,0,0,0,0,0,0,0,0,0,2,2,2,2,2,2,2,2,2,2,2,2,2,2,2,2,2,2,2,2,2,2,2,2,1,1,1,1,0,0,0,0,0,0,,,,,,,,,,,,,,,,,,,,,,,,,,,,,,,,,,,,,,,,,,,,,,,,
6673,2500,6659,6993,,0,67,67,70,70,49,49,53,53,62,62,67,67,186,186,910,910,1134,1134,1023,1023,977,977,900,900,812,812,861,861,864,864,851,851,886,886,939,939,854,854,524,524,336,336,227,227,165,165,84,84,,,,,,,,,,,,,,,,,,,,,,,,,,,,,,,,,,,,,,,,,,,,,,,,
6674,1200,6965,6967,,0,0,0,0,0,0,0,0,0,0,0,0,0,0,0,2,2,2,2,2,2,2,2,2,2,2,2,2,2,2,2,2,2,2,2,2,2,2,2,1,1,1,1,0,0,0,0,0,0,,,,,,,,,,,,,,,,,,,,,,,,,,,,,,,,,,,,,,,,,,,,,,,,
6675,4400,6676,7041,,0,67,67,70,70,49,49,53,53,62,62,67,67,186,186,910,910,1134,1134,1023,1023,977,977,900,900,812,812,861,861,864,864,851,851,886,886,939,939,854,854,524,524,336,336,227,227,165,165,84,84,,,,,,,,,,,,,,,,,,,,,,,,,,,,,,,,,,,,,,,,,,,,,,,,
6676,1200,6695,6672,6675;6692,2,0,0,0,0,0,0,0,0,0,0,0,0,0,0,1,1,2,2,1,1,1,1,1,1,1,1,1,1,1,1,1,1,1,1,1,1,1,1,1,1,0,0,0,0,0,0,0,0,,,,,,,,,,,,,,,,,,,,,,,,,,,,,,,,,,,,,,,,,,,,,,,,
6677,1200,6654,7057,,0,0,0,0,0,0,0,0,0,0,0,0,0,0,0,3,3,3,3,3,3,3,3,3,3,2,2,2,2,2,2,2,2,3,3,3,3,3,3,1,1,1,1,0,0,0,0,0,0,,,,,,,,,,,,,,,,,,,,,,,,,,,,,,,,,,,,,,,,,,,,,,,,
6678,1600,6682,6671,,0,0,0,0,0,0,0,0,0,0,0,0,0,0,0,1,1,2,2,2,2,1,1,1,1,1,1,1,1,1,1,1,1,1,1,1,1,1,1,1,1,0,0,0,0,0,0,0,0,,,,,,,,,,,,,,,,,,,,,,,,,,,,,,,,,,,,,,,,,,,,,,,,
6679,3000,6656,6989,,0,67,67,70,70,49,49,53,53,62,62,67,67,186,186,910,910,1134,1134,1023,1023,977,977,900,900,812,812,861,861,864,864,851,851,886,886,939,939,854,854,524,524,336,336,227,227,165,165,84,84,,,,,,,,,,,,,,,,,,,,,,,,,,,,,,,,,,,,,,,,,,,,,,,,
6680,1200,6671,6688,,0,0,0,0,0,0,0,0,0,0,0,0,0,0,0,2,2,3,3,3,3,2,2,2,2,2,2,2,2,2,2,2,2,2,2,2,2,2,2,1,1,1,1,0,0,0,0,0,0,,,,,,,,,,,,,,,,,,,,,,,,,,,,,,,,,,,,,,,,,,,,,,,,
6681,2500,6686,6963,,0,67,67,70,70,49,49,53,53,62,62,67,67,186,186,910,910,1134,1134,1023,1023,977,977,900,900,812,812,861,861,864,864,851,851,886,886,939,939,854,854,524,524,336,336,227,227,165,165,84,84,,,,,,,,,,,,,,,,,,,,,,,,,,,,,,,,,,,,,,,,,,,,,,,,
6682,1200,6690,6678,7056;7116,2,0,0,0,0,0,0,0,0,0,0,0,0,1,1,5,5,5,5,5,5,5,5,4,4,4,4,4,4,4,4,4,4,4,4,5,5,4,4,2,2,1,1,1,1,1,1,0,0,,,,,,,,,,,,,,,,,,,,,,,,,,,,,,,,,,,,,,,,,,,,,,,,
6683,1500,6969,6973,,0,67,67,70,70,49,49,53,53,62,62,67,67,186,186,910,910,1134,1134,1023,1023,977,977,900,900,812,812,861,861,864,864,851,851,886,886,939,939,854,854,524,524,336,336,227,227,165,165,84,84,,,,,,,,,,,,,,,,,,,,,,,,,,,,,,,,,,,,,,,,,,,,,,,,
6684,1600,2384,6688,,0,0,0,0,0,0,0,0,0,0,0,0,0,1,1,6,6,8,8,7,7,7,7,6,6,6,6,6,6,6,6,6,6,6,6,7,7,6,6,3,3,2,2,1,1,1,1,0,0,,,,,,,,,,,,,,,,,,,,,,,,,,,,,,,,,,,,,,,,,,,,,,,,
6685,1200,6658,2384,,0,0,0,0,0,0,0,0,0,0,0,0,0,1,1,6,6,8,8,7,7,7,7,6,6,6,6,6,6,6,6,6,6,6,6,7,7,6,6,3,3,2,2,1,1,1,1,0,0,,,,,,,,,,,,,,,,,,,,,,,,,,,,,,,,,,,,,,,,,,,,,,,,
6686,1200,6966,6970,6681;6708,2,0,0,0,0,0,0,0,0,0,0,0,0,0,0,1,1,2,2,2,2,1,1,1,1,1,1,1,1,1,1,1,1,1,1,1,1,1,1,1,1,0,0,0,0,0,0,0,0,,,,,,,,,,,,,,,,,,,,,,,,,,,,,,,,,,,,,,,,,,,,,,,,
6687,1200,6993,6995,,0,0,0,0,0,0,0,0,0,0,0,0,0,0,0,2,2,3,3,2,2,2,2,2,2,2,2,2,2,2,2,2,2,2,2,2,2,2,2,1,1,1,1,1,1,0,0,0,0,,,,,,,,,,,,,,,,,,,,,,,,,,,,,,,,,,,,,,,,,,,,,,,,
6688,1200,6684,6699,6680;6698,2,0,0,0,0,0,0,0,0,0,0,0,0,0,0,3,3,4,4,4,4,4,4,3,3,3,3,3,3,3,3,3,3,3,3,4,4,3,3,1,1,1,1,1,1,0,0,0,0,,,,,,,,,,,,,,,,,,,,,,,,,,,,,,,,,,,,,,,,,,,,,,,,
6689,800,6969,,,0,0,0,0,0,0,0,0,0,0,0,0,0,0,0,2,2,2,2,2,2,2,2,2,2,2,2,2,2,2,2,2,2,2,2,2,2,2,2,1,1,1,1,0,0,0,0,0,0,,,,,,,,,,,,,,,,,,,,,,,,,,,,,,,,,,,,,,,,,,,,,,,,
6690,2500,6682,7055,,0,56,56,58,58,41,41,44,44,52,52,56,56,155,155,951,951,1158,1158,1050,1050,991,991,937,937,849,849,894,894,904,904,912,912,947,947,1000,1000,916,916,437,437,280,280,189,189,138,138,70,70,,,,,,,,,,,,,,,,,,,,,,,,,,,,,,,,,,,,,,,,,,,,,,,,
6691,1600,6991,6697,,0,0,0,0,0,0,0,0,0,0,0,0,0,0,0,2,2,2,2,2,2,2,2,2,2,2,2,2,2,2,2,2,2,2,2,2,2,2,2,1,1,1,1,0,0,0,0,0,0,,,,,,,,,,,,,,,,,,,,,,,,,,,,,,,,,,,,,,,,,,,,,,,,
6692,4400,7025,6676,,0,67,67,70,70,49,49,53,53,62,62,67,67,186,186,910,910,1134,1134,1023,1023,977,977,900,900,812,812,861,861,864,864,851,851,886,886,939,939,854,854,524,524,336,336,227,227,165,165,84,84,,,,,,,,,,,,,,,,,,,,,,,,,,,,,,,,,,,,,,,,,,,,,,,,
6693,1600,6990,7088,7024;6707,2,0,0,0,0,0,0,0,0,0,0,0,0,0,0,2,2,2,2,2,2,2,2,2,2,1,1,2,2,2,2,2,2,2,2,2,2,2,2,1,1,1,1,0,0,0,0,0,0,,,,,,,,,,,,,,,,,,,,,,,,,,,,,,,,,,,,,,,,,,,,,,,,
6694,1200,7025,,,0,0,0,0,0,0,0,0,0,0,0,0,0,0,0,2,2,2,2,2,2,2,2,1,1,1,1,1,1,1,1,1,1,1,1,2,2,1,1,1,1,1,1,0,0,0,0,0,0,,,,,,,,,,,,,,,,,,,,,,,,,,,,,,,,,,,,,,,,,,,,,,,,
6695,1600,6700,6676,,0,0,0,0,0,0,0,0,0,0,0,0,0,0,0,2,2,2,2,2,2,2,2,2,2,2,2,2,2,2,2,2,2,2,2,2,2,2,2,1,1,1,1,0,0,0,0,0,0,,,,,,,,,,,,,,,,,,,,,,,,,,,,,,,,,,,,,,,,,,,,,,,,
6696,2000,7027,6700,,0,67,67,70,70,49,49,53,53,62,62,67,67,186,186,910,910,1134,1134,1023,1023,977,977,900,900,812,812,861,861,864,864,851,851,886,886,939,939,854,854,524,524,336,336,227,227,165,165,84,84,,,,,,,,,,,,,,,,,,,,,,,,,,,,,,,,,,,,,,,,,,,,,,,,
6697,4400,6989,6691,6711,1,67,67,70,70,49,49,53,53,62,62,67,67,186,186,910,910,1134,1134,1023,1023,977,977,900,900,812,812,861,861,864,864,851,851,886,886,939,939,854,854,524,524,336,336,227,227,165,165,84,84,,,,,,,,,,,,,,,,,,,,,,,,,,,,,,,,,,,,,,,,,,,,,,,,
6698,1200,6688,6703,,0,0,0,0,0,0,0,0,0,0,0,0,0,1,1,5,5,7,7,6,6,6,6,5,5,5,5,5,5,5,5,5,5,5,5,6,6,5,5,2,2,1,1,1,1,1,1,0,0,,,,,,,,,,,,,,,,,,,,,,,,,,,,,,,,,,,,,,,,,,,,,,,,
6699,1600,7117,6688,,0,0,0,0,0,0,0,0,0,0,0,0,0,0,0,3,3,3,3,3,3,3,3,3,3,3,3,3,3,3,3,3,3,3,3,3,3,3,3,1,1,1,1,1,1,0,0,0,0,,,,,,,,,,,,,,,,,,,,,,,,,,,,,,,,,,,,,,,,,,,,,,,,
67,2500,56,71,,0,50,50,52,52,37,37,40,40,46,46,50,50,140,140,967,967,1151,1151,1088,1088,1047,1047,967,967,880,880,932,932,911,911,933,933,958,958,1007,1007,913,913,393,393,252,252,170,170,124,124,63,63,,,,,,,,,,,,,,,,,,,,,,,,,,,,,,,,,,,,,,,,,,,,,,,,
6700,2000,6696,7100,6695;6713,2,67,67,70,70,49,49,53,53,62,62,67,67,186,186,910,910,1134,1134,1023,1023,977,977,900,900,812,812,861,861,864,864,851,851,886,886,939,939,854,854,524,524,336,336,227,227,165,165,84,84,,,,,,,,,,,,,,,,,,,,,,,,,,,,,,,,,,,,,,,,,,,,,,,,
6701,2000,2163,6703,,0,56,56,58,58,41,41,44,44,52,52,56,56,155,155,951,951,1158,1158,1050,1050,991,991,937,937,849,849,894,894,904,904,912,912,947,947,1000,1000,916,916,437,437,280,280,189,189,138,138,70,70,,,,,,,,,,,,,,,,,,,,,,,,,,,,,,,,,,,,,,,,,,,,,,,,
6702,800,7027,6706,,0,0,0,0,0,0,0,0,0,0,0,0,0,1,1,2,2,3,3,3,3,3,3,2,2,2,2,2,2,2,2,2,2,2,2,3,3,2,2,1,1,1,1,1,1,0,0,0,0,,,,,,,,,,,,,,,,,,,,,,,,,,,,,,,,,,,,,,,,,,,,,,,,
6703,2500,6701,6712,6698;7122,2,56,56,58,58,41,41,44,44,52,52,56,56,155,155,951,951,1158,1158,1050,1050,991,991,937,937,849,849,894,894,904,904,912,912,947,947,1000,1000,916,916,437,437,280,280,189,189,138,138,70,70,,,,,,,,,,,,,,,,,,,,,,,,,,,,,,,,,,,,,,,,,,,,,,,,
6704,1200,6706,,,0,0,0,0,0,0,0,0,0,0,0,0,0,1,1,5,5,6,6,5,5,5,5,5,5,4,4,4,4,5,5,5,5,5,5,5,5,5,5,2,2,1,1,1,1,1,1,0,0,,,,,,,,,,,,,,,,,,,,,,,,,,,,,,,,,,,,,,,,,,,,,,,,
6705,1200,7101,,,0,0,0,0,0,0,0,0,0,0,0,0,0,0,0,1,1,1,1,1,1,1,1,1,1,1,1,1,1,1,1,1,1,1,1,1,1,1,1,1,1,0,0,0,0,0,0,0,0,,,,,,,,,,,,,,,,,,,,,,,,,,,,,,,,,,,,,,,,,,,,,,,,
6706,1200,6704,6715,6702;6730,2,0,0,0,0,0,0,0,0,0,0,0,0,1,1,5,5,6,6,5,5,5,5,5,5,4,4,4,4,5,5,5,5,5,5,5,5,5,5,2,2,1,1,1,1,1,1,0,0,,,,,,,,,,,,,,,,,,,,,,,,,,,,,,,,,,,,,,,,,,,,,,,,
6707,4400,6693,7087,,0,67,67,70,70,49,49,53,53,62,62,67,67,186,186,910,910,1134,1134,1023,1023,977,977,900,900,812,812,861,861,864,864,851,851,886,886,939,939,854,854,524,524,336,336,227,227,165,165,84,84,,,,,,,,,,,,,,,,,,,,,,,,,,,,,,,,,,,,,,,,,,,,,,,,
6708,1600,6686,6718,,0,0,0,0,0,0,0,0,0,0,0,0,0,0,0,1,1,2,2,1,1,1,1,1,1,1,1,1,1,1,1,1,1,1,1,1,1,1,1,1,1,0,0,0,0,0,0,0,0,,,,,,,,,,,,,,,,,,,,,,,,,,,,,,,,,,,,,,,,,,,,,,,,
6709,1200,7117,6714,,0,0,0,0,0,0,0,0,0,0,0,0,0,1,1,4,4,5,5,4,4,4,4,4,4,4,4,4,4,4,4,4,4,4,4,4,4,4,4,2,2,1,1,1,1,1,1,0,0,,,,,,,,,,,,,,,,,,,,,,,,,,,,,,,,,,,,,,,,,,,,,,,,
6710,1600,7101,7089,,0,0,0,0,0,0,0,0,0,0,0,0,0,0,0,2,2,2,2,2,2,2,2,2,2,1,1,1,1,1,1,1,1,2,2,2,2,1,1,1,1,1,1,0,0,0,0,0,0,,,,,,,,,,,,,,,,,,,,,,,,,,,,,,,,,,,,,,,,,,,,,,,,
6711,4400,6697,6742,7086;6717,2,67,67,70,70,49,49,53,53,62,62,67,67,186,186,910,910,1134,1134,1023,1023,977,977,900,900,812,812,861,861,864,864,851,851,886,886,939,939,854,854,524,524,336,336,227,227,165,165,84,84,,,,,,,,,,,,,,,,,,,,,,,,,,,,,,,,,,,,,,,,,,,,,,,,
6712,2000,6714,6703,,0,56,56,58,58,41,41,44,44,52,52,56,56,155,155,951,951,1158,1158,1050,1050,991,991,937,937,849,849,894,894,904,904,912,912,947,947,1000,1000,916,916,437,437,280,280,189,189,138,138,70,70,,,,,,,,,,,,,,,,,,,,,,,,,,,,,,,,,,,,,,,,,,,,,,,,
6713,1600,6716,6700,,0,0,0,0,0,0,0,0,0,0,0,0,0,0,0,2,2,2,2,2,2,2,2,2,2,2,2,2,2,2,2,2,2,2,2,2,2,2,2,1,1,1,1,0,0,0,0,0,0,,,,,,,,,,,,,,,,,,,,,,,,,,,,,,,,,,,,,,,,,,,,,,,,
6714,1600,6719,6712,6709;7118,2,0,0,0,0,0,0,0,0,0,0,0,0,1,1,5,5,6,6,6,6,5,5,5,5,5,5,5,5,5,5,5,5,5,5,6,6,5,5,2,2,1,1,1,1,1,1,0,0,,,,,,,,,,,,,,,,,,,,,,,,,,,,,,,,,,,,,,,,,,,,,,,,
6715,1200,6716,6706,,0,0,0,0,0,0,0,0,0,0,0,0,0,1,1,2,2,3,3,3,3,3,3,2,2,2,2,2,2,2,2,2,2,2,2,3,3,2,2,1,1,1,1,1,1,0,0,0,0,,,,,,,,,,,,,,,,,,,,,,,,,,,,,,,,,,,,,,,,,,,,,,,,
6716,1200,6715,6723,6713;6725,2,53,53,55,55,38,38,42,42,48,48,53,53,146,146,715,715,891,891,804,804,768,768,707,707,638,638,676,676,679,679,669,669,696,696,738,738,671,671,411,411,264,264,178,178,130,130,66,66,,,,,,,,,,,,,,,,,,,,,,,,,,,,,,,,,,,,,,,,,,,,,,,,
6717,4400,6711,7085,,0,67,67,70,70,49,49,53,53,62,62,67,67,186,186,910,910,1134,1134,1023,1023,977,977,900,900,812,812,861,861,864,864,851,851,886,886,939,939,854,854,524,524,336,336,227,227,165,165,84,84,,,,,,,,,,,,,,,,,,,,,,,,,,,,,,,,,,,,,,,,,,,,,,,,
6718,1600,6708,7080,7084;6727,2,0,0,0,0,0,0,0,0,0,0,0,0,1,1,2,2,3,3,3,3,3,3,2,2,2,2,2,2,2,2,2,2,2,2,3,3,2,2,1,1,1,1,1,1,0,0,0,0,,,,,,,,,,,,,,,,,,,,,,,,,,,,,,,,,,,,,,,,,,,,,,,,
6719,1200,7111,6714,,0,0,0,0,0,0,0,0,0,0,0,0,0,1,1,6,6,8,8,7,7,7,7,6,6,6,6,6,6,6,6,6,6,6,6,7,7,6,6,3,3,2,2,1,1,1,1,0,0,,,,,,,,,,,,,,,,,,,,,,,,,,,,,,,,,,,,,,,,,,,,,,,,
6720,2000,7119,7123,,0,67,67,70,70,49,49,53,53,62,62,67,67,186,186,910,910,1134,1134,1023,1023,977,977,900,900,812,812,861,861,864,864,851,851,886,886,939,939,854,854,524,524,336,336,227,227,165,165,84,84,,,,,,,,,,,,,,,,,,,,,,,,,,,,,,,,,,,,,,,,,,,,,,,,
6721,800,6724,7089,,0,53,53,55,55,38,38,42,42,48,48,53,53,146,146,715,715,891,891,804,804,768,768,707,707,638,638,676,676,679,679,669,669,696,696,738,738,671,671,411,411,264,264,178,178,130,130,66,66,,,,,,,,,,,,,,,,,,,,,,,,,,,,,,,,,,,,,,,,,,,,,,,,
6722,800,,7097,,0,0,0,0,0,0,0,0,0,0,0,0,0,0,0,0,0,0,0,0,0,0,0,0,0,0,0,0,0,0,0,0,0,0,0,0,0,0,0,0,0,0,0,0,0,0,0,0,0,,,,,,,,,,,,,,,,,,,,,,,,,,,,,,,,,,,,,,,,,,,,,,,,
6723,1600,6724,6716,,0,53,53,55,55,38,38,42,42,48,48,53,53,146,146,715,715,891,891,804,804,768,768,707,707,638,638,676,676,679,679,669,669,696,696,738,738,671,671,411,411,264,264,178,178,130,130,66,66,,,,,,,,,,,,,,,,,,,,,,,,,,,,,,,,,,,,,,,,,,,,,,,,
6724,1200,6731,6723,6721;7090,2,0,0,0,0,0,0,0,0,0,0,0,0,0,0,1,1,2,2,2,2,2,2,1,1,1,1,1,1,1,1,1,1,1,1,1,1,1,1,1,1,1,1,0,0,0,0,0,0,,,,,,,,,,,,,,,,,,,,,,,,,,,,,,,,,,,,,,,,,,,,,,,,
6725,1600,6728,6716,,0,0,0,0,0,0,0,0,0,0,0,0,0,1,1,4,4,4,4,4,4,4,4,3,3,3,3,3,3,3,3,3,3,3,3,4,4,3,3,2,2,1,1,1,1,1,1,0,0,,,,,,,,,,,,,,,,,,,,,,,,,,,,,,,,,,,,,,,,,,,,,,,,
6726,1600,7099,6728,,0,0,0,0,0,0,0,0,0,0,0,0,0,1,1,4,4,5,5,5,5,4,4,4,4,4,4,4,4,4,4,4,4,4,4,4,4,4,4,2,2,1,1,1,1,1,1,0,0,,,,,,,,,,,,,,,,,,,,,,,,,,,,,,,,,,,,,,,,,,,,,,,,
6727,4400,6718,,,0,42,42,39,39,28,28,29,29,34,34,39,39,112,112,1343,1343,1424,1424,1347,1347,1375,1375,1229,1229,1247,1247,1096,1096,1282,1282,1299,1299,1257,1257,1375,1375,1394,1394,536,536,316,316,190,190,140,140,87,87,,,,,,,,,,,,,,,,,,,,,,,,,,,,,,,,,,,,,,,,,,,,,,,,
6728,1500,6745,6726,6725;6746,2,67,67,70,70,49,49,53,53,62,62,67,67,186,186,910,910,1134,1134,1023,1023,977,977,900,900,812,812,861,861,864,864,851,851,886,886,939,939,854,854,524,524,336,336,227,227,165,165,84,84,,,,,,,,,,,,,,,,,,,,,,,,,,,,,,,,,,,,,,,,,,,,,,,,
6729,2000,6735,7087,,0,67,67,70,70,49,49,53,53,62,62,67,67,186,186,910,910,1134,1134,1023,1023,977,977,900,900,812,812,861,861,864,864,851,851,886,886,939,939,854,854,524,524,336,336,227,227,165,165,84,84,,,,,,,,,,,,,,,,,,,,,,,,,,,,,,,,,,,,,,,,,,,,,,,,
6730,1200,7099,6706,,0,0,0,0,0,0,0,0,0,0,0,0,0,1,1,6,6,8,8,7,7,7,7,6,6,6,6,6,6,6,6,6,6,6,6,7,7,6,6,3,3,2,2,1,1,1,1,0,0,,,,,,,,,,,,,,,,,,,,,,,,,,,,,,,,,,,,,,,,,,,,,,,,
6731,1200,6724,6735,,0,0,0,0,0,0,0,0,0,0,0,0,0,0,0,1,1,1,1,1,1,1,1,1,1,1,1,1,1,1,1,1,1,1,1,1,1,1,1,1,1,0,0,0,0,0,0,0,0,,,,,,,,,,,,,,,,,,,,,,,,,,,,,,,,,,,,,,,,,,,,,,,,
6732,800,7119,6738,,0,0,0,0,0,0,0,0,0,0,0,0,0,0,0,2,2,2,2,2,2,2,2,1,1,1,1,1,1,1,1,1,1,1,1,2,2,1,1,1,1,0,0,0,0,0,0,0,0,,,,,,,,,,,,,,,,,,,,,,,,,,,,,,,,,,,,,,,,,,,,,,,,
6733,1200,7103,6737,,0,0,0,0,0,0,0,0,0,0,0,0,0,0,0,0,0,1,1,1,1,1,1,0,0,0,0,0,0,0,0,0,0,0,0,0,0,0,0,0,0,0,0,0,0,0,0,0,0,,,,,,,,,,,,,,,,,,,,,,,,,,,,,,,,,,,,,,,,,,,,,,,,
6734,800,,7081,,0,0,0,0,0,0,0,0,0,0,0,0,0,1,1,3,3,4,4,4,4,4,4,3,3,3,3,3,3,3,3,3,3,3,3,3,3,3,3,2,2,1,1,1,1,1,1,0,0,,,,,,,,,,,,,,,,,,,,,,,,,,,,,,,,,,,,,,,,,,,,,,,,
6735,1600,6731,6740,6729;6774,2,0,0,0,0,0,0,0,0,0,0,0,0,0,0,1,1,1,1,1,1,1,1,1,1,1,1,1,1,1,1,1,1,1,1,1,1,1,1,1,1,0,0,0,0,0,0,0,0,,,,,,,,,,,,,,,,,,,,,,,,,,,,,,,,,,,,,,,,,,,,,,,,
6736,1600,7125,6738,,0,0,0,0,0,0,0,0,0,0,0,0,0,0,0,2,2,2,2,2,2,2,2,2,2,2,2,2,2,2,2,2,2,2,2,2,2,2,2,1,1,1,1,0,0,0,0,0,0,,,,,,,,,,,,,,,,,,,,,,,,,,,,,,,,,,,,,,,,,,,,,,,,
6737,1600,6733,6749,7096;6757,2,0,0,0,0,0,0,0,0,0,0,0,0,0,0,0,0,0,0,0,0,0,0,0,0,0,0,0,0,0,0,0,0,0,0,0,0,0,0,0,0,0,0,0,0,0,0,0,0,,,,,,,,,,,,,,,,,,,,,,,,,,,,,,,,,,,,,,,,,,,,,,,,
6738,1200,6741,6736,6732;7120,2,0,0,0,0,0,0,0,0,0,0,0,0,0,0,1,1,2,2,1,1,1,1,1,1,1,1,1,1,1,1,1,1,1,1,1,1,1,1,1,1,0,0,0,0,0,0,0,0,,,,,,,,,,,,,,,,,,,,,,,,,,,,,,,,,,,,,,,,,,,,,,,,
6739,800,7105,,,0,0,0,0,0,0,0,0,0,0,0,0,0,0,0,1,1,1,1,1,1,1,1,1,1,1,1,1,1,1,1,1,1,1,1,1,1,1,1,0,0,0,0,0,0,0,0,0,0,,,,,,,,,,,,,,,,,,,,,,,,,,,,,,,,,,,,,,,,,,,,,,,,
6740,1200,6735,6743,,0,0,0,0,0,0,0,0,0,0,0,0,0,0,0,1,1,2,2,2,2,2,2,1,1,1,1,1,1,1,1,1,1,1,1,2,2,1,1,1,1,1,1,0,0,0,0,0,0,,,,,,,,,,,,,,,,,,,,,,,,,,,,,,,,,,,,,,,,,,,,,,,,
6741,1200,6738,7113,,0,0,0,0,0,0,0,0,0,0,0,0,0,0,0,2,2,2,2,2,2,2,2,2,2,2,2,2,2,2,2,2,2,2,2,2,2,2,2,1,1,1,1,0,0,0,0,0,0,,,,,,,,,,,,,,,,,,,,,,,,,,,,,,,,,,,,,,,,,,,,,,,,
6742,4400,6711,6743,,0,67,67,70,70,49,49,53,53,62,62,67,67,186,186,910,910,1134,1134,1023,1023,977,977,900,900,812,812,861,861,864,864,851,851,886,886,939,939,854,854,524,524,336,336,227,227,165,165,84,84,,,,,,,,,,,,,,,,,,,,,,,,,,,,,,,,,,,,,,,,,,,,,,,,
6743,1200,6740,6753,6742;6787,2,0,0,0,0,0,0,0,0,0,0,0,0,0,0,2,2,2,2,2,2,2,2,2,2,2,2,2,2,2,2,2,2,2,2,2,2,2,2,1,1,1,1,0,0,0,0,0,0,,,,,,,,,,,,,,,,,,,,,,,,,,,,,,,,,,,,,,,,,,,,,,,,
6744,1200,2206,7127,,0,0,0,0,0,0,0,0,0,0,0,0,0,0,0,3,3,4,4,3,3,3,3,3,3,3,3,3,3,3,3,3,3,3,3,3,3,3,3,2,2,1,1,1,1,0,0,0,0,,,,,,,,,,,,,,,,,,,,,,,,,,,,,,,,,,,,,,,,,,,,,,,,
6745,2000,7091,6728,,0,67,67,70,70,49,49,53,53,62,62,67,67,186,186,910,910,1134,1134,1023,1023,977,977,900,900,812,812,861,861,864,864,851,851,886,886,939,939,854,854,524,524,336,336,227,227,165,165,84,84,,,,,,,,,,,,,,,,,,,,,,,,,,,,,,,,,,,,,,,,,,,,,,,,
6746,1200,6728,7093,,0,53,53,55,55,38,38,42,42,48,48,53,53,146,146,715,715,891,891,804,804,768,768,707,707,638,638,676,676,679,679,669,669,696,696,738,738,671,671,411,411,264,264,178,178,130,130,66,66,,,,,,,,,,,,,,,,,,,,,,,,,,,,,,,,,,,,,,,,,,,,,,,,
6747,800,,7093,,0,0,0,0,0,0,0,0,0,0,0,0,0,1,1,4,4,4,4,4,4,4,4,4,4,3,3,3,3,3,3,3,3,3,3,4,4,3,3,2,2,1,1,1,1,1,1,0,0,,,,,,,,,,,,,,,,,,,,,,,,,,,,,,,,,,,,,,,,,,,,,,,,
6748,2000,7121,7127,,0,54,54,54,54,38,38,41,41,48,48,53,53,149,149,1126,1126,1279,1279,1185,1185,1176,1176,1064,1064,1030,1030,978,978,1073,1073,1075,1075,1072,1072,1157,1157,1124,1124,530,530,326,326,208,208,152,152,86,86,,,,,,,,,,,,,,,,,,,,,,,,,,,,,,,,,,,,,,,,,,,,,,,,
6749,1200,6737,7095,,0,0,0,0,0,0,0,0,0,0,0,0,0,0,0,0,0,0,0,0,0,0,0,0,0,0,0,0,0,0,0,0,0,0,0,0,0,0,0,0,0,0,0,0,0,0,0,0,0,,,,,,,,,,,,,,,,,,,,,,,,,,,,,,,,,,,,,,,,,,,,,,,,
6750,2000,6755,7085,,0,67,67,70,70,49,49,53,53,62,62,67,67,186,186,910,910,1134,1134,1023,1023,977,977,900,900,812,812,861,861,864,864,851,851,886,886,939,939,854,854,524,524,336,336,227,227,165,165,84,84,,,,,,,,,,,,,,,,,,,,,,,,,,,,,,,,,,,,,,,,,,,,,,,,
6751,800,,7095,,0,0,0,0,0,0,0,0,0,0,0,0,0,0,0,0,0,0,0,0,0,0,0,0,0,0,0,0,0,0,0,0,0,0,0,0,0,0,0,0,0,0,0,0,0,0,0,0,0,,,,,,,,,,,,,,,,,,,,,,,,,,,,,,,,,,,,,,,,,,,,,,,,
6752,2500,7083,6756,,0,67,67,70,70,49,49,53,53,62,62,67,67,186,186,910,910,1134,1134,1023,1023,977,977,900,900,812,812,861,861,864,864,851,851,886,886,939,939,854,854,524,524,336,336,227,227,165,165,84,84,,,,,,,,,,,,,,,,,,,,,,,,,,,,,,,,,,,,,,,,,,,,,,,,
6753,1200,6755,6743,,0,0,0,0,0,0,0,0,0,0,0,0,0,0,0,1,1,2,2,2,2,2,2,1,1,1,1,1,1,1,1,1,1,1,1,1,1,1,1,1,1,0,0,0,0,0,0,0,0,,,,,,,,,,,,,,,,,,,,,,,,,,,,,,,,,,,,,,,,,,,,,,,,
6754,2000,6767,7094,7092;6771,2,67,67,70,70,49,49,53,53,62,62,67,67,186,186,910,910,1134,1134,1023,1023,977,977,900,900,812,812,861,861,864,864,851,851,886,886,939,939,854,854,524,524,336,336,227,227,165,165,84,84,,,,,,,,,,,,,,,,,,,,,,,,,,,,,,,,,,,,,,,,,,,,,,,,
6755,1200,6760,6753,6750;6794,2,0,0,0,0,0,0,0,0,0,0,0,0,0,0,1,1,1,1,1,1,1,1,1,1,1,1,1,1,1,1,1,1,1,1,1,1,1,1,1,1,0,0,0,0,0,0,0,0,,,,,,,,,,,,,,,,,,,,,,,,,,,,,,,,,,,,,,,,,,,,,,,,
6756,2000,6752,,6775,1,42,42,39,39,28,28,29,29,34,34,39,39,112,112,1343,1343,1424,1424,1347,1347,1375,1375,1229,1229,1247,1247,1096,1096,1282,1282,1299,1299,1257,1257,1375,1375,1394,1394,536,536,316,316,190,190,140,140,87,87,,,,,,,,,,,,,,,,,,,,,,,,,,,,,,,,,,,,,,,,,,,,,,,,
6757,1200,6761,6737,,0,0,0,0,0,0,0,0,0,0,0,0,0,0,0,1,1,1,1,1,1,1,1,1,1,1,1,1,1,1,1,1,1,1,1,1,1,1,1,0,0,0,0,0,0,0,0,0,0,,,,,,,,,,,,,,,,,,,,,,,,,,,,,,,,,,,,,,,,,,,,,,,,
6758,1200,7107,6761,,0,0,0,0,0,0,0,0,0,0,0,0,0,0,0,1,1,1,1,1,1,1,1,1,1,1,1,1,1,1,1,1,1,1,1,1,1,1,1,1,1,0,0,0,0,0,0,0,0,,,,,,,,,,,,,,,,,,,,,,,,,,,,,,,,,,,,,,,,,,,,,,,,
6759,800,7083,6762,,0,0,0,0,0,0,0,0,0,0,0,0,0,0,0,2,2,3,3,3,3,2,2,2,2,2,2,2,2,2,2,2,2,2,2,2,2,2,2,1,1,1,1,1,1,0,0,0,0,,,,,,,,,,,,,,,,,,,,,,,,,,,,,,,,,,,,,,,,,,,,,,,,
6760,1200,6762,6755,,0,0,0,0,0,0,0,0,0,0,0,0,0,0,0,1,1,1,1,1,1,1,1,1,1,1,1,1,1,1,1,1,1,1,1,1,1,1,1,1,1,0,0,0,0,0,0,0,0,,,,,,,,,,,,,,,,,,,,,,,,,,,,,,,,,,,,,,,,,,,,,,,,
6761,1200,6773,6758,6757;6782,2,0,0,0,0,0,0,0,0,0,0,0,0,0,0,1,1,1,1,1,1,1,1,1,1,1,1,1,1,1,1,1,1,1,1,1,1,1,1,0,0,0,0,0,0,0,0,0,0,,,,,,,,,,,,,,,,,,,,,,,,,,,,,,,,,,,,,,,,,,,,,,,,
6762,1200,6778,6760,6759;6804,2,0,0,0,0,0,0,0,0,0,0,0,0,0,0,1,1,2,2,2,2,2,2,1,1,1,1,1,1,1,1,1,1,1,1,2,2,1,1,1,1,1,1,0,0,0,0,0,0,,,,,,,,,,,,,,,,,,,,,,,,,,,,,,,,,,,,,,,,,,,,,,,,
6763,800,6765,7121,,0,0,0,0,0,0,0,0,0,0,0,0,0,0,0,2,2,2,2,2,2,2,2,2,2,2,2,2,2,2,2,2,2,2,2,2,2,2,2,1,1,1,1,0,0,0,0,0,0,,,,,,,,,,,,,,,,,,,,,,,,,,,,,,,,,,,,,,,,,,,,,,,,
6764,1200,2206,6765,,0,0,0,0,0,0,0,0,0,0,0,0,0,0,0,2,2,2,2,2,2,2,2,2,2,2,2,2,2,2,2,2,2,2,2,2,2,2,2,1,1,1,1,0,0,0,0,0,0,,,,,,,,,,,,,,,,,,,,,,,,,,,,,,,,,,,,,,,,,,,,,,,,
6765,1200,6770,6764,6763;7068,2,0,0,0,0,0,0,0,0,0,0,0,0,0,0,1,1,2,2,2,2,2,2,1,1,1,1,1,1,1,1,1,1,1,1,1,1,1,1,1,1,0,0,0,0,0,0,0,0,,,,,,,,,,,,,,,,,,,,,,,,,,,,,,,,,,,,,,,,,,,,,,,,
6766,800,7091,6768,,0,0,0,0,0,0,0,0,0,0,0,0,0,0,0,2,2,3,3,3,3,2,2,2,2,2,2,2,2,2,2,2,2,2,2,2,2,2,2,1,1,1,1,1,1,0,0,0,0,,,,,,,,,,,,,,,,,,,,,,,,,,,,,,,,,,,,,,,,,,,,,,,,
6767,2500,6768,6754,,0,67,67,70,70,49,49,53,53,62,62,67,67,186,186,910,910,1134,1134,1023,1023,977,977,900,900,812,812,861,861,864,864,851,851,886,886,939,939,854,854,524,524,336,336,227,227,165,165,84,84,,,,,,,,,,,,,,,,,,,,,,,,,,,,,,,,,,,,,,,,,,,,,,,,
6768,1600,6767,6779,6766;6929,2,0,0,0,0,0,0,0,0,0,0,0,0,0,0,2,2,2,2,2,2,2,2,2,2,1,1,2,2,2,2,2,2,2,2,2,2,2,2,1,1,1,1,0,0,0,0,0,0,,,,,,,,,,,,,,,,,,,,,,,,,,,,,,,,,,,,,,,,,,,,,,,,
6769,800,7107,6776,,0,0,0,0,0,0,0,0,0,0,0,0,0,0,0,2,2,3,3,2,2,2,2,2,2,2,2,2,2,2,2,2,2,2,2,2,2,2,2,1,1,1,1,0,0,0,0,0,0,,,,,,,,,,,,,,,,,,,,,,,,,,,,,,,,,,,,,,,,,,,,,,,,
6770,1200,6765,7115,,0,0,0,0,0,0,0,0,0,0,0,0,0,0,0,2,2,2,2,2,2,2,2,2,2,1,1,1,1,2,2,2,2,2,2,2,2,2,2,1,1,1,1,0,0,0,0,0,0,,,,,,,,,,,,,,,,,,,,,,,,,,,,,,,,,,,,,,,,,,,,,,,,
6771,1600,6754,6777,,0,0,0,0,0,0,0,0,0,0,0,0,0,1,1,3,3,4,4,4,4,4,4,3,3,3,3,3,3,3,3,3,3,3,3,4,4,3,3,2,2,1,1,1,1,1,1,0,0,,,,,,,,,,,,,,,,,,,,,,,,,,,,,,,,,,,,,,,,,,,,,,,,
6772,3500,6872,6776,,0,54,54,54,54,38,38,41,41,48,48,53,53,149,149,1126,1126,1279,1279,1185,1185,1176,1176,1064,1064,1030,1030,978,978,1073,1073,1075,1075,1072,1072,1157,1157,1124,1124,530,530,326,326,208,208,152,152,86,86,,,,,,,,,,,,,,,,,,,,,,,,,,,,,,,,,,,,,,,,,,,,,,,,
6773,2000,6777,6761,,0,67,67,70,70,49,49,53,53,62,62,67,67,186,186,910,910,1134,1134,1023,1023,977,977,900,900,812,812,861,861,864,864,851,851,886,886,939,939,854,854,524,524,336,336,227,227,165,165,84,84,,,,,,,,,,,,,,,,,,,,,,,,,,,,,,,,,,,,,,,,,,,,,,,,
6774,1600,6780,6735,,0,0,0,0,0,0,0,0,0,0,0,0,0,0,0,1,1,2,2,2,2,2,2,1,1,1,1,1,1,1,1,1,1,1,1,1,1,1,1,1,1,1,1,0,0,0,0,0,0,,,,,,,,,,,,,,,,,,,,,,,,,,,,,,,,,,,,,,,,,,,,,,,,
6775,1600,6756,6781,,0,10,10,10,10,7,7,7,7,8,8,10,10,28,28,336,336,356,356,337,337,344,344,307,307,312,312,274,274,320,320,325,325,314,314,344,344,348,348,134,134,79,79,48,48,35,35,22,22,,,,,,,,,,,,,,,,,,,,,,,,,,,,,,,,,,,,,,,,,,,,,,,,
6776,1500,6772,6783,6769;6813,2,54,54,54,54,38,38,41,41,48,48,53,53,149,149,1126,1126,1279,1279,1185,1185,1176,1176,1064,1064,1030,1030,978,978,1073,1073,1075,1075,1072,1072,1157,1157,1124,1124,530,530,326,326,208,208,152,152,86,86,,,,,,,,,,,,,,,,,,,,,,,,,,,,,,,,,,,,,,,,,,,,,,,,
6777,2000,6793,6773,6771;6795,2,67,67,70,70,49,49,53,53,62,62,67,67,186,186,910,910,1134,1134,1023,1023,977,977,900,900,812,812,861,861,864,864,851,851,886,886,939,939,854,854,524,524,336,336,227,227,165,165,84,84,,,,,,,,,,,,,,,,,,,,,,,,,,,,,,,,,,,,,,,,,,,,,,,,
6778,1600,6781,6762,,0,0,0,0,0,0,0,0,0,0,0,0,0,0,0,2,2,2,2,2,2,2,2,2,2,2,2,2,2,2,2,2,2,2,2,2,2,2,2,1,1,1,1,0,0,0,0,0,0,,,,,,,,,,,,,,,,,,,,,,,,,,,,,,,,,,,,,,,,,,,,,,,,
6779,1200,6780,6768,,0,0,0,0,0,0,0,0,0,0,0,0,0,0,0,1,1,2,2,2,2,2,2,1,1,1,1,1,1,1,1,1,1,1,1,2,2,1,1,1,1,1,1,0,0,0,0,0,0,,,,,,,,,,,,,,,,,,,,,,,,,,,,,,,,,,,,,,,,,,,,,,,,
6780,1600,6779,6788,6774;6823,2,0,0,0,0,0,0,0,0,0,0,0,0,0,0,2,2,2,2,2,2,2,2,2,2,1,1,2,2,2,2,2,2,2,2,2,2,2,2,1,1,1,1,0,0,0,0,0,0,,,,,,,,,,,,,,,,,,,,,,,,,,,,,,,,,,,,,,,,,,,,,,,,
6781,1600,6778,6775,6917,1,0,0,0,0,0,0,0,0,0,0,0,0,0,0,1,1,1,1,1,1,1,1,1,1,1,1,1,1,1,1,1,1,1,1,1,1,1,1,1,1,0,0,0,0,0,0,0,0,,,,,,,,,,,,,,,,,,,,,,,,,,,,,,,,,,,,,,,,,,,,,,,,
6782,1200,6761,6784,,0,0,0,0,0,0,0,0,0,0,0,0,0,0,0,1,1,1,1,1,1,1,1,1,1,1,1,1,1,1,1,1,1,1,1,1,1,1,1,1,1,0,0,0,0,0,0,0,0,,,,,,,,,,,,,,,,,,,,,,,,,,,,,,,,,,,,,,,,,,,,,,,,
6783,1200,6784,6776,,0,0,0,0,0,0,0,0,0,0,0,0,0,0,0,2,2,3,3,3,3,3,3,2,2,2,2,2,2,2,2,2,2,2,2,3,3,2,2,1,1,1,1,1,1,0,0,0,0,,,,,,,,,,,,,,,,,,,,,,,,,,,,,,,,,,,,,,,,,,,,,,,,
6784,1200,6797,6783,6782;6935,2,0,0,0,0,0,0,0,0,0,0,0,0,0,0,1,1,2,2,1,1,1,1,1,1,1,1,1,1,1,1,1,1,1,1,1,1,1,1,1,1,0,0,0,0,0,0,0,0,,,,,,,,,,,,,,,,,,,,,,,,,,,,,,,,,,,,,,,,,,,,,,,,
6785,2000,2232,7069,,0,54,54,54,54,38,38,41,41,48,48,53,53,149,149,1126,1126,1279,1279,1185,1185,1176,1176,1064,1064,1030,1030,978,978,1073,1073,1075,1075,1072,1072,1157,1157,1124,1124,530,530,326,326,208,208,152,152,86,86,,,,,,,,,,,,,,,,,,,,,,,,,,,,,,,,,,,,,,,,,,,,,,,,
6786,800,,6930,,0,0,0,0,0,0,0,0,0,0,0,0,0,0,0,2,2,2,2,2,2,2,2,2,2,2,2,2,2,2,2,2,2,2,2,2,2,2,2,1,1,1,1,0,0,0,0,0,0,,,,,,,,,,,,,,,,,,,,,,,,,,,,,,,,,,,,,,,,,,,,,,,,
6787,4400,6792,6743,,0,67,67,70,70,49,49,53,53,62,62,67,67,186,186,910,910,1134,1134,1023,1023,977,977,900,900,812,812,861,861,864,864,851,851,886,886,939,939,854,854,524,524,336,336,227,227,165,165,84,84,,,,,,,,,,,,,,,,,,,,,,,,,,,,,,,,,,,,,,,,,,,,,,,,
6788,1200,6780,6792,,0,0,0,0,0,0,0,0,0,0,0,0,0,0,0,2,2,2,2,2,2,2,2,2,2,1,1,2,2,2,2,2,2,2,2,2,2,2,2,1,1,1,1,0,0,0,0,0,0,,,,,,,,,,,,,,,,,,,,,,,,,,,,,,,,,,,,,,,,,,,,,,,,
6789,800,7067,7069,,0,0,0,0,0,0,0,0,0,0,0,0,0,0,0,2,2,2,2,2,2,2,2,2,2,2,2,2,2,2,2,2,2,2,2,2,2,2,2,1,1,1,1,0,0,0,0,0,0,,,,,,,,,,,,,,,,,,,,,,,,,,,,,,,,,,,,,,,,,,,,,,,,
6790,800,6918,,,0,0,0,0,0,0,0,0,0,0,0,0,0,0,0,1,1,1,1,1,1,1,1,1,1,1,1,1,1,1,1,1,1,1,1,1,1,1,1,1,1,0,0,0,0,0,0,0,0,,,,,,,,,,,,,,,,,,,,,,,,,,,,,,,,,,,,,,,,,,,,,,,,
6791,800,7067,,,0,0,0,0,0,0,0,0,0,0,0,0,0,0,0,3,3,3,3,3,3,3,3,2,2,2,2,2,2,2,2,2,2,2,2,3,3,2,2,1,1,1,1,1,1,0,0,0,0,,,,,,,,,,,,,,,,,,,,,,,,,,,,,,,,,,,,,,,,,,,,,,,,
6792,1600,6788,6796,6787;6832,2,0,0,0,0,0,0,0,0,0,0,0,0,0,0,3,3,3,3,3,3,3,3,2,2,2,2,2,2,2,2,2,2,2,2,3,3,2,2,1,1,1,1,1,1,0,0,0,0,,,,,,,,,,,,,,,,,,,,,,,,,,,,,,,,,,,,,,,,,,,,,,,,
6793,2000,6932,6777,,0,67,67,70,70,49,49,53,53,62,62,67,67,186,186,910,910,1134,1134,1023,1023,977,977,900,900,812,812,861,861,864,864,851,851,886,886,939,939,854,854,524,524,336,336,227,227,165,165,84,84,,,,,,,,,,,,,,,,,,,,,,,,,,,,,,,,,,,,,,,,,,,,,,,,
6794,1600,6755,6798,,0,0,0,0,0,0,0,0,0,0,0,0,0,0,0,2,2,2,2,2,2,2,2,1,1,1,1,1,1,1,1,1,1,1,1,2,2,1,1,1,1,1,1,0,0,0,0,0,0,,,,,,,,,,,,,,,,,,,,,,,,,,,,,,,,,,,,,,,,,,,,,,,,
6795,1600,6801,6777,,0,0,0,0,0,0,0,0,0,0,0,0,0,1,1,3,3,4,4,4,4,4,4,3,3,3,3,3,3,3,3,3,3,3,3,4,4,3,3,2,2,1,1,1,1,1,1,0,0,,,,,,,,,,,,,,,,,,,,,,,,,,,,,,,,,,,,,,,,,,,,,,,,
6796,1200,6792,6798,,0,0,0,0,0,0,0,0,0,0,0,0,0,0,0,2,2,3,3,2,2,2,2,2,2,2,2,2,2,2,2,2,2,2,2,2,2,2,2,1,1,1,1,0,0,0,0,0,0,,,,,,,,,,,,,,,,,,,,,,,,,,,,,,,,,,,,,,,,,,,,,,,,
6797,1600,6801,6784,,0,0,0,0,0,0,0,0,0,0,0,0,0,1,1,4,4,5,5,5,5,4,4,4,4,4,4,4,4,4,4,4,4,4,4,4,4,4,4,2,2,1,1,1,1,1,1,0,0,,,,,,,,,,,,,,,,,,,,,,,,,,,,,,,,,,,,,,,,,,,,,,,,
6798,1600,6794,6838,6796;6807,2,0,0,0,0,0,0,0,0,0,0,0,0,0,0,2,2,2,2,2,2,2,2,2,2,1,1,2,2,2,2,2,2,2,2,2,2,2,2,1,1,1,1,0,0,0,0,0,0,,,,,,,,,,,,,,,,,,,,,,,,,,,,,,,,,,,,,,,,,,,,,,,,
6799,1200,6806,7069,,0,0,0,0,0,0,0,0,0,0,0,0,0,0,0,2,2,3,3,2,2,2,2,2,2,2,2,2,2,2,2,2,2,2,2,2,2,2,2,1,1,1,1,0,0,0,0,0,0,,,,,,,,,,,,,,,,,,,,,,,,,,,,,,,,,,,,,,,,,,,,,,,,
68,1200,365,51,,0,0,0,0,0,0,0,0,0,0,0,0,0,1,1,9,9,10,10,10,10,10,10,9,9,9,9,9,9,9,9,9,9,9,9,10,10,9,9,2,2,1,1,1,1,1,1,0,0,,,,,,,,,,,,,,,,,,,,,,,,,,,,,,,,,,,,,,,,,,,,,,,,
6800,1200,6805,6918,,0,0,0,0,0,0,0,0,0,0,0,0,0,0,0,1,1,2,2,2,2,2,2,1,1,1,1,1,1,1,1,1,1,1,1,1,1,1,1,1,1,1,1,0,0,0,0,0,0,,,,,,,,,,,,,,,,,,,,,,,,,,,,,,,,,,,,,,,,,,,,,,,,
6801,1200,6812,6797,6795;6816,2,0,0,0,0,0,0,0,0,0,0,0,0,1,1,4,4,5,5,5,5,4,4,4,4,4,4,4,4,4,4,4,4,4,4,4,4,4,4,2,2,1,1,1,1,1,1,0,0,,,,,,,,,,,,,,,,,,,,,,,,,,,,,,,,,,,,,,,,,,,,,,,,
6802,1600,6805,6922,,0,0,0,0,0,0,0,0,0,0,0,0,0,0,0,2,2,3,3,3,3,2,2,2,2,2,2,2,2,2,2,2,2,2,2,2,2,2,2,1,1,1,1,1,1,0,0,0,0,,,,,,,,,,,,,,,,,,,,,,,,,,,,,,,,,,,,,,,,,,,,,,,,
6803,1600,2245,6806,,0,0,0,0,0,0,0,0,0,0,0,0,0,0,0,3,3,4,4,3,3,3,3,3,3,3,3,3,3,3,3,3,3,3,3,3,3,3,3,2,2,1,1,1,1,0,0,0,0,,,,,,,,,,,,,,,,,,,,,,,,,,,,,,,,,,,,,,,,,,,,,,,,
6804,1200,6762,6922,,0,0,0,0,0,0,0,0,0,0,0,0,0,0,0,1,1,1,1,1,1,1,1,1,1,1,1,1,1,1,1,1,1,1,1,1,1,1,1,1,1,0,0,0,0,0,0,0,0,,,,,,,,,,,,,,,,,,,,,,,,,,,,,,,,,,,,,,,,,,,,,,,,
6805,1600,6800,6802,6817,1,0,0,0,0,0,0,0,0,0,0,0,0,0,0,2,2,3,3,3,3,2,2,2,2,2,2,2,2,2,2,2,2,2,2,2,2,2,2,1,1,1,1,1,1,0,0,0,0,,,,,,,,,,,,,,,,,,,,,,,,,,,,,,,,,,,,,,,,,,,,,,,,
6806,1600,6810,6803,6799;7070,2,0,0,0,0,0,0,0,0,0,0,0,0,0,0,2,2,2,2,2,2,2,2,2,2,2,2,2,2,2,2,2,2,2,2,2,2,2,2,1,1,1,1,0,0,0,0,0,0,,,,,,,,,,,,,,,,,,,,,,,,,,,,,,,,,,,,,,,,,,,,,,,,
6807,1200,6798,6808,,0,0,0,0,0,0,0,0,0,0,0,0,0,0,0,2,2,2,2,2,2,2,2,1,1,1,1,1,1,1,1,1,1,1,1,2,2,1,1,1,1,1,1,0,0,0,0,0,0,,,,,,,,,,,,,,,,,,,,,,,,,,,,,,,,,,,,,,,,,,,,,,,,
6808,1600,6807,6821,6921;6844,2,0,0,0,0,0,0,0,0,0,0,0,0,0,0,2,2,2,2,2,2,2,2,2,2,2,2,2,2,2,2,2,2,2,2,2,2,2,2,1,1,1,1,0,0,0,0,0,0,,,,,,,,,,,,,,,,,,,,,,,,,,,,,,,,,,,,,,,,,,,,,,,,
6809,1200,6926,,,0,0,0,0,0,0,0,0,0,0,0,0,0,0,0,2,2,3,3,2,2,2,2,2,2,2,2,2,2,2,2,2,2,2,2,2,2,2,2,1,1,1,1,1,1,0,0,0,0,,,,,,,,,,,,,,,,,,,,,,,,,,,,,,,,,,,,,,,,,,,,,,,,
6810,1200,6806,7076,,0,0,0,0,0,0,0,0,0,0,0,0,0,0,0,2,2,2,2,2,2,2,2,2,2,2,2,2,2,2,2,2,2,2,2,2,2,2,2,1,1,1,1,0,0,0,0,0,0,,,,,,,,,,,,,,,,,,,,,,,,,,,,,,,,,,,,,,,,,,,,,,,,
6811,800,6932,6814,,0,0,0,0,0,0,0,0,0,0,0,0,0,0,0,2,2,3,3,3,3,2,2,2,2,2,2,2,2,2,2,2,2,2,2,2,2,2,2,1,1,1,1,1,1,0,0,0,0,,,,,,,,,,,,,,,,,,,,,,,,,,,,,,,,,,,,,,,,,,,,,,,,
6812,1200,6801,6926,,0,0,0,0,0,0,0,0,0,0,0,0,0,0,0,2,2,3,3,3,3,2,2,2,2,2,2,2,2,2,2,2,2,2,2,2,2,2,2,1,1,1,1,1,1,0,0,0,0,,,,,,,,,,,,,,,,,,,,,,,,,,,,,,,,,,,,,,,,,,,,,,,,
6813,2000,6776,6820,,0,54,54,54,54,38,38,41,41,48,48,53,53,149,149,1126,1126,1279,1279,1185,1185,1176,1176,1064,1064,1030,1030,978,978,1073,1073,1075,1075,1072,1072,1157,1157,1124,1124,530,530,326,326,208,208,152,152,86,86,,,,,,,,,,,,,,,,,,,,,,,,,,,,,,,,,,,,,,,,,,,,,,,,
6814,1200,6826,6925,6811;6927,2,0,0,0,0,0,0,0,0,0,0,0,0,0,0,2,2,2,2,2,2,2,2,2,2,1,1,1,1,1,1,1,1,2,2,2,2,1,1,1,1,1,1,0,0,0,0,0,0,,,,,,,,,,,,,,,,,,,,,,,,,,,,,,,,,,,,,,,,,,,,,,,,
6815,1200,6952,6820,,0,0,0,0,0,0,0,0,0,0,0,0,0,0,0,1,1,2,2,1,1,1,1,1,1,1,1,1,1,1,1,1,1,1,1,1,1,1,1,1,1,0,0,0,0,0,0,0,0,,,,,,,,,,,,,,,,,,,,,,,,,,,,,,,,,,,,,,,,,,,,,,,,
6816,1600,6822,6801,,0,0,0,0,0,0,0,0,0,0,0,0,0,1,1,4,4,5,5,5,5,4,4,4,4,4,4,4,4,4,4,4,4,4,4,4,4,4,4,2,2,1,1,1,1,1,1,0,0,,,,,,,,,,,,,,,,,,,,,,,,,,,,,,,,,,,,,,,,,,,,,,,,
6817,1600,6805,6824,,0,0,0,0,0,0,0,0,0,0,0,0,0,1,1,4,4,4,4,4,4,4,4,4,4,3,3,3,3,3,3,3,3,3,3,4,4,3,3,2,2,1,1,1,1,1,1,0,0,,,,,,,,,,,,,,,,,,,,,,,,,,,,,,,,,,,,,,,,,,,,,,,,
6818,2500,6936,6822,,0,54,54,54,54,38,38,41,41,48,48,53,53,149,149,1126,1126,1279,1279,1185,1185,1176,1176,1064,1064,1030,1030,978,978,1073,1073,1075,1075,1072,1072,1157,1157,1124,1124,530,530,326,326,208,208,152,152,86,86,,,,,,,,,,,,,,,,,,,,,,,,,,,,,,,,,,,,,,,,,,,,,,,,
6819,800,,6938,,0,0,0,0,0,0,0,0,0,0,0,0,0,0,0,2,2,2,2,2,2,2,2,2,2,2,2,2,2,2,2,2,2,2,2,2,2,2,2,1,1,1,1,0,0,0,0,0,0,,,,,,,,,,,,,,,,,,,,,,,,,,,,,,,,,,,,,,,,,,,,,,,,
6820,1200,6815,6829,6813;6850,2,0,0,0,0,0,0,0,0,0,0,0,0,0,0,2,2,2,2,2,2,2,2,2,2,2,2,2,2,2,2,2,2,2,2,2,2,2,2,1,1,1,1,0,0,0,0,0,0,,,,,,,,,,,,,,,,,,,,,,,,,,,,,,,,,,,,,,,,,,,,,,,,
6821,2500,6808,6824,,0,67,67,70,70,49,49,53,53,62,62,67,67,186,186,910,910,1134,1134,1023,1023,977,977,900,900,812,812,861,861,864,864,851,851,886,886,939,939,854,854,524,524,336,336,227,227,165,165,84,84,,,,,,,,,,,,,,,,,,,,,,,,,,,,,,,,,,,,,,,,,,,,,,,,
6822,1500,6818,6923,6816;6837,2,54,54,54,54,38,38,41,41,48,48,53,53,149,149,1126,1126,1279,1279,1185,1185,1176,1176,1064,1064,1030,1030,978,978,1073,1073,1075,1075,1072,1072,1157,1157,1124,1124,530,530,326,326,208,208,152,152,86,86,,,,,,,,,,,,,,,,,,,,,,,,,,,,,,,,,,,,,,,,,,,,,,,,
6823,2000,6828,6780,,0,67,67,70,70,49,49,53,53,62,62,67,67,186,186,910,910,1134,1134,1023,1023,977,977,900,900,812,812,861,861,864,864,851,851,886,886,939,939,854,854,524,524,336,336,227,227,165,165,84,84,,,,,,,,,,,,,,,,,,,,,,,,,,,,,,,,,,,,,,,,,,,,,,,,
6824,2000,6836,6821,6817;6861,2,67,67,70,70,49,49,53,53,62,62,67,67,186,186,910,910,1134,1134,1023,1023,977,977,900,900,812,812,861,861,864,864,851,851,886,886,939,939,854,854,524,524,336,336,227,227,165,165,84,84,,,,,,,,,,,,,,,,,,,,,,,,,,,,,,,,,,,,,,,,,,,,,,,,
6825,800,6924,,,0,0,0,0,0,0,0,0,0,0,0,0,0,1,1,4,4,5,5,4,4,4,4,4,4,3,3,4,4,4,4,4,4,4,4,4,4,4,4,2,2,1,1,1,1,1,1,0,0,,,,,,,,,,,,,,,,,,,,,,,,,,,,,,,,,,,,,,,,,,,,,,,,
6826,1200,6814,6828,,0,0,0,0,0,0,0,0,0,0,0,0,0,0,0,2,2,2,2,2,2,2,2,2,2,2,2,2,2,2,2,2,2,2,2,2,2,2,2,1,1,1,1,0,0,0,0,0,0,,,,,,,,,,,,,,,,,,,,,,,,,,,,,,,,,,,,,,,,,,,,,,,,
6827,800,6938,6936,,0,0,0,0,0,0,0,0,0,0,0,0,0,0,0,2,2,2,2,2,2,2,2,2,2,2,2,2,2,2,2,2,2,2,2,2,2,2,2,1,1,1,1,0,0,0,0,0,0,,,,,,,,,,,,,,,,,,,,,,,,,,,,,,,,,,,,,,,,,,,,,,,,
6828,1200,6831,6826,6823;6864,2,0,0,0,0,0,0,0,0,0,0,0,0,0,0,2,2,3,3,3,3,3,3,2,2,2,2,2,2,2,2,2,2,2,2,2,2,2,2,1,1,1,1,1,1,0,0,0,0,,,,,,,,,,,,,,,,,,,,,,,,,,,,,,,,,,,,,,,,,,,,,,,,
6829,1200,6820,6830,,0,0,0,0,0,0,0,0,0,0,0,0,0,0,0,2,2,2,2,2,2,2,2,2,2,1,1,1,1,2,2,2,2,2,2,2,2,2,2,1,1,1,1,0,0,0,0,0,0,,,,,,,,,,,,,,,,,,,,,,,,,,,,,,,,,,,,,,,,,,,,,,,,
6830,1600,6937,6852,6829;6943,2,0,0,0,0,0,0,0,0,0,0,0,0,0,0,1,1,1,1,1,1,1,1,1,1,1,1,1,1,1,1,1,1,1,1,1,1,1,1,1,1,0,0,0,0,0,0,0,0,,,,,,,,,,,,,,,,,,,,,,,,,,,,,,,,,,,,,,,,,,,,,,,,
6831,1200,6828,6834,,0,0,0,0,0,0,0,0,0,0,0,0,0,0,0,2,2,3,3,2,2,2,2,2,2,2,2,2,2,2,2,2,2,2,2,2,2,2,2,1,1,1,1,1,1,0,0,0,0,,,,,,,,,,,,,,,,,,,,,,,,,,,,,,,,,,,,,,,,,,,,,,,,
6832,4400,6834,6792,,0,67,67,70,70,49,49,53,53,62,62,67,67,186,186,910,910,1134,1134,1023,1023,977,977,900,900,812,812,861,861,864,864,851,851,886,886,939,939,854,854,524,524,336,336,227,227,165,165,84,84,,,,,,,,,,,,,,,,,,,,,,,,,,,,,,,,,,,,,,,,,,,,,,,,
6833,600,,6924,,0,0,0,0,0,0,0,0,0,0,0,0,0,1,1,4,4,5,5,4,4,4,4,4,4,3,3,3,3,4,4,4,4,4,4,4,4,4,4,2,2,1,1,1,1,1,1,0,0,,,,,,,,,,,,,,,,,,,,,,,,,,,,,,,,,,,,,,,,,,,,,,,,
6834,1200,6831,6840,6832;6874,2,0,0,0,0,0,0,0,0,0,0,0,0,0,0,2,2,2,2,2,2,2,2,2,2,2,2,2,2,2,2,2,2,2,2,2,2,2,2,1,1,1,1,0,0,0,0,0,0,,,,,,,,,,,,,,,,,,,,,,,,,,,,,,,,,,,,,,,,,,,,,,,,
6835,1600,6928,6924,,0,0,0,0,0,0,0,0,0,0,0,0,0,0,0,2,2,2,2,2,2,2,2,2,2,2,2,2,2,2,2,2,2,2,2,2,2,2,2,1,1,1,1,0,0,0,0,0,0,,,,,,,,,,,,,,,,,,,,,,,,,,,,,,,,,,,,,,,,,,,,,,,,
6836,2500,,6824,,0,42,42,39,39,28,28,29,29,34,34,39,39,112,112,1343,1343,1424,1424,1347,1347,1375,1375,1229,1229,1247,1247,1096,1096,1282,1282,1299,1299,1257,1257,1375,1375,1394,1394,536,536,316,316,190,190,140,140,87,87,,,,,,,,,,,,,,,,,,,,,,,,,,,,,,,,,,,,,,,,,,,,,,,,
6837,1600,6822,6841,,0,0,0,0,0,0,0,0,0,0,0,0,0,0,0,2,2,3,3,2,2,2,2,2,2,2,2,2,2,2,2,2,2,2,2,2,2,2,2,1,1,1,1,0,0,0,0,0,0,,,,,,,,,,,,,,,,,,,,,,,,,,,,,,,,,,,,,,,,,,,,,,,,
6838,2000,6798,6842,,0,67,67,70,70,49,49,53,53,62,62,67,67,186,186,910,910,1134,1134,1023,1023,977,977,900,900,812,812,861,861,864,864,851,851,886,886,939,939,854,854,524,524,336,336,227,227,165,165,84,84,,,,,,,,,,,,,,,,,,,,,,,,,,,,,,,,,,,,,,,,,,,,,,,,
6839,1200,6944,6942,,0,0,0,0,0,0,0,0,0,0,0,0,0,0,0,1,1,2,2,2,2,1,1,1,1,1,1,1,1,1,1,1,1,1,1,1,1,1,1,1,1,0,0,0,0,0,0,0,0,,,,,,,,,,,,,,,,,,,,,,,,,,,,,,,,,,,,,,,,,,,,,,,,
6840,1200,6842,6834,,0,0,0,0,0,0,0,0,0,0,0,0,0,0,0,2,2,2,2,2,2,2,2,2,2,2,2,2,2,2,2,2,2,2,2,2,2,2,2,1,1,1,1,0,0,0,0,0,0,,,,,,,,,,,,,,,,,,,,,,,,,,,,,,,,,,,,,,,,,,,,,,,,
6841,1600,6857,6939,6837;6886,2,33,33,31,31,22,22,23,23,26,26,31,31,88,88,1055,1055,1119,1119,1058,1058,1080,1080,966,966,980,980,861,861,1008,1008,1021,1021,988,988,1080,1080,1096,1096,421,421,249,249,150,150,110,110,68,68,,,,,,,,,,,,,,,,,,,,,,,,,,,,,,,,,,,,,,,,,,,,,,,,
6842,1200,6845,6840,6838;6884,2,0,0,0,0,0,0,0,0,0,0,0,0,0,0,2,2,3,3,3,3,3,3,2,2,2,2,2,2,2,2,2,2,2,2,2,2,2,2,1,1,1,1,1,1,0,0,0,0,,,,,,,,,,,,,,,,,,,,,,,,,,,,,,,,,,,,,,,,,,,,,,,,
6843,800,6944,,,0,53,53,55,55,38,38,42,42,48,48,53,53,146,146,715,715,891,891,804,804,768,768,707,707,638,638,676,676,679,679,669,669,696,696,738,738,671,671,411,411,264,264,178,178,130,130,66,66,,,,,,,,,,,,,,,,,,,,,,,,,,,,,,,,,,,,,,,,,,,,,,,,
6844,2000,6846,6808,,0,67,67,70,70,49,49,53,53,62,62,67,67,186,186,910,910,1134,1134,1023,1023,977,977,900,900,812,812,861,861,864,864,851,851,886,886,939,939,854,854,524,524,336,336,227,227,165,165,84,84,,,,,,,,,,,,,,,,,,,,,,,,,,,,,,,,,,,,,,,,,,,,,,,,
6845,1200,6842,6846,,0,0,0,0,0,0,0,0,0,0,0,0,0,0,0,2,2,3,3,2,2,2,2,2,2,2,2,2,2,2,2,2,2,2,2,2,2,2,2,1,1,1,1,1,1,0,0,0,0,,,,,,,,,,,,,,,,,,,,,,,,,,,,,,,,,,,,,,,,,,,,,,,,
6846,1200,6845,6862,6844;6893,2,0,0,0,0,0,0,0,0,0,0,0,0,0,0,2,2,3,3,3,3,3,3,2,2,2,2,2,2,2,2,2,2,2,2,2,2,2,2,1,1,1,1,1,1,0,0,0,0,,,,,,,,,,,,,,,,,,,,,,,,,,,,,,,,,,,,,,,,,,,,,,,,
6847,1650,7073,6865,7078;6848,2,54,54,54,54,38,38,41,41,48,48,53,53,149,149,1126,1126,1279,1279,1185,1185,1176,1176,1064,1064,1030,1030,978,978,1073,1073,1075,1075,1072,1072,1157,1157,1124,1124,530,530,326,326,208,208,152,152,86,86,,,,,,,,,,,,,,,,,,,,,,,,,,,,,,,,,,,,,,,,,,,,,,,,
6848,4400,6847,2319,2302;6865,2,54,54,54,54,38,38,41,41,48,48,53,53,149,149,1126,1126,1279,1279,1185,1185,1176,1176,1064,1064,1030,1030,978,978,1073,1073,1075,1075,1072,1072,1157,1157,1124,1124,530,530,326,326,208,208,152,152,86,86,,,,,,,,,,,,,,,,,,,,,,,,,,,,,,,,,,,,,,,,,,,,,,,,
6849,800,,7063,,0,0,0,0,0,0,0,0,0,0,0,0,0,0,0,1,1,1,1,1,1,1,1,1,1,1,1,1,1,1,1,1,1,1,1,1,1,1,1,0,0,0,0,0,0,0,0,0,0,,,,,,,,,,,,,,,,,,,,,,,,,,,,,,,,,,,,,,,,,,,,,,,,
6850,1600,6820,6950,,0,0,0,0,0,0,0,0,0,0,0,0,0,0,0,1,1,1,1,1,1,1,1,1,1,1,1,1,1,1,1,1,1,1,1,1,1,1,1,0,0,0,0,0,0,0,0,0,0,,,,,,,,,,,,,,,,,,,,,,,,,,,,,,,,,,,,,,,,,,,,,,,,
6851,1600,6954,6856,,0,53,53,55,55,38,38,42,42,48,48,53,53,146,146,715,715,891,891,804,804,768,768,707,707,638,638,676,676,679,679,669,669,696,696,738,738,671,671,411,411,264,264,178,178,130,130,66,66,,,,,,,,,,,,,,,,,,,,,,,,,,,,,,,,,,,,,,,,,,,,,,,,
6852,1600,6855,6830,,0,0,0,0,0,0,0,0,0,0,0,0,0,0,0,1,1,1,1,1,1,1,1,1,1,1,1,1,1,1,1,1,1,1,1,1,1,1,1,0,0,0,0,0,0,0,0,0,0,,,,,,,,,,,,,,,,,,,,,,,,,,,,,,,,,,,,,,,,,,,,,,,,
6853,800,6928,6859,,0,0,0,0,0,0,0,0,0,0,0,0,0,1,1,3,3,4,4,4,4,3,3,3,3,3,3,3,3,3,3,3,3,3,3,3,3,3,3,2,2,1,1,1,1,1,1,0,0,,,,,,,,,,,,,,,,,,,,,,,,,,,,,,,,,,,,,,,,,,,,,,,,
6854,300,6950,6855,,0,0,0,0,0,0,0,0,0,0,0,0,0,0,0,1,1,1,1,1,1,1,1,1,1,1,1,1,1,1,1,1,1,1,1,1,1,1,1,1,1,0,0,0,0,0,0,0,0,,,,,,,,,,,,,,,,,,,,,,,,,,,,,,,,,,,,,,,,,,,,,,,,
6855,300,6873,6854,6852;6863,2,0,0,0,0,0,0,0,0,0,0,0,0,0,0,1,1,1,1,1,1,1,1,1,1,1,1,1,1,1,1,1,1,1,1,1,1,1,1,1,1,0,0,0,0,0,0,0,0,,,,,,,,,,,,,,,,,,,,,,,,,,,,,,,,,,,,,,,,,,,,,,,,
6856,1200,6949,6959,6851;6866,2,0,0,0,0,0,0,0,0,0,0,0,0,0,0,1,1,1,1,1,1,1,1,1,1,1,1,1,1,1,1,1,1,1,1,1,1,1,1,0,0,0,0,0,0,0,0,0,0,,,,,,,,,,,,,,,,,,,,,,,,,,,,,,,,,,,,,,,,,,,,,,,,
6857,1600,6841,6859,,0,53,53,55,55,38,38,42,42,48,48,53,53,146,146,715,715,891,891,804,804,768,768,707,707,638,638,676,676,679,679,669,669,696,696,738,738,671,671,411,411,264,264,178,178,130,130,66,66,,,,,,,,,,,,,,,,,,,,,,,,,,,,,,,,,,,,,,,,,,,,,,,,
6858,1200,6942,,,0,0,0,0,0,0,0,0,0,0,0,0,0,0,0,1,1,1,1,1,1,1,1,1,1,1,1,1,1,1,1,1,1,1,1,1,1,1,1,0,0,0,0,0,0,0,0,0,0,,,,,,,,,,,,,,,,,,,,,,,,,,,,,,,,,,,,,,,,,,,,,,,,
6859,1500,6901,6853,6857;6877,2,67,67,70,70,49,49,53,53,62,62,67,67,186,186,910,910,1134,1134,1023,1023,977,977,900,900,812,812,861,861,864,864,851,851,886,886,939,939,854,854,524,524,336,336,227,227,165,165,84,84,,,,,,,,,,,,,,,,,,,,,,,,,,,,,,,,,,,,,,,,,,,,,,,,
6860,2500,6916,,,0,42,42,39,39,28,28,29,29,34,34,39,39,112,112,1343,1343,1424,1424,1347,1347,1375,1375,1229,1229,1247,1247,1096,1096,1282,1282,1299,1299,1257,1257,1375,1375,1394,1394,536,536,316,316,190,190,140,140,87,87,,,,,,,,,,,,,,,,,,,,,,,,,,,,,,,,,,,,,,,,,,,,,,,,
6861,1600,6824,6916,,0,0,0,0,0,0,0,0,0,0,0,0,0,1,1,3,3,4,4,3,3,3,3,3,3,3,3,3,3,3,3,3,3,3,3,3,3,3,3,2,2,1,1,1,1,0,0,0,0,,,,,,,,,,,,,,,,,,,,,,,,,,,,,,,,,,,,,,,,,,,,,,,,
6862,1200,6920,6846,,0,0,0,0,0,0,0,0,0,0,0,0,0,0,0,2,2,2,2,2,2,2,2,2,2,2,2,2,2,2,2,2,2,2,2,2,2,2,2,1,1,1,1,0,0,0,0,0,0,,,,,,,,,,,,,,,,,,,,,,,,,,,,,,,,,,,,,,,,,,,,,,,,
6863,400,6870,6855,,0,0,0,0,0,0,0,0,0,0,0,0,0,0,0,2,2,2,2,2,2,2,2,1,1,1,1,1,1,1,1,1,1,1,1,2,2,1,1,1,1,0,0,0,0,0,0,0,0,,,,,,,,,,,,,,,,,,,,,,,,,,,,,,,,,,,,,,,,,,,,,,,,
6864,2500,6828,6934,,0,67,67,70,70,49,49,53,53,62,62,67,67,186,186,910,910,1134,1134,1023,1023,977,977,900,900,812,812,861,861,864,864,851,851,886,886,939,939,854,854,524,524,336,336,227,227,165,165,84,84,,,,,,,,,,,,,,,,,,,,,,,,,,,,,,,,,,,,,,,,,,,,,,,,
6865,4400,7073,2371,6847;6848;2319;6875,4,54,54,54,54,38,38,41,41,48,48,53,53,149,149,1126,1126,1279,1279,1185,1185,1176,1176,1064,1064,1030,1030,978,978,1073,1073,1075,1075,1072,1072,1157,1157,1124,1124,530,530,326,326,208,208,152,152,86,86,,,,,,,,,,,,,,,,,,,,,,,,,,,,,,,,,,,,,,,,,,,,,,,,
6866,1200,6956,6856,,0,0,0,0,0,0,0,0,0,0,0,0,0,0,0,1,1,1,1,1,1,1,1,1,1,1,1,1,1,1,1,1,1,1,1,1,1,1,1,1,1,0,0,0,0,0,0,0,0,,,,,,,,,,,,,,,,,,,,,,,,,,,,,,,,,,,,,,,,,,,,,,,,
6867,1200,6919,6883,6915;6888,2,0,0,0,0,0,0,0,0,0,0,0,0,0,0,2,2,2,2,2,2,2,2,2,2,2,2,2,2,2,2,2,2,2,2,2,2,2,2,1,1,1,1,0,0,0,0,0,0,,,,,,,,,,,,,,,,,,,,,,,,,,,,,,,,,,,,,,,,,,,,,,,,
6868,1200,6946,6940,,0,0,0,0,0,0,0,0,0,0,0,0,0,0,0,1,1,1,1,1,1,1,1,1,1,1,1,1,1,1,1,1,1,1,1,1,1,1,1,0,0,0,0,0,0,0,0,0,0,,,,,,,,,,,,,,,,,,,,,,,,,,,,,,,,,,,,,,,,,,,,,,,,
6869,800,6920,,,0,0,0,0,0,0,0,0,0,0,0,0,0,0,0,2,2,3,3,2,2,2,2,2,2,2,2,2,2,2,2,2,2,2,2,2,2,2,2,1,1,1,1,1,1,0,0,0,0,,,,,,,,,,,,,,,,,,,,,,,,,,,,,,,,,,,,,,,,,,,,,,,,
6870,800,6887,6863,6955;6878,2,0,0,0,0,0,0,0,0,0,0,0,0,0,0,2,2,2,2,2,2,2,2,2,2,2,2,2,2,2,2,2,2,2,2,2,2,2,2,1,1,1,1,0,0,0,0,0,0,,,,,,,,,,,,,,,,,,,,,,,,,,,,,,,,,,,,,,,,,,,,,,,,
6871,1200,,6960,,0,0,0,0,0,0,0,0,0,0,0,0,0,0,0,2,2,2,2,2,2,2,2,2,2,2,2,2,2,2,2,2,2,2,2,2,2,2,2,1,1,1,1,0,0,0,0,0,0,,,,,,,,,,,,,,,,,,,,,,,,,,,,,,,,,,,,,,,,,,,,,,,,
6872,4400,6952,7109,6772,1,54,54,54,54,38,38,41,41,48,48,53,53,149,149,1126,1126,1279,1279,1185,1185,1176,1176,1064,1064,1030,1030,978,978,1073,1073,1075,1075,1072,1072,1157,1157,1124,1124,530,530,326,326,208,208,152,152,86,86,,,,,,,,,,,,,,,,,,,,,,,,,,,,,,,,,,,,,,,,,,,,,,,,
6873,300,6855,6948,,0,0,0,0,0,0,0,0,0,0,0,0,0,0,0,1,1,1,1,1,1,1,1,1,1,1,1,1,1,1,1,1,1,1,1,1,1,1,1,1,1,0,0,0,0,0,0,0,0,,,,,,,,,,,,,,,,,,,,,,,,,,,,,,,,,,,,,,,,,,,,,,,,
6874,4400,6881,6834,,0,67,67,70,70,49,49,53,53,62,62,67,67,186,186,910,910,1134,1134,1023,1023,977,977,900,900,812,812,861,861,864,864,851,851,886,886,939,939,854,854,524,524,336,336,227,227,165,165,84,84,,,,,,,,,,,,,,,,,,,,,,,,,,,,,,,,,,,,,,,,,,,,,,,,
6875,4400,6865,6882,,0,54,54,54,54,38,38,41,41,48,48,53,53,149,149,1126,1126,1279,1279,1185,1185,1176,1176,1064,1064,1030,1030,978,978,1073,1073,1075,1075,1072,1072,1157,1157,1124,1124,530,530,326,326,208,208,152,152,86,86,,,,,,,,,,,,,,,,,,,,,,,,,,,,,,,,,,,,,,,,,,,,,,,,
6876,1200,6880,6948,,0,0,0,0,0,0,0,0,0,0,0,0,0,0,0,1,1,2,2,1,1,1,1,1,1,1,1,1,1,1,1,1,1,1,1,1,1,1,1,1,1,0,0,0,0,0,0,0,0,,,,,,,,,,,,,,,,,,,,,,,,,,,,,,,,,,,,,,,,,,,,,,,,
6877,1200,6934,6859,,0,0,0,0,0,0,0,0,0,0,0,0,0,1,1,3,3,4,4,3,3,3,3,3,3,3,3,3,3,3,3,3,3,3,3,3,3,3,3,2,2,1,1,1,1,1,1,0,0,,,,,,,,,,,,,,,,,,,,,,,,,,,,,,,,,,,,,,,,,,,,,,,,
6878,1200,6958,6870,,0,0,0,0,0,0,0,0,0,0,0,0,0,0,0,2,2,2,2,2,2,2,2,2,2,2,2,2,2,2,2,2,2,2,2,2,2,2,2,1,1,1,1,0,0,0,0,0,0,,,,,,,,,,,,,,,,,,,,,,,,,,,,,,,,,,,,,,,,,,,,,,,,
6879,1200,7065,6962,,0,0,0,0,0,0,0,0,0,0,0,0,0,0,0,1,1,2,2,2,2,2,2,1,1,1,1,1,1,1,1,1,1,1,1,2,2,1,1,1,1,0,0,0,0,0,0,0,0,,,,,,,,,,,,,,,,,,,,,,,,,,,,,,,,,,,,,,,,,,,,,,,,
6880,800,6899,6876,6957;6911,2,53,53,55,55,38,38,42,42,48,48,53,53,146,146,715,715,891,891,804,804,768,768,707,707,638,638,676,676,679,679,669,669,696,696,738,738,671,671,411,411,264,264,178,178,130,130,66,66,,,,,,,,,,,,,,,,,,,,,,,,,,,,,,,,,,,,,,,,,,,,,,,,
6881,1200,6933,6889,6874;9603,2,0,0,0,0,0,0,0,0,0,0,0,0,0,0,2,2,3,3,2,2,2,2,2,2,2,2,2,2,2,2,2,2,2,2,2,2,2,2,1,1,1,1,0,0,0,0,0,0,,,,,,,,,,,,,,,,,,,,,,,,,,,,,,,,,,,,,,,,,,,,,,,,
6882,4400,6875,6914,6951;6903;9989,3,54,54,54,54,38,38,41,41,48,48,53,53,149,149,1126,1126,1279,1279,1185,1185,1176,1176,1064,1064,1030,1030,978,978,1073,1073,1075,1075,1072,1072,1157,1157,1124,1124,530,530,326,326,208,208,152,152,86,86,,,,,,,,,,,,,,,,,,,,,,,,,,,,,,,,,,,,,,,,,,,,,,,,
6883,1600,,6867,,0,10,10,10,10,7,7,7,7,8,8,10,10,28,28,336,336,356,356,337,337,344,344,307,307,312,312,274,274,320,320,325,325,314,314,344,344,348,348,134,134,79,79,48,48,35,35,22,22,,,,,,,,,,,,,,,,,,,,,,,,,,,,,,,,,,,,,,,,,,,,,,,,
6884,1600,6891,6842,,0,0,0,0,0,0,0,0,0,0,0,0,0,0,0,2,2,3,3,2,2,2,2,2,2,2,2,2,2,2,2,2,2,2,2,2,2,2,2,1,1,1,1,0,0,0,0,0,0,,,,,,,,,,,,,,,,,,,,,,,,,,,,,,,,,,,,,,,,,,,,,,,,
6885,1200,6956,,,0,0,0,0,0,0,0,0,0,0,0,0,0,0,0,1,1,2,2,2,2,2,2,1,1,1,1,1,1,1,1,1,1,1,1,2,2,1,1,1,1,0,0,0,0,0,0,0,0,,,,,,,,,,,,,,,,,,,,,,,,,,,,,,,,,,,,,,,,,,,,,,,,
6886,1200,6910,6841,,0,0,0,0,0,0,0,0,0,0,0,0,0,0,0,1,1,1,1,1,1,1,1,1,1,1,1,1,1,1,1,1,1,1,1,1,1,1,1,1,1,0,0,0,0,0,0,0,0,,,,,,,,,,,,,,,,,,,,,,,,,,,,,,,,,,,,,,,,,,,,,,,,
6887,1200,,6870,,0,0,0,0,0,0,0,0,0,0,0,0,0,0,0,2,2,3,3,3,3,3,3,2,2,2,2,2,2,2,2,2,2,2,2,3,3,2,2,1,1,1,1,1,1,0,0,0,0,,,,,,,,,,,,,,,,,,,,,,,,,,,,,,,,,,,,,,,,,,,,,,,,
6888,1600,6892,6867,,0,0,0,0,0,0,0,0,0,0,0,0,0,1,1,4,4,4,4,4,4,4,4,3,3,3,3,3,3,3,3,3,3,3,3,4,4,3,3,2,2,1,1,1,1,1,1,0,0,,,,,,,,,,,,,,,,,,,,,,,,,,,,,,,,,,,,,,,,,,,,,,,,
6889,1200,6881,6891,,0,0,0,0,0,0,0,0,0,0,0,0,0,1,1,3,3,3,3,3,3,3,3,3,3,2,2,3,3,3,3,3,3,3,3,3,3,3,3,1,1,1,1,1,1,0,0,0,0,,,,,,,,,,,,,,,,,,,,,,,,,,,,,,,,,,,,,,,,,,,,,,,,
6890,2000,6907,6892,,0,67,67,70,70,49,49,53,53,62,62,67,67,186,186,910,910,1134,1134,1023,1023,977,977,900,900,812,812,861,861,864,864,851,851,886,886,939,939,854,854,524,524,336,336,227,227,165,165,84,84,,,,,,,,,,,,,,,,,,,,,,,,,,,,,,,,,,,,,,,,,,,,,,,,
6891,800,6884,9588,6889;6895,2,0,0,0,0,0,0,0,0,0,0,0,0,1,1,4,4,5,5,4,4,4,4,4,4,3,3,3,3,4,4,4,4,4,4,4,4,4,4,2,2,1,1,1,1,1,1,0,0,,,,,,,,,,,,,,,,,,,,,,,,,,,,,,,,,,,,,,,,,,,,,,,,
6892,1500,6890,9902,6888;9591,2,67,67,70,70,49,49,53,53,62,62,67,67,186,186,910,910,1134,1134,1023,1023,977,977,900,900,812,812,861,861,864,864,851,851,886,886,939,939,854,854,524,524,336,336,227,227,165,165,84,84,,,,,,,,,,,,,,,,,,,,,,,,,,,,,,,,,,,,,,,,,,,,,,,,
6893,1200,6846,6907,,0,0,0,0,0,0,0,0,0,0,0,0,0,0,0,2,2,3,3,3,3,2,2,2,2,2,2,2,2,2,2,2,2,2,2,2,2,2,2,1,1,1,1,1,1,0,0,0,0,,,,,,,,,,,,,,,,,,,,,,,,,,,,,,,,,,,,,,,,,,,,,,,,
6894,600,9903,,,0,0,0,0,0,0,0,0,0,0,0,0,0,1,1,4,4,5,5,5,5,4,4,4,4,4,4,4,4,4,4,4,4,4,4,4,4,4,4,2,2,1,1,1,1,1,1,0,0,,,,,,,,,,,,,,,,,,,,,,,,,,,,,,,,,,,,,,,,,,,,,,,,
6895,1200,9585,6891,,0,33,33,31,31,22,22,23,23,26,26,31,31,88,88,1055,1055,1119,1119,1058,1058,1080,1080,966,966,980,980,861,861,1008,1008,1021,1021,988,988,1080,1080,1096,1096,421,421,249,249,150,150,110,110,68,68,,,,,,,,,,,,,,,,,,,,,,,,,,,,,,,,,,,,,,,,,,,,,,,,
6896,600,9939,,,0,0,0,0,0,0,0,0,0,0,0,0,0,0,0,3,3,4,4,3,3,3,3,3,3,3,3,3,3,3,3,3,3,3,3,3,3,3,3,2,2,1,1,1,1,0,0,0,0,,,,,,,,,,,,,,,,,,,,,,,,,,,,,,,,,,,,,,,,,,,,,,,,
6897,1200,9589,6962,,0,33,33,31,31,22,22,23,23,26,26,31,31,88,88,1055,1055,1119,1119,1058,1058,1080,1080,966,966,980,980,861,861,1008,1008,1021,1021,988,988,1080,1080,1096,1096,421,421,249,249,150,150,110,110,68,68,,,,,,,,,,,,,,,,,,,,,,,,,,,,,,,,,,,,,,,,,,,,,,,,
6898,1200,,6958,,0,0,0,0,0,0,0,0,0,0,0,0,0,0,0,3,3,4,4,3,3,3,3,3,3,3,3,3,3,3,3,3,3,3,3,3,3,3,3,2,2,1,1,1,1,0,0,0,0,,,,,,,,,,,,,,,,,,,,,,,,,,,,,,,,,,,,,,,,,,,,,,,,
6899,1200,,6880,,0,53,53,55,55,38,38,42,42,48,48,53,53,146,146,715,715,891,891,804,804,768,768,707,707,638,638,676,676,679,679,669,669,696,696,738,738,671,671,411,411,264,264,178,178,130,130,66,66,,,,,,,,,,,,,,,,,,,,,,,,,,,,,,,,,,,,,,,,,,,,,,,,
69,1200,44,352,,0,0,0,0,0,0,0,0,0,0,0,0,0,0,0,4,4,5,5,5,5,4,4,4,4,4,4,4,4,4,4,4,4,4,4,4,4,4,4,1,1,1,1,0,0,0,0,0,0,,,,,,,,,,,,,,,,,,,,,,,,,,,,,,,,,,,,,,,,,,,,,,,,
6900,4000,6913,9589,,0,42,42,39,39,28,28,29,29,34,34,39,39,112,112,1343,1343,1424,1424,1347,1347,1375,1375,1229,1229,1247,1247,1096,1096,1282,1282,1299,1299,1257,1257,1375,1375,1394,1394,536,536,316,316,190,190,140,140,87,87,,,,,,,,,,,,,,,,,,,,,,,,,,,,,,,,,,,,,,,,,,,,,,,,
6901,2000,6859,9935,,0,67,67,70,70,49,49,53,53,62,62,67,67,186,186,910,910,1134,1134,1023,1023,977,977,900,900,812,812,861,861,864,864,851,851,886,886,939,939,854,854,524,524,336,336,227,227,165,165,84,84,,,,,,,,,,,,,,,,,,,,,,,,,,,,,,,,,,,,,,,,,,,,,,,,
6902,1200,6912,6908,,0,0,0,0,0,0,0,0,0,0,0,0,0,0,0,2,2,2,2,2,2,2,2,2,2,2,2,2,2,2,2,2,2,2,2,2,2,2,2,1,1,1,1,0,0,0,0,0,0,,,,,,,,,,,,,,,,,,,,,,,,,,,,,,,,,,,,,,,,,,,,,,,,
6903,4400,6882,9988,,0,67,67,70,70,49,49,53,53,62,62,67,67,186,186,910,910,1134,1134,1023,1023,977,977,900,900,812,812,861,861,864,864,851,851,886,886,939,939,854,854,524,524,336,336,227,227,165,165,84,84,,,,,,,,,,,,,,,,,,,,,,,,,,,,,,,,,,,,,,,,,,,,,,,,
6904,800,,,,0,0,0,0,0,0,0,0,0,0,0,0,0,0,0,2,2,2,2,2,2,2,2,1,1,1,1,1,1,1,1,1,1,1,1,2,2,2,2,1,1,0,0,0,0,0,0,0,0,,,,,,,,,,,,,,,,,,,,,,,,,,,,,,,,,,,,,,,,,,,,,,,,
6905,4400,14977,6666,7030,1,54,54,56,56,39,39,42,42,50,50,54,54,149,149,959,959,1162,1162,1055,1055,994,994,944,944,856,856,900,900,912,912,924,924,959,959,1013,1013,928,928,419,419,269,269,182,182,132,132,67,67,,,,,,,,,,,,,,,,,,,,,,,,,,,,,,,,,,,,,,,,,,,,,,,,
6906,800,9585,6907,,0,0,0,0,0,0,0,0,0,0,0,0,0,1,1,4,4,5,5,5,5,4,4,4,4,4,4,4,4,4,4,4,4,4,4,4,4,4,4,2,2,1,1,1,1,1,1,0,0,,,,,,,,,,,,,,,,,,,,,,,,,,,,,,,,,,,,,,,,,,,,,,,,
6907,800,6906,6893,6890,1,0,0,0,0,0,0,0,0,0,0,0,0,1,1,3,3,4,4,4,4,4,4,3,3,3,3,3,3,3,3,3,3,3,3,4,4,3,3,2,2,1,1,1,1,1,1,0,0,,,,,,,,,,,,,,,,,,,,,,,,,,,,,,,,,,,,,,,,,,,,,,,,
6908,400,6909,6902,9940,1,0,0,0,0,0,0,0,0,0,0,0,0,0,0,2,2,2,2,2,2,2,2,2,2,2,2,2,2,2,2,2,2,2,2,2,2,2,2,1,1,1,1,0,0,0,0,0,0,,,,,,,,,,,,,,,,,,,,,,,,,,,,,,,,,,,,,,,,,,,,,,,,
6909,1200,6908,6910,,0,0,0,0,0,0,0,0,0,0,0,0,0,0,0,2,2,2,2,2,2,2,2,2,2,2,2,2,2,2,2,2,2,2,2,2,2,2,2,1,1,1,1,0,0,0,0,0,0,,,,,,,,,,,,,,,,,,,,,,,,,,,,,,,,,,,,,,,,,,,,,,,,
6910,300,6945,6886,6909,1,0,0,0,0,0,0,0,0,0,0,0,0,0,0,2,2,2,2,2,2,2,2,2,2,2,2,1,1,2,2,2,2,2,2,2,2,2,2,1,1,1,1,0,0,0,0,0,0,,,,,,,,,,,,,,,,,,,,,,,,,,,,,,,,,,,,,,,,,,,,,,,,
6911,1200,6880,6912,,0,0,0,0,0,0,0,0,0,0,0,0,0,0,0,2,2,3,3,2,2,2,2,2,2,2,2,2,2,2,2,2,2,2,2,2,2,2,2,1,1,1,1,0,0,0,0,0,0,,,,,,,,,,,,,,,,,,,,,,,,,,,,,,,,,,,,,,,,,,,,,,,,
6912,1200,6902,9606,6911,1,0,0,0,0,0,0,0,0,0,0,0,0,0,0,2,2,3,3,2,2,2,2,2,2,2,2,2,2,2,2,2,2,2,2,2,2,2,2,1,1,1,1,0,0,0,0,0,0,,,,,,,,,,,,,,,,,,,,,,,,,,,,,,,,,,,,,,,,,,,,,,,,
6913,800,6900,9586,6914,1,0,0,0,0,0,0,0,0,0,0,0,0,0,0,3,3,3,3,3,3,3,3,3,3,3,3,3,3,3,3,3,3,3,3,3,3,3,3,1,1,1,1,1,1,0,0,0,0,,,,,,,,,,,,,,,,,,,,,,,,,,,,,,,,,,,,,,,,,,,,,,,,
6914,3500,6913,6882,,0,54,54,54,54,38,38,41,41,48,48,53,53,149,149,1126,1126,1279,1279,1185,1185,1176,1176,1064,1064,1030,1030,978,978,1073,1073,1075,1075,1072,1072,1157,1157,1124,1124,530,530,326,326,208,208,152,152,86,86,,,,,,,,,,,,,,,,,,,,,,,,,,,,,,,,,,,,,,,,,,,,,,,,
6915,1200,6916,6867,,0,0,0,0,0,0,0,0,0,0,0,0,0,0,0,1,1,2,2,1,1,1,1,1,1,1,1,1,1,1,1,1,1,1,1,1,1,1,1,1,1,0,0,0,0,0,0,0,0,,,,,,,,,,,,,,,,,,,,,,,,,,,,,,,,,,,,,,,,,,,,,,,,
6916,1200,6861,6915,6860,1,0,0,0,0,0,0,0,0,0,0,0,0,0,0,2,2,2,2,2,2,2,2,2,2,2,2,2,2,2,2,2,2,2,2,2,2,2,2,1,1,1,1,0,0,0,0,0,0,,,,,,,,,,,,,,,,,,,,,,,,,,,,,,,,,,,,,,,,,,,,,,,,
6917,1600,6781,6918,,0,0,0,0,0,0,0,0,0,0,0,0,0,0,0,1,1,1,1,1,1,1,1,1,1,1,1,1,1,1,1,1,1,1,1,1,1,1,1,1,1,0,0,0,0,0,0,0,0,,,,,,,,,,,,,,,,,,,,,,,,,,,,,,,,,,,,,,,,,,,,,,,,
6918,800,6790,6800,6917,1,0,0,0,0,0,0,0,0,0,0,0,0,0,0,1,1,1,1,1,1,1,1,1,1,1,1,1,1,1,1,1,1,1,1,1,1,1,1,1,1,0,0,0,0,0,0,0,0,,,,,,,,,,,,,,,,,,,,,,,,,,,,,,,,,,,,,,,,,,,,,,,,
6919,800,6867,6920,,0,0,0,0,0,0,0,0,0,0,0,0,0,0,0,2,2,2,2,2,2,2,2,2,2,2,2,2,2,2,2,2,2,2,2,2,2,2,2,1,1,1,1,0,0,0,0,0,0,,,,,,,,,,,,,,,,,,,,,,,,,,,,,,,,,,,,,,,,,,,,,,,,
6920,800,6919,6862,6869,1,0,0,0,0,0,0,0,0,0,0,0,0,0,0,2,2,2,2,2,2,2,2,2,2,2,2,2,2,2,2,2,2,2,2,2,2,2,2,1,1,1,1,0,0,0,0,0,0,,,,,,,,,,,,,,,,,,,,,,,,,,,,,,,,,,,,,,,,,,,,,,,,
6921,800,6922,6808,,0,0,0,0,0,0,0,0,0,0,0,0,0,0,0,2,2,2,2,2,2,2,2,2,2,2,2,2,2,2,2,2,2,2,2,2,2,2,2,1,1,1,1,0,0,0,0,0,0,,,,,,,,,,,,,,,,,,,,,,,,,,,,,,,,,,,,,,,,,,,,,,,,
6922,800,6804,6921,6802,1,0,0,0,0,0,0,0,0,0,0,0,0,0,0,2,2,2,2,2,2,2,2,1,1,1,1,1,1,1,1,1,1,1,1,2,2,1,1,1,1,1,1,0,0,0,0,0,0,,,,,,,,,,,,,,,,,,,,,,,,,,,,,,,,,,,,,,,,,,,,,,,,
6923,1000,6822,6924,,0,67,67,70,70,49,49,53,53,62,62,67,67,186,186,910,910,1134,1134,1023,1023,977,977,900,900,812,812,861,861,864,864,851,851,886,886,939,939,854,854,524,524,336,336,227,227,165,165,84,84,,,,,,,,,,,,,,,,,,,,,,,,,,,,,,,,,,,,,,,,,,,,,,,,
6924,1200,6835,6923,6825;6833,2,0,0,0,0,0,0,0,0,0,0,0,0,1,1,4,4,5,5,4,4,4,4,4,4,4,4,4,4,4,4,4,4,4,4,4,4,4,4,2,2,1,1,1,1,1,1,0,0,,,,,,,,,,,,,,,,,,,,,,,,,,,,,,,,,,,,,,,,,,,,,,,,
6925,1200,6926,6814,,0,0,0,0,0,0,0,0,0,0,0,0,0,0,0,2,2,2,2,2,2,2,2,2,2,2,2,2,2,2,2,2,2,2,2,2,2,2,2,1,1,1,1,0,0,0,0,0,0,,,,,,,,,,,,,,,,,,,,,,,,,,,,,,,,,,,,,,,,,,,,,,,,
6926,800,6812,6925,6809,1,0,0,0,0,0,0,0,0,0,0,0,0,0,0,2,2,2,2,2,2,2,2,2,2,2,2,2,2,2,2,2,2,2,2,2,2,2,2,1,1,1,1,0,0,0,0,0,0,,,,,,,,,,,,,,,,,,,,,,,,,,,,,,,,,,,,,,,,,,,,,,,,
6927,1200,6928,6814,,0,0,0,0,0,0,0,0,0,0,0,0,0,0,0,2,2,2,2,2,2,2,2,1,1,1,1,1,1,1,1,1,1,1,1,2,2,1,1,1,1,1,1,0,0,0,0,0,0,,,,,,,,,,,,,,,,,,,,,,,,,,,,,,,,,,,,,,,,,,,,,,,,
6928,800,6927,6853,6835,1,0,0,0,0,0,0,0,0,0,0,0,0,0,0,2,2,3,3,2,2,2,2,2,2,2,2,2,2,2,2,2,2,2,2,2,2,2,2,1,1,1,1,0,0,0,0,0,0,,,,,,,,,,,,,,,,,,,,,,,,,,,,,,,,,,,,,,,,,,,,,,,,
6929,1200,6930,6768,,0,0,0,0,0,0,0,0,0,0,0,0,0,0,0,2,2,2,2,2,2,2,2,2,2,2,2,2,2,2,2,2,2,2,2,2,2,2,2,1,1,1,1,0,0,0,0,0,0,,,,,,,,,,,,,,,,,,,,,,,,,,,,,,,,,,,,,,,,,,,,,,,,
6930,1200,6931,6929,6786,1,0,0,0,0,0,0,0,0,0,0,0,0,0,0,2,2,3,3,2,2,2,2,2,2,2,2,2,2,2,2,2,2,2,2,2,2,2,2,1,1,1,1,1,1,0,0,0,0,,,,,,,,,,,,,,,,,,,,,,,,,,,,,,,,,,,,,,,,,,,,,,,,
6931,800,6932,6930,,0,0,0,0,0,0,0,0,0,0,0,0,0,0,0,2,2,3,3,3,3,3,3,2,2,2,2,2,2,2,2,2,2,2,2,2,2,2,2,1,1,1,1,1,1,0,0,0,0,,,,,,,,,,,,,,,,,,,,,,,,,,,,,,,,,,,,,,,,,,,,,,,,
6932,800,6811,6931,6793,1,0,0,0,0,0,0,0,0,0,0,0,0,0,0,2,2,3,3,3,3,3,3,2,2,2,2,2,2,2,2,2,2,2,2,3,3,2,2,1,1,1,1,1,1,0,0,0,0,,,,,,,,,,,,,,,,,,,,,,,,,,,,,,,,,,,,,,,,,,,,,,,,
6933,1200,6881,6934,,0,0,0,0,0,0,0,0,0,0,0,0,0,0,0,3,3,3,3,3,3,3,3,2,2,2,2,2,2,2,2,2,2,2,2,3,3,2,2,1,1,1,1,1,1,0,0,0,0,,,,,,,,,,,,,,,,,,,,,,,,,,,,,,,,,,,,,,,,,,,,,,,,
6934,800,6877,6933,6864,1,0,0,0,0,0,0,0,0,0,0,0,0,1,1,3,3,4,4,3,3,3,3,3,3,3,3,3,3,3,3,3,3,3,3,3,3,3,3,2,2,1,1,1,1,1,1,0,0,,,,,,,,,,,,,,,,,,,,,,,,,,,,,,,,,,,,,,,,,,,,,,,,
6935,1200,6784,6936,,0,0,0,0,0,0,0,0,0,0,0,0,0,0,0,2,2,2,2,2,2,2,2,2,2,2,2,2,2,2,2,2,2,2,2,2,2,2,2,1,1,1,1,0,0,0,0,0,0,,,,,,,,,,,,,,,,,,,,,,,,,,,,,,,,,,,,,,,,,,,,,,,,
6936,800,6935,6827,6818,1,0,0,0,0,0,0,0,0,0,0,0,0,0,0,2,2,2,2,2,2,2,2,2,2,2,2,2,2,2,2,2,2,2,2,2,2,2,2,1,1,1,1,0,0,0,0,0,0,,,,,,,,,,,,,,,,,,,,,,,,,,,,,,,,,,,,,,,,,,,,,,,,
6937,800,6830,6938,,0,0,0,0,0,0,0,0,0,0,0,0,0,0,0,1,1,2,2,1,1,1,1,1,1,1,1,1,1,1,1,1,1,1,1,1,1,1,1,1,1,0,0,0,0,0,0,0,0,,,,,,,,,,,,,,,,,,,,,,,,,,,,,,,,,,,,,,,,,,,,,,,,
6938,800,6819,6937,6827,1,0,0,0,0,0,0,0,0,0,0,0,0,0,0,2,2,2,2,2,2,2,2,2,2,1,1,1,1,1,1,1,1,2,2,2,2,2,2,1,1,1,1,0,0,0,0,0,0,,,,,,,,,,,,,,,,,,,,,,,,,,,,,,,,,,,,,,,,,,,,,,,,
6939,1200,6940,6841,,0,0,0,0,0,0,0,0,0,0,0,0,0,0,0,1,1,2,2,1,1,1,1,1,1,1,1,1,1,1,1,1,1,1,1,1,1,1,1,1,1,0,0,0,0,0,0,0,0,,,,,,,,,,,,,,,,,,,,,,,,,,,,,,,,,,,,,,,,,,,,,,,,
6940,800,6939,6868,6941,1,0,0,0,0,0,0,0,0,0,0,0,0,0,0,1,1,1,1,1,1,1,1,1,1,1,1,1,1,1,1,1,1,1,1,1,1,1,1,1,1,0,0,0,0,0,0,0,0,,,,,,,,,,,,,,,,,,,,,,,,,,,,,,,,,,,,,,,,,,,,,,,,
6941,1200,6942,6940,,0,0,0,0,0,0,0,0,0,0,0,0,0,0,0,1,1,1,1,1,1,1,1,1,1,1,1,1,1,1,1,1,1,1,1,1,1,1,1,1,1,0,0,0,0,0,0,0,0,,,,,,,,,,,,,,,,,,,,,,,,,,,,,,,,,,,,,,,,,,,,,,,,
6942,800,6941,6858,6839,1,0,0,0,0,0,0,0,0,0,0,0,0,0,0,1,1,2,2,1,1,1,1,1,1,1,1,1,1,1,1,1,1,1,1,1,1,1,1,1,1,0,0,0,0,0,0,0,0,,,,,,,,,,,,,,,,,,,,,,,,,,,,,,,,,,,,,,,,,,,,,,,,
6943,1200,6830,6944,,0,0,0,0,0,0,0,0,0,0,0,0,0,0,0,1,1,1,1,1,1,1,1,1,1,1,1,1,1,1,1,1,1,1,1,1,1,1,1,1,1,0,0,0,0,0,0,0,0,,,,,,,,,,,,,,,,,,,,,,,,,,,,,,,,,,,,,,,,,,,,,,,,
6944,400,6843,6839,6943,1,0,0,0,0,0,0,0,0,0,0,0,0,0,0,1,1,1,1,1,1,1,1,1,1,1,1,1,1,1,1,1,1,1,1,1,1,1,1,1,1,0,0,0,0,0,0,0,0,,,,,,,,,,,,,,,,,,,,,,,,,,,,,,,,,,,,,,,,,,,,,,,,
6945,300,6946,6910,,0,0,0,0,0,0,0,0,0,0,0,0,0,0,0,1,1,2,2,1,1,1,1,1,1,1,1,1,1,1,1,1,1,1,1,1,1,1,1,1,1,0,0,0,0,0,0,0,0,,,,,,,,,,,,,,,,,,,,,,,,,,,,,,,,,,,,,,,,,,,,,,,,
6946,300,6947,6945,6868,1,0,0,0,0,0,0,0,0,0,0,0,0,0,0,1,1,1,1,1,1,1,1,1,1,1,1,1,1,1,1,1,1,1,1,1,1,1,1,1,1,0,0,0,0,0,0,0,0,,,,,,,,,,,,,,,,,,,,,,,,,,,,,,,,,,,,,,,,,,,,,,,,
6947,300,6946,6948,,0,0,0,0,0,0,0,0,0,0,0,0,0,0,0,1,1,1,1,1,1,1,1,1,1,1,1,1,1,1,1,1,1,1,1,1,1,1,1,1,1,0,0,0,0,0,0,0,0,,,,,,,,,,,,,,,,,,,,,,,,,,,,,,,,,,,,,,,,,,,,,,,,
6948,300,6873,6947,6876,1,0,0,0,0,0,0,0,0,0,0,0,0,0,0,1,1,1,1,1,1,1,1,1,1,1,1,1,1,1,1,1,1,1,1,1,1,1,1,1,1,0,0,0,0,0,0,0,0,,,,,,,,,,,,,,,,,,,,,,,,,,,,,,,,,,,,,,,,,,,,,,,,
6949,800,6856,6950,,0,0,0,0,0,0,0,0,0,0,0,0,0,0,0,1,1,1,1,1,1,1,1,1,1,1,1,1,1,1,1,1,1,1,1,1,1,1,1,0,0,0,0,0,0,0,0,0,0,,,,,,,,,,,,,,,,,,,,,,,,,,,,,,,,,,,,,,,,,,,,,,,,
6950,300,6854,6949,6850,1,0,0,0,0,0,0,0,0,0,0,0,0,0,0,1,1,1,1,1,1,1,1,1,1,1,1,1,1,1,1,1,1,1,1,1,1,1,1,0,0,0,0,0,0,0,0,0,0,,,,,,,,,,,,,,,,,,,,,,,,,,,,,,,,,,,,,,,,,,,,,,,,
6951,3850,7065,6882,,0,54,54,54,54,38,38,41,41,48,48,53,53,149,149,1126,1126,1279,1279,1185,1185,1176,1176,1064,1064,1030,1030,978,978,1073,1073,1075,1075,1072,1072,1157,1157,1124,1124,530,530,326,326,208,208,152,152,86,86,,,,,,,,,,,,,,,,,,,,,,,,,,,,,,,,,,,,,,,,,,,,,,,,
6952,800,6953,6815,6872,1,0,0,0,0,0,0,0,0,0,0,0,0,0,0,2,2,2,2,2,2,2,2,2,2,2,2,2,2,2,2,2,2,2,2,2,2,2,2,1,1,1,1,0,0,0,0,0,0,,,,,,,,,,,,,,,,,,,,,,,,,,,,,,,,,,,,,,,,,,,,,,,,
6953,3000,6954,6952,,0,54,54,54,54,38,38,41,41,48,48,53,53,149,149,1126,1126,1279,1279,1185,1185,1176,1176,1064,1064,1030,1030,978,978,1073,1073,1075,1075,1072,1072,1157,1157,1124,1124,530,530,326,326,208,208,152,152,86,86,,,,,,,,,,,,,,,,,,,,,,,,,,,,,,,,,,,,,,,,,,,,,,,,
6954,1200,7062,6953,6851,1,0,0,0,0,0,0,0,0,0,0,0,0,0,0,2,2,2,2,2,2,2,2,2,2,2,2,2,2,2,2,2,2,2,2,2,2,2,2,1,1,1,1,0,0,0,0,0,0,,,,,,,,,,,,,,,,,,,,,,,,,,,,,,,,,,,,,,,,,,,,,,,,
6955,1200,6956,6870,,0,0,0,0,0,0,0,0,0,0,0,0,0,0,0,2,2,2,2,2,2,2,2,2,2,1,1,1,1,2,2,2,2,2,2,2,2,2,2,1,1,1,1,0,0,0,0,0,0,,,,,,,,,,,,,,,,,,,,,,,,,,,,,,,,,,,,,,,,,,,,,,,,
6956,1200,6955,6866,6885,1,0,0,0,0,0,0,0,0,0,0,0,0,0,0,1,1,2,2,1,1,1,1,1,1,1,1,1,1,1,1,1,1,1,1,1,1,1,1,1,1,0,0,0,0,0,0,0,0,,,,,,,,,,,,,,,,,,,,,,,,,,,,,,,,,,,,,,,,,,,,,,,,
6957,1200,6958,6880,,0,0,0,0,0,0,0,0,0,0,0,0,0,0,0,2,2,2,2,2,2,2,2,2,2,2,2,2,2,2,2,2,2,2,2,2,2,2,2,1,1,1,1,0,0,0,0,0,0,,,,,,,,,,,,,,,,,,,,,,,,,,,,,,,,,,,,,,,,,,,,,,,,
6958,1200,6957,6898,6878,1,0,0,0,0,0,0,0,0,0,0,0,0,0,0,2,2,2,2,2,2,2,2,2,2,2,2,2,2,2,2,2,2,2,2,2,2,2,2,1,1,1,1,0,0,0,0,0,0,,,,,,,,,,,,,,,,,,,,,,,,,,,,,,,,,,,,,,,,,,,,,,,,
6959,1200,6960,6856,,0,0,0,0,0,0,0,0,0,0,0,0,0,0,0,1,1,2,2,1,1,1,1,1,1,1,1,1,1,1,1,1,1,1,1,1,1,1,1,1,1,0,0,0,0,0,0,0,0,,,,,,,,,,,,,,,,,,,,,,,,,,,,,,,,,,,,,,,,,,,,,,,,
6960,800,6959,6871,6961,1,0,0,0,0,0,0,0,0,0,0,0,0,0,0,2,2,2,2,2,2,2,2,2,2,2,2,2,2,2,2,2,2,2,2,2,2,2,2,1,1,1,1,0,0,0,0,0,0,,,,,,,,,,,,,,,,,,,,,,,,,,,,,,,,,,,,,,,,,,,,,,,,
6961,1200,6962,6960,,0,0,0,0,0,0,0,0,0,0,0,0,0,0,0,2,2,3,3,3,3,2,2,2,2,2,2,2,2,2,2,2,2,2,2,2,2,2,2,1,1,1,1,0,0,0,0,0,0,,,,,,,,,,,,,,,,,,,,,,,,,,,,,,,,,,,,,,,,,,,,,,,,
6962,400,6879,6961,6897,1,0,0,0,0,0,0,0,0,0,0,0,0,0,0,3,3,3,3,3,3,3,3,3,3,2,2,2,2,3,3,3,3,3,3,3,3,3,3,1,1,1,1,1,1,0,0,0,0,,,,,,,,,,,,,,,,,,,,,,,,,,,,,,,,,,,,,,,,,,,,,,,,
6963,2500,,6681,6964,1,44,44,45,45,32,32,34,34,40,40,44,44,122,122,967,967,1118,1118,1048,1048,1018,1018,940,940,881,881,886,886,916,916,935,935,947,947,1007,1007,945,945,387,387,243,243,159,159,116,116,62,62,,,,,,,,,,,,,,,,,,,,,,,,,,,,,,,,,,,,,,,,,,,,,,,,
6964,4000,6965,6963,,0,67,67,70,70,49,49,53,53,62,62,67,67,186,186,910,910,1134,1134,1023,1023,977,977,900,900,812,812,861,861,864,864,851,851,886,886,939,939,854,854,524,524,336,336,227,227,165,165,84,84,,,,,,,,,,,,,,,,,,,,,,,,,,,,,,,,,,,,,,,,,,,,,,,,
6965,800,6964,6674,6670,1,0,0,0,0,0,0,0,0,0,0,0,0,0,0,2,2,3,3,3,3,3,3,2,2,2,2,2,2,2,2,2,2,2,2,2,2,2,2,1,1,1,1,1,1,0,0,0,0,,,,,,,,,,,,,,,,,,,,,,,,,,,,,,,,,,,,,,,,,,,,,,,,
6966,800,6967,6686,,0,0,0,0,0,0,0,0,0,0,0,0,0,0,0,1,1,2,2,2,2,1,1,1,1,1,1,1,1,1,1,1,1,1,1,1,1,1,1,1,1,1,1,0,0,0,0,0,0,,,,,,,,,,,,,,,,,,,,,,,,,,,,,,,,,,,,,,,,,,,,,,,,
6967,800,6674,6968,6966,1,0,0,0,0,0,0,0,0,0,0,0,0,0,0,2,2,2,2,2,2,2,2,2,2,2,2,2,2,2,2,2,2,2,2,2,2,2,2,1,1,1,1,0,0,0,0,0,0,,,,,,,,,,,,,,,,,,,,,,,,,,,,,,,,,,,,,,,,,,,,,,,,
6968,800,6967,6969,,0,0,0,0,0,0,0,0,0,0,0,0,0,0,0,2,2,2,2,2,2,2,2,2,2,2,2,2,2,2,2,2,2,2,2,2,2,2,2,1,1,1,1,0,0,0,0,0,0,,,,,,,,,,,,,,,,,,,,,,,,,,,,,,,,,,,,,,,,,,,,,,,,
6969,800,6689,6968,6683,1,0,0,0,0,0,0,0,0,0,0,0,0,0,0,2,2,2,2,2,2,2,2,2,2,2,2,2,2,2,2,2,2,2,2,2,2,2,2,1,1,1,1,0,0,0,0,0,0,,,,,,,,,,,,,,,,,,,,,,,,,,,,,,,,,,,,,,,,,,,,,,,,
6970,1200,6971,6686,,0,0,0,0,0,0,0,0,0,0,0,0,0,0,0,1,1,2,2,2,2,1,1,1,1,1,1,1,1,1,1,1,1,1,1,1,1,1,1,1,1,0,0,0,0,0,0,0,0,,,,,,,,,,,,,,,,,,,,,,,,,,,,,,,,,,,,,,,,,,,,,,,,
6971,800,6970,7079,,0,0,0,0,0,0,0,0,0,0,0,0,0,0,0,1,1,1,1,1,1,1,1,1,1,1,1,1,1,1,1,1,1,1,1,1,1,1,1,1,1,0,0,0,0,0,0,0,0,,,,,,,,,,,,,,,,,,,,,,,,,,,,,,,,,,,,,,,,,,,,,,,,
6972,4400,6973,6650,,0,67,67,70,70,49,49,53,53,62,62,67,67,186,186,910,910,1134,1134,1023,1023,977,977,900,900,812,812,861,861,864,864,851,851,886,886,939,939,854,854,524,524,336,336,227,227,165,165,84,84,,,,,,,,,,,,,,,,,,,,,,,,,,,,,,,,,,,,,,,,,,,,,,,,
6973,2000,6683,6988,6972,1,67,67,70,70,49,49,53,53,62,62,67,67,186,186,910,910,1134,1134,1023,1023,977,977,900,900,812,812,861,861,864,864,851,851,886,886,939,939,854,854,524,524,336,336,227,227,165,165,84,84,,,,,,,,,,,,,,,,,,,,,,,,,,,,,,,,,,,,,,,,,,,,,,,,
6974,800,6650,6975,,0,0,0,0,0,0,0,0,0,0,0,0,0,0,0,2,2,3,3,2,2,2,2,2,2,2,2,2,2,2,2,2,2,2,2,2,2,2,2,1,1,1,1,1,1,0,0,0,0,,,,,,,,,,,,,,,,,,,,,,,,,,,,,,,,,,,,,,,,,,,,,,,,
6975,1200,6642,6976,6974,1,0,0,0,0,0,0,0,0,0,0,0,0,0,0,2,2,2,2,2,2,2,2,2,2,2,2,2,2,2,2,2,2,2,2,2,2,2,2,1,1,1,1,0,0,0,0,0,0,,,,,,,,,,,,,,,,,,,,,,,,,,,,,,,,,,,,,,,,,,,,,,,,
6976,1200,6977,6975,,0,0,0,0,0,0,0,0,0,0,0,0,0,0,0,1,1,1,1,1,1,1,1,1,1,1,1,1,1,1,1,1,1,1,1,1,1,1,1,1,1,0,0,0,0,0,0,0,0,,,,,,,,,,,,,,,,,,,,,,,,,,,,,,,,,,,,,,,,,,,,,,,,
6977,1200,6976,6644,6978,1,0,0,0,0,0,0,0,0,0,0,0,0,0,0,1,1,1,1,1,1,1,1,1,1,1,1,1,1,1,1,1,1,1,1,1,1,1,1,0,0,0,0,0,0,0,0,0,0,,,,,,,,,,,,,,,,,,,,,,,,,,,,,,,,,,,,,,,,,,,,,,,,
6978,1600,6977,6979,,0,0,0,0,0,0,0,0,0,0,0,0,0,0,0,1,1,1,1,1,1,1,1,1,1,1,1,1,1,1,1,1,1,1,1,1,1,1,1,0,0,0,0,0,0,0,0,0,0,,,,,,,,,,,,,,,,,,,,,,,,,,,,,,,,,,,,,,,,,,,,,,,,
6979,800,6980,6623,6978,1,0,0,0,0,0,0,0,0,0,0,0,0,0,0,1,1,1,1,1,1,1,1,1,1,1,1,1,1,1,1,1,1,1,1,1,1,1,1,1,1,0,0,0,0,0,0,0,0,,,,,,,,,,,,,,,,,,,,,,,,,,,,,,,,,,,,,,,,,,,,,,,,
6980,800,6981,6979,,0,0,0,0,0,0,0,0,0,0,0,0,0,0,0,1,1,1,1,1,1,1,1,1,1,1,1,1,1,1,1,1,1,1,1,1,1,1,1,1,1,0,0,0,0,0,0,0,0,,,,,,,,,,,,,,,,,,,,,,,,,,,,,,,,,,,,,,,,,,,,,,,,
6981,1200,6982,6609,6980,1,0,0,0,0,0,0,0,0,0,0,0,0,0,0,1,1,2,2,1,1,1,1,1,1,1,1,1,1,1,1,1,1,1,1,1,1,1,1,1,1,0,0,0,0,0,0,0,0,,,,,,,,,,,,,,,,,,,,,,,,,,,,,,,,,,,,,,,,,,,,,,,,
6982,800,6981,6983,,0,0,0,0,0,0,0,0,0,0,0,0,0,0,0,2,2,2,2,2,2,2,2,2,2,2,2,2,2,2,2,2,2,2,2,2,2,2,2,1,1,1,1,0,0,0,0,0,0,,,,,,,,,,,,,,,,,,,,,,,,,,,,,,,,,,,,,,,,,,,,,,,,
6983,800,6633,6598,6982,1,0,0,0,0,0,0,0,0,0,0,0,0,0,0,2,2,3,3,2,2,2,2,2,2,2,2,2,2,2,2,2,2,2,2,2,2,2,2,1,1,1,1,1,1,0,0,0,0,,,,,,,,,,,,,,,,,,,,,,,,,,,,,,,,,,,,,,,,,,,,,,,,
6984,1200,6987,6985,,0,0,0,0,0,0,0,0,0,0,0,0,0,0,0,1,1,1,1,1,1,1,1,1,1,1,1,1,1,1,1,1,1,1,1,1,1,1,1,1,1,0,0,0,0,0,0,0,0,,,,,,,,,,,,,,,,,,,,,,,,,,,,,,,,,,,,,,,,,,,,,,,,
6985,1200,6984,6608,6642,1,0,0,0,0,0,0,0,0,0,0,0,0,0,0,1,1,1,1,1,1,1,1,1,1,1,1,1,1,1,1,1,1,1,1,1,1,1,1,1,1,0,0,0,0,0,0,0,0,,,,,,,,,,,,,,,,,,,,,,,,,,,,,,,,,,,,,,,,,,,,,,,,
6986,4400,6987,6650,,0,44,44,45,45,32,32,34,34,40,40,44,44,122,122,967,967,1118,1118,1048,1048,1018,1018,940,940,881,881,886,886,916,916,935,935,947,947,1007,1007,945,945,387,387,243,243,159,159,116,116,62,62,,,,,,,,,,,,,,,,,,,,,,,,,,,,,,,,,,,,,,,,,,,,,,,,
6987,1600,6984,,6986,1,7,7,8,8,5,5,6,6,7,7,7,7,20,20,161,161,186,186,175,175,170,170,157,157,147,147,148,148,153,153,156,156,158,158,168,168,158,158,64,64,40,40,27,27,19,19,10,10,,,,,,,,,,,,,,,,,,,,,,,,,,,,,,,,,,,,,,,,,,,,,,,,
6988,4400,6989,6973,,0,67,67,70,70,49,49,53,53,62,62,67,67,186,186,910,910,1134,1134,1023,1023,977,977,900,900,812,812,861,861,864,864,851,851,886,886,939,939,854,854,524,524,336,336,227,227,165,165,84,84,,,,,,,,,,,,,,,,,,,,,,,,,,,,,,,,,,,,,,,,,,,,,,,,
6989,1500,6988,6679,6697,1,67,67,70,70,49,49,53,53,62,62,67,67,186,186,910,910,1134,1134,1023,1023,977,977,900,900,812,812,861,861,864,864,851,851,886,886,939,939,854,854,524,524,336,336,227,227,165,165,84,84,,,,,,,,,,,,,,,,,,,,,,,,,,,,,,,,,,,,,,,,,,,,,,,,
6990,1600,6693,6991,,0,0,0,0,0,0,0,0,0,0,0,0,0,0,0,2,2,2,2,2,2,2,2,2,2,2,2,2,2,2,2,2,2,2,2,2,2,2,2,1,1,1,1,0,0,0,0,0,0,,,,,,,,,,,,,,,,,,,,,,,,,,,,,,,,,,,,,,,,,,,,,,,,
6991,400,6691,6990,6992,1,0,0,0,0,0,0,0,0,0,0,0,0,0,0,2,2,3,3,2,2,2,2,2,2,2,2,2,2,2,2,2,2,2,2,2,2,2,2,1,1,1,1,1,1,0,0,0,0,,,,,,,,,,,,,,,,,,,,,,,,,,,,,,,,,,,,,,,,,,,,,,,,
6992,1600,6991,6993,,0,0,0,0,0,0,0,0,0,0,0,0,0,0,0,2,2,3,3,3,3,3,3,2,2,2,2,2,2,2,2,2,2,2,2,2,2,2,2,1,1,1,1,1,1,0,0,0,0,,,,,,,,,,,,,,,,,,,,,,,,,,,,,,,,,,,,,,,,,,,,,,,,
6993,2000,6687,6673,6992,1,67,67,70,70,49,49,53,53,62,62,67,67,186,186,910,910,1134,1134,1023,1023,977,977,900,900,812,812,861,861,864,864,851,851,886,886,939,939,854,854,524,524,336,336,227,227,165,165,84,84,,,,,,,,,,,,,,,,,,,,,,,,,,,,,,,,,,,,,,,,,,,,,,,,
6994,2000,6656,6995,,0,67,67,70,70,49,49,53,53,62,62,67,67,186,186,910,910,1134,1134,1023,1023,977,977,900,900,812,812,861,861,864,864,851,851,886,886,939,939,854,854,524,524,336,336,227,227,165,165,84,84,,,,,,,,,,,,,,,,,,,,,,,,,,,,,,,,,,,,,,,,,,,,,,,,
6995,400,6994,6662,6687,1,0,0,0,0,0,0,0,0,0,0,0,0,0,0,2,2,3,3,3,3,3,3,2,2,2,2,2,2,2,2,2,2,2,2,3,3,2,2,1,1,1,1,1,1,0,0,0,0,,,,,,,,,,,,,,,,,,,,,,,,,,,,,,,,,,,,,,,,,,,,,,,,
6996,1200,6997,6656,,0,0,0,0,0,0,0,0,0,0,0,0,0,0,0,2,2,3,3,2,2,2,2,2,2,2,2,2,2,2,2,2,2,2,2,2,2,2,2,1,1,1,1,1,1,0,0,0,0,,,,,,,,,,,,,,,,,,,,,,,,,,,,,,,,,,,,,,,,,,,,,,,,
6997,1200,6998,6640,6996,1,0,0,0,0,0,0,0,0,0,0,0,0,0,0,1,1,2,2,2,2,2,2,1,1,1,1,1,1,1,1,1,1,1,1,2,2,1,1,1,1,1,1,0,0,0,0,0,0,,,,,,,,,,,,,,,,,,,,,,,,,,,,,,,,,,,,,,,,,,,,,,,,
6998,1200,6999,6997,,0,0,0,0,0,0,0,0,0,0,0,0,0,0,0,2,2,2,2,2,2,2,2,2,2,2,2,2,2,2,2,2,2,2,2,2,2,2,2,1,1,1,1,0,0,0,0,0,0,,,,,,,,,,,,,,,,,,,,,,,,,,,,,,,,,,,,,,,,,,,,,,,,
6999,1200,6646,6627,6998,1,0,0,0,0,0,0,0,0,0,0,0,0,0,0,2,2,3,3,3,3,2,2,2,2,2,2,2,2,2,2,2,2,2,2,2,2,2,2,1,1,1,1,1,1,0,0,0,0,,,,,,,,,,,,,,,,,,,,,,,,,,,,,,,,,,,,,,,,,,,,,,,,
7,2000,27,2366,2;22,2,27,27,28,28,20,20,21,21,25,25,27,27,74,74,1049,1049,1182,1182,1170,1170,1126,1126,1056,1056,970,970,1022,1022,982,982,1052,1052,1066,1066,1112,1112,1010,1010,210,210,134,134,91,91,66,66,34,34,,,,,,,,,,,,,,,,,,,,,,,,,,,,,,,,,,,,,,,,,,,,,,,,
70,2500,34,358,,0,27,27,28,28,20,20,21,21,25,25,27,27,74,74,1049,1049,1182,1182,1170,1170,1126,1126,1056,1056,970,970,1022,1022,982,982,1052,1052,1066,1066,1112,1112,1010,1010,210,210,134,134,91,91,66,66,34,34,,,,,,,,,,,,,,,,,,,,,,,,,,,,,,,,,,,,,,,,,,,,,,,,
7000,2000,7001,6611,,0,67,67,70,70,49,49,53,53,62,62,67,67,186,186,910,910,1134,1134,1023,1023,977,977,900,900,812,812,861,861,864,864,851,851,886,886,939,939,854,854,524,524,336,336,227,227,165,165,84,84,,,,,,,,,,,,,,,,,,,,,,,,,,,,,,,,,,,,,,,,,,,,,,,,
7001,1200,7000,6644,6620,1,0,0,0,0,0,0,0,0,0,0,0,0,0,0,2,2,2,2,2,2,2,2,2,2,2,2,2,2,2,2,2,2,2,2,2,2,2,2,1,1,1,1,0,0,0,0,0,0,,,,,,,,,,,,,,,,,,,,,,,,,,,,,,,,,,,,,,,,,,,,,,,,
7002,800,6611,7003,,0,0,0,0,0,0,0,0,0,0,0,0,0,0,0,2,2,3,3,3,3,2,2,2,2,2,2,2,2,2,2,2,2,2,2,2,2,2,2,1,1,1,1,1,1,0,0,0,0,,,,,,,,,,,,,,,,,,,,,,,,,,,,,,,,,,,,,,,,,,,,,,,,
7003,1200,7002,7148,6595,1,0,0,0,0,0,0,0,0,0,0,0,0,0,0,2,2,2,2,2,2,2,2,2,2,2,2,2,2,2,2,2,2,2,2,2,2,2,2,1,1,1,1,0,0,0,0,0,0,,,,,,,,,,,,,,,,,,,,,,,,,,,,,,,,,,,,,,,,,,,,,,,,
7004,1500,6611,7005,,0,67,67,70,70,49,49,53,53,62,62,67,67,186,186,910,910,1134,1134,1023,1023,977,977,900,900,812,812,861,861,864,864,851,851,886,886,939,939,854,854,524,524,336,336,227,227,165,165,84,84,,,,,,,,,,,,,,,,,,,,,,,,,,,,,,,,,,,,,,,,,,,,,,,,
7005,1200,6604,7004,7006,1,0,0,0,0,0,0,0,0,0,0,0,0,0,0,2,2,3,3,2,2,2,2,2,2,2,2,2,2,2,2,2,2,2,2,2,2,2,2,1,1,1,1,1,1,0,0,0,0,,,,,,,,,,,,,,,,,,,,,,,,,,,,,,,,,,,,,,,,,,,,,,,,
7006,1600,7007,7005,,0,0,0,0,0,0,0,0,0,0,0,0,0,0,0,2,2,2,2,2,2,2,2,2,2,2,2,2,2,2,2,2,2,2,2,2,2,2,2,1,1,1,1,0,0,0,0,0,0,,,,,,,,,,,,,,,,,,,,,,,,,,,,,,,,,,,,,,,,,,,,,,,,
7007,1200,7006,6601,7008,1,0,0,0,0,0,0,0,0,0,0,0,0,0,0,2,2,2,2,2,2,2,2,2,2,1,1,1,1,1,1,1,1,1,1,2,2,1,1,1,1,1,1,0,0,0,0,0,0,,,,,,,,,,,,,,,,,,,,,,,,,,,,,,,,,,,,,,,,,,,,,,,,
7008,1200,7009,7007,,0,0,0,0,0,0,0,0,0,0,0,0,0,0,0,1,1,2,2,1,1,1,1,1,1,1,1,1,1,1,1,1,1,1,1,1,1,1,1,1,1,0,0,0,0,0,0,0,0,,,,,,,,,,,,,,,,,,,,,,,,,,,,,,,,,,,,,,,,,,,,,,,,
7009,1200,6618,6627,7008,1,0,0,0,0,0,0,0,0,0,0,0,0,0,0,1,1,1,1,1,1,1,1,1,1,1,1,1,1,1,1,1,1,1,1,1,1,1,1,1,1,0,0,0,0,0,0,0,0,,,,,,,,,,,,,,,,,,,,,,,,,,,,,,,,,,,,,,,,,,,,,,,,
7010,800,7012,7011,,0,0,0,0,0,0,0,0,0,0,0,0,0,0,0,1,1,1,1,1,1,1,1,1,1,1,1,1,1,1,1,1,1,1,1,1,1,1,1,1,1,0,0,0,0,0,0,0,0,,,,,,,,,,,,,,,,,,,,,,,,,,,,,,,,,,,,,,,,,,,,,,,,
7011,800,7010,6624,6618,1,0,0,0,0,0,0,0,0,0,0,0,0,0,0,1,1,1,1,1,1,1,1,1,1,1,1,1,1,1,1,1,1,1,1,1,1,1,1,0,0,0,0,0,0,0,0,0,0,,,,,,,,,,,,,,,,,,,,,,,,,,,,,,,,,,,,,,,,,,,,,,,,
7012,800,7019,7010,7014,1,0,0,0,0,0,0,0,0,0,0,0,0,0,0,1,1,1,1,1,1,1,1,1,1,1,1,1,1,1,1,1,1,1,1,1,1,1,1,1,1,0,0,0,0,0,0,0,0,,,,,,,,,,,,,,,,,,,,,,,,,,,,,,,,,,,,,,,,,,,,,,,,
7013,600,6641,7014,6640,1,0,0,0,0,0,0,0,0,0,0,0,0,0,0,1,1,2,2,1,1,1,1,1,1,1,1,1,1,1,1,1,1,1,1,1,1,1,1,1,1,0,0,0,0,0,0,0,0,,,,,,,,,,,,,,,,,,,,,,,,,,,,,,,,,,,,,,,,,,,,,,,,
7014,400,7012,7013,,0,0,0,0,0,0,0,0,0,0,0,0,0,0,0,1,1,1,1,1,1,1,1,1,1,1,1,1,1,1,1,1,1,1,1,1,1,1,1,1,1,0,0,0,0,0,0,0,0,,,,,,,,,,,,,,,,,,,,,,,,,,,,,,,,,,,,,,,,,,,,,,,,
7015,1500,7016,6656,,0,67,67,70,70,49,49,53,53,62,62,67,67,186,186,910,910,1134,1134,1023,1023,977,977,900,900,812,812,861,861,864,864,851,851,886,886,939,939,854,854,524,524,336,336,227,227,165,165,84,84,,,,,,,,,,,,,,,,,,,,,,,,,,,,,,,,,,,,,,,,,,,,,,,,
7016,800,7015,7017,6641,1,0,0,0,0,0,0,0,0,0,0,0,0,0,0,2,2,3,3,2,2,2,2,2,2,2,2,2,2,2,2,2,2,2,2,2,2,2,2,1,1,1,1,1,1,0,0,0,0,,,,,,,,,,,,,,,,,,,,,,,,,,,,,,,,,,,,,,,,,,,,,,,,
7017,1200,7018,7016,,0,0,0,0,0,0,0,0,0,0,0,0,0,0,0,1,1,1,1,1,1,1,1,1,1,1,1,1,1,1,1,1,1,1,1,1,1,1,1,1,1,0,0,0,0,0,0,0,0,,,,,,,,,,,,,,,,,,,,,,,,,,,,,,,,,,,,,,,,,,,,,,,,
7018,800,7017,6647,6651,1,0,0,0,0,0,0,0,0,0,0,0,0,0,0,1,1,1,1,1,1,1,1,1,1,1,1,1,1,1,1,1,1,1,1,1,1,1,1,1,1,0,0,0,0,0,0,0,0,,,,,,,,,,,,,,,,,,,,,,,,,,,,,,,,,,,,,,,,,,,,,,,,
7019,800,7012,7020,,0,0,0,0,0,0,0,0,0,0,0,0,0,0,0,1,1,1,1,1,1,1,1,1,1,1,1,1,1,1,1,1,1,1,1,1,1,1,1,1,1,0,0,0,0,0,0,0,0,,,,,,,,,,,,,,,,,,,,,,,,,,,,,,,,,,,,,,,,,,,,,,,,
7020,1200,6622,7019,7021,1,0,0,0,0,0,0,0,0,0,0,0,0,0,0,1,1,1,1,1,1,1,1,1,1,1,1,1,1,1,1,1,1,1,1,1,1,1,1,0,0,0,0,0,0,0,0,0,0,,,,,,,,,,,,,,,,,,,,,,,,,,,,,,,,,,,,,,,,,,,,,,,,
7021,800,7020,7022,,0,0,0,0,0,0,0,0,0,0,0,0,0,0,0,1,1,1,1,1,1,1,1,1,1,1,1,1,1,1,1,1,1,1,1,1,1,1,1,0,0,0,0,0,0,0,0,0,0,,,,,,,,,,,,,,,,,,,,,,,,,,,,,,,,,,,,,,,,,,,,,,,,
7022,1200,7023,6607,7021,1,0,0,0,0,0,0,0,0,0,0,0,0,0,0,1,1,1,1,1,1,1,1,1,1,1,1,1,1,1,1,1,1,1,1,1,1,1,1,0,0,0,0,0,0,0,0,0,0,,,,,,,,,,,,,,,,,,,,,,,,,,,,,,,,,,,,,,,,,,,,,,,,
7023,400,6625,,7022,1,0,0,0,0,0,0,0,0,0,0,0,0,0,0,1,1,1,1,1,1,1,1,1,1,1,1,1,1,1,1,1,1,1,1,1,1,1,1,0,0,0,0,0,0,0,0,0,0,,,,,,,,,,,,,,,,,,,,,,,,,,,,,,,,,,,,,,,,,,,,,,,,
7024,4400,6693,7025,,0,67,67,70,70,49,49,53,53,62,62,67,67,186,186,910,910,1134,1134,1023,1023,977,977,900,900,812,812,861,861,864,864,851,851,886,886,939,939,854,854,524,524,336,336,227,227,165,165,84,84,,,,,,,,,,,,,,,,,,,,,,,,,,,,,,,,,,,,,,,,,,,,,,,,
7025,1200,7024,6694,6692,1,0,0,0,0,0,0,0,0,0,0,0,0,0,0,2,2,2,2,2,2,2,2,2,2,2,2,2,2,2,2,2,2,2,2,2,2,2,2,1,1,1,1,0,0,0,0,0,0,,,,,,,,,,,,,,,,,,,,,,,,,,,,,,,,,,,,,,,,,,,,,,,,
7026,1200,7027,7041,,0,0,0,0,0,0,0,0,0,0,0,0,0,0,0,2,2,3,3,2,2,2,2,2,2,2,2,2,2,2,2,2,2,2,2,2,2,2,2,1,1,1,1,1,1,0,0,0,0,,,,,,,,,,,,,,,,,,,,,,,,,,,,,,,,,,,,,,,,,,,,,,,,
7027,800,7026,6702,6696,1,0,0,0,0,0,0,0,0,0,0,0,0,1,1,2,2,3,3,3,3,3,3,2,2,2,2,2,2,2,2,2,2,2,2,3,3,2,2,1,1,1,1,1,1,0,0,0,0,,,,,,,,,,,,,,,,,,,,,,,,,,,,,,,,,,,,,,,,,,,,,,,,
7028,1000,,7029,,0,67,67,70,70,49,49,53,53,62,62,67,67,186,186,910,910,1134,1134,1023,1023,977,977,900,900,812,812,861,861,864,864,851,851,886,886,939,939,854,854,524,524,336,336,227,227,165,165,84,84,,,,,,,,,,,,,,,,,,,,,,,,,,,,,,,,,,,,,,,,,,,,,,,,
7029,1000,7028,6655,6635,1,67,67,70,70,49,49,53,53,62,62,67,67,186,186,910,910,1134,1134,1023,1023,977,977,900,900,812,812,861,861,864,864,851,851,886,886,939,939,854,854,524,524,336,336,227,227,165,165,84,84,,,,,,,,,,,,,,,,,,,,,,,,,,,,,,,,,,,,,,,,,,,,,,,,
7030,2200,6905,,7031,1,67,67,70,70,49,49,53,53,62,62,67,67,186,186,910,910,1134,1134,1023,1023,977,977,900,900,812,812,861,861,864,864,851,851,886,886,939,939,854,854,524,524,336,336,227,227,165,165,84,84,,,,,,,,,,,,,,,,,,,,,,,,,,,,,,,,,,,,,,,,,,,,,,,,
7031,800,7032,7030,6635,1,0,0,0,0,0,0,0,0,0,0,0,0,0,0,2,2,3,3,2,2,2,2,2,2,2,2,2,2,2,2,2,2,2,2,2,2,2,2,1,1,1,1,1,1,0,0,0,0,,,,,,,,,,,,,,,,,,,,,,,,,,,,,,,,,,,,,,,,,,,,,,,,
7032,1200,7033,7031,,0,0,0,0,0,0,0,0,0,0,0,0,0,0,0,2,2,2,2,2,2,2,2,2,2,1,1,1,1,1,1,1,1,2,2,2,2,1,1,1,1,1,1,0,0,0,0,0,0,,,,,,,,,,,,,,,,,,,,,,,,,,,,,,,,,,,,,,,,,,,,,,,,
7033,800,7034,6629,7032,1,0,0,0,0,0,0,0,0,0,0,0,0,0,0,1,1,1,1,1,1,1,1,1,1,1,1,1,1,1,1,1,1,1,1,1,1,1,1,1,1,0,0,0,0,0,0,0,0,,,,,,,,,,,,,,,,,,,,,,,,,,,,,,,,,,,,,,,,,,,,,,,,
7034,800,7033,7035,,0,0,0,0,0,0,0,0,0,0,0,0,0,0,0,1,1,1,1,1,1,1,1,1,1,1,1,1,1,1,1,1,1,1,1,1,1,1,1,1,1,0,0,0,0,0,0,0,0,,,,,,,,,,,,,,,,,,,,,,,,,,,,,,,,,,,,,,,,,,,,,,,,
7035,800,7034,6647,7036,1,0,0,0,0,0,0,0,0,0,0,0,0,0,0,1,1,1,1,1,1,1,1,1,1,1,1,1,1,1,1,1,1,1,1,1,1,1,1,0,0,0,0,0,0,0,0,0,0,,,,,,,,,,,,,,,,,,,,,,,,,,,,,,,,,,,,,,,,,,,,,,,,
7036,1200,7037,7035,,0,0,0,0,0,0,0,0,0,0,0,0,0,0,0,1,1,1,1,1,1,1,1,1,1,1,1,1,1,1,1,1,1,1,1,1,1,1,1,0,0,0,0,0,0,0,0,0,0,,,,,,,,,,,,,,,,,,,,,,,,,,,,,,,,,,,,,,,,,,,,,,,,
7037,800,6622,7036,7038,1,0,0,0,0,0,0,0,0,0,0,0,0,0,0,1,1,1,1,1,1,1,1,1,1,1,1,1,1,1,1,1,1,1,1,1,1,1,1,0,0,0,0,0,0,0,0,0,0,,,,,,,,,,,,,,,,,,,,,,,,,,,,,,,,,,,,,,,,,,,,,,,,
7038,800,7037,7039,,0,0,0,0,0,0,0,0,0,0,0,0,0,0,0,1,1,1,1,1,1,1,1,1,1,0,0,0,0,0,0,0,0,1,1,1,1,0,0,0,0,0,0,0,0,0,0,0,0,,,,,,,,,,,,,,,,,,,,,,,,,,,,,,,,,,,,,,,,,,,,,,,,
7039,800,7038,7135,6607,1,0,0,0,0,0,0,0,0,0,0,0,0,0,0,0,0,1,1,1,1,0,0,0,0,0,0,0,0,0,0,0,0,0,0,0,0,0,0,0,0,0,0,0,0,0,0,0,0,,,,,,,,,,,,,,,,,,,,,,,,,,,,,,,,,,,,,,,,,,,,,,,,
7040,4400,6666,7041,,0,67,67,70,70,49,49,53,53,62,62,67,67,186,186,910,910,1134,1134,1023,1023,977,977,900,900,812,812,861,861,864,864,851,851,886,886,939,939,854,854,524,524,336,336,227,227,165,165,84,84,,,,,,,,,,,,,,,,,,,,,,,,,,,,,,,,,,,,,,,,,,,,,,,,
7041,800,6675,7026,7040,1,0,0,0,0,0,0,0,0,0,0,0,0,0,0,2,2,3,3,3,3,3,3,2,2,2,2,2,2,2,2,2,2,2,2,2,2,2,2,1,1,1,1,1,1,0,0,0,0,,,,,,,,,,,,,,,,,,,,,,,,,,,,,,,,,,,,,,,,,,,,,,,,
7042,3000,7045,6631,,0,56,56,58,58,41,41,44,44,52,52,56,56,155,155,951,951,1158,1158,1050,1050,991,991,937,937,849,849,894,894,904,904,912,912,947,947,1000,1000,916,916,437,437,280,280,189,189,138,138,70,70,,,,,,,,,,,,,,,,,,,,,,,,,,,,,,,,,,,,,,,,,,,,,,,,
7043,800,7044,6664,7054,1,0,0,0,0,0,0,0,0,0,0,0,0,0,0,3,3,4,4,3,3,3,3,3,3,3,3,3,3,3,3,3,3,3,3,3,3,3,3,1,1,1,1,1,1,0,0,0,0,,,,,,,,,,,,,,,,,,,,,,,,,,,,,,,,,,,,,,,,,,,,,,,,
7044,1600,7045,7043,,0,0,0,0,0,0,0,0,0,0,0,0,0,1,1,5,5,6,6,6,6,5,5,5,5,5,5,5,5,5,5,5,5,5,5,6,6,5,5,2,2,1,1,1,1,1,1,0,0,,,,,,,,,,,,,,,,,,,,,,,,,,,,,,,,,,,,,,,,,,,,,,,,
7045,1500,7044,7042,6643,1,56,56,58,58,41,41,44,44,52,52,56,56,155,155,951,951,1158,1158,1050,1050,991,991,937,937,849,849,894,894,904,904,912,912,947,947,1000,1000,916,916,437,437,280,280,189,189,138,138,70,70,,,,,,,,,,,,,,,,,,,,,,,,,,,,,,,,,,,,,,,,,,,,,,,,
7046,4400,7047,6631,,0,56,56,58,58,41,41,44,44,52,52,56,56,155,155,951,951,1158,1158,1050,1050,991,991,937,937,849,849,894,894,904,904,912,912,947,947,1000,1000,916,916,437,437,280,280,189,189,138,138,70,70,,,,,,,,,,,,,,,,,,,,,,,,,,,,,,,,,,,,,,,,,,,,,,,,
7047,1200,7046,6632,7048,1,0,0,0,0,0,0,0,0,0,0,0,0,1,1,6,6,7,7,7,7,6,6,6,6,5,5,6,6,6,6,6,6,6,6,6,6,6,6,3,3,2,2,1,1,1,1,0,0,,,,,,,,,,,,,,,,,,,,,,,,,,,,,,,,,,,,,,,,,,,,,,,,
7048,3500,7047,7049,,0,56,56,58,58,41,41,44,44,52,52,56,56,155,155,951,951,1158,1158,1050,1050,991,991,937,937,849,849,894,894,904,904,912,912,947,947,1000,1000,916,916,437,437,280,280,189,189,138,138,70,70,,,,,,,,,,,,,,,,,,,,,,,,,,,,,,,,,,,,,,,,,,,,,,,,
7049,2500,6592,6628,7048,1,56,56,58,58,41,41,44,44,52,52,56,56,155,155,951,951,1158,1158,1050,1050,991,991,937,937,849,849,894,894,904,904,912,912,947,947,1000,1000,916,916,437,437,280,280,189,189,138,138,70,70,,,,,,,,,,,,,,,,,,,,,,,,,,,,,,,,,,,,,,,,,,,,,,,,
7050,2500,7053,7051,,0,56,56,58,58,41,41,44,44,52,52,56,56,155,155,951,951,1158,1158,1050,1050,991,991,937,937,849,849,894,894,904,904,912,912,947,947,1000,1000,916,916,437,437,280,280,189,189,138,138,70,70,,,,,,,,,,,,,,,,,,,,,,,,,,,,,,,,,,,,,,,,,,,,,,,,
7051,1600,6617,6593,7050,1,0,0,0,0,0,0,0,0,0,0,0,0,1,1,6,6,7,7,6,6,6,6,5,5,5,5,5,5,5,5,5,5,6,6,6,6,5,5,2,2,2,2,1,1,1,1,0,0,,,,,,,,,,,,,,,,,,,,,,,,,,,,,,,,,,,,,,,,,,,,,,,,
7052,2500,6631,,7053,1,56,56,58,58,41,41,44,44,52,52,56,56,155,155,951,951,1158,1158,1050,1050,991,991,937,937,849,849,894,894,904,904,912,912,947,947,1000,1000,916,916,437,437,280,280,189,189,138,138,70,70,,,,,,,,,,,,,,,,,,,,,,,,,,,,,,,,,,,,,,,,,,,,,,,,
7053,1200,7052,7154,7050,1,33,33,31,31,22,22,23,23,26,26,31,31,88,88,1055,1055,1119,1119,1058,1058,1080,1080,966,966,980,980,861,861,1008,1008,1021,1021,988,988,1080,1080,1096,1096,421,421,249,249,150,150,110,110,68,68,,,,,,,,,,,,,,,,,,,,,,,,,,,,,,,,,,,,,,,,,,,,,,,,
7054,3000,7055,7043,,0,56,56,58,58,41,41,44,44,52,52,56,56,155,155,951,951,1158,1158,1050,1050,991,991,937,937,849,849,894,894,904,904,912,912,947,947,1000,1000,916,916,437,437,280,280,189,189,138,138,70,70,,,,,,,,,,,,,,,,,,,,,,,,,,,,,,,,,,,,,,,,,,,,,,,,
7055,2000,7110,7054,6690,1,56,56,58,58,41,41,44,44,52,52,56,56,155,155,951,951,1158,1158,1050,1050,991,991,937,937,849,849,894,894,904,904,912,912,947,947,1000,1000,916,916,437,437,280,280,189,189,138,138,70,70,,,,,,,,,,,,,,,,,,,,,,,,,,,,,,,,,,,,,,,,,,,,,,,,
7056,800,7057,6682,,0,0,0,0,0,0,0,0,0,0,0,0,0,1,1,4,4,5,5,4,4,4,4,4,4,3,3,3,3,4,4,4,4,4,4,4,4,4,4,2,2,1,1,1,1,0,0,0,0,,,,,,,,,,,,,,,,,,,,,,,,,,,,,,,,,,,,,,,,,,,,,,,,
7057,800,6677,7056,6668,1,0,0,0,0,0,0,0,0,0,0,0,0,0,0,3,3,3,3,3,3,3,3,3,3,3,3,3,3,3,3,3,3,3,3,3,3,3,3,1,1,1,1,1,1,0,0,0,0,,,,,,,,,,,,,,,,,,,,,,,,,,,,,,,,,,,,,,,,,,,,,,,,
7058,800,6658,7059,,0,0,0,0,0,0,0,0,0,0,0,0,0,1,1,4,4,5,5,4,4,4,4,4,4,4,4,4,4,4,4,4,4,4,4,4,4,4,4,2,2,1,1,1,1,1,1,0,0,,,,,,,,,,,,,,,,,,,,,,,,,,,,,,,,,,,,,,,,,,,,,,,,
7059,800,6653,7058,6652,1,0,0,0,0,0,0,0,0,0,0,0,0,0,0,3,3,4,4,3,3,3,3,3,3,3,3,3,3,3,3,3,3,3,3,3,3,3,3,1,1,1,1,1,1,0,0,0,0,,,,,,,,,,,,,,,,,,,,,,,,,,,,,,,,,,,,,,,,,,,,,,,,
7060,800,6619,7061,,0,0,0,0,0,0,0,0,0,0,0,0,0,1,1,4,4,5,5,5,5,4,4,4,4,4,4,4,4,4,4,4,4,4,4,4,4,4,4,2,2,1,1,1,1,1,1,0,0,,,,,,,,,,,,,,,,,,,,,,,,,,,,,,,,,,,,,,,,,,,,,,,,
7061,800,7060,6614,6613,1,0,0,0,0,0,0,0,0,0,0,0,0,0,0,3,3,4,4,3,3,3,3,3,3,3,3,3,3,3,3,3,3,3,3,3,3,3,3,1,1,1,1,1,1,0,0,0,0,,,,,,,,,,,,,,,,,,,,,,,,,,,,,,,,,,,,,,,,,,,,,,,,
7062,1600,7063,6954,,0,0,0,0,0,0,0,0,0,0,0,0,0,0,0,1,1,2,2,1,1,1,1,1,1,1,1,1,1,1,1,1,1,1,1,1,1,1,1,1,1,0,0,0,0,0,0,0,0,,,,,,,,,,,,,,,,,,,,,,,,,,,,,,,,,,,,,,,,,,,,,,,,
7063,800,6849,7064,7062,1,0,0,0,0,0,0,0,0,0,0,0,0,0,0,1,1,1,1,1,1,1,1,1,1,1,1,1,1,1,1,1,1,1,1,1,1,1,1,1,1,0,0,0,0,0,0,0,0,,,,,,,,,,,,,,,,,,,,,,,,,,,,,,,,,,,,,,,,,,,,,,,,
7064,1600,7063,7065,,0,0,0,0,0,0,0,0,0,0,0,0,0,0,0,2,2,2,2,2,2,2,2,2,2,1,1,1,1,2,2,2,2,2,2,2,2,2,2,1,1,1,1,0,0,0,0,0,0,,,,,,,,,,,,,,,,,,,,,,,,,,,,,,,,,,,,,,,,,,,,,,,,
7065,400,6879,6951,7064,1,0,0,0,0,0,0,0,0,0,0,0,0,0,0,2,2,3,3,2,2,2,2,2,2,2,2,2,2,2,2,2,2,2,2,2,2,2,2,1,1,1,1,0,0,0,0,0,0,,,,,,,,,,,,,,,,,,,,,,,,,,,,,,,,,,,,,,,,,,,,,,,,
7066,600,7067,,,0,0,0,0,0,0,0,0,0,0,0,0,0,0,0,3,3,3,3,3,3,3,3,3,3,2,2,2,2,3,3,3,3,3,3,3,3,3,3,1,1,1,1,1,1,0,0,0,0,,,,,,,,,,,,,,,,,,,,,,,,,,,,,,,,,,,,,,,,,,,,,,,,
7067,800,7066,6789,6791,1,0,0,0,0,0,0,0,0,0,0,0,0,0,0,2,2,3,3,3,3,3,3,2,2,2,2,2,2,2,2,2,2,2,2,3,3,2,2,1,1,1,1,1,1,0,0,0,0,,,,,,,,,,,,,,,,,,,,,,,,,,,,,,,,,,,,,,,,,,,,,,,,
7068,1200,6765,7069,,0,0,0,0,0,0,0,0,0,0,0,0,0,0,0,2,2,2,2,2,2,2,2,2,2,2,2,2,2,2,2,2,2,2,2,2,2,2,2,1,1,1,1,0,0,0,0,0,0,,,,,,,,,,,,,,,,,,,,,,,,,,,,,,,,,,,,,,,,,,,,,,,,
7069,600,6785,7068,6789;6799,2,0,0,0,0,0,0,0,0,0,0,0,0,0,0,2,2,3,3,2,2,2,2,2,2,2,2,2,2,2,2,2,2,2,2,2,2,2,2,1,1,1,1,0,0,0,0,0,0,,,,,,,,,,,,,,,,,,,,,,,,,,,,,,,,,,,,,,,,,,,,,,,,
7070,1200,6806,7071,,0,0,0,0,0,0,0,0,0,0,0,0,0,0,0,2,2,2,2,2,2,2,2,2,2,2,2,2,2,2,2,2,2,2,2,2,2,2,2,1,1,1,1,0,0,0,0,0,0,,,,,,,,,,,,,,,,,,,,,,,,,,,,,,,,,,,,,,,,,,,,,,,,
7071,1600,7072,7070,2272,1,0,0,0,0,0,0,0,0,0,0,0,0,0,0,2,2,3,3,3,3,3,3,2,2,2,2,2,2,2,2,2,2,2,2,2,2,2,2,1,1,1,1,1,1,0,0,0,0,,,,,,,,,,,,,,,,,,,,,,,,,,,,,,,,,,,,,,,,,,,,,,,,
7072,1600,7071,2459,,0,0,0,0,0,0,0,0,0,0,0,0,0,0,0,3,3,4,4,3,3,3,3,3,3,3,3,3,3,3,3,3,3,3,3,3,3,3,3,2,2,1,1,1,1,0,0,0,0,,,,,,,,,,,,,,,,,,,,,,,,,,,,,,,,,,,,,,,,,,,,,,,,
7073,3000,7074,6865,6847,1,54,54,54,54,38,38,41,41,48,48,53,53,149,149,1126,1126,1279,1279,1185,1185,1176,1176,1064,1064,1030,1030,978,978,1073,1073,1075,1075,1072,1072,1157,1157,1124,1124,530,530,326,326,208,208,152,152,86,86,,,,,,,,,,,,,,,,,,,,,,,,,,,,,,,,,,,,,,,,,,,,,,,,
7074,800,7073,7161,7075,1,0,0,0,0,0,0,0,0,0,0,0,0,0,0,2,2,2,2,2,2,2,2,2,2,2,2,2,2,2,2,2,2,2,2,2,2,2,2,1,1,1,1,0,0,0,0,0,0,,,,,,,,,,,,,,,,,,,,,,,,,,,,,,,,,,,,,,,,,,,,,,,,
7075,300,7076,7074,,0,0,0,0,0,0,0,0,0,0,0,0,0,0,0,2,2,2,2,2,2,2,2,2,2,2,2,2,2,2,2,2,2,2,2,2,2,2,2,1,1,1,1,0,0,0,0,0,0,,,,,,,,,,,,,,,,,,,,,,,,,,,,,,,,,,,,,,,,,,,,,,,,
7076,1200,6810,7075,7077,1,0,0,0,0,0,0,0,0,0,0,0,0,0,0,2,2,2,2,2,2,2,2,2,2,2,2,2,2,2,2,2,2,2,2,2,2,2,2,1,1,1,1,0,0,0,0,0,0,,,,,,,,,,,,,,,,,,,,,,,,,,,,,,,,,,,,,,,,,,,,,,,,
7077,2000,7076,7078,,0,54,54,54,54,38,38,41,41,48,48,53,53,149,149,1126,1126,1279,1279,1185,1185,1176,1176,1064,1064,1030,1030,978,978,1073,1073,1075,1075,1072,1072,1157,1157,1124,1124,530,530,326,326,208,208,152,152,86,86,,,,,,,,,,,,,,,,,,,,,,,,,,,,,,,,,,,,,,,,,,,,,,,,
7078,1200,7077,,6847,1,0,0,0,0,0,0,0,0,0,0,0,0,0,0,3,3,3,3,3,3,3,3,2,2,2,2,2,2,2,2,2,2,2,2,3,3,3,3,1,1,1,1,1,1,0,0,0,0,,,,,,,,,,,,,,,,,,,,,,,,,,,,,,,,,,,,,,,,,,,,,,,,
7079,800,,6971,,0,7,7,8,8,5,5,6,6,7,7,7,7,20,20,161,161,186,186,175,175,170,170,157,157,147,147,148,148,153,153,156,156,158,158,168,168,158,158,64,64,40,40,27,27,19,19,10,10,,,,,,,,,,,,,,,,,,,,,,,,,,,,,,,,,,,,,,,,,,,,,,,,
7080,1200,7081,6718,,0,0,0,0,0,0,0,0,0,0,0,0,0,0,0,2,2,3,3,3,3,3,3,2,2,2,2,2,2,2,2,2,2,2,2,2,2,2,2,1,1,1,1,1,1,0,0,0,0,,,,,,,,,,,,,,,,,,,,,,,,,,,,,,,,,,,,,,,,,,,,,,,,
7081,1200,7082,7080,6734,1,0,0,0,0,0,0,0,0,0,0,0,0,1,1,3,3,3,3,3,3,3,3,3,3,2,2,3,3,3,3,3,3,3,3,3,3,3,3,2,2,1,1,1,1,0,0,0,0,,,,,,,,,,,,,,,,,,,,,,,,,,,,,,,,,,,,,,,,,,,,,,,,
7082,800,7081,7083,,0,0,0,0,0,0,0,0,0,0,0,0,0,1,1,3,3,3,3,3,3,3,3,3,3,2,2,3,3,3,3,3,3,3,3,3,3,3,3,2,2,1,1,1,1,0,0,0,0,,,,,,,,,,,,,,,,,,,,,,,,,,,,,,,,,,,,,,,,,,,,,,,,
7083,800,6759,7082,6752,1,0,0,0,0,0,0,0,0,0,0,0,0,1,1,3,3,3,3,3,3,3,3,3,3,2,2,3,3,3,3,3,3,3,3,3,3,3,3,2,2,1,1,1,1,0,0,0,0,,,,,,,,,,,,,,,,,,,,,,,,,,,,,,,,,,,,,,,,,,,,,,,,
7084,4400,6718,7085,,0,67,67,70,70,49,49,53,53,62,62,67,67,186,186,910,910,1134,1134,1023,1023,977,977,900,900,812,812,861,861,864,864,851,851,886,886,939,939,854,854,524,524,336,336,227,227,165,165,84,84,,,,,,,,,,,,,,,,,,,,,,,,,,,,,,,,,,,,,,,,,,,,,,,,
7085,1500,7084,6750,6717,1,67,67,70,70,49,49,53,53,62,62,67,67,186,186,910,910,1134,1134,1023,1023,977,977,900,900,812,812,861,861,864,864,851,851,886,886,939,939,854,854,524,524,336,336,227,227,165,165,84,84,,,,,,,,,,,,,,,,,,,,,,,,,,,,,,,,,,,,,,,,,,,,,,,,
7086,4400,7087,6711,,0,67,67,70,70,49,49,53,53,62,62,67,67,186,186,910,910,1134,1134,1023,1023,977,977,900,900,812,812,861,861,864,864,851,851,886,886,939,939,854,854,524,524,336,336,227,227,165,165,84,84,,,,,,,,,,,,,,,,,,,,,,,,,,,,,,,,,,,,,,,,,,,,,,,,
7087,1500,7086,6729,6707,1,67,67,70,70,49,49,53,53,62,62,67,67,186,186,910,910,1134,1134,1023,1023,977,977,900,900,812,812,861,861,864,864,851,851,886,886,939,939,854,854,524,524,336,336,227,227,165,165,84,84,,,,,,,,,,,,,,,,,,,,,,,,,,,,,,,,,,,,,,,,,,,,,,,,
7088,1200,7089,6693,,0,0,0,0,0,0,0,0,0,0,0,0,0,0,0,1,1,2,2,1,1,1,1,1,1,1,1,1,1,1,1,1,1,1,1,1,1,1,1,1,1,0,0,0,0,0,0,0,0,,,,,,,,,,,,,,,,,,,,,,,,,,,,,,,,,,,,,,,,,,,,,,,,
7089,800,6721,7088,6710,1,53,53,55,55,38,38,42,42,48,48,53,53,146,146,715,715,891,891,804,804,768,768,707,707,638,638,676,676,679,679,669,669,696,696,738,738,671,671,411,411,264,264,178,178,130,130,66,66,,,,,,,,,,,,,,,,,,,,,,,,,,,,,,,,,,,,,,,,,,,,,,,,
7090,1200,6724,7091,,0,0,0,0,0,0,0,0,0,0,0,0,0,0,0,2,2,3,3,2,2,2,2,2,2,2,2,2,2,2,2,2,2,2,2,2,2,2,2,1,1,1,1,0,0,0,0,0,0,,,,,,,,,,,,,,,,,,,,,,,,,,,,,,,,,,,,,,,,,,,,,,,,
7091,800,6766,7090,6745,1,0,0,0,0,0,0,0,0,0,0,0,0,0,0,2,2,3,3,3,3,3,3,2,2,2,2,2,2,2,2,2,2,2,2,2,2,2,2,1,1,1,1,1,1,0,0,0,0,,,,,,,,,,,,,,,,,,,,,,,,,,,,,,,,,,,,,,,,,,,,,,,,
7092,1200,6754,7093,,0,53,53,55,55,38,38,42,42,48,48,53,53,146,146,715,715,891,891,804,804,768,768,707,707,638,638,676,676,679,679,669,669,696,696,738,738,671,671,411,411,264,264,178,178,130,130,66,66,,,,,,,,,,,,,,,,,,,,,,,,,,,,,,,,,,,,,,,,,,,,,,,,
7093,400,6747,7092,6746,1,0,0,0,0,0,0,0,0,0,0,0,0,1,1,4,4,5,5,4,4,4,4,4,4,3,3,4,4,4,4,4,4,4,4,4,4,4,4,2,2,1,1,1,1,1,1,0,0,,,,,,,,,,,,,,,,,,,,,,,,,,,,,,,,,,,,,,,,,,,,,,,,
7094,1500,7095,6754,,0,67,67,70,70,49,49,53,53,62,62,67,67,186,186,910,910,1134,1134,1023,1023,977,977,900,900,812,812,861,861,864,864,851,851,886,886,939,939,854,854,524,524,336,336,227,227,165,165,84,84,,,,,,,,,,,,,,,,,,,,,,,,,,,,,,,,,,,,,,,,,,,,,,,,
7095,800,7094,6751,6749,1,0,0,0,0,0,0,0,0,0,0,0,0,0,0,0,0,0,0,0,0,0,0,0,0,0,0,0,0,0,0,0,0,0,0,0,0,0,0,0,0,0,0,0,0,0,0,0,0,,,,,,,,,,,,,,,,,,,,,,,,,,,,,,,,,,,,,,,,,,,,,,,,
7096,800,6737,7097,,0,0,0,0,0,0,0,0,0,0,0,0,0,0,0,0,0,0,0,0,0,0,0,0,0,0,0,0,0,0,0,0,0,0,0,0,0,0,0,0,0,0,0,0,0,0,0,0,0,,,,,,,,,,,,,,,,,,,,,,,,,,,,,,,,,,,,,,,,,,,,,,,,
7097,400,6722,7096,7098,1,0,0,0,0,0,0,0,0,0,0,0,0,0,0,0,0,0,0,0,0,0,0,0,0,0,0,0,0,0,0,0,0,0,0,0,0,0,0,0,0,0,0,0,0,0,0,0,0,,,,,,,,,,,,,,,,,,,,,,,,,,,,,,,,,,,,,,,,,,,,,,,,
7098,800,7099,7097,,0,0,0,0,0,0,0,0,0,0,0,0,0,0,0,0,0,0,0,0,0,0,0,0,0,0,0,0,0,0,0,0,0,0,0,0,0,0,0,0,0,0,0,0,0,0,0,0,0,,,,,,,,,,,,,,,,,,,,,,,,,,,,,,,,,,,,,,,,,,,,,,,,
7099,800,7098,6730,6726,1,0,0,0,0,0,0,0,0,0,0,0,0,0,0,0,0,0,0,0,0,0,0,0,0,0,0,0,0,0,0,0,0,0,0,0,0,0,0,0,0,0,0,0,0,0,0,0,0,,,,,,,,,,,,,,,,,,,,,,,,,,,,,,,,,,,,,,,,,,,,,,,,
71,3000,67,86,66;382,2,50,50,52,52,37,37,40,40,46,46,50,50,140,140,967,967,1151,1151,1088,1088,1047,1047,967,967,880,880,932,932,911,911,933,933,958,958,1007,1007,913,913,393,393,252,252,170,170,124,124,63,63,,,,,,,,,,,,,,,,,,,,,,,,,,,,,,,,,,,,,,,,,,,,,,,,
7100,1200,7101,6700,,0,0,0,0,0,0,0,0,0,0,0,0,0,0,0,2,2,2,2,2,2,2,2,2,2,1,1,1,1,2,2,1,1,2,2,2,2,1,1,1,1,1,1,0,0,0,0,0,0,,,,,,,,,,,,,,,,,,,,,,,,,,,,,,,,,,,,,,,,,,,,,,,,
7101,800,6710,7100,6705,1,0,0,0,0,0,0,0,0,0,0,0,0,0,0,1,1,1,1,1,1,1,1,1,1,1,1,1,1,1,1,1,1,1,1,1,1,1,1,1,1,0,0,0,0,0,0,0,0,,,,,,,,,,,,,,,,,,,,,,,,,,,,,,,,,,,,,,,,,,,,,,,,
7102,1200,7103,7109,,0,0,0,0,0,0,0,0,0,0,0,0,0,0,0,1,1,1,1,1,1,1,1,1,1,0,0,0,0,1,1,1,1,1,1,1,1,1,1,0,0,0,0,0,0,0,0,0,0,,,,,,,,,,,,,,,,,,,,,,,,,,,,,,,,,,,,,,,,,,,,,,,,
7103,1200,7102,6733,7104,1,0,0,0,0,0,0,0,0,0,0,0,0,0,0,1,1,1,1,1,1,1,1,0,0,0,0,0,0,0,0,0,0,0,0,1,1,1,1,0,0,0,0,0,0,0,0,0,0,,,,,,,,,,,,,,,,,,,,,,,,,,,,,,,,,,,,,,,,,,,,,,,,
7104,1600,7105,7103,,0,0,0,0,0,0,0,0,0,0,0,0,0,0,0,1,1,1,1,1,1,1,1,1,1,1,1,1,1,1,1,1,1,1,1,1,1,1,1,0,0,0,0,0,0,0,0,0,0,,,,,,,,,,,,,,,,,,,,,,,,,,,,,,,,,,,,,,,,,,,,,,,,
7105,800,6739,7104,7106,1,0,0,0,0,0,0,0,0,0,0,0,0,0,0,1,1,1,1,1,1,1,1,1,1,1,1,1,1,1,1,1,1,1,1,1,1,1,1,0,0,0,0,0,0,0,0,0,0,,,,,,,,,,,,,,,,,,,,,,,,,,,,,,,,,,,,,,,,,,,,,,,,
7106,1200,7107,7105,,0,0,0,0,0,0,0,0,0,0,0,0,0,0,0,1,1,1,1,1,1,1,1,1,1,1,1,1,1,1,1,1,1,1,1,1,1,1,1,1,1,0,0,0,0,0,0,0,0,,,,,,,,,,,,,,,,,,,,,,,,,,,,,,,,,,,,,,,,,,,,,,,,
7107,1200,6769,7106,6758,1,0,0,0,0,0,0,0,0,0,0,0,0,0,0,1,1,2,2,2,2,1,1,1,1,1,1,1,1,1,1,1,1,1,1,1,1,1,1,1,1,0,0,0,0,0,0,0,0,,,,,,,,,,,,,,,,,,,,,,,,,,,,,,,,,,,,,,,,,,,,,,,,
7108,4400,7109,6666,,0,67,67,70,70,49,49,53,53,62,62,67,67,186,186,910,910,1134,1134,1023,1023,977,977,900,900,812,812,861,861,864,864,851,851,886,886,939,939,854,854,524,524,336,336,227,227,165,165,84,84,,,,,,,,,,,,,,,,,,,,,,,,,,,,,,,,,,,,,,,,,,,,,,,,
7109,1200,6872,7108,7102,1,0,0,0,0,0,0,0,0,0,0,0,0,0,0,1,1,1,1,1,1,1,1,1,1,1,1,1,1,1,1,1,1,1,1,1,1,1,1,0,0,0,0,0,0,0,0,0,0,,,,,,,,,,,,,,,,,,,,,,,,,,,,,,,,,,,,,,,,,,,,,,,,
7110,2500,7111,7055,,0,67,67,70,70,49,49,53,53,62,62,67,67,186,186,910,910,1134,1134,1023,1023,977,977,900,900,812,812,861,861,864,864,851,851,886,886,939,939,854,854,524,524,336,336,227,227,165,165,84,84,,,,,,,,,,,,,,,,,,,,,,,,,,,,,,,,,,,,,,,,,,,,,,,,
7111,2000,7110,6719,7112,1,54,54,54,54,38,38,41,41,48,48,53,53,149,149,1126,1126,1279,1279,1185,1185,1176,1176,1064,1064,1030,1030,978,978,1073,1073,1075,1075,1072,1072,1157,1157,1124,1124,530,530,326,326,208,208,152,152,86,86,,,,,,,,,,,,,,,,,,,,,,,,,,,,,,,,,,,,,,,,,,,,,,,,
7112,2000,7113,7111,,0,54,54,54,54,38,38,41,41,48,48,53,53,149,149,1126,1126,1279,1279,1185,1185,1176,1176,1064,1064,1030,1030,978,978,1073,1073,1075,1075,1072,1072,1157,1157,1124,1124,530,530,326,326,208,208,152,152,86,86,,,,,,,,,,,,,,,,,,,,,,,,,,,,,,,,,,,,,,,,,,,,,,,,
7113,800,6741,7112,7114,1,0,0,0,0,0,0,0,0,0,0,0,0,0,0,2,2,2,2,2,2,2,2,2,2,2,2,2,2,2,2,2,2,2,2,2,2,2,2,1,1,1,1,0,0,0,0,0,0,,,,,,,,,,,,,,,,,,,,,,,,,,,,,,,,,,,,,,,,,,,,,,,,
7114,1600,7115,7113,,0,0,0,0,0,0,0,0,0,0,0,0,0,0,0,1,1,1,1,1,1,1,1,1,1,1,1,1,1,1,1,1,1,1,1,1,1,1,1,0,0,0,0,0,0,0,0,0,0,,,,,,,,,,,,,,,,,,,,,,,,,,,,,,,,,,,,,,,,,,,,,,,,
7115,1200,7114,6770,7161,1,0,0,0,0,0,0,0,0,0,0,0,0,0,0,2,2,2,2,2,2,2,2,2,2,1,1,1,1,2,2,2,2,2,2,2,2,2,2,1,1,1,1,0,0,0,0,0,0,,,,,,,,,,,,,,,,,,,,,,,,,,,,,,,,,,,,,,,,,,,,,,,,
7116,1600,6682,7117,,0,0,0,0,0,0,0,0,0,0,0,0,0,1,1,4,4,4,4,4,4,4,4,4,4,3,3,3,3,3,3,4,4,4,4,4,4,4,4,2,2,1,1,1,1,0,0,0,0,,,,,,,,,,,,,,,,,,,,,,,,,,,,,,,,,,,,,,,,,,,,,,,,
7117,1200,7116,6699,6709,1,0,0,0,0,0,0,0,0,0,0,0,0,1,1,3,3,4,4,4,4,4,4,3,3,3,3,3,3,3,3,3,3,3,3,4,4,3,3,1,1,1,1,1,1,0,0,0,0,,,,,,,,,,,,,,,,,,,,,,,,,,,,,,,,,,,,,,,,,,,,,,,,
7118,1200,6714,7119,,0,0,0,0,0,0,0,0,0,0,0,0,0,1,1,6,6,8,8,7,7,7,7,6,6,6,6,6,6,6,6,6,6,6,6,7,7,6,6,3,3,2,2,1,1,1,1,0,0,,,,,,,,,,,,,,,,,,,,,,,,,,,,,,,,,,,,,,,,,,,,,,,,
7119,1200,7118,6732,6720,1,0,0,0,0,0,0,0,0,0,0,0,0,0,0,2,2,2,2,2,2,2,2,2,2,2,2,2,2,2,2,2,2,2,2,2,2,2,2,1,1,1,1,0,0,0,0,0,0,,,,,,,,,,,,,,,,,,,,,,,,,,,,,,,,,,,,,,,,,,,,,,,,
7120,1200,6738,7121,,0,0,0,0,0,0,0,0,0,0,0,0,0,0,0,2,2,2,2,2,2,2,2,2,2,1,1,1,1,2,2,2,2,2,2,2,2,2,2,1,1,1,1,0,0,0,0,0,0,,,,,,,,,,,,,,,,,,,,,,,,,,,,,,,,,,,,,,,,,,,,,,,,
7121,1200,7120,6763,6748,1,0,0,0,0,0,0,0,0,0,0,0,0,0,0,2,2,2,2,2,2,2,2,2,2,2,2,2,2,2,2,2,2,2,2,2,2,2,2,1,1,1,1,0,0,0,0,0,0,,,,,,,,,,,,,,,,,,,,,,,,,,,,,,,,,,,,,,,,,,,,,,,,
7122,1200,6703,7123,,0,0,0,0,0,0,0,0,0,0,0,0,0,1,1,5,5,6,6,6,6,5,5,5,5,5,5,5,5,5,5,5,5,5,5,5,5,5,5,2,2,1,1,1,1,1,1,0,0,,,,,,,,,,,,,,,,,,,,,,,,,,,,,,,,,,,,,,,,,,,,,,,,
7123,1200,7122,7124,6720,1,0,0,0,0,0,0,0,0,0,0,0,0,1,1,5,5,7,7,6,6,6,6,5,5,5,5,5,5,5,5,5,5,5,5,6,6,5,5,2,2,1,1,1,1,1,1,0,0,,,,,,,,,,,,,,,,,,,,,,,,,,,,,,,,,,,,,,,,,,,,,,,,
7124,1200,7123,7125,,0,53,53,55,55,38,38,42,42,48,48,53,53,146,146,715,715,891,891,804,804,768,768,707,707,638,638,676,676,679,679,669,669,696,696,738,738,671,671,411,411,264,264,178,178,130,130,66,66,,,,,,,,,,,,,,,,,,,,,,,,,,,,,,,,,,,,,,,,,,,,,,,,
7125,1200,7126,7124,6736,1,0,0,0,0,0,0,0,0,0,0,0,0,0,0,2,2,2,2,2,2,2,2,1,1,1,1,1,1,1,1,1,1,1,1,2,2,2,2,1,1,0,0,0,0,0,0,0,0,,,,,,,,,,,,,,,,,,,,,,,,,,,,,,,,,,,,,,,,,,,,,,,,
7126,1200,7127,7125,,0,0,0,0,0,0,0,0,0,0,0,0,0,0,0,2,2,3,3,2,2,2,2,2,2,2,2,2,2,2,2,2,2,2,2,2,2,2,2,1,1,1,1,0,0,0,0,0,0,,,,,,,,,,,,,,,,,,,,,,,,,,,,,,,,,,,,,,,,,,,,,,,,
7127,1200,7126,6744,6748,1,0,0,0,0,0,0,0,0,0,0,0,0,0,0,3,3,3,3,3,3,3,3,3,3,3,3,2,2,3,3,3,3,3,3,3,3,3,3,1,1,1,1,1,1,0,0,0,0,,,,,,,,,,,,,,,,,,,,,,,,,,,,,,,,,,,,,,,,,,,,,,,,
7128,800,6590,7129,,0,0,0,0,0,0,0,0,0,0,0,0,0,0,0,2,2,3,3,3,3,2,2,2,2,2,2,2,2,2,2,2,2,2,2,2,2,2,2,1,1,1,1,1,1,0,0,0,0,,,,,,,,,,,,,,,,,,,,,,,,,,,,,,,,,,,,,,,,,,,,,,,,
7129,400,6599,7128,6583,1,0,0,0,0,0,0,0,0,0,0,0,0,0,0,2,2,2,2,2,2,2,2,2,2,2,2,2,2,2,2,2,2,2,2,2,2,2,2,1,1,1,1,0,0,0,0,0,0,,,,,,,,,,,,,,,,,,,,,,,,,,,,,,,,,,,,,,,,,,,,,,,,
7130,800,6558,7131,,0,0,0,0,0,0,0,0,0,0,0,0,0,0,0,1,1,1,1,1,1,1,1,1,1,1,1,1,1,1,1,1,1,1,1,1,1,1,1,1,1,0,0,0,0,0,0,0,0,,,,,,,,,,,,,,,,,,,,,,,,,,,,,,,,,,,,,,,,,,,,,,,,
7131,1200,14960,7130,7134,1,0,0,0,0,0,0,0,0,0,0,0,0,0,0,1,1,1,1,1,1,1,1,1,1,1,1,1,1,1,1,1,1,1,1,1,1,1,1,0,0,0,0,0,0,0,0,0,0,,,,,,,,,,,,,,,,,,,,,,,,,,,,,,,,,,,,,,,,,,,,,,,,
7132,1600,7133,6590,,0,0,0,0,0,0,0,0,0,0,0,0,0,0,0,2,2,2,2,2,2,2,2,2,2,2,2,2,2,2,2,2,2,2,2,2,2,2,2,1,1,1,1,0,0,0,0,0,0,,,,,,,,,,,,,,,,,,,,,,,,,,,,,,,,,,,,,,,,,,,,,,,,
7133,1200,7132,6585,6580,1,0,0,0,0,0,0,0,0,0,0,0,0,0,0,1,1,1,1,1,1,1,1,1,1,1,1,1,1,1,1,1,1,1,1,1,1,1,1,1,1,0,0,0,0,0,0,0,0,,,,,,,,,,,,,,,,,,,,,,,,,,,,,,,,,,,,,,,,,,,,,,,,
7134,1200,7131,,,0,7,7,8,8,5,5,6,6,7,7,7,7,20,20,161,161,186,186,175,175,170,170,157,157,147,147,148,148,153,153,156,156,158,158,168,168,158,158,64,64,40,40,27,27,19,19,10,10,,,,,,,,,,,,,,,,,,,,,,,,,,,,,,,,,,,,,,,,,,,,,,,,
7135,800,7039,7136,,0,0,0,0,0,0,0,0,0,0,0,0,0,0,0,0,0,0,0,0,0,0,0,0,0,0,0,0,0,0,0,0,0,0,0,0,0,0,0,0,0,0,0,0,0,0,0,0,0,,,,,,,,,,,,,,,,,,,,,,,,,,,,,,,,,,,,,,,,,,,,,,,,
7136,800,7135,7137,6591,1,0,0,0,0,0,0,0,0,0,0,0,0,0,0,0,0,0,0,0,0,0,0,0,0,0,0,0,0,0,0,0,0,0,0,0,0,0,0,0,0,0,0,0,0,0,0,0,0,,,,,,,,,,,,,,,,,,,,,,,,,,,,,,,,,,,,,,,,,,,,,,,,
7137,800,7136,7138,,0,0,0,0,0,0,0,0,0,0,0,0,0,0,0,0,0,0,0,0,0,0,0,0,0,0,0,0,0,0,0,0,0,0,0,0,0,0,0,0,0,0,0,0,0,0,0,0,0,,,,,,,,,,,,,,,,,,,,,,,,,,,,,,,,,,,,,,,,,,,,,,,,
7138,1200,7137,6621,7139,1,0,0,0,0,0,0,0,0,0,0,0,0,0,0,0,0,0,0,0,0,0,0,0,0,0,0,0,0,0,0,0,0,0,0,0,0,0,0,0,0,0,0,0,0,0,0,0,0,,,,,,,,,,,,,,,,,,,,,,,,,,,,,,,,,,,,,,,,,,,,,,,,
7139,1600,7140,7138,,0,0,0,0,0,0,0,0,0,0,0,0,0,0,0,0,0,0,0,0,0,0,0,0,0,0,0,0,0,0,0,0,0,0,0,0,0,0,0,0,0,0,0,0,0,0,0,0,0,,,,,,,,,,,,,,,,,,,,,,,,,,,,,,,,,,,,,,,,,,,,,,,,
7140,1600,7152,6589,7139,1,0,0,0,0,0,0,0,0,0,0,0,0,0,0,1,1,1,1,1,1,1,1,1,1,0,0,0,0,0,0,0,0,0,0,1,1,0,0,0,0,0,0,0,0,0,0,0,0,,,,,,,,,,,,,,,,,,,,,,,,,,,,,,,,,,,,,,,,,,,,,,,,
7141,800,7142,6565,,0,0,0,0,0,0,0,0,0,0,0,0,0,0,0,0,0,0,0,0,0,0,0,0,0,0,0,0,0,0,0,0,0,0,0,0,0,0,0,0,0,0,0,0,0,0,0,0,0,,,,,,,,,,,,,,,,,,,,,,,,,,,,,,,,,,,,,,,,,,,,,,,,
7142,800,7143,7141,6571,1,0,0,0,0,0,0,0,0,0,0,0,0,0,0,0,0,1,1,0,0,0,0,0,0,0,0,0,0,0,0,0,0,0,0,0,0,0,0,0,0,0,0,0,0,0,0,0,0,,,,,,,,,,,,,,,,,,,,,,,,,,,,,,,,,,,,,,,,,,,,,,,,
7143,800,7144,7142,,0,0,0,0,0,0,0,0,0,0,0,0,0,0,0,0,0,1,1,1,1,0,0,0,0,0,0,0,0,0,0,0,0,0,0,0,0,0,0,0,0,0,0,0,0,0,0,0,0,,,,,,,,,,,,,,,,,,,,,,,,,,,,,,,,,,,,,,,,,,,,,,,,
7144,800,7145,7143,6561,1,0,0,0,0,0,0,0,0,0,0,0,0,0,0,0,0,1,1,1,1,1,1,0,0,0,0,0,0,0,0,0,0,0,0,1,1,0,0,0,0,0,0,0,0,0,0,0,0,,,,,,,,,,,,,,,,,,,,,,,,,,,,,,,,,,,,,,,,,,,,,,,,
7145,800,7144,14968,,0,0,0,0,0,0,0,0,0,0,0,0,0,1,1,8,8,10,10,9,9,9,9,8,8,7,7,8,8,8,8,8,8,8,8,9,9,8,8,3,3,2,2,1,1,1,1,0,0,,,,,,,,,,,,,,,,,,,,,,,,,,,,,,,,,,,,,,,,,,,,,,,,
7146,2500,14968,7147,,0,67,67,70,70,49,49,53,53,62,62,67,67,186,186,910,910,1134,1134,1023,1023,977,977,900,900,812,812,861,861,864,864,851,851,886,886,939,939,854,854,524,524,336,336,227,227,165,165,84,84,,,,,,,,,,,,,,,,,,,,,,,,,,,,,,,,,,,,,,,,,,,,,,,,
7147,2000,6568,7146,6560,1,67,67,70,70,49,49,53,53,62,62,67,67,186,186,910,910,1134,1134,1023,1023,977,977,900,900,812,812,861,861,864,864,851,851,886,886,939,939,854,854,524,524,336,336,227,227,165,165,84,84,,,,,,,,,,,,,,,,,,,,,,,,,,,,,,,,,,,,,,,,,,,,,,,,
7148,800,7149,7003,,0,0,0,0,0,0,0,0,0,0,0,0,0,0,0,1,1,2,2,2,2,2,2,1,1,1,1,1,1,1,1,1,1,1,1,1,1,1,1,1,1,1,1,0,0,0,0,0,0,,,,,,,,,,,,,,,,,,,,,,,,,,,,,,,,,,,,,,,,,,,,,,,,
7149,800,7148,7150,6581,1,0,0,0,0,0,0,0,0,0,0,0,0,0,0,1,1,1,1,1,1,1,1,1,1,1,1,1,1,1,1,1,1,1,1,1,1,1,1,1,1,0,0,0,0,0,0,0,0,,,,,,,,,,,,,,,,,,,,,,,,,,,,,,,,,,,,,,,,,,,,,,,,
7150,800,7149,7151,,0,0,0,0,0,0,0,0,0,0,0,0,0,0,0,2,2,2,2,2,2,2,2,2,2,1,1,1,1,2,2,1,1,2,2,2,2,1,1,1,1,1,1,0,0,0,0,0,0,,,,,,,,,,,,,,,,,,,,,,,,,,,,,,,,,,,,,,,,,,,,,,,,
7151,1200,6602,7150,6575,1,0,0,0,0,0,0,0,0,0,0,0,0,0,0,2,2,2,2,2,2,2,2,2,2,2,2,2,2,2,2,2,2,2,2,2,2,2,2,1,1,1,1,0,0,0,0,0,0,,,,,,,,,,,,,,,,,,,,,,,,,,,,,,,,,,,,,,,,,,,,,,,,
7152,1200,7140,7153,,0,0,0,0,0,0,0,0,0,0,0,0,0,0,0,1,1,1,1,1,1,1,1,1,1,1,1,1,1,1,1,1,1,1,1,1,1,1,1,0,0,0,0,0,0,0,0,0,0,,,,,,,,,,,,,,,,,,,,,,,,,,,,,,,,,,,,,,,,,,,,,,,,
7153,1200,6604,7152,6588,1,0,0,0,0,0,0,0,0,0,0,0,0,0,0,1,1,1,1,1,1,1,1,1,1,1,1,1,1,1,1,1,1,1,1,1,1,1,1,1,1,0,0,0,0,0,0,0,0,,,,,,,,,,,,,,,,,,,,,,,,,,,,,,,,,,,,,,,,,,,,,,,,
7154,4000,7053,14978,,0,42,42,39,39,28,28,29,29,34,34,39,39,112,112,1343,1343,1424,1424,1347,1347,1375,1375,1229,1229,1247,1247,1096,1096,1282,1282,1299,1299,1257,1257,1375,1375,1394,1394,536,536,316,316,190,190,140,140,87,87,,,,,,,,,,,,,,,,,,,,,,,,,,,,,,,,,,,,,,,,,,,,,,,,
7155,1600,6557,7156,,0,0,0,0,0,0,0,0,0,0,0,0,0,0,0,3,3,3,3,3,3,3,3,3,3,2,2,3,3,3,3,3,3,3,3,3,3,3,3,1,1,1,1,0,0,0,0,0,0,,,,,,,,,,,,,,,,,,,,,,,,,,,,,,,,,,,,,,,,,,,,,,,,
7156,1000,6593,7155,6592,1,56,56,58,58,41,41,44,44,52,52,56,56,155,155,951,951,1158,1158,1050,1050,991,991,937,937,849,849,894,894,904,904,912,912,947,947,1000,1000,916,916,437,437,280,280,189,189,138,138,70,70,,,,,,,,,,,,,,,,,,,,,,,,,,,,,,,,,,,,,,,,,,,,,,,,
7157,1200,6557,7158,,0,0,0,0,0,0,0,0,0,0,0,0,0,0,0,3,3,4,4,3,3,3,3,3,3,3,3,3,3,3,3,3,3,3,3,3,3,3,3,1,1,1,1,1,1,0,0,0,0,,,,,,,,,,,,,,,,,,,,,,,,,,,,,,,,,,,,,,,,,,,,,,,,
7158,800,7157,6576,6563,1,0,0,0,0,0,0,0,0,0,0,0,0,0,0,3,3,4,4,3,3,3,3,3,3,3,3,3,3,3,3,3,3,3,3,3,3,3,3,1,1,1,1,1,1,0,0,0,0,,,,,,,,,,,,,,,,,,,,,,,,,,,,,,,,,,,,,,,,,,,,,,,,
7159,1200,7160,6557,,0,0,0,0,0,0,0,0,0,0,0,0,0,1,1,4,4,4,4,4,4,4,4,4,4,3,3,3,3,4,4,4,4,4,4,4,4,4,4,2,2,1,1,1,1,0,0,0,0,,,,,,,,,,,,,,,,,,,,,,,,,,,,,,,,,,,,,,,,,,,,,,,,
7160,800,7159,14935,14727,1,0,0,0,0,0,0,0,0,0,0,0,0,0,0,4,4,4,4,4,4,4,4,3,3,3,3,3,3,3,3,3,3,3,3,4,4,4,4,1,1,1,1,0,0,0,0,0,0,,,,,,,,,,,,,,,,,,,,,,,,,,,,,,,,,,,,,,,,,,,,,,,,
7161,2500,7115,7074,,0,54,54,54,54,38,38,41,41,48,48,53,53,149,149,1126,1126,1279,1279,1185,1185,1176,1176,1064,1064,1030,1030,978,978,1073,1073,1075,1075,1072,1072,1157,1157,1124,1124,530,530,326,326,208,208,152,152,86,86,,,,,,,,,,,,,,,,,,,,,,,,,,,,,,,,,,,,,,,,,,,,,,,,
7162,2500,12024,7194,7202,1,56,56,57,57,40,40,43,43,50,50,55,55,154,154,1096,1096,1258,1258,1162,1162,1148,1148,1041,1041,998,998,962,962,1043,1043,1043,1043,1045,1045,1126,1126,1085,1085,529,529,327,327,211,211,154,154,85,85,,,,,,,,,,,,,,,,,,,,,,,,,,,,,,,,,,,,,,,,,,,,,,,,
7163,600,7873,,,0,0,0,0,0,0,0,0,0,0,0,0,0,0,0,1,1,2,2,2,2,2,2,1,1,1,1,1,1,1,1,1,1,1,1,1,1,1,1,0,0,0,0,0,0,0,0,0,0,,,,,,,,,,,,,,,,,,,,,,,,,,,,,,,,,,,,,,,,,,,,,,,,
7164,3000,7165,12056,12054;7939,2,56,56,57,57,40,40,43,43,50,50,55,55,154,154,1096,1096,1258,1258,1162,1162,1148,1148,1041,1041,998,998,962,962,1043,1043,1043,1043,1045,1045,1126,1126,1085,1085,529,529,327,327,211,211,154,154,85,85,,,,,,,,,,,,,,,,,,,,,,,,,,,,,,,,,,,,,,,,,,,,,,,,
7165,2000,7168,7164,,0,32,32,31,31,22,22,23,23,27,27,31,31,87,87,1202,1202,1301,1301,1272,1272,1269,1269,1154,1154,1120,1120,1073,1073,1135,1135,1184,1184,1167,1167,1248,1248,1203,1203,355,355,214,214,133,133,98,98,58,58,,,,,,,,,,,,,,,,,,,,,,,,,,,,,,,,,,,,,,,,,,,,,,,,
7166,600,,11246,,0,0,0,0,0,0,0,0,0,0,0,0,0,0,0,3,3,3,3,3,3,3,3,3,3,2,2,2,2,3,3,3,3,3,3,3,3,3,3,1,1,1,1,0,0,0,0,0,0,,,,,,,,,,,,,,,,,,,,,,,,,,,,,,,,,,,,,,,,,,,,,,,,
7167,800,7169,7927,,0,0,0,0,0,0,0,0,0,0,0,0,0,0,0,1,1,1,1,1,1,1,1,1,1,1,1,1,1,1,1,1,1,1,1,1,1,1,1,0,0,0,0,0,0,0,0,0,0,,,,,,,,,,,,,,,,,,,,,,,,,,,,,,,,,,,,,,,,,,,,,,,,
7168,2500,7225,12052,7165;7171,2,32,32,31,31,22,22,23,23,27,27,31,31,87,87,1202,1202,1301,1301,1272,1272,1269,1269,1154,1154,1120,1120,1073,1073,1135,1135,1184,1184,1167,1167,1248,1248,1203,1203,355,355,214,214,133,133,98,98,58,58,,,,,,,,,,,,,,,,,,,,,,,,,,,,,,,,,,,,,,,,,,,,,,,,
7169,300,12029,7170,7167;7928,2,0,0,0,0,0,0,0,0,0,0,0,0,0,0,1,1,2,2,1,1,1,1,1,1,1,1,1,1,1,1,1,1,1,1,1,1,1,1,0,0,0,0,0,0,0,0,0,0,,,,,,,,,,,,,,,,,,,,,,,,,,,,,,,,,,,,,,,,,,,,,,,,
7170,300,7169,7915,,0,0,0,0,0,0,0,0,0,0,0,0,0,0,0,1,1,2,2,2,2,2,2,1,1,1,1,1,1,1,1,1,1,1,1,2,2,1,1,1,1,0,0,0,0,0,0,0,0,,,,,,,,,,,,,,,,,,,,,,,,,,,,,,,,,,,,,,,,,,,,,,,,
7171,1600,7173,7168,,0,0,0,0,0,0,0,0,0,0,0,0,0,0,0,2,2,2,2,2,2,2,2,2,2,2,2,2,2,2,2,2,2,2,2,2,2,2,2,1,1,0,0,0,0,0,0,0,0,,,,,,,,,,,,,,,,,,,,,,,,,,,,,,,,,,,,,,,,,,,,,,,,
7172,800,11248,,,0,0,0,0,0,0,0,0,0,0,0,0,0,0,0,3,3,3,3,3,3,3,3,3,3,2,2,2,2,3,3,3,3,3,3,3,3,3,3,1,1,1,1,0,0,0,0,0,0,,,,,,,,,,,,,,,,,,,,,,,,,,,,,,,,,,,,,,,,,,,,,,,,
7173,2500,7171,7184,12028;7214,2,32,32,31,31,22,22,23,23,27,27,31,31,87,87,1202,1202,1301,1301,1272,1272,1269,1269,1154,1154,1120,1120,1073,1073,1135,1135,1184,1184,1167,1167,1248,1248,1203,1203,355,355,214,214,133,133,98,98,58,58,,,,,,,,,,,,,,,,,,,,,,,,,,,,,,,,,,,,,,,,,,,,,,,,
7174,2000,12038,7882,,0,56,56,57,57,40,40,43,43,50,50,55,55,154,154,1096,1096,1258,1258,1162,1162,1148,1148,1041,1041,998,998,962,962,1043,1043,1043,1043,1045,1045,1126,1126,1085,1085,529,529,327,327,211,211,154,154,85,85,,,,,,,,,,,,,,,,,,,,,,,,,,,,,,,,,,,,,,,,,,,,,,,,
7175,800,,7902,,0,0,0,0,0,0,0,0,0,0,0,0,0,0,0,2,2,2,2,2,2,2,2,2,2,2,2,2,2,2,2,2,2,2,2,2,2,2,2,1,1,0,0,0,0,0,0,0,0,,,,,,,,,,,,,,,,,,,,,,,,,,,,,,,,,,,,,,,,,,,,,,,,
7176,800,7906,,,0,0,0,0,0,0,0,0,0,0,0,0,0,0,0,1,1,1,1,1,1,1,1,1,1,1,1,1,1,1,1,1,1,1,1,1,1,1,1,0,0,0,0,0,0,0,0,0,0,,,,,,,,,,,,,,,,,,,,,,,,,,,,,,,,,,,,,,,,,,,,,,,,
7177,1200,7873,7186,,0,0,0,0,0,0,0,0,0,0,0,0,0,0,0,2,2,2,2,2,2,2,2,2,2,2,2,2,2,2,2,2,2,2,2,2,2,2,2,1,1,0,0,0,0,0,0,0,0,,,,,,,,,,,,,,,,,,,,,,,,,,,,,,,,,,,,,,,,,,,,,,,,
7178,1200,7919,7929,,0,0,0,0,0,0,0,0,0,0,0,0,0,0,0,3,3,3,3,3,3,3,3,2,2,2,2,2,2,2,2,3,3,3,3,3,3,3,3,1,1,1,1,0,0,0,0,0,0,,,,,,,,,,,,,,,,,,,,,,,,,,,,,,,,,,,,,,,,,,,,,,,,
7179,1600,7888,7890,,0,0,0,0,0,0,0,0,0,0,0,0,0,0,0,0,0,0,0,0,0,0,0,0,0,0,0,0,0,0,0,0,0,0,0,0,0,0,0,0,0,0,0,0,0,0,0,0,0,,,,,,,,,,,,,,,,,,,,,,,,,,,,,,,,,,,,,,,,,,,,,,,,
7180,300,,7933,,0,0,0,0,0,0,0,0,0,0,0,0,0,0,0,2,2,2,2,2,2,2,2,2,2,2,2,2,2,2,2,2,2,2,2,2,2,2,2,1,1,0,0,0,0,0,0,0,0,,,,,,,,,,,,,,,,,,,,,,,,,,,,,,,,,,,,,,,,,,,,,,,,
7181,300,7200,,7904,1,0,0,0,0,0,0,0,0,0,0,0,0,0,0,0,0,0,0,0,0,0,0,0,0,0,0,0,0,0,0,0,0,0,0,0,0,0,0,0,0,0,0,0,0,0,0,0,0,,,,,,,,,,,,,,,,,,,,,,,,,,,,,,,,,,,,,,,,,,,,,,,,
7182,300,7934,7931,,0,0,0,0,0,0,0,0,0,0,0,0,0,0,0,2,2,2,2,2,2,2,2,2,2,2,2,2,2,2,2,2,2,2,2,2,2,2,2,1,1,0,0,0,0,0,0,0,0,,,,,,,,,,,,,,,,,,,,,,,,,,,,,,,,,,,,,,,,,,,,,,,,
7183,2000,12036,7192,,0,56,56,57,57,40,40,43,43,50,50,55,55,154,154,1096,1096,1258,1258,1162,1162,1148,1148,1041,1041,998,998,962,962,1043,1043,1043,1043,1045,1045,1126,1126,1085,1085,529,529,327,327,211,211,154,154,85,85,,,,,,,,,,,,,,,,,,,,,,,,,,,,,,,,,,,,,,,,,,,,,,,,
7184,1200,7886,7173,,0,0,0,0,0,0,0,0,0,0,0,0,0,0,0,3,3,3,3,3,3,3,3,2,2,2,2,2,2,2,2,2,2,2,2,3,3,3,3,1,1,0,0,0,0,0,0,0,0,,,,,,,,,,,,,,,,,,,,,,,,,,,,,,,,,,,,,,,,,,,,,,,,
7185,600,11248,7934,,0,0,0,0,0,0,0,0,0,0,0,0,0,0,0,3,3,3,3,3,3,3,3,3,3,2,2,2,2,3,3,3,3,3,3,3,3,3,3,1,1,1,1,0,0,0,0,0,0,,,,,,,,,,,,,,,,,,,,,,,,,,,,,,,,,,,,,,,,,,,,,,,,
7186,3000,7190,7881,7177;7252,2,32,32,31,31,22,22,23,23,27,27,31,31,87,87,1202,1202,1301,1301,1272,1272,1269,1269,1154,1154,1120,1120,1073,1073,1135,1135,1184,1184,1167,1167,1248,1248,1203,1203,355,355,214,214,133,133,98,98,58,58,,,,,,,,,,,,,,,,,,,,,,,,,,,,,,,,,,,,,,,,,,,,,,,,
7187,600,7871,7880,,0,0,0,0,0,0,0,0,0,0,0,0,0,0,0,1,1,1,1,1,1,1,1,1,1,1,1,1,1,1,1,1,1,1,1,1,1,1,1,0,0,0,0,0,0,0,0,0,0,,,,,,,,,,,,,,,,,,,,,,,,,,,,,,,,,,,,,,,,,,,,,,,,
7188,1200,7933,7189,,0,0,0,0,0,0,0,0,0,0,0,0,0,0,0,2,2,2,2,2,2,2,2,2,2,1,1,1,1,2,2,2,2,2,2,2,2,2,2,1,1,0,0,0,0,0,0,0,0,,,,,,,,,,,,,,,,,,,,,,,,,,,,,,,,,,,,,,,,,,,,,,,,
7189,800,10488,7196,7935;7188,2,0,0,0,0,0,0,0,0,0,0,0,0,0,0,2,2,3,3,2,2,2,2,2,2,2,2,2,2,2,2,2,2,2,2,2,2,2,2,1,1,0,0,0,0,0,0,0,0,,,,,,,,,,,,,,,,,,,,,,,,,,,,,,,,,,,,,,,,,,,,,,,,
7190,1200,7186,7192,,0,0,0,0,0,0,0,0,0,0,0,0,0,0,0,2,2,3,3,3,3,3,3,2,2,2,2,2,2,2,2,2,2,2,2,2,2,2,2,1,1,0,0,0,0,0,0,0,0,,,,,,,,,,,,,,,,,,,,,,,,,,,,,,,,,,,,,,,,,,,,,,,,
7191,3500,7900,7902,,0,41,41,41,41,29,29,31,31,36,36,40,40,112,112,1104,1104,1257,1257,1162,1162,1115,1115,1057,1057,999,999,984,984,1052,1052,1084,1084,1096,1096,1169,1169,1115,1115,378,378,234,234,152,152,111,111,61,61,,,,,,,,,,,,,,,,,,,,,,,,,,,,,,,,,,,,,,,,,,,,,,,,
7192,2000,7231,7183,7190;7879,2,32,32,31,31,22,22,23,23,27,27,31,31,87,87,1202,1202,1301,1301,1272,1272,1269,1269,1154,1154,1120,1120,1073,1073,1135,1135,1184,1184,1167,1167,1248,1248,1203,1203,355,355,214,214,133,133,98,98,58,58,,,,,,,,,,,,,,,,,,,,,,,,,,,,,,,,,,,,,,,,,,,,,,,,
7193,800,7913,7925,,0,0,0,0,0,0,0,0,0,0,0,0,0,0,0,1,1,1,1,1,1,1,1,1,1,1,1,1,1,1,1,1,1,1,1,1,1,1,1,0,0,0,0,0,0,0,0,0,0,,,,,,,,,,,,,,,,,,,,,,,,,,,,,,,,,,,,,,,,,,,,,,,,
7194,1600,7162,7781,,0,53,53,55,55,38,38,42,42,48,48,53,53,146,146,715,715,891,891,804,804,768,768,707,707,638,638,676,676,679,679,669,669,696,696,738,738,671,671,411,411,264,264,178,178,130,130,66,66,,,,,,,,,,,,,,,,,,,,,,,,,,,,,,,,,,,,,,,,,,,,,,,,
7195,4400,7204,12069,,0,42,42,39,39,28,28,29,29,34,34,39,39,112,112,1343,1343,1424,1424,1347,1347,1375,1375,1229,1229,1247,1247,1096,1096,1282,1282,1299,1299,1257,1257,1375,1375,1394,1394,536,536,316,316,190,190,140,140,87,87,,,,,,,,,,,,,,,,,,,,,,,,,,,,,,,,,,,,,,,,,,,,,,,,
7196,800,7921,7189,,0,0,0,0,0,0,0,0,0,0,0,0,0,0,0,2,2,2,2,2,2,2,2,2,2,2,2,2,2,2,2,2,2,2,2,2,2,2,2,1,1,0,0,0,0,0,0,0,0,,,,,,,,,,,,,,,,,,,,,,,,,,,,,,,,,,,,,,,,,,,,,,,,
7197,1200,7888,7201,,0,0,0,0,0,0,0,0,0,0,0,0,0,0,0,1,1,1,1,1,1,1,1,1,1,1,1,1,1,1,1,1,1,1,1,1,1,1,1,0,0,0,0,0,0,0,0,0,0,,,,,,,,,,,,,,,,,,,,,,,,,,,,,,,,,,,,,,,,,,,,,,,,
7198,1600,7880,17071,,0,0,0,0,0,0,0,0,0,0,0,0,0,0,0,1,1,1,1,1,1,1,1,1,1,1,1,1,1,1,1,1,1,1,1,1,1,1,1,0,0,0,0,0,0,0,0,0,0,,,,,,,,,,,,,,,,,,,,,,,,,,,,,,,,,,,,,,,,,,,,,,,,
7199,3500,7204,7898,,0,41,41,41,41,29,29,31,31,36,36,40,40,112,112,1104,1104,1257,1257,1162,1162,1115,1115,1057,1057,999,999,984,984,1052,1052,1084,1084,1096,1096,1169,1169,1115,1115,378,378,234,234,152,152,111,111,61,61,,,,,,,,,,,,,,,,,,,,,,,,,,,,,,,,,,,,,,,,,,,,,,,,
72,4400,92,57,,0,50,50,52,52,37,37,40,40,46,46,50,50,140,140,967,967,1151,1151,1088,1088,1047,1047,967,967,880,880,932,932,911,911,933,933,958,958,1007,1007,913,913,393,393,252,252,170,170,124,124,63,63,,,,,,,,,,,,,,,,,,,,,,,,,,,,,,,,,,,,,,,,,,,,,,,,
7200,1600,7890,7201,7181,1,0,0,0,0,0,0,0,0,0,0,0,0,0,0,0,0,0,0,0,0,0,0,0,0,0,0,0,0,0,0,0,0,0,0,0,0,0,0,0,0,0,0,0,0,0,0,0,0,,,,,,,,,,,,,,,,,,,,,,,,,,,,,,,,,,,,,,,,,,,,,,,,
7201,1200,7200,7216,7197;7203,2,0,0,0,0,0,0,0,0,0,0,0,0,0,0,1,1,1,1,1,1,1,1,1,1,1,1,1,1,1,1,1,1,1,1,1,1,1,1,0,0,0,0,0,0,0,0,0,0,,,,,,,,,,,,,,,,,,,,,,,,,,,,,,,,,,,,,,,,,,,,,,,,
7202,2500,7162,7779,,0,32,32,31,31,22,22,23,23,27,27,31,31,87,87,1202,1202,1301,1301,1272,1272,1269,1269,1154,1154,1120,1120,1073,1073,1135,1135,1184,1184,1167,1167,1248,1248,1203,1203,355,355,214,214,133,133,98,98,58,58,,,,,,,,,,,,,,,,,,,,,,,,,,,,,,,,,,,,,,,,,,,,,,,,
7203,400,7201,7941,,0,0,0,0,0,0,0,0,0,0,0,0,0,0,0,1,1,1,1,1,1,1,1,1,1,1,1,1,1,1,1,1,1,1,1,1,1,1,1,0,0,0,0,0,0,0,0,0,0,,,,,,,,,,,,,,,,,,,,,,,,,,,,,,,,,,,,,,,,,,,,,,,,
7204,2500,7210,7199,7195;7901;7852,3,41,41,41,41,29,29,31,31,36,36,40,40,112,112,1104,1104,1257,1257,1162,1162,1115,1115,1057,1057,999,999,984,984,1052,1052,1084,1084,1096,1096,1169,1169,1115,1115,378,378,234,234,152,152,111,111,61,61,,,,,,,,,,,,,,,,,,,,,,,,,,,,,,,,,,,,,,,,,,,,,,,,
7205,300,7753,,,0,0,0,0,0,0,0,0,0,0,0,0,0,0,0,1,1,1,1,1,1,1,1,1,1,1,1,1,1,1,1,1,1,1,1,1,1,1,1,0,0,0,0,0,0,0,0,0,0,,,,,,,,,,,,,,,,,,,,,,,,,,,,,,,,,,,,,,,,,,,,,,,,
7206,1200,7896,7783,,0,0,0,0,0,0,0,0,0,0,0,0,0,0,0,1,1,1,1,1,1,1,1,1,1,1,1,1,1,1,1,1,1,1,1,1,1,1,1,0,0,0,0,0,0,0,0,0,0,,,,,,,,,,,,,,,,,,,,,,,,,,,,,,,,,,,,,,,,,,,,,,,,
7207,1500,7211,7917,,0,41,41,41,41,29,29,31,31,36,36,40,40,112,112,1104,1104,1257,1257,1162,1162,1115,1115,1057,1057,999,999,984,984,1052,1052,1084,1084,1096,1096,1169,1169,1115,1115,378,378,234,234,152,152,111,111,61,61,,,,,,,,,,,,,,,,,,,,,,,,,,,,,,,,,,,,,,,,,,,,,,,,
7208,800,7211,7925,,0,0,0,0,0,0,0,0,0,0,0,0,0,0,0,1,1,1,1,1,1,1,1,1,1,1,1,1,1,1,1,1,1,1,1,1,1,1,1,0,0,0,0,0,0,0,0,0,0,,,,,,,,,,,,,,,,,,,,,,,,,,,,,,,,,,,,,,,,,,,,,,,,
7209,800,7906,7213,,0,0,0,0,0,0,0,0,0,0,0,0,0,0,0,2,2,2,2,2,2,2,2,1,1,1,1,1,1,1,1,2,2,2,2,2,2,2,2,1,1,0,0,0,0,0,0,0,0,,,,,,,,,,,,,,,,,,,,,,,,,,,,,,,,,,,,,,,,,,,,,,,,
7210,1000,7851,7204,,0,41,41,41,41,29,29,31,31,36,36,40,40,112,112,1104,1104,1257,1257,1162,1162,1115,1115,1057,1057,999,999,984,984,1052,1052,1084,1084,1096,1096,1169,1169,1115,1115,378,378,234,234,152,152,111,111,61,61,,,,,,,,,,,,,,,,,,,,,,,,,,,,,,,,,,,,,,,,,,,,,,,,
7211,800,7243,7208,7207;7237,2,0,0,0,0,0,0,0,0,0,0,0,0,0,0,2,2,2,2,2,2,2,2,2,2,2,2,2,2,2,2,2,2,2,2,2,2,2,2,1,1,0,0,0,0,0,0,0,0,,,,,,,,,,,,,,,,,,,,,,,,,,,,,,,,,,,,,,,,,,,,,,,,
7212,1600,7755,7753,,0,0,0,0,0,0,0,0,0,0,0,0,0,0,0,1,1,2,2,1,1,2,2,1,1,1,1,1,1,1,1,1,1,1,1,1,1,1,1,0,0,0,0,0,0,0,0,0,0,,,,,,,,,,,,,,,,,,,,,,,,,,,,,,,,,,,,,,,,,,,,,,,,
7213,800,7864,7850,7209;7298,2,0,0,0,0,0,0,0,0,0,0,0,0,0,0,2,2,2,2,2,2,2,2,2,2,2,2,2,2,2,2,2,2,2,2,2,2,2,2,1,1,0,0,0,0,0,0,0,0,,,,,,,,,,,,,,,,,,,,,,,,,,,,,,,,,,,,,,,,,,,,,,,,
7214,1600,7173,7223,,0,0,0,0,0,0,0,0,0,0,0,0,0,0,0,1,1,1,1,1,1,1,1,1,1,1,1,1,1,1,1,1,1,1,1,1,1,1,1,0,0,0,0,0,0,0,0,0,0,,,,,,,,,,,,,,,,,,,,,,,,,,,,,,,,,,,,,,,,,,,,,,,,
7215,600,7911,7923,,0,0,0,0,0,0,0,0,0,0,0,0,0,0,0,0,0,0,0,0,0,0,0,0,0,0,0,0,0,0,0,0,0,0,0,0,0,0,0,0,0,0,0,0,0,0,0,0,0,,,,,,,,,,,,,,,,,,,,,,,,,,,,,,,,,,,,,,,,,,,,,,,,
7216,1200,7218,7201,,0,0,0,0,0,0,0,0,0,0,0,0,0,0,0,2,2,2,2,2,2,2,2,2,2,2,2,2,2,2,2,2,2,2,2,2,2,2,2,1,1,0,0,0,0,0,0,0,0,,,,,,,,,,,,,,,,,,,,,,,,,,,,,,,,,,,,,,,,,,,,,,,,
7217,2000,17071,7878,,0,56,56,57,57,40,40,43,43,50,50,55,55,154,154,1096,1096,1258,1258,1162,1162,1148,1148,1041,1041,998,998,962,962,1043,1043,1043,1043,1045,1045,1126,1126,1085,1085,529,529,327,327,211,211,154,154,85,85,,,,,,,,,,,,,,,,,,,,,,,,,,,,,,,,,,,,,,,,,,,,,,,,
7218,1200,7938,7229,7216,1,0,0,0,0,0,0,0,0,0,0,0,0,0,0,3,3,3,3,3,3,3,3,3,3,3,3,3,3,3,3,3,3,3,3,3,3,3,3,1,1,1,1,0,0,0,0,0,0,,,,,,,,,,,,,,,,,,,,,,,,,,,,,,,,,,,,,,,,,,,,,,,,
7219,1600,7223,7761,,0,0,0,0,0,0,0,0,0,0,0,0,0,0,0,1,1,2,2,1,1,1,1,1,1,1,1,1,1,1,1,1,1,1,1,1,1,1,1,0,0,0,0,0,0,0,0,0,0,,,,,,,,,,,,,,,,,,,,,,,,,,,,,,,,,,,,,,,,,,,,,,,,
7220,1200,7751,7875,,0,0,0,0,0,0,0,0,0,0,0,0,0,0,0,2,2,2,2,2,2,2,2,2,2,2,2,2,2,2,2,2,2,2,2,2,2,2,2,1,1,0,0,0,0,0,0,0,0,,,,,,,,,,,,,,,,,,,,,,,,,,,,,,,,,,,,,,,,,,,,,,,,
7221,1200,7229,7941,,0,0,0,0,0,0,0,0,0,0,0,0,0,0,0,1,1,1,1,1,1,1,1,1,1,1,1,1,1,1,1,1,1,1,1,1,1,1,1,0,0,0,0,0,0,0,0,0,0,,,,,,,,,,,,,,,,,,,,,,,,,,,,,,,,,,,,,,,,,,,,,,,,
7222,1600,7877,7878,,0,0,0,0,0,0,0,0,0,0,0,0,0,0,0,2,2,2,2,2,2,2,2,2,2,2,2,1,1,2,2,2,2,2,2,2,2,2,2,1,1,0,0,0,0,0,0,0,0,,,,,,,,,,,,,,,,,,,,,,,,,,,,,,,,,,,,,,,,,,,,,,,,
7223,1600,7228,7219,7214;7251,2,0,0,0,0,0,0,0,0,0,0,0,0,0,0,1,1,1,1,1,1,1,1,1,1,1,1,1,1,1,1,1,1,1,1,1,1,1,1,0,0,0,0,0,0,0,0,0,0,,,,,,,,,,,,,,,,,,,,,,,,,,,,,,,,,,,,,,,,,,,,,,,,
7224,1600,7884,7755,,0,0,0,0,0,0,0,0,0,0,0,0,0,0,0,3,3,3,3,3,3,3,3,2,2,2,2,2,2,2,2,3,3,3,3,3,3,3,3,1,1,0,0,0,0,0,0,0,0,,,,,,,,,,,,,,,,,,,,,,,,,,,,,,,,,,,,,,,,,,,,,,,,
7225,1600,7761,7168,,0,0,0,0,0,0,0,0,0,0,0,0,0,0,0,1,1,1,1,1,1,1,1,1,1,1,1,1,1,1,1,1,1,1,1,1,1,1,1,0,0,0,0,0,0,0,0,0,0,,,,,,,,,,,,,,,,,,,,,,,,,,,,,,,,,,,,,,,,,,,,,,,,
7226,3500,7938,7229,,0,32,32,31,31,22,22,23,23,27,27,31,31,87,87,1202,1202,1301,1301,1272,1272,1269,1269,1154,1154,1120,1120,1073,1073,1135,1135,1184,1184,1167,1167,1248,1248,1203,1203,355,355,214,214,133,133,98,98,58,58,,,,,,,,,,,,,,,,,,,,,,,,,,,,,,,,,,,,,,,,,,,,,,,,
7227,1200,7938,7229,7756,1,0,0,0,0,0,0,0,0,0,0,0,0,0,0,3,3,3,3,3,3,3,3,3,3,3,3,3,3,3,3,3,3,3,3,3,3,3,3,1,1,1,1,0,0,0,0,0,0,,,,,,,,,,,,,,,,,,,,,,,,,,,,,,,,,,,,,,,,,,,,,,,,
7228,1200,7230,7223,,0,0,0,0,0,0,0,0,0,0,0,0,0,0,0,0,0,1,1,1,1,1,1,0,0,0,0,0,0,0,0,0,0,0,0,1,1,1,1,0,0,0,0,0,0,0,0,0,0,,,,,,,,,,,,,,,,,,,,,,,,,,,,,,,,,,,,,,,,,,,,,,,,
7229,2200,7221,7457,7218;7226;7227;7233,4,32,32,31,31,22,22,23,23,27,27,31,31,87,87,1202,1202,1301,1301,1272,1272,1269,1269,1154,1154,1120,1120,1073,1073,1135,1135,1184,1184,1167,1167,1248,1248,1203,1203,355,355,214,214,133,133,98,98,58,58,,,,,,,,,,,,,,,,,,,,,,,,,,,,,,,,,,,,,,,,,,,,,,,,
7230,1600,7235,7228,7754;7248,2,0,0,0,0,0,0,0,0,0,0,0,0,0,0,1,1,1,1,1,1,1,1,1,1,1,1,1,1,1,1,1,1,1,1,1,1,1,1,0,0,0,0,0,0,0,0,0,0,,,,,,,,,,,,,,,,,,,,,,,,,,,,,,,,,,,,,,,,,,,,,,,,
7231,1500,7192,7877,,0,32,32,31,31,22,22,23,23,27,27,31,31,87,87,1202,1202,1301,1301,1272,1272,1269,1269,1154,1154,1120,1120,1073,1073,1135,1135,1184,1184,1167,1167,1248,1248,1203,1203,355,355,214,214,133,133,98,98,58,58,,,,,,,,,,,,,,,,,,,,,,,,,,,,,,,,,,,,,,,,,,,,,,,,
7232,1200,7892,7781,,0,53,53,55,55,38,38,42,42,48,48,53,53,146,146,715,715,891,891,804,804,768,768,707,707,638,638,676,676,679,679,669,669,696,696,738,738,671,671,411,411,264,264,178,178,130,130,66,66,,,,,,,,,,,,,,,,,,,,,,,,,,,,,,,,,,,,,,,,,,,,,,,,
7233,1600,7229,7266,,0,0,0,0,0,0,0,0,0,0,0,0,0,0,0,3,3,3,3,3,3,3,3,3,3,3,3,3,3,3,3,3,3,3,3,3,3,3,3,1,1,1,1,0,0,0,0,0,0,,,,,,,,,,,,,,,,,,,,,,,,,,,,,,,,,,,,,,,,,,,,,,,,
7234,800,7236,7749,,0,0,0,0,0,0,0,0,0,0,0,0,0,0,0,2,2,3,3,3,3,3,3,2,2,2,2,2,2,2,2,2,2,2,2,3,3,2,2,1,1,0,0,0,0,0,0,0,0,,,,,,,,,,,,,,,,,,,,,,,,,,,,,,,,,,,,,,,,,,,,,,,,
7235,1200,7230,7747,,0,0,0,0,0,0,0,0,0,0,0,0,0,0,0,2,2,2,2,2,2,2,2,2,2,2,2,2,2,2,2,2,2,2,2,2,2,2,2,1,1,0,0,0,0,0,0,0,0,,,,,,,,,,,,,,,,,,,,,,,,,,,,,,,,,,,,,,,,,,,,,,,,
7236,1200,7234,7245,7874;7258,2,0,0,0,0,0,0,0,0,0,0,0,0,0,0,2,2,2,2,2,2,2,2,1,1,1,1,1,1,1,1,2,2,1,1,2,2,2,2,0,0,0,0,0,0,0,0,0,0,,,,,,,,,,,,,,,,,,,,,,,,,,,,,,,,,,,,,,,,,,,,,,,,
7237,1200,7242,7211,,0,0,0,0,0,0,0,0,0,0,0,0,0,0,0,1,1,1,1,1,1,1,1,1,1,1,1,1,1,1,1,1,1,1,1,1,1,1,1,0,0,0,0,0,0,0,0,0,0,,,,,,,,,,,,,,,,,,,,,,,,,,,,,,,,,,,,,,,,,,,,,,,,
7238,800,7855,7851,,0,0,0,0,0,0,0,0,0,0,0,0,0,0,0,2,2,2,2,2,2,2,2,2,2,2,2,2,2,2,2,2,2,2,2,2,2,2,2,1,1,0,0,0,0,0,0,0,0,,,,,,,,,,,,,,,,,,,,,,,,,,,,,,,,,,,,,,,,,,,,,,,,
7239,1200,7894,7847,,0,0,0,0,0,0,0,0,0,0,0,0,0,0,0,1,1,1,1,1,1,1,1,1,1,1,1,1,1,1,1,1,1,1,1,1,1,1,1,0,0,0,0,0,0,0,0,0,0,,,,,,,,,,,,,,,,,,,,,,,,,,,,,,,,,,,,,,,,,,,,,,,,
7240,1200,7242,7865,,0,0,0,0,0,0,0,0,0,0,0,0,0,0,0,0,0,0,0,0,0,0,0,0,0,0,0,0,0,0,0,0,0,0,0,0,0,0,0,0,0,0,0,0,0,0,0,0,0,,,,,,,,,,,,,,,,,,,,,,,,,,,,,,,,,,,,,,,,,,,,,,,,
7241,1200,7900,7785,,0,0,0,0,0,0,0,0,0,0,0,0,0,0,0,2,2,2,2,2,2,2,2,2,2,2,2,2,2,2,2,2,2,2,2,2,2,2,2,1,1,0,0,0,0,0,0,0,0,,,,,,,,,,,,,,,,,,,,,,,,,,,,,,,,,,,,,,,,,,,,,,,,
7242,1200,7240,7270,7237;7264,2,0,0,0,0,0,0,0,0,0,0,0,0,0,0,1,1,1,1,1,1,1,1,1,1,1,1,1,1,1,1,1,1,1,1,1,1,1,1,0,0,0,0,0,0,0,0,0,0,,,,,,,,,,,,,,,,,,,,,,,,,,,,,,,,,,,,,,,,,,,,,,,,
7243,1600,10510,7211,,0,0,0,0,0,0,0,0,0,0,0,0,0,0,0,3,3,3,3,3,3,3,3,3,3,2,2,2,2,3,3,3,3,3,3,3,3,3,3,1,1,1,1,0,0,0,0,0,0,,,,,,,,,,,,,,,,,,,,,,,,,,,,,,,,,,,,,,,,,,,,,,,,
7244,3000,7246,7778,7779,1,41,41,41,41,29,29,31,31,36,36,40,40,112,112,1104,1104,1257,1257,1162,1162,1115,1115,1057,1057,999,999,984,984,1052,1052,1084,1084,1096,1096,1169,1169,1115,1115,378,378,234,234,152,152,111,111,61,61,,,,,,,,,,,,,,,,,,,,,,,,,,,,,,,,,,,,,,,,,,,,,,,,
7245,1200,7236,17707,,0,0,0,0,0,0,0,0,0,0,0,0,0,0,0,1,1,1,1,1,1,1,1,1,1,1,1,1,1,1,1,1,1,1,1,1,1,1,1,0,0,0,0,0,0,0,0,0,0,,,,,,,,,,,,,,,,,,,,,,,,,,,,,,,,,,,,,,,,,,,,,,,,
7246,800,7255,7891,7244;7832,2,0,0,0,0,0,0,0,0,0,0,0,0,0,0,1,1,1,1,1,1,1,1,1,1,1,1,1,1,1,1,1,1,1,1,1,1,1,1,0,0,0,0,0,0,0,0,0,0,,,,,,,,,,,,,,,,,,,,,,,,,,,,,,,,,,,,,,,,,,,,,,,,
7247,2000,7759,7757,,0,32,32,31,31,22,22,23,23,27,27,31,31,87,87,1202,1202,1301,1301,1272,1272,1269,1269,1154,1154,1120,1120,1073,1073,1135,1135,1184,1184,1167,1167,1248,1248,1203,1203,355,355,214,214,133,133,98,98,58,58,,,,,,,,,,,,,,,,,,,,,,,,,,,,,,,,,,,,,,,,,,,,,,,,
7248,1600,7230,7741,,0,0,0,0,0,0,0,0,0,0,0,0,0,0,0,1,1,1,1,1,1,1,1,1,1,1,1,1,1,1,1,1,1,1,1,1,1,1,1,0,0,0,0,0,0,0,0,0,0,,,,,,,,,,,,,,,,,,,,,,,,,,,,,,,,,,,,,,,,,,,,,,,,
7249,1200,7254,7849,,0,0,0,0,0,0,0,0,0,0,0,0,0,0,0,1,1,1,1,1,1,1,1,1,1,1,1,1,1,1,1,1,1,1,1,1,1,1,1,0,0,0,0,0,0,0,0,0,0,,,,,,,,,,,,,,,,,,,,,,,,,,,,,,,,,,,,,,,,,,,,,,,,
7250,800,,7775,,0,0,0,0,0,0,0,0,0,0,0,0,0,0,0,3,3,3,3,3,3,3,3,3,3,3,3,3,3,3,3,3,3,3,3,3,3,3,3,1,1,1,1,0,0,0,0,0,0,,,,,,,,,,,,,,,,,,,,,,,,,,,,,,,,,,,,,,,,,,,,,,,,
7251,1600,7223,7745,,0,0,0,0,0,0,0,0,0,0,0,0,0,0,0,1,1,1,1,1,1,1,1,1,1,1,1,1,1,1,1,1,1,1,1,1,1,1,1,0,0,0,0,0,0,0,0,0,0,,,,,,,,,,,,,,,,,,,,,,,,,,,,,,,,,,,,,,,,,,,,,,,,
7252,1600,7751,7186,,0,0,0,0,0,0,0,0,0,0,0,0,0,0,0,2,2,2,2,2,2,2,2,2,2,2,2,2,2,2,2,2,2,2,2,2,2,2,2,1,1,0,0,0,0,0,0,0,0,,,,,,,,,,,,,,,,,,,,,,,,,,,,,,,,,,,,,,,,,,,,,,,,
7253,4400,7855,7853,,0,41,41,41,41,29,29,31,31,36,36,40,40,112,112,1104,1104,1257,1257,1162,1162,1115,1115,1057,1057,999,999,984,984,1052,1052,1084,1084,1096,1096,1169,1169,1115,1115,378,378,234,234,152,152,111,111,61,61,,,,,,,,,,,,,,,,,,,,,,,,,,,,,,,,,,,,,,,,,,,,,,,,
7254,800,7249,7276,7854;7842,2,0,0,0,0,0,0,0,0,0,0,0,0,0,0,3,3,3,3,3,3,3,3,2,2,2,2,2,2,2,2,3,3,3,3,3,3,3,3,1,1,1,1,0,0,0,0,0,0,,,,,,,,,,,,,,,,,,,,,,,,,,,,,,,,,,,,,,,,,,,,,,,,
7255,600,7246,7259,,0,0,0,0,0,0,0,0,0,0,0,0,0,0,0,1,1,1,1,1,1,1,1,1,1,1,1,1,1,1,1,1,1,1,1,1,1,1,1,0,0,0,0,0,0,0,0,0,0,,,,,,,,,,,,,,,,,,,,,,,,,,,,,,,,,,,,,,,,,,,,,,,,
7256,1200,7259,7777,,0,0,0,0,0,0,0,0,0,0,0,0,0,0,0,1,1,2,2,2,2,1,1,1,1,1,1,1,1,1,1,1,1,1,1,2,2,1,1,1,1,0,0,0,0,0,0,0,0,,,,,,,,,,,,,,,,,,,,,,,,,,,,,,,,,,,,,,,,,,,,,,,,
7257,1200,7741,7745,,0,0,0,0,0,0,0,0,0,0,0,0,0,0,0,1,1,1,1,1,1,1,1,1,1,1,1,1,1,1,1,1,1,1,1,1,1,1,1,0,0,0,0,0,0,0,0,0,0,,,,,,,,,,,,,,,,,,,,,,,,,,,,,,,,,,,,,,,,,,,,,,,,
7258,1600,7236,7735,,0,0,0,0,0,0,0,0,0,0,0,0,0,0,0,1,1,1,1,1,1,1,1,1,1,1,1,1,1,1,1,1,1,1,1,1,1,1,1,0,0,0,0,0,0,0,0,0,0,,,,,,,,,,,,,,,,,,,,,,,,,,,,,,,,,,,,,,,,,,,,,,,,
7259,400,7307,7256,7255;7297,2,0,0,0,0,0,0,0,0,0,0,0,0,0,0,1,1,1,1,1,1,1,1,1,1,1,1,1,1,1,1,1,1,1,1,1,1,1,1,0,0,0,0,0,0,0,0,0,0,,,,,,,,,,,,,,,,,,,,,,,,,,,,,,,,,,,,,,,,,,,,,,,,
7260,1200,7853,7849,,0,0,0,0,0,0,0,0,0,0,0,0,0,0,0,1,1,1,1,1,1,1,1,1,1,1,1,1,1,1,1,1,1,1,1,1,1,1,1,0,0,0,0,0,0,0,0,0,0,,,,,,,,,,,,,,,,,,,,,,,,,,,,,,,,,,,,,,,,,,,,,,,,
7261,1600,7263,7738,7746;7304,2,0,0,0,0,0,0,0,0,0,0,0,0,0,0,3,3,3,3,3,3,3,3,3,3,3,3,2,2,3,3,3,3,3,3,3,3,3,3,1,1,1,1,0,0,0,0,0,0,,,,,,,,,,,,,,,,,,,,,,,,,,,,,,,,,,,,,,,,,,,,,,,,
7262,800,7268,,,0,0,0,0,0,0,0,0,0,0,0,0,0,0,0,1,1,1,1,1,1,1,1,1,1,1,1,1,1,1,1,1,1,1,1,1,1,1,1,0,0,0,0,0,0,0,0,0,0,,,,,,,,,,,,,,,,,,,,,,,,,,,,,,,,,,,,,,,,,,,,,,,,
7263,800,7261,7735,,0,0,0,0,0,0,0,0,0,0,0,0,0,0,0,2,2,2,2,2,2,2,2,2,2,2,2,1,1,2,2,2,2,2,2,2,2,2,2,1,1,0,0,0,0,0,0,0,0,,,,,,,,,,,,,,,,,,,,,,,,,,,,,,,,,,,,,,,,,,,,,,,,
7264,1200,7272,7242,,0,0,0,0,0,0,0,0,0,0,0,0,0,0,0,1,1,1,1,1,1,1,1,1,1,1,1,1,1,1,1,1,1,1,1,1,1,1,1,0,0,0,0,0,0,0,0,0,0,,,,,,,,,,,,,,,,,,,,,,,,,,,,,,,,,,,,,,,,,,,,,,,,
7265,300,,7737,,0,0,0,0,0,0,0,0,0,0,0,0,0,0,0,3,3,3,3,3,3,3,3,3,3,2,2,2,2,3,3,3,3,3,3,3,3,3,3,1,1,1,1,0,0,0,0,0,0,,,,,,,,,,,,,,,,,,,,,,,,,,,,,,,,,,,,,,,,,,,,,,,,
7266,4000,7233,7273,,0,32,32,31,31,22,22,23,23,27,27,31,31,87,87,1202,1202,1301,1301,1272,1272,1269,1269,1154,1154,1120,1120,1073,1073,1135,1135,1184,1184,1167,1167,1248,1248,1203,1203,355,355,214,214,133,133,98,98,58,58,,,,,,,,,,,,,,,,,,,,,,,,,,,,,,,,,,,,,,,,,,,,,,,,
7267,1600,7272,7863,,0,0,0,0,0,0,0,0,0,0,0,0,0,0,0,1,1,1,1,1,1,1,1,1,1,1,1,1,1,1,1,1,1,1,1,1,1,1,1,0,0,0,0,0,0,0,0,0,0,,,,,,,,,,,,,,,,,,,,,,,,,,,,,,,,,,,,,,,,,,,,,,,,
7268,1200,7275,7734,7262;7278,2,0,0,0,0,0,0,0,0,0,0,0,0,0,0,1,1,1,1,1,1,1,1,1,1,1,1,1,1,1,1,1,1,1,1,1,1,1,1,0,0,0,0,0,0,0,0,0,0,,,,,,,,,,,,,,,,,,,,,,,,,,,,,,,,,,,,,,,,,,,,,,,,
7269,4400,7938,7759,,0,32,32,31,31,22,22,23,23,27,27,31,31,87,87,1202,1202,1301,1301,1272,1272,1269,1269,1154,1154,1120,1120,1073,1073,1135,1135,1184,1184,1167,1167,1248,1248,1203,1203,355,355,214,214,133,133,98,98,58,58,,,,,,,,,,,,,,,,,,,,,,,,,,,,,,,,,,,,,,,,,,,,,,,,
7270,1600,7274,7242,,0,0,0,0,0,0,0,0,0,0,0,0,0,0,0,1,1,1,1,1,1,1,1,1,1,1,1,1,1,1,1,1,1,1,1,1,1,1,1,0,0,0,0,0,0,0,0,0,0,,,,,,,,,,,,,,,,,,,,,,,,,,,,,,,,,,,,,,,,,,,,,,,,
7271,1600,7847,7845,,0,0,0,0,0,0,0,0,0,0,0,0,0,0,0,1,1,2,2,1,1,1,1,1,1,1,1,1,1,1,1,1,1,1,1,1,1,1,1,0,0,0,0,0,0,0,0,0,0,,,,,,,,,,,,,,,,,,,,,,,,,,,,,,,,,,,,,,,,,,,,,,,,
7272,1200,7267,7292,7264;7283,2,0,0,0,0,0,0,0,0,0,0,0,0,0,0,1,1,1,1,1,1,1,1,1,1,1,1,1,1,1,1,1,1,1,1,1,1,1,1,0,0,0,0,0,0,0,0,0,0,,,,,,,,,,,,,,,,,,,,,,,,,,,,,,,,,,,,,,,,,,,,,,,,
7273,3000,7493,7772,7266;7770,2,32,32,31,31,22,22,23,23,27,27,31,31,87,87,1202,1202,1301,1301,1272,1272,1269,1269,1154,1154,1120,1120,1073,1073,1135,1135,1184,1184,1167,1167,1248,1248,1203,1203,355,355,214,214,133,133,98,98,58,58,,,,,,,,,,,,,,,,,,,,,,,,,,,,,,,,,,,,,,,,,,,,,,,,
7274,800,7270,10546,10520;7290,2,0,0,0,0,0,0,0,0,0,0,0,0,0,0,3,3,3,3,3,3,3,3,3,3,2,2,2,2,3,3,3,3,3,3,3,3,3,3,1,1,1,1,0,0,0,0,0,0,,,,,,,,,,,,,,,,,,,,,,,,,,,,,,,,,,,,,,,,,,,,,,,,
7275,800,7268,7737,,0,0,0,0,0,0,0,0,0,0,0,0,0,0,0,2,2,2,2,2,2,2,2,2,2,2,2,2,2,2,2,2,2,2,2,2,2,2,2,1,1,0,0,0,0,0,0,0,0,,,,,,,,,,,,,,,,,,,,,,,,,,,,,,,,,,,,,,,,,,,,,,,,
7276,800,7859,7254,,0,0,0,0,0,0,0,0,0,0,0,0,0,0,0,2,2,2,2,2,2,2,2,2,2,1,1,1,1,2,2,2,2,2,2,2,2,2,2,1,1,0,0,0,0,0,0,0,0,,,,,,,,,,,,,,,,,,,,,,,,,,,,,,,,,,,,,,,,,,,,,,,,
7277,2000,7758,7288,7744;7314,2,32,32,31,31,22,22,23,23,27,27,31,31,87,87,1202,1202,1301,1301,1272,1272,1269,1269,1154,1154,1120,1120,1073,1073,1135,1135,1184,1184,1167,1167,1248,1248,1203,1203,355,355,214,214,133,133,98,98,58,58,,,,,,,,,,,,,,,,,,,,,,,,,,,,,,,,,,,,,,,,,,,,,,,,
7278,800,7268,7281,,0,0,0,0,0,0,0,0,0,0,0,0,0,0,0,1,1,1,1,1,1,1,1,1,1,1,1,1,1,1,1,1,1,1,1,1,1,1,1,0,0,0,0,0,0,0,0,0,0,,,,,,,,,,,,,,,,,,,,,,,,,,,,,,,,,,,,,,,,,,,,,,,,
7279,800,,7826,,0,0,0,0,0,0,0,0,0,0,0,0,0,0,0,1,1,1,1,1,1,1,1,0,0,0,0,0,0,0,0,1,1,1,1,1,1,1,1,0,0,0,0,0,0,0,0,0,0,,,,,,,,,,,,,,,,,,,,,,,,,,,,,,,,,,,,,,,,,,,,,,,,
7280,1600,7281,7733,,0,0,0,0,0,0,0,0,0,0,0,0,0,0,0,2,2,2,2,2,2,2,2,1,1,1,1,1,1,1,1,1,1,1,1,2,2,2,2,0,0,0,0,0,0,0,0,0,0,,,,,,,,,,,,,,,,,,,,,,,,,,,,,,,,,,,,,,,,,,,,,,,,
7281,1600,7286,7280,7278,1,0,0,0,0,0,0,0,0,0,0,0,0,0,0,1,1,1,1,1,1,1,1,1,1,1,1,1,1,1,1,1,1,1,1,1,1,1,1,0,0,0,0,0,0,0,0,0,0,,,,,,,,,,,,,,,,,,,,,,,,,,,,,,,,,,,,,,,,,,,,,,,,
7282,1100,7845,7287,,0,41,41,41,41,29,29,31,31,36,36,40,40,112,112,1104,1104,1257,1257,1162,1162,1115,1115,1057,1057,999,999,984,984,1052,1052,1084,1084,1096,1096,1169,1169,1115,1115,378,378,234,234,152,152,111,111,61,61,,,,,,,,,,,,,,,,,,,,,,,,,,,,,,,,,,,,,,,,,,,,,,,,
7283,1200,7272,7289,,0,0,0,0,0,0,0,0,0,0,0,0,0,0,0,1,1,1,1,1,1,1,1,1,1,1,1,1,1,1,1,1,1,1,1,1,1,1,1,0,0,0,0,0,0,0,0,0,0,,,,,,,,,,,,,,,,,,,,,,,,,,,,,,,,,,,,,,,,,,,,,,,,
7284,1600,7833,7287,,0,0,0,0,0,0,0,0,0,0,0,0,0,0,0,1,1,2,2,1,1,1,1,1,1,1,1,1,1,1,1,1,1,1,1,1,1,1,1,0,0,0,0,0,0,0,0,0,0,,,,,,,,,,,,,,,,,,,,,,,,,,,,,,,,,,,,,,,,,,,,,,,,
7285,1600,7861,7289,,0,0,0,0,0,0,0,0,0,0,0,0,0,0,0,2,2,2,2,2,2,2,2,1,1,1,1,1,1,1,1,2,2,2,2,2,2,2,2,1,1,0,0,0,0,0,0,0,0,,,,,,,,,,,,,,,,,,,,,,,,,,,,,,,,,,,,,,,,,,,,,,,,
7286,1200,7908,7281,,0,0,0,0,0,0,0,0,0,0,0,0,0,0,0,2,2,2,2,2,2,2,2,2,2,2,2,1,1,2,2,2,2,2,2,2,2,2,2,1,1,0,0,0,0,0,0,0,0,,,,,,,,,,,,,,,,,,,,,,,,,,,,,,,,,,,,,,,,,,,,,,,,
7287,550,7282,7309,7284;7291,2,41,41,41,41,29,29,31,31,36,36,40,40,112,112,1104,1104,1257,1257,1162,1162,1115,1115,1057,1057,999,999,984,984,1052,1052,1084,1084,1096,1096,1169,1169,1115,1115,378,378,234,234,152,152,111,111,61,61,,,,,,,,,,,,,,,,,,,,,,,,,,,,,,,,,,,,,,,,,,,,,,,,
7288,2000,7339,7277,,0,32,32,31,31,22,22,23,23,27,27,31,31,87,87,1202,1202,1301,1301,1272,1272,1269,1269,1154,1154,1120,1120,1073,1073,1135,1135,1184,1184,1167,1167,1248,1248,1203,1203,355,355,214,214,133,133,98,98,58,58,,,,,,,,,,,,,,,,,,,,,,,,,,,,,,,,,,,,,,,,,,,,,,,,
7289,1200,7285,7315,7283;7308,2,0,0,0,0,0,0,0,0,0,0,0,0,0,0,1,1,1,1,1,1,1,1,1,1,1,1,1,1,1,1,1,1,1,1,1,1,1,1,0,0,0,0,0,0,0,0,0,0,,,,,,,,,,,,,,,,,,,,,,,,,,,,,,,,,,,,,,,,,,,,,,,,
7290,800,7295,7274,,0,0,0,0,0,0,0,0,0,0,0,0,0,0,0,2,2,2,2,2,2,2,2,2,2,2,2,2,2,2,2,2,2,2,2,2,2,2,2,1,1,0,0,0,0,0,0,0,0,,,,,,,,,,,,,,,,,,,,,,,,,,,,,,,,,,,,,,,,,,,,,,,,
7291,1000,7299,7287,,0,41,41,41,41,29,29,31,31,36,36,40,40,112,112,1104,1104,1257,1257,1162,1162,1115,1115,1057,1057,999,999,984,984,1052,1052,1084,1084,1096,1096,1169,1169,1115,1115,378,378,234,234,152,152,111,111,61,61,,,,,,,,,,,,,,,,,,,,,,,,,,,,,,,,,,,,,,,,,,,,,,,,
7292,2000,7295,7272,,0,41,41,41,41,29,29,31,31,36,36,40,40,112,112,1104,1104,1257,1257,1162,1162,1115,1115,1057,1057,999,999,984,984,1052,1052,1084,1084,1096,1096,1169,1169,1115,1115,378,378,234,234,152,152,111,111,61,61,,,,,,,,,,,,,,,,,,,,,,,,,,,,,,,,,,,,,,,,,,,,,,,,
7293,2000,7743,7739,,0,32,32,31,31,22,22,23,23,27,27,31,31,87,87,1202,1202,1301,1301,1272,1272,1269,1269,1154,1154,1120,1120,1073,1073,1135,1135,1184,1184,1167,1167,1248,1248,1203,1203,355,355,214,214,133,133,98,98,58,58,,,,,,,,,,,,,,,,,,,,,,,,,,,,,,,,,,,,,,,,,,,,,,,,
7294,1600,7773,7823,,0,0,0,0,0,0,0,0,0,0,0,0,0,0,0,3,3,3,3,3,3,3,3,3,3,3,3,3,3,3,3,3,3,3,3,3,3,3,3,1,1,1,1,0,0,0,0,0,0,,,,,,,,,,,,,,,,,,,,,,,,,,,,,,,,,,,,,,,,,,,,,,,,
7295,1500,10570,7292,7290;7313,2,41,41,41,41,29,29,31,31,36,36,40,40,112,112,1104,1104,1257,1257,1162,1162,1115,1115,1057,1057,999,999,984,984,1052,1052,1084,1084,1096,1096,1169,1169,1115,1115,378,378,234,234,152,152,111,111,61,61,,,,,,,,,,,,,,,,,,,,,,,,,,,,,,,,,,,,,,,,,,,,,,,,
7296,4400,7841,7843,,0,0,0,0,0,0,0,0,0,0,0,0,0,0,0,1156,1156,1275,1275,1184,1184,1063,1063,1121,1121,1033,1033,1056,1056,1105,1105,1218,1218,1250,1250,1308,1308,1226,1226,0,0,0,0,0,0,0,0,0,0,,,,,,,,,,,,,,,,,,,,,,,,,,,,,,,,,,,,,,,,,,,,,,,,
7297,800,7826,7259,,0,0,0,0,0,0,0,0,0,0,0,0,0,0,0,1,1,1,1,1,1,1,1,1,1,1,1,1,1,1,1,1,1,1,1,1,1,1,1,0,0,0,0,0,0,0,0,0,0,,,,,,,,,,,,,,,,,,,,,,,,,,,,,,,,,,,,,,,,,,,,,,,,
7298,1200,7863,7213,,0,0,0,0,0,0,0,0,0,0,0,0,0,0,0,1,1,1,1,1,1,1,1,1,1,1,1,1,1,1,1,1,1,1,1,1,1,1,1,0,0,0,0,0,0,0,0,0,0,,,,,,,,,,,,,,,,,,,,,,,,,,,,,,,,,,,,,,,,,,,,,,,,
7299,1500,7322,7291,7840;7357,2,41,41,41,41,29,29,31,31,36,36,40,40,112,112,1104,1104,1257,1257,1162,1162,1115,1115,1057,1057,999,999,984,984,1052,1052,1084,1084,1096,1096,1169,1169,1115,1115,378,378,234,234,152,152,111,111,61,61,,,,,,,,,,,,,,,,,,,,,,,,,,,,,,,,,,,,,,,,,,,,,,,,
73,3000,378,14,,0,50,50,52,52,37,37,40,40,46,46,50,50,140,140,967,967,1151,1151,1088,1088,1047,1047,967,967,880,880,932,932,911,911,933,933,958,958,1007,1007,913,913,393,393,252,252,170,170,124,124,63,63,,,,,,,,,,,,,,,,,,,,,,,,,,,,,,,,,,,,,,,,,,,,,,,,
7300,1200,7841,7303,,0,0,0,0,0,0,0,0,0,0,0,0,0,0,0,1,1,2,2,2,2,2,2,1,1,1,1,1,1,1,1,1,1,1,1,2,2,1,1,1,1,0,0,0,0,0,0,0,0,,,,,,,,,,,,,,,,,,,,,,,,,,,,,,,,,,,,,,,,,,,,,,,,
7301,1600,7728,7731,7729,1,0,0,0,0,0,0,0,0,0,0,0,0,0,0,1,1,1,1,1,1,1,1,1,1,1,1,1,1,1,1,1,1,1,1,1,1,1,1,0,0,0,0,0,0,0,0,0,0,,,,,,,,,,,,,,,,,,,,,,,,,,,,,,,,,,,,,,,,,,,,,,,,
7302,800,7811,7769,,0,0,0,0,0,0,0,0,0,0,0,0,0,0,0,2,2,2,2,2,2,2,2,1,1,1,1,1,1,1,1,1,1,1,1,2,2,2,2,0,0,0,0,0,0,0,0,0,0,,,,,,,,,,,,,,,,,,,,,,,,,,,,,,,,,,,,,,,,,,,,,,,,
7303,800,7329,7300,7856;7320,2,0,0,0,0,0,0,0,0,0,0,0,0,0,0,1,1,2,2,1,1,1,1,1,1,1,1,1,1,1,1,1,1,1,1,1,1,1,1,0,0,0,0,0,0,0,0,0,0,,,,,,,,,,,,,,,,,,,,,,,,,,,,,,,,,,,,,,,,,,,,,,,,
7304,2500,7733,7261,,0,32,32,31,31,22,22,23,23,27,27,31,31,87,87,1202,1202,1301,1301,1272,1272,1269,1269,1154,1154,1120,1120,1073,1073,1135,1135,1184,1184,1167,1167,1248,1248,1203,1203,355,355,214,214,133,133,98,98,58,58,,,,,,,,,,,,,,,,,,,,,,,,,,,,,,,,,,,,,,,,,,,,,,,,
7305,4400,7771,7306,,0,32,32,31,31,22,22,23,23,27,27,31,31,87,87,1202,1202,1301,1301,1272,1272,1269,1269,1154,1154,1120,1120,1073,1073,1135,1135,1184,1184,1167,1167,1248,1248,1203,1203,355,355,214,214,133,133,98,98,58,58,,,,,,,,,,,,,,,,,,,,,,,,,,,,,,,,,,,,,,,,,,,,,,,,
7306,800,7822,7340,7305;7332,2,0,0,0,0,0,0,0,0,0,0,0,0,0,0,3,3,3,3,3,3,3,3,3,3,3,3,3,3,3,3,3,3,3,3,3,3,3,3,1,1,1,1,0,0,0,0,0,0,,,,,,,,,,,,,,,,,,,,,,,,,,,,,,,,,,,,,,,,,,,,,,,,
7307,1600,7311,7259,,0,0,0,0,0,0,0,0,0,0,0,0,0,0,0,1,1,1,1,1,1,1,1,1,1,1,1,1,1,1,1,1,1,1,1,1,1,1,1,0,0,0,0,0,0,0,0,0,0,,,,,,,,,,,,,,,,,,,,,,,,,,,,,,,,,,,,,,,,,,,,,,,,
7308,1200,7289,7312,,0,0,0,0,0,0,0,0,0,0,0,0,0,0,0,2,2,2,2,2,2,2,2,2,2,2,2,2,2,2,2,2,2,2,2,2,2,2,2,1,1,0,0,0,0,0,0,0,0,,,,,,,,,,,,,,,,,,,,,,,,,,,,,,,,,,,,,,,,,,,,,,,,
7309,4400,7311,7287,,0,41,41,41,41,29,29,31,31,36,36,40,40,112,112,1104,1104,1257,1257,1162,1162,1115,1115,1057,1057,999,999,984,984,1052,1052,1084,1084,1096,1096,1169,1169,1115,1115,378,378,234,234,152,152,111,111,61,61,,,,,,,,,,,,,,,,,,,,,,,,,,,,,,,,,,,,,,,,,,,,,,,,
7310,2000,7312,7857,,0,41,41,41,41,29,29,31,31,36,36,40,40,112,112,1104,1104,1257,1257,1162,1162,1115,1115,1057,1057,999,999,984,984,1052,1052,1084,1084,1096,1096,1169,1169,1115,1115,378,378,234,234,152,152,111,111,61,61,,,,,,,,,,,,,,,,,,,,,,,,,,,,,,,,,,,,,,,,,,,,,,,,
7311,550,7309,7319,7307;7354,2,41,41,41,41,29,29,31,31,36,36,40,40,112,112,1104,1104,1257,1257,1162,1162,1115,1115,1057,1057,999,999,984,984,1052,1052,1084,1084,1096,1096,1169,1169,1115,1115,378,378,234,234,152,152,111,111,61,61,,,,,,,,,,,,,,,,,,,,,,,,,,,,,,,,,,,,,,,,,,,,,,,,
7312,1000,7310,7338,7308;7328,2,41,41,41,41,29,29,31,31,36,36,40,40,112,112,1104,1104,1257,1257,1162,1162,1115,1115,1057,1057,999,999,984,984,1052,1052,1084,1084,1096,1096,1169,1169,1115,1115,378,378,234,234,152,152,111,111,61,61,,,,,,,,,,,,,,,,,,,,,,,,,,,,,,,,,,,,,,,,,,,,,,,,
7313,1200,7318,7295,,0,0,0,0,0,0,0,0,0,0,0,0,0,0,0,2,2,2,2,2,2,2,2,2,2,2,2,2,2,2,2,2,2,2,2,2,2,2,2,1,1,0,0,0,0,0,0,0,0,,,,,,,,,,,,,,,,,,,,,,,,,,,,,,,,,,,,,,,,,,,,,,,,
7314,4400,7277,7743,,0,32,32,31,31,22,22,23,23,27,27,31,31,87,87,1202,1202,1301,1301,1272,1272,1269,1269,1154,1154,1120,1120,1073,1073,1135,1135,1184,1184,1167,1167,1248,1248,1203,1203,355,355,214,214,133,133,98,98,58,58,,,,,,,,,,,,,,,,,,,,,,,,,,,,,,,,,,,,,,,,,,,,,,,,
7315,1600,7289,7318,,0,0,0,0,0,0,0,0,0,0,0,0,0,0,0,1,1,1,1,1,1,1,1,1,1,1,1,1,1,1,1,1,1,1,1,1,1,1,1,0,0,0,0,0,0,0,0,0,0,,,,,,,,,,,,,,,,,,,,,,,,,,,,,,,,,,,,,,,,,,,,,,,,
7316,800,7807,7809,,0,0,0,0,0,0,0,0,0,0,0,0,0,0,0,1,1,1,1,1,1,1,1,1,1,1,1,1,1,1,1,1,1,1,1,1,1,1,1,0,0,0,0,0,0,0,0,0,0,,,,,,,,,,,,,,,,,,,,,,,,,,,,,,,,,,,,,,,,,,,,,,,,
7317,1200,7807,,,0,0,0,0,0,0,0,0,0,0,0,0,0,0,0,1,1,1,1,1,1,1,1,1,1,1,1,1,1,1,1,1,1,1,1,1,1,1,1,0,0,0,0,0,0,0,0,0,0,,,,,,,,,,,,,,,,,,,,,,,,,,,,,,,,,,,,,,,,,,,,,,,,
7318,1500,10599,7315,7313;7337,2,41,41,41,41,29,29,31,31,36,36,40,40,112,112,1104,1104,1257,1257,1162,1162,1115,1115,1057,1057,999,999,984,984,1052,1052,1084,1084,1096,1096,1169,1169,1115,1115,378,378,234,234,152,152,111,111,61,61,,,,,,,,,,,,,,,,,,,,,,,,,,,,,,,,,,,,,,,,,,,,,,,,
7319,800,7821,7311,,0,0,0,0,0,0,0,0,0,0,0,0,0,0,0,2,2,3,3,2,2,2,2,2,2,2,2,2,2,2,2,2,2,2,2,2,2,2,2,1,1,1,1,0,0,0,0,0,0,,,,,,,,,,,,,,,,,,,,,,,,,,,,,,,,,,,,,,,,,,,,,,,,
7320,1200,7324,7303,,0,0,0,0,0,0,0,0,0,0,0,0,0,0,0,2,2,2,2,2,2,2,2,2,2,2,2,2,2,2,2,2,2,2,2,2,2,2,2,1,1,0,0,0,0,0,0,0,0,,,,,,,,,,,,,,,,,,,,,,,,,,,,,,,,,,,,,,,,,,,,,,,,
7321,800,7799,7811,,0,0,0,0,0,0,0,0,0,0,0,0,0,0,0,1,1,1,1,1,1,1,1,1,1,1,1,1,1,1,1,1,1,1,1,1,1,1,1,0,0,0,0,0,0,0,0,0,0,,,,,,,,,,,,,,,,,,,,,,,,,,,,,,,,,,,,,,,,,,,,,,,,
7322,2000,7299,7324,,0,41,41,41,41,29,29,31,31,36,36,40,40,112,112,1104,1104,1257,1257,1162,1162,1115,1115,1057,1057,999,999,984,984,1052,1052,1084,1084,1096,1096,1169,1169,1115,1115,378,378,234,234,152,152,111,111,61,61,,,,,,,,,,,,,,,,,,,,,,,,,,,,,,,,,,,,,,,,,,,,,,,,
7323,2500,7339,7730,7742;7348,2,32,32,31,31,22,22,23,23,27,27,31,31,87,87,1202,1202,1301,1301,1272,1272,1269,1269,1154,1154,1120,1120,1073,1073,1135,1135,1184,1184,1167,1167,1248,1248,1203,1203,355,355,214,214,133,133,98,98,58,58,,,,,,,,,,,,,,,,,,,,,,,,,,,,,,,,,,,,,,,,,,,,,,,,
7324,1500,7322,7352,7320;7349,2,41,41,41,41,29,29,31,31,36,36,40,40,112,112,1104,1104,1257,1257,1162,1162,1115,1115,1057,1057,999,999,984,984,1052,1052,1084,1084,1096,1096,1169,1169,1115,1115,378,378,234,234,152,152,111,111,61,61,,,,,,,,,,,,,,,,,,,,,,,,,,,,,,,,,,,,,,,,,,,,,,,,
7325,800,,7805,,0,0,0,0,0,0,0,0,0,0,0,0,0,0,0,1,1,1,1,1,1,1,1,1,1,1,1,1,1,1,1,1,1,1,1,1,1,1,1,0,0,0,0,0,0,0,0,0,0,,,,,,,,,,,,,,,,,,,,,,,,,,,,,,,,,,,,,,,,,,,,,,,,
7326,1600,7724,7729,,0,0,0,0,0,0,0,0,0,0,0,0,0,0,0,2,2,2,2,2,2,2,2,1,1,1,1,1,1,1,1,2,2,1,1,2,2,2,2,0,0,0,0,0,0,0,0,0,0,,,,,,,,,,,,,,,,,,,,,,,,,,,,,,,,,,,,,,,,,,,,,,,,
7327,300,7765,,,0,0,0,0,0,0,0,0,0,0,0,0,0,0,0,2,2,3,3,2,2,2,2,2,2,2,2,2,2,2,2,2,2,2,2,2,2,2,2,1,1,0,0,0,0,0,0,0,0,,,,,,,,,,,,,,,,,,,,,,,,,,,,,,,,,,,,,,,,,,,,,,,,
7328,800,7333,7312,,0,0,0,0,0,0,0,0,0,0,0,0,0,0,0,2,2,2,2,2,2,2,2,2,2,2,2,2,2,2,2,2,2,2,2,2,2,2,2,1,1,0,0,0,0,0,0,0,0,,,,,,,,,,,,,,,,,,,,,,,,,,,,,,,,,,,,,,,,,,,,,,,,
7329,1600,7333,7303,,0,0,0,0,0,0,0,0,0,0,0,0,0,0,0,1,1,2,2,1,1,1,1,1,1,1,1,1,1,1,1,1,1,1,1,1,1,1,1,0,0,0,0,0,0,0,0,0,0,,,,,,,,,,,,,,,,,,,,,,,,,,,,,,,,,,,,,,,,,,,,,,,,
7330,1200,7821,7827,,0,0,0,0,0,0,0,0,0,0,0,0,0,0,0,1,1,1,1,1,1,1,1,1,1,1,1,1,1,1,1,1,1,1,1,1,1,1,1,0,0,0,0,0,0,0,0,0,0,,,,,,,,,,,,,,,,,,,,,,,,,,,,,,,,,,,,,,,,,,,,,,,,
7331,550,7457,,7339,1,32,32,31,31,22,22,23,23,27,27,31,31,87,87,1202,1202,1301,1301,1272,1272,1269,1269,1154,1154,1120,1120,1073,1073,1135,1135,1184,1184,1167,1167,1248,1248,1203,1203,355,355,214,214,133,133,98,98,58,58,,,,,,,,,,,,,,,,,,,,,,,,,,,,,,,,,,,,,,,,,,,,,,,,
7332,4400,7306,7334,,0,32,32,31,31,22,22,23,23,27,27,31,31,87,87,1202,1202,1301,1301,1272,1272,1269,1269,1154,1154,1120,1120,1073,1073,1135,1135,1184,1184,1167,1167,1248,1248,1203,1203,355,355,214,214,133,133,98,98,58,58,,,,,,,,,,,,,,,,,,,,,,,,,,,,,,,,,,,,,,,,,,,,,,,,
7333,1200,7329,7363,7328;7350,2,0,0,0,0,0,0,0,0,0,0,0,0,0,0,1,1,2,2,1,1,1,1,1,1,1,1,1,1,1,1,1,1,1,1,1,1,1,1,0,0,0,0,0,0,0,0,0,0,,,,,,,,,,,,,,,,,,,,,,,,,,,,,,,,,,,,,,,,,,,,,,,,
7334,800,7820,7408,7332;7828,2,0,0,0,0,0,0,0,0,0,0,0,0,0,0,3,3,3,3,3,3,3,3,3,3,2,2,2,2,3,3,3,3,3,3,3,3,3,3,1,1,1,1,0,0,0,0,0,0,,,,,,,,,,,,,,,,,,,,,,,,,,,,,,,,,,,,,,,,,,,,,,,,
7335,1200,7839,7835,,0,0,0,0,0,0,0,0,0,0,0,0,0,0,0,1,1,2,2,2,2,2,2,1,1,1,1,1,1,1,1,1,1,1,1,2,2,1,1,1,1,0,0,0,0,0,0,0,0,,,,,,,,,,,,,,,,,,,,,,,,,,,,,,,,,,,,,,,,,,,,,,,,
7336,800,7727,,,0,0,0,0,0,0,0,0,0,0,0,0,0,0,0,2,2,2,2,2,2,2,2,2,2,2,2,2,2,2,2,2,2,2,2,2,2,2,2,1,1,0,0,0,0,0,0,0,0,,,,,,,,,,,,,,,,,,,,,,,,,,,,,,,,,,,,,,,,,,,,,,,,
7337,1200,7318,7343,,0,0,0,0,0,0,0,0,0,0,0,0,0,0,0,2,2,2,2,2,2,2,2,2,2,2,2,2,2,2,2,2,2,2,2,2,2,2,2,1,1,0,0,0,0,0,0,0,0,,,,,,,,,,,,,,,,,,,,,,,,,,,,,,,,,,,,,,,,,,,,,,,,
7338,2000,7343,7312,,0,41,41,41,41,29,29,31,31,36,36,40,40,112,112,1104,1104,1257,1257,1162,1162,1115,1115,1057,1057,999,999,984,984,1052,1052,1084,1084,1096,1096,1169,1169,1115,1115,378,378,234,234,152,152,111,111,61,61,,,,,,,,,,,,,,,,,,,,,,,,,,,,,,,,,,,,,,,,,,,,,,,,
7339,4400,7323,7757,7457;7288;7331,3,32,32,31,31,22,22,23,23,27,27,31,31,87,87,1202,1202,1301,1301,1272,1272,1269,1269,1154,1154,1120,1120,1073,1073,1135,1135,1184,1184,1167,1167,1248,1248,1203,1203,355,355,214,214,133,133,98,98,58,58,,,,,,,,,,,,,,,,,,,,,,,,,,,,,,,,,,,,,,,,,,,,,,,,
7340,800,7306,7805,,0,0,0,0,0,0,0,0,0,0,0,0,0,0,0,2,2,2,2,2,2,2,2,2,2,2,2,2,2,2,2,2,2,2,2,2,2,2,2,1,1,0,0,0,0,0,0,0,0,,,,,,,,,,,,,,,,,,,,,,,,,,,,,,,,,,,,,,,,,,,,,,,,
7341,800,7344,7801,,0,0,0,0,0,0,0,0,0,0,0,0,0,0,0,2,2,2,2,2,2,2,2,1,1,1,1,1,1,1,1,1,1,1,1,2,2,2,2,0,0,0,0,0,0,0,0,0,0,,,,,,,,,,,,,,,,,,,,,,,,,,,,,,,,,,,,,,,,,,,,,,,,
7342,800,,7801,,0,0,0,0,0,0,0,0,0,0,0,0,0,0,0,1,1,1,1,1,1,1,1,1,1,1,1,1,1,1,1,1,1,1,1,1,1,1,1,0,0,0,0,0,0,0,0,0,0,,,,,,,,,,,,,,,,,,,,,,,,,,,,,,,,,,,,,,,,,,,,,,,,
7343,1500,7373,7338,7337;7361,2,41,41,41,41,29,29,31,31,36,36,40,40,112,112,1104,1104,1257,1257,1162,1162,1115,1115,1057,1057,999,999,984,984,1052,1052,1084,1084,1096,1096,1169,1169,1115,1115,378,378,234,234,152,152,111,111,61,61,,,,,,,,,,,,,,,,,,,,,,,,,,,,,,,,,,,,,,,,,,,,,,,,
7344,1000,7341,7358,7802;7380,2,32,32,31,31,22,22,23,23,27,27,31,31,87,87,1202,1202,1301,1301,1272,1272,1269,1269,1154,1154,1120,1120,1073,1073,1135,1135,1184,1184,1167,1167,1248,1248,1203,1203,355,355,214,214,133,133,98,98,58,58,,,,,,,,,,,,,,,,,,,,,,,,,,,,,,,,,,,,,,,,,,,,,,,,
7345,300,,7795,,0,0,0,0,0,0,0,0,0,0,0,0,0,0,0,2,2,2,2,2,2,2,2,1,1,1,1,1,1,1,1,1,1,1,1,2,2,2,2,0,0,0,0,0,0,0,0,0,0,,,,,,,,,,,,,,,,,,,,,,,,,,,,,,,,,,,,,,,,,,,,,,,,
7346,600,7797,,,0,0,0,0,0,0,0,0,0,0,0,0,0,0,0,3,3,3,3,3,3,3,3,3,3,3,3,2,2,3,3,3,3,3,3,3,3,3,3,1,1,1,1,0,0,0,0,0,0,,,,,,,,,,,,,,,,,,,,,,,,,,,,,,,,,,,,,,,,,,,,,,,,
7347,1200,7817,7803,,0,0,0,0,0,0,0,0,0,0,0,0,0,0,0,2,2,2,2,2,2,2,2,2,2,2,2,2,2,2,2,2,2,2,2,2,2,2,2,1,1,0,0,0,0,0,0,0,0,,,,,,,,,,,,,,,,,,,,,,,,,,,,,,,,,,,,,,,,,,,,,,,,
7348,4400,7727,7323,,0,32,32,31,31,22,22,23,23,27,27,31,31,87,87,1202,1202,1301,1301,1272,1272,1269,1269,1154,1154,1120,1120,1073,1073,1135,1135,1184,1184,1167,1167,1248,1248,1203,1203,355,355,214,214,133,133,98,98,58,58,,,,,,,,,,,,,,,,,,,,,,,,,,,,,,,,,,,,,,,,,,,,,,,,
7349,1200,7324,7835,,0,0,0,0,0,0,0,0,0,0,0,0,0,0,0,2,2,3,3,2,2,2,2,2,2,2,2,2,2,2,2,2,2,2,2,2,2,2,2,1,1,1,1,0,0,0,0,0,0,,,,,,,,,,,,,,,,,,,,,,,,,,,,,,,,,,,,,,,,,,,,,,,,
7350,800,7333,7356,,0,0,0,0,0,0,0,0,0,0,0,0,0,0,0,1,1,1,1,1,1,1,1,1,1,1,1,1,1,1,1,1,1,1,1,1,1,1,1,0,0,0,0,0,0,0,0,0,0,,,,,,,,,,,,,,,,,,,,,,,,,,,,,,,,,,,,,,,,,,,,,,,,
7351,800,7837,7355,,0,0,0,0,0,0,0,0,0,0,0,0,0,0,0,1,1,1,1,1,1,1,1,1,1,1,1,1,1,1,1,1,1,1,1,1,1,1,1,0,0,0,0,0,0,0,0,0,0,,,,,,,,,,,,,,,,,,,,,,,,,,,,,,,,,,,,,,,,,,,,,,,,
7352,2500,7324,7356,,0,41,41,41,41,29,29,31,31,36,36,40,40,112,112,1104,1104,1257,1257,1162,1162,1115,1115,1057,1057,999,999,984,984,1052,1052,1084,1084,1096,1096,1169,1169,1115,1115,378,378,234,234,152,152,111,111,61,61,,,,,,,,,,,,,,,,,,,,,,,,,,,,,,,,,,,,,,,,,,,,,,,,
7353,1200,7793,7795,,0,0,0,0,0,0,0,0,0,0,0,0,0,0,0,2,2,2,2,2,2,2,2,2,2,2,2,2,2,2,2,2,2,2,2,2,2,2,2,1,1,0,0,0,0,0,0,0,0,,,,,,,,,,,,,,,,,,,,,,,,,,,,,,,,,,,,,,,,,,,,,,,,
7354,800,7374,7311,,0,0,0,0,0,0,0,0,0,0,0,0,0,0,0,2,2,2,2,2,2,2,2,2,2,1,1,1,1,1,1,2,2,2,2,2,2,2,2,1,1,0,0,0,0,0,0,0,0,,,,,,,,,,,,,,,,,,,,,,,,,,,,,,,,,,,,,,,,,,,,,,,,
7355,800,7351,7375,7834;7376,2,0,0,0,0,0,0,0,0,0,0,0,0,0,0,1,1,1,1,1,1,1,1,1,1,1,1,1,1,1,1,1,1,1,1,1,1,1,1,0,0,0,0,0,0,0,0,0,0,,,,,,,,,,,,,,,,,,,,,,,,,,,,,,,,,,,,,,,,,,,,,,,,
7356,1200,7390,7352,7350;7388,2,0,0,0,0,0,0,0,0,0,0,0,0,0,0,1,1,1,1,1,1,1,1,1,1,1,1,1,1,1,1,1,1,1,1,1,1,1,1,0,0,0,0,0,0,0,0,0,0,,,,,,,,,,,,,,,,,,,,,,,,,,,,,,,,,,,,,,,,,,,,,,,,
7357,4400,7839,7299,,0,41,41,41,41,29,29,31,31,36,36,40,40,112,112,1104,1104,1257,1257,1162,1162,1115,1115,1057,1057,999,999,984,984,1052,1052,1084,1084,1096,1096,1169,1169,1115,1115,378,378,234,234,152,152,111,111,61,61,,,,,,,,,,,,,,,,,,,,,,,,,,,,,,,,,,,,,,,,,,,,,,,,
7358,2500,7344,7815,,0,32,32,31,31,22,22,23,23,27,27,31,31,87,87,1202,1202,1301,1301,1272,1272,1269,1269,1154,1154,1120,1120,1073,1073,1135,1135,1184,1184,1167,1167,1248,1248,1203,1203,355,355,214,214,133,133,98,98,58,58,,,,,,,,,,,,,,,,,,,,,,,,,,,,,,,,,,,,,,,,,,,,,,,,
7359,300,7789,,,0,0,0,0,0,0,0,0,0,0,0,0,0,0,0,1,1,1,1,1,1,1,1,1,1,1,1,1,1,1,1,1,1,1,1,1,1,1,1,0,0,0,0,0,0,0,0,0,0,,,,,,,,,,,,,,,,,,,,,,,,,,,,,,,,,,,,,,,,,,,,,,,,
7360,800,7364,,,0,0,0,0,0,0,0,0,0,0,0,0,0,0,0,1,1,1,1,1,1,1,1,1,1,1,1,1,1,1,1,1,1,1,1,1,1,1,1,0,0,0,0,0,0,0,0,0,0,,,,,,,,,,,,,,,,,,,,,,,,,,,,,,,,,,,,,,,,,,,,,,,,
7361,1200,7343,7366,,0,0,0,0,0,0,0,0,0,0,0,0,0,0,0,2,2,3,3,2,2,2,2,2,2,2,2,2,2,2,2,2,2,2,2,2,2,2,2,1,1,0,0,0,0,0,0,0,0,,,,,,,,,,,,,,,,,,,,,,,,,,,,,,,,,,,,,,,,,,,,,,,,
7362,600,7364,7763,,0,0,0,0,0,0,0,0,0,0,0,0,0,0,0,1,1,2,2,1,1,1,1,1,1,1,1,1,1,1,1,1,1,1,1,1,1,1,1,0,0,0,0,0,0,0,0,0,0,,,,,,,,,,,,,,,,,,,,,,,,,,,,,,,,,,,,,,,,,,,,,,,,
7363,1600,7366,7333,,0,0,0,0,0,0,0,0,0,0,0,0,0,0,0,1,1,1,1,1,1,1,1,1,1,1,1,1,1,1,1,1,1,1,1,1,1,1,1,0,0,0,0,0,0,0,0,0,0,,,,,,,,,,,,,,,,,,,,,,,,,,,,,,,,,,,,,,,,,,,,,,,,
7364,300,7360,7362,7370,1,0,0,0,0,0,0,0,0,0,0,0,0,0,0,1,1,1,1,1,1,1,1,1,1,1,1,1,1,1,1,1,1,1,1,1,1,1,1,0,0,0,0,0,0,0,0,0,0,,,,,,,,,,,,,,,,,,,,,,,,,,,,,,,,,,,,,,,,,,,,,,,,
7365,4400,7374,7829,,0,41,41,41,41,29,29,31,31,36,36,40,40,112,112,1104,1104,1257,1257,1162,1162,1115,1115,1057,1057,999,999,984,984,1052,1052,1084,1084,1096,1096,1169,1169,1115,1115,378,378,234,234,152,152,111,111,61,61,,,,,,,,,,,,,,,,,,,,,,,,,,,,,,,,,,,,,,,,,,,,,,,,
7366,1200,7392,7363,7361;7387,2,0,0,0,0,0,0,0,0,0,0,0,0,0,0,1,1,1,1,1,1,1,1,1,1,1,1,1,1,1,1,1,1,1,1,1,1,1,1,0,0,0,0,0,0,0,0,0,0,,,,,,,,,,,,,,,,,,,,,,,,,,,,,,,,,,,,,,,,,,,,,,,,
7367,4400,17174,7725,7907;7556,2,32,32,31,31,22,22,23,23,27,27,31,31,87,87,1202,1202,1301,1301,1272,1272,1269,1269,1154,1154,1120,1120,1073,1073,1135,1135,1184,1184,1167,1167,1248,1248,1203,1203,355,355,214,214,133,133,98,98,58,58,,,,,,,,,,,,,,,,,,,,,,,,,,,,,,,,,,,,,,,,,,,,,,,,
7368,1600,,7791,,0,0,0,0,0,0,0,0,0,0,0,0,0,0,0,2,2,2,2,2,2,2,2,2,2,2,2,1,1,2,2,2,2,2,2,2,2,2,2,1,1,0,0,0,0,0,0,0,0,,,,,,,,,,,,,,,,,,,,,,,,,,,,,,,,,,,,,,,,,,,,,,,,
7369,800,,7786,7787,1,0,0,0,0,0,0,0,0,0,0,0,0,0,0,1,1,1,1,1,1,1,1,1,1,1,1,1,1,1,1,1,1,1,1,1,1,1,1,0,0,0,0,0,0,0,0,0,0,,,,,,,,,,,,,,,,,,,,,,,,,,,,,,,,,,,,,,,,,,,,,,,,
7370,300,7364,,,0,0,0,0,0,0,0,0,0,0,0,0,0,0,0,1,1,1,1,1,1,1,1,1,1,1,1,1,1,1,1,1,1,1,1,1,1,1,1,0,0,0,0,0,0,0,0,0,0,,,,,,,,,,,,,,,,,,,,,,,,,,,,,,,,,,,,,,,,,,,,,,,,
7371,600,7831,,,0,0,0,0,0,0,0,0,0,0,0,0,0,0,0,1,1,1,1,1,1,1,1,1,1,1,1,1,1,1,1,1,1,1,1,1,1,1,1,0,0,0,0,0,0,0,0,0,0,,,,,,,,,,,,,,,,,,,,,,,,,,,,,,,,,,,,,,,,,,,,,,,,
7372,550,7374,7867,,0,41,41,41,41,29,29,31,31,36,36,40,40,112,112,1104,1104,1257,1257,1162,1162,1115,1115,1057,1057,999,999,984,984,1052,1052,1084,1084,1096,1096,1169,1169,1115,1115,378,378,234,234,152,152,111,111,61,61,,,,,,,,,,,,,,,,,,,,,,,,,,,,,,,,,,,,,,,,,,,,,,,,
7373,2000,,7343,,0,41,41,41,41,29,29,31,31,36,36,40,40,112,112,1104,1104,1257,1257,1162,1162,1115,1115,1057,1057,999,999,984,984,1052,1052,1084,1084,1096,1096,1169,1169,1115,1115,378,378,234,234,152,152,111,111,61,61,,,,,,,,,,,,,,,,,,,,,,,,,,,,,,,,,,,,,,,,,,,,,,,,
7374,4400,7384,7365,7354;7836;7372;7452,4,41,41,41,41,29,29,31,31,36,36,40,40,112,112,1104,1104,1257,1257,1162,1162,1115,1115,1057,1057,999,999,984,984,1052,1052,1084,1084,1096,1096,1169,1169,1115,1115,378,378,234,234,152,152,111,111,61,61,,,,,,,,,,,,,,,,,,,,,,,,,,,,,,,,,,,,,,,,,,,,,,,,
7375,1600,7869,7355,,0,0,0,0,0,0,0,0,0,0,0,0,0,0,0,1,1,1,1,1,1,1,1,1,1,1,1,1,1,1,1,1,1,1,1,1,1,1,1,0,0,0,0,0,0,0,0,0,0,,,,,,,,,,,,,,,,,,,,,,,,,,,,,,,,,,,,,,,,,,,,,,,,
7376,800,7355,7385,,0,0,0,0,0,0,0,0,0,0,0,0,0,0,0,2,2,2,2,2,2,2,2,2,2,2,2,2,2,2,2,2,2,2,2,2,2,2,2,1,1,0,0,0,0,0,0,0,0,,,,,,,,,,,,,,,,,,,,,,,,,,,,,,,,,,,,,,,,,,,,,,,,
7377,1200,7831,7819,,0,0,0,0,0,0,0,0,0,0,0,0,0,0,0,1,1,1,1,1,1,1,1,1,1,1,1,1,1,1,1,1,1,1,1,1,1,1,1,0,0,0,0,0,0,0,0,0,0,,,,,,,,,,,,,,,,,,,,,,,,,,,,,,,,,,,,,,,,,,,,,,,,
7378,300,7813,,,0,0,0,0,0,0,0,0,0,0,0,0,0,0,0,3,3,3,3,3,3,3,3,3,3,3,3,3,3,3,3,3,3,3,3,3,3,3,3,1,1,1,1,0,0,0,0,0,0,,,,,,,,,,,,,,,,,,,,,,,,,,,,,,,,,,,,,,,,,,,,,,,,
7379,300,7381,7787,,0,0,0,0,0,0,0,0,0,0,0,0,0,0,0,1,1,1,1,1,1,1,1,1,1,1,1,1,1,1,1,1,1,1,1,1,1,1,1,0,0,0,0,0,0,0,0,0,0,,,,,,,,,,,,,,,,,,,,,,,,,,,,,,,,,,,,,,,,,,,,,,,,
7380,600,7344,7793,,0,0,0,0,0,0,0,0,0,0,0,0,0,0,0,3,3,3,3,3,3,3,3,3,3,3,3,2,2,3,3,3,3,3,3,3,3,3,3,1,1,1,1,0,0,0,0,0,0,,,,,,,,,,,,,,,,,,,,,,,,,,,,,,,,,,,,,,,,,,,,,,,,
7381,800,7427,7788,7379;7389,2,0,0,0,0,0,0,0,0,0,0,0,0,0,0,1,1,1,1,1,1,1,1,1,1,1,1,1,1,1,1,1,1,1,1,1,1,1,1,0,0,0,0,0,0,0,0,0,0,,,,,,,,,,,,,,,,,,,,,,,,,,,,,,,,,,,,,,,,,,,,,,,,
7382,800,7829,7867,,0,0,0,0,0,0,0,0,0,0,0,0,0,0,0,2,2,2,2,2,2,2,2,2,2,2,2,2,2,2,2,2,2,2,2,2,2,2,2,1,1,0,0,0,0,0,0,0,0,,,,,,,,,,,,,,,,,,,,,,,,,,,,,,,,,,,,,,,,,,,,,,,,
7383,300,,7641,,0,0,0,0,0,0,0,0,0,0,0,0,0,0,0,2,2,2,2,2,2,2,2,2,2,2,2,2,2,2,2,2,2,2,2,2,2,2,2,1,1,0,0,0,0,0,0,0,0,,,,,,,,,,,,,,,,,,,,,,,,,,,,,,,,,,,,,,,,,,,,,,,,
7384,4400,7374,7937,,0,41,41,41,41,29,29,31,31,36,36,40,40,112,112,1104,1104,1257,1257,1162,1162,1115,1115,1057,1057,999,999,984,984,1052,1052,1084,1084,1096,1096,1169,1169,1115,1115,378,378,234,234,152,152,111,111,61,61,,,,,,,,,,,,,,,,,,,,,,,,,,,,,,,,,,,,,,,,,,,,,,,,
7385,800,7376,7659,7936;7397,2,0,0,0,0,0,0,0,0,0,0,0,0,0,0,2,2,3,3,3,3,2,2,2,2,2,2,2,2,2,2,2,2,2,2,3,3,2,2,1,1,1,1,0,0,0,0,0,0,,,,,,,,,,,,,,,,,,,,,,,,,,,,,,,,,,,,,,,,,,,,,,,,
7386,400,,7711,,0,0,0,0,0,0,0,0,0,0,0,0,0,0,0,3,3,3,3,3,3,3,3,3,3,2,2,2,2,3,3,3,3,3,3,3,3,3,3,1,1,1,1,0,0,0,0,0,0,,,,,,,,,,,,,,,,,,,,,,,,,,,,,,,,,,,,,,,,,,,,,,,,
7387,1200,7391,7366,,0,0,0,0,0,0,0,0,0,0,0,0,0,0,0,1,1,2,2,1,1,1,1,1,1,1,1,1,1,1,1,1,1,1,1,1,1,1,1,0,0,0,0,0,0,0,0,0,0,,,,,,,,,,,,,,,,,,,,,,,,,,,,,,,,,,,,,,,,,,,,,,,,
7388,800,7356,7869,,0,0,0,0,0,0,0,0,0,0,0,0,0,0,0,1,1,1,1,1,1,1,1,1,1,1,1,1,1,1,1,1,1,1,1,1,1,1,1,0,0,0,0,0,0,0,0,0,0,,,,,,,,,,,,,,,,,,,,,,,,,,,,,,,,,,,,,,,,,,,,,,,,
7389,1600,7396,7381,,0,0,0,0,0,0,0,0,0,0,0,0,0,0,0,1,1,1,1,1,1,1,1,1,1,1,1,1,1,1,1,1,1,1,1,1,1,1,1,0,0,0,0,0,0,0,0,0,0,,,,,,,,,,,,,,,,,,,,,,,,,,,,,,,,,,,,,,,,,,,,,,,,
7390,2000,7391,7356,,0,41,41,41,41,29,29,31,31,36,36,40,40,112,112,1104,1104,1257,1257,1162,1162,1115,1115,1057,1057,999,999,984,984,1052,1052,1084,1084,1096,1096,1169,1169,1115,1115,378,378,234,234,152,152,111,111,61,61,,,,,,,,,,,,,,,,,,,,,,,,,,,,,,,,,,,,,,,,,,,,,,,,
7391,1200,7402,7390,7387;7398,2,0,0,0,0,0,0,0,0,0,0,0,0,0,0,2,2,2,2,2,2,2,2,2,2,2,2,2,2,2,2,2,2,2,2,2,2,2,2,1,1,0,0,0,0,0,0,0,0,,,,,,,,,,,,,,,,,,,,,,,,,,,,,,,,,,,,,,,,,,,,,,,,
7392,2500,7709,7366,,0,41,41,41,41,29,29,31,31,36,36,40,40,112,112,1104,1104,1257,1257,1162,1162,1115,1115,1057,1057,999,999,984,984,1052,1052,1084,1084,1096,1096,1169,1169,1115,1115,378,378,234,234,152,152,111,111,61,61,,,,,,,,,,,,,,,,,,,,,,,,,,,,,,,,,,,,,,,,,,,,,,,,
7393,1200,7652,,,0,0,0,0,0,0,0,0,0,0,0,0,0,0,0,3,3,3,3,3,3,3,3,3,3,3,3,3,3,3,3,3,3,3,3,3,3,3,3,1,1,1,1,0,0,0,0,0,0,,,,,,,,,,,,,,,,,,,,,,,,,,,,,,,,,,,,,,,,,,,,,,,,
7394,600,7651,,,0,0,0,0,0,0,0,0,0,0,0,0,0,0,0,2,2,2,2,2,2,2,2,2,2,2,2,2,2,2,2,2,2,2,2,2,2,2,2,1,1,0,0,0,0,0,0,0,0,,,,,,,,,,,,,,,,,,,,,,,,,,,,,,,,,,,,,,,,,,,,,,,,
7395,1200,7937,7637,,0,0,0,0,0,0,0,0,0,0,0,0,0,0,0,2,2,2,2,2,2,2,2,2,2,2,2,2,2,2,2,2,2,2,2,2,2,2,2,1,1,0,0,0,0,0,0,0,0,,,,,,,,,,,,,,,,,,,,,,,,,,,,,,,,,,,,,,,,,,,,,,,,
7396,400,7389,,,0,0,0,0,0,0,0,0,0,0,0,0,0,0,0,2,2,2,2,2,2,2,2,2,2,2,2,2,2,2,2,2,2,2,2,2,2,2,2,1,1,0,0,0,0,0,0,0,0,,,,,,,,,,,,,,,,,,,,,,,,,,,,,,,,,,,,,,,,,,,,,,,,
7397,4400,7399,7385,,0,41,41,41,41,29,29,31,31,36,36,40,40,112,112,1104,1104,1257,1257,1162,1162,1115,1115,1057,1057,999,999,984,984,1052,1052,1084,1084,1096,1096,1169,1169,1115,1115,378,378,234,234,152,152,111,111,61,61,,,,,,,,,,,,,,,,,,,,,,,,,,,,,,,,,,,,,,,,,,,,,,,,
7398,800,7714,7391,,0,0,0,0,0,0,0,0,0,0,0,0,0,0,0,2,2,3,3,2,2,2,2,2,2,2,2,2,2,2,2,2,2,2,2,2,2,2,2,1,1,1,1,0,0,0,0,0,0,,,,,,,,,,,,,,,,,,,,,,,,,,,,,,,,,,,,,,,,,,,,,,,,
7399,800,7868,7414,7397;7409,2,0,0,0,0,0,0,0,0,0,0,0,0,0,0,2,2,2,2,2,2,2,2,2,2,2,2,2,2,2,2,2,2,2,2,2,2,2,2,1,1,0,0,0,0,0,0,0,0,,,,,,,,,,,,,,,,,,,,,,,,,,,,,,,,,,,,,,,,,,,,,,,,
74,800,380,52,,0,0,0,0,0,0,0,0,0,0,0,0,0,1,1,6,6,7,7,7,7,6,6,6,6,5,5,6,6,6,6,6,6,6,6,6,6,6,6,3,3,2,2,1,1,1,1,0,0,,,,,,,,,,,,,,,,,,,,,,,,,,,,,,,,,,,,,,,,,,,,,,,,
7400,1200,7585,7575,,0,0,0,0,0,0,0,0,0,0,0,0,0,0,0,2,2,2,2,2,2,2,2,2,2,2,2,2,2,2,2,2,2,2,2,2,2,2,2,1,1,0,0,0,0,0,0,0,0,,,,,,,,,,,,,,,,,,,,,,,,,,,,,,,,,,,,,,,,,,,,,,,,
7401,800,7649,,,0,0,0,0,0,0,0,0,0,0,0,0,0,0,0,3,3,3,3,3,3,3,3,3,3,2,2,2,2,3,3,3,3,3,3,3,3,3,3,1,1,1,1,0,0,0,0,0,0,,,,,,,,,,,,,,,,,,,,,,,,,,,,,,,,,,,,,,,,,,,,,,,,
7402,1600,7391,7713,,0,0,0,0,0,0,0,0,0,0,0,0,0,0,0,3,3,3,3,3,3,3,3,3,3,2,2,2,2,3,3,3,3,3,3,3,3,3,3,1,1,1,1,0,0,0,0,0,0,,,,,,,,,,,,,,,,,,,,,,,,,,,,,,,,,,,,,,,,,,,,,,,,
7403,4000,7654,7652,,0,32,32,31,31,22,22,23,23,27,27,31,31,87,87,1202,1202,1301,1301,1272,1272,1269,1269,1154,1154,1120,1120,1073,1073,1135,1135,1184,1184,1167,1167,1248,1248,1203,1203,355,355,214,214,133,133,98,98,58,58,,,,,,,,,,,,,,,,,,,,,,,,,,,,,,,,,,,,,,,,,,,,,,,,
7404,400,7654,7635,,0,0,0,0,0,0,0,0,0,0,0,0,0,0,0,2,2,2,2,2,2,2,2,2,2,2,2,2,2,2,2,2,2,2,2,2,2,2,2,1,1,0,0,0,0,0,0,0,0,,,,,,,,,,,,,,,,,,,,,,,,,,,,,,,,,,,,,,,,,,,,,,,,
7405,1200,10942,7709,,0,0,0,0,0,0,0,0,0,0,0,0,0,0,0,3,3,3,3,3,3,3,3,3,3,2,2,2,2,3,3,3,3,3,3,3,3,3,3,1,1,1,1,0,0,0,0,0,0,,,,,,,,,,,,,,,,,,,,,,,,,,,,,,,,,,,,,,,,,,,,,,,,
7406,1600,7557,7725,,0,0,0,0,0,0,0,0,0,0,0,0,0,0,0,3,3,3,3,3,3,3,3,3,3,3,3,3,3,3,3,3,3,3,3,3,3,3,3,1,1,1,1,0,0,0,0,0,0,,,,,,,,,,,,,,,,,,,,,,,,,,,,,,,,,,,,,,,,,,,,,,,,
7407,300,,7583,,0,0,0,0,0,0,0,0,0,0,0,0,0,0,0,1,1,2,2,2,2,2,2,1,1,1,1,1,1,1,1,1,1,1,1,2,2,1,1,1,1,0,0,0,0,0,0,0,0,,,,,,,,,,,,,,,,,,,,,,,,,,,,,,,,,,,,,,,,,,,,,,,,
7408,1200,7334,7819,,0,0,0,0,0,0,0,0,0,0,0,0,0,0,0,1,1,1,1,1,1,1,1,1,1,1,1,1,1,1,1,1,1,1,1,1,1,1,1,0,0,0,0,0,0,0,0,0,0,,,,,,,,,,,,,,,,,,,,,,,,,,,,,,,,,,,,,,,,,,,,,,,,
7409,4000,7399,7714,,0,67,67,70,70,49,49,53,53,62,62,67,67,186,186,910,910,1134,1134,1023,1023,977,977,900,900,812,812,861,861,864,864,851,851,886,886,939,939,854,854,524,524,336,336,227,227,165,165,84,84,,,,,,,,,,,,,,,,,,,,,,,,,,,,,,,,,,,,,,,,,,,,,,,,
7410,1200,7424,7708,7716;7422,2,0,0,0,0,0,0,0,0,0,0,0,0,0,0,1,1,1,1,1,1,1,1,1,1,1,1,1,1,1,1,1,1,1,1,1,1,1,1,0,0,0,0,0,0,0,0,0,0,,,,,,,,,,,,,,,,,,,,,,,,,,,,,,,,,,,,,,,,,,,,,,,,
7411,3500,7586,7412,7587,1,32,32,31,31,22,22,23,23,27,27,31,31,87,87,1202,1202,1301,1301,1272,1272,1269,1269,1154,1154,1120,1120,1073,1073,1135,1135,1184,1184,1167,1167,1248,1248,1203,1203,355,355,214,214,133,133,98,98,58,58,,,,,,,,,,,,,,,,,,,,,,,,,,,,,,,,,,,,,,,,,,,,,,,,
7412,300,7411,7413,7648;7626,2,0,0,0,0,0,0,0,0,0,0,0,0,0,0,3,3,4,4,3,3,3,3,3,3,3,3,3,3,3,3,3,3,3,3,3,3,3,3,1,1,1,1,1,1,0,0,0,0,,,,,,,,,,,,,,,,,,,,,,,,,,,,,,,,,,,,,,,,,,,,,,,,
7413,300,,7412,,0,0,0,0,0,0,0,0,0,0,0,0,0,1,1,5,5,7,7,6,6,6,6,5,5,5,5,5,5,5,5,5,5,5,5,6,6,5,5,3,3,2,2,1,1,1,1,0,0,,,,,,,,,,,,,,,,,,,,,,,,,,,,,,,,,,,,,,,,,,,,,,,,
7414,800,7399,7417,,0,0,0,0,0,0,0,0,0,0,0,0,0,0,0,3,3,3,3,3,3,3,3,3,3,2,2,2,2,3,3,3,3,3,3,3,3,3,3,1,1,1,1,0,0,0,0,0,0,,,,,,,,,,,,,,,,,,,,,,,,,,,,,,,,,,,,,,,,,,,,,,,,
7415,600,7585,,,0,0,0,0,0,0,0,0,0,0,0,0,0,0,0,1,1,1,1,1,1,1,1,1,1,1,1,1,1,1,1,1,1,1,1,1,1,1,1,1,1,0,0,0,0,0,0,0,0,,,,,,,,,,,,,,,,,,,,,,,,,,,,,,,,,,,,,,,,,,,,,,,,
7416,800,7573,,,0,0,0,0,0,0,0,0,0,0,0,0,0,1,1,4,4,4,4,4,4,4,4,4,4,3,3,4,4,4,4,4,4,4,4,4,4,4,4,2,2,1,1,1,1,1,1,0,0,,,,,,,,,,,,,,,,,,,,,,,,,,,,,,,,,,,,,,,,,,,,,,,,
7417,800,7418,7421,7414;7429,2,0,0,0,0,0,0,0,0,0,0,0,0,0,0,0,0,1,1,0,0,0,0,0,0,0,0,0,0,0,0,0,0,0,0,0,0,0,0,0,0,0,0,0,0,0,0,0,0,,,,,,,,,,,,,,,,,,,,,,,,,,,,,,,,,,,,,,,,,,,,,,,,
7418,800,7417,7660,,0,0,0,0,0,0,0,0,0,0,0,0,0,0,0,1,1,1,1,1,1,1,1,1,1,1,1,1,1,1,1,1,1,1,1,1,1,1,1,0,0,0,0,0,0,0,0,0,0,,,,,,,,,,,,,,,,,,,,,,,,,,,,,,,,,,,,,,,,,,,,,,,,
7419,800,,7627,,0,0,0,0,0,0,0,0,0,0,0,0,0,0,0,1,1,2,2,2,2,2,2,1,1,1,1,1,1,1,1,1,1,1,1,1,1,1,1,1,1,0,0,0,0,0,0,0,0,,,,,,,,,,,,,,,,,,,,,,,,,,,,,,,,,,,,,,,,,,,,,,,,
7420,800,,7627,,0,33,33,31,31,22,22,23,23,26,26,31,31,88,88,1055,1055,1119,1119,1058,1058,1080,1080,966,966,980,980,861,861,1008,1008,1021,1021,988,988,1080,1080,1096,1096,421,421,249,249,150,150,110,110,68,68,,,,,,,,,,,,,,,,,,,,,,,,,,,,,,,,,,,,,,,,,,,,,,,,
7421,1200,7417,7704,,0,0,0,0,0,0,0,0,0,0,0,0,0,0,0,1,1,1,1,1,1,1,1,1,1,1,1,1,1,1,1,1,1,1,1,1,1,1,1,0,0,0,0,0,0,0,0,0,0,,,,,,,,,,,,,,,,,,,,,,,,,,,,,,,,,,,,,,,,,,,,,,,,
7422,1200,7706,7410,,0,0,0,0,0,0,0,0,0,0,0,0,0,0,0,1,1,1,1,1,1,1,1,1,1,1,1,1,1,1,1,1,1,1,1,1,1,1,1,1,1,0,0,0,0,0,0,0,0,,,,,,,,,,,,,,,,,,,,,,,,,,,,,,,,,,,,,,,,,,,,,,,,
7423,800,7707,7432,7705;7450,2,0,0,0,0,0,0,0,0,0,0,0,0,0,0,3,3,3,3,3,3,3,3,2,2,2,2,2,2,2,2,3,3,3,3,3,3,3,3,1,1,1,1,0,0,0,0,0,0,,,,,,,,,,,,,,,,,,,,,,,,,,,,,,,,,,,,,,,,,,,,,,,,
7424,1200,7410,7704,,0,0,0,0,0,0,0,0,0,0,0,0,0,0,0,1,1,1,1,1,1,1,1,1,1,1,1,1,1,1,1,1,1,1,1,1,1,1,1,0,0,0,0,0,0,0,0,0,0,,,,,,,,,,,,,,,,,,,,,,,,,,,,,,,,,,,,,,,,,,,,,,,,
7425,500,7633,7647,,0,36,36,36,36,26,26,27,27,32,32,35,35,99,99,1130,1130,1253,1253,1218,1218,1203,1203,1099,1099,1048,1048,1034,1034,1066,1066,1110,1110,1105,1105,1175,1175,1113,1113,353,353,217,217,139,139,102,102,57,57,,,,,,,,,,,,,,,,,,,,,,,,,,,,,,,,,,,,,,,,,,,,,,,,
7426,300,7625,7623,,0,0,0,0,0,0,0,0,0,0,0,0,0,1,1,3,3,4,4,4,4,4,4,3,3,3,3,3,3,3,3,3,3,3,3,3,3,3,3,2,2,1,1,1,1,0,0,0,0,,,,,,,,,,,,,,,,,,,,,,,,,,,,,,,,,,,,,,,,,,,,,,,,
7427,800,7381,7587,,0,0,0,0,0,0,0,0,0,0,0,0,0,0,0,2,2,2,2,2,2,2,2,2,2,2,2,1,1,2,2,2,2,2,2,2,2,2,2,1,1,0,0,0,0,0,0,0,0,,,,,,,,,,,,,,,,,,,,,,,,,,,,,,,,,,,,,,,,,,,,,,,,
7428,800,7631,7616,,0,0,0,0,0,0,0,0,0,0,0,0,0,1,1,5,5,7,7,6,6,6,6,5,5,5,5,5,5,5,5,5,5,5,5,6,6,5,5,3,3,2,2,1,1,1,1,0,0,,,,,,,,,,,,,,,,,,,,,,,,,,,,,,,,,,,,,,,,,,,,,,,,
7429,1200,7668,7417,,0,0,0,0,0,0,0,0,0,0,0,0,0,0,0,1,1,1,1,1,1,1,1,1,1,1,1,1,1,1,1,1,1,1,1,1,1,1,1,0,0,0,0,0,0,0,0,0,0,,,,,,,,,,,,,,,,,,,,,,,,,,,,,,,,,,,,,,,,,,,,,,,,
7430,800,7599,7579,,0,53,53,55,55,38,38,42,42,48,48,53,53,146,146,715,715,891,891,804,804,768,768,707,707,638,638,676,676,679,679,669,669,696,696,738,738,671,671,411,411,264,264,178,178,130,130,66,66,,,,,,,,,,,,,,,,,,,,,,,,,,,,,,,,,,,,,,,,,,,,,,,,
7431,800,7569,,,0,0,0,0,0,0,0,0,0,0,0,0,0,1,1,4,4,4,4,4,4,4,4,4,4,3,3,3,3,3,3,4,4,4,4,4,4,4,4,2,2,1,1,1,1,1,1,0,0,,,,,,,,,,,,,,,,,,,,,,,,,,,,,,,,,,,,,,,,,,,,,,,,
7432,1200,7423,,,0,0,0,0,0,0,0,0,0,0,0,0,0,0,0,2,2,2,2,2,2,2,2,2,2,1,1,1,1,2,2,2,2,2,2,2,2,2,2,1,1,0,0,0,0,0,0,0,0,,,,,,,,,,,,,,,,,,,,,,,,,,,,,,,,,,,,,,,,,,,,,,,,
7433,500,7621,7623,,0,54,54,56,56,39,39,42,42,50,50,54,54,149,149,956,956,1147,1147,1075,1075,1033,1033,954,954,866,866,918,918,901,901,917,917,943,943,993,993,901,901,419,419,269,269,182,182,132,132,67,67,,,,,,,,,,,,,,,,,,,,,,,,,,,,,,,,,,,,,,,,,,,,,,,,
7434,1200,7672,,,0,0,0,0,0,0,0,0,0,0,0,0,0,0,0,2,2,2,2,2,2,2,2,2,2,1,1,1,1,2,2,2,2,2,2,2,2,2,2,1,1,0,0,0,0,0,0,0,0,,,,,,,,,,,,,,,,,,,,,,,,,,,,,,,,,,,,,,,,,,,,,,,,
7435,1600,,7577,,0,0,0,0,0,0,0,0,0,0,0,0,0,0,0,2,2,2,2,2,2,2,2,2,2,2,2,2,2,2,2,2,2,2,2,2,2,2,2,1,1,1,1,0,0,0,0,0,0,,,,,,,,,,,,,,,,,,,,,,,,,,,,,,,,,,,,,,,,,,,,,,,,
7436,800,7637,7647,,0,33,33,31,31,22,22,23,23,26,26,31,31,88,88,1055,1055,1119,1119,1058,1058,1080,1080,966,966,980,980,861,861,1008,1008,1021,1021,988,988,1080,1080,1096,1096,421,421,249,249,150,150,110,110,68,68,,,,,,,,,,,,,,,,,,,,,,,,,,,,,,,,,,,,,,,,,,,,,,,,
7437,1200,7440,7662,,0,53,53,55,55,38,38,42,42,48,48,53,53,146,146,715,715,891,891,804,804,768,768,707,707,638,638,676,676,679,679,669,669,696,696,738,738,671,671,411,411,264,264,178,178,130,130,66,66,,,,,,,,,,,,,,,,,,,,,,,,,,,,,,,,,,,,,,,,,,,,,,,,
7438,400,7629,7440,,0,0,0,0,0,0,0,0,0,0,0,0,0,0,0,2,2,3,3,2,2,2,2,2,2,2,2,2,2,2,2,2,2,2,2,2,2,2,2,1,1,1,1,0,0,0,0,0,0,,,,,,,,,,,,,,,,,,,,,,,,,,,,,,,,,,,,,,,,,,,,,,,,
7439,1600,7680,7706,,0,0,0,0,0,0,0,0,0,0,0,0,0,0,0,1,1,1,1,1,1,1,1,1,1,1,1,1,1,1,1,1,1,1,1,1,1,1,1,0,0,0,0,0,0,0,0,0,0,,,,,,,,,,,,,,,,,,,,,,,,,,,,,,,,,,,,,,,,,,,,,,,,
7440,1100,7437,7459,7646;7438,2,36,36,36,36,26,26,27,27,32,32,35,35,99,99,1130,1130,1253,1253,1218,1218,1203,1203,1099,1099,1048,1048,1034,1034,1066,1066,1110,1110,1105,1105,1175,1175,1113,1113,353,353,217,217,139,139,102,102,57,57,,,,,,,,,,,,,,,,,,,,,,,,,,,,,,,,,,,,,,,,,,,,,,,,
7441,800,7601,7621,,0,53,53,55,55,38,38,42,42,48,48,53,53,146,146,715,715,891,891,804,804,768,768,707,707,638,638,676,676,679,679,669,669,696,696,738,738,671,671,411,411,264,264,178,178,130,130,66,66,,,,,,,,,,,,,,,,,,,,,,,,,,,,,,,,,,,,,,,,,,,,,,,,
7442,800,,7666,,0,0,0,0,0,0,0,0,0,0,0,0,0,0,0,2,2,2,2,2,2,2,2,2,2,2,2,2,2,2,2,2,2,2,2,2,2,2,2,1,1,0,0,0,0,0,0,0,0,,,,,,,,,,,,,,,,,,,,,,,,,,,,,,,,,,,,,,,,,,,,,,,,
7443,1600,7680,,,0,0,0,0,0,0,0,0,0,0,0,0,0,0,0,2,2,2,2,2,2,2,2,2,2,2,2,2,2,2,2,2,2,2,2,2,2,2,2,1,1,1,1,0,0,0,0,0,0,,,,,,,,,,,,,,,,,,,,,,,,,,,,,,,,,,,,,,,,,,,,,,,,
7444,400,7559,7470,,0,0,0,0,0,0,0,0,0,0,0,0,0,1,1,4,4,5,5,4,4,4,4,4,4,4,4,4,4,4,4,4,4,4,4,4,4,4,4,2,2,1,1,1,1,1,1,0,0,,,,,,,,,,,,,,,,,,,,,,,,,,,,,,,,,,,,,,,,,,,,,,,,
7445,1200,7700,,,0,0,0,0,0,0,0,0,0,0,0,0,0,0,0,2,2,2,2,2,2,2,2,2,2,2,2,2,2,2,2,2,2,2,2,2,2,2,2,1,1,1,1,0,0,0,0,0,0,,,,,,,,,,,,,,,,,,,,,,,,,,,,,,,,,,,,,,,,,,,,,,,,
7446,300,,7682,,0,0,0,0,0,0,0,0,0,0,0,0,0,0,0,3,3,3,3,3,3,3,3,3,3,3,3,3,3,3,3,3,3,3,3,3,3,3,3,1,1,1,1,0,0,0,0,0,0,,,,,,,,,,,,,,,,,,,,,,,,,,,,,,,,,,,,,,,,,,,,,,,,
7447,800,7593,,,0,0,0,0,0,0,0,0,0,0,0,0,0,0,0,2,2,3,3,3,3,3,3,2,2,2,2,2,2,2,2,2,2,2,2,2,2,2,2,1,1,1,1,0,0,0,0,0,0,,,,,,,,,,,,,,,,,,,,,,,,,,,,,,,,,,,,,,,,,,,,,,,,
7448,800,7455,7617,,0,0,0,0,0,0,0,0,0,0,0,0,0,1,1,5,5,7,7,6,6,6,6,5,5,5,5,5,5,5,5,5,5,5,5,6,6,5,5,3,3,2,2,1,1,1,1,0,0,,,,,,,,,,,,,,,,,,,,,,,,,,,,,,,,,,,,,,,,,,,,,,,,
7449,300,7601,7599,,0,0,0,0,0,0,0,0,0,0,0,0,0,0,0,2,2,2,2,2,2,2,2,2,2,2,2,2,2,2,2,2,2,2,2,2,2,2,2,1,1,1,1,0,0,0,0,0,0,,,,,,,,,,,,,,,,,,,,,,,,,,,,,,,,,,,,,,,,,,,,,,,,
7450,800,7423,7702,,0,0,0,0,0,0,0,0,0,0,0,0,0,0,0,3,3,4,4,4,4,4,4,3,3,3,3,3,3,3,3,3,3,3,3,4,4,3,3,1,1,1,1,1,1,0,0,0,0,,,,,,,,,,,,,,,,,,,,,,,,,,,,,,,,,,,,,,,,,,,,,,,,
7451,800,,7595,,0,0,0,0,0,0,0,0,0,0,0,0,0,0,0,2,2,2,2,2,2,2,2,2,2,2,2,2,2,2,2,2,2,2,2,2,2,2,2,1,1,0,0,0,0,0,0,0,0,,,,,,,,,,,,,,,,,,,,,,,,,,,,,,,,,,,,,,,,,,,,,,,,
7452,4400,7374,7639,,0,42,42,39,39,28,28,29,29,34,34,39,39,112,112,1343,1343,1424,1424,1347,1347,1375,1375,1229,1229,1247,1247,1096,1096,1282,1282,1299,1299,1257,1257,1375,1375,1394,1394,536,536,316,316,190,190,140,140,87,87,,,,,,,,,,,,,,,,,,,,,,,,,,,,,,,,,,,,,,,,,,,,,,,,
7453,2500,7454,,,0,54,54,56,56,39,39,42,42,50,50,54,54,149,149,956,956,1147,1147,1075,1075,1033,1033,954,954,866,866,918,918,901,901,917,917,943,943,993,993,901,901,419,419,269,269,182,182,132,132,67,67,,,,,,,,,,,,,,,,,,,,,,,,,,,,,,,,,,,,,,,,,,,,,,,,
7454,600,7600,7473,7453;7602,2,0,0,0,0,0,0,0,0,0,0,0,0,1,1,5,5,5,5,5,5,5,5,4,4,4,4,4,4,4,4,4,4,4,4,5,5,4,4,2,2,1,1,1,1,1,1,0,0,,,,,,,,,,,,,,,,,,,,,,,,,,,,,,,,,,,,,,,,,,,,,,,,
7455,800,7642,7448,7628;7526,2,0,0,0,0,0,0,0,0,0,0,0,0,1,1,5,5,7,7,6,6,6,6,5,5,5,5,5,5,5,5,5,5,5,5,6,6,5,5,3,3,2,2,1,1,1,1,0,0,,,,,,,,,,,,,,,,,,,,,,,,,,,,,,,,,,,,,,,,,,,,,,,,
7456,3000,,7658,,0,36,36,36,36,26,26,27,27,32,32,35,35,99,99,1130,1130,1253,1253,1218,1218,1203,1203,1099,1099,1048,1048,1034,1034,1066,1066,1110,1110,1105,1105,1175,1175,1113,1113,353,353,217,217,139,139,102,102,57,57,,,,,,,,,,,,,,,,,,,,,,,,,,,,,,,,,,,,,,,,,,,,,,,,
7457,4400,7229,7797,7339;7331,2,42,42,39,39,28,28,29,29,34,34,39,39,112,112,1343,1343,1424,1424,1347,1347,1375,1375,1229,1229,1247,1247,1096,1096,1282,1282,1299,1299,1257,1257,1375,1375,1394,1394,536,536,316,316,190,190,140,140,87,87,,,,,,,,,,,,,,,,,,,,,,,,,,,,,,,,,,,,,,,,,,,,,,,,
7458,4400,7670,7718,,0,36,36,36,36,26,26,27,27,32,32,35,35,99,99,1130,1130,1253,1253,1218,1218,1203,1203,1099,1099,1048,1048,1034,1034,1066,1066,1110,1110,1105,1105,1175,1175,1113,1113,353,353,217,217,139,139,102,102,57,57,,,,,,,,,,,,,,,,,,,,,,,,,,,,,,,,,,,,,,,,,,,,,,,,
7459,4400,7465,7645,7440,1,36,36,36,36,26,26,27,27,32,32,35,35,99,99,1130,1130,1253,1253,1218,1218,1203,1203,1099,1099,1048,1048,1034,1034,1066,1066,1110,1110,1105,1105,1175,1175,1113,1113,353,353,217,217,139,139,102,102,57,57,,,,,,,,,,,,,,,,,,,,,,,,,,,,,,,,,,,,,,,,,,,,,,,,
7460,500,7694,,,0,36,36,36,36,26,26,27,27,32,32,35,35,99,99,1130,1130,1253,1253,1218,1218,1203,1203,1099,1099,1048,1048,1034,1034,1066,1066,1110,1110,1105,1105,1175,1175,1113,1113,353,353,217,217,139,139,102,102,57,57,,,,,,,,,,,,,,,,,,,,,,,,,,,,,,,,,,,,,,,,,,,,,,,,
7461,1200,,7684,,0,0,0,0,0,0,0,0,0,0,0,0,0,0,0,3,3,3,3,3,3,3,3,3,3,3,3,3,3,3,3,3,3,3,3,3,3,3,3,1,1,1,1,0,0,0,0,0,0,,,,,,,,,,,,,,,,,,,,,,,,,,,,,,,,,,,,,,,,,,,,,,,,
7462,300,,7718,,0,0,0,0,0,0,0,0,0,0,0,0,0,0,0,2,2,2,2,2,2,2,2,2,2,2,2,2,2,2,2,2,2,2,2,2,2,2,2,1,1,0,0,0,0,0,0,0,0,,,,,,,,,,,,,,,,,,,,,,,,,,,,,,,,,,,,,,,,,,,,,,,,
7463,1600,7722,,,0,0,0,0,0,0,0,0,0,0,0,0,0,0,0,3,3,3,3,3,3,3,3,3,3,3,3,3,3,3,3,3,3,3,3,3,3,3,3,1,1,1,1,0,0,0,0,0,0,,,,,,,,,,,,,,,,,,,,,,,,,,,,,,,,,,,,,,,,,,,,,,,,
7464,800,,,,0,0,0,0,0,0,0,0,0,0,0,0,0,0,0,2,2,2,2,2,2,2,2,2,2,2,2,2,2,2,2,2,2,2,2,2,2,2,2,1,1,1,1,0,0,0,0,0,0,,,,,,,,,,,,,,,,,,,,,,,,,,,,,,,,,,,,,,,,,,,,,,,,
7465,800,7688,7459,,0,0,0,0,0,0,0,0,0,0,0,0,0,0,0,2,2,3,3,2,2,2,2,2,2,2,2,2,2,2,2,2,2,2,2,2,2,2,2,1,1,1,1,0,0,0,0,0,0,,,,,,,,,,,,,,,,,,,,,,,,,,,,,,,,,,,,,,,,,,,,,,,,
7466,800,7681,,,0,0,0,0,0,0,0,0,0,0,0,0,0,0,0,2,2,2,2,2,2,2,2,2,2,2,2,2,2,2,2,2,2,2,2,2,2,2,2,1,1,0,0,0,0,0,0,0,0,,,,,,,,,,,,,,,,,,,,,,,,,,,,,,,,,,,,,,,,,,,,,,,,
7467,1600,,7684,,0,0,0,0,0,0,0,0,0,0,0,0,0,0,0,2,2,3,3,2,2,2,2,2,2,2,2,2,2,2,2,2,2,2,2,2,2,2,2,1,1,1,1,0,0,0,0,0,0,,,,,,,,,,,,,,,,,,,,,,,,,,,,,,,,,,,,,,,,,,,,,,,,
7468,2500,7613,7617,,0,54,54,56,56,39,39,42,42,50,50,54,54,149,149,956,956,1147,1147,1075,1075,1033,1033,954,954,866,866,918,918,901,901,917,917,943,943,993,993,901,901,419,419,269,269,182,182,132,132,67,67,,,,,,,,,,,,,,,,,,,,,,,,,,,,,,,,,,,,,,,,,,,,,,,,
7469,1200,7605,7595,,0,0,0,0,0,0,0,0,0,0,0,0,0,0,0,1,1,2,2,2,2,1,1,1,1,1,1,1,1,1,1,1,1,1,1,1,1,1,1,1,1,0,0,0,0,0,0,0,0,,,,,,,,,,,,,,,,,,,,,,,,,,,,,,,,,,,,,,,,,,,,,,,,
7470,1200,7476,7444,,0,0,0,0,0,0,0,0,0,0,0,0,0,0,0,2,2,3,3,3,3,3,3,2,2,2,2,2,2,2,2,2,2,2,2,2,2,2,2,1,1,1,1,0,0,0,0,0,0,,,,,,,,,,,,,,,,,,,,,,,,,,,,,,,,,,,,,,,,,,,,,,,,
7471,1200,7656,7686,,0,33,33,31,31,22,22,23,23,26,26,31,31,88,88,1055,1055,1119,1119,1058,1058,1080,1080,966,966,980,980,861,861,1008,1008,1021,1021,988,988,1080,1080,1096,1096,421,421,249,249,150,150,110,110,68,68,,,,,,,,,,,,,,,,,,,,,,,,,,,,,,,,,,,,,,,,,,,,,,,,
7472,4400,7557,7555,,0,54,54,56,56,39,39,42,42,50,50,54,54,149,149,956,956,1147,1147,1075,1075,1033,1033,954,954,866,866,918,918,901,901,917,917,943,943,993,993,901,901,419,419,269,269,182,182,132,132,67,67,,,,,,,,,,,,,,,,,,,,,,,,,,,,,,,,,,,,,,,,,,,,,,,,
7473,600,7613,7454,,0,0,0,0,0,0,0,0,0,0,0,0,0,1,1,4,4,5,5,4,4,4,4,4,4,4,4,4,4,4,4,4,4,4,4,4,4,4,4,2,2,1,1,1,1,1,1,0,0,,,,,,,,,,,,,,,,,,,,,,,,,,,,,,,,,,,,,,,,,,,,,,,,
7474,300,,7607,,0,0,0,0,0,0,0,0,0,0,0,0,0,0,0,2,2,2,2,2,2,2,2,2,2,2,2,2,2,2,2,2,2,2,2,2,2,2,2,1,1,0,0,0,0,0,0,0,0,,,,,,,,,,,,,,,,,,,,,,,,,,,,,,,,,,,,,,,,,,,,,,,,
7475,4400,7645,7688,,0,36,36,36,36,26,26,27,27,32,32,35,35,99,99,1130,1130,1253,1253,1218,1218,1203,1203,1099,1099,1048,1048,1034,1034,1066,1066,1110,1110,1105,1105,1175,1175,1113,1113,353,353,217,217,139,139,102,102,57,57,,,,,,,,,,,,,,,,,,,,,,,,,,,,,,,,,,,,,,,,,,,,,,,,
7476,400,7561,7470,,0,0,0,0,0,0,0,0,0,0,0,0,0,1,1,4,4,5,5,5,5,5,5,4,4,4,4,4,4,4,4,4,4,4,4,5,5,4,4,2,2,1,1,1,1,1,1,0,0,,,,,,,,,,,,,,,,,,,,,,,,,,,,,,,,,,,,,,,,,,,,,,,,
7477,300,7720,,,0,0,0,0,0,0,0,0,0,0,0,0,0,0,0,1,1,2,2,1,1,1,1,1,1,1,1,1,1,1,1,1,1,1,1,1,1,1,1,1,1,0,0,0,0,0,0,0,0,,,,,,,,,,,,,,,,,,,,,,,,,,,,,,,,,,,,,,,,,,,,,,,,
7478,600,7605,7607,,0,0,0,0,0,0,0,0,0,0,0,0,0,0,0,2,2,3,3,3,3,3,3,2,2,2,2,2,2,2,2,2,2,2,2,3,3,2,2,1,1,1,1,0,0,0,0,0,0,,,,,,,,,,,,,,,,,,,,,,,,,,,,,,,,,,,,,,,,,,,,,,,,
7479,2000,,7690,,0,36,36,36,36,26,26,27,27,32,32,35,35,99,99,1130,1130,1253,1253,1218,1218,1203,1203,1099,1099,1048,1048,1034,1034,1066,1066,1110,1110,1105,1105,1175,1175,1113,1113,353,353,217,217,139,139,102,102,57,57,,,,,,,,,,,,,,,,,,,,,,,,,,,,,,,,,,,,,,,,,,,,,,,,
7480,300,,7696,,0,0,0,0,0,0,0,0,0,0,0,0,0,0,0,2,2,3,3,2,2,2,2,2,2,2,2,2,2,2,2,2,2,2,2,2,2,2,2,1,1,1,1,0,0,0,0,0,0,,,,,,,,,,,,,,,,,,,,,,,,,,,,,,,,,,,,,,,,,,,,,,,,
7481,300,,7591,,0,0,0,0,0,0,0,0,0,0,0,0,0,0,0,2,2,2,2,2,2,2,2,2,2,2,2,2,2,2,2,2,2,2,2,2,2,2,2,1,1,1,1,0,0,0,0,0,0,,,,,,,,,,,,,,,,,,,,,,,,,,,,,,,,,,,,,,,,,,,,,,,,
7482,1600,7589,7565,,0,0,0,0,0,0,0,0,0,0,0,0,0,1,1,4,4,5,5,5,5,5,5,4,4,4,4,4,4,4,4,4,4,4,4,5,5,4,4,2,2,1,1,1,1,1,1,0,0,,,,,,,,,,,,,,,,,,,,,,,,,,,,,,,,,,,,,,,,,,,,,,,,
7483,1200,7619,,,0,0,0,0,0,0,0,0,0,0,0,0,0,1,1,5,5,6,6,6,6,6,6,5,5,5,5,5,5,5,5,5,5,5,5,5,5,5,5,2,2,2,2,1,1,1,1,0,0,,,,,,,,,,,,,,,,,,,,,,,,,,,,,,,,,,,,,,,,,,,,,,,,
7484,300,7698,,,0,0,0,0,0,0,0,0,0,0,0,0,0,0,0,1,1,2,2,2,2,2,2,1,1,1,1,1,1,1,1,1,1,1,1,2,2,1,1,1,1,0,0,0,0,0,0,0,0,,,,,,,,,,,,,,,,,,,,,,,,,,,,,,,,,,,,,,,,,,,,,,,,
7485,3000,7609,7611,,0,54,54,56,56,39,39,42,42,50,50,54,54,149,149,956,956,1147,1147,1075,1075,1033,1033,954,954,866,866,918,918,901,901,917,917,943,943,993,993,901,901,419,419,269,269,182,182,132,132,67,67,,,,,,,,,,,,,,,,,,,,,,,,,,,,,,,,,,,,,,,,,,,,,,,,
7486,2500,7492,,,0,36,36,36,36,26,26,27,27,32,32,35,35,99,99,1130,1130,1253,1253,1218,1218,1203,1203,1099,1099,1048,1048,1034,1034,1066,1066,1110,1110,1105,1105,1175,1175,1113,1113,353,353,217,217,139,139,102,102,57,57,,,,,,,,,,,,,,,,,,,,,,,,,,,,,,,,,,,,,,,,,,,,,,,,
7487,1200,7643,7490,,0,0,0,0,0,0,0,0,0,0,0,0,0,0,0,2,2,3,3,3,3,2,2,2,2,2,2,2,2,2,2,2,2,2,2,2,2,2,2,1,1,1,1,0,0,0,0,0,0,,,,,,,,,,,,,,,,,,,,,,,,,,,,,,,,,,,,,,,,,,,,,,,,
7488,800,7490,7529,,0,0,0,0,0,0,0,0,0,0,0,0,0,1,1,5,5,7,7,6,6,6,6,5,5,5,5,5,5,5,5,5,5,5,5,6,6,5,5,3,3,2,2,1,1,1,1,0,0,,,,,,,,,,,,,,,,,,,,,,,,,,,,,,,,,,,,,,,,,,,,,,,,
7489,1600,,7537,,0,0,0,0,0,0,0,0,0,0,0,0,0,0,0,4,4,4,4,4,4,4,4,4,4,3,3,3,3,4,4,4,4,4,4,4,4,4,4,2,2,1,1,1,1,0,0,0,0,,,,,,,,,,,,,,,,,,,,,,,,,,,,,,,,,,,,,,,,,,,,,,,,
7490,1650,7487,7496,7488;7536,2,36,36,36,36,26,26,27,27,32,32,35,35,99,99,1130,1130,1253,1253,1218,1218,1203,1203,1099,1099,1048,1048,1034,1034,1066,1066,1110,1110,1105,1105,1175,1175,1113,1113,353,353,217,217,139,139,102,102,57,57,,,,,,,,,,,,,,,,,,,,,,,,,,,,,,,,,,,,,,,,,,,,,,,,
7491,300,7497,,,0,0,0,0,0,0,0,0,0,0,0,0,0,0,0,2,2,2,2,2,2,2,2,2,2,2,2,2,2,2,2,2,2,2,2,2,2,2,2,1,1,1,1,0,0,0,0,0,0,,,,,,,,,,,,,,,,,,,,,,,,,,,,,,,,,,,,,,,,,,,,,,,,
7492,4400,7545,7486,7541,1,36,36,36,36,26,26,27,27,32,32,35,35,99,99,1130,1130,1253,1253,1218,1218,1203,1203,1099,1099,1048,1048,1034,1034,1066,1066,1110,1110,1105,1105,1175,1175,1113,1113,353,353,217,217,139,139,102,102,57,57,,,,,,,,,,,,,,,,,,,,,,,,,,,,,,,,,,,,,,,,,,,,,,,,
7493,2500,7273,7769,,0,32,32,31,31,22,22,23,23,27,27,31,31,87,87,1202,1202,1301,1301,1272,1272,1269,1269,1154,1154,1120,1120,1073,1073,1135,1135,1184,1184,1167,1167,1248,1248,1203,1203,355,355,214,214,133,133,98,98,58,58,,,,,,,,,,,,,,,,,,,,,,,,,,,,,,,,,,,,,,,,,,,,,,,,
7494,4400,7554,7520,,0,54,54,56,56,39,39,42,42,50,50,54,54,149,149,956,956,1147,1147,1075,1075,1033,1033,954,954,866,866,918,918,901,901,917,917,943,943,993,993,901,901,419,419,269,269,182,182,132,132,67,67,,,,,,,,,,,,,,,,,,,,,,,,,,,,,,,,,,,,,,,,,,,,,,,,
7495,4000,7500,7686,,0,36,36,36,36,26,26,27,27,32,32,35,35,99,99,1130,1130,1253,1253,1218,1218,1203,1203,1099,1099,1048,1048,1034,1034,1066,1066,1110,1110,1105,1105,1175,1175,1113,1113,353,353,217,217,139,139,102,102,57,57,,,,,,,,,,,,,,,,,,,,,,,,,,,,,,,,,,,,,,,,,,,,,,,,
7496,4400,7527,7490,7503,1,67,67,70,70,49,49,53,53,62,62,67,67,186,186,910,910,1134,1134,1023,1023,977,977,900,900,812,812,861,861,864,864,851,851,886,886,939,939,854,854,524,524,336,336,227,227,165,165,84,84,,,,,,,,,,,,,,,,,,,,,,,,,,,,,,,,,,,,,,,,,,,,,,,,
7497,4400,7696,10729,7491,1,67,67,70,70,49,49,53,53,62,62,67,67,186,186,910,910,1134,1134,1023,1023,977,977,900,900,812,812,861,861,864,864,851,851,886,886,939,939,854,854,524,524,336,336,227,227,165,165,84,84,,,,,,,,,,,,,,,,,,,,,,,,,,,,,,,,,,,,,,,,,,,,,,,,
7498,1200,7547,7535,,0,0,0,0,0,0,0,0,0,0,0,0,0,0,0,2,2,2,2,2,2,2,2,2,2,2,2,2,2,2,2,2,2,2,2,2,2,2,2,1,1,0,0,0,0,0,0,0,0,,,,,,,,,,,,,,,,,,,,,,,,,,,,,,,,,,,,,,,,,,,,,,,,
7499,3000,7676,7692,,0,36,36,36,36,26,26,27,27,32,32,35,35,99,99,1130,1130,1253,1253,1218,1218,1203,1203,1099,1099,1048,1048,1034,1034,1066,1066,1110,1110,1105,1105,1175,1175,1113,1113,353,353,217,217,139,139,102,102,57,57,,,,,,,,,,,,,,,,,,,,,,,,,,,,,,,,,,,,,,,,,,,,,,,,
75,600,,343,,0,0,0,0,0,0,0,0,0,0,0,0,0,0,0,6,6,6,6,6,6,6,6,5,5,5,5,5,5,5,5,5,5,6,6,6,6,5,5,1,1,1,1,1,1,0,0,0,0,,,,,,,,,,,,,,,,,,,,,,,,,,,,,,,,,,,,,,,,,,,,,,,,
7500,4400,7495,7551,,0,36,36,36,36,26,26,27,27,32,32,35,35,99,99,1130,1130,1253,1253,1218,1218,1203,1203,1099,1099,1048,1048,1034,1034,1066,1066,1110,1110,1105,1105,1175,1175,1113,1113,353,353,217,217,139,139,102,102,57,57,,,,,,,,,,,,,,,,,,,,,,,,,,,,,,,,,,,,,,,,,,,,,,,,
7501,1200,7543,7535,,0,0,0,0,0,0,0,0,0,0,0,0,0,0,0,3,3,4,4,3,3,3,3,3,3,3,3,3,3,3,3,3,3,3,3,3,3,3,3,1,1,1,1,1,1,0,0,0,0,,,,,,,,,,,,,,,,,,,,,,,,,,,,,,,,,,,,,,,,,,,,,,,,
7502,1200,7549,7533,,0,0,0,0,0,0,0,0,0,0,0,0,0,0,0,1,1,2,2,2,2,2,2,1,1,1,1,1,1,1,1,1,1,1,1,2,2,1,1,1,1,0,0,0,0,0,0,0,0,,,,,,,,,,,,,,,,,,,,,,,,,,,,,,,,,,,,,,,,,,,,,,,,
7503,800,,7496,,0,0,0,0,0,0,0,0,0,0,0,0,0,0,0,1,1,1,1,1,1,1,1,1,1,1,1,1,1,1,1,1,1,1,1,1,1,1,1,0,0,0,0,0,0,0,0,0,0,,,,,,,,,,,,,,,,,,,,,,,,,,,,,,,,,,,,,,,,,,,,,,,,
7504,2200,7527,,,0,54,54,56,56,39,39,42,42,50,50,54,54,149,149,956,956,1147,1147,1075,1075,1033,1033,954,954,866,866,918,918,901,901,917,917,943,943,993,993,901,901,419,419,269,269,182,182,132,132,67,67,,,,,,,,,,,,,,,,,,,,,,,,,,,,,,,,,,,,,,,,,,,,,,,,
7505,3000,7546,7531,,0,36,36,36,36,26,26,27,27,32,32,35,35,99,99,1130,1130,1253,1253,1218,1218,1203,1203,1099,1099,1048,1048,1034,1034,1066,1066,1110,1110,1105,1105,1175,1175,1113,1113,353,353,217,217,139,139,102,102,57,57,,,,,,,,,,,,,,,,,,,,,,,,,,,,,,,,,,,,,,,,,,,,,,,,
7506,300,7508,,,0,0,0,0,0,0,0,0,0,0,0,0,0,0,0,4,4,4,4,4,4,4,4,4,4,4,4,3,3,4,4,4,4,4,4,4,4,4,4,2,2,1,1,1,1,0,0,0,0,,,,,,,,,,,,,,,,,,,,,,,,,,,,,,,,,,,,,,,,,,,,,,,,
7507,4400,7551,7508,,0,36,36,36,36,26,26,27,27,32,32,35,35,99,99,1130,1130,1253,1253,1218,1218,1203,1203,1099,1099,1048,1048,1034,1034,1066,1066,1110,1110,1105,1105,1175,1175,1113,1113,353,353,217,217,139,139,102,102,57,57,,,,,,,,,,,,,,,,,,,,,,,,,,,,,,,,,,,,,,,,,,,,,,,,
7508,1650,7507,7513,7506,1,36,36,36,36,26,26,27,27,32,32,35,35,99,99,1130,1130,1253,1253,1218,1218,1203,1203,1099,1099,1048,1048,1034,1034,1066,1066,1110,1110,1105,1105,1175,1175,1113,1113,353,353,217,217,139,139,102,102,57,57,,,,,,,,,,,,,,,,,,,,,,,,,,,,,,,,,,,,,,,,,,,,,,,,
7509,3000,7523,7591,,0,54,54,56,56,39,39,42,42,50,50,54,54,149,149,956,956,1147,1147,1075,1075,1033,1033,954,954,866,866,918,918,901,901,917,917,943,943,993,993,901,901,419,419,269,269,182,182,132,132,67,67,,,,,,,,,,,,,,,,,,,,,,,,,,,,,,,,,,,,,,,,,,,,,,,,
7510,1200,,7525,,0,0,0,0,0,0,0,0,0,0,0,0,0,0,0,3,3,3,3,3,3,3,3,2,2,2,2,2,2,2,2,2,2,2,2,3,3,2,2,1,1,1,1,0,0,0,0,0,0,,,,,,,,,,,,,,,,,,,,,,,,,,,,,,,,,,,,,,,,,,,,,,,,
7511,4400,7525,7527,,0,54,54,56,56,39,39,42,42,50,50,54,54,149,149,956,956,1147,1147,1075,1075,1033,1033,954,954,866,866,918,918,901,901,917,917,943,943,993,993,901,901,419,419,269,269,182,182,132,132,67,67,,,,,,,,,,,,,,,,,,,,,,,,,,,,,,,,,,,,,,,,,,,,,,,,
7512,4400,7518,7516,,0,67,67,70,70,49,49,53,53,62,62,67,67,186,186,910,910,1134,1134,1023,1023,977,977,900,900,812,812,861,861,864,864,851,851,886,886,939,939,854,854,524,524,336,336,227,227,165,165,84,84,,,,,,,,,,,,,,,,,,,,,,,,,,,,,,,,,,,,,,,,,,,,,,,,
7513,4400,,7508,,0,0,0,0,0,0,0,0,0,0,0,0,0,0,0,1138,1138,1201,1201,1284,1284,1257,1257,1168,1168,1084,1084,1145,1145,1051,1051,1179,1179,1173,1173,1211,1211,1091,1091,0,0,0,0,0,0,0,0,0,0,,,,,,,,,,,,,,,,,,,,,,,,,,,,,,,,,,,,,,,,,,,,,,,,
7514,2200,7553,7545,,0,36,36,36,36,26,26,27,27,32,32,35,35,99,99,1130,1130,1253,1253,1218,1218,1203,1203,1099,1099,1048,1048,1034,1034,1066,1066,1110,1110,1105,1105,1175,1175,1113,1113,353,353,217,217,139,139,102,102,57,57,,,,,,,,,,,,,,,,,,,,,,,,,,,,,,,,,,,,,,,,,,,,,,,,
7515,4400,7521,7516,,0,54,54,56,56,39,39,42,42,50,50,54,54,149,149,956,956,1147,1147,1075,1075,1033,1033,954,954,866,866,918,918,901,901,917,917,943,943,993,993,901,901,419,419,269,269,182,182,132,132,67,67,,,,,,,,,,,,,,,,,,,,,,,,,,,,,,,,,,,,,,,,,,,,,,,,
7516,4400,7512,7522,7515,1,54,54,56,56,39,39,42,42,50,50,54,54,149,149,956,956,1147,1147,1075,1075,1033,1033,954,954,866,866,918,918,901,901,917,917,943,943,993,993,901,901,419,419,269,269,182,182,132,132,67,67,,,,,,,,,,,,,,,,,,,,,,,,,,,,,,,,,,,,,,,,,,,,,,,,
7517,4400,7518,7521,,0,54,54,56,56,39,39,42,42,50,50,54,54,149,149,956,956,1147,1147,1075,1075,1033,1033,954,954,866,866,918,918,901,901,917,917,943,943,993,993,901,901,419,419,269,269,182,182,132,132,67,67,,,,,,,,,,,,,,,,,,,,,,,,,,,,,,,,,,,,,,,,,,,,,,,,
7518,1100,7512,7517,,0,54,54,56,56,39,39,42,42,50,50,54,54,149,149,956,956,1147,1147,1075,1075,1033,1033,954,954,866,866,918,918,901,901,917,917,943,943,993,993,901,901,419,419,269,269,182,182,132,132,67,67,,,,,,,,,,,,,,,,,,,,,,,,,,,,,,,,,,,,,,,,,,,,,,,,
7519,4400,,,,0,54,54,56,56,39,39,42,42,50,50,54,54,149,149,956,956,1147,1147,1075,1075,1033,1033,954,954,866,866,918,918,901,901,917,917,943,943,993,993,901,901,419,419,269,269,182,182,132,132,67,67,,,,,,,,,,,,,,,,,,,,,,,,,,,,,,,,,,,,,,,,,,,,,,,,
7520,1200,7494,,7521,1,0,0,0,0,0,0,0,0,0,0,0,0,1,1,5,5,6,6,6,6,5,5,5,5,5,5,5,5,5,5,5,5,5,5,5,5,5,5,2,2,1,1,1,1,1,1,0,0,,,,,,,,,,,,,,,,,,,,,,,,,,,,,,,,,,,,,,,,,,,,,,,,
7521,3500,7560,7517,7520;7515,2,54,54,56,56,39,39,42,42,50,50,54,54,149,149,956,956,1147,1147,1075,1075,1033,1033,954,954,866,866,918,918,901,901,917,917,943,943,993,993,901,901,419,419,269,269,182,182,132,132,67,67,,,,,,,,,,,,,,,,,,,,,,,,,,,,,,,,,,,,,,,,,,,,,,,,
7522,4400,7516,7523,,0,54,54,56,56,39,39,42,42,50,50,54,54,149,149,956,956,1147,1147,1075,1075,1033,1033,954,954,866,866,918,918,901,901,917,917,943,943,993,993,901,901,419,419,269,269,182,182,132,132,67,67,,,,,,,,,,,,,,,,,,,,,,,,,,,,,,,,,,,,,,,,,,,,,,,,
7523,2000,7524,7509,7522,1,54,54,56,56,39,39,42,42,50,50,54,54,149,149,956,956,1147,1147,1075,1075,1033,1033,954,954,866,866,918,918,901,901,917,917,943,943,993,993,901,901,419,419,269,269,182,182,132,132,67,67,,,,,,,,,,,,,,,,,,,,,,,,,,,,,,,,,,,,,,,,,,,,,,,,
7524,4000,7525,7523,,0,54,54,56,56,39,39,42,42,50,50,54,54,149,149,956,956,1147,1147,1075,1075,1033,1033,954,954,866,866,918,918,901,901,917,917,943,943,993,993,901,901,419,419,269,269,182,182,132,132,67,67,,,,,,,,,,,,,,,,,,,,,,,,,,,,,,,,,,,,,,,,,,,,,,,,
7525,2500,7511,7510,7524,1,54,54,56,56,39,39,42,42,50,50,54,54,149,149,956,956,1147,1147,1075,1075,1033,1033,954,954,866,866,918,918,901,901,917,917,943,943,993,993,901,901,419,419,269,269,182,182,132,132,67,67,,,,,,,,,,,,,,,,,,,,,,,,,,,,,,,,,,,,,,,,,,,,,,,,
7526,4400,7455,7615,,0,67,67,70,70,49,49,53,53,62,62,67,67,186,186,910,910,1134,1134,1023,1023,977,977,900,900,812,812,861,861,864,864,851,851,886,886,939,939,854,854,524,524,336,336,227,227,165,165,84,84,,,,,,,,,,,,,,,,,,,,,,,,,,,,,,,,,,,,,,,,,,,,,,,,
7527,4400,7496,7511,7528;7504,2,54,54,56,56,39,39,42,42,50,50,54,54,149,149,956,956,1147,1147,1075,1075,1033,1033,954,954,866,866,918,918,901,901,917,917,943,943,993,993,901,901,419,419,269,269,182,182,132,132,67,67,,,,,,,,,,,,,,,,,,,,,,,,,,,,,,,,,,,,,,,,,,,,,,,,
7528,4400,7529,7527,,0,67,67,70,70,49,49,53,53,62,62,67,67,186,186,910,910,1134,1134,1023,1023,977,977,900,900,812,812,861,861,864,864,851,851,886,886,939,939,854,854,524,524,336,336,227,227,165,165,84,84,,,,,,,,,,,,,,,,,,,,,,,,,,,,,,,,,,,,,,,,,,,,,,,,
7529,1200,7488,7528,7614,1,0,0,0,0,0,0,0,0,0,0,0,0,1,1,5,5,6,6,6,6,6,6,5,5,5,5,5,5,5,5,5,5,5,5,5,5,5,5,2,2,2,2,1,1,1,1,0,0,,,,,,,,,,,,,,,,,,,,,,,,,,,,,,,,,,,,,,,,,,,,,,,,
7530,2500,7531,7539,,0,36,36,36,36,26,26,27,27,32,32,35,35,99,99,1130,1130,1253,1253,1218,1218,1203,1203,1099,1099,1048,1048,1034,1034,1066,1066,1110,1110,1105,1105,1175,1175,1113,1113,353,353,217,217,139,139,102,102,57,57,,,,,,,,,,,,,,,,,,,,,,,,,,,,,,,,,,,,,,,,,,,,,,,,
7531,1200,,7505,7530;7532,2,0,0,0,0,0,0,0,0,0,0,0,0,0,0,3,3,3,3,3,3,3,3,3,3,2,2,2,2,3,3,3,3,3,3,3,3,3,3,1,1,1,1,0,0,0,0,0,0,,,,,,,,,,,,,,,,,,,,,,,,,,,,,,,,,,,,,,,,,,,,,,,,
7532,1200,7531,7533,,0,0,0,0,0,0,0,0,0,0,0,0,0,0,0,3,3,4,4,3,3,3,3,3,3,3,3,3,3,3,3,3,3,3,3,3,3,3,3,1,1,1,1,1,1,0,0,0,0,,,,,,,,,,,,,,,,,,,,,,,,,,,,,,,,,,,,,,,,,,,,,,,,
7533,800,7532,7502,7534,1,0,0,0,0,0,0,0,0,0,0,0,0,0,0,3,3,3,3,3,3,3,3,3,3,3,3,3,3,3,3,3,3,3,3,3,3,3,3,1,1,1,1,0,0,0,0,0,0,,,,,,,,,,,,,,,,,,,,,,,,,,,,,,,,,,,,,,,,,,,,,,,,
7534,1200,7535,7533,,0,0,0,0,0,0,0,0,0,0,0,0,0,0,0,2,2,2,2,2,2,2,2,2,2,2,2,2,2,2,2,2,2,2,2,2,2,2,2,1,1,1,1,0,0,0,0,0,0,,,,,,,,,,,,,,,,,,,,,,,,,,,,,,,,,,,,,,,,,,,,,,,,
7535,800,7501,7534,7498,1,0,0,0,0,0,0,0,0,0,0,0,0,0,0,2,2,2,2,2,2,2,2,2,2,2,2,2,2,2,2,2,2,2,2,2,2,2,2,1,1,0,0,0,0,0,0,0,0,,,,,,,,,,,,,,,,,,,,,,,,,,,,,,,,,,,,,,,,,,,,,,,,
7536,1100,7537,7490,,0,36,36,36,36,26,26,27,27,32,32,35,35,99,99,1130,1130,1253,1253,1218,1218,1203,1203,1099,1099,1048,1048,1034,1034,1066,1066,1110,1110,1105,1105,1175,1175,1113,1113,353,353,217,217,139,139,102,102,57,57,,,,,,,,,,,,,,,,,,,,,,,,,,,,,,,,,,,,,,,,,,,,,,,,
7537,800,7536,7538,7489,1,0,0,0,0,0,0,0,0,0,0,0,0,0,0,4,4,4,4,4,4,4,4,4,4,3,3,3,3,4,4,4,4,4,4,4,4,4,4,2,2,1,1,1,1,0,0,0,0,,,,,,,,,,,,,,,,,,,,,,,,,,,,,,,,,,,,,,,,,,,,,,,,
7538,800,7539,7537,,0,0,0,0,0,0,0,0,0,0,0,0,0,0,0,3,3,3,3,3,3,3,3,3,3,3,3,2,2,3,3,3,3,3,3,3,3,3,3,1,1,1,1,0,0,0,0,0,0,,,,,,,,,,,,,,,,,,,,,,,,,,,,,,,,,,,,,,,,,,,,,,,,
7539,800,7540,7530,7538,1,0,0,0,0,0,0,0,0,0,0,0,0,0,0,3,3,4,4,4,4,4,4,3,3,3,3,3,3,3,3,3,3,3,3,4,4,3,3,1,1,1,1,1,1,0,0,0,0,,,,,,,,,,,,,,,,,,,,,,,,,,,,,,,,,,,,,,,,,,,,,,,,
7540,800,7541,7539,,0,0,0,0,0,0,0,0,0,0,0,0,0,0,0,4,4,4,4,4,4,4,4,4,4,4,4,3,3,4,4,4,4,4,4,4,4,4,4,2,2,1,1,1,1,0,0,0,0,,,,,,,,,,,,,,,,,,,,,,,,,,,,,,,,,,,,,,,,,,,,,,,,
7541,1100,7540,7492,7542,1,36,36,36,36,26,26,27,27,32,32,35,35,99,99,1130,1130,1253,1253,1218,1218,1203,1203,1099,1099,1048,1048,1034,1034,1066,1066,1110,1110,1105,1105,1175,1175,1113,1113,353,353,217,217,139,139,102,102,57,57,,,,,,,,,,,,,,,,,,,,,,,,,,,,,,,,,,,,,,,,,,,,,,,,
7542,1100,7543,7541,,0,36,36,36,36,26,26,27,27,32,32,35,35,99,99,1130,1130,1253,1253,1218,1218,1203,1203,1099,1099,1048,1048,1034,1034,1066,1066,1110,1110,1105,1105,1175,1175,1113,1113,353,353,217,217,139,139,102,102,57,57,,,,,,,,,,,,,,,,,,,,,,,,,,,,,,,,,,,,,,,,,,,,,,,,
7543,800,7542,7544,7501,1,0,0,0,0,0,0,0,0,0,0,0,0,0,0,4,4,4,4,4,4,4,4,4,4,3,3,3,3,4,4,4,4,4,4,4,4,4,4,2,2,1,1,1,1,0,0,0,0,,,,,,,,,,,,,,,,,,,,,,,,,,,,,,,,,,,,,,,,,,,,,,,,
7544,800,7545,7543,,0,0,0,0,0,0,0,0,0,0,0,0,0,0,0,4,4,4,4,4,4,4,4,4,4,3,3,3,3,4,4,4,4,4,4,4,4,4,4,2,2,1,1,1,1,0,0,0,0,,,,,,,,,,,,,,,,,,,,,,,,,,,,,,,,,,,,,,,,,,,,,,,,
7545,1100,7514,7492,7544,1,36,36,36,36,26,26,27,27,32,32,35,35,99,99,1130,1130,1253,1253,1218,1218,1203,1203,1099,1099,1048,1048,1034,1034,1066,1066,1110,1110,1105,1105,1175,1175,1113,1113,353,353,217,217,139,139,102,102,57,57,,,,,,,,,,,,,,,,,,,,,,,,,,,,,,,,,,,,,,,,,,,,,,,,
7546,1200,7505,7549,,0,0,0,0,0,0,0,0,0,0,0,0,0,0,0,1,1,2,2,1,1,1,1,1,1,1,1,1,1,1,1,1,1,1,1,1,1,1,1,1,1,0,0,0,0,0,0,0,0,,,,,,,,,,,,,,,,,,,,,,,,,,,,,,,,,,,,,,,,,,,,,,,,
7547,800,7498,7552,7548,1,0,0,0,0,0,0,0,0,0,0,0,0,0,0,2,2,3,3,3,3,3,3,2,2,2,2,2,2,2,2,2,2,2,2,3,3,2,2,1,1,1,1,0,0,0,0,0,0,,,,,,,,,,,,,,,,,,,,,,,,,,,,,,,,,,,,,,,,,,,,,,,,
7548,800,7547,7549,,0,0,0,0,0,0,0,0,0,0,0,0,0,0,0,2,2,2,2,2,2,2,2,2,2,2,2,2,2,2,2,2,2,2,2,2,2,2,2,1,1,1,1,0,0,0,0,0,0,,,,,,,,,,,,,,,,,,,,,,,,,,,,,,,,,,,,,,,,,,,,,,,,
7549,800,7546,7548,7502,1,0,0,0,0,0,0,0,0,0,0,0,0,0,0,2,2,2,2,2,2,2,2,2,2,2,2,2,2,2,2,2,2,2,2,2,2,2,2,1,1,0,0,0,0,0,0,0,0,,,,,,,,,,,,,,,,,,,,,,,,,,,,,,,,,,,,,,,,,,,,,,,,
7550,800,7551,7553,,0,0,0,0,0,0,0,0,0,0,0,0,0,0,0,3,3,4,4,4,4,4,4,3,3,3,3,3,3,3,3,3,3,3,3,3,3,3,3,1,1,1,1,1,1,0,0,0,0,,,,,,,,,,,,,,,,,,,,,,,,,,,,,,,,,,,,,,,,,,,,,,,,
7551,1100,7507,7500,7550,1,36,36,36,36,26,26,27,27,32,32,35,35,99,99,1130,1130,1253,1253,1218,1218,1203,1203,1099,1099,1048,1048,1034,1034,1066,1066,1110,1110,1105,1105,1175,1175,1113,1113,353,353,217,217,139,139,102,102,57,57,,,,,,,,,,,,,,,,,,,,,,,,,,,,,,,,,,,,,,,,,,,,,,,,
7552,1600,7547,7553,,0,0,0,0,0,0,0,0,0,0,0,0,0,0,0,3,3,3,3,3,3,3,3,3,3,3,3,3,3,3,3,3,3,3,3,3,3,3,3,1,1,1,1,0,0,0,0,0,0,,,,,,,,,,,,,,,,,,,,,,,,,,,,,,,,,,,,,,,,,,,,,,,,
7553,800,7550,7514,7552,1,0,0,0,0,0,0,0,0,0,0,0,0,0,0,3,3,4,4,3,3,3,3,3,3,3,3,3,3,3,3,3,3,3,3,3,3,3,3,1,1,1,1,1,1,0,0,0,0,,,,,,,,,,,,,,,,,,,,,,,,,,,,,,,,,,,,,,,,,,,,,,,,
7554,3500,,7494,7555,1,54,54,56,56,39,39,42,42,50,50,54,54,149,149,956,956,1147,1147,1075,1075,1033,1033,954,954,866,866,918,918,901,901,917,917,943,943,993,993,901,901,419,419,269,269,182,182,132,132,67,67,,,,,,,,,,,,,,,,,,,,,,,,,,,,,,,,,,,,,,,,,,,,,,,,
7555,1500,7472,7558,7554,1,54,54,56,56,39,39,42,42,50,50,54,54,149,149,956,956,1147,1147,1075,1075,1033,1033,954,954,866,866,918,918,901,901,917,917,943,943,993,993,901,901,419,419,269,269,182,182,132,132,67,67,,,,,,,,,,,,,,,,,,,,,,,,,,,,,,,,,,,,,,,,,,,,,,,,
7556,4400,7557,7367,,0,32,32,31,31,22,22,23,23,27,27,31,31,87,87,1202,1202,1301,1301,1272,1272,1269,1269,1154,1154,1120,1120,1073,1073,1135,1135,1184,1184,1167,1167,1248,1248,1203,1203,355,355,214,214,133,133,98,98,58,58,,,,,,,,,,,,,,,,,,,,,,,,,,,,,,,,,,,,,,,,,,,,,,,,
7557,1600,7406,7556,7472,1,0,0,0,0,0,0,0,0,0,0,0,0,0,0,1,1,1,1,1,1,1,1,1,1,1,1,1,1,1,1,1,1,1,1,1,1,1,1,1,1,0,0,0,0,0,0,0,0,,,,,,,,,,,,,,,,,,,,,,,,,,,,,,,,,,,,,,,,,,,,,,,,
7558,2500,7559,7555,,0,54,54,56,56,39,39,42,42,50,50,54,54,149,149,956,956,1147,1147,1075,1075,1033,1033,954,954,866,866,918,918,901,901,917,917,943,943,993,993,901,901,419,419,269,269,182,182,132,132,67,67,,,,,,,,,,,,,,,,,,,,,,,,,,,,,,,,,,,,,,,,,,,,,,,,
7559,600,7444,7796,7558,1,0,0,0,0,0,0,0,0,0,0,0,0,1,1,4,4,5,5,5,5,4,4,4,4,4,4,4,4,4,4,4,4,4,4,4,4,4,4,2,2,1,1,1,1,1,1,0,0,,,,,,,,,,,,,,,,,,,,,,,,,,,,,,,,,,,,,,,,,,,,,,,,
7560,4000,7521,7561,,0,54,54,56,56,39,39,42,42,50,50,54,54,149,149,956,956,1147,1147,1075,1075,1033,1033,954,954,866,866,918,918,901,901,917,917,943,943,993,993,901,901,419,419,269,269,182,182,132,132,67,67,,,,,,,,,,,,,,,,,,,,,,,,,,,,,,,,,,,,,,,,,,,,,,,,
7561,400,7562,7476,7560,1,0,0,0,0,0,0,0,0,0,0,0,0,1,1,5,5,6,6,5,5,5,5,5,5,4,4,5,5,5,5,5,5,5,5,5,5,5,5,2,2,1,1,1,1,1,1,0,0,,,,,,,,,,,,,,,,,,,,,,,,,,,,,,,,,,,,,,,,,,,,,,,,
7562,1200,7563,7561,,0,0,0,0,0,0,0,0,0,0,0,0,0,1,1,5,5,6,6,6,6,6,6,5,5,5,5,5,5,5,5,5,5,5,5,5,5,5,5,2,2,2,2,1,1,1,1,0,0,,,,,,,,,,,,,,,,,,,,,,,,,,,,,,,,,,,,,,,,,,,,,,,,
7563,2500,7618,7562,7564,1,54,54,56,56,39,39,42,42,50,50,54,54,149,149,956,956,1147,1147,1075,1075,1033,1033,954,954,866,866,918,918,901,901,917,917,943,943,993,993,901,901,419,419,269,269,182,182,132,132,67,67,,,,,,,,,,,,,,,,,,,,,,,,,,,,,,,,,,,,,,,,,,,,,,,,
7564,2000,7565,7563,,0,54,54,56,56,39,39,42,42,50,50,54,54,149,149,956,956,1147,1147,1075,1075,1033,1033,954,954,866,866,918,918,901,901,917,917,943,943,993,993,901,901,419,419,269,269,182,182,132,132,67,67,,,,,,,,,,,,,,,,,,,,,,,,,,,,,,,,,,,,,,,,,,,,,,,,
7565,800,7482,7564,7566,1,0,0,0,0,0,0,0,0,0,0,0,0,1,1,5,5,6,6,6,6,5,5,5,5,5,5,5,5,5,5,5,5,5,5,5,5,5,5,2,2,1,1,1,1,1,1,0,0,,,,,,,,,,,,,,,,,,,,,,,,,,,,,,,,,,,,,,,,,,,,,,,,
7566,2500,7565,7567,,0,54,54,56,56,39,39,42,42,50,50,54,54,149,149,956,956,1147,1147,1075,1075,1033,1033,954,954,866,866,918,918,901,901,917,917,943,943,993,993,901,901,419,419,269,269,182,182,132,132,67,67,,,,,,,,,,,,,,,,,,,,,,,,,,,,,,,,,,,,,,,,,,,,,,,,
7567,300,7566,7592,7568,1,0,0,0,0,0,0,0,0,0,0,0,0,1,1,4,4,5,5,5,5,5,5,4,4,4,4,4,4,4,4,4,4,4,4,5,5,4,4,2,2,1,1,1,1,1,1,0,0,,,,,,,,,,,,,,,,,,,,,,,,,,,,,,,,,,,,,,,,,,,,,,,,
7568,2500,7569,7567,,0,54,54,56,56,39,39,42,42,50,50,54,54,149,149,956,956,1147,1147,1075,1075,1033,1033,954,954,866,866,918,918,901,901,917,917,943,943,993,993,901,901,419,419,269,269,182,182,132,132,67,67,,,,,,,,,,,,,,,,,,,,,,,,,,,,,,,,,,,,,,,,,,,,,,,,
7569,800,7431,7568,7570,1,0,0,0,0,0,0,0,0,0,0,0,0,1,1,4,4,5,5,4,4,4,4,4,4,4,4,4,4,4,4,4,4,4,4,4,4,4,4,2,2,1,1,1,1,1,1,0,0,,,,,,,,,,,,,,,,,,,,,,,,,,,,,,,,,,,,,,,,,,,,,,,,
7570,1600,7571,7569,,0,0,0,0,0,0,0,0,0,0,0,0,0,1,1,3,3,4,4,4,4,4,4,3,3,3,3,3,3,3,3,3,3,3,3,3,3,3,3,2,2,1,1,1,1,0,0,0,0,,,,,,,,,,,,,,,,,,,,,,,,,,,,,,,,,,,,,,,,,,,,,,,,
7571,800,7570,7576,7572,1,0,0,0,0,0,0,0,0,0,0,0,0,1,1,4,4,4,4,4,4,4,4,4,4,3,3,3,3,3,3,4,4,4,4,4,4,4,4,2,2,1,1,1,1,1,1,0,0,,,,,,,,,,,,,,,,,,,,,,,,,,,,,,,,,,,,,,,,,,,,,,,,
7572,2000,7571,7573,,0,54,54,56,56,39,39,42,42,50,50,54,54,149,149,956,956,1147,1147,1075,1075,1033,1033,954,954,866,866,918,918,901,901,917,917,943,943,993,993,901,901,419,419,269,269,182,182,132,132,67,67,,,,,,,,,,,,,,,,,,,,,,,,,,,,,,,,,,,,,,,,,,,,,,,,
7573,800,7572,7416,7574,1,0,0,0,0,0,0,0,0,0,0,0,0,1,1,4,4,5,5,4,4,4,4,4,4,4,4,4,4,4,4,4,4,4,4,4,4,4,4,2,2,1,1,1,1,1,1,0,0,,,,,,,,,,,,,,,,,,,,,,,,,,,,,,,,,,,,,,,,,,,,,,,,
7574,2500,7573,7575,,0,67,67,70,70,49,49,53,53,62,62,67,67,186,186,910,910,1134,1134,1023,1023,977,977,900,900,812,812,861,861,864,864,851,851,886,886,939,939,854,854,524,524,336,336,227,227,165,165,84,84,,,,,,,,,,,,,,,,,,,,,,,,,,,,,,,,,,,,,,,,,,,,,,,,
7575,400,7400,7574,7762,1,0,0,0,0,0,0,0,0,0,0,0,0,0,0,2,2,2,2,2,2,2,2,2,2,2,2,2,2,2,2,2,2,2,2,2,2,2,2,1,1,0,0,0,0,0,0,0,0,,,,,,,,,,,,,,,,,,,,,,,,,,,,,,,,,,,,,,,,,,,,,,,,
7576,800,7571,7577,,0,0,0,0,0,0,0,0,0,0,0,0,0,1,1,4,4,4,4,4,4,4,4,4,4,3,3,3,3,3,3,3,3,4,4,4,4,3,3,2,2,1,1,1,1,1,1,0,0,,,,,,,,,,,,,,,,,,,,,,,,,,,,,,,,,,,,,,,,,,,,,,,,
7577,800,7578,7576,7435,1,0,0,0,0,0,0,0,0,0,0,0,0,1,1,4,4,4,4,4,4,4,4,4,4,3,3,3,3,3,3,4,4,4,4,4,4,4,4,2,2,1,1,1,1,1,1,0,0,,,,,,,,,,,,,,,,,,,,,,,,,,,,,,,,,,,,,,,,,,,,,,,,
7578,800,7579,7577,,0,0,0,0,0,0,0,0,0,0,0,0,0,1,1,3,3,4,4,4,4,4,4,3,3,3,3,3,3,3,3,3,3,3,3,3,3,3,3,2,2,1,1,1,1,0,0,0,0,,,,,,,,,,,,,,,,,,,,,,,,,,,,,,,,,,,,,,,,,,,,,,,,
7579,400,7578,7430,7580,1,0,0,0,0,0,0,0,0,0,0,0,0,0,0,3,3,3,3,3,3,3,3,3,3,2,2,3,3,3,3,3,3,3,3,3,3,3,3,1,1,1,1,1,1,0,0,0,0,,,,,,,,,,,,,,,,,,,,,,,,,,,,,,,,,,,,,,,,,,,,,,,,
7580,800,7579,7581,,0,0,0,0,0,0,0,0,0,0,0,0,0,0,0,2,2,3,3,2,2,2,2,2,2,2,2,2,2,2,2,2,2,2,2,2,2,2,2,1,1,1,1,0,0,0,0,0,0,,,,,,,,,,,,,,,,,,,,,,,,,,,,,,,,,,,,,,,,,,,,,,,,
7581,800,7580,7582,7596,1,0,0,0,0,0,0,0,0,0,0,0,0,0,0,2,2,2,2,2,2,2,2,2,2,2,2,2,2,2,2,2,2,2,2,2,2,2,2,1,1,0,0,0,0,0,0,0,0,,,,,,,,,,,,,,,,,,,,,,,,,,,,,,,,,,,,,,,,,,,,,,,,
7582,800,7581,7583,,0,0,0,0,0,0,0,0,0,0,0,0,0,0,0,1,1,2,2,2,2,2,2,1,1,1,1,1,1,1,1,1,1,1,1,2,2,1,1,1,1,0,0,0,0,0,0,0,0,,,,,,,,,,,,,,,,,,,,,,,,,,,,,,,,,,,,,,,,,,,,,,,,
7583,300,7584,7407,7582,1,0,0,0,0,0,0,0,0,0,0,0,0,0,0,1,1,2,2,1,1,1,1,1,1,1,1,1,1,1,1,1,1,1,1,1,1,1,1,1,1,0,0,0,0,0,0,0,0,,,,,,,,,,,,,,,,,,,,,,,,,,,,,,,,,,,,,,,,,,,,,,,,
7584,800,7583,7585,,0,0,0,0,0,0,0,0,0,0,0,0,0,0,0,3,3,3,3,3,3,3,3,3,3,3,3,3,3,3,3,3,3,3,3,3,3,3,3,1,1,1,1,0,0,0,0,0,0,,,,,,,,,,,,,,,,,,,,,,,,,,,,,,,,,,,,,,,,,,,,,,,,
7585,300,7586,7584,7400;7415,2,0,0,0,0,0,0,0,0,0,0,0,0,0,0,3,3,3,3,3,3,3,3,3,3,3,3,3,3,3,3,3,3,3,3,3,3,3,3,1,1,1,1,0,0,0,0,0,0,,,,,,,,,,,,,,,,,,,,,,,,,,,,,,,,,,,,,,,,,,,,,,,,
7586,600,7411,7585,7587,1,0,0,0,0,0,0,0,0,0,0,0,0,0,0,3,3,3,3,3,3,3,3,3,3,3,3,3,3,3,3,3,3,3,3,3,3,3,3,1,1,1,1,0,0,0,0,0,0,,,,,,,,,,,,,,,,,,,,,,,,,,,,,,,,,,,,,,,,,,,,,,,,
7587,600,7411,7586,7427,1,0,0,0,0,0,0,0,0,0,0,0,0,0,0,3,3,3,3,3,3,3,3,3,3,3,3,3,3,3,3,3,3,3,3,3,3,3,3,1,1,1,1,0,0,0,0,0,0,,,,,,,,,,,,,,,,,,,,,,,,,,,,,,,,,,,,,,,,,,,,,,,,
7588,1000,7589,7619,,0,54,54,56,56,39,39,42,42,50,50,54,54,149,149,956,956,1147,1147,1075,1075,1033,1033,954,954,866,866,918,918,901,901,917,917,943,943,993,993,901,901,419,419,269,269,182,182,132,132,67,67,,,,,,,,,,,,,,,,,,,,,,,,,,,,,,,,,,,,,,,,,,,,,,,,
7589,800,7590,7588,7482,1,0,0,0,0,0,0,0,0,0,0,0,0,1,1,3,3,4,4,4,4,4,4,3,3,3,3,3,3,3,3,3,3,3,3,4,4,3,3,2,2,1,1,1,1,0,0,0,0,,,,,,,,,,,,,,,,,,,,,,,,,,,,,,,,,,,,,,,,,,,,,,,,
7590,300,7591,,7589,1,0,0,0,0,0,0,0,0,0,0,0,0,0,0,3,3,3,3,3,3,3,3,3,3,2,2,2,2,2,2,3,3,3,3,3,3,3,3,1,1,1,1,1,1,0,0,0,0,,,,,,,,,,,,,,,,,,,,,,,,,,,,,,,,,,,,,,,,,,,,,,,,
7591,800,7590,7608,7481;7509,2,0,0,0,0,0,0,0,0,0,0,0,0,0,0,2,2,3,3,2,2,2,2,2,2,2,2,2,2,2,2,2,2,2,2,2,2,2,2,1,1,1,1,0,0,0,0,0,0,,,,,,,,,,,,,,,,,,,,,,,,,,,,,,,,,,,,,,,,,,,,,,,,
7592,300,7567,7593,,0,0,0,0,0,0,0,0,0,0,0,0,0,1,1,3,3,4,4,4,4,4,4,3,3,3,3,3,3,3,3,3,3,3,3,4,4,3,3,2,2,1,1,1,1,0,0,0,0,,,,,,,,,,,,,,,,,,,,,,,,,,,,,,,,,,,,,,,,,,,,,,,,
7593,300,7594,7592,7447,1,0,0,0,0,0,0,0,0,0,0,0,0,0,0,2,2,3,3,3,3,3,3,2,2,2,2,2,2,2,2,2,2,2,2,2,2,2,2,1,1,1,1,0,0,0,0,0,0,,,,,,,,,,,,,,,,,,,,,,,,,,,,,,,,,,,,,,,,,,,,,,,,
7594,300,7595,7593,,0,0,0,0,0,0,0,0,0,0,0,0,0,0,0,2,2,2,2,2,2,2,2,2,2,2,2,2,2,2,2,2,2,2,2,2,2,2,2,1,1,1,1,0,0,0,0,0,0,,,,,,,,,,,,,,,,,,,,,,,,,,,,,,,,,,,,,,,,,,,,,,,,
7595,400,7451,7594,7469,1,0,0,0,0,0,0,0,0,0,0,0,0,0,0,2,2,2,2,2,2,2,2,2,2,2,2,2,2,2,2,2,2,2,2,2,2,2,2,1,1,1,1,0,0,0,0,0,0,,,,,,,,,,,,,,,,,,,,,,,,,,,,,,,,,,,,,,,,,,,,,,,,
7596,1200,7581,7597,,0,0,0,0,0,0,0,0,0,0,0,0,0,0,0,1,1,1,1,1,1,1,1,1,1,1,1,1,1,1,1,1,1,1,1,1,1,1,1,1,1,0,0,0,0,0,0,0,0,,,,,,,,,,,,,,,,,,,,,,,,,,,,,,,,,,,,,,,,,,,,,,,,
7597,300,7598,7622,7596,1,0,0,0,0,0,0,0,0,0,0,0,0,0,0,2,2,3,3,2,2,2,2,2,2,2,2,2,2,2,2,2,2,2,2,2,2,2,2,1,1,1,1,0,0,0,0,0,0,,,,,,,,,,,,,,,,,,,,,,,,,,,,,,,,,,,,,,,,,,,,,,,,
7598,800,7597,7599,,0,0,0,0,0,0,0,0,0,0,0,0,0,0,0,2,2,2,2,2,2,2,2,2,2,2,2,2,2,2,2,2,2,2,2,2,2,2,2,1,1,1,1,0,0,0,0,0,0,,,,,,,,,,,,,,,,,,,,,,,,,,,,,,,,,,,,,,,,,,,,,,,,
7599,400,7430,7449,7598,1,0,0,0,0,0,0,0,0,0,0,0,0,0,0,2,2,2,2,2,2,2,2,2,2,2,2,2,2,2,2,2,2,2,2,2,2,2,2,1,1,1,1,0,0,0,0,0,0,,,,,,,,,,,,,,,,,,,,,,,,,,,,,,,,,,,,,,,,,,,,,,,,
76,1600,356,,,0,0,0,0,0,0,0,0,0,0,0,0,0,0,0,4,4,5,5,5,5,4,4,4,4,4,4,4,4,4,4,4,4,4,4,4,4,4,4,1,1,1,1,0,0,0,0,0,0,,,,,,,,,,,,,,,,,,,,,,,,,,,,,,,,,,,,,,,,,,,,,,,,
7600,300,7601,7454,,0,0,0,0,0,0,0,0,0,0,0,0,0,1,1,4,4,5,5,5,5,5,5,4,4,4,4,4,4,4,4,4,4,4,4,4,4,4,4,2,2,1,1,1,1,1,1,0,0,,,,,,,,,,,,,,,,,,,,,,,,,,,,,,,,,,,,,,,,,,,,,,,,
7601,400,7441,7449,7600,1,0,0,0,0,0,0,0,0,0,0,0,0,1,1,3,3,4,4,4,4,4,4,3,3,3,3,3,3,3,3,3,3,3,3,3,3,3,3,2,2,1,1,1,1,0,0,0,0,,,,,,,,,,,,,,,,,,,,,,,,,,,,,,,,,,,,,,,,,,,,,,,,
7602,300,7454,7603,,0,0,0,0,0,0,0,0,0,0,0,0,0,1,1,4,4,4,4,4,4,4,4,3,3,3,3,3,3,3,3,3,3,3,3,4,4,3,3,2,2,1,1,1,1,1,1,0,0,,,,,,,,,,,,,,,,,,,,,,,,,,,,,,,,,,,,,,,,,,,,,,,,
7603,300,,7602,,0,0,0,0,0,0,0,0,0,0,0,0,0,0,0,3,3,3,3,3,3,3,3,3,3,3,3,3,3,3,3,3,3,3,3,3,3,3,3,1,1,1,1,1,1,0,0,0,0,,,,,,,,,,,,,,,,,,,,,,,,,,,,,,,,,,,,,,,,,,,,,,,,
7604,300,,7605,,0,0,0,0,0,0,0,0,0,0,0,0,0,0,0,3,3,3,3,3,3,3,3,3,3,3,3,3,3,3,3,3,3,3,3,3,3,3,3,1,1,1,1,1,1,0,0,0,0,,,,,,,,,,,,,,,,,,,,,,,,,,,,,,,,,,,,,,,,,,,,,,,,
7605,300,7469,7604,7478,1,0,0,0,0,0,0,0,0,0,0,0,0,0,0,3,3,3,3,3,3,3,3,3,3,2,2,3,3,3,3,3,3,3,3,3,3,3,3,1,1,1,1,1,1,0,0,0,0,,,,,,,,,,,,,,,,,,,,,,,,,,,,,,,,,,,,,,,,,,,,,,,,
7606,600,7607,7609,,0,0,0,0,0,0,0,0,0,0,0,0,0,0,0,2,2,2,2,2,2,2,2,2,2,2,2,2,2,2,2,2,2,2,2,2,2,2,2,1,1,1,1,0,0,0,0,0,0,,,,,,,,,,,,,,,,,,,,,,,,,,,,,,,,,,,,,,,,,,,,,,,,
7607,300,7478,7474,7606,1,0,0,0,0,0,0,0,0,0,0,0,0,0,0,2,2,3,3,2,2,2,2,2,2,2,2,2,2,2,2,2,2,2,2,2,2,2,2,1,1,1,1,0,0,0,0,0,0,,,,,,,,,,,,,,,,,,,,,,,,,,,,,,,,,,,,,,,,,,,,,,,,
7608,1600,7609,7591,,0,0,0,0,0,0,0,0,0,0,0,0,0,0,0,1,1,1,1,1,1,1,1,1,1,1,1,1,1,1,1,1,1,1,1,1,1,1,1,1,1,0,0,0,0,0,0,0,0,,,,,,,,,,,,,,,,,,,,,,,,,,,,,,,,,,,,,,,,,,,,,,,,
7609,300,7485,7608,7606,1,0,0,0,0,0,0,0,0,0,0,0,0,0,0,2,2,2,2,2,2,2,2,2,2,2,2,2,2,2,2,2,2,2,2,2,2,2,2,1,1,1,1,0,0,0,0,0,0,,,,,,,,,,,,,,,,,,,,,,,,,,,,,,,,,,,,,,,,,,,,,,,,
7610,3500,7615,7611,,0,54,54,56,56,39,39,42,42,50,50,54,54,149,149,956,956,1147,1147,1075,1075,1033,1033,954,954,866,866,918,918,901,901,917,917,943,943,993,993,901,901,419,419,269,269,182,182,132,132,67,67,,,,,,,,,,,,,,,,,,,,,,,,,,,,,,,,,,,,,,,,,,,,,,,,
7611,1000,7610,7485,7612,1,54,54,56,56,39,39,42,42,50,50,54,54,149,149,956,956,1147,1147,1075,1075,1033,1033,954,954,866,866,918,918,901,901,917,917,943,943,993,993,901,901,419,419,269,269,182,182,132,132,67,67,,,,,,,,,,,,,,,,,,,,,,,,,,,,,,,,,,,,,,,,,,,,,,,,
7612,1200,7613,7611,,0,0,0,0,0,0,0,0,0,0,0,0,0,1,1,5,5,6,6,5,5,5,5,5,5,4,4,5,5,5,5,5,5,5,5,5,5,5,5,2,2,1,1,1,1,1,1,0,0,,,,,,,,,,,,,,,,,,,,,,,,,,,,,,,,,,,,,,,,,,,,,,,,
7613,400,7473,7612,7468,1,0,0,0,0,0,0,0,0,0,0,0,0,1,1,4,4,5,5,4,4,4,4,4,4,3,3,4,4,4,4,4,4,4,4,4,4,4,4,2,2,1,1,1,1,1,1,0,0,,,,,,,,,,,,,,,,,,,,,,,,,,,,,,,,,,,,,,,,,,,,,,,,
7614,3000,7529,7615,,0,54,54,56,56,39,39,42,42,50,50,54,54,149,149,956,956,1147,1147,1075,1075,1033,1033,954,954,866,866,918,918,901,901,917,917,943,943,993,993,901,901,419,419,269,269,182,182,132,132,67,67,,,,,,,,,,,,,,,,,,,,,,,,,,,,,,,,,,,,,,,,,,,,,,,,
7615,800,7610,7526,7614,1,0,0,0,0,0,0,0,0,0,0,0,0,1,1,5,5,6,6,6,6,5,5,5,5,5,5,5,5,5,5,5,5,5,5,5,5,5,5,2,2,1,1,1,1,1,1,0,0,,,,,,,,,,,,,,,,,,,,,,,,,,,,,,,,,,,,,,,,,,,,,,,,
7616,300,7627,7625,7428,1,0,0,0,0,0,0,0,0,0,0,0,0,0,0,2,2,2,2,2,2,2,2,2,2,2,2,2,2,2,2,2,2,2,2,2,2,2,2,1,1,1,1,0,0,0,0,0,0,,,,,,,,,,,,,,,,,,,,,,,,,,,,,,,,,,,,,,,,,,,,,,,,
7617,500,7468,7448,7624,1,54,54,56,56,39,39,42,42,50,50,54,54,149,149,956,956,1147,1147,1075,1075,1033,1033,954,954,866,866,918,918,901,901,917,917,943,943,993,993,901,901,419,419,269,269,182,182,132,132,67,67,,,,,,,,,,,,,,,,,,,,,,,,,,,,,,,,,,,,,,,,,,,,,,,,
7618,3000,7619,7563,,0,54,54,56,56,39,39,42,42,50,50,54,54,149,149,956,956,1147,1147,1075,1075,1033,1033,954,954,866,866,918,918,901,901,917,917,943,943,993,993,901,901,419,419,269,269,182,182,132,132,67,67,,,,,,,,,,,,,,,,,,,,,,,,,,,,,,,,,,,,,,,,,,,,,,,,
7619,1500,7588,7618,7483,1,54,54,56,56,39,39,42,42,50,50,54,54,149,149,956,956,1147,1147,1075,1075,1033,1033,954,954,866,866,918,918,901,901,917,917,943,943,993,993,901,901,419,419,269,269,182,182,132,132,67,67,,,,,,,,,,,,,,,,,,,,,,,,,,,,,,,,,,,,,,,,,,,,,,,,
7620,2500,,7621,,0,0,0,0,0,0,0,0,0,0,0,0,0,0,0,1138,1138,1201,1201,1284,1284,1257,1257,1168,1168,1084,1084,1145,1145,1051,1051,1179,1179,1173,1173,1211,1211,1091,1091,0,0,0,0,0,0,0,0,0,0,,,,,,,,,,,,,,,,,,,,,,,,,,,,,,,,,,,,,,,,,,,,,,,,
7621,500,7620,7433,7441,1,54,54,56,56,39,39,42,42,50,50,54,54,149,149,956,956,1147,1147,1075,1075,1033,1033,954,954,866,866,918,918,901,901,917,917,943,943,993,993,901,901,419,419,269,269,182,182,132,132,67,67,,,,,,,,,,,,,,,,,,,,,,,,,,,,,,,,,,,,,,,,,,,,,,,,
7622,600,7597,7623,,0,0,0,0,0,0,0,0,0,0,0,0,0,1,1,4,4,5,5,4,4,4,4,4,4,3,3,4,4,4,4,4,4,4,4,4,4,4,4,2,2,1,1,1,1,1,1,0,0,,,,,,,,,,,,,,,,,,,,,,,,,,,,,,,,,,,,,,,,,,,,,,,,
7623,300,7622,7433,7426,1,0,0,0,0,0,0,0,0,0,0,0,0,1,1,5,5,6,6,5,5,5,5,5,5,5,5,5,5,5,5,5,5,5,5,5,5,5,5,2,2,1,1,1,1,1,1,0,0,,,,,,,,,,,,,,,,,,,,,,,,,,,,,,,,,,,,,,,,,,,,,,,,
7624,600,7617,7625,,0,0,0,0,0,0,0,0,0,0,0,0,0,1,1,4,4,5,5,5,5,5,5,4,4,4,4,4,4,4,4,4,4,4,4,5,5,4,4,2,2,1,1,1,1,1,1,0,0,,,,,,,,,,,,,,,,,,,,,,,,,,,,,,,,,,,,,,,,,,,,,,,,
7625,300,7426,7616,7624,1,0,0,0,0,0,0,0,0,0,0,0,0,0,0,2,2,3,3,3,3,3,3,2,2,2,2,2,2,2,2,2,2,2,2,3,3,2,2,1,1,1,1,0,0,0,0,0,0,,,,,,,,,,,,,,,,,,,,,,,,,,,,,,,,,,,,,,,,,,,,,,,,
7626,600,7412,7627,,0,0,0,0,0,0,0,0,0,0,0,0,0,0,0,3,3,3,3,3,3,3,3,3,3,2,2,3,3,3,3,3,3,3,3,3,3,3,3,1,1,1,1,1,1,0,0,0,0,,,,,,,,,,,,,,,,,,,,,,,,,,,,,,,,,,,,,,,,,,,,,,,,
7627,300,7616,7626,7419;7420,2,0,0,0,0,0,0,0,0,0,0,0,0,0,0,2,2,3,3,3,3,3,3,2,2,2,2,2,2,2,2,2,2,2,2,3,3,2,2,1,1,1,1,0,0,0,0,0,0,,,,,,,,,,,,,,,,,,,,,,,,,,,,,,,,,,,,,,,,,,,,,,,,
7628,4400,7455,7629,,0,36,36,36,36,26,26,27,27,32,32,35,35,99,99,1130,1130,1253,1253,1218,1218,1203,1203,1099,1099,1048,1048,1034,1034,1066,1066,1110,1110,1105,1105,1175,1175,1113,1113,353,353,217,217,139,139,102,102,57,57,,,,,,,,,,,,,,,,,,,,,,,,,,,,,,,,,,,,,,,,,,,,,,,,
7629,800,7438,7628,7630,1,0,0,0,0,0,0,0,0,0,0,0,0,0,0,4,4,4,4,4,4,4,4,4,4,3,3,3,3,4,4,4,4,4,4,4,4,4,4,2,2,1,1,1,1,0,0,0,0,,,,,,,,,,,,,,,,,,,,,,,,,,,,,,,,,,,,,,,,,,,,,,,,
7630,4000,7631,7629,,0,36,36,36,36,26,26,27,27,32,32,35,35,99,99,1130,1130,1253,1253,1218,1218,1203,1203,1099,1099,1048,1048,1034,1034,1066,1066,1110,1110,1105,1105,1175,1175,1113,1113,353,353,217,217,139,139,102,102,57,57,,,,,,,,,,,,,,,,,,,,,,,,,,,,,,,,,,,,,,,,,,,,,,,,
7631,1000,7428,7632,7630,1,36,36,36,36,26,26,27,27,32,32,35,35,99,99,1130,1130,1253,1253,1218,1218,1203,1203,1099,1099,1048,1048,1034,1034,1066,1066,1110,1110,1105,1105,1175,1175,1113,1113,353,353,217,217,139,139,102,102,57,57,,,,,,,,,,,,,,,,,,,,,,,,,,,,,,,,,,,,,,,,,,,,,,,,
7632,2500,7633,7631,,0,36,36,36,36,26,26,27,27,32,32,35,35,99,99,1130,1130,1253,1253,1218,1218,1203,1203,1099,1099,1048,1048,1034,1034,1066,1066,1110,1110,1105,1105,1175,1175,1113,1113,353,353,217,217,139,139,102,102,57,57,,,,,,,,,,,,,,,,,,,,,,,,,,,,,,,,,,,,,,,,,,,,,,,,
7633,1000,7632,7425,7634,1,36,36,36,36,26,26,27,27,32,32,35,35,99,99,1130,1130,1253,1253,1218,1218,1203,1203,1099,1099,1048,1048,1034,1034,1066,1066,1110,1110,1105,1105,1175,1175,1113,1113,353,353,217,217,139,139,102,102,57,57,,,,,,,,,,,,,,,,,,,,,,,,,,,,,,,,,,,,,,,,,,,,,,,,
7634,4000,7633,7635,,0,36,36,36,36,26,26,27,27,32,32,35,35,99,99,1130,1130,1253,1253,1218,1218,1203,1203,1099,1099,1048,1048,1034,1034,1066,1066,1110,1110,1105,1105,1175,1175,1113,1113,353,353,217,217,139,139,102,102,57,57,,,,,,,,,,,,,,,,,,,,,,,,,,,,,,,,,,,,,,,,,,,,,,,,
7635,800,7636,7404,7634,1,0,0,0,0,0,0,0,0,0,0,0,0,0,0,3,3,3,3,3,3,3,3,3,3,3,3,3,3,3,3,3,3,3,3,3,3,3,3,1,1,1,1,0,0,0,0,0,0,,,,,,,,,,,,,,,,,,,,,,,,,,,,,,,,,,,,,,,,,,,,,,,,
7636,3500,7635,7637,,0,42,42,39,39,28,28,29,29,34,34,39,39,112,112,1343,1343,1424,1424,1347,1347,1375,1375,1229,1229,1247,1247,1096,1096,1282,1282,1299,1299,1257,1257,1375,1375,1394,1394,536,536,316,316,190,190,140,140,87,87,,,,,,,,,,,,,,,,,,,,,,,,,,,,,,,,,,,,,,,,,,,,,,,,
7637,2000,7395,7636,7638;7436,2,41,41,41,41,29,29,31,31,36,36,40,40,112,112,1104,1104,1257,1257,1162,1162,1115,1115,1057,1057,999,999,984,984,1052,1052,1084,1084,1096,1096,1169,1169,1115,1115,378,378,234,234,152,152,111,111,61,61,,,,,,,,,,,,,,,,,,,,,,,,,,,,,,,,,,,,,,,,,,,,,,,,
7638,1000,7639,7637,,0,41,41,41,41,29,29,31,31,36,36,40,40,112,112,1104,1104,1257,1257,1162,1162,1115,1115,1057,1057,999,999,984,984,1052,1052,1084,1084,1096,1096,1169,1169,1115,1115,378,378,234,234,152,152,111,111,61,61,,,,,,,,,,,,,,,,,,,,,,,,,,,,,,,,,,,,,,,,,,,,,,,,
7639,600,7640,7452,7638,1,0,0,0,0,0,0,0,0,0,0,0,0,0,0,3,3,3,3,3,3,3,3,3,3,2,2,2,2,3,3,3,3,3,3,3,3,3,3,1,1,1,1,0,0,0,0,0,0,,,,,,,,,,,,,,,,,,,,,,,,,,,,,,,,,,,,,,,,,,,,,,,,
7640,300,7641,7639,,0,0,0,0,0,0,0,0,0,0,0,0,0,0,0,2,2,3,3,2,2,2,2,2,2,2,2,2,2,2,2,2,2,2,2,2,2,2,2,1,1,0,0,0,0,0,0,0,0,,,,,,,,,,,,,,,,,,,,,,,,,,,,,,,,,,,,,,,,,,,,,,,,
7641,300,7640,7383,7866,1,0,0,0,0,0,0,0,0,0,0,0,0,0,0,2,2,3,3,3,3,2,2,2,2,2,2,2,2,2,2,2,2,2,2,2,2,2,2,1,1,1,1,0,0,0,0,0,0,,,,,,,,,,,,,,,,,,,,,,,,,,,,,,,,,,,,,,,,,,,,,,,,
7642,800,7455,7643,,0,0,0,0,0,0,0,0,0,0,0,0,0,0,0,3,3,3,3,3,3,3,3,3,3,3,3,2,2,3,3,3,3,3,3,3,3,3,3,1,1,1,1,0,0,0,0,0,0,,,,,,,,,,,,,,,,,,,,,,,,,,,,,,,,,,,,,,,,,,,,,,,,
7643,400,7642,7644,7487,1,0,0,0,0,0,0,0,0,0,0,0,0,0,0,4,4,4,4,4,4,4,4,4,4,3,3,3,3,4,4,4,4,4,4,4,4,4,4,2,2,1,1,1,1,0,0,0,0,,,,,,,,,,,,,,,,,,,,,,,,,,,,,,,,,,,,,,,,,,,,,,,,
7644,1100,7643,7645,,0,36,36,36,36,26,26,27,27,32,32,35,35,99,99,1130,1130,1253,1253,1218,1218,1203,1203,1099,1099,1048,1048,1034,1034,1066,1066,1110,1110,1105,1105,1175,1175,1113,1113,353,353,217,217,139,139,102,102,57,57,,,,,,,,,,,,,,,,,,,,,,,,,,,,,,,,,,,,,,,,,,,,,,,,
7645,1100,7644,7459,7475,1,36,36,36,36,26,26,27,27,32,32,35,35,99,99,1130,1130,1253,1253,1218,1218,1203,1203,1099,1099,1048,1048,1034,1034,1066,1066,1110,1110,1105,1105,1175,1175,1113,1113,353,353,217,217,139,139,102,102,57,57,,,,,,,,,,,,,,,,,,,,,,,,,,,,,,,,,,,,,,,,,,,,,,,,
7646,300,7647,7440,,0,0,0,0,0,0,0,0,0,0,0,0,0,0,0,3,3,3,3,3,3,3,3,3,3,3,3,3,3,3,3,3,3,3,3,3,3,3,3,1,1,1,1,0,0,0,0,0,0,,,,,,,,,,,,,,,,,,,,,,,,,,,,,,,,,,,,,,,,,,,,,,,,
7647,400,7425,7646,7436,1,0,0,0,0,0,0,0,0,0,0,0,0,0,0,2,2,2,2,2,2,2,2,2,2,2,2,2,2,2,2,2,2,2,2,2,2,2,2,1,1,1,1,0,0,0,0,0,0,,,,,,,,,,,,,,,,,,,,,,,,,,,,,,,,,,,,,,,,,,,,,,,,
7648,800,7649,7412,,0,0,0,0,0,0,0,0,0,0,0,0,0,0,0,3,3,3,3,3,3,3,3,3,3,3,3,3,3,3,3,3,3,3,3,3,3,3,3,1,1,1,1,0,0,0,0,0,0,,,,,,,,,,,,,,,,,,,,,,,,,,,,,,,,,,,,,,,,,,,,,,,,
7649,800,7648,7650,7401,1,0,0,0,0,0,0,0,0,0,0,0,0,0,0,3,3,3,3,3,3,3,3,3,3,3,3,3,3,3,3,3,3,3,3,3,3,3,3,1,1,1,1,0,0,0,0,0,0,,,,,,,,,,,,,,,,,,,,,,,,,,,,,,,,,,,,,,,,,,,,,,,,
7650,800,7651,7649,,0,0,0,0,0,0,0,0,0,0,0,0,0,0,0,2,2,3,3,3,3,3,3,2,2,2,2,2,2,2,2,2,2,2,2,3,3,2,2,1,1,0,0,0,0,0,0,0,0,,,,,,,,,,,,,,,,,,,,,,,,,,,,,,,,,,,,,,,,,,,,,,,,
7651,800,7812,7394,7650,1,0,0,0,0,0,0,0,0,0,0,0,0,0,0,2,2,2,2,2,2,2,2,2,2,2,2,2,2,2,2,2,2,2,2,2,2,2,2,1,1,0,0,0,0,0,0,0,0,,,,,,,,,,,,,,,,,,,,,,,,,,,,,,,,,,,,,,,,,,,,,,,,
7652,800,7393,7403,,0,0,0,0,0,0,0,0,0,0,0,0,0,0,0,3,3,3,3,3,3,3,3,3,3,3,3,3,3,3,3,3,3,3,3,3,3,3,3,1,1,1,1,0,0,0,0,0,0,,,,,,,,,,,,,,,,,,,,,,,,,,,,,,,,,,,,,,,,,,,,,,,,
7653,1600,7654,,,0,0,0,0,0,0,0,0,0,0,0,0,0,0,0,2,2,3,3,2,2,2,2,2,2,2,2,2,2,2,2,2,2,2,2,2,2,2,2,1,1,0,0,0,0,0,0,0,0,,,,,,,,,,,,,,,,,,,,,,,,,,,,,,,,,,,,,,,,,,,,,,,,
7654,600,7404,7653,7403,1,0,0,0,0,0,0,0,0,0,0,0,0,0,0,3,3,3,3,3,3,3,3,3,3,2,2,2,2,3,3,3,3,3,3,3,3,3,3,1,1,1,1,0,0,0,0,0,0,,,,,,,,,,,,,,,,,,,,,,,,,,,,,,,,,,,,,,,,,,,,,,,,
7655,400,7658,7656,,0,0,0,0,0,0,0,0,0,0,0,0,0,0,0,2,2,3,3,2,2,2,2,2,2,2,2,2,2,2,2,2,2,2,2,2,2,2,2,1,1,1,1,0,0,0,0,0,0,,,,,,,,,,,,,,,,,,,,,,,,,,,,,,,,,,,,,,,,,,,,,,,,
7656,300,7687,7655,7471,1,0,0,0,0,0,0,0,0,0,0,0,0,0,0,1,1,1,1,1,1,1,1,1,1,1,1,1,1,1,1,1,1,1,1,1,1,1,1,1,1,0,0,0,0,0,0,0,0,,,,,,,,,,,,,,,,,,,,,,,,,,,,,,,,,,,,,,,,,,,,,,,,
7657,800,7658,7663,,0,0,0,0,0,0,0,0,0,0,0,0,0,0,0,3,3,4,4,3,3,3,3,3,3,3,3,3,3,3,3,3,3,3,3,3,3,3,3,1,1,1,1,1,1,0,0,0,0,,,,,,,,,,,,,,,,,,,,,,,,,,,,,,,,,,,,,,,,,,,,,,,,
7658,800,7655,7657,7456,1,53,53,55,55,38,38,42,42,48,48,53,53,146,146,715,715,891,891,804,804,768,768,707,707,638,638,676,676,679,679,669,669,696,696,738,738,671,671,411,411,264,264,178,178,130,130,66,66,,,,,,,,,,,,,,,,,,,,,,,,,,,,,,,,,,,,,,,,,,,,,,,,
7659,1200,7660,7385,,0,0,0,0,0,0,0,0,0,0,0,0,0,0,0,3,3,3,3,3,3,3,3,3,3,2,2,2,2,3,3,3,3,3,3,3,3,3,3,1,1,1,1,0,0,0,0,0,0,,,,,,,,,,,,,,,,,,,,,,,,,,,,,,,,,,,,,,,,,,,,,,,,
7660,1200,7659,7661,7418,1,0,0,0,0,0,0,0,0,0,0,0,0,0,0,2,2,3,3,2,2,2,2,2,2,2,2,2,2,2,2,2,2,2,2,2,2,2,2,1,1,1,1,0,0,0,0,0,0,,,,,,,,,,,,,,,,,,,,,,,,,,,,,,,,,,,,,,,,,,,,,,,,
7661,800,7660,7662,,0,0,0,0,0,0,0,0,0,0,0,0,0,0,0,4,4,4,4,4,4,4,4,3,3,3,3,3,3,3,3,3,3,3,3,4,4,4,4,1,1,1,1,1,1,0,0,0,0,,,,,,,,,,,,,,,,,,,,,,,,,,,,,,,,,,,,,,,,,,,,,,,,
7662,1500,7661,7663,7437,1,36,36,36,36,26,26,27,27,32,32,35,35,99,99,1130,1130,1253,1253,1218,1218,1203,1203,1099,1099,1048,1048,1034,1034,1066,1066,1110,1110,1105,1105,1175,1175,1113,1113,353,353,217,217,139,139,102,102,57,57,,,,,,,,,,,,,,,,,,,,,,,,,,,,,,,,,,,,,,,,,,,,,,,,
7663,3500,7662,7657,7664,1,36,36,36,36,26,26,27,27,32,32,35,35,99,99,1130,1130,1253,1253,1218,1218,1203,1203,1099,1099,1048,1048,1034,1034,1066,1066,1110,1110,1105,1105,1175,1175,1113,1113,353,353,217,217,139,139,102,102,57,57,,,,,,,,,,,,,,,,,,,,,,,,,,,,,,,,,,,,,,,,,,,,,,,,
7664,1000,7663,7683,7665,1,36,36,36,36,26,26,27,27,32,32,35,35,99,99,1130,1130,1253,1253,1218,1218,1203,1203,1099,1099,1048,1048,1034,1034,1066,1066,1110,1110,1105,1105,1175,1175,1113,1113,353,353,217,217,139,139,102,102,57,57,,,,,,,,,,,,,,,,,,,,,,,,,,,,,,,,,,,,,,,,,,,,,,,,
7665,1200,7666,7664,,0,0,0,0,0,0,0,0,0,0,0,0,0,0,0,3,3,4,4,3,3,3,3,3,3,3,3,3,3,3,3,3,3,3,3,3,3,3,3,1,1,1,1,1,1,0,0,0,0,,,,,,,,,,,,,,,,,,,,,,,,,,,,,,,,,,,,,,,,,,,,,,,,
7666,800,7665,7442,7667,1,0,0,0,0,0,0,0,0,0,0,0,0,0,0,1,1,2,2,1,1,1,1,1,1,1,1,1,1,1,1,1,1,1,1,1,1,1,1,1,1,0,0,0,0,0,0,0,0,,,,,,,,,,,,,,,,,,,,,,,,,,,,,,,,,,,,,,,,,,,,,,,,
7667,1200,7666,7668,,0,0,0,0,0,0,0,0,0,0,0,0,0,0,0,1,1,1,1,1,1,1,1,1,1,1,1,1,1,1,1,1,1,1,1,1,1,1,1,0,0,0,0,0,0,0,0,0,0,,,,,,,,,,,,,,,,,,,,,,,,,,,,,,,,,,,,,,,,,,,,,,,,
7668,1200,7667,7669,7429,1,0,0,0,0,0,0,0,0,0,0,0,0,0,0,1,1,1,1,1,1,1,1,1,1,1,1,1,1,1,1,1,1,1,1,1,1,1,1,0,0,0,0,0,0,0,0,0,0,,,,,,,,,,,,,,,,,,,,,,,,,,,,,,,,,,,,,,,,,,,,,,,,
7669,800,7668,7670,,0,0,0,0,0,0,0,0,0,0,0,0,0,0,0,1,1,1,1,1,1,1,1,1,1,1,1,1,1,1,1,1,1,1,1,1,1,1,1,0,0,0,0,0,0,0,0,0,0,,,,,,,,,,,,,,,,,,,,,,,,,,,,,,,,,,,,,,,,,,,,,,,,
7670,300,7669,7458,7671,1,0,0,0,0,0,0,0,0,0,0,0,0,0,0,1,1,1,1,1,1,1,1,1,1,1,1,1,1,1,1,1,1,1,1,1,1,1,1,0,0,0,0,0,0,0,0,0,0,,,,,,,,,,,,,,,,,,,,,,,,,,,,,,,,,,,,,,,,,,,,,,,,
7671,1200,7672,7670,,0,0,0,0,0,0,0,0,0,0,0,0,0,0,0,1,1,2,2,1,1,1,1,1,1,1,1,1,1,1,1,1,1,1,1,1,1,1,1,1,1,0,0,0,0,0,0,0,0,,,,,,,,,,,,,,,,,,,,,,,,,,,,,,,,,,,,,,,,,,,,,,,,
7672,1200,7673,7671,7434,1,0,0,0,0,0,0,0,0,0,0,0,0,0,0,1,1,1,1,1,1,1,1,1,1,1,1,1,1,1,1,1,1,1,1,1,1,1,1,1,1,0,0,0,0,0,0,0,0,,,,,,,,,,,,,,,,,,,,,,,,,,,,,,,,,,,,,,,,,,,,,,,,
7673,800,7674,7672,,0,0,0,0,0,0,0,0,0,0,0,0,0,0,0,2,2,2,2,2,2,2,2,2,2,2,2,1,1,2,2,2,2,2,2,2,2,2,2,1,1,0,0,0,0,0,0,0,0,,,,,,,,,,,,,,,,,,,,,,,,,,,,,,,,,,,,,,,,,,,,,,,,
7674,800,7673,7675,7703,1,0,0,0,0,0,0,0,0,0,0,0,0,0,0,2,2,2,2,2,2,2,2,2,2,2,2,2,2,2,2,2,2,2,2,2,2,2,2,1,1,0,0,0,0,0,0,0,0,,,,,,,,,,,,,,,,,,,,,,,,,,,,,,,,,,,,,,,,,,,,,,,,
7675,800,7676,7674,,0,0,0,0,0,0,0,0,0,0,0,0,0,0,0,2,2,2,2,2,2,2,2,2,2,2,2,2,2,2,2,2,2,2,2,2,2,2,2,1,1,0,0,0,0,0,0,0,0,,,,,,,,,,,,,,,,,,,,,,,,,,,,,,,,,,,,,,,,,,,,,,,,
7676,800,7677,7675,7499,1,0,0,0,0,0,0,0,0,0,0,0,0,0,0,2,2,2,2,2,2,2,2,2,2,2,2,2,2,2,2,2,2,2,2,2,2,2,2,1,1,0,0,0,0,0,0,0,0,,,,,,,,,,,,,,,,,,,,,,,,,,,,,,,,,,,,,,,,,,,,,,,,
7677,800,7676,7678,,0,0,0,0,0,0,0,0,0,0,0,0,0,0,0,2,2,2,2,2,2,2,2,2,2,2,2,2,2,2,2,2,2,2,2,2,2,2,2,1,1,0,0,0,0,0,0,0,0,,,,,,,,,,,,,,,,,,,,,,,,,,,,,,,,,,,,,,,,,,,,,,,,
7678,300,7693,7679,7677,1,0,0,0,0,0,0,0,0,0,0,0,0,0,0,2,2,2,2,2,2,2,2,2,2,2,2,2,2,2,2,2,2,2,2,2,2,2,2,1,1,1,1,0,0,0,0,0,0,,,,,,,,,,,,,,,,,,,,,,,,,,,,,,,,,,,,,,,,,,,,,,,,
7679,1200,7678,7680,,0,0,0,0,0,0,0,0,0,0,0,0,0,0,0,2,2,3,3,2,2,2,2,2,2,2,2,2,2,2,2,2,2,2,2,2,2,2,2,1,1,1,1,0,0,0,0,0,0,,,,,,,,,,,,,,,,,,,,,,,,,,,,,,,,,,,,,,,,,,,,,,,,
7680,400,7443,7679,7439,1,0,0,0,0,0,0,0,0,0,0,0,0,0,0,2,2,2,2,2,2,2,2,2,2,2,2,2,2,2,2,2,2,2,2,2,2,2,2,1,1,0,0,0,0,0,0,0,0,,,,,,,,,,,,,,,,,,,,,,,,,,,,,,,,,,,,,,,,,,,,,,,,
7681,4400,,7466,7682,1,36,36,36,36,26,26,27,27,32,32,35,35,99,99,1130,1130,1253,1253,1218,1218,1203,1203,1099,1099,1048,1048,1034,1034,1066,1066,1110,1110,1105,1105,1175,1175,1113,1113,353,353,217,217,139,139,102,102,57,57,,,,,,,,,,,,,,,,,,,,,,,,,,,,,,,,,,,,,,,,,,,,,,,,
7682,300,7446,,7681,1,0,0,0,0,0,0,0,0,0,0,0,0,0,0,3,3,4,4,3,3,3,3,3,3,3,3,3,3,3,3,3,3,3,3,3,3,3,3,1,1,1,1,1,1,0,0,0,0,,,,,,,,,,,,,,,,,,,,,,,,,,,,,,,,,,,,,,,,,,,,,,,,
7683,300,7664,,7684,1,0,0,0,0,0,0,0,0,0,0,0,0,0,0,4,4,5,5,4,4,4,4,4,4,4,4,4,4,4,4,4,4,4,4,4,4,4,4,2,2,1,1,1,1,0,0,0,0,,,,,,,,,,,,,,,,,,,,,,,,,,,,,,,,,,,,,,,,,,,,,,,,
7684,800,7461,7467,7683,1,0,0,0,0,0,0,0,0,0,0,0,0,0,0,4,4,5,5,4,4,4,4,4,4,4,4,4,4,4,4,4,4,4,4,4,4,4,4,2,2,1,1,1,1,0,0,0,0,,,,,,,,,,,,,,,,,,,,,,,,,,,,,,,,,,,,,,,,,,,,,,,,
7685,1200,,7686,,0,0,0,0,0,0,0,0,0,0,0,0,0,0,0,1,1,1,1,1,1,1,1,1,1,1,1,1,1,1,1,1,1,1,1,1,1,1,1,0,0,0,0,0,0,0,0,0,0,,,,,,,,,,,,,,,,,,,,,,,,,,,,,,,,,,,,,,,,,,,,,,,,
7686,300,7685,7495,7471,1,0,0,0,0,0,0,0,0,0,0,0,0,0,0,1,1,2,2,2,2,2,2,1,1,1,1,1,1,1,1,1,1,1,1,2,2,1,1,1,1,0,0,0,0,0,0,0,0,,,,,,,,,,,,,,,,,,,,,,,,,,,,,,,,,,,,,,,,,,,,,,,,
7687,1200,7656,7688,,0,53,53,55,55,38,38,42,42,48,48,53,53,146,146,715,715,891,891,804,804,768,768,707,707,638,638,676,676,679,679,669,669,696,696,738,738,671,671,411,411,264,264,178,178,130,130,66,66,,,,,,,,,,,,,,,,,,,,,,,,,,,,,,,,,,,,,,,,,,,,,,,,
7688,400,7687,7475,7465,1,0,0,0,0,0,0,0,0,0,0,0,0,0,0,2,2,2,2,2,2,2,2,2,2,2,2,2,2,2,2,2,2,2,2,2,2,2,2,1,1,0,0,0,0,0,0,0,0,,,,,,,,,,,,,,,,,,,,,,,,,,,,,,,,,,,,,,,,,,,,,,,,
7689,4400,7690,,,0,36,36,36,36,26,26,27,27,32,32,35,35,99,99,1130,1130,1253,1253,1218,1218,1203,1203,1099,1099,1048,1048,1034,1034,1066,1066,1110,1110,1105,1105,1175,1175,1113,1113,353,353,217,217,139,139,102,102,57,57,,,,,,,,,,,,,,,,,,,,,,,,,,,,,,,,,,,,,,,,,,,,,,,,
7690,1100,7691,7689,7479,1,36,36,36,36,26,26,27,27,32,32,35,35,99,99,1130,1130,1253,1253,1218,1218,1203,1203,1099,1099,1048,1048,1034,1034,1066,1066,1110,1110,1105,1105,1175,1175,1113,1113,353,353,217,217,139,139,102,102,57,57,,,,,,,,,,,,,,,,,,,,,,,,,,,,,,,,,,,,,,,,,,,,,,,,
7691,2000,7690,7692,,0,36,36,36,36,26,26,27,27,32,32,35,35,99,99,1130,1130,1253,1253,1218,1218,1203,1203,1099,1099,1048,1048,1034,1034,1066,1066,1110,1110,1105,1105,1175,1175,1113,1113,353,353,217,217,139,139,102,102,57,57,,,,,,,,,,,,,,,,,,,,,,,,,,,,,,,,,,,,,,,,,,,,,,,,
7692,1200,7499,7691,7717,1,0,0,0,0,0,0,0,0,0,0,0,0,0,0,3,3,3,3,3,3,3,3,3,3,3,3,3,3,3,3,3,3,3,3,3,3,3,3,1,1,1,1,0,0,0,0,0,0,,,,,,,,,,,,,,,,,,,,,,,,,,,,,,,,,,,,,,,,,,,,,,,,
7693,2500,7694,7678,,0,36,36,36,36,26,26,27,27,32,32,35,35,99,99,1130,1130,1253,1253,1218,1218,1203,1203,1099,1099,1048,1048,1034,1034,1066,1066,1110,1110,1105,1105,1175,1175,1113,1113,353,353,217,217,139,139,102,102,57,57,,,,,,,,,,,,,,,,,,,,,,,,,,,,,,,,,,,,,,,,,,,,,,,,
7694,500,7695,7693,7460,1,36,36,36,36,26,26,27,27,32,32,35,35,99,99,1130,1130,1253,1253,1218,1218,1203,1203,1099,1099,1048,1048,1034,1034,1066,1066,1110,1110,1105,1105,1175,1175,1113,1113,353,353,217,217,139,139,102,102,57,57,,,,,,,,,,,,,,,,,,,,,,,,,,,,,,,,,,,,,,,,,,,,,,,,
7695,2500,7696,7694,,0,36,36,36,36,26,26,27,27,32,32,35,35,99,99,1130,1130,1253,1253,1218,1218,1203,1203,1099,1099,1048,1048,1034,1034,1066,1066,1110,1110,1105,1105,1175,1175,1113,1113,353,353,217,217,139,139,102,102,57,57,,,,,,,,,,,,,,,,,,,,,,,,,,,,,,,,,,,,,,,,,,,,,,,,
7696,300,7697,7497,7695;7480,2,0,0,0,0,0,0,0,0,0,0,0,0,0,0,2,2,2,2,2,2,2,2,2,2,2,2,2,2,2,2,2,2,2,2,2,2,2,2,1,1,1,1,0,0,0,0,0,0,,,,,,,,,,,,,,,,,,,,,,,,,,,,,,,,,,,,,,,,,,,,,,,,
7697,300,7698,7696,,0,0,0,0,0,0,0,0,0,0,0,0,0,0,0,2,2,2,2,2,2,2,2,2,2,1,1,1,1,2,2,2,2,2,2,2,2,2,2,1,1,0,0,0,0,0,0,0,0,,,,,,,,,,,,,,,,,,,,,,,,,,,,,,,,,,,,,,,,,,,,,,,,
7698,300,7484,7697,10702,1,0,0,0,0,0,0,0,0,0,0,0,0,0,0,1,1,2,2,2,2,2,2,1,1,1,1,1,1,1,1,1,1,1,1,2,2,1,1,1,1,0,0,0,0,0,0,0,0,,,,,,,,,,,,,,,,,,,,,,,,,,,,,,,,,,,,,,,,,,,,,,,,
7699,800,7700,10931,,0,0,0,0,0,0,0,0,0,0,0,0,0,0,0,4,4,5,5,4,4,4,4,4,4,4,4,4,4,4,4,4,4,4,4,4,4,4,4,2,2,1,1,1,1,0,0,0,0,,,,,,,,,,,,,,,,,,,,,,,,,,,,,,,,,,,,,,,,,,,,,,,,
77,2000,358,65,,0,27,27,28,28,20,20,21,21,25,25,27,27,74,74,1049,1049,1182,1182,1170,1170,1126,1126,1056,1056,970,970,1022,1022,982,982,1052,1052,1066,1066,1112,1112,1010,1010,210,210,134,134,91,91,66,66,34,34,,,,,,,,,,,,,,,,,,,,,,,,,,,,,,,,,,,,,,,,,,,,,,,,
7700,400,7445,7699,7701,1,0,0,0,0,0,0,0,0,0,0,0,0,0,0,4,4,4,4,4,4,4,4,4,4,4,4,3,3,4,4,4,4,4,4,4,4,4,4,2,2,1,1,1,1,0,0,0,0,,,,,,,,,,,,,,,,,,,,,,,,,,,,,,,,,,,,,,,,,,,,,,,,
7701,800,7700,7702,,0,0,0,0,0,0,0,0,0,0,0,0,0,0,0,4,4,5,5,4,4,4,4,4,4,4,4,4,4,4,4,4,4,4,4,4,4,4,4,2,2,1,1,1,1,0,0,0,0,,,,,,,,,,,,,,,,,,,,,,,,,,,,,,,,,,,,,,,,,,,,,,,,
7702,500,7450,10662,7701,1,36,36,36,36,26,26,27,27,32,32,35,35,99,99,1130,1130,1253,1253,1218,1218,1203,1203,1099,1099,1048,1048,1034,1034,1066,1066,1110,1110,1105,1105,1175,1175,1113,1113,353,353,217,217,139,139,102,102,57,57,,,,,,,,,,,,,,,,,,,,,,,,,,,,,,,,,,,,,,,,,,,,,,,,
7703,800,7674,7704,,0,0,0,0,0,0,0,0,0,0,0,0,0,0,0,1,1,2,2,1,1,1,1,1,1,1,1,1,1,1,1,1,1,1,1,1,1,1,1,1,1,0,0,0,0,0,0,0,0,,,,,,,,,,,,,,,,,,,,,,,,,,,,,,,,,,,,,,,,,,,,,,,,
7704,800,7421,7424,7703,1,0,0,0,0,0,0,0,0,0,0,0,0,0,0,1,1,1,1,1,1,1,1,1,1,1,1,1,1,1,1,1,1,1,1,1,1,1,1,0,0,0,0,0,0,0,0,0,0,,,,,,,,,,,,,,,,,,,,,,,,,,,,,,,,,,,,,,,,,,,,,,,,
7705,1200,7423,7706,,0,0,0,0,0,0,0,0,0,0,0,0,0,0,0,2,2,2,2,2,2,2,2,2,2,2,2,2,2,2,2,2,2,2,2,2,2,2,2,1,1,1,1,0,0,0,0,0,0,,,,,,,,,,,,,,,,,,,,,,,,,,,,,,,,,,,,,,,,,,,,,,,,
7706,1600,7705,7422,7439,1,0,0,0,0,0,0,0,0,0,0,0,0,0,0,2,2,2,2,2,2,2,2,2,2,2,2,2,2,2,2,2,2,2,2,2,2,2,2,1,1,0,0,0,0,0,0,0,0,,,,,,,,,,,,,,,,,,,,,,,,,,,,,,,,,,,,,,,,,,,,,,,,
7707,800,7423,10942,,0,33,33,31,31,22,22,23,23,26,26,31,31,88,88,1055,1055,1119,1119,1058,1058,1080,1080,966,966,980,980,861,861,1008,1008,1021,1021,988,988,1080,1080,1096,1096,421,421,249,249,150,150,110,110,68,68,,,,,,,,,,,,,,,,,,,,,,,,,,,,,,,,,,,,,,,,,,,,,,,,
7708,1200,7709,7410,,0,0,0,0,0,0,0,0,0,0,0,0,0,0,0,3,3,3,3,3,3,3,3,3,3,2,2,2,2,3,3,3,3,3,3,3,3,3,3,1,1,1,1,0,0,0,0,0,0,,,,,,,,,,,,,,,,,,,,,,,,,,,,,,,,,,,,,,,,,,,,,,,,
7709,400,7708,7710,7392;7405,2,0,0,0,0,0,0,0,0,0,0,0,0,0,0,2,2,2,2,2,2,2,2,2,2,2,2,2,2,2,2,2,2,2,2,2,2,2,2,1,1,0,0,0,0,0,0,0,0,,,,,,,,,,,,,,,,,,,,,,,,,,,,,,,,,,,,,,,,,,,,,,,,
7710,800,7711,7709,,0,0,0,0,0,0,0,0,0,0,0,0,0,0,0,2,2,2,2,2,2,2,2,2,2,2,2,2,2,2,2,2,2,2,2,2,2,2,2,1,1,0,0,0,0,0,0,0,0,,,,,,,,,,,,,,,,,,,,,,,,,,,,,,,,,,,,,,,,,,,,,,,,
7711,800,7386,7710,,0,0,0,0,0,0,0,0,0,0,0,0,0,0,0,2,2,2,2,2,2,2,2,2,2,2,2,2,2,2,2,2,2,2,2,2,2,2,2,1,1,0,0,0,0,0,0,0,0,,,,,,,,,,,,,,,,,,,,,,,,,,,,,,,,,,,,,,,,,,,,,,,,
7712,1200,10947,,,0,0,0,0,0,0,0,0,0,0,0,0,0,0,0,894,894,944,944,1009,1009,988,988,917,917,851,851,900,900,826,826,926,926,922,922,952,952,857,857,0,0,0,0,0,0,0,0,0,0,,,,,,,,,,,,,,,,,,,,,,,,,,,,,,,,,,,,,,,,,,,,,,,,
7713,4000,7715,7716,7402,1,41,41,41,41,29,29,31,31,36,36,40,40,112,112,1104,1104,1257,1257,1162,1162,1115,1115,1057,1057,999,999,984,984,1052,1052,1084,1084,1096,1096,1169,1169,1115,1115,378,378,234,234,152,152,111,111,61,61,,,,,,,,,,,,,,,,,,,,,,,,,,,,,,,,,,,,,,,,,,,,,,,,
7714,800,7409,7398,7715,1,0,0,0,0,0,0,0,0,0,0,0,0,0,0,3,3,3,3,3,3,3,3,3,3,2,2,2,2,3,3,3,3,3,3,3,3,3,3,1,1,1,1,0,0,0,0,0,0,,,,,,,,,,,,,,,,,,,,,,,,,,,,,,,,,,,,,,,,,,,,,,,,
7715,4000,7714,7713,,0,67,67,70,70,49,49,53,53,62,62,67,67,186,186,910,910,1134,1134,1023,1023,977,977,900,900,812,812,861,861,864,864,851,851,886,886,939,939,854,854,524,524,336,336,227,227,165,165,84,84,,,,,,,,,,,,,,,,,,,,,,,,,,,,,,,,,,,,,,,,,,,,,,,,
7716,1200,7410,7713,,0,0,0,0,0,0,0,0,0,0,0,0,0,0,0,1,1,1,1,1,1,1,1,1,1,1,1,1,1,1,1,1,1,1,1,1,1,1,1,0,0,0,0,0,0,0,0,0,0,,,,,,,,,,,,,,,,,,,,,,,,,,,,,,,,,,,,,,,,,,,,,,,,
7717,1200,7722,7692,,0,0,0,0,0,0,0,0,0,0,0,0,0,0,0,3,3,3,3,3,3,3,3,3,3,2,2,2,2,2,2,3,3,3,3,3,3,3,3,1,1,1,1,0,0,0,0,0,0,,,,,,,,,,,,,,,,,,,,,,,,,,,,,,,,,,,,,,,,,,,,,,,,
7718,300,7458,7719,7462,1,0,0,0,0,0,0,0,0,0,0,0,0,0,0,2,2,2,2,2,2,2,2,2,2,2,2,2,2,2,2,2,2,2,2,2,2,2,2,1,1,0,0,0,0,0,0,0,0,,,,,,,,,,,,,,,,,,,,,,,,,,,,,,,,,,,,,,,,,,,,,,,,
7719,300,7718,7720,,0,0,0,0,0,0,0,0,0,0,0,0,0,0,0,2,2,2,2,2,2,2,2,2,2,2,2,2,2,2,2,2,2,2,2,2,2,2,2,1,1,0,0,0,0,0,0,0,0,,,,,,,,,,,,,,,,,,,,,,,,,,,,,,,,,,,,,,,,,,,,,,,,
7720,300,7721,7719,7477,1,0,0,0,0,0,0,0,0,0,0,0,0,0,0,2,2,3,3,2,2,2,2,2,2,2,2,2,2,2,2,2,2,2,2,2,2,2,2,1,1,1,1,0,0,0,0,0,0,,,,,,,,,,,,,,,,,,,,,,,,,,,,,,,,,,,,,,,,,,,,,,,,
7721,300,7720,7722,,0,0,0,0,0,0,0,0,0,0,0,0,0,0,0,2,2,3,3,3,3,3,3,2,2,2,2,2,2,2,2,2,2,2,2,3,3,2,2,1,1,1,1,0,0,0,0,0,0,,,,,,,,,,,,,,,,,,,,,,,,,,,,,,,,,,,,,,,,,,,,,,,,
7722,300,7721,7463,7717,1,0,0,0,0,0,0,0,0,0,0,0,0,0,0,3,3,3,3,3,3,3,3,2,2,2,2,2,2,2,2,2,2,2,2,3,3,3,3,1,1,1,1,0,0,0,0,0,0,,,,,,,,,,,,,,,,,,,,,,,,,,,,,,,,,,,,,,,,,,,,,,,,
7723,4400,7724,7725,,0,32,32,31,31,22,22,23,23,27,27,31,31,87,87,1202,1202,1301,1301,1272,1272,1269,1269,1154,1154,1120,1120,1073,1073,1135,1135,1184,1184,1167,1167,1248,1248,1203,1203,355,355,214,214,133,133,98,98,58,58,,,,,,,,,,,,,,,,,,,,,,,,,,,,,,,,,,,,,,,,,,,,,,,,
7724,3000,7326,,7726;7723,2,32,32,31,31,22,22,23,23,27,27,31,31,87,87,1202,1202,1301,1301,1272,1272,1269,1269,1154,1154,1120,1120,1073,1073,1135,1135,1184,1184,1167,1167,1248,1248,1203,1203,355,355,214,214,133,133,98,98,58,58,,,,,,,,,,,,,,,,,,,,,,,,,,,,,,,,,,,,,,,,,,,,,,,,
7725,400,7723,7406,7367,1,0,0,0,0,0,0,0,0,0,0,0,0,0,0,3,3,3,3,3,3,3,3,3,3,3,3,3,3,3,3,3,3,3,3,3,3,3,3,1,1,1,1,0,0,0,0,0,0,,,,,,,,,,,,,,,,,,,,,,,,,,,,,,,,,,,,,,,,,,,,,,,,
7726,4400,7727,7724,,0,32,32,31,31,22,22,23,23,27,27,31,31,87,87,1202,1202,1301,1301,1272,1272,1269,1269,1154,1154,1120,1120,1073,1073,1135,1135,1184,1184,1167,1167,1248,1248,1203,1203,355,355,214,214,133,133,98,98,58,58,,,,,,,,,,,,,,,,,,,,,,,,,,,,,,,,,,,,,,,,,,,,,,,,
7727,800,7336,7726,7348,1,0,0,0,0,0,0,0,0,0,0,0,0,0,0,3,3,3,3,3,3,3,3,3,3,3,3,2,2,3,3,3,3,3,3,3,3,3,3,1,1,1,1,0,0,0,0,0,0,,,,,,,,,,,,,,,,,,,,,,,,,,,,,,,,,,,,,,,,,,,,,,,,
7728,1200,7301,,7729,1,0,0,0,0,0,0,0,0,0,0,0,0,0,0,1,1,1,1,1,1,1,1,1,1,1,1,1,1,1,1,1,1,1,1,1,1,1,1,0,0,0,0,0,0,0,0,0,0,,,,,,,,,,,,,,,,,,,,,,,,,,,,,,,,,,,,,,,,,,,,,,,,
7729,1200,7326,7728,7301,1,0,0,0,0,0,0,0,0,0,0,0,0,0,0,1,1,1,1,1,1,1,1,1,1,1,1,1,1,1,1,1,1,1,1,1,1,1,1,0,0,0,0,0,0,0,0,0,0,,,,,,,,,,,,,,,,,,,,,,,,,,,,,,,,,,,,,,,,,,,,,,,,
7730,1600,7323,7731,,0,0,0,0,0,0,0,0,0,0,0,0,0,0,0,3,3,3,3,3,3,3,3,3,3,3,3,2,2,3,3,3,3,3,3,3,3,3,3,1,1,1,1,0,0,0,0,0,0,,,,,,,,,,,,,,,,,,,,,,,,,,,,,,,,,,,,,,,,,,,,,,,,
7731,2000,7732,7730,7301,1,32,32,31,31,22,22,23,23,27,27,31,31,87,87,1202,1202,1301,1301,1272,1272,1269,1269,1154,1154,1120,1120,1073,1073,1135,1135,1184,1184,1167,1167,1248,1248,1203,1203,355,355,214,214,133,133,98,98,58,58,,,,,,,,,,,,,,,,,,,,,,,,,,,,,,,,,,,,,,,,,,,,,,,,
7732,1200,7731,7733,,0,0,0,0,0,0,0,0,0,0,0,0,0,0,0,3,3,3,3,3,3,3,3,3,3,3,3,2,2,3,3,3,3,3,3,3,3,3,3,1,1,1,1,0,0,0,0,0,0,,,,,,,,,,,,,,,,,,,,,,,,,,,,,,,,,,,,,,,,,,,,,,,,
7733,2500,7304,7732,7280,1,32,32,31,31,22,22,23,23,27,27,31,31,87,87,1202,1202,1301,1301,1272,1272,1269,1269,1154,1154,1120,1120,1073,1073,1135,1135,1184,1184,1167,1167,1248,1248,1203,1203,355,355,214,214,133,133,98,98,58,58,,,,,,,,,,,,,,,,,,,,,,,,,,,,,,,,,,,,,,,,,,,,,,,,
7734,800,7268,7735,,0,0,0,0,0,0,0,0,0,0,0,0,0,0,0,1,1,1,1,1,1,1,1,1,1,1,1,1,1,1,1,1,1,1,1,1,1,1,1,0,0,0,0,0,0,0,0,0,0,,,,,,,,,,,,,,,,,,,,,,,,,,,,,,,,,,,,,,,,,,,,,,,,
7735,800,7734,7263,7258,1,0,0,0,0,0,0,0,0,0,0,0,0,0,0,1,1,1,1,1,1,1,1,1,1,1,1,1,1,1,1,1,1,1,1,1,1,1,1,0,0,0,0,0,0,0,0,0,0,,,,,,,,,,,,,,,,,,,,,,,,,,,,,,,,,,,,,,,,,,,,,,,,
7736,1100,17705,7737,,0,32,32,31,31,22,22,23,23,27,27,31,31,87,87,1202,1202,1301,1301,1272,1272,1269,1269,1154,1154,1120,1120,1073,1073,1135,1135,1184,1184,1167,1167,1248,1248,1203,1203,355,355,214,214,133,133,98,98,58,58,,,,,,,,,,,,,,,,,,,,,,,,,,,,,,,,,,,,,,,,,,,,,,,,
7737,300,7265,7275,7736,1,0,0,0,0,0,0,0,0,0,0,0,0,0,0,3,3,3,3,3,3,3,3,3,3,3,3,2,2,3,3,3,3,3,3,3,3,3,3,1,1,1,1,0,0,0,0,0,0,,,,,,,,,,,,,,,,,,,,,,,,,,,,,,,,,,,,,,,,,,,,,,,,
7738,800,7261,7739,,0,0,0,0,0,0,0,0,0,0,0,0,0,0,0,2,2,2,2,2,2,2,2,2,2,2,2,2,2,2,2,2,2,2,2,2,2,2,2,1,1,0,0,0,0,0,0,0,0,,,,,,,,,,,,,,,,,,,,,,,,,,,,,,,,,,,,,,,,,,,,,,,,
7739,800,7740,7738,7293,1,0,0,0,0,0,0,0,0,0,0,0,0,0,0,2,2,2,2,2,2,2,2,2,2,2,2,2,2,2,2,2,2,2,2,2,2,2,2,1,1,0,0,0,0,0,0,0,0,,,,,,,,,,,,,,,,,,,,,,,,,,,,,,,,,,,,,,,,,,,,,,,,
7740,800,7739,7741,,0,0,0,0,0,0,0,0,0,0,0,0,0,0,0,2,2,2,2,2,2,2,2,2,2,2,2,2,2,2,2,2,2,2,2,2,2,2,2,1,1,0,0,0,0,0,0,0,0,,,,,,,,,,,,,,,,,,,,,,,,,,,,,,,,,,,,,,,,,,,,,,,,
7741,800,7740,7257,7248,1,0,0,0,0,0,0,0,0,0,0,0,0,0,0,1,1,1,1,1,1,1,1,1,1,1,1,1,1,1,1,1,1,1,1,1,1,1,1,0,0,0,0,0,0,0,0,0,0,,,,,,,,,,,,,,,,,,,,,,,,,,,,,,,,,,,,,,,,,,,,,,,,
7742,4400,7323,7743,,0,32,32,31,31,22,22,23,23,27,27,31,31,87,87,1202,1202,1301,1301,1272,1272,1269,1269,1154,1154,1120,1120,1073,1073,1135,1135,1184,1184,1167,1167,1248,1248,1203,1203,355,355,214,214,133,133,98,98,58,58,,,,,,,,,,,,,,,,,,,,,,,,,,,,,,,,,,,,,,,,,,,,,,,,
7743,2000,7293,7314,7742,1,32,32,31,31,22,22,23,23,27,27,31,31,87,87,1202,1202,1301,1301,1272,1272,1269,1269,1154,1154,1120,1120,1073,1073,1135,1135,1184,1184,1167,1167,1248,1248,1203,1203,355,355,214,214,133,133,98,98,58,58,,,,,,,,,,,,,,,,,,,,,,,,,,,,,,,,,,,,,,,,,,,,,,,,
7744,1200,7277,7745,,0,0,0,0,0,0,0,0,0,0,0,0,0,0,0,2,2,2,2,2,2,2,2,2,2,2,2,2,2,2,2,2,2,2,2,2,2,2,2,1,1,0,0,0,0,0,0,0,0,,,,,,,,,,,,,,,,,,,,,,,,,,,,,,,,,,,,,,,,,,,,,,,,
7745,1200,7251,7744,7257,1,0,0,0,0,0,0,0,0,0,0,0,0,0,0,2,2,2,2,2,2,2,2,2,2,2,2,2,2,2,2,2,2,2,2,2,2,2,2,1,1,0,0,0,0,0,0,0,0,,,,,,,,,,,,,,,,,,,,,,,,,,,,,,,,,,,,,,,,,,,,,,,,
7746,1600,7747,7261,,0,0,0,0,0,0,0,0,0,0,0,0,0,0,0,2,2,2,2,2,2,2,2,2,2,2,2,2,2,2,2,2,2,2,2,2,2,2,2,1,1,0,0,0,0,0,0,0,0,,,,,,,,,,,,,,,,,,,,,,,,,,,,,,,,,,,,,,,,,,,,,,,,
7747,2500,7748,7235,7746,1,32,32,31,31,22,22,23,23,27,27,31,31,87,87,1202,1202,1301,1301,1272,1272,1269,1269,1154,1154,1120,1120,1073,1073,1135,1135,1184,1184,1167,1167,1248,1248,1203,1203,355,355,214,214,133,133,98,98,58,58,,,,,,,,,,,,,,,,,,,,,,,,,,,,,,,,,,,,,,,,,,,,,,,,
7748,400,7749,7747,,0,0,0,0,0,0,0,0,0,0,0,0,0,0,0,3,3,3,3,3,3,3,3,3,3,3,3,3,3,3,3,3,3,3,3,3,3,3,3,1,1,1,1,0,0,0,0,0,0,,,,,,,,,,,,,,,,,,,,,,,,,,,,,,,,,,,,,,,,,,,,,,,,
7749,1200,7234,7748,7750,1,0,0,0,0,0,0,0,0,0,0,0,0,0,0,3,3,3,3,3,3,3,3,3,3,3,3,3,3,3,3,3,3,3,3,3,3,3,3,1,1,1,1,0,0,0,0,0,0,,,,,,,,,,,,,,,,,,,,,,,,,,,,,,,,,,,,,,,,,,,,,,,,
7750,1600,7751,7749,,0,0,0,0,0,0,0,0,0,0,0,0,0,0,0,2,2,2,2,2,2,2,2,2,2,2,2,2,2,2,2,2,2,2,2,2,2,2,2,1,1,0,0,0,0,0,0,0,0,,,,,,,,,,,,,,,,,,,,,,,,,,,,,,,,,,,,,,,,,,,,,,,,
7751,1200,7752,7220,7252;7750,2,0,0,0,0,0,0,0,0,0,0,0,0,0,0,2,2,2,2,2,2,2,2,1,1,1,1,1,1,1,1,2,2,1,1,2,2,2,2,0,0,0,0,0,0,0,0,0,0,,,,,,,,,,,,,,,,,,,,,,,,,,,,,,,,,,,,,,,,,,,,,,,,
7752,1600,7751,7753,,0,0,0,0,0,0,0,0,0,0,0,0,0,0,0,1,1,2,2,2,2,2,2,1,1,1,1,1,1,1,1,1,1,1,1,1,1,1,1,0,0,0,0,0,0,0,0,0,0,,,,,,,,,,,,,,,,,,,,,,,,,,,,,,,,,,,,,,,,,,,,,,,,
7753,300,7205,7212,7752,1,0,0,0,0,0,0,0,0,0,0,0,0,0,0,1,1,1,1,1,1,1,1,1,1,1,1,1,1,1,1,1,1,1,1,1,1,1,1,0,0,0,0,0,0,0,0,0,0,,,,,,,,,,,,,,,,,,,,,,,,,,,,,,,,,,,,,,,,,,,,,,,,
7754,800,7230,7755,,0,0,0,0,0,0,0,0,0,0,0,0,0,0,0,1,1,1,1,1,1,1,1,1,1,1,1,1,1,1,1,1,1,1,1,1,1,1,1,0,0,0,0,0,0,0,0,0,0,,,,,,,,,,,,,,,,,,,,,,,,,,,,,,,,,,,,,,,,,,,,,,,,
7755,800,7224,7754,7212,1,0,0,0,0,0,0,0,0,0,0,0,0,0,0,2,2,2,2,2,2,2,2,1,1,1,1,1,1,1,1,1,1,1,1,2,2,2,2,0,0,0,0,0,0,0,0,0,0,,,,,,,,,,,,,,,,,,,,,,,,,,,,,,,,,,,,,,,,,,,,,,,,
7756,1600,7227,7757,,0,0,0,0,0,0,0,0,0,0,0,0,0,0,0,2,2,2,2,2,2,2,2,2,2,2,2,1,1,2,2,2,2,2,2,2,2,2,2,1,1,0,0,0,0,0,0,0,0,,,,,,,,,,,,,,,,,,,,,,,,,,,,,,,,,,,,,,,,,,,,,,,,
7757,1100,7339,7756,7247,1,32,32,31,31,22,22,23,23,27,27,31,31,87,87,1202,1202,1301,1301,1272,1272,1269,1269,1154,1154,1120,1120,1073,1073,1135,1135,1184,1184,1167,1167,1248,1248,1203,1203,355,355,214,214,133,133,98,98,58,58,,,,,,,,,,,,,,,,,,,,,,,,,,,,,,,,,,,,,,,,,,,,,,,,
7758,4000,7277,7759,,0,32,32,31,31,22,22,23,23,27,27,31,31,87,87,1202,1202,1301,1301,1272,1272,1269,1269,1154,1154,1120,1120,1073,1073,1135,1135,1184,1184,1167,1167,1248,1248,1203,1203,355,355,214,214,133,133,98,98,58,58,,,,,,,,,,,,,,,,,,,,,,,,,,,,,,,,,,,,,,,,,,,,,,,,
7759,2500,7247,7760,7269;7758,2,32,32,31,31,22,22,23,23,27,27,31,31,87,87,1202,1202,1301,1301,1272,1272,1269,1269,1154,1154,1120,1120,1073,1073,1135,1135,1184,1184,1167,1167,1248,1248,1203,1203,355,355,214,214,133,133,98,98,58,58,,,,,,,,,,,,,,,,,,,,,,,,,,,,,,,,,,,,,,,,,,,,,,,,
7760,800,7759,7761,,0,0,0,0,0,0,0,0,0,0,0,0,0,0,0,3,3,3,3,3,3,3,3,2,2,2,2,2,2,2,2,2,2,2,2,3,3,3,3,1,1,0,0,0,0,0,0,0,0,,,,,,,,,,,,,,,,,,,,,,,,,,,,,,,,,,,,,,,,,,,,,,,,
7761,1200,7225,7760,7219,1,0,0,0,0,0,0,0,0,0,0,0,0,0,0,2,2,2,2,2,2,2,2,2,2,2,2,2,2,2,2,2,2,2,2,2,2,2,2,1,1,0,0,0,0,0,0,0,0,,,,,,,,,,,,,,,,,,,,,,,,,,,,,,,,,,,,,,,,,,,,,,,,
7762,2500,7763,7575,,0,32,32,31,31,22,22,23,23,27,27,31,31,87,87,1202,1202,1301,1301,1272,1272,1269,1269,1154,1154,1120,1120,1073,1073,1135,1135,1184,1184,1167,1167,1248,1248,1203,1203,355,355,214,214,133,133,98,98,58,58,,,,,,,,,,,,,,,,,,,,,,,,,,,,,,,,,,,,,,,,,,,,,,,,
7763,300,7362,7762,7764,1,0,0,0,0,0,0,0,0,0,0,0,0,0,0,2,2,2,2,2,2,2,2,2,2,2,2,2,2,2,2,2,2,2,2,2,2,2,2,1,1,0,0,0,0,0,0,0,0,,,,,,,,,,,,,,,,,,,,,,,,,,,,,,,,,,,,,,,,,,,,,,,,
7764,2500,7765,7763,,0,0,0,0,0,0,0,0,0,0,0,0,0,0,0,1138,1138,1201,1201,1284,1284,1257,1257,1168,1168,1084,1084,1145,1145,1051,1051,1179,1179,1173,1173,1211,1211,1091,1091,0,0,0,0,0,0,0,0,0,0,,,,,,,,,,,,,,,,,,,,,,,,,,,,,,,,,,,,,,,,,,,,,,,,
7765,300,7764,7327,7766,1,0,0,0,0,0,0,0,0,0,0,0,0,0,0,2,2,3,3,3,3,3,3,2,2,2,2,2,2,2,2,2,2,2,2,3,3,3,3,1,1,0,0,0,0,0,0,0,0,,,,,,,,,,,,,,,,,,,,,,,,,,,,,,,,,,,,,,,,,,,,,,,,
7766,2500,7767,7765,,0,32,32,31,31,22,22,23,23,27,27,31,31,87,87,1202,1202,1301,1301,1272,1272,1269,1269,1154,1154,1120,1120,1073,1073,1135,1135,1184,1184,1167,1167,1248,1248,1203,1203,355,355,214,214,133,133,98,98,58,58,,,,,,,,,,,,,,,,,,,,,,,,,,,,,,,,,,,,,,,,,,,,,,,,
7767,800,7798,7766,7768,1,33,33,31,31,22,22,23,23,26,26,31,31,88,88,1055,1055,1119,1119,1058,1058,1080,1080,966,966,980,980,861,861,1008,1008,1021,1021,988,988,1080,1080,1096,1096,421,421,249,249,150,150,110,110,68,68,,,,,,,,,,,,,,,,,,,,,,,,,,,,,,,,,,,,,,,,,,,,,,,,
7768,3000,7769,7767,,0,0,0,0,0,0,0,0,0,0,0,0,0,0,0,1138,1138,1201,1201,1284,1284,1257,1257,1168,1168,1084,1084,1145,1145,1051,1051,1179,1179,1173,1173,1211,1211,1091,1091,0,0,0,0,0,0,0,0,0,0,,,,,,,,,,,,,,,,,,,,,,,,,,,,,,,,,,,,,,,,,,,,,,,,
7769,800,7302,7768,7493,1,0,0,0,0,0,0,0,0,0,0,0,0,0,0,2,2,3,3,2,2,2,2,2,2,2,2,2,2,2,2,2,2,2,2,2,2,2,2,1,1,0,0,0,0,0,0,0,0,,,,,,,,,,,,,,,,,,,,,,,,,,,,,,,,,,,,,,,,,,,,,,,,
7770,4400,7771,7273,,0,32,32,31,31,22,22,23,23,27,27,31,31,87,87,1202,1202,1301,1301,1272,1272,1269,1269,1154,1154,1120,1120,1073,1073,1135,1135,1184,1184,1167,1167,1248,1248,1203,1203,355,355,214,214,133,133,98,98,58,58,,,,,,,,,,,,,,,,,,,,,,,,,,,,,,,,,,,,,,,,,,,,,,,,
7771,300,7305,7808,7770,1,0,0,0,0,0,0,0,0,0,0,0,0,0,0,3,3,3,3,3,3,3,3,3,3,3,3,2,2,3,3,3,3,3,3,3,3,3,3,1,1,1,1,0,0,0,0,0,0,,,,,,,,,,,,,,,,,,,,,,,,,,,,,,,,,,,,,,,,,,,,,,,,
7772,1200,7273,7773,,0,0,0,0,0,0,0,0,0,0,0,0,0,0,0,3,3,3,3,3,3,3,3,2,2,2,2,2,2,2,2,3,3,2,2,3,3,3,3,1,1,0,0,0,0,0,0,0,0,,,,,,,,,,,,,,,,,,,,,,,,,,,,,,,,,,,,,,,,,,,,,,,,
7773,400,7772,7294,7774,1,0,0,0,0,0,0,0,0,0,0,0,0,0,0,2,2,2,2,2,2,2,2,2,2,2,2,2,2,2,2,2,2,2,2,2,2,2,2,1,1,0,0,0,0,0,0,0,0,,,,,,,,,,,,,,,,,,,,,,,,,,,,,,,,,,,,,,,,,,,,,,,,
7774,2500,7775,7773,,0,32,32,31,31,22,22,23,23,27,27,31,31,87,87,1202,1202,1301,1301,1272,1272,1269,1269,1154,1154,1120,1120,1073,1073,1135,1135,1184,1184,1167,1167,1248,1248,1203,1203,355,355,214,214,133,133,98,98,58,58,,,,,,,,,,,,,,,,,,,,,,,,,,,,,,,,,,,,,,,,,,,,,,,,
7775,800,7250,7774,7776,1,0,0,0,0,0,0,0,0,0,0,0,0,0,0,3,3,3,3,3,3,3,3,2,2,2,2,2,2,2,2,3,3,2,2,3,3,3,3,1,1,0,0,0,0,0,0,0,0,,,,,,,,,,,,,,,,,,,,,,,,,,,,,,,,,,,,,,,,,,,,,,,,
7776,2500,,7775,,0,42,42,39,39,28,28,29,29,34,34,39,39,112,112,1343,1343,1424,1424,1347,1347,1375,1375,1229,1229,1247,1247,1096,1096,1282,1282,1299,1299,1257,1257,1375,1375,1394,1394,536,536,316,316,190,190,140,140,87,87,,,,,,,,,,,,,,,,,,,,,,,,,,,,,,,,,,,,,,,,,,,,,,,,
7777,800,,7256,7778,1,0,0,0,0,0,0,0,0,0,0,0,0,0,0,2,2,3,3,2,2,2,2,2,2,2,2,2,2,2,2,2,2,2,2,2,2,2,2,1,1,1,1,0,0,0,0,0,0,,,,,,,,,,,,,,,,,,,,,,,,,,,,,,,,,,,,,,,,,,,,,,,,
7778,3000,7777,7779,7244,1,41,41,41,41,29,29,31,31,36,36,40,40,112,112,1104,1104,1257,1257,1162,1162,1115,1115,1057,1057,999,999,984,984,1052,1052,1084,1084,1096,1096,1169,1169,1115,1115,378,378,234,234,152,152,111,111,61,61,,,,,,,,,,,,,,,,,,,,,,,,,,,,,,,,,,,,,,,,,,,,,,,,
7779,1600,7202,7244,7780;7778,2,0,0,0,0,0,0,0,0,0,0,0,0,0,0,2,2,3,3,3,3,3,3,2,2,2,2,2,2,2,2,2,2,2,2,3,3,2,2,1,1,1,1,0,0,0,0,0,0,,,,,,,,,,,,,,,,,,,,,,,,,,,,,,,,,,,,,,,,,,,,,,,,
7780,2500,7779,7781,,0,41,41,41,41,29,29,31,31,36,36,40,40,112,112,1104,1104,1257,1257,1162,1162,1115,1115,1057,1057,999,999,984,984,1052,1052,1084,1084,1096,1096,1169,1169,1115,1115,378,378,234,234,152,152,111,111,61,61,,,,,,,,,,,,,,,,,,,,,,,,,,,,,,,,,,,,,,,,,,,,,,,,
7781,400,7232,7194,7782;7780,2,0,0,0,0,0,0,0,0,0,0,0,0,0,0,3,3,3,3,3,3,3,3,3,3,2,2,2,2,3,3,3,3,3,3,3,3,3,3,1,1,1,1,0,0,0,0,0,0,,,,,,,,,,,,,,,,,,,,,,,,,,,,,,,,,,,,,,,,,,,,,,,,
7782,3000,7781,7783,,0,41,41,41,41,29,29,31,31,36,36,40,40,112,112,1104,1104,1257,1257,1162,1162,1115,1115,1057,1057,999,999,984,984,1052,1052,1084,1084,1096,1096,1169,1169,1115,1115,378,378,234,234,152,152,111,111,61,61,,,,,,,,,,,,,,,,,,,,,,,,,,,,,,,,,,,,,,,,,,,,,,,,
7783,800,7206,7782,7784,1,0,0,0,0,0,0,0,0,0,0,0,0,0,0,2,2,2,2,2,2,2,2,2,2,2,2,2,2,2,2,2,2,2,2,2,2,2,2,1,1,0,0,0,0,0,0,0,0,,,,,,,,,,,,,,,,,,,,,,,,,,,,,,,,,,,,,,,,,,,,,,,,
7784,2500,7785,7783,,0,41,41,41,41,29,29,31,31,36,36,40,40,112,112,1104,1104,1257,1257,1162,1162,1115,1115,1057,1057,999,999,984,984,1052,1052,1084,1084,1096,1096,1169,1169,1115,1115,378,378,234,234,152,152,111,111,61,61,,,,,,,,,,,,,,,,,,,,,,,,,,,,,,,,,,,,,,,,,,,,,,,,
7785,800,7241,7784,12064,1,0,0,0,0,0,0,0,0,0,0,0,0,0,0,4,4,5,5,4,4,4,4,4,4,4,4,4,4,4,4,4,4,4,4,4,4,4,4,2,2,1,1,1,1,0,0,0,0,,,,,,,,,,,,,,,,,,,,,,,,,,,,,,,,,,,,,,,,,,,,,,,,
7786,300,7369,,7787,1,0,0,0,0,0,0,0,0,0,0,0,0,0,0,1,1,1,1,1,1,1,1,1,1,1,1,1,1,1,1,1,1,1,1,1,1,1,1,0,0,0,0,0,0,0,0,0,0,,,,,,,,,,,,,,,,,,,,,,,,,,,,,,,,,,,,,,,,,,,,,,,,
7787,300,7379,7786,7369,1,0,0,0,0,0,0,0,0,0,0,0,0,0,0,1,1,1,1,1,1,1,1,1,1,1,1,1,1,1,1,1,1,1,1,1,1,1,1,0,0,0,0,0,0,0,0,0,0,,,,,,,,,,,,,,,,,,,,,,,,,,,,,,,,,,,,,,,,,,,,,,,,
7788,800,7789,7381,,0,0,0,0,0,0,0,0,0,0,0,0,0,0,0,1,1,1,1,1,1,1,1,1,1,1,1,1,1,1,1,1,1,1,1,1,1,1,1,0,0,0,0,0,0,0,0,0,0,,,,,,,,,,,,,,,,,,,,,,,,,,,,,,,,,,,,,,,,,,,,,,,,
7789,300,7790,7359,7788,1,0,0,0,0,0,0,0,0,0,0,0,0,0,0,1,1,1,1,1,1,1,1,1,1,1,1,1,1,1,1,1,1,1,1,1,1,1,1,0,0,0,0,0,0,0,0,0,0,,,,,,,,,,,,,,,,,,,,,,,,,,,,,,,,,,,,,,,,,,,,,,,,
7790,600,7791,7789,,0,0,0,0,0,0,0,0,0,0,0,0,0,0,0,1,1,1,1,1,1,1,1,1,1,1,1,1,1,1,1,1,1,1,1,1,1,1,1,0,0,0,0,0,0,0,0,0,0,,,,,,,,,,,,,,,,,,,,,,,,,,,,,,,,,,,,,,,,,,,,,,,,
7791,600,7790,7792,7368,1,0,0,0,0,0,0,0,0,0,0,0,0,0,0,2,2,2,2,2,2,2,2,2,2,1,1,1,1,2,2,2,2,2,2,2,2,2,2,1,1,0,0,0,0,0,0,0,0,,,,,,,,,,,,,,,,,,,,,,,,,,,,,,,,,,,,,,,,,,,,,,,,
7792,300,7791,7793,,0,0,0,0,0,0,0,0,0,0,0,0,0,0,0,2,2,2,2,2,2,2,2,2,2,2,2,2,2,2,2,2,2,2,2,2,2,2,2,1,1,0,0,0,0,0,0,0,0,,,,,,,,,,,,,,,,,,,,,,,,,,,,,,,,,,,,,,,,,,,,,,,,
7793,600,7380,7792,7353,1,0,0,0,0,0,0,0,0,0,0,0,0,0,0,2,2,2,2,2,2,2,2,2,2,2,2,2,2,2,2,2,2,2,2,2,2,2,2,1,1,0,0,0,0,0,0,0,0,,,,,,,,,,,,,,,,,,,,,,,,,,,,,,,,,,,,,,,,,,,,,,,,
7794,300,,7795,,0,0,0,0,0,0,0,0,0,0,0,0,0,0,0,1,1,1,1,1,1,1,1,1,1,1,1,1,1,1,1,1,1,1,1,1,1,1,1,0,0,0,0,0,0,0,0,0,0,,,,,,,,,,,,,,,,,,,,,,,,,,,,,,,,,,,,,,,,,,,,,,,,
7795,800,7353,7794,7345,1,0,0,0,0,0,0,0,0,0,0,0,0,0,0,1,1,2,2,1,1,2,2,1,1,1,1,1,1,1,1,1,1,1,1,1,1,1,1,0,0,0,0,0,0,0,0,0,0,,,,,,,,,,,,,,,,,,,,,,,,,,,,,,,,,,,,,,,,,,,,,,,,
7796,4400,7559,7797,,0,42,42,39,39,28,28,29,29,34,34,39,39,112,112,1343,1343,1424,1424,1347,1347,1375,1375,1229,1229,1247,1247,1096,1096,1282,1282,1299,1299,1257,1257,1375,1375,1394,1394,536,536,316,316,190,190,140,140,87,87,,,,,,,,,,,,,,,,,,,,,,,,,,,,,,,,,,,,,,,,,,,,,,,,
7797,1100,7796,7457,7346,1,32,32,31,31,22,22,23,23,27,27,31,31,87,87,1202,1202,1301,1301,1272,1272,1269,1269,1154,1154,1120,1120,1073,1073,1135,1135,1184,1184,1167,1167,1248,1248,1203,1203,355,355,214,214,133,133,98,98,58,58,,,,,,,,,,,,,,,,,,,,,,,,,,,,,,,,,,,,,,,,,,,,,,,,
7798,800,7767,7799,,0,0,0,0,0,0,0,0,0,0,0,0,0,0,0,2,2,2,2,2,2,2,2,2,2,2,2,1,1,2,2,2,2,2,2,2,2,2,2,1,1,0,0,0,0,0,0,0,0,,,,,,,,,,,,,,,,,,,,,,,,,,,,,,,,,,,,,,,,,,,,,,,,
7799,300,7321,7798,7800,1,0,0,0,0,0,0,0,0,0,0,0,0,0,0,1,1,1,1,1,1,1,1,1,1,1,1,1,1,1,1,1,1,1,1,1,1,1,1,0,0,0,0,0,0,0,0,0,0,,,,,,,,,,,,,,,,,,,,,,,,,,,,,,,,,,,,,,,,,,,,,,,,
78,1200,376,59,,0,0,0,0,0,0,0,0,0,0,0,0,0,1,1,5,5,6,6,6,6,6,6,5,5,5,5,5,5,5,5,5,5,5,5,5,5,5,5,2,2,1,1,1,1,1,1,0,0,,,,,,,,,,,,,,,,,,,,,,,,,,,,,,,,,,,,,,,,,,,,,,,,
7800,300,7799,7801,,0,0,0,0,0,0,0,0,0,0,0,0,0,0,0,1,1,1,1,1,1,1,1,1,1,1,1,1,1,1,1,1,1,1,1,1,1,1,1,0,0,0,0,0,0,0,0,0,0,,,,,,,,,,,,,,,,,,,,,,,,,,,,,,,,,,,,,,,,,,,,,,,,
7801,400,7341,7800,7342,1,0,0,0,0,0,0,0,0,0,0,0,0,0,0,1,1,1,1,1,1,1,1,1,1,1,1,1,1,1,1,1,1,1,1,1,1,1,1,0,0,0,0,0,0,0,0,0,0,,,,,,,,,,,,,,,,,,,,,,,,,,,,,,,,,,,,,,,,,,,,,,,,
7802,800,7344,7803,,0,0,0,0,0,0,0,0,0,0,0,0,0,0,0,3,3,3,3,3,3,3,3,3,3,3,3,2,2,3,3,3,3,3,3,3,3,3,3,1,1,1,1,0,0,0,0,0,0,,,,,,,,,,,,,,,,,,,,,,,,,,,,,,,,,,,,,,,,,,,,,,,,
7803,800,7802,7804,7347,1,0,0,0,0,0,0,0,0,0,0,0,0,0,0,2,2,2,2,2,2,2,2,2,2,2,2,2,2,2,2,2,2,2,2,2,2,2,2,1,1,0,0,0,0,0,0,0,0,,,,,,,,,,,,,,,,,,,,,,,,,,,,,,,,,,,,,,,,,,,,,,,,
7804,800,7805,7803,,0,0,0,0,0,0,0,0,0,0,0,0,0,0,0,1,1,1,1,1,1,1,1,1,1,1,1,1,1,1,1,1,1,1,1,1,1,1,1,0,0,0,0,0,0,0,0,0,0,,,,,,,,,,,,,,,,,,,,,,,,,,,,,,,,,,,,,,,,,,,,,,,,
7805,400,7340,7804,7806;7325,2,0,0,0,0,0,0,0,0,0,0,0,0,0,0,1,1,1,1,1,1,1,1,1,1,1,1,1,1,1,1,1,1,1,1,1,1,1,1,0,0,0,0,0,0,0,0,0,0,,,,,,,,,,,,,,,,,,,,,,,,,,,,,,,,,,,,,,,,,,,,,,,,
7806,800,7805,7807,,0,0,0,0,0,0,0,0,0,0,0,0,0,0,0,1,1,1,1,1,1,1,1,1,1,1,1,1,1,1,1,1,1,1,1,1,1,1,1,0,0,0,0,0,0,0,0,0,0,,,,,,,,,,,,,,,,,,,,,,,,,,,,,,,,,,,,,,,,,,,,,,,,
7807,400,7316,7806,7317,1,0,0,0,0,0,0,0,0,0,0,0,0,0,0,1,1,1,1,1,1,1,1,1,1,1,1,1,1,1,1,1,1,1,1,1,1,1,1,0,0,0,0,0,0,0,0,0,0,,,,,,,,,,,,,,,,,,,,,,,,,,,,,,,,,,,,,,,,,,,,,,,,
7808,300,7809,7771,,0,0,0,0,0,0,0,0,0,0,0,0,0,0,0,2,2,2,2,2,2,2,2,2,2,2,2,2,2,2,2,2,2,2,2,2,2,2,2,1,1,0,0,0,0,0,0,0,0,,,,,,,,,,,,,,,,,,,,,,,,,,,,,,,,,,,,,,,,,,,,,,,,
7809,300,7808,7810,7316,1,0,0,0,0,0,0,0,0,0,0,0,0,0,0,1,1,1,1,1,1,1,1,1,1,1,1,1,1,1,1,1,1,1,1,1,1,1,1,0,0,0,0,0,0,0,0,0,0,,,,,,,,,,,,,,,,,,,,,,,,,,,,,,,,,,,,,,,,,,,,,,,,
7810,300,7811,7809,,0,0,0,0,0,0,0,0,0,0,0,0,0,0,0,1,1,1,1,1,1,1,1,1,1,1,1,1,1,1,1,1,1,1,1,1,1,1,1,0,0,0,0,0,0,0,0,0,0,,,,,,,,,,,,,,,,,,,,,,,,,,,,,,,,,,,,,,,,,,,,,,,,
7811,300,7302,7810,7321,1,0,0,0,0,0,0,0,0,0,0,0,0,0,0,1,1,1,1,1,1,1,1,1,1,1,1,1,1,1,1,1,1,1,1,1,1,1,1,0,0,0,0,0,0,0,0,0,0,,,,,,,,,,,,,,,,,,,,,,,,,,,,,,,,,,,,,,,,,,,,,,,,
7812,800,7813,7651,,0,0,0,0,0,0,0,0,0,0,0,0,0,0,0,2,2,2,2,2,2,2,2,2,2,2,2,2,2,2,2,2,2,2,2,2,2,2,2,1,1,0,0,0,0,0,0,0,0,,,,,,,,,,,,,,,,,,,,,,,,,,,,,,,,,,,,,,,,,,,,,,,,
7813,300,7378,7812,7814,1,0,0,0,0,0,0,0,0,0,0,0,0,0,0,3,3,3,3,3,3,3,3,2,2,2,2,2,2,2,2,3,3,2,2,3,3,3,3,1,1,0,0,0,0,0,0,0,0,,,,,,,,,,,,,,,,,,,,,,,,,,,,,,,,,,,,,,,,,,,,,,,,
7814,800,7815,7813,,0,0,0,0,0,0,0,0,0,0,0,0,0,0,0,2,2,3,3,2,2,2,2,2,2,2,2,2,2,2,2,2,2,2,2,2,2,2,2,1,1,0,0,0,0,0,0,0,0,,,,,,,,,,,,,,,,,,,,,,,,,,,,,,,,,,,,,,,,,,,,,,,,
7815,800,7814,7816,7358,1,0,0,0,0,0,0,0,0,0,0,0,0,0,0,2,2,2,2,2,2,2,2,2,2,2,2,2,2,2,2,2,2,2,2,2,2,2,2,1,1,0,0,0,0,0,0,0,0,,,,,,,,,,,,,,,,,,,,,,,,,,,,,,,,,,,,,,,,,,,,,,,,
7816,800,7815,7817,,0,0,0,0,0,0,0,0,0,0,0,0,0,0,0,2,2,2,2,2,2,2,2,2,2,2,2,2,2,2,2,2,2,2,2,2,2,2,2,1,1,0,0,0,0,0,0,0,0,,,,,,,,,,,,,,,,,,,,,,,,,,,,,,,,,,,,,,,,,,,,,,,,
7817,400,7818,7347,7816,1,0,0,0,0,0,0,0,0,0,0,0,0,0,0,3,3,3,3,3,3,3,3,3,3,3,3,2,2,3,3,3,3,3,3,3,3,3,3,1,1,1,1,0,0,0,0,0,0,,,,,,,,,,,,,,,,,,,,,,,,,,,,,,,,,,,,,,,,,,,,,,,,
7818,800,7817,7819,,0,33,33,31,31,22,22,23,23,26,26,31,31,88,88,1055,1055,1119,1119,1058,1058,1080,1080,966,966,980,980,861,861,1008,1008,1021,1021,988,988,1080,1080,1096,1096,421,421,249,249,150,150,110,110,68,68,,,,,,,,,,,,,,,,,,,,,,,,,,,,,,,,,,,,,,,,,,,,,,,,
7819,800,7408,7818,7377,1,0,0,0,0,0,0,0,0,0,0,0,0,0,0,1,1,1,1,1,1,1,1,1,1,1,1,1,1,1,1,1,1,1,1,1,1,1,1,0,0,0,0,0,0,0,0,0,0,,,,,,,,,,,,,,,,,,,,,,,,,,,,,,,,,,,,,,,,,,,,,,,,
7820,2000,7334,7821,,0,41,41,41,41,29,29,31,31,36,36,40,40,112,112,1104,1104,1257,1257,1162,1162,1115,1115,1057,1057,999,999,984,984,1052,1052,1084,1084,1096,1096,1169,1169,1115,1115,378,378,234,234,152,152,111,111,61,61,,,,,,,,,,,,,,,,,,,,,,,,,,,,,,,,,,,,,,,,,,,,,,,,
7821,300,7330,7820,7319,1,0,0,0,0,0,0,0,0,0,0,0,0,0,0,2,2,3,3,3,3,2,2,2,2,2,2,2,2,2,2,2,2,2,2,3,3,2,2,1,1,1,1,0,0,0,0,0,0,,,,,,,,,,,,,,,,,,,,,,,,,,,,,,,,,,,,,,,,,,,,,,,,
7822,400,7306,7823,,0,0,0,0,0,0,0,0,0,0,0,0,0,0,0,0,0,1,1,0,0,0,0,0,0,0,0,0,0,0,0,0,0,0,0,0,0,0,0,0,0,0,0,0,0,0,0,0,0,,,,,,,,,,,,,,,,,,,,,,,,,,,,,,,,,,,,,,,,,,,,,,,,
7823,300,7294,7824,7822,1,0,0,0,0,0,0,0,0,0,0,0,0,0,0,0,0,1,1,0,0,0,0,0,0,0,0,0,0,0,0,0,0,0,0,0,0,0,0,0,0,0,0,0,0,0,0,0,0,,,,,,,,,,,,,,,,,,,,,,,,,,,,,,,,,,,,,,,,,,,,,,,,
7824,600,7827,7823,,0,0,0,0,0,0,0,0,0,0,0,0,0,0,0,0,0,0,0,0,0,0,0,0,0,0,0,0,0,0,0,0,0,0,0,0,0,0,0,0,0,0,0,0,0,0,0,0,0,,,,,,,,,,,,,,,,,,,,,,,,,,,,,,,,,,,,,,,,,,,,,,,,
7825,800,7826,7827,,0,0,0,0,0,0,0,0,0,0,0,0,0,0,0,0,0,0,0,0,0,0,0,0,0,0,0,0,0,0,0,0,0,0,0,0,0,0,0,0,0,0,0,0,0,0,0,0,0,,,,,,,,,,,,,,,,,,,,,,,,,,,,,,,,,,,,,,,,,,,,,,,,
7826,400,7825,7297,7279,1,0,0,0,0,0,0,0,0,0,0,0,0,0,0,1,1,1,1,1,1,1,1,1,1,1,1,1,1,1,1,1,1,1,1,1,1,1,1,0,0,0,0,0,0,0,0,0,0,,,,,,,,,,,,,,,,,,,,,,,,,,,,,,,,,,,,,,,,,,,,,,,,
7827,400,7824,7330,7825,1,0,0,0,0,0,0,0,0,0,0,0,0,0,0,0,0,0,0,0,0,0,0,0,0,0,0,0,0,0,0,0,0,0,0,0,0,0,0,0,0,0,0,0,0,0,0,0,0,,,,,,,,,,,,,,,,,,,,,,,,,,,,,,,,,,,,,,,,,,,,,,,,
7828,2000,7334,7829,,0,41,41,41,41,29,29,31,31,36,36,40,40,112,112,1104,1104,1257,1257,1162,1162,1115,1115,1057,1057,999,999,984,984,1052,1052,1084,1084,1096,1096,1169,1169,1115,1115,378,378,234,234,152,152,111,111,61,61,,,,,,,,,,,,,,,,,,,,,,,,,,,,,,,,,,,,,,,,,,,,,,,,
7829,1200,7365,7382,7828,1,0,0,0,0,0,0,0,0,0,0,0,0,0,0,3,3,3,3,3,3,3,3,3,3,2,2,2,2,2,2,3,3,3,3,3,3,3,3,1,1,1,1,0,0,0,0,0,0,,,,,,,,,,,,,,,,,,,,,,,,,,,,,,,,,,,,,,,,,,,,,,,,
7830,300,,7831,,0,0,0,0,0,0,0,0,0,0,0,0,0,0,0,1,1,1,1,1,1,1,1,1,1,1,1,1,1,1,1,1,1,1,1,1,1,1,1,0,0,0,0,0,0,0,0,0,0,,,,,,,,,,,,,,,,,,,,,,,,,,,,,,,,,,,,,,,,,,,,,,,,
7831,300,7830,7371,7377,1,0,0,0,0,0,0,0,0,0,0,0,0,0,0,1,1,1,1,1,1,1,1,1,1,1,1,1,1,1,1,1,1,1,1,1,1,1,1,0,0,0,0,0,0,0,0,0,0,,,,,,,,,,,,,,,,,,,,,,,,,,,,,,,,,,,,,,,,,,,,,,,,
7832,1200,7246,7833,,0,0,0,0,0,0,0,0,0,0,0,0,0,0,0,1,1,1,1,1,1,1,1,1,1,1,1,1,1,1,1,1,1,1,1,1,1,1,1,0,0,0,0,0,0,0,0,0,0,,,,,,,,,,,,,,,,,,,,,,,,,,,,,,,,,,,,,,,,,,,,,,,,
7833,400,7832,7846,7284,1,0,0,0,0,0,0,0,0,0,0,0,0,0,0,1,1,1,1,1,1,1,1,1,1,1,1,1,1,1,1,1,1,1,1,1,1,1,1,0,0,0,0,0,0,0,0,0,0,,,,,,,,,,,,,,,,,,,,,,,,,,,,,,,,,,,,,,,,,,,,,,,,
7834,800,7835,7355,,0,0,0,0,0,0,0,0,0,0,0,0,0,0,0,1,1,2,2,1,1,1,1,1,1,1,1,1,1,1,1,1,1,1,1,1,1,1,1,0,0,0,0,0,0,0,0,0,0,,,,,,,,,,,,,,,,,,,,,,,,,,,,,,,,,,,,,,,,,,,,,,,,
7835,800,7349,7834,7335,1,0,0,0,0,0,0,0,0,0,0,0,0,0,0,2,2,2,2,2,2,2,2,2,2,2,2,2,2,2,2,2,2,2,2,2,2,2,2,1,1,0,0,0,0,0,0,0,0,,,,,,,,,,,,,,,,,,,,,,,,,,,,,,,,,,,,,,,,,,,,,,,,
7836,4000,7374,7837,,0,41,41,41,41,29,29,31,31,36,36,40,40,112,112,1104,1104,1257,1257,1162,1162,1115,1115,1057,1057,999,999,984,984,1052,1052,1084,1084,1096,1096,1169,1169,1115,1115,378,378,234,234,152,152,111,111,61,61,,,,,,,,,,,,,,,,,,,,,,,,,,,,,,,,,,,,,,,,,,,,,,,,
7837,800,7351,7836,7838,1,0,0,0,0,0,0,0,0,0,0,0,0,0,0,2,2,3,3,3,3,2,2,2,2,2,2,2,2,2,2,2,2,2,2,3,3,2,2,1,1,1,1,0,0,0,0,0,0,,,,,,,,,,,,,,,,,,,,,,,,,,,,,,,,,,,,,,,,,,,,,,,,
7838,4000,7839,7837,,0,41,41,41,41,29,29,31,31,36,36,40,40,112,112,1104,1104,1257,1257,1162,1162,1115,1115,1057,1057,999,999,984,984,1052,1052,1084,1084,1096,1096,1169,1169,1115,1115,378,378,234,234,152,152,111,111,61,61,,,,,,,,,,,,,,,,,,,,,,,,,,,,,,,,,,,,,,,,,,,,,,,,
7839,800,7838,7335,7357,1,0,0,0,0,0,0,0,0,0,0,0,0,0,0,2,2,3,3,2,2,2,2,2,2,2,2,2,2,2,2,2,2,2,2,2,2,2,2,1,1,0,0,0,0,0,0,0,0,,,,,,,,,,,,,,,,,,,,,,,,,,,,,,,,,,,,,,,,,,,,,,,,
7840,4400,7299,7841,,0,41,41,41,41,29,29,31,31,36,36,40,40,112,112,1104,1104,1257,1257,1162,1162,1115,1115,1057,1057,999,999,984,984,1052,1052,1084,1084,1096,1096,1169,1169,1115,1115,378,378,234,234,152,152,111,111,61,61,,,,,,,,,,,,,,,,,,,,,,,,,,,,,,,,,,,,,,,,,,,,,,,,
7841,800,7840,7300,7296,1,0,0,0,0,0,0,0,0,0,0,0,0,0,0,3,3,3,3,3,3,3,3,2,2,2,2,2,2,2,2,2,2,3,3,3,3,3,3,1,1,1,1,0,0,0,0,0,0,,,,,,,,,,,,,,,,,,,,,,,,,,,,,,,,,,,,,,,,,,,,,,,,
7842,2500,7254,,7843,1,41,41,41,41,29,29,31,31,36,36,40,40,112,112,1104,1104,1257,1257,1162,1162,1115,1115,1057,1057,999,999,984,984,1052,1052,1084,1084,1096,1096,1169,1169,1115,1115,378,378,234,234,152,152,111,111,61,61,,,,,,,,,,,,,,,,,,,,,,,,,,,,,,,,,,,,,,,,,,,,,,,,
7843,1500,7842,7844,7296,1,67,67,70,70,49,49,53,53,62,62,67,67,186,186,910,910,1134,1134,1023,1023,977,977,900,900,812,812,861,861,864,864,851,851,886,886,939,939,854,854,524,524,336,336,227,227,165,165,84,84,,,,,,,,,,,,,,,,,,,,,,,,,,,,,,,,,,,,,,,,,,,,,,,,
7844,300,7845,7843,,0,0,0,0,0,0,0,0,0,0,0,0,0,0,0,2,2,3,3,2,2,2,2,2,2,2,2,2,2,2,2,2,2,2,2,2,2,2,2,1,1,1,1,0,0,0,0,0,0,,,,,,,,,,,,,,,,,,,,,,,,,,,,,,,,,,,,,,,,,,,,,,,,
7845,400,7844,7282,7271,1,0,0,0,0,0,0,0,0,0,0,0,0,0,0,2,2,3,3,2,2,2,2,2,2,2,2,2,2,2,2,2,2,2,2,2,2,2,2,1,1,1,1,0,0,0,0,0,0,,,,,,,,,,,,,,,,,,,,,,,,,,,,,,,,,,,,,,,,,,,,,,,,
7846,800,7833,7847,,0,0,0,0,0,0,0,0,0,0,0,0,0,0,0,1,1,1,1,1,1,1,1,1,1,1,1,1,1,1,1,1,1,1,1,1,1,1,1,0,0,0,0,0,0,0,0,0,0,,,,,,,,,,,,,,,,,,,,,,,,,,,,,,,,,,,,,,,,,,,,,,,,
7847,400,7848,7846,7239;7271,2,0,0,0,0,0,0,0,0,0,0,0,0,0,0,1,1,1,1,1,1,1,1,1,1,1,1,1,1,1,1,1,1,1,1,1,1,1,1,0,0,0,0,0,0,0,0,0,0,,,,,,,,,,,,,,,,,,,,,,,,,,,,,,,,,,,,,,,,,,,,,,,,
7848,600,7849,7847,,0,0,0,0,0,0,0,0,0,0,0,0,0,0,0,1,1,1,1,1,1,1,1,1,1,1,1,1,1,1,1,1,1,1,1,1,1,1,1,0,0,0,0,0,0,0,0,0,0,,,,,,,,,,,,,,,,,,,,,,,,,,,,,,,,,,,,,,,,,,,,,,,,
7849,400,7848,7260,7249,1,0,0,0,0,0,0,0,0,0,0,0,0,0,0,1,1,1,1,1,1,1,1,1,1,1,1,1,1,1,1,1,1,1,1,1,1,1,1,0,0,0,0,0,0,0,0,0,0,,,,,,,,,,,,,,,,,,,,,,,,,,,,,,,,,,,,,,,,,,,,,,,,
7850,300,7213,7851,,0,0,0,0,0,0,0,0,0,0,0,0,0,0,0,2,2,2,2,2,2,2,2,2,2,2,2,2,2,2,2,2,2,2,2,2,2,2,2,1,1,0,0,0,0,0,0,0,0,,,,,,,,,,,,,,,,,,,,,,,,,,,,,,,,,,,,,,,,,,,,,,,,
7851,400,7238,7850,7210,1,0,0,0,0,0,0,0,0,0,0,0,0,0,0,2,2,3,3,2,2,2,2,2,2,2,2,2,2,2,2,2,2,2,2,2,2,2,2,1,1,0,0,0,0,0,0,0,0,,,,,,,,,,,,,,,,,,,,,,,,,,,,,,,,,,,,,,,,,,,,,,,,
7852,3000,7853,,7204,1,41,41,41,41,29,29,31,31,36,36,40,40,112,112,1104,1104,1257,1257,1162,1162,1115,1115,1057,1057,999,999,984,984,1052,1052,1084,1084,1096,1096,1169,1169,1115,1115,378,378,234,234,152,152,111,111,61,61,,,,,,,,,,,,,,,,,,,,,,,,,,,,,,,,,,,,,,,,,,,,,,,,
7853,300,7260,,7852;7253,2,0,0,0,0,0,0,0,0,0,0,0,0,0,0,3,3,3,3,3,3,3,3,2,2,2,2,2,2,2,2,3,3,3,3,3,3,3,3,1,1,1,1,0,0,0,0,0,0,,,,,,,,,,,,,,,,,,,,,,,,,,,,,,,,,,,,,,,,,,,,,,,,
7854,4400,7855,7254,,0,41,41,41,41,29,29,31,31,36,36,40,40,112,112,1104,1104,1257,1257,1162,1162,1115,1115,1057,1057,999,999,984,984,1052,1052,1084,1084,1096,1096,1169,1169,1115,1115,378,378,234,234,152,152,111,111,61,61,,,,,,,,,,,,,,,,,,,,,,,,,,,,,,,,,,,,,,,,,,,,,,,,
7855,550,7854,7238,7253,1,41,41,41,41,29,29,31,31,36,36,40,40,112,112,1104,1104,1257,1257,1162,1162,1115,1115,1057,1057,999,999,984,984,1052,1052,1084,1084,1096,1096,1169,1169,1115,1115,378,378,234,234,152,152,111,111,61,61,,,,,,,,,,,,,,,,,,,,,,,,,,,,,,,,,,,,,,,,,,,,,,,,
7856,1200,7857,7303,,0,0,0,0,0,0,0,0,0,0,0,0,0,0,0,1,1,1,1,1,1,1,1,1,1,1,1,1,1,1,1,1,1,1,1,1,1,1,1,0,0,0,0,0,0,0,0,0,0,,,,,,,,,,,,,,,,,,,,,,,,,,,,,,,,,,,,,,,,,,,,,,,,
7857,1200,7856,7858,7310,1,0,0,0,0,0,0,0,0,0,0,0,0,0,0,1,1,1,1,1,1,1,1,1,1,1,1,1,1,1,1,1,1,1,1,1,1,1,1,0,0,0,0,0,0,0,0,0,0,,,,,,,,,,,,,,,,,,,,,,,,,,,,,,,,,,,,,,,,,,,,,,,,
7858,1200,7859,7857,,0,0,0,0,0,0,0,0,0,0,0,0,0,0,0,1,1,1,1,1,1,1,1,1,1,1,1,1,1,1,1,1,1,1,1,1,1,1,1,0,0,0,0,0,0,0,0,0,0,,,,,,,,,,,,,,,,,,,,,,,,,,,,,,,,,,,,,,,,,,,,,,,,
7859,400,7860,7276,7858,1,0,0,0,0,0,0,0,0,0,0,0,0,0,0,1,1,1,1,1,1,1,1,1,1,1,1,1,1,1,1,1,1,1,1,1,1,1,1,0,0,0,0,0,0,0,0,0,0,,,,,,,,,,,,,,,,,,,,,,,,,,,,,,,,,,,,,,,,,,,,,,,,
7860,1200,7859,7861,,0,0,0,0,0,0,0,0,0,0,0,0,0,0,0,1,1,1,1,1,1,1,1,1,1,1,1,1,1,1,1,1,1,1,1,1,1,1,1,0,0,0,0,0,0,0,0,0,0,,,,,,,,,,,,,,,,,,,,,,,,,,,,,,,,,,,,,,,,,,,,,,,,
7861,1200,7862,7860,7285,1,0,0,0,0,0,0,0,0,0,0,0,0,0,0,1,1,1,1,1,1,1,1,1,1,1,1,1,1,1,1,1,1,1,1,1,1,1,1,0,0,0,0,0,0,0,0,0,0,,,,,,,,,,,,,,,,,,,,,,,,,,,,,,,,,,,,,,,,,,,,,,,,
7862,1200,7863,7861,,0,0,0,0,0,0,0,0,0,0,0,0,0,0,0,1,1,1,1,1,1,1,1,1,1,1,1,1,1,1,1,1,1,1,1,1,1,1,1,0,0,0,0,0,0,0,0,0,0,,,,,,,,,,,,,,,,,,,,,,,,,,,,,,,,,,,,,,,,,,,,,,,,
7863,800,7267,7298,7862,1,0,0,0,0,0,0,0,0,0,0,0,0,0,0,1,1,1,1,1,1,1,1,1,1,1,1,1,1,1,1,1,1,1,1,1,1,1,1,0,0,0,0,0,0,0,0,0,0,,,,,,,,,,,,,,,,,,,,,,,,,,,,,,,,,,,,,,,,,,,,,,,,
7864,800,7865,7213,,0,0,0,0,0,0,0,0,0,0,0,0,0,0,0,1,1,1,1,1,1,1,1,1,1,1,1,1,1,1,1,1,1,1,1,1,1,1,1,0,0,0,0,0,0,0,0,0,0,,,,,,,,,,,,,,,,,,,,,,,,,,,,,,,,,,,,,,,,,,,,,,,,
7865,300,7922,7240,7864,1,0,0,0,0,0,0,0,0,0,0,0,0,0,0,1,1,1,1,1,1,1,1,1,1,1,1,1,1,1,1,1,1,1,1,1,1,1,1,0,0,0,0,0,0,0,0,0,0,,,,,,,,,,,,,,,,,,,,,,,,,,,,,,,,,,,,,,,,,,,,,,,,
7866,300,7867,7641,,0,0,0,0,0,0,0,0,0,0,0,0,0,0,0,3,3,3,3,3,3,3,3,3,3,2,2,2,2,2,2,3,3,3,3,3,3,3,3,1,1,1,1,0,0,0,0,0,0,,,,,,,,,,,,,,,,,,,,,,,,,,,,,,,,,,,,,,,,,,,,,,,,
7867,550,7372,7382,7866,1,41,41,41,41,29,29,31,31,36,36,40,40,112,112,1104,1104,1257,1257,1162,1162,1115,1115,1057,1057,999,999,984,984,1052,1052,1084,1084,1096,1096,1169,1169,1115,1115,378,378,234,234,152,152,111,111,61,61,,,,,,,,,,,,,,,,,,,,,,,,,,,,,,,,,,,,,,,,,,,,,,,,
7868,800,7399,7869,,0,0,0,0,0,0,0,0,0,0,0,0,0,0,0,1,1,1,1,1,1,1,1,1,1,1,1,1,1,1,1,1,1,1,1,1,1,1,1,0,0,0,0,0,0,0,0,0,0,,,,,,,,,,,,,,,,,,,,,,,,,,,,,,,,,,,,,,,,,,,,,,,,
7869,800,7868,7388,7375,1,0,0,0,0,0,0,0,0,0,0,0,0,0,0,1,1,1,1,1,1,1,1,1,1,1,1,1,1,1,1,1,1,1,1,1,1,1,1,0,0,0,0,0,0,0,0,0,0,,,,,,,,,,,,,,,,,,,,,,,,,,,,,,,,,,,,,,,,,,,,,,,,
7870,2000,7871,17682,,0,56,56,57,57,40,40,43,43,50,50,55,55,154,154,1096,1096,1258,1258,1162,1162,1148,1148,1041,1041,998,998,962,962,1043,1043,1043,1043,1045,1045,1126,1126,1085,1085,529,529,327,327,211,211,154,154,85,85,,,,,,,,,,,,,,,,,,,,,,,,,,,,,,,,,,,,,,,,,,,,,,,,
7871,300,7187,12019,12035;7870,2,0,0,0,0,0,0,0,0,0,0,0,0,1,1,4,4,5,5,4,4,4,4,4,4,4,4,4,4,4,4,4,4,4,4,4,4,4,4,2,2,1,1,1,1,1,1,0,0,,,,,,,,,,,,,,,,,,,,,,,,,,,,,,,,,,,,,,,,,,,,,,,,
7872,1600,12013,7873,,0,0,0,0,0,0,0,0,0,0,0,0,0,1,1,4,4,5,5,4,4,4,4,4,4,4,4,4,4,4,4,4,4,4,4,4,4,4,4,2,2,1,1,1,1,1,1,0,0,,,,,,,,,,,,,,,,,,,,,,,,,,,,,,,,,,,,,,,,,,,,,,,,
7873,600,7163,7872,7177,1,0,0,0,0,0,0,0,0,0,0,0,0,0,0,2,2,2,2,2,2,2,2,1,1,1,1,1,1,1,1,1,1,1,1,2,2,2,2,0,0,0,0,0,0,0,0,0,0,,,,,,,,,,,,,,,,,,,,,,,,,,,,,,,,,,,,,,,,,,,,,,,,
7874,800,7875,7236,,0,0,0,0,0,0,0,0,0,0,0,0,0,0,0,2,2,3,3,3,3,3,3,2,2,2,2,2,2,2,2,2,2,2,2,2,2,2,2,1,1,0,0,0,0,0,0,0,0,,,,,,,,,,,,,,,,,,,,,,,,,,,,,,,,,,,,,,,,,,,,,,,,
7875,1200,7876,7874,7220,1,0,0,0,0,0,0,0,0,0,0,0,0,0,0,3,3,3,3,3,3,3,3,3,3,3,3,3,3,3,3,3,3,3,3,3,3,3,3,1,1,1,1,0,0,0,0,0,0,,,,,,,,,,,,,,,,,,,,,,,,,,,,,,,,,,,,,,,,,,,,,,,,
7876,300,7877,7875,,0,0,0,0,0,0,0,0,0,0,0,0,0,0,0,3,3,3,3,3,3,3,3,3,3,3,3,3,3,3,3,3,3,3,3,3,3,3,3,1,1,1,1,0,0,0,0,0,0,,,,,,,,,,,,,,,,,,,,,,,,,,,,,,,,,,,,,,,,,,,,,,,,
7877,1000,7231,7876,7222,1,32,32,31,31,22,22,23,23,27,27,31,31,87,87,1202,1202,1301,1301,1272,1272,1269,1269,1154,1154,1120,1120,1073,1073,1135,1135,1184,1184,1167,1167,1248,1248,1203,1203,355,355,214,214,133,133,98,98,58,58,,,,,,,,,,,,,,,,,,,,,,,,,,,,,,,,,,,,,,,,,,,,,,,,
7878,1100,7222,17709,7217,1,42,42,39,39,28,28,29,29,34,34,39,39,112,112,1343,1343,1424,1424,1347,1347,1375,1375,1229,1229,1247,1247,1096,1096,1282,1282,1299,1299,1257,1257,1375,1375,1394,1394,536,536,316,316,190,190,140,140,87,87,,,,,,,,,,,,,,,,,,,,,,,,,,,,,,,,,,,,,,,,,,,,,,,,
7879,1600,7192,7880,,0,0,0,0,0,0,0,0,0,0,0,0,0,0,0,2,2,3,3,3,3,3,3,2,2,2,2,2,2,2,2,2,2,2,2,3,3,2,2,1,1,0,0,0,0,0,0,0,0,,,,,,,,,,,,,,,,,,,,,,,,,,,,,,,,,,,,,,,,,,,,,,,,
7880,300,7187,7879,7198,1,0,0,0,0,0,0,0,0,0,0,0,0,0,0,2,2,2,2,2,2,2,2,1,1,1,1,1,1,1,1,2,2,2,2,2,2,2,2,0,0,0,0,0,0,0,0,0,0,,,,,,,,,,,,,,,,,,,,,,,,,,,,,,,,,,,,,,,,,,,,,,,,
7881,1600,7186,7882,,0,0,0,0,0,0,0,0,0,0,0,0,0,0,0,2,2,2,2,2,2,2,2,2,2,2,2,2,2,2,2,2,2,2,2,2,2,2,2,1,1,0,0,0,0,0,0,0,0,,,,,,,,,,,,,,,,,,,,,,,,,,,,,,,,,,,,,,,,,,,,,,,,
7882,1600,7883,7881,7174,1,0,0,0,0,0,0,0,0,0,0,0,0,0,0,3,3,3,3,3,3,3,3,2,2,2,2,2,2,2,2,3,3,2,2,3,3,3,3,1,1,0,0,0,0,0,0,0,0,,,,,,,,,,,,,,,,,,,,,,,,,,,,,,,,,,,,,,,,,,,,,,,,
7883,2000,7882,7884,,0,32,32,31,31,22,22,23,23,27,27,31,31,87,87,1202,1202,1301,1301,1272,1272,1269,1269,1154,1154,1120,1120,1073,1073,1135,1135,1184,1184,1167,1167,1248,1248,1203,1203,355,355,214,214,133,133,98,98,58,58,,,,,,,,,,,,,,,,,,,,,,,,,,,,,,,,,,,,,,,,,,,,,,,,
7884,2000,7883,7885,7224,1,32,32,31,31,22,22,23,23,27,27,31,31,87,87,1202,1202,1301,1301,1272,1272,1269,1269,1154,1154,1120,1120,1073,1073,1135,1135,1184,1184,1167,1167,1248,1248,1203,1203,355,355,214,214,133,133,98,98,58,58,,,,,,,,,,,,,,,,,,,,,,,,,,,,,,,,,,,,,,,,,,,,,,,,
7885,2000,7886,7884,,0,32,32,31,31,22,22,23,23,27,27,31,31,87,87,1202,1202,1301,1301,1272,1272,1269,1269,1154,1154,1120,1120,1073,1073,1135,1135,1184,1184,1167,1167,1248,1248,1203,1203,355,355,214,214,133,133,98,98,58,58,,,,,,,,,,,,,,,,,,,,,,,,,,,,,,,,,,,,,,,,,,,,,,,,
7886,1200,,12030,7184;7885,2,0,0,0,0,0,0,0,0,0,0,0,0,0,0,3,3,3,3,3,3,3,3,3,3,2,2,2,2,3,3,3,3,3,3,3,3,3,3,1,1,1,1,0,0,0,0,0,0,,,,,,,,,,,,,,,,,,,,,,,,,,,,,,,,,,,,,,,,,,,,,,,,
7887,2000,7888,12057,,0,56,56,57,57,40,40,43,43,50,50,55,55,154,154,1096,1096,1258,1258,1162,1162,1148,1148,1041,1041,998,998,962,962,1043,1043,1043,1043,1045,1045,1126,1126,1085,1085,529,529,327,327,211,211,154,154,85,85,,,,,,,,,,,,,,,,,,,,,,,,,,,,,,,,,,,,,,,,,,,,,,,,
7888,1600,7887,7197,7179,1,0,0,0,0,0,0,0,0,0,0,0,0,0,0,1,1,1,1,1,1,1,1,1,1,1,1,1,1,1,1,1,1,1,1,1,1,1,1,0,0,0,0,0,0,0,0,0,0,,,,,,,,,,,,,,,,,,,,,,,,,,,,,,,,,,,,,,,,,,,,,,,,
7889,1500,12024,7890,,0,42,42,39,39,28,28,29,29,34,34,39,39,112,112,1343,1343,1424,1424,1347,1347,1375,1375,1229,1229,1247,1247,1096,1096,1282,1282,1299,1299,1257,1257,1375,1375,1394,1394,536,536,316,316,190,190,140,140,87,87,,,,,,,,,,,,,,,,,,,,,,,,,,,,,,,,,,,,,,,,,,,,,,,,
7890,1200,7200,7889,7179,1,0,0,0,0,0,0,0,0,0,0,0,0,0,0,0,0,0,0,0,0,0,0,0,0,0,0,0,0,0,0,0,0,0,0,0,0,0,0,0,0,0,0,0,0,0,0,0,0,,,,,,,,,,,,,,,,,,,,,,,,,,,,,,,,,,,,,,,,,,,,,,,,
7891,800,7892,7246,,0,0,0,0,0,0,0,0,0,0,0,0,0,0,0,1,1,1,1,1,1,1,1,1,1,1,1,1,1,1,1,1,1,1,1,1,1,1,1,0,0,0,0,0,0,0,0,0,0,,,,,,,,,,,,,,,,,,,,,,,,,,,,,,,,,,,,,,,,,,,,,,,,
7892,400,7893,7232,7891,1,0,0,0,0,0,0,0,0,0,0,0,0,0,0,1,1,1,1,1,1,1,1,1,1,1,1,1,1,1,1,1,1,1,1,1,1,1,1,0,0,0,0,0,0,0,0,0,0,,,,,,,,,,,,,,,,,,,,,,,,,,,,,,,,,,,,,,,,,,,,,,,,
7893,600,7894,7892,,0,0,0,0,0,0,0,0,0,0,0,0,0,0,0,1,1,1,1,1,1,1,1,1,1,1,1,1,1,1,1,1,1,1,1,1,1,1,1,0,0,0,0,0,0,0,0,0,0,,,,,,,,,,,,,,,,,,,,,,,,,,,,,,,,,,,,,,,,,,,,,,,,
7894,400,7893,7239,7895,1,0,0,0,0,0,0,0,0,0,0,0,0,0,0,1,1,1,1,1,1,1,1,1,1,1,1,1,1,1,1,1,1,1,1,1,1,1,1,0,0,0,0,0,0,0,0,0,0,,,,,,,,,,,,,,,,,,,,,,,,,,,,,,,,,,,,,,,,,,,,,,,,
7895,800,7896,7894,,0,0,0,0,0,0,0,0,0,0,0,0,0,0,0,1,1,1,1,1,1,1,1,1,1,1,1,1,1,1,1,1,1,1,1,1,1,1,1,0,0,0,0,0,0,0,0,0,0,,,,,,,,,,,,,,,,,,,,,,,,,,,,,,,,,,,,,,,,,,,,,,,,
7896,800,7206,7897,7895,1,0,0,0,0,0,0,0,0,0,0,0,0,0,0,1,1,2,2,1,1,1,1,1,1,1,1,1,1,1,1,1,1,1,1,1,1,1,1,0,0,0,0,0,0,0,0,0,0,,,,,,,,,,,,,,,,,,,,,,,,,,,,,,,,,,,,,,,,,,,,,,,,
7897,800,7896,7898,,0,0,0,0,0,0,0,0,0,0,0,0,0,0,0,2,2,3,3,2,2,2,2,2,2,2,2,2,2,2,2,2,2,2,2,2,2,2,2,1,1,1,1,0,0,0,0,0,0,,,,,,,,,,,,,,,,,,,,,,,,,,,,,,,,,,,,,,,,,,,,,,,,
7898,500,7199,7899,7897,1,41,41,41,41,29,29,31,31,36,36,40,40,112,112,1104,1104,1257,1257,1162,1162,1115,1115,1057,1057,999,999,984,984,1052,1052,1084,1084,1096,1096,1169,1169,1115,1115,378,378,234,234,152,152,111,111,61,61,,,,,,,,,,,,,,,,,,,,,,,,,,,,,,,,,,,,,,,,,,,,,,,,
7899,800,7900,7898,,0,0,0,0,0,0,0,0,0,0,0,0,0,0,0,3,3,3,3,3,3,3,3,2,2,2,2,2,2,2,2,2,2,2,2,3,3,3,3,1,1,1,1,0,0,0,0,0,0,,,,,,,,,,,,,,,,,,,,,,,,,,,,,,,,,,,,,,,,,,,,,,,,
79,2000,5215,379,,0,67,67,70,70,49,49,53,53,62,62,67,67,186,186,910,910,1134,1134,1023,1023,977,977,900,900,812,812,861,861,864,864,851,851,886,886,939,939,854,854,524,524,336,336,227,227,165,165,84,84,,,,,,,,,,,,,,,,,,,,,,,,,,,,,,,,,,,,,,,,,,,,,,,,
7900,400,7241,7899,7191,1,0,0,0,0,0,0,0,0,0,0,0,0,0,0,2,2,2,2,2,2,2,2,2,2,2,2,2,2,2,2,2,2,2,2,2,2,2,2,1,1,0,0,0,0,0,0,0,0,,,,,,,,,,,,,,,,,,,,,,,,,,,,,,,,,,,,,,,,,,,,,,,,
7901,1000,7204,7902,,0,41,41,41,41,29,29,31,31,36,36,40,40,112,112,1104,1104,1257,1257,1162,1162,1115,1115,1057,1057,999,999,984,984,1052,1052,1084,1084,1096,1096,1169,1169,1115,1115,378,378,234,234,152,152,111,111,61,61,,,,,,,,,,,,,,,,,,,,,,,,,,,,,,,,,,,,,,,,,,,,,,,,
7902,600,7175,7191,7901,1,0,0,0,0,0,0,0,0,0,0,0,0,0,0,2,2,3,3,2,2,2,2,2,2,2,2,2,2,2,2,2,2,2,2,2,2,2,2,1,1,1,1,0,0,0,0,0,0,,,,,,,,,,,,,,,,,,,,,,,,,,,,,,,,,,,,,,,,,,,,,,,,
7903,1500,12024,7904,,0,67,67,70,70,49,49,53,53,62,62,67,67,186,186,910,910,1134,1134,1023,1023,977,977,900,900,812,812,861,861,864,864,851,851,886,886,939,939,854,854,524,524,336,336,227,227,165,165,84,84,,,,,,,,,,,,,,,,,,,,,,,,,,,,,,,,,,,,,,,,,,,,,,,,
7904,300,7903,7940,7181,1,0,0,0,0,0,0,0,0,0,0,0,0,0,0,0,0,0,0,0,0,0,0,0,0,0,0,0,0,0,0,0,0,0,0,0,0,0,0,0,0,0,0,0,0,0,0,0,0,,,,,,,,,,,,,,,,,,,,,,,,,,,,,,,,,,,,,,,,,,,,,,,,
7905,800,12022,7906,,0,0,0,0,0,0,0,0,0,0,0,0,0,0,0,4,4,5,5,4,4,4,4,4,4,4,4,4,4,4,4,4,4,4,4,4,4,4,4,2,2,1,1,1,1,0,0,0,0,,,,,,,,,,,,,,,,,,,,,,,,,,,,,,,,,,,,,,,,,,,,,,,,
7906,400,7905,7209,7176,1,0,0,0,0,0,0,0,0,0,0,0,0,0,0,1,1,1,1,1,1,1,1,1,1,1,1,1,1,1,1,1,1,1,1,1,1,1,1,0,0,0,0,0,0,0,0,0,0,,,,,,,,,,,,,,,,,,,,,,,,,,,,,,,,,,,,,,,,,,,,,,,,
7907,4400,7367,7908,,0,56,56,57,57,40,40,43,43,50,50,55,55,154,154,1096,1096,1258,1258,1162,1162,1148,1148,1041,1041,998,998,962,962,1043,1043,1043,1043,1045,1045,1126,1126,1085,1085,529,529,327,327,211,211,154,154,85,85,,,,,,,,,,,,,,,,,,,,,,,,,,,,,,,,,,,,,,,,,,,,,,,,
7908,1650,7286,7909,7907,1,42,42,39,39,28,28,29,29,34,34,39,39,112,112,1343,1343,1424,1424,1347,1347,1375,1375,1229,1229,1247,1247,1096,1096,1282,1282,1299,1299,1257,1257,1375,1375,1394,1394,536,536,316,316,190,190,140,140,87,87,,,,,,,,,,,,,,,,,,,,,,,,,,,,,,,,,,,,,,,,,,,,,,,,
7909,4400,7908,17705,,0,56,56,57,57,40,40,43,43,50,50,55,55,154,154,1096,1096,1258,1258,1162,1162,1148,1148,1041,1041,998,998,962,962,1043,1043,1043,1043,1045,1045,1126,1126,1085,1085,529,529,327,327,211,211,154,154,85,85,,,,,,,,,,,,,,,,,,,,,,,,,,,,,,,,,,,,,,,,,,,,,,,,
7910,1200,12073,7911,,0,33,33,31,31,22,22,23,23,26,26,31,31,88,88,1055,1055,1119,1119,1058,1058,1080,1080,966,966,980,980,861,861,1008,1008,1021,1021,988,988,1080,1080,1096,1096,421,421,249,249,150,150,110,110,68,68,,,,,,,,,,,,,,,,,,,,,,,,,,,,,,,,,,,,,,,,,,,,,,,,
7911,300,7215,7912,7910,1,0,0,0,0,0,0,0,0,0,0,0,0,0,0,0,0,0,0,0,0,0,0,0,0,0,0,0,0,0,0,0,0,0,0,0,0,0,0,0,0,0,0,0,0,0,0,0,0,,,,,,,,,,,,,,,,,,,,,,,,,,,,,,,,,,,,,,,,,,,,,,,,
7912,1200,7911,7913,,0,0,0,0,0,0,0,0,0,0,0,0,0,0,0,0,0,1,1,0,0,0,0,0,0,0,0,0,0,0,0,0,0,0,0,0,0,0,0,0,0,0,0,0,0,0,0,0,0,,,,,,,,,,,,,,,,,,,,,,,,,,,,,,,,,,,,,,,,,,,,,,,,
7913,400,7193,7914,7912,1,0,0,0,0,0,0,0,0,0,0,0,0,0,0,1,1,1,1,1,1,1,1,1,1,1,1,1,1,1,1,1,1,1,1,1,1,1,1,0,0,0,0,0,0,0,0,0,0,,,,,,,,,,,,,,,,,,,,,,,,,,,,,,,,,,,,,,,,,,,,,,,,
7914,1200,7913,7915,,0,0,0,0,0,0,0,0,0,0,0,0,0,0,0,1,1,1,1,1,1,1,1,1,1,1,1,1,1,1,1,1,1,1,1,1,1,1,1,0,0,0,0,0,0,0,0,0,0,,,,,,,,,,,,,,,,,,,,,,,,,,,,,,,,,,,,,,,,,,,,,,,,
7915,300,7914,7170,7916,1,0,0,0,0,0,0,0,0,0,0,0,0,0,0,1,1,2,2,2,2,2,2,1,1,1,1,1,1,1,1,1,1,1,1,2,2,1,1,1,1,0,0,0,0,0,0,0,0,,,,,,,,,,,,,,,,,,,,,,,,,,,,,,,,,,,,,,,,,,,,,,,,
7916,1600,7917,7915,,0,0,0,0,0,0,0,0,0,0,0,0,0,0,0,2,2,2,2,2,2,2,2,2,2,2,2,2,2,2,2,2,2,2,2,2,2,2,2,1,1,0,0,0,0,0,0,0,0,,,,,,,,,,,,,,,,,,,,,,,,,,,,,,,,,,,,,,,,,,,,,,,,
7917,2000,7916,7920,7918;7207,2,41,41,41,41,29,29,31,31,36,36,40,40,112,112,1104,1104,1257,1257,1162,1162,1115,1115,1057,1057,999,999,984,984,1052,1052,1084,1084,1096,1096,1169,1169,1115,1115,378,378,234,234,152,152,111,111,61,61,,,,,,,,,,,,,,,,,,,,,,,,,,,,,,,,,,,,,,,,,,,,,,,,
7918,1500,7919,7917,,0,41,41,41,41,29,29,31,31,36,36,40,40,112,112,1104,1104,1257,1257,1162,1162,1115,1115,1057,1057,999,999,984,984,1052,1052,1084,1084,1096,1096,1169,1169,1115,1115,378,378,234,234,152,152,111,111,61,61,,,,,,,,,,,,,,,,,,,,,,,,,,,,,,,,,,,,,,,,,,,,,,,,
7919,1200,7918,7178,7932,1,0,0,0,0,0,0,0,0,0,0,0,0,0,0,3,3,3,3,3,3,3,3,3,3,2,2,2,2,2,2,3,3,3,3,3,3,3,3,1,1,1,1,0,0,0,0,0,0,,,,,,,,,,,,,,,,,,,,,,,,,,,,,,,,,,,,,,,,,,,,,,,,
7920,1200,7921,7917,,0,0,0,0,0,0,0,0,0,0,0,0,0,0,0,1,1,1,1,1,1,1,1,1,1,1,1,1,1,1,1,1,1,1,1,1,1,1,1,0,0,0,0,0,0,0,0,0,0,,,,,,,,,,,,,,,,,,,,,,,,,,,,,,,,,,,,,,,,,,,,,,,,
7921,800,7920,10508,7196,1,0,0,0,0,0,0,0,0,0,0,0,0,0,0,1,1,2,2,2,2,2,2,1,1,1,1,1,1,1,1,1,1,1,1,2,2,1,1,1,1,0,0,0,0,0,0,0,0,,,,,,,,,,,,,,,,,,,,,,,,,,,,,,,,,,,,,,,,,,,,,,,,
7922,600,7923,7865,,0,0,0,0,0,0,0,0,0,0,0,0,0,0,0,1,1,1,1,1,1,1,1,1,1,1,1,1,1,1,1,1,1,1,1,1,1,1,1,0,0,0,0,0,0,0,0,0,0,,,,,,,,,,,,,,,,,,,,,,,,,,,,,,,,,,,,,,,,,,,,,,,,
7923,300,7924,7922,7215,1,0,0,0,0,0,0,0,0,0,0,0,0,0,0,1,1,1,1,1,1,1,1,1,1,0,0,0,0,1,1,1,1,1,1,1,1,1,1,0,0,0,0,0,0,0,0,0,0,,,,,,,,,,,,,,,,,,,,,,,,,,,,,,,,,,,,,,,,,,,,,,,,
7924,800,7925,7923,,0,0,0,0,0,0,0,0,0,0,0,0,0,0,0,0,0,1,1,0,0,0,0,0,0,0,0,0,0,0,0,0,0,0,0,0,0,0,0,0,0,0,0,0,0,0,0,0,0,,,,,,,,,,,,,,,,,,,,,,,,,,,,,,,,,,,,,,,,,,,,,,,,
7925,400,7208,7924,7193,1,0,0,0,0,0,0,0,0,0,0,0,0,0,0,1,1,1,1,1,1,1,1,1,1,1,1,1,1,1,1,1,1,1,1,1,1,1,1,0,0,0,0,0,0,0,0,0,0,,,,,,,,,,,,,,,,,,,,,,,,,,,,,,,,,,,,,,,,,,,,,,,,
7926,600,7927,12075,,0,33,33,31,31,22,22,23,23,26,26,31,31,88,88,1055,1055,1119,1119,1058,1058,1080,1080,966,966,980,980,861,861,1008,1008,1021,1021,988,988,1080,1080,1096,1096,421,421,249,249,150,150,110,110,68,68,,,,,,,,,,,,,,,,,,,,,,,,,,,,,,,,,,,,,,,,,,,,,,,,
7927,800,7926,7167,12026,1,0,0,0,0,0,0,0,0,0,0,0,0,0,0,1,1,1,1,1,1,1,1,1,1,1,1,1,1,1,1,1,1,1,1,1,1,1,1,0,0,0,0,0,0,0,0,0,0,,,,,,,,,,,,,,,,,,,,,,,,,,,,,,,,,,,,,,,,,,,,,,,,
7928,800,7929,7169,,0,0,0,0,0,0,0,0,0,0,0,0,0,0,0,2,2,3,3,2,2,2,2,2,2,2,2,2,2,2,2,2,2,2,2,2,2,2,2,1,1,0,0,0,0,0,0,0,0,,,,,,,,,,,,,,,,,,,,,,,,,,,,,,,,,,,,,,,,,,,,,,,,
7929,800,7928,,7178,1,0,0,0,0,0,0,0,0,0,0,0,0,0,0,2,2,3,3,3,3,3,3,2,2,2,2,2,2,2,2,2,2,2,2,3,3,2,2,1,1,1,1,0,0,0,0,0,0,,,,,,,,,,,,,,,,,,,,,,,,,,,,,,,,,,,,,,,,,,,,,,,,
7930,800,,7931,,0,0,0,0,0,0,0,0,0,0,0,0,0,0,0,2,2,2,2,2,2,2,2,2,2,2,2,2,2,2,2,2,2,2,2,2,2,2,2,1,1,0,0,0,0,0,0,0,0,,,,,,,,,,,,,,,,,,,,,,,,,,,,,,,,,,,,,,,,,,,,,,,,
7931,800,7930,7182,,0,0,0,0,0,0,0,0,0,0,0,0,0,0,0,2,2,2,2,2,2,2,2,2,2,1,1,1,1,2,2,2,2,2,2,2,2,2,2,1,1,0,0,0,0,0,0,0,0,,,,,,,,,,,,,,,,,,,,,,,,,,,,,,,,,,,,,,,,,,,,,,,,
7932,1200,7933,7919,,0,0,0,0,0,0,0,0,0,0,0,0,0,0,0,2,2,2,2,2,2,2,2,2,2,2,2,2,2,2,2,2,2,2,2,2,2,2,2,1,1,0,0,0,0,0,0,0,0,,,,,,,,,,,,,,,,,,,,,,,,,,,,,,,,,,,,,,,,,,,,,,,,
7933,1200,7932,7180,7188,1,0,0,0,0,0,0,0,0,0,0,0,0,0,0,2,2,2,2,2,2,2,2,2,2,2,2,2,2,2,2,2,2,2,2,2,2,2,2,1,1,0,0,0,0,0,0,0,0,,,,,,,,,,,,,,,,,,,,,,,,,,,,,,,,,,,,,,,,,,,,,,,,
7934,300,7185,7182,7935,1,0,0,0,0,0,0,0,0,0,0,0,0,0,0,2,2,3,3,3,3,3,3,2,2,2,2,2,2,2,2,2,2,2,2,3,3,2,2,1,1,1,1,0,0,0,0,0,0,,,,,,,,,,,,,,,,,,,,,,,,,,,,,,,,,,,,,,,,,,,,,,,,
7935,300,7189,7934,,0,0,0,0,0,0,0,0,0,0,0,0,0,0,0,2,2,3,3,3,3,2,2,2,2,2,2,2,2,2,2,2,2,2,2,3,3,2,2,1,1,1,1,0,0,0,0,0,0,,,,,,,,,,,,,,,,,,,,,,,,,,,,,,,,,,,,,,,,,,,,,,,,
7936,4000,7937,7385,,0,41,41,41,41,29,29,31,31,36,36,40,40,112,112,1104,1104,1257,1257,1162,1162,1115,1115,1057,1057,999,999,984,984,1052,1052,1084,1084,1096,1096,1169,1169,1115,1115,378,378,234,234,152,152,111,111,61,61,,,,,,,,,,,,,,,,,,,,,,,,,,,,,,,,,,,,,,,,,,,,,,,,
7937,1200,7936,7395,7384,1,0,0,0,0,0,0,0,0,0,0,0,0,0,0,2,2,3,3,3,3,2,2,2,2,2,2,2,2,2,2,2,2,2,2,3,3,2,2,1,1,1,1,0,0,0,0,0,0,,,,,,,,,,,,,,,,,,,,,,,,,,,,,,,,,,,,,,,,,,,,,,,,
7938,4400,7226,7939,7218;7269;7227,3,32,32,31,31,22,22,23,23,27,27,31,31,87,87,1202,1202,1301,1301,1272,1272,1269,1269,1154,1154,1120,1120,1073,1073,1135,1135,1184,1184,1167,1167,1248,1248,1203,1203,355,355,214,214,133,133,98,98,58,58,,,,,,,,,,,,,,,,,,,,,,,,,,,,,,,,,,,,,,,,,,,,,,,,
7939,4400,7938,7164,,0,32,32,31,31,22,22,23,23,27,27,31,31,87,87,1202,1202,1301,1301,1272,1272,1269,1269,1154,1154,1120,1120,1073,1073,1135,1135,1184,1184,1167,1167,1248,1248,1203,1203,355,355,214,214,133,133,98,98,58,58,,,,,,,,,,,,,,,,,,,,,,,,,,,,,,,,,,,,,,,,,,,,,,,,
7940,1200,7941,7904,,0,0,0,0,0,0,0,0,0,0,0,0,0,0,0,0,0,1,1,1,1,1,1,0,0,0,0,0,0,0,0,0,0,0,0,1,1,0,0,0,0,0,0,0,0,0,0,0,0,,,,,,,,,,,,,,,,,,,,,,,,,,,,,,,,,,,,,,,,,,,,,,,,
7941,300,7203,7940,7221,1,0,0,0,0,0,0,0,0,0,0,0,0,0,0,1,1,1,1,1,1,1,1,1,1,1,1,1,1,1,1,1,1,1,1,1,1,1,1,0,0,0,0,0,0,0,0,0,0,,,,,,,,,,,,,,,,,,,,,,,,,,,,,,,,,,,,,,,,,,,,,,,,
7942,300,8665,,,0,0,0,0,0,0,0,0,0,0,0,0,0,0,0,2,2,3,3,3,3,3,3,2,2,2,2,2,2,2,2,2,2,2,2,3,3,2,2,1,1,1,1,0,0,0,0,0,0,,,,,,,,,,,,,,,,,,,,,,,,,,,,,,,,,,,,,,,,,,,,,,,,
7943,1200,18697,7949,,0,0,0,0,0,0,0,0,0,0,0,0,0,0,0,2,2,3,3,3,3,3,3,2,2,2,2,2,2,2,2,2,2,2,2,3,3,2,2,1,1,1,1,0,0,0,0,0,0,,,,,,,,,,,,,,,,,,,,,,,,,,,,,,,,,,,,,,,,,,,,,,,,
7944,1600,18637,7947,,0,0,0,0,0,0,0,0,0,0,0,0,0,0,0,4,4,4,4,4,4,4,4,4,4,4,4,3,3,4,4,4,4,4,4,4,4,4,4,2,2,1,1,1,1,0,0,0,0,,,,,,,,,,,,,,,,,,,,,,,,,,,,,,,,,,,,,,,,,,,,,,,,
7945,1500,18619,7947,,0,36,36,36,36,26,26,27,27,32,32,35,35,99,99,1130,1130,1253,1253,1218,1218,1203,1203,1099,1099,1048,1048,1034,1034,1066,1066,1110,1110,1105,1105,1175,1175,1113,1113,353,353,217,217,139,139,102,102,57,57,,,,,,,,,,,,,,,,,,,,,,,,,,,,,,,,,,,,,,,,,,,,,,,,
7946,2500,8645,,,0,21,21,20,20,14,14,14,14,17,17,20,20,56,56,1240,1240,1312,1312,1316,1316,1316,1316,1198,1198,1166,1166,1120,1120,1166,1166,1239,1239,1215,1215,1293,1293,1242,1242,268,268,158,158,95,95,70,70,44,44,,,,,,,,,,,,,,,,,,,,,,,,,,,,,,,,,,,,,,,,,,,,,,,,
7947,500,7945,7983,7944;7961,2,43,43,43,43,30,30,32,32,38,38,42,42,118,118,1164,1164,1290,1290,1228,1228,1223,1223,1109,1109,1075,1075,1026,1026,1104,1104,1130,1130,1119,1119,1202,1202,1164,1164,443,443,270,270,171,171,125,125,72,72,,,,,,,,,,,,,,,,,,,,,,,,,,,,,,,,,,,,,,,,,,,,,,,,
7948,800,7953,8635,8027,1,0,0,0,0,0,0,0,0,0,0,0,0,0,0,1,1,1,1,1,1,1,1,1,1,1,1,1,1,1,1,1,1,1,1,1,1,1,1,0,0,0,0,0,0,0,0,0,0,,,,,,,,,,,,,,,,,,,,,,,,,,,,,,,,,,,,,,,,,,,,,,,,
7949,1200,7954,8467,7943;7964,2,0,0,0,0,0,0,0,0,0,0,0,0,0,0,1,1,1,1,1,1,1,1,1,1,1,1,1,1,1,1,1,1,1,1,1,1,1,1,1,1,0,0,0,0,0,0,0,0,,,,,,,,,,,,,,,,,,,,,,,,,,,,,,,,,,,,,,,,,,,,,,,,
7950,800,8631,8637,,0,0,0,0,0,0,0,0,0,0,0,0,0,0,0,3,3,3,3,3,3,3,3,3,3,3,3,2,2,3,3,3,3,3,3,3,3,3,3,1,1,1,1,0,0,0,0,0,0,,,,,,,,,,,,,,,,,,,,,,,,,,,,,,,,,,,,,,,,,,,,,,,,
7951,3300,8677,7966,,0,21,21,20,20,14,14,14,14,17,17,20,20,56,56,1240,1240,1312,1312,1316,1316,1316,1316,1198,1198,1166,1166,1120,1120,1166,1166,1239,1239,1215,1215,1293,1293,1242,1242,268,268,158,158,95,95,70,70,44,44,,,,,,,,,,,,,,,,,,,,,,,,,,,,,,,,,,,,,,,,,,,,,,,,
7952,1600,7956,8663,,0,0,0,0,0,0,0,0,0,0,0,0,0,0,0,1,1,1,1,1,1,1,1,1,1,1,1,1,1,1,1,1,1,1,1,1,1,1,1,0,0,0,0,0,0,0,0,0,0,,,,,,,,,,,,,,,,,,,,,,,,,,,,,,,,,,,,,,,,,,,,,,,,
7953,1600,8630,8027,18646;7948;8628,3,0,0,0,0,0,0,0,0,0,0,0,0,0,0,3,3,3,3,3,3,3,3,3,3,2,2,2,2,3,3,3,3,3,3,3,3,3,3,1,1,1,1,0,0,0,0,0,0,,,,,,,,,,,,,,,,,,,,,,,,,,,,,,,,,,,,,,,,,,,,,,,,
7954,3500,7949,8661,,0,21,21,20,20,14,14,14,14,17,17,20,20,56,56,1240,1240,1312,1312,1316,1316,1316,1316,1198,1198,1166,1166,1120,1120,1166,1166,1239,1239,1215,1215,1293,1293,1242,1242,268,268,158,158,95,95,70,70,44,44,,,,,,,,,,,,,,,,,,,,,,,,,,,,,,,,,,,,,,,,,,,,,,,,
7955,300,,8633,,0,0,0,0,0,0,0,0,0,0,0,0,0,0,0,1,1,1,1,1,1,1,1,1,1,1,1,1,1,1,1,1,1,1,1,1,1,1,1,0,0,0,0,0,0,0,0,0,0,,,,,,,,,,,,,,,,,,,,,,,,,,,,,,,,,,,,,,,,,,,,,,,,
7956,1600,7952,8666,8664;7967,2,0,0,0,0,0,0,0,0,0,0,0,0,0,0,1,1,1,1,1,1,1,1,1,1,1,1,1,1,1,1,1,1,1,1,1,1,1,1,0,0,0,0,0,0,0,0,0,0,,,,,,,,,,,,,,,,,,,,,,,,,,,,,,,,,,,,,,,,,,,,,,,,
7957,300,,7959,,0,0,0,0,0,0,0,0,0,0,0,0,0,0,0,2,2,2,2,2,2,2,2,2,2,2,2,2,2,2,2,2,2,2,2,2,2,2,2,1,1,0,0,0,0,0,0,0,0,,,,,,,,,,,,,,,,,,,,,,,,,,,,,,,,,,,,,,,,,,,,,,,,
7958,2200,7959,8675,,0,21,21,20,20,14,14,14,14,17,17,20,20,56,56,1240,1240,1312,1312,1316,1316,1316,1316,1198,1198,1166,1166,1120,1120,1166,1166,1239,1239,1215,1215,1293,1293,1242,1242,268,268,158,158,95,95,70,70,44,44,,,,,,,,,,,,,,,,,,,,,,,,,,,,,,,,,,,,,,,,,,,,,,,,
7959,500,7958,8668,7957;8673,2,21,21,20,20,14,14,14,14,17,17,20,20,56,56,1240,1240,1312,1312,1316,1316,1316,1316,1198,1198,1166,1166,1120,1120,1166,1166,1239,1239,1215,1215,1293,1293,1242,1242,268,268,158,158,95,95,70,70,44,44,,,,,,,,,,,,,,,,,,,,,,,,,,,,,,,,,,,,,,,,,,,,,,,,
7960,300,8667,8669,,0,0,0,0,0,0,0,0,0,0,0,0,0,0,0,1,1,1,1,1,1,1,1,1,1,1,1,1,1,1,1,1,1,1,1,1,1,1,1,1,1,0,0,0,0,0,0,0,0,,,,,,,,,,,,,,,,,,,,,,,,,,,,,,,,,,,,,,,,,,,,,,,,
7961,2000,7947,7965,,0,43,43,43,43,30,30,32,32,38,38,42,42,118,118,1164,1164,1290,1290,1228,1228,1223,1223,1109,1109,1075,1075,1026,1026,1104,1104,1130,1130,1119,1119,1202,1202,1164,1164,443,443,270,270,171,171,125,125,72,72,,,,,,,,,,,,,,,,,,,,,,,,,,,,,,,,,,,,,,,,,,,,,,,,
7962,800,8629,,,0,0,0,0,0,0,0,0,0,0,0,0,0,0,0,3,3,4,4,3,3,3,3,3,3,3,3,3,3,3,3,3,3,3,3,3,3,3,3,1,1,1,1,1,1,0,0,0,0,,,,,,,,,,,,,,,,,,,,,,,,,,,,,,,,,,,,,,,,,,,,,,,,
7963,1200,8618,7965,,0,0,0,0,0,0,0,0,0,0,0,0,0,0,0,1,1,1,1,1,1,1,1,1,1,1,1,1,1,1,1,1,1,1,1,1,1,1,1,1,1,0,0,0,0,0,0,0,0,,,,,,,,,,,,,,,,,,,,,,,,,,,,,,,,,,,,,,,,,,,,,,,,
7964,1200,7949,8659,,0,0,0,0,0,0,0,0,0,0,0,0,0,0,0,1,1,2,2,2,2,2,2,1,1,1,1,1,1,1,1,1,1,1,1,1,1,1,1,1,1,0,0,0,0,0,0,0,0,,,,,,,,,,,,,,,,,,,,,,,,,,,,,,,,,,,,,,,,,,,,,,,,
7965,500,7996,7963,7961;8620,2,43,43,43,43,30,30,32,32,38,38,42,42,118,118,1164,1164,1290,1290,1228,1228,1223,1223,1109,1109,1075,1075,1026,1026,1104,1104,1130,1130,1119,1119,1202,1202,1164,1164,443,443,270,270,171,171,125,125,72,72,,,,,,,,,,,,,,,,,,,,,,,,,,,,,,,,,,,,,,,,,,,,,,,,
7966,4400,8675,8669,7951,1,21,21,20,20,14,14,14,14,17,17,20,20,56,56,1240,1240,1312,1312,1316,1316,1316,1316,1198,1198,1166,1166,1120,1120,1166,1166,1239,1239,1215,1215,1293,1293,1242,1242,268,268,158,158,95,95,70,70,44,44,,,,,,,,,,,,,,,,,,,,,,,,,,,,,,,,,,,,,,,,,,,,,,,,
7967,1600,7956,8657,,0,0,0,0,0,0,0,0,0,0,0,0,0,0,0,1,1,1,1,1,1,1,1,1,1,1,1,1,1,1,1,1,1,1,1,1,1,1,1,1,1,0,0,0,0,0,0,0,0,,,,,,,,,,,,,,,,,,,,,,,,,,,,,,,,,,,,,,,,,,,,,,,,
7968,2500,8645,8643,,0,21,21,20,20,14,14,14,14,17,17,20,20,56,56,1240,1240,1312,1312,1316,1316,1316,1316,1198,1198,1166,1166,1120,1120,1166,1166,1239,1239,1215,1215,1293,1293,1242,1242,268,268,158,158,95,95,70,70,44,44,,,,,,,,,,,,,,,,,,,,,,,,,,,,,,,,,,,,,,,,,,,,,,,,
7969,300,7979,,,0,0,0,0,0,0,0,0,0,0,0,0,0,0,0,2,2,2,2,2,2,2,2,2,2,1,1,1,1,2,2,2,2,2,2,2,2,2,2,1,1,0,0,0,0,0,0,0,0,,,,,,,,,,,,,,,,,,,,,,,,,,,,,,,,,,,,,,,,,,,,,,,,
7970,600,,8671,,0,0,0,0,0,0,0,0,0,0,0,0,0,0,0,1,1,1,1,1,1,1,1,1,1,1,1,1,1,1,1,1,1,1,1,1,1,1,1,1,1,0,0,0,0,0,0,0,0,,,,,,,,,,,,,,,,,,,,,,,,,,,,,,,,,,,,,,,,,,,,,,,,
7971,3000,18637,8625,,0,0,0,0,0,0,0,0,0,0,0,0,0,0,0,1138,1138,1201,1201,1284,1284,1257,1257,1168,1168,1084,1084,1145,1145,1051,1051,1179,1179,1173,1173,1211,1211,1091,1091,0,0,0,0,0,0,0,0,0,0,,,,,,,,,,,,,,,,,,,,,,,,,,,,,,,,,,,,,,,,,,,,,,,,
7972,800,7979,,,0,0,0,0,0,0,0,0,0,0,0,0,0,0,0,1,1,2,2,2,2,2,2,1,1,1,1,1,1,1,1,1,1,1,1,1,1,1,1,1,1,0,0,0,0,0,0,0,0,,,,,,,,,,,,,,,,,,,,,,,,,,,,,,,,,,,,,,,,,,,,,,,,
7973,1200,8637,7978,,0,0,0,0,0,0,0,0,0,0,0,0,0,0,0,2,2,2,2,2,2,2,2,2,2,2,2,2,2,2,2,2,2,2,2,2,2,2,2,1,1,0,0,0,0,0,0,0,0,,,,,,,,,,,,,,,,,,,,,,,,,,,,,,,,,,,,,,,,,,,,,,,,
7974,2500,8655,8657,,0,21,21,20,20,14,14,14,14,17,17,20,20,56,56,1240,1240,1312,1312,1316,1316,1316,1316,1198,1198,1166,1166,1120,1120,1166,1166,1239,1239,1215,1215,1293,1293,1242,1242,268,268,158,158,95,95,70,70,44,44,,,,,,,,,,,,,,,,,,,,,,,,,,,,,,,,,,,,,,,,,,,,,,,,
7975,1200,8616,8623,,0,0,0,0,0,0,0,0,0,0,0,0,0,0,0,2,2,2,2,2,2,2,2,2,2,2,2,2,2,2,2,2,2,2,2,2,2,2,2,1,1,1,1,0,0,0,0,0,0,,,,,,,,,,,,,,,,,,,,,,,,,,,,,,,,,,,,,,,,,,,,,,,,
7976,1200,7978,8641,,0,0,0,0,0,0,0,0,0,0,0,0,0,0,0,4,4,5,5,4,4,4,4,4,4,4,4,4,4,4,4,4,4,4,4,4,4,4,4,2,2,1,1,1,1,0,0,0,0,,,,,,,,,,,,,,,,,,,,,,,,,,,,,,,,,,,,,,,,,,,,,,,,
7977,1200,8639,8643,,0,0,0,0,0,0,0,0,0,0,0,0,0,0,0,1,1,1,1,1,1,1,1,1,1,1,1,1,1,1,1,1,1,1,1,1,1,1,1,0,0,0,0,0,0,0,0,0,0,,,,,,,,,,,,,,,,,,,,,,,,,,,,,,,,,,,,,,,,,,,,,,,,
7978,1200,7976,7981,7973;8009,2,0,0,0,0,0,0,0,0,0,0,0,0,0,0,3,3,3,3,3,3,3,3,3,3,3,3,2,2,3,3,3,3,3,3,3,3,3,3,1,1,1,1,0,0,0,0,0,0,,,,,,,,,,,,,,,,,,,,,,,,,,,,,,,,,,,,,,,,,,,,,,,,
7979,600,8673,8672,7969;7972,2,0,0,0,0,0,0,0,0,0,0,0,0,0,0,2,2,2,2,2,2,2,2,2,2,2,2,2,2,2,2,2,2,2,2,2,2,2,2,1,1,0,0,0,0,0,0,0,0,,,,,,,,,,,,,,,,,,,,,,,,,,,,,,,,,,,,,,,,,,,,,,,,
7980,3000,,8649,,0,21,21,20,20,14,14,14,14,17,17,20,20,56,56,1240,1240,1312,1312,1316,1316,1316,1316,1198,1198,1166,1166,1120,1120,1166,1166,1239,1239,1215,1215,1293,1293,1242,1242,268,268,158,158,95,95,70,70,44,44,,,,,,,,,,,,,,,,,,,,,,,,,,,,,,,,,,,,,,,,,,,,,,,,
7981,800,7978,8627,,0,0,0,0,0,0,0,0,0,0,0,0,0,0,0,2,2,2,2,2,2,2,2,2,2,2,2,1,1,2,2,2,2,2,2,2,2,2,2,1,1,0,0,0,0,0,0,0,0,,,,,,,,,,,,,,,,,,,,,,,,,,,,,,,,,,,,,,,,,,,,,,,,
7982,4400,8446,,,0,42,42,39,39,28,28,29,29,34,34,39,39,112,112,1343,1343,1424,1424,1347,1347,1375,1375,1229,1229,1247,1247,1096,1096,1282,1282,1299,1299,1257,1257,1375,1375,1394,1394,536,536,316,316,190,190,140,140,87,87,,,,,,,,,,,,,,,,,,,,,,,,,,,,,,,,,,,,,,,,,,,,,,,,
7983,3000,7947,8404,,0,43,43,43,43,30,30,32,32,38,38,42,42,118,118,1164,1164,1290,1290,1228,1228,1223,1223,1109,1109,1075,1075,1026,1026,1104,1104,1130,1130,1119,1119,1202,1202,1164,1164,443,443,270,270,171,171,125,125,72,72,,,,,,,,,,,,,,,,,,,,,,,,,,,,,,,,,,,,,,,,,,,,,,,,
7984,800,8492,8679,,0,0,0,0,0,0,0,0,0,0,0,0,0,0,0,1,1,1,1,1,1,1,1,1,1,1,1,1,1,1,1,1,1,1,1,1,1,1,1,0,0,0,0,0,0,0,0,0,0,,,,,,,,,,,,,,,,,,,,,,,,,,,,,,,,,,,,,,,,,,,,,,,,
7985,3000,8468,8667,,0,21,21,20,20,14,14,14,14,17,17,20,20,56,56,1240,1240,1312,1312,1316,1316,1316,1316,1198,1198,1166,1166,1120,1120,1166,1166,1239,1239,1215,1215,1293,1293,1242,1242,268,268,158,158,95,95,70,70,44,44,,,,,,,,,,,,,,,,,,,,,,,,,,,,,,,,,,,,,,,,,,,,,,,,
7986,3500,8444,,,0,21,21,20,20,14,14,14,14,17,17,20,20,56,56,1240,1240,1312,1312,1316,1316,1316,1316,1198,1198,1166,1166,1120,1120,1166,1166,1239,1239,1215,1215,1293,1293,1242,1242,268,268,158,158,95,95,70,70,44,44,,,,,,,,,,,,,,,,,,,,,,,,,,,,,,,,,,,,,,,,,,,,,,,,
7987,800,,8488,,0,0,0,0,0,0,0,0,0,0,0,0,0,0,0,1,1,1,1,1,1,1,1,1,1,1,1,1,1,1,1,1,1,1,1,1,1,1,1,1,1,0,0,0,0,0,0,0,0,,,,,,,,,,,,,,,,,,,,,,,,,,,,,,,,,,,,,,,,,,,,,,,,
7988,800,8651,8408,,0,0,0,0,0,0,0,0,0,0,0,0,0,0,0,1,1,1,1,1,1,1,1,1,1,1,1,0,0,1,1,1,1,1,1,1,1,1,1,0,0,0,0,0,0,0,0,0,0,,,,,,,,,,,,,,,,,,,,,,,,,,,,,,,,,,,,,,,,,,,,,,,,
7989,300,,8494,,0,0,0,0,0,0,0,0,0,0,0,0,0,0,0,1,1,1,1,1,1,1,1,1,1,1,1,1,1,1,1,1,1,1,1,1,1,1,1,0,0,0,0,0,0,0,0,0,0,,,,,,,,,,,,,,,,,,,,,,,,,,,,,,,,,,,,,,,,,,,,,,,,
7990,1200,,8442,,0,0,0,0,0,0,0,0,0,0,0,0,0,0,0,2,2,2,2,2,2,2,2,1,1,1,1,1,1,1,1,2,2,1,1,2,2,2,2,1,1,0,0,0,0,0,0,0,0,,,,,,,,,,,,,,,,,,,,,,,,,,,,,,,,,,,,,,,,,,,,,,,,
7991,3000,8643,18667,,0,36,36,36,36,26,26,27,27,32,32,35,35,99,99,1130,1130,1253,1253,1218,1218,1203,1203,1099,1099,1048,1048,1034,1034,1066,1066,1110,1110,1105,1105,1175,1175,1113,1113,353,353,217,217,139,139,102,102,57,57,,,,,,,,,,,,,,,,,,,,,,,,,,,,,,,,,,,,,,,,,,,,,,,,
7992,2500,8384,7997,,0,43,43,43,43,30,30,32,32,38,38,42,42,118,118,1164,1164,1290,1290,1228,1228,1223,1223,1109,1109,1075,1075,1026,1026,1104,1104,1130,1130,1119,1119,1202,1202,1164,1164,443,443,270,270,171,171,125,125,72,72,,,,,,,,,,,,,,,,,,,,,,,,,,,,,,,,,,,,,,,,,,,,,,,,
7993,1600,8623,7997,,0,0,0,0,0,0,0,0,0,0,0,0,0,0,0,3,3,4,4,4,4,3,3,3,3,3,3,3,3,3,3,3,3,3,3,3,3,3,3,1,1,1,1,1,1,0,0,0,0,,,,,,,,,,,,,,,,,,,,,,,,,,,,,,,,,,,,,,,,,,,,,,,,
7994,1200,8647,7998,,0,0,0,0,0,0,0,0,0,0,0,0,0,0,0,1,1,1,1,1,1,1,1,1,1,1,1,1,1,1,1,1,1,1,1,1,1,1,1,0,0,0,0,0,0,0,0,0,0,,,,,,,,,,,,,,,,,,,,,,,,,,,,,,,,,,,,,,,,,,,,,,,,
7995,600,8410,,,0,0,0,0,0,0,0,0,0,0,0,0,0,0,0,1,1,1,1,1,1,1,1,1,1,1,1,1,1,1,1,1,1,1,1,1,1,1,1,0,0,0,0,0,0,0,0,0,0,,,,,,,,,,,,,,,,,,,,,,,,,,,,,,,,,,,,,,,,,,,,,,,,
7996,2500,8402,7965,,0,43,43,43,43,30,30,32,32,38,38,42,42,118,118,1164,1164,1290,1290,1228,1228,1223,1223,1109,1109,1075,1075,1026,1026,1104,1104,1130,1130,1119,1119,1202,1202,1164,1164,443,443,270,270,171,171,125,125,72,72,,,,,,,,,,,,,,,,,,,,,,,,,,,,,,,,,,,,,,,,,,,,,,,,
7997,1000,8363,7992,7993;8026,2,43,43,43,43,30,30,32,32,38,38,42,42,118,118,1164,1164,1290,1290,1228,1228,1223,1223,1109,1109,1075,1075,1026,1026,1104,1104,1130,1130,1119,1119,1202,1202,1164,1164,443,443,270,270,171,171,125,125,72,72,,,,,,,,,,,,,,,,,,,,,,,,,,,,,,,,,,,,,,,,,,,,,,,,
7998,1200,8407,8111,7994;8002,2,0,0,0,0,0,0,0,0,0,0,0,0,0,0,0,0,1,1,1,1,0,0,0,0,0,0,0,0,0,0,0,0,0,0,0,0,0,0,0,0,0,0,0,0,0,0,0,0,,,,,,,,,,,,,,,,,,,,,,,,,,,,,,,,,,,,,,,,,,,,,,,,
7999,3500,8661,18669,,0,67,67,70,70,49,49,53,53,62,62,67,67,186,186,910,910,1134,1134,1023,1023,977,977,900,900,812,812,861,861,864,864,851,851,886,886,939,939,854,854,524,524,336,336,227,227,165,165,84,84,,,,,,,,,,,,,,,,,,,,,,,,,,,,,,,,,,,,,,,,,,,,,,,,
8,2000,5,23,2376;45,2,50,50,52,52,37,37,40,40,46,46,50,50,140,140,967,967,1151,1151,1088,1088,1047,1047,967,967,880,880,932,932,911,911,933,933,958,958,1007,1007,913,913,393,393,252,252,170,170,124,124,63,63,,,,,,,,,,,,,,,,,,,,,,,,,,,,,,,,,,,,,,,,,,,,,,,,
80,3850,374,372,,0,50,50,52,52,37,37,40,40,46,46,50,50,140,140,967,967,1151,1151,1088,1088,1047,1047,967,967,880,880,932,932,911,911,933,933,958,958,1007,1007,913,913,393,393,252,252,170,170,124,124,63,63,,,,,,,,,,,,,,,,,,,,,,,,,,,,,,,,,,,,,,,,,,,,,,,,
8000,3000,8366,,,0,43,43,43,43,30,30,32,32,38,38,42,42,118,118,1164,1164,1290,1290,1228,1228,1223,1223,1109,1109,1075,1075,1026,1026,1104,1104,1130,1130,1119,1119,1202,1202,1164,1164,443,443,270,270,171,171,125,125,72,72,,,,,,,,,,,,,,,,,,,,,,,,,,,,,,,,,,,,,,,,,,,,,,,,
8001,2500,18197,8641,,0,36,36,36,36,26,26,27,27,32,32,35,35,99,99,1130,1130,1253,1253,1218,1218,1203,1203,1099,1099,1048,1048,1034,1034,1066,1066,1110,1110,1105,1105,1175,1175,1113,1113,353,353,217,217,139,139,102,102,57,57,,,,,,,,,,,,,,,,,,,,,,,,,,,,,,,,,,,,,,,,,,,,,,,,
8002,1200,7998,8003,,0,0,0,0,0,0,0,0,0,0,0,0,0,0,0,1,1,1,1,1,1,1,1,1,1,1,1,1,1,1,1,1,1,1,1,1,1,1,1,0,0,0,0,0,0,0,0,0,0,,,,,,,,,,,,,,,,,,,,,,,,,,,,,,,,,,,,,,,,,,,,,,,,
8003,1200,8012,8002,8638;8037,2,0,0,0,0,0,0,0,0,0,0,0,0,0,0,1,1,1,1,1,1,1,1,1,1,1,1,1,1,1,1,1,1,1,1,1,1,1,1,0,0,0,0,0,0,0,0,0,0,,,,,,,,,,,,,,,,,,,,,,,,,,,,,,,,,,,,,,,,,,,,,,,,
8004,1600,8466,8464,,0,53,53,55,55,38,38,42,42,48,48,53,53,146,146,715,715,891,891,804,804,768,768,707,707,638,638,676,676,679,679,669,669,696,696,738,738,671,671,411,411,264,264,178,178,130,130,66,66,,,,,,,,,,,,,,,,,,,,,,,,,,,,,,,,,,,,,,,,,,,,,,,,
8005,4400,8007,,,0,21,21,20,20,14,14,14,14,17,17,20,20,56,56,1240,1240,1312,1312,1316,1316,1316,1316,1198,1198,1166,1166,1120,1120,1166,1166,1239,1239,1215,1215,1293,1293,1242,1242,268,268,158,158,95,95,70,70,44,44,,,,,,,,,,,,,,,,,,,,,,,,,,,,,,,,,,,,,,,,,,,,,,,,
8006,1200,8496,8494,,0,0,0,0,0,0,0,0,0,0,0,0,0,0,0,1,1,1,1,1,1,1,1,1,1,1,1,1,1,1,1,1,1,1,1,1,1,1,1,0,0,0,0,0,0,0,0,0,0,,,,,,,,,,,,,,,,,,,,,,,,,,,,,,,,,,,,,,,,,,,,,,,,
8007,800,8495,8011,8005;8018,2,0,0,0,0,0,0,0,0,0,0,0,0,0,0,1,1,1,1,1,1,1,1,1,1,1,1,1,1,1,1,1,1,1,1,1,1,1,1,0,0,0,0,0,0,0,0,0,0,,,,,,,,,,,,,,,,,,,,,,,,,,,,,,,,,,,,,,,,,,,,,,,,
8008,3000,8621,8400,,0,0,0,0,0,0,0,0,0,0,0,0,0,0,0,1138,1138,1201,1201,1284,1284,1257,1257,1168,1168,1084,1084,1145,1145,1051,1051,1179,1179,1173,1173,1211,1211,1091,1091,0,0,0,0,0,0,0,0,0,0,,,,,,,,,,,,,,,,,,,,,,,,,,,,,,,,,,,,,,,,,,,,,,,,
8009,1600,7978,8016,,0,53,53,55,55,38,38,42,42,48,48,53,53,146,146,715,715,891,891,804,804,768,768,707,707,638,638,676,676,679,679,669,669,696,696,738,738,671,671,411,411,264,264,178,178,130,130,66,66,,,,,,,,,,,,,,,,,,,,,,,,,,,,,,,,,,,,,,,,,,,,,,,,
8010,1200,,8372,,0,0,0,0,0,0,0,0,0,0,0,0,0,0,0,1,1,1,1,1,1,1,1,1,1,1,1,1,1,1,1,1,1,1,1,1,1,1,1,0,0,0,0,0,0,0,0,0,0,,,,,,,,,,,,,,,,,,,,,,,,,,,,,,,,,,,,,,,,,,,,,,,,
8011,1200,8007,8019,,0,0,0,0,0,0,0,0,0,0,0,0,0,0,0,1,1,1,1,1,1,1,1,1,1,1,1,1,1,1,1,1,1,1,1,1,1,1,1,1,1,0,0,0,0,0,0,0,0,,,,,,,,,,,,,,,,,,,,,,,,,,,,,,,,,,,,,,,,,,,,,,,,
8012,1200,8016,8003,,0,0,0,0,0,0,0,0,0,0,0,0,0,0,0,1,1,1,1,1,1,1,1,1,1,1,1,1,1,1,1,1,1,1,1,1,1,1,1,0,0,0,0,0,0,0,0,0,0,,,,,,,,,,,,,,,,,,,,,,,,,,,,,,,,,,,,,,,,,,,,,,,,
8013,1200,8496,8498,,0,0,0,0,0,0,0,0,0,0,0,0,0,0,0,1,1,1,1,1,1,1,1,1,1,1,1,1,1,1,1,1,1,1,1,1,1,1,1,0,0,0,0,0,0,0,0,0,0,,,,,,,,,,,,,,,,,,,,,,,,,,,,,,,,,,,,,,,,,,,,,,,,
8014,600,,8474,,0,0,0,0,0,0,0,0,0,0,0,0,0,0,0,2,2,2,2,2,2,2,2,2,2,2,2,2,2,2,2,2,2,2,2,2,2,2,2,1,1,0,0,0,0,0,0,0,0,,,,,,,,,,,,,,,,,,,,,,,,,,,,,,,,,,,,,,,,,,,,,,,,
8015,1200,8498,,,0,0,0,0,0,0,0,0,0,0,0,0,0,0,0,1,1,1,1,1,1,1,1,1,1,1,1,1,1,1,1,1,1,1,1,1,1,1,1,0,0,0,0,0,0,0,0,0,0,,,,,,,,,,,,,,,,,,,,,,,,,,,,,,,,,,,,,,,,,,,,,,,,
8016,1200,8053,8009,8012;8022,2,0,0,0,0,0,0,0,0,0,0,0,0,0,0,1,1,1,1,1,1,1,1,1,1,1,1,1,1,1,1,1,1,1,1,1,1,1,1,0,0,0,0,0,0,0,0,0,0,,,,,,,,,,,,,,,,,,,,,,,,,,,,,,,,,,,,,,,,,,,,,,,,
8017,800,,8398,,0,0,0,0,0,0,0,0,0,0,0,0,0,0,0,2,2,2,2,2,2,2,2,2,2,2,2,2,2,2,2,2,2,2,2,2,2,2,2,1,1,0,0,0,0,0,0,0,0,,,,,,,,,,,,,,,,,,,,,,,,,,,,,,,,,,,,,,,,,,,,,,,,
8018,400,,8007,,0,0,0,0,0,0,0,0,0,0,0,0,0,0,0,1,1,1,1,1,1,1,1,1,1,1,1,1,1,1,1,1,1,1,1,1,1,1,1,0,0,0,0,0,0,0,0,0,0,,,,,,,,,,,,,,,,,,,,,,,,,,,,,,,,,,,,,,,,,,,,,,,,
8019,1200,8011,8509,8490,1,0,0,0,0,0,0,0,0,0,0,0,0,0,0,1,1,1,1,1,1,1,1,1,1,1,1,1,1,1,1,1,1,1,1,1,1,1,1,1,1,0,0,0,0,0,0,0,0,,,,,,,,,,,,,,,,,,,,,,,,,,,,,,,,,,,,,,,,,,,,,,,,
8020,800,8462,8464,,0,0,0,0,0,0,0,0,0,0,0,0,0,0,0,1,1,1,1,1,1,1,1,1,1,1,1,1,1,1,1,1,1,1,1,1,1,1,1,0,0,0,0,0,0,0,0,0,0,,,,,,,,,,,,,,,,,,,,,,,,,,,,,,,,,,,,,,,,,,,,,,,,
8021,800,8478,,,0,0,0,0,0,0,0,0,0,0,0,0,0,0,0,1,1,1,1,1,1,1,1,1,1,1,1,1,1,1,1,1,1,1,1,1,1,1,1,0,0,0,0,0,0,0,0,0,0,,,,,,,,,,,,,,,,,,,,,,,,,,,,,,,,,,,,,,,,,,,,,,,,
8022,1000,8016,8025,,0,42,42,39,39,28,28,29,29,34,34,39,39,112,112,1343,1343,1424,1424,1347,1347,1375,1375,1229,1229,1247,1247,1096,1096,1282,1282,1299,1299,1257,1257,1375,1375,1394,1394,536,536,316,316,190,190,140,140,87,87,,,,,,,,,,,,,,,,,,,,,,,,,,,,,,,,,,,,,,,,,,,,,,,,
8023,3500,8025,8627,,0,43,43,43,43,30,30,32,32,38,38,42,42,118,118,1164,1164,1290,1290,1228,1228,1223,1223,1109,1109,1075,1075,1026,1026,1104,1104,1130,1130,1119,1119,1202,1202,1164,1164,443,443,270,270,171,171,125,125,72,72,,,,,,,,,,,,,,,,,,,,,,,,,,,,,,,,,,,,,,,,,,,,,,,,
8024,1200,,8476,,0,0,0,0,0,0,0,0,0,0,0,0,0,0,0,2,2,2,2,2,2,2,2,2,2,2,2,2,2,2,2,2,2,2,2,2,2,2,2,1,1,0,0,0,0,0,0,0,0,,,,,,,,,,,,,,,,,,,,,,,,,,,,,,,,,,,,,,,,,,,,,,,,
8025,3000,8022,8041,8023;8061,2,43,43,43,43,30,30,32,32,38,38,42,42,118,118,1164,1164,1290,1290,1228,1228,1223,1223,1109,1109,1075,1075,1026,1026,1104,1104,1130,1130,1119,1119,1202,1202,1164,1164,443,443,270,270,171,171,125,125,72,72,,,,,,,,,,,,,,,,,,,,,,,,,,,,,,,,,,,,,,,,,,,,,,,,
8026,2500,7997,8036,,0,43,43,43,43,30,30,32,32,38,38,42,42,118,118,1164,1164,1290,1290,1228,1228,1223,1223,1109,1109,1075,1075,1026,1026,1104,1104,1130,1130,1119,1119,1202,1202,1164,1164,443,443,270,270,171,171,125,125,72,72,,,,,,,,,,,,,,,,,,,,,,,,,,,,,,,,,,,,,,,,,,,,,,,,
8027,1200,8625,7953,7948,1,0,0,0,0,0,0,0,0,0,0,0,0,0,0,2,2,2,2,2,2,2,2,2,2,2,2,2,2,2,2,2,2,2,2,2,2,2,2,1,1,1,1,0,0,0,0,0,0,,,,,,,,,,,,,,,,,,,,,,,,,,,,,,,,,,,,,,,,,,,,,,,,
8028,1200,,8510,,0,0,0,0,0,0,0,0,0,0,0,0,0,0,0,1,1,1,1,1,1,1,1,1,1,1,1,1,1,1,1,1,1,1,1,1,1,1,1,0,0,0,0,0,0,0,0,0,0,,,,,,,,,,,,,,,,,,,,,,,,,,,,,,,,,,,,,,,,,,,,,,,,
8029,800,8392,8390,,0,0,0,0,0,0,0,0,0,0,0,0,0,0,0,1,1,1,1,1,1,1,1,1,1,1,1,1,1,1,1,1,1,1,1,1,1,1,1,1,1,0,0,0,0,0,0,0,0,,,,,,,,,,,,,,,,,,,,,,,,,,,,,,,,,,,,,,,,,,,,,,,,
8030,1600,8472,8462,,0,0,0,0,0,0,0,0,0,0,0,0,0,0,0,1,1,1,1,1,1,1,1,1,1,1,1,1,1,1,1,1,1,1,1,1,1,1,1,0,0,0,0,0,0,0,0,0,0,,,,,,,,,,,,,,,,,,,,,,,,,,,,,,,,,,,,,,,,,,,,,,,,
8031,4400,8059,8474,,0,21,21,20,20,14,14,14,14,17,17,20,20,56,56,1240,1240,1312,1312,1316,1316,1316,1316,1198,1198,1166,1166,1120,1120,1166,1166,1239,1239,1215,1215,1293,1293,1242,1242,268,268,158,158,95,95,70,70,44,44,,,,,,,,,,,,,,,,,,,,,,,,,,,,,,,,,,,,,,,,,,,,,,,,
8032,800,8391,8051,8397;8395,2,0,0,0,0,0,0,0,0,0,0,0,0,0,0,1,1,1,1,1,1,1,1,1,1,1,1,1,1,1,1,1,1,1,1,1,1,1,1,0,0,0,0,0,0,0,0,0,0,,,,,,,,,,,,,,,,,,,,,,,,,,,,,,,,,,,,,,,,,,,,,,,,
8033,600,8651,8643,,0,0,0,0,0,0,0,0,0,0,0,0,0,0,0,1,1,1,1,1,1,1,1,1,1,1,1,1,1,1,1,1,1,1,1,1,1,1,1,0,0,0,0,0,0,0,0,0,0,,,,,,,,,,,,,,,,,,,,,,,,,,,,,,,,,,,,,,,,,,,,,,,,
8034,1600,8416,8458,,0,0,0,0,0,0,0,0,0,0,0,0,0,0,0,1,1,1,1,1,1,1,1,1,1,1,1,1,1,1,1,1,1,1,1,1,1,1,1,0,0,0,0,0,0,0,0,0,0,,,,,,,,,,,,,,,,,,,,,,,,,,,,,,,,,,,,,,,,,,,,,,,,
8035,1600,8364,8362,,0,0,0,0,0,0,0,0,0,0,0,0,0,0,0,1,1,1,1,1,1,1,1,1,1,1,1,1,1,1,1,1,1,1,1,1,1,1,1,1,1,0,0,0,0,0,0,0,0,,,,,,,,,,,,,,,,,,,,,,,,,,,,,,,,,,,,,,,,,,,,,,,,
8036,4000,8383,8074,8026;8038;8355;8089,4,43,43,43,43,30,30,32,32,38,38,42,42,118,118,1164,1164,1290,1290,1228,1228,1223,1223,1109,1109,1075,1075,1026,1026,1104,1104,1130,1130,1119,1119,1202,1202,1164,1164,443,443,270,270,171,171,125,125,72,72,,,,,,,,,,,,,,,,,,,,,,,,,,,,,,,,,,,,,,,,,,,,,,,,
8037,2500,8003,8044,,0,21,21,20,20,14,14,14,14,17,17,20,20,56,56,1240,1240,1312,1312,1316,1316,1316,1316,1198,1198,1166,1166,1120,1120,1166,1166,1239,1239,1215,1215,1293,1293,1242,1242,268,268,158,158,95,95,70,70,44,44,,,,,,,,,,,,,,,,,,,,,,,,,,,,,,,,,,,,,,,,,,,,,,,,
8038,800,8036,8362,,0,0,0,0,0,0,0,0,0,0,0,0,0,0,0,3,3,3,3,3,3,3,3,3,3,3,3,3,3,3,3,3,3,3,3,3,3,3,3,1,1,1,1,0,0,0,0,0,0,,,,,,,,,,,,,,,,,,,,,,,,,,,,,,,,,,,,,,,,,,,,,,,,
8039,600,8396,,,0,0,0,0,0,0,0,0,0,0,0,0,0,0,0,1,1,1,1,1,1,1,1,1,1,1,1,1,1,1,1,1,1,1,1,1,1,1,1,0,0,0,0,0,0,0,0,0,0,,,,,,,,,,,,,,,,,,,,,,,,,,,,,,,,,,,,,,,,,,,,,,,,
8040,800,8426,8044,,0,0,0,0,0,0,0,0,0,0,0,0,0,0,0,2,2,2,2,2,2,2,2,2,2,1,1,1,1,1,1,2,2,2,2,2,2,2,2,1,1,0,0,0,0,0,0,0,0,,,,,,,,,,,,,,,,,,,,,,,,,,,,,,,,,,,,,,,,,,,,,,,,
8041,3500,8025,8046,,0,43,43,43,43,30,30,32,32,38,38,42,42,118,118,1164,1164,1290,1290,1228,1228,1223,1223,1109,1109,1075,1075,1026,1026,1104,1104,1130,1130,1119,1119,1202,1202,1164,1164,443,443,270,270,171,171,125,125,72,72,,,,,,,,,,,,,,,,,,,,,,,,,,,,,,,,,,,,,,,,,,,,,,,,
8042,3000,,8480,,0,21,21,20,20,14,14,14,14,17,17,20,20,56,56,1240,1240,1312,1312,1316,1316,1316,1316,1198,1198,1166,1166,1120,1120,1166,1166,1239,1239,1215,1215,1293,1293,1242,1242,268,268,158,158,95,95,70,70,44,44,,,,,,,,,,,,,,,,,,,,,,,,,,,,,,,,,,,,,,,,,,,,,,,,
8043,1200,,8370,,0,33,33,31,31,22,22,23,23,26,26,31,31,88,88,1055,1055,1119,1119,1058,1058,1080,1080,966,966,980,980,861,861,1008,1008,1021,1021,988,988,1080,1080,1096,1096,421,421,249,249,150,150,110,110,68,68,,,,,,,,,,,,,,,,,,,,,,,,,,,,,,,,,,,,,,,,,,,,,,,,
8044,800,8037,8040,8064;8072,2,0,0,0,0,0,0,0,0,0,0,0,0,0,0,1,1,1,1,1,1,1,1,1,1,1,1,1,1,1,1,1,1,1,1,1,1,1,1,0,0,0,0,0,0,0,0,0,0,,,,,,,,,,,,,,,,,,,,,,,,,,,,,,,,,,,,,,,,,,,,,,,,
8045,1200,8396,8046,,0,0,0,0,0,0,0,0,0,0,0,0,0,0,0,1,1,1,1,1,1,1,1,1,1,1,1,1,1,1,1,1,1,1,1,1,1,1,1,0,0,0,0,0,0,0,0,0,0,,,,,,,,,,,,,,,,,,,,,,,,,,,,,,,,,,,,,,,,,,,,,,,,
8046,1200,8065,8045,8041;8068,2,0,0,0,0,0,0,0,0,0,0,0,0,0,0,2,2,2,2,2,2,2,2,2,2,2,2,2,2,2,2,2,2,2,2,2,2,2,2,1,1,0,0,0,0,0,0,0,0,,,,,,,,,,,,,,,,,,,,,,,,,,,,,,,,,,,,,,,,,,,,,,,,
8047,800,8382,8390,,0,0,0,0,0,0,0,0,0,0,0,0,0,0,0,2,2,2,2,2,2,2,2,2,2,2,2,2,2,2,2,2,2,2,2,2,2,2,2,1,1,0,0,0,0,0,0,0,0,,,,,,,,,,,,,,,,,,,,,,,,,,,,,,,,,,,,,,,,,,,,,,,,
8048,800,8392,8388,,0,0,0,0,0,0,0,0,0,0,0,0,0,0,0,2,2,2,2,2,2,2,2,2,2,2,2,2,2,2,2,2,2,2,2,2,2,2,2,1,1,0,0,0,0,0,0,0,0,,,,,,,,,,,,,,,,,,,,,,,,,,,,,,,,,,,,,,,,,,,,,,,,
8049,3000,8508,8478,,0,21,21,20,20,14,14,14,14,17,17,20,20,56,56,1240,1240,1312,1312,1316,1316,1316,1316,1198,1198,1166,1166,1120,1120,1166,1166,1239,1239,1215,1215,1293,1293,1242,1242,268,268,158,158,95,95,70,70,44,44,,,,,,,,,,,,,,,,,,,,,,,,,,,,,,,,,,,,,,,,,,,,,,,,
8050,1200,8380,8374,,0,0,0,0,0,0,0,0,0,0,0,0,0,0,0,1,1,1,1,1,1,1,1,1,1,1,1,1,1,1,1,1,1,1,1,1,1,1,1,1,1,0,0,0,0,0,0,0,0,,,,,,,,,,,,,,,,,,,,,,,,,,,,,,,,,,,,,,,,,,,,,,,,
8051,800,8062,8032,,0,0,0,0,0,0,0,0,0,0,0,0,0,0,0,2,2,2,2,2,2,2,2,1,1,1,1,1,1,1,1,2,2,1,1,2,2,2,2,1,1,0,0,0,0,0,0,0,0,,,,,,,,,,,,,,,,,,,,,,,,,,,,,,,,,,,,,,,,,,,,,,,,
8052,1200,8360,8368,,0,0,0,0,0,0,0,0,0,0,0,0,0,0,0,1,1,1,1,1,1,1,1,1,1,1,1,1,1,1,1,1,1,1,1,1,1,1,1,0,0,0,0,0,0,0,0,0,0,,,,,,,,,,,,,,,,,,,,,,,,,,,,,,,,,,,,,,,,,,,,,,,,
8053,2500,8406,8016,,0,21,21,20,20,14,14,14,14,17,17,20,20,56,56,1240,1240,1312,1312,1316,1316,1316,1316,1198,1198,1166,1166,1120,1120,1166,1166,1239,1239,1215,1215,1293,1293,1242,1242,268,268,158,158,95,95,70,70,44,44,,,,,,,,,,,,,,,,,,,,,,,,,,,,,,,,,,,,,,,,,,,,,,,,
8054,1200,,8512,,0,0,0,0,0,0,0,0,0,0,0,0,0,0,0,2,2,2,2,2,2,2,2,2,2,2,2,2,2,2,2,2,2,2,2,2,2,2,2,1,1,0,0,0,0,0,0,0,0,,,,,,,,,,,,,,,,,,,,,,,,,,,,,,,,,,,,,,,,,,,,,,,,
8055,800,,8484,,0,0,0,0,0,0,0,0,0,0,0,0,0,0,0,1,1,1,1,1,1,1,1,1,1,1,1,1,1,1,1,1,1,1,1,1,1,1,1,0,0,0,0,0,0,0,0,0,0,,,,,,,,,,,,,,,,,,,,,,,,,,,,,,,,,,,,,,,,,,,,,,,,
8056,4000,8487,8418,,0,21,21,20,20,14,14,14,14,17,17,20,20,56,56,1240,1240,1312,1312,1316,1316,1316,1316,1198,1198,1166,1166,1120,1120,1166,1166,1239,1239,1215,1215,1293,1293,1242,1242,268,268,158,158,95,95,70,70,44,44,,,,,,,,,,,,,,,,,,,,,,,,,,,,,,,,,,,,,,,,,,,,,,,,
8057,1600,,8506,,0,0,0,0,0,0,0,0,0,0,0,0,0,0,0,1,1,2,2,2,2,2,2,1,1,1,1,1,1,1,1,1,1,1,1,1,1,1,1,1,1,0,0,0,0,0,0,0,0,,,,,,,,,,,,,,,,,,,,,,,,,,,,,,,,,,,,,,,,,,,,,,,,
8058,800,8356,8358,,0,0,0,0,0,0,0,0,0,0,0,0,0,0,0,2,2,3,3,3,3,3,3,2,2,2,2,2,2,2,2,2,2,2,2,3,3,2,2,1,1,1,1,0,0,0,0,0,0,,,,,,,,,,,,,,,,,,,,,,,,,,,,,,,,,,,,,,,,,,,,,,,,
8059,4400,8458,8031,8456,1,21,21,20,20,14,14,14,14,17,17,20,20,56,56,1240,1240,1312,1312,1316,1316,1316,1316,1198,1198,1166,1166,1120,1120,1166,1166,1239,1239,1215,1215,1293,1293,1242,1242,268,268,158,158,95,95,70,70,44,44,,,,,,,,,,,,,,,,,,,,,,,,,,,,,,,,,,,,,,,,,,,,,,,,
8060,800,,8487,,0,0,0,0,0,0,0,0,0,0,0,0,0,0,0,1,1,1,1,1,1,1,1,1,1,1,1,1,1,1,1,1,1,1,1,1,1,1,1,0,0,0,0,0,0,0,0,0,0,,,,,,,,,,,,,,,,,,,,,,,,,,,,,,,,,,,,,,,,,,,,,,,,
8061,2500,8067,8025,,0,67,67,70,70,49,49,53,53,62,62,67,67,186,186,910,910,1134,1134,1023,1023,977,977,900,900,812,812,861,861,864,864,851,851,886,886,939,939,854,854,524,524,336,336,227,227,165,165,84,84,,,,,,,,,,,,,,,,,,,,,,,,,,,,,,,,,,,,,,,,,,,,,,,,
8062,800,8051,8078,8387;8095,2,0,0,0,0,0,0,0,0,0,0,0,0,0,0,4,4,4,4,4,4,4,4,3,3,3,3,3,3,3,3,3,3,3,3,4,4,4,4,1,1,1,1,1,1,0,0,0,0,,,,,,,,,,,,,,,,,,,,,,,,,,,,,,,,,,,,,,,,,,,,,,,,
8063,800,8484,8480,,0,0,0,0,0,0,0,0,0,0,0,0,0,0,0,1,1,1,1,1,1,1,1,1,1,1,1,1,1,1,1,1,1,1,1,1,1,1,1,0,0,0,0,0,0,0,0,0,0,,,,,,,,,,,,,,,,,,,,,,,,,,,,,,,,,,,,,,,,,,,,,,,,
8064,1200,8044,8406,,0,0,0,0,0,0,0,0,0,0,0,0,0,0,0,1,1,1,1,1,1,1,1,1,1,1,1,1,1,1,1,1,1,1,1,1,1,1,1,0,0,0,0,0,0,0,0,0,0,,,,,,,,,,,,,,,,,,,,,,,,,,,,,,,,,,,,,,,,,,,,,,,,
8065,1600,8067,8046,,0,0,0,0,0,0,0,0,0,0,0,0,0,0,0,4,4,5,5,4,4,4,4,4,4,4,4,4,4,4,4,4,4,4,4,4,4,4,4,2,2,1,1,1,1,0,0,0,0,,,,,,,,,,,,,,,,,,,,,,,,,,,,,,,,,,,,,,,,,,,,,,,,
8066,4400,8083,8356,,0,43,43,43,43,30,30,32,32,38,38,42,42,118,118,1164,1164,1290,1290,1228,1228,1223,1223,1109,1109,1075,1075,1026,1026,1104,1104,1130,1130,1119,1119,1202,1202,1164,1164,443,443,270,270,171,171,125,125,72,72,,,,,,,,,,,,,,,,,,,,,,,,,,,,,,,,,,,,,,,,,,,,,,,,
8067,1200,8065,8084,8061;8405;8088,3,0,0,0,0,0,0,0,0,0,0,0,0,0,0,1,1,1,1,1,1,1,1,1,1,1,1,1,1,1,1,1,1,1,1,1,1,1,1,0,0,0,0,0,0,0,0,0,0,,,,,,,,,,,,,,,,,,,,,,,,,,,,,,,,,,,,,,,,,,,,,,,,
8068,1200,8394,8046,,0,0,0,0,0,0,0,0,0,0,0,0,0,0,0,1,1,1,1,1,1,1,1,1,1,1,1,1,1,1,1,1,1,1,1,1,1,1,1,0,0,0,0,0,0,0,0,0,0,,,,,,,,,,,,,,,,,,,,,,,,,,,,,,,,,,,,,,,,,,,,,,,,
8069,1600,8482,,,0,0,0,0,0,0,0,0,0,0,0,0,0,0,0,1,1,1,1,1,1,1,1,1,1,1,1,1,1,1,1,1,1,1,1,1,1,1,1,0,0,0,0,0,0,0,0,0,0,,,,,,,,,,,,,,,,,,,,,,,,,,,,,,,,,,,,,,,,,,,,,,,,
8070,1200,8440,,,0,0,0,0,0,0,0,0,0,0,0,0,0,0,0,1,1,1,1,1,1,1,1,1,1,1,1,1,1,1,1,1,1,1,1,1,1,1,1,0,0,0,0,0,0,0,0,0,0,,,,,,,,,,,,,,,,,,,,,,,,,,,,,,,,,,,,,,,,,,,,,,,,
8071,800,,8452,,0,0,0,0,0,0,0,0,0,0,0,0,0,0,0,1,1,2,2,2,2,2,2,1,1,1,1,1,1,1,1,1,1,1,1,2,2,1,1,1,1,0,0,0,0,0,0,0,0,,,,,,,,,,,,,,,,,,,,,,,,,,,,,,,,,,,,,,,,,,,,,,,,
8072,3000,8044,8424,,0,21,21,20,20,14,14,14,14,17,17,20,20,56,56,1240,1240,1312,1312,1316,1316,1316,1316,1198,1198,1166,1166,1120,1120,1166,1166,1239,1239,1215,1215,1293,1293,1242,1242,268,268,158,158,95,95,70,70,44,44,,,,,,,,,,,,,,,,,,,,,,,,,,,,,,,,,,,,,,,,,,,,,,,,
8073,600,,8378,8082,1,0,0,0,0,0,0,0,0,0,0,0,0,0,0,3,3,3,3,3,3,3,3,3,3,3,3,3,3,3,3,3,3,3,3,3,3,3,3,1,1,1,1,0,0,0,0,0,0,,,,,,,,,,,,,,,,,,,,,,,,,,,,,,,,,,,,,,,,,,,,,,,,
8074,2500,8036,8354,8089,1,43,43,43,43,30,30,32,32,38,38,42,42,118,118,1164,1164,1290,1290,1228,1228,1223,1223,1109,1109,1075,1075,1026,1026,1104,1104,1130,1130,1119,1119,1202,1202,1164,1164,443,443,270,270,171,171,125,125,72,72,,,,,,,,,,,,,,,,,,,,,,,,,,,,,,,,,,,,,,,,,,,,,,,,
8075,4400,8388,8382,,0,43,43,43,43,30,30,32,32,38,38,42,42,118,118,1164,1164,1290,1290,1228,1228,1223,1223,1109,1109,1075,1075,1026,1026,1104,1104,1130,1130,1119,1119,1202,1202,1164,1164,443,443,270,270,171,171,125,125,72,72,,,,,,,,,,,,,,,,,,,,,,,,,,,,,,,,,,,,,,,,,,,,,,,,
8076,800,8514,8079,,0,0,0,0,0,0,0,0,0,0,0,0,0,0,0,1,1,1,1,1,1,1,1,1,1,1,1,1,1,1,1,1,1,1,1,1,1,1,1,0,0,0,0,0,0,0,0,0,0,,,,,,,,,,,,,,,,,,,,,,,,,,,,,,,,,,,,,,,,,,,,,,,,
8077,300,8440,8430,,0,0,0,0,0,0,0,0,0,0,0,0,0,0,0,1,1,1,1,1,1,1,1,1,1,1,1,1,1,1,1,1,1,1,1,1,1,1,1,0,0,0,0,0,0,0,0,0,0,,,,,,,,,,,,,,,,,,,,,,,,,,,,,,,,,,,,,,,,,,,,,,,,
8078,1200,8085,8062,,0,0,0,0,0,0,0,0,0,0,0,0,0,0,0,2,2,2,2,2,2,2,2,2,2,2,2,2,2,2,2,2,2,2,2,2,2,2,2,1,1,1,1,0,0,0,0,0,0,,,,,,,,,,,,,,,,,,,,,,,,,,,,,,,,,,,,,,,,,,,,,,,,
8079,1200,8128,8076,8489,1,0,0,0,0,0,0,0,0,0,0,0,0,0,0,1,1,2,2,1,1,1,1,1,1,1,1,1,1,1,1,1,1,1,1,1,1,1,1,1,1,0,0,0,0,0,0,0,0,,,,,,,,,,,,,,,,,,,,,,,,,,,,,,,,,,,,,,,,,,,,,,,,
8080,4400,8454,8450,,0,21,21,20,20,14,14,14,14,17,17,20,20,56,56,1240,1240,1312,1312,1316,1316,1316,1316,1198,1198,1166,1166,1120,1120,1166,1166,1239,1239,1215,1215,1293,1293,1242,1242,268,268,158,158,95,95,70,70,44,44,,,,,,,,,,,,,,,,,,,,,,,,,,,,,,,,,,,,,,,,,,,,,,,,
8081,1200,8086,8424,,0,0,0,0,0,0,0,0,0,0,0,0,0,0,0,2,2,2,2,2,2,2,2,2,2,2,2,2,2,2,2,2,2,2,2,2,2,2,2,1,1,0,0,0,0,0,0,0,0,,,,,,,,,,,,,,,,,,,,,,,,,,,,,,,,,,,,,,,,,,,,,,,,
8082,1200,8085,8378,8073,1,0,0,0,0,0,0,0,0,0,0,0,0,0,0,2,2,2,2,2,2,2,2,2,2,2,2,2,2,2,2,2,2,2,2,2,2,2,2,1,1,1,1,0,0,0,0,0,0,,,,,,,,,,,,,,,,,,,,,,,,,,,,,,,,,,,,,,,,,,,,,,,,
8083,4400,8385,8066,8375;8347;8529,3,43,43,43,43,30,30,32,32,38,38,42,42,118,118,1164,1164,1290,1290,1228,1228,1223,1223,1109,1109,1075,1075,1026,1026,1104,1104,1130,1130,1119,1119,1202,1202,1164,1164,443,443,270,270,171,171,125,125,72,72,,,,,,,,,,,,,,,,,,,,,,,,,,,,,,,,,,,,,,,,,,,,,,,,
8084,1600,8086,8067,,0,0,0,0,0,0,0,0,0,0,0,0,0,0,0,1,1,1,1,1,1,1,1,1,1,1,1,1,1,1,1,1,1,1,1,1,1,1,1,0,0,0,0,0,0,0,0,0,0,,,,,,,,,,,,,,,,,,,,,,,,,,,,,,,,,,,,,,,,,,,,,,,,
8085,1200,8100,8082,8078;8093,2,0,0,0,0,0,0,0,0,0,0,0,0,0,0,3,3,3,3,3,3,3,3,2,2,2,2,2,2,2,2,3,3,2,2,3,3,3,3,1,1,1,1,0,0,0,0,0,0,,,,,,,,,,,,,,,,,,,,,,,,,,,,,,,,,,,,,,,,,,,,,,,,
8086,800,8084,8096,8081;8102,2,0,0,0,0,0,0,0,0,0,0,0,0,0,0,1,1,1,1,1,1,1,1,1,1,1,1,1,1,1,1,1,1,1,1,1,1,1,1,0,0,0,0,0,0,0,0,0,0,,,,,,,,,,,,,,,,,,,,,,,,,,,,,,,,,,,,,,,,,,,,,,,,
8087,1200,8482,8448,,0,0,0,0,0,0,0,0,0,0,0,0,0,0,0,1,1,1,1,1,1,1,1,1,1,1,1,1,1,1,1,1,1,1,1,1,1,1,1,0,0,0,0,0,0,0,0,0,0,,,,,,,,,,,,,,,,,,,,,,,,,,,,,,,,,,,,,,,,,,,,,,,,
8088,1200,8067,8097,,0,0,0,0,0,0,0,0,0,0,0,0,0,0,0,1,1,1,1,1,1,1,1,1,1,1,1,0,0,1,1,1,1,1,1,1,1,1,1,0,0,0,0,0,0,0,0,0,0,,,,,,,,,,,,,,,,,,,,,,,,,,,,,,,,,,,,,,,,,,,,,,,,
8089,3500,8036,8348,8074,1,43,43,43,43,30,30,32,32,38,38,42,42,118,118,1164,1164,1290,1290,1228,1228,1223,1223,1109,1109,1075,1075,1026,1026,1104,1104,1130,1130,1119,1119,1202,1202,1164,1164,443,443,270,270,171,171,125,125,72,72,,,,,,,,,,,,,,,,,,,,,,,,,,,,,,,,,,,,,,,,,,,,,,,,
8090,1200,,8434,,0,0,0,0,0,0,0,0,0,0,0,0,0,0,0,0,0,1,1,1,1,0,0,0,0,0,0,0,0,0,0,0,0,0,0,0,0,0,0,0,0,0,0,0,0,0,0,0,0,,,,,,,,,,,,,,,,,,,,,,,,,,,,,,,,,,,,,,,,,,,,,,,,
8091,1200,8438,,,0,0,0,0,0,0,0,0,0,0,0,0,0,0,0,1,1,1,1,1,1,1,1,1,1,1,1,1,1,1,1,1,1,1,1,1,1,1,1,0,0,0,0,0,0,0,0,0,0,,,,,,,,,,,,,,,,,,,,,,,,,,,,,,,,,,,,,,,,,,,,,,,,
8092,800,8436,,,0,0,0,0,0,0,0,0,0,0,0,0,0,0,0,1,1,1,1,1,1,1,1,1,1,1,1,1,1,1,1,1,1,1,1,1,1,1,1,0,0,0,0,0,0,0,0,0,0,,,,,,,,,,,,,,,,,,,,,,,,,,,,,,,,,,,,,,,,,,,,,,,,
8093,1200,8085,8386,,0,0,0,0,0,0,0,0,0,0,0,0,0,0,0,4,4,4,4,4,4,4,4,3,3,3,3,3,3,3,3,3,3,3,3,4,4,4,4,1,1,1,1,1,1,0,0,0,0,,,,,,,,,,,,,,,,,,,,,,,,,,,,,,,,,,,,,,,,,,,,,,,,
8094,1200,8584,8436,,0,0,0,0,0,0,0,0,0,0,0,0,0,0,0,1,1,1,1,1,1,1,1,1,1,1,1,1,1,1,1,1,1,1,1,1,1,1,1,0,0,0,0,0,0,0,0,0,0,,,,,,,,,,,,,,,,,,,,,,,,,,,,,,,,,,,,,,,,,,,,,,,,
8095,4400,8394,8062,,0,43,43,43,43,30,30,32,32,38,38,42,42,118,118,1164,1164,1290,1290,1228,1228,1223,1223,1109,1109,1075,1075,1026,1026,1104,1104,1130,1130,1119,1119,1202,1202,1164,1164,443,443,270,270,171,171,125,125,72,72,,,,,,,,,,,,,,,,,,,,,,,,,,,,,,,,,,,,,,,,,,,,,,,,
8096,1200,8574,8086,,0,0,0,0,0,0,0,0,0,0,0,0,0,0,0,1,1,1,1,1,1,1,1,1,1,1,1,1,1,1,1,1,1,1,1,1,1,1,1,0,0,0,0,0,0,0,0,0,0,,,,,,,,,,,,,,,,,,,,,,,,,,,,,,,,,,,,,,,,,,,,,,,,
8097,1200,8088,8112,8393;8561,2,0,0,0,0,0,0,0,0,0,0,0,0,0,0,1,1,1,1,1,1,1,1,1,1,1,1,1,1,1,1,1,1,1,1,1,1,1,1,0,0,0,0,0,0,0,0,0,0,,,,,,,,,,,,,,,,,,,,,,,,,,,,,,,,,,,,,,,,,,,,,,,,
8098,1200,8394,8103,,0,0,0,0,0,0,0,0,0,0,0,0,0,0,0,1,1,1,1,1,1,1,1,1,1,1,1,1,1,1,1,1,1,1,1,1,1,1,1,0,0,0,0,0,0,0,0,0,0,,,,,,,,,,,,,,,,,,,,,,,,,,,,,,,,,,,,,,,,,,,,,,,,
8099,4400,8456,8452,,0,21,21,20,20,14,14,14,14,17,17,20,20,56,56,1240,1240,1312,1312,1316,1316,1316,1316,1198,1198,1166,1166,1120,1120,1166,1166,1239,1239,1215,1215,1293,1293,1242,1242,268,268,158,158,95,95,70,70,44,44,,,,,,,,,,,,,,,,,,,,,,,,,,,,,,,,,,,,,,,,,,,,,,,,
81,2000,353,95,357;103,2,27,27,28,28,20,20,21,21,25,25,27,27,74,74,1049,1049,1182,1182,1170,1170,1126,1126,1056,1056,970,970,1022,1022,982,982,1052,1052,1066,1066,1112,1112,1010,1010,210,210,134,134,91,91,66,66,34,34,,,,,,,,,,,,,,,,,,,,,,,,,,,,,,,,,,,,,,,,,,,,,,,,
8100,1200,8103,8085,,0,0,0,0,0,0,0,0,0,0,0,0,0,0,0,1,1,1,1,1,1,1,1,1,1,1,1,1,1,1,1,1,1,1,1,1,1,1,1,0,0,0,0,0,0,0,0,0,0,,,,,,,,,,,,,,,,,,,,,,,,,,,,,,,,,,,,,,,,,,,,,,,,
8101,1200,8530,8352,,0,0,0,0,0,0,0,0,0,0,0,0,0,0,0,3,3,3,3,3,3,3,3,2,2,2,2,2,2,2,2,2,2,2,2,3,3,3,3,1,1,1,1,0,0,0,0,0,0,,,,,,,,,,,,,,,,,,,,,,,,,,,,,,,,,,,,,,,,,,,,,,,,
8102,1200,8562,8086,,0,0,0,0,0,0,0,0,0,0,0,0,0,0,0,1,1,1,1,1,1,1,1,1,1,1,1,1,1,1,1,1,1,1,1,1,1,1,1,0,0,0,0,0,0,0,0,0,0,,,,,,,,,,,,,,,,,,,,,,,,,,,,,,,,,,,,,,,,,,,,,,,,
8103,1200,8113,8100,8098;8107,2,0,0,0,0,0,0,0,0,0,0,0,0,0,0,1,1,1,1,1,1,1,1,1,1,1,1,0,0,1,1,1,1,1,1,1,1,1,1,0,0,0,0,0,0,0,0,0,0,,,,,,,,,,,,,,,,,,,,,,,,,,,,,,,,,,,,,,,,,,,,,,,,
8104,300,8580,8578,,0,0,0,0,0,0,0,0,0,0,0,0,0,0,0,0,0,1,1,1,1,1,1,0,0,0,0,0,0,0,0,0,0,0,0,0,0,0,0,0,0,0,0,0,0,0,0,0,0,,,,,,,,,,,,,,,,,,,,,,,,,,,,,,,,,,,,,,,,,,,,,,,,
8105,300,8582,8432,,0,0,0,0,0,0,0,0,0,0,0,0,0,0,0,1,1,1,1,1,1,1,1,1,1,1,1,1,1,1,1,1,1,1,1,1,1,1,1,1,1,0,0,0,0,0,0,0,0,,,,,,,,,,,,,,,,,,,,,,,,,,,,,,,,,,,,,,,,,,,,,,,,
8106,1200,8518,8110,,0,0,0,0,0,0,0,0,0,0,0,0,0,0,0,2,2,2,2,2,2,2,2,2,2,2,2,2,2,2,2,2,2,2,2,2,2,2,2,1,1,1,1,0,0,0,0,0,0,,,,,,,,,,,,,,,,,,,,,,,,,,,,,,,,,,,,,,,,,,,,,,,,
8107,1200,8103,8550,,0,0,0,0,0,0,0,0,0,0,0,0,0,0,0,0,0,1,1,0,0,0,0,0,0,0,0,0,0,0,0,0,0,0,0,0,0,0,0,0,0,0,0,0,0,0,0,0,0,,,,,,,,,,,,,,,,,,,,,,,,,,,,,,,,,,,,,,,,,,,,,,,,
8108,800,8584,8590,,0,0,0,0,0,0,0,0,0,0,0,0,0,0,0,1,1,1,1,1,1,1,1,1,1,1,1,1,1,1,1,1,1,1,1,1,1,1,1,0,0,0,0,0,0,0,0,0,0,,,,,,,,,,,,,,,,,,,,,,,,,,,,,,,,,,,,,,,,,,,,,,,,
8109,2000,8532,8518,,0,43,43,43,43,30,30,32,32,38,38,42,42,118,118,1164,1164,1290,1290,1228,1228,1223,1223,1109,1109,1075,1075,1026,1026,1104,1104,1130,1130,1119,1119,1202,1202,1164,1164,443,443,270,270,171,171,125,125,72,72,,,,,,,,,,,,,,,,,,,,,,,,,,,,,,,,,,,,,,,,,,,,,,,,
8110,1200,8106,8120,8519;8125,2,0,0,0,0,0,0,0,0,0,0,0,0,0,0,2,2,2,2,2,2,2,2,2,2,2,2,1,1,2,2,2,2,2,2,2,2,2,2,1,1,0,0,0,0,0,0,0,0,,,,,,,,,,,,,,,,,,,,,,,,,,,,,,,,,,,,,,,,,,,,,,,,
8111,1600,8426,7998,,0,0,0,0,0,0,0,0,0,0,0,0,0,0,0,1,1,1,1,1,1,1,1,1,1,1,1,1,1,1,1,1,1,1,1,1,1,1,1,0,0,0,0,0,0,0,0,0,0,,,,,,,,,,,,,,,,,,,,,,,,,,,,,,,,,,,,,,,,,,,,,,,,
8112,1600,8115,8097,,0,0,0,0,0,0,0,0,0,0,0,0,0,0,0,4,4,5,5,4,4,4,4,4,4,4,4,4,4,4,4,4,4,4,4,4,4,4,4,2,2,1,1,1,1,0,0,0,0,,,,,,,,,,,,,,,,,,,,,,,,,,,,,,,,,,,,,,,,,,,,,,,,
8113,1200,8103,8115,,0,0,0,0,0,0,0,0,0,0,0,0,0,0,0,1,1,1,1,1,1,1,1,1,1,1,1,1,1,1,1,1,1,1,1,1,1,1,1,0,0,0,0,0,0,0,0,0,0,,,,,,,,,,,,,,,,,,,,,,,,,,,,,,,,,,,,,,,,,,,,,,,,
8114,800,8580,8118,,0,0,0,0,0,0,0,0,0,0,0,0,0,0,0,1,1,1,1,1,1,1,1,1,1,1,1,1,1,1,1,1,1,1,1,1,1,1,1,0,0,0,0,0,0,0,0,0,0,,,,,,,,,,,,,,,,,,,,,,,,,,,,,,,,,,,,,,,,,,,,,,,,
8115,800,8130,8113,8112;8123,2,0,0,0,0,0,0,0,0,0,0,0,0,0,0,2,2,3,3,2,2,2,2,2,2,2,2,2,2,2,2,2,2,2,2,2,2,2,2,1,1,1,1,0,0,0,0,0,0,,,,,,,,,,,,,,,,,,,,,,,,,,,,,,,,,,,,,,,,,,,,,,,,
8116,1200,8118,8590,,0,0,0,0,0,0,0,0,0,0,0,0,0,0,0,1,1,1,1,1,1,1,1,1,1,1,1,1,1,1,1,1,1,1,1,1,1,1,1,0,0,0,0,0,0,0,0,0,0,,,,,,,,,,,,,,,,,,,,,,,,,,,,,,,,,,,,,,,,,,,,,,,,
8117,1200,8582,8118,,0,0,0,0,0,0,0,0,0,0,0,0,0,0,0,1,1,1,1,1,1,1,1,1,1,1,1,1,1,1,1,1,1,1,1,1,1,1,1,0,0,0,0,0,0,0,0,0,0,,,,,,,,,,,,,,,,,,,,,,,,,,,,,,,,,,,,,,,,,,,,,,,,
8118,800,8116,8117,8114;8124,2,0,0,0,0,0,0,0,0,0,0,0,0,0,0,1,1,1,1,1,1,1,1,1,1,1,1,1,1,1,1,1,1,1,1,1,1,1,1,0,0,0,0,0,0,0,0,0,0,,,,,,,,,,,,,,,,,,,,,,,,,,,,,,,,,,,,,,,,,,,,,,,,
8119,3500,8122,8514,,0,21,21,20,20,14,14,14,14,17,17,20,20,56,56,1240,1240,1312,1312,1316,1316,1316,1316,1198,1198,1166,1166,1120,1120,1166,1166,1239,1239,1215,1215,1293,1293,1242,1242,268,268,158,158,95,95,70,70,44,44,,,,,,,,,,,,,,,,,,,,,,,,,,,,,,,,,,,,,,,,,,,,,,,,
8120,1200,8110,15864,,0,0,0,0,0,0,0,0,0,0,0,0,0,1,1,6,6,7,7,6,6,6,6,6,6,6,6,5,5,6,6,6,6,6,6,6,6,6,6,3,3,2,2,1,1,1,1,0,0,,,,,,,,,,,,,,,,,,,,,,,,,,,,,,,,,,,,,,,,,,,,,,,,
8121,1600,8122,8588,,0,0,0,0,0,0,0,0,0,0,0,0,0,0,0,1,1,2,2,1,1,1,1,1,1,1,1,1,1,1,1,1,1,1,1,1,1,1,1,1,1,0,0,0,0,0,0,0,0,,,,,,,,,,,,,,,,,,,,,,,,,,,,,,,,,,,,,,,,,,,,,,,,
8122,1200,8119,8145,8121;8131,2,0,0,0,0,0,0,0,0,0,0,0,0,0,0,1,1,2,2,1,1,1,1,1,1,1,1,1,1,1,1,1,1,1,1,1,1,1,1,1,1,0,0,0,0,0,0,0,0,,,,,,,,,,,,,,,,,,,,,,,,,,,,,,,,,,,,,,,,,,,,,,,,
8123,1200,8115,8552,,0,0,0,0,0,0,0,0,0,0,0,0,0,0,0,2,2,2,2,2,2,2,2,2,2,2,2,2,2,2,2,2,2,2,2,2,2,2,2,1,1,0,0,0,0,0,0,0,0,,,,,,,,,,,,,,,,,,,,,,,,,,,,,,,,,,,,,,,,,,,,,,,,
8124,1200,8118,8139,,0,0,0,0,0,0,0,0,0,0,0,0,0,0,0,2,2,2,2,2,2,2,2,1,1,1,1,1,1,1,1,1,1,1,1,2,2,1,1,1,1,0,0,0,0,0,0,0,0,,,,,,,,,,,,,,,,,,,,,,,,,,,,,,,,,,,,,,,,,,,,,,,,
8125,1200,8110,8132,,0,0,0,0,0,0,0,0,0,0,0,0,0,0,0,3,3,3,3,3,3,3,3,2,2,2,2,2,2,2,2,2,2,2,2,3,3,3,3,1,1,1,1,0,0,0,0,0,0,,,,,,,,,,,,,,,,,,,,,,,,,,,,,,,,,,,,,,,,,,,,,,,,
8126,1500,8534,8524,,0,43,43,43,43,30,30,32,32,38,38,42,42,118,118,1164,1164,1290,1290,1228,1228,1223,1223,1109,1109,1075,1075,1026,1026,1104,1104,1130,1130,1119,1119,1202,1202,1164,1164,443,443,270,270,171,171,125,125,72,72,,,,,,,,,,,,,,,,,,,,,,,,,,,,,,,,,,,,,,,,,,,,,,,,
8127,1600,15864,8132,,0,0,0,0,0,0,0,0,0,0,0,0,0,1,1,6,6,7,7,6,6,6,6,6,6,6,6,5,5,6,6,6,6,6,6,6,6,6,6,3,3,2,2,1,1,1,1,0,0,,,,,,,,,,,,,,,,,,,,,,,,,,,,,,,,,,,,,,,,,,,,,,,,
8128,3000,8136,8079,,0,21,21,20,20,14,14,14,14,17,17,20,20,56,56,1240,1240,1312,1312,1316,1316,1316,1316,1198,1198,1166,1166,1120,1120,1166,1166,1239,1239,1215,1215,1293,1293,1242,1242,268,268,158,158,95,95,70,70,44,44,,,,,,,,,,,,,,,,,,,,,,,,,,,,,,,,,,,,,,,,,,,,,,,,
8129,800,8133,8568,,0,0,0,0,0,0,0,0,0,0,0,0,0,0,0,2,2,2,2,2,2,2,2,2,2,2,2,2,2,2,2,2,2,2,2,2,2,2,2,1,1,0,0,0,0,0,0,0,0,,,,,,,,,,,,,,,,,,,,,,,,,,,,,,,,,,,,,,,,,,,,,,,,
8130,1200,8133,8115,,0,0,0,0,0,0,0,0,0,0,0,0,0,0,0,4,4,5,5,4,4,4,4,4,4,4,4,4,4,4,4,4,4,4,4,4,4,4,4,2,2,1,1,1,1,0,0,0,0,,,,,,,,,,,,,,,,,,,,,,,,,,,,,,,,,,,,,,,,,,,,,,,,
8131,1200,8136,8122,,0,53,53,55,55,38,38,42,42,48,48,53,53,146,146,715,715,891,891,804,804,768,768,707,707,638,638,676,676,679,679,669,669,696,696,738,738,671,671,411,411,264,264,178,178,130,130,66,66,,,,,,,,,,,,,,,,,,,,,,,,,,,,,,,,,,,,,,,,,,,,,,,,
8132,1600,8127,8525,8125;8147,2,0,0,0,0,0,0,0,0,0,0,0,0,0,0,4,4,5,5,4,4,4,4,4,4,4,4,4,4,4,4,4,4,4,4,4,4,4,4,2,2,1,1,1,1,0,0,0,0,,,,,,,,,,,,,,,,,,,,,,,,,,,,,,,,,,,,,,,,,,,,,,,,
8133,1200,8151,8130,8129;8142,2,0,0,0,0,0,0,0,0,0,0,0,0,0,0,2,2,2,2,2,2,2,2,2,2,2,2,2,2,2,2,2,2,2,2,2,2,2,2,1,1,0,0,0,0,0,0,0,0,,,,,,,,,,,,,,,,,,,,,,,,,,,,,,,,,,,,,,,,,,,,,,,,
8134,800,8570,8564,,0,0,0,0,0,0,0,0,0,0,0,0,0,0,0,2,2,2,2,2,2,2,2,2,2,2,2,2,2,2,2,2,2,2,2,2,2,2,2,1,1,0,0,0,0,0,0,0,0,,,,,,,,,,,,,,,,,,,,,,,,,,,,,,,,,,,,,,,,,,,,,,,,
8135,1200,8526,8520,,0,0,0,0,0,0,0,0,0,0,0,0,0,0,0,4,4,5,5,4,4,4,4,4,4,4,4,4,4,4,4,4,4,4,4,4,4,4,4,2,2,1,1,1,1,0,0,0,0,,,,,,,,,,,,,,,,,,,,,,,,,,,,,,,,,,,,,,,,,,,,,,,,
8136,1600,8131,8138,8128;8150,2,0,0,0,0,0,0,0,0,0,0,0,0,0,0,2,2,2,2,2,2,2,2,2,2,2,2,2,2,2,2,2,2,2,2,2,2,2,2,1,1,0,0,0,0,0,0,0,0,,,,,,,,,,,,,,,,,,,,,,,,,,,,,,,,,,,,,,,,,,,,,,,,
8137,4400,8564,8562,,0,21,21,20,20,14,14,14,14,17,17,20,20,56,56,1240,1240,1312,1312,1316,1316,1316,1316,1198,1198,1166,1166,1120,1120,1166,1166,1239,1239,1215,1215,1293,1293,1242,1242,268,268,158,158,95,95,70,70,44,44,,,,,,,,,,,,,,,,,,,,,,,,,,,,,,,,,,,,,,,,,,,,,,,,
8138,1200,8614,8136,,0,0,0,0,0,0,0,0,0,0,0,0,0,0,0,2,2,2,2,2,2,2,2,2,2,2,2,2,2,2,2,2,2,2,2,2,2,2,2,1,1,0,0,0,0,0,0,0,0,,,,,,,,,,,,,,,,,,,,,,,,,,,,,,,,,,,,,,,,,,,,,,,,
8139,1200,8591,8124,8563;8603,2,0,0,0,0,0,0,0,0,0,0,0,0,0,0,2,2,2,2,2,2,2,2,2,2,2,2,2,2,2,2,2,2,2,2,2,2,2,2,1,1,0,0,0,0,0,0,0,0,,,,,,,,,,,,,,,,,,,,,,,,,,,,,,,,,,,,,,,,,,,,,,,,
8140,1600,8522,8528,,0,0,0,0,0,0,0,0,0,0,0,0,0,0,0,4,4,5,5,4,4,4,4,4,4,4,4,4,4,4,4,4,4,4,4,4,4,4,4,2,2,1,1,1,1,0,0,0,0,,,,,,,,,,,,,,,,,,,,,,,,,,,,,,,,,,,,,,,,,,,,,,,,
8141,800,8572,8566,,0,33,33,31,31,22,22,23,23,26,26,31,31,88,88,1055,1055,1119,1119,1058,1058,1080,1080,966,966,980,980,861,861,1008,1008,1021,1021,988,988,1080,1080,1096,1096,421,421,249,249,150,150,110,110,68,68,,,,,,,,,,,,,,,,,,,,,,,,,,,,,,,,,,,,,,,,,,,,,,,,
8142,800,8133,8556,,0,0,0,0,0,0,0,0,0,0,0,0,0,0,0,1,1,1,1,1,1,1,1,1,1,1,1,1,1,1,1,1,1,1,1,1,1,1,1,0,0,0,0,0,0,0,0,0,0,,,,,,,,,,,,,,,,,,,,,,,,,,,,,,,,,,,,,,,,,,,,,,,,
8143,1600,8146,8524,,0,33,33,31,31,22,22,23,23,26,26,31,31,88,88,1055,1055,1119,1119,1058,1058,1080,1080,966,966,980,980,861,861,1008,1008,1021,1021,988,988,1080,1080,1096,1096,421,421,249,249,150,150,110,110,68,68,,,,,,,,,,,,,,,,,,,,,,,,,,,,,,,,,,,,,,,,,,,,,,,,
8144,400,8528,8146,,0,0,0,0,0,0,0,0,0,0,0,0,0,0,0,3,3,3,3,3,3,3,3,3,3,3,3,3,3,3,3,3,3,3,3,3,3,3,3,1,1,1,1,0,0,0,0,0,0,,,,,,,,,,,,,,,,,,,,,,,,,,,,,,,,,,,,,,,,,,,,,,,,
8145,1200,8122,8606,,0,0,0,0,0,0,0,0,0,0,0,0,0,0,0,2,2,2,2,2,2,2,2,2,2,2,2,2,2,2,2,2,2,2,2,2,2,2,2,1,1,0,0,0,0,0,0,0,0,,,,,,,,,,,,,,,,,,,,,,,,,,,,,,,,,,,,,,,,,,,,,,,,
8146,1200,8144,8152,8143;8155,2,0,0,0,0,0,0,0,0,0,0,0,0,0,0,3,3,3,3,3,3,3,3,3,3,3,3,3,3,3,3,3,3,3,3,3,3,3,3,1,1,1,1,0,0,0,0,0,0,,,,,,,,,,,,,,,,,,,,,,,,,,,,,,,,,,,,,,,,,,,,,,,,
8147,2200,8132,8516,,0,49,49,50,50,35,35,38,38,44,44,48,48,134,134,1042,1042,1205,1205,1140,1140,1113,1113,1019,1019,953,953,965,965,985,985,1006,1006,1018,1018,1081,1081,1009,1009,422,422,265,265,174,174,127,127,68,68,,,,,,,,,,,,,,,,,,,,,,,,,,,,,,,,,,,,,,,,,,,,,,,,
8148,1200,8570,8568,,0,0,0,0,0,0,0,0,0,0,0,0,0,0,0,2,2,2,2,2,2,2,2,2,2,2,2,2,2,2,2,2,2,2,2,2,2,2,2,1,1,0,0,0,0,0,0,0,0,,,,,,,,,,,,,,,,,,,,,,,,,,,,,,,,,,,,,,,,,,,,,,,,
8149,600,8153,8572,,0,0,0,0,0,0,0,0,0,0,0,0,0,0,0,1,1,2,2,2,2,2,2,1,1,1,1,1,1,1,1,1,1,1,1,2,2,1,1,1,1,0,0,0,0,0,0,0,0,,,,,,,,,,,,,,,,,,,,,,,,,,,,,,,,,,,,,,,,,,,,,,,,
8150,3000,8608,8136,,0,34,34,35,35,24,24,26,26,31,31,34,34,93,93,1024,1024,1168,1168,1154,1154,1117,1117,1034,1034,948,948,1003,1003,958,958,1015,1015,1030,1030,1075,1075,972,972,262,262,168,168,114,114,82,82,42,42,,,,,,,,,,,,,,,,,,,,,,,,,,,,,,,,,,,,,,,,,,,,,,,,
8151,1200,8153,8133,,0,0,0,0,0,0,0,0,0,0,0,0,0,0,0,3,3,3,3,3,3,3,3,3,3,2,2,2,2,2,2,2,2,3,3,3,3,2,2,1,1,1,1,0,0,0,0,0,0,,,,,,,,,,,,,,,,,,,,,,,,,,,,,,,,,,,,,,,,,,,,,,,,
8152,1200,8536,8146,,0,53,53,55,55,38,38,42,42,48,48,53,53,146,146,715,715,891,891,804,804,768,768,707,707,638,638,676,676,679,679,669,669,696,696,738,738,671,671,411,411,264,264,178,178,130,130,66,66,,,,,,,,,,,,,,,,,,,,,,,,,,,,,,,,,,,,,,,,,,,,,,,,
8153,600,8151,8156,8149;8158,2,0,0,0,0,0,0,0,0,0,0,0,0,0,0,2,2,2,2,2,2,2,2,2,2,2,2,2,2,2,2,2,2,2,2,2,2,2,2,1,1,0,0,0,0,0,0,0,0,,,,,,,,,,,,,,,,,,,,,,,,,,,,,,,,,,,,,,,,,,,,,,,,
8154,1200,8159,8592,,0,0,0,0,0,0,0,0,0,0,0,0,0,0,0,1,1,2,2,2,2,2,2,1,1,1,1,1,1,1,1,1,1,1,1,2,2,1,1,1,1,0,0,0,0,0,0,0,0,,,,,,,,,,,,,,,,,,,,,,,,,,,,,,,,,,,,,,,,,,,,,,,,
8155,1600,8544,8146,,0,0,0,0,0,0,0,0,0,0,0,0,0,1,1,6,6,7,7,6,6,6,6,6,6,5,5,5,5,5,5,6,6,6,6,6,6,6,6,2,2,1,1,1,1,1,1,0,0,,,,,,,,,,,,,,,,,,,,,,,,,,,,,,,,,,,,,,,,,,,,,,,,
8156,800,8159,8153,,0,0,0,0,0,0,0,0,0,0,0,0,0,0,0,2,2,2,2,2,2,2,2,2,2,2,2,2,2,2,2,2,2,2,2,2,2,2,2,1,1,0,0,0,0,0,0,0,0,,,,,,,,,,,,,,,,,,,,,,,,,,,,,,,,,,,,,,,,,,,,,,,,
8157,800,,8558,,0,0,0,0,0,0,0,0,0,0,0,0,0,0,0,1,1,1,1,1,1,1,1,1,1,1,1,1,1,1,1,1,1,1,1,1,1,1,1,0,0,0,0,0,0,0,0,0,0,,,,,,,,,,,,,,,,,,,,,,,,,,,,,,,,,,,,,,,,,,,,,,,,
8158,300,8560,8153,,0,0,0,0,0,0,0,0,0,0,0,0,0,0,0,2,2,2,2,2,2,2,2,2,2,2,2,2,2,2,2,2,2,2,2,2,2,2,2,1,1,0,0,0,0,0,0,0,0,,,,,,,,,,,,,,,,,,,,,,,,,,,,,,,,,,,,,,,,,,,,,,,,
8159,1200,8599,8156,8154;8593,2,0,0,0,0,0,0,0,0,0,0,0,0,0,0,2,2,2,2,2,2,2,2,2,2,2,2,2,2,2,2,2,2,2,2,2,2,2,2,1,1,0,0,0,0,0,0,0,0,,,,,,,,,,,,,,,,,,,,,,,,,,,,,,,,,,,,,,,,,,,,,,,,
8160,800,8604,,,0,0,0,0,0,0,0,0,0,0,0,0,0,0,0,2,2,3,3,3,3,3,3,2,2,2,2,2,2,2,2,2,2,2,2,2,2,2,2,1,1,1,1,0,0,0,0,0,0,,,,,,,,,,,,,,,,,,,,,,,,,,,,,,,,,,,,,,,,,,,,,,,,
8161,1600,8536,8540,,0,0,0,0,0,0,0,0,0,0,0,0,0,1,1,5,5,6,6,6,6,5,5,5,5,5,5,5,5,5,5,5,5,5,5,6,6,5,5,2,2,1,1,1,1,1,1,0,0,,,,,,,,,,,,,,,,,,,,,,,,,,,,,,,,,,,,,,,,,,,,,,,,
8162,2500,8560,8558,,0,34,34,35,35,24,24,26,26,31,31,34,34,93,93,1024,1024,1168,1168,1154,1154,1117,1117,1034,1034,948,948,1003,1003,958,958,1015,1015,1030,1030,1075,1075,972,972,262,262,168,168,114,114,82,82,42,42,,,,,,,,,,,,,,,,,,,,,,,,,,,,,,,,,,,,,,,,,,,,,,,,
8163,4400,8516,8544,,0,67,67,70,70,49,49,53,53,62,62,67,67,186,186,910,910,1134,1134,1023,1023,977,977,900,900,812,812,861,861,864,864,851,851,886,886,939,939,854,854,524,524,336,336,227,227,165,165,84,84,,,,,,,,,,,,,,,,,,,,,,,,,,,,,,,,,,,,,,,,,,,,,,,,
8164,1200,8600,8602,,0,0,0,0,0,0,0,0,0,0,0,0,0,0,0,1,1,1,1,1,1,1,1,1,1,1,1,1,1,1,1,1,1,1,1,1,1,1,1,0,0,0,0,0,0,0,0,0,0,,,,,,,,,,,,,,,,,,,,,,,,,,,,,,,,,,,,,,,,,,,,,,,,
8165,1200,8612,8167,,0,0,0,0,0,0,0,0,0,0,0,0,0,0,0,1,1,2,2,2,2,2,2,1,1,1,1,1,1,1,1,1,1,1,1,2,2,1,1,1,1,0,0,0,0,0,0,0,0,,,,,,,,,,,,,,,,,,,,,,,,,,,,,,,,,,,,,,,,,,,,,,,,
8166,1600,8167,8608,,0,0,0,0,0,0,0,0,0,0,0,0,0,0,0,2,2,3,3,2,2,2,2,2,2,2,2,2,2,2,2,2,2,2,2,2,2,2,2,1,1,0,0,0,0,0,0,0,0,,,,,,,,,,,,,,,,,,,,,,,,,,,,,,,,,,,,,,,,,,,,,,,,
8167,1200,8166,8165,8345,1,0,0,0,0,0,0,0,0,0,0,0,0,0,0,1,1,1,1,1,1,1,1,1,1,1,1,1,1,1,1,1,1,1,1,1,1,1,1,0,0,0,0,0,0,0,0,0,0,,,,,,,,,,,,,,,,,,,,,,,,,,,,,,,,,,,,,,,,,,,,,,,,
8168,3000,8546,,,0,49,49,50,50,35,35,38,38,44,44,48,48,134,134,1042,1042,1205,1205,1140,1140,1113,1113,1019,1019,953,953,965,965,985,985,1006,1006,1018,1018,1081,1081,1009,1009,422,422,265,265,174,174,127,127,68,68,,,,,,,,,,,,,,,,,,,,,,,,,,,,,,,,,,,,,,,,,,,,,,,,
8169,800,8600,8598,,0,0,0,0,0,0,0,0,0,0,0,0,0,0,0,1,1,1,1,1,1,1,1,1,1,1,1,1,1,1,1,1,1,1,1,1,1,1,1,0,0,0,0,0,0,0,0,0,0,,,,,,,,,,,,,,,,,,,,,,,,,,,,,,,,,,,,,,,,,,,,,,,,
8170,1600,8542,8538,,0,0,0,0,0,0,0,0,0,0,0,0,0,0,0,909,909,1002,1002,931,931,835,835,881,881,812,812,829,829,868,868,957,957,982,982,1027,1027,964,964,0,0,0,0,0,0,0,0,0,0,,,,,,,,,,,,,,,,,,,,,,,,,,,,,,,,,,,,,,,,,,,,,,,,
8171,1200,8606,8602,,0,0,0,0,0,0,0,0,0,0,0,0,0,0,0,2,2,2,2,2,2,2,2,2,2,2,2,2,2,2,2,2,2,2,2,2,2,2,2,1,1,0,0,0,0,0,0,0,0,,,,,,,,,,,,,,,,,,,,,,,,,,,,,,,,,,,,,,,,,,,,,,,,
8172,3500,8542,8317,,0,49,49,50,50,35,35,38,38,44,44,48,48,134,134,1042,1042,1205,1205,1140,1140,1113,1113,1019,1019,953,953,965,965,985,985,1006,1006,1018,1018,1081,1081,1009,1009,422,422,265,265,174,174,127,127,68,68,,,,,,,,,,,,,,,,,,,,,,,,,,,,,,,,,,,,,,,,,,,,,,,,
8173,800,8174,8598,,0,0,0,0,0,0,0,0,0,0,0,0,0,0,0,2,2,2,2,2,2,2,2,2,2,1,1,1,1,1,1,1,1,1,1,2,2,1,1,1,1,0,0,0,0,0,0,0,0,,,,,,,,,,,,,,,,,,,,,,,,,,,,,,,,,,,,,,,,,,,,,,,,
8174,1200,8175,8173,8601;8187,2,0,0,0,0,0,0,0,0,0,0,0,0,0,0,1,1,1,1,1,1,1,1,1,1,1,1,1,1,1,1,1,1,1,1,1,1,1,1,0,0,0,0,0,0,0,0,0,0,,,,,,,,,,,,,,,,,,,,,,,,,,,,,,,,,,,,,,,,,,,,,,,,
8175,1200,8174,8177,,0,0,0,0,0,0,0,0,0,0,0,0,0,0,0,2,2,2,2,2,2,2,2,2,2,1,1,1,1,1,1,2,2,2,2,2,2,1,1,1,1,0,0,0,0,0,0,0,0,,,,,,,,,,,,,,,,,,,,,,,,,,,,,,,,,,,,,,,,,,,,,,,,
8176,4400,8608,8177,,0,34,34,35,35,24,24,26,26,31,31,34,34,93,93,1024,1024,1168,1168,1154,1154,1117,1117,1034,1034,948,948,1003,1003,958,958,1015,1015,1030,1030,1075,1075,972,972,262,262,168,168,114,114,82,82,42,42,,,,,,,,,,,,,,,,,,,,,,,,,,,,,,,,,,,,,,,,,,,,,,,,
8177,1200,8180,8175,8176;8195,2,0,0,0,0,0,0,0,0,0,0,0,0,0,0,2,2,2,2,2,2,2,2,2,2,2,2,2,2,2,2,2,2,2,2,2,2,2,2,1,1,0,0,0,0,0,0,0,0,,,,,,,,,,,,,,,,,,,,,,,,,,,,,,,,,,,,,,,,,,,,,,,,
8178,1600,8346,,,0,0,0,0,0,0,0,0,0,0,0,0,0,0,0,3,3,4,4,4,4,4,4,3,3,3,3,3,3,3,3,3,3,3,3,3,3,3,3,1,1,1,1,0,0,0,0,0,0,,,,,,,,,,,,,,,,,,,,,,,,,,,,,,,,,,,,,,,,,,,,,,,,
8179,1200,8346,8182,,0,0,0,0,0,0,0,0,0,0,0,0,0,0,0,1,1,1,1,1,1,1,1,1,1,1,1,1,1,1,1,1,1,1,1,1,1,1,1,0,0,0,0,0,0,0,0,0,0,,,,,,,,,,,,,,,,,,,,,,,,,,,,,,,,,,,,,,,,,,,,,,,,
8180,1200,8177,8182,,0,0,0,0,0,0,0,0,0,0,0,0,0,0,0,1,1,1,1,1,1,1,1,1,1,1,1,1,1,1,1,1,1,1,1,1,1,1,1,0,0,0,0,0,0,0,0,0,0,,,,,,,,,,,,,,,,,,,,,,,,,,,,,,,,,,,,,,,,,,,,,,,,
8181,2500,8329,8337,,0,34,34,35,35,24,24,26,26,31,31,34,34,93,93,1024,1024,1168,1168,1154,1154,1117,1117,1034,1034,948,948,1003,1003,958,958,1015,1015,1030,1030,1075,1075,972,972,262,262,168,168,114,114,82,82,42,42,,,,,,,,,,,,,,,,,,,,,,,,,,,,,,,,,,,,,,,,,,,,,,,,
8182,1200,8189,8180,8179;8340,2,0,0,0,0,0,0,0,0,0,0,0,0,0,0,2,2,2,2,2,2,2,2,2,2,1,1,1,1,1,1,1,1,2,2,2,2,1,1,1,1,0,0,0,0,0,0,0,0,,,,,,,,,,,,,,,,,,,,,,,,,,,,,,,,,,,,,,,,,,,,,,,,
8183,1600,8335,,,0,53,53,55,55,38,38,42,42,48,48,53,53,146,146,715,715,891,891,804,804,768,768,707,707,638,638,676,676,679,679,669,669,696,696,738,738,671,671,411,411,264,264,178,178,130,130,66,66,,,,,,,,,,,,,,,,,,,,,,,,,,,,,,,,,,,,,,,,,,,,,,,,
8184,1200,8315,8186,,0,0,0,0,0,0,0,0,0,0,0,0,0,0,0,5,5,5,5,5,5,5,5,5,5,4,4,4,4,4,4,5,5,5,5,5,5,5,5,2,2,1,1,1,1,0,0,0,0,,,,,,,,,,,,,,,,,,,,,,,,,,,,,,,,,,,,,,,,,,,,,,,,
8185,4400,8186,8305,,0,49,49,50,50,35,35,38,38,44,44,48,48,134,134,1042,1042,1205,1205,1140,1140,1113,1113,1019,1019,953,953,965,965,985,985,1006,1006,1018,1018,1081,1081,1009,1009,422,422,265,265,174,174,127,127,68,68,,,,,,,,,,,,,,,,,,,,,,,,,,,,,,,,,,,,,,,,,,,,,,,,
8186,1600,8191,8184,8185;8228,2,0,0,0,0,0,0,0,0,0,0,0,0,0,0,2,2,2,2,2,2,2,2,2,2,2,2,2,2,2,2,2,2,2,2,2,2,2,2,1,1,0,0,0,0,0,0,0,0,,,,,,,,,,,,,,,,,,,,,,,,,,,,,,,,,,,,,,,,,,,,,,,,
8187,1200,8174,8337,,0,0,0,0,0,0,0,0,0,0,0,0,0,0,0,1,1,2,2,2,2,2,2,1,1,1,1,1,1,1,1,1,1,1,1,1,1,1,1,0,0,0,0,0,0,0,0,0,0,,,,,,,,,,,,,,,,,,,,,,,,,,,,,,,,,,,,,,,,,,,,,,,,
8188,4400,8193,8305,,0,49,49,50,50,35,35,38,38,44,44,48,48,134,134,1042,1042,1205,1205,1140,1140,1113,1113,1019,1019,953,953,965,965,985,985,1006,1006,1018,1018,1081,1081,1009,1009,422,422,265,265,174,174,127,127,68,68,,,,,,,,,,,,,,,,,,,,,,,,,,,,,,,,,,,,,,,,,,,,,,,,
8189,1600,8182,,,0,0,0,0,0,0,0,0,0,0,0,0,0,0,0,3,3,4,4,4,4,4,4,3,3,3,3,3,3,3,3,3,3,3,3,3,3,3,3,1,1,1,1,0,0,0,0,0,0,,,,,,,,,,,,,,,,,,,,,,,,,,,,,,,,,,,,,,,,,,,,,,,,
8190,1200,8192,8335,,0,0,0,0,0,0,0,0,0,0,0,0,0,0,0,2,2,2,2,2,2,2,2,2,2,2,2,2,2,2,2,2,2,2,2,2,2,2,2,1,1,0,0,0,0,0,0,0,0,,,,,,,,,,,,,,,,,,,,,,,,,,,,,,,,,,,,,,,,,,,,,,,,
8191,1200,8193,8186,,0,0,0,0,0,0,0,0,0,0,0,0,0,0,0,2,2,2,2,2,2,2,2,2,2,2,2,2,2,2,2,2,2,2,2,2,2,2,2,1,1,0,0,0,0,0,0,0,0,,,,,,,,,,,,,,,,,,,,,,,,,,,,,,,,,,,,,,,,,,,,,,,,
8192,1600,8197,8336,8190;8194,2,0,0,0,0,0,0,0,0,0,0,0,0,0,0,1,1,1,1,1,1,1,1,1,1,1,1,1,1,1,1,1,1,1,1,1,1,1,1,0,0,0,0,0,0,0,0,0,0,,,,,,,,,,,,,,,,,,,,,,,,,,,,,,,,,,,,,,,,,,,,,,,,
8193,1600,8188,8191,8302;8227,2,0,0,0,0,0,0,0,0,0,0,0,0,0,0,2,2,2,2,2,2,2,2,2,2,1,1,1,1,1,1,2,2,2,2,2,2,2,2,1,1,0,0,0,0,0,0,0,0,,,,,,,,,,,,,,,,,,,,,,,,,,,,,,,,,,,,,,,,,,,,,,,,
8194,1200,8192,8196,,0,0,0,0,0,0,0,0,0,0,0,0,0,0,0,2,2,2,2,2,2,2,2,2,2,2,2,2,2,2,2,2,2,2,2,2,2,2,2,1,1,0,0,0,0,0,0,0,0,,,,,,,,,,,,,,,,,,,,,,,,,,,,,,,,,,,,,,,,,,,,,,,,
8195,4400,8177,8196,,0,34,34,35,35,24,24,26,26,31,31,34,34,93,93,1024,1024,1168,1168,1154,1154,1117,1117,1034,1034,948,948,1003,1003,958,958,1015,1015,1030,1030,1075,1075,972,972,262,262,168,168,114,114,82,82,42,42,,,,,,,,,,,,,,,,,,,,,,,,,,,,,,,,,,,,,,,,,,,,,,,,
8196,1600,8194,8203,8195;8338,2,0,0,0,0,0,0,0,0,0,0,0,0,0,0,3,3,3,3,3,3,3,3,3,3,2,2,2,2,2,2,3,3,3,3,3,3,3,3,1,1,1,1,0,0,0,0,0,0,,,,,,,,,,,,,,,,,,,,,,,,,,,,,,,,,,,,,,,,,,,,,,,,
8197,800,8192,8200,,0,0,0,0,0,0,0,0,0,0,0,0,0,0,0,1,1,1,1,1,1,1,1,1,1,1,1,1,1,1,1,1,1,1,1,1,1,1,1,0,0,0,0,0,0,0,0,0,0,,,,,,,,,,,,,,,,,,,,,,,,,,,,,,,,,,,,,,,,,,,,,,,,
8198,1200,8333,8325,,0,0,0,0,0,0,0,0,0,0,0,0,0,0,0,2,2,2,2,2,2,2,2,2,2,1,1,1,1,1,1,1,1,2,2,2,2,1,1,1,1,0,0,0,0,0,0,0,0,,,,,,,,,,,,,,,,,,,,,,,,,,,,,,,,,,,,,,,,,,,,,,,,
8199,1200,8341,8204,,0,0,0,0,0,0,0,0,0,0,0,0,0,0,0,2,2,2,2,2,2,2,2,2,2,2,2,2,2,2,2,2,2,2,2,2,2,2,2,1,1,0,0,0,0,0,0,0,0,,,,,,,,,,,,,,,,,,,,,,,,,,,,,,,,,,,,,,,,,,,,,,,,
82,3000,92,380,,0,50,50,52,52,37,37,40,40,46,46,50,50,140,140,967,967,1151,1151,1088,1088,1047,1047,967,967,880,880,932,932,911,911,933,933,958,958,1007,1007,913,913,393,393,252,252,170,170,124,124,63,63,,,,,,,,,,,,,,,,,,,,,,,,,,,,,,,,,,,,,,,,,,,,,,,,
8200,800,8206,8332,8197;8208,2,0,0,0,0,0,0,0,0,0,0,0,0,0,0,1,1,1,1,1,1,1,1,1,1,1,1,1,1,1,1,1,1,1,1,1,1,1,1,0,0,0,0,0,0,0,0,0,0,,,,,,,,,,,,,,,,,,,,,,,,,,,,,,,,,,,,,,,,,,,,,,,,
8201,300,8333,,,0,0,0,0,0,0,0,0,0,0,0,0,0,0,0,1,1,1,1,1,1,1,1,1,1,1,1,1,1,1,1,1,1,1,1,1,1,1,1,0,0,0,0,0,0,0,0,0,0,,,,,,,,,,,,,,,,,,,,,,,,,,,,,,,,,,,,,,,,,,,,,,,,
8202,2500,,8341,,0,0,0,0,0,0,0,0,0,0,0,0,0,0,0,1138,1138,1201,1201,1284,1284,1257,1257,1168,1168,1084,1084,1145,1145,1051,1051,1179,1179,1173,1173,1211,1211,1091,1091,0,0,0,0,0,0,0,0,0,0,,,,,,,,,,,,,,,,,,,,,,,,,,,,,,,,,,,,,,,,,,,,,,,,
8203,1200,8204,8196,,0,0,0,0,0,0,0,0,0,0,0,0,0,0,0,1,1,2,2,2,2,2,2,1,1,1,1,1,1,1,1,1,1,1,1,2,2,1,1,1,1,0,0,0,0,0,0,0,0,,,,,,,,,,,,,,,,,,,,,,,,,,,,,,,,,,,,,,,,,,,,,,,,
8204,1200,8199,8342,8203;8210,2,0,0,0,0,0,0,0,0,0,0,0,0,0,0,1,1,1,1,1,1,1,1,1,1,1,1,1,1,1,1,1,1,1,1,1,1,1,1,0,0,0,0,0,0,0,0,0,0,,,,,,,,,,,,,,,,,,,,,,,,,,,,,,,,,,,,,,,,,,,,,,,,
8205,1600,8311,8301,,0,0,0,0,0,0,0,0,0,0,0,0,0,0,0,2,2,2,2,2,2,2,2,2,2,1,1,1,1,1,1,2,2,2,2,2,2,2,2,1,1,0,0,0,0,0,0,0,0,,,,,,,,,,,,,,,,,,,,,,,,,,,,,,,,,,,,,,,,,,,,,,,,
8206,800,8200,8339,,0,0,0,0,0,0,0,0,0,0,0,0,0,0,0,2,2,3,3,2,2,2,2,2,2,2,2,2,2,2,2,2,2,2,2,2,2,2,2,1,1,0,0,0,0,0,0,0,0,,,,,,,,,,,,,,,,,,,,,,,,,,,,,,,,,,,,,,,,,,,,,,,,
8207,1200,8309,8299,,0,0,0,0,0,0,0,0,0,0,0,0,0,0,0,2,2,3,3,2,2,2,2,2,2,2,2,2,2,2,2,2,2,2,2,2,2,2,2,1,1,0,0,0,0,0,0,0,0,,,,,,,,,,,,,,,,,,,,,,,,,,,,,,,,,,,,,,,,,,,,,,,,
8208,800,8200,8211,,0,0,0,0,0,0,0,0,0,0,0,0,0,0,0,1,1,1,1,1,1,1,1,1,1,1,1,1,1,1,1,1,1,1,1,1,1,1,1,0,0,0,0,0,0,0,0,0,0,,,,,,,,,,,,,,,,,,,,,,,,,,,,,,,,,,,,,,,,,,,,,,,,
8209,1600,8211,8323,,0,0,0,0,0,0,0,0,0,0,0,0,0,0,0,2,2,2,2,2,2,2,2,2,2,2,2,2,2,2,2,2,2,2,2,2,2,2,2,1,1,0,0,0,0,0,0,0,0,,,,,,,,,,,,,,,,,,,,,,,,,,,,,,,,,,,,,,,,,,,,,,,,
8210,2500,8214,8204,,0,34,34,35,35,24,24,26,26,31,31,34,34,93,93,1024,1024,1168,1168,1154,1154,1117,1117,1034,1034,948,948,1003,1003,958,958,1015,1015,1030,1030,1075,1075,972,972,262,262,168,168,114,114,82,82,42,42,,,,,,,,,,,,,,,,,,,,,,,,,,,,,,,,,,,,,,,,,,,,,,,,
8211,1200,8216,8209,8208;8330,2,0,0,0,0,0,0,0,0,0,0,0,0,0,0,1,1,1,1,1,1,1,1,1,1,1,1,1,1,1,1,1,1,1,1,1,1,1,1,0,0,0,0,0,0,0,0,0,0,,,,,,,,,,,,,,,,,,,,,,,,,,,,,,,,,,,,,,,,,,,,,,,,
8212,3000,8534,8548,8535,1,67,67,70,70,49,49,53,53,62,62,67,67,186,186,910,910,1134,1134,1023,1023,977,977,900,900,812,812,861,861,864,864,851,851,886,886,939,939,854,854,524,524,336,336,227,227,165,165,84,84,,,,,,,,,,,,,,,,,,,,,,,,,,,,,,,,,,,,,,,,,,,,,,,,
8213,4400,,8229,8293,1,0,0,0,0,0,0,0,0,0,0,0,0,0,0,1156,1156,1275,1275,1184,1184,1063,1063,1121,1121,1033,1033,1056,1056,1105,1105,1218,1218,1250,1250,1308,1308,1226,1226,0,0,0,0,0,0,0,0,0,0,,,,,,,,,,,,,,,,,,,,,,,,,,,,,,,,,,,,,,,,,,,,,,,,
8214,1600,,8238,8210,1,0,0,0,0,0,0,0,0,0,0,0,0,0,0,3,3,4,4,4,4,4,4,3,3,3,3,3,3,3,3,3,3,3,3,3,3,3,3,1,1,1,1,0,0,0,0,0,0,,,,,,,,,,,,,,,,,,,,,,,,,,,,,,,,,,,,,,,,,,,,,,,,
8215,1100,8221,8228,,0,49,49,50,50,35,35,38,38,44,44,48,48,134,134,1042,1042,1205,1205,1140,1140,1113,1113,1019,1019,953,953,965,965,985,985,1006,1006,1018,1018,1081,1081,1009,1009,422,422,265,265,174,174,127,127,68,68,,,,,,,,,,,,,,,,,,,,,,,,,,,,,,,,,,,,,,,,,,,,,,,,
8216,1200,8211,8220,,0,0,0,0,0,0,0,0,0,0,0,0,0,0,0,2,2,2,2,2,2,2,2,2,2,2,2,2,2,2,2,2,2,2,2,2,2,2,2,1,1,0,0,0,0,0,0,0,0,,,,,,,,,,,,,,,,,,,,,,,,,,,,,,,,,,,,,,,,,,,,,,,,
8217,4400,8339,8220,,0,34,34,35,35,24,24,26,26,31,31,34,34,93,93,1024,1024,1168,1168,1154,1154,1117,1117,1034,1034,948,948,1003,1003,958,958,1015,1015,1030,1030,1075,1075,972,972,262,262,168,168,114,114,82,82,42,42,,,,,,,,,,,,,,,,,,,,,,,,,,,,,,,,,,,,,,,,,,,,,,,,
8218,4400,8313,8319,,0,49,49,50,50,35,35,38,38,44,44,48,48,134,134,1042,1042,1205,1205,1140,1140,1113,1113,1019,1019,953,953,965,965,985,985,1006,1006,1018,1018,1081,1081,1009,1009,422,422,265,265,174,174,127,127,68,68,,,,,,,,,,,,,,,,,,,,,,,,,,,,,,,,,,,,,,,,,,,,,,,,
8219,1600,8307,8295,,0,0,0,0,0,0,0,0,0,0,0,0,0,0,0,2,2,3,3,3,3,2,2,2,2,2,2,2,2,2,2,2,2,2,2,3,3,2,2,1,1,0,0,0,0,0,0,0,0,,,,,,,,,,,,,,,,,,,,,,,,,,,,,,,,,,,,,,,,,,,,,,,,
8220,1200,8216,8223,8217;8252,2,0,0,0,0,0,0,0,0,0,0,0,0,0,0,3,3,3,3,3,3,3,3,3,3,3,3,3,3,3,3,3,3,3,3,3,3,3,3,1,1,1,1,0,0,0,0,0,0,,,,,,,,,,,,,,,,,,,,,,,,,,,,,,,,,,,,,,,,,,,,,,,,
8221,2500,8247,8312,8215;8235,2,49,49,50,50,35,35,38,38,44,44,48,48,134,134,1042,1042,1205,1205,1140,1140,1113,1113,1019,1019,953,953,965,965,985,985,1006,1006,1018,1018,1081,1081,1009,1009,422,422,265,265,174,174,127,127,68,68,,,,,,,,,,,,,,,,,,,,,,,,,,,,,,,,,,,,,,,,,,,,,,,,
8222,1200,8225,8343,,0,0,0,0,0,0,0,0,0,0,0,0,0,0,0,1,1,1,1,1,1,1,1,1,1,1,1,1,1,1,1,1,1,1,1,1,1,1,1,0,0,0,0,0,0,0,0,0,0,,,,,,,,,,,,,,,,,,,,,,,,,,,,,,,,,,,,,,,,,,,,,,,,
8223,800,8225,8220,,0,0,0,0,0,0,0,0,0,0,0,0,0,0,0,2,2,2,2,2,2,2,2,2,2,2,2,2,2,2,2,2,2,2,2,2,2,2,2,1,1,0,0,0,0,0,0,0,0,,,,,,,,,,,,,,,,,,,,,,,,,,,,,,,,,,,,,,,,,,,,,,,,
8224,2500,8331,8321,,0,34,34,35,35,24,24,26,26,31,31,34,34,93,93,1024,1024,1168,1168,1154,1154,1117,1117,1034,1034,948,948,1003,1003,958,958,1015,1015,1030,1030,1075,1075,972,972,262,262,168,168,114,114,82,82,42,42,,,,,,,,,,,,,,,,,,,,,,,,,,,,,,,,,,,,,,,,,,,,,,,,
8225,800,8223,8289,8222;8260,2,0,0,0,0,0,0,0,0,0,0,0,0,0,0,1,1,2,2,2,2,1,1,1,1,1,1,1,1,1,1,1,1,1,1,1,1,1,1,0,0,0,0,0,0,0,0,0,0,,,,,,,,,,,,,,,,,,,,,,,,,,,,,,,,,,,,,,,,,,,,,,,,
8226,2500,8343,8344,,0,34,34,35,35,24,24,26,26,31,31,34,34,93,93,1024,1024,1168,1168,1154,1154,1117,1117,1034,1034,948,948,1003,1003,958,958,1015,1015,1030,1030,1075,1075,972,972,262,262,168,168,114,114,82,82,42,42,,,,,,,,,,,,,,,,,,,,,,,,,,,,,,,,,,,,,,,,,,,,,,,,
8227,1600,8193,8311,,0,0,0,0,0,0,0,0,0,0,0,0,0,0,0,1,1,1,1,1,1,1,1,1,1,1,1,1,1,1,1,1,1,1,1,1,1,1,1,0,0,0,0,0,0,0,0,0,0,,,,,,,,,,,,,,,,,,,,,,,,,,,,,,,,,,,,,,,,,,,,,,,,
8228,4400,8233,8186,8215,1,49,49,50,50,35,35,38,38,44,44,48,48,134,134,1042,1042,1205,1205,1140,1140,1113,1113,1019,1019,953,953,965,965,985,985,1006,1006,1018,1018,1081,1081,1009,1009,422,422,265,265,174,174,127,127,68,68,,,,,,,,,,,,,,,,,,,,,,,,,,,,,,,,,,,,,,,,,,,,,,,,
8229,3000,8293,8265,8213,1,49,49,50,50,35,35,38,38,44,44,48,48,134,134,1042,1042,1205,1205,1140,1140,1113,1113,1019,1019,953,953,965,965,985,985,1006,1006,1018,1018,1081,1081,1009,1009,422,422,265,265,174,174,127,127,68,68,,,,,,,,,,,,,,,,,,,,,,,,,,,,,,,,,,,,,,,,,,,,,,,,
8230,1600,8232,8267,,0,0,0,0,0,0,0,0,0,0,0,0,0,0,0,2,2,2,2,2,2,2,2,2,2,2,2,2,2,2,2,2,2,2,2,2,2,2,2,1,1,0,0,0,0,0,0,0,0,,,,,,,,,,,,,,,,,,,,,,,,,,,,,,,,,,,,,,,,,,,,,,,,
8231,1500,8232,8233,,0,49,49,50,50,35,35,38,38,44,44,48,48,134,134,1042,1042,1205,1205,1140,1140,1113,1113,1019,1019,953,953,965,965,985,985,1006,1006,1018,1018,1081,1081,1009,1009,422,422,265,265,174,174,127,127,68,68,,,,,,,,,,,,,,,,,,,,,,,,,,,,,,,,,,,,,,,,,,,,,,,,
8232,1600,8231,8230,8306;8270,2,0,0,0,0,0,0,0,0,0,0,0,0,0,0,4,4,5,5,5,5,5,5,4,4,4,4,4,4,4,4,4,4,4,4,5,5,4,4,1,1,1,1,1,1,0,0,0,0,,,,,,,,,,,,,,,,,,,,,,,,,,,,,,,,,,,,,,,,,,,,,,,,
8233,2000,8231,8234,8228;3415,2,49,49,50,50,35,35,38,38,44,44,48,48,134,134,1042,1042,1205,1205,1140,1140,1113,1113,1019,1019,953,953,965,965,985,985,1006,1006,1018,1018,1081,1081,1009,1009,422,422,265,265,174,174,127,127,68,68,,,,,,,,,,,,,,,,,,,,,,,,,,,,,,,,,,,,,,,,,,,,,,,,
8234,1500,8233,8680,,0,49,49,50,50,35,35,38,38,44,44,48,48,134,134,1042,1042,1205,1205,1140,1140,1113,1113,1019,1019,953,953,965,965,985,985,1006,1006,1018,1018,1081,1081,1009,1009,422,422,265,265,174,174,127,127,68,68,,,,,,,,,,,,,,,,,,,,,,,,,,,,,,,,,,,,,,,,,,,,,,,,
8235,4400,8276,8221,,0,49,49,50,50,35,35,38,38,44,44,48,48,134,134,1042,1042,1205,1205,1140,1140,1113,1113,1019,1019,953,953,965,965,985,985,1006,1006,1018,1018,1081,1081,1009,1009,422,422,265,265,174,174,127,127,68,68,,,,,,,,,,,,,,,,,,,,,,,,,,,,,,,,,,,,,,,,,,,,,,,,
8236,1200,8244,8278,,0,0,0,0,0,0,0,0,0,0,0,0,0,1,1,6,6,6,6,6,6,6,6,6,6,5,5,5,5,5,5,6,6,6,6,6,6,6,6,2,2,1,1,1,1,1,1,0,0,,,,,,,,,,,,,,,,,,,,,,,,,,,,,,,,,,,,,,,,,,,,,,,,
8237,1200,8331,8242,,0,0,0,0,0,0,0,0,0,0,0,0,0,0,0,2,2,2,2,2,2,2,2,2,2,2,2,2,2,2,2,2,2,2,2,2,2,2,2,1,1,0,0,0,0,0,0,0,0,,,,,,,,,,,,,,,,,,,,,,,,,,,,,,,,,,,,,,,,,,,,,,,,
8238,1200,8344,8214,,0,0,0,0,0,0,0,0,0,0,0,0,0,0,0,3,3,3,3,3,3,3,3,3,3,2,2,2,2,2,2,2,2,3,3,3,3,2,2,1,1,1,1,0,0,0,0,0,0,,,,,,,,,,,,,,,,,,,,,,,,,,,,,,,,,,,,,,,,,,,,,,,,
8239,800,8242,8284,,0,0,0,0,0,0,0,0,0,0,0,0,0,0,0,2,2,3,3,3,3,2,2,2,2,2,2,2,2,2,2,2,2,2,2,2,2,2,2,1,1,1,1,0,0,0,0,0,0,,,,,,,,,,,,,,,,,,,,,,,,,,,,,,,,,,,,,,,,,,,,,,,,
8240,1600,8244,8276,,0,0,0,0,0,0,0,0,0,0,0,0,0,0,0,4,4,4,4,4,4,4,4,4,4,4,4,4,4,4,4,4,4,4,4,4,4,4,4,1,1,1,1,1,1,0,0,0,0,,,,,,,,,,,,,,,,,,,,,,,,,,,,,,,,,,,,,,,,,,,,,,,,
8241,800,8290,8246,,0,0,0,0,0,0,0,0,0,0,0,0,0,0,0,2,2,2,2,2,2,2,2,2,2,2,2,2,2,2,2,2,2,2,2,2,2,2,2,1,1,0,0,0,0,0,0,0,0,,,,,,,,,,,,,,,,,,,,,,,,,,,,,,,,,,,,,,,,,,,,,,,,
8242,1200,8250,8239,8237;3374,2,0,0,0,0,0,0,0,0,0,0,0,0,0,0,2,2,3,3,3,3,3,3,2,2,2,2,2,2,2,2,2,2,2,2,2,2,2,2,1,1,1,1,0,0,0,0,0,0,,,,,,,,,,,,,,,,,,,,,,,,,,,,,,,,,,,,,,,,,,,,,,,,
8243,4400,8554,8319,,0,42,42,39,39,28,28,29,29,34,34,39,39,112,112,1343,1343,1424,1424,1347,1347,1375,1375,1229,1229,1247,1247,1096,1096,1282,1282,1299,1299,1257,1257,1375,1375,1394,1394,536,536,316,316,190,190,140,140,87,87,,,,,,,,,,,,,,,,,,,,,,,,,,,,,,,,,,,,,,,,,,,,,,,,
8244,1200,8240,8256,8236;8255,2,0,0,0,0,0,0,0,0,0,0,0,0,1,1,6,6,7,7,6,6,6,6,6,6,5,5,5,5,6,6,6,6,6,6,6,6,6,6,2,2,1,1,1,1,1,1,0,0,,,,,,,,,,,,,,,,,,,,,,,,,,,,,,,,,,,,,,,,,,,,,,,,
8245,1200,8271,8269,,0,0,0,0,0,0,0,0,0,0,0,0,0,0,0,2,2,2,2,2,2,2,2,2,2,2,2,2,2,2,2,2,2,2,2,2,2,2,2,1,1,0,0,0,0,0,0,0,0,,,,,,,,,,,,,,,,,,,,,,,,,,,,,,,,,,,,,,,,,,,,,,,,
8246,1200,8241,8248,8291;3357,2,0,0,0,0,0,0,0,0,0,0,0,0,0,0,3,3,3,3,3,3,3,3,3,3,2,2,2,2,2,2,2,2,3,3,3,3,2,2,1,1,1,1,0,0,0,0,0,0,,,,,,,,,,,,,,,,,,,,,,,,,,,,,,,,,,,,,,,,,,,,,,,,
8247,2500,8278,8221,,0,49,49,50,50,35,35,38,38,44,44,48,48,134,134,1042,1042,1205,1205,1140,1140,1113,1113,1019,1019,953,953,965,965,985,985,1006,1006,1018,1018,1081,1081,1009,1009,422,422,265,265,174,174,127,127,68,68,,,,,,,,,,,,,,,,,,,,,,,,,,,,,,,,,,,,,,,,,,,,,,,,
8248,800,8246,,,0,0,0,0,0,0,0,0,0,0,0,0,0,0,0,3,3,4,4,4,4,4,4,3,3,3,3,3,3,3,3,3,3,3,3,3,3,3,3,1,1,1,1,0,0,0,0,0,0,,,,,,,,,,,,,,,,,,,,,,,,,,,,,,,,,,,,,,,,,,,,,,,,
8249,600,8288,,,0,0,0,0,0,0,0,0,0,0,0,0,0,0,0,3,3,4,4,4,4,4,4,3,3,3,3,3,3,3,3,3,3,3,3,3,3,3,3,1,1,1,1,0,0,0,0,0,0,,,,,,,,,,,,,,,,,,,,,,,,,,,,,,,,,,,,,,,,,,,,,,,,
8250,1200,3339,8242,,0,0,0,0,0,0,0,0,0,0,0,0,0,0,0,3,3,4,4,4,4,4,4,3,3,3,3,3,3,3,3,3,3,3,3,3,3,3,3,1,1,1,1,0,0,0,0,0,0,,,,,,,,,,,,,,,,,,,,,,,,,,,,,,,,,,,,,,,,,,,,,,,,
8251,1200,8303,8301,,0,0,0,0,0,0,0,0,0,0,0,0,0,0,0,3,3,3,3,3,3,3,3,3,3,2,2,3,3,3,3,3,3,3,3,3,3,3,3,1,1,1,1,0,0,0,0,0,0,,,,,,,,,,,,,,,,,,,,,,,,,,,,,,,,,,,,,,,,,,,,,,,,
8252,4400,8220,3339,,0,34,34,35,35,24,24,26,26,31,31,34,34,93,93,1024,1024,1168,1168,1154,1154,1117,1117,1034,1034,948,948,1003,1003,958,958,1015,1015,1030,1030,1075,1075,972,972,262,262,168,168,114,114,82,82,42,42,,,,,,,,,,,,,,,,,,,,,,,,,,,,,,,,,,,,,,,,,,,,,,,,
8253,3000,8318,3353,8279;3549,2,49,49,50,50,35,35,38,38,44,44,48,48,134,134,1042,1042,1205,1205,1140,1140,1113,1113,1019,1019,953,953,965,965,985,985,1006,1006,1018,1018,1081,1081,1009,1009,422,422,265,265,174,174,127,127,68,68,,,,,,,,,,,,,,,,,,,,,,,,,,,,,,,,,,,,,,,,,,,,,,,,
8254,4400,8297,8265,,0,49,49,50,50,35,35,38,38,44,44,48,48,134,134,1042,1042,1205,1205,1140,1140,1113,1113,1019,1019,953,953,965,965,985,985,1006,1006,1018,1018,1081,1081,1009,1009,422,422,265,265,174,174,127,127,68,68,,,,,,,,,,,,,,,,,,,,,,,,,,,,,,,,,,,,,,,,,,,,,,,,
8255,1200,3342,8244,,0,0,0,0,0,0,0,0,0,0,0,0,0,1,1,7,7,8,8,7,7,7,7,7,7,6,6,6,6,6,6,7,7,7,7,7,7,7,7,2,2,1,1,1,1,1,1,0,0,,,,,,,,,,,,,,,,,,,,,,,,,,,,,,,,,,,,,,,,,,,,,,,,
8256,1600,8244,3540,,0,0,0,0,0,0,0,0,0,0,0,0,0,1,1,7,7,8,8,7,7,7,7,7,7,6,6,6,6,6,6,7,7,7,7,7,7,7,7,2,2,1,1,1,1,1,1,0,0,,,,,,,,,,,,,,,,,,,,,,,,,,,,,,,,,,,,,,,,,,,,,,,,
8257,1600,8680,3534,,0,0,0,0,0,0,0,0,0,0,0,0,0,1,1,7,7,8,8,7,7,7,7,7,7,6,6,6,6,6,6,7,7,7,7,7,7,7,7,2,2,1,1,1,1,1,1,0,0,,,,,,,,,,,,,,,,,,,,,,,,,,,,,,,,,,,,,,,,,,,,,,,,
8258,800,3583,8282,,0,0,0,0,0,0,0,0,0,0,0,0,0,0,0,3,3,4,4,4,4,4,4,3,3,3,3,3,3,3,3,3,3,3,3,3,3,3,3,1,1,1,1,0,0,0,0,0,0,,,,,,,,,,,,,,,,,,,,,,,,,,,,,,,,,,,,,,,,,,,,,,,,
8259,800,8284,3585,,0,0,0,0,0,0,0,0,0,0,0,0,0,0,0,3,3,4,4,4,4,4,4,3,3,3,3,3,3,3,3,3,3,3,3,3,3,3,3,1,1,1,1,0,0,0,0,0,0,,,,,,,,,,,,,,,,,,,,,,,,,,,,,,,,,,,,,,,,,,,,,,,,
8260,1600,8225,3603,,0,0,0,0,0,0,0,0,0,0,0,0,0,0,0,894,894,944,944,1009,1009,988,988,917,917,851,851,900,900,826,826,926,926,922,922,952,952,857,857,0,0,0,0,0,0,0,0,0,0,,,,,,,,,,,,,,,,,,,,,,,,,,,,,,,,,,,,,,,,,,,,,,,,
8261,1200,3540,8280,,0,0,0,0,0,0,0,0,0,0,0,0,0,1,1,7,7,8,8,7,7,7,7,7,7,6,6,6,6,6,6,7,7,7,7,7,7,7,7,2,2,1,1,1,1,1,1,0,0,,,,,,,,,,,,,,,,,,,,,,,,,,,,,,,,,,,,,,,,,,,,,,,,
8262,2500,8329,8596,,0,34,34,35,35,24,24,26,26,31,31,34,34,93,93,1024,1024,1168,1168,1154,1154,1117,1117,1034,1034,948,948,1003,1003,958,958,1015,1015,1030,1030,1075,1075,972,972,262,262,168,168,114,114,82,82,42,42,,,,,,,,,,,,,,,,,,,,,,,,,,,,,,,,,,,,,,,,,,,,,,,,
8263,2500,8416,8418,,0,21,21,20,20,14,14,14,14,17,17,20,20,56,56,1240,1240,1312,1312,1316,1316,1316,1316,1198,1198,1166,1166,1120,1120,1166,1166,1239,1239,1215,1215,1293,1293,1242,1242,268,268,158,158,95,95,70,70,44,44,,,,,,,,,,,,,,,,,,,,,,,,,,,,,,,,,,,,,,,,,,,,,,,,
8264,2500,8265,3340,,0,0,0,0,0,0,0,0,0,0,0,0,0,0,0,1138,1138,1201,1201,1284,1284,1257,1257,1168,1168,1084,1084,1145,1145,1051,1051,1179,1179,1173,1173,1211,1211,1091,1091,0,0,0,0,0,0,0,0,0,0,,,,,,,,,,,,,,,,,,,,,,,,,,,,,,,,,,,,,,,,,,,,,,,,
8265,300,8254,8229,8264,1,0,0,0,0,0,0,0,0,0,0,0,0,0,0,4,4,5,5,5,5,4,4,4,4,4,4,4,4,4,4,4,4,4,4,5,5,4,4,1,1,1,1,1,1,0,0,0,0,,,,,,,,,,,,,,,,,,,,,,,,,,,,,,,,,,,,,,,,,,,,,,,,
8266,1200,8269,3340,,0,0,0,0,0,0,0,0,0,0,0,0,0,1,1,7,7,8,8,7,7,7,7,7,7,6,6,6,6,6,6,7,7,7,7,7,7,7,7,2,2,1,1,1,1,1,1,0,0,,,,,,,,,,,,,,,,,,,,,,,,,,,,,,,,,,,,,,,,,,,,,,,,
8267,1200,8268,8294,8230,1,0,0,0,0,0,0,0,0,0,0,0,0,0,0,3,3,3,3,3,3,3,3,3,3,3,3,3,3,3,3,3,3,3,3,3,3,3,3,1,1,1,1,0,0,0,0,0,0,,,,,,,,,,,,,,,,,,,,,,,,,,,,,,,,,,,,,,,,,,,,,,,,
8268,1200,8267,8269,,0,0,0,0,0,0,0,0,0,0,0,0,0,0,0,5,5,5,5,5,5,5,5,4,4,4,4,4,4,4,4,5,5,5,5,5,5,5,5,1,1,1,1,1,1,0,0,0,0,,,,,,,,,,,,,,,,,,,,,,,,,,,,,,,,,,,,,,,,,,,,,,,,
8269,1200,8266,8245,8268,1,0,0,0,0,0,0,0,0,0,0,0,0,1,1,6,6,7,7,7,7,6,6,6,6,6,6,6,6,6,6,6,6,6,6,7,7,6,6,2,2,1,1,1,1,1,1,0,0,,,,,,,,,,,,,,,,,,,,,,,,,,,,,,,,,,,,,,,,,,,,,,,,
8270,1200,8271,8232,,0,0,0,0,0,0,0,0,0,0,0,0,0,0,0,4,4,5,5,4,4,4,4,4,4,4,4,4,4,4,4,4,4,4,4,4,4,4,4,1,1,1,1,1,1,0,0,0,0,,,,,,,,,,,,,,,,,,,,,,,,,,,,,,,,,,,,,,,,,,,,,,,,
8271,1600,3516,8270,8245,1,0,0,0,0,0,0,0,0,0,0,0,0,1,1,6,6,6,6,6,6,6,6,5,5,5,5,5,5,5,5,5,5,6,6,6,6,6,6,2,2,1,1,1,1,1,1,0,0,,,,,,,,,,,,,,,,,,,,,,,,,,,,,,,,,,,,,,,,,,,,,,,,
8272,1200,8273,8680,,0,0,0,0,0,0,0,0,0,0,0,0,0,1,1,6,6,7,7,6,6,6,6,6,6,5,5,5,5,6,6,6,6,6,6,6,6,6,6,2,2,1,1,1,1,1,1,0,0,,,,,,,,,,,,,,,,,,,,,,,,,,,,,,,,,,,,,,,,,,,,,,,,
8273,1200,3378,8274,8272,1,0,0,0,0,0,0,0,0,0,0,0,0,1,1,7,7,8,8,7,7,7,7,7,7,6,6,6,6,6,6,7,7,7,7,7,7,7,7,2,2,1,1,1,1,1,1,0,0,,,,,,,,,,,,,,,,,,,,,,,,,,,,,,,,,,,,,,,,,,,,,,,,
8274,800,8273,8681,,0,0,0,0,0,0,0,0,0,0,0,0,0,1,1,7,7,8,8,7,7,7,7,7,7,6,6,6,6,6,6,7,7,7,7,7,7,7,7,2,2,1,1,1,1,1,1,0,0,,,,,,,,,,,,,,,,,,,,,,,,,,,,,,,,,,,,,,,,,,,,,,,,
8275,2500,,8276,8680,1,49,49,50,50,35,35,38,38,44,44,48,48,134,134,1042,1042,1205,1205,1140,1140,1113,1113,1019,1019,953,953,965,965,985,985,1006,1006,1018,1018,1081,1081,1009,1009,422,422,265,265,174,174,127,127,68,68,,,,,,,,,,,,,,,,,,,,,,,,,,,,,,,,,,,,,,,,,,,,,,,,
8276,1200,8235,8240,8275,1,0,0,0,0,0,0,0,0,0,0,0,0,1,1,6,6,7,7,7,7,6,6,6,6,6,6,6,6,6,6,6,6,6,6,7,7,6,6,2,2,1,1,1,1,1,1,0,0,,,,,,,,,,,,,,,,,,,,,,,,,,,,,,,,,,,,,,,,,,,,,,,,
8277,2000,8280,8278,,0,49,49,50,50,35,35,38,38,44,44,48,48,134,134,1042,1042,1205,1205,1140,1140,1113,1113,1019,1019,953,953,965,965,985,985,1006,1006,1018,1018,1081,1081,1009,1009,422,422,265,265,174,174,127,127,68,68,,,,,,,,,,,,,,,,,,,,,,,,,,,,,,,,,,,,,,,,,,,,,,,,
8278,1500,8277,8247,8236,1,49,49,50,50,35,35,38,38,44,44,48,48,134,134,1042,1042,1205,1205,1140,1140,1113,1113,1019,1019,953,953,965,965,985,985,1006,1006,1018,1018,1081,1081,1009,1009,422,422,265,265,174,174,127,127,68,68,,,,,,,,,,,,,,,,,,,,,,,,,,,,,,,,,,,,,,,,,,,,,,,,
8279,2500,8253,8280,,0,49,49,50,50,35,35,38,38,44,44,48,48,134,134,1042,1042,1205,1205,1140,1140,1113,1113,1019,1019,953,953,965,965,985,985,1006,1006,1018,1018,1081,1081,1009,1009,422,422,265,265,174,174,127,127,68,68,,,,,,,,,,,,,,,,,,,,,,,,,,,,,,,,,,,,,,,,,,,,,,,,
8280,1600,8277,8279,8261,1,0,0,0,0,0,0,0,0,0,0,0,0,1,1,5,5,6,6,6,6,6,6,5,5,5,5,5,5,5,5,5,5,5,5,6,6,5,5,2,2,1,1,1,1,1,1,0,0,,,,,,,,,,,,,,,,,,,,,,,,,,,,,,,,,,,,,,,,,,,,,,,,
8281,1200,8282,8285,,0,0,0,0,0,0,0,0,0,0,0,0,0,0,0,2,2,3,3,3,3,2,2,2,2,2,2,2,2,2,2,2,2,2,2,2,2,2,2,1,1,1,1,0,0,0,0,0,0,,,,,,,,,,,,,,,,,,,,,,,,,,,,,,,,,,,,,,,,,,,,,,,,
8282,400,8258,8283,8281,1,0,0,0,0,0,0,0,0,0,0,0,0,0,0,3,3,3,3,3,3,3,3,3,3,2,2,3,3,2,2,3,3,3,3,3,3,3,3,1,1,1,1,0,0,0,0,0,0,,,,,,,,,,,,,,,,,,,,,,,,,,,,,,,,,,,,,,,,,,,,,,,,
8283,600,8284,8282,,0,0,0,0,0,0,0,0,0,0,0,0,0,0,0,3,3,3,3,3,3,3,3,3,3,2,2,2,2,2,2,3,3,3,3,3,3,3,3,1,1,1,1,0,0,0,0,0,0,,,,,,,,,,,,,,,,,,,,,,,,,,,,,,,,,,,,,,,,,,,,,,,,
8284,400,8259,8239,8283,1,0,0,0,0,0,0,0,0,0,0,0,0,0,0,3,3,3,3,3,3,3,3,3,3,2,2,3,3,2,2,3,3,3,3,3,3,3,3,1,1,1,1,0,0,0,0,0,0,,,,,,,,,,,,,,,,,,,,,,,,,,,,,,,,,,,,,,,,,,,,,,,,
8285,1200,8286,8320,8281,1,0,0,0,0,0,0,0,0,0,0,0,0,0,0,2,2,3,3,3,3,2,2,2,2,2,2,2,2,2,2,2,2,2,2,2,2,2,2,1,1,1,1,0,0,0,0,0,0,,,,,,,,,,,,,,,,,,,,,,,,,,,,,,,,,,,,,,,,,,,,,,,,
8286,2000,8285,3587,,0,67,67,70,70,49,49,53,53,62,62,67,67,186,186,910,910,1134,1134,1023,1023,977,977,900,900,812,812,861,861,864,864,851,851,886,886,939,939,854,854,524,524,336,336,227,227,165,165,84,84,,,,,,,,,,,,,,,,,,,,,,,,,,,,,,,,,,,,,,,,,,,,,,,,
8287,1200,8288,8290,,0,0,0,0,0,0,0,0,0,0,0,0,0,0,0,3,3,3,3,3,3,3,3,3,3,3,3,3,3,3,3,3,3,3,3,3,3,3,3,1,1,1,1,0,0,0,0,0,0,,,,,,,,,,,,,,,,,,,,,,,,,,,,,,,,,,,,,,,,,,,,,,,,
8288,800,8287,3347,8249,1,0,0,0,0,0,0,0,0,0,0,0,0,0,0,3,3,4,4,4,4,3,3,3,3,3,3,3,3,3,3,3,3,3,3,3,3,3,3,1,1,1,1,0,0,0,0,0,0,,,,,,,,,,,,,,,,,,,,,,,,,,,,,,,,,,,,,,,,,,,,,,,,
8289,1200,8290,8225,,0,0,0,0,0,0,0,0,0,0,0,0,0,0,0,2,2,2,2,2,2,2,2,2,2,2,2,2,2,2,2,2,2,2,2,2,2,2,2,1,1,0,0,0,0,0,0,0,0,,,,,,,,,,,,,,,,,,,,,,,,,,,,,,,,,,,,,,,,,,,,,,,,
8290,800,8289,8241,8287,1,0,0,0,0,0,0,0,0,0,0,0,0,0,0,2,2,3,3,3,3,2,2,2,2,2,2,2,2,2,2,2,2,2,2,2,2,2,2,1,1,1,1,0,0,0,0,0,0,,,,,,,,,,,,,,,,,,,,,,,,,,,,,,,,,,,,,,,,,,,,,,,,
8291,1200,8344,8246,,0,0,0,0,0,0,0,0,0,0,0,0,0,0,0,2,2,3,3,2,2,2,2,2,2,2,2,2,2,2,2,2,2,2,2,2,2,2,2,1,1,1,1,0,0,0,0,0,0,,,,,,,,,,,,,,,,,,,,,,,,,,,,,,,,,,,,,,,,,,,,,,,,
8292,2500,8293,8303,,0,49,49,50,50,35,35,38,38,44,44,48,48,134,134,1042,1042,1205,1205,1140,1140,1113,1113,1019,1019,953,953,965,965,985,985,1006,1006,1018,1018,1081,1081,1009,1009,422,422,265,265,174,174,127,127,68,68,,,,,,,,,,,,,,,,,,,,,,,,,,,,,,,,,,,,,,,,,,,,,,,,
8293,1650,8213,8292,8229,1,49,49,50,50,35,35,38,38,44,44,48,48,134,134,1042,1042,1205,1205,1140,1140,1113,1113,1019,1019,953,953,965,965,985,985,1006,1006,1018,1018,1081,1081,1009,1009,422,422,265,265,174,174,127,127,68,68,,,,,,,,,,,,,,,,,,,,,,,,,,,,,,,,,,,,,,,,,,,,,,,,
8294,1200,8267,8295,,0,0,0,0,0,0,0,0,0,0,0,0,0,0,0,4,4,5,5,4,4,4,4,4,4,4,4,4,4,4,4,4,4,4,4,4,4,4,4,1,1,1,1,1,1,0,0,0,0,,,,,,,,,,,,,,,,,,,,,,,,,,,,,,,,,,,,,,,,,,,,,,,,
8295,1200,8219,8294,8296,1,0,0,0,0,0,0,0,0,0,0,0,0,1,1,6,6,7,7,7,7,7,7,6,6,6,6,6,6,6,6,6,6,6,6,7,7,6,6,2,2,1,1,1,1,1,1,0,0,,,,,,,,,,,,,,,,,,,,,,,,,,,,,,,,,,,,,,,,,,,,,,,,
8296,1650,8295,8297,,0,49,49,50,50,35,35,38,38,44,44,48,48,134,134,1042,1042,1205,1205,1140,1140,1113,1113,1019,1019,953,953,965,965,985,985,1006,1006,1018,1018,1081,1081,1009,1009,422,422,265,265,174,174,127,127,68,68,,,,,,,,,,,,,,,,,,,,,,,,,,,,,,,,,,,,,,,,,,,,,,,,
8297,1650,8298,8254,8296,1,49,49,50,50,35,35,38,38,44,44,48,48,134,134,1042,1042,1205,1205,1140,1140,1113,1113,1019,1019,953,953,965,965,985,985,1006,1006,1018,1018,1081,1081,1009,1009,422,422,265,265,174,174,127,127,68,68,,,,,,,,,,,,,,,,,,,,,,,,,,,,,,,,,,,,,,,,,,,,,,,,
8298,600,8299,8297,,0,0,0,0,0,0,0,0,0,0,0,0,0,1,1,7,7,8,8,7,7,7,7,6,6,6,6,6,6,6,6,7,7,7,7,7,7,7,7,2,2,1,1,1,1,1,1,0,0,,,,,,,,,,,,,,,,,,,,,,,,,,,,,,,,,,,,,,,,,,,,,,,,
8299,1200,8298,8300,8207,1,0,0,0,0,0,0,0,0,0,0,0,0,1,1,6,6,7,7,6,6,6,6,6,6,5,5,6,6,6,6,6,6,6,6,6,6,6,6,2,2,1,1,1,1,1,1,0,0,,,,,,,,,,,,,,,,,,,,,,,,,,,,,,,,,,,,,,,,,,,,,,,,
83,4000,101,47,,0,50,50,52,52,37,37,40,40,46,46,50,50,140,140,967,967,1151,1151,1088,1088,1047,1047,967,967,880,880,932,932,911,911,933,933,958,958,1007,1007,913,913,393,393,252,252,170,170,124,124,63,63,,,,,,,,,,,,,,,,,,,,,,,,,,,,,,,,,,,,,,,,,,,,,,,,
8300,800,8301,8299,,0,0,0,0,0,0,0,0,0,0,0,0,0,0,0,4,4,4,4,4,4,4,4,4,4,4,4,4,4,4,4,4,4,4,4,4,4,4,4,1,1,1,1,1,1,0,0,0,0,,,,,,,,,,,,,,,,,,,,,,,,,,,,,,,,,,,,,,,,,,,,,,,,
8301,1200,8251,8300,8205,1,0,0,0,0,0,0,0,0,0,0,0,0,0,0,3,3,4,4,4,4,3,3,3,3,3,3,3,3,3,3,3,3,3,3,3,3,3,3,1,1,1,1,0,0,0,0,0,0,,,,,,,,,,,,,,,,,,,,,,,,,,,,,,,,,,,,,,,,,,,,,,,,
8302,1200,8193,8303,,0,0,0,0,0,0,0,0,0,0,0,0,0,0,0,2,2,2,2,2,2,2,2,2,2,1,1,1,1,1,1,2,2,2,2,2,2,2,2,1,1,0,0,0,0,0,0,0,0,,,,,,,,,,,,,,,,,,,,,,,,,,,,,,,,,,,,,,,,,,,,,,,,
8303,1200,8292,8302,8251,1,0,0,0,0,0,0,0,0,0,0,0,0,0,0,2,2,2,2,2,2,2,2,2,2,2,2,2,2,2,2,2,2,2,2,2,2,2,2,1,1,0,0,0,0,0,0,0,0,,,,,,,,,,,,,,,,,,,,,,,,,,,,,,,,,,,,,,,,,,,,,,,,
8304,4400,8305,8516,,0,49,49,50,50,35,35,38,38,44,44,48,48,134,134,1042,1042,1205,1205,1140,1140,1113,1113,1019,1019,953,953,965,965,985,985,1006,1006,1018,1018,1081,1081,1009,1009,422,422,265,265,174,174,127,127,68,68,,,,,,,,,,,,,,,,,,,,,,,,,,,,,,,,,,,,,,,,,,,,,,,,
8305,1600,8185,8188,8304;8541,2,0,0,0,0,0,0,0,0,0,0,0,0,0,0,3,3,3,3,3,3,3,3,3,3,2,2,2,2,2,2,3,3,3,3,3,3,3,3,1,1,1,1,0,0,0,0,0,0,,,,,,,,,,,,,,,,,,,,,,,,,,,,,,,,,,,,,,,,,,,,,,,,
8306,1200,8232,8307,,0,0,0,0,0,0,0,0,0,0,0,0,0,0,0,4,4,4,4,4,4,4,4,3,3,3,3,3,3,3,3,3,3,4,4,4,4,3,3,1,1,1,1,0,0,0,0,0,0,,,,,,,,,,,,,,,,,,,,,,,,,,,,,,,,,,,,,,,,,,,,,,,,
8307,1200,8308,8306,8219,1,0,0,0,0,0,0,0,0,0,0,0,0,0,0,2,2,3,3,3,3,2,2,2,2,2,2,2,2,2,2,2,2,2,2,2,2,2,2,1,1,0,0,0,0,0,0,0,0,,,,,,,,,,,,,,,,,,,,,,,,,,,,,,,,,,,,,,,,,,,,,,,,
8308,800,8307,8309,,0,0,0,0,0,0,0,0,0,0,0,0,0,0,0,2,2,2,2,2,2,2,2,1,1,1,1,1,1,1,1,1,1,2,2,2,2,1,1,0,0,0,0,0,0,0,0,0,0,,,,,,,,,,,,,,,,,,,,,,,,,,,,,,,,,,,,,,,,,,,,,,,,
8309,1600,8310,8308,8207,1,0,0,0,0,0,0,0,0,0,0,0,0,0,0,2,2,2,2,2,2,2,2,2,2,1,1,1,1,1,1,2,2,2,2,2,2,2,2,1,1,0,0,0,0,0,0,0,0,,,,,,,,,,,,,,,,,,,,,,,,,,,,,,,,,,,,,,,,,,,,,,,,
8310,800,8309,8311,,0,0,0,0,0,0,0,0,0,0,0,0,0,0,0,1,1,2,2,2,2,1,1,1,1,1,1,1,1,1,1,1,1,1,1,2,2,1,1,0,0,0,0,0,0,0,0,0,0,,,,,,,,,,,,,,,,,,,,,,,,,,,,,,,,,,,,,,,,,,,,,,,,
8311,1200,8227,8310,8205,1,0,0,0,0,0,0,0,0,0,0,0,0,0,0,1,1,1,1,1,1,1,1,1,1,1,1,1,1,1,1,1,1,1,1,1,1,1,1,0,0,0,0,0,0,0,0,0,0,,,,,,,,,,,,,,,,,,,,,,,,,,,,,,,,,,,,,,,,,,,,,,,,
8312,2000,8313,8221,,0,49,49,50,50,35,35,38,38,44,44,48,48,134,134,1042,1042,1205,1205,1140,1140,1113,1113,1019,1019,953,953,965,965,985,985,1006,1006,1018,1018,1081,1081,1009,1009,422,422,265,265,174,174,127,127,68,68,,,,,,,,,,,,,,,,,,,,,,,,,,,,,,,,,,,,,,,,,,,,,,,,
8313,2000,8314,8218,8312,1,49,49,50,50,35,35,38,38,44,44,48,48,134,134,1042,1042,1205,1205,1140,1140,1113,1113,1019,1019,953,953,965,965,985,985,1006,1006,1018,1018,1081,1081,1009,1009,422,422,265,265,174,174,127,127,68,68,,,,,,,,,,,,,,,,,,,,,,,,,,,,,,,,,,,,,,,,,,,,,,,,
8314,3000,8313,8315,,0,49,49,50,50,35,35,38,38,44,44,48,48,134,134,1042,1042,1205,1205,1140,1140,1113,1113,1019,1019,953,953,965,965,985,985,1006,1006,1018,1018,1081,1081,1009,1009,422,422,265,265,174,174,127,127,68,68,,,,,,,,,,,,,,,,,,,,,,,,,,,,,,,,,,,,,,,,,,,,,,,,
8315,800,8184,8314,8316,1,0,0,0,0,0,0,0,0,0,0,0,0,1,1,5,5,6,6,6,6,5,5,5,5,5,5,5,5,5,5,5,5,5,5,6,6,5,5,2,2,1,1,1,1,1,1,0,0,,,,,,,,,,,,,,,,,,,,,,,,,,,,,,,,,,,,,,,,,,,,,,,,
8316,3000,8315,8317,,0,49,49,50,50,35,35,38,38,44,44,48,48,134,134,1042,1042,1205,1205,1140,1140,1113,1113,1019,1019,953,953,965,965,985,985,1006,1006,1018,1018,1081,1081,1009,1009,422,422,265,265,174,174,127,127,68,68,,,,,,,,,,,,,,,,,,,,,,,,,,,,,,,,,,,,,,,,,,,,,,,,
8317,1200,8316,8172,8545,1,0,0,0,0,0,0,0,0,0,0,0,0,0,0,4,4,5,5,5,5,5,5,4,4,4,4,4,4,4,4,4,4,4,4,5,5,4,4,1,1,1,1,1,1,0,0,0,0,,,,,,,,,,,,,,,,,,,,,,,,,,,,,,,,,,,,,,,,,,,,,,,,
8318,2500,8253,8319,,0,49,49,50,50,35,35,38,38,44,44,48,48,134,134,1042,1042,1205,1205,1140,1140,1113,1113,1019,1019,953,953,965,965,985,985,1006,1006,1018,1018,1081,1081,1009,1009,422,422,265,265,174,174,127,127,68,68,,,,,,,,,,,,,,,,,,,,,,,,,,,,,,,,,,,,,,,,,,,,,,,,
8319,2200,8243,8318,8218,1,49,49,50,50,35,35,38,38,44,44,48,48,134,134,1042,1042,1205,1205,1140,1140,1113,1113,1019,1019,953,953,965,965,985,985,1006,1006,1018,1018,1081,1081,1009,1009,422,422,265,265,174,174,127,127,68,68,,,,,,,,,,,,,,,,,,,,,,,,,,,,,,,,,,,,,,,,,,,,,,,,
8320,1200,8321,8285,,0,33,33,31,31,22,22,23,23,26,26,31,31,88,88,1055,1055,1119,1119,1058,1058,1080,1080,966,966,980,980,861,861,1008,1008,1021,1021,988,988,1080,1080,1096,1096,421,421,249,249,150,150,110,110,68,68,,,,,,,,,,,,,,,,,,,,,,,,,,,,,,,,,,,,,,,,,,,,,,,,
8321,1200,8322,8320,8224,1,0,0,0,0,0,0,0,0,0,0,0,0,0,0,1,1,2,2,2,2,2,2,1,1,1,1,1,1,1,1,1,1,1,1,2,2,1,1,1,1,0,0,0,0,0,0,0,0,,,,,,,,,,,,,,,,,,,,,,,,,,,,,,,,,,,,,,,,,,,,,,,,
8322,1600,8321,8323,,0,0,0,0,0,0,0,0,0,0,0,0,0,0,0,1,1,2,2,2,2,2,2,1,1,1,1,1,1,1,1,1,1,1,1,1,1,1,1,1,1,0,0,0,0,0,0,0,0,,,,,,,,,,,,,,,,,,,,,,,,,,,,,,,,,,,,,,,,,,,,,,,,
8323,1200,8322,8324,8209,1,0,0,0,0,0,0,0,0,0,0,0,0,0,0,1,1,1,1,1,1,1,1,1,1,1,1,1,1,1,1,1,1,1,1,1,1,1,1,0,0,0,0,0,0,0,0,0,0,,,,,,,,,,,,,,,,,,,,,,,,,,,,,,,,,,,,,,,,,,,,,,,,
8324,1600,8325,8323,,0,0,0,0,0,0,0,0,0,0,0,0,0,0,0,1,1,1,1,1,1,1,1,1,1,1,1,1,1,1,1,1,1,1,1,1,1,1,1,0,0,0,0,0,0,0,0,0,0,,,,,,,,,,,,,,,,,,,,,,,,,,,,,,,,,,,,,,,,,,,,,,,,
8325,1200,8324,8198,8326,1,53,53,55,55,38,38,42,42,48,48,53,53,146,146,715,715,891,891,804,804,768,768,707,707,638,638,676,676,679,679,669,669,696,696,738,738,671,671,411,411,264,264,178,178,130,130,66,66,,,,,,,,,,,,,,,,,,,,,,,,,,,,,,,,,,,,,,,,,,,,,,,,
8326,1600,8327,8325,,0,0,0,0,0,0,0,0,0,0,0,0,0,0,0,3,3,3,3,3,3,3,3,3,3,3,3,3,3,3,3,3,3,3,3,3,3,3,3,1,1,1,1,0,0,0,0,0,0,,,,,,,,,,,,,,,,,,,,,,,,,,,,,,,,,,,,,,,,,,,,,,,,
8327,2000,8334,8326,8328,1,34,34,35,35,24,24,26,26,31,31,34,34,93,93,1024,1024,1168,1168,1154,1154,1117,1117,1034,1034,948,948,1003,1003,958,958,1015,1015,1030,1030,1075,1075,972,972,262,262,168,168,114,114,82,82,42,42,,,,,,,,,,,,,,,,,,,,,,,,,,,,,,,,,,,,,,,,,,,,,,,,
8328,2500,8329,8327,,0,34,34,35,35,24,24,26,26,31,31,34,34,93,93,1024,1024,1168,1168,1154,1154,1117,1117,1034,1034,948,948,1003,1003,958,958,1015,1015,1030,1030,1075,1075,972,972,262,262,168,168,114,114,82,82,42,42,,,,,,,,,,,,,,,,,,,,,,,,,,,,,,,,,,,,,,,,,,,,,,,,
8329,1500,8328,8181,8262,1,34,34,35,35,24,24,26,26,31,31,34,34,93,93,1024,1024,1168,1168,1154,1154,1117,1117,1034,1034,948,948,1003,1003,958,958,1015,1015,1030,1030,1075,1075,972,972,262,262,168,168,114,114,82,82,42,42,,,,,,,,,,,,,,,,,,,,,,,,,,,,,,,,,,,,,,,,,,,,,,,,
8330,1200,8331,8211,,0,0,0,0,0,0,0,0,0,0,0,0,0,0,0,1,1,1,1,1,1,1,1,1,1,1,1,1,1,1,1,1,1,1,1,1,1,1,1,0,0,0,0,0,0,0,0,0,0,,,,,,,,,,,,,,,,,,,,,,,,,,,,,,,,,,,,,,,,,,,,,,,,
8331,1200,8237,8330,8224,1,0,0,0,0,0,0,0,0,0,0,0,0,0,0,2,2,2,2,2,2,2,2,2,2,1,1,2,2,1,1,2,2,2,2,2,2,2,2,1,1,0,0,0,0,0,0,0,0,,,,,,,,,,,,,,,,,,,,,,,,,,,,,,,,,,,,,,,,,,,,,,,,
8332,400,8200,8333,,0,0,0,0,0,0,0,0,0,0,0,0,0,0,0,1,1,1,1,1,1,1,1,1,1,1,1,1,1,1,1,1,1,1,1,1,1,1,1,0,0,0,0,0,0,0,0,0,0,,,,,,,,,,,,,,,,,,,,,,,,,,,,,,,,,,,,,,,,,,,,,,,,
8333,300,8332,8201,8198,1,0,0,0,0,0,0,0,0,0,0,0,0,0,0,1,1,1,1,1,1,1,1,1,1,1,1,1,1,1,1,1,1,1,1,1,1,1,1,0,0,0,0,0,0,0,0,0,0,,,,,,,,,,,,,,,,,,,,,,,,,,,,,,,,,,,,,,,,,,,,,,,,
8334,1600,8327,8335,,0,0,0,0,0,0,0,0,0,0,0,0,0,0,0,894,894,944,944,1009,1009,988,988,917,917,851,851,900,900,826,826,926,926,922,922,952,952,857,857,0,0,0,0,0,0,0,0,0,0,,,,,,,,,,,,,,,,,,,,,,,,,,,,,,,,,,,,,,,,,,,,,,,,
8335,400,8334,8183,8190,1,0,0,0,0,0,0,0,0,0,0,0,0,0,0,2,2,2,2,2,2,2,2,2,2,2,2,2,2,2,2,2,2,2,2,2,2,2,2,1,1,0,0,0,0,0,0,0,0,,,,,,,,,,,,,,,,,,,,,,,,,,,,,,,,,,,,,,,,,,,,,,,,
8336,1200,8337,8192,,0,0,0,0,0,0,0,0,0,0,0,0,0,0,0,1,1,2,2,2,2,2,2,1,1,1,1,1,1,1,1,1,1,1,1,2,2,1,1,1,1,0,0,0,0,0,0,0,0,,,,,,,,,,,,,,,,,,,,,,,,,,,,,,,,,,,,,,,,,,,,,,,,
8337,1200,8187,8336,8181,1,0,0,0,0,0,0,0,0,0,0,0,0,0,0,1,1,2,2,2,2,2,2,1,1,1,1,1,1,1,1,1,1,1,1,2,2,1,1,1,1,0,0,0,0,0,0,0,0,,,,,,,,,,,,,,,,,,,,,,,,,,,,,,,,,,,,,,,,,,,,,,,,
8338,4400,8196,8339,,0,34,34,35,35,24,24,26,26,31,31,34,34,93,93,1024,1024,1168,1168,1154,1154,1117,1117,1034,1034,948,948,1003,1003,958,958,1015,1015,1030,1030,1075,1075,972,972,262,262,168,168,114,114,82,82,42,42,,,,,,,,,,,,,,,,,,,,,,,,,,,,,,,,,,,,,,,,,,,,,,,,
8339,800,8206,8338,8217,1,0,0,0,0,0,0,0,0,0,0,0,0,0,0,3,3,4,4,3,3,3,3,3,3,3,3,3,3,3,3,3,3,3,3,3,3,3,3,1,1,1,1,0,0,0,0,0,0,,,,,,,,,,,,,,,,,,,,,,,,,,,,,,,,,,,,,,,,,,,,,,,,
8340,1200,8182,8341,,0,0,0,0,0,0,0,0,0,0,0,0,0,0,0,2,2,2,2,2,2,2,2,2,2,2,2,2,2,2,2,2,2,2,2,2,2,2,2,1,1,0,0,0,0,0,0,0,0,,,,,,,,,,,,,,,,,,,,,,,,,,,,,,,,,,,,,,,,,,,,,,,,
8341,1200,8340,8199,8202,1,0,0,0,0,0,0,0,0,0,0,0,0,0,0,2,2,2,2,2,2,2,2,2,2,2,2,2,2,2,2,2,2,2,2,2,2,2,2,1,1,0,0,0,0,0,0,0,0,,,,,,,,,,,,,,,,,,,,,,,,,,,,,,,,,,,,,,,,,,,,,,,,
8342,1200,8204,8343,,0,0,0,0,0,0,0,0,0,0,0,0,0,0,0,1,1,2,2,2,2,1,1,1,1,1,1,1,1,1,1,1,1,1,1,1,1,1,1,0,0,0,0,0,0,0,0,0,0,,,,,,,,,,,,,,,,,,,,,,,,,,,,,,,,,,,,,,,,,,,,,,,,
8343,1200,8342,8222,8226,1,0,0,0,0,0,0,0,0,0,0,0,0,0,0,1,1,2,2,2,2,1,1,1,1,1,1,1,1,1,1,1,1,1,1,1,1,1,1,0,0,0,0,0,0,0,0,0,0,,,,,,,,,,,,,,,,,,,,,,,,,,,,,,,,,,,,,,,,,,,,,,,,
8344,800,8291,8238,8226,1,0,0,0,0,0,0,0,0,0,0,0,0,0,0,2,2,2,2,2,2,2,2,2,2,2,2,2,2,2,2,2,2,2,2,2,2,2,2,1,1,0,0,0,0,0,0,0,0,,,,,,,,,,,,,,,,,,,,,,,,,,,,,,,,,,,,,,,,,,,,,,,,
8345,1200,8167,8346,,0,0,0,0,0,0,0,0,0,0,0,0,0,0,0,1,1,2,2,2,2,2,2,1,1,1,1,1,1,1,1,1,1,1,1,2,2,1,1,1,1,0,0,0,0,0,0,0,0,,,,,,,,,,,,,,,,,,,,,,,,,,,,,,,,,,,,,,,,,,,,,,,,
8346,1200,8345,8179,8178,1,0,0,0,0,0,0,0,0,0,0,0,0,0,0,1,1,2,2,2,2,1,1,1,1,1,1,1,1,1,1,1,1,1,1,1,1,1,1,0,0,0,0,0,0,0,0,0,0,,,,,,,,,,,,,,,,,,,,,,,,,,,,,,,,,,,,,,,,,,,,,,,,
8347,4400,8354,8083,,0,43,43,43,43,30,30,32,32,38,38,42,42,118,118,1164,1164,1290,1290,1228,1228,1223,1223,1109,1109,1075,1075,1026,1026,1104,1104,1130,1130,1119,1119,1202,1202,1164,1164,443,443,270,270,171,171,125,125,72,72,,,,,,,,,,,,,,,,,,,,,,,,,,,,,,,,,,,,,,,,,,,,,,,,
8348,4400,8349,8089,8515,1,42,42,39,39,28,28,29,29,34,34,39,39,112,112,1343,1343,1424,1424,1347,1347,1375,1375,1229,1229,1247,1247,1096,1096,1282,1282,1299,1299,1257,1257,1375,1375,1394,1394,536,536,316,316,190,190,140,140,87,87,,,,,,,,,,,,,,,,,,,,,,,,,,,,,,,,,,,,,,,,,,,,,,,,
8349,3500,8350,8348,,0,43,43,43,43,30,30,32,32,38,38,42,42,118,118,1164,1164,1290,1290,1228,1228,1223,1223,1109,1109,1075,1075,1026,1026,1104,1104,1130,1130,1119,1119,1202,1202,1164,1164,443,443,270,270,171,171,125,125,72,72,,,,,,,,,,,,,,,,,,,,,,,,,,,,,,,,,,,,,,,,,,,,,,,,
8350,3000,8517,8349,8351,1,43,43,43,43,30,30,32,32,38,38,42,42,118,118,1164,1164,1290,1290,1228,1228,1223,1223,1109,1109,1075,1075,1026,1026,1104,1104,1130,1130,1119,1119,1202,1202,1164,1164,443,443,270,270,171,171,125,125,72,72,,,,,,,,,,,,,,,,,,,,,,,,,,,,,,,,,,,,,,,,,,,,,,,,
8351,1500,8352,8350,,0,43,43,43,43,30,30,32,32,38,38,42,42,118,118,1164,1164,1290,1290,1228,1228,1223,1223,1109,1109,1075,1075,1026,1026,1104,1104,1130,1130,1119,1119,1202,1202,1164,1164,443,443,270,270,171,171,125,125,72,72,,,,,,,,,,,,,,,,,,,,,,,,,,,,,,,,,,,,,,,,,,,,,,,,
8352,1200,8351,8101,8353,1,0,0,0,0,0,0,0,0,0,0,0,0,0,0,4,4,4,4,4,4,4,4,4,4,4,4,4,4,4,4,4,4,4,4,4,4,4,4,2,2,1,1,1,1,0,0,0,0,,,,,,,,,,,,,,,,,,,,,,,,,,,,,,,,,,,,,,,,,,,,,,,,
8353,1200,8352,8354,,0,0,0,0,0,0,0,0,0,0,0,0,0,0,0,4,4,4,4,4,4,4,4,3,3,3,3,3,3,3,3,3,3,3,3,4,4,4,4,1,1,1,1,1,1,0,0,0,0,,,,,,,,,,,,,,,,,,,,,,,,,,,,,,,,,,,,,,,,,,,,,,,,
8354,1200,8074,8347,8353,1,0,0,0,0,0,0,0,0,0,0,0,0,0,0,3,3,3,3,3,3,3,3,3,3,3,3,3,3,3,3,3,3,3,3,3,3,3,3,1,1,1,1,0,0,0,0,0,0,,,,,,,,,,,,,,,,,,,,,,,,,,,,,,,,,,,,,,,,,,,,,,,,
8355,4000,8356,8036,,0,43,43,43,43,30,30,32,32,38,38,42,42,118,118,1164,1164,1290,1290,1228,1228,1223,1223,1109,1109,1075,1075,1026,1026,1104,1104,1130,1130,1119,1119,1202,1202,1164,1164,443,443,270,270,171,171,125,125,72,72,,,,,,,,,,,,,,,,,,,,,,,,,,,,,,,,,,,,,,,,,,,,,,,,
8356,800,8355,8058,8066,1,0,0,0,0,0,0,0,0,0,0,0,0,0,0,4,4,4,4,4,4,4,4,4,4,3,3,3,3,4,4,4,4,4,4,4,4,4,4,2,2,1,1,1,1,0,0,0,0,,,,,,,,,,,,,,,,,,,,,,,,,,,,,,,,,,,,,,,,,,,,,,,,
8357,300,8358,8376,,0,0,0,0,0,0,0,0,0,0,0,0,0,0,0,3,3,3,3,3,3,3,3,3,3,3,3,2,2,3,3,3,3,3,3,3,3,3,3,1,1,1,1,0,0,0,0,0,0,,,,,,,,,,,,,,,,,,,,,,,,,,,,,,,,,,,,,,,,,,,,,,,,
8358,300,8058,8359,8357,1,0,0,0,0,0,0,0,0,0,0,0,0,0,0,3,3,3,3,3,3,3,3,3,3,2,2,2,2,3,3,3,3,3,3,3,3,3,3,1,1,1,1,0,0,0,0,0,0,,,,,,,,,,,,,,,,,,,,,,,,,,,,,,,,,,,,,,,,,,,,,,,,
8359,300,8358,8360,,0,0,0,0,0,0,0,0,0,0,0,0,0,0,0,2,2,2,2,2,2,2,2,2,2,2,2,2,2,2,2,2,2,2,2,2,2,2,2,1,1,0,0,0,0,0,0,0,0,,,,,,,,,,,,,,,,,,,,,,,,,,,,,,,,,,,,,,,,,,,,,,,,
8360,400,8052,8359,8361,1,0,0,0,0,0,0,0,0,0,0,0,0,0,0,1,1,2,2,2,2,2,2,1,1,1,1,1,1,1,1,1,1,1,1,1,1,1,1,1,1,0,0,0,0,0,0,0,0,,,,,,,,,,,,,,,,,,,,,,,,,,,,,,,,,,,,,,,,,,,,,,,,
8361,800,8360,8362,,0,0,0,0,0,0,0,0,0,0,0,0,0,0,0,1,1,2,2,2,2,2,2,1,1,1,1,1,1,1,1,1,1,1,1,2,2,1,1,1,1,0,0,0,0,0,0,0,0,,,,,,,,,,,,,,,,,,,,,,,,,,,,,,,,,,,,,,,,,,,,,,,,
8362,800,8035,8038,8361,1,0,0,0,0,0,0,0,0,0,0,0,0,0,0,2,2,2,2,2,2,2,2,2,2,2,2,2,2,2,2,2,2,2,2,2,2,2,2,1,1,1,1,0,0,0,0,0,0,,,,,,,,,,,,,,,,,,,,,,,,,,,,,,,,,,,,,,,,,,,,,,,,
8363,800,7997,8364,,0,0,0,0,0,0,0,0,0,0,0,0,0,0,0,3,3,3,3,3,3,3,3,3,3,2,2,2,2,3,3,3,3,3,3,3,3,3,3,1,1,1,1,0,0,0,0,0,0,,,,,,,,,,,,,,,,,,,,,,,,,,,,,,,,,,,,,,,,,,,,,,,,
8364,300,8363,8365,8035,1,0,0,0,0,0,0,0,0,0,0,0,0,0,0,3,3,3,3,3,3,3,3,2,2,2,2,2,2,2,2,2,2,2,2,3,3,3,3,1,1,1,1,0,0,0,0,0,0,,,,,,,,,,,,,,,,,,,,,,,,,,,,,,,,,,,,,,,,,,,,,,,,
8365,300,8366,8364,,0,0,0,0,0,0,0,0,0,0,0,0,0,0,0,3,3,3,3,3,3,3,3,3,3,3,3,3,3,3,3,3,3,3,3,3,3,3,3,1,1,1,1,0,0,0,0,0,0,,,,,,,,,,,,,,,,,,,,,,,,,,,,,,,,,,,,,,,,,,,,,,,,
8366,300,8367,8365,8000,1,0,0,0,0,0,0,0,0,0,0,0,0,0,0,3,3,4,4,3,3,3,3,3,3,3,3,3,3,3,3,3,3,3,3,3,3,3,3,1,1,1,1,1,1,0,0,0,0,,,,,,,,,,,,,,,,,,,,,,,,,,,,,,,,,,,,,,,,,,,,,,,,
8367,300,8368,8366,,0,0,0,0,0,0,0,0,0,0,0,0,0,0,0,3,3,4,4,4,4,4,4,3,3,3,3,3,3,3,3,3,3,3,3,4,4,3,3,1,1,1,1,1,1,0,0,0,0,,,,,,,,,,,,,,,,,,,,,,,,,,,,,,,,,,,,,,,,,,,,,,,,
8368,300,8052,8369,8367,1,0,0,0,0,0,0,0,0,0,0,0,0,0,0,3,3,4,4,4,4,4,4,3,3,3,3,3,3,3,3,3,3,3,3,4,4,3,3,1,1,1,1,1,1,0,0,0,0,,,,,,,,,,,,,,,,,,,,,,,,,,,,,,,,,,,,,,,,,,,,,,,,
8369,600,8370,8368,,0,0,0,0,0,0,0,0,0,0,0,0,0,0,0,3,3,3,3,3,3,3,3,3,3,3,3,3,3,3,3,3,3,3,3,3,3,3,3,1,1,1,1,0,0,0,0,0,0,,,,,,,,,,,,,,,,,,,,,,,,,,,,,,,,,,,,,,,,,,,,,,,,
8370,300,8369,8371,8043,1,0,0,0,0,0,0,0,0,0,0,0,0,0,0,2,2,2,2,2,2,2,2,2,2,2,2,2,2,2,2,2,2,2,2,2,2,2,2,1,1,1,1,0,0,0,0,0,0,,,,,,,,,,,,,,,,,,,,,,,,,,,,,,,,,,,,,,,,,,,,,,,,
8371,600,8370,8372,,0,53,53,55,55,38,38,42,42,48,48,53,53,146,146,715,715,891,891,804,804,768,768,707,707,638,638,676,676,679,679,669,669,696,696,738,738,671,671,411,411,264,264,178,178,130,130,66,66,,,,,,,,,,,,,,,,,,,,,,,,,,,,,,,,,,,,,,,,,,,,,,,,
8372,300,8371,8373,8010,1,0,0,0,0,0,0,0,0,0,0,0,0,0,0,1,1,1,1,1,1,1,1,1,1,1,1,1,1,1,1,1,1,1,1,1,1,1,1,0,0,0,0,0,0,0,0,0,0,,,,,,,,,,,,,,,,,,,,,,,,,,,,,,,,,,,,,,,,,,,,,,,,
8373,300,8372,8374,,0,0,0,0,0,0,0,0,0,0,0,0,0,0,0,1,1,1,1,1,1,1,1,1,1,1,1,1,1,1,1,1,1,1,1,1,1,1,1,0,0,0,0,0,0,0,0,0,0,,,,,,,,,,,,,,,,,,,,,,,,,,,,,,,,,,,,,,,,,,,,,,,,
8374,300,8050,8389,8373,1,0,0,0,0,0,0,0,0,0,0,0,0,0,0,1,1,1,1,1,1,1,1,1,1,1,1,1,1,1,1,1,1,1,1,1,1,1,1,0,0,0,0,0,0,0,0,0,0,,,,,,,,,,,,,,,,,,,,,,,,,,,,,,,,,,,,,,,,,,,,,,,,
8375,4400,8376,8083,,0,43,43,43,43,30,30,32,32,38,38,42,42,118,118,1164,1164,1290,1290,1228,1228,1223,1223,1109,1109,1075,1075,1026,1026,1104,1104,1130,1130,1119,1119,1202,1202,1164,1164,443,443,270,270,171,171,125,125,72,72,,,,,,,,,,,,,,,,,,,,,,,,,,,,,,,,,,,,,,,,,,,,,,,,
8376,1100,8357,8377,8375,1,43,43,43,43,30,30,32,32,38,38,42,42,118,118,1164,1164,1290,1290,1228,1228,1223,1223,1109,1109,1075,1075,1026,1026,1104,1104,1130,1130,1119,1119,1202,1202,1164,1164,443,443,270,270,171,171,125,125,72,72,,,,,,,,,,,,,,,,,,,,,,,,,,,,,,,,,,,,,,,,,,,,,,,,
8377,4400,8378,8376,,0,43,43,43,43,30,30,32,32,38,38,42,42,118,118,1164,1164,1290,1290,1228,1228,1223,1223,1109,1109,1075,1075,1026,1026,1104,1104,1130,1130,1119,1119,1202,1202,1164,1164,443,443,270,270,171,171,125,125,72,72,,,,,,,,,,,,,,,,,,,,,,,,,,,,,,,,,,,,,,,,,,,,,,,,
8378,2200,8377,8082,8379;8073,2,43,43,43,43,30,30,32,32,38,38,42,42,118,118,1164,1164,1290,1290,1228,1228,1223,1223,1109,1109,1075,1075,1026,1026,1104,1104,1130,1130,1119,1119,1202,1202,1164,1164,443,443,270,270,171,171,125,125,72,72,,,,,,,,,,,,,,,,,,,,,,,,,,,,,,,,,,,,,,,,,,,,,,,,
8379,2750,8378,8380,,0,43,43,43,43,30,30,32,32,38,38,42,42,118,118,1164,1164,1290,1290,1228,1228,1223,1223,1109,1109,1075,1075,1026,1026,1104,1104,1130,1130,1119,1119,1202,1202,1164,1164,443,443,270,270,171,171,125,125,72,72,,,,,,,,,,,,,,,,,,,,,,,,,,,,,,,,,,,,,,,,,,,,,,,,
8380,600,8381,8050,8379,1,0,0,0,0,0,0,0,0,0,0,0,0,0,0,4,4,4,4,4,4,4,4,4,4,4,4,3,3,4,4,4,4,4,4,4,4,4,4,2,2,1,1,1,1,0,0,0,0,,,,,,,,,,,,,,,,,,,,,,,,,,,,,,,,,,,,,,,,,,,,,,,,
8381,4400,8382,8380,,0,43,43,43,43,30,30,32,32,38,38,42,42,118,118,1164,1164,1290,1290,1228,1228,1223,1223,1109,1109,1075,1075,1026,1026,1104,1104,1130,1130,1119,1119,1202,1202,1164,1164,443,443,270,270,171,171,125,125,72,72,,,,,,,,,,,,,,,,,,,,,,,,,,,,,,,,,,,,,,,,,,,,,,,,
8382,300,8047,,8075;8381,2,0,0,0,0,0,0,0,0,0,0,0,0,0,0,3,3,4,4,4,4,4,4,3,3,3,3,3,3,3,3,3,3,3,3,3,3,3,3,1,1,1,1,1,1,0,0,0,0,,,,,,,,,,,,,,,,,,,,,,,,,,,,,,,,,,,,,,,,,,,,,,,,
8383,3500,8384,8036,,0,43,43,43,43,30,30,32,32,38,38,42,42,118,118,1164,1164,1290,1290,1228,1228,1223,1223,1109,1109,1075,1075,1026,1026,1104,1104,1130,1130,1119,1119,1202,1202,1164,1164,443,443,270,270,171,171,125,125,72,72,,,,,,,,,,,,,,,,,,,,,,,,,,,,,,,,,,,,,,,,,,,,,,,,
8384,3000,8615,7992,8383,1,43,43,43,43,30,30,32,32,38,38,42,42,118,118,1164,1164,1290,1290,1228,1228,1223,1223,1109,1109,1075,1075,1026,1026,1104,1104,1130,1130,1119,1119,1202,1202,1164,1164,443,443,270,270,171,171,125,125,72,72,,,,,,,,,,,,,,,,,,,,,,,,,,,,,,,,,,,,,,,,,,,,,,,,
8385,4400,8083,8386,8529,1,43,43,43,43,30,30,32,32,38,38,42,42,118,118,1164,1164,1290,1290,1228,1228,1223,1223,1109,1109,1075,1075,1026,1026,1104,1104,1130,1130,1119,1119,1202,1202,1164,1164,443,443,270,270,171,171,125,125,72,72,,,,,,,,,,,,,,,,,,,,,,,,,,,,,,,,,,,,,,,,,,,,,,,,
8386,1100,8385,8549,8093,1,43,43,43,43,30,30,32,32,38,38,42,42,118,118,1164,1164,1290,1290,1228,1228,1223,1223,1109,1109,1075,1075,1026,1026,1104,1104,1130,1130,1119,1119,1202,1202,1164,1164,443,443,270,270,171,171,125,125,72,72,,,,,,,,,,,,,,,,,,,,,,,,,,,,,,,,,,,,,,,,,,,,,,,,
8387,3000,8388,,8062,1,43,43,43,43,30,30,32,32,38,38,42,42,118,118,1164,1164,1290,1290,1228,1228,1223,1223,1109,1109,1075,1075,1026,1026,1104,1104,1130,1130,1119,1119,1202,1202,1164,1164,443,443,270,270,171,171,125,125,72,72,,,,,,,,,,,,,,,,,,,,,,,,,,,,,,,,,,,,,,,,,,,,,,,,
8388,400,8048,8075,8387,1,0,0,0,0,0,0,0,0,0,0,0,0,0,0,4,4,4,4,4,4,4,4,4,4,4,4,3,3,4,4,4,4,4,4,4,4,4,4,2,2,1,1,1,1,0,0,0,0,,,,,,,,,,,,,,,,,,,,,,,,,,,,,,,,,,,,,,,,,,,,,,,,
8389,600,8390,8374,,0,0,0,0,0,0,0,0,0,0,0,0,0,0,0,1,1,1,1,1,1,1,1,1,1,1,1,1,1,1,1,1,1,1,1,1,1,1,1,1,1,0,0,0,0,0,0,0,0,,,,,,,,,,,,,,,,,,,,,,,,,,,,,,,,,,,,,,,,,,,,,,,,
8390,300,8047,8029,8389,1,0,0,0,0,0,0,0,0,0,0,0,0,0,0,1,1,2,2,1,1,1,1,1,1,1,1,1,1,1,1,1,1,1,1,1,1,1,1,1,1,0,0,0,0,0,0,0,0,,,,,,,,,,,,,,,,,,,,,,,,,,,,,,,,,,,,,,,,,,,,,,,,
8391,400,8032,8392,,0,0,0,0,0,0,0,0,0,0,0,0,0,0,0,1,1,1,1,1,1,1,1,1,1,1,1,1,1,1,1,1,1,1,1,1,1,1,1,0,0,0,0,0,0,0,0,0,0,,,,,,,,,,,,,,,,,,,,,,,,,,,,,,,,,,,,,,,,,,,,,,,,
8392,400,8391,8029,8048,1,0,0,0,0,0,0,0,0,0,0,0,0,0,0,1,1,1,1,1,1,1,1,1,1,1,1,1,1,1,1,1,1,1,1,1,1,1,1,0,0,0,0,0,0,0,0,0,0,,,,,,,,,,,,,,,,,,,,,,,,,,,,,,,,,,,,,,,,,,,,,,,,
8393,4400,8394,8097,,0,42,42,39,39,28,28,29,29,34,34,39,39,112,112,1343,1343,1424,1424,1347,1347,1375,1375,1229,1229,1247,1247,1096,1096,1282,1282,1299,1299,1257,1257,1375,1375,1394,1394,536,536,316,316,190,190,140,140,87,87,,,,,,,,,,,,,,,,,,,,,,,,,,,,,,,,,,,,,,,,,,,,,,,,
8394,1200,8098,8068,8095;8393,2,0,0,0,0,0,0,0,0,0,0,0,0,0,0,1,1,1,1,1,1,1,1,1,1,1,1,1,1,1,1,1,1,1,1,1,1,1,1,0,0,0,0,0,0,0,0,0,0,,,,,,,,,,,,,,,,,,,,,,,,,,,,,,,,,,,,,,,,,,,,,,,,
8395,800,8032,8396,,0,0,0,0,0,0,0,0,0,0,0,0,0,0,0,1,1,1,1,1,1,1,1,1,1,1,1,1,1,1,1,1,1,1,1,1,1,1,1,0,0,0,0,0,0,0,0,0,0,,,,,,,,,,,,,,,,,,,,,,,,,,,,,,,,,,,,,,,,,,,,,,,,
8396,600,8045,8039,8395,1,0,0,0,0,0,0,0,0,0,0,0,0,0,0,1,1,1,1,1,1,1,1,1,1,1,1,1,1,1,1,1,1,1,1,1,1,1,1,0,0,0,0,0,0,0,0,0,0,,,,,,,,,,,,,,,,,,,,,,,,,,,,,,,,,,,,,,,,,,,,,,,,
8397,800,8032,8398,,0,0,0,0,0,0,0,0,0,0,0,0,0,0,0,1,1,1,1,1,1,1,1,1,1,1,1,1,1,1,1,1,1,1,1,1,1,1,1,0,0,0,0,0,0,0,0,0,0,,,,,,,,,,,,,,,,,,,,,,,,,,,,,,,,,,,,,,,,,,,,,,,,
8398,400,8399,8017,8397,1,0,0,0,0,0,0,0,0,0,0,0,0,0,0,1,1,2,2,1,1,1,1,1,1,1,1,1,1,1,1,1,1,1,1,1,1,1,1,1,1,0,0,0,0,0,0,0,0,,,,,,,,,,,,,,,,,,,,,,,,,,,,,,,,,,,,,,,,,,,,,,,,
8399,800,8398,8400,,0,0,0,0,0,0,0,0,0,0,0,0,0,0,0,2,2,2,2,2,2,2,2,2,2,2,2,2,2,2,2,2,2,2,2,2,2,2,2,1,1,0,0,0,0,0,0,0,0,,,,,,,,,,,,,,,,,,,,,,,,,,,,,,,,,,,,,,,,,,,,,,,,
84,1200,363,90,,0,0,0,0,0,0,0,0,0,0,0,0,0,0,0,6,6,7,7,7,7,6,6,6,6,6,6,6,6,6,6,6,6,6,6,6,6,6,6,1,1,1,1,1,1,0,0,0,0,,,,,,,,,,,,,,,,,,,,,,,,,,,,,,,,,,,,,,,,,,,,,,,,
8400,800,8401,8008,8399,1,0,0,0,0,0,0,0,0,0,0,0,0,0,0,2,2,3,3,2,2,2,2,2,2,2,2,2,2,2,2,2,2,2,2,2,2,2,2,1,1,1,1,0,0,0,0,0,0,,,,,,,,,,,,,,,,,,,,,,,,,,,,,,,,,,,,,,,,,,,,,,,,
8401,800,8400,8402,,0,0,0,0,0,0,0,0,0,0,0,0,0,0,0,4,4,4,4,4,4,4,4,3,3,3,3,3,3,3,3,4,4,4,4,4,4,4,4,2,2,1,1,1,1,0,0,0,0,,,,,,,,,,,,,,,,,,,,,,,,,,,,,,,,,,,,,,,,,,,,,,,,
8402,1000,8403,7996,8401,1,43,43,43,43,30,30,32,32,38,38,42,42,118,118,1164,1164,1290,1290,1228,1228,1223,1223,1109,1109,1075,1075,1026,1026,1104,1104,1130,1130,1119,1119,1202,1202,1164,1164,443,443,270,270,171,171,125,125,72,72,,,,,,,,,,,,,,,,,,,,,,,,,,,,,,,,,,,,,,,,,,,,,,,,
8403,800,8402,8404,,0,0,0,0,0,0,0,0,0,0,0,0,0,0,0,4,4,4,4,4,4,4,4,4,4,3,3,3,3,4,4,4,4,4,4,4,4,4,4,2,2,1,1,1,1,0,0,0,0,,,,,,,,,,,,,,,,,,,,,,,,,,,,,,,,,,,,,,,,,,,,,,,,
8404,800,8624,8403,7983,1,0,0,0,0,0,0,0,0,0,0,0,0,0,0,3,3,3,3,3,3,3,3,3,3,3,3,3,3,3,3,3,3,3,3,3,3,3,3,1,1,1,1,0,0,0,0,0,0,,,,,,,,,,,,,,,,,,,,,,,,,,,,,,,,,,,,,,,,,,,,,,,,
8405,1200,8067,8406,,0,0,0,0,0,0,0,0,0,0,0,0,0,0,0,1,1,1,1,1,1,1,1,1,1,1,1,1,1,1,1,1,1,1,1,1,1,1,1,0,0,0,0,0,0,0,0,0,0,,,,,,,,,,,,,,,,,,,,,,,,,,,,,,,,,,,,,,,,,,,,,,,,
8406,800,8064,8405,8053,1,0,0,0,0,0,0,0,0,0,0,0,0,0,0,1,1,1,1,1,1,1,1,1,1,1,1,1,1,1,1,1,1,1,1,1,1,1,1,0,0,0,0,0,0,0,0,0,0,,,,,,,,,,,,,,,,,,,,,,,,,,,,,,,,,,,,,,,,,,,,,,,,
8407,300,7998,8408,,0,0,0,0,0,0,0,0,0,0,0,0,0,0,0,0,0,0,0,0,0,0,0,0,0,0,0,0,0,0,0,0,0,0,0,0,0,0,0,0,0,0,0,0,0,0,0,0,0,,,,,,,,,,,,,,,,,,,,,,,,,,,,,,,,,,,,,,,,,,,,,,,,
8408,300,7988,8642,8407,1,0,0,0,0,0,0,0,0,0,0,0,0,0,0,0,0,0,0,0,0,0,0,0,0,0,0,0,0,0,0,0,0,0,0,0,0,0,0,0,0,0,0,0,0,0,0,0,0,,,,,,,,,,,,,,,,,,,,,,,,,,,,,,,,,,,,,,,,,,,,,,,,
8409,2500,8426,8410,,0,21,21,20,20,14,14,14,14,17,17,20,20,56,56,1240,1240,1312,1312,1316,1316,1316,1316,1198,1198,1166,1166,1120,1120,1166,1166,1239,1239,1215,1215,1293,1293,1242,1242,268,268,158,158,95,95,70,70,44,44,,,,,,,,,,,,,,,,,,,,,,,,,,,,,,,,,,,,,,,,,,,,,,,,
8410,300,8409,8646,7995,1,0,0,0,0,0,0,0,0,0,0,0,0,0,0,1,1,1,1,1,1,1,1,1,1,1,1,1,1,1,1,1,1,1,1,1,1,1,1,0,0,0,0,0,0,0,0,0,0,,,,,,,,,,,,,,,,,,,,,,,,,,,,,,,,,,,,,,,,,,,,,,,,
8411,1200,8653,8446,,0,53,53,55,55,38,38,42,42,48,48,53,53,146,146,715,715,891,891,804,804,768,768,707,707,638,638,676,676,679,679,669,669,696,696,738,738,671,671,411,411,264,264,178,178,130,130,66,66,,,,,,,,,,,,,,,,,,,,,,,,,,,,,,,,,,,,,,,,,,,,,,,,
8412,1200,8441,8413,8463,1,0,0,0,0,0,0,0,0,0,0,0,0,0,0,1,1,1,1,1,1,1,1,1,1,1,1,1,1,1,1,1,1,1,1,1,1,1,1,0,0,0,0,0,0,0,0,0,0,,,,,,,,,,,,,,,,,,,,,,,,,,,,,,,,,,,,,,,,,,,,,,,,
8413,1200,8414,8412,,0,0,0,0,0,0,0,0,0,0,0,0,0,0,0,1,1,1,1,1,1,1,1,1,1,1,1,1,1,1,1,1,1,1,1,1,1,1,1,0,0,0,0,0,0,0,0,0,0,,,,,,,,,,,,,,,,,,,,,,,,,,,,,,,,,,,,,,,,,,,,,,,,
8414,1200,8413,8415,8459,1,0,0,0,0,0,0,0,0,0,0,0,0,0,0,1,1,1,1,1,1,1,1,1,1,1,1,1,1,1,1,1,1,1,1,1,1,1,1,0,0,0,0,0,0,0,0,0,0,,,,,,,,,,,,,,,,,,,,,,,,,,,,,,,,,,,,,,,,,,,,,,,,
8415,800,8416,8414,,0,0,0,0,0,0,0,0,0,0,0,0,0,0,0,1,1,1,1,1,1,1,1,1,1,1,1,1,1,1,1,1,1,1,1,1,1,1,1,0,0,0,0,0,0,0,0,0,0,,,,,,,,,,,,,,,,,,,,,,,,,,,,,,,,,,,,,,,,,,,,,,,,
8416,1200,8415,8263,8034,1,0,0,0,0,0,0,0,0,0,0,0,0,0,0,2,2,2,2,2,2,2,2,2,2,1,1,1,1,2,2,2,2,2,2,2,2,2,2,1,1,0,0,0,0,0,0,0,0,,,,,,,,,,,,,,,,,,,,,,,,,,,,,,,,,,,,,,,,,,,,,,,,
8417,1600,8420,8418,,0,0,0,0,0,0,0,0,0,0,0,0,0,0,0,2,2,2,2,2,2,2,2,2,2,2,2,2,2,2,2,2,2,2,2,2,2,2,2,1,1,0,0,0,0,0,0,0,0,,,,,,,,,,,,,,,,,,,,,,,,,,,,,,,,,,,,,,,,,,,,,,,,
8418,1500,8263,8056,8417,1,21,21,20,20,14,14,14,14,17,17,20,20,56,56,1240,1240,1312,1312,1316,1316,1316,1316,1198,1198,1166,1166,1120,1120,1166,1166,1239,1239,1215,1215,1293,1293,1242,1242,268,268,158,158,95,95,70,70,44,44,,,,,,,,,,,,,,,,,,,,,,,,,,,,,,,,,,,,,,,,,,,,,,,,
8419,800,8564,8576,,0,0,0,0,0,0,0,0,0,0,0,0,0,0,0,1,1,2,2,2,2,2,2,1,1,1,1,1,1,1,1,1,1,1,1,2,2,1,1,1,1,0,0,0,0,0,0,0,0,,,,,,,,,,,,,,,,,,,,,,,,,,,,,,,,,,,,,,,,,,,,,,,,
8420,500,8421,8425,8417,1,21,21,20,20,14,14,14,14,17,17,20,20,56,56,1240,1240,1312,1312,1316,1316,1316,1316,1198,1198,1166,1166,1120,1120,1166,1166,1239,1239,1215,1215,1293,1293,1242,1242,268,268,158,158,95,95,70,70,44,44,,,,,,,,,,,,,,,,,,,,,,,,,,,,,,,,,,,,,,,,,,,,,,,,
8421,800,8420,8422,,0,0,0,0,0,0,0,0,0,0,0,0,0,0,0,2,2,2,2,2,2,2,2,2,2,2,2,1,1,2,2,2,2,2,2,2,2,2,2,1,1,0,0,0,0,0,0,0,0,,,,,,,,,,,,,,,,,,,,,,,,,,,,,,,,,,,,,,,,,,,,,,,,
8422,800,8423,8428,8421,1,0,0,0,0,0,0,0,0,0,0,0,0,0,0,1,1,1,1,1,1,1,1,1,1,1,1,1,1,1,1,1,1,1,1,1,1,1,1,0,0,0,0,0,0,0,0,0,0,,,,,,,,,,,,,,,,,,,,,,,,,,,,,,,,,,,,,,,,,,,,,,,,
8423,1200,8422,8424,,0,0,0,0,0,0,0,0,0,0,0,0,0,0,0,2,2,2,2,2,2,2,2,2,2,1,1,1,1,1,1,2,2,2,2,2,2,2,2,1,1,0,0,0,0,0,0,0,0,,,,,,,,,,,,,,,,,,,,,,,,,,,,,,,,,,,,,,,,,,,,,,,,
8424,500,8072,8423,8081,1,21,21,20,20,14,14,14,14,17,17,20,20,56,56,1240,1240,1312,1312,1316,1316,1316,1316,1198,1198,1166,1166,1120,1120,1166,1166,1239,1239,1215,1215,1293,1293,1242,1242,268,268,158,158,95,95,70,70,44,44,,,,,,,,,,,,,,,,,,,,,,,,,,,,,,,,,,,,,,,,,,,,,,,,
8425,2500,8426,8420,,0,21,21,20,20,14,14,14,14,17,17,20,20,56,56,1240,1240,1312,1312,1316,1316,1316,1316,1198,1198,1166,1166,1120,1120,1166,1166,1239,1239,1215,1215,1293,1293,1242,1242,268,268,158,158,95,95,70,70,44,44,,,,,,,,,,,,,,,,,,,,,,,,,,,,,,,,,,,,,,,,,,,,,,,,
8426,1000,8409,8425,8111;8040,2,21,21,20,20,14,14,14,14,17,17,20,20,56,56,1240,1240,1312,1312,1316,1316,1316,1316,1198,1198,1166,1166,1120,1120,1166,1166,1239,1239,1215,1215,1293,1293,1242,1242,268,268,158,158,95,95,70,70,44,44,,,,,,,,,,,,,,,,,,,,,,,,,,,,,,,,,,,,,,,,,,,,,,,,
8427,600,8428,8429,8573,1,0,0,0,0,0,0,0,0,0,0,0,0,0,0,1,1,1,1,1,1,1,1,1,1,1,1,1,1,1,1,1,1,1,1,1,1,1,1,0,0,0,0,0,0,0,0,0,0,,,,,,,,,,,,,,,,,,,,,,,,,,,,,,,,,,,,,,,,,,,,,,,,
8428,300,8427,8422,,0,0,0,0,0,0,0,0,0,0,0,0,0,0,0,1,1,1,1,1,1,1,1,1,1,1,1,1,1,1,1,1,1,1,1,1,1,1,1,0,0,0,0,0,0,0,0,0,0,,,,,,,,,,,,,,,,,,,,,,,,,,,,,,,,,,,,,,,,,,,,,,,,
8429,300,8427,8430,,0,0,0,0,0,0,0,0,0,0,0,0,0,0,0,1,1,1,1,1,1,1,1,1,1,1,1,1,1,1,1,1,1,1,1,1,1,1,1,0,0,0,0,0,0,0,0,0,0,,,,,,,,,,,,,,,,,,,,,,,,,,,,,,,,,,,,,,,,,,,,,,,,
8430,300,8077,8429,8431,1,0,0,0,0,0,0,0,0,0,0,0,0,0,0,1,1,1,1,1,1,1,1,1,1,1,1,1,1,1,1,1,1,1,1,1,1,1,1,0,0,0,0,0,0,0,0,0,0,,,,,,,,,,,,,,,,,,,,,,,,,,,,,,,,,,,,,,,,,,,,,,,,
8431,600,8432,8430,,0,0,0,0,0,0,0,0,0,0,0,0,0,0,0,1,1,1,1,1,1,1,1,1,1,1,1,1,1,1,1,1,1,1,1,1,1,1,1,0,0,0,0,0,0,0,0,0,0,,,,,,,,,,,,,,,,,,,,,,,,,,,,,,,,,,,,,,,,,,,,,,,,
8432,300,8433,8105,8431,1,0,0,0,0,0,0,0,0,0,0,0,0,0,0,1,1,1,1,1,1,1,1,1,1,1,1,1,1,1,1,1,1,1,1,1,1,1,1,0,0,0,0,0,0,0,0,0,0,,,,,,,,,,,,,,,,,,,,,,,,,,,,,,,,,,,,,,,,,,,,,,,,
8433,300,8432,8434,,0,0,0,0,0,0,0,0,0,0,0,0,0,0,0,1,1,1,1,1,1,1,1,1,1,1,1,1,1,1,1,1,1,1,1,1,1,1,1,0,0,0,0,0,0,0,0,0,0,,,,,,,,,,,,,,,,,,,,,,,,,,,,,,,,,,,,,,,,,,,,,,,,
8434,300,8577,8433,8090,1,0,0,0,0,0,0,0,0,0,0,0,0,0,0,1,1,1,1,1,1,1,1,1,1,1,1,1,1,1,1,1,1,1,1,1,1,1,1,0,0,0,0,0,0,0,0,0,0,,,,,,,,,,,,,,,,,,,,,,,,,,,,,,,,,,,,,,,,,,,,,,,,
8435,300,8436,,,0,0,0,0,0,0,0,0,0,0,0,0,0,0,0,1,1,1,1,1,1,1,1,1,1,1,1,1,1,1,1,1,1,1,1,1,1,1,1,0,0,0,0,0,0,0,0,0,0,,,,,,,,,,,,,,,,,,,,,,,,,,,,,,,,,,,,,,,,,,,,,,,,
8436,800,8435,8094,8092,1,0,0,0,0,0,0,0,0,0,0,0,0,0,0,1,1,1,1,1,1,1,1,1,1,1,1,1,1,1,1,1,1,1,1,1,1,1,1,0,0,0,0,0,0,0,0,0,0,,,,,,,,,,,,,,,,,,,,,,,,,,,,,,,,,,,,,,,,,,,,,,,,
8437,1200,8578,8438,,0,0,0,0,0,0,0,0,0,0,0,0,0,0,0,0,0,0,0,0,0,0,0,0,0,0,0,0,0,0,0,0,0,0,0,0,0,0,0,0,0,0,0,0,0,0,0,0,0,,,,,,,,,,,,,,,,,,,,,,,,,,,,,,,,,,,,,,,,,,,,,,,,
8438,300,8091,8437,8583,1,0,0,0,0,0,0,0,0,0,0,0,0,0,0,1,1,1,1,1,1,1,1,1,1,1,1,1,1,1,1,1,1,1,1,1,1,1,1,0,0,0,0,0,0,0,0,0,0,,,,,,,,,,,,,,,,,,,,,,,,,,,,,,,,,,,,,,,,,,,,,,,,
8439,300,8440,,,0,0,0,0,0,0,0,0,0,0,0,0,0,0,0,1,1,1,1,1,1,1,1,1,1,1,1,1,1,1,1,1,1,1,1,1,1,1,1,1,1,0,0,0,0,0,0,0,0,,,,,,,,,,,,,,,,,,,,,,,,,,,,,,,,,,,,,,,,,,,,,,,,
8440,300,8077,8070,8439,1,0,0,0,0,0,0,0,0,0,0,0,0,0,0,1,1,1,1,1,1,1,1,1,1,1,1,1,1,1,1,1,1,1,1,1,1,1,1,0,0,0,0,0,0,0,0,0,0,,,,,,,,,,,,,,,,,,,,,,,,,,,,,,,,,,,,,,,,,,,,,,,,
8441,1200,8442,8412,,0,0,0,0,0,0,0,0,0,0,0,0,0,0,0,1,1,1,1,1,1,1,1,1,1,1,1,1,1,1,1,1,1,1,1,1,1,1,1,0,0,0,0,0,0,0,0,0,0,,,,,,,,,,,,,,,,,,,,,,,,,,,,,,,,,,,,,,,,,,,,,,,,
8442,800,8443,8441,7990,1,0,0,0,0,0,0,0,0,0,0,0,0,0,0,1,1,2,2,1,1,1,1,1,1,1,1,1,1,1,1,1,1,1,1,1,1,1,1,1,1,0,0,0,0,0,0,0,0,,,,,,,,,,,,,,,,,,,,,,,,,,,,,,,,,,,,,,,,,,,,,,,,
8443,800,8444,8442,,0,33,33,31,31,22,22,23,23,26,26,31,31,88,88,1055,1055,1119,1119,1058,1058,1080,1080,966,966,980,980,861,861,1008,1008,1021,1021,988,988,1080,1080,1096,1096,421,421,249,249,150,150,110,110,68,68,,,,,,,,,,,,,,,,,,,,,,,,,,,,,,,,,,,,,,,,,,,,,,,,
8444,300,8445,7986,8443,1,0,0,0,0,0,0,0,0,0,0,0,0,0,0,1,1,1,1,1,1,1,1,1,1,1,1,1,1,1,1,1,1,1,1,1,1,1,1,1,1,0,0,0,0,0,0,0,0,,,,,,,,,,,,,,,,,,,,,,,,,,,,,,,,,,,,,,,,,,,,,,,,
8445,400,8444,8446,,0,0,0,0,0,0,0,0,0,0,0,0,0,0,0,1,1,1,1,1,1,1,1,1,1,1,1,1,1,1,1,1,1,1,1,1,1,1,1,0,0,0,0,0,0,0,0,0,0,,,,,,,,,,,,,,,,,,,,,,,,,,,,,,,,,,,,,,,,,,,,,,,,
8446,400,7982,8411,8445,1,0,0,0,0,0,0,0,0,0,0,0,0,0,0,1,1,1,1,1,1,1,1,1,1,1,1,1,1,1,1,1,1,1,1,1,1,1,1,0,0,0,0,0,0,0,0,0,0,,,,,,,,,,,,,,,,,,,,,,,,,,,,,,,,,,,,,,,,,,,,,,,,
8447,1200,8586,8448,,0,0,0,0,0,0,0,0,0,0,0,0,0,0,0,1,1,2,2,2,2,2,2,1,1,1,1,1,1,1,1,1,1,1,1,2,2,1,1,1,1,0,0,0,0,0,0,0,0,,,,,,,,,,,,,,,,,,,,,,,,,,,,,,,,,,,,,,,,,,,,,,,,
8448,400,8449,8087,8447,1,0,0,0,0,0,0,0,0,0,0,0,0,0,0,2,2,2,2,2,2,2,2,2,2,2,2,2,2,2,2,2,2,2,2,2,2,2,2,1,1,0,0,0,0,0,0,0,0,,,,,,,,,,,,,,,,,,,,,,,,,,,,,,,,,,,,,,,,,,,,,,,,
8449,300,8448,8450,,0,0,0,0,0,0,0,0,0,0,0,0,0,0,0,2,2,2,2,2,2,2,2,2,2,2,2,2,2,2,2,2,2,2,2,2,2,2,2,1,1,0,0,0,0,0,0,0,0,,,,,,,,,,,,,,,,,,,,,,,,,,,,,,,,,,,,,,,,,,,,,,,,
8450,550,8451,8080,8449,1,21,21,20,20,14,14,14,14,17,17,20,20,56,56,1240,1240,1312,1312,1316,1316,1316,1316,1198,1198,1166,1166,1120,1120,1166,1166,1239,1239,1215,1215,1293,1293,1242,1242,268,268,158,158,95,95,70,70,44,44,,,,,,,,,,,,,,,,,,,,,,,,,,,,,,,,,,,,,,,,,,,,,,,,
8451,800,8452,8450,,0,0,0,0,0,0,0,0,0,0,0,0,0,0,0,2,2,2,2,2,2,2,2,2,2,2,2,2,2,2,2,2,2,2,2,2,2,2,2,1,1,0,0,0,0,0,0,0,0,,,,,,,,,,,,,,,,,,,,,,,,,,,,,,,,,,,,,,,,,,,,,,,,
8452,600,8071,,8099;8451,2,0,0,0,0,0,0,0,0,0,0,0,0,0,0,1,1,2,2,1,1,1,1,1,1,1,1,1,1,1,1,1,1,1,1,1,1,1,1,1,1,0,0,0,0,0,0,0,0,,,,,,,,,,,,,,,,,,,,,,,,,,,,,,,,,,,,,,,,,,,,,,,,
8453,300,8454,,,0,0,0,0,0,0,0,0,0,0,0,0,0,0,0,1,1,2,2,1,1,1,1,1,1,1,1,1,1,1,1,1,1,1,1,1,1,1,1,1,1,0,0,0,0,0,0,0,0,,,,,,,,,,,,,,,,,,,,,,,,,,,,,,,,,,,,,,,,,,,,,,,,
8454,600,8455,8080,8453,1,0,0,0,0,0,0,0,0,0,0,0,0,0,0,1,1,1,1,1,1,1,1,1,1,1,1,1,1,1,1,1,1,1,1,1,1,1,1,1,1,0,0,0,0,0,0,0,0,,,,,,,,,,,,,,,,,,,,,,,,,,,,,,,,,,,,,,,,,,,,,,,,
8455,1200,8456,8454,,0,0,0,0,0,0,0,0,0,0,0,0,0,0,0,1,1,1,1,1,1,1,1,1,1,1,1,1,1,1,1,1,1,1,1,1,1,1,1,0,0,0,0,0,0,0,0,0,0,,,,,,,,,,,,,,,,,,,,,,,,,,,,,,,,,,,,,,,,,,,,,,,,
8456,400,8455,8059,8099,1,0,0,0,0,0,0,0,0,0,0,0,0,0,0,1,1,1,1,1,1,1,1,1,1,1,1,1,1,1,1,1,1,1,1,1,1,1,1,0,0,0,0,0,0,0,0,0,0,,,,,,,,,,,,,,,,,,,,,,,,,,,,,,,,,,,,,,,,,,,,,,,,
8457,800,8460,8458,,0,0,0,0,0,0,0,0,0,0,0,0,0,0,0,1,1,1,1,1,1,1,1,1,1,1,1,1,1,1,1,1,1,1,1,1,1,1,1,0,0,0,0,0,0,0,0,0,0,,,,,,,,,,,,,,,,,,,,,,,,,,,,,,,,,,,,,,,,,,,,,,,,
8458,600,8059,8034,8457,1,0,0,0,0,0,0,0,0,0,0,0,0,0,0,1,1,1,1,1,1,1,1,1,1,1,1,1,1,1,1,1,1,1,1,1,1,1,1,0,0,0,0,0,0,0,0,0,0,,,,,,,,,,,,,,,,,,,,,,,,,,,,,,,,,,,,,,,,,,,,,,,,
8459,1200,8414,8460,,0,0,0,0,0,0,0,0,0,0,0,0,0,0,0,1,1,1,1,1,1,1,1,1,1,1,1,1,1,1,1,1,1,1,1,1,1,1,1,0,0,0,0,0,0,0,0,0,0,,,,,,,,,,,,,,,,,,,,,,,,,,,,,,,,,,,,,,,,,,,,,,,,
8460,800,8461,8459,8457,1,0,0,0,0,0,0,0,0,0,0,0,0,0,0,1,1,1,1,1,1,1,1,1,1,1,1,1,1,1,1,1,1,1,1,1,1,1,1,0,0,0,0,0,0,0,0,0,0,,,,,,,,,,,,,,,,,,,,,,,,,,,,,,,,,,,,,,,,,,,,,,,,
8461,4000,8460,8462,,0,21,21,20,20,14,14,14,14,17,17,20,20,56,56,1240,1240,1312,1312,1316,1316,1316,1316,1198,1198,1166,1166,1120,1120,1166,1166,1239,1239,1215,1215,1293,1293,1242,1242,268,268,158,158,95,95,70,70,44,44,,,,,,,,,,,,,,,,,,,,,,,,,,,,,,,,,,,,,,,,,,,,,,,,
8462,800,8030,8020,8461,1,0,0,0,0,0,0,0,0,0,0,0,0,0,0,1,1,2,2,2,2,2,2,1,1,1,1,1,1,1,1,1,1,1,1,2,2,1,1,1,1,0,0,0,0,0,0,0,0,,,,,,,,,,,,,,,,,,,,,,,,,,,,,,,,,,,,,,,,,,,,,,,,
8463,1200,8464,8412,,0,0,0,0,0,0,0,0,0,0,0,0,0,0,0,1,1,1,1,1,1,1,1,1,1,1,1,1,1,1,1,1,1,1,1,1,1,1,1,0,0,0,0,0,0,0,0,0,0,,,,,,,,,,,,,,,,,,,,,,,,,,,,,,,,,,,,,,,,,,,,,,,,
8464,1200,8004,8463,8020,1,0,0,0,0,0,0,0,0,0,0,0,0,0,0,1,1,1,1,1,1,1,1,1,1,1,1,1,1,1,1,1,1,1,1,1,1,1,1,0,0,0,0,0,0,0,0,0,0,,,,,,,,,,,,,,,,,,,,,,,,,,,,,,,,,,,,,,,,,,,,,,,,
8465,1600,8466,8472,,0,0,0,0,0,0,0,0,0,0,0,0,0,0,0,1,1,1,1,1,1,1,1,1,1,1,1,1,1,1,1,1,1,1,1,1,1,1,1,0,0,0,0,0,0,0,0,0,0,,,,,,,,,,,,,,,,,,,,,,,,,,,,,,,,,,,,,,,,,,,,,,,,
8466,1200,8004,8465,8652,1,0,0,0,0,0,0,0,0,0,0,0,0,0,0,1,1,1,1,1,1,1,1,1,1,1,1,1,1,1,1,1,1,1,1,1,1,1,1,0,0,0,0,0,0,0,0,0,0,,,,,,,,,,,,,,,,,,,,,,,,,,,,,,,,,,,,,,,,,,,,,,,,
8467,1600,7949,8657,,0,0,0,0,0,0,0,0,0,0,0,0,0,0,0,1,1,2,2,1,1,1,1,1,1,1,1,1,1,1,1,1,1,1,1,1,1,1,1,1,1,0,0,0,0,0,0,0,0,,,,,,,,,,,,,,,,,,,,,,,,,,,,,,,,,,,,,,,,,,,,,,,,
8468,1600,8469,8656,7985,1,0,0,0,0,0,0,0,0,0,0,0,0,0,0,2,2,2,2,2,2,2,2,2,2,2,2,2,2,2,2,2,2,2,2,2,2,2,2,1,1,0,0,0,0,0,0,0,0,,,,,,,,,,,,,,,,,,,,,,,,,,,,,,,,,,,,,,,,,,,,,,,,
8469,1500,8470,8468,,0,21,21,20,20,14,14,14,14,17,17,20,20,56,56,1240,1240,1312,1312,1316,1316,1316,1316,1198,1198,1166,1166,1120,1120,1166,1166,1239,1239,1215,1215,1293,1293,1242,1242,268,268,158,158,95,95,70,70,44,44,,,,,,,,,,,,,,,,,,,,,,,,,,,,,,,,,,,,,,,,,,,,,,,,
8470,1000,8485,8469,8471,1,21,21,20,20,14,14,14,14,17,17,20,20,56,56,1240,1240,1312,1312,1316,1316,1316,1316,1198,1198,1166,1166,1120,1120,1166,1166,1239,1239,1215,1215,1293,1293,1242,1242,268,268,158,158,95,95,70,70,44,44,,,,,,,,,,,,,,,,,,,,,,,,,,,,,,,,,,,,,,,,,,,,,,,,
8471,1200,8472,8470,,0,0,0,0,0,0,0,0,0,0,0,0,0,0,0,2,2,2,2,2,2,2,2,2,2,2,2,1,1,2,2,2,2,2,2,2,2,2,2,1,1,0,0,0,0,0,0,0,0,,,,,,,,,,,,,,,,,,,,,,,,,,,,,,,,,,,,,,,,,,,,,,,,
8472,800,8471,8030,8465,1,0,0,0,0,0,0,0,0,0,0,0,0,0,0,1,1,1,1,1,1,1,1,1,1,1,1,1,1,1,1,1,1,1,1,1,1,1,1,0,0,0,0,0,0,0,0,0,0,,,,,,,,,,,,,,,,,,,,,,,,,,,,,,,,,,,,,,,,,,,,,,,,
8473,550,8474,,,0,21,21,20,20,14,14,14,14,17,17,20,20,56,56,1240,1240,1312,1312,1316,1316,1316,1316,1198,1198,1166,1166,1120,1120,1166,1166,1239,1239,1215,1215,1293,1293,1242,1242,268,268,158,158,95,95,70,70,44,44,,,,,,,,,,,,,,,,,,,,,,,,,,,,,,,,,,,,,,,,,,,,,,,,
8474,550,8031,8475,8014;8473,2,21,21,20,20,14,14,14,14,17,17,20,20,56,56,1240,1240,1312,1312,1316,1316,1316,1316,1198,1198,1166,1166,1120,1120,1166,1166,1239,1239,1215,1215,1293,1293,1242,1242,268,268,158,158,95,95,70,70,44,44,,,,,,,,,,,,,,,,,,,,,,,,,,,,,,,,,,,,,,,,,,,,,,,,
8475,300,8476,8474,,0,0,0,0,0,0,0,0,0,0,0,0,0,0,0,2,2,2,2,2,2,2,2,2,2,2,2,2,2,2,2,2,2,2,2,2,2,2,2,1,1,0,0,0,0,0,0,0,0,,,,,,,,,,,,,,,,,,,,,,,,,,,,,,,,,,,,,,,,,,,,,,,,
8476,300,8477,8475,8024,1,0,0,0,0,0,0,0,0,0,0,0,0,0,0,2,2,2,2,2,2,2,2,2,2,2,2,2,2,2,2,2,2,2,2,2,2,2,2,1,1,0,0,0,0,0,0,0,0,,,,,,,,,,,,,,,,,,,,,,,,,,,,,,,,,,,,,,,,,,,,,,,,
8477,300,8476,8478,,0,0,0,0,0,0,0,0,0,0,0,0,0,0,0,1,1,1,1,1,1,1,1,1,1,1,1,1,1,1,1,1,1,1,1,1,1,1,1,0,0,0,0,0,0,0,0,0,0,,,,,,,,,,,,,,,,,,,,,,,,,,,,,,,,,,,,,,,,,,,,,,,,
8478,300,8049,8477,8021,1,0,0,0,0,0,0,0,0,0,0,0,0,0,0,1,1,1,1,1,1,1,1,1,1,1,1,1,1,1,1,1,1,1,1,1,1,1,1,0,0,0,0,0,0,0,0,0,0,,,,,,,,,,,,,,,,,,,,,,,,,,,,,,,,,,,,,,,,,,,,,,,,
8479,1200,8480,,,0,0,0,0,0,0,0,0,0,0,0,0,0,0,0,2,2,2,2,2,2,2,2,2,2,2,2,2,2,2,2,2,2,2,2,2,2,2,2,1,1,0,0,0,0,0,0,0,0,,,,,,,,,,,,,,,,,,,,,,,,,,,,,,,,,,,,,,,,,,,,,,,,
8480,800,8063,8479,8042,1,0,0,0,0,0,0,0,0,0,0,0,0,0,0,2,2,2,2,2,2,2,2,2,2,2,2,1,1,2,2,2,2,2,2,2,2,2,2,1,1,0,0,0,0,0,0,0,0,,,,,,,,,,,,,,,,,,,,,,,,,,,,,,,,,,,,,,,,,,,,,,,,
8481,800,8500,8482,,0,0,0,0,0,0,0,0,0,0,0,0,0,0,0,1,1,1,1,1,1,1,1,1,1,1,1,1,1,1,1,1,1,1,1,1,1,1,1,0,0,0,0,0,0,0,0,0,0,,,,,,,,,,,,,,,,,,,,,,,,,,,,,,,,,,,,,,,,,,,,,,,,
8482,800,8481,8087,8069,1,0,0,0,0,0,0,0,0,0,0,0,0,0,0,1,1,1,1,1,1,1,1,1,1,1,1,1,1,1,1,1,1,1,1,1,1,1,1,0,0,0,0,0,0,0,0,0,0,,,,,,,,,,,,,,,,,,,,,,,,,,,,,,,,,,,,,,,,,,,,,,,,
8483,1200,8504,8484,,0,0,0,0,0,0,0,0,0,0,0,0,0,0,0,1,1,1,1,1,1,1,1,1,1,1,1,1,1,1,1,1,1,1,1,1,1,1,1,0,0,0,0,0,0,0,0,0,0,,,,,,,,,,,,,,,,,,,,,,,,,,,,,,,,,,,,,,,,,,,,,,,,
8484,800,8063,8483,8055,1,0,0,0,0,0,0,0,0,0,0,0,0,0,0,1,1,1,1,1,1,1,1,1,1,1,1,1,1,1,1,1,1,1,1,1,1,1,1,0,0,0,0,0,0,0,0,0,0,,,,,,,,,,,,,,,,,,,,,,,,,,,,,,,,,,,,,,,,,,,,,,,,
8485,2000,8470,8488,,0,21,21,20,20,14,14,14,14,17,17,20,20,56,56,1240,1240,1312,1312,1316,1316,1316,1316,1198,1198,1166,1166,1120,1120,1166,1166,1239,1239,1215,1215,1293,1293,1242,1242,268,268,158,158,95,95,70,70,44,44,,,,,,,,,,,,,,,,,,,,,,,,,,,,,,,,,,,,,,,,,,,,,,,,
8486,300,8487,,,0,0,0,0,0,0,0,0,0,0,0,0,0,0,0,1,1,1,1,1,1,1,1,1,1,1,1,1,1,1,1,1,1,1,1,1,1,1,1,0,0,0,0,0,0,0,0,0,0,,,,,,,,,,,,,,,,,,,,,,,,,,,,,,,,,,,,,,,,,,,,,,,,
8487,300,8056,8486,8060,1,0,0,0,0,0,0,0,0,0,0,0,0,0,0,1,1,1,1,1,1,1,1,1,1,1,1,1,1,1,1,1,1,1,1,1,1,1,1,0,0,0,0,0,0,0,0,0,0,,,,,,,,,,,,,,,,,,,,,,,,,,,,,,,,,,,,,,,,,,,,,,,,
8488,300,8485,8491,7987,1,0,0,0,0,0,0,0,0,0,0,0,0,0,0,1,1,1,1,1,1,1,1,1,1,1,1,1,1,1,1,1,1,1,1,1,1,1,1,0,0,0,0,0,0,0,0,0,0,,,,,,,,,,,,,,,,,,,,,,,,,,,,,,,,,,,,,,,,,,,,,,,,
8489,1600,8079,,,0,33,33,31,31,22,22,23,23,26,26,31,31,88,88,1055,1055,1119,1119,1058,1058,1080,1080,966,966,980,980,861,861,1008,1008,1021,1021,988,988,1080,1080,1096,1096,421,421,249,249,150,150,110,110,68,68,,,,,,,,,,,,,,,,,,,,,,,,,,,,,,,,,,,,,,,,,,,,,,,,
8490,1200,8019,,,0,0,0,0,0,0,0,0,0,0,0,0,0,0,0,2,2,2,2,2,2,2,2,2,2,2,2,2,2,2,2,2,2,2,2,2,2,2,2,1,1,0,0,0,0,0,0,0,0,,,,,,,,,,,,,,,,,,,,,,,,,,,,,,,,,,,,,,,,,,,,,,,,
8491,1200,8488,8492,,0,0,0,0,0,0,0,0,0,0,0,0,0,0,0,1,1,1,1,1,1,1,1,1,1,1,1,1,1,1,1,1,1,1,1,1,1,1,1,0,0,0,0,0,0,0,0,0,0,,,,,,,,,,,,,,,,,,,,,,,,,,,,,,,,,,,,,,,,,,,,,,,,
8492,800,8491,8493,7984,1,0,0,0,0,0,0,0,0,0,0,0,0,0,0,1,1,1,1,1,1,1,1,1,1,1,1,1,1,1,1,1,1,1,1,1,1,1,1,0,0,0,0,0,0,0,0,0,0,,,,,,,,,,,,,,,,,,,,,,,,,,,,,,,,,,,,,,,,,,,,,,,,
8493,800,8494,8492,,0,0,0,0,0,0,0,0,0,0,0,0,0,0,0,1,1,1,1,1,1,1,1,1,1,1,1,0,0,1,1,1,1,1,1,1,1,1,1,0,0,0,0,0,0,0,0,0,0,,,,,,,,,,,,,,,,,,,,,,,,,,,,,,,,,,,,,,,,,,,,,,,,
8494,300,7989,8493,8006,1,0,0,0,0,0,0,0,0,0,0,0,0,0,0,1,1,1,1,1,1,1,1,1,1,1,1,0,0,1,1,1,1,1,1,1,1,1,1,0,0,0,0,0,0,0,0,0,0,,,,,,,,,,,,,,,,,,,,,,,,,,,,,,,,,,,,,,,,,,,,,,,,
8495,800,8496,8007,,0,0,0,0,0,0,0,0,0,0,0,0,0,0,0,1,1,1,1,1,1,1,1,1,1,1,1,1,1,1,1,1,1,1,1,1,1,1,1,0,0,0,0,0,0,0,0,0,0,,,,,,,,,,,,,,,,,,,,,,,,,,,,,,,,,,,,,,,,,,,,,,,,
8496,400,8013,8495,8006,1,0,0,0,0,0,0,0,0,0,0,0,0,0,0,1,1,1,1,1,1,1,1,1,1,1,1,1,1,1,1,1,1,1,1,1,1,1,1,0,0,0,0,0,0,0,0,0,0,,,,,,,,,,,,,,,,,,,,,,,,,,,,,,,,,,,,,,,,,,,,,,,,
8497,300,,8498,,0,0,0,0,0,0,0,0,0,0,0,0,0,0,0,1,1,1,1,1,1,1,1,1,1,1,1,1,1,1,1,1,1,1,1,1,1,1,1,0,0,0,0,0,0,0,0,0,0,,,,,,,,,,,,,,,,,,,,,,,,,,,,,,,,,,,,,,,,,,,,,,,,
8498,300,8013,8015,8497,1,0,0,0,0,0,0,0,0,0,0,0,0,0,0,1,1,1,1,1,1,1,1,1,1,1,1,1,1,1,1,1,1,1,1,1,1,1,1,0,0,0,0,0,0,0,0,0,0,,,,,,,,,,,,,,,,,,,,,,,,,,,,,,,,,,,,,,,,,,,,,,,,
8499,1200,8508,8512,,0,0,0,0,0,0,0,0,0,0,0,0,0,0,0,1,1,1,1,1,1,1,1,1,1,1,1,1,1,1,1,1,1,1,1,1,1,1,1,0,0,0,0,0,0,0,0,0,0,,,,,,,,,,,,,,,,,,,,,,,,,,,,,,,,,,,,,,,,,,,,,,,,
85,600,373,101,,0,0,0,0,0,0,0,0,0,0,0,0,0,1,1,8,8,9,9,8,8,8,8,8,8,7,7,7,7,7,7,7,7,7,7,8,8,7,7,3,3,2,2,1,1,1,1,1,1,,,,,,,,,,,,,,,,,,,,,,,,,,,,,,,,,,,,,,,,,,,,,,,,
8500,600,8501,8585,8481,1,0,0,0,0,0,0,0,0,0,0,0,0,0,0,1,1,1,1,1,1,1,1,1,1,1,1,1,1,1,1,1,1,1,1,1,1,1,1,0,0,0,0,0,0,0,0,0,0,,,,,,,,,,,,,,,,,,,,,,,,,,,,,,,,,,,,,,,,,,,,,,,,
8501,800,8500,8502,,0,0,0,0,0,0,0,0,0,0,0,0,0,0,0,1,1,1,1,1,1,1,1,1,1,1,1,1,1,1,1,1,1,1,1,1,1,1,1,0,0,0,0,0,0,0,0,0,0,,,,,,,,,,,,,,,,,,,,,,,,,,,,,,,,,,,,,,,,,,,,,,,,
8502,800,8501,8503,8513,1,0,0,0,0,0,0,0,0,0,0,0,0,0,0,1,1,1,1,1,1,1,1,1,1,1,1,1,1,1,1,1,1,1,1,1,1,1,1,0,0,0,0,0,0,0,0,0,0,,,,,,,,,,,,,,,,,,,,,,,,,,,,,,,,,,,,,,,,,,,,,,,,
8503,300,8502,8504,,0,0,0,0,0,0,0,0,0,0,0,0,0,0,0,1,1,1,1,1,1,1,1,1,1,1,1,1,1,1,1,1,1,1,1,1,1,1,1,0,0,0,0,0,0,0,0,0,0,,,,,,,,,,,,,,,,,,,,,,,,,,,,,,,,,,,,,,,,,,,,,,,,
8504,800,8503,8505,8483,1,0,0,0,0,0,0,0,0,0,0,0,0,0,0,1,1,1,1,1,1,1,1,1,1,0,0,0,0,1,1,1,1,1,1,1,1,1,1,0,0,0,0,0,0,0,0,0,0,,,,,,,,,,,,,,,,,,,,,,,,,,,,,,,,,,,,,,,,,,,,,,,,
8505,800,8504,8506,,0,0,0,0,0,0,0,0,0,0,0,0,0,0,0,1,1,1,1,1,1,1,1,1,1,1,1,1,1,1,1,1,1,1,1,1,1,1,1,0,0,0,0,0,0,0,0,0,0,,,,,,,,,,,,,,,,,,,,,,,,,,,,,,,,,,,,,,,,,,,,,,,,
8506,800,8507,8505,8057,1,0,0,0,0,0,0,0,0,0,0,0,0,0,0,1,1,1,1,1,1,1,1,1,1,1,1,1,1,1,1,1,1,1,1,1,1,1,1,0,0,0,0,0,0,0,0,0,0,,,,,,,,,,,,,,,,,,,,,,,,,,,,,,,,,,,,,,,,,,,,,,,,
8507,800,8508,8506,,0,0,0,0,0,0,0,0,0,0,0,0,0,0,0,1,1,1,1,1,1,1,1,1,1,1,1,1,1,1,1,1,1,1,1,1,1,1,1,0,0,0,0,0,0,0,0,0,0,,,,,,,,,,,,,,,,,,,,,,,,,,,,,,,,,,,,,,,,,,,,,,,,
8508,800,8049,8499,8507,1,0,0,0,0,0,0,0,0,0,0,0,0,0,0,1,1,1,1,1,1,1,1,1,1,1,1,1,1,1,1,1,1,1,1,1,1,1,1,0,0,0,0,0,0,0,0,0,0,,,,,,,,,,,,,,,,,,,,,,,,,,,,,,,,,,,,,,,,,,,,,,,,
8509,800,8019,8510,,0,0,0,0,0,0,0,0,0,0,0,0,0,0,0,1,1,1,1,1,1,1,1,1,1,1,1,1,1,1,1,1,1,1,1,1,1,1,1,0,0,0,0,0,0,0,0,0,0,,,,,,,,,,,,,,,,,,,,,,,,,,,,,,,,,,,,,,,,,,,,,,,,
8510,400,8028,8509,8511,1,0,0,0,0,0,0,0,0,0,0,0,0,0,0,1,1,1,1,1,1,1,1,1,1,1,1,1,1,1,1,1,1,1,1,1,1,1,1,0,0,0,0,0,0,0,0,0,0,,,,,,,,,,,,,,,,,,,,,,,,,,,,,,,,,,,,,,,,,,,,,,,,
8511,800,8510,8512,,0,0,0,0,0,0,0,0,0,0,0,0,0,0,0,1,1,1,1,1,1,1,1,1,1,1,1,1,1,1,1,1,1,1,1,1,1,1,1,0,0,0,0,0,0,0,0,0,0,,,,,,,,,,,,,,,,,,,,,,,,,,,,,,,,,,,,,,,,,,,,,,,,
8512,800,8054,8499,8511,1,0,0,0,0,0,0,0,0,0,0,0,0,0,0,1,1,1,1,1,1,1,1,1,1,1,1,1,1,1,1,1,1,1,1,1,1,1,1,1,1,0,0,0,0,0,0,0,0,,,,,,,,,,,,,,,,,,,,,,,,,,,,,,,,,,,,,,,,,,,,,,,,
8513,1200,8514,8502,,0,0,0,0,0,0,0,0,0,0,0,0,0,0,0,1,1,1,1,1,1,1,1,1,1,1,1,1,1,1,1,1,1,1,1,1,1,1,1,0,0,0,0,0,0,0,0,0,0,,,,,,,,,,,,,,,,,,,,,,,,,,,,,,,,,,,,,,,,,,,,,,,,
8514,800,8119,8076,8513,1,0,0,0,0,0,0,0,0,0,0,0,0,0,0,1,1,1,1,1,1,1,1,1,1,1,1,1,1,1,1,1,1,1,1,1,1,1,1,0,0,0,0,0,0,0,0,0,0,,,,,,,,,,,,,,,,,,,,,,,,,,,,,,,,,,,,,,,,,,,,,,,,
8515,4400,8348,15862,,0,67,67,70,70,49,49,53,53,62,62,67,67,186,186,910,910,1134,1134,1023,1023,977,977,900,900,812,812,861,861,864,864,851,851,886,886,939,939,854,854,524,524,336,336,227,227,165,165,84,84,,,,,,,,,,,,,,,,,,,,,,,,,,,,,,,,,,,,,,,,,,,,,,,,
8516,4400,15854,8147,15536;8163;8304,3,67,67,70,70,49,49,53,53,62,62,67,67,186,186,910,910,1134,1134,1023,1023,977,977,900,900,812,812,861,861,864,864,851,851,886,886,939,939,854,854,524,524,336,336,227,227,165,165,84,84,,,,,,,,,,,,,,,,,,,,,,,,,,,,,,,,,,,,,,,,,,,,,,,,
8517,1600,8518,,8350,1,0,0,0,0,0,0,0,0,0,0,0,0,0,0,3,3,4,4,4,4,4,4,3,3,3,3,3,3,3,3,3,3,3,3,4,4,3,3,1,1,1,1,1,1,0,0,0,0,,,,,,,,,,,,,,,,,,,,,,,,,,,,,,,,,,,,,,,,,,,,,,,,
8518,1200,8517,8106,8109,1,0,0,0,0,0,0,0,0,0,0,0,0,0,0,3,3,3,3,3,3,3,3,3,3,3,3,2,2,3,3,3,3,3,3,3,3,3,3,1,1,1,1,0,0,0,0,0,0,,,,,,,,,,,,,,,,,,,,,,,,,,,,,,,,,,,,,,,,,,,,,,,,
8519,1200,8110,8520,,0,0,0,0,0,0,0,0,0,0,0,0,0,0,0,2,2,3,3,3,3,3,3,2,2,2,2,2,2,2,2,2,2,2,2,2,2,2,2,1,1,1,1,0,0,0,0,0,0,,,,,,,,,,,,,,,,,,,,,,,,,,,,,,,,,,,,,,,,,,,,,,,,
8520,800,8519,8521,8135,1,0,0,0,0,0,0,0,0,0,0,0,0,0,0,3,3,3,3,3,3,3,3,2,2,2,2,2,2,2,2,2,2,2,2,3,3,3,3,1,1,1,1,0,0,0,0,0,0,,,,,,,,,,,,,,,,,,,,,,,,,,,,,,,,,,,,,,,,,,,,,,,,
8521,800,8522,8520,,0,0,0,0,0,0,0,0,0,0,0,0,0,0,0,2,2,3,3,3,3,3,3,2,2,2,2,2,2,2,2,2,2,2,2,3,3,2,2,1,1,1,1,0,0,0,0,0,0,,,,,,,,,,,,,,,,,,,,,,,,,,,,,,,,,,,,,,,,,,,,,,,,
8522,800,8521,8523,8140,1,0,0,0,0,0,0,0,0,0,0,0,0,0,0,3,3,3,3,3,3,3,3,2,2,2,2,2,2,2,2,2,2,2,2,3,3,3,3,1,1,1,1,0,0,0,0,0,0,,,,,,,,,,,,,,,,,,,,,,,,,,,,,,,,,,,,,,,,,,,,,,,,
8523,800,8524,8522,,0,0,0,0,0,0,0,0,0,0,0,0,0,0,0,3,3,4,4,3,3,3,3,3,3,3,3,3,3,3,3,3,3,3,3,3,3,3,3,1,1,1,1,1,1,0,0,0,0,,,,,,,,,,,,,,,,,,,,,,,,,,,,,,,,,,,,,,,,,,,,,,,,
8524,800,8523,8126,8143,1,0,0,0,0,0,0,0,0,0,0,0,0,0,0,3,3,4,4,4,4,4,4,3,3,3,3,3,3,3,3,3,3,3,3,4,4,3,3,1,1,1,1,1,1,0,0,0,0,,,,,,,,,,,,,,,,,,,,,,,,,,,,,,,,,,,,,,,,,,,,,,,,
8525,800,8526,8132,,0,0,0,0,0,0,0,0,0,0,0,0,0,0,0,4,4,5,5,4,4,4,4,4,4,4,4,4,4,4,4,4,4,4,4,4,4,4,4,2,2,1,1,1,1,0,0,0,0,,,,,,,,,,,,,,,,,,,,,,,,,,,,,,,,,,,,,,,,,,,,,,,,
8526,800,8525,8527,8135,1,0,0,0,0,0,0,0,0,0,0,0,0,0,0,2,2,3,3,3,3,3,3,2,2,2,2,2,2,2,2,2,2,2,2,3,3,2,2,1,1,1,1,0,0,0,0,0,0,,,,,,,,,,,,,,,,,,,,,,,,,,,,,,,,,,,,,,,,,,,,,,,,
8527,800,8526,8528,,0,0,0,0,0,0,0,0,0,0,0,0,0,0,0,3,3,3,3,3,3,3,3,2,2,2,2,2,2,2,2,2,2,3,3,3,3,3,3,1,1,1,1,0,0,0,0,0,0,,,,,,,,,,,,,,,,,,,,,,,,,,,,,,,,,,,,,,,,,,,,,,,,
8528,600,8144,8527,8140,1,0,0,0,0,0,0,0,0,0,0,0,0,0,0,2,2,3,3,3,3,3,3,2,2,2,2,2,2,2,2,2,2,2,2,3,3,2,2,1,1,0,0,0,0,0,0,0,0,,,,,,,,,,,,,,,,,,,,,,,,,,,,,,,,,,,,,,,,,,,,,,,,
8529,1600,8530,8083,8385,1,0,0,0,0,0,0,0,0,0,0,0,0,0,0,2,2,2,2,2,2,2,2,2,2,2,2,2,2,2,2,2,2,2,2,2,2,2,2,1,1,1,1,0,0,0,0,0,0,,,,,,,,,,,,,,,,,,,,,,,,,,,,,,,,,,,,,,,,,,,,,,,,
8530,1600,8531,8101,8529,1,0,0,0,0,0,0,0,0,0,0,0,0,0,0,3,3,4,4,4,4,4,4,3,3,3,3,3,3,3,3,3,3,3,3,4,4,3,3,1,1,1,1,1,1,0,0,0,0,,,,,,,,,,,,,,,,,,,,,,,,,,,,,,,,,,,,,,,,,,,,,,,,
8531,3000,8530,8532,,0,43,43,43,43,30,30,32,32,38,38,42,42,118,118,1164,1164,1290,1290,1228,1228,1223,1223,1109,1109,1075,1075,1026,1026,1104,1104,1130,1130,1119,1119,1202,1202,1164,1164,443,443,270,270,171,171,125,125,72,72,,,,,,,,,,,,,,,,,,,,,,,,,,,,,,,,,,,,,,,,,,,,,,,,
8532,2000,8109,8533,8531,1,43,43,43,43,30,30,32,32,38,38,42,42,118,118,1164,1164,1290,1290,1228,1228,1223,1223,1109,1109,1075,1075,1026,1026,1104,1104,1130,1130,1119,1119,1202,1202,1164,1164,443,443,270,270,171,171,125,125,72,72,,,,,,,,,,,,,,,,,,,,,,,,,,,,,,,,,,,,,,,,,,,,,,,,
8533,2500,8532,8534,,0,43,43,43,43,30,30,32,32,38,38,42,42,118,118,1164,1164,1290,1290,1228,1228,1223,1223,1109,1109,1075,1075,1026,1026,1104,1104,1130,1130,1119,1119,1202,1202,1164,1164,443,443,270,270,171,171,125,125,72,72,,,,,,,,,,,,,,,,,,,,,,,,,,,,,,,,,,,,,,,,,,,,,,,,
8534,2500,8126,8212,8533,1,43,43,43,43,30,30,32,32,38,38,42,42,118,118,1164,1164,1290,1290,1228,1228,1223,1223,1109,1109,1075,1075,1026,1026,1104,1104,1130,1130,1119,1119,1202,1202,1164,1164,443,443,270,270,171,171,125,125,72,72,,,,,,,,,,,,,,,,,,,,,,,,,,,,,,,,,,,,,,,,,,,,,,,,
8535,800,,8536,8212,1,0,0,0,0,0,0,0,0,0,0,0,0,0,0,2,2,2,2,2,2,2,2,2,2,2,2,2,2,2,2,2,2,2,2,2,2,2,2,1,1,0,0,0,0,0,0,0,0,,,,,,,,,,,,,,,,,,,,,,,,,,,,,,,,,,,,,,,,,,,,,,,,
8536,800,8535,8161,8152,1,0,0,0,0,0,0,0,0,0,0,0,0,0,0,3,3,3,3,3,3,3,3,3,3,3,3,3,3,3,3,3,3,3,3,3,3,3,3,1,1,1,1,0,0,0,0,0,0,,,,,,,,,,,,,,,,,,,,,,,,,,,,,,,,,,,,,,,,,,,,,,,,
8537,1600,8548,8540,,0,0,0,0,0,0,0,0,0,0,0,0,0,0,0,5,5,5,5,5,5,5,5,5,5,4,4,4,4,4,4,5,5,5,5,5,5,5,5,2,2,1,1,1,1,0,0,0,0,,,,,,,,,,,,,,,,,,,,,,,,,,,,,,,,,,,,,,,,,,,,,,,,
8538,2500,8543,8539,8170,1,49,49,50,50,35,35,38,38,44,44,48,48,134,134,1042,1042,1205,1205,1140,1140,1113,1113,1019,1019,953,953,965,965,985,985,1006,1006,1018,1018,1081,1081,1009,1009,422,422,265,265,174,174,127,127,68,68,,,,,,,,,,,,,,,,,,,,,,,,,,,,,,,,,,,,,,,,,,,,,,,,
8539,300,8540,8538,,0,0,0,0,0,0,0,0,0,0,0,0,0,1,1,7,7,8,8,7,7,7,7,6,6,6,6,6,6,6,6,6,6,7,7,7,7,6,6,2,2,1,1,1,1,1,1,0,0,,,,,,,,,,,,,,,,,,,,,,,,,,,,,,,,,,,,,,,,,,,,,,,,
8540,2500,8539,8537,8161,1,67,67,70,70,49,49,53,53,62,62,67,67,186,186,910,910,1134,1134,1023,1023,977,977,900,900,812,812,861,861,864,864,851,851,886,886,939,939,854,854,524,524,336,336,227,227,165,165,84,84,,,,,,,,,,,,,,,,,,,,,,,,,,,,,,,,,,,,,,,,,,,,,,,,
8541,1200,8542,8305,,0,0,0,0,0,0,0,0,0,0,0,0,0,0,0,2,2,3,3,2,2,2,2,2,2,2,2,2,2,2,2,2,2,2,2,2,2,2,2,1,1,0,0,0,0,0,0,0,0,,,,,,,,,,,,,,,,,,,,,,,,,,,,,,,,,,,,,,,,,,,,,,,,
8542,1200,8170,8541,8172,1,0,0,0,0,0,0,0,0,0,0,0,0,0,0,3,3,4,4,3,3,3,3,3,3,3,3,3,3,3,3,3,3,3,3,3,3,3,3,1,1,1,1,0,0,0,0,0,0,,,,,,,,,,,,,,,,,,,,,,,,,,,,,,,,,,,,,,,,,,,,,,,,
8543,1600,8544,8538,,0,0,0,0,0,0,0,0,0,0,0,0,0,1,1,5,5,6,6,6,6,6,6,5,5,5,5,5,5,5,5,5,5,5,5,6,6,5,5,2,2,1,1,1,1,1,1,0,0,,,,,,,,,,,,,,,,,,,,,,,,,,,,,,,,,,,,,,,,,,,,,,,,
8544,2750,8543,8163,8155,1,49,49,50,50,35,35,38,38,44,44,48,48,134,134,1042,1042,1205,1205,1140,1140,1113,1113,1019,1019,953,953,965,965,985,985,1006,1006,1018,1018,1081,1081,1009,1009,422,422,265,265,174,174,127,127,68,68,,,,,,,,,,,,,,,,,,,,,,,,,,,,,,,,,,,,,,,,,,,,,,,,
8545,1600,8546,8317,,0,0,0,0,0,0,0,0,0,0,0,0,0,1,1,5,5,6,6,6,6,5,5,5,5,5,5,5,5,5,5,5,5,5,5,6,6,5,5,2,2,1,1,1,1,1,1,0,0,,,,,,,,,,,,,,,,,,,,,,,,,,,,,,,,,,,,,,,,,,,,,,,,
8546,300,8168,8547,8545,1,0,0,0,0,0,0,0,0,0,0,0,0,1,1,6,6,7,7,6,6,6,6,6,6,5,5,6,6,6,6,6,6,6,6,6,6,6,6,2,2,1,1,1,1,1,1,0,0,,,,,,,,,,,,,,,,,,,,,,,,,,,,,,,,,,,,,,,,,,,,,,,,
8547,3500,8546,8548,,0,49,49,50,50,35,35,38,38,44,44,48,48,134,134,1042,1042,1205,1205,1140,1140,1113,1113,1019,1019,953,953,965,965,985,985,1006,1006,1018,1018,1081,1081,1009,1009,422,422,265,265,174,174,127,127,68,68,,,,,,,,,,,,,,,,,,,,,,,,,,,,,,,,,,,,,,,,,,,,,,,,
8548,3000,8547,8537,8212,1,49,49,50,50,35,35,38,38,44,44,48,48,134,134,1042,1042,1205,1205,1140,1140,1113,1113,1019,1019,953,953,965,965,985,985,1006,1006,1018,1018,1081,1081,1009,1009,422,422,265,265,174,174,127,127,68,68,,,,,,,,,,,,,,,,,,,,,,,,,,,,,,,,,,,,,,,,,,,,,,,,
8549,1600,8550,8386,,0,0,0,0,0,0,0,0,0,0,0,0,0,0,0,1,1,1,1,1,1,1,1,1,1,1,1,1,1,1,1,1,1,1,1,1,1,1,1,0,0,0,0,0,0,0,0,0,0,,,,,,,,,,,,,,,,,,,,,,,,,,,,,,,,,,,,,,,,,,,,,,,,
8550,800,8549,8551,8107,1,0,0,0,0,0,0,0,0,0,0,0,0,0,0,0,0,0,0,0,0,0,0,0,0,0,0,0,0,0,0,0,0,0,0,0,0,0,0,0,0,0,0,0,0,0,0,0,0,,,,,,,,,,,,,,,,,,,,,,,,,,,,,,,,,,,,,,,,,,,,,,,,
8551,1600,8550,8552,,0,0,0,0,0,0,0,0,0,0,0,0,0,0,0,1,1,1,1,1,1,1,1,1,1,1,1,0,0,1,1,1,1,1,1,1,1,1,1,0,0,0,0,0,0,0,0,0,0,,,,,,,,,,,,,,,,,,,,,,,,,,,,,,,,,,,,,,,,,,,,,,,,
8552,800,8551,8553,8123,1,0,0,0,0,0,0,0,0,0,0,0,0,0,0,2,2,2,2,2,2,2,2,2,2,2,2,2,2,2,2,2,2,2,2,2,2,2,2,1,1,0,0,0,0,0,0,0,0,,,,,,,,,,,,,,,,,,,,,,,,,,,,,,,,,,,,,,,,,,,,,,,,
8553,1200,8554,8552,,0,0,0,0,0,0,0,0,0,0,0,0,0,0,0,4,4,5,5,4,4,4,4,4,4,4,4,4,4,4,4,4,4,4,4,4,4,4,4,2,2,1,1,1,1,0,0,0,0,,,,,,,,,,,,,,,,,,,,,,,,,,,,,,,,,,,,,,,,,,,,,,,,
8554,1200,8555,8553,8243,1,0,0,0,0,0,0,0,0,0,0,0,0,0,0,0,0,0,0,0,0,0,0,0,0,0,0,0,0,0,0,0,0,0,0,0,0,0,0,0,0,0,0,0,0,0,0,0,0,,,,,,,,,,,,,,,,,,,,,,,,,,,,,,,,,,,,,,,,,,,,,,,,
8555,1600,8556,8554,,0,0,0,0,0,0,0,0,0,0,0,0,0,0,0,1,1,1,1,1,1,1,1,1,1,0,0,0,0,0,0,0,0,1,1,1,1,0,0,0,0,0,0,0,0,0,0,0,0,,,,,,,,,,,,,,,,,,,,,,,,,,,,,,,,,,,,,,,,,,,,,,,,
8556,800,8555,8142,8557,1,0,0,0,0,0,0,0,0,0,0,0,0,0,0,1,1,1,1,1,1,1,1,1,1,1,1,1,1,1,1,1,1,1,1,1,1,1,1,0,0,0,0,0,0,0,0,0,0,,,,,,,,,,,,,,,,,,,,,,,,,,,,,,,,,,,,,,,,,,,,,,,,
8557,1600,8558,8556,,0,0,0,0,0,0,0,0,0,0,0,0,0,0,0,1,1,1,1,1,1,1,1,1,1,1,1,1,1,1,1,1,1,1,1,1,1,1,1,0,0,0,0,0,0,0,0,0,0,,,,,,,,,,,,,,,,,,,,,,,,,,,,,,,,,,,,,,,,,,,,,,,,
8558,800,8162,8157,8557,1,0,0,0,0,0,0,0,0,0,0,0,0,0,0,1,1,1,1,1,1,1,1,1,1,1,1,1,1,1,1,1,1,1,1,1,1,1,1,0,0,0,0,0,0,0,0,0,0,,,,,,,,,,,,,,,,,,,,,,,,,,,,,,,,,,,,,,,,,,,,,,,,
8559,1600,8560,8594,,0,0,0,0,0,0,0,0,0,0,0,0,0,0,0,2,2,3,3,3,3,3,3,2,2,2,2,2,2,2,2,2,2,2,2,2,2,2,2,1,1,1,1,0,0,0,0,0,0,,,,,,,,,,,,,,,,,,,,,,,,,,,,,,,,,,,,,,,,,,,,,,,,
8560,300,8158,8162,8559,1,0,0,0,0,0,0,0,0,0,0,0,0,0,0,2,2,2,2,2,2,2,2,2,2,2,2,2,2,2,2,2,2,2,2,2,2,2,2,1,1,0,0,0,0,0,0,0,0,,,,,,,,,,,,,,,,,,,,,,,,,,,,,,,,,,,,,,,,,,,,,,,,
8561,4400,8562,8097,,0,21,21,20,20,14,14,14,14,17,17,20,20,56,56,1240,1240,1312,1312,1316,1316,1316,1316,1198,1198,1166,1166,1120,1120,1166,1166,1239,1239,1215,1215,1293,1293,1242,1242,268,268,158,158,95,95,70,70,44,44,,,,,,,,,,,,,,,,,,,,,,,,,,,,,,,,,,,,,,,,,,,,,,,,
8562,1200,8567,8102,8561;8137,2,0,0,0,0,0,0,0,0,0,0,0,0,0,0,1,1,1,1,1,1,1,1,1,1,1,1,1,1,1,1,1,1,1,1,1,1,1,1,0,0,0,0,0,0,0,0,0,0,,,,,,,,,,,,,,,,,,,,,,,,,,,,,,,,,,,,,,,,,,,,,,,,
8563,4400,8566,8139,,0,21,21,20,20,14,14,14,14,17,17,20,20,56,56,1240,1240,1312,1312,1316,1316,1316,1316,1198,1198,1166,1166,1120,1120,1166,1166,1239,1239,1215,1215,1293,1293,1242,1242,268,268,158,158,95,95,70,70,44,44,,,,,,,,,,,,,,,,,,,,,,,,,,,,,,,,,,,,,,,,,,,,,,,,
8564,800,8419,8134,8137;8565,2,0,0,0,0,0,0,0,0,0,0,0,0,0,0,2,2,2,2,2,2,2,2,1,1,1,1,1,1,1,1,1,1,1,1,2,2,2,2,1,1,0,0,0,0,0,0,0,0,,,,,,,,,,,,,,,,,,,,,,,,,,,,,,,,,,,,,,,,,,,,,,,,
8565,4400,8566,8564,,0,21,21,20,20,14,14,14,14,17,17,20,20,56,56,1240,1240,1312,1312,1316,1316,1316,1316,1198,1198,1166,1166,1120,1120,1166,1166,1239,1239,1215,1215,1293,1293,1242,1242,268,268,158,158,95,95,70,70,44,44,,,,,,,,,,,,,,,,,,,,,,,,,,,,,,,,,,,,,,,,,,,,,,,,
8566,800,8141,8563,8565,1,0,0,0,0,0,0,0,0,0,0,0,0,0,0,2,2,2,2,2,2,2,2,2,2,2,2,2,2,2,2,2,2,2,2,2,2,2,2,1,1,0,0,0,0,0,0,0,0,,,,,,,,,,,,,,,,,,,,,,,,,,,,,,,,,,,,,,,,,,,,,,,,
8567,800,8562,8568,,0,0,0,0,0,0,0,0,0,0,0,0,0,0,0,2,2,2,2,2,2,2,2,1,1,1,1,1,1,1,1,1,1,1,1,2,2,2,2,1,1,0,0,0,0,0,0,0,0,,,,,,,,,,,,,,,,,,,,,,,,,,,,,,,,,,,,,,,,,,,,,,,,
8568,800,8129,8567,8148,1,0,0,0,0,0,0,0,0,0,0,0,0,0,0,2,2,2,2,2,2,2,2,2,2,2,2,2,2,2,2,2,2,2,2,2,2,2,2,1,1,0,0,0,0,0,0,0,0,,,,,,,,,,,,,,,,,,,,,,,,,,,,,,,,,,,,,,,,,,,,,,,,
8569,800,8572,8592,,0,0,0,0,0,0,0,0,0,0,0,0,0,0,0,1,1,1,1,1,1,1,1,1,1,1,1,1,1,1,1,1,1,1,1,1,1,1,1,0,0,0,0,0,0,0,0,0,0,,,,,,,,,,,,,,,,,,,,,,,,,,,,,,,,,,,,,,,,,,,,,,,,
8570,400,8571,8148,8134,1,0,0,0,0,0,0,0,0,0,0,0,0,0,0,2,2,2,2,2,2,2,2,2,2,2,2,2,2,2,2,2,2,2,2,2,2,2,2,1,1,0,0,0,0,0,0,0,0,,,,,,,,,,,,,,,,,,,,,,,,,,,,,,,,,,,,,,,,,,,,,,,,
8571,800,8572,8570,,0,0,0,0,0,0,0,0,0,0,0,0,0,0,0,1,1,2,2,2,2,1,1,1,1,1,1,1,1,1,1,1,1,1,1,1,1,1,1,0,0,0,0,0,0,0,0,0,0,,,,,,,,,,,,,,,,,,,,,,,,,,,,,,,,,,,,,,,,,,,,,,,,
8572,400,8571,8569,8141;8149,2,0,0,0,0,0,0,0,0,0,0,0,0,0,0,1,1,1,1,1,1,1,1,1,1,1,1,1,1,1,1,1,1,1,1,1,1,1,1,0,0,0,0,0,0,0,0,0,0,,,,,,,,,,,,,,,,,,,,,,,,,,,,,,,,,,,,,,,,,,,,,,,,
8573,800,8427,8574,,0,0,0,0,0,0,0,0,0,0,0,0,0,0,0,1,1,1,1,1,1,1,1,1,1,1,1,1,1,1,1,1,1,1,1,1,1,1,1,0,0,0,0,0,0,0,0,0,0,,,,,,,,,,,,,,,,,,,,,,,,,,,,,,,,,,,,,,,,,,,,,,,,
8574,800,8575,8096,8573,1,0,0,0,0,0,0,0,0,0,0,0,0,0,0,1,1,1,1,1,1,1,1,1,1,1,1,1,1,1,1,1,1,1,1,1,1,1,1,1,1,0,0,0,0,0,0,0,0,,,,,,,,,,,,,,,,,,,,,,,,,,,,,,,,,,,,,,,,,,,,,,,,
8575,300,8576,8574,,0,0,0,0,0,0,0,0,0,0,0,0,0,0,0,1,1,2,2,2,2,2,2,1,1,1,1,1,1,1,1,1,1,1,1,2,2,1,1,1,1,0,0,0,0,0,0,0,0,,,,,,,,,,,,,,,,,,,,,,,,,,,,,,,,,,,,,,,,,,,,,,,,
8576,800,8575,8419,8581,1,0,0,0,0,0,0,0,0,0,0,0,0,0,0,2,2,2,2,2,2,2,2,2,2,1,1,1,1,1,1,2,2,2,2,2,2,2,2,1,1,0,0,0,0,0,0,0,0,,,,,,,,,,,,,,,,,,,,,,,,,,,,,,,,,,,,,,,,,,,,,,,,
8577,300,8578,8434,,0,0,0,0,0,0,0,0,0,0,0,0,0,0,0,1,1,1,1,1,1,1,1,1,1,1,1,1,1,1,1,1,1,1,1,1,1,1,1,0,0,0,0,0,0,0,0,0,0,,,,,,,,,,,,,,,,,,,,,,,,,,,,,,,,,,,,,,,,,,,,,,,,
8578,300,8104,8577,8437,1,0,0,0,0,0,0,0,0,0,0,0,0,0,0,1,1,1,1,1,1,1,1,0,0,0,0,0,0,0,0,0,0,0,0,1,1,1,1,0,0,0,0,0,0,0,0,0,0,,,,,,,,,,,,,,,,,,,,,,,,,,,,,,,,,,,,,,,,,,,,,,,,
8579,300,,8580,,0,0,0,0,0,0,0,0,0,0,0,0,0,0,0,0,0,1,1,1,1,1,1,0,0,0,0,0,0,0,0,0,0,0,0,0,0,0,0,0,0,0,0,0,0,0,0,0,0,,,,,,,,,,,,,,,,,,,,,,,,,,,,,,,,,,,,,,,,,,,,,,,,
8580,300,8114,8579,8104,1,0,0,0,0,0,0,0,0,0,0,0,0,0,0,1,1,1,1,1,1,1,1,0,0,0,0,0,0,0,0,0,0,0,0,1,1,0,0,0,0,0,0,0,0,0,0,0,0,,,,,,,,,,,,,,,,,,,,,,,,,,,,,,,,,,,,,,,,,,,,,,,,
8581,2000,8576,8582,,0,21,21,20,20,14,14,14,14,17,17,20,20,56,56,1240,1240,1312,1312,1316,1316,1316,1316,1198,1198,1166,1166,1120,1120,1166,1166,1239,1239,1215,1215,1293,1293,1242,1242,268,268,158,158,95,95,70,70,44,44,,,,,,,,,,,,,,,,,,,,,,,,,,,,,,,,,,,,,,,,,,,,,,,,
8582,300,8105,8117,8581,1,0,0,0,0,0,0,0,0,0,0,0,0,0,0,2,2,2,2,2,2,2,2,2,2,2,2,1,1,2,2,2,2,2,2,2,2,2,2,1,1,0,0,0,0,0,0,0,0,,,,,,,,,,,,,,,,,,,,,,,,,,,,,,,,,,,,,,,,,,,,,,,,
8583,300,8438,8584,,0,0,0,0,0,0,0,0,0,0,0,0,0,0,0,1,1,1,1,1,1,1,1,1,1,1,1,1,1,1,1,1,1,1,1,1,1,1,1,0,0,0,0,0,0,0,0,0,0,,,,,,,,,,,,,,,,,,,,,,,,,,,,,,,,,,,,,,,,,,,,,,,,
8584,300,8583,8108,8094,1,0,0,0,0,0,0,0,0,0,0,0,0,0,0,1,1,1,1,1,1,1,1,1,1,1,1,1,1,1,1,1,1,1,1,1,1,1,1,0,0,0,0,0,0,0,0,0,0,,,,,,,,,,,,,,,,,,,,,,,,,,,,,,,,,,,,,,,,,,,,,,,,
8585,2500,8586,8500,,0,21,21,20,20,14,14,14,14,17,17,20,20,56,56,1240,1240,1312,1312,1316,1316,1316,1316,1198,1198,1166,1166,1120,1120,1166,1166,1239,1239,1215,1215,1293,1293,1242,1242,268,268,158,158,95,95,70,70,44,44,,,,,,,,,,,,,,,,,,,,,,,,,,,,,,,,,,,,,,,,,,,,,,,,
8586,1000,8587,8585,8447,1,21,21,20,20,14,14,14,14,17,17,20,20,56,56,1240,1240,1312,1312,1316,1316,1316,1316,1198,1198,1166,1166,1120,1120,1166,1166,1239,1239,1215,1215,1293,1293,1242,1242,268,268,158,158,95,95,70,70,44,44,,,,,,,,,,,,,,,,,,,,,,,,,,,,,,,,,,,,,,,,,,,,,,,,
8587,1500,8588,8586,,0,21,21,20,20,14,14,14,14,17,17,20,20,56,56,1240,1240,1312,1312,1316,1316,1316,1316,1198,1198,1166,1166,1120,1120,1166,1166,1239,1239,1215,1215,1293,1293,1242,1242,268,268,158,158,95,95,70,70,44,44,,,,,,,,,,,,,,,,,,,,,,,,,,,,,,,,,,,,,,,,,,,,,,,,
8588,800,8587,8589,8121,1,0,0,0,0,0,0,0,0,0,0,0,0,0,0,1,1,1,1,1,1,1,1,1,1,1,1,1,1,1,1,1,1,1,1,1,1,1,1,1,1,0,0,0,0,0,0,0,0,,,,,,,,,,,,,,,,,,,,,,,,,,,,,,,,,,,,,,,,,,,,,,,,
8589,800,8588,8590,,0,0,0,0,0,0,0,0,0,0,0,0,0,0,0,1,1,1,1,1,1,1,1,1,1,1,1,1,1,1,1,1,1,1,1,1,1,1,1,0,0,0,0,0,0,0,0,0,0,,,,,,,,,,,,,,,,,,,,,,,,,,,,,,,,,,,,,,,,,,,,,,,,
8590,600,8589,8108,8116,1,0,0,0,0,0,0,0,0,0,0,0,0,0,0,1,1,1,1,1,1,1,1,1,1,1,1,1,1,1,1,1,1,1,1,1,1,1,1,0,0,0,0,0,0,0,0,0,0,,,,,,,,,,,,,,,,,,,,,,,,,,,,,,,,,,,,,,,,,,,,,,,,
8591,1200,8592,8139,,0,0,0,0,0,0,0,0,0,0,0,0,0,0,0,1,1,1,1,1,1,1,1,1,1,1,1,1,1,1,1,1,1,1,1,1,1,1,1,0,0,0,0,0,0,0,0,0,0,,,,,,,,,,,,,,,,,,,,,,,,,,,,,,,,,,,,,,,,,,,,,,,,
8592,800,8569,8591,8154,1,0,0,0,0,0,0,0,0,0,0,0,0,0,0,1,1,1,1,1,1,1,1,1,1,1,1,1,1,1,1,1,1,1,1,1,1,1,1,0,0,0,0,0,0,0,0,0,0,,,,,,,,,,,,,,,,,,,,,,,,,,,,,,,,,,,,,,,,,,,,,,,,
8593,1200,8594,8159,,0,0,0,0,0,0,0,0,0,0,0,0,0,0,0,3,3,3,3,3,3,3,3,3,3,2,2,2,2,2,2,3,3,3,3,3,3,2,2,1,1,1,1,0,0,0,0,0,0,,,,,,,,,,,,,,,,,,,,,,,,,,,,,,,,,,,,,,,,,,,,,,,,
8594,1600,8559,8593,8595,1,0,0,0,0,0,0,0,0,0,0,0,0,0,0,3,3,4,4,3,3,3,3,3,3,3,3,3,3,3,3,3,3,3,3,3,3,3,3,1,1,1,1,0,0,0,0,0,0,,,,,,,,,,,,,,,,,,,,,,,,,,,,,,,,,,,,,,,,,,,,,,,,
8595,2500,8596,8594,,0,34,34,35,35,24,24,26,26,31,31,34,34,93,93,1024,1024,1168,1168,1154,1154,1117,1117,1034,1034,948,948,1003,1003,958,958,1015,1015,1030,1030,1075,1075,972,972,262,262,168,168,114,114,82,82,42,42,,,,,,,,,,,,,,,,,,,,,,,,,,,,,,,,,,,,,,,,,,,,,,,,
8596,1600,8262,8597,8595,1,0,0,0,0,0,0,0,0,0,0,0,0,0,0,3,3,3,3,3,3,3,3,3,3,3,3,3,3,3,3,3,3,3,3,3,3,3,3,1,1,1,1,0,0,0,0,0,0,,,,,,,,,,,,,,,,,,,,,,,,,,,,,,,,,,,,,,,,,,,,,,,,
8597,1600,8598,8596,,0,0,0,0,0,0,0,0,0,0,0,0,0,0,0,2,2,3,3,3,3,3,3,2,2,2,2,2,2,2,2,2,2,2,2,2,2,2,2,1,1,1,1,0,0,0,0,0,0,,,,,,,,,,,,,,,,,,,,,,,,,,,,,,,,,,,,,,,,,,,,,,,,
8598,400,8597,8169,8173,1,0,0,0,0,0,0,0,0,0,0,0,0,0,0,2,2,2,2,2,2,2,2,2,2,2,2,2,2,2,2,2,2,2,2,2,2,2,2,1,1,0,0,0,0,0,0,0,0,,,,,,,,,,,,,,,,,,,,,,,,,,,,,,,,,,,,,,,,,,,,,,,,
8599,1200,8159,8600,,0,0,0,0,0,0,0,0,0,0,0,0,0,0,0,1,1,2,2,2,2,1,1,1,1,1,1,1,1,1,1,1,1,1,1,1,1,1,1,0,0,0,0,0,0,0,0,0,0,,,,,,,,,,,,,,,,,,,,,,,,,,,,,,,,,,,,,,,,,,,,,,,,
86,2500,90,71,,0,67,67,70,70,49,49,53,53,62,62,67,67,186,186,910,910,1134,1134,1023,1023,977,977,900,900,812,812,861,861,864,864,851,851,886,886,939,939,854,854,524,524,336,336,227,227,165,165,84,84,,,,,,,,,,,,,,,,,,,,,,,,,,,,,,,,,,,,,,,,,,,,,,,,
8600,400,8169,8164,8599,1,0,0,0,0,0,0,0,0,0,0,0,0,0,0,1,1,1,1,1,1,1,1,1,1,1,1,1,1,1,1,1,1,1,1,1,1,1,1,0,0,0,0,0,0,0,0,0,0,,,,,,,,,,,,,,,,,,,,,,,,,,,,,,,,,,,,,,,,,,,,,,,,
8601,1200,8602,8174,,0,0,0,0,0,0,0,0,0,0,0,0,0,0,0,1,1,1,1,1,1,1,1,1,1,1,1,1,1,1,1,1,1,1,1,1,1,1,1,0,0,0,0,0,0,0,0,0,0,,,,,,,,,,,,,,,,,,,,,,,,,,,,,,,,,,,,,,,,,,,,,,,,
8602,800,8601,8171,8164,1,0,0,0,0,0,0,0,0,0,0,0,0,0,0,1,1,1,1,1,1,1,1,1,1,1,1,1,1,1,1,1,1,1,1,1,1,1,1,0,0,0,0,0,0,0,0,0,0,,,,,,,,,,,,,,,,,,,,,,,,,,,,,,,,,,,,,,,,,,,,,,,,
8603,4400,8139,8604,,0,0,0,0,0,0,0,0,0,0,0,0,0,0,0,1138,1138,1201,1201,1284,1284,1257,1257,1168,1168,1084,1084,1145,1145,1051,1051,1179,1179,1173,1173,1211,1211,1091,1091,0,0,0,0,0,0,0,0,0,0,,,,,,,,,,,,,,,,,,,,,,,,,,,,,,,,,,,,,,,,,,,,,,,,
8604,800,8605,8160,8603,1,0,0,0,0,0,0,0,0,0,0,0,0,0,0,3,3,4,4,3,3,3,3,3,3,3,3,3,3,3,3,3,3,3,3,3,3,3,3,1,1,1,1,0,0,0,0,0,0,,,,,,,,,,,,,,,,,,,,,,,,,,,,,,,,,,,,,,,,,,,,,,,,
8605,4400,8604,8606,,0,34,34,35,35,24,24,26,26,31,31,34,34,93,93,1024,1024,1168,1168,1154,1154,1117,1117,1034,1034,948,948,1003,1003,958,958,1015,1015,1030,1030,1075,1075,972,972,262,262,168,168,114,114,82,82,42,42,,,,,,,,,,,,,,,,,,,,,,,,,,,,,,,,,,,,,,,,,,,,,,,,
8606,1200,8145,8171,8605;8607,2,0,0,0,0,0,0,0,0,0,0,0,0,0,0,3,3,4,4,3,3,3,3,3,3,3,3,3,3,3,3,3,3,3,3,3,3,3,3,1,1,1,1,0,0,0,0,0,0,,,,,,,,,,,,,,,,,,,,,,,,,,,,,,,,,,,,,,,,,,,,,,,,
8607,4400,8606,8608,,0,34,34,35,35,24,24,26,26,31,31,34,34,93,93,1024,1024,1168,1168,1154,1154,1117,1117,1034,1034,948,948,1003,1003,958,958,1015,1015,1030,1030,1075,1075,972,972,262,262,168,168,114,114,82,82,42,42,,,,,,,,,,,,,,,,,,,,,,,,,,,,,,,,,,,,,,,,,,,,,,,,
8608,4400,8607,8609,8150;8166;8176,3,34,34,35,35,24,24,26,26,31,31,34,34,93,93,1024,1024,1168,1168,1154,1154,1117,1117,1034,1034,948,948,1003,1003,958,958,1015,1015,1030,1030,1075,1075,972,972,262,262,168,168,114,114,82,82,42,42,,,,,,,,,,,,,,,,,,,,,,,,,,,,,,,,,,,,,,,,,,,,,,,,
8609,4400,8608,8610,,0,34,34,35,35,24,24,26,26,31,31,34,34,93,93,1024,1024,1168,1168,1154,1154,1117,1117,1034,1034,948,948,1003,1003,958,958,1015,1015,1030,1030,1075,1075,972,972,262,262,168,168,114,114,82,82,42,42,,,,,,,,,,,,,,,,,,,,,,,,,,,,,,,,,,,,,,,,,,,,,,,,
8610,1200,8611,8613,8609,1,0,0,0,0,0,0,0,0,0,0,0,0,0,0,2,2,2,2,2,2,2,2,2,2,2,2,2,2,2,2,2,2,2,2,2,2,2,2,1,1,0,0,0,0,0,0,0,0,,,,,,,,,,,,,,,,,,,,,,,,,,,,,,,,,,,,,,,,,,,,,,,,
8611,800,8612,8610,,0,0,0,0,0,0,0,0,0,0,0,0,0,0,0,2,2,2,2,2,2,2,2,2,2,2,2,2,2,2,2,2,2,2,2,2,2,2,2,1,1,0,0,0,0,0,0,0,0,,,,,,,,,,,,,,,,,,,,,,,,,,,,,,,,,,,,,,,,,,,,,,,,
8612,800,,8611,8165,1,0,0,0,0,0,0,0,0,0,0,0,0,0,0,1,1,2,2,2,2,2,2,1,1,1,1,1,1,1,1,1,1,1,1,1,1,1,1,1,1,0,0,0,0,0,0,0,0,,,,,,,,,,,,,,,,,,,,,,,,,,,,,,,,,,,,,,,,,,,,,,,,
8613,800,8610,8614,,0,0,0,0,0,0,0,0,0,0,0,0,0,0,0,2,2,2,2,2,2,2,2,2,2,2,2,2,2,2,2,2,2,2,2,2,2,2,2,1,1,0,0,0,0,0,0,0,0,,,,,,,,,,,,,,,,,,,,,,,,,,,,,,,,,,,,,,,,,,,,,,,,
8614,800,8613,,8138,1,0,0,0,0,0,0,0,0,0,0,0,0,0,0,2,2,2,2,2,2,2,2,2,2,2,2,2,2,2,2,2,2,2,2,2,2,2,2,1,1,0,0,0,0,0,0,0,0,,,,,,,,,,,,,,,,,,,,,,,,,,,,,,,,,,,,,,,,,,,,,,,,
8615,3500,8384,8616,,0,43,43,43,43,30,30,32,32,38,38,42,42,118,118,1164,1164,1290,1290,1228,1228,1223,1223,1109,1109,1075,1075,1026,1026,1104,1104,1130,1130,1119,1119,1202,1202,1164,1164,443,443,270,270,171,171,125,125,72,72,,,,,,,,,,,,,,,,,,,,,,,,,,,,,,,,,,,,,,,,,,,,,,,,
8616,300,8617,7975,8615,1,0,0,0,0,0,0,0,0,0,0,0,0,0,0,3,3,4,4,3,3,3,3,3,3,3,3,3,3,3,3,3,3,3,3,3,3,3,3,1,1,1,1,1,1,0,0,0,0,,,,,,,,,,,,,,,,,,,,,,,,,,,,,,,,,,,,,,,,,,,,,,,,
8617,3000,8616,8618,,0,43,43,43,43,30,30,32,32,38,38,42,42,118,118,1164,1164,1290,1290,1228,1228,1223,1223,1109,1109,1075,1075,1026,1026,1104,1104,1130,1130,1119,1119,1202,1202,1164,1164,443,443,270,270,171,171,125,125,72,72,,,,,,,,,,,,,,,,,,,,,,,,,,,,,,,,,,,,,,,,,,,,,,,,
8618,300,7963,8619,8617,1,0,0,0,0,0,0,0,0,0,0,0,0,0,0,4,4,4,4,4,4,4,4,3,3,3,3,3,3,3,3,3,3,3,3,4,4,4,4,1,1,1,1,1,1,0,0,0,0,,,,,,,,,,,,,,,,,,,,,,,,,,,,,,,,,,,,,,,,,,,,,,,,
8619,4400,18619,8618,,0,36,36,36,36,26,26,27,27,32,32,35,35,99,99,1130,1130,1253,1253,1218,1218,1203,1203,1099,1099,1048,1048,1034,1034,1066,1066,1110,1110,1105,1105,1175,1175,1113,1113,353,353,217,217,139,139,102,102,57,57,,,,,,,,,,,,,,,,,,,,,,,,,,,,,,,,,,,,,,,,,,,,,,,,
8620,1600,7965,8621,,0,0,0,0,0,0,0,0,0,0,0,0,0,0,0,4,4,4,4,4,4,4,4,4,4,4,4,3,3,4,4,4,4,4,4,4,4,4,4,2,2,1,1,1,1,0,0,0,0,,,,,,,,,,,,,,,,,,,,,,,,,,,,,,,,,,,,,,,,,,,,,,,,
8621,500,8622,8008,8620,1,43,43,43,43,30,30,32,32,38,38,42,42,118,118,1164,1164,1290,1290,1228,1228,1223,1223,1109,1109,1075,1075,1026,1026,1104,1104,1130,1130,1119,1119,1202,1202,1164,1164,443,443,270,270,171,171,125,125,72,72,,,,,,,,,,,,,,,,,,,,,,,,,,,,,,,,,,,,,,,,,,,,,,,,
8622,500,8623,8621,,0,43,43,43,43,30,30,32,32,38,38,42,42,118,118,1164,1164,1290,1290,1228,1228,1223,1223,1109,1109,1075,1075,1026,1026,1104,1104,1130,1130,1119,1119,1202,1202,1164,1164,443,443,270,270,171,171,125,125,72,72,,,,,,,,,,,,,,,,,,,,,,,,,,,,,,,,,,,,,,,,,,,,,,,,
8623,400,8622,7975,7993,1,0,0,0,0,0,0,0,0,0,0,0,0,0,0,4,4,5,5,4,4,4,4,4,4,4,4,4,4,4,4,4,4,4,4,4,4,4,4,2,2,1,1,1,1,0,0,0,0,,,,,,,,,,,,,,,,,,,,,,,,,,,,,,,,,,,,,,,,,,,,,,,,
8624,800,8625,8404,,0,0,0,0,0,0,0,0,0,0,0,0,0,0,0,2,2,2,2,2,2,2,2,2,2,2,2,2,2,2,2,2,2,2,2,2,2,2,2,1,1,0,0,0,0,0,0,0,0,,,,,,,,,,,,,,,,,,,,,,,,,,,,,,,,,,,,,,,,,,,,,,,,
8625,800,8624,8027,7971,1,0,0,0,0,0,0,0,0,0,0,0,0,0,0,1,1,1,1,1,1,1,1,1,1,1,1,1,1,1,1,1,1,1,1,1,1,1,1,1,1,0,0,0,0,0,0,0,0,,,,,,,,,,,,,,,,,,,,,,,,,,,,,,,,,,,,,,,,,,,,,,,,
8626,2500,8629,8627,,0,43,43,43,43,30,30,32,32,38,38,42,42,118,118,1164,1164,1290,1290,1228,1228,1223,1223,1109,1109,1075,1075,1026,1026,1104,1104,1130,1130,1119,1119,1202,1202,1164,1164,443,443,270,270,171,171,125,125,72,72,,,,,,,,,,,,,,,,,,,,,,,,,,,,,,,,,,,,,,,,,,,,,,,,
8627,800,7981,8626,8023,1,0,0,0,0,0,0,0,0,0,0,0,0,0,0,2,2,2,2,2,2,2,2,2,2,2,2,2,2,2,2,2,2,2,2,2,2,2,2,1,1,1,1,0,0,0,0,0,0,,,,,,,,,,,,,,,,,,,,,,,,,,,,,,,,,,,,,,,,,,,,,,,,
8628,3000,8629,7953,,0,43,43,43,43,30,30,32,32,38,38,42,42,118,118,1164,1164,1290,1290,1228,1228,1223,1223,1109,1109,1075,1075,1026,1026,1104,1104,1130,1130,1119,1119,1202,1202,1164,1164,443,443,270,270,171,171,125,125,72,72,,,,,,,,,,,,,,,,,,,,,,,,,,,,,,,,,,,,,,,,,,,,,,,,
8629,800,7962,8628,8626,1,0,0,0,0,0,0,0,0,0,0,0,0,0,0,3,3,4,4,4,4,4,4,3,3,3,3,3,3,3,3,3,3,3,3,3,3,3,3,1,1,1,1,1,1,0,0,0,0,,,,,,,,,,,,,,,,,,,,,,,,,,,,,,,,,,,,,,,,,,,,,,,,
8630,1200,7953,,8631,1,0,0,0,0,0,0,0,0,0,0,0,0,0,0,3,3,3,3,3,3,3,3,3,3,2,2,2,2,3,3,3,3,3,3,3,3,3,3,1,1,1,1,0,0,0,0,0,0,,,,,,,,,,,,,,,,,,,,,,,,,,,,,,,,,,,,,,,,,,,,,,,,
8631,400,7950,,18201;8630,2,0,0,0,0,0,0,0,0,0,0,0,0,0,0,2,2,3,3,2,2,2,2,2,2,2,2,2,2,2,2,2,2,2,2,2,2,2,2,1,1,1,1,0,0,0,0,0,0,,,,,,,,,,,,,,,,,,,,,,,,,,,,,,,,,,,,,,,,,,,,,,,,
8632,600,,8633,,0,0,0,0,0,0,0,0,0,0,0,0,0,0,0,1,1,1,1,1,1,1,1,1,1,1,1,1,1,1,1,1,1,1,1,1,1,1,1,0,0,0,0,0,0,0,0,0,0,,,,,,,,,,,,,,,,,,,,,,,,,,,,,,,,,,,,,,,,,,,,,,,,
8633,300,7955,8632,8634,1,0,0,0,0,0,0,0,0,0,0,0,0,0,0,1,1,1,1,1,1,1,1,1,1,1,1,1,1,1,1,1,1,1,1,1,1,1,1,0,0,0,0,0,0,0,0,0,0,,,,,,,,,,,,,,,,,,,,,,,,,,,,,,,,,,,,,,,,,,,,,,,,
8634,600,8635,8633,,0,0,0,0,0,0,0,0,0,0,0,0,0,0,0,1,1,1,1,1,1,1,1,1,1,1,1,1,1,1,1,1,1,1,1,1,1,1,1,0,0,0,0,0,0,0,0,0,0,,,,,,,,,,,,,,,,,,,,,,,,,,,,,,,,,,,,,,,,,,,,,,,,
8635,400,8634,18204,7948,1,0,0,0,0,0,0,0,0,0,0,0,0,0,0,1,1,1,1,1,1,1,1,1,1,0,0,0,0,1,1,1,1,1,1,1,1,1,1,0,0,0,0,0,0,0,0,0,0,,,,,,,,,,,,,,,,,,,,,,,,,,,,,,,,,,,,,,,,,,,,,,,,
8636,300,8637,18197,,0,0,0,0,0,0,0,0,0,0,0,0,0,0,0,2,2,2,2,2,2,2,2,2,2,1,1,1,1,1,1,2,2,2,2,2,2,2,2,0,0,0,0,0,0,0,0,0,0,,,,,,,,,,,,,,,,,,,,,,,,,,,,,,,,,,,,,,,,,,,,,,,,
8637,400,7973,7950,8636,1,0,0,0,0,0,0,0,0,0,0,0,0,0,0,1,1,2,2,1,1,1,1,1,1,1,1,1,1,1,1,1,1,1,1,1,1,1,1,1,1,0,0,0,0,0,0,0,0,,,,,,,,,,,,,,,,,,,,,,,,,,,,,,,,,,,,,,,,,,,,,,,,
8638,1200,8003,8639,,0,0,0,0,0,0,0,0,0,0,0,0,0,0,0,1,1,1,1,1,1,1,1,1,1,1,1,1,1,1,1,1,1,1,1,1,1,1,1,0,0,0,0,0,0,0,0,0,0,,,,,,,,,,,,,,,,,,,,,,,,,,,,,,,,,,,,,,,,,,,,,,,,
8639,400,8638,8640,7977,1,0,0,0,0,0,0,0,0,0,0,0,0,0,0,1,1,2,2,2,2,2,2,1,1,1,1,1,1,1,1,1,1,1,1,2,2,1,1,1,1,0,0,0,0,0,0,0,0,,,,,,,,,,,,,,,,,,,,,,,,,,,,,,,,,,,,,,,,,,,,,,,,
8640,600,8641,8639,,0,0,0,0,0,0,0,0,0,0,0,0,0,0,0,2,2,2,2,2,2,2,2,2,2,2,2,2,2,2,2,2,2,2,2,2,2,2,2,1,1,0,0,0,0,0,0,0,0,,,,,,,,,,,,,,,,,,,,,,,,,,,,,,,,,,,,,,,,,,,,,,,,
8641,500,8640,8001,7976,1,21,21,20,20,14,14,14,14,17,17,20,20,56,56,1240,1240,1312,1312,1316,1316,1316,1316,1198,1198,1166,1166,1120,1120,1166,1166,1239,1239,1215,1215,1293,1293,1242,1242,268,268,158,158,95,95,70,70,44,44,,,,,,,,,,,,,,,,,,,,,,,,,,,,,,,,,,,,,,,,,,,,,,,,
8642,1200,8408,8643,,0,0,0,0,0,0,0,0,0,0,0,0,0,0,0,1,1,1,1,1,1,1,1,1,1,1,1,1,1,1,1,1,1,1,1,1,1,1,1,0,0,0,0,0,0,0,0,0,0,,,,,,,,,,,,,,,,,,,,,,,,,,,,,,,,,,,,,,,,,,,,,,,,
8643,1200,8642,7991,7968;8033;7977,3,0,0,0,0,0,0,0,0,0,0,0,0,0,0,2,2,2,2,2,2,2,2,1,1,1,1,1,1,1,1,1,1,1,1,2,2,2,2,1,1,0,0,0,0,0,0,0,0,,,,,,,,,,,,,,,,,,,,,,,,,,,,,,,,,,,,,,,,,,,,,,,,
8644,300,,8645,,0,0,0,0,0,0,0,0,0,0,0,0,0,0,0,2,2,2,2,2,2,2,2,2,2,2,2,2,2,2,2,2,2,2,2,2,2,2,2,1,1,0,0,0,0,0,0,0,0,,,,,,,,,,,,,,,,,,,,,,,,,,,,,,,,,,,,,,,,,,,,,,,,
8645,300,8644,7968,7946,1,0,0,0,0,0,0,0,0,0,0,0,0,0,0,2,2,2,2,2,2,2,2,2,2,2,2,2,2,2,2,2,2,2,2,2,2,2,2,1,1,0,0,0,0,0,0,0,0,,,,,,,,,,,,,,,,,,,,,,,,,,,,,,,,,,,,,,,,,,,,,,,,
8646,300,8410,8647,,0,0,0,0,0,0,0,0,0,0,0,0,0,0,0,1,1,1,1,1,1,1,1,1,1,1,1,1,1,1,1,1,1,1,1,1,1,1,1,0,0,0,0,0,0,0,0,0,0,,,,,,,,,,,,,,,,,,,,,,,,,,,,,,,,,,,,,,,,,,,,,,,,
8647,300,8646,8648,7994,1,0,0,0,0,0,0,0,0,0,0,0,0,0,0,1,1,1,1,1,1,1,1,1,1,1,1,1,1,1,1,1,1,1,1,1,1,1,1,0,0,0,0,0,0,0,0,0,0,,,,,,,,,,,,,,,,,,,,,,,,,,,,,,,,,,,,,,,,,,,,,,,,
8648,300,8647,8649,,0,0,0,0,0,0,0,0,0,0,0,0,0,0,0,1,1,1,1,1,1,1,1,1,1,1,1,1,1,1,1,1,1,1,1,1,1,1,1,0,0,0,0,0,0,0,0,0,0,,,,,,,,,,,,,,,,,,,,,,,,,,,,,,,,,,,,,,,,,,,,,,,,
8649,300,7980,8650,8648,1,0,0,0,0,0,0,0,0,0,0,0,0,0,0,1,1,1,1,1,1,1,1,1,1,1,1,1,1,1,1,1,1,1,1,1,1,1,1,0,0,0,0,0,0,0,0,0,0,,,,,,,,,,,,,,,,,,,,,,,,,,,,,,,,,,,,,,,,,,,,,,,,
8650,800,8649,8651,,0,0,0,0,0,0,0,0,0,0,0,0,0,0,0,1,1,1,1,1,1,1,1,1,1,1,1,0,0,1,1,1,1,1,1,1,1,1,1,0,0,0,0,0,0,0,0,0,0,,,,,,,,,,,,,,,,,,,,,,,,,,,,,,,,,,,,,,,,,,,,,,,,
8651,300,8650,8033,7988,1,0,0,0,0,0,0,0,0,0,0,0,0,0,0,1,1,1,1,1,1,1,1,1,1,1,1,1,1,1,1,1,1,1,1,1,1,1,1,0,0,0,0,0,0,0,0,0,0,,,,,,,,,,,,,,,,,,,,,,,,,,,,,,,,,,,,,,,,,,,,,,,,
8652,800,8466,8653,,0,0,0,0,0,0,0,0,0,0,0,0,0,0,0,1,1,1,1,1,1,1,1,1,1,1,1,1,1,1,1,1,1,1,1,1,1,1,1,1,1,0,0,0,0,0,0,0,0,,,,,,,,,,,,,,,,,,,,,,,,,,,,,,,,,,,,,,,,,,,,,,,,
8653,800,8652,8411,8654,1,0,0,0,0,0,0,0,0,0,0,0,0,0,0,2,2,2,2,2,2,2,2,2,2,2,2,1,1,2,2,2,2,2,2,2,2,2,2,1,1,0,0,0,0,0,0,0,0,,,,,,,,,,,,,,,,,,,,,,,,,,,,,,,,,,,,,,,,,,,,,,,,
8654,300,8655,8653,,0,0,0,0,0,0,0,0,0,0,0,0,0,0,0,2,2,2,2,2,2,2,2,2,2,2,2,2,2,2,2,2,2,2,2,2,2,2,2,1,1,0,0,0,0,0,0,0,0,,,,,,,,,,,,,,,,,,,,,,,,,,,,,,,,,,,,,,,,,,,,,,,,
8655,800,8654,8658,7974,1,0,0,0,0,0,0,0,0,0,0,0,0,0,0,2,2,2,2,2,2,2,2,2,2,2,2,2,2,2,2,2,2,2,2,2,2,2,2,1,1,0,0,0,0,0,0,0,0,,,,,,,,,,,,,,,,,,,,,,,,,,,,,,,,,,,,,,,,,,,,,,,,
8656,1200,8468,8657,,0,0,0,0,0,0,0,0,0,0,0,0,0,0,0,1,1,1,1,1,1,1,1,1,1,1,1,1,1,1,1,1,1,1,1,1,1,1,1,1,1,0,0,0,0,0,0,0,0,,,,,,,,,,,,,,,,,,,,,,,,,,,,,,,,,,,,,,,,,,,,,,,,
8657,800,8656,8467,7967;7974,2,0,0,0,0,0,0,0,0,0,0,0,0,0,0,2,2,2,2,2,2,2,2,2,2,2,2,1,1,2,2,2,2,2,2,2,2,2,2,1,1,0,0,0,0,0,0,0,0,,,,,,,,,,,,,,,,,,,,,,,,,,,,,,,,,,,,,,,,,,,,,,,,
8658,800,8655,8659,,0,0,0,0,0,0,0,0,0,0,0,0,0,0,0,1,1,1,1,1,1,1,1,1,1,1,1,1,1,1,1,1,1,1,1,1,1,1,1,1,1,0,0,0,0,0,0,0,0,,,,,,,,,,,,,,,,,,,,,,,,,,,,,,,,,,,,,,,,,,,,,,,,
8659,400,8660,8658,7964,1,0,0,0,0,0,0,0,0,0,0,0,0,0,0,1,1,2,2,1,1,1,1,1,1,1,1,1,1,1,1,1,1,1,1,1,1,1,1,1,1,0,0,0,0,0,0,0,0,,,,,,,,,,,,,,,,,,,,,,,,,,,,,,,,,,,,,,,,,,,,,,,,
8660,1000,8659,8661,,0,21,21,20,20,14,14,14,14,17,17,20,20,56,56,1240,1240,1312,1312,1316,1316,1316,1316,1198,1198,1166,1166,1120,1120,1166,1166,1239,1239,1215,1215,1293,1293,1242,1242,268,268,158,158,95,95,70,70,44,44,,,,,,,,,,,,,,,,,,,,,,,,,,,,,,,,,,,,,,,,,,,,,,,,
8661,500,8660,7999,7954,1,21,21,20,20,14,14,14,14,17,17,20,20,56,56,1240,1240,1312,1312,1316,1316,1316,1316,1198,1198,1166,1166,1120,1120,1166,1166,1239,1239,1215,1215,1293,1293,1242,1242,268,268,158,158,95,95,70,70,44,44,,,,,,,,,,,,,,,,,,,,,,,,,,,,,,,,,,,,,,,,,,,,,,,,
8662,800,8663,18697,,0,0,0,0,0,0,0,0,0,0,0,0,0,0,0,2,2,3,3,3,3,3,3,2,2,2,2,2,2,2,2,2,2,2,2,3,3,2,2,1,1,1,1,0,0,0,0,0,0,,,,,,,,,,,,,,,,,,,,,,,,,,,,,,,,,,,,,,,,,,,,,,,,
8663,1200,7952,8662,18200,1,0,0,0,0,0,0,0,0,0,0,0,0,0,0,1,1,1,1,1,1,1,1,1,1,1,1,1,1,1,1,1,1,1,1,1,1,1,1,0,0,0,0,0,0,0,0,0,0,,,,,,,,,,,,,,,,,,,,,,,,,,,,,,,,,,,,,,,,,,,,,,,,
8664,300,7956,8665,,0,0,0,0,0,0,0,0,0,0,0,0,0,0,0,1,1,1,1,1,1,1,1,1,1,1,1,1,1,1,1,1,1,1,1,1,1,1,1,0,0,0,0,0,0,0,0,0,0,,,,,,,,,,,,,,,,,,,,,,,,,,,,,,,,,,,,,,,,,,,,,,,,
8665,600,7942,8664,18203,1,0,0,0,0,0,0,0,0,0,0,0,0,0,0,2,2,3,3,3,3,3,3,2,2,2,2,2,2,2,2,2,2,2,2,3,3,2,2,1,1,1,1,0,0,0,0,0,0,,,,,,,,,,,,,,,,,,,,,,,,,,,,,,,,,,,,,,,,,,,,,,,,
8666,800,7956,8667,,0,0,0,0,0,0,0,0,0,0,0,0,0,0,0,1,1,1,1,1,1,1,1,1,1,1,1,1,1,1,1,1,1,1,1,1,1,1,1,0,0,0,0,0,0,0,0,0,0,,,,,,,,,,,,,,,,,,,,,,,,,,,,,,,,,,,,,,,,,,,,,,,,
8667,600,7985,7960,8666,1,0,0,0,0,0,0,0,0,0,0,0,0,0,0,1,1,1,1,1,1,1,1,1,1,1,1,1,1,1,1,1,1,1,1,1,1,1,1,0,0,0,0,0,0,0,0,0,0,,,,,,,,,,,,,,,,,,,,,,,,,,,,,,,,,,,,,,,,,,,,,,,,
8668,300,8669,7959,,0,0,0,0,0,0,0,0,0,0,0,0,0,0,0,1,1,2,2,1,1,1,1,1,1,1,1,1,1,1,1,1,1,1,1,1,1,1,1,1,1,0,0,0,0,0,0,0,0,,,,,,,,,,,,,,,,,,,,,,,,,,,,,,,,,,,,,,,,,,,,,,,,
8669,300,7960,7966,8668,1,0,0,0,0,0,0,0,0,0,0,0,0,0,0,1,1,1,1,1,1,1,1,1,1,1,1,1,1,1,1,1,1,1,1,1,1,1,1,1,1,0,0,0,0,0,0,0,0,,,,,,,,,,,,,,,,,,,,,,,,,,,,,,,,,,,,,,,,,,,,,,,,
8670,600,8679,8671,,0,0,0,0,0,0,0,0,0,0,0,0,0,0,0,1,1,1,1,1,1,1,1,1,1,1,1,1,1,1,1,1,1,1,1,1,1,1,1,0,0,0,0,0,0,0,0,0,0,,,,,,,,,,,,,,,,,,,,,,,,,,,,,,,,,,,,,,,,,,,,,,,,
8671,300,8670,8672,7970,1,0,0,0,0,0,0,0,0,0,0,0,0,0,0,1,1,1,1,1,1,1,1,1,1,1,1,1,1,1,1,1,1,1,1,1,1,1,1,1,1,0,0,0,0,0,0,0,0,,,,,,,,,,,,,,,,,,,,,,,,,,,,,,,,,,,,,,,,,,,,,,,,
8672,300,7979,8671,,0,0,0,0,0,0,0,0,0,0,0,0,0,0,0,2,2,2,2,2,2,2,2,2,2,1,1,1,1,2,2,2,2,2,2,2,2,2,2,1,1,0,0,0,0,0,0,0,0,,,,,,,,,,,,,,,,,,,,,,,,,,,,,,,,,,,,,,,,,,,,,,,,
8673,300,7979,7959,,0,0,0,0,0,0,0,0,0,0,0,0,0,0,0,2,2,2,2,2,2,2,2,2,2,2,2,2,2,2,2,2,2,2,2,2,2,2,2,1,1,0,0,0,0,0,0,0,0,,,,,,,,,,,,,,,,,,,,,,,,,,,,,,,,,,,,,,,,,,,,,,,,
8674,1600,8677,,,0,53,53,55,55,38,38,42,42,48,48,53,53,146,146,715,715,891,891,804,804,768,768,707,707,638,638,676,676,679,679,669,669,696,696,738,738,671,671,411,411,264,264,178,178,130,130,66,66,,,,,,,,,,,,,,,,,,,,,,,,,,,,,,,,,,,,,,,,,,,,,,,,
8675,550,8676,7966,7958,1,21,21,20,20,14,14,14,14,17,17,20,20,56,56,1240,1240,1312,1312,1316,1316,1316,1316,1198,1198,1166,1166,1120,1120,1166,1166,1239,1239,1215,1215,1293,1293,1242,1242,268,268,158,158,95,95,70,70,44,44,,,,,,,,,,,,,,,,,,,,,,,,,,,,,,,,,,,,,,,,,,,,,,,,
8676,550,8677,8675,,0,21,21,20,20,14,14,14,14,17,17,20,20,56,56,1240,1240,1312,1312,1316,1316,1316,1316,1198,1198,1166,1166,1120,1120,1166,1166,1239,1239,1215,1215,1293,1293,1242,1242,268,268,158,158,95,95,70,70,44,44,,,,,,,,,,,,,,,,,,,,,,,,,,,,,,,,,,,,,,,,,,,,,,,,
8677,300,8674,7951,8676,1,0,0,0,0,0,0,0,0,0,0,0,0,0,0,2,2,2,2,2,2,2,2,2,2,2,2,2,2,2,2,2,2,2,2,2,2,2,2,1,1,0,0,0,0,0,0,0,0,,,,,,,,,,,,,,,,,,,,,,,,,,,,,,,,,,,,,,,,,,,,,,,,
8678,600,8679,,,0,0,0,0,0,0,0,0,0,0,0,0,0,0,0,1,1,1,1,1,1,1,1,1,1,1,1,1,1,1,1,1,1,1,1,1,1,1,1,0,0,0,0,0,0,0,0,0,0,,,,,,,,,,,,,,,,,,,,,,,,,,,,,,,,,,,,,,,,,,,,,,,,
8679,300,8678,7984,8670,1,0,0,0,0,0,0,0,0,0,0,0,0,0,0,1,1,1,1,1,1,1,1,1,1,1,1,1,1,1,1,1,1,1,1,1,1,1,1,0,0,0,0,0,0,0,0,0,0,,,,,,,,,,,,,,,,,,,,,,,,,,,,,,,,,,,,,,,,,,,,,,,,
8680,2000,8234,8257,8275;8272;8682,3,49,49,50,50,35,35,38,38,44,44,48,48,134,134,1042,1042,1205,1205,1140,1140,1113,1113,1019,1019,953,953,965,965,985,985,1006,1006,1018,1018,1081,1081,1009,1009,422,422,265,265,174,174,127,127,68,68,,,,,,,,,,,,,,,,,,,,,,,,,,,,,,,,,,,,,,,,,,,,,,,,
8681,1600,3343,8274,8682,1,0,0,0,0,0,0,0,0,0,0,0,0,0,0,909,909,1002,1002,931,931,835,835,881,881,812,812,829,829,868,868,957,957,982,982,1027,1027,964,964,0,0,0,0,0,0,0,0,0,0,,,,,,,,,,,,,,,,,,,,,,,,,,,,,,,,,,,,,,,,,,,,,,,,
8682,800,8680,,8681,1,0,0,0,0,0,0,0,0,0,0,0,0,1,1,7,7,8,8,7,7,7,7,6,6,6,6,6,6,6,6,6,6,7,7,7,7,6,6,2,2,1,1,1,1,1,1,0,0,,,,,,,,,,,,,,,,,,,,,,,,,,,,,,,,,,,,,,,,,,,,,,,,
8683,800,,8686,,0,0,0,0,0,0,0,0,0,0,0,0,0,1,1,5,5,6,6,6,6,5,5,5,5,4,4,5,5,5,5,5,5,5,5,5,5,5,5,3,3,2,2,1,1,1,1,0,0,,,,,,,,,,,,,,,,,,,,,,,,,,,,,,,,,,,,,,,,,,,,,,,,
8684,1600,9174,9170,,0,0,0,0,0,0,0,0,0,0,0,0,0,1,1,4,4,5,5,4,4,4,4,4,4,4,4,4,4,4,4,4,4,4,4,4,4,4,4,2,2,1,1,1,1,1,1,0,0,,,,,,,,,,,,,,,,,,,,,,,,,,,,,,,,,,,,,,,,,,,,,,,,
8685,4400,11706,8694,,0,42,42,39,39,28,28,29,29,34,34,39,39,112,112,1343,1343,1424,1424,1347,1347,1375,1375,1229,1229,1247,1247,1096,1096,1282,1282,1299,1299,1257,1257,1375,1375,1394,1394,536,536,316,316,190,190,140,140,87,87,,,,,,,,,,,,,,,,,,,,,,,,,,,,,,,,,,,,,,,,,,,,,,,,
8686,4400,8694,11507,11715;8683;8703,3,67,67,70,70,49,49,53,53,62,62,67,67,186,186,910,910,1134,1134,1023,1023,977,977,900,900,812,812,861,861,864,864,851,851,886,886,939,939,854,854,524,524,336,336,227,227,165,165,84,84,,,,,,,,,,,,,,,,,,,,,,,,,,,,,,,,,,,,,,,,,,,,,,,,
8687,1100,9161,8710,,0,40,40,42,42,29,29,32,32,37,37,40,40,112,112,1001,1001,1161,1161,1127,1127,1089,1089,1007,1007,921,921,975,975,939,939,982,982,1001,1001,1048,1048,949,949,314,314,202,202,136,136,99,99,50,50,,,,,,,,,,,,,,,,,,,,,,,,,,,,,,,,,,,,,,,,,,,,,,,,
8688,1200,9148,11673,,0,0,0,0,0,0,0,0,0,0,0,0,0,1,1,7,7,8,8,8,8,8,8,7,7,7,7,7,7,7,7,7,7,7,7,8,8,7,7,2,2,1,1,1,1,1,1,0,0,,,,,,,,,,,,,,,,,,,,,,,,,,,,,,,,,,,,,,,,,,,,,,,,
8689,1200,,9146,,0,0,0,0,0,0,0,0,0,0,0,0,0,0,0,3,3,4,4,4,4,3,3,3,3,3,3,3,3,3,3,3,3,3,3,3,3,3,3,1,1,1,1,1,1,0,0,0,0,,,,,,,,,,,,,,,,,,,,,,,,,,,,,,,,,,,,,,,,,,,,,,,,
8690,800,,9161,,0,0,0,0,0,0,0,0,0,0,0,0,0,0,0,4,4,4,4,4,4,4,4,4,4,3,3,4,4,4,4,4,4,4,4,4,4,4,4,1,1,1,1,1,1,0,0,0,0,,,,,,,,,,,,,,,,,,,,,,,,,,,,,,,,,,,,,,,,,,,,,,,,
8691,500,9156,9150,,0,40,40,42,42,29,29,32,32,37,37,40,40,112,112,1001,1001,1161,1161,1127,1127,1089,1089,1007,1007,921,921,975,975,939,939,982,982,1001,1001,1048,1048,949,949,314,314,202,202,136,136,99,99,50,50,,,,,,,,,,,,,,,,,,,,,,,,,,,,,,,,,,,,,,,,,,,,,,,,
8692,1600,9172,9168,,0,0,0,0,0,0,0,0,0,0,0,0,0,1,1,4,4,5,5,5,5,5,5,4,4,4,4,4,4,4,4,4,4,4,4,4,4,4,4,2,2,2,2,1,1,1,1,0,0,,,,,,,,,,,,,,,,,,,,,,,,,,,,,,,,,,,,,,,,,,,,,,,,
8693,3000,2630,9150,8695,1,34,34,35,35,24,24,26,26,31,31,34,34,93,93,1033,1033,1204,1204,1104,1104,1020,1020,1010,1010,922,922,958,958,984,984,1034,1034,1068,1068,1124,1124,1040,1040,262,262,168,168,114,114,82,82,42,42,,,,,,,,,,,,,,,,,,,,,,,,,,,,,,,,,,,,,,,,,,,,,,,,
8694,4400,9175,8685,8686;8972,2,67,67,70,70,49,49,53,53,62,62,67,67,186,186,910,910,1134,1134,1023,1023,977,977,900,900,812,812,861,861,864,864,851,851,886,886,939,939,854,854,524,524,336,336,227,227,165,165,84,84,,,,,,,,,,,,,,,,,,,,,,,,,,,,,,,,,,,,,,,,,,,,,,,,
8695,300,,8693,8696,1,0,0,0,0,0,0,0,0,0,0,0,0,0,0,3,3,3,3,3,3,3,3,3,3,3,3,3,3,3,3,3,3,3,3,3,3,3,3,1,1,1,1,0,0,0,0,0,0,,,,,,,,,,,,,,,,,,,,,,,,,,,,,,,,,,,,,,,,,,,,,,,,
8696,300,8698,8697,8695;9151,2,0,0,0,0,0,0,0,0,0,0,0,0,0,0,2,2,2,2,2,2,2,2,2,2,2,2,2,2,2,2,2,2,2,2,2,2,2,2,1,1,0,0,0,0,0,0,0,0,,,,,,,,,,,,,,,,,,,,,,,,,,,,,,,,,,,,,,,,,,,,,,,,
8697,300,2628,8696,,0,0,0,0,0,0,0,0,0,0,0,0,0,0,0,4,4,5,5,4,4,4,4,4,4,4,4,4,4,4,4,4,4,4,4,4,4,4,4,1,1,1,1,1,1,0,0,0,0,,,,,,,,,,,,,,,,,,,,,,,,,,,,,,,,,,,,,,,,,,,,,,,,
8698,800,8696,9154,,0,0,0,0,0,0,0,0,0,0,0,0,0,0,0,2,2,2,2,2,2,2,2,2,2,2,2,2,2,2,2,2,2,2,2,2,2,2,2,1,1,1,1,0,0,0,0,0,0,,,,,,,,,,,,,,,,,,,,,,,,,,,,,,,,,,,,,,,,,,,,,,,,
8699,2750,9178,9176,,0,67,67,70,70,49,49,53,53,62,62,67,67,186,186,910,910,1134,1134,1023,1023,977,977,900,900,812,812,861,861,864,864,851,851,886,886,939,939,854,854,524,524,336,336,227,227,165,165,84,84,,,,,,,,,,,,,,,,,,,,,,,,,,,,,,,,,,,,,,,,,,,,,,,,
87,3000,56,498,,0,50,50,52,52,37,37,40,40,46,46,50,50,140,140,967,967,1151,1151,1088,1088,1047,1047,967,967,880,880,932,932,911,911,933,933,958,958,1007,1007,913,913,393,393,252,252,170,170,124,124,63,63,,,,,,,,,,,,,,,,,,,,,,,,,,,,,,,,,,,,,,,,,,,,,,,,
8700,600,2626,9152,,0,53,53,55,55,38,38,42,42,48,48,53,53,146,146,715,715,891,891,804,804,768,768,707,707,638,638,676,676,679,679,669,669,696,696,738,738,671,671,411,411,264,264,178,178,130,130,66,66,,,,,,,,,,,,,,,,,,,,,,,,,,,,,,,,,,,,,,,,,,,,,,,,
8701,800,,9152,,0,0,0,0,0,0,0,0,0,0,0,0,0,0,0,1,1,1,1,1,1,1,1,1,1,1,1,1,1,1,1,1,1,1,1,1,1,1,1,0,0,0,0,0,0,0,0,0,0,,,,,,,,,,,,,,,,,,,,,,,,,,,,,,,,,,,,,,,,,,,,,,,,
8702,2000,9166,8973,,0,67,67,70,70,49,49,53,53,62,62,67,67,186,186,910,910,1134,1134,1023,1023,977,977,900,900,812,812,861,861,864,864,851,851,886,886,939,939,854,854,524,524,336,336,227,227,165,165,84,84,,,,,,,,,,,,,,,,,,,,,,,,,,,,,,,,,,,,,,,,,,,,,,,,
8703,3000,8707,8686,8705,1,67,67,70,70,49,49,53,53,62,62,67,67,186,186,910,910,1134,1134,1023,1023,977,977,900,900,812,812,861,861,864,864,851,851,886,886,939,939,854,854,524,524,336,336,227,227,165,165,84,84,,,,,,,,,,,,,,,,,,,,,,,,,,,,,,,,,,,,,,,,,,,,,,,,
8704,800,8707,,,0,0,0,0,0,0,0,0,0,0,0,0,0,1,1,5,5,6,6,5,5,5,5,5,5,4,4,4,4,4,4,4,4,5,5,5,5,4,4,3,3,2,2,1,1,1,1,0,0,,,,,,,,,,,,,,,,,,,,,,,,,,,,,,,,,,,,,,,,,,,,,,,,
8705,1500,8707,8703,,0,67,67,70,70,49,49,53,53,62,62,67,67,186,186,910,910,1134,1134,1023,1023,977,977,900,900,812,812,861,861,864,864,851,851,886,886,939,939,854,854,524,524,336,336,227,227,165,165,84,84,,,,,,,,,,,,,,,,,,,,,,,,,,,,,,,,,,,,,,,,,,,,,,,,
8706,600,8939,,,0,0,0,0,0,0,0,0,0,0,0,0,0,0,0,2,2,2,2,2,2,2,2,2,2,2,2,2,2,2,2,2,2,2,2,2,2,2,2,1,1,0,0,0,0,0,0,0,0,,,,,,,,,,,,,,,,,,,,,,,,,,,,,,,,,,,,,,,,,,,,,,,,
8707,1200,8709,8704,8703;8705;8988,3,0,0,0,0,0,0,0,0,0,0,0,0,1,1,5,5,7,7,6,6,6,6,5,5,5,5,5,5,5,5,5,5,5,5,5,5,5,5,3,3,2,2,1,1,1,1,0,0,,,,,,,,,,,,,,,,,,,,,,,,,,,,,,,,,,,,,,,,,,,,,,,,
8708,800,8939,8937,,0,0,0,0,0,0,0,0,0,0,0,0,0,0,0,3,3,3,3,3,3,3,3,3,3,3,3,3,3,3,3,3,3,3,3,3,3,3,3,1,1,1,1,0,0,0,0,0,0,,,,,,,,,,,,,,,,,,,,,,,,,,,,,,,,,,,,,,,,,,,,,,,,
8709,800,8987,8707,,0,1,1,1,1,0,0,0,0,0,0,1,1,1,1,7,7,8,8,8,8,7,7,7,7,6,6,6,6,6,6,6,6,7,7,7,7,6,6,4,4,3,3,2,2,1,1,1,1,,,,,,,,,,,,,,,,,,,,,,,,,,,,,,,,,,,,,,,,,,,,,,,,
8710,4400,11692,9159,8687,1,41,41,41,41,29,29,31,31,36,36,40,40,112,112,1099,1099,1236,1236,1190,1190,1171,1171,1071,1071,1014,1014,1009,1009,1037,1037,1073,1073,1074,1074,1141,1141,1076,1076,378,378,234,234,152,152,111,111,61,61,,,,,,,,,,,,,,,,,,,,,,,,,,,,,,,,,,,,,,,,,,,,,,,,
8711,800,9152,8922,,0,0,0,0,0,0,0,0,0,0,0,0,0,0,0,1,1,1,1,1,1,1,1,1,1,1,1,1,1,1,1,1,1,1,1,1,1,1,1,0,0,0,0,0,0,0,0,0,0,,,,,,,,,,,,,,,,,,,,,,,,,,,,,,,,,,,,,,,,,,,,,,,,
8712,1600,11706,9170,,0,0,0,0,0,0,0,0,0,0,0,0,0,1,1,4,4,4,4,4,4,4,4,4,4,3,3,3,3,4,4,4,4,4,4,4,4,4,4,2,2,1,1,1,1,1,1,0,0,,,,,,,,,,,,,,,,,,,,,,,,,,,,,,,,,,,,,,,,,,,,,,,,
8713,300,,8949,,0,0,0,0,0,0,0,0,0,0,0,0,0,1,1,4,4,5,5,5,5,5,5,4,4,4,4,4,4,4,4,4,4,4,4,5,5,4,4,2,2,1,1,1,1,1,1,0,0,,,,,,,,,,,,,,,,,,,,,,,,,,,,,,,,,,,,,,,,,,,,,,,,
8714,400,8920,9182,9183,1,0,0,0,0,0,0,0,0,0,0,0,0,1,1,5,5,6,6,5,5,5,5,5,5,4,4,4,4,4,4,5,5,5,5,5,5,5,5,2,2,1,1,1,1,1,1,0,0,,,,,,,,,,,,,,,,,,,,,,,,,,,,,,,,,,,,,,,,,,,,,,,,
8715,800,8941,8949,,0,0,0,0,0,0,0,0,0,0,0,0,0,1,1,4,4,5,5,4,4,4,4,4,4,4,4,4,4,4,4,4,4,4,4,4,4,4,4,2,2,1,1,1,1,0,0,0,0,,,,,,,,,,,,,,,,,,,,,,,,,,,,,,,,,,,,,,,,,,,,,,,,
8716,600,8924,8929,,0,0,0,0,0,0,0,0,0,0,0,0,0,0,0,4,4,4,4,4,4,4,4,4,4,3,3,3,3,3,3,3,3,3,3,4,4,3,3,1,1,1,1,1,1,0,0,0,0,,,,,,,,,,,,,,,,,,,,,,,,,,,,,,,,,,,,,,,,,,,,,,,,
8717,800,8926,8931,,0,0,0,0,0,0,0,0,0,0,0,0,0,0,0,2,2,3,3,3,3,3,3,2,2,2,2,2,2,2,2,2,2,2,2,3,3,2,2,1,1,1,1,0,0,0,0,0,0,,,,,,,,,,,,,,,,,,,,,,,,,,,,,,,,,,,,,,,,,,,,,,,,
8718,2000,8985,8975,,0,67,67,70,70,49,49,53,53,62,62,67,67,186,186,910,910,1134,1134,1023,1023,977,977,900,900,812,812,861,861,864,864,851,851,886,886,939,939,854,854,524,524,336,336,227,227,165,165,84,84,,,,,,,,,,,,,,,,,,,,,,,,,,,,,,,,,,,,,,,,,,,,,,,,
8719,800,8928,8721,,0,0,0,0,0,0,0,0,0,0,0,0,0,0,0,2,2,2,2,2,2,2,2,2,2,2,2,2,2,2,2,2,2,2,2,2,2,2,2,1,1,0,0,0,0,0,0,0,0,,,,,,,,,,,,,,,,,,,,,,,,,,,,,,,,,,,,,,,,,,,,,,,,
8720,400,8931,8721,,0,0,0,0,0,0,0,0,0,0,0,0,0,0,0,3,3,4,4,4,4,4,4,3,3,3,3,3,3,3,3,3,3,3,3,3,3,3,3,1,1,1,1,1,1,0,0,0,0,,,,,,,,,,,,,,,,,,,,,,,,,,,,,,,,,,,,,,,,,,,,,,,,
8721,800,8942,8720,8719;8726,2,0,0,0,0,0,0,0,0,0,0,0,0,0,0,4,4,4,4,4,4,4,4,4,4,3,3,3,3,3,3,3,3,4,4,4,4,3,3,1,1,1,1,1,1,0,0,0,0,,,,,,,,,,,,,,,,,,,,,,,,,,,,,,,,,,,,,,,,,,,,,,,,
8722,1200,8941,8943,,0,0,0,0,0,0,0,0,0,0,0,0,0,0,0,3,3,3,3,3,3,3,3,3,3,2,2,2,2,2,2,3,3,3,3,3,3,2,2,1,1,1,1,0,0,0,0,0,0,,,,,,,,,,,,,,,,,,,,,,,,,,,,,,,,,,,,,,,,,,,,,,,,
8723,2500,8971,8728,,0,67,67,70,70,49,49,53,53,62,62,67,67,186,186,910,910,1134,1134,1023,1023,977,977,900,900,812,812,861,861,864,864,851,851,886,886,939,939,854,854,524,524,336,336,227,227,165,165,84,84,,,,,,,,,,,,,,,,,,,,,,,,,,,,,,,,,,,,,,,,,,,,,,,,
8724,800,8943,8945,,0,0,0,0,0,0,0,0,0,0,0,0,0,1,1,4,4,5,5,4,4,4,4,4,4,4,4,4,4,4,4,4,4,4,4,4,4,4,4,2,2,1,1,1,1,0,0,0,0,,,,,,,,,,,,,,,,,,,,,,,,,,,,,,,,,,,,,,,,,,,,,,,,
8725,4400,8975,8973,,0,67,67,70,70,49,49,53,53,62,62,67,67,186,186,910,910,1134,1134,1023,1023,977,977,900,900,812,812,861,861,864,864,851,851,886,886,939,939,854,854,524,524,336,336,227,227,165,165,84,84,,,,,,,,,,,,,,,,,,,,,,,,,,,,,,,,,,,,,,,,,,,,,,,,
8726,800,8721,8933,,0,0,0,0,0,0,0,0,0,0,0,0,0,1,1,5,5,6,6,5,5,5,5,5,5,4,4,5,5,5,5,5,5,5,5,5,5,5,5,2,2,1,1,1,1,1,1,0,0,,,,,,,,,,,,,,,,,,,,,,,,,,,,,,,,,,,,,,,,,,,,,,,,
8727,4400,9176,8987,,0,67,67,70,70,49,49,53,53,62,62,67,67,186,186,910,910,1134,1134,1023,1023,977,977,900,900,812,812,861,861,864,864,851,851,886,886,939,939,854,854,524,524,336,336,227,227,165,165,84,84,,,,,,,,,,,,,,,,,,,,,,,,,,,,,,,,,,,,,,,,,,,,,,,,
8728,3500,8723,8731,8974;8758,2,67,67,70,70,49,49,53,53,62,62,67,67,186,186,910,910,1134,1134,1023,1023,977,977,900,900,812,812,861,861,864,864,851,851,886,886,939,939,854,854,524,524,336,336,227,227,165,165,84,84,,,,,,,,,,,,,,,,,,,,,,,,,,,,,,,,,,,,,,,,,,,,,,,,
8729,1600,,8730,9055,1,1,1,1,1,1,1,1,1,1,1,1,1,2,2,12,12,14,14,13,13,12,12,11,11,10,10,11,11,11,11,11,11,11,11,12,12,11,11,7,7,4,4,3,3,2,2,1,1,,,,,,,,,,,,,,,,,,,,,,,,,,,,,,,,,,,,,,,,,,,,,,,,
8730,2500,8731,8729,8984;9058,2,67,67,70,70,49,49,53,53,62,62,67,67,186,186,910,910,1134,1134,1023,1023,977,977,900,900,812,812,861,861,864,864,851,851,886,886,939,939,854,854,524,524,336,336,227,227,165,165,84,84,,,,,,,,,,,,,,,,,,,,,,,,,,,,,,,,,,,,,,,,,,,,,,,,
8731,3500,8728,8730,,0,67,67,70,70,49,49,53,53,62,62,67,67,186,186,910,910,1134,1134,1023,1023,977,977,900,900,812,812,861,861,864,864,851,851,886,886,939,939,854,854,524,524,336,336,227,227,165,165,84,84,,,,,,,,,,,,,,,,,,,,,,,,,,,,,,,,,,,,,,,,,,,,,,,,
8732,2000,8959,8969,,0,40,40,42,42,29,29,32,32,37,37,40,40,112,112,1001,1001,1161,1161,1127,1127,1089,1089,1007,1007,921,921,975,975,939,939,982,982,1001,1001,1048,1048,949,949,314,314,202,202,136,136,99,99,50,50,,,,,,,,,,,,,,,,,,,,,,,,,,,,,,,,,,,,,,,,,,,,,,,,
8733,1200,9055,9059,,0,0,0,0,0,0,0,0,0,0,0,0,0,1,1,6,6,8,8,7,7,7,7,6,6,6,6,6,6,6,6,6,6,6,6,7,7,6,6,4,4,2,2,2,2,1,1,1,1,,,,,,,,,,,,,,,,,,,,,,,,,,,,,,,,,,,,,,,,,,,,,,,,
8734,1200,8963,8959,,0,0,0,0,0,0,0,0,0,0,0,0,0,0,0,3,3,3,3,3,3,3,3,3,3,3,3,3,3,3,3,3,3,3,3,3,3,3,3,1,1,1,1,0,0,0,0,0,0,,,,,,,,,,,,,,,,,,,,,,,,,,,,,,,,,,,,,,,,,,,,,,,,
8735,300,8961,8955,,0,0,0,0,0,0,0,0,0,0,0,0,0,0,0,1,1,1,1,1,1,1,1,1,1,1,1,1,1,1,1,1,1,1,1,1,1,1,1,0,0,0,0,0,0,0,0,0,0,,,,,,,,,,,,,,,,,,,,,,,,,,,,,,,,,,,,,,,,,,,,,,,,
8736,4400,8971,8963,,0,67,67,70,70,49,49,53,53,62,62,67,67,186,186,910,910,1134,1134,1023,1023,977,977,900,900,812,812,861,861,864,864,851,851,886,886,939,939,854,854,524,524,336,336,227,227,165,165,84,84,,,,,,,,,,,,,,,,,,,,,,,,,,,,,,,,,,,,,,,,,,,,,,,,
8737,1650,8960,9185,,0,40,40,42,42,29,29,32,32,37,37,40,40,112,112,1001,1001,1161,1161,1127,1127,1089,1089,1007,1007,921,921,975,975,939,939,982,982,1001,1001,1048,1048,949,949,314,314,202,202,136,136,99,99,50,50,,,,,,,,,,,,,,,,,,,,,,,,,,,,,,,,,,,,,,,,,,,,,,,,
8738,1200,8739,8740,,0,53,53,55,55,38,38,42,42,48,48,53,53,146,146,715,715,891,891,804,804,768,768,707,707,638,638,676,676,679,679,669,669,696,696,738,738,671,671,411,411,264,264,178,178,130,130,66,66,,,,,,,,,,,,,,,,,,,,,,,,,,,,,,,,,,,,,,,,,,,,,,,,
8739,1600,8958,8752,8745;8738,2,0,0,0,0,0,0,0,0,0,0,0,0,0,0,1,1,1,1,1,1,1,1,1,1,1,1,1,1,1,1,1,1,1,1,1,1,1,1,0,0,0,0,0,0,0,0,0,0,,,,,,,,,,,,,,,,,,,,,,,,,,,,,,,,,,,,,,,,,,,,,,,,
8740,2000,8741,8738,8968;8755,2,67,67,70,70,49,49,53,53,62,62,67,67,186,186,910,910,1134,1134,1023,1023,977,977,900,900,812,812,861,861,864,864,851,851,886,886,939,939,854,854,524,524,336,336,227,227,165,165,84,84,,,,,,,,,,,,,,,,,,,,,,,,,,,,,,,,,,,,,,,,,,,,,,,,
8741,1650,8977,8740,,0,67,67,70,70,49,49,53,53,62,62,67,67,186,186,910,910,1134,1134,1023,1023,977,977,900,900,812,812,861,861,864,864,851,851,886,886,939,939,854,854,524,524,336,336,227,227,165,165,84,84,,,,,,,,,,,,,,,,,,,,,,,,,,,,,,,,,,,,,,,,,,,,,,,,
8742,800,,8744,,0,0,0,0,0,0,0,0,0,0,0,0,0,1,1,5,5,7,7,6,6,6,6,5,5,5,5,5,5,5,5,5,5,5,5,6,6,5,5,3,3,2,2,1,1,1,1,0,0,,,,,,,,,,,,,,,,,,,,,,,,,,,,,,,,,,,,,,,,,,,,,,,,
8743,3500,9053,8747,,0,67,67,70,70,49,49,53,53,62,62,67,67,186,186,910,910,1134,1134,1023,1023,977,977,900,900,812,812,861,861,864,864,851,851,886,886,939,939,854,854,524,524,336,336,227,227,165,165,84,84,,,,,,,,,,,,,,,,,,,,,,,,,,,,,,,,,,,,,,,,,,,,,,,,
8744,1200,8742,8747,,0,1,1,1,1,0,0,0,0,1,1,1,1,2,2,7,7,9,9,8,8,8,8,7,7,7,7,7,7,7,7,7,7,7,7,8,8,7,7,4,4,3,3,2,2,1,1,1,1,,,,,,,,,,,,,,,,,,,,,,,,,,,,,,,,,,,,,,,,,,,,,,,,
8745,1200,8739,8955,,0,0,0,0,0,0,0,0,0,0,0,0,0,0,0,1,1,1,1,1,1,1,1,1,1,1,1,1,1,1,1,1,1,1,1,1,1,1,1,0,0,0,0,0,0,0,0,0,0,,,,,,,,,,,,,,,,,,,,,,,,,,,,,,,,,,,,,,,,,,,,,,,,
8746,2000,8967,8957,,0,40,40,42,42,29,29,32,32,37,37,40,40,112,112,1001,1001,1161,1161,1127,1127,1089,1089,1007,1007,921,921,975,975,939,939,982,982,1001,1001,1048,1048,949,949,314,314,202,202,136,136,99,99,50,50,,,,,,,,,,,,,,,,,,,,,,,,,,,,,,,,,,,,,,,,,,,,,,,,
8747,2500,8743,9139,8744;8751,2,67,67,70,70,49,49,53,53,62,62,67,67,186,186,910,910,1134,1134,1023,1023,977,977,900,900,812,812,861,861,864,864,851,851,886,886,939,939,854,854,524,524,336,336,227,227,165,165,84,84,,,,,,,,,,,,,,,,,,,,,,,,,,,,,,,,,,,,,,,,,,,,,,,,
8748,1600,8951,9086,,0,0,0,0,0,0,0,0,0,0,0,0,0,0,0,1,1,1,1,1,1,1,1,1,1,1,1,1,1,1,1,1,1,1,1,1,1,1,1,0,0,0,0,0,0,0,0,0,0,,,,,,,,,,,,,,,,,,,,,,,,,,,,,,,,,,,,,,,,,,,,,,,,
8749,1200,8953,8753,,0,0,0,0,0,0,0,0,0,0,0,0,0,0,0,1,1,1,1,1,1,1,1,1,1,1,1,1,1,1,1,1,1,1,1,1,1,1,1,0,0,0,0,0,0,0,0,0,0,,,,,,,,,,,,,,,,,,,,,,,,,,,,,,,,,,,,,,,,,,,,,,,,
8750,2500,9122,9118,,0,67,67,70,70,49,49,53,53,62,62,67,67,186,186,910,910,1134,1134,1023,1023,977,977,900,900,812,812,861,861,864,864,851,851,886,886,939,939,854,854,524,524,336,336,227,227,165,165,84,84,,,,,,,,,,,,,,,,,,,,,,,,,,,,,,,,,,,,,,,,,,,,,,,,
8751,2000,8747,9122,,0,67,67,70,70,49,49,53,53,62,62,67,67,186,186,910,910,1134,1134,1023,1023,977,977,900,900,812,812,861,861,864,864,851,851,886,886,939,939,854,854,524,524,336,336,227,227,165,165,84,84,,,,,,,,,,,,,,,,,,,,,,,,,,,,,,,,,,,,,,,,,,,,,,,,
8752,800,8957,8739,,0,0,0,0,0,0,0,0,0,0,0,0,0,0,0,1,1,2,2,1,1,1,1,1,1,1,1,1,1,1,1,1,1,1,1,1,1,1,1,1,1,0,0,0,0,0,0,0,0,,,,,,,,,,,,,,,,,,,,,,,,,,,,,,,,,,,,,,,,,,,,,,,,
8753,1600,8749,9087,9085;9083,2,0,0,0,0,0,0,0,0,0,0,0,0,0,0,1,1,2,2,2,2,2,2,1,1,1,1,1,1,1,1,1,1,1,1,2,2,1,1,1,1,0,0,0,0,0,0,0,0,,,,,,,,,,,,,,,,,,,,,,,,,,,,,,,,,,,,,,,,,,,,,,,,
8754,3000,9112,8983,,0,67,67,70,70,49,49,53,53,62,62,67,67,186,186,910,910,1134,1134,1023,1023,977,977,900,900,812,812,861,861,864,864,851,851,886,886,939,939,854,854,524,524,336,336,227,227,165,165,84,84,,,,,,,,,,,,,,,,,,,,,,,,,,,,,,,,,,,,,,,,,,,,,,,,
8755,3500,8967,8740,,0,67,67,70,70,49,49,53,53,62,62,67,67,186,186,910,910,1134,1134,1023,1023,977,977,900,900,812,812,861,861,864,864,851,851,886,886,939,939,854,854,524,524,336,336,227,227,165,165,84,84,,,,,,,,,,,,,,,,,,,,,,,,,,,,,,,,,,,,,,,,,,,,,,,,
8756,4000,8769,8947,,0,40,40,42,42,29,29,32,32,37,37,40,40,112,112,1001,1001,1161,1161,1127,1127,1089,1089,1007,1007,921,921,975,975,939,939,982,982,1001,1001,1048,1048,949,949,314,314,202,202,136,136,99,99,50,50,,,,,,,,,,,,,,,,,,,,,,,,,,,,,,,,,,,,,,,,,,,,,,,,
8757,1500,9088,8759,,0,40,40,42,42,29,29,32,32,37,37,40,40,112,112,1001,1001,1161,1161,1127,1127,1089,1089,1007,1007,921,921,975,975,939,939,982,982,1001,1001,1048,1048,949,949,314,314,202,202,136,136,99,99,50,50,,,,,,,,,,,,,,,,,,,,,,,,,,,,,,,,,,,,,,,,,,,,,,,,
8758,4400,8728,8979,,0,67,67,70,70,49,49,53,53,62,62,67,67,186,186,910,910,1134,1134,1023,1023,977,977,900,900,812,812,861,861,864,864,851,851,886,886,939,939,854,854,524,524,336,336,227,227,165,165,84,84,,,,,,,,,,,,,,,,,,,,,,,,,,,,,,,,,,,,,,,,,,,,,,,,
8759,2500,8762,8757,8966;9089,2,67,67,70,70,49,49,53,53,62,62,67,67,186,186,910,910,1134,1134,1023,1023,977,977,900,900,812,812,861,861,864,864,851,851,886,886,939,939,854,854,524,524,336,336,227,227,165,165,84,84,,,,,,,,,,,,,,,,,,,,,,,,,,,,,,,,,,,,,,,,,,,,,,,,
8760,2500,9057,9114,,0,67,67,70,70,49,49,53,53,62,62,67,67,186,186,910,910,1134,1134,1023,1023,977,977,900,900,812,812,861,861,864,864,851,851,886,886,939,939,854,854,524,524,336,336,227,227,165,165,84,84,,,,,,,,,,,,,,,,,,,,,,,,,,,,,,,,,,,,,,,,,,,,,,,,
8761,2500,9086,9076,,0,40,40,42,42,29,29,32,32,37,37,40,40,112,112,1001,1001,1161,1161,1127,1127,1089,1089,1007,1007,921,921,975,975,939,939,982,982,1001,1001,1048,1048,949,949,314,314,202,202,136,136,99,99,50,50,,,,,,,,,,,,,,,,,,,,,,,,,,,,,,,,,,,,,,,,,,,,,,,,
8762,2000,8763,8759,,0,67,67,70,70,49,49,53,53,62,62,67,67,186,186,910,910,1134,1134,1023,1023,977,977,900,900,812,812,861,861,864,864,851,851,886,886,939,939,854,854,524,524,336,336,227,227,165,165,84,84,,,,,,,,,,,,,,,,,,,,,,,,,,,,,,,,,,,,,,,,,,,,,,,,
8763,3000,8766,8762,8976;9093,2,67,67,70,70,49,49,53,53,62,62,67,67,186,186,910,910,1134,1134,1023,1023,977,977,900,900,812,812,861,861,864,864,851,851,886,886,939,939,854,854,524,524,336,336,227,227,165,165,84,84,,,,,,,,,,,,,,,,,,,,,,,,,,,,,,,,,,,,,,,,,,,,,,,,
8764,2500,8981,9110,,0,67,67,70,70,49,49,53,53,62,62,67,67,186,186,910,910,1134,1134,1023,1023,977,977,900,900,812,812,861,861,864,864,851,851,886,886,939,939,854,854,524,524,336,336,227,227,165,165,84,84,,,,,,,,,,,,,,,,,,,,,,,,,,,,,,,,,,,,,,,,,,,,,,,,
8765,2500,8771,9116,,0,67,67,70,70,49,49,53,53,62,62,67,67,186,186,910,910,1134,1134,1023,1023,977,977,900,900,812,812,861,861,864,864,851,851,886,886,939,939,854,854,524,524,336,336,227,227,165,165,84,84,,,,,,,,,,,,,,,,,,,,,,,,,,,,,,,,,,,,,,,,,,,,,,,,
8766,1500,8768,8763,,0,67,67,70,70,49,49,53,53,62,62,67,67,186,186,910,910,1134,1134,1023,1023,977,977,900,900,812,812,861,861,864,864,851,851,886,886,939,939,854,854,524,524,336,336,227,227,165,165,84,84,,,,,,,,,,,,,,,,,,,,,,,,,,,,,,,,,,,,,,,,,,,,,,,,
8767,800,9114,8771,,0,0,0,0,0,0,0,0,0,0,0,0,0,1,1,5,5,6,6,6,6,5,5,5,5,5,5,5,5,5,5,5,5,5,5,5,5,5,5,3,3,2,2,1,1,1,1,0,0,,,,,,,,,,,,,,,,,,,,,,,,,,,,,,,,,,,,,,,,,,,,,,,,
8768,2000,9103,9109,8766;8784,2,67,67,70,70,49,49,53,53,62,62,67,67,186,186,910,910,1134,1134,1023,1023,977,977,900,900,812,812,861,861,864,864,851,851,886,886,939,939,854,854,524,524,336,336,227,227,165,165,84,84,,,,,,,,,,,,,,,,,,,,,,,,,,,,,,,,,,,,,,,,,,,,,,,,
8769,3500,8756,8834,8778;8770,2,40,40,42,42,29,29,32,32,37,37,40,40,112,112,1001,1001,1161,1161,1127,1127,1089,1089,1007,1007,921,921,975,975,939,939,982,982,1001,1001,1048,1048,949,949,314,314,202,202,136,136,99,99,50,50,,,,,,,,,,,,,,,,,,,,,,,,,,,,,,,,,,,,,,,,,,,,,,,,
8770,1500,8769,,8782,1,40,40,42,42,29,29,32,32,37,37,40,40,112,112,1001,1001,1161,1161,1127,1127,1089,1089,1007,1007,921,921,975,975,939,939,982,982,1001,1001,1048,1048,949,949,314,314,202,202,136,136,99,99,50,50,,,,,,,,,,,,,,,,,,,,,,,,,,,,,,,,,,,,,,,,,,,,,,,,
8771,1600,8767,9119,8765;8800,2,0,0,0,0,0,0,0,0,0,0,0,0,1,1,6,6,7,7,7,7,6,6,6,6,5,5,6,6,6,6,6,6,6,6,6,6,6,6,3,3,2,2,1,1,1,1,1,1,,,,,,,,,,,,,,,,,,,,,,,,,,,,,,,,,,,,,,,,,,,,,,,,
8772,1600,9118,9120,,0,1,1,1,1,0,0,0,0,1,1,1,1,2,2,8,8,10,10,9,9,9,9,8,8,7,7,8,8,8,8,7,7,8,8,8,8,7,7,5,5,3,3,2,2,1,1,1,1,,,,,,,,,,,,,,,,,,,,,,,,,,,,,,,,,,,,,,,,,,,,,,,,
8773,4400,9122,8777,,0,67,67,70,70,49,49,53,53,62,62,67,67,186,186,910,910,1134,1134,1023,1023,977,977,900,900,812,812,861,861,864,864,851,851,886,886,939,939,854,854,524,524,336,336,227,227,165,165,84,84,,,,,,,,,,,,,,,,,,,,,,,,,,,,,,,,,,,,,,,,,,,,,,,,
8774,2500,9090,9084,,0,40,40,42,42,29,29,32,32,37,37,40,40,112,112,1001,1001,1161,1161,1127,1127,1089,1089,1007,1007,921,921,975,975,939,939,982,982,1001,1001,1048,1048,949,949,314,314,202,202,136,136,99,99,50,50,,,,,,,,,,,,,,,,,,,,,,,,,,,,,,,,,,,,,,,,,,,,,,,,
8775,1000,8777,9120,,0,67,67,70,70,49,49,53,53,62,62,67,67,186,186,910,910,1134,1134,1023,1023,977,977,900,900,812,812,861,861,864,864,851,851,886,886,939,939,854,854,524,524,336,336,227,227,165,165,84,84,,,,,,,,,,,,,,,,,,,,,,,,,,,,,,,,,,,,,,,,,,,,,,,,
8776,2000,9124,9140,,0,67,67,70,70,49,49,53,53,62,62,67,67,186,186,910,910,1134,1134,1023,1023,977,977,900,900,812,812,861,861,864,864,851,851,886,886,939,939,854,854,524,524,336,336,227,227,165,165,84,84,,,,,,,,,,,,,,,,,,,,,,,,,,,,,,,,,,,,,,,,,,,,,,,,
8777,3000,8775,9123,8773;9137;9131,3,67,67,70,70,49,49,53,53,62,62,67,67,186,186,910,910,1134,1134,1023,1023,977,977,900,900,812,812,861,861,864,864,851,851,886,886,939,939,854,854,524,524,336,336,227,227,165,165,84,84,,,,,,,,,,,,,,,,,,,,,,,,,,,,,,,,,,,,,,,,,,,,,,,,
8778,4400,9060,8769,,0,40,40,42,42,29,29,32,32,37,37,40,40,112,112,1001,1001,1161,1161,1127,1127,1089,1089,1007,1007,921,921,975,975,939,939,982,982,1001,1001,1048,1048,949,949,314,314,202,202,136,136,99,99,50,50,,,,,,,,,,,,,,,,,,,,,,,,,,,,,,,,,,,,,,,,,,,,,,,,
8779,1200,8780,9084,,0,33,33,31,31,22,22,23,23,26,26,31,31,88,88,1055,1055,1119,1119,1058,1058,1080,1080,966,966,980,980,861,861,1008,1008,1021,1021,988,988,1080,1080,1096,1096,421,421,249,249,150,150,110,110,68,68,,,,,,,,,,,,,,,,,,,,,,,,,,,,,,,,,,,,,,,,,,,,,,,,
8780,1200,8783,8781,8779;8807,2,0,0,0,0,0,0,0,0,0,0,0,0,0,0,3,3,3,3,3,3,3,3,3,3,2,2,2,2,2,2,3,3,3,3,3,3,3,3,1,1,0,0,0,0,0,0,0,0,,,,,,,,,,,,,,,,,,,,,,,,,,,,,,,,,,,,,,,,,,,,,,,,
8781,1600,,8780,,0,0,0,0,0,0,0,0,0,0,0,0,0,0,0,1,1,1,1,1,1,1,1,1,1,1,1,1,1,1,1,1,1,1,1,1,1,1,1,0,0,0,0,0,0,0,0,0,0,,,,,,,,,,,,,,,,,,,,,,,,,,,,,,,,,,,,,,,,,,,,,,,,
8782,4000,8770,8787,,0,40,40,42,42,29,29,32,32,37,37,40,40,112,112,1001,1001,1161,1161,1127,1127,1089,1089,1007,1007,921,921,975,975,939,939,982,982,1001,1001,1048,1048,949,949,314,314,202,202,136,136,99,99,50,50,,,,,,,,,,,,,,,,,,,,,,,,,,,,,,,,,,,,,,,,,,,,,,,,
8783,2000,8780,9092,,0,25,25,26,26,18,18,20,20,23,23,25,25,70,70,1062,1062,1213,1213,1136,1136,1055,1055,1044,1044,956,956,994,994,1008,1008,1076,1076,1104,1104,1158,1158,1070,1070,196,196,126,126,85,85,62,62,32,32,,,,,,,,,,,,,,,,,,,,,,,,,,,,,,,,,,,,,,,,,,,,,,,,
8784,3000,8768,9108,,0,67,67,70,70,49,49,53,53,62,62,67,67,186,186,910,910,1134,1134,1023,1023,977,977,900,900,812,812,861,861,864,864,851,851,886,886,939,939,854,854,524,524,336,336,227,227,165,165,84,84,,,,,,,,,,,,,,,,,,,,,,,,,,,,,,,,,,,,,,,,,,,,,,,,
8785,1600,2575,9066,,0,0,0,0,0,0,0,0,0,0,0,0,0,1,1,8,8,9,9,8,8,8,8,7,7,7,7,7,7,7,7,7,7,7,7,8,8,7,7,3,3,2,2,1,1,1,1,0,0,,,,,,,,,,,,,,,,,,,,,,,,,,,,,,,,,,,,,,,,,,,,,,,,
8786,2500,9138,9132,,0,67,67,70,70,49,49,53,53,62,62,67,67,186,186,910,910,1134,1134,1023,1023,977,977,900,900,812,812,861,861,864,864,851,851,886,886,939,939,854,854,524,524,336,336,227,227,165,165,84,84,,,,,,,,,,,,,,,,,,,,,,,,,,,,,,,,,,,,,,,,,,,,,,,,
8787,4400,8883,8934,8782;9073;8876,3,0,0,0,0,0,0,0,0,0,0,0,0,0,0,1138,1138,1201,1201,1284,1284,1257,1257,1168,1168,1084,1084,1145,1145,1051,1051,1179,1179,1173,1173,1211,1211,1091,1091,0,0,0,0,0,0,0,0,0,0,,,,,,,,,,,,,,,,,,,,,,,,,,,,,,,,,,,,,,,,,,,,,,,,
8788,2500,9104,9100,,0,47,47,48,48,33,33,36,36,42,42,46,46,128,128,1057,1057,1213,1213,1153,1153,1128,1128,1033,1033,969,969,976,976,998,998,1023,1023,1032,1032,1096,1096,1027,1027,410,410,257,257,168,168,123,123,66,66,,,,,,,,,,,,,,,,,,,,,,,,,,,,,,,,,,,,,,,,,,,,,,,,
8789,3500,8792,9092,,0,25,25,26,26,18,18,20,20,23,23,25,25,70,70,1062,1062,1213,1213,1136,1136,1055,1055,1044,1044,956,956,994,994,1008,1008,1076,1076,1104,1104,1158,1158,1070,1070,196,196,126,126,85,85,62,62,32,32,,,,,,,,,,,,,,,,,,,,,,,,,,,,,,,,,,,,,,,,,,,,,,,,
8790,2000,9082,8792,,0,25,25,26,26,18,18,20,20,23,23,25,25,70,70,1062,1062,1213,1213,1136,1136,1055,1055,1044,1044,956,956,994,994,1008,1008,1076,1076,1104,1104,1158,1158,1070,1070,196,196,126,126,85,85,62,62,32,32,,,,,,,,,,,,,,,,,,,,,,,,,,,,,,,,,,,,,,,,,,,,,,,,
8791,3000,9104,9106,,0,47,47,48,48,33,33,36,36,42,42,46,46,128,128,1057,1057,1213,1213,1153,1153,1128,1128,1033,1033,969,969,976,976,998,998,1023,1023,1032,1032,1096,1096,1027,1027,410,410,257,257,168,168,123,123,66,66,,,,,,,,,,,,,,,,,,,,,,,,,,,,,,,,,,,,,,,,,,,,,,,,
8792,2000,8790,8796,8789;8803,2,25,25,26,26,18,18,20,20,23,23,25,25,70,70,1062,1062,1213,1213,1136,1136,1055,1055,1044,1044,956,956,994,994,1008,1008,1076,1076,1104,1104,1158,1158,1070,1070,196,196,126,126,85,85,62,62,32,32,,,,,,,,,,,,,,,,,,,,,,,,,,,,,,,,,,,,,,,,,,,,,,,,
8793,2000,2573,9064,,0,45,45,47,47,33,33,35,35,41,41,45,45,124,124,986,986,1156,1156,1110,1110,1070,1070,989,989,903,903,956,956,926,926,960,960,982,982,1030,1030,933,933,349,349,224,224,151,151,110,110,56,56,,,,,,,,,,,,,,,,,,,,,,,,,,,,,,,,,,,,,,,,,,,,,,,,
8794,2500,9124,8798,,0,67,67,70,70,49,49,53,53,62,62,67,67,186,186,910,910,1134,1134,1023,1023,977,977,900,900,812,812,861,861,864,864,851,851,886,886,939,939,854,854,524,524,336,336,227,227,165,165,84,84,,,,,,,,,,,,,,,,,,,,,,,,,,,,,,,,,,,,,,,,,,,,,,,,
8795,300,9130,,,0,0,0,0,0,0,0,0,0,0,0,0,0,1,1,5,5,5,5,5,5,5,5,5,5,4,4,4,4,4,4,4,4,5,5,5,5,4,4,2,2,1,1,1,1,1,1,0,0,,,,,,,,,,,,,,,,,,,,,,,,,,,,,,,,,,,,,,,,,,,,,,,,
8796,2500,8792,9094,,0,0,0,0,0,0,0,0,0,0,0,0,0,0,0,1138,1138,1201,1201,1284,1284,1257,1257,1168,1168,1084,1084,1145,1145,1051,1051,1179,1179,1173,1173,1211,1211,1091,1091,0,0,0,0,0,0,0,0,0,0,,,,,,,,,,,,,,,,,,,,,,,,,,,,,,,,,,,,,,,,,,,,,,,,
8797,1600,9142,8798,,0,0,0,0,0,0,0,0,0,0,0,0,0,1,1,7,7,8,8,7,7,7,7,6,6,6,6,6,6,6,6,6,6,6,6,7,7,6,6,3,3,2,2,1,1,1,1,0,0,,,,,,,,,,,,,,,,,,,,,,,,,,,,,,,,,,,,,,,,,,,,,,,,
8798,2500,8794,8815,8797;8799;8816,3,47,47,48,48,33,33,36,36,42,42,46,46,128,128,1057,1057,1213,1213,1153,1153,1128,1128,1033,1033,969,969,976,976,998,998,1023,1023,1032,1032,1096,1096,1027,1027,410,410,257,257,168,168,123,123,66,66,,,,,,,,,,,,,,,,,,,,,,,,,,,,,,,,,,,,,,,,,,,,,,,,
8799,2000,9136,8798,,0,47,47,48,48,33,33,36,36,42,42,46,46,128,128,1057,1057,1213,1213,1153,1153,1128,1128,1033,1033,969,969,976,976,998,998,1023,1023,1032,1032,1096,1096,1027,1027,410,410,257,257,168,168,123,123,66,66,,,,,,,,,,,,,,,,,,,,,,,,,,,,,,,,,,,,,,,,,,,,,,,,
88,3000,472,,,0,27,27,28,28,20,20,21,21,25,25,27,27,74,74,1049,1049,1182,1182,1170,1170,1126,1126,1056,1056,970,970,1022,1022,982,982,1052,1052,1066,1066,1112,1112,1010,1010,210,210,134,134,91,91,66,66,34,34,,,,,,,,,,,,,,,,,,,,,,,,,,,,,,,,,,,,,,,,,,,,,,,,
8800,1600,8771,9108,,0,1,1,1,1,1,1,1,1,1,1,1,1,3,3,13,13,16,16,15,15,14,14,13,13,12,12,12,12,12,12,12,12,13,13,13,13,12,12,7,7,5,5,3,3,2,2,1,1,,,,,,,,,,,,,,,,,,,,,,,,,,,,,,,,,,,,,,,,,,,,,,,,
8801,2500,9074,9072,,0,25,25,26,26,18,18,20,20,23,23,25,25,70,70,1062,1062,1213,1213,1136,1136,1055,1055,1044,1044,956,956,994,994,1008,1008,1076,1076,1104,1104,1158,1158,1070,1070,196,196,126,126,85,85,62,62,32,32,,,,,,,,,,,,,,,,,,,,,,,,,,,,,,,,,,,,,,,,,,,,,,,,
8802,1500,8804,9080,,0,25,25,26,26,18,18,20,20,23,23,25,25,70,70,1062,1062,1213,1213,1136,1136,1055,1055,1044,1044,956,956,994,994,1008,1008,1076,1076,1104,1104,1158,1158,1070,1070,196,196,126,126,85,85,62,62,32,32,,,,,,,,,,,,,,,,,,,,,,,,,,,,,,,,,,,,,,,,,,,,,,,,
8803,3500,8792,8804,,0,25,25,26,26,18,18,20,20,23,23,25,25,70,70,1062,1062,1213,1213,1136,1136,1055,1055,1044,1044,956,956,994,994,1008,1008,1076,1076,1104,1104,1158,1158,1070,1070,196,196,126,126,85,85,62,62,32,32,,,,,,,,,,,,,,,,,,,,,,,,,,,,,,,,,,,,,,,,,,,,,,,,
8804,2000,8802,8810,8803;8813,2,25,25,26,26,18,18,20,20,23,23,25,25,70,70,1062,1062,1213,1213,1136,1136,1055,1055,1044,1044,956,956,994,994,1008,1008,1076,1076,1104,1104,1158,1158,1070,1070,196,196,126,126,85,85,62,62,32,32,,,,,,,,,,,,,,,,,,,,,,,,,,,,,,,,,,,,,,,,,,,,,,,,
8805,2000,2217,9062,,0,45,45,47,47,33,33,35,35,41,41,45,45,124,124,986,986,1156,1156,1110,1110,1070,1070,989,989,903,903,956,956,926,926,960,960,982,982,1030,1030,933,933,349,349,224,224,151,151,110,110,56,56,,,,,,,,,,,,,,,,,,,,,,,,,,,,,,,,,,,,,,,,,,,,,,,,
8806,4400,9130,9132,,0,47,47,48,48,33,33,36,36,42,42,46,46,128,128,1057,1057,1213,1213,1153,1153,1128,1128,1033,1033,969,969,976,976,998,998,1023,1023,1032,1032,1096,1096,1027,1027,410,410,257,257,168,168,123,123,66,66,,,,,,,,,,,,,,,,,,,,,,,,,,,,,,,,,,,,,,,,,,,,,,,,
8807,1200,8780,9082,,0,0,0,0,0,0,0,0,0,0,0,0,0,0,0,3,3,4,4,4,4,3,3,3,3,3,3,3,3,3,3,3,3,3,3,4,4,3,3,1,1,0,0,0,0,0,0,0,0,,,,,,,,,,,,,,,,,,,,,,,,,,,,,,,,,,,,,,,,,,,,,,,,
8808,2500,9126,9102,,0,47,47,48,48,33,33,36,36,42,42,46,46,128,128,1057,1057,1213,1213,1153,1153,1128,1128,1033,1033,969,969,976,976,998,998,1023,1023,1032,1032,1096,1096,1027,1027,410,410,257,257,168,168,123,123,66,66,,,,,,,,,,,,,,,,,,,,,,,,,,,,,,,,,,,,,,,,,,,,,,,,
8809,1200,9067,9070,,0,0,0,0,0,0,0,0,0,0,0,0,0,0,0,5,5,6,6,6,6,5,5,5,5,5,5,5,5,5,5,5,5,6,6,6,6,5,5,1,1,1,1,1,1,0,0,0,0,,,,,,,,,,,,,,,,,,,,,,,,,,,,,,,,,,,,,,,,,,,,,,,,
8810,2000,9096,8804,,0,25,25,26,26,18,18,20,20,23,23,25,25,70,70,1062,1062,1213,1213,1136,1136,1055,1055,1044,1044,956,956,994,994,1008,1008,1076,1076,1104,1104,1158,1158,1070,1070,196,196,126,126,85,85,62,62,32,32,,,,,,,,,,,,,,,,,,,,,,,,,,,,,,,,,,,,,,,,,,,,,,,,
8811,3000,9127,9125,9129;8865,2,47,47,48,48,33,33,36,36,42,42,46,46,128,128,1057,1057,1213,1213,1153,1153,1128,1128,1033,1033,969,969,976,976,998,998,1023,1023,1032,1032,1096,1096,1027,1027,410,410,257,257,168,168,123,123,66,66,,,,,,,,,,,,,,,,,,,,,,,,,,,,,,,,,,,,,,,,,,,,,,,,
8812,2500,9128,9134,,0,47,47,48,48,33,33,36,36,42,42,46,46,128,128,1057,1057,1213,1213,1153,1153,1128,1128,1033,1033,969,969,976,976,998,998,1023,1023,1032,1032,1096,1096,1027,1027,410,410,257,257,168,168,123,123,66,66,,,,,,,,,,,,,,,,,,,,,,,,,,,,,,,,,,,,,,,,,,,,,,,,
8813,3500,8804,9036,,0,25,25,26,26,18,18,20,20,23,23,25,25,70,70,1062,1062,1213,1213,1136,1136,1055,1055,1044,1044,956,956,994,994,1008,1008,1076,1076,1104,1104,1158,1158,1070,1070,196,196,126,126,85,85,62,62,32,32,,,,,,,,,,,,,,,,,,,,,,,,,,,,,,,,,,,,,,,,,,,,,,,,
8814,1200,,9126,,0,0,0,0,0,0,0,0,0,0,0,0,0,1,1,7,7,8,8,8,8,7,7,7,7,6,6,6,6,7,7,7,7,7,7,7,7,7,7,3,3,2,2,1,1,1,1,0,0,,,,,,,,,,,,,,,,,,,,,,,,,,,,,,,,,,,,,,,,,,,,,,,,
8815,3000,8798,15549,,0,67,67,70,70,49,49,53,53,62,62,67,67,186,186,910,910,1134,1134,1023,1023,977,977,900,900,812,812,861,861,864,864,851,851,886,886,939,939,854,854,524,524,336,336,227,227,165,165,84,84,,,,,,,,,,,,,,,,,,,,,,,,,,,,,,,,,,,,,,,,,,,,,,,,
8816,2000,8798,8818,,0,47,47,48,48,33,33,36,36,42,42,46,46,128,128,1057,1057,1213,1213,1153,1153,1128,1128,1033,1033,969,969,976,976,998,998,1023,1023,1032,1032,1096,1096,1027,1027,410,410,257,257,168,168,123,123,66,66,,,,,,,,,,,,,,,,,,,,,,,,,,,,,,,,,,,,,,,,,,,,,,,,
8817,1500,8818,15549,,0,47,47,48,48,33,33,36,36,42,42,46,46,128,128,1057,1057,1213,1213,1153,1153,1128,1128,1033,1033,969,969,976,976,998,998,1023,1023,1032,1032,1096,1096,1027,1027,410,410,257,257,168,168,123,123,66,66,,,,,,,,,,,,,,,,,,,,,,,,,,,,,,,,,,,,,,,,,,,,,,,,
8818,2500,8820,8817,8816;9051,2,47,47,48,48,33,33,36,36,42,42,46,46,128,128,1057,1057,1213,1213,1153,1153,1128,1128,1033,1033,969,969,976,976,998,998,1023,1023,1032,1032,1096,1096,1027,1027,410,410,257,257,168,168,123,123,66,66,,,,,,,,,,,,,,,,,,,,,,,,,,,,,,,,,,,,,,,,,,,,,,,,
8819,4400,9138,9136,,0,42,42,39,39,28,28,29,29,34,34,39,39,112,112,1343,1343,1424,1424,1347,1347,1375,1375,1229,1229,1247,1247,1096,1096,1282,1282,1299,1299,1257,1257,1375,1375,1394,1394,536,536,316,316,190,190,140,140,87,87,,,,,,,,,,,,,,,,,,,,,,,,,,,,,,,,,,,,,,,,,,,,,,,,
8820,1500,8818,8823,,0,47,47,48,48,33,33,36,36,42,42,46,46,128,128,1057,1057,1213,1213,1153,1153,1128,1128,1033,1033,969,969,976,976,998,998,1023,1023,1032,1032,1096,1096,1027,1027,410,410,257,257,168,168,123,123,66,66,,,,,,,,,,,,,,,,,,,,,,,,,,,,,,,,,,,,,,,,,,,,,,,,
8821,2500,8829,9128,,0,47,47,48,48,33,33,36,36,42,42,46,46,128,128,1057,1057,1213,1213,1153,1153,1128,1128,1033,1033,969,969,976,976,998,998,1023,1023,1032,1032,1096,1096,1027,1027,410,410,257,257,168,168,123,123,66,66,,,,,,,,,,,,,,,,,,,,,,,,,,,,,,,,,,,,,,,,,,,,,,,,
8822,2000,8826,9067,,0,25,25,26,26,18,18,20,20,23,23,25,25,70,70,1062,1062,1213,1213,1136,1136,1055,1055,1044,1044,956,956,994,994,1008,1008,1076,1076,1104,1104,1158,1158,1070,1070,196,196,126,126,85,85,62,62,32,32,,,,,,,,,,,,,,,,,,,,,,,,,,,,,,,,,,,,,,,,,,,,,,,,
8823,2500,8825,8820,9133;8847,2,47,47,48,48,33,33,36,36,42,42,46,46,128,128,1057,1057,1213,1213,1153,1153,1128,1128,1033,1033,969,969,976,976,998,998,1023,1023,1032,1032,1096,1096,1027,1027,410,410,257,257,168,168,123,123,66,66,,,,,,,,,,,,,,,,,,,,,,,,,,,,,,,,,,,,,,,,,,,,,,,,
8824,1200,8826,9016,,0,0,0,0,0,0,0,0,0,0,0,0,0,0,0,5,5,6,6,5,5,5,5,5,5,5,5,5,5,5,5,5,5,5,5,5,5,5,5,1,1,1,1,0,0,0,0,0,0,,,,,,,,,,,,,,,,,,,,,,,,,,,,,,,,,,,,,,,,,,,,,,,,
8825,1500,8829,8823,,0,47,47,48,48,33,33,36,36,42,42,46,46,128,128,1057,1057,1213,1213,1153,1153,1128,1128,1033,1033,969,969,976,976,998,998,1023,1023,1032,1032,1096,1096,1027,1027,410,410,257,257,168,168,123,123,66,66,,,,,,,,,,,,,,,,,,,,,,,,,,,,,,,,,,,,,,,,,,,,,,,,
8826,2000,8830,8824,8822;8831,2,25,25,26,26,18,18,20,20,23,23,25,25,70,70,1062,1062,1213,1213,1136,1136,1055,1055,1044,1044,956,956,994,994,1008,1008,1076,1076,1104,1104,1158,1158,1070,1070,196,196,126,126,85,85,62,62,32,32,,,,,,,,,,,,,,,,,,,,,,,,,,,,,,,,,,,,,,,,,,,,,,,,
8827,4400,9078,9074,,0,25,25,26,26,18,18,20,20,23,23,25,25,70,70,1062,1062,1213,1213,1136,1136,1055,1055,1044,1044,956,956,994,994,1008,1008,1076,1076,1104,1104,1158,1158,1070,1070,196,196,126,126,85,85,62,62,32,32,,,,,,,,,,,,,,,,,,,,,,,,,,,,,,,,,,,,,,,,,,,,,,,,
8828,2000,8829,9045,,0,47,47,48,48,33,33,36,36,42,42,46,46,128,128,1057,1057,1213,1213,1153,1153,1128,1128,1033,1033,969,969,976,976,998,998,1023,1023,1032,1032,1096,1096,1027,1027,410,410,257,257,168,168,123,123,66,66,,,,,,,,,,,,,,,,,,,,,,,,,,,,,,,,,,,,,,,,,,,,,,,,
8829,2500,8821,8843,8825;8828;8841,3,47,47,48,48,33,33,36,36,42,42,46,46,128,128,1057,1057,1213,1213,1153,1153,1128,1128,1033,1033,969,969,976,976,998,998,1023,1023,1032,1032,1096,1096,1027,1027,410,410,257,257,168,168,123,123,66,66,,,,,,,,,,,,,,,,,,,,,,,,,,,,,,,,,,,,,,,,,,,,,,,,
8830,2000,9002,8826,,0,25,25,26,26,18,18,20,20,23,23,25,25,70,70,1062,1062,1213,1213,1136,1136,1055,1055,1044,1044,956,956,994,994,1008,1008,1076,1076,1104,1104,1158,1158,1070,1070,196,196,126,126,85,85,62,62,32,32,,,,,,,,,,,,,,,,,,,,,,,,,,,,,,,,,,,,,,,,,,,,,,,,
8831,1600,8833,8826,,0,0,0,0,0,0,0,0,0,0,0,0,0,1,1,7,7,8,8,8,8,7,7,7,7,7,7,7,7,7,7,7,7,7,7,8,8,7,7,2,2,1,1,1,1,1,1,0,0,,,,,,,,,,,,,,,,,,,,,,,,,,,,,,,,,,,,,,,,,,,,,,,,
8832,2000,8833,9014,,0,25,25,26,26,18,18,20,20,23,23,25,25,70,70,1062,1062,1213,1213,1136,1136,1055,1055,1044,1044,956,956,994,994,1008,1008,1076,1076,1104,1104,1158,1158,1070,1070,196,196,126,126,85,85,62,62,32,32,,,,,,,,,,,,,,,,,,,,,,,,,,,,,,,,,,,,,,,,,,,,,,,,
8833,2500,8832,8837,8831;8852,2,25,25,26,26,18,18,20,20,23,23,25,25,70,70,1062,1062,1213,1213,1136,1136,1055,1055,1044,1044,956,956,994,994,1008,1008,1076,1076,1104,1104,1158,1158,1070,1070,196,196,126,126,85,85,62,62,32,32,,,,,,,,,,,,,,,,,,,,,,,,,,,,,,,,,,,,,,,,,,,,,,,,
8834,2000,9066,8769,,0,40,40,42,42,29,29,32,32,37,37,40,40,112,112,1001,1001,1161,1161,1127,1127,1089,1089,1007,1007,921,921,975,975,939,939,982,982,1001,1001,1048,1048,949,949,314,314,202,202,136,136,99,99,50,50,,,,,,,,,,,,,,,,,,,,,,,,,,,,,,,,,,,,,,,,,,,,,,,,
8835,300,,8836,,0,0,0,0,0,0,0,0,0,0,0,0,0,0,0,1,1,1,1,1,1,1,1,1,1,1,1,1,1,1,1,1,1,1,1,1,1,1,1,0,0,0,0,0,0,0,0,0,0,,,,,,,,,,,,,,,,,,,,,,,,,,,,,,,,,,,,,,,,,,,,,,,,
8836,300,2278,8835,8989;8993,2,0,0,0,0,0,0,0,0,0,0,0,0,0,0,1,1,1,1,1,1,1,1,1,1,1,1,1,1,1,1,1,1,1,1,1,1,1,1,0,0,0,0,0,0,0,0,0,0,,,,,,,,,,,,,,,,,,,,,,,,,,,,,,,,,,,,,,,,,,,,,,,,
8837,1500,8833,9006,,0,25,25,26,26,18,18,20,20,23,23,25,25,70,70,1062,1062,1213,1213,1136,1136,1055,1055,1044,1044,956,956,994,994,1008,1008,1076,1076,1104,1104,1158,1158,1070,1070,196,196,126,126,85,85,62,62,32,32,,,,,,,,,,,,,,,,,,,,,,,,,,,,,,,,,,,,,,,,,,,,,,,,
8838,1600,9012,9022,,0,0,0,0,0,0,0,0,0,0,0,0,0,0,0,6,6,7,7,6,6,6,6,6,6,5,5,5,5,5,5,6,6,6,6,6,6,6,6,1,1,1,1,1,1,0,0,0,0,,,,,,,,,,,,,,,,,,,,,,,,,,,,,,,,,,,,,,,,,,,,,,,,
8839,2000,9032,9028,,0,25,25,26,26,18,18,20,20,23,23,25,25,70,70,1062,1062,1213,1213,1136,1136,1055,1055,1044,1044,956,956,994,994,1008,1008,1076,1076,1104,1104,1158,1158,1070,1070,196,196,126,126,85,85,62,62,32,32,,,,,,,,,,,,,,,,,,,,,,,,,,,,,,,,,,,,,,,,,,,,,,,,
8840,2500,9027,,9026,1,25,25,26,26,18,18,20,20,23,23,25,25,70,70,1062,1062,1213,1213,1136,1136,1055,1055,1044,1044,956,956,994,994,1008,1008,1076,1076,1104,1104,1158,1158,1070,1070,196,196,126,126,85,85,62,62,32,32,,,,,,,,,,,,,,,,,,,,,,,,,,,,,,,,,,,,,,,,,,,,,,,,
8841,2000,9047,8829,,0,47,47,48,48,33,33,36,36,42,42,46,46,128,128,1057,1057,1213,1213,1153,1153,1128,1128,1033,1033,969,969,976,976,998,998,1023,1023,1032,1032,1096,1096,1027,1027,410,410,257,257,168,168,123,123,66,66,,,,,,,,,,,,,,,,,,,,,,,,,,,,,,,,,,,,,,,,,,,,,,,,
8842,2500,15622,9052,,0,67,67,70,70,49,49,53,53,62,62,67,67,186,186,910,910,1134,1134,1023,1023,977,977,900,900,812,812,861,861,864,864,851,851,886,886,939,939,854,854,524,524,336,336,227,227,165,165,84,84,,,,,,,,,,,,,,,,,,,,,,,,,,,,,,,,,,,,,,,,,,,,,,,,
8843,2500,8846,8829,,0,47,47,48,48,33,33,36,36,42,42,46,46,128,128,1057,1057,1213,1213,1153,1153,1128,1128,1033,1033,969,969,976,976,998,998,1023,1023,1032,1032,1096,1096,1027,1027,410,410,257,257,168,168,123,123,66,66,,,,,,,,,,,,,,,,,,,,,,,,,,,,,,,,,,,,,,,,,,,,,,,,
8844,2500,9043,8846,,0,47,47,48,48,33,33,36,36,42,42,46,46,128,128,1057,1057,1213,1213,1153,1153,1128,1128,1033,1033,969,969,976,976,998,998,1023,1023,1032,1032,1096,1096,1027,1027,410,410,257,257,168,168,123,123,66,66,,,,,,,,,,,,,,,,,,,,,,,,,,,,,,,,,,,,,,,,,,,,,,,,
8845,2000,8846,9047,,0,47,47,48,48,33,33,36,36,42,42,46,46,128,128,1057,1057,1213,1213,1153,1153,1128,1128,1033,1033,969,969,976,976,998,998,1023,1023,1032,1032,1096,1096,1027,1027,410,410,257,257,168,168,123,123,66,66,,,,,,,,,,,,,,,,,,,,,,,,,,,,,,,,,,,,,,,,,,,,,,,,
8846,2500,8845,8844,8843;8850,2,47,47,48,48,33,33,36,36,42,42,46,46,128,128,1057,1057,1213,1213,1153,1153,1128,1128,1033,1033,969,969,976,976,998,998,1023,1023,1032,1032,1096,1096,1027,1027,410,410,257,257,168,168,123,123,66,66,,,,,,,,,,,,,,,,,,,,,,,,,,,,,,,,,,,,,,,,,,,,,,,,
8847,4400,8823,9049,,0,47,47,48,48,33,33,36,36,42,42,46,46,128,128,1057,1057,1213,1213,1153,1153,1128,1128,1033,1033,969,969,976,976,998,998,1023,1023,1032,1032,1096,1096,1027,1027,410,410,257,257,168,168,123,123,66,66,,,,,,,,,,,,,,,,,,,,,,,,,,,,,,,,,,,,,,,,,,,,,,,,
8848,2500,9028,8853,,0,25,25,26,26,18,18,20,20,23,23,25,25,70,70,1062,1062,1213,1213,1136,1136,1055,1055,1044,1044,956,956,994,994,1008,1008,1076,1076,1104,1104,1158,1158,1070,1070,196,196,126,126,85,85,62,62,32,32,,,,,,,,,,,,,,,,,,,,,,,,,,,,,,,,,,,,,,,,,,,,,,,,
8849,2500,9022,9024,,0,25,25,26,26,18,18,20,20,23,23,25,25,70,70,1062,1062,1213,1213,1136,1136,1055,1055,1044,1044,956,956,994,994,1008,1008,1076,1076,1104,1104,1158,1158,1070,1070,196,196,126,126,85,85,62,62,32,32,,,,,,,,,,,,,,,,,,,,,,,,,,,,,,,,,,,,,,,,,,,,,,,,
8850,1200,8863,8846,,0,1,1,1,1,0,0,0,0,0,0,1,1,1,1,11,11,13,13,12,12,12,12,11,11,10,10,10,10,10,10,10,10,11,11,11,11,11,11,5,5,3,3,2,2,1,1,1,1,,,,,,,,,,,,,,,,,,,,,,,,,,,,,,,,,,,,,,,,,,,,,,,,
8851,1600,9006,8857,,0,0,0,0,0,0,0,0,0,0,0,0,0,0,0,4,4,5,5,5,5,4,4,4,4,4,4,4,4,4,4,4,4,5,5,5,5,4,4,1,1,1,1,0,0,0,0,0,0,,,,,,,,,,,,,,,,,,,,,,,,,,,,,,,,,,,,,,,,,,,,,,,,
8852,1600,8858,8833,,0,0,0,0,0,0,0,0,0,0,0,0,0,0,0,6,6,7,7,6,6,6,6,6,6,5,5,6,6,6,6,6,6,6,6,7,7,6,6,1,1,1,1,1,1,0,0,0,0,,,,,,,,,,,,,,,,,,,,,,,,,,,,,,,,,,,,,,,,,,,,,,,,
8853,2000,8859,8848,9019;8860,2,25,25,26,26,18,18,20,20,23,23,25,25,70,70,1062,1062,1213,1213,1136,1136,1055,1055,1044,1044,956,956,994,994,1008,1008,1076,1076,1104,1104,1158,1158,1070,1070,196,196,126,126,85,85,62,62,32,32,,,,,,,,,,,,,,,,,,,,,,,,,,,,,,,,,,,,,,,,,,,,,,,,
8854,1600,8998,8857,,0,0,0,0,0,0,0,0,0,0,0,0,0,1,1,8,8,9,9,8,8,8,8,7,7,7,7,7,7,7,7,8,8,8,8,8,8,8,8,2,2,1,1,1,1,1,1,0,0,,,,,,,,,,,,,,,,,,,,,,,,,,,,,,,,,,,,,,,,,,,,,,,,
8855,2000,9010,8858,,0,25,25,26,26,18,18,20,20,23,23,25,25,70,70,1062,1062,1213,1213,1136,1136,1055,1055,1044,1044,956,956,994,994,1008,1008,1076,1076,1104,1104,1158,1158,1070,1070,196,196,126,126,85,85,62,62,32,32,,,,,,,,,,,,,,,,,,,,,,,,,,,,,,,,,,,,,,,,,,,,,,,,
8856,800,9004,8857,,0,0,0,0,0,0,0,0,0,0,0,0,0,0,0,6,6,7,7,7,7,6,6,6,6,6,6,6,6,6,6,6,6,6,6,7,7,6,6,1,1,1,1,1,1,0,0,0,0,,,,,,,,,,,,,,,,,,,,,,,,,,,,,,,,,,,,,,,,,,,,,,,,
8857,1200,8851,8854,8856;8864,2,0,0,0,0,0,0,0,0,0,0,0,0,0,0,3,3,3,3,3,3,3,3,3,3,3,3,3,3,3,3,3,3,3,3,3,3,3,3,1,1,0,0,0,0,0,0,0,0,,,,,,,,,,,,,,,,,,,,,,,,,,,,,,,,,,,,,,,,,,,,,,,,
8858,2000,9003,8855,8852;8878,2,25,25,26,26,18,18,20,20,23,23,25,25,70,70,1062,1062,1213,1213,1136,1136,1055,1055,1044,1044,956,956,994,994,1008,1008,1076,1076,1104,1104,1158,1158,1070,1070,196,196,126,126,85,85,62,62,32,32,,,,,,,,,,,,,,,,,,,,,,,,,,,,,,,,,,,,,,,,,,,,,,,,
8859,1600,8853,9008,,0,0,0,0,0,0,0,0,0,0,0,0,0,0,0,6,6,7,7,7,7,6,6,6,6,6,6,6,6,6,6,6,6,6,6,7,7,6,6,1,1,1,1,1,1,0,0,0,0,,,,,,,,,,,,,,,,,,,,,,,,,,,,,,,,,,,,,,,,,,,,,,,,
8860,2500,9030,8853,,0,25,25,26,26,18,18,20,20,23,23,25,25,70,70,1062,1062,1213,1213,1136,1136,1055,1055,1044,1044,956,956,994,994,1008,1008,1076,1076,1104,1104,1158,1158,1070,1070,196,196,126,126,85,85,62,62,32,32,,,,,,,,,,,,,,,,,,,,,,,,,,,,,,,,,,,,,,,,,,,,,,,,
8861,2500,9041,9039,,0,25,25,26,26,18,18,20,20,23,23,25,25,70,70,1062,1062,1213,1213,1136,1136,1055,1055,1044,1044,956,956,994,994,1008,1008,1076,1076,1104,1104,1158,1158,1070,1070,196,196,126,126,85,85,62,62,32,32,,,,,,,,,,,,,,,,,,,,,,,,,,,,,,,,,,,,,,,,,,,,,,,,
8862,4400,9050,8901,9048;8869,2,47,47,48,48,33,33,36,36,42,42,46,46,128,128,1057,1057,1213,1213,1153,1153,1128,1128,1033,1033,969,969,976,976,998,998,1023,1023,1032,1032,1096,1096,1027,1027,410,410,257,257,168,168,123,123,66,66,,,,,,,,,,,,,,,,,,,,,,,,,,,,,,,,,,,,,,,,,,,,,,,,
8863,2500,8902,8850,,0,47,47,48,48,33,33,36,36,42,42,46,46,128,128,1057,1057,1213,1213,1153,1153,1128,1128,1033,1033,969,969,976,976,998,998,1023,1023,1032,1032,1096,1096,1027,1027,410,410,257,257,168,168,123,123,66,66,,,,,,,,,,,,,,,,,,,,,,,,,,,,,,,,,,,,,,,,,,,,,,,,
8864,1200,8890,8857,,0,0,0,0,0,0,0,0,0,0,0,0,0,0,0,4,4,4,4,4,4,4,4,4,4,3,3,3,3,4,4,4,4,4,4,4,4,4,4,1,1,1,1,0,0,0,0,0,0,,,,,,,,,,,,,,,,,,,,,,,,,,,,,,,,,,,,,,,,,,,,,,,,
8865,4000,9045,8811,,0,0,0,0,0,0,0,0,0,0,0,0,0,0,0,1138,1138,1201,1201,1284,1284,1257,1257,1168,1168,1084,1084,1145,1145,1051,1051,1179,1179,1173,1173,1211,1211,1091,1091,0,0,0,0,0,0,0,0,0,0,,,,,,,,,,,,,,,,,,,,,,,,,,,,,,,,,,,,,,,,,,,,,,,,
8866,2000,8877,15585,,0,47,47,48,48,33,33,36,36,42,42,46,46,128,128,1057,1057,1213,1213,1153,1153,1128,1128,1033,1033,969,969,976,976,998,998,1023,1023,1032,1032,1096,1096,1027,1027,410,410,257,257,168,168,123,123,66,66,,,,,,,,,,,,,,,,,,,,,,,,,,,,,,,,,,,,,,,,,,,,,,,,
8867,1600,8893,8892,,0,0,0,0,0,0,0,0,0,0,0,0,0,0,0,5,5,6,6,5,5,5,5,5,5,5,5,5,5,5,5,5,5,5,5,5,5,5,5,1,1,1,1,0,0,0,0,0,0,,,,,,,,,,,,,,,,,,,,,,,,,,,,,,,,,,,,,,,,,,,,,,,,
8868,800,8912,8909,,0,0,0,0,0,0,0,0,0,0,0,0,0,1,1,8,8,9,9,8,8,8,8,7,7,7,7,7,7,7,7,7,7,7,7,8,8,7,7,3,3,2,2,1,1,1,1,1,1,,,,,,,,,,,,,,,,,,,,,,,,,,,,,,,,,,,,,,,,,,,,,,,,
8869,4400,8877,8862,,0,47,47,48,48,33,33,36,36,42,42,46,46,128,128,1057,1057,1213,1213,1153,1153,1128,1128,1033,1033,969,969,976,976,998,998,1023,1023,1032,1032,1096,1096,1027,1027,410,410,257,257,168,168,123,123,66,66,,,,,,,,,,,,,,,,,,,,,,,,,,,,,,,,,,,,,,,,,,,,,,,,
8870,800,8872,8909,,0,0,0,0,0,0,0,0,0,0,0,0,0,1,1,8,8,10,10,9,9,9,9,8,8,8,8,8,8,8,8,8,8,8,8,9,9,8,8,4,4,2,2,1,1,1,1,1,1,,,,,,,,,,,,,,,,,,,,,,,,,,,,,,,,,,,,,,,,,,,,,,,,
8871,600,,8872,,0,1,1,1,1,0,0,0,0,0,0,1,1,1,1,11,11,13,13,12,12,12,12,11,11,10,10,10,10,10,10,10,10,11,11,11,11,10,10,5,5,3,3,2,2,1,1,1,1,,,,,,,,,,,,,,,,,,,,,,,,,,,,,,,,,,,,,,,,,,,,,,,,
8872,600,8871,8874,8870;8875,2,1,1,1,1,0,0,0,0,1,1,1,1,2,2,12,12,14,14,13,13,13,13,12,12,11,11,11,11,11,11,12,12,12,12,13,13,12,12,5,5,3,3,2,2,2,2,1,1,,,,,,,,,,,,,,,,,,,,,,,,,,,,,,,,,,,,,,,,,,,,,,,,
8873,4400,9041,9037,,0,25,25,26,26,18,18,20,20,23,23,25,25,70,70,1062,1062,1213,1213,1136,1136,1055,1055,1044,1044,956,956,994,994,1008,1008,1076,1076,1104,1104,1158,1158,1070,1070,196,196,126,126,85,85,62,62,32,32,,,,,,,,,,,,,,,,,,,,,,,,,,,,,,,,,,,,,,,,,,,,,,,,
8874,600,8907,8872,,0,0,0,1,1,0,0,0,0,0,0,0,0,1,1,10,10,12,12,11,11,11,11,10,10,9,9,9,9,9,9,10,10,10,10,10,10,10,10,4,4,3,3,2,2,1,1,1,1,,,,,,,,,,,,,,,,,,,,,,,,,,,,,,,,,,,,,,,,,,,,,,,,
8875,800,8872,5126,,0,53,53,55,55,38,38,42,42,48,48,53,53,146,146,715,715,891,891,804,804,768,768,707,707,638,638,676,676,679,679,669,669,696,696,738,738,671,671,411,411,264,264,178,178,130,130,66,66,,,,,,,,,,,,,,,,,,,,,,,,,,,,,,,,,,,,,,,,,,,,,,,,
8876,4400,8787,9072,,0,25,25,26,26,18,18,20,20,23,23,25,25,70,70,1062,1062,1213,1213,1136,1136,1055,1055,1044,1044,956,956,994,994,1008,1008,1076,1076,1104,1104,1158,1158,1070,1070,196,196,126,126,85,85,62,62,32,32,,,,,,,,,,,,,,,,,,,,,,,,,,,,,,,,,,,,,,,,,,,,,,,,
8877,2500,8905,8866,8869;4825,2,47,47,48,48,33,33,36,36,42,42,46,46,128,128,1057,1057,1213,1213,1153,1153,1128,1128,1033,1033,969,969,976,976,998,998,1023,1023,1032,1032,1096,1096,1027,1027,410,410,257,257,168,168,123,123,66,66,,,,,,,,,,,,,,,,,,,,,,,,,,,,,,,,,,,,,,,,,,,,,,,,
8878,2500,5095,8858,,0,25,25,26,26,18,18,20,20,23,23,25,25,70,70,1062,1062,1213,1213,1136,1136,1055,1055,1044,1044,956,956,994,994,1008,1008,1076,1076,1104,1104,1158,1158,1070,1070,196,196,126,126,85,85,62,62,32,32,,,,,,,,,,,,,,,,,,,,,,,,,,,,,,,,,,,,,,,,,,,,,,,,
8879,800,8996,8886,,0,0,0,0,0,0,0,0,0,0,0,0,0,0,0,1,1,1,1,1,1,1,1,1,1,1,1,1,1,1,1,1,1,1,1,1,1,1,1,0,0,0,0,0,0,0,0,0,0,,,,,,,,,,,,,,,,,,,,,,,,,,,,,,,,,,,,,,,,,,,,,,,,
8880,2500,8914,8912,,0,47,47,48,48,33,33,36,36,42,42,46,46,128,128,1057,1057,1213,1213,1153,1153,1128,1128,1033,1033,969,969,976,976,998,998,1023,1023,1032,1032,1096,1096,1027,1027,410,410,257,257,168,168,123,123,66,66,,,,,,,,,,,,,,,,,,,,,,,,,,,,,,,,,,,,,,,,,,,,,,,,
8881,3000,8897,4807,,0,0,0,0,0,0,0,0,0,0,0,0,0,0,0,1156,1156,1275,1275,1184,1184,1063,1063,1121,1121,1033,1033,1056,1056,1105,1105,1218,1218,1250,1250,1308,1308,1226,1226,0,0,0,0,0,0,0,0,0,0,,,,,,,,,,,,,,,,,,,,,,,,,,,,,,,,,,,,,,,,,,,,,,,,
8882,1200,8893,9004,,0,0,0,0,0,0,0,0,0,0,0,0,0,0,0,6,6,6,6,6,6,6,6,6,6,5,5,5,5,5,5,6,6,6,6,6,6,6,6,1,1,1,1,1,1,0,0,0,0,,,,,,,,,,,,,,,,,,,,,,,,,,,,,,,,,,,,,,,,,,,,,,,,
8883,2200,8787,9067,,0,25,25,26,26,18,18,20,20,23,23,25,25,70,70,1062,1062,1213,1213,1136,1136,1055,1055,1044,1044,956,956,994,994,1008,1008,1076,1076,1104,1104,1158,1158,1070,1070,196,196,126,126,85,85,62,62,32,32,,,,,,,,,,,,,,,,,,,,,,,,,,,,,,,,,,,,,,,,,,,,,,,,
8884,4400,9096,9034,,0,0,0,0,0,0,0,0,0,0,0,0,0,0,0,1156,1156,1275,1275,1184,1184,1063,1063,1121,1121,1033,1033,1056,1056,1105,1105,1218,1218,1250,1250,1308,1308,1226,1226,0,0,0,0,0,0,0,0,0,0,,,,,,,,,,,,,,,,,,,,,,,,,,,,,,,,,,,,,,,,,,,,,,,,
8885,1600,,,,0,0,0,0,0,0,0,0,0,0,0,0,0,0,0,1,1,1,1,1,1,1,1,1,1,1,1,1,1,1,1,1,1,1,1,1,1,1,1,0,0,0,0,0,0,0,0,0,0,,,,,,,,,,,,,,,,,,,,,,,,,,,,,,,,,,,,,,,,,,,,,,,,
8886,1200,2380,8879,2344,1,0,0,0,0,0,0,0,0,0,0,0,0,1,1,8,8,9,9,8,8,8,8,7,7,7,7,7,7,7,7,7,7,7,7,8,8,7,7,3,3,2,2,1,1,1,1,0,0,,,,,,,,,,,,,,,,,,,,,,,,,,,,,,,,,,,,,,,,,,,,,,,,
8887,1600,8888,5081,,0,0,0,0,0,0,0,0,0,0,0,0,0,1,1,10,10,11,11,11,11,10,10,10,10,9,9,9,9,10,10,10,10,10,10,11,11,10,10,2,2,1,1,1,1,1,1,0,0,,,,,,,,,,,,,,,,,,,,,,,,,,,,,,,,,,,,,,,,,,,,,,,,
8888,2500,8889,8887,8997,1,25,25,26,26,18,18,20,20,23,23,25,25,70,70,1062,1062,1213,1213,1136,1136,1055,1055,1044,1044,956,956,994,994,1008,1008,1076,1076,1104,1104,1158,1158,1070,1070,196,196,126,126,85,85,62,62,32,32,,,,,,,,,,,,,,,,,,,,,,,,,,,,,,,,,,,,,,,,,,,,,,,,
8889,1600,8888,8890,,0,0,0,0,0,0,0,0,0,0,0,0,0,0,0,6,6,7,7,6,6,6,6,6,6,5,5,5,5,5,5,6,6,6,6,6,6,6,6,1,1,1,1,1,1,0,0,0,0,,,,,,,,,,,,,,,,,,,,,,,,,,,,,,,,,,,,,,,,,,,,,,,,
8890,800,8891,8889,8864,1,0,0,0,0,0,0,0,0,0,0,0,0,0,0,6,6,7,7,6,6,6,6,6,6,5,5,5,5,6,6,6,6,6,6,6,6,6,6,1,1,1,1,1,1,0,0,0,0,,,,,,,,,,,,,,,,,,,,,,,,,,,,,,,,,,,,,,,,,,,,,,,,
8891,800,8892,8890,,0,0,0,0,0,0,0,0,0,0,0,0,0,1,1,8,8,9,9,8,8,8,8,7,7,7,7,7,7,7,7,8,8,8,8,8,8,8,8,2,2,1,1,1,1,1,1,0,0,,,,,,,,,,,,,,,,,,,,,,,,,,,,,,,,,,,,,,,,,,,,,,,,
8892,800,8867,8891,4811,1,0,0,0,0,0,0,0,0,0,0,0,0,1,1,8,8,9,9,8,8,8,8,8,8,7,7,7,7,7,7,8,8,8,8,8,8,8,8,2,2,1,1,1,1,1,1,0,0,,,,,,,,,,,,,,,,,,,,,,,,,,,,,,,,,,,,,,,,,,,,,,,,
8893,1200,5096,8882,8867,1,0,0,0,0,0,0,0,0,0,0,0,0,0,0,5,5,6,6,6,6,5,5,5,5,5,5,5,5,5,5,5,5,6,6,6,6,5,5,1,1,1,1,1,1,0,0,0,0,,,,,,,,,,,,,,,,,,,,,,,,,,,,,,,,,,,,,,,,,,,,,,,,
8894,4400,9029,5099,8896,1,25,25,26,26,18,18,20,20,23,23,25,25,70,70,1062,1062,1213,1213,1136,1136,1055,1055,1044,1044,956,956,994,994,1008,1008,1076,1076,1104,1104,1158,1158,1070,1070,196,196,126,126,85,85,62,62,32,32,,,,,,,,,,,,,,,,,,,,,,,,,,,,,,,,,,,,,,,,,,,,,,,,
8895,1200,8900,5103,,0,1,1,1,1,1,1,1,1,1,1,1,1,2,2,15,15,18,18,17,17,16,16,15,15,14,14,14,14,14,14,15,15,15,15,16,16,15,15,6,6,4,4,3,3,2,2,1,1,,,,,,,,,,,,,,,,,,,,,,,,,,,,,,,,,,,,,,,,,,,,,,,,
8896,4400,8897,8894,,0,25,25,26,26,18,18,20,20,23,23,25,25,70,70,1062,1062,1213,1213,1136,1136,1055,1055,1044,1044,956,956,994,994,1008,1008,1076,1076,1104,1104,1158,1158,1070,1070,196,196,126,126,85,85,62,62,32,32,,,,,,,,,,,,,,,,,,,,,,,,,,,,,,,,,,,,,,,,,,,,,,,,
8897,3500,8896,8881,9040,1,25,25,26,26,18,18,20,20,23,23,25,25,70,70,1062,1062,1213,1213,1136,1136,1055,1055,1044,1044,956,956,994,994,1008,1008,1076,1076,1104,1104,1158,1158,1070,1070,196,196,126,126,85,85,62,62,32,32,,,,,,,,,,,,,,,,,,,,,,,,,,,,,,,,,,,,,,,,,,,,,,,,
8898,4400,9034,9039,,0,25,25,26,26,18,18,20,20,23,23,25,25,70,70,1062,1062,1213,1213,1136,1136,1055,1055,1044,1044,956,956,994,994,1008,1008,1076,1076,1104,1104,1158,1158,1070,1070,196,196,126,126,85,85,62,62,32,32,,,,,,,,,,,,,,,,,,,,,,,,,,,,,,,,,,,,,,,,,,,,,,,,
8899,4400,9037,8900,,0,25,25,26,26,18,18,20,20,23,23,25,25,70,70,1062,1062,1213,1213,1136,1136,1055,1055,1044,1044,956,956,994,994,1008,1008,1076,1076,1104,1104,1158,1158,1070,1070,196,196,126,126,85,85,62,62,32,32,,,,,,,,,,,,,,,,,,,,,,,,,,,,,,,,,,,,,,,,,,,,,,,,
89,2000,5214,511,,0,67,67,70,70,49,49,53,53,62,62,67,67,186,186,910,910,1134,1134,1023,1023,977,977,900,900,812,812,861,861,864,864,851,851,886,886,939,939,854,854,524,524,336,336,227,227,165,165,84,84,,,,,,,,,,,,,,,,,,,,,,,,,,,,,,,,,,,,,,,,,,,,,,,,
8900,2500,8895,4804,8899,1,47,47,48,48,33,33,36,36,42,42,46,46,128,128,1057,1057,1213,1213,1153,1153,1128,1128,1033,1033,969,969,976,976,998,998,1023,1023,1032,1032,1096,1096,1027,1027,410,410,257,257,168,168,123,123,66,66,,,,,,,,,,,,,,,,,,,,,,,,,,,,,,,,,,,,,,,,,,,,,,,,
8901,4400,8916,8862,,0,47,47,48,48,33,33,36,36,42,42,46,46,128,128,1057,1057,1213,1213,1153,1153,1128,1128,1033,1033,969,969,976,976,998,998,1023,1023,1032,1032,1096,1096,1027,1027,410,410,257,257,168,168,123,123,66,66,,,,,,,,,,,,,,,,,,,,,,,,,,,,,,,,,,,,,,,,,,,,,,,,
8902,4000,8913,8863,8903,1,47,47,48,48,33,33,36,36,42,42,46,46,128,128,1057,1057,1213,1213,1153,1153,1128,1128,1033,1033,969,969,976,976,998,998,1023,1023,1032,1032,1096,1096,1027,1027,410,410,257,257,168,168,123,123,66,66,,,,,,,,,,,,,,,,,,,,,,,,,,,,,,,,,,,,,,,,,,,,,,,,
8903,4400,8904,8902,,0,67,67,70,70,49,49,53,53,62,62,67,67,186,186,910,910,1134,1134,1023,1023,977,977,900,900,812,812,861,861,864,864,851,851,886,886,939,939,854,854,524,524,336,336,227,227,165,165,84,84,,,,,,,,,,,,,,,,,,,,,,,,,,,,,,,,,,,,,,,,,,,,,,,,
8904,4400,9042,5118,8903,1,47,47,48,48,33,33,36,36,42,42,46,46,128,128,1057,1057,1213,1213,1153,1153,1128,1128,1033,1033,969,969,976,976,998,998,1023,1023,1032,1032,1096,1096,1027,1027,410,410,257,257,168,168,123,123,66,66,,,,,,,,,,,,,,,,,,,,,,,,,,,,,,,,,,,,,,,,,,,,,,,,
8905,1500,5126,8877,,0,42,42,39,39,28,28,29,29,34,34,39,39,112,112,1343,1343,1424,1424,1347,1347,1375,1375,1229,1229,1247,1247,1096,1096,1282,1282,1299,1299,1257,1257,1375,1375,1394,1394,536,536,316,316,190,190,140,140,87,87,,,,,,,,,,,,,,,,,,,,,,,,,,,,,,,,,,,,,,,,,,,,,,,,
8906,600,8910,8907,,0,1,1,1,1,1,1,1,1,1,1,1,1,2,2,15,15,18,18,17,17,16,16,15,15,14,14,14,14,14,14,15,15,15,15,16,16,15,15,6,6,4,4,3,3,2,2,1,1,,,,,,,,,,,,,,,,,,,,,,,,,,,,,,,,,,,,,,,,,,,,,,,,
8907,600,8874,8906,4802,1,1,1,1,1,0,0,0,0,1,1,1,1,2,2,12,12,15,15,14,14,13,13,12,12,11,11,12,12,12,12,12,12,12,12,13,13,12,12,5,5,3,3,2,2,2,2,1,1,,,,,,,,,,,,,,,,,,,,,,,,,,,,,,,,,,,,,,,,,,,,,,,,
8908,800,8909,8916,,0,0,0,0,0,0,0,0,0,0,0,0,0,1,1,4,4,5,5,4,4,4,4,4,4,4,4,4,4,4,4,4,4,4,4,4,4,4,4,2,2,1,1,1,1,1,1,0,0,,,,,,,,,,,,,,,,,,,,,,,,,,,,,,,,,,,,,,,,,,,,,,,,
8909,600,8908,8868,8870,1,0,0,0,0,0,0,0,0,0,0,0,0,1,1,5,5,6,6,6,6,6,6,5,5,5,5,5,5,5,5,5,5,5,5,5,5,5,5,2,2,1,1,1,1,1,1,0,0,,,,,,,,,,,,,,,,,,,,,,,,,,,,,,,,,,,,,,,,,,,,,,,,
8910,300,8906,8911,5127,1,1,1,1,1,1,1,1,1,1,1,1,1,2,2,15,15,18,18,17,17,16,16,15,15,14,14,14,14,14,14,15,15,15,15,16,16,15,15,6,6,4,4,3,3,2,2,1,1,,,,,,,,,,,,,,,,,,,,,,,,,,,,,,,,,,,,,,,,,,,,,,,,
8911,1200,8910,8912,,0,1,1,1,1,0,0,0,0,1,1,1,1,2,2,12,12,14,14,13,13,13,13,12,12,11,11,11,11,11,11,11,11,12,12,12,12,11,11,5,5,3,3,2,2,2,2,1,1,,,,,,,,,,,,,,,,,,,,,,,,,,,,,,,,,,,,,,,,,,,,,,,,
8912,400,8880,8868,8911,1,1,1,1,1,0,0,0,0,1,1,1,1,2,2,12,12,14,14,13,13,12,12,11,11,11,11,11,11,11,11,11,11,11,11,12,12,11,11,5,5,3,3,2,2,1,1,1,1,,,,,,,,,,,,,,,,,,,,,,,,,,,,,,,,,,,,,,,,,,,,,,,,
8913,4400,8902,8914,,0,47,47,48,48,33,33,36,36,42,42,46,46,128,128,1057,1057,1213,1213,1153,1153,1128,1128,1033,1033,969,969,976,976,998,998,1023,1023,1032,1032,1096,1096,1027,1027,410,410,257,257,168,168,123,123,66,66,,,,,,,,,,,,,,,,,,,,,,,,,,,,,,,,,,,,,,,,,,,,,,,,
8914,3000,8913,8880,8915,1,47,47,48,48,33,33,36,36,42,42,46,46,128,128,1057,1057,1213,1213,1153,1153,1128,1128,1033,1033,969,969,976,976,998,998,1023,1023,1032,1032,1096,1096,1027,1027,410,410,257,257,168,168,123,123,66,66,,,,,,,,,,,,,,,,,,,,,,,,,,,,,,,,,,,,,,,,,,,,,,,,
8915,4400,8916,8914,,0,47,47,48,48,33,33,36,36,42,42,46,46,128,128,1057,1057,1213,1213,1153,1153,1128,1128,1033,1033,969,969,976,976,998,998,1023,1023,1032,1032,1096,1096,1027,1027,410,410,257,257,168,168,123,123,66,66,,,,,,,,,,,,,,,,,,,,,,,,,,,,,,,,,,,,,,,,,,,,,,,,
8916,800,8915,8908,8901,1,0,0,0,0,0,0,0,0,0,0,0,0,1,1,8,8,9,9,9,9,8,8,8,8,7,7,7,7,7,7,7,7,8,8,8,8,7,7,3,3,2,2,1,1,1,1,1,1,,,,,,,,,,,,,,,,,,,,,,,,,,,,,,,,,,,,,,,,,,,,,,,,
8917,400,8918,2108,2458,1,0,0,0,0,0,0,0,0,0,0,0,0,0,0,4,4,5,5,4,4,4,4,4,4,4,4,4,4,4,4,4,4,4,4,4,4,4,4,1,1,1,1,1,1,0,0,0,0,,,,,,,,,,,,,,,,,,,,,,,,,,,,,,,,,,,,,,,,,,,,,,,,
8918,1200,8917,8919,,0,0,0,0,0,0,0,0,0,0,0,0,0,0,0,3,3,4,4,4,4,3,3,3,3,3,3,3,3,3,3,3,3,3,3,3,3,3,3,1,1,1,1,1,1,0,0,0,0,,,,,,,,,,,,,,,,,,,,,,,,,,,,,,,,,,,,,,,,,,,,,,,,
8919,800,9183,8918,8920,1,0,0,0,0,0,0,0,0,0,0,0,0,0,0,4,4,4,4,4,4,4,4,4,4,3,3,3,3,3,3,4,4,4,4,4,4,3,3,1,1,1,1,1,1,0,0,0,0,,,,,,,,,,,,,,,,,,,,,,,,,,,,,,,,,,,,,,,,,,,,,,,,
8920,400,8919,8714,8921,1,0,0,0,0,0,0,0,0,0,0,0,0,0,0,4,4,4,4,4,4,4,4,4,4,3,3,4,4,4,4,4,4,4,4,4,4,4,4,1,1,1,1,1,1,0,0,0,0,,,,,,,,,,,,,,,,,,,,,,,,,,,,,,,,,,,,,,,,,,,,,,,,
8921,1200,8920,8922,,0,0,0,0,0,0,0,0,0,0,0,0,0,0,0,3,3,4,4,4,4,3,3,3,3,3,3,3,3,3,3,3,3,3,3,3,3,3,3,1,1,1,1,1,1,0,0,0,0,,,,,,,,,,,,,,,,,,,,,,,,,,,,,,,,,,,,,,,,,,,,,,,,
8922,300,8711,8921,8923,1,0,0,0,0,0,0,0,0,0,0,0,0,0,0,3,3,3,3,3,3,3,3,3,3,3,3,3,3,3,3,3,3,3,3,3,3,3,3,1,1,1,1,0,0,0,0,0,0,,,,,,,,,,,,,,,,,,,,,,,,,,,,,,,,,,,,,,,,,,,,,,,,
8923,300,,8922,8924,1,0,0,0,0,0,0,0,0,0,0,0,0,0,0,3,3,3,3,3,3,3,3,3,3,2,2,3,3,3,3,3,3,3,3,3,3,3,3,1,1,1,1,0,0,0,0,0,0,,,,,,,,,,,,,,,,,,,,,,,,,,,,,,,,,,,,,,,,,,,,,,,,
8924,600,8716,8923,8925,1,0,0,0,0,0,0,0,0,0,0,0,0,0,0,2,2,3,3,3,3,3,3,2,2,2,2,2,2,2,2,2,2,2,2,3,3,2,2,1,1,1,1,0,0,0,0,0,0,,,,,,,,,,,,,,,,,,,,,,,,,,,,,,,,,,,,,,,,,,,,,,,,
8925,1200,8926,8924,,0,0,0,0,0,0,0,0,0,0,0,0,0,0,0,2,2,2,2,2,2,2,2,2,2,2,2,2,2,2,2,2,2,2,2,2,2,2,2,1,1,0,0,0,0,0,0,0,0,,,,,,,,,,,,,,,,,,,,,,,,,,,,,,,,,,,,,,,,,,,,,,,,
8926,600,8717,8927,8925,1,0,0,0,0,0,0,0,0,0,0,0,0,0,0,1,1,2,2,2,2,1,1,1,1,1,1,1,1,1,1,1,1,1,1,1,1,1,1,1,1,0,0,0,0,0,0,0,0,,,,,,,,,,,,,,,,,,,,,,,,,,,,,,,,,,,,,,,,,,,,,,,,
8927,1200,8928,8926,,0,0,0,0,0,0,0,0,0,0,0,0,0,0,0,1,1,1,1,1,1,1,1,1,1,1,1,1,1,1,1,1,1,1,1,1,1,1,1,1,1,0,0,0,0,0,0,0,0,,,,,,,,,,,,,,,,,,,,,,,,,,,,,,,,,,,,,,,,,,,,,,,,
8928,600,,8719,8940;8927,2,0,0,0,0,0,0,0,0,0,0,0,0,0,0,1,1,2,2,1,1,1,1,1,1,1,1,1,1,1,1,1,1,1,1,1,1,1,1,1,1,0,0,0,0,0,0,0,0,,,,,,,,,,,,,,,,,,,,,,,,,,,,,,,,,,,,,,,,,,,,,,,,
8929,600,8930,9180,8716,1,0,0,0,0,0,0,0,0,0,0,0,0,1,1,4,4,5,5,4,4,4,4,4,4,4,4,4,4,4,4,4,4,4,4,4,4,4,4,2,2,1,1,1,1,0,0,0,0,,,,,,,,,,,,,,,,,,,,,,,,,,,,,,,,,,,,,,,,,,,,,,,,
8930,600,8929,8931,,0,0,0,0,0,0,0,0,0,0,0,0,0,0,0,4,4,4,4,4,4,4,4,4,4,3,3,4,4,4,4,4,4,4,4,4,4,4,4,1,1,1,1,1,1,0,0,0,0,,,,,,,,,,,,,,,,,,,,,,,,,,,,,,,,,,,,,,,,,,,,,,,,
8931,600,8720,8930,8717,1,0,0,0,0,0,0,0,0,0,0,0,0,0,0,3,3,4,4,3,3,3,3,3,3,3,3,3,3,3,3,3,3,3,3,3,3,3,3,1,1,1,1,1,1,0,0,0,0,,,,,,,,,,,,,,,,,,,,,,,,,,,,,,,,,,,,,,,,,,,,,,,,
8932,800,8947,8933,,0,0,0,0,0,0,0,0,0,0,0,0,0,0,0,4,4,4,4,4,4,4,4,4,4,3,3,3,3,3,3,3,3,3,3,4,4,3,3,1,1,1,1,1,1,0,0,0,0,,,,,,,,,,,,,,,,,,,,,,,,,,,,,,,,,,,,,,,,,,,,,,,,
8933,1000,9179,8932,8726,1,40,40,42,42,29,29,32,32,37,37,40,40,112,112,1001,1001,1161,1161,1127,1127,1089,1089,1007,1007,921,921,975,975,939,939,982,982,1001,1001,1048,1048,949,949,314,314,202,202,136,136,99,99,50,50,,,,,,,,,,,,,,,,,,,,,,,,,,,,,,,,,,,,,,,,,,,,,,,,
8934,4400,8787,9076,,0,67,67,70,70,49,49,53,53,62,62,67,67,186,186,910,910,1134,1134,1023,1023,977,977,900,900,812,812,861,861,864,864,851,851,886,886,939,939,854,854,524,524,336,336,227,227,165,165,84,84,,,,,,,,,,,,,,,,,,,,,,,,,,,,,,,,,,,,,,,,,,,,,,,,
8935,2750,9075,8950,9184,1,40,40,42,42,29,29,32,32,37,37,40,40,112,112,1001,1001,1161,1161,1127,1127,1089,1089,1007,1007,921,921,975,975,939,939,982,982,1001,1001,1048,1048,949,949,314,314,202,202,136,136,99,99,50,50,,,,,,,,,,,,,,,,,,,,,,,,,,,,,,,,,,,,,,,,,,,,,,,,
8936,4400,9181,9164,8964,1,40,40,42,42,29,29,32,32,37,37,40,40,112,112,1001,1001,1161,1161,1127,1127,1089,1089,1007,1007,921,921,975,975,939,939,982,982,1001,1001,1048,1048,949,949,314,314,202,202,136,136,99,99,50,50,,,,,,,,,,,,,,,,,,,,,,,,,,,,,,,,,,,,,,,,,,,,,,,,
8937,1200,9153,8708,8948,1,0,0,0,0,0,0,0,0,0,0,0,0,1,1,4,4,5,5,4,4,4,4,4,4,4,4,4,4,4,4,4,4,4,4,4,4,4,4,2,2,1,1,1,1,0,0,0,0,,,,,,,,,,,,,,,,,,,,,,,,,,,,,,,,,,,,,,,,,,,,,,,,
8938,300,,8939,,0,0,0,0,0,0,0,0,0,0,0,0,0,0,0,2,2,2,2,2,2,2,2,2,2,1,1,1,1,1,1,2,2,2,2,2,2,1,1,1,1,0,0,0,0,0,0,0,0,,,,,,,,,,,,,,,,,,,,,,,,,,,,,,,,,,,,,,,,,,,,,,,,
8939,400,8938,8708,8706,1,0,0,0,0,0,0,0,0,0,0,0,0,0,0,2,2,2,2,2,2,2,2,2,2,2,2,2,2,2,2,2,2,2,2,2,2,2,2,1,1,0,0,0,0,0,0,0,0,,,,,,,,,,,,,,,,,,,,,,,,,,,,,,,,,,,,,,,,,,,,,,,,
8940,1200,8941,8928,,0,0,0,0,0,0,0,0,0,0,0,0,0,0,0,2,2,2,2,2,2,2,2,2,2,2,2,2,2,2,2,2,2,2,2,2,2,2,2,1,1,0,0,0,0,0,0,0,0,,,,,,,,,,,,,,,,,,,,,,,,,,,,,,,,,,,,,,,,,,,,,,,,
8941,1200,8940,8715,8722,1,53,53,55,55,38,38,42,42,48,48,53,53,146,146,715,715,891,891,804,804,768,768,707,707,638,638,676,676,679,679,669,669,696,696,738,738,671,671,411,411,264,264,178,178,130,130,66,66,,,,,,,,,,,,,,,,,,,,,,,,,,,,,,,,,,,,,,,,,,,,,,,,
8942,800,8943,8721,,0,0,0,0,0,0,0,0,0,0,0,0,0,0,0,3,3,4,4,3,3,3,3,3,3,3,3,3,3,3,3,3,3,3,3,3,3,3,3,1,1,1,1,1,1,0,0,0,0,,,,,,,,,,,,,,,,,,,,,,,,,,,,,,,,,,,,,,,,,,,,,,,,
8943,800,8942,8724,8722,1,0,0,0,0,0,0,0,0,0,0,0,0,0,0,3,3,3,3,3,3,3,3,3,3,3,3,3,3,3,3,3,3,3,3,3,3,3,3,1,1,1,1,0,0,0,0,0,0,,,,,,,,,,,,,,,,,,,,,,,,,,,,,,,,,,,,,,,,,,,,,,,,
8944,2500,8945,8949,,0,0,0,0,0,0,0,0,0,0,0,0,0,0,0,1138,1138,1201,1201,1284,1284,1257,1257,1168,1168,1084,1084,1145,1145,1051,1051,1179,1179,1173,1173,1211,1211,1091,1091,0,0,0,0,0,0,0,0,0,0,,,,,,,,,,,,,,,,,,,,,,,,,,,,,,,,,,,,,,,,,,,,,,,,
8945,1200,8944,8724,8946,1,53,53,55,55,38,38,42,42,48,48,53,53,146,146,715,715,891,891,804,804,768,768,707,707,638,638,676,676,679,679,669,669,696,696,738,738,671,671,411,411,264,264,178,178,130,130,66,66,,,,,,,,,,,,,,,,,,,,,,,,,,,,,,,,,,,,,,,,,,,,,,,,
8946,3000,8947,8945,,0,40,40,42,42,29,29,32,32,37,37,40,40,112,112,1001,1001,1161,1161,1127,1127,1089,1089,1007,1007,921,921,975,975,939,939,982,982,1001,1001,1048,1048,949,949,314,314,202,202,136,136,99,99,50,50,,,,,,,,,,,,,,,,,,,,,,,,,,,,,,,,,,,,,,,,,,,,,,,,
8947,800,8932,8946,8756,1,0,0,0,0,0,0,0,0,0,0,0,0,1,1,5,5,5,5,5,5,5,5,5,5,4,4,4,4,4,4,4,4,5,5,5,5,4,4,2,2,1,1,1,1,1,1,0,0,,,,,,,,,,,,,,,,,,,,,,,,,,,,,,,,,,,,,,,,,,,,,,,,
8948,1600,8937,8949,,0,0,0,0,0,0,0,0,0,0,0,0,0,1,1,4,4,5,5,4,4,4,4,4,4,4,4,4,4,4,4,4,4,4,4,4,4,4,4,2,2,1,1,1,1,0,0,0,0,,,,,,,,,,,,,,,,,,,,,,,,,,,,,,,,,,,,,,,,,,,,,,,,
8949,3000,8944,8715,8948;8713,2,67,67,70,70,49,49,53,53,62,62,67,67,186,186,910,910,1134,1134,1023,1023,977,977,900,900,812,812,861,861,864,864,851,851,886,886,939,939,854,854,524,524,336,336,227,227,165,165,84,84,,,,,,,,,,,,,,,,,,,,,,,,,,,,,,,,,,,,,,,,,,,,,,,,
8950,2000,8951,8935,,0,40,40,42,42,29,29,32,32,37,37,40,40,112,112,1001,1001,1161,1161,1127,1127,1089,1089,1007,1007,921,921,975,975,939,939,982,982,1001,1001,1048,1048,949,949,314,314,202,202,136,136,99,99,50,50,,,,,,,,,,,,,,,,,,,,,,,,,,,,,,,,,,,,,,,,,,,,,,,,
8951,1200,8950,8952,8748,1,0,0,0,0,0,0,0,0,0,0,0,0,0,0,1,1,1,1,1,1,1,1,1,1,1,1,1,1,1,1,1,1,1,1,1,1,1,1,0,0,0,0,0,0,0,0,0,0,,,,,,,,,,,,,,,,,,,,,,,,,,,,,,,,,,,,,,,,,,,,,,,,
8952,1200,8951,8953,,0,0,0,0,0,0,0,0,0,0,0,0,0,0,0,1,1,1,1,1,1,1,1,1,1,1,1,1,1,1,1,1,1,1,1,1,1,1,1,0,0,0,0,0,0,0,0,0,0,,,,,,,,,,,,,,,,,,,,,,,,,,,,,,,,,,,,,,,,,,,,,,,,
8953,1600,8954,8952,8749,1,0,0,0,0,0,0,0,0,0,0,0,0,0,0,1,1,1,1,1,1,1,1,1,1,0,0,1,1,1,1,1,1,1,1,1,1,1,1,0,0,0,0,0,0,0,0,0,0,,,,,,,,,,,,,,,,,,,,,,,,,,,,,,,,,,,,,,,,,,,,,,,,
8954,1600,8953,8955,,0,0,0,0,0,0,0,0,0,0,0,0,0,0,0,1,1,1,1,1,1,1,1,1,1,1,1,1,1,1,1,1,1,1,1,1,1,1,1,0,0,0,0,0,0,0,0,0,0,,,,,,,,,,,,,,,,,,,,,,,,,,,,,,,,,,,,,,,,,,,,,,,,
8955,300,8745,8735,8954,1,0,0,0,0,0,0,0,0,0,0,0,0,0,0,1,1,1,1,1,1,1,1,1,1,1,1,1,1,1,1,1,1,1,1,1,1,1,1,0,0,0,0,0,0,0,0,0,0,,,,,,,,,,,,,,,,,,,,,,,,,,,,,,,,,,,,,,,,,,,,,,,,
8956,1200,8957,9088,,0,0,0,0,0,0,0,0,0,0,0,0,0,0,0,2,2,3,3,3,3,2,2,2,2,2,2,2,2,2,2,2,2,2,2,2,2,2,2,1,1,1,1,0,0,0,0,0,0,,,,,,,,,,,,,,,,,,,,,,,,,,,,,,,,,,,,,,,,,,,,,,,,
8957,800,8752,8956,8746,1,0,0,0,0,0,0,0,0,0,0,0,0,0,0,2,2,2,2,2,2,2,2,2,2,2,2,2,2,2,2,2,2,2,2,2,2,2,2,1,1,0,0,0,0,0,0,0,0,,,,,,,,,,,,,,,,,,,,,,,,,,,,,,,,,,,,,,,,,,,,,,,,
8958,800,8739,8959,,0,0,0,0,0,0,0,0,0,0,0,0,0,0,0,2,2,2,2,2,2,2,2,2,2,1,1,1,1,1,1,2,2,2,2,2,2,1,1,1,1,0,0,0,0,0,0,0,0,,,,,,,,,,,,,,,,,,,,,,,,,,,,,,,,,,,,,,,,,,,,,,,,
8959,1200,8734,8958,8732,1,0,0,0,0,0,0,0,0,0,0,0,0,0,0,2,2,2,2,2,2,2,2,2,2,2,2,2,2,2,2,2,2,2,2,2,2,2,2,1,1,1,1,0,0,0,0,0,0,,,,,,,,,,,,,,,,,,,,,,,,,,,,,,,,,,,,,,,,,,,,,,,,
8960,4400,8961,9185,8737,1,40,40,42,42,29,29,32,32,37,37,40,40,112,112,1001,1001,1161,1161,1127,1127,1089,1089,1007,1007,921,921,975,975,939,939,982,982,1001,1001,1048,1048,949,949,314,314,202,202,136,136,99,99,50,50,,,,,,,,,,,,,,,,,,,,,,,,,,,,,,,,,,,,,,,,,,,,,,,,
8961,300,8960,8735,8962,1,0,0,0,0,0,0,0,0,0,0,0,0,0,0,2,2,2,2,2,2,2,2,2,2,1,1,2,2,2,2,2,2,2,2,2,2,2,2,1,1,0,0,0,0,0,0,0,0,,,,,,,,,,,,,,,,,,,,,,,,,,,,,,,,,,,,,,,,,,,,,,,,
8962,3000,8963,8961,,0,40,40,42,42,29,29,32,32,37,37,40,40,112,112,1001,1001,1161,1161,1127,1127,1089,1089,1007,1007,921,921,975,975,939,939,982,982,1001,1001,1048,1048,949,949,314,314,202,202,136,136,99,99,50,50,,,,,,,,,,,,,,,,,,,,,,,,,,,,,,,,,,,,,,,,,,,,,,,,
8963,1200,,8734,8736;8962,2,0,0,0,0,0,0,0,0,0,0,0,0,0,0,3,3,4,4,3,3,3,3,3,3,3,3,3,3,3,3,3,3,3,3,3,3,3,3,1,1,1,1,1,1,0,0,0,0,,,,,,,,,,,,,,,,,,,,,,,,,,,,,,,,,,,,,,,,,,,,,,,,
8964,4400,8965,8936,,0,40,40,42,42,29,29,32,32,37,37,40,40,112,112,1001,1001,1161,1161,1127,1127,1089,1089,1007,1007,921,921,975,975,939,939,982,982,1001,1001,1048,1048,949,949,314,314,202,202,136,136,99,99,50,50,,,,,,,,,,,,,,,,,,,,,,,,,,,,,,,,,,,,,,,,,,,,,,,,
8965,4400,8964,9158,9162,1,40,40,42,42,29,29,32,32,37,37,40,40,112,112,1001,1001,1161,1161,1127,1127,1089,1089,1007,1007,921,921,975,975,939,939,982,982,1001,1001,1048,1048,949,949,314,314,202,202,136,136,99,99,50,50,,,,,,,,,,,,,,,,,,,,,,,,,,,,,,,,,,,,,,,,,,,,,,,,
8966,3500,8759,8967,,0,67,67,70,70,49,49,53,53,62,62,67,67,186,186,910,910,1134,1134,1023,1023,977,977,900,900,812,812,861,861,864,864,851,851,886,886,939,939,854,854,524,524,336,336,227,227,165,165,84,84,,,,,,,,,,,,,,,,,,,,,,,,,,,,,,,,,,,,,,,,,,,,,,,,
8967,2500,8746,8755,8966,1,67,67,70,70,49,49,53,53,62,62,67,67,186,186,910,910,1134,1134,1023,1023,977,977,900,900,812,812,861,861,864,864,851,851,886,886,939,939,854,854,524,524,336,336,227,227,165,165,84,84,,,,,,,,,,,,,,,,,,,,,,,,,,,,,,,,,,,,,,,,,,,,,,,,
8968,3500,8740,8969,,0,67,67,70,70,49,49,53,53,62,62,67,67,186,186,910,910,1134,1134,1023,1023,977,977,900,900,812,812,861,861,864,864,851,851,886,886,939,939,854,854,524,524,336,336,227,227,165,165,84,84,,,,,,,,,,,,,,,,,,,,,,,,,,,,,,,,,,,,,,,,,,,,,,,,
8969,2000,8732,8970,8968,1,67,67,70,70,49,49,53,53,62,62,67,67,186,186,910,910,1134,1134,1023,1023,977,977,900,900,812,812,861,861,864,864,851,851,886,886,939,939,854,854,524,524,336,336,227,227,165,165,84,84,,,,,,,,,,,,,,,,,,,,,,,,,,,,,,,,,,,,,,,,,,,,,,,,
8970,4000,8971,8969,,0,67,67,70,70,49,49,53,53,62,62,67,67,186,186,910,910,1134,1134,1023,1023,977,977,900,900,812,812,861,861,864,864,851,851,886,886,939,939,854,854,524,524,336,336,227,227,165,165,84,84,,,,,,,,,,,,,,,,,,,,,,,,,,,,,,,,,,,,,,,,,,,,,,,,
8971,3500,8736,9165,9171;8723;8970,3,67,67,70,70,49,49,53,53,62,62,67,67,186,186,910,910,1134,1134,1023,1023,977,977,900,900,812,812,861,861,864,864,851,851,886,886,939,939,854,854,524,524,336,336,227,227,165,165,84,84,,,,,,,,,,,,,,,,,,,,,,,,,,,,,,,,,,,,,,,,,,,,,,,,
8972,4400,,9178,8694,1,67,67,70,70,49,49,53,53,62,62,67,67,186,186,910,910,1134,1134,1023,1023,977,977,900,900,812,812,861,861,864,864,851,851,886,886,939,939,854,854,524,524,336,336,227,227,165,165,84,84,,,,,,,,,,,,,,,,,,,,,,,,,,,,,,,,,,,,,,,,,,,,,,,,
8973,3300,9177,8702,8725,1,67,67,70,70,49,49,53,53,62,62,67,67,186,186,910,910,1134,1134,1023,1023,977,977,900,900,812,812,861,861,864,864,851,851,886,886,939,939,854,854,524,524,336,336,227,227,165,165,84,84,,,,,,,,,,,,,,,,,,,,,,,,,,,,,,,,,,,,,,,,,,,,,,,,
8974,4400,8975,8728,,0,67,67,70,70,49,49,53,53,62,62,67,67,186,186,910,910,1134,1134,1023,1023,977,977,900,900,812,812,861,861,864,864,851,851,886,886,939,939,854,854,524,524,336,336,227,227,165,165,84,84,,,,,,,,,,,,,,,,,,,,,,,,,,,,,,,,,,,,,,,,,,,,,,,,
8975,3850,8718,8974,8725,1,67,67,70,70,49,49,53,53,62,62,67,67,186,186,910,910,1134,1134,1023,1023,977,977,900,900,812,812,861,861,864,864,851,851,886,886,939,939,854,854,524,524,336,336,227,227,165,165,84,84,,,,,,,,,,,,,,,,,,,,,,,,,,,,,,,,,,,,,,,,,,,,,,,,
8976,4400,8977,8763,,0,67,67,70,70,49,49,53,53,62,62,67,67,186,186,910,910,1134,1134,1023,1023,977,977,900,900,812,812,861,861,864,864,851,851,886,886,939,939,854,854,524,524,336,336,227,227,165,165,84,84,,,,,,,,,,,,,,,,,,,,,,,,,,,,,,,,,,,,,,,,,,,,,,,,
8977,3850,8978,8741,8976,1,67,67,70,70,49,49,53,53,62,62,67,67,186,186,910,910,1134,1134,1023,1023,977,977,900,900,812,812,861,861,864,864,851,851,886,886,939,939,854,854,524,524,336,336,227,227,165,165,84,84,,,,,,,,,,,,,,,,,,,,,,,,,,,,,,,,,,,,,,,,,,,,,,,,
8978,4400,8977,8979,,0,67,67,70,70,49,49,53,53,62,62,67,67,186,186,910,910,1134,1134,1023,1023,977,977,900,900,812,812,861,861,864,864,851,851,886,886,939,939,854,854,524,524,336,336,227,227,165,165,84,84,,,,,,,,,,,,,,,,,,,,,,,,,,,,,,,,,,,,,,,,,,,,,,,,
8979,3300,8978,8980,8758,1,67,67,70,70,49,49,53,53,62,62,67,67,186,186,910,910,1134,1134,1023,1023,977,977,900,900,812,812,861,861,864,864,851,851,886,886,939,939,854,854,524,524,336,336,227,227,165,165,84,84,,,,,,,,,,,,,,,,,,,,,,,,,,,,,,,,,,,,,,,,,,,,,,,,
8980,1650,8979,8981,,0,67,67,70,70,49,49,53,53,62,62,67,67,186,186,910,910,1134,1134,1023,1023,977,977,900,900,812,812,861,861,864,864,851,851,886,886,939,939,854,854,524,524,336,336,227,227,165,165,84,84,,,,,,,,,,,,,,,,,,,,,,,,,,,,,,,,,,,,,,,,,,,,,,,,
8981,1200,8982,8980,8764,1,1,1,1,1,0,0,0,0,1,1,1,1,2,2,8,8,10,10,9,9,8,8,8,8,7,7,7,7,7,7,7,7,8,8,8,8,7,7,5,5,3,3,2,2,1,1,1,1,,,,,,,,,,,,,,,,,,,,,,,,,,,,,,,,,,,,,,,,,,,,,,,,
8982,1200,8981,8983,,0,0,0,0,0,0,0,0,0,0,0,0,0,1,1,5,5,6,6,6,6,6,6,5,5,5,5,5,5,5,5,5,5,5,5,5,5,5,5,3,3,2,2,1,1,1,1,0,0,,,,,,,,,,,,,,,,,,,,,,,,,,,,,,,,,,,,,,,,,,,,,,,,
8983,1200,8982,9056,8754,1,0,0,0,0,0,0,0,0,0,0,0,0,1,1,5,5,7,7,6,6,6,6,5,5,5,5,5,5,5,5,5,5,5,5,6,6,5,5,3,3,2,2,1,1,1,1,0,0,,,,,,,,,,,,,,,,,,,,,,,,,,,,,,,,,,,,,,,,,,,,,,,,
8984,4400,8730,8985,,0,67,67,70,70,49,49,53,53,62,62,67,67,186,186,910,910,1134,1134,1023,1023,977,977,900,900,812,812,861,861,864,864,851,851,886,886,939,939,854,854,524,524,336,336,227,227,165,165,84,84,,,,,,,,,,,,,,,,,,,,,,,,,,,,,,,,,,,,,,,,,,,,,,,,
8985,3000,8984,8718,8986,1,67,67,70,70,49,49,53,53,62,62,67,67,186,186,910,910,1134,1134,1023,1023,977,977,900,900,812,812,861,861,864,864,851,851,886,886,939,939,854,854,524,524,336,336,227,227,165,165,84,84,,,,,,,,,,,,,,,,,,,,,,,,,,,,,,,,,,,,,,,,,,,,,,,,
8986,4400,8985,8987,,0,67,67,70,70,49,49,53,53,62,62,67,67,186,186,910,910,1134,1134,1023,1023,977,977,900,900,812,812,861,861,864,864,851,851,886,886,939,939,854,854,524,524,336,336,227,227,165,165,84,84,,,,,,,,,,,,,,,,,,,,,,,,,,,,,,,,,,,,,,,,,,,,,,,,
8987,1200,8727,8709,8986,1,1,1,1,1,1,1,1,1,1,1,1,1,2,2,11,11,13,13,12,12,11,11,10,10,9,9,10,10,10,10,10,10,10,10,11,11,10,10,6,6,4,4,3,3,2,2,1,1,,,,,,,,,,,,,,,,,,,,,,,,,,,,,,,,,,,,,,,,,,,,,,,,
8988,3500,9053,8707,,0,67,67,70,70,49,49,53,53,62,62,67,67,186,186,910,910,1134,1134,1023,1023,977,977,900,900,812,812,861,861,864,864,851,851,886,886,939,939,854,854,524,524,336,336,227,227,165,165,84,84,,,,,,,,,,,,,,,,,,,,,,,,,,,,,,,,,,,,,,,,,,,,,,,,
8989,800,8836,8992,,0,0,0,0,0,0,0,0,0,0,0,0,0,0,0,1,1,1,1,1,1,1,1,1,1,1,1,1,1,1,1,1,1,1,1,1,1,1,1,0,0,0,0,0,0,0,0,0,0,,,,,,,,,,,,,,,,,,,,,,,,,,,,,,,,,,,,,,,,,,,,,,,,
8990,1200,8991,9061,2238,1,0,0,0,0,0,0,0,0,0,0,0,0,0,0,1,1,1,1,1,1,1,1,1,1,1,1,1,1,1,1,1,1,1,1,1,1,1,1,0,0,0,0,0,0,0,0,0,0,,,,,,,,,,,,,,,,,,,,,,,,,,,,,,,,,,,,,,,,,,,,,,,,
8991,800,8992,8990,,0,0,0,0,0,0,0,0,0,0,0,0,0,0,0,1,1,1,1,1,1,1,1,1,1,0,0,1,1,1,1,1,1,1,1,1,1,1,1,0,0,0,0,0,0,0,0,0,0,,,,,,,,,,,,,,,,,,,,,,,,,,,,,,,,,,,,,,,,,,,,,,,,
8992,1200,8989,8991,2257,1,0,0,0,0,0,0,0,0,0,0,0,0,0,0,1,1,1,1,1,1,1,1,1,1,1,1,1,1,1,1,1,1,1,1,1,1,1,1,0,0,0,0,0,0,0,0,0,0,,,,,,,,,,,,,,,,,,,,,,,,,,,,,,,,,,,,,,,,,,,,,,,,
8993,800,8994,8836,,0,0,0,0,0,0,0,0,0,0,0,0,0,0,0,1,1,1,1,1,1,1,1,1,1,1,1,1,1,1,1,1,1,1,1,1,1,1,1,0,0,0,0,0,0,0,0,0,0,,,,,,,,,,,,,,,,,,,,,,,,,,,,,,,,,,,,,,,,,,,,,,,,
8994,1200,8995,8993,2299,1,0,0,0,0,0,0,0,0,0,0,0,0,0,0,1,1,1,1,1,1,1,1,1,1,1,1,1,1,1,1,1,1,1,1,1,1,1,1,0,0,0,0,0,0,0,0,0,0,,,,,,,,,,,,,,,,,,,,,,,,,,,,,,,,,,,,,,,,,,,,,,,,
8995,800,8996,8994,,0,0,0,0,0,0,0,0,0,0,0,0,0,0,0,1,1,1,1,1,1,1,1,1,1,1,1,1,1,1,1,1,1,1,1,1,1,1,1,0,0,0,0,0,0,0,0,0,0,,,,,,,,,,,,,,,,,,,,,,,,,,,,,,,,,,,,,,,,,,,,,,,,
8996,1200,8879,8995,2320,1,0,0,0,0,0,0,0,0,0,0,0,0,0,0,1,1,1,1,1,1,1,1,1,1,1,1,1,1,1,1,1,1,1,1,1,1,1,1,0,0,0,0,0,0,0,0,0,0,,,,,,,,,,,,,,,,,,,,,,,,,,,,,,,,,,,,,,,,,,,,,,,,
8997,2000,8888,8998,,0,25,25,26,26,18,18,20,20,23,23,25,25,70,70,1062,1062,1213,1213,1136,1136,1055,1055,1044,1044,956,956,994,994,1008,1008,1076,1076,1104,1104,1158,1158,1070,1070,196,196,126,126,85,85,62,62,32,32,,,,,,,,,,,,,,,,,,,,,,,,,,,,,,,,,,,,,,,,,,,,,,,,
8998,2500,8854,8997,8999,1,25,25,26,26,18,18,20,20,23,23,25,25,70,70,1062,1062,1213,1213,1136,1136,1055,1055,1044,1044,956,956,994,994,1008,1008,1076,1076,1104,1104,1158,1158,1070,1070,196,196,126,126,85,85,62,62,32,32,,,,,,,,,,,,,,,,,,,,,,,,,,,,,,,,,,,,,,,,,,,,,,,,
8999,2000,9000,8998,,0,25,25,26,26,18,18,20,20,23,23,25,25,70,70,1062,1062,1213,1213,1136,1136,1055,1055,1044,1044,956,956,994,994,1008,1008,1076,1076,1104,1104,1158,1158,1070,1070,196,196,126,126,85,85,62,62,32,32,,,,,,,,,,,,,,,,,,,,,,,,,,,,,,,,,,,,,,,,,,,,,,,,
9,2500,41,2364,10;12,2,50,50,52,52,37,37,40,40,46,46,50,50,140,140,967,967,1151,1151,1088,1088,1047,1047,967,967,880,880,932,932,911,911,933,933,958,958,1007,1007,913,913,393,393,252,252,170,170,124,124,63,63,,,,,,,,,,,,,,,,,,,,,,,,,,,,,,,,,,,,,,,,,,,,,,,,
90,3000,86,96,84;112,2,27,27,28,28,20,20,21,21,25,25,27,27,74,74,1049,1049,1182,1182,1170,1170,1126,1126,1056,1056,970,970,1022,1022,982,982,1052,1052,1066,1066,1112,1112,1010,1010,210,210,134,134,91,91,66,66,34,34,,,,,,,,,,,,,,,,,,,,,,,,,,,,,,,,,,,,,,,,,,,,,,,,
9000,2500,9001,8999,9005,1,25,25,26,26,18,18,20,20,23,23,25,25,70,70,1062,1062,1213,1213,1136,1136,1055,1055,1044,1044,956,956,994,994,1008,1008,1076,1076,1104,1104,1158,1158,1070,1070,196,196,126,126,85,85,62,62,32,32,,,,,,,,,,,,,,,,,,,,,,,,,,,,,,,,,,,,,,,,,,,,,,,,
9001,2000,9002,9000,,0,25,25,26,26,18,18,20,20,23,23,25,25,70,70,1062,1062,1213,1213,1136,1136,1055,1055,1044,1044,956,956,994,994,1008,1008,1076,1076,1104,1104,1158,1158,1070,1070,196,196,126,126,85,85,62,62,32,32,,,,,,,,,,,,,,,,,,,,,,,,,,,,,,,,,,,,,,,,,,,,,,,,
9002,2500,9068,9001,8830,1,67,67,70,70,49,49,53,53,62,62,67,67,186,186,910,910,1134,1134,1023,1023,977,977,900,900,812,812,861,861,864,864,851,851,886,886,939,939,854,854,524,524,336,336,227,227,165,165,84,84,,,,,,,,,,,,,,,,,,,,,,,,,,,,,,,,,,,,,,,,,,,,,,,,
9003,1000,8858,9004,,0,25,25,26,26,18,18,20,20,23,23,25,25,70,70,1062,1062,1213,1213,1136,1136,1055,1055,1044,1044,956,956,994,994,1008,1008,1076,1076,1104,1104,1158,1158,1070,1070,196,196,126,126,85,85,62,62,32,32,,,,,,,,,,,,,,,,,,,,,,,,,,,,,,,,,,,,,,,,,,,,,,,,
9004,1000,9003,8856,8882,1,25,25,26,26,18,18,20,20,23,23,25,25,70,70,1062,1062,1213,1213,1136,1136,1055,1055,1044,1044,956,956,994,994,1008,1008,1076,1076,1104,1104,1158,1158,1070,1070,196,196,126,126,85,85,62,62,32,32,,,,,,,,,,,,,,,,,,,,,,,,,,,,,,,,,,,,,,,,,,,,,,,,
9005,1600,9000,9006,,0,0,0,0,0,0,0,0,0,0,0,0,0,1,1,7,7,8,8,7,7,7,7,7,7,6,6,6,6,6,6,7,7,7,7,7,7,7,7,2,2,1,1,1,1,0,0,0,0,,,,,,,,,,,,,,,,,,,,,,,,,,,,,,,,,,,,,,,,,,,,,,,,
9006,1500,8837,9005,8851,1,25,25,26,26,18,18,20,20,23,23,25,25,70,70,1062,1062,1213,1213,1136,1136,1055,1055,1044,1044,956,956,994,994,1008,1008,1076,1076,1104,1104,1158,1158,1070,1070,196,196,126,126,85,85,62,62,32,32,,,,,,,,,,,,,,,,,,,,,,,,,,,,,,,,,,,,,,,,,,,,,,,,
9007,4400,9008,5099,,0,25,25,26,26,18,18,20,20,23,23,25,25,70,70,1062,1062,1213,1213,1136,1136,1055,1055,1044,1044,956,956,994,994,1008,1008,1076,1076,1104,1104,1158,1158,1070,1070,196,196,126,126,85,85,62,62,32,32,,,,,,,,,,,,,,,,,,,,,,,,,,,,,,,,,,,,,,,,,,,,,,,,
9008,2000,9009,8859,9007,1,25,25,26,26,18,18,20,20,23,23,25,25,70,70,1062,1062,1213,1213,1136,1136,1055,1055,1044,1044,956,956,994,994,1008,1008,1076,1076,1104,1104,1158,1158,1070,1070,196,196,126,126,85,85,62,62,32,32,,,,,,,,,,,,,,,,,,,,,,,,,,,,,,,,,,,,,,,,,,,,,,,,
9009,1500,9010,9008,,0,25,25,26,26,18,18,20,20,23,23,25,25,70,70,1062,1062,1213,1213,1136,1136,1055,1055,1044,1044,956,956,994,994,1008,1008,1076,1076,1104,1104,1158,1158,1070,1070,196,196,126,126,85,85,62,62,32,32,,,,,,,,,,,,,,,,,,,,,,,,,,,,,,,,,,,,,,,,,,,,,,,,
9010,2500,9009,8855,9011,1,25,25,26,26,18,18,20,20,23,23,25,25,70,70,1062,1062,1213,1213,1136,1136,1055,1055,1044,1044,956,956,994,994,1008,1008,1076,1076,1104,1104,1158,1158,1070,1070,196,196,126,126,85,85,62,62,32,32,,,,,,,,,,,,,,,,,,,,,,,,,,,,,,,,,,,,,,,,,,,,,,,,
9011,4400,9010,9012,,0,25,25,26,26,18,18,20,20,23,23,25,25,70,70,1062,1062,1213,1213,1136,1136,1055,1055,1044,1044,956,956,994,994,1008,1008,1076,1076,1104,1104,1158,1158,1070,1070,196,196,126,126,85,85,62,62,32,32,,,,,,,,,,,,,,,,,,,,,,,,,,,,,,,,,,,,,,,,,,,,,,,,
9012,1500,8838,9013,9011,1,25,25,26,26,18,18,20,20,23,23,25,25,70,70,1062,1062,1213,1213,1136,1136,1055,1055,1044,1044,956,956,994,994,1008,1008,1076,1076,1104,1104,1158,1158,1070,1070,196,196,126,126,85,85,62,62,32,32,,,,,,,,,,,,,,,,,,,,,,,,,,,,,,,,,,,,,,,,,,,,,,,,
9013,3500,9012,9014,,0,25,25,26,26,18,18,20,20,23,23,25,25,70,70,1062,1062,1213,1213,1136,1136,1055,1055,1044,1044,956,956,994,994,1008,1008,1076,1076,1104,1104,1158,1158,1070,1070,196,196,126,126,85,85,62,62,32,32,,,,,,,,,,,,,,,,,,,,,,,,,,,,,,,,,,,,,,,,,,,,,,,,
9014,2000,8832,9013,9015,1,25,25,26,26,18,18,20,20,23,23,25,25,70,70,1062,1062,1213,1213,1136,1136,1055,1055,1044,1044,956,956,994,994,1008,1008,1076,1076,1104,1104,1158,1158,1070,1070,196,196,126,126,85,85,62,62,32,32,,,,,,,,,,,,,,,,,,,,,,,,,,,,,,,,,,,,,,,,,,,,,,,,
9015,4000,9016,9014,,0,25,25,26,26,18,18,20,20,23,23,25,25,70,70,1062,1062,1213,1213,1136,1136,1055,1055,1044,1044,956,956,994,994,1008,1008,1076,1076,1104,1104,1158,1158,1070,1070,196,196,126,126,85,85,62,62,32,32,,,,,,,,,,,,,,,,,,,,,,,,,,,,,,,,,,,,,,,,,,,,,,,,
9016,1200,9015,8824,9017,1,0,0,0,0,0,0,0,0,0,0,0,0,1,1,8,8,9,9,9,9,8,8,8,8,7,7,7,7,8,8,8,8,8,8,9,9,8,8,2,2,1,1,1,1,1,1,0,0,,,,,,,,,,,,,,,,,,,,,,,,,,,,,,,,,,,,,,,,,,,,,,,,
9017,4000,9018,9016,,0,25,25,26,26,18,18,20,20,23,23,25,25,70,70,1062,1062,1213,1213,1136,1136,1055,1055,1044,1044,956,956,994,994,1008,1008,1076,1076,1104,1104,1158,1158,1070,1070,196,196,126,126,85,85,62,62,32,32,,,,,,,,,,,,,,,,,,,,,,,,,,,,,,,,,,,,,,,,,,,,,,,,
9018,3000,9069,9023,9017,1,25,25,26,26,18,18,20,20,23,23,25,25,70,70,1062,1062,1213,1213,1136,1136,1055,1055,1044,1044,956,956,994,994,1008,1008,1076,1076,1104,1104,1158,1158,1070,1070,196,196,126,126,85,85,62,62,32,32,,,,,,,,,,,,,,,,,,,,,,,,,,,,,,,,,,,,,,,,,,,,,,,,
9019,800,8853,9020,,0,0,0,0,0,0,0,0,0,0,0,0,0,0,0,5,5,6,6,5,5,5,5,5,5,5,5,5,5,5,5,5,5,5,5,6,6,5,5,1,1,1,1,1,1,0,0,0,0,,,,,,,,,,,,,,,,,,,,,,,,,,,,,,,,,,,,,,,,,,,,,,,,
9020,1200,9021,9019,,0,0,0,0,0,0,0,0,0,0,0,0,0,1,1,9,9,11,11,10,10,9,9,9,9,8,8,9,9,9,9,9,9,9,9,10,10,9,9,2,2,1,1,1,1,1,1,0,0,,,,,,,,,,,,,,,,,,,,,,,,,,,,,,,,,,,,,,,,,,,,,,,,
9021,1500,9020,9022,,0,25,25,26,26,18,18,20,20,23,23,25,25,70,70,1062,1062,1213,1213,1136,1136,1055,1055,1044,1044,956,956,994,994,1008,1008,1076,1076,1104,1104,1158,1158,1070,1070,196,196,126,126,85,85,62,62,32,32,,,,,,,,,,,,,,,,,,,,,,,,,,,,,,,,,,,,,,,,,,,,,,,,
9022,1500,9021,8849,8838,1,25,25,26,26,18,18,20,20,23,23,25,25,70,70,1062,1062,1213,1213,1136,1136,1055,1055,1044,1044,956,956,994,994,1008,1008,1076,1076,1104,1104,1158,1158,1070,1070,196,196,126,126,85,85,62,62,32,32,,,,,,,,,,,,,,,,,,,,,,,,,,,,,,,,,,,,,,,,,,,,,,,,
9023,2500,9018,9024,,0,25,25,26,26,18,18,20,20,23,23,25,25,70,70,1062,1062,1213,1213,1136,1136,1055,1055,1044,1044,956,956,994,994,1008,1008,1076,1076,1104,1104,1158,1158,1070,1070,196,196,126,126,85,85,62,62,32,32,,,,,,,,,,,,,,,,,,,,,,,,,,,,,,,,,,,,,,,,,,,,,,,,
9024,1500,9023,9025,8849,1,25,25,26,26,18,18,20,20,23,23,25,25,70,70,1062,1062,1213,1213,1136,1136,1055,1055,1044,1044,956,956,994,994,1008,1008,1076,1076,1104,1104,1158,1158,1070,1070,196,196,126,126,85,85,62,62,32,32,,,,,,,,,,,,,,,,,,,,,,,,,,,,,,,,,,,,,,,,,,,,,,,,
9025,2000,9024,9026,,0,25,25,26,26,18,18,20,20,23,23,25,25,70,70,1062,1062,1213,1213,1136,1136,1055,1055,1044,1044,956,956,994,994,1008,1008,1076,1076,1104,1104,1158,1158,1070,1070,196,196,126,126,85,85,62,62,32,32,,,,,,,,,,,,,,,,,,,,,,,,,,,,,,,,,,,,,,,,,,,,,,,,
9026,1200,9025,9027,8840,1,0,0,0,0,0,0,0,0,0,0,0,0,0,0,6,6,7,7,7,7,6,6,6,6,6,6,6,6,6,6,6,6,6,6,7,7,6,6,1,1,1,1,1,1,0,0,0,0,,,,,,,,,,,,,,,,,,,,,,,,,,,,,,,,,,,,,,,,,,,,,,,,
9027,1200,8840,9028,9026,1,0,0,0,0,0,0,0,0,0,0,0,0,1,1,7,7,8,8,7,7,7,7,7,7,6,6,6,6,7,7,7,7,7,7,7,7,7,7,2,2,1,1,1,1,0,0,0,0,,,,,,,,,,,,,,,,,,,,,,,,,,,,,,,,,,,,,,,,,,,,,,,,
9028,1500,8839,9027,8848,1,25,25,26,26,18,18,20,20,23,23,25,25,70,70,1062,1062,1213,1213,1136,1136,1055,1055,1044,1044,956,956,994,994,1008,1008,1076,1076,1104,1104,1158,1158,1070,1070,196,196,126,126,85,85,62,62,32,32,,,,,,,,,,,,,,,,,,,,,,,,,,,,,,,,,,,,,,,,,,,,,,,,
9029,1000,8894,9030,,0,25,25,26,26,18,18,20,20,23,23,25,25,70,70,1062,1062,1213,1213,1136,1136,1055,1055,1044,1044,956,956,994,994,1008,1008,1076,1076,1104,1104,1158,1158,1070,1070,196,196,126,126,85,85,62,62,32,32,,,,,,,,,,,,,,,,,,,,,,,,,,,,,,,,,,,,,,,,,,,,,,,,
9030,3000,8860,9031,9029,1,25,25,26,26,18,18,20,20,23,23,25,25,70,70,1062,1062,1213,1213,1136,1136,1055,1055,1044,1044,956,956,994,994,1008,1008,1076,1076,1104,1104,1158,1158,1070,1070,196,196,126,126,85,85,62,62,32,32,,,,,,,,,,,,,,,,,,,,,,,,,,,,,,,,,,,,,,,,,,,,,,,,
9031,4400,9032,9030,,0,25,25,26,26,18,18,20,20,23,23,25,25,70,70,1062,1062,1213,1213,1136,1136,1055,1055,1044,1044,956,956,994,994,1008,1008,1076,1076,1104,1104,1158,1158,1070,1070,196,196,126,126,85,85,62,62,32,32,,,,,,,,,,,,,,,,,,,,,,,,,,,,,,,,,,,,,,,,,,,,,,,,
9032,3000,,8839,9033;9031,2,25,25,26,26,18,18,20,20,23,23,25,25,70,70,1062,1062,1213,1213,1136,1136,1055,1055,1044,1044,956,956,994,994,1008,1008,1076,1076,1104,1104,1158,1158,1070,1070,196,196,126,126,85,85,62,62,32,32,,,,,,,,,,,,,,,,,,,,,,,,,,,,,,,,,,,,,,,,,,,,,,,,
9033,4400,9034,9032,,0,25,25,26,26,18,18,20,20,23,23,25,25,70,70,1062,1062,1213,1213,1136,1136,1055,1055,1044,1044,956,956,994,994,1008,1008,1076,1076,1104,1104,1158,1158,1070,1070,196,196,126,126,85,85,62,62,32,32,,,,,,,,,,,,,,,,,,,,,,,,,,,,,,,,,,,,,,,,,,,,,,,,
9034,4400,8884,8898,9035;9033,2,25,25,26,26,18,18,20,20,23,23,25,25,70,70,1062,1062,1213,1213,1136,1136,1055,1055,1044,1044,956,956,994,994,1008,1008,1076,1076,1104,1104,1158,1158,1070,1070,196,196,126,126,85,85,62,62,32,32,,,,,,,,,,,,,,,,,,,,,,,,,,,,,,,,,,,,,,,,,,,,,,,,
9035,4400,9036,9034,,0,25,25,26,26,18,18,20,20,23,23,25,25,70,70,1062,1062,1213,1213,1136,1136,1055,1055,1044,1044,956,956,994,994,1008,1008,1076,1076,1104,1104,1158,1158,1070,1070,196,196,126,126,85,85,62,62,32,32,,,,,,,,,,,,,,,,,,,,,,,,,,,,,,,,,,,,,,,,,,,,,,,,
9036,3500,9077,8813,9035,1,25,25,26,26,18,18,20,20,23,23,25,25,70,70,1062,1062,1213,1213,1136,1136,1055,1055,1044,1044,956,956,994,994,1008,1008,1076,1076,1104,1104,1158,1158,1070,1070,196,196,126,126,85,85,62,62,32,32,,,,,,,,,,,,,,,,,,,,,,,,,,,,,,,,,,,,,,,,,,,,,,,,
9037,4400,8899,9038,8873,1,25,25,26,26,18,18,20,20,23,23,25,25,70,70,1062,1062,1213,1213,1136,1136,1055,1055,1044,1044,956,956,994,994,1008,1008,1076,1076,1104,1104,1158,1158,1070,1070,196,196,126,126,85,85,62,62,32,32,,,,,,,,,,,,,,,,,,,,,,,,,,,,,,,,,,,,,,,,,,,,,,,,
9038,4400,9037,9039,,0,25,25,26,26,18,18,20,20,23,23,25,25,70,70,1062,1062,1213,1213,1136,1136,1055,1055,1044,1044,956,956,994,994,1008,1008,1076,1076,1104,1104,1158,1158,1070,1070,196,196,126,126,85,85,62,62,32,32,,,,,,,,,,,,,,,,,,,,,,,,,,,,,,,,,,,,,,,,,,,,,,,,
9039,2500,8898,8861,9038,1,25,25,26,26,18,18,20,20,23,23,25,25,70,70,1062,1062,1213,1213,1136,1136,1055,1055,1044,1044,956,956,994,994,1008,1008,1076,1076,1104,1104,1158,1158,1070,1070,196,196,126,126,85,85,62,62,32,32,,,,,,,,,,,,,,,,,,,,,,,,,,,,,,,,,,,,,,,,,,,,,,,,
9040,1500,8897,9041,,0,25,25,26,26,18,18,20,20,23,23,25,25,70,70,1062,1062,1213,1213,1136,1136,1055,1055,1044,1044,956,956,994,994,1008,1008,1076,1076,1104,1104,1158,1158,1070,1070,196,196,126,126,85,85,62,62,32,32,,,,,,,,,,,,,,,,,,,,,,,,,,,,,,,,,,,,,,,,,,,,,,,,
9041,4000,8873,8861,9040,1,25,25,26,26,18,18,20,20,23,23,25,25,70,70,1062,1062,1213,1213,1136,1136,1055,1055,1044,1044,956,956,994,994,1008,1008,1076,1076,1104,1104,1158,1158,1070,1070,196,196,126,126,85,85,62,62,32,32,,,,,,,,,,,,,,,,,,,,,,,,,,,,,,,,,,,,,,,,,,,,,,,,
9042,4400,8904,9043,,0,47,47,48,48,33,33,36,36,42,42,46,46,128,128,1057,1057,1213,1213,1153,1153,1128,1128,1033,1033,969,969,976,976,998,998,1023,1023,1032,1032,1096,1096,1027,1027,410,410,257,257,168,168,123,123,66,66,,,,,,,,,,,,,,,,,,,,,,,,,,,,,,,,,,,,,,,,,,,,,,,,
9043,2500,8844,9042,9044,1,47,47,48,48,33,33,36,36,42,42,46,46,128,128,1057,1057,1213,1213,1153,1153,1128,1128,1033,1033,969,969,976,976,998,998,1023,1023,1032,1032,1096,1096,1027,1027,410,410,257,257,168,168,123,123,66,66,,,,,,,,,,,,,,,,,,,,,,,,,,,,,,,,,,,,,,,,,,,,,,,,
9044,4400,9043,9045,,0,47,47,48,48,33,33,36,36,42,42,46,46,128,128,1057,1057,1213,1213,1153,1153,1128,1128,1033,1033,969,969,976,976,998,998,1023,1023,1032,1032,1096,1096,1027,1027,410,410,257,257,168,168,123,123,66,66,,,,,,,,,,,,,,,,,,,,,,,,,,,,,,,,,,,,,,,,,,,,,,,,
9045,3000,8828,9044,8865,1,47,47,48,48,33,33,36,36,42,42,46,46,128,128,1057,1057,1213,1213,1153,1153,1128,1128,1033,1033,969,969,976,976,998,998,1023,1023,1032,1032,1096,1096,1027,1027,410,410,257,257,168,168,123,123,66,66,,,,,,,,,,,,,,,,,,,,,,,,,,,,,,,,,,,,,,,,,,,,,,,,
9046,2000,9049,9047,,0,47,47,48,48,33,33,36,36,42,42,46,46,128,128,1057,1057,1213,1213,1153,1153,1128,1128,1033,1033,969,969,976,976,998,998,1023,1023,1032,1032,1096,1096,1027,1027,410,410,257,257,168,168,123,123,66,66,,,,,,,,,,,,,,,,,,,,,,,,,,,,,,,,,,,,,,,,,,,,,,,,
9047,1500,9046,8845,8841,1,47,47,48,48,33,33,36,36,42,42,46,46,128,128,1057,1057,1213,1213,1153,1153,1128,1128,1033,1033,969,969,976,976,998,998,1023,1023,1032,1032,1096,1096,1027,1027,410,410,257,257,168,168,123,123,66,66,,,,,,,,,,,,,,,,,,,,,,,,,,,,,,,,,,,,,,,,,,,,,,,,
9048,4400,,8862,9049,1,47,47,48,48,33,33,36,36,42,42,46,46,128,128,1057,1057,1213,1213,1153,1153,1128,1128,1033,1033,969,969,976,976,998,998,1023,1023,1032,1032,1096,1096,1027,1027,410,410,257,257,168,168,123,123,66,66,,,,,,,,,,,,,,,,,,,,,,,,,,,,,,,,,,,,,,,,,,,,,,,,
9049,2000,9048,9046,8847,1,47,47,48,48,33,33,36,36,42,42,46,46,128,128,1057,1057,1213,1213,1153,1153,1128,1128,1033,1033,969,969,976,976,998,998,1023,1023,1032,1032,1096,1096,1027,1027,410,410,257,257,168,168,123,123,66,66,,,,,,,,,,,,,,,,,,,,,,,,,,,,,,,,,,,,,,,,,,,,,,,,
9050,4400,8862,15622,,0,47,47,48,48,33,33,36,36,42,42,46,46,128,128,1057,1057,1213,1213,1153,1153,1128,1128,1033,1033,969,969,976,976,998,998,1023,1023,1032,1032,1096,1096,1027,1027,410,410,257,257,168,168,123,123,66,66,,,,,,,,,,,,,,,,,,,,,,,,,,,,,,,,,,,,,,,,,,,,,,,,
9051,1200,8818,9052,,0,0,0,0,0,0,0,0,0,0,0,0,0,1,1,9,9,11,11,10,10,10,10,9,9,9,9,9,9,9,9,9,9,9,9,10,10,9,9,4,4,2,2,2,2,1,1,1,1,,,,,,,,,,,,,,,,,,,,,,,,,,,,,,,,,,,,,,,,,,,,,,,,
9052,1600,9051,8842,15559,1,0,0,0,0,0,0,0,0,0,0,0,0,1,1,4,4,4,4,4,4,4,4,4,4,3,3,3,3,4,4,4,4,4,4,4,4,4,4,2,2,1,1,1,1,0,0,0,0,,,,,,,,,,,,,,,,,,,,,,,,,,,,,,,,,,,,,,,,,,,,,,,,
9053,3500,8743,8988,9054,1,67,67,70,70,49,49,53,53,62,62,67,67,186,186,910,910,1134,1134,1023,1023,977,977,900,900,812,812,861,861,864,864,851,851,886,886,939,939,854,854,524,524,336,336,227,227,165,165,84,84,,,,,,,,,,,,,,,,,,,,,,,,,,,,,,,,,,,,,,,,,,,,,,,,
9054,4000,9055,9053,,0,67,67,70,70,49,49,53,53,62,62,67,67,186,186,910,910,1134,1134,1023,1023,977,977,900,900,812,812,861,861,864,864,851,851,886,886,939,939,854,854,524,524,336,336,227,227,165,165,84,84,,,,,,,,,,,,,,,,,,,,,,,,,,,,,,,,,,,,,,,,,,,,,,,,
9055,2500,8733,8729,9054,1,67,67,70,70,49,49,53,53,62,62,67,67,186,186,910,910,1134,1134,1023,1023,977,977,900,900,812,812,861,861,864,864,851,851,886,886,939,939,854,854,524,524,336,336,227,227,165,165,84,84,,,,,,,,,,,,,,,,,,,,,,,,,,,,,,,,,,,,,,,,,,,,,,,,
9056,1200,8983,9057,,0,1,1,1,1,0,0,0,0,1,1,1,1,2,2,8,8,9,9,9,9,8,8,8,8,7,7,7,7,7,7,7,7,7,7,8,8,7,7,4,4,3,3,2,2,1,1,1,1,,,,,,,,,,,,,,,,,,,,,,,,,,,,,,,,,,,,,,,,,,,,,,,,
9057,1200,9056,9115,8760,1,1,1,1,1,0,0,0,0,1,1,1,1,2,2,8,8,10,10,9,9,8,8,8,8,7,7,7,7,8,8,7,7,8,8,8,8,7,7,5,5,3,3,2,2,1,1,1,1,,,,,,,,,,,,,,,,,,,,,,,,,,,,,,,,,,,,,,,,,,,,,,,,
9058,4400,8730,9059,,0,67,67,70,70,49,49,53,53,62,62,67,67,186,186,910,910,1134,1134,1023,1023,977,977,900,900,812,812,861,861,864,864,851,851,886,886,939,939,854,854,524,524,336,336,227,227,165,165,84,84,,,,,,,,,,,,,,,,,,,,,,,,,,,,,,,,,,,,,,,,,,,,,,,,
9059,4400,9058,8733,9121,1,67,67,70,70,49,49,53,53,62,62,67,67,186,186,910,910,1134,1134,1023,1023,977,977,900,900,812,812,861,861,864,864,851,851,886,886,939,939,854,854,524,524,336,336,227,227,165,165,84,84,,,,,,,,,,,,,,,,,,,,,,,,,,,,,,,,,,,,,,,,,,,,,,,,
9060,3850,2571,8778,2173,1,40,40,42,42,29,29,32,32,37,37,40,40,112,112,1001,1001,1161,1161,1127,1127,1089,1089,1007,1007,921,921,975,975,939,939,982,982,1001,1001,1048,1048,949,949,314,314,202,202,136,136,99,99,50,50,,,,,,,,,,,,,,,,,,,,,,,,,,,,,,,,,,,,,,,,,,,,,,,,
9061,800,8990,9062,,0,0,0,0,0,0,0,0,0,0,0,0,0,0,0,1,1,1,1,1,1,1,1,1,1,1,1,1,1,1,1,1,1,1,1,1,1,1,1,0,0,0,0,0,0,0,0,0,0,,,,,,,,,,,,,,,,,,,,,,,,,,,,,,,,,,,,,,,,,,,,,,,,
9062,1200,9063,9061,8805,1,0,0,0,0,0,0,0,0,0,0,0,0,0,0,1,1,1,1,1,1,1,1,1,1,1,1,1,1,1,1,1,1,1,1,1,1,1,1,0,0,0,0,0,0,0,0,0,0,,,,,,,,,,,,,,,,,,,,,,,,,,,,,,,,,,,,,,,,,,,,,,,,
9063,1200,9064,9062,,0,0,0,0,0,0,0,0,0,0,0,0,0,0,0,2,2,2,2,2,2,2,2,2,2,2,2,2,2,2,2,2,2,2,2,2,2,2,2,0,0,0,0,0,0,0,0,0,0,,,,,,,,,,,,,,,,,,,,,,,,,,,,,,,,,,,,,,,,,,,,,,,,
9064,800,9065,9063,8793,1,0,0,0,0,0,0,0,0,0,0,0,0,0,0,4,4,4,4,4,4,4,4,4,4,3,3,3,3,4,4,4,4,4,4,4,4,4,4,1,1,1,1,0,0,0,0,0,0,,,,,,,,,,,,,,,,,,,,,,,,,,,,,,,,,,,,,,,,,,,,,,,,
9065,800,9066,9064,,0,0,0,0,0,0,0,0,0,0,0,0,0,1,1,7,7,8,8,8,8,7,7,7,7,6,6,7,7,7,7,7,7,7,7,8,8,7,7,2,2,1,1,1,1,1,1,0,0,,,,,,,,,,,,,,,,,,,,,,,,,,,,,,,,,,,,,,,,,,,,,,,,
9066,1500,9065,8834,8785,1,25,25,26,26,18,18,20,20,23,23,25,25,70,70,1062,1062,1213,1213,1136,1136,1055,1055,1044,1044,956,956,994,994,1008,1008,1076,1076,1104,1104,1158,1158,1070,1070,196,196,126,126,85,85,62,62,32,32,,,,,,,,,,,,,,,,,,,,,,,,,,,,,,,,,,,,,,,,,,,,,,,,
9067,4000,9068,8822,8883;8809,2,25,25,26,26,18,18,20,20,23,23,25,25,70,70,1062,1062,1213,1213,1136,1136,1055,1055,1044,1044,956,956,994,994,1008,1008,1076,1076,1104,1104,1158,1158,1070,1070,196,196,126,126,85,85,62,62,32,32,,,,,,,,,,,,,,,,,,,,,,,,,,,,,,,,,,,,,,,,,,,,,,,,
9068,3000,9067,9002,,0,25,25,26,26,18,18,20,20,23,23,25,25,70,70,1062,1062,1213,1213,1136,1136,1055,1055,1044,1044,956,956,994,994,1008,1008,1076,1076,1104,1104,1158,1158,1070,1070,196,196,126,126,85,85,62,62,32,32,,,,,,,,,,,,,,,,,,,,,,,,,,,,,,,,,,,,,,,,,,,,,,,,
9069,4400,9018,9070,,0,25,25,26,26,18,18,20,20,23,23,25,25,70,70,1062,1062,1213,1213,1136,1136,1055,1055,1044,1044,956,956,994,994,1008,1008,1076,1076,1104,1104,1158,1158,1070,1070,196,196,126,126,85,85,62,62,32,32,,,,,,,,,,,,,,,,,,,,,,,,,,,,,,,,,,,,,,,,,,,,,,,,
9070,1200,8809,9069,9071,1,53,53,55,55,38,38,42,42,48,48,53,53,146,146,715,715,891,891,804,804,768,768,707,707,638,638,676,676,679,679,669,669,696,696,738,738,671,671,411,411,264,264,178,178,130,130,66,66,,,,,,,,,,,,,,,,,,,,,,,,,,,,,,,,,,,,,,,,,,,,,,,,
9071,400,9072,9070,,0,0,0,0,0,0,0,0,0,0,0,0,0,1,1,10,10,11,11,10,10,10,10,9,9,9,9,9,9,9,9,10,10,10,10,10,10,10,10,2,2,1,1,1,1,1,1,0,0,,,,,,,,,,,,,,,,,,,,,,,,,,,,,,,,,,,,,,,,,,,,,,,,
9072,1500,8876,8801,9071,1,67,67,70,70,49,49,53,53,62,62,67,67,186,186,910,910,1134,1134,1023,1023,977,977,900,900,812,812,861,861,864,864,851,851,886,886,939,939,854,854,524,524,336,336,227,227,165,165,84,84,,,,,,,,,,,,,,,,,,,,,,,,,,,,,,,,,,,,,,,,,,,,,,,,
9073,4400,9074,8787,,0,25,25,26,26,18,18,20,20,23,23,25,25,70,70,1062,1062,1213,1213,1136,1136,1055,1055,1044,1044,956,956,994,994,1008,1008,1076,1076,1104,1104,1158,1158,1070,1070,196,196,126,126,85,85,62,62,32,32,,,,,,,,,,,,,,,,,,,,,,,,,,,,,,,,,,,,,,,,,,,,,,,,
9074,2000,8801,8827,9073,1,25,25,26,26,18,18,20,20,23,23,25,25,70,70,1062,1062,1213,1213,1136,1136,1055,1055,1044,1044,956,956,994,994,1008,1008,1076,1076,1104,1104,1158,1158,1070,1070,196,196,126,126,85,85,62,62,32,32,,,,,,,,,,,,,,,,,,,,,,,,,,,,,,,,,,,,,,,,,,,,,,,,
9075,4400,8935,9076,,0,40,40,42,42,29,29,32,32,37,37,40,40,112,112,1001,1001,1161,1161,1127,1127,1089,1089,1007,1007,921,921,975,975,939,939,982,982,1001,1001,1048,1048,949,949,314,314,202,202,136,136,99,99,50,50,,,,,,,,,,,,,,,,,,,,,,,,,,,,,,,,,,,,,,,,,,,,,,,,
9076,4000,8934,8761,9075,1,40,40,42,42,29,29,32,32,37,37,40,40,112,112,1001,1001,1161,1161,1127,1127,1089,1089,1007,1007,921,921,975,975,939,939,982,982,1001,1001,1048,1048,949,949,314,314,202,202,136,136,99,99,50,50,,,,,,,,,,,,,,,,,,,,,,,,,,,,,,,,,,,,,,,,,,,,,,,,
9077,4400,9036,9078,,0,25,25,26,26,18,18,20,20,23,23,25,25,70,70,1062,1062,1213,1213,1136,1136,1055,1055,1044,1044,956,956,994,994,1008,1008,1076,1076,1104,1104,1158,1158,1070,1070,196,196,126,126,85,85,62,62,32,32,,,,,,,,,,,,,,,,,,,,,,,,,,,,,,,,,,,,,,,,,,,,,,,,
9078,3000,8827,9079,9077,1,25,25,26,26,18,18,20,20,23,23,25,25,70,70,1062,1062,1213,1213,1136,1136,1055,1055,1044,1044,956,956,994,994,1008,1008,1076,1076,1104,1104,1158,1158,1070,1070,196,196,126,126,85,85,62,62,32,32,,,,,,,,,,,,,,,,,,,,,,,,,,,,,,,,,,,,,,,,,,,,,,,,
9079,2500,9080,9078,,0,0,0,0,0,0,0,0,0,0,0,0,0,0,0,1156,1156,1275,1275,1184,1184,1063,1063,1121,1121,1033,1033,1056,1056,1105,1105,1218,1218,1250,1250,1308,1308,1226,1226,0,0,0,0,0,0,0,0,0,0,,,,,,,,,,,,,,,,,,,,,,,,,,,,,,,,,,,,,,,,,,,,,,,,
9080,1600,9081,9079,8802,1,0,0,0,0,0,0,0,0,0,0,0,0,1,1,8,8,9,9,8,8,8,8,8,8,7,7,7,7,7,7,8,8,8,8,8,8,8,8,2,2,1,1,1,1,1,1,0,0,,,,,,,,,,,,,,,,,,,,,,,,,,,,,,,,,,,,,,,,,,,,,,,,
9081,1200,9082,9080,,0,0,0,0,0,0,0,0,0,0,0,0,0,0,0,5,5,6,6,5,5,5,5,5,5,4,4,5,5,5,5,5,5,5,5,5,5,5,5,1,1,1,1,0,0,0,0,0,0,,,,,,,,,,,,,,,,,,,,,,,,,,,,,,,,,,,,,,,,,,,,,,,,
9082,1600,8807,9081,8790,1,0,0,0,0,0,0,0,0,0,0,0,0,0,0,4,4,4,4,4,4,4,4,4,4,4,4,4,4,4,4,4,4,4,4,4,4,4,4,1,1,1,1,0,0,0,0,0,0,,,,,,,,,,,,,,,,,,,,,,,,,,,,,,,,,,,,,,,,,,,,,,,,
9083,1200,9084,8753,,0,0,0,0,0,0,0,0,0,0,0,0,0,0,0,3,3,3,3,3,3,3,3,3,3,3,3,3,3,3,3,3,3,3,3,3,3,3,3,1,1,1,1,0,0,0,0,0,0,,,,,,,,,,,,,,,,,,,,,,,,,,,,,,,,,,,,,,,,,,,,,,,,
9084,1600,9083,8779,8774,1,0,0,0,0,0,0,0,0,0,0,0,0,1,1,4,4,5,5,5,5,5,5,4,4,4,4,4,4,4,4,4,4,4,4,5,5,4,4,2,2,1,1,1,1,1,1,0,0,,,,,,,,,,,,,,,,,,,,,,,,,,,,,,,,,,,,,,,,,,,,,,,,
9085,1200,8753,9086,,0,0,0,0,0,0,0,0,0,0,0,0,0,0,0,1,1,1,1,1,1,1,1,1,1,1,1,1,1,1,1,1,1,1,1,1,1,1,1,0,0,0,0,0,0,0,0,0,0,,,,,,,,,,,,,,,,,,,,,,,,,,,,,,,,,,,,,,,,,,,,,,,,
9086,1600,9085,8761,8748,1,0,0,0,0,0,0,0,0,0,0,0,0,0,0,1,1,2,2,1,1,1,1,1,1,1,1,1,1,1,1,1,1,1,1,1,1,1,1,1,1,0,0,0,0,0,0,0,0,,,,,,,,,,,,,,,,,,,,,,,,,,,,,,,,,,,,,,,,,,,,,,,,
9087,1600,8753,9088,,0,0,0,0,0,0,0,0,0,0,0,0,0,0,0,1,1,2,2,2,2,2,2,1,1,1,1,1,1,1,1,1,1,1,1,1,1,1,1,1,1,0,0,0,0,0,0,0,0,,,,,,,,,,,,,,,,,,,,,,,,,,,,,,,,,,,,,,,,,,,,,,,,
9088,1600,8757,9087,8956,1,0,0,0,0,0,0,0,0,0,0,0,0,0,0,3,3,3,3,3,3,3,3,2,2,2,2,2,2,2,2,2,2,2,2,3,3,2,2,1,1,1,1,0,0,0,0,0,0,,,,,,,,,,,,,,,,,,,,,,,,,,,,,,,,,,,,,,,,,,,,,,,,
9089,3500,8759,9090,,0,40,40,42,42,29,29,32,32,37,37,40,40,112,112,1001,1001,1161,1161,1127,1127,1089,1089,1007,1007,921,921,975,975,939,939,982,982,1001,1001,1048,1048,949,949,314,314,202,202,136,136,99,99,50,50,,,,,,,,,,,,,,,,,,,,,,,,,,,,,,,,,,,,,,,,,,,,,,,,
9090,2500,8774,9089,9091,1,40,40,42,42,29,29,32,32,37,37,40,40,112,112,1001,1001,1161,1161,1127,1127,1089,1089,1007,1007,921,921,975,975,939,939,982,982,1001,1001,1048,1048,949,949,314,314,202,202,136,136,99,99,50,50,,,,,,,,,,,,,,,,,,,,,,,,,,,,,,,,,,,,,,,,,,,,,,,,
9091,3500,9090,9092,,0,40,40,42,42,29,29,32,32,37,37,40,40,112,112,1001,1001,1161,1161,1127,1127,1089,1089,1007,1007,921,921,975,975,939,939,982,982,1001,1001,1048,1048,949,949,314,314,202,202,136,136,99,99,50,50,,,,,,,,,,,,,,,,,,,,,,,,,,,,,,,,,,,,,,,,,,,,,,,,
9092,2500,8783,9091,8789,1,25,25,26,26,18,18,20,20,23,23,25,25,70,70,1062,1062,1213,1213,1136,1136,1055,1055,1044,1044,956,956,994,994,1008,1008,1076,1076,1104,1104,1158,1158,1070,1070,196,196,126,126,85,85,62,62,32,32,,,,,,,,,,,,,,,,,,,,,,,,,,,,,,,,,,,,,,,,,,,,,,,,
9093,4400,9098,8763,,0,67,67,70,70,49,49,53,53,62,62,67,67,186,186,910,910,1134,1134,1023,1023,977,977,900,900,812,812,861,861,864,864,851,851,886,886,939,939,854,854,524,524,336,336,227,227,165,165,84,84,,,,,,,,,,,,,,,,,,,,,,,,,,,,,,,,,,,,,,,,,,,,,,,,
9094,3500,9097,8796,9095,1,47,47,48,48,33,33,36,36,42,42,46,46,128,128,1057,1057,1213,1213,1153,1153,1128,1128,1033,1033,969,969,976,976,998,998,1023,1023,1032,1032,1096,1096,1027,1027,410,410,257,257,168,168,123,123,66,66,,,,,,,,,,,,,,,,,,,,,,,,,,,,,,,,,,,,,,,,,,,,,,,,
9095,4400,9094,9096,,0,25,25,26,26,18,18,20,20,23,23,25,25,70,70,1062,1062,1213,1213,1136,1136,1055,1055,1044,1044,956,956,994,994,1008,1008,1076,1076,1104,1104,1158,1158,1070,1070,196,196,126,126,85,85,62,62,32,32,,,,,,,,,,,,,,,,,,,,,,,,,,,,,,,,,,,,,,,,,,,,,,,,
9096,3000,9095,8810,8884,1,67,67,70,70,49,49,53,53,62,62,67,67,186,186,910,910,1134,1134,1023,1023,977,977,900,900,812,812,861,861,864,864,851,851,886,886,939,939,854,854,524,524,336,336,227,227,165,165,84,84,,,,,,,,,,,,,,,,,,,,,,,,,,,,,,,,,,,,,,,,,,,,,,,,
9097,4400,9094,9098,,0,47,47,48,48,33,33,36,36,42,42,46,46,128,128,1057,1057,1213,1213,1153,1153,1128,1128,1033,1033,969,969,976,976,998,998,1023,1023,1032,1032,1096,1096,1027,1027,410,410,257,257,168,168,123,123,66,66,,,,,,,,,,,,,,,,,,,,,,,,,,,,,,,,,,,,,,,,,,,,,,,,
9098,3000,9099,9097,9093,1,47,47,48,48,33,33,36,36,42,42,46,46,128,128,1057,1057,1213,1213,1153,1153,1128,1128,1033,1033,969,969,976,976,998,998,1023,1023,1032,1032,1096,1096,1027,1027,410,410,257,257,168,168,123,123,66,66,,,,,,,,,,,,,,,,,,,,,,,,,,,,,,,,,,,,,,,,,,,,,,,,
9099,2500,9098,9100,,0,47,47,48,48,33,33,36,36,42,42,46,46,128,128,1057,1057,1213,1213,1153,1153,1128,1128,1033,1033,969,969,976,976,998,998,1023,1023,1032,1032,1096,1096,1027,1027,410,410,257,257,168,168,123,123,66,66,,,,,,,,,,,,,,,,,,,,,,,,,,,,,,,,,,,,,,,,,,,,,,,,
91,2500,511,92,,0,50,50,52,52,37,37,40,40,46,46,50,50,140,140,967,967,1151,1151,1088,1088,1047,1047,967,967,880,880,932,932,911,911,933,933,958,958,1007,1007,913,913,393,393,252,252,170,170,124,124,63,63,,,,,,,,,,,,,,,,,,,,,,,,,,,,,,,,,,,,,,,,,,,,,,,,
9100,2000,9101,9099,8788,1,47,47,48,48,33,33,36,36,42,42,46,46,128,128,1057,1057,1213,1213,1153,1153,1128,1128,1033,1033,969,969,976,976,998,998,1023,1023,1032,1032,1096,1096,1027,1027,410,410,257,257,168,168,123,123,66,66,,,,,,,,,,,,,,,,,,,,,,,,,,,,,,,,,,,,,,,,,,,,,,,,
9101,2500,9100,9102,,0,47,47,48,48,33,33,36,36,42,42,46,46,128,128,1057,1057,1213,1213,1153,1153,1128,1128,1033,1033,969,969,976,976,998,998,1023,1023,1032,1032,1096,1096,1027,1027,410,410,257,257,168,168,123,123,66,66,,,,,,,,,,,,,,,,,,,,,,,,,,,,,,,,,,,,,,,,,,,,,,,,
9102,2000,8808,9101,9105,1,47,47,48,48,33,33,36,36,42,42,46,46,128,128,1057,1057,1213,1213,1153,1153,1128,1128,1033,1033,969,969,976,976,998,998,1023,1023,1032,1032,1096,1096,1027,1027,410,410,257,257,168,168,123,123,66,66,,,,,,,,,,,,,,,,,,,,,,,,,,,,,,,,,,,,,,,,,,,,,,,,
9103,1600,9104,8768,,0,1,1,1,1,1,1,1,1,1,1,1,1,3,3,13,13,16,16,15,15,14,14,13,13,12,12,12,12,12,12,12,12,13,13,13,13,12,12,7,7,5,5,3,3,2,2,1,1,,,,,,,,,,,,,,,,,,,,,,,,,,,,,,,,,,,,,,,,,,,,,,,,
9104,1200,8791,8788,9103,1,0,0,0,0,0,0,0,0,0,0,0,0,1,1,5,5,6,6,5,5,5,5,5,5,5,5,5,5,5,5,5,5,5,5,5,5,5,5,2,2,1,1,1,1,1,1,0,0,,,,,,,,,,,,,,,,,,,,,,,,,,,,,,,,,,,,,,,,,,,,,,,,
9105,2500,9102,9106,,0,47,47,48,48,33,33,36,36,42,42,46,46,128,128,1057,1057,1213,1213,1153,1153,1128,1128,1033,1033,969,969,976,976,998,998,1023,1023,1032,1032,1096,1096,1027,1027,410,410,257,257,168,168,123,123,66,66,,,,,,,,,,,,,,,,,,,,,,,,,,,,,,,,,,,,,,,,,,,,,,,,
9106,1500,9107,9105,8791,1,47,47,48,48,33,33,36,36,42,42,46,46,128,128,1057,1057,1213,1213,1153,1153,1128,1128,1033,1033,969,969,976,976,998,998,1023,1023,1032,1032,1096,1096,1027,1027,410,410,257,257,168,168,123,123,66,66,,,,,,,,,,,,,,,,,,,,,,,,,,,,,,,,,,,,,,,,,,,,,,,,
9107,1500,9108,9106,,0,67,67,70,70,49,49,53,53,62,62,67,67,186,186,910,910,1134,1134,1023,1023,977,977,900,900,812,812,861,861,864,864,851,851,886,886,939,939,854,854,524,524,336,336,227,227,165,165,84,84,,,,,,,,,,,,,,,,,,,,,,,,,,,,,,,,,,,,,,,,,,,,,,,,
9108,1200,8800,9107,8784,1,0,0,0,0,0,0,0,0,0,0,0,0,1,1,6,6,7,7,6,6,6,6,5,5,5,5,5,5,5,5,5,5,5,5,6,6,5,5,2,2,1,1,1,1,1,1,0,0,,,,,,,,,,,,,,,,,,,,,,,,,,,,,,,,,,,,,,,,,,,,,,,,
9109,2000,8768,9110,,0,67,67,70,70,49,49,53,53,62,62,67,67,186,186,910,910,1134,1134,1023,1023,977,977,900,900,812,812,861,861,864,864,851,851,886,886,939,939,854,854,524,524,336,336,227,227,165,165,84,84,,,,,,,,,,,,,,,,,,,,,,,,,,,,,,,,,,,,,,,,,,,,,,,,
9110,2000,9109,8764,9111,1,67,67,70,70,49,49,53,53,62,62,67,67,186,186,910,910,1134,1134,1023,1023,977,977,900,900,812,812,861,861,864,864,851,851,886,886,939,939,854,854,524,524,336,336,227,227,165,165,84,84,,,,,,,,,,,,,,,,,,,,,,,,,,,,,,,,,,,,,,,,,,,,,,,,
9111,1600,9112,9110,,0,1,1,1,1,1,1,1,1,1,1,1,1,2,2,10,10,12,12,11,11,11,11,10,10,9,9,9,9,9,9,9,9,10,10,10,10,9,9,6,6,4,4,2,2,2,2,1,1,,,,,,,,,,,,,,,,,,,,,,,,,,,,,,,,,,,,,,,,,,,,,,,,
9112,800,9113,9111,8754,1,0,0,0,0,0,0,0,0,0,0,0,0,1,1,6,6,7,7,7,7,6,6,6,6,5,5,5,5,6,6,5,5,6,6,6,6,5,5,3,3,2,2,1,1,1,1,1,1,,,,,,,,,,,,,,,,,,,,,,,,,,,,,,,,,,,,,,,,,,,,,,,,
9113,1200,9114,9112,,0,0,0,0,0,0,0,0,0,0,0,0,0,1,1,5,5,6,6,6,6,6,6,5,5,5,5,5,5,5,5,5,5,5,5,5,5,5,5,3,3,2,2,1,1,1,1,0,0,,,,,,,,,,,,,,,,,,,,,,,,,,,,,,,,,,,,,,,,,,,,,,,,
9114,800,8767,9113,8760,1,0,0,0,0,0,0,0,0,0,0,0,0,1,1,4,4,5,5,4,4,4,4,4,4,3,3,4,4,4,4,4,4,4,4,4,4,4,4,2,2,1,1,1,1,1,1,0,0,,,,,,,,,,,,,,,,,,,,,,,,,,,,,,,,,,,,,,,,,,,,,,,,
9115,1600,9116,9057,,0,1,1,1,1,0,0,0,0,0,0,1,1,1,1,7,7,9,9,8,8,8,8,7,7,6,6,7,7,7,7,7,7,7,7,7,7,7,7,4,4,3,3,2,2,1,1,1,1,,,,,,,,,,,,,,,,,,,,,,,,,,,,,,,,,,,,,,,,,,,,,,,,
9116,1200,9117,9115,8765,1,1,1,1,1,0,0,0,0,1,1,1,1,2,2,8,8,10,10,9,9,8,8,8,8,7,7,7,7,7,7,7,7,8,8,8,8,7,7,4,4,3,3,2,2,1,1,1,1,,,,,,,,,,,,,,,,,,,,,,,,,,,,,,,,,,,,,,,,,,,,,,,,
9117,1200,9116,9118,,0,1,1,1,1,1,1,1,1,1,1,1,1,2,2,10,10,13,13,12,12,11,11,10,10,9,9,10,10,10,10,10,10,10,10,11,11,10,10,6,6,4,4,3,3,2,2,1,1,,,,,,,,,,,,,,,,,,,,,,,,,,,,,,,,,,,,,,,,,,,,,,,,
9118,1500,8750,9117,8772,1,67,67,70,70,49,49,53,53,62,62,67,67,186,186,910,910,1134,1134,1023,1023,977,977,900,900,812,812,861,861,864,864,851,851,886,886,939,939,854,854,524,524,336,336,227,227,165,165,84,84,,,,,,,,,,,,,,,,,,,,,,,,,,,,,,,,,,,,,,,,,,,,,,,,
9119,800,9120,8771,,0,0,0,0,0,0,0,0,0,0,0,0,0,1,1,5,5,6,6,5,5,5,5,5,5,4,4,4,4,4,4,4,4,4,4,5,5,4,4,3,3,2,2,1,1,1,1,0,0,,,,,,,,,,,,,,,,,,,,,,,,,,,,,,,,,,,,,,,,,,,,,,,,
9120,800,9119,8775,8772,1,1,1,1,1,0,0,1,1,1,1,1,1,2,2,9,9,11,11,10,10,10,10,9,9,8,8,9,9,9,9,9,9,9,9,9,9,9,9,5,5,3,3,2,2,2,2,1,1,,,,,,,,,,,,,,,,,,,,,,,,,,,,,,,,,,,,,,,,,,,,,,,,
9121,4400,9059,9122,,0,67,67,70,70,49,49,53,53,62,62,67,67,186,186,910,910,1134,1134,1023,1023,977,977,900,900,812,812,861,861,864,864,851,851,886,886,939,939,854,854,524,524,336,336,227,227,165,165,84,84,,,,,,,,,,,,,,,,,,,,,,,,,,,,,,,,,,,,,,,,,,,,,,,,
9122,2000,8750,8751,9121;8773,2,67,67,70,70,49,49,53,53,62,62,67,67,186,186,910,910,1134,1134,1023,1023,977,977,900,900,812,812,861,861,864,864,851,851,886,886,939,939,854,854,524,524,336,336,227,227,165,165,84,84,,,,,,,,,,,,,,,,,,,,,,,,,,,,,,,,,,,,,,,,,,,,,,,,
9123,1500,8777,9124,,0,67,67,70,70,49,49,53,53,62,62,67,67,186,186,910,910,1134,1134,1023,1023,977,977,900,900,812,812,861,861,864,864,851,851,886,886,939,939,854,854,524,524,336,336,227,227,165,165,84,84,,,,,,,,,,,,,,,,,,,,,,,,,,,,,,,,,,,,,,,,,,,,,,,,
9124,1500,9123,8776,8794,1,67,67,70,70,49,49,53,53,62,62,67,67,186,186,910,910,1134,1134,1023,1023,977,977,900,900,812,812,861,861,864,864,851,851,886,886,939,939,854,854,524,524,336,336,227,227,165,165,84,84,,,,,,,,,,,,,,,,,,,,,,,,,,,,,,,,,,,,,,,,,,,,,,,,
9125,1500,9126,8811,,0,47,47,48,48,33,33,36,36,42,42,46,46,128,128,1057,1057,1213,1213,1153,1153,1128,1128,1033,1033,969,969,976,976,998,998,1023,1023,1032,1032,1096,1096,1027,1027,410,410,257,257,168,168,123,123,66,66,,,,,,,,,,,,,,,,,,,,,,,,,,,,,,,,,,,,,,,,,,,,,,,,
9126,1600,9125,8814,8808,1,1,1,1,1,0,0,0,0,1,1,1,1,2,2,11,11,13,13,13,13,12,12,11,11,10,10,11,11,11,11,11,11,11,11,12,12,11,11,5,5,3,3,2,2,1,1,1,1,,,,,,,,,,,,,,,,,,,,,,,,,,,,,,,,,,,,,,,,,,,,,,,,
9127,600,9128,8811,,0,0,0,0,0,0,0,0,0,0,0,0,0,1,1,8,8,9,9,9,9,8,8,8,8,7,7,7,7,8,8,8,8,8,8,8,8,8,8,3,3,2,2,1,1,1,1,1,1,,,,,,,,,,,,,,,,,,,,,,,,,,,,,,,,,,,,,,,,,,,,,,,,
9128,1600,9127,8812,8821,1,0,0,0,0,0,0,0,0,0,0,0,0,1,1,5,5,5,5,5,5,5,5,5,5,4,4,4,4,4,4,4,4,5,5,5,5,4,4,2,2,1,1,1,1,1,1,0,0,,,,,,,,,,,,,,,,,,,,,,,,,,,,,,,,,,,,,,,,,,,,,,,,
9129,4000,8811,9130,,0,47,47,48,48,33,33,36,36,42,42,46,46,128,128,1057,1057,1213,1213,1153,1153,1128,1128,1033,1033,969,969,976,976,998,998,1023,1023,1032,1032,1096,1096,1027,1027,410,410,257,257,168,168,123,123,66,66,,,,,,,,,,,,,,,,,,,,,,,,,,,,,,,,,,,,,,,,,,,,,,,,
9130,300,8795,9129,8806,1,0,0,0,0,0,0,0,0,0,0,0,0,1,1,8,8,9,9,8,8,8,8,8,8,7,7,7,7,7,7,7,7,7,7,8,8,7,7,3,3,2,2,1,1,1,1,1,1,,,,,,,,,,,,,,,,,,,,,,,,,,,,,,,,,,,,,,,,,,,,,,,,
9131,3500,9132,8777,,0,47,47,48,48,33,33,36,36,42,42,46,46,128,128,1057,1057,1213,1213,1153,1153,1128,1128,1033,1033,969,969,976,976,998,998,1023,1023,1032,1032,1096,1096,1027,1027,410,410,257,257,168,168,123,123,66,66,,,,,,,,,,,,,,,,,,,,,,,,,,,,,,,,,,,,,,,,,,,,,,,,
9132,1600,8786,8806,9131,1,0,0,0,0,0,0,0,0,0,0,0,0,1,1,8,8,9,9,8,8,8,8,7,7,7,7,7,7,7,7,7,7,7,7,8,8,7,7,3,3,2,2,1,1,1,1,1,1,,,,,,,,,,,,,,,,,,,,,,,,,,,,,,,,,,,,,,,,,,,,,,,,
9133,4400,8823,9134,,0,47,47,48,48,33,33,36,36,42,42,46,46,128,128,1057,1057,1213,1213,1153,1153,1128,1128,1033,1033,969,969,976,976,998,998,1023,1023,1032,1032,1096,1096,1027,1027,410,410,257,257,168,168,123,123,66,66,,,,,,,,,,,,,,,,,,,,,,,,,,,,,,,,,,,,,,,,,,,,,,,,
9134,3000,9133,8812,9135,1,47,47,48,48,33,33,36,36,42,42,46,46,128,128,1057,1057,1213,1213,1153,1153,1128,1128,1033,1033,969,969,976,976,998,998,1023,1023,1032,1032,1096,1096,1027,1027,410,410,257,257,168,168,123,123,66,66,,,,,,,,,,,,,,,,,,,,,,,,,,,,,,,,,,,,,,,,,,,,,,,,
9135,4000,9136,9134,,0,47,47,48,48,33,33,36,36,42,42,46,46,128,128,1057,1057,1213,1213,1153,1153,1128,1128,1033,1033,969,969,976,976,998,998,1023,1023,1032,1032,1096,1096,1027,1027,410,410,257,257,168,168,123,123,66,66,,,,,,,,,,,,,,,,,,,,,,,,,,,,,,,,,,,,,,,,,,,,,,,,
9136,2500,8799,8819,9135,1,47,47,48,48,33,33,36,36,42,42,46,46,128,128,1057,1057,1213,1213,1153,1153,1128,1128,1033,1033,969,969,976,976,998,998,1023,1023,1032,1032,1096,1096,1027,1027,410,410,257,257,168,168,123,123,66,66,,,,,,,,,,,,,,,,,,,,,,,,,,,,,,,,,,,,,,,,,,,,,,,,
9137,4000,9138,8777,,0,47,47,48,48,33,33,36,36,42,42,46,46,128,128,1057,1057,1213,1213,1153,1153,1128,1128,1033,1033,969,969,976,976,998,998,1023,1023,1032,1032,1096,1096,1027,1027,410,410,257,257,168,168,123,123,66,66,,,,,,,,,,,,,,,,,,,,,,,,,,,,,,,,,,,,,,,,,,,,,,,,
9138,2500,8819,8786,9137,1,47,47,48,48,33,33,36,36,42,42,46,46,128,128,1057,1057,1213,1213,1153,1153,1128,1128,1033,1033,969,969,976,976,998,998,1023,1023,1032,1032,1096,1096,1027,1027,410,410,257,257,168,168,123,123,66,66,,,,,,,,,,,,,,,,,,,,,,,,,,,,,,,,,,,,,,,,,,,,,,,,
9139,2000,8747,9140,,0,67,67,70,70,49,49,53,53,62,62,67,67,186,186,910,910,1134,1134,1023,1023,977,977,900,900,812,812,861,861,864,864,851,851,886,886,939,939,854,854,524,524,336,336,227,227,165,165,84,84,,,,,,,,,,,,,,,,,,,,,,,,,,,,,,,,,,,,,,,,,,,,,,,,
9140,1500,9141,9139,8776,1,67,67,70,70,49,49,53,53,62,62,67,67,186,186,910,910,1134,1134,1023,1023,977,977,900,900,812,812,861,861,864,864,851,851,886,886,939,939,854,854,524,524,336,336,227,227,165,165,84,84,,,,,,,,,,,,,,,,,,,,,,,,,,,,,,,,,,,,,,,,,,,,,,,,
9141,2000,9140,9142,,0,67,67,70,70,49,49,53,53,62,62,67,67,186,186,910,910,1134,1134,1023,1023,977,977,900,900,812,812,861,861,864,864,851,851,886,886,939,939,854,854,524,524,336,336,227,227,165,165,84,84,,,,,,,,,,,,,,,,,,,,,,,,,,,,,,,,,,,,,,,,,,,,,,,,
9142,1500,9141,15545,8797,1,47,47,48,48,33,33,36,36,42,42,46,46,128,128,1057,1057,1213,1213,1153,1153,1128,1128,1033,1033,969,969,976,976,998,998,1023,1023,1032,1032,1096,1096,1027,1027,410,410,257,257,168,168,123,123,66,66,,,,,,,,,,,,,,,,,,,,,,,,,,,,,,,,,,,,,,,,,,,,,,,,
9143,1200,9144,2065,,0,0,0,0,0,0,0,0,0,0,0,0,0,0,0,4,4,5,5,4,4,4,4,4,4,4,4,4,4,4,4,4,4,4,4,4,4,4,4,1,1,1,1,1,1,0,0,0,0,,,,,,,,,,,,,,,,,,,,,,,,,,,,,,,,,,,,,,,,,,,,,,,,
9144,800,9143,9145,11671,1,0,0,0,0,0,0,0,0,0,0,0,0,0,0,1,1,2,2,2,2,2,2,1,1,1,1,1,1,1,1,1,1,1,1,1,1,1,1,1,1,0,0,0,0,0,0,0,0,,,,,,,,,,,,,,,,,,,,,,,,,,,,,,,,,,,,,,,,,,,,,,,,
9145,800,9146,9144,,0,0,0,0,0,0,0,0,0,0,0,0,0,0,0,2,2,2,2,2,2,2,2,2,2,2,2,2,2,2,2,2,2,2,2,2,2,2,2,1,1,0,0,0,0,0,0,0,0,,,,,,,,,,,,,,,,,,,,,,,,,,,,,,,,,,,,,,,,,,,,,,,,
9146,800,9145,9147,8689,1,0,0,0,0,0,0,0,0,0,0,0,0,0,0,3,3,3,3,3,3,3,3,3,3,2,2,2,2,2,2,2,2,2,2,3,3,2,2,1,1,1,1,0,0,0,0,0,0,,,,,,,,,,,,,,,,,,,,,,,,,,,,,,,,,,,,,,,,,,,,,,,,
9147,800,9148,9146,,0,0,0,0,0,0,0,0,0,0,0,0,0,0,0,3,3,4,4,4,4,4,4,3,3,3,3,3,3,3,3,3,3,3,3,3,3,3,3,1,1,1,1,1,1,0,0,0,0,,,,,,,,,,,,,,,,,,,,,,,,,,,,,,,,,,,,,,,,,,,,,,,,
9148,800,9147,8688,9149,1,0,0,0,0,0,0,0,0,0,0,0,0,0,0,3,3,4,4,4,4,4,4,3,3,3,3,3,3,3,3,3,3,3,3,3,3,3,3,1,1,1,1,1,1,0,0,0,0,,,,,,,,,,,,,,,,,,,,,,,,,,,,,,,,,,,,,,,,,,,,,,,,
9149,1200,9150,9148,,0,0,0,0,0,0,0,0,0,0,0,0,0,1,1,4,4,5,5,5,5,5,5,4,4,4,4,4,4,4,4,4,4,4,4,5,5,4,4,2,2,1,1,1,1,1,1,0,0,,,,,,,,,,,,,,,,,,,,,,,,,,,,,,,,,,,,,,,,,,,,,,,,
9150,500,8691,8693,9149,1,40,40,42,42,29,29,32,32,37,37,40,40,112,112,1001,1001,1161,1161,1127,1127,1089,1089,1007,1007,921,921,975,975,939,939,982,982,1001,1001,1048,1048,949,949,314,314,202,202,136,136,99,99,50,50,,,,,,,,,,,,,,,,,,,,,,,,,,,,,,,,,,,,,,,,,,,,,,,,
9151,300,8696,9152,,0,0,0,0,0,0,0,0,0,0,0,0,0,0,0,1,1,2,2,2,2,2,2,1,1,1,1,1,1,1,1,1,1,1,1,1,1,1,1,1,1,0,0,0,0,0,0,0,0,,,,,,,,,,,,,,,,,,,,,,,,,,,,,,,,,,,,,,,,,,,,,,,,
9152,400,8711,9151,8700;8701,2,0,0,0,0,0,0,0,0,0,0,0,0,0,0,1,1,1,1,1,1,1,1,1,1,1,1,1,1,1,1,1,1,1,1,1,1,1,1,0,0,0,0,0,0,0,0,0,0,,,,,,,,,,,,,,,,,,,,,,,,,,,,,,,,,,,,,,,,,,,,,,,,
9153,2000,8937,9154,,0,40,40,42,42,29,29,32,32,37,37,40,40,112,112,1001,1001,1161,1161,1127,1127,1089,1089,1007,1007,921,921,975,975,939,939,982,982,1001,1001,1048,1048,949,949,314,314,202,202,136,136,99,99,50,50,,,,,,,,,,,,,,,,,,,,,,,,,,,,,,,,,,,,,,,,,,,,,,,,
9154,400,9155,8698,9153,1,0,0,0,0,0,0,0,0,0,0,0,0,1,1,4,4,5,5,4,4,4,4,4,4,4,4,4,4,4,4,4,4,4,4,4,4,4,4,2,2,1,1,1,1,0,0,0,0,,,,,,,,,,,,,,,,,,,,,,,,,,,,,,,,,,,,,,,,,,,,,,,,
9155,1600,9154,9156,,0,0,0,0,0,0,0,0,0,0,0,0,0,0,0,2,2,3,3,2,2,2,2,2,2,2,2,2,2,2,2,2,2,2,2,2,2,2,2,1,1,1,1,0,0,0,0,0,0,,,,,,,,,,,,,,,,,,,,,,,,,,,,,,,,,,,,,,,,,,,,,,,,
9156,300,9157,8691,9155,1,0,0,0,0,0,0,0,0,0,0,0,0,0,0,2,2,3,3,2,2,2,2,2,2,2,2,2,2,2,2,2,2,2,2,2,2,2,2,1,1,1,1,0,0,0,0,0,0,,,,,,,,,,,,,,,,,,,,,,,,,,,,,,,,,,,,,,,,,,,,,,,,
9157,1200,9156,11673,,0,0,0,0,0,0,0,0,0,0,0,0,0,0,0,2,2,2,2,2,2,2,2,2,2,1,1,1,1,1,1,2,2,2,2,2,2,2,2,1,1,0,0,0,0,0,0,0,0,,,,,,,,,,,,,,,,,,,,,,,,,,,,,,,,,,,,,,,,,,,,,,,,
9158,3000,8965,9159,,0,40,40,42,42,29,29,32,32,37,37,40,40,112,112,1001,1001,1161,1161,1127,1127,1089,1089,1007,1007,921,921,975,975,939,939,982,982,1001,1001,1048,1048,949,949,314,314,202,202,136,136,99,99,50,50,,,,,,,,,,,,,,,,,,,,,,,,,,,,,,,,,,,,,,,,,,,,,,,,
9159,1200,8710,9158,9160,1,0,0,0,0,0,0,0,0,0,0,0,0,0,0,3,3,4,4,4,4,4,4,3,3,3,3,3,3,3,3,3,3,3,3,4,4,3,3,1,1,1,1,1,1,0,0,0,0,,,,,,,,,,,,,,,,,,,,,,,,,,,,,,,,,,,,,,,,,,,,,,,,
9160,800,9159,9161,,0,0,0,0,0,0,0,0,0,0,0,0,0,1,1,4,4,5,5,4,4,4,4,4,4,4,4,4,4,4,4,4,4,4,4,4,4,4,4,2,2,1,1,1,1,0,0,0,0,,,,,,,,,,,,,,,,,,,,,,,,,,,,,,,,,,,,,,,,,,,,,,,,
9161,1200,8690,9160,8687,1,0,0,0,0,0,0,0,0,0,0,0,0,1,1,4,4,5,5,5,5,5,5,4,4,4,4,4,4,4,4,4,4,4,4,5,5,4,4,2,2,1,1,1,1,1,1,0,0,,,,,,,,,,,,,,,,,,,,,,,,,,,,,,,,,,,,,,,,,,,,,,,,
9162,1600,9163,8965,,0,0,0,0,0,0,0,0,0,0,0,0,0,0,0,1,1,2,2,2,2,2,2,1,1,1,1,1,1,1,1,1,1,1,1,1,1,1,1,1,1,0,0,0,0,0,0,0,0,,,,,,,,,,,,,,,,,,,,,,,,,,,,,,,,,,,,,,,,,,,,,,,,
9163,1200,11508,9162,11674,1,0,0,0,0,0,0,0,0,0,0,0,0,0,0,1,1,1,1,1,1,1,1,1,1,1,1,1,1,1,1,1,1,1,1,1,1,1,1,0,0,0,0,0,0,0,0,0,0,,,,,,,,,,,,,,,,,,,,,,,,,,,,,,,,,,,,,,,,,,,,,,,,
9164,3850,11681,8936,,0,67,67,70,70,49,49,53,53,62,62,67,67,186,186,910,910,1134,1134,1023,1023,977,977,900,900,812,812,861,861,864,864,851,851,886,886,939,939,854,854,524,524,336,336,227,227,165,165,84,84,,,,,,,,,,,,,,,,,,,,,,,,,,,,,,,,,,,,,,,,,,,,,,,,
9165,2500,8971,9166,,0,67,67,70,70,49,49,53,53,62,62,67,67,186,186,910,910,1134,1134,1023,1023,977,977,900,900,812,812,861,861,864,864,851,851,886,886,939,939,854,854,524,524,336,336,227,227,165,165,84,84,,,,,,,,,,,,,,,,,,,,,,,,,,,,,,,,,,,,,,,,,,,,,,,,
9166,1500,9165,9167,8702,1,67,67,70,70,49,49,53,53,62,62,67,67,186,186,910,910,1134,1134,1023,1023,977,977,900,900,812,812,861,861,864,864,851,851,886,886,939,939,854,854,524,524,336,336,227,227,165,165,84,84,,,,,,,,,,,,,,,,,,,,,,,,,,,,,,,,,,,,,,,,,,,,,,,,
9167,2000,9166,9168,,0,67,67,70,70,49,49,53,53,62,62,67,67,186,186,910,910,1134,1134,1023,1023,977,977,900,900,812,812,861,861,864,864,851,851,886,886,939,939,854,854,524,524,336,336,227,227,165,165,84,84,,,,,,,,,,,,,,,,,,,,,,,,,,,,,,,,,,,,,,,,,,,,,,,,
9168,1200,9167,9169,8692,1,1,1,1,1,1,1,1,1,1,1,1,1,2,2,10,10,13,13,12,12,11,11,10,10,9,9,10,10,10,10,10,10,10,10,11,11,10,10,6,6,4,4,3,3,2,2,1,1,,,,,,,,,,,,,,,,,,,,,,,,,,,,,,,,,,,,,,,,,,,,,,,,
9169,800,9170,9168,,0,0,0,0,0,0,0,0,0,0,0,0,0,1,1,6,6,7,7,6,6,6,6,6,6,5,5,5,5,5,5,5,5,5,5,6,6,5,5,3,3,2,2,1,1,1,1,1,1,,,,,,,,,,,,,,,,,,,,,,,,,,,,,,,,,,,,,,,,,,,,,,,,
9170,1200,9169,8712,8684,1,0,0,0,0,0,0,0,0,0,0,0,0,1,1,3,3,4,4,4,4,3,3,3,3,3,3,3,3,3,3,3,3,3,3,3,3,3,3,2,2,1,1,1,1,1,1,0,0,,,,,,,,,,,,,,,,,,,,,,,,,,,,,,,,,,,,,,,,,,,,,,,,
9171,3500,8971,9172,,0,67,67,70,70,49,49,53,53,62,62,67,67,186,186,910,910,1134,1134,1023,1023,977,977,900,900,812,812,861,861,864,864,851,851,886,886,939,939,854,854,524,524,336,336,227,227,165,165,84,84,,,,,,,,,,,,,,,,,,,,,,,,,,,,,,,,,,,,,,,,,,,,,,,,
9172,1600,8692,9171,9173,1,1,1,1,1,0,0,1,1,1,1,1,1,2,2,9,9,12,12,10,10,10,10,9,9,8,8,9,9,9,9,9,9,9,9,10,10,9,9,5,5,3,3,2,2,2,2,1,1,,,,,,,,,,,,,,,,,,,,,,,,,,,,,,,,,,,,,,,,,,,,,,,,
9173,2500,9174,9172,,0,67,67,70,70,49,49,53,53,62,62,67,67,186,186,910,910,1134,1134,1023,1023,977,977,900,900,812,812,861,861,864,864,851,851,886,886,939,939,854,854,524,524,336,336,227,227,165,165,84,84,,,,,,,,,,,,,,,,,,,,,,,,,,,,,,,,,,,,,,,,,,,,,,,,
9174,1200,11510,8684,9173,1,1,1,1,1,1,1,1,1,1,1,1,1,2,2,11,11,13,13,12,12,11,11,10,10,9,9,10,10,10,10,10,10,10,10,11,11,10,10,6,6,4,4,3,3,2,2,1,1,,,,,,,,,,,,,,,,,,,,,,,,,,,,,,,,,,,,,,,,,,,,,,,,
9175,4400,8694,9176,,0,67,67,70,70,49,49,53,53,62,62,67,67,186,186,910,910,1134,1134,1023,1023,977,977,900,900,812,812,861,861,864,864,851,851,886,886,939,939,854,854,524,524,336,336,227,227,165,165,84,84,,,,,,,,,,,,,,,,,,,,,,,,,,,,,,,,,,,,,,,,,,,,,,,,
9176,2500,8727,8699,9175,1,67,67,70,70,49,49,53,53,62,62,67,67,186,186,910,910,1134,1134,1023,1023,977,977,900,900,812,812,861,861,864,864,851,851,886,886,939,939,854,854,524,524,336,336,227,227,165,165,84,84,,,,,,,,,,,,,,,,,,,,,,,,,,,,,,,,,,,,,,,,,,,,,,,,
9177,4400,9178,8973,,0,67,67,70,70,49,49,53,53,62,62,67,67,186,186,910,910,1134,1134,1023,1023,977,977,900,900,812,812,861,861,864,864,851,851,886,886,939,939,854,854,524,524,336,336,227,227,165,165,84,84,,,,,,,,,,,,,,,,,,,,,,,,,,,,,,,,,,,,,,,,,,,,,,,,
9178,3300,9177,8699,8972,1,67,67,70,70,49,49,53,53,62,62,67,67,186,186,910,910,1134,1134,1023,1023,977,977,900,900,812,812,861,861,864,864,851,851,886,886,939,939,854,854,524,524,336,336,227,227,165,165,84,84,,,,,,,,,,,,,,,,,,,,,,,,,,,,,,,,,,,,,,,,,,,,,,,,
9179,3000,9182,8933,,0,40,40,42,42,29,29,32,32,37,37,40,40,112,112,1001,1001,1161,1161,1127,1127,1089,1089,1007,1007,921,921,975,975,939,939,982,982,1001,1001,1048,1048,949,949,314,314,202,202,136,136,99,99,50,50,,,,,,,,,,,,,,,,,,,,,,,,,,,,,,,,,,,,,,,,,,,,,,,,
9180,400,9182,8929,,0,0,0,0,0,0,0,0,0,0,0,0,0,1,1,5,5,6,6,5,5,5,5,5,5,4,4,5,5,5,5,5,5,5,5,5,5,5,5,2,2,1,1,1,1,1,1,0,0,,,,,,,,,,,,,,,,,,,,,,,,,,,,,,,,,,,,,,,,,,,,,,,,
9181,4400,8936,9185,,0,40,40,42,42,29,29,32,32,37,37,40,40,112,112,1001,1001,1161,1161,1127,1127,1089,1089,1007,1007,921,921,975,975,939,939,982,982,1001,1001,1048,1048,949,949,314,314,202,202,136,136,99,99,50,50,,,,,,,,,,,,,,,,,,,,,,,,,,,,,,,,,,,,,,,,,,,,,,,,
9182,1500,9183,9179,8714;9180,2,40,40,42,42,29,29,32,32,37,37,40,40,112,112,1001,1001,1161,1161,1127,1127,1089,1089,1007,1007,921,921,975,975,939,939,982,982,1001,1001,1048,1048,949,949,314,314,202,202,136,136,99,99,50,50,,,,,,,,,,,,,,,,,,,,,,,,,,,,,,,,,,,,,,,,,,,,,,,,
9183,800,9182,8919,8714,1,0,0,0,0,0,0,0,0,0,0,0,0,1,1,5,5,5,5,5,5,5,5,5,5,4,4,4,4,4,4,4,4,5,5,5,5,4,4,2,2,1,1,1,1,1,1,0,0,,,,,,,,,,,,,,,,,,,,,,,,,,,,,,,,,,,,,,,,,,,,,,,,
9184,4400,9185,8935,,0,40,40,42,42,29,29,32,32,37,37,40,40,112,112,1001,1001,1161,1161,1127,1127,1089,1089,1007,1007,921,921,975,975,939,939,982,982,1001,1001,1048,1048,949,949,314,314,202,202,136,136,99,99,50,50,,,,,,,,,,,,,,,,,,,,,,,,,,,,,,,,,,,,,,,,,,,,,,,,
9185,3850,9181,9184,8960;8737,2,40,40,42,42,29,29,32,32,37,37,40,40,112,112,1001,1001,1161,1161,1127,1127,1089,1089,1007,1007,921,921,975,975,939,939,982,982,1001,1001,1048,1048,949,949,314,314,202,202,136,136,99,99,50,50,,,,,,,,,,,,,,,,,,,,,,,,,,,,,,,,,,,,,,,,,,,,,,,,
9186,1600,9190,,,0,9,9,10,10,7,7,7,7,9,9,9,9,26,26,125,125,156,156,140,140,134,134,123,123,111,111,118,118,119,119,117,117,122,122,129,129,117,117,72,72,46,46,31,31,23,23,12,12,,,,,,,,,,,,,,,,,,,,,,,,,,,,,,,,,,,,,,,,,,,,,,,,
9187,800,,9578,,0,1,1,1,1,0,0,0,0,1,1,1,1,2,2,11,11,13,13,12,12,12,12,11,11,10,10,10,10,11,11,11,11,11,11,12,12,11,11,6,6,4,4,2,2,2,2,1,1,,,,,,,,,,,,,,,,,,,,,,,,,,,,,,,,,,,,,,,,,,,,,,,,
9188,1200,,9584,,0,2,2,2,2,1,1,1,1,2,2,2,2,5,5,34,34,39,39,36,36,35,35,32,32,31,31,30,30,32,32,32,32,32,32,35,35,33,33,17,17,10,10,7,7,5,5,3,3,,,,,,,,,,,,,,,,,,,,,,,,,,,,,,,,,,,,,,,,,,,,,,,,
9189,800,9580,,,0,2,2,2,2,1,1,1,1,1,1,2,2,5,5,30,30,35,35,32,32,32,32,29,29,27,27,27,27,29,29,29,29,29,29,31,31,30,30,15,15,9,9,6,6,4,4,2,2,,,,,,,,,,,,,,,,,,,,,,,,,,,,,,,,,,,,,,,,,,,,,,,,
9190,4400,9482,9186,,0,67,67,70,70,49,49,53,53,62,62,67,67,186,186,910,910,1134,1134,1023,1023,977,977,900,900,812,812,861,861,864,864,851,851,886,886,939,939,854,854,524,524,336,336,227,227,165,165,84,84,,,,,,,,,,,,,,,,,,,,,,,,,,,,,,,,,,,,,,,,,,,,,,,,
9191,2750,9220,9192,,0,67,67,70,70,49,49,53,53,62,62,67,67,186,186,910,910,1134,1134,1023,1023,977,977,900,900,812,812,861,861,864,864,851,851,886,886,939,939,854,854,524,524,336,336,227,227,165,165,84,84,,,,,,,,,,,,,,,,,,,,,,,,,,,,,,,,,,,,,,,,,,,,,,,,
9192,4400,9576,9191,,0,67,67,70,70,49,49,53,53,62,62,67,67,186,186,910,910,1134,1134,1023,1023,977,977,900,900,812,812,861,861,864,864,851,851,886,886,939,939,854,854,524,524,336,336,227,227,165,165,84,84,,,,,,,,,,,,,,,,,,,,,,,,,,,,,,,,,,,,,,,,,,,,,,,,
9193,1200,,9582,,0,33,33,31,31,22,22,23,23,26,26,31,31,88,88,1055,1055,1119,1119,1058,1058,1080,1080,966,966,980,980,861,861,1008,1008,1021,1021,988,988,1080,1080,1096,1096,421,421,249,249,150,150,110,110,68,68,,,,,,,,,,,,,,,,,,,,,,,,,,,,,,,,,,,,,,,,,,,,,,,,
9194,3500,9574,9482,,0,67,67,70,70,49,49,53,53,62,62,67,67,186,186,910,910,1134,1134,1023,1023,977,977,900,900,812,812,861,861,864,864,851,851,886,886,939,939,854,854,524,524,336,336,227,227,165,165,84,84,,,,,,,,,,,,,,,,,,,,,,,,,,,,,,,,,,,,,,,,,,,,,,,,
9195,2000,,9548,,0,67,67,70,70,49,49,53,53,62,62,67,67,186,186,910,910,1134,1134,1023,1023,977,977,900,900,812,812,861,861,864,864,851,851,886,886,939,939,854,854,524,524,336,336,227,227,165,165,84,84,,,,,,,,,,,,,,,,,,,,,,,,,,,,,,,,,,,,,,,,,,,,,,,,
9196,1650,9197,9211,9545;9535,2,63,63,65,65,46,46,49,49,57,57,62,62,174,174,982,982,1182,1182,1077,1077,1043,1043,955,955,884,884,900,900,934,934,926,926,948,948,1012,1012,944,944,526,526,333,333,221,221,161,161,84,84,,,,,,,,,,,,,,,,,,,,,,,,,,,,,,,,,,,,,,,,,,,,,,,,
9197,4400,9584,9196,,0,67,67,70,70,49,49,53,53,62,62,67,67,186,186,910,910,1134,1134,1023,1023,977,977,900,900,812,812,861,861,864,864,851,851,886,886,939,939,854,854,524,524,336,336,227,227,165,165,84,84,,,,,,,,,,,,,,,,,,,,,,,,,,,,,,,,,,,,,,,,,,,,,,,,
9198,1200,9570,,,0,0,0,0,0,0,0,0,0,0,0,0,0,0,0,3,3,3,3,3,3,3,3,3,3,2,2,2,2,3,3,3,3,3,3,3,3,3,3,1,1,1,1,1,1,0,0,0,0,,,,,,,,,,,,,,,,,,,,,,,,,,,,,,,,,,,,,,,,,,,,,,,,
9199,1200,9546,,,0,0,0,0,0,0,0,0,0,0,0,0,0,0,0,1,1,1,1,1,1,1,1,1,1,1,1,1,1,1,1,1,1,1,1,1,1,1,1,0,0,0,0,0,0,0,0,0,0,,,,,,,,,,,,,,,,,,,,,,,,,,,,,,,,,,,,,,,,,,,,,,,,
92,4400,72,106,82;94;91,3,50,50,52,52,37,37,40,40,46,46,50,50,140,140,967,967,1151,1151,1088,1088,1047,1047,967,967,880,880,932,932,911,911,933,933,958,958,1007,1007,913,913,393,393,252,252,170,170,124,124,63,63,,,,,,,,,,,,,,,,,,,,,,,,,,,,,,,,,,,,,,,,,,,,,,,,
9200,2500,9570,9548,,0,67,67,70,70,49,49,53,53,62,62,67,67,186,186,910,910,1134,1134,1023,1023,977,977,900,900,812,812,861,861,864,864,851,851,886,886,939,939,854,854,524,524,336,336,227,227,165,165,84,84,,,,,,,,,,,,,,,,,,,,,,,,,,,,,,,,,,,,,,,,,,,,,,,,
9201,1600,9203,9572,,0,0,0,0,0,0,0,0,0,0,0,0,0,0,0,1,1,1,1,1,1,1,1,1,1,1,1,1,1,1,1,1,1,1,1,1,1,1,1,0,0,0,0,0,0,0,0,0,0,,,,,,,,,,,,,,,,,,,,,,,,,,,,,,,,,,,,,,,,,,,,,,,,
9202,1600,9530,9582,,0,0,0,0,0,0,0,0,0,0,0,0,0,0,0,0,0,1,1,0,0,0,0,0,0,0,0,0,0,0,0,0,0,0,0,0,0,0,0,0,0,0,0,0,0,0,0,0,0,,,,,,,,,,,,,,,,,,,,,,,,,,,,,,,,,,,,,,,,,,,,,,,,
9203,1600,9567,9201,9569;9205,2,0,0,0,0,0,0,0,0,0,0,0,0,0,0,2,2,3,3,2,2,2,2,2,2,2,2,2,2,2,2,2,2,2,2,2,2,2,2,1,1,1,1,0,0,0,0,0,0,,,,,,,,,,,,,,,,,,,,,,,,,,,,,,,,,,,,,,,,,,,,,,,,
9204,1200,9568,,,0,0,0,0,0,0,0,0,0,0,0,0,0,0,0,1,1,2,2,2,2,2,2,1,1,1,1,1,1,1,1,1,1,1,1,1,1,1,1,1,1,0,0,0,0,0,0,0,0,,,,,,,,,,,,,,,,,,,,,,,,,,,,,,,,,,,,,,,,,,,,,,,,
9205,2000,9562,9203,,0,63,63,65,65,46,46,49,49,57,57,62,62,174,174,982,982,1182,1182,1077,1077,1043,1043,955,955,884,884,900,900,934,934,926,926,948,948,1012,1012,944,944,526,526,333,333,221,221,161,161,84,84,,,,,,,,,,,,,,,,,,,,,,,,,,,,,,,,,,,,,,,,,,,,,,,,
9206,3000,,9572,,0,67,67,70,70,49,49,53,53,62,62,67,67,186,186,910,910,1134,1134,1023,1023,977,977,900,900,812,812,861,861,864,864,851,851,886,886,939,939,854,854,524,524,336,336,227,227,165,165,84,84,,,,,,,,,,,,,,,,,,,,,,,,,,,,,,,,,,,,,,,,,,,,,,,,
9207,1200,,9532,,0,0,0,0,0,0,0,0,0,0,0,0,0,0,0,0,0,0,0,0,0,0,0,0,0,0,0,0,0,0,0,0,0,0,0,0,0,0,0,0,0,0,0,0,0,0,0,0,0,,,,,,,,,,,,,,,,,,,,,,,,,,,,,,,,,,,,,,,,,,,,,,,,
9208,800,,9500,,0,0,0,0,0,0,0,0,0,0,0,0,0,0,0,1,1,1,1,1,1,1,1,1,1,1,1,1,1,1,1,1,1,1,1,1,1,1,1,0,0,0,0,0,0,0,0,0,0,,,,,,,,,,,,,,,,,,,,,,,,,,,,,,,,,,,,,,,,,,,,,,,,
9209,1600,9528,9518,,0,0,0,0,0,0,0,0,0,0,0,0,0,0,0,1,1,1,1,1,1,1,1,1,1,1,1,1,1,1,1,1,1,1,1,1,1,1,1,0,0,0,0,0,0,0,0,0,0,,,,,,,,,,,,,,,,,,,,,,,,,,,,,,,,,,,,,,,,,,,,,,,,
9210,3000,9566,9556,,0,63,63,65,65,46,46,49,49,57,57,62,62,174,174,982,982,1182,1182,1077,1077,1043,1043,955,955,884,884,900,900,934,934,926,926,948,948,1012,1012,944,944,526,526,333,333,221,221,161,161,84,84,,,,,,,,,,,,,,,,,,,,,,,,,,,,,,,,,,,,,,,,,,,,,,,,
9211,2200,9196,9542,,0,63,63,65,65,46,46,49,49,57,57,62,62,174,174,982,982,1182,1182,1077,1077,1043,1043,955,955,884,884,900,900,934,934,926,926,948,948,1012,1012,944,944,526,526,333,333,221,221,161,161,84,84,,,,,,,,,,,,,,,,,,,,,,,,,,,,,,,,,,,,,,,,,,,,,,,,
9212,1200,9526,9522,,0,0,0,0,0,0,0,0,0,0,0,0,0,0,0,1,1,1,1,1,1,1,1,1,1,1,1,1,1,1,1,1,1,1,1,1,1,1,1,1,1,0,0,0,0,0,0,0,0,,,,,,,,,,,,,,,,,,,,,,,,,,,,,,,,,,,,,,,,,,,,,,,,
9213,2000,9544,9217,,0,63,63,65,65,46,46,49,49,57,57,62,62,174,174,982,982,1182,1182,1077,1077,1043,1043,955,955,884,884,900,900,934,934,926,926,948,948,1012,1012,944,944,526,526,333,333,221,221,161,161,84,84,,,,,,,,,,,,,,,,,,,,,,,,,,,,,,,,,,,,,,,,,,,,,,,,
9214,1600,,9566,,0,0,0,0,0,0,0,0,0,0,0,0,0,0,0,1,1,2,2,1,1,1,1,1,1,1,1,1,1,1,1,1,1,1,1,1,1,1,1,1,1,0,0,0,0,0,0,0,0,,,,,,,,,,,,,,,,,,,,,,,,,,,,,,,,,,,,,,,,,,,,,,,,
9215,3000,9554,9564,,0,63,63,65,65,46,46,49,49,57,57,62,62,174,174,982,982,1182,1182,1077,1077,1043,1043,955,955,884,884,900,900,934,934,926,926,948,948,1012,1012,944,944,526,526,333,333,221,221,161,161,84,84,,,,,,,,,,,,,,,,,,,,,,,,,,,,,,,,,,,,,,,,,,,,,,,,
9216,600,,9502,,0,0,0,0,0,0,0,0,0,0,0,0,0,0,0,1,1,2,2,1,1,1,1,1,1,1,1,1,1,1,1,1,1,1,1,1,1,1,1,1,1,0,0,0,0,0,0,0,0,,,,,,,,,,,,,,,,,,,,,,,,,,,,,,,,,,,,,,,,,,,,,,,,
9217,2200,9557,9229,9213;9549,2,63,63,65,65,46,46,49,49,57,57,62,62,174,174,982,982,1182,1182,1077,1077,1043,1043,955,955,884,884,900,900,934,934,926,926,948,948,1012,1012,944,944,526,526,333,333,221,221,161,161,84,84,,,,,,,,,,,,,,,,,,,,,,,,,,,,,,,,,,,,,,,,,,,,,,,,
9218,1600,9530,9536,,0,0,0,0,0,0,0,0,0,0,0,0,0,0,0,1,1,1,1,1,1,1,1,1,1,0,0,0,0,1,1,1,1,1,1,1,1,1,1,0,0,0,0,0,0,0,0,0,0,,,,,,,,,,,,,,,,,,,,,,,,,,,,,,,,,,,,,,,,,,,,,,,,
9219,1200,9522,9520,,0,0,0,0,0,0,0,0,0,0,0,0,0,0,0,2,2,2,2,2,2,2,2,2,2,2,2,2,2,2,2,2,2,2,2,2,2,2,2,1,1,1,1,0,0,0,0,0,0,,,,,,,,,,,,,,,,,,,,,,,,,,,,,,,,,,,,,,,,,,,,,,,,
9220,4400,9223,9191,,0,67,67,70,70,49,49,53,53,62,62,67,67,186,186,910,910,1134,1134,1023,1023,977,977,900,900,812,812,861,861,864,864,851,851,886,886,939,939,854,854,524,524,336,336,227,227,165,165,84,84,,,,,,,,,,,,,,,,,,,,,,,,,,,,,,,,,,,,,,,,,,,,,,,,
9221,3000,9552,9560,,0,63,63,65,65,46,46,49,49,57,57,62,62,174,174,982,982,1182,1182,1077,1077,1043,1043,955,955,884,884,900,900,934,934,926,926,948,948,1012,1012,944,944,526,526,333,333,221,221,161,161,84,84,,,,,,,,,,,,,,,,,,,,,,,,,,,,,,,,,,,,,,,,,,,,,,,,
9222,800,9490,,,0,0,0,0,0,0,0,0,0,0,0,0,0,0,0,0,0,0,0,0,0,0,0,0,0,0,0,0,0,0,0,0,0,0,0,0,0,0,0,0,0,0,0,0,0,0,0,0,0,,,,,,,,,,,,,,,,,,,,,,,,,,,,,,,,,,,,,,,,,,,,,,,,
9223,3000,9235,9523,9220;9511;9268,3,63,63,65,65,46,46,49,49,57,57,62,62,174,174,982,982,1182,1182,1077,1077,1043,1043,955,955,884,884,900,900,934,934,926,926,948,948,1012,1012,944,944,526,526,333,333,221,221,161,161,84,84,,,,,,,,,,,,,,,,,,,,,,,,,,,,,,,,,,,,,,,,,,,,,,,,
9224,800,9524,9520,,0,0,0,0,0,0,0,0,0,0,0,0,0,0,0,2,2,2,2,2,2,2,2,2,2,2,2,2,2,2,2,2,2,2,2,2,2,2,2,1,1,1,1,0,0,0,0,0,0,,,,,,,,,,,,,,,,,,,,,,,,,,,,,,,,,,,,,,,,,,,,,,,,
9225,2500,9558,9550,,0,63,63,65,65,46,46,49,49,57,57,62,62,174,174,982,982,1182,1182,1077,1077,1043,1043,955,955,884,884,900,900,934,934,926,926,948,948,1012,1012,944,944,526,526,333,333,221,221,161,161,84,84,,,,,,,,,,,,,,,,,,,,,,,,,,,,,,,,,,,,,,,,,,,,,,,,
9226,1200,9544,9568,,0,0,0,0,0,0,0,0,0,0,0,0,0,0,0,2,2,2,2,2,2,2,2,2,2,1,1,2,2,2,2,2,2,2,2,2,2,2,2,1,1,0,0,0,0,0,0,0,0,,,,,,,,,,,,,,,,,,,,,,,,,,,,,,,,,,,,,,,,,,,,,,,,
9227,1200,9514,9516,,0,0,0,0,0,0,0,0,0,0,0,0,0,0,0,1,1,1,1,1,1,1,1,1,1,1,1,1,1,1,1,1,1,1,1,1,1,1,1,1,1,0,0,0,0,0,0,0,0,,,,,,,,,,,,,,,,,,,,,,,,,,,,,,,,,,,,,,,,,,,,,,,,
9228,1200,9501,9498,,0,0,0,0,0,0,0,0,0,0,0,0,0,0,0,1,1,1,1,1,1,1,1,1,1,1,1,1,1,1,1,1,1,1,1,1,1,1,1,0,0,0,0,0,0,0,0,0,0,,,,,,,,,,,,,,,,,,,,,,,,,,,,,,,,,,,,,,,,,,,,,,,,
9229,4400,9217,9540,,0,63,63,65,65,46,46,49,49,57,57,62,62,174,174,982,982,1182,1182,1077,1077,1043,1043,955,955,884,884,900,900,934,934,926,926,948,948,1012,1012,944,944,526,526,333,333,221,221,161,161,84,84,,,,,,,,,,,,,,,,,,,,,,,,,,,,,,,,,,,,,,,,,,,,,,,,
9230,4000,9556,,,0,63,63,65,65,46,46,49,49,57,57,62,62,174,174,982,982,1182,1182,1077,1077,1043,1043,955,955,884,884,900,900,934,934,926,926,948,948,1012,1012,944,944,526,526,333,333,221,221,161,161,84,84,,,,,,,,,,,,,,,,,,,,,,,,,,,,,,,,,,,,,,,,,,,,,,,,
9231,1200,9500,,,0,0,0,0,0,0,0,0,0,0,0,0,0,0,0,1,1,1,1,1,1,1,1,0,0,0,0,0,0,0,0,0,0,0,0,1,1,0,0,0,0,0,0,0,0,0,0,0,0,,,,,,,,,,,,,,,,,,,,,,,,,,,,,,,,,,,,,,,,,,,,,,,,
9232,1200,9504,9498,,0,0,0,0,0,0,0,0,0,0,0,0,0,0,0,1,1,1,1,1,1,1,1,1,1,1,1,1,1,1,1,1,1,1,1,1,1,1,1,1,1,0,0,0,0,0,0,0,0,,,,,,,,,,,,,,,,,,,,,,,,,,,,,,,,,,,,,,,,,,,,,,,,
9233,1200,9236,9496,,0,0,0,0,0,0,0,0,0,0,0,0,0,0,0,1,1,1,1,1,1,1,1,1,1,1,1,1,1,1,1,1,1,1,1,1,1,1,1,0,0,0,0,0,0,0,0,0,0,,,,,,,,,,,,,,,,,,,,,,,,,,,,,,,,,,,,,,,,,,,,,,,,
9234,2000,,9538,,0,63,63,65,65,46,46,49,49,57,57,62,62,174,174,982,982,1182,1182,1077,1077,1043,1043,955,955,884,884,900,900,934,934,926,926,948,948,1012,1012,944,944,526,526,333,333,221,221,161,161,84,84,,,,,,,,,,,,,,,,,,,,,,,,,,,,,,,,,,,,,,,,,,,,,,,,
9235,2000,9508,9223,,0,63,63,65,65,46,46,49,49,57,57,62,62,174,174,982,982,1182,1182,1077,1077,1043,1043,955,955,884,884,900,900,934,934,926,926,948,948,1012,1012,944,944,526,526,333,333,221,221,161,161,84,84,,,,,,,,,,,,,,,,,,,,,,,,,,,,,,,,,,,,,,,,,,,,,,,,
9236,1200,9503,9240,9233;9269,2,0,0,0,0,0,0,0,0,0,0,0,0,0,0,1,1,2,2,2,2,2,2,1,1,1,1,1,1,1,1,1,1,1,1,2,2,1,1,1,1,0,0,0,0,0,0,0,0,,,,,,,,,,,,,,,,,,,,,,,,,,,,,,,,,,,,,,,,,,,,,,,,
9237,600,9508,,,0,0,0,0,0,0,0,0,0,0,0,0,0,0,0,2,2,2,2,2,2,2,2,2,2,1,1,1,1,2,2,2,2,2,2,2,2,2,2,1,1,0,0,0,0,0,0,0,0,,,,,,,,,,,,,,,,,,,,,,,,,,,,,,,,,,,,,,,,,,,,,,,,
9238,1200,9494,9241,,0,0,0,0,0,0,0,0,0,0,0,0,0,0,0,1,1,1,1,1,1,1,1,1,1,1,1,1,1,1,1,1,1,1,1,1,1,1,1,0,0,0,0,0,0,0,0,0,0,,,,,,,,,,,,,,,,,,,,,,,,,,,,,,,,,,,,,,,,,,,,,,,,
9239,1200,9405,9488,,0,0,0,0,0,0,0,0,0,0,0,0,0,0,0,1,1,1,1,1,1,1,1,1,1,1,1,1,1,1,1,1,1,1,1,1,1,1,1,0,0,0,0,0,0,0,0,0,0,,,,,,,,,,,,,,,,,,,,,,,,,,,,,,,,,,,,,,,,,,,,,,,,
9240,1200,9241,9236,,0,0,0,0,0,0,0,0,0,0,0,0,0,0,0,1,1,2,2,2,2,1,1,1,1,1,1,1,1,1,1,1,1,1,1,1,1,1,1,1,1,0,0,0,0,0,0,0,0,,,,,,,,,,,,,,,,,,,,,,,,,,,,,,,,,,,,,,,,,,,,,,,,
9241,800,9238,9247,9240;9243,2,0,0,0,0,0,0,0,0,0,0,0,0,0,0,1,1,2,2,1,1,1,1,1,1,1,1,1,1,1,1,1,1,1,1,1,1,1,1,1,1,0,0,0,0,0,0,0,0,,,,,,,,,,,,,,,,,,,,,,,,,,,,,,,,,,,,,,,,,,,,,,,,
9242,1200,9244,9492,,0,0,0,0,0,0,0,0,0,0,0,0,0,0,0,1,1,1,1,1,1,1,1,1,1,1,1,1,1,1,1,1,1,1,1,1,1,1,1,1,1,0,0,0,0,0,0,0,0,,,,,,,,,,,,,,,,,,,,,,,,,,,,,,,,,,,,,,,,,,,,,,,,
9243,1200,9241,9244,,0,0,0,0,0,0,0,0,0,0,0,0,0,0,0,1,1,1,1,1,1,1,1,1,1,1,1,1,1,1,1,1,1,1,1,1,1,1,1,1,1,0,0,0,0,0,0,0,0,,,,,,,,,,,,,,,,,,,,,,,,,,,,,,,,,,,,,,,,,,,,,,,,
9244,800,9258,9242,9243;9246,2,0,0,0,0,0,0,0,0,0,0,0,0,0,0,1,1,2,2,2,2,1,1,1,1,1,1,1,1,1,1,1,1,1,1,1,1,1,1,1,1,0,0,0,0,0,0,0,0,,,,,,,,,,,,,,,,,,,,,,,,,,,,,,,,,,,,,,,,,,,,,,,,
9245,800,9488,9490,,0,0,0,0,0,0,0,0,0,0,0,0,0,0,0,1,1,1,1,1,1,1,1,1,1,0,0,0,0,1,1,1,1,1,1,1,1,1,1,0,0,0,0,0,0,0,0,0,0,,,,,,,,,,,,,,,,,,,,,,,,,,,,,,,,,,,,,,,,,,,,,,,,
9246,1200,9248,9244,,0,0,0,0,0,0,0,0,0,0,0,0,0,0,0,2,2,2,2,2,2,2,2,2,2,2,2,2,2,2,2,2,2,2,2,2,2,2,2,1,1,1,1,0,0,0,0,0,0,,,,,,,,,,,,,,,,,,,,,,,,,,,,,,,,,,,,,,,,,,,,,,,,
9247,800,9415,9241,,0,0,0,0,0,0,0,0,0,0,0,0,0,0,0,2,2,2,2,2,2,2,2,2,2,2,2,2,2,2,2,2,2,2,2,2,2,2,2,1,1,1,1,0,0,0,0,0,0,,,,,,,,,,,,,,,,,,,,,,,,,,,,,,,,,,,,,,,,,,,,,,,,
9248,800,9483,9410,9246;9262,2,0,0,0,0,0,0,0,0,0,0,0,0,0,0,2,2,3,3,2,2,2,2,2,2,2,2,2,2,2,2,2,2,2,2,2,2,2,2,1,1,1,1,0,0,0,0,0,0,,,,,,,,,,,,,,,,,,,,,,,,,,,,,,,,,,,,,,,,,,,,,,,,
9249,1200,9401,9484,,0,0,0,0,0,0,0,0,0,0,0,0,0,0,0,2,2,2,2,2,2,2,2,1,1,1,1,1,1,1,1,1,1,1,1,2,2,2,2,1,1,0,0,0,0,0,0,0,0,,,,,,,,,,,,,,,,,,,,,,,,,,,,,,,,,,,,,,,,,,,,,,,,
9250,2000,9510,,,0,63,63,65,65,46,46,49,49,57,57,62,62,174,174,982,982,1182,1182,1077,1077,1043,1043,955,955,884,884,900,900,934,934,926,926,948,948,1012,1012,944,944,526,526,333,333,221,221,161,161,84,84,,,,,,,,,,,,,,,,,,,,,,,,,,,,,,,,,,,,,,,,,,,,,,,,
9251,800,,9454,,0,0,0,0,0,0,0,0,0,0,0,0,0,0,0,3,3,3,3,3,3,3,3,3,3,2,2,2,2,2,2,2,2,3,3,3,3,3,3,1,1,1,1,1,1,0,0,0,0,,,,,,,,,,,,,,,,,,,,,,,,,,,,,,,,,,,,,,,,,,,,,,,,
9252,3500,9479,,,0,63,63,65,65,46,46,49,49,57,57,62,62,174,174,982,982,1182,1182,1077,1077,1043,1043,955,955,884,884,900,900,934,934,926,926,948,948,1012,1012,944,944,526,526,333,333,221,221,161,161,84,84,,,,,,,,,,,,,,,,,,,,,,,,,,,,,,,,,,,,,,,,,,,,,,,,
9253,2000,9454,9534,,0,63,63,65,65,46,46,49,49,57,57,62,62,174,174,982,982,1182,1182,1077,1077,1043,1043,955,955,884,884,900,900,934,934,926,926,948,948,1012,1012,944,944,526,526,333,333,221,221,161,161,84,84,,,,,,,,,,,,,,,,,,,,,,,,,,,,,,,,,,,,,,,,,,,,,,,,
9254,800,,9256,,0,0,0,0,0,0,0,0,0,0,0,0,0,0,0,1,1,1,1,1,1,1,1,1,1,1,1,1,1,1,1,1,1,1,1,1,1,1,1,0,0,0,0,0,0,0,0,0,0,,,,,,,,,,,,,,,,,,,,,,,,,,,,,,,,,,,,,,,,,,,,,,,,
9255,1200,9403,9256,,0,0,0,0,0,0,0,0,0,0,0,0,0,0,0,1,1,2,2,1,1,1,1,1,1,1,1,1,1,1,1,1,1,1,1,1,1,1,1,1,1,0,0,0,0,0,0,0,0,,,,,,,,,,,,,,,,,,,,,,,,,,,,,,,,,,,,,,,,,,,,,,,,
9256,600,9255,9261,9254;9270,2,0,0,0,0,0,0,0,0,0,0,0,0,0,0,1,1,1,1,1,1,1,1,1,1,1,1,1,1,1,1,1,1,1,1,1,1,1,1,0,0,0,0,0,0,0,0,0,0,,,,,,,,,,,,,,,,,,,,,,,,,,,,,,,,,,,,,,,,,,,,,,,,
9257,2500,,9455,,0,63,63,65,65,46,46,49,49,57,57,62,62,174,174,982,982,1182,1182,1077,1077,1043,1043,955,955,884,884,900,900,934,934,926,926,948,948,1012,1012,944,944,526,526,333,333,221,221,161,161,84,84,,,,,,,,,,,,,,,,,,,,,,,,,,,,,,,,,,,,,,,,,,,,,,,,
9258,1200,9413,9244,,0,0,0,0,0,0,0,0,0,0,0,0,0,0,0,2,2,2,2,2,2,2,2,2,2,1,1,1,1,2,2,2,2,2,2,2,2,2,2,1,1,0,0,0,0,0,0,0,0,,,,,,,,,,,,,,,,,,,,,,,,,,,,,,,,,,,,,,,,,,,,,,,,
9259,1200,9463,9274,9480;9456,2,0,0,0,0,0,0,0,0,0,0,0,0,0,0,1,1,1,1,1,1,1,1,1,1,1,1,1,1,1,1,1,1,1,1,1,1,1,1,1,1,0,0,0,0,0,0,0,0,,,,,,,,,,,,,,,,,,,,,,,,,,,,,,,,,,,,,,,,,,,,,,,,
9260,1600,9405,,,0,0,0,0,0,0,0,0,0,0,0,0,0,0,0,1,1,1,1,1,1,1,1,0,0,0,0,0,0,0,0,0,0,1,1,1,1,1,1,0,0,0,0,0,0,0,0,0,0,,,,,,,,,,,,,,,,,,,,,,,,,,,,,,,,,,,,,,,,,,,,,,,,
9261,800,9395,9256,,0,0,0,0,0,0,0,0,0,0,0,0,0,0,0,1,1,1,1,1,1,1,1,1,1,1,1,1,1,1,1,1,1,1,1,1,1,1,1,1,1,0,0,0,0,0,0,0,0,,,,,,,,,,,,,,,,,,,,,,,,,,,,,,,,,,,,,,,,,,,,,,,,
9262,2000,9248,9409,,0,54,54,54,54,38,38,41,41,48,48,53,53,149,149,1126,1126,1279,1279,1185,1185,1176,1176,1064,1064,1030,1030,978,978,1073,1073,1075,1075,1072,1072,1157,1157,1124,1124,530,530,326,326,208,208,152,152,86,86,,,,,,,,,,,,,,,,,,,,,,,,,,,,,,,,,,,,,,,,,,,,,,,,
9263,800,9397,9399,,0,0,0,0,0,0,0,0,0,0,0,0,0,0,0,2,2,2,2,2,2,2,2,2,2,2,2,2,2,2,2,2,2,2,2,2,2,2,2,1,1,1,1,0,0,0,0,0,0,,,,,,,,,,,,,,,,,,,,,,,,,,,,,,,,,,,,,,,,,,,,,,,,
9264,1200,9454,9438,,0,0,0,0,0,0,0,0,0,0,0,0,0,0,0,1,1,1,1,1,1,1,1,1,1,1,1,1,1,1,1,1,1,1,1,1,1,1,1,1,1,0,0,0,0,0,0,0,0,,,,,,,,,,,,,,,,,,,,,,,,,,,,,,,,,,,,,,,,,,,,,,,,
9265,1500,9305,9398,9408;9273,2,54,54,54,54,38,38,41,41,48,48,53,53,149,149,1126,1126,1279,1279,1185,1185,1176,1176,1064,1064,1030,1030,978,978,1073,1073,1075,1075,1072,1072,1157,1157,1124,1124,530,530,326,326,208,208,152,152,86,86,,,,,,,,,,,,,,,,,,,,,,,,,,,,,,,,,,,,,,,,,,,,,,,,
9266,2500,9512,9436,,0,63,63,65,65,46,46,49,49,57,57,62,62,174,174,982,982,1182,1182,1077,1077,1043,1043,955,955,884,884,900,900,934,934,926,926,948,948,1012,1012,944,944,526,526,333,333,221,221,161,161,84,84,,,,,,,,,,,,,,,,,,,,,,,,,,,,,,,,,,,,,,,,,,,,,,,,
9267,2500,9391,9369,,0,54,54,54,54,38,38,41,41,48,48,53,53,149,149,1126,1126,1279,1279,1185,1185,1176,1176,1064,1064,1030,1030,978,978,1073,1073,1075,1075,1072,1072,1157,1157,1124,1124,530,530,326,326,208,208,152,152,86,86,,,,,,,,,,,,,,,,,,,,,,,,,,,,,,,,,,,,,,,,,,,,,,,,
9268,3000,9510,9223,,0,63,63,65,65,46,46,49,49,57,57,62,62,174,174,982,982,1182,1182,1077,1077,1043,1043,955,955,884,884,900,900,934,934,926,926,948,948,1012,1012,944,944,526,526,333,333,221,221,161,161,84,84,,,,,,,,,,,,,,,,,,,,,,,,,,,,,,,,,,,,,,,,,,,,,,,,
9269,1200,9236,9415,,0,0,0,0,0,0,0,0,0,0,0,0,0,0,0,2,2,2,2,2,2,2,2,2,2,2,2,2,2,2,2,2,2,2,2,2,2,2,2,1,1,1,1,0,0,0,0,0,0,,,,,,,,,,,,,,,,,,,,,,,,,,,,,,,,,,,,,,,,,,,,,,,,
9270,800,9397,9256,,0,0,0,0,0,0,0,0,0,0,0,0,0,0,0,1,1,1,1,1,1,1,1,1,1,1,1,1,1,1,1,1,1,1,1,1,1,1,1,1,1,0,0,0,0,0,0,0,0,,,,,,,,,,,,,,,,,,,,,,,,,,,,,,,,,,,,,,,,,,,,,,,,
9271,3000,9422,,,0,54,54,54,54,38,38,41,41,48,48,53,53,149,149,1126,1126,1279,1279,1185,1185,1176,1176,1064,1064,1030,1030,978,978,1073,1073,1075,1075,1072,1072,1157,1157,1124,1124,530,530,326,326,208,208,152,152,86,86,,,,,,,,,,,,,,,,,,,,,,,,,,,,,,,,,,,,,,,,,,,,,,,,
9272,1000,9435,,,0,63,63,65,65,46,46,49,49,57,57,62,62,174,174,982,982,1182,1182,1077,1077,1043,1043,955,955,884,884,900,900,934,934,926,926,948,948,1012,1012,944,944,526,526,333,333,221,221,161,161,84,84,,,,,,,,,,,,,,,,,,,,,,,,,,,,,,,,,,,,,,,,,,,,,,,,
9273,1600,9265,9275,,0,0,0,0,0,0,0,0,0,0,0,0,0,0,0,3,3,3,3,3,3,3,3,2,2,2,2,2,2,2,2,2,2,2,2,3,3,2,2,1,1,1,1,0,0,0,0,0,0,,,,,,,,,,,,,,,,,,,,,,,,,,,,,,,,,,,,,,,,,,,,,,,,
9274,300,9259,9458,,0,0,0,0,0,0,0,0,0,0,0,0,0,0,0,1,1,1,1,1,1,1,1,1,1,1,1,1,1,1,1,1,1,1,1,1,1,1,1,1,1,0,0,0,0,0,0,0,0,,,,,,,,,,,,,,,,,,,,,,,,,,,,,,,,,,,,,,,,,,,,,,,,
9275,400,9396,9316,9273;9281,2,0,0,0,0,0,0,0,0,0,0,0,0,0,0,1,1,2,2,1,1,1,1,1,1,1,1,1,1,1,1,1,1,1,1,1,1,1,1,1,1,0,0,0,0,0,0,0,0,,,,,,,,,,,,,,,,,,,,,,,,,,,,,,,,,,,,,,,,,,,,,,,,
9276,1200,9387,9393,,0,0,0,0,0,0,0,0,0,0,0,0,0,0,0,1,1,1,1,1,1,1,1,1,1,1,1,1,1,1,1,1,1,1,1,1,1,1,1,1,1,0,0,0,0,0,0,0,0,,,,,,,,,,,,,,,,,,,,,,,,,,,,,,,,,,,,,,,,,,,,,,,,
9277,3500,9506,9288,,0,54,54,54,54,38,38,41,41,48,48,53,53,149,149,1126,1126,1279,1279,1185,1185,1176,1176,1064,1064,1030,1030,978,978,1073,1073,1075,1075,1072,1072,1157,1157,1124,1124,530,530,326,326,208,208,152,152,86,86,,,,,,,,,,,,,,,,,,,,,,,,,,,,,,,,,,,,,,,,,,,,,,,,
9278,3000,9478,9476,,0,63,63,65,65,46,46,49,49,57,57,62,62,174,174,982,982,1182,1182,1077,1077,1043,1043,955,955,884,884,900,900,934,934,926,926,948,948,1012,1012,944,944,526,526,333,333,221,221,161,161,84,84,,,,,,,,,,,,,,,,,,,,,,,,,,,,,,,,,,,,,,,,,,,,,,,,
9279,800,9395,9283,,0,0,0,0,0,0,0,0,0,0,0,0,0,0,0,2,2,2,2,2,2,2,2,2,2,2,2,2,2,2,2,2,2,2,2,2,2,2,2,1,1,1,1,0,0,0,0,0,0,,,,,,,,,,,,,,,,,,,,,,,,,,,,,,,,,,,,,,,,,,,,,,,,
9280,300,9446,9460,,0,0,0,0,0,0,0,0,0,0,0,0,0,0,0,2,2,3,3,2,2,2,2,2,2,2,2,2,2,2,2,2,2,2,2,2,2,2,2,1,1,1,1,0,0,0,0,0,0,,,,,,,,,,,,,,,,,,,,,,,,,,,,,,,,,,,,,,,,,,,,,,,,
9281,1600,9283,9275,,0,0,0,0,0,0,0,0,0,0,0,0,0,0,0,2,2,2,2,2,2,2,2,2,2,2,2,2,2,2,2,2,2,2,2,2,2,2,2,1,1,1,1,0,0,0,0,0,0,,,,,,,,,,,,,,,,,,,,,,,,,,,,,,,,,,,,,,,,,,,,,,,,
9282,1200,9383,9373,,0,0,0,0,0,0,0,0,0,0,0,0,0,0,0,2,2,2,2,2,2,2,2,2,2,2,2,2,2,2,2,2,2,2,2,2,2,2,2,1,1,0,0,0,0,0,0,0,0,,,,,,,,,,,,,,,,,,,,,,,,,,,,,,,,,,,,,,,,,,,,,,,,
9283,1000,9325,9279,9281;9376,2,54,54,54,54,38,38,41,41,48,48,53,53,149,149,1126,1126,1279,1279,1185,1185,1176,1176,1064,1064,1030,1030,978,978,1073,1073,1075,1075,1072,1072,1157,1157,1124,1124,530,530,326,326,208,208,152,152,86,86,,,,,,,,,,,,,,,,,,,,,,,,,,,,,,,,,,,,,,,,,,,,,,,,
9284,600,9460,9458,,0,0,0,0,0,0,0,0,0,0,0,0,0,0,0,2,2,3,3,2,2,2,2,2,2,2,2,2,2,2,2,2,2,2,2,2,2,2,2,1,1,1,1,0,0,0,0,0,0,,,,,,,,,,,,,,,,,,,,,,,,,,,,,,,,,,,,,,,,,,,,,,,,
9285,600,9462,9287,,0,0,0,0,0,0,0,0,0,0,0,0,0,0,0,894,894,944,944,1009,1009,988,988,917,917,851,851,900,900,826,826,926,926,922,922,952,952,857,857,0,0,0,0,0,0,0,0,0,0,,,,,,,,,,,,,,,,,,,,,,,,,,,,,,,,,,,,,,,,,,,,,,,,
9286,4400,,9438,,0,63,63,65,65,46,46,49,49,57,57,62,62,174,174,982,982,1182,1182,1077,1077,1043,1043,955,955,884,884,900,900,934,934,926,926,948,948,1012,1012,944,944,526,526,333,333,221,221,161,161,84,84,,,,,,,,,,,,,,,,,,,,,,,,,,,,,,,,,,,,,,,,,,,,,,,,
9287,500,9459,9312,9285;9292,2,63,63,65,65,46,46,49,49,57,57,62,62,174,174,982,982,1182,1182,1077,1077,1043,1043,955,955,884,884,900,900,934,934,926,926,948,948,1012,1012,944,944,526,526,333,333,221,221,161,161,84,84,,,,,,,,,,,,,,,,,,,,,,,,,,,,,,,,,,,,,,,,,,,,,,,,
9288,1600,9418,9277,9420;9421;9307,3,0,0,0,0,0,0,0,0,0,0,0,0,0,0,2,2,3,3,3,3,2,2,2,2,2,2,2,2,2,2,2,2,2,2,2,2,2,2,1,1,1,1,0,0,0,0,0,0,,,,,,,,,,,,,,,,,,,,,,,,,,,,,,,,,,,,,,,,,,,,,,,,
9289,1200,9379,9387,,0,0,0,0,0,0,0,0,0,0,0,0,0,0,0,1,1,2,2,2,2,1,1,1,1,1,1,1,1,1,1,1,1,1,1,1,1,1,1,1,1,0,0,0,0,0,0,0,0,,,,,,,,,,,,,,,,,,,,,,,,,,,,,,,,,,,,,,,,,,,,,,,,
9290,800,9476,9473,,0,0,0,0,0,0,0,0,0,0,0,0,0,0,0,2,2,2,2,2,2,2,2,2,2,2,2,2,2,2,2,2,2,2,2,2,2,2,2,1,1,1,1,0,0,0,0,0,0,,,,,,,,,,,,,,,,,,,,,,,,,,,,,,,,,,,,,,,,,,,,,,,,
9291,1200,9385,9383,,0,0,0,0,0,0,0,0,0,0,0,0,0,0,0,2,2,2,2,2,2,2,2,2,2,2,2,2,2,2,2,2,2,2,2,2,2,2,2,1,1,1,1,0,0,0,0,0,0,,,,,,,,,,,,,,,,,,,,,,,,,,,,,,,,,,,,,,,,,,,,,,,,
9292,300,9347,9287,,0,0,0,0,0,0,0,0,0,0,0,0,0,0,0,3,3,3,3,3,3,3,3,3,3,2,2,2,2,3,3,3,3,3,3,3,3,3,3,1,1,1,1,1,1,0,0,0,0,,,,,,,,,,,,,,,,,,,,,,,,,,,,,,,,,,,,,,,,,,,,,,,,
9293,1200,9381,9375,,0,0,0,0,0,0,0,0,0,0,0,0,0,0,0,3,3,3,3,3,3,3,3,2,2,2,2,2,2,2,2,2,2,2,2,3,3,2,2,1,1,1,1,0,0,0,0,0,0,,,,,,,,,,,,,,,,,,,,,,,,,,,,,,,,,,,,,,,,,,,,,,,,
9294,4400,9442,9448,,0,67,67,70,70,49,49,53,53,62,62,67,67,186,186,910,910,1134,1134,1023,1023,977,977,900,900,812,812,861,861,864,864,851,851,886,886,939,939,854,854,524,524,336,336,227,227,165,165,84,84,,,,,,,,,,,,,,,,,,,,,,,,,,,,,,,,,,,,,,,,,,,,,,,,
9295,600,9440,,,0,0,0,0,0,0,0,0,0,0,0,0,0,0,0,1,1,1,1,1,1,1,1,1,1,1,1,1,1,1,1,1,1,1,1,1,1,1,1,0,0,0,0,0,0,0,0,0,0,,,,,,,,,,,,,,,,,,,,,,,,,,,,,,,,,,,,,,,,,,,,,,,,
9296,300,9347,,,0,0,0,0,0,0,0,0,0,0,0,0,0,0,0,1,1,1,1,1,1,1,1,1,1,1,1,1,1,1,1,1,1,1,1,1,1,1,1,1,1,0,0,0,0,0,0,0,0,,,,,,,,,,,,,,,,,,,,,,,,,,,,,,,,,,,,,,,,,,,,,,,,
9297,1600,9409,9417,,0,0,0,0,0,0,0,0,0,0,0,0,0,0,0,1,1,2,2,1,1,1,1,1,1,1,1,1,1,1,1,1,1,1,1,1,1,1,1,1,1,0,0,0,0,0,0,0,0,,,,,,,,,,,,,,,,,,,,,,,,,,,,,,,,,,,,,,,,,,,,,,,,
9298,2500,9424,,,0,63,63,65,65,46,46,49,49,57,57,62,62,174,174,982,982,1182,1182,1077,1077,1043,1043,955,955,884,884,900,900,934,934,926,926,948,948,1012,1012,944,944,526,526,333,333,221,221,161,161,84,84,,,,,,,,,,,,,,,,,,,,,,,,,,,,,,,,,,,,,,,,,,,,,,,,
9299,800,,9407,,0,0,0,0,0,0,0,0,0,0,0,0,0,0,0,3,3,3,3,3,3,3,3,3,3,3,3,3,3,3,3,3,3,3,3,3,3,3,3,1,1,1,1,1,1,0,0,0,0,,,,,,,,,,,,,,,,,,,,,,,,,,,,,,,,,,,,,,,,,,,,,,,,
93,3500,373,101,,0,50,50,52,52,37,37,40,40,46,46,50,50,140,140,967,967,1151,1151,1088,1088,1047,1047,967,967,880,880,932,932,911,911,933,933,958,958,1007,1007,913,913,393,393,252,252,170,170,124,124,63,63,,,,,,,,,,,,,,,,,,,,,,,,,,,,,,,,,,,,,,,,,,,,,,,,
9300,300,,9428,,0,0,0,0,0,0,0,0,0,0,0,0,0,0,0,1,1,2,2,2,2,2,2,1,1,1,1,1,1,1,1,1,1,1,1,1,1,1,1,1,1,0,0,0,0,0,0,0,0,,,,,,,,,,,,,,,,,,,,,,,,,,,,,,,,,,,,,,,,,,,,,,,,
9301,300,,9426,,0,0,0,0,0,0,0,0,0,0,0,0,0,0,0,1,1,1,1,1,1,1,1,1,1,1,1,1,1,1,1,1,1,1,1,1,1,1,1,1,1,0,0,0,0,0,0,0,0,,,,,,,,,,,,,,,,,,,,,,,,,,,,,,,,,,,,,,,,,,,,,,,,
9302,1200,,9419,,0,53,53,55,55,38,38,42,42,48,48,53,53,146,146,715,715,891,891,804,804,768,768,707,707,638,638,676,676,679,679,669,669,696,696,738,738,671,671,411,411,264,264,178,178,130,130,66,66,,,,,,,,,,,,,,,,,,,,,,,,,,,,,,,,,,,,,,,,,,,,,,,,
9303,4400,9375,9377,,0,54,54,54,54,38,38,41,41,48,48,53,53,149,149,1126,1126,1279,1279,1185,1185,1176,1176,1064,1064,1030,1030,978,978,1073,1073,1075,1075,1072,1072,1157,1157,1124,1124,530,530,326,326,208,208,152,152,86,86,,,,,,,,,,,,,,,,,,,,,,,,,,,,,,,,,,,,,,,,,,,,,,,,
9304,1200,9462,9308,,0,0,0,0,0,0,0,0,0,0,0,0,0,0,0,2,2,2,2,2,2,2,2,2,2,2,2,2,2,2,2,2,2,2,2,2,2,2,2,1,1,1,1,0,0,0,0,0,0,,,,,,,,,,,,,,,,,,,,,,,,,,,,,,,,,,,,,,,,,,,,,,,,
9305,2000,9407,9265,,0,54,54,54,54,38,38,41,41,48,48,53,53,149,149,1126,1126,1279,1279,1185,1185,1176,1176,1064,1064,1030,1030,978,978,1073,1073,1075,1075,1072,1072,1157,1157,1124,1124,530,530,326,326,208,208,152,152,86,86,,,,,,,,,,,,,,,,,,,,,,,,,,,,,,,,,,,,,,,,,,,,,,,,
9306,300,9322,9308,,0,0,0,0,0,0,0,0,0,0,0,0,0,0,0,2,2,2,2,2,2,2,2,2,2,1,1,1,1,1,1,1,1,2,2,2,2,2,2,1,1,0,0,0,0,0,0,0,0,,,,,,,,,,,,,,,,,,,,,,,,,,,,,,,,,,,,,,,,,,,,,,,,
9307,800,9417,9288,,0,0,0,0,0,0,0,0,0,0,0,0,0,0,0,1,1,2,2,1,1,1,1,1,1,1,1,1,1,1,1,1,1,1,1,1,1,1,1,1,1,0,0,0,0,0,0,0,0,,,,,,,,,,,,,,,,,,,,,,,,,,,,,,,,,,,,,,,,,,,,,,,,
9308,300,9306,9304,9311;9313,2,0,0,0,0,0,0,0,0,0,0,0,0,0,0,1,1,1,1,1,1,1,1,1,1,1,1,1,1,1,1,1,1,1,1,1,1,1,1,0,0,0,0,0,0,0,0,0,0,,,,,,,,,,,,,,,,,,,,,,,,,,,,,,,,,,,,,,,,,,,,,,,,
9309,3000,9422,9424,,0,54,54,54,54,38,38,41,41,48,48,53,53,149,149,1126,1126,1279,1279,1185,1185,1176,1176,1064,1064,1030,1030,978,978,1073,1073,1075,1075,1072,1072,1157,1157,1124,1124,530,530,326,326,208,208,152,152,86,86,,,,,,,,,,,,,,,,,,,,,,,,,,,,,,,,,,,,,,,,,,,,,,,,
9310,800,9416,9317,9406;9346,2,0,0,0,0,0,0,0,0,0,0,0,0,0,0,3,3,3,3,3,3,3,3,3,3,3,3,3,3,3,3,3,3,3,3,3,3,3,3,1,1,1,1,1,1,0,0,0,0,,,,,,,,,,,,,,,,,,,,,,,,,,,,,,,,,,,,,,,,,,,,,,,,
9311,300,9308,9365,,0,0,0,0,0,0,0,0,0,0,0,0,0,0,0,1,1,1,1,1,1,1,1,1,1,1,1,1,1,1,1,1,1,1,1,1,1,1,1,0,0,0,0,0,0,0,0,0,0,,,,,,,,,,,,,,,,,,,,,,,,,,,,,,,,,,,,,,,,,,,,,,,,
9312,2000,9466,9287,,0,63,63,65,65,46,46,49,49,57,57,62,62,174,174,982,982,1182,1182,1077,1077,1043,1043,955,955,884,884,900,900,934,934,926,926,948,948,1012,1012,944,944,526,526,333,333,221,221,161,161,84,84,,,,,,,,,,,,,,,,,,,,,,,,,,,,,,,,,,,,,,,,,,,,,,,,
9313,800,9308,9466,,0,0,0,0,0,0,0,0,0,0,0,0,0,0,0,1,1,2,2,1,1,1,1,1,1,1,1,1,1,1,1,1,1,1,1,1,1,1,1,1,1,0,0,0,0,0,0,0,0,,,,,,,,,,,,,,,,,,,,,,,,,,,,,,,,,,,,,,,,,,,,,,,,
9314,1200,9471,9469,,0,0,0,0,0,0,0,0,0,0,0,0,0,0,0,1,1,1,1,1,1,1,1,1,1,1,1,1,1,1,1,1,1,1,1,1,1,1,1,1,1,0,0,0,0,0,0,0,0,,,,,,,,,,,,,,,,,,,,,,,,,,,,,,,,,,,,,,,,,,,,,,,,
9315,4000,9478,9479,,0,63,63,65,65,46,46,49,49,57,57,62,62,174,174,982,982,1182,1182,1077,1077,1043,1043,955,955,884,884,900,900,934,934,926,926,948,948,1012,1012,944,944,526,526,333,333,221,221,161,161,84,84,,,,,,,,,,,,,,,,,,,,,,,,,,,,,,,,,,,,,,,,,,,,,,,,
9316,1600,9321,9275,,0,0,0,0,0,0,0,0,0,0,0,0,0,0,0,909,909,1002,1002,931,931,835,835,881,881,812,812,829,829,868,868,957,957,982,982,1027,1027,964,964,0,0,0,0,0,0,0,0,0,0,,,,,,,,,,,,,,,,,,,,,,,,,,,,,,,,,,,,,,,,,,,,,,,,
9317,800,9321,9310,,0,0,0,0,0,0,0,0,0,0,0,0,0,0,0,2,2,3,3,3,3,3,3,2,2,2,2,2,2,2,2,2,2,2,2,3,3,2,2,1,1,1,1,0,0,0,0,0,0,,,,,,,,,,,,,,,,,,,,,,,,,,,,,,,,,,,,,,,,,,,,,,,,
9318,4400,9377,9319,,0,54,54,54,54,38,38,41,41,48,48,53,53,149,149,1126,1126,1279,1279,1185,1185,1176,1176,1064,1064,1030,1030,978,978,1073,1073,1075,1075,1072,1072,1157,1157,1124,1124,530,530,326,326,208,208,152,152,86,86,,,,,,,,,,,,,,,,,,,,,,,,,,,,,,,,,,,,,,,,,,,,,,,,
9319,800,,9318,,0,0,0,0,0,0,0,0,0,0,0,0,0,0,0,3,3,3,3,3,3,3,3,3,3,2,2,2,2,3,3,3,3,3,3,3,3,3,3,1,1,1,1,0,0,0,0,0,0,,,,,,,,,,,,,,,,,,,,,,,,,,,,,,,,,,,,,,,,,,,,,,,,
9320,1200,9426,9324,,0,0,0,0,0,0,0,0,0,0,0,0,0,0,0,1,1,1,1,1,1,1,1,1,1,1,1,1,1,1,1,1,1,1,1,1,1,1,1,1,1,0,0,0,0,0,0,0,0,,,,,,,,,,,,,,,,,,,,,,,,,,,,,,,,,,,,,,,,,,,,,,,,
9321,800,9317,9326,9316;9327,2,0,0,0,0,0,0,0,0,0,0,0,0,0,0,2,2,2,2,2,2,2,2,2,2,2,2,2,2,2,2,2,2,2,2,2,2,2,2,1,1,0,0,0,0,0,0,0,0,,,,,,,,,,,,,,,,,,,,,,,,,,,,,,,,,,,,,,,,,,,,,,,,
9322,3500,9306,10343,10349,1,67,67,70,70,49,49,53,53,62,62,67,67,186,186,910,910,1134,1134,1023,1023,977,977,900,900,812,812,861,861,864,864,851,851,886,886,939,939,854,854,524,524,336,336,227,227,165,165,84,84,,,,,,,,,,,,,,,,,,,,,,,,,,,,,,,,,,,,,,,,,,,,,,,,
9323,2500,9324,9354,,0,54,54,54,54,38,38,41,41,48,48,53,53,149,149,1126,1126,1279,1279,1185,1185,1176,1176,1064,1064,1030,1030,978,978,1073,1073,1075,1075,1072,1072,1157,1157,1124,1124,530,530,326,326,208,208,152,152,86,86,,,,,,,,,,,,,,,,,,,,,,,,,,,,,,,,,,,,,,,,,,,,,,,,
9324,1200,9429,9320,9323;9430,2,0,0,0,0,0,0,0,0,0,0,0,0,0,0,1,1,2,2,1,1,1,1,1,1,1,1,1,1,1,1,1,1,1,1,1,1,1,1,1,1,0,0,0,0,0,0,0,0,,,,,,,,,,,,,,,,,,,,,,,,,,,,,,,,,,,,,,,,,,,,,,,,
9325,2000,9283,9332,,0,54,54,54,54,38,38,41,41,48,48,53,53,149,149,1126,1126,1279,1279,1185,1185,1176,1176,1064,1064,1030,1030,978,978,1073,1073,1075,1075,1072,1072,1157,1157,1124,1124,530,530,326,326,208,208,152,152,86,86,,,,,,,,,,,,,,,,,,,,,,,,,,,,,,,,,,,,,,,,,,,,,,,,
9326,800,9332,9321,,0,0,0,0,0,0,0,0,0,0,0,0,0,0,0,2,2,3,3,2,2,2,2,2,2,2,2,2,2,2,2,2,2,2,2,2,2,2,2,1,1,1,1,0,0,0,0,0,0,,,,,,,,,,,,,,,,,,,,,,,,,,,,,,,,,,,,,,,,,,,,,,,,
9327,800,9329,9321,,0,0,0,0,0,0,0,0,0,0,0,0,0,0,0,2,2,3,3,3,3,2,2,2,2,2,2,2,2,2,2,2,2,2,2,2,2,2,2,1,1,1,1,0,0,0,0,0,0,,,,,,,,,,,,,,,,,,,,,,,,,,,,,,,,,,,,,,,,,,,,,,,,
9328,1200,9360,9329,,0,0,0,0,0,0,0,0,0,0,0,0,0,0,0,3,3,3,3,3,3,3,3,2,2,2,2,2,2,2,2,2,2,2,2,3,3,3,3,1,1,1,1,0,0,0,0,0,0,,,,,,,,,,,,,,,,,,,,,,,,,,,,,,,,,,,,,,,,,,,,,,,,
9329,800,9328,9340,9327;9335,2,0,0,0,0,0,0,0,0,0,0,0,0,0,0,3,3,3,3,3,3,3,3,3,3,3,3,3,3,3,3,3,3,3,3,3,3,3,3,1,1,1,1,1,1,0,0,0,0,,,,,,,,,,,,,,,,,,,,,,,,,,,,,,,,,,,,,,,,,,,,,,,,
9330,4400,9443,9333,,0,63,63,65,65,46,46,49,49,57,57,62,62,174,174,982,982,1182,1182,1077,1077,1043,1043,955,955,884,884,900,900,934,934,926,926,948,948,1012,1012,944,944,526,526,333,333,221,221,161,161,84,84,,,,,,,,,,,,,,,,,,,,,,,,,,,,,,,,,,,,,,,,,,,,,,,,
9331,1200,,9356,,0,0,0,0,0,0,0,0,0,0,0,0,0,0,0,2,2,2,2,2,2,2,2,2,2,2,2,2,2,2,2,2,2,2,2,2,2,2,2,1,1,1,1,0,0,0,0,0,0,,,,,,,,,,,,,,,,,,,,,,,,,,,,,,,,,,,,,,,,,,,,,,,,
9332,800,9352,9325,9326;9351,2,53,53,55,55,38,38,42,42,48,48,53,53,146,146,715,715,891,891,804,804,768,768,707,707,638,638,676,676,679,679,669,669,696,696,738,738,671,671,411,411,264,264,178,178,130,130,66,66,,,,,,,,,,,,,,,,,,,,,,,,,,,,,,,,,,,,,,,,,,,,,,,,
9333,3500,9349,9443,9330,1,63,63,65,65,46,46,49,49,57,57,62,62,174,174,982,982,1182,1182,1077,1077,1043,1043,955,955,884,884,900,900,934,934,926,926,948,948,1012,1012,944,944,526,526,333,333,221,221,161,161,84,84,,,,,,,,,,,,,,,,,,,,,,,,,,,,,,,,,,,,,,,,,,,,,,,,
9334,4400,9336,9442,,0,63,63,65,65,46,46,49,49,57,57,62,62,174,174,982,982,1182,1182,1077,1077,1043,1043,955,955,884,884,900,900,934,934,926,926,948,948,1012,1012,944,944,526,526,333,333,221,221,161,161,84,84,,,,,,,,,,,,,,,,,,,,,,,,,,,,,,,,,,,,,,,,,,,,,,,,
9335,800,9329,14475,,0,0,0,0,0,0,0,0,0,0,0,0,0,0,0,3,3,4,4,3,3,3,3,3,3,3,3,3,3,3,3,3,3,3,3,3,3,3,3,1,1,1,1,1,1,0,0,0,0,,,,,,,,,,,,,,,,,,,,,,,,,,,,,,,,,,,,,,,,,,,,,,,,
9336,400,14477,9444,9334;14878,2,0,0,0,0,0,0,0,0,0,0,0,0,0,0,3,3,4,4,3,3,3,3,3,3,3,3,3,3,3,3,3,3,3,3,3,3,3,3,1,1,1,1,1,1,0,0,0,0,,,,,,,,,,,,,,,,,,,,,,,,,,,,,,,,,,,,,,,,,,,,,,,,
9337,1200,9358,14475,,0,53,53,55,55,38,38,42,42,48,48,53,53,146,146,715,715,891,891,804,804,768,768,707,707,638,638,676,676,679,679,669,669,696,696,738,738,671,671,411,411,264,264,178,178,130,130,66,66,,,,,,,,,,,,,,,,,,,,,,,,,,,,,,,,,,,,,,,,,,,,,,,,
9338,3300,,14485,,0,63,63,65,65,46,46,49,49,57,57,62,62,174,174,982,982,1182,1182,1077,1077,1043,1043,955,955,884,884,900,900,934,934,926,926,948,948,1012,1012,944,944,526,526,333,333,221,221,161,161,84,84,,,,,,,,,,,,,,,,,,,,,,,,,,,,,,,,,,,,,,,,,,,,,,,,
9339,2500,14478,9433,,0,63,63,65,65,46,46,49,49,57,57,62,62,174,174,982,982,1182,1182,1077,1077,1043,1043,955,955,884,884,900,900,934,934,926,926,948,948,1012,1012,944,944,526,526,333,333,221,221,161,161,84,84,,,,,,,,,,,,,,,,,,,,,,,,,,,,,,,,,,,,,,,,,,,,,,,,
9340,1200,14825,9329,,0,53,53,55,55,38,38,42,42,48,48,53,53,146,146,715,715,891,891,804,804,768,768,707,707,638,638,676,676,679,679,669,669,696,696,738,738,671,671,411,411,264,264,178,178,130,130,66,66,,,,,,,,,,,,,,,,,,,,,,,,,,,,,,,,,,,,,,,,,,,,,,,,
9341,2500,14931,,,0,67,67,70,70,49,49,53,53,62,62,67,67,186,186,910,910,1134,1134,1023,1023,977,977,900,900,812,812,861,861,864,864,851,851,886,886,939,939,854,854,524,524,336,336,227,227,165,165,84,84,,,,,,,,,,,,,,,,,,,,,,,,,,,,,,,,,,,,,,,,,,,,,,,,
9342,4400,14546,,14826,1,67,67,70,70,49,49,53,53,62,62,67,67,186,186,910,910,1134,1134,1023,1023,977,977,900,900,812,812,861,861,864,864,851,851,886,886,939,939,854,854,524,524,336,336,227,227,165,165,84,84,,,,,,,,,,,,,,,,,,,,,,,,,,,,,,,,,,,,,,,,,,,,,,,,
9343,1600,14478,9431,,0,0,0,0,0,0,0,0,0,0,0,0,0,0,0,3,3,4,4,3,3,3,3,3,3,3,3,3,3,3,3,3,3,3,3,3,3,3,3,1,1,1,1,1,1,0,0,0,0,,,,,,,,,,,,,,,,,,,,,,,,,,,,,,,,,,,,,,,,,,,,,,,,
9344,4400,,14931,,0,42,42,39,39,28,28,29,29,34,34,39,39,112,112,1343,1343,1424,1424,1347,1347,1375,1375,1229,1229,1247,1247,1096,1096,1282,1282,1299,1299,1257,1257,1375,1375,1394,1394,536,536,316,316,190,190,140,140,87,87,,,,,,,,,,,,,,,,,,,,,,,,,,,,,,,,,,,,,,,,,,,,,,,,
9345,1600,9365,9363,,0,0,0,0,0,0,0,0,0,0,0,0,0,0,0,1,1,2,2,1,1,1,1,1,1,1,1,1,1,1,1,1,1,1,1,1,1,1,1,1,1,0,0,0,0,0,0,0,0,,,,,,,,,,,,,,,,,,,,,,,,,,,,,,,,,,,,,,,,,,,,,,,,
9346,1200,9360,9310,,0,0,0,0,0,0,0,0,0,0,0,0,0,0,0,2,2,3,3,2,2,2,2,2,2,2,2,2,2,2,2,2,2,2,2,2,2,2,2,1,1,1,1,0,0,0,0,0,0,,,,,,,,,,,,,,,,,,,,,,,,,,,,,,,,,,,,,,,,,,,,,,,,
9347,2000,9446,9466,9292;9296,2,63,63,65,65,46,46,49,49,57,57,62,62,174,174,982,982,1182,1182,1077,1077,1043,1043,955,955,884,884,900,900,934,934,926,926,948,948,1012,1012,944,944,526,526,333,333,221,221,161,161,84,84,,,,,,,,,,,,,,,,,,,,,,,,,,,,,,,,,,,,,,,,,,,,,,,,
9348,2000,14836,9354,,0,54,54,54,54,38,38,41,41,48,48,53,53,149,149,1126,1126,1279,1279,1185,1185,1176,1176,1064,1064,1030,1030,978,978,1073,1073,1075,1075,1072,1072,1157,1157,1124,1124,530,530,326,326,208,208,152,152,86,86,,,,,,,,,,,,,,,,,,,,,,,,,,,,,,,,,,,,,,,,,,,,,,,,
9349,2500,,9333,9439,1,63,63,65,65,46,46,49,49,57,57,62,62,174,174,982,982,1182,1182,1077,1077,1043,1043,955,955,884,884,900,900,934,934,926,926,948,948,1012,1012,944,944,526,526,333,333,221,221,161,161,84,84,,,,,,,,,,,,,,,,,,,,,,,,,,,,,,,,,,,,,,,,,,,,,,,,
9350,2500,9432,,9439,1,63,63,65,65,46,46,49,49,57,57,62,62,174,174,982,982,1182,1182,1077,1077,1043,1043,955,955,884,884,900,900,934,934,926,926,948,948,1012,1012,944,944,526,526,333,333,221,221,161,161,84,84,,,,,,,,,,,,,,,,,,,,,,,,,,,,,,,,,,,,,,,,,,,,,,,,
9351,1600,14825,9332,,0,33,33,31,31,22,22,23,23,26,26,31,31,88,88,1055,1055,1119,1119,1058,1058,1080,1080,966,966,980,980,861,861,1008,1008,1021,1021,988,988,1080,1080,1096,1096,421,421,249,249,150,150,110,110,68,68,,,,,,,,,,,,,,,,,,,,,,,,,,,,,,,,,,,,,,,,,,,,,,,,
9352,2000,14826,9332,,0,42,42,39,39,28,28,29,29,34,34,39,39,112,112,1343,1343,1424,1424,1347,1347,1375,1375,1229,1229,1247,1247,1096,1096,1282,1282,1299,1299,1257,1257,1375,1375,1394,1394,536,536,316,316,190,190,140,140,87,87,,,,,,,,,,,,,,,,,,,,,,,,,,,,,,,,,,,,,,,,,,,,,,,,
9353,1200,9354,9419,,0,0,0,0,0,0,0,0,0,0,0,0,0,0,0,3,3,3,3,3,3,3,3,3,3,2,2,2,2,3,3,3,3,3,3,3,3,3,3,1,1,1,1,0,0,0,0,0,0,,,,,,,,,,,,,,,,,,,,,,,,,,,,,,,,,,,,,,,,,,,,,,,,
9354,2000,9353,9348,9323,1,54,54,54,54,38,38,41,41,48,48,53,53,149,149,1126,1126,1279,1279,1185,1185,1176,1176,1064,1064,1030,1030,978,978,1073,1073,1075,1075,1072,1072,1157,1157,1124,1124,530,530,326,326,208,208,152,152,86,86,,,,,,,,,,,,,,,,,,,,,,,,,,,,,,,,,,,,,,,,,,,,,,,,
9355,800,14838,9356,,0,0,0,0,0,0,0,0,0,0,0,0,0,0,0,3,3,4,4,3,3,3,3,3,3,3,3,3,3,3,3,3,3,3,3,3,3,3,3,1,1,1,1,1,1,0,0,0,0,,,,,,,,,,,,,,,,,,,,,,,,,,,,,,,,,,,,,,,,,,,,,,,,
9356,400,9357,9331,9355,1,0,0,0,0,0,0,0,0,0,0,0,0,0,0,3,3,4,4,3,3,3,3,3,3,3,3,3,3,3,3,3,3,3,3,3,3,3,3,1,1,1,1,1,1,0,0,0,0,,,,,,,,,,,,,,,,,,,,,,,,,,,,,,,,,,,,,,,,,,,,,,,,
9357,800,9356,9358,,0,0,0,0,0,0,0,0,0,0,0,0,0,0,0,3,3,3,3,3,3,3,3,3,3,3,3,3,3,3,3,3,3,3,3,3,3,3,3,1,1,1,1,1,1,0,0,0,0,,,,,,,,,,,,,,,,,,,,,,,,,,,,,,,,,,,,,,,,,,,,,,,,
9358,800,9357,9359,9337,1,0,0,0,0,0,0,0,0,0,0,0,0,0,0,3,3,3,3,3,3,3,3,3,3,2,2,2,2,3,3,3,3,3,3,3,3,3,3,1,1,1,1,0,0,0,0,0,0,,,,,,,,,,,,,,,,,,,,,,,,,,,,,,,,,,,,,,,,,,,,,,,,
9359,800,9358,9360,,0,0,0,0,0,0,0,0,0,0,0,0,0,0,0,2,2,3,3,2,2,2,2,2,2,2,2,2,2,2,2,2,2,2,2,2,2,2,2,1,1,1,1,0,0,0,0,0,0,,,,,,,,,,,,,,,,,,,,,,,,,,,,,,,,,,,,,,,,,,,,,,,,
9360,800,9346,9359,9328,1,0,0,0,0,0,0,0,0,0,0,0,0,0,0,2,2,2,2,2,2,2,2,2,2,2,2,2,2,2,2,2,2,2,2,2,2,2,2,1,1,1,1,0,0,0,0,0,0,,,,,,,,,,,,,,,,,,,,,,,,,,,,,,,,,,,,,,,,,,,,,,,,
9361,550,14485,14922,9465,1,63,63,65,65,46,46,49,49,57,57,62,62,174,174,982,982,1182,1182,1077,1077,1043,1043,955,955,884,884,900,900,934,934,926,926,948,948,1012,1012,944,944,526,526,333,333,221,221,161,161,84,84,,,,,,,,,,,,,,,,,,,,,,,,,,,,,,,,,,,,,,,,,,,,,,,,
9362,800,9363,14925,,0,0,0,0,0,0,0,0,0,0,0,0,0,0,0,3,3,4,4,3,3,3,3,3,3,3,3,3,3,3,3,3,3,3,3,3,3,3,3,1,1,1,1,1,1,0,0,0,0,,,,,,,,,,,,,,,,,,,,,,,,,,,,,,,,,,,,,,,,,,,,,,,,
9363,400,9362,9345,9366,1,0,0,0,0,0,0,0,0,0,0,0,0,0,0,2,2,2,2,2,2,2,2,2,2,2,2,2,2,2,2,2,2,2,2,2,2,2,2,1,1,1,1,0,0,0,0,0,0,,,,,,,,,,,,,,,,,,,,,,,,,,,,,,,,,,,,,,,,,,,,,,,,
9364,300,9468,9365,,0,0,0,0,0,0,0,0,0,0,0,0,0,0,0,1,1,1,1,1,1,1,1,1,1,1,1,1,1,1,1,1,1,1,1,1,1,1,1,1,1,0,0,0,0,0,0,0,0,,,,,,,,,,,,,,,,,,,,,,,,,,,,,,,,,,,,,,,,,,,,,,,,
9365,400,9345,9311,9364,1,0,0,0,0,0,0,0,0,0,0,0,0,0,0,1,1,1,1,1,1,1,1,1,1,1,1,1,1,1,1,1,1,1,1,1,1,1,1,1,1,0,0,0,0,0,0,0,0,,,,,,,,,,,,,,,,,,,,,,,,,,,,,,,,,,,,,,,,,,,,,,,,
9366,1200,9367,9363,,0,0,0,0,0,0,0,0,0,0,0,0,0,0,0,2,2,3,3,2,2,2,2,2,2,2,2,2,2,2,2,2,2,2,2,2,2,2,2,1,1,1,1,0,0,0,0,0,0,,,,,,,,,,,,,,,,,,,,,,,,,,,,,,,,,,,,,,,,,,,,,,,,
9367,1200,10342,9366,10322,1,0,0,0,0,0,0,0,0,0,0,0,0,0,0,3,3,3,3,3,3,3,3,3,3,3,3,3,3,3,3,3,3,3,3,3,3,3,3,1,1,1,1,1,1,0,0,0,0,,,,,,,,,,,,,,,,,,,,,,,,,,,,,,,,,,,,,,,,,,,,,,,,
9368,4400,9389,9369,,0,54,54,54,54,38,38,41,41,48,48,53,53,149,149,1126,1126,1279,1279,1185,1185,1176,1176,1064,1064,1030,1030,978,978,1073,1073,1075,1075,1072,1072,1157,1157,1124,1124,530,530,326,326,208,208,152,152,86,86,,,,,,,,,,,,,,,,,,,,,,,,,,,,,,,,,,,,,,,,,,,,,,,,
9369,800,9370,9368,9267,1,0,0,0,0,0,0,0,0,0,0,0,0,0,0,2,2,2,2,2,2,2,2,2,2,2,2,1,1,2,2,2,2,2,2,2,2,2,2,1,1,0,0,0,0,0,0,0,0,,,,,,,,,,,,,,,,,,,,,,,,,,,,,,,,,,,,,,,,,,,,,,,,
9370,800,9371,9369,,0,0,0,0,0,0,0,0,0,0,0,0,0,0,0,2,2,2,2,2,2,2,2,1,1,1,1,1,1,1,1,1,1,2,2,2,2,2,2,1,1,0,0,0,0,0,0,0,0,,,,,,,,,,,,,,,,,,,,,,,,,,,,,,,,,,,,,,,,,,,,,,,,
9371,800,9372,9370,9384,1,0,0,0,0,0,0,0,0,0,0,0,0,0,0,1,1,2,2,2,2,2,2,1,1,1,1,1,1,1,1,1,1,1,1,2,2,1,1,1,1,0,0,0,0,0,0,0,0,,,,,,,,,,,,,,,,,,,,,,,,,,,,,,,,,,,,,,,,,,,,,,,,
9372,1200,9373,9371,,0,0,0,0,0,0,0,0,0,0,0,0,0,0,0,1,1,2,2,1,1,1,1,1,1,1,1,1,1,1,1,1,1,1,1,1,1,1,1,1,1,0,0,0,0,0,0,0,0,,,,,,,,,,,,,,,,,,,,,,,,,,,,,,,,,,,,,,,,,,,,,,,,
9373,400,9282,9372,9374,1,0,0,0,0,0,0,0,0,0,0,0,0,0,0,2,2,2,2,2,2,2,2,1,1,1,1,1,1,1,1,1,1,2,2,2,2,2,2,1,1,0,0,0,0,0,0,0,0,,,,,,,,,,,,,,,,,,,,,,,,,,,,,,,,,,,,,,,,,,,,,,,,
9374,1200,9373,9375,,0,0,0,0,0,0,0,0,0,0,0,0,0,0,0,2,2,2,2,2,2,2,2,2,2,2,2,2,2,2,2,2,2,2,2,2,2,2,2,1,1,1,1,0,0,0,0,0,0,,,,,,,,,,,,,,,,,,,,,,,,,,,,,,,,,,,,,,,,,,,,,,,,
9375,400,9293,9374,9303,1,0,0,0,0,0,0,0,0,0,0,0,0,0,0,2,2,3,3,2,2,2,2,2,2,2,2,2,2,2,2,2,2,2,2,2,2,2,2,1,1,1,1,0,0,0,0,0,0,,,,,,,,,,,,,,,,,,,,,,,,,,,,,,,,,,,,,,,,,,,,,,,,
9376,1200,9379,9283,,0,0,0,0,0,0,0,0,0,0,0,0,0,0,0,3,3,3,3,3,3,3,3,3,3,3,3,2,2,3,3,3,3,3,3,3,3,3,3,1,1,1,1,1,1,0,0,0,0,,,,,,,,,,,,,,,,,,,,,,,,,,,,,,,,,,,,,,,,,,,,,,,,
9377,1200,9303,9378,9380;9318,2,0,0,0,0,0,0,0,0,0,0,0,0,0,0,2,2,3,3,2,2,2,2,2,2,2,2,2,2,2,2,2,2,2,2,2,2,2,2,1,1,1,1,0,0,0,0,0,0,,,,,,,,,,,,,,,,,,,,,,,,,,,,,,,,,,,,,,,,,,,,,,,,
9378,1200,9377,9379,,0,0,0,0,0,0,0,0,0,0,0,0,0,0,0,2,2,2,2,2,2,2,2,2,2,2,2,2,2,2,2,2,2,2,2,2,2,2,2,1,1,1,1,0,0,0,0,0,0,,,,,,,,,,,,,,,,,,,,,,,,,,,,,,,,,,,,,,,,,,,,,,,,
9379,800,9289,9376,9378,1,0,0,0,0,0,0,0,0,0,0,0,0,0,0,2,2,3,3,2,2,2,2,2,2,2,2,2,2,2,2,2,2,2,2,2,2,2,2,1,1,1,1,0,0,0,0,0,0,,,,,,,,,,,,,,,,,,,,,,,,,,,,,,,,,,,,,,,,,,,,,,,,
9380,300,9381,9377,,0,0,0,0,0,0,0,0,0,0,0,0,0,0,0,2,2,2,2,2,2,2,2,2,2,2,2,2,2,2,2,2,2,2,2,2,2,2,2,1,1,1,1,0,0,0,0,0,0,,,,,,,,,,,,,,,,,,,,,,,,,,,,,,,,,,,,,,,,,,,,,,,,
9381,300,9382,9380,9293,1,0,0,0,0,0,0,0,0,0,0,0,0,0,0,2,2,2,2,2,2,2,2,2,2,2,2,2,2,2,2,2,2,2,2,2,2,2,2,1,1,1,1,0,0,0,0,0,0,,,,,,,,,,,,,,,,,,,,,,,,,,,,,,,,,,,,,,,,,,,,,,,,
9382,400,9381,9383,,0,0,0,0,0,0,0,0,0,0,0,0,0,0,0,2,2,2,2,2,2,2,2,2,2,2,2,2,2,2,2,2,2,2,2,2,2,2,2,1,1,0,0,0,0,0,0,0,0,,,,,,,,,,,,,,,,,,,,,,,,,,,,,,,,,,,,,,,,,,,,,,,,
9383,400,9382,9291,9282,1,0,0,0,0,0,0,0,0,0,0,0,0,0,0,2,2,2,2,2,2,2,2,1,1,1,1,1,1,1,1,1,1,1,1,2,2,1,1,1,1,0,0,0,0,0,0,0,0,,,,,,,,,,,,,,,,,,,,,,,,,,,,,,,,,,,,,,,,,,,,,,,,
9384,1200,9371,9385,,0,0,0,0,0,0,0,0,0,0,0,0,0,0,0,2,2,2,2,2,2,2,2,2,2,2,2,2,2,2,2,2,2,2,2,2,2,2,2,1,1,1,1,0,0,0,0,0,0,,,,,,,,,,,,,,,,,,,,,,,,,,,,,,,,,,,,,,,,,,,,,,,,
9385,800,9386,9384,9291,1,0,0,0,0,0,0,0,0,0,0,0,0,0,0,2,2,3,3,2,2,2,2,2,2,2,2,2,2,2,2,2,2,2,2,2,2,2,2,1,1,1,1,0,0,0,0,0,0,,,,,,,,,,,,,,,,,,,,,,,,,,,,,,,,,,,,,,,,,,,,,,,,
9386,800,9385,9387,,0,0,0,0,0,0,0,0,0,0,0,0,0,0,0,2,2,2,2,2,2,2,2,2,2,2,2,2,2,2,2,2,2,2,2,2,2,2,2,1,1,1,1,0,0,0,0,0,0,,,,,,,,,,,,,,,,,,,,,,,,,,,,,,,,,,,,,,,,,,,,,,,,
9387,800,9276,9386,9289,1,0,0,0,0,0,0,0,0,0,0,0,0,0,0,2,2,2,2,2,2,2,2,2,2,1,1,1,1,2,2,2,2,2,2,2,2,2,2,1,1,0,0,0,0,0,0,0,0,,,,,,,,,,,,,,,,,,,,,,,,,,,,,,,,,,,,,,,,,,,,,,,,
9388,800,9389,,,0,0,0,0,0,0,0,0,0,0,0,0,0,0,0,1,1,1,1,1,1,1,1,1,1,1,1,1,1,1,1,1,1,1,1,1,1,1,1,0,0,0,0,0,0,0,0,0,0,,,,,,,,,,,,,,,,,,,,,,,,,,,,,,,,,,,,,,,,,,,,,,,,
9389,800,9388,9390,9368,1,0,0,0,0,0,0,0,0,0,0,0,0,0,0,1,1,1,1,1,1,1,1,1,1,1,1,1,1,1,1,1,1,1,1,1,1,1,1,1,1,0,0,0,0,0,0,0,0,,,,,,,,,,,,,,,,,,,,,,,,,,,,,,,,,,,,,,,,,,,,,,,,
9390,800,9391,9389,,0,0,0,0,0,0,0,0,0,0,0,0,0,0,0,1,1,1,1,1,1,1,1,1,1,1,1,1,1,1,1,1,1,1,1,1,1,1,1,1,1,0,0,0,0,0,0,0,0,,,,,,,,,,,,,,,,,,,,,,,,,,,,,,,,,,,,,,,,,,,,,,,,
9391,800,9390,9392,9267,1,0,0,0,0,0,0,0,0,0,0,0,0,0,0,1,1,1,1,1,1,1,1,1,1,1,1,1,1,1,1,1,1,1,1,1,1,1,1,1,1,0,0,0,0,0,0,0,0,,,,,,,,,,,,,,,,,,,,,,,,,,,,,,,,,,,,,,,,,,,,,,,,
9392,800,9391,9393,,0,0,0,0,0,0,0,0,0,0,0,0,0,0,0,1,1,1,1,1,1,1,1,1,1,1,1,1,1,1,1,1,1,1,1,1,1,1,1,0,0,0,0,0,0,0,0,0,0,,,,,,,,,,,,,,,,,,,,,,,,,,,,,,,,,,,,,,,,,,,,,,,,
9393,800,9394,9392,9276,1,0,0,0,0,0,0,0,0,0,0,0,0,0,0,1,1,1,1,1,1,1,1,1,1,1,1,1,1,1,1,1,1,1,1,1,1,1,1,0,0,0,0,0,0,0,0,0,0,,,,,,,,,,,,,,,,,,,,,,,,,,,,,,,,,,,,,,,,,,,,,,,,
9394,800,9393,9395,,0,33,33,31,31,22,22,23,23,26,26,31,31,88,88,1055,1055,1119,1119,1058,1058,1080,1080,966,966,980,980,861,861,1008,1008,1021,1021,988,988,1080,1080,1096,1096,421,421,249,249,150,150,110,110,68,68,,,,,,,,,,,,,,,,,,,,,,,,,,,,,,,,,,,,,,,,,,,,,,,,
9395,800,9394,9279,9261,1,0,0,0,0,0,0,0,0,0,0,0,0,0,0,1,1,2,2,1,1,1,1,1,1,1,1,1,1,1,1,1,1,1,1,1,1,1,1,1,1,0,0,0,0,0,0,0,0,,,,,,,,,,,,,,,,,,,,,,,,,,,,,,,,,,,,,,,,,,,,,,,,
9396,300,9275,9397,,0,0,0,0,0,0,0,0,0,0,0,0,0,0,0,1,1,2,2,1,1,1,1,1,1,1,1,1,1,1,1,1,1,1,1,1,1,1,1,1,1,0,0,0,0,0,0,0,0,,,,,,,,,,,,,,,,,,,,,,,,,,,,,,,,,,,,,,,,,,,,,,,,
9397,600,9270,9396,9263,1,0,0,0,0,0,0,0,0,0,0,0,0,0,0,1,1,2,2,1,1,1,1,1,1,1,1,1,1,1,1,1,1,1,1,1,1,1,1,1,1,0,0,0,0,0,0,0,0,,,,,,,,,,,,,,,,,,,,,,,,,,,,,,,,,,,,,,,,,,,,,,,,
9398,800,9399,9265,,0,0,0,0,0,0,0,0,0,0,0,0,0,0,0,3,3,3,3,3,3,3,3,3,3,3,3,2,2,3,3,3,3,3,3,3,3,3,3,1,1,1,1,1,1,0,0,0,0,,,,,,,,,,,,,,,,,,,,,,,,,,,,,,,,,,,,,,,,,,,,,,,,
9399,400,9263,9398,9400,1,0,0,0,0,0,0,0,0,0,0,0,0,0,0,2,2,3,3,3,3,3,3,2,2,2,2,2,2,2,2,2,2,2,2,3,3,2,2,1,1,1,1,0,0,0,0,0,0,,,,,,,,,,,,,,,,,,,,,,,,,,,,,,,,,,,,,,,,,,,,,,,,
94,4400,,92,376,1,50,50,52,52,37,37,40,40,46,46,50,50,140,140,967,967,1151,1151,1088,1088,1047,1047,967,967,880,880,932,932,911,911,933,933,958,958,1007,1007,913,913,393,393,252,252,170,170,124,124,63,63,,,,,,,,,,,,,,,,,,,,,,,,,,,,,,,,,,,,,,,,,,,,,,,,
9400,800,9401,9399,,0,0,0,0,0,0,0,0,0,0,0,0,0,0,0,2,2,2,2,2,2,2,2,2,2,2,2,2,2,2,2,2,2,2,2,2,2,2,2,1,1,1,1,0,0,0,0,0,0,,,,,,,,,,,,,,,,,,,,,,,,,,,,,,,,,,,,,,,,,,,,,,,,
9401,400,9402,9249,9400,1,0,0,0,0,0,0,0,0,0,0,0,0,0,0,2,2,2,2,2,2,2,2,2,2,2,2,2,2,2,2,2,2,2,2,2,2,2,2,1,1,0,0,0,0,0,0,0,0,,,,,,,,,,,,,,,,,,,,,,,,,,,,,,,,,,,,,,,,,,,,,,,,
9402,300,9401,9403,,0,0,0,0,0,0,0,0,0,0,0,0,0,0,0,2,2,2,2,2,2,2,2,2,2,1,1,1,1,2,2,2,2,2,2,2,2,2,2,1,1,0,0,0,0,0,0,0,0,,,,,,,,,,,,,,,,,,,,,,,,,,,,,,,,,,,,,,,,,,,,,,,,
9403,800,9402,9404,9255,1,0,0,0,0,0,0,0,0,0,0,0,0,0,0,1,1,2,2,2,2,1,1,1,1,1,1,1,1,1,1,1,1,1,1,1,1,1,1,1,1,0,0,0,0,0,0,0,0,,,,,,,,,,,,,,,,,,,,,,,,,,,,,,,,,,,,,,,,,,,,,,,,
9404,800,9403,9405,,0,0,0,0,0,0,0,0,0,0,0,0,0,0,0,1,1,1,1,1,1,1,1,1,1,1,1,1,1,1,1,1,1,1,1,1,1,1,1,0,0,0,0,0,0,0,0,0,0,,,,,,,,,,,,,,,,,,,,,,,,,,,,,,,,,,,,,,,,,,,,,,,,
9405,400,9260,9239,9404,1,0,0,0,0,0,0,0,0,0,0,0,0,0,0,1,1,1,1,1,1,1,1,1,1,1,1,1,1,1,1,1,1,1,1,1,1,1,1,0,0,0,0,0,0,0,0,0,0,,,,,,,,,,,,,,,,,,,,,,,,,,,,,,,,,,,,,,,,,,,,,,,,
9406,1000,9310,9407,,0,54,54,54,54,38,38,41,41,48,48,53,53,149,149,1126,1126,1279,1279,1185,1185,1176,1176,1064,1064,1030,1030,978,978,1073,1073,1075,1075,1072,1072,1157,1157,1124,1124,530,530,326,326,208,208,152,152,86,86,,,,,,,,,,,,,,,,,,,,,,,,,,,,,,,,,,,,,,,,,,,,,,,,
9407,1000,9406,9305,9299,1,54,54,54,54,38,38,41,41,48,48,53,53,149,149,1126,1126,1279,1279,1185,1185,1176,1176,1064,1064,1030,1030,978,978,1073,1073,1075,1075,1072,1072,1157,1157,1124,1124,530,530,326,326,208,208,152,152,86,86,,,,,,,,,,,,,,,,,,,,,,,,,,,,,,,,,,,,,,,,,,,,,,,,
9408,1600,9265,9409,,0,0,0,0,0,0,0,0,0,0,0,0,0,0,0,2,2,2,2,2,2,2,2,2,2,2,2,2,2,2,2,2,2,2,2,2,2,2,2,1,1,1,1,0,0,0,0,0,0,,,,,,,,,,,,,,,,,,,,,,,,,,,,,,,,,,,,,,,,,,,,,,,,
9409,400,9408,9297,9262,1,0,0,0,0,0,0,0,0,0,0,0,0,0,0,2,2,3,3,3,3,2,2,2,2,2,2,2,2,2,2,2,2,2,2,2,2,2,2,1,1,1,1,0,0,0,0,0,0,,,,,,,,,,,,,,,,,,,,,,,,,,,,,,,,,,,,,,,,,,,,,,,,
9410,1200,9248,9411,,0,0,0,0,0,0,0,0,0,0,0,0,0,0,0,2,2,2,2,2,2,2,2,1,1,1,1,1,1,1,1,1,1,1,1,2,2,2,2,1,1,0,0,0,0,0,0,0,0,,,,,,,,,,,,,,,,,,,,,,,,,,,,,,,,,,,,,,,,,,,,,,,,
9411,1200,9420,9410,9412,1,0,0,0,0,0,0,0,0,0,0,0,0,0,0,1,1,1,1,1,1,1,1,1,1,1,1,1,1,1,1,1,1,1,1,1,1,1,1,1,1,0,0,0,0,0,0,0,0,,,,,,,,,,,,,,,,,,,,,,,,,,,,,,,,,,,,,,,,,,,,,,,,
9412,800,9411,9413,,0,0,0,0,0,0,0,0,0,0,0,0,0,0,0,2,2,2,2,2,2,2,2,1,1,1,1,1,1,1,1,2,2,2,2,2,2,2,2,1,1,0,0,0,0,0,0,0,0,,,,,,,,,,,,,,,,,,,,,,,,,,,,,,,,,,,,,,,,,,,,,,,,
9413,800,9412,9414,9258,1,0,0,0,0,0,0,0,0,0,0,0,0,0,0,2,2,2,2,2,2,2,2,2,2,2,2,2,2,2,2,2,2,2,2,2,2,2,2,1,1,1,1,0,0,0,0,0,0,,,,,,,,,,,,,,,,,,,,,,,,,,,,,,,,,,,,,,,,,,,,,,,,
9414,800,9413,9415,,0,0,0,0,0,0,0,0,0,0,0,0,0,0,0,2,2,2,2,2,2,2,2,2,2,2,2,2,2,2,2,2,2,2,2,2,2,2,2,1,1,1,1,0,0,0,0,0,0,,,,,,,,,,,,,,,,,,,,,,,,,,,,,,,,,,,,,,,,,,,,,,,,
9415,800,9269,9414,9247,1,0,0,0,0,0,0,0,0,0,0,0,0,0,0,2,2,3,3,2,2,2,2,2,2,2,2,2,2,2,2,2,2,2,2,2,2,2,2,1,1,1,1,0,0,0,0,0,0,,,,,,,,,,,,,,,,,,,,,,,,,,,,,,,,,,,,,,,,,,,,,,,,
9416,800,9417,9310,,0,0,0,0,0,0,0,0,0,0,0,0,0,0,0,2,2,2,2,2,2,2,2,2,2,2,2,2,2,2,2,2,2,2,2,2,2,2,2,1,1,1,1,0,0,0,0,0,0,,,,,,,,,,,,,,,,,,,,,,,,,,,,,,,,,,,,,,,,,,,,,,,,
9417,300,9307,9297,9416,1,0,0,0,0,0,0,0,0,0,0,0,0,0,0,1,1,1,1,1,1,1,1,1,1,1,1,1,1,1,1,1,1,1,1,1,1,1,1,1,1,0,0,0,0,0,0,0,0,,,,,,,,,,,,,,,,,,,,,,,,,,,,,,,,,,,,,,,,,,,,,,,,
9418,1200,,9288,9419,1,0,0,0,0,0,0,0,0,0,0,0,0,0,0,2,2,3,3,3,3,2,2,2,2,2,2,2,2,2,2,2,2,2,2,2,2,2,2,1,1,1,1,0,0,0,0,0,0,,,,,,,,,,,,,,,,,,,,,,,,,,,,,,,,,,,,,,,,,,,,,,,,
9419,300,9302,9353,9418,1,0,0,0,0,0,0,0,0,0,0,0,0,0,0,2,2,3,3,2,2,2,2,2,2,2,2,2,2,2,2,2,2,2,2,2,2,2,2,1,1,1,1,0,0,0,0,0,0,,,,,,,,,,,,,,,,,,,,,,,,,,,,,,,,,,,,,,,,,,,,,,,,
9420,800,9288,9411,,0,0,0,0,0,0,0,0,0,0,0,0,0,0,0,2,2,2,2,2,2,2,2,2,2,2,2,1,1,2,2,2,2,2,2,2,2,2,2,1,1,0,0,0,0,0,0,0,0,,,,,,,,,,,,,,,,,,,,,,,,,,,,,,,,,,,,,,,,,,,,,,,,
9421,3500,9288,9422,,0,54,54,54,54,38,38,41,41,48,48,53,53,149,149,1126,1126,1279,1279,1185,1185,1176,1176,1064,1064,1030,1030,978,978,1073,1073,1075,1075,1072,1072,1157,1157,1124,1124,530,530,326,326,208,208,152,152,86,86,,,,,,,,,,,,,,,,,,,,,,,,,,,,,,,,,,,,,,,,,,,,,,,,
9422,2000,9309,9271,9434;9421,2,54,54,54,54,38,38,41,41,48,48,53,53,149,149,1126,1126,1279,1279,1185,1185,1176,1176,1064,1064,1030,1030,978,978,1073,1073,1075,1075,1072,1072,1157,1157,1124,1124,530,530,326,326,208,208,152,152,86,86,,,,,,,,,,,,,,,,,,,,,,,,,,,,,,,,,,,,,,,,,,,,,,,,
9423,800,9433,9428,,0,0,0,0,0,0,0,0,0,0,0,0,0,0,0,2,2,2,2,2,2,2,2,2,2,2,2,2,2,2,2,2,2,2,2,2,2,2,2,1,1,1,1,0,0,0,0,0,0,,,,,,,,,,,,,,,,,,,,,,,,,,,,,,,,,,,,,,,,,,,,,,,,
9424,600,9309,9425,9298,1,0,0,0,0,0,0,0,0,0,0,0,0,0,0,2,2,3,3,3,3,3,3,2,2,2,2,2,2,2,2,2,2,2,2,3,3,2,2,1,1,1,1,0,0,0,0,0,0,,,,,,,,,,,,,,,,,,,,,,,,,,,,,,,,,,,,,,,,,,,,,,,,
9425,1200,9426,9424,,0,0,0,0,0,0,0,0,0,0,0,0,0,0,0,3,3,3,3,3,3,3,3,2,2,2,2,2,2,2,2,2,2,2,2,3,3,2,2,1,1,1,1,0,0,0,0,0,0,,,,,,,,,,,,,,,,,,,,,,,,,,,,,,,,,,,,,,,,,,,,,,,,
9426,300,9425,9427,9301;9320,2,0,0,0,0,0,0,0,0,0,0,0,0,0,0,1,1,1,1,1,1,1,1,1,1,1,1,1,1,1,1,1,1,1,1,1,1,1,1,1,1,0,0,0,0,0,0,0,0,,,,,,,,,,,,,,,,,,,,,,,,,,,,,,,,,,,,,,,,,,,,,,,,
9427,600,9428,9426,,0,0,0,0,0,0,0,0,0,0,0,0,0,0,0,1,1,1,1,1,1,1,1,1,1,1,1,1,1,1,1,1,1,1,1,1,1,1,1,0,0,0,0,0,0,0,0,0,0,,,,,,,,,,,,,,,,,,,,,,,,,,,,,,,,,,,,,,,,,,,,,,,,
9428,300,9427,9300,9423,1,0,0,0,0,0,0,0,0,0,0,0,0,0,0,1,1,2,2,1,1,1,1,1,1,1,1,1,1,1,1,1,1,1,1,1,1,1,1,1,1,0,0,0,0,0,0,0,0,,,,,,,,,,,,,,,,,,,,,,,,,,,,,,,,,,,,,,,,,,,,,,,,
9429,600,14926,9324,,0,0,0,0,0,0,0,0,0,0,0,0,0,0,0,3,3,3,3,3,3,3,3,3,3,2,2,2,2,3,3,3,3,3,3,3,3,3,3,1,1,1,1,1,1,0,0,0,0,,,,,,,,,,,,,,,,,,,,,,,,,,,,,,,,,,,,,,,,,,,,,,,,
9430,1600,9431,9324,,0,0,0,0,0,0,0,0,0,0,0,0,0,0,0,1,1,2,2,1,1,1,1,1,1,1,1,1,1,1,1,1,1,1,1,1,1,1,1,1,1,0,0,0,0,0,0,0,0,,,,,,,,,,,,,,,,,,,,,,,,,,,,,,,,,,,,,,,,,,,,,,,,
9431,1200,9430,9343,14510,1,0,0,0,0,0,0,0,0,0,0,0,0,0,0,2,2,2,2,2,2,2,2,2,2,2,2,2,2,2,2,2,2,2,2,2,2,2,2,1,1,1,1,0,0,0,0,0,0,,,,,,,,,,,,,,,,,,,,,,,,,,,,,,,,,,,,,,,,,,,,,,,,
9432,2500,9433,9350,,0,63,63,65,65,46,46,49,49,57,57,62,62,174,174,982,982,1182,1182,1077,1077,1043,1043,955,955,884,884,900,900,934,934,926,926,948,948,1012,1012,944,944,526,526,333,333,221,221,161,161,84,84,,,,,,,,,,,,,,,,,,,,,,,,,,,,,,,,,,,,,,,,,,,,,,,,
9433,1200,9339,9423,9432,1,0,0,0,0,0,0,0,0,0,0,0,0,0,0,2,2,3,3,3,3,3,3,2,2,2,2,2,2,2,2,2,2,2,2,3,3,2,2,1,1,1,1,0,0,0,0,0,0,,,,,,,,,,,,,,,,,,,,,,,,,,,,,,,,,,,,,,,,,,,,,,,,
9434,3500,9422,9435,,0,54,54,54,54,38,38,41,41,48,48,53,53,149,149,1126,1126,1279,1279,1185,1185,1176,1176,1064,1064,1030,1030,978,978,1073,1073,1075,1075,1072,1072,1157,1157,1124,1124,530,530,326,326,208,208,152,152,86,86,,,,,,,,,,,,,,,,,,,,,,,,,,,,,,,,,,,,,,,,,,,,,,,,
9435,1500,9434,,9272,1,63,63,65,65,46,46,49,49,57,57,62,62,174,174,982,982,1182,1182,1077,1077,1043,1043,955,955,884,884,900,900,934,934,926,926,948,948,1012,1012,944,944,526,526,333,333,221,221,161,161,84,84,,,,,,,,,,,,,,,,,,,,,,,,,,,,,,,,,,,,,,,,,,,,,,,,
9436,1500,9266,9437,,0,63,63,65,65,46,46,49,49,57,57,62,62,174,174,982,982,1182,1182,1077,1077,1043,1043,955,955,884,884,900,900,934,934,926,926,948,948,1012,1012,944,944,526,526,333,333,221,221,161,161,84,84,,,,,,,,,,,,,,,,,,,,,,,,,,,,,,,,,,,,,,,,,,,,,,,,
9437,3000,9438,9436,,0,63,63,65,65,46,46,49,49,57,57,62,62,174,174,982,982,1182,1182,1077,1077,1043,1043,955,955,884,884,900,900,934,934,926,926,948,948,1012,1012,944,944,526,526,333,333,221,221,161,161,84,84,,,,,,,,,,,,,,,,,,,,,,,,,,,,,,,,,,,,,,,,,,,,,,,,
9438,1200,9437,9264,9286,1,0,0,0,0,0,0,0,0,0,0,0,0,0,0,1,1,1,1,1,1,1,1,1,1,1,1,1,1,1,1,1,1,1,1,1,1,1,1,0,0,0,0,0,0,0,0,0,0,,,,,,,,,,,,,,,,,,,,,,,,,,,,,,,,,,,,,,,,,,,,,,,,
9439,4400,9440,9350,9349,1,63,63,65,65,46,46,49,49,57,57,62,62,174,174,982,982,1182,1182,1077,1077,1043,1043,955,955,884,884,900,900,934,934,926,926,948,948,1012,1012,944,944,526,526,333,333,221,221,161,161,84,84,,,,,,,,,,,,,,,,,,,,,,,,,,,,,,,,,,,,,,,,,,,,,,,,
9440,800,9441,9439,9295,1,0,0,0,0,0,0,0,0,0,0,0,0,0,0,1,1,1,1,1,1,1,1,1,1,1,1,1,1,1,1,1,1,1,1,1,1,1,1,0,0,0,0,0,0,0,0,0,0,,,,,,,,,,,,,,,,,,,,,,,,,,,,,,,,,,,,,,,,,,,,,,,,
9441,1600,9442,9440,,0,0,0,0,0,0,0,0,0,0,0,0,0,0,0,1,1,1,1,1,1,1,1,1,1,1,1,1,1,1,1,1,1,1,1,1,1,1,1,1,1,0,0,0,0,0,0,0,0,,,,,,,,,,,,,,,,,,,,,,,,,,,,,,,,,,,,,,,,,,,,,,,,
9442,1200,9441,9294,9334,1,0,0,0,0,0,0,0,0,0,0,0,0,0,0,1,1,1,1,1,1,1,1,1,1,1,1,1,1,1,1,1,1,1,1,1,1,1,1,1,1,0,0,0,0,0,0,0,0,,,,,,,,,,,,,,,,,,,,,,,,,,,,,,,,,,,,,,,,,,,,,,,,
9443,2200,9330,9333,14478,1,63,63,65,65,46,46,49,49,57,57,62,62,174,174,982,982,1182,1182,1077,1077,1043,1043,955,955,884,884,900,900,934,934,926,926,948,948,1012,1012,944,944,526,526,333,333,221,221,161,161,84,84,,,,,,,,,,,,,,,,,,,,,,,,,,,,,,,,,,,,,,,,,,,,,,,,
9444,1600,14927,9336,,0,33,33,31,31,22,22,23,23,26,26,31,31,88,88,1055,1055,1119,1119,1058,1058,1080,1080,966,966,980,980,861,861,1008,1008,1021,1021,988,988,1080,1080,1096,1096,421,421,249,249,150,150,110,110,68,68,,,,,,,,,,,,,,,,,,,,,,,,,,,,,,,,,,,,,,,,,,,,,,,,
9445,1200,9452,9450,,0,0,0,0,0,0,0,0,0,0,0,0,0,0,0,1,1,1,1,1,1,1,1,1,1,1,1,1,1,1,1,1,1,1,1,1,1,1,1,0,0,0,0,0,0,0,0,0,0,,,,,,,,,,,,,,,,,,,,,,,,,,,,,,,,,,,,,,,,,,,,,,,,
9446,300,9347,9447,9280,1,0,0,0,0,0,0,0,0,0,0,0,0,0,0,2,2,2,2,2,2,2,2,1,1,1,1,1,1,1,1,1,1,1,1,2,2,1,1,1,1,0,0,0,0,0,0,0,0,,,,,,,,,,,,,,,,,,,,,,,,,,,,,,,,,,,,,,,,,,,,,,,,
9447,300,9446,9448,,0,0,0,0,0,0,0,0,0,0,0,0,0,0,0,2,2,2,2,2,2,2,2,1,1,1,1,1,1,1,1,1,1,1,1,2,2,1,1,1,1,0,0,0,0,0,0,0,0,,,,,,,,,,,,,,,,,,,,,,,,,,,,,,,,,,,,,,,,,,,,,,,,
9448,300,9447,9294,9449,1,0,0,0,0,0,0,0,0,0,0,0,0,0,0,1,1,2,2,2,2,2,2,1,1,1,1,1,1,1,1,1,1,1,1,2,2,1,1,1,1,0,0,0,0,0,0,0,0,,,,,,,,,,,,,,,,,,,,,,,,,,,,,,,,,,,,,,,,,,,,,,,,
9449,300,9448,9450,,0,0,0,0,0,0,0,0,0,0,0,0,0,0,0,1,1,1,1,1,1,1,1,1,1,1,1,1,1,1,1,1,1,1,1,1,1,1,1,1,1,0,0,0,0,0,0,0,0,,,,,,,,,,,,,,,,,,,,,,,,,,,,,,,,,,,,,,,,,,,,,,,,
9450,300,9449,9445,9457,1,0,0,0,0,0,0,0,0,0,0,0,0,0,0,1,1,1,1,1,1,1,1,1,1,1,1,1,1,1,1,1,1,1,1,1,1,1,1,1,1,0,0,0,0,0,0,0,0,,,,,,,,,,,,,,,,,,,,,,,,,,,,,,,,,,,,,,,,,,,,,,,,
9451,800,9452,9455,,0,0,0,0,0,0,0,0,0,0,0,0,0,0,0,1,1,2,2,1,1,1,1,1,1,1,1,1,1,1,1,1,1,1,1,1,1,1,1,1,1,0,0,0,0,0,0,0,0,,,,,,,,,,,,,,,,,,,,,,,,,,,,,,,,,,,,,,,,,,,,,,,,
9452,300,9445,9451,9453,1,0,0,0,0,0,0,0,0,0,0,0,0,0,0,3,3,3,3,3,3,3,3,3,3,3,3,3,3,3,3,3,3,3,3,3,3,3,3,1,1,1,1,1,1,0,0,0,0,,,,,,,,,,,,,,,,,,,,,,,,,,,,,,,,,,,,,,,,,,,,,,,,
9453,1000,9454,9452,,0,63,63,65,65,46,46,49,49,57,57,62,62,174,174,982,982,1182,1182,1077,1077,1043,1043,955,955,884,884,900,900,934,934,926,926,948,948,1012,1012,944,944,526,526,333,333,221,221,161,161,84,84,,,,,,,,,,,,,,,,,,,,,,,,,,,,,,,,,,,,,,,,,,,,,,,,
9454,3500,9453,9253,9251;9264,2,67,67,70,70,49,49,53,53,62,62,67,67,186,186,910,910,1134,1134,1023,1023,977,977,900,900,812,812,861,861,864,864,851,851,886,886,939,939,854,854,524,524,336,336,227,227,165,165,84,84,,,,,,,,,,,,,,,,,,,,,,,,,,,,,,,,,,,,,,,,,,,,,,,,
9455,800,9451,9456,9257,1,33,33,31,31,22,22,23,23,26,26,31,31,88,88,1055,1055,1119,1119,1058,1058,1080,1080,966,966,980,980,861,861,1008,1008,1021,1021,988,988,1080,1080,1096,1096,421,421,249,249,150,150,110,110,68,68,,,,,,,,,,,,,,,,,,,,,,,,,,,,,,,,,,,,,,,,,,,,,,,,
9456,800,9259,9455,,0,0,0,0,0,0,0,0,0,0,0,0,0,0,0,2,2,2,2,2,2,2,2,1,1,1,1,1,1,1,1,1,1,1,1,2,2,1,1,1,1,0,0,0,0,0,0,0,0,,,,,,,,,,,,,,,,,,,,,,,,,,,,,,,,,,,,,,,,,,,,,,,,
9457,300,9458,9450,,0,0,0,0,0,0,0,0,0,0,0,0,0,0,0,1,1,1,1,1,1,1,1,1,1,1,1,1,1,1,1,1,1,1,1,1,1,1,1,1,1,0,0,0,0,0,0,0,0,,,,,,,,,,,,,,,,,,,,,,,,,,,,,,,,,,,,,,,,,,,,,,,,
9458,300,9457,9274,9284,1,0,0,0,0,0,0,0,0,0,0,0,0,0,0,1,1,1,1,1,1,1,1,1,1,1,1,1,1,1,1,1,1,1,1,1,1,1,1,1,1,0,0,0,0,0,0,0,0,,,,,,,,,,,,,,,,,,,,,,,,,,,,,,,,,,,,,,,,,,,,,,,,
9459,500,9460,9287,,0,63,63,65,65,46,46,49,49,57,57,62,62,174,174,982,982,1182,1182,1077,1077,1043,1043,955,955,884,884,900,900,934,934,926,926,948,948,1012,1012,944,944,526,526,333,333,221,221,161,161,84,84,,,,,,,,,,,,,,,,,,,,,,,,,,,,,,,,,,,,,,,,,,,,,,,,
9460,300,9459,9280,9284,1,0,0,0,0,0,0,0,0,0,0,0,0,0,0,3,3,3,3,3,3,3,3,3,3,3,3,3,3,3,3,3,3,3,3,3,3,3,3,1,1,1,1,1,1,0,0,0,0,,,,,,,,,,,,,,,,,,,,,,,,,,,,,,,,,,,,,,,,,,,,,,,,
9461,300,9464,9462,,0,0,0,0,0,0,0,0,0,0,0,0,0,0,0,2,2,2,2,2,2,2,2,2,2,1,1,1,1,2,2,2,2,2,2,2,2,2,2,1,1,0,0,0,0,0,0,0,0,,,,,,,,,,,,,,,,,,,,,,,,,,,,,,,,,,,,,,,,,,,,,,,,
9462,400,9304,9285,9461,1,0,0,0,0,0,0,0,0,0,0,0,0,0,0,2,2,2,2,2,2,2,2,2,2,2,2,2,2,2,2,2,2,2,2,2,2,2,2,1,1,1,1,0,0,0,0,0,0,,,,,,,,,,,,,,,,,,,,,,,,,,,,,,,,,,,,,,,,,,,,,,,,
9463,1600,9259,9464,,0,0,0,0,0,0,0,0,0,0,0,0,0,0,0,1,1,2,2,2,2,2,2,1,1,1,1,1,1,1,1,1,1,1,1,1,1,1,1,1,1,0,0,0,0,0,0,0,0,,,,,,,,,,,,,,,,,,,,,,,,,,,,,,,,,,,,,,,,,,,,,,,,
9464,300,9470,9461,9463,1,0,0,0,0,0,0,0,0,0,0,0,0,0,0,1,1,1,1,1,1,1,1,1,1,1,1,1,1,1,1,1,1,1,1,1,1,1,1,1,1,0,0,0,0,0,0,0,0,,,,,,,,,,,,,,,,,,,,,,,,,,,,,,,,,,,,,,,,,,,,,,,,
9465,800,9361,9468,,0,0,0,0,0,0,0,0,0,0,0,0,0,0,0,2,2,2,2,2,2,2,2,2,2,2,2,2,2,2,2,2,2,2,2,2,2,2,2,1,1,1,1,0,0,0,0,0,0,,,,,,,,,,,,,,,,,,,,,,,,,,,,,,,,,,,,,,,,,,,,,,,,
9466,800,9347,9313,9312;9467,2,0,0,0,0,0,0,0,0,0,0,0,0,0,0,2,2,2,2,2,2,2,2,2,2,2,2,2,2,2,2,2,2,2,2,2,2,2,2,1,1,0,0,0,0,0,0,0,0,,,,,,,,,,,,,,,,,,,,,,,,,,,,,,,,,,,,,,,,,,,,,,,,
9467,800,9468,9466,,0,0,0,0,0,0,0,0,0,0,0,0,0,0,0,1,1,2,2,1,1,1,1,1,1,1,1,1,1,1,1,1,1,1,1,1,1,1,1,1,1,0,0,0,0,0,0,0,0,,,,,,,,,,,,,,,,,,,,,,,,,,,,,,,,,,,,,,,,,,,,,,,,
9468,300,9364,9467,9465,1,0,0,0,0,0,0,0,0,0,0,0,0,0,0,1,1,2,2,1,1,1,1,1,1,1,1,1,1,1,1,1,1,1,1,1,1,1,1,1,1,0,0,0,0,0,0,0,0,,,,,,,,,,,,,,,,,,,,,,,,,,,,,,,,,,,,,,,,,,,,,,,,
9469,800,9474,9314,9472,1,0,0,0,0,0,0,0,0,0,0,0,0,0,0,2,2,3,3,3,3,3,3,2,2,2,2,2,2,2,2,2,2,2,2,3,3,2,2,1,1,1,1,0,0,0,0,0,0,,,,,,,,,,,,,,,,,,,,,,,,,,,,,,,,,,,,,,,,,,,,,,,,
9470,1200,9471,9464,,0,0,0,0,0,0,0,0,0,0,0,0,0,0,0,1,1,1,1,1,1,1,1,1,1,1,1,1,1,1,1,1,1,1,1,1,1,1,1,1,1,0,0,0,0,0,0,0,0,,,,,,,,,,,,,,,,,,,,,,,,,,,,,,,,,,,,,,,,,,,,,,,,
9471,800,9314,9470,9475,1,0,0,0,0,0,0,0,0,0,0,0,0,0,0,1,1,2,2,2,2,1,1,1,1,1,1,1,1,1,1,1,1,1,1,1,1,1,1,1,1,0,0,0,0,0,0,0,0,,,,,,,,,,,,,,,,,,,,,,,,,,,,,,,,,,,,,,,,,,,,,,,,
9472,1200,9473,9469,,0,0,0,0,0,0,0,0,0,0,0,0,0,0,0,2,2,3,3,3,3,3,3,2,2,2,2,2,2,2,2,2,2,2,2,2,2,2,2,1,1,1,1,0,0,0,0,0,0,,,,,,,,,,,,,,,,,,,,,,,,,,,,,,,,,,,,,,,,,,,,,,,,
9473,800,10281,9290,9472,1,0,0,0,0,0,0,0,0,0,0,0,0,0,0,3,3,3,3,3,3,3,3,3,3,2,2,2,2,3,3,3,3,3,3,3,3,3,3,1,1,1,1,1,1,0,0,0,0,,,,,,,,,,,,,,,,,,,,,,,,,,,,,,,,,,,,,,,,,,,,,,,,
9474,1200,10349,9469,,0,53,53,55,55,38,38,42,42,48,48,53,53,146,146,715,715,891,891,804,804,768,768,707,707,638,638,676,676,679,679,669,669,696,696,738,738,671,671,411,411,264,264,178,178,130,130,66,66,,,,,,,,,,,,,,,,,,,,,,,,,,,,,,,,,,,,,,,,,,,,,,,,
9475,1200,9476,9471,,0,0,0,0,0,0,0,0,0,0,0,0,0,0,0,2,2,2,2,2,2,2,2,2,2,2,2,2,2,2,2,2,2,2,2,2,2,2,2,1,1,1,1,0,0,0,0,0,0,,,,,,,,,,,,,,,,,,,,,,,,,,,,,,,,,,,,,,,,,,,,,,,,
9476,800,9290,9475,9278,1,0,0,0,0,0,0,0,0,0,0,0,0,0,0,3,3,3,3,3,3,3,3,3,3,2,2,2,2,3,3,3,3,3,3,3,3,3,3,1,1,1,1,1,1,0,0,0,0,,,,,,,,,,,,,,,,,,,,,,,,,,,,,,,,,,,,,,,,,,,,,,,,
9477,1650,10351,9478,,0,63,63,65,65,46,46,49,49,57,57,62,62,174,174,982,982,1182,1182,1077,1077,1043,1043,955,955,884,884,900,900,934,934,926,926,948,948,1012,1012,944,944,526,526,333,333,221,221,161,161,84,84,,,,,,,,,,,,,,,,,,,,,,,,,,,,,,,,,,,,,,,,,,,,,,,,
9478,1000,9477,9315,9278,1,63,63,65,65,46,46,49,49,57,57,62,62,174,174,982,982,1182,1182,1077,1077,1043,1043,955,955,884,884,900,900,934,934,926,926,948,948,1012,1012,944,944,526,526,333,333,221,221,161,161,84,84,,,,,,,,,,,,,,,,,,,,,,,,,,,,,,,,,,,,,,,,,,,,,,,,
9479,1200,9315,9480,9252,1,0,0,0,0,0,0,0,0,0,0,0,0,0,0,2,2,2,2,2,2,2,2,2,2,2,2,2,2,2,2,2,2,2,2,2,2,2,2,1,1,1,1,0,0,0,0,0,0,,,,,,,,,,,,,,,,,,,,,,,,,,,,,,,,,,,,,,,,,,,,,,,,
9480,800,9259,9479,,0,0,0,0,0,0,0,0,0,0,0,0,0,0,0,2,2,2,2,2,2,2,2,1,1,1,1,1,1,1,1,1,1,1,1,2,2,1,1,1,1,0,0,0,0,0,0,0,0,,,,,,,,,,,,,,,,,,,,,,,,,,,,,,,,,,,,,,,,,,,,,,,,
9481,2000,,9482,,0,67,67,70,70,49,49,53,53,62,62,67,67,186,186,910,910,1134,1134,1023,1023,977,977,900,900,812,812,861,861,864,864,851,851,886,886,939,939,854,854,524,524,336,336,227,227,165,165,84,84,,,,,,,,,,,,,,,,,,,,,,,,,,,,,,,,,,,,,,,,,,,,,,,,
9482,2000,9481,9194,9190,1,67,67,70,70,49,49,53,53,62,62,67,67,186,186,910,910,1134,1134,1023,1023,977,977,900,900,812,812,861,861,864,864,851,851,886,886,939,939,854,854,524,524,336,336,227,227,165,165,84,84,,,,,,,,,,,,,,,,,,,,,,,,,,,,,,,,,,,,,,,,,,,,,,,,
9483,800,9484,9248,,0,0,0,0,0,0,0,0,0,0,0,0,0,0,0,2,2,2,2,2,2,2,2,2,2,2,2,2,2,2,2,2,2,2,2,2,2,2,2,1,1,1,1,0,0,0,0,0,0,,,,,,,,,,,,,,,,,,,,,,,,,,,,,,,,,,,,,,,,,,,,,,,,
9484,400,9249,9483,9485,1,0,0,0,0,0,0,0,0,0,0,0,0,0,0,2,2,2,2,2,2,2,2,2,2,1,1,1,1,2,2,2,2,2,2,2,2,2,2,1,1,0,0,0,0,0,0,0,0,,,,,,,,,,,,,,,,,,,,,,,,,,,,,,,,,,,,,,,,,,,,,,,,
9485,600,9486,9484,,0,0,0,0,0,0,0,0,0,0,0,0,0,0,0,1,1,1,1,1,1,1,1,1,1,1,1,1,1,1,1,1,1,1,1,1,1,1,1,1,1,0,0,0,0,0,0,0,0,,,,,,,,,,,,,,,,,,,,,,,,,,,,,,,,,,,,,,,,,,,,,,,,
9486,300,9487,9485,9491,1,0,0,0,0,0,0,0,0,0,0,0,0,0,0,1,1,1,1,1,1,1,1,1,1,1,1,1,1,1,1,1,1,1,1,1,1,1,1,0,0,0,0,0,0,0,0,0,0,,,,,,,,,,,,,,,,,,,,,,,,,,,,,,,,,,,,,,,,,,,,,,,,
9487,400,9488,9486,,0,0,0,0,0,0,0,0,0,0,0,0,0,0,0,1,1,1,1,1,1,1,1,1,1,1,1,1,1,1,1,1,1,1,1,1,1,1,1,0,0,0,0,0,0,0,0,0,0,,,,,,,,,,,,,,,,,,,,,,,,,,,,,,,,,,,,,,,,,,,,,,,,
9488,400,9239,9487,9245,1,0,0,0,0,0,0,0,0,0,0,0,0,0,0,1,1,1,1,1,1,1,1,1,1,1,1,1,1,1,1,1,1,1,1,1,1,1,1,0,0,0,0,0,0,0,0,0,0,,,,,,,,,,,,,,,,,,,,,,,,,,,,,,,,,,,,,,,,,,,,,,,,
9489,800,9490,,,0,0,0,0,0,0,0,0,0,0,0,0,0,0,0,0,0,0,0,0,0,0,0,0,0,0,0,0,0,0,0,0,0,0,0,0,0,0,0,0,0,0,0,0,0,0,0,0,0,,,,,,,,,,,,,,,,,,,,,,,,,,,,,,,,,,,,,,,,,,,,,,,,
9490,400,9222,9245,9489,1,0,0,0,0,0,0,0,0,0,0,0,0,0,0,0,0,0,0,0,0,0,0,0,0,0,0,0,0,0,0,0,0,0,0,0,0,0,0,0,0,0,0,0,0,0,0,0,0,,,,,,,,,,,,,,,,,,,,,,,,,,,,,,,,,,,,,,,,,,,,,,,,
9491,1200,9492,9486,,0,0,0,0,0,0,0,0,0,0,0,0,0,0,0,1,1,1,1,1,1,1,1,1,1,1,1,1,1,1,1,1,1,1,1,1,1,1,1,0,0,0,0,0,0,0,0,0,0,,,,,,,,,,,,,,,,,,,,,,,,,,,,,,,,,,,,,,,,,,,,,,,,
9492,1200,9493,9491,9242,1,0,0,0,0,0,0,0,0,0,0,0,0,0,0,1,1,1,1,1,1,1,1,1,1,1,1,1,1,1,1,1,1,1,1,1,1,1,1,0,0,0,0,0,0,0,0,0,0,,,,,,,,,,,,,,,,,,,,,,,,,,,,,,,,,,,,,,,,,,,,,,,,
9493,1200,9494,9492,,0,0,0,0,0,0,0,0,0,0,0,0,0,0,0,1,1,1,1,1,1,1,1,1,1,1,1,1,1,1,1,1,1,1,1,1,1,1,1,0,0,0,0,0,0,0,0,0,0,,,,,,,,,,,,,,,,,,,,,,,,,,,,,,,,,,,,,,,,,,,,,,,,
9494,1200,9493,9495,9238,1,0,0,0,0,0,0,0,0,0,0,0,0,0,0,1,1,1,1,1,1,1,1,1,1,1,1,1,1,1,1,1,1,1,1,1,1,1,1,0,0,0,0,0,0,0,0,0,0,,,,,,,,,,,,,,,,,,,,,,,,,,,,,,,,,,,,,,,,,,,,,,,,
9495,1200,9496,9494,,0,0,0,0,0,0,0,0,0,0,0,0,0,0,0,1,1,1,1,1,1,1,1,1,1,1,1,1,1,1,1,1,1,1,1,1,1,1,1,0,0,0,0,0,0,0,0,0,0,,,,,,,,,,,,,,,,,,,,,,,,,,,,,,,,,,,,,,,,,,,,,,,,
9496,1200,9495,9497,9233,1,0,0,0,0,0,0,0,0,0,0,0,0,0,0,1,1,1,1,1,1,1,1,1,1,1,1,0,0,1,1,1,1,1,1,1,1,1,1,0,0,0,0,0,0,0,0,0,0,,,,,,,,,,,,,,,,,,,,,,,,,,,,,,,,,,,,,,,,,,,,,,,,
9497,1200,9498,9496,,0,0,0,0,0,0,0,0,0,0,0,0,0,0,0,1,1,1,1,1,1,1,1,1,1,1,1,1,1,1,1,1,1,1,1,1,1,1,1,0,0,0,0,0,0,0,0,0,0,,,,,,,,,,,,,,,,,,,,,,,,,,,,,,,,,,,,,,,,,,,,,,,,
9498,400,9232,9497,9228,1,0,0,0,0,0,0,0,0,0,0,0,0,0,0,1,1,1,1,1,1,1,1,1,1,1,1,1,1,1,1,1,1,1,1,1,1,1,1,0,0,0,0,0,0,0,0,0,0,,,,,,,,,,,,,,,,,,,,,,,,,,,,,,,,,,,,,,,,,,,,,,,,
9499,1200,9506,9502,,0,0,0,0,0,0,0,0,0,0,0,0,0,0,0,2,2,2,2,2,2,2,2,1,1,1,1,1,1,1,1,1,1,1,1,2,2,2,2,1,1,0,0,0,0,0,0,0,0,,,,,,,,,,,,,,,,,,,,,,,,,,,,,,,,,,,,,,,,,,,,,,,,
95,1600,81,100,,0,0,0,0,0,0,0,0,0,0,0,0,0,0,0,3,3,4,4,4,4,4,4,3,3,3,3,3,3,3,3,3,3,3,3,4,4,3,3,1,1,0,0,0,0,0,0,0,0,,,,,,,,,,,,,,,,,,,,,,,,,,,,,,,,,,,,,,,,,,,,,,,,
9500,400,9208,9231,9501,1,0,0,0,0,0,0,0,0,0,0,0,0,0,0,1,1,1,1,1,1,1,1,1,1,1,1,1,1,1,1,1,1,1,1,1,1,1,1,0,0,0,0,0,0,0,0,0,0,,,,,,,,,,,,,,,,,,,,,,,,,,,,,,,,,,,,,,,,,,,,,,,,
9501,800,9502,9500,9228,1,0,0,0,0,0,0,0,0,0,0,0,0,0,0,1,1,1,1,1,1,1,1,1,1,1,1,1,1,1,1,1,1,1,1,1,1,1,1,0,0,0,0,0,0,0,0,0,0,,,,,,,,,,,,,,,,,,,,,,,,,,,,,,,,,,,,,,,,,,,,,,,,
9502,300,9501,9216,9499,1,0,0,0,0,0,0,0,0,0,0,0,0,0,0,1,1,1,1,1,1,1,1,1,1,1,1,1,1,1,1,1,1,1,1,1,1,1,1,0,0,0,0,0,0,0,0,0,0,,,,,,,,,,,,,,,,,,,,,,,,,,,,,,,,,,,,,,,,,,,,,,,,
9503,1200,9504,9236,,0,0,0,0,0,0,0,0,0,0,0,0,0,0,0,1,1,2,2,2,2,1,1,1,1,1,1,1,1,1,1,1,1,1,1,1,1,1,1,1,1,0,0,0,0,0,0,0,0,,,,,,,,,,,,,,,,,,,,,,,,,,,,,,,,,,,,,,,,,,,,,,,,
9504,400,9232,9505,9503,1,0,0,0,0,0,0,0,0,0,0,0,0,0,0,2,2,2,2,2,2,2,2,2,2,1,1,1,1,2,2,2,2,2,2,2,2,2,2,1,1,0,0,0,0,0,0,0,0,,,,,,,,,,,,,,,,,,,,,,,,,,,,,,,,,,,,,,,,,,,,,,,,
9505,1200,9506,9504,,0,0,0,0,0,0,0,0,0,0,0,0,0,0,0,2,2,2,2,2,2,2,2,2,2,2,2,2,2,2,2,2,2,2,2,2,2,2,2,1,1,1,1,0,0,0,0,0,0,,,,,,,,,,,,,,,,,,,,,,,,,,,,,,,,,,,,,,,,,,,,,,,,
9506,1200,9277,9507,9499;9505,2,0,0,0,0,0,0,0,0,0,0,0,0,0,0,2,2,3,3,3,3,3,3,2,2,2,2,2,2,2,2,2,2,2,2,3,3,2,2,1,1,1,1,0,0,0,0,0,0,,,,,,,,,,,,,,,,,,,,,,,,,,,,,,,,,,,,,,,,,,,,,,,,
9507,1600,9506,9508,,0,53,53,55,55,38,38,42,42,48,48,53,53,146,146,715,715,891,891,804,804,768,768,707,707,638,638,676,676,679,679,669,669,696,696,738,738,671,671,411,411,264,264,178,178,130,130,66,66,,,,,,,,,,,,,,,,,,,,,,,,,,,,,,,,,,,,,,,,,,,,,,,,
9508,300,9237,9507,9235,1,0,0,0,0,0,0,0,0,0,0,0,0,0,0,2,2,3,3,3,3,2,2,2,2,2,2,2,2,2,2,2,2,2,2,2,2,2,2,1,1,1,1,0,0,0,0,0,0,,,,,,,,,,,,,,,,,,,,,,,,,,,,,,,,,,,,,,,,,,,,,,,,
9509,1600,9510,,,0,0,0,0,0,0,0,0,0,0,0,0,0,0,0,2,2,2,2,2,2,2,2,2,2,2,2,2,2,2,2,2,2,2,2,2,2,2,2,1,1,1,1,0,0,0,0,0,0,,,,,,,,,,,,,,,,,,,,,,,,,,,,,,,,,,,,,,,,,,,,,,,,
9510,500,9250,9509,9268,1,63,63,65,65,46,46,49,49,57,57,62,62,174,174,982,982,1182,1182,1077,1077,1043,1043,955,955,884,884,900,900,934,934,926,926,948,948,1012,1012,944,944,526,526,333,333,221,221,161,161,84,84,,,,,,,,,,,,,,,,,,,,,,,,,,,,,,,,,,,,,,,,,,,,,,,,
9511,3000,9223,9512,,0,63,63,65,65,46,46,49,49,57,57,62,62,174,174,982,982,1182,1182,1077,1077,1043,1043,955,955,884,884,900,900,934,934,926,926,948,948,1012,1012,944,944,526,526,333,333,221,221,161,161,84,84,,,,,,,,,,,,,,,,,,,,,,,,,,,,,,,,,,,,,,,,,,,,,,,,
9512,400,9513,9511,9266,1,0,0,0,0,0,0,0,0,0,0,0,0,0,0,3,3,3,3,3,3,3,3,3,3,2,2,2,2,3,3,3,3,3,3,3,3,3,3,1,1,1,1,1,1,0,0,0,0,,,,,,,,,,,,,,,,,,,,,,,,,,,,,,,,,,,,,,,,,,,,,,,,
9513,800,9514,9512,,0,0,0,0,0,0,0,0,0,0,0,0,0,0,0,1,1,2,2,2,2,2,2,1,1,1,1,1,1,1,1,1,1,1,1,1,1,1,1,1,1,0,0,0,0,0,0,0,0,,,,,,,,,,,,,,,,,,,,,,,,,,,,,,,,,,,,,,,,,,,,,,,,
9514,800,9227,9513,9519,1,0,0,0,0,0,0,0,0,0,0,0,0,0,0,1,1,1,1,1,1,1,1,1,1,1,1,1,1,1,1,1,1,1,1,1,1,1,1,0,0,0,0,0,0,0,0,0,0,,,,,,,,,,,,,,,,,,,,,,,,,,,,,,,,,,,,,,,,,,,,,,,,
9515,800,9518,9532,,0,0,0,0,0,0,0,0,0,0,0,0,0,0,0,0,0,0,0,0,0,0,0,0,0,0,0,0,0,0,0,0,0,0,0,0,0,0,0,0,0,0,0,0,0,0,0,0,0,,,,,,,,,,,,,,,,,,,,,,,,,,,,,,,,,,,,,,,,,,,,,,,,
9516,800,9227,9517,9521,1,0,0,0,0,0,0,0,0,0,0,0,0,0,0,1,1,1,1,1,1,1,1,1,1,1,1,1,1,1,1,1,1,1,1,1,1,1,1,0,0,0,0,0,0,0,0,0,0,,,,,,,,,,,,,,,,,,,,,,,,,,,,,,,,,,,,,,,,,,,,,,,,
9517,600,9518,9516,,0,0,0,0,0,0,0,0,0,0,0,0,0,0,0,1,1,1,1,1,1,1,1,1,1,1,1,1,1,1,1,1,1,1,1,1,1,1,1,0,0,0,0,0,0,0,0,0,0,,,,,,,,,,,,,,,,,,,,,,,,,,,,,,,,,,,,,,,,,,,,,,,,
9518,800,9517,9515,9209,1,0,0,0,0,0,0,0,0,0,0,0,0,0,0,0,0,1,1,1,1,0,0,0,0,0,0,0,0,0,0,0,0,0,0,0,0,0,0,0,0,0,0,0,0,0,0,0,0,,,,,,,,,,,,,,,,,,,,,,,,,,,,,,,,,,,,,,,,,,,,,,,,
9519,800,9514,9520,,0,0,0,0,0,0,0,0,0,0,0,0,0,0,0,1,1,1,1,1,1,1,1,1,1,1,1,1,1,1,1,1,1,1,1,1,1,1,1,1,1,0,0,0,0,0,0,0,0,,,,,,,,,,,,,,,,,,,,,,,,,,,,,,,,,,,,,,,,,,,,,,,,
9520,400,9519,9224,9219,1,0,0,0,0,0,0,0,0,0,0,0,0,0,0,2,2,2,2,2,2,2,2,2,2,2,2,2,2,2,2,2,2,2,2,2,2,2,2,1,1,0,0,0,0,0,0,0,0,,,,,,,,,,,,,,,,,,,,,,,,,,,,,,,,,,,,,,,,,,,,,,,,
9521,800,9516,9522,,0,0,0,0,0,0,0,0,0,0,0,0,0,0,0,1,1,1,1,1,1,1,1,1,1,1,1,1,1,1,1,1,1,1,1,1,1,1,1,0,0,0,0,0,0,0,0,0,0,,,,,,,,,,,,,,,,,,,,,,,,,,,,,,,,,,,,,,,,,,,,,,,,
9522,800,9521,9212,9219,1,0,0,0,0,0,0,0,0,0,0,0,0,0,0,1,1,1,1,1,1,1,1,1,1,1,1,1,1,1,1,1,1,1,1,1,1,1,1,0,0,0,0,0,0,0,0,0,0,,,,,,,,,,,,,,,,,,,,,,,,,,,,,,,,,,,,,,,,,,,,,,,,
9523,2000,9524,9223,,0,63,63,65,65,46,46,49,49,57,57,62,62,174,174,982,982,1182,1182,1077,1077,1043,1043,955,955,884,884,900,900,934,934,926,926,948,948,1012,1012,944,944,526,526,333,333,221,221,161,161,84,84,,,,,,,,,,,,,,,,,,,,,,,,,,,,,,,,,,,,,,,,,,,,,,,,
9524,1200,9523,9224,9525,1,0,0,0,0,0,0,0,0,0,0,0,0,0,0,2,2,3,3,3,3,2,2,2,2,2,2,2,2,2,2,2,2,2,2,2,2,2,2,1,1,1,1,0,0,0,0,0,0,,,,,,,,,,,,,,,,,,,,,,,,,,,,,,,,,,,,,,,,,,,,,,,,
9525,2500,9524,9526,,0,63,63,65,65,46,46,49,49,57,57,62,62,174,174,982,982,1182,1182,1077,1077,1043,1043,955,955,884,884,900,900,934,934,926,926,948,948,1012,1012,944,944,526,526,333,333,221,221,161,161,84,84,,,,,,,,,,,,,,,,,,,,,,,,,,,,,,,,,,,,,,,,,,,,,,,,
9526,1200,9527,9525,9212,1,0,0,0,0,0,0,0,0,0,0,0,0,0,0,1,1,2,2,1,1,1,1,1,1,1,1,1,1,1,1,1,1,1,1,1,1,1,1,1,1,0,0,0,0,0,0,0,0,,,,,,,,,,,,,,,,,,,,,,,,,,,,,,,,,,,,,,,,,,,,,,,,
9527,1200,9528,9526,,0,0,0,0,0,0,0,0,0,0,0,0,0,0,0,1,1,1,1,1,1,1,1,1,1,1,1,1,1,1,1,1,1,1,1,1,1,1,1,0,0,0,0,0,0,0,0,0,0,,,,,,,,,,,,,,,,,,,,,,,,,,,,,,,,,,,,,,,,,,,,,,,,
9528,1200,9527,9529,9209,1,0,0,0,0,0,0,0,0,0,0,0,0,0,0,1,1,1,1,1,1,1,1,1,1,1,1,1,1,1,1,1,1,1,1,1,1,1,1,0,0,0,0,0,0,0,0,0,0,,,,,,,,,,,,,,,,,,,,,,,,,,,,,,,,,,,,,,,,,,,,,,,,
9529,1200,9528,9530,,0,0,0,0,0,0,0,0,0,0,0,0,0,0,0,1,1,1,1,1,1,1,1,1,1,0,0,0,0,1,1,1,1,1,1,1,1,1,1,0,0,0,0,0,0,0,0,0,0,,,,,,,,,,,,,,,,,,,,,,,,,,,,,,,,,,,,,,,,,,,,,,,,
9530,800,9218,9202,9529;9531,2,0,0,0,0,0,0,0,0,0,0,0,0,0,0,0,0,1,1,0,0,0,0,0,0,0,0,0,0,0,0,0,0,0,0,0,0,0,0,0,0,0,0,0,0,0,0,0,0,,,,,,,,,,,,,,,,,,,,,,,,,,,,,,,,,,,,,,,,,,,,,,,,
9531,1200,9530,9532,,0,0,0,0,0,0,0,0,0,0,0,0,0,0,0,0,0,0,0,0,0,0,0,0,0,0,0,0,0,0,0,0,0,0,0,0,0,0,0,0,0,0,0,0,0,0,0,0,0,,,,,,,,,,,,,,,,,,,,,,,,,,,,,,,,,,,,,,,,,,,,,,,,
9532,800,9531,9533,9207;9515,2,0,0,0,0,0,0,0,0,0,0,0,0,0,0,0,0,0,0,0,0,0,0,0,0,0,0,0,0,0,0,0,0,0,0,0,0,0,0,0,0,0,0,0,0,0,0,0,0,,,,,,,,,,,,,,,,,,,,,,,,,,,,,,,,,,,,,,,,,,,,,,,,
9533,1600,9532,9534,,0,0,0,0,0,0,0,0,0,0,0,0,0,0,0,1,1,1,1,1,1,1,1,1,1,1,1,1,1,1,1,1,1,1,1,1,1,1,1,0,0,0,0,0,0,0,0,0,0,,,,,,,,,,,,,,,,,,,,,,,,,,,,,,,,,,,,,,,,,,,,,,,,
9534,1200,9253,9533,9537,1,0,0,0,0,0,0,0,0,0,0,0,0,0,0,1,1,1,1,1,1,1,1,1,1,1,1,1,1,1,1,1,1,1,1,1,1,1,1,1,1,0,0,0,0,0,0,0,0,,,,,,,,,,,,,,,,,,,,,,,,,,,,,,,,,,,,,,,,,,,,,,,,
9535,1200,9196,9536,,0,0,0,0,0,0,0,0,0,0,0,0,0,0,0,2,2,2,2,2,2,2,2,2,2,2,2,2,2,2,2,2,2,2,2,2,2,2,2,1,1,1,1,0,0,0,0,0,0,,,,,,,,,,,,,,,,,,,,,,,,,,,,,,,,,,,,,,,,,,,,,,,,
9536,1200,9535,9218,9583,1,0,0,0,0,0,0,0,0,0,0,0,0,0,0,1,1,1,1,1,1,1,1,1,1,1,1,1,1,1,1,1,1,1,1,1,1,1,1,1,1,0,0,0,0,0,0,0,0,,,,,,,,,,,,,,,,,,,,,,,,,,,,,,,,,,,,,,,,,,,,,,,,
9537,1200,9534,9538,,0,0,0,0,0,0,0,0,0,0,0,0,0,0,0,2,2,2,2,2,2,2,2,2,2,2,2,2,2,2,2,2,2,2,2,2,2,2,2,1,1,1,1,0,0,0,0,0,0,,,,,,,,,,,,,,,,,,,,,,,,,,,,,,,,,,,,,,,,,,,,,,,,
9538,1200,9539,9537,9234,1,0,0,0,0,0,0,0,0,0,0,0,0,0,0,3,3,3,3,3,3,3,3,3,3,3,3,3,3,3,3,3,3,3,3,3,3,3,3,1,1,1,1,1,1,0,0,0,0,,,,,,,,,,,,,,,,,,,,,,,,,,,,,,,,,,,,,,,,,,,,,,,,
9539,1650,9540,9538,,0,63,63,65,65,46,46,49,49,57,57,62,62,174,174,982,982,1182,1182,1077,1077,1043,1043,955,955,884,884,900,900,934,934,926,926,948,948,1012,1012,944,944,526,526,333,333,221,221,161,161,84,84,,,,,,,,,,,,,,,,,,,,,,,,,,,,,,,,,,,,,,,,,,,,,,,,
9540,1650,9229,9539,9541,1,63,63,65,65,46,46,49,49,57,57,62,62,174,174,982,982,1182,1182,1077,1077,1043,1043,955,955,884,884,900,900,934,934,926,926,948,948,1012,1012,944,944,526,526,333,333,221,221,161,161,84,84,,,,,,,,,,,,,,,,,,,,,,,,,,,,,,,,,,,,,,,,,,,,,,,,
9541,1650,9540,9542,,0,63,63,65,65,46,46,49,49,57,57,62,62,174,174,982,982,1182,1182,1077,1077,1043,1043,955,955,884,884,900,900,934,934,926,926,948,948,1012,1012,944,944,526,526,333,333,221,221,161,161,84,84,,,,,,,,,,,,,,,,,,,,,,,,,,,,,,,,,,,,,,,,,,,,,,,,
9542,800,9211,9543,9541,1,0,0,0,0,0,0,0,0,0,0,0,0,0,0,2,2,3,3,3,3,2,2,2,2,2,2,2,2,2,2,2,2,2,2,2,2,2,2,1,1,1,1,0,0,0,0,0,0,,,,,,,,,,,,,,,,,,,,,,,,,,,,,,,,,,,,,,,,,,,,,,,,
9543,1200,9542,9544,,0,0,0,0,0,0,0,0,0,0,0,0,0,0,0,2,2,2,2,2,2,2,2,2,2,2,2,2,2,2,2,2,2,2,2,2,2,2,2,1,1,1,1,0,0,0,0,0,0,,,,,,,,,,,,,,,,,,,,,,,,,,,,,,,,,,,,,,,,,,,,,,,,
9544,800,9226,9543,9213,1,0,0,0,0,0,0,0,0,0,0,0,0,0,0,3,3,3,3,3,3,3,3,3,3,2,2,2,2,2,2,2,2,3,3,3,3,3,3,1,1,1,1,1,1,0,0,0,0,,,,,,,,,,,,,,,,,,,,,,,,,,,,,,,,,,,,,,,,,,,,,,,,
9545,1600,9546,9196,,0,2,2,2,2,2,2,2,2,2,2,2,2,6,6,40,40,47,47,43,43,42,42,39,39,37,37,36,36,38,38,38,38,39,39,41,41,40,40,20,20,13,13,8,8,6,6,3,3,,,,,,,,,,,,,,,,,,,,,,,,,,,,,,,,,,,,,,,,,,,,,,,,
9546,800,9545,9199,9547,1,2,2,2,2,2,2,2,2,2,2,2,2,6,6,40,40,47,47,43,43,42,42,39,39,37,37,36,36,38,38,38,38,39,39,41,41,40,40,20,20,13,13,8,8,6,6,3,3,,,,,,,,,,,,,,,,,,,,,,,,,,,,,,,,,,,,,,,,,,,,,,,,
9547,2000,9546,9548,,0,67,67,70,70,49,49,53,53,62,62,67,67,186,186,910,910,1134,1134,1023,1023,977,977,900,900,812,812,861,861,864,864,851,851,886,886,939,939,854,854,524,524,336,336,227,227,165,165,84,84,,,,,,,,,,,,,,,,,,,,,,,,,,,,,,,,,,,,,,,,,,,,,,,,
9548,1500,9195,9547,9200,1,67,67,70,70,49,49,53,53,62,62,67,67,186,186,910,910,1134,1134,1023,1023,977,977,900,900,812,812,861,861,864,864,851,851,886,886,939,939,854,854,524,524,336,336,227,227,165,165,84,84,,,,,,,,,,,,,,,,,,,,,,,,,,,,,,,,,,,,,,,,,,,,,,,,
9549,4400,9550,9217,,0,63,63,65,65,46,46,49,49,57,57,62,62,174,174,982,982,1182,1182,1077,1077,1043,1043,955,955,884,884,900,900,934,934,926,926,948,948,1012,1012,944,944,526,526,333,333,221,221,161,161,84,84,,,,,,,,,,,,,,,,,,,,,,,,,,,,,,,,,,,,,,,,,,,,,,,,
9550,800,9549,9551,9225,1,0,0,0,0,0,0,0,0,0,0,0,0,0,0,2,2,2,2,2,2,2,2,2,2,2,2,2,2,2,2,2,2,2,2,2,2,2,2,1,1,1,1,0,0,0,0,0,0,,,,,,,,,,,,,,,,,,,,,,,,,,,,,,,,,,,,,,,,,,,,,,,,
9551,800,9550,9552,,0,0,0,0,0,0,0,0,0,0,0,0,0,0,0,2,2,2,2,2,2,2,2,2,2,2,2,2,2,2,2,2,2,2,2,2,2,2,2,1,1,1,1,0,0,0,0,0,0,,,,,,,,,,,,,,,,,,,,,,,,,,,,,,,,,,,,,,,,,,,,,,,,
9552,800,9551,9553,9221,1,0,0,0,0,0,0,0,0,0,0,0,0,0,0,2,2,2,2,2,2,2,2,2,2,2,2,2,2,2,2,2,2,2,2,2,2,2,2,1,1,1,1,0,0,0,0,0,0,,,,,,,,,,,,,,,,,,,,,,,,,,,,,,,,,,,,,,,,,,,,,,,,
9553,800,9554,9552,,0,0,0,0,0,0,0,0,0,0,0,0,0,0,0,2,2,2,2,2,2,2,2,2,2,2,2,2,2,2,2,2,2,2,2,2,2,2,2,1,1,1,1,0,0,0,0,0,0,,,,,,,,,,,,,,,,,,,,,,,,,,,,,,,,,,,,,,,,,,,,,,,,
9554,800,9553,9555,9215,1,0,0,0,0,0,0,0,0,0,0,0,0,0,0,2,2,2,2,2,2,2,2,2,2,2,2,2,2,2,2,2,2,2,2,2,2,2,2,1,1,1,1,0,0,0,0,0,0,,,,,,,,,,,,,,,,,,,,,,,,,,,,,,,,,,,,,,,,,,,,,,,,
9555,800,9554,9556,,0,0,0,0,0,0,0,0,0,0,0,0,0,0,0,2,2,2,2,2,2,2,2,2,2,2,2,2,2,2,2,2,2,2,2,2,2,2,2,1,1,1,1,0,0,0,0,0,0,,,,,,,,,,,,,,,,,,,,,,,,,,,,,,,,,,,,,,,,,,,,,,,,
9556,800,9555,9230,9210,1,0,0,0,0,0,0,0,0,0,0,0,0,0,0,2,2,2,2,2,2,2,2,2,2,2,2,2,2,2,2,2,2,2,2,2,2,2,2,1,1,1,1,0,0,0,0,0,0,,,,,,,,,,,,,,,,,,,,,,,,,,,,,,,,,,,,,,,,,,,,,,,,
9557,1200,9217,9558,,0,0,0,0,0,0,0,0,0,0,0,0,0,0,0,2,2,3,3,3,3,2,2,2,2,2,2,2,2,2,2,2,2,2,2,2,2,2,2,1,1,1,1,0,0,0,0,0,0,,,,,,,,,,,,,,,,,,,,,,,,,,,,,,,,,,,,,,,,,,,,,,,,
9558,800,9559,9557,9225,1,0,0,0,0,0,0,0,0,0,0,0,0,0,0,2,2,2,2,2,2,2,2,2,2,2,2,2,2,2,2,2,2,2,2,2,2,2,2,1,1,1,1,0,0,0,0,0,0,,,,,,,,,,,,,,,,,,,,,,,,,,,,,,,,,,,,,,,,,,,,,,,,
9559,800,9560,9558,,0,0,0,0,0,0,0,0,0,0,0,0,0,0,0,2,2,2,2,2,2,2,2,2,2,2,2,2,2,2,2,2,2,2,2,2,2,2,2,1,1,1,1,0,0,0,0,0,0,,,,,,,,,,,,,,,,,,,,,,,,,,,,,,,,,,,,,,,,,,,,,,,,
9560,800,9559,9561,9221,1,0,0,0,0,0,0,0,0,0,0,0,0,0,0,2,2,3,3,3,3,3,3,2,2,2,2,2,2,2,2,2,2,2,2,2,2,2,2,1,1,1,1,0,0,0,0,0,0,,,,,,,,,,,,,,,,,,,,,,,,,,,,,,,,,,,,,,,,,,,,,,,,
9561,300,9560,9562,,0,0,0,0,0,0,0,0,0,0,0,0,0,0,0,3,3,3,3,3,3,3,3,3,3,2,2,2,2,3,3,3,3,3,3,3,3,3,3,1,1,1,1,1,1,0,0,0,0,,,,,,,,,,,,,,,,,,,,,,,,,,,,,,,,,,,,,,,,,,,,,,,,
9562,800,9563,9561,9205,1,0,0,0,0,0,0,0,0,0,0,0,0,0,0,3,3,3,3,3,3,3,3,3,3,3,3,3,3,3,3,3,3,3,3,3,3,3,3,1,1,1,1,1,1,0,0,0,0,,,,,,,,,,,,,,,,,,,,,,,,,,,,,,,,,,,,,,,,,,,,,,,,
9563,300,9564,9562,,0,0,0,0,0,0,0,0,0,0,0,0,0,0,0,3,3,3,3,3,3,3,3,3,3,2,2,2,2,2,2,2,2,3,3,3,3,3,3,1,1,1,1,1,1,0,0,0,0,,,,,,,,,,,,,,,,,,,,,,,,,,,,,,,,,,,,,,,,,,,,,,,,
9564,800,9565,9563,9215,1,0,0,0,0,0,0,0,0,0,0,0,0,0,0,2,2,3,3,2,2,2,2,2,2,2,2,2,2,2,2,2,2,2,2,2,2,2,2,1,1,1,1,0,0,0,0,0,0,,,,,,,,,,,,,,,,,,,,,,,,,,,,,,,,,,,,,,,,,,,,,,,,
9565,800,9566,9564,,0,0,0,0,0,0,0,0,0,0,0,0,0,0,0,2,2,2,2,2,2,2,2,2,2,2,2,2,2,2,2,2,2,2,2,2,2,2,2,1,1,0,0,0,0,0,0,0,0,,,,,,,,,,,,,,,,,,,,,,,,,,,,,,,,,,,,,,,,,,,,,,,,
9566,800,9565,9214,9210,1,0,0,0,0,0,0,0,0,0,0,0,0,0,0,2,2,2,2,2,2,2,2,2,2,2,2,2,2,2,2,2,2,2,2,2,2,2,2,1,1,1,1,0,0,0,0,0,0,,,,,,,,,,,,,,,,,,,,,,,,,,,,,,,,,,,,,,,,,,,,,,,,
9567,1200,9568,9203,,0,0,0,0,0,0,0,0,0,0,0,0,0,0,0,2,2,2,2,2,2,2,2,2,2,2,2,2,2,2,2,2,2,2,2,2,2,2,2,1,1,0,0,0,0,0,0,0,0,,,,,,,,,,,,,,,,,,,,,,,,,,,,,,,,,,,,,,,,,,,,,,,,
9568,1200,9567,9226,9204,1,0,0,0,0,0,0,0,0,0,0,0,0,0,0,1,1,1,1,1,1,1,1,1,1,1,1,1,1,1,1,1,1,1,1,1,1,1,1,1,1,0,0,0,0,0,0,0,0,,,,,,,,,,,,,,,,,,,,,,,,,,,,,,,,,,,,,,,,,,,,,,,,
9569,800,9203,9570,,0,0,0,0,0,0,0,0,0,0,0,0,0,0,0,3,3,3,3,3,3,3,3,3,3,2,2,2,2,3,3,3,3,3,3,3,3,3,3,1,1,1,1,1,1,0,0,0,0,,,,,,,,,,,,,,,,,,,,,,,,,,,,,,,,,,,,,,,,,,,,,,,,
9570,1000,9200,9569,9198,1,63,63,65,65,46,46,49,49,57,57,62,62,174,174,982,982,1182,1182,1077,1077,1043,1043,955,955,884,884,900,900,934,934,926,926,948,948,1012,1012,944,944,526,526,333,333,221,221,161,161,84,84,,,,,,,,,,,,,,,,,,,,,,,,,,,,,,,,,,,,,,,,,,,,,,,,
9571,1200,,9572,,0,53,53,55,55,38,38,42,42,48,48,53,53,146,146,715,715,891,891,804,804,768,768,707,707,638,638,676,676,679,679,669,669,696,696,738,738,671,671,411,411,264,264,178,178,130,130,66,66,,,,,,,,,,,,,,,,,,,,,,,,,,,,,,,,,,,,,,,,,,,,,,,,
9572,1000,9206,9571,9201,1,63,63,65,65,46,46,49,49,57,57,62,62,174,174,982,982,1182,1182,1077,1077,1043,1043,955,955,884,884,900,900,934,934,926,926,948,948,1012,1012,944,944,526,526,333,333,221,221,161,161,84,84,,,,,,,,,,,,,,,,,,,,,,,,,,,,,,,,,,,,,,,,,,,,,,,,
9573,4400,9574,9576,,0,67,67,70,70,49,49,53,53,62,62,67,67,186,186,910,910,1134,1134,1023,1023,977,977,900,900,812,812,861,861,864,864,851,851,886,886,939,939,854,854,524,524,336,336,227,227,165,165,84,84,,,,,,,,,,,,,,,,,,,,,,,,,,,,,,,,,,,,,,,,,,,,,,,,
9574,1600,9194,9573,9575,1,8,8,8,8,6,6,6,6,7,7,8,8,21,21,104,104,129,129,117,117,111,111,103,103,92,92,98,98,98,98,97,97,101,101,107,107,97,97,60,60,38,38,26,26,19,19,10,10,,,,,,,,,,,,,,,,,,,,,,,,,,,,,,,,,,,,,,,,,,,,,,,,
9575,4400,9576,9574,,0,67,67,70,70,49,49,53,53,62,62,67,67,186,186,910,910,1134,1134,1023,1023,977,977,900,900,812,812,861,861,864,864,851,851,886,886,939,939,854,854,524,524,336,336,227,227,165,165,84,84,,,,,,,,,,,,,,,,,,,,,,,,,,,,,,,,,,,,,,,,,,,,,,,,
9576,2200,9192,9575,9573,1,67,67,70,70,49,49,53,53,62,62,67,67,186,186,910,910,1134,1134,1023,1023,977,977,900,900,812,812,861,861,864,864,851,851,886,886,939,939,854,854,524,524,336,336,227,227,165,165,84,84,,,,,,,,,,,,,,,,,,,,,,,,,,,,,,,,,,,,,,,,,,,,,,,,
9577,800,,9578,,0,0,0,0,0,0,0,0,0,0,0,0,0,1,1,8,8,10,10,9,9,9,9,8,8,8,8,7,7,8,8,8,8,8,8,9,9,8,8,4,4,3,3,2,2,1,1,1,1,,,,,,,,,,,,,,,,,,,,,,,,,,,,,,,,,,,,,,,,,,,,,,,,
9578,800,9579,9577,9187,1,1,1,1,1,0,0,0,0,1,1,1,1,2,2,11,11,13,13,12,12,12,12,11,11,10,10,10,10,11,11,11,11,11,11,12,12,11,11,6,6,4,4,2,2,2,2,1,1,,,,,,,,,,,,,,,,,,,,,,,,,,,,,,,,,,,,,,,,,,,,,,,,
9579,800,9578,9580,,0,1,1,1,1,1,1,1,1,1,1,1,1,3,3,20,20,24,24,22,22,21,21,19,19,18,18,18,18,19,19,19,19,19,19,21,21,20,20,10,10,6,6,4,4,3,3,2,2,,,,,,,,,,,,,,,,,,,,,,,,,,,,,,,,,,,,,,,,,,,,,,,,
9580,800,9581,9579,9189,1,2,2,2,2,1,1,1,1,2,2,2,2,5,5,32,32,37,37,34,34,34,34,31,31,29,29,28,28,30,30,30,30,31,31,33,33,31,31,16,16,10,10,6,6,5,5,3,3,,,,,,,,,,,,,,,,,,,,,,,,,,,,,,,,,,,,,,,,,,,,,,,,
9581,800,9580,9582,,0,33,33,31,31,22,22,23,23,26,26,31,31,88,88,1055,1055,1119,1119,1058,1058,1080,1080,966,966,980,980,861,861,1008,1008,1021,1021,988,988,1080,1080,1096,1096,421,421,249,249,150,150,110,110,68,68,,,,,,,,,,,,,,,,,,,,,,,,,,,,,,,,,,,,,,,,,,,,,,,,
9582,800,9581,9202,9193,1,2,2,2,2,2,2,2,2,2,2,2,2,6,6,40,40,47,47,43,43,42,42,39,39,37,37,36,36,38,38,38,38,39,39,41,41,40,40,20,20,13,13,8,8,6,6,3,3,,,,,,,,,,,,,,,,,,,,,,,,,,,,,,,,,,,,,,,,,,,,,,,,
9583,2500,9536,9584,,0,67,67,70,70,49,49,53,53,62,62,67,67,186,186,910,910,1134,1134,1023,1023,977,977,900,900,812,812,861,861,864,864,851,851,886,886,939,939,854,854,524,524,336,336,227,227,165,165,84,84,,,,,,,,,,,,,,,,,,,,,,,,,,,,,,,,,,,,,,,,,,,,,,,,
9584,1000,9188,9583,9197,1,67,67,70,70,49,49,53,53,62,62,67,67,186,186,910,910,1134,1134,1023,1023,977,977,900,900,812,812,861,861,864,864,851,851,886,886,939,939,854,854,524,524,336,336,227,227,165,165,84,84,,,,,,,,,,,,,,,,,,,,,,,,,,,,,,,,,,,,,,,,,,,,,,,,
9585,1600,6906,9908,6895;9912,2,0,0,0,0,0,0,0,0,0,0,0,0,0,0,1,1,1,1,1,1,1,1,1,1,1,1,1,1,1,1,1,1,1,1,1,1,1,1,0,0,0,0,0,0,0,0,0,0,,,,,,,,,,,,,,,,,,,,,,,,,,,,,,,,,,,,,,,,,,,,,,,,
9586,800,,6913,,0,0,0,0,0,0,0,0,0,0,0,0,0,0,0,3,3,4,4,3,3,3,3,3,3,3,3,3,3,3,3,3,3,3,3,3,3,3,3,2,2,1,1,1,1,0,0,0,0,,,,,,,,,,,,,,,,,,,,,,,,,,,,,,,,,,,,,,,,,,,,,,,,
9587,1200,9937,,,0,0,0,0,0,0,0,0,0,0,0,0,0,1,1,4,4,5,5,5,5,4,4,4,4,4,4,4,4,4,4,4,4,4,4,4,4,4,4,2,2,1,1,1,1,1,1,0,0,,,,,,,,,,,,,,,,,,,,,,,,,,,,,,,,,,,,,,,,,,,,,,,,
9588,800,,6891,,0,0,0,0,0,0,0,0,0,0,0,0,0,1,1,4,4,5,5,5,5,4,4,4,4,4,4,4,4,4,4,4,4,4,4,4,4,4,4,2,2,1,1,1,1,1,1,0,0,,,,,,,,,,,,,,,,,,,,,,,,,,,,,,,,,,,,,,,,,,,,,,,,
9589,2000,6897,9622,6900;9959,2,67,67,70,70,49,49,53,53,62,62,67,67,186,186,910,910,1134,1134,1023,1023,977,977,900,900,812,812,861,861,864,864,851,851,886,886,939,939,854,854,524,524,336,336,227,227,165,165,84,84,,,,,,,,,,,,,,,,,,,,,,,,,,,,,,,,,,,,,,,,,,,,,,,,
9590,1600,9901,9903,,0,0,0,0,0,0,0,0,0,0,0,0,0,0,0,1,1,1,1,1,1,1,1,1,1,1,1,1,1,1,1,1,1,1,1,1,1,1,1,0,0,0,0,0,0,0,0,0,0,,,,,,,,,,,,,,,,,,,,,,,,,,,,,,,,,,,,,,,,,,,,,,,,
9591,1200,9597,6892,,0,0,0,0,0,0,0,0,0,0,0,0,0,0,0,1,1,1,1,1,1,1,1,1,1,0,0,0,0,1,1,1,1,1,1,1,1,1,1,0,0,0,0,0,0,0,0,0,0,,,,,,,,,,,,,,,,,,,,,,,,,,,,,,,,,,,,,,,,,,,,,,,,
9592,1200,9958,,,0,0,0,0,0,0,0,0,0,0,0,0,0,0,0,2,2,2,2,2,2,2,2,2,2,1,1,1,1,2,2,2,2,2,2,2,2,2,2,1,1,0,0,0,0,0,0,0,0,,,,,,,,,,,,,,,,,,,,,,,,,,,,,,,,,,,,,,,,,,,,,,,,
9593,1600,9913,9597,,0,0,0,0,0,0,0,0,0,0,0,0,0,0,0,1,1,1,1,1,1,1,1,1,1,1,1,1,1,1,1,1,1,1,1,1,1,1,1,0,0,0,0,0,0,0,0,0,0,,,,,,,,,,,,,,,,,,,,,,,,,,,,,,,,,,,,,,,,,,,,,,,,
9594,800,,9950,,0,0,0,0,0,0,0,0,0,0,0,0,0,0,0,2,2,2,2,2,2,2,2,1,1,1,1,1,1,1,1,1,1,1,1,2,2,1,1,1,1,0,0,0,0,0,0,0,0,,,,,,,,,,,,,,,,,,,,,,,,,,,,,,,,,,,,,,,,,,,,,,,,
9595,300,,9952,,0,0,0,0,0,0,0,0,0,0,0,0,0,0,0,1,1,1,1,1,1,1,1,1,1,1,1,1,1,1,1,1,1,1,1,1,1,1,1,0,0,0,0,0,0,0,0,0,0,,,,,,,,,,,,,,,,,,,,,,,,,,,,,,,,,,,,,,,,,,,,,,,,
9596,1200,9954,,,0,0,0,0,0,0,0,0,0,0,0,0,0,0,0,2,2,2,2,2,2,2,2,2,2,2,2,2,2,2,2,2,2,2,2,2,2,2,2,1,1,0,0,0,0,0,0,0,0,,,,,,,,,,,,,,,,,,,,,,,,,,,,,,,,,,,,,,,,,,,,,,,,
9597,1600,9635,9591,9593;9610,2,0,0,0,0,0,0,0,0,0,0,0,0,0,0,1,1,1,1,1,1,1,1,1,1,1,1,1,1,1,1,1,1,1,1,1,1,1,1,0,0,0,0,0,0,0,0,0,0,,,,,,,,,,,,,,,,,,,,,,,,,,,,,,,,,,,,,,,,,,,,,,,,
9598,600,,9909,,0,0,0,0,0,0,0,0,0,0,0,0,0,0,0,1,1,2,2,1,1,1,1,1,1,1,1,1,1,1,1,1,1,1,1,1,1,1,1,1,1,0,0,0,0,0,0,0,0,,,,,,,,,,,,,,,,,,,,,,,,,,,,,,,,,,,,,,,,,,,,,,,,
9599,800,9980,9982,,0,0,0,0,0,0,0,0,0,0,0,0,0,0,0,1,1,1,1,1,1,1,1,1,1,1,1,1,1,1,1,1,1,1,1,1,1,1,1,0,0,0,0,0,0,0,0,0,0,,,,,,,,,,,,,,,,,,,,,,,,,,,,,,,,,,,,,,,,,,,,,,,,
96,2500,90,105,,0,27,27,28,28,20,20,21,21,25,25,27,27,74,74,1049,1049,1182,1182,1170,1170,1126,1126,1056,1056,970,970,1022,1022,982,982,1052,1052,1066,1066,1112,1112,1010,1010,210,210,134,134,91,91,66,66,34,34,,,,,,,,,,,,,,,,,,,,,,,,,,,,,,,,,,,,,,,,,,,,,,,,
9600,800,,9913,,0,0,0,0,0,0,0,0,0,0,0,0,0,0,0,1,1,1,1,1,1,1,1,1,1,1,1,1,1,1,1,1,1,1,1,1,1,1,1,1,1,0,0,0,0,0,0,0,0,,,,,,,,,,,,,,,,,,,,,,,,,,,,,,,,,,,,,,,,,,,,,,,,
9601,1200,9933,,,0,0,0,0,0,0,0,0,0,0,0,0,0,0,0,3,3,3,3,3,3,3,3,3,3,3,3,3,3,3,3,3,3,3,3,3,3,3,3,1,1,1,1,1,1,0,0,0,0,,,,,,,,,,,,,,,,,,,,,,,,,,,,,,,,,,,,,,,,,,,,,,,,
9602,800,9982,9978,,0,0,0,0,0,0,0,0,0,0,0,0,0,0,0,2,2,2,2,2,2,2,2,1,1,1,1,1,1,1,1,1,1,1,1,2,2,1,1,1,1,0,0,0,0,0,0,0,0,,,,,,,,,,,,,,,,,,,,,,,,,,,,,,,,,,,,,,,,,,,,,,,,
9603,4400,9607,6881,,0,67,67,70,70,49,49,53,53,62,62,67,67,186,186,910,910,1134,1134,1023,1023,977,977,900,900,812,812,861,861,864,864,851,851,886,886,939,939,854,854,524,524,336,336,227,227,165,165,84,84,,,,,,,,,,,,,,,,,,,,,,,,,,,,,,,,,,,,,,,,,,,,,,,,
9604,800,,9960,,0,0,0,0,0,0,0,0,0,0,0,0,0,0,0,2,2,2,2,2,2,2,2,2,2,2,2,2,2,2,2,2,2,2,2,2,2,2,2,1,1,0,0,0,0,0,0,0,0,,,,,,,,,,,,,,,,,,,,,,,,,,,,,,,,,,,,,,,,,,,,,,,,
9605,600,9948,,,0,0,0,0,0,0,0,0,0,0,0,0,0,0,0,2,2,2,2,2,2,2,2,2,2,2,2,2,2,2,2,2,2,2,2,2,2,2,2,1,1,0,0,0,0,0,0,0,0,,,,,,,,,,,,,,,,,,,,,,,,,,,,,,,,,,,,,,,,,,,,,,,,
9606,1200,9952,6912,,0,53,53,55,55,38,38,42,42,48,48,53,53,146,146,715,715,891,891,804,804,768,768,707,707,638,638,676,676,679,679,669,669,696,696,738,738,671,671,411,411,264,264,178,178,130,130,66,66,,,,,,,,,,,,,,,,,,,,,,,,,,,,,,,,,,,,,,,,,,,,,,,,
9607,1500,9621,9934,9603;9673,2,67,67,70,70,49,49,53,53,62,62,67,67,186,186,910,910,1134,1134,1023,1023,977,977,900,900,812,812,861,861,864,864,851,851,886,886,939,939,854,854,524,524,336,336,227,227,165,165,84,84,,,,,,,,,,,,,,,,,,,,,,,,,,,,,,,,,,,,,,,,,,,,,,,,
9608,800,9613,9901,,0,0,0,0,0,0,0,0,0,0,0,0,0,0,0,1,1,1,1,1,1,1,1,1,1,1,1,1,1,1,1,1,1,1,1,1,1,1,1,1,1,0,0,0,0,0,0,0,0,,,,,,,,,,,,,,,,,,,,,,,,,,,,,,,,,,,,,,,,,,,,,,,,
9609,800,9976,9980,,0,0,0,0,0,0,0,0,0,0,0,0,0,0,0,1,1,1,1,1,1,1,1,1,1,1,1,1,1,1,1,1,1,1,1,1,1,1,1,0,0,0,0,0,0,0,0,0,0,,,,,,,,,,,,,,,,,,,,,,,,,,,,,,,,,,,,,,,,,,,,,,,,
9610,1600,9613,9597,,0,0,0,0,0,0,0,0,0,0,0,0,0,0,0,1,1,1,1,1,1,1,1,1,1,1,1,1,1,1,1,1,1,1,1,1,1,1,1,1,1,0,0,0,0,0,0,0,0,,,,,,,,,,,,,,,,,,,,,,,,,,,,,,,,,,,,,,,,,,,,,,,,
9611,4400,9958,9960,,0,67,67,70,70,49,49,53,53,62,62,67,67,186,186,910,910,1134,1134,1023,1023,977,977,900,900,812,812,861,861,864,864,851,851,886,886,939,939,854,854,524,524,336,336,227,227,165,165,84,84,,,,,,,,,,,,,,,,,,,,,,,,,,,,,,,,,,,,,,,,,,,,,,,,
9612,1200,9945,9947,9953;9644,2,0,0,0,0,0,0,0,0,0,0,0,0,0,0,2,2,2,2,2,2,2,2,2,2,2,2,2,2,2,2,2,2,2,2,2,2,2,2,1,1,0,0,0,0,0,0,0,0,,,,,,,,,,,,,,,,,,,,,,,,,,,,,,,,,,,,,,,,,,,,,,,,
9613,1600,9608,9653,9610;9619,2,0,0,0,0,0,0,0,0,0,0,0,0,0,0,2,2,2,2,2,2,2,2,2,2,2,2,2,2,2,2,2,2,2,2,2,2,2,2,1,1,1,1,0,0,0,0,0,0,,,,,,,,,,,,,,,,,,,,,,,,,,,,,,,,,,,,,,,,,,,,,,,,
9614,1200,,9974,,0,0,0,0,0,0,0,0,0,0,0,0,0,0,0,1,1,1,1,1,1,1,1,1,1,1,1,1,1,1,1,1,1,1,1,1,1,1,1,1,1,0,0,0,0,0,0,0,0,,,,,,,,,,,,,,,,,,,,,,,,,,,,,,,,,,,,,,,,,,,,,,,,
9615,1200,9907,,,0,0,0,0,0,0,0,0,0,0,0,0,0,0,0,2,2,2,2,2,2,2,2,2,2,1,1,1,1,2,2,2,2,2,2,2,2,2,2,1,1,1,1,0,0,0,0,0,0,,,,,,,,,,,,,,,,,,,,,,,,,,,,,,,,,,,,,,,,,,,,,,,,
9616,600,9946,,,0,0,0,0,0,0,0,0,0,0,0,0,0,0,0,2,2,3,3,2,2,2,2,2,2,2,2,2,2,2,2,2,2,2,2,2,2,2,2,1,1,1,1,0,0,0,0,0,0,,,,,,,,,,,,,,,,,,,,,,,,,,,,,,,,,,,,,,,,,,,,,,,,
9617,1200,9956,,,0,0,0,0,0,0,0,0,0,0,0,0,0,0,0,2,2,2,2,2,2,2,2,2,2,1,1,1,1,2,2,2,2,2,2,2,2,2,2,1,1,0,0,0,0,0,0,0,0,,,,,,,,,,,,,,,,,,,,,,,,,,,,,,,,,,,,,,,,,,,,,,,,
9618,1200,9623,9909,,0,0,0,0,0,0,0,0,0,0,0,0,0,0,0,2,2,2,2,2,2,2,2,2,2,2,2,1,1,2,2,2,2,2,2,2,2,2,2,1,1,1,1,0,0,0,0,0,0,,,,,,,,,,,,,,,,,,,,,,,,,,,,,,,,,,,,,,,,,,,,,,,,
9619,1200,9898,9613,,0,0,0,0,0,0,0,0,0,0,0,0,0,0,0,2,2,2,2,2,2,2,2,2,2,2,2,2,2,2,2,2,2,2,2,2,2,2,2,1,1,1,1,0,0,0,0,0,0,,,,,,,,,,,,,,,,,,,,,,,,,,,,,,,,,,,,,,,,,,,,,,,,
9620,800,,9944,,0,0,0,0,0,0,0,0,0,0,0,0,0,0,0,2,2,2,2,2,2,2,2,2,2,2,2,2,2,2,2,2,2,2,2,2,2,2,2,1,1,1,1,0,0,0,0,0,0,,,,,,,,,,,,,,,,,,,,,,,,,,,,,,,,,,,,,,,,,,,,,,,,
9621,2000,9915,9607,,0,67,67,70,70,49,49,53,53,62,62,67,67,186,186,910,910,1134,1134,1023,1023,977,977,900,900,812,812,861,861,864,864,851,851,886,886,939,939,854,854,524,524,336,336,227,227,165,165,84,84,,,,,,,,,,,,,,,,,,,,,,,,,,,,,,,,,,,,,,,,,,,,,,,,
9622,2500,9589,9625,,0,67,67,70,70,49,49,53,53,62,62,67,67,186,186,910,910,1134,1134,1023,1023,977,977,900,900,812,812,861,861,864,864,851,851,886,886,939,939,854,854,524,524,336,336,227,227,165,165,84,84,,,,,,,,,,,,,,,,,,,,,,,,,,,,,,,,,,,,,,,,,,,,,,,,
9623,1200,9650,9618,9914;9639,2,0,0,0,0,0,0,0,0,0,0,0,0,0,0,2,2,2,2,2,2,2,2,2,2,2,2,2,2,2,2,2,2,2,2,2,2,2,2,1,1,1,1,0,0,0,0,0,0,,,,,,,,,,,,,,,,,,,,,,,,,,,,,,,,,,,,,,,,,,,,,,,,
9624,1200,9988,9978,,0,0,0,0,0,0,0,0,0,0,0,0,0,0,0,2,2,3,3,2,2,2,2,2,2,2,2,2,2,2,2,2,2,2,2,2,2,2,2,1,1,1,1,0,0,0,0,0,0,,,,,,,,,,,,,,,,,,,,,,,,,,,,,,,,,,,,,,,,,,,,,,,,
9625,800,9973,9638,9622;9665,2,0,0,0,0,0,0,0,0,0,0,0,0,0,0,2,2,2,2,2,2,2,2,2,2,1,1,1,1,2,2,2,2,2,2,2,2,2,2,1,1,0,0,0,0,0,0,0,0,,,,,,,,,,,,,,,,,,,,,,,,,,,,,,,,,,,,,,,,,,,,,,,,
9626,1200,,9929,,0,0,0,0,0,0,0,0,0,0,0,0,0,0,0,3,3,4,4,3,3,3,3,3,3,3,3,3,3,3,3,3,3,3,3,3,3,3,3,2,2,1,1,1,1,0,0,0,0,,,,,,,,,,,,,,,,,,,,,,,,,,,,,,,,,,,,,,,,,,,,,,,,
9627,800,,9942,,0,0,0,0,0,0,0,0,0,0,0,0,0,0,0,2,2,2,2,2,2,2,2,2,2,2,2,2,2,2,2,2,2,2,2,2,2,2,2,1,1,0,0,0,0,0,0,0,0,,,,,,,,,,,,,,,,,,,,,,,,,,,,,,,,,,,,,,,,,,,,,,,,
9628,300,,9925,,0,0,0,0,0,0,0,0,0,0,0,0,0,0,0,3,3,3,3,3,3,3,3,3,3,3,3,3,3,3,3,3,3,3,3,3,3,3,3,1,1,1,1,1,1,0,0,0,0,,,,,,,,,,,,,,,,,,,,,,,,,,,,,,,,,,,,,,,,,,,,,,,,
9629,3000,9638,,,0,67,67,70,70,49,49,53,53,62,62,67,67,186,186,910,910,1134,1134,1023,1023,977,977,900,900,812,812,861,861,864,864,851,851,886,886,939,939,854,854,524,524,336,336,227,227,165,165,84,84,,,,,,,,,,,,,,,,,,,,,,,,,,,,,,,,,,,,,,,,,,,,,,,,
9630,300,9905,,,0,0,0,0,0,0,0,0,0,0,0,0,0,0,0,2,2,2,2,2,2,2,2,2,2,2,2,2,2,2,2,2,2,2,2,2,2,2,2,1,1,1,1,0,0,0,0,0,0,,,,,,,,,,,,,,,,,,,,,,,,,,,,,,,,,,,,,,,,,,,,,,,,
9631,800,9984,,,0,0,0,0,0,0,0,0,0,0,0,0,0,0,0,2,2,2,2,2,2,2,2,2,2,2,2,2,2,2,2,2,2,2,2,2,2,2,2,1,1,0,0,0,0,0,0,0,0,,,,,,,,,,,,,,,,,,,,,,,,,,,,,,,,,,,,,,,,,,,,,,,,
9632,1200,9936,9933,,0,0,0,0,0,0,0,0,0,0,0,0,0,0,0,3,3,3,3,3,3,3,3,3,3,3,3,3,3,3,3,3,3,3,3,3,3,3,3,1,1,1,1,1,1,0,0,0,0,,,,,,,,,,,,,,,,,,,,,,,,,,,,,,,,,,,,,,,,,,,,,,,,
9633,1200,9923,9925,,0,0,0,0,0,0,0,0,0,0,0,0,0,0,0,2,2,2,2,2,2,2,2,2,2,2,2,2,2,2,2,2,2,2,2,2,2,2,2,1,1,1,1,0,0,0,0,0,0,,,,,,,,,,,,,,,,,,,,,,,,,,,,,,,,,,,,,,,,,,,,,,,,
9634,1200,,9927,,0,0,0,0,0,0,0,0,0,0,0,0,0,0,0,2,2,2,2,2,2,2,2,2,2,2,2,2,2,2,2,2,2,2,2,2,2,2,2,1,1,1,1,0,0,0,0,0,0,,,,,,,,,,,,,,,,,,,,,,,,,,,,,,,,,,,,,,,,,,,,,,,,
9635,1600,9597,9907,,0,0,0,0,0,0,0,0,0,0,0,0,0,0,0,1,1,1,1,1,1,1,1,1,1,1,1,1,1,1,1,1,1,1,1,1,1,1,1,1,1,0,0,0,0,0,0,0,0,,,,,,,,,,,,,,,,,,,,,,,,,,,,,,,,,,,,,,,,,,,,,,,,
9636,800,,9640,,0,0,0,0,0,0,0,0,0,0,0,0,0,0,0,2,2,2,2,2,2,2,2,2,2,1,1,1,1,1,1,2,2,2,2,2,2,2,2,1,1,0,0,0,0,0,0,0,0,,,,,,,,,,,,,,,,,,,,,,,,,,,,,,,,,,,,,,,,,,,,,,,,
9637,1600,9972,9986,,0,0,0,0,0,0,0,0,0,0,0,0,0,0,0,1,1,1,1,1,1,1,1,1,1,1,1,1,1,1,1,1,1,1,1,1,1,1,1,0,0,0,0,0,0,0,0,0,0,,,,,,,,,,,,,,,,,,,,,,,,,,,,,,,,,,,,,,,,,,,,,,,,
9638,1600,9640,9625,9629;9643,2,53,53,55,55,38,38,42,42,48,48,53,53,146,146,715,715,891,891,804,804,768,768,707,707,638,638,676,676,679,679,669,669,696,696,738,738,671,671,411,411,264,264,178,178,130,130,66,66,,,,,,,,,,,,,,,,,,,,,,,,,,,,,,,,,,,,,,,,,,,,,,,,
9639,2000,9623,9641,,0,67,67,70,70,49,49,53,53,62,62,67,67,186,186,910,910,1134,1134,1023,1023,977,977,900,900,812,812,861,861,864,864,851,851,886,886,939,939,854,854,524,524,336,336,227,227,165,165,84,84,,,,,,,,,,,,,,,,,,,,,,,,,,,,,,,,,,,,,,,,,,,,,,,,
9640,300,9636,9638,9961;9652,2,0,0,0,0,0,0,0,0,0,0,0,0,0,0,2,2,2,2,2,2,2,2,1,1,1,1,1,1,1,1,1,1,1,1,2,2,1,1,1,1,0,0,0,0,0,0,0,0,,,,,,,,,,,,,,,,,,,,,,,,,,,,,,,,,,,,,,,,,,,,,,,,
9641,800,9658,9666,9639;9904,2,0,0,0,0,0,0,0,0,0,0,0,0,0,0,2,2,2,2,2,2,2,2,2,2,2,2,2,2,2,2,2,2,2,2,2,2,2,2,1,1,1,1,0,0,0,0,0,0,,,,,,,,,,,,,,,,,,,,,,,,,,,,,,,,,,,,,,,,,,,,,,,,
9642,800,9964,,,0,0,0,0,0,0,0,0,0,0,0,0,0,0,0,1,1,1,1,1,1,1,1,1,1,1,1,1,1,1,1,1,1,1,1,1,1,1,1,0,0,0,0,0,0,0,0,0,0,,,,,,,,,,,,,,,,,,,,,,,,,,,,,,,,,,,,,,,,,,,,,,,,
9643,800,,9638,,0,0,0,0,0,0,0,0,0,0,0,0,0,0,0,2,2,2,2,2,2,2,2,2,2,2,2,2,2,2,2,2,2,2,2,2,2,2,2,1,1,0,0,0,0,0,0,0,0,,,,,,,,,,,,,,,,,,,,,,,,,,,,,,,,,,,,,,,,,,,,,,,,
9644,4000,9944,9612,,0,67,67,70,70,49,49,53,53,62,62,67,67,186,186,910,910,1134,1134,1023,1023,977,977,900,900,812,812,861,861,864,864,851,851,886,886,939,939,854,854,524,524,336,336,227,227,165,165,84,84,,,,,,,,,,,,,,,,,,,,,,,,,,,,,,,,,,,,,,,,,,,,,,,,
9645,1500,9926,9686,9941;9668,2,67,67,70,70,49,49,53,53,62,62,67,67,186,186,910,910,1134,1134,1023,1023,977,977,900,900,812,812,861,861,864,864,851,851,886,886,939,939,854,854,524,524,336,336,227,227,165,165,84,84,,,,,,,,,,,,,,,,,,,,,,,,,,,,,,,,,,,,,,,,,,,,,,,,
9646,800,,9919,,0,53,53,55,55,38,38,42,42,48,48,53,53,146,146,715,715,891,891,804,804,768,768,707,707,638,638,676,676,679,679,669,669,696,696,738,738,671,671,411,411,264,264,178,178,130,130,66,66,,,,,,,,,,,,,,,,,,,,,,,,,,,,,,,,,,,,,,,,,,,,,,,,
9647,800,,9968,,0,0,0,0,0,0,0,0,0,0,0,0,0,0,0,1,1,1,1,1,1,1,1,1,1,1,1,1,1,1,1,1,1,1,1,1,1,1,1,0,0,0,0,0,0,0,0,0,0,,,,,,,,,,,,,,,,,,,,,,,,,,,,,,,,,,,,,,,,,,,,,,,,
9648,1200,9915,10121,,0,0,0,0,0,0,0,0,0,0,0,0,0,0,0,2,2,2,2,2,2,2,2,2,2,2,2,2,2,2,2,2,2,2,2,2,2,2,2,1,1,1,1,0,0,0,0,0,0,,,,,,,,,,,,,,,,,,,,,,,,,,,,,,,,,,,,,,,,,,,,,,,,
9649,1200,9946,9654,,0,0,0,0,0,0,0,0,0,0,0,0,0,0,0,1,1,2,2,2,2,2,2,1,1,1,1,1,1,1,1,1,1,1,1,2,2,1,1,1,1,0,0,0,0,0,0,0,0,,,,,,,,,,,,,,,,,,,,,,,,,,,,,,,,,,,,,,,,,,,,,,,,
9650,1600,9623,9657,,0,0,0,0,0,0,0,0,0,0,0,0,0,0,0,1,1,2,2,2,2,2,2,1,1,1,1,1,1,1,1,1,1,1,1,2,2,1,1,1,1,0,0,0,0,0,0,0,0,,,,,,,,,,,,,,,,,,,,,,,,,,,,,,,,,,,,,,,,,,,,,,,,
9651,1200,9962,9654,,0,0,0,0,0,0,0,0,0,0,0,0,0,0,0,1,1,1,1,1,1,1,1,1,1,1,1,1,1,1,1,1,1,1,1,1,1,1,1,0,0,0,0,0,0,0,0,0,0,,,,,,,,,,,,,,,,,,,,,,,,,,,,,,,,,,,,,,,,,,,,,,,,
9652,800,,9640,,0,33,33,31,31,22,22,23,23,26,26,31,31,88,88,1055,1055,1119,1119,1058,1058,1080,1080,966,966,980,980,861,861,1008,1008,1021,1021,988,988,1080,1080,1096,1096,421,421,249,249,150,150,110,110,68,68,,,,,,,,,,,,,,,,,,,,,,,,,,,,,,,,,,,,,,,,,,,,,,,,
9653,1600,9659,9613,,0,0,0,0,0,0,0,0,0,0,0,0,0,0,0,2,2,3,3,2,2,2,2,2,2,2,2,2,2,2,2,2,2,2,2,2,2,2,2,1,1,1,1,0,0,0,0,0,0,,,,,,,,,,,,,,,,,,,,,,,,,,,,,,,,,,,,,,,,,,,,,,,,
9654,800,9651,9680,9649;9672,2,0,0,0,0,0,0,0,0,0,0,0,0,0,0,1,1,1,1,1,1,1,1,1,1,1,1,1,1,1,1,1,1,1,1,1,1,1,1,1,1,0,0,0,0,0,0,0,0,,,,,,,,,,,,,,,,,,,,,,,,,,,,,,,,,,,,,,,,,,,,,,,,
9655,1200,,9966,,0,0,0,0,0,0,0,0,0,0,0,0,0,0,0,1,1,1,1,1,1,1,1,1,1,1,1,1,1,1,1,1,1,1,1,1,1,1,1,0,0,0,0,0,0,0,0,0,0,,,,,,,,,,,,,,,,,,,,,,,,,,,,,,,,,,,,,,,,,,,,,,,,
9656,600,10123,10121,,0,0,0,0,0,0,0,0,0,0,0,0,0,0,0,3,3,3,3,3,3,3,3,3,3,3,3,3,3,3,3,3,3,3,3,3,3,3,3,1,1,1,1,1,1,0,0,0,0,,,,,,,,,,,,,,,,,,,,,,,,,,,,,,,,,,,,,,,,,,,,,,,,
9657,800,10120,9669,9650;9701,2,0,0,0,0,0,0,0,0,0,0,0,0,0,0,1,1,1,1,1,1,1,1,1,1,1,1,1,1,1,1,1,1,1,1,1,1,1,1,1,1,0,0,0,0,0,0,0,0,,,,,,,,,,,,,,,,,,,,,,,,,,,,,,,,,,,,,,,,,,,,,,,,
9658,2500,9641,9659,,0,67,67,70,70,49,49,53,53,62,62,67,67,186,186,910,910,1134,1134,1023,1023,977,977,900,900,812,812,861,861,864,864,851,851,886,886,939,939,854,854,524,524,336,336,227,227,165,165,84,84,,,,,,,,,,,,,,,,,,,,,,,,,,,,,,,,,,,,,,,,,,,,,,,,
9659,800,9653,9687,9658;9664,2,0,0,0,0,0,0,0,0,0,0,0,0,0,0,2,2,3,3,3,3,2,2,2,2,2,2,2,2,2,2,2,2,2,2,2,2,2,2,1,1,1,1,0,0,0,0,0,0,,,,,,,,,,,,,,,,,,,,,,,,,,,,,,,,,,,,,,,,,,,,,,,,
9660,800,,9911,,0,0,0,0,0,0,0,0,0,0,0,0,0,0,0,2,2,2,2,2,2,2,2,2,2,1,1,1,1,2,2,2,2,2,2,2,2,2,2,1,1,1,1,0,0,0,0,0,0,,,,,,,,,,,,,,,,,,,,,,,,,,,,,,,,,,,,,,,,,,,,,,,,
9661,800,9970,,,0,0,0,0,0,0,0,0,0,0,0,0,0,0,0,1,1,1,1,1,1,1,1,1,1,1,1,1,1,1,1,1,1,1,1,1,1,1,1,0,0,0,0,0,0,0,0,0,0,,,,,,,,,,,,,,,,,,,,,,,,,,,,,,,,,,,,,,,,,,,,,,,,
9662,1200,,9962,,0,0,0,0,0,0,0,0,0,0,0,0,0,0,0,1,1,1,1,1,1,1,1,1,1,1,1,1,1,1,1,1,1,1,1,1,1,1,1,0,0,0,0,0,0,0,0,0,0,,,,,,,,,,,,,,,,,,,,,,,,,,,,,,,,,,,,,,,,,,,,,,,,
9663,4400,9680,,10167;10166;10165,3,67,67,70,70,49,49,53,53,62,62,67,67,186,186,910,910,1134,1134,1023,1023,977,977,900,900,812,812,861,861,864,864,851,851,886,886,939,939,854,854,524,524,336,336,227,227,165,165,84,84,,,,,,,,,,,,,,,,,,,,,,,,,,,,,,,,,,,,,,,,,,,,,,,,
9664,1600,9659,9791,10089,1,0,0,0,0,0,0,0,0,0,0,0,0,0,0,3,3,4,4,3,3,3,3,3,3,3,3,3,3,3,3,3,3,3,3,3,3,3,3,2,2,1,1,1,1,0,0,0,0,,,,,,,,,,,,,,,,,,,,,,,,,,,,,,,,,,,,,,,,,,,,,,,,
9665,1200,9625,9972,,0,0,0,0,0,0,0,0,0,0,0,0,0,0,0,1,1,1,1,1,1,1,1,1,1,1,1,1,1,1,1,1,1,1,1,1,1,1,1,0,0,0,0,0,0,0,0,0,0,,,,,,,,,,,,,,,,,,,,,,,,,,,,,,,,,,,,,,,,,,,,,,,,
9666,800,9911,9641,,0,0,0,0,0,0,0,0,0,0,0,0,0,0,0,2,2,2,2,2,2,2,2,2,2,2,2,2,2,2,2,2,2,2,2,2,2,2,2,1,1,1,1,0,0,0,0,0,0,,,,,,,,,,,,,,,,,,,,,,,,,,,,,,,,,,,,,,,,,,,,,,,,
9667,1600,9968,9990,,0,0,0,0,0,0,0,0,0,0,0,0,0,0,0,2,2,2,2,2,2,2,2,2,2,2,2,2,2,2,2,2,2,2,2,2,2,2,2,1,1,0,0,0,0,0,0,0,0,,,,,,,,,,,,,,,,,,,,,,,,,,,,,,,,,,,,,,,,,,,,,,,,
9668,4000,9919,9645,,0,67,67,70,70,49,49,53,53,62,62,67,67,186,186,910,910,1134,1134,1023,1023,977,977,900,900,812,812,861,861,864,864,851,851,886,886,939,939,854,854,524,524,336,336,227,227,165,165,84,84,,,,,,,,,,,,,,,,,,,,,,,,,,,,,,,,,,,,,,,,,,,,,,,,
9669,1600,9657,9670,,0,0,0,0,0,0,0,0,0,0,0,0,0,0,0,1,1,2,2,2,2,2,2,1,1,1,1,1,1,1,1,1,1,1,1,1,1,1,1,1,1,0,0,0,0,0,0,0,0,,,,,,,,,,,,,,,,,,,,,,,,,,,,,,,,,,,,,,,,,,,,,,,,
9670,600,9669,9690,9910;9695,2,0,0,0,0,0,0,0,0,0,0,0,0,0,0,1,1,1,1,1,1,1,1,1,1,1,1,1,1,1,1,1,1,1,1,1,1,1,1,1,1,0,0,0,0,0,0,0,0,,,,,,,,,,,,,,,,,,,,,,,,,,,,,,,,,,,,,,,,,,,,,,,,
9671,1200,9965,9703,9969;9747,2,0,0,0,0,0,0,0,0,0,0,0,0,0,0,0,0,1,1,0,0,0,0,0,0,0,0,0,0,0,0,0,0,0,0,0,0,0,0,0,0,0,0,0,0,0,0,0,0,,,,,,,,,,,,,,,,,,,,,,,,,,,,,,,,,,,,,,,,,,,,,,,,
9672,1200,9654,9677,,0,0,0,0,0,0,0,0,0,0,0,0,0,0,0,1,1,1,1,1,1,1,1,1,1,1,1,1,1,1,1,1,1,1,1,1,1,1,1,0,0,0,0,0,0,0,0,0,0,,,,,,,,,,,,,,,,,,,,,,,,,,,,,,,,,,,,,,,,,,,,,,,,
9673,4400,9607,9923,,0,67,67,70,70,49,49,53,53,62,62,67,67,186,186,910,910,1134,1134,1023,1023,977,977,900,900,812,812,861,861,864,864,851,851,886,886,939,939,854,854,524,524,336,336,227,227,165,165,84,84,,,,,,,,,,,,,,,,,,,,,,,,,,,,,,,,,,,,,,,,,,,,,,,,
9674,300,,9677,,0,0,0,0,0,0,0,0,0,0,0,0,0,0,0,1,1,1,1,1,1,1,1,1,1,1,1,1,1,1,1,1,1,1,1,1,1,1,1,0,0,0,0,0,0,0,0,0,0,,,,,,,,,,,,,,,,,,,,,,,,,,,,,,,,,,,,,,,,,,,,,,,,
9675,4400,10142,10124,9920;10128,2,67,67,70,70,49,49,53,53,62,62,67,67,186,186,910,910,1134,1134,1023,1023,977,977,900,900,812,812,861,861,864,864,851,851,886,886,939,939,854,854,524,524,336,336,227,227,165,165,84,84,,,,,,,,,,,,,,,,,,,,,,,,,,,,,,,,,,,,,,,,,,,,,,,,
9676,1200,9681,,,0,0,0,0,0,0,0,0,0,0,0,0,0,0,0,1,1,2,2,1,1,1,1,1,1,1,1,1,1,1,1,1,1,1,1,1,1,1,1,1,1,0,0,0,0,0,0,0,0,,,,,,,,,,,,,,,,,,,,,,,,,,,,,,,,,,,,,,,,,,,,,,,,
9677,800,9682,9700,9672;9674,2,0,0,0,0,0,0,0,0,0,0,0,0,0,0,1,1,1,1,1,1,1,1,1,1,1,1,1,1,1,1,1,1,1,1,1,1,1,1,0,0,0,0,0,0,0,0,0,0,,,,,,,,,,,,,,,,,,,,,,,,,,,,,,,,,,,,,,,,,,,,,,,,
9678,1200,10097,,,0,0,0,0,0,0,0,0,0,0,0,0,0,0,0,2,2,2,2,2,2,2,2,2,2,2,2,2,2,2,2,2,2,2,2,2,2,2,2,1,1,1,1,0,0,0,0,0,0,,,,,,,,,,,,,,,,,,,,,,,,,,,,,,,,,,,,,,,,,,,,,,,,
9679,300,10143,10145,,0,0,0,0,0,0,0,0,0,0,0,0,0,0,0,3,3,3,3,3,3,3,3,3,3,3,3,3,3,3,3,3,3,3,3,3,3,3,3,1,1,1,1,1,1,0,0,0,0,,,,,,,,,,,,,,,,,,,,,,,,,,,,,,,,,,,,,,,,,,,,,,,,
9680,800,9663,9654,10167,1,0,0,0,0,0,0,0,0,0,0,0,0,0,0,2,2,2,2,2,2,2,2,2,2,2,2,2,2,2,2,2,2,2,2,2,2,2,2,1,1,0,0,0,0,0,0,0,0,,,,,,,,,,,,,,,,,,,,,,,,,,,,,,,,,,,,,,,,,,,,,,,,
9681,800,9676,9697,10164;9688,2,0,0,0,0,0,0,0,0,0,0,0,0,0,0,1,1,2,2,2,2,2,2,1,1,1,1,1,1,1,1,1,1,1,1,2,2,1,1,1,1,0,0,0,0,0,0,0,0,,,,,,,,,,,,,,,,,,,,,,,,,,,,,,,,,,,,,,,,,,,,,,,,
9682,800,9677,,,0,0,0,0,0,0,0,0,0,0,0,0,0,0,0,1,1,1,1,1,1,1,1,1,1,1,1,1,1,1,1,1,1,1,1,1,1,1,1,0,0,0,0,0,0,0,0,0,0,,,,,,,,,,,,,,,,,,,,,,,,,,,,,,,,,,,,,,,,,,,,,,,,
9683,4000,9917,10145,,0,67,67,70,70,49,49,53,53,62,62,67,67,186,186,910,910,1134,1134,1023,1023,977,977,900,900,812,812,861,861,864,864,851,851,886,886,939,939,854,854,524,524,336,336,227,227,165,165,84,84,,,,,,,,,,,,,,,,,,,,,,,,,,,,,,,,,,,,,,,,,,,,,,,,
9684,1200,,10095,,0,0,0,0,0,0,0,0,0,0,0,0,0,0,0,2,2,2,2,2,2,2,2,2,2,2,2,2,2,2,2,2,2,2,2,2,2,2,2,1,1,1,1,0,0,0,0,0,0,,,,,,,,,,,,,,,,,,,,,,,,,,,,,,,,,,,,,,,,,,,,,,,,
9685,2000,10123,10125,,0,67,67,70,70,49,49,53,53,62,62,67,67,186,186,910,910,1134,1134,1023,1023,977,977,900,900,812,812,861,861,864,864,851,851,886,886,939,939,854,854,524,524,336,336,227,227,165,165,84,84,,,,,,,,,,,,,,,,,,,,,,,,,,,,,,,,,,,,,,,,,,,,,,,,
9686,2000,9691,9645,,0,67,67,70,70,49,49,53,53,62,62,67,67,186,186,910,910,1134,1134,1023,1023,977,977,900,900,812,812,861,861,864,864,851,851,886,886,939,939,854,854,524,524,336,336,227,227,165,165,84,84,,,,,,,,,,,,,,,,,,,,,,,,,,,,,,,,,,,,,,,,,,,,,,,,
9687,1200,9692,9659,,0,0,0,0,0,0,0,0,0,0,0,0,0,0,0,2,2,3,3,2,2,2,2,2,2,2,2,2,2,2,2,2,2,2,2,2,2,2,2,1,1,1,1,0,0,0,0,0,0,,,,,,,,,,,,,,,,,,,,,,,,,,,,,,,,,,,,,,,,,,,,,,,,
9688,1200,9681,9691,,0,0,0,0,0,0,0,0,0,0,0,0,0,0,0,1,1,2,2,2,2,1,1,1,1,1,1,1,1,1,1,1,1,1,1,1,1,1,1,1,1,0,0,0,0,0,0,0,0,,,,,,,,,,,,,,,,,,,,,,,,,,,,,,,,,,,,,,,,,,,,,,,,
9689,1200,,10169,,0,0,0,0,0,0,0,0,0,0,0,0,0,0,0,1,1,1,1,1,1,1,1,0,0,0,0,0,0,0,0,0,0,1,1,1,1,1,1,0,0,0,0,0,0,0,0,0,0,,,,,,,,,,,,,,,,,,,,,,,,,,,,,,,,,,,,,,,,,,,,,,,,
9690,800,10097,9670,,0,0,0,0,0,0,0,0,0,0,0,0,0,0,0,1,1,2,2,1,1,1,1,1,1,1,1,1,1,1,1,1,1,1,1,1,1,1,1,1,1,0,0,0,0,0,0,0,0,,,,,,,,,,,,,,,,,,,,,,,,,,,,,,,,,,,,,,,,,,,,,,,,
9691,800,9688,9708,9686;9729,2,0,0,0,0,0,0,0,0,0,0,0,0,0,0,2,2,2,2,2,2,2,2,2,2,2,2,2,2,2,2,2,2,2,2,2,2,2,2,1,1,0,0,0,0,0,0,0,0,,,,,,,,,,,,,,,,,,,,,,,,,,,,,,,,,,,,,,,,,,,,,,,,
9692,300,9693,10094,9687;9707,2,0,0,0,0,0,0,0,0,0,0,0,0,0,0,2,2,2,2,2,2,2,2,2,2,2,2,2,2,2,2,2,2,2,2,2,2,2,2,1,1,1,1,0,0,0,0,0,0,,,,,,,,,,,,,,,,,,,,,,,,,,,,,,,,,,,,,,,,,,,,,,,,
9693,600,10087,9692,,0,0,0,0,0,0,0,0,0,0,0,0,0,0,0,2,2,3,3,2,2,2,2,2,2,2,2,2,2,2,2,2,2,2,2,2,2,2,2,1,1,1,1,0,0,0,0,0,0,,,,,,,,,,,,,,,,,,,,,,,,,,,,,,,,,,,,,,,,,,,,,,,,
9694,1200,10175,,,0,0,0,0,0,0,0,0,0,0,0,0,0,0,0,1,1,2,2,1,1,1,1,1,1,1,1,1,1,1,1,1,1,1,1,1,1,1,1,1,1,0,0,0,0,0,0,0,0,,,,,,,,,,,,,,,,,,,,,,,,,,,,,,,,,,,,,,,,,,,,,,,,
9695,1200,9670,9698,,0,0,0,0,0,0,0,0,0,0,0,0,0,0,0,1,1,1,1,1,1,1,1,1,1,1,1,1,1,1,1,1,1,1,1,1,1,1,1,0,0,0,0,0,0,0,0,0,0,,,,,,,,,,,,,,,,,,,,,,,,,,,,,,,,,,,,,,,,,,,,,,,,
9696,1200,10119,9698,,0,0,0,0,0,0,0,0,0,0,0,0,0,0,0,1,1,1,1,1,1,1,1,1,1,1,1,1,1,1,1,1,1,1,1,1,1,1,1,0,0,0,0,0,0,0,0,0,0,,,,,,,,,,,,,,,,,,,,,,,,,,,,,,,,,,,,,,,,,,,,,,,,
9697,1200,9681,,,0,0,0,0,0,0,0,0,0,0,0,0,0,0,0,1,1,2,2,1,1,1,1,1,1,1,1,1,1,1,1,1,1,1,1,1,1,1,1,1,1,0,0,0,0,0,0,0,0,,,,,,,,,,,,,,,,,,,,,,,,,,,,,,,,,,,,,,,,,,,,,,,,
9698,800,9696,10092,9695;9724,2,0,0,0,0,0,0,0,0,0,0,0,0,0,0,1,1,1,1,1,1,1,1,1,1,1,1,1,1,1,1,1,1,1,1,1,1,1,1,0,0,0,0,0,0,0,0,0,0,,,,,,,,,,,,,,,,,,,,,,,,,,,,,,,,,,,,,,,,,,,,,,,,
9699,1200,10141,,,0,0,0,0,0,0,0,0,0,0,0,0,0,0,0,1,1,1,1,1,1,1,1,1,1,1,1,1,1,1,1,1,1,1,1,1,1,1,1,0,0,0,0,0,0,0,0,0,0,,,,,,,,,,,,,,,,,,,,,,,,,,,,,,,,,,,,,,,,,,,,,,,,
97,1600,484,100,,0,0,0,0,0,0,0,0,0,0,0,0,0,0,0,2,2,3,3,3,3,3,3,2,2,2,2,2,2,2,2,2,2,3,3,3,3,2,2,1,1,0,0,0,0,0,0,0,0,,,,,,,,,,,,,,,,,,,,,,,,,,,,,,,,,,,,,,,,,,,,,,,,
9700,1200,9705,9677,,0,0,0,0,0,0,0,0,0,0,0,0,0,0,0,1,1,1,1,1,1,1,1,1,1,1,1,1,1,1,1,1,1,1,1,1,1,1,1,0,0,0,0,0,0,0,0,0,0,,,,,,,,,,,,,,,,,,,,,,,,,,,,,,,,,,,,,,,,,,,,,,,,
9701,1200,10119,9657,,0,0,0,0,0,0,0,0,0,0,0,0,0,0,0,1,1,1,1,1,1,1,1,1,1,1,1,1,1,1,1,1,1,1,1,1,1,1,1,1,1,0,0,0,0,0,0,0,0,,,,,,,,,,,,,,,,,,,,,,,,,,,,,,,,,,,,,,,,,,,,,,,,
9702,1200,10125,9704,,0,33,33,31,31,22,22,23,23,26,26,31,31,88,88,1055,1055,1119,1119,1058,1058,1080,1080,966,966,980,980,861,861,1008,1008,1021,1021,988,988,1080,1080,1096,1096,421,421,249,249,150,150,110,110,68,68,,,,,,,,,,,,,,,,,,,,,,,,,,,,,,,,,,,,,,,,,,,,,,,,
9703,1600,9671,10169,,0,0,0,0,0,0,0,0,0,0,0,0,0,0,0,0,0,0,0,0,0,0,0,0,0,0,0,0,0,0,0,0,0,0,0,0,0,0,0,0,0,0,0,0,0,0,0,0,0,,,,,,,,,,,,,,,,,,,,,,,,,,,,,,,,,,,,,,,,,,,,,,,,
9704,800,9725,9702,10118;9723,2,0,0,0,0,0,0,0,0,0,0,0,0,0,0,1,1,2,2,2,2,2,2,1,1,1,1,1,1,1,1,1,1,1,1,1,1,1,1,1,1,0,0,0,0,0,0,0,0,,,,,,,,,,,,,,,,,,,,,,,,,,,,,,,,,,,,,,,,,,,,,,,,
9705,1200,10168,9730,9700;9764,2,0,0,0,0,0,0,0,0,0,0,0,0,0,0,1,1,1,1,1,1,1,1,1,1,1,1,1,1,1,1,1,1,1,1,1,1,1,1,0,0,0,0,0,0,0,0,0,0,,,,,,,,,,,,,,,,,,,,,,,,,,,,,,,,,,,,,,,,,,,,,,,,
9706,800,,10113,,0,0,0,0,0,0,0,0,0,0,0,0,0,0,0,2,2,3,3,2,2,2,2,2,2,2,2,2,2,2,2,2,2,2,2,2,2,2,2,1,1,1,1,0,0,0,0,0,0,,,,,,,,,,,,,,,,,,,,,,,,,,,,,,,,,,,,,,,,,,,,,,,,
9707,1200,9692,9715,,0,0,0,0,0,0,0,0,0,0,0,0,0,0,0,1,1,1,1,1,1,1,1,1,1,1,1,1,1,1,1,1,1,1,1,1,1,1,1,1,1,0,0,0,0,0,0,0,0,,,,,,,,,,,,,,,,,,,,,,,,,,,,,,,,,,,,,,,,,,,,,,,,
9708,1200,9691,10141,,0,0,0,0,0,0,0,0,0,0,0,0,0,0,0,1,1,2,2,2,2,2,2,1,1,1,1,1,1,1,1,1,1,1,1,2,2,1,1,1,1,0,0,0,0,0,0,0,0,,,,,,,,,,,,,,,,,,,,,,,,,,,,,,,,,,,,,,,,,,,,,,,,
9709,550,,10111,,0,67,67,70,70,49,49,53,53,62,62,67,67,186,186,910,910,1134,1134,1023,1023,977,977,900,900,812,812,861,861,864,864,851,851,886,886,939,939,854,854,524,524,336,336,227,227,165,165,84,84,,,,,,,,,,,,,,,,,,,,,,,,,,,,,,,,,,,,,,,,,,,,,,,,
9710,800,10091,10093,,0,0,0,0,0,0,0,0,0,0,0,0,0,0,0,1,1,1,1,1,1,1,1,1,1,1,1,1,1,1,1,1,1,1,1,1,1,1,1,0,0,0,0,0,0,0,0,0,0,,,,,,,,,,,,,,,,,,,,,,,,,,,,,,,,,,,,,,,,,,,,,,,,
9711,1200,10161,,,0,0,0,0,0,0,0,0,0,0,0,0,0,0,0,1,1,1,1,1,1,1,1,1,1,1,1,1,1,1,1,1,1,1,1,1,1,1,1,0,0,0,0,0,0,0,0,0,0,,,,,,,,,,,,,,,,,,,,,,,,,,,,,,,,,,,,,,,,,,,,,,,,
9712,600,,10149,,0,0,0,0,0,0,0,0,0,0,0,0,0,0,0,1,1,1,1,1,1,1,1,1,1,1,1,1,1,1,1,1,1,1,1,1,1,1,1,0,0,0,0,0,0,0,0,0,0,,,,,,,,,,,,,,,,,,,,,,,,,,,,,,,,,,,,,,,,,,,,,,,,
9713,600,10093,,,0,0,0,0,0,0,0,0,0,0,0,0,0,0,0,1,1,1,1,1,1,1,1,1,1,1,1,1,1,1,1,1,1,1,1,1,1,1,1,1,1,0,0,0,0,0,0,0,0,,,,,,,,,,,,,,,,,,,,,,,,,,,,,,,,,,,,,,,,,,,,,,,,
9714,2500,10180,10173,,0,67,67,70,70,49,49,53,53,62,62,67,67,186,186,910,910,1134,1134,1023,1023,977,977,900,900,812,812,861,861,864,864,851,851,886,886,939,939,854,854,524,524,336,336,227,227,165,165,84,84,,,,,,,,,,,,,,,,,,,,,,,,,,,,,,,,,,,,,,,,,,,,,,,,
9715,800,10090,9719,9707;9738,2,0,0,0,0,0,0,0,0,0,0,0,0,0,0,1,1,1,1,1,1,1,1,1,1,1,1,1,1,1,1,1,1,1,1,1,1,1,1,0,0,0,0,0,0,0,0,0,0,,,,,,,,,,,,,,,,,,,,,,,,,,,,,,,,,,,,,,,,,,,,,,,,
9716,4400,9722,10129,,0,67,67,70,70,49,49,53,53,62,62,67,67,186,186,910,910,1134,1134,1023,1023,977,977,900,900,812,812,861,861,864,864,851,851,886,886,939,939,854,854,524,524,336,336,227,227,165,165,84,84,,,,,,,,,,,,,,,,,,,,,,,,,,,,,,,,,,,,,,,,,,,,,,,,
9717,1200,,10159,,0,0,0,0,0,0,0,0,0,0,0,0,0,0,0,1,1,1,1,1,1,1,1,1,1,1,1,1,1,1,1,1,1,1,1,1,1,1,1,0,0,0,0,0,0,0,0,0,0,,,,,,,,,,,,,,,,,,,,,,,,,,,,,,,,,,,,,,,,,,,,,,,,
9718,1200,,10139,,0,0,0,0,0,0,0,0,0,0,0,0,0,0,0,1,1,1,1,1,1,1,1,1,1,1,1,1,1,1,1,1,1,1,1,1,1,1,1,0,0,0,0,0,0,0,0,0,0,,,,,,,,,,,,,,,,,,,,,,,,,,,,,,,,,,,,,,,,,,,,,,,,
9719,800,9715,10085,,0,0,0,0,0,0,0,0,0,0,0,0,0,0,0,1,1,1,1,1,1,1,1,1,1,1,1,1,1,1,1,1,1,1,1,1,1,1,1,0,0,0,0,0,0,0,0,0,0,,,,,,,,,,,,,,,,,,,,,,,,,,,,,,,,,,,,,,,,,,,,,,,,
9720,600,10091,,,0,0,0,0,0,0,0,0,0,0,0,0,0,0,0,1,1,1,1,1,1,1,1,1,1,1,1,1,1,1,1,1,1,1,1,1,1,1,1,1,1,0,0,0,0,0,0,0,0,,,,,,,,,,,,,,,,,,,,,,,,,,,,,,,,,,,,,,,,,,,,,,,,
9721,1200,,10147,,0,0,0,0,0,0,0,0,0,0,0,0,0,0,0,1,1,1,1,1,1,1,1,1,1,0,0,0,0,1,1,1,1,1,1,1,1,1,1,0,0,0,0,0,0,0,0,0,0,,,,,,,,,,,,,,,,,,,,,,,,,,,,,,,,,,,,,,,,,,,,,,,,
9722,2000,10136,9728,9716;10130,2,67,67,70,70,49,49,53,53,62,62,67,67,186,186,910,910,1134,1134,1023,1023,977,977,900,900,812,812,861,861,864,864,851,851,886,886,939,939,854,854,524,524,336,336,227,227,165,165,84,84,,,,,,,,,,,,,,,,,,,,,,,,,,,,,,,,,,,,,,,,,,,,,,,,
9723,1200,10113,9704,,0,0,0,0,0,0,0,0,0,0,0,0,0,0,0,2,2,2,2,2,2,2,2,2,2,2,2,2,2,2,2,2,2,2,2,2,2,2,2,1,1,1,1,0,0,0,0,0,0,,,,,,,,,,,,,,,,,,,,,,,,,,,,,,,,,,,,,,,,,,,,,,,,
9724,1200,9726,9698,,0,0,0,0,0,0,0,0,0,0,0,0,0,0,0,1,1,1,1,1,1,1,1,1,1,1,1,1,1,1,1,1,1,1,1,1,1,1,1,1,1,0,0,0,0,0,0,0,0,,,,,,,,,,,,,,,,,,,,,,,,,,,,,,,,,,,,,,,,,,,,,,,,
9725,1200,10117,9704,,0,0,0,0,0,0,0,0,0,0,0,0,0,0,0,1,1,1,1,1,1,1,1,1,1,1,1,1,1,1,1,1,1,1,1,1,1,1,1,0,0,0,0,0,0,0,0,0,0,,,,,,,,,,,,,,,,,,,,,,,,,,,,,,,,,,,,,,,,,,,,,,,,
9726,1200,9740,10114,9724;9782,2,0,0,0,0,0,0,0,0,0,0,0,0,0,0,2,2,2,2,2,2,2,2,2,2,1,1,1,1,1,1,1,1,2,2,2,2,2,2,1,1,0,0,0,0,0,0,0,0,,,,,,,,,,,,,,,,,,,,,,,,,,,,,,,,,,,,,,,,,,,,,,,,
9727,1200,,10137,,0,0,0,0,0,0,0,0,0,0,0,0,0,0,0,0,0,1,1,1,1,1,1,0,0,0,0,0,0,0,0,0,0,0,0,1,1,0,0,0,0,0,0,0,0,0,0,0,0,,,,,,,,,,,,,,,,,,,,,,,,,,,,,,,,,,,,,,,,,,,,,,,,
9728,2000,10127,9722,,0,67,67,70,70,49,49,53,53,62,62,67,67,186,186,910,910,1134,1134,1023,1023,977,977,900,900,812,812,861,861,864,864,851,851,886,886,939,939,854,854,524,524,336,336,227,227,165,165,84,84,,,,,,,,,,,,,,,,,,,,,,,,,,,,,,,,,,,,,,,,,,,,,,,,
9729,1600,10149,9691,,0,0,0,0,0,0,0,0,0,0,0,0,0,0,0,1,1,1,1,1,1,1,1,1,1,1,1,1,1,1,1,1,1,1,1,1,1,1,1,0,0,0,0,0,0,0,0,0,0,,,,,,,,,,,,,,,,,,,,,,,,,,,,,,,,,,,,,,,,,,,,,,,,
9730,1200,10163,9705,,0,0,0,0,0,0,0,0,0,0,0,0,0,0,0,1,1,1,1,1,1,1,1,1,1,1,1,1,1,1,1,1,1,1,1,1,1,1,1,0,0,0,0,0,0,0,0,0,0,,,,,,,,,,,,,,,,,,,,,,,,,,,,,,,,,,,,,,,,,,,,,,,,
9731,1200,10107,10117,,0,0,0,0,0,0,0,0,0,0,0,0,0,0,0,1,1,1,1,1,1,1,1,1,1,1,1,1,1,1,1,1,1,1,1,1,1,1,1,0,0,0,0,0,0,0,0,0,0,,,,,,,,,,,,,,,,,,,,,,,,,,,,,,,,,,,,,,,,,,,,,,,,
9732,800,9746,10158,10146;9758,2,0,0,0,0,0,0,0,0,0,0,0,0,0,0,1,1,1,1,1,1,1,1,1,1,0,0,0,0,0,0,1,1,1,1,1,1,1,1,0,0,0,0,0,0,0,0,0,0,,,,,,,,,,,,,,,,,,,,,,,,,,,,,,,,,,,,,,,,,,,,,,,,
9733,800,,10115,,0,0,0,0,0,0,0,0,0,0,0,0,0,0,0,1,1,1,1,1,1,1,1,1,1,1,1,1,1,1,1,1,1,1,1,1,1,1,1,0,0,0,0,0,0,0,0,0,0,,,,,,,,,,,,,,,,,,,,,,,,,,,,,,,,,,,,,,,,,,,,,,,,
9734,1200,,10157,,0,0,0,0,0,0,0,0,0,0,0,0,0,0,0,2,2,2,2,2,2,2,2,2,2,2,2,2,2,2,2,2,2,2,2,2,2,2,2,1,1,0,0,0,0,0,0,0,0,,,,,,,,,,,,,,,,,,,,,,,,,,,,,,,,,,,,,,,,,,,,,,,,
9735,2000,466,10178,,0,67,67,70,70,49,49,53,53,62,62,67,67,186,186,910,910,1134,1134,1023,1023,977,977,900,900,812,812,861,861,864,864,851,851,886,886,939,939,854,854,524,524,336,336,227,227,165,165,84,84,,,,,,,,,,,,,,,,,,,,,,,,,,,,,,,,,,,,,,,,,,,,,,,,
9736,1200,10178,,,0,0,0,0,0,0,0,0,0,0,0,0,0,0,0,2,2,3,3,3,3,3,3,2,2,2,2,2,2,2,2,2,2,2,2,3,3,2,2,1,1,1,1,0,0,0,0,0,0,,,,,,,,,,,,,,,,,,,,,,,,,,,,,,,,,,,,,,,,,,,,,,,,
9737,600,10155,,,0,0,0,0,0,0,0,0,0,0,0,0,0,0,0,2,2,3,3,2,2,2,2,2,2,2,2,2,2,2,2,2,2,2,2,2,2,2,2,1,1,1,1,0,0,0,0,0,0,,,,,,,,,,,,,,,,,,,,,,,,,,,,,,,,,,,,,,,,,,,,,,,,
9738,1200,9715,9741,,0,0,0,0,0,0,0,0,0,0,0,0,0,0,0,1,1,1,1,1,1,1,1,1,1,1,1,1,1,1,1,1,1,1,1,1,1,1,1,1,1,0,0,0,0,0,0,0,0,,,,,,,,,,,,,,,,,,,,,,,,,,,,,,,,,,,,,,,,,,,,,,,,
9739,1200,458,,,0,53,53,55,55,38,38,42,42,48,48,53,53,146,146,715,715,891,891,804,804,768,768,707,707,638,638,676,676,679,679,669,669,696,696,738,738,671,671,411,411,264,264,178,178,130,130,66,66,,,,,,,,,,,,,,,,,,,,,,,,,,,,,,,,,,,,,,,,,,,,,,,,
9740,800,9726,10103,,0,0,0,0,0,0,0,0,0,0,0,0,0,0,0,2,2,2,2,2,2,2,2,2,2,2,2,2,2,2,2,2,2,2,2,2,2,2,2,1,1,1,1,0,0,0,0,0,0,,,,,,,,,,,,,,,,,,,,,,,,,,,,,,,,,,,,,,,,,,,,,,,,
9741,800,10100,9749,9738;9768,2,0,0,0,0,0,0,0,0,0,0,0,0,0,0,2,2,2,2,2,2,2,2,2,2,2,2,2,2,2,2,2,2,2,2,2,2,2,2,1,1,1,1,0,0,0,0,0,0,,,,,,,,,,,,,,,,,,,,,,,,,,,,,,,,,,,,,,,,,,,,,,,,
9742,800,,10135,,0,0,0,0,0,0,0,0,0,0,0,0,0,0,0,0,0,0,0,0,0,0,0,0,0,0,0,0,0,0,0,0,0,0,0,0,0,0,0,0,0,0,0,0,0,0,0,0,0,,,,,,,,,,,,,,,,,,,,,,,,,,,,,,,,,,,,,,,,,,,,,,,,
9743,4400,10127,10111,,0,67,67,70,70,49,49,53,53,62,62,67,67,186,186,910,910,1134,1134,1023,1023,977,977,900,900,812,812,861,861,864,864,851,851,886,886,939,939,854,854,524,524,336,336,227,227,165,165,84,84,,,,,,,,,,,,,,,,,,,,,,,,,,,,,,,,,,,,,,,,,,,,,,,,
9744,1200,,10133,,0,0,0,0,0,0,0,0,0,0,0,0,0,0,0,0,0,0,0,0,0,0,0,0,0,0,0,0,0,0,0,0,0,0,0,0,0,0,0,0,0,0,0,0,0,0,0,0,0,,,,,,,,,,,,,,,,,,,,,,,,,,,,,,,,,,,,,,,,,,,,,,,,
9745,1600,10068,10163,,0,0,0,0,0,0,0,0,0,0,0,0,0,0,0,1,1,1,1,1,1,1,1,1,1,1,1,1,1,1,1,1,1,1,1,1,1,1,1,0,0,0,0,0,0,0,0,0,0,,,,,,,,,,,,,,,,,,,,,,,,,,,,,,,,,,,,,,,,,,,,,,,,
9746,1600,9732,10135,,0,0,0,0,0,0,0,0,0,0,0,0,0,0,0,0,0,1,1,0,0,0,0,0,0,0,0,0,0,0,0,0,0,0,0,0,0,0,0,0,0,0,0,0,0,0,0,0,0,,,,,,,,,,,,,,,,,,,,,,,,,,,,,,,,,,,,,,,,,,,,,,,,
9747,1600,10175,9671,,0,0,0,0,0,0,0,0,0,0,0,0,0,0,0,1,1,1,1,1,1,1,1,1,1,1,1,1,1,1,1,1,1,1,1,1,1,1,1,0,0,0,0,0,0,0,0,0,0,,,,,,,,,,,,,,,,,,,,,,,,,,,,,,,,,,,,,,,,,,,,,,,,
9748,4400,10132,10131,,0,67,67,70,70,49,49,53,53,62,62,67,67,186,186,910,910,1134,1134,1023,1023,977,977,900,900,812,812,861,861,864,864,851,851,886,886,939,939,854,854,524,524,336,336,227,227,165,165,84,84,,,,,,,,,,,,,,,,,,,,,,,,,,,,,,,,,,,,,,,,,,,,,,,,
9749,1600,9741,9996,,0,0,0,0,0,0,0,0,0,0,0,0,0,0,0,2,2,3,3,3,3,3,3,2,2,2,2,2,2,2,2,2,2,2,2,3,3,2,2,1,1,1,1,0,0,0,0,0,0,,,,,,,,,,,,,,,,,,,,,,,,,,,,,,,,,,,,,,,,,,,,,,,,
9750,800,10101,10099,,0,0,0,0,0,0,0,0,0,0,0,0,0,0,0,3,3,4,4,3,3,3,3,3,3,3,3,3,3,3,3,3,3,3,3,3,3,3,3,2,2,1,1,1,1,0,0,0,0,,,,,,,,,,,,,,,,,,,,,,,,,,,,,,,,,,,,,,,,,,,,,,,,
9751,1200,,10066,,0,0,0,0,0,0,0,0,0,0,0,0,0,0,0,2,2,2,2,2,2,2,2,2,2,2,2,2,2,2,2,2,2,2,2,2,2,2,2,1,1,0,0,0,0,0,0,0,0,,,,,,,,,,,,,,,,,,,,,,,,,,,,,,,,,,,,,,,,,,,,,,,,
9752,2500,10176,9766,10170;9759,2,67,67,70,70,49,49,53,53,62,62,67,67,186,186,910,910,1134,1134,1023,1023,977,977,900,900,812,812,861,861,864,864,851,851,886,886,939,939,854,854,524,524,336,336,227,227,165,165,84,84,,,,,,,,,,,,,,,,,,,,,,,,,,,,,,,,,,,,,,,,,,,,,,,,
9753,800,,10151,,0,0,0,0,0,0,0,0,0,0,0,0,0,0,0,2,2,2,2,2,2,2,2,2,2,2,2,2,2,2,2,2,2,2,2,2,2,2,2,1,1,0,0,0,0,0,0,0,0,,,,,,,,,,,,,,,,,,,,,,,,,,,,,,,,,,,,,,,,,,,,,,,,
9754,800,10064,,,0,0,0,0,0,0,0,0,0,0,0,0,0,0,0,2,2,2,2,2,2,2,2,2,2,2,2,2,2,2,2,2,2,2,2,2,2,2,2,1,1,0,0,0,0,0,0,0,0,,,,,,,,,,,,,,,,,,,,,,,,,,,,,,,,,,,,,,,,,,,,,,,,
9755,3000,10103,10099,,0,67,67,70,70,49,49,53,53,62,62,67,67,186,186,910,910,1134,1134,1023,1023,977,977,900,900,812,812,861,861,864,864,851,851,886,886,939,939,854,854,524,524,336,336,227,227,165,165,84,84,,,,,,,,,,,,,,,,,,,,,,,,,,,,,,,,,,,,,,,,,,,,,,,,
9756,800,,10151,,0,0,0,0,0,0,0,0,0,0,0,0,0,0,0,2,2,2,2,2,2,2,2,2,2,1,1,1,1,2,2,2,2,2,2,2,2,2,2,1,1,0,0,0,0,0,0,0,0,,,,,,,,,,,,,,,,,,,,,,,,,,,,,,,,,,,,,,,,,,,,,,,,
9757,2500,9990,10180,,0,67,67,70,70,49,49,53,53,62,62,67,67,186,186,910,910,1134,1134,1023,1023,977,977,900,900,812,812,861,861,864,864,851,851,886,886,939,939,854,854,524,524,336,336,227,227,165,165,84,84,,,,,,,,,,,,,,,,,,,,,,,,,,,,,,,,,,,,,,,,,,,,,,,,
9758,1200,10151,9732,,0,0,0,0,0,0,0,0,0,0,0,0,0,0,0,1,1,1,1,1,1,1,1,1,1,1,1,1,1,1,1,1,1,1,1,1,1,1,1,0,0,0,0,0,0,0,0,0,0,,,,,,,,,,,,,,,,,,,,,,,,,,,,,,,,,,,,,,,,,,,,,,,,
9759,2500,9752,9762,,0,67,67,70,70,49,49,53,53,62,62,67,67,186,186,910,910,1134,1134,1023,1023,977,977,900,900,812,812,861,861,864,864,851,851,886,886,939,939,854,854,524,524,336,336,227,227,165,165,84,84,,,,,,,,,,,,,,,,,,,,,,,,,,,,,,,,,,,,,,,,,,,,,,,,
9760,300,9998,9994,,0,0,0,0,0,0,0,0,0,0,0,0,0,1,1,4,4,4,4,4,4,4,4,3,3,3,3,3,3,3,3,3,3,3,3,4,4,3,3,2,2,1,1,1,1,1,1,0,0,,,,,,,,,,,,,,,,,,,,,,,,,,,,,,,,,,,,,,,,,,,,,,,,
9761,1600,10153,10068,,0,0,0,0,0,0,0,0,0,0,0,0,0,0,0,2,2,2,2,2,2,2,2,2,2,2,2,2,2,2,2,2,2,2,2,2,2,2,2,1,1,1,1,0,0,0,0,0,0,,,,,,,,,,,,,,,,,,,,,,,,,,,,,,,,,,,,,,,,,,,,,,,,
9762,2500,10080,163,9759;9777,2,44,44,46,46,32,32,34,34,40,40,44,44,122,122,1037,1037,1195,1195,1144,1144,1114,1114,1024,1024,952,952,976,976,977,977,1009,1009,1021,1021,1079,1079,999,999,376,376,237,237,157,157,114,114,60,60,,,,,,,,,,,,,,,,,,,,,,,,,,,,,,,,,,,,,,,,,,,,,,,,
9763,1500,9780,10038,,0,67,67,70,70,49,49,53,53,62,62,67,67,186,186,910,910,1134,1134,1023,1023,977,977,900,900,812,812,861,861,864,864,851,851,886,886,939,939,854,854,524,524,336,336,227,227,165,165,84,84,,,,,,,,,,,,,,,,,,,,,,,,,,,,,,,,,,,,,,,,,,,,,,,,
9764,1200,9705,10157,,0,0,0,0,0,0,0,0,0,0,0,0,0,0,0,1,1,1,1,1,1,1,1,1,1,1,1,1,1,1,1,1,1,1,1,1,1,1,1,0,0,0,0,0,0,0,0,0,0,,,,,,,,,,,,,,,,,,,,,,,,,,,,,,,,,,,,,,,,,,,,,,,,
9765,800,10058,,,0,0,0,0,0,0,0,0,0,0,0,0,0,1,1,8,8,9,9,8,8,8,8,8,8,7,7,7,7,7,7,7,7,8,8,8,8,7,7,3,3,2,2,1,1,1,1,1,1,,,,,,,,,,,,,,,,,,,,,,,,,,,,,,,,,,,,,,,,,,,,,,,,
9766,2500,9778,9752,,0,67,67,70,70,49,49,53,53,62,62,67,67,186,186,910,910,1134,1134,1023,1023,977,977,900,900,812,812,861,861,864,864,851,851,886,886,939,939,854,854,524,524,336,336,227,227,165,165,84,84,,,,,,,,,,,,,,,,,,,,,,,,,,,,,,,,,,,,,,,,,,,,,,,,
9767,2000,9775,10070,,0,67,67,70,70,49,49,53,53,62,62,67,67,186,186,910,910,1134,1134,1023,1023,977,977,900,900,812,812,861,861,864,864,851,851,886,886,939,939,854,854,524,524,336,336,227,227,165,165,84,84,,,,,,,,,,,,,,,,,,,,,,,,,,,,,,,,,,,,,,,,,,,,,,,,
9768,1600,9773,9741,,0,0,0,0,0,0,0,0,0,0,0,0,0,0,0,3,3,4,4,3,3,3,3,3,3,3,3,3,3,3,3,3,3,3,3,3,3,3,3,2,2,1,1,1,1,0,0,0,0,,,,,,,,,,,,,,,,,,,,,,,,,,,,,,,,,,,,,,,,,,,,,,,,
9769,1200,10012,,,0,0,0,0,0,0,0,0,0,0,0,0,0,1,1,4,4,5,5,4,4,4,4,4,4,4,4,4,4,4,4,4,4,4,4,4,4,4,4,2,2,1,1,1,1,1,1,0,0,,,,,,,,,,,,,,,,,,,,,,,,,,,,,,,,,,,,,,,,,,,,,,,,
9770,1600,10062,10053,,0,0,0,0,0,0,0,0,0,0,0,0,0,0,0,909,909,1002,1002,931,931,835,835,881,881,812,812,829,829,868,868,957,957,982,982,1027,1027,964,964,0,0,0,0,0,0,0,0,0,0,,,,,,,,,,,,,,,,,,,,,,,,,,,,,,,,,,,,,,,,,,,,,,,,
9771,1500,10040,10038,,0,67,67,70,70,49,49,53,53,62,62,67,67,186,186,910,910,1134,1134,1023,1023,977,977,900,900,812,812,861,861,864,864,851,851,886,886,939,939,854,854,524,524,336,336,227,227,165,165,84,84,,,,,,,,,,,,,,,,,,,,,,,,,,,,,,,,,,,,,,,,,,,,,,,,
9772,1200,10016,10014,,0,33,33,31,31,22,22,23,23,26,26,31,31,88,88,1055,1055,1119,1119,1058,1058,1080,1080,966,966,980,980,861,861,1008,1008,1021,1021,988,988,1080,1080,1096,1096,421,421,249,249,150,150,110,110,68,68,,,,,,,,,,,,,,,,,,,,,,,,,,,,,,,,,,,,,,,,,,,,,,,,
9773,800,10011,9768,9776;9781,2,0,0,0,0,0,0,0,0,0,0,0,0,1,1,4,4,5,5,5,5,5,5,4,4,4,4,4,4,4,4,4,4,4,4,4,4,4,4,2,2,1,1,1,1,1,1,0,0,,,,,,,,,,,,,,,,,,,,,,,,,,,,,,,,,,,,,,,,,,,,,,,,
9774,1600,10058,10070,,0,0,0,0,0,0,0,0,0,0,0,0,0,0,0,3,3,3,3,3,3,3,3,2,2,2,2,2,2,2,2,2,2,2,2,3,3,2,2,1,1,1,1,0,0,0,0,0,0,,,,,,,,,,,,,,,,,,,,,,,,,,,,,,,,,,,,,,,,,,,,,,,,
9775,1500,10152,9778,9767;9787,2,44,44,46,46,32,32,34,34,40,40,44,44,122,122,1037,1037,1195,1195,1144,1144,1114,1114,1024,1024,952,952,976,976,977,977,1009,1009,1021,1021,1079,1079,999,999,376,376,237,237,157,157,114,114,60,60,,,,,,,,,,,,,,,,,,,,,,,,,,,,,,,,,,,,,,,,,,,,,,,,
9776,800,9773,10000,,0,0,0,0,0,0,0,0,0,0,0,0,0,1,1,5,5,6,6,6,6,6,6,5,5,5,5,5,5,5,5,5,5,5,5,5,5,5,5,3,3,2,2,1,1,1,1,0,0,,,,,,,,,,,,,,,,,,,,,,,,,,,,,,,,,,,,,,,,,,,,,,,,
9777,1600,9762,185,,0,0,0,0,0,0,0,0,0,0,0,0,0,1,1,7,7,8,8,8,8,7,7,7,7,6,6,6,6,6,6,7,7,7,7,7,7,7,7,3,3,2,2,1,1,1,1,0,0,,,,,,,,,,,,,,,,,,,,,,,,,,,,,,,,,,,,,,,,,,,,,,,,
9778,2500,9775,10081,9766,1,44,44,46,46,32,32,34,34,40,40,44,44,122,122,1037,1037,1195,1195,1144,1144,1114,1114,1024,1024,952,952,976,976,977,977,1009,1009,1021,1021,1079,1079,999,999,376,376,237,237,157,157,114,114,60,60,,,,,,,,,,,,,,,,,,,,,,,,,,,,,,,,,,,,,,,,,,,,,,,,
9779,800,10014,,,0,0,0,0,0,0,0,0,0,0,0,0,0,0,0,2,2,3,3,2,2,2,2,2,2,2,2,2,2,2,2,2,2,2,2,2,2,2,2,1,1,1,1,0,0,0,0,0,0,,,,,,,,,,,,,,,,,,,,,,,,,,,,,,,,,,,,,,,,,,,,,,,,
9780,2000,9763,9896,9784;9788;9793,3,60,60,61,61,43,43,46,46,54,54,59,59,165,165,1034,1034,1217,1217,1116,1116,1091,1091,994,994,936,936,928,928,983,983,979,979,992,992,1064,1064,1008,1008,527,527,330,330,216,216,158,158,85,85,,,,,,,,,,,,,,,,,,,,,,,,,,,,,,,,,,,,,,,,,,,,,,,,
9781,800,9773,10002,,0,0,0,0,0,0,0,0,0,0,0,0,0,1,1,5,5,5,5,5,5,5,5,4,4,4,4,4,4,4,4,4,4,4,4,5,5,5,5,2,2,1,1,1,1,1,1,0,0,,,,,,,,,,,,,,,,,,,,,,,,,,,,,,,,,,,,,,,,,,,,,,,,
9782,1200,9726,10105,,0,0,0,0,0,0,0,0,0,0,0,0,0,0,0,2,2,2,2,2,2,2,2,2,2,2,2,2,2,2,2,2,2,2,2,2,2,2,2,1,1,1,1,0,0,0,0,0,0,,,,,,,,,,,,,,,,,,,,,,,,,,,,,,,,,,,,,,,,,,,,,,,,
9783,2000,,10004,,0,60,60,61,61,43,43,46,46,54,54,59,59,165,165,1034,1034,1217,1217,1116,1116,1091,1091,994,994,936,936,928,928,983,983,979,979,992,992,1064,1064,1008,1008,527,527,330,330,216,216,158,158,85,85,,,,,,,,,,,,,,,,,,,,,,,,,,,,,,,,,,,,,,,,,,,,,,,,
9784,4400,10052,9896,9804;9780,2,67,67,70,70,49,49,53,53,62,62,67,67,186,186,910,910,1134,1134,1023,1023,977,977,900,900,812,812,861,861,864,864,851,851,886,886,939,939,854,854,524,524,336,336,227,227,165,165,84,84,,,,,,,,,,,,,,,,,,,,,,,,,,,,,,,,,,,,,,,,,,,,,,,,
9785,2500,10081,,,0,44,44,46,46,32,32,34,34,40,40,44,44,122,122,1037,1037,1195,1195,1144,1144,1114,1114,1024,1024,952,952,976,976,977,977,1009,1009,1021,1021,1079,1079,999,999,376,376,237,237,157,157,114,114,60,60,,,,,,,,,,,,,,,,,,,,,,,,,,,,,,,,,,,,,,,,,,,,,,,,
9786,2500,9896,10057,10054;10055,2,44,44,46,46,32,32,34,34,40,40,44,44,122,122,1037,1037,1195,1195,1144,1144,1114,1114,1024,1024,952,952,976,976,977,977,1009,1009,1021,1021,1079,1079,999,999,376,376,237,237,157,157,114,114,60,60,,,,,,,,,,,,,,,,,,,,,,,,,,,,,,,,,,,,,,,,,,,,,,,,
9787,1200,10074,9775,10073,1,0,0,0,0,0,0,0,0,0,0,0,0,1,1,4,4,5,5,5,5,5,5,4,4,4,4,4,4,4,4,4,4,4,4,4,4,4,4,2,2,1,1,1,1,1,1,0,0,,,,,,,,,,,,,,,,,,,,,,,,,,,,,,,,,,,,,,,,,,,,,,,,
9788,4400,9894,9780,9896,1,60,60,61,61,43,43,46,46,54,54,59,59,165,165,1034,1034,1217,1217,1116,1116,1091,1091,994,994,936,936,928,928,983,983,979,979,992,992,1064,1064,1008,1008,527,527,330,330,216,216,158,158,85,85,,,,,,,,,,,,,,,,,,,,,,,,,,,,,,,,,,,,,,,,,,,,,,,,
9789,1600,10050,,,0,0,0,0,0,0,0,0,0,0,0,0,0,1,1,4,4,4,4,4,4,4,4,4,4,3,3,4,4,4,4,4,4,4,4,4,4,4,4,2,2,1,1,1,1,0,0,0,0,,,,,,,,,,,,,,,,,,,,,,,,,,,,,,,,,,,,,,,,,,,,,,,,
9790,800,,10010,,0,1,1,1,1,0,0,0,0,0,0,1,1,1,1,9,9,10,10,10,10,9,9,9,9,8,8,8,8,8,8,8,8,9,9,9,9,9,9,5,5,3,3,2,2,1,1,1,1,,,,,,,,,,,,,,,,,,,,,,,,,,,,,,,,,,,,,,,,,,,,,,,,
9791,2500,9664,,10089,1,67,67,70,70,49,49,53,53,62,62,67,67,186,186,910,910,1134,1134,1023,1023,977,977,900,900,812,812,861,861,864,864,851,851,886,886,939,939,854,854,524,524,336,336,227,227,165,165,84,84,,,,,,,,,,,,,,,,,,,,,,,,,,,,,,,,,,,,,,,,,,,,,,,,
9792,2000,10048,10050,,0,44,44,46,46,32,32,34,34,40,40,44,44,122,122,1037,1037,1195,1195,1144,1144,1114,1114,1024,1024,952,952,976,976,977,977,1009,1009,1021,1021,1079,1079,999,999,376,376,237,237,157,157,114,114,60,60,,,,,,,,,,,,,,,,,,,,,,,,,,,,,,,,,,,,,,,,,,,,,,,,
9793,2000,10036,9780,,0,60,60,61,61,43,43,46,46,54,54,59,59,165,165,1034,1034,1217,1217,1116,1116,1091,1091,994,994,936,936,928,928,983,983,979,979,992,992,1064,1064,1008,1008,527,527,330,330,216,216,158,158,85,85,,,,,,,,,,,,,,,,,,,,,,,,,,,,,,,,,,,,,,,,,,,,,,,,
9794,3000,10046,9797,,0,67,67,70,70,49,49,53,53,62,62,67,67,186,186,910,910,1134,1134,1023,1023,977,977,900,900,812,812,861,861,864,864,851,851,886,886,939,939,854,854,524,524,336,336,227,227,165,165,84,84,,,,,,,,,,,,,,,,,,,,,,,,,,,,,,,,,,,,,,,,,,,,,,,,
9795,4400,,9994,,0,42,42,39,39,28,28,29,29,34,34,39,39,112,112,1343,1343,1424,1424,1347,1347,1375,1375,1229,1229,1247,1247,1096,1096,1282,1282,1299,1299,1257,1257,1375,1375,1394,1394,536,536,316,316,190,190,140,140,87,87,,,,,,,,,,,,,,,,,,,,,,,,,,,,,,,,,,,,,,,,,,,,,,,,
9796,4400,9896,185,17722;10076,2,42,42,39,39,28,28,29,29,34,34,39,39,112,112,1343,1343,1424,1424,1347,1347,1375,1375,1229,1229,1247,1247,1096,1096,1282,1282,1299,1299,1257,1257,1375,1375,1394,1394,536,536,316,316,190,190,140,140,87,87,,,,,,,,,,,,,,,,,,,,,,,,,,,,,,,,,,,,,,,,,,,,,,,,
9797,2500,9794,9813,10035;9806,2,60,60,61,61,43,43,46,46,54,54,59,59,165,165,1034,1034,1217,1217,1116,1116,1091,1091,994,994,936,936,928,928,983,983,979,979,992,992,1064,1064,1008,1008,527,527,330,330,216,216,158,158,85,85,,,,,,,,,,,,,,,,,,,,,,,,,,,,,,,,,,,,,,,,,,,,,,,,
9798,2500,10036,10032,,0,60,60,61,61,43,43,46,46,54,54,59,59,165,165,1034,1034,1217,1217,1116,1116,1091,1091,994,994,936,936,928,928,983,983,979,979,992,992,1064,1064,1008,1008,527,527,330,330,216,216,158,158,85,85,,,,,,,,,,,,,,,,,,,,,,,,,,,,,,,,,,,,,,,,,,,,,,,,
9799,2500,10056,9801,,0,44,44,46,46,32,32,34,34,40,40,44,44,122,122,1037,1037,1195,1195,1144,1144,1114,1114,1024,1024,952,952,976,976,977,977,1009,1009,1021,1021,1079,1079,999,999,376,376,237,237,157,157,114,114,60,60,,,,,,,,,,,,,,,,,,,,,,,,,,,,,,,,,,,,,,,,,,,,,,,,
98,600,373,101,,0,0,0,0,0,0,0,0,0,0,0,0,0,1,1,9,9,10,10,10,10,9,9,9,9,8,8,8,8,8,8,8,8,9,9,9,9,8,8,4,4,2,2,2,2,1,1,1,1,,,,,,,,,,,,,,,,,,,,,,,,,,,,,,,,,,,,,,,,,,,,,,,,
9800,2500,,9801,,0,44,44,46,46,32,32,34,34,40,40,44,44,122,122,1037,1037,1195,1195,1144,1144,1114,1114,1024,1024,952,952,976,976,977,977,1009,1009,1021,1021,1079,1079,999,999,376,376,237,237,157,157,114,114,60,60,,,,,,,,,,,,,,,,,,,,,,,,,,,,,,,,,,,,,,,,,,,,,,,,
9801,2000,9800,9819,9799;9814,2,44,44,46,46,32,32,34,34,40,40,44,44,122,122,1037,1037,1195,1195,1144,1144,1114,1114,1024,1024,952,952,976,976,977,977,1009,1009,1021,1021,1079,1079,999,999,376,376,237,237,157,157,114,114,60,60,,,,,,,,,,,,,,,,,,,,,,,,,,,,,,,,,,,,,,,,,,,,,,,,
9802,2000,10048,9807,,0,44,44,46,46,32,32,34,34,40,40,44,44,122,122,1037,1037,1195,1195,1144,1144,1114,1114,1024,1024,952,952,976,976,977,977,1009,1009,1021,1021,1079,1079,999,999,376,376,237,237,157,157,114,114,60,60,,,,,,,,,,,,,,,,,,,,,,,,,,,,,,,,,,,,,,,,,,,,,,,,
9803,4400,9896,10008,9894,1,60,60,61,61,43,43,46,46,54,54,59,59,165,165,1034,1034,1217,1217,1116,1116,1091,1091,994,994,936,936,928,928,983,983,979,979,992,992,1064,1064,1008,1008,527,527,330,330,216,216,158,158,85,85,,,,,,,,,,,,,,,,,,,,,,,,,,,,,,,,,,,,,,,,,,,,,,,,
9804,4400,10046,9784,,0,44,44,46,46,32,32,34,34,40,40,44,44,122,122,1037,1037,1195,1195,1144,1144,1114,1114,1024,1024,952,952,976,976,977,977,1009,1009,1021,1021,1079,1079,999,999,376,376,237,237,157,157,114,114,60,60,,,,,,,,,,,,,,,,,,,,,,,,,,,,,,,,,,,,,,,,,,,,,,,,
9805,3500,9811,10079,,0,44,44,46,46,32,32,34,34,40,40,44,44,122,122,1037,1037,1195,1195,1144,1144,1114,1114,1024,1024,952,952,976,976,977,977,1009,1009,1021,1021,1079,1079,999,999,376,376,237,237,157,157,114,114,60,60,,,,,,,,,,,,,,,,,,,,,,,,,,,,,,,,,,,,,,,,,,,,,,,,
9806,1600,9809,9797,,0,0,0,0,0,0,0,0,0,0,0,0,0,1,1,7,7,8,8,7,7,7,7,7,7,6,6,6,6,7,7,7,7,7,7,7,7,7,7,4,4,2,2,1,1,1,1,1,1,,,,,,,,,,,,,,,,,,,,,,,,,,,,,,,,,,,,,,,,,,,,,,,,
9807,2500,9802,9822,10043;10041,2,44,44,46,46,32,32,34,34,40,40,44,44,122,122,1037,1037,1195,1195,1144,1144,1114,1114,1024,1024,952,952,976,976,977,977,1009,1009,1021,1021,1079,1079,999,999,376,376,237,237,157,157,114,114,60,60,,,,,,,,,,,,,,,,,,,,,,,,,,,,,,,,,,,,,,,,,,,,,,,,
9808,2500,10044,9809,,0,60,60,61,61,43,43,46,46,54,54,59,59,165,165,1034,1034,1217,1217,1116,1116,1091,1091,994,994,936,936,928,928,983,983,979,979,992,992,1064,1064,1008,1008,527,527,330,330,216,216,158,158,85,85,,,,,,,,,,,,,,,,,,,,,,,,,,,,,,,,,,,,,,,,,,,,,,,,
9809,2000,9808,9824,9806;9821,2,60,60,61,61,43,43,46,46,54,54,59,59,165,165,1034,1034,1217,1217,1116,1116,1091,1091,994,994,936,936,928,928,983,983,979,979,992,992,1064,1064,1008,1008,527,527,330,330,216,216,158,158,85,85,,,,,,,,,,,,,,,,,,,,,,,,,,,,,,,,,,,,,,,,,,,,,,,,
9810,1600,10032,10033,,0,0,0,0,0,0,0,0,0,0,0,0,0,1,1,8,8,9,9,8,8,8,8,7,7,7,7,7,7,7,7,7,7,7,7,8,8,7,7,4,4,2,2,2,2,1,1,1,1,,,,,,,,,,,,,,,,,,,,,,,,,,,,,,,,,,,,,,,,,,,,,,,,
9811,2000,9845,10082,9805;9841,2,44,44,46,46,32,32,34,34,40,40,44,44,122,122,1037,1037,1195,1195,1144,1144,1114,1114,1024,1024,952,952,976,976,977,977,1009,1009,1021,1021,1079,1079,999,999,376,376,237,237,157,157,114,114,60,60,,,,,,,,,,,,,,,,,,,,,,,,,,,,,,,,,,,,,,,,,,,,,,,,
9812,1600,9817,10030,,0,0,0,0,0,0,0,0,0,0,0,0,0,1,1,6,6,7,7,7,7,7,7,6,6,6,6,6,6,6,6,6,6,6,6,6,6,6,6,3,3,2,2,1,1,1,1,1,1,,,,,,,,,,,,,,,,,,,,,,,,,,,,,,,,,,,,,,,,,,,,,,,,
9813,2500,10033,9797,,0,60,60,61,61,43,43,46,46,54,54,59,59,165,165,1034,1034,1217,1217,1116,1116,1091,1091,994,994,936,936,928,928,983,983,979,979,992,992,1064,1064,1008,1008,527,527,330,330,216,216,158,158,85,85,,,,,,,,,,,,,,,,,,,,,,,,,,,,,,,,,,,,,,,,,,,,,,,,
9814,2000,9801,9820,,0,44,44,46,46,32,32,34,34,40,40,44,44,122,122,1037,1037,1195,1195,1144,1144,1114,1114,1024,1024,952,952,976,976,977,977,1009,1009,1021,1021,1079,1079,999,999,376,376,237,237,157,157,114,114,60,60,,,,,,,,,,,,,,,,,,,,,,,,,,,,,,,,,,,,,,,,,,,,,,,,
9815,300,10020,10028,,0,0,0,0,0,0,0,0,0,0,0,0,0,1,1,7,7,8,8,8,8,8,8,7,7,7,7,6,6,7,7,7,7,7,7,7,7,7,7,4,4,2,2,2,2,1,1,1,1,,,,,,,,,,,,,,,,,,,,,,,,,,,,,,,,,,,,,,,,,,,,,,,,
9816,4000,9820,10079,,0,44,44,46,46,32,32,34,34,40,40,44,44,122,122,1037,1037,1195,1195,1144,1144,1114,1114,1024,1024,952,952,976,976,977,977,1009,1009,1021,1021,1079,1079,999,999,376,376,237,237,157,157,114,114,60,60,,,,,,,,,,,,,,,,,,,,,,,,,,,,,,,,,,,,,,,,,,,,,,,,
9817,3000,9828,9823,9812;10034;9829,3,60,60,61,61,43,43,46,46,54,54,59,59,165,165,1034,1034,1217,1217,1116,1116,1091,1091,994,994,936,936,928,928,983,983,979,979,992,992,1064,1064,1008,1008,527,527,330,330,216,216,158,158,85,85,,,,,,,,,,,,,,,,,,,,,,,,,,,,,,,,,,,,,,,,,,,,,,,,
9818,2000,10030,10028,,0,67,67,70,70,49,49,53,53,62,62,67,67,186,186,910,910,1134,1134,1023,1023,977,977,900,900,812,812,861,861,864,864,851,851,886,886,939,939,854,854,524,524,336,336,227,227,165,165,84,84,,,,,,,,,,,,,,,,,,,,,,,,,,,,,,,,,,,,,,,,,,,,,,,,
9819,2000,9801,10042,,0,44,44,46,46,32,32,34,34,40,40,44,44,122,122,1037,1037,1195,1195,1144,1144,1114,1114,1024,1024,952,952,976,976,977,977,1009,1009,1021,1021,1079,1079,999,999,376,376,237,237,157,157,114,114,60,60,,,,,,,,,,,,,,,,,,,,,,,,,,,,,,,,,,,,,,,,,,,,,,,,
9820,2500,9814,9827,9816;9834,2,44,44,46,46,32,32,34,34,40,40,44,44,122,122,1037,1037,1195,1195,1144,1144,1114,1114,1024,1024,952,952,976,976,977,977,1009,1009,1021,1021,1079,1079,999,999,376,376,237,237,157,157,114,114,60,60,,,,,,,,,,,,,,,,,,,,,,,,,,,,,,,,,,,,,,,,,,,,,,,,
9821,2000,9809,9825,,0,60,60,61,61,43,43,46,46,54,54,59,59,165,165,1034,1034,1217,1217,1116,1116,1091,1091,994,994,936,936,928,928,983,983,979,979,992,992,1064,1064,1008,1008,527,527,330,330,216,216,158,158,85,85,,,,,,,,,,,,,,,,,,,,,,,,,,,,,,,,,,,,,,,,,,,,,,,,
9822,2500,9825,9807,,0,44,44,46,46,32,32,34,34,40,40,44,44,122,122,1037,1037,1195,1195,1144,1144,1114,1114,1024,1024,952,952,976,976,977,977,1009,1009,1021,1021,1079,1079,999,999,376,376,237,237,157,157,114,114,60,60,,,,,,,,,,,,,,,,,,,,,,,,,,,,,,,,,,,,,,,,,,,,,,,,
9823,2500,9817,9826,,0,60,60,61,61,43,43,46,46,54,54,59,59,165,165,1034,1034,1217,1217,1116,1116,1091,1091,994,994,936,936,928,928,983,983,979,979,992,992,1064,1064,1008,1008,527,527,330,330,216,216,158,158,85,85,,,,,,,,,,,,,,,,,,,,,,,,,,,,,,,,,,,,,,,,,,,,,,,,
9824,1600,9826,9809,,0,0,0,0,0,0,0,0,0,0,0,0,0,0,0,3,3,3,3,3,3,3,3,3,3,3,3,3,3,3,3,3,3,3,3,3,3,3,3,2,2,1,1,1,1,0,0,0,0,,,,,,,,,,,,,,,,,,,,,,,,,,,,,,,,,,,,,,,,,,,,,,,,
9825,2000,9836,9822,9821;9846,2,44,44,46,46,32,32,34,34,40,40,44,44,122,122,1037,1037,1195,1195,1144,1144,1114,1114,1024,1024,952,952,976,976,977,977,1009,1009,1021,1021,1079,1079,999,999,376,376,237,237,157,157,114,114,60,60,,,,,,,,,,,,,,,,,,,,,,,,,,,,,,,,,,,,,,,,,,,,,,,,
9826,1600,9830,9824,9823;9835,2,0,0,0,0,0,0,0,0,0,0,0,0,1,1,7,7,9,9,8,8,8,8,7,7,7,7,7,7,7,7,7,7,7,7,8,8,7,7,4,4,2,2,2,2,1,1,1,1,,,,,,,,,,,,,,,,,,,,,,,,,,,,,,,,,,,,,,,,,,,,,,,,
9827,2500,9820,10078,,0,44,44,46,46,32,32,34,34,40,40,44,44,122,122,1037,1037,1195,1195,1144,1144,1114,1114,1024,1024,952,952,976,976,977,977,1009,1009,1021,1021,1079,1079,999,999,376,376,237,237,157,157,114,114,60,60,,,,,,,,,,,,,,,,,,,,,,,,,,,,,,,,,,,,,,,,,,,,,,,,
9828,2000,9817,10026,,0,60,60,61,61,43,43,46,46,54,54,59,59,165,165,1034,1034,1217,1217,1116,1116,1091,1091,994,994,936,936,928,928,983,983,979,979,992,992,1064,1064,1008,1008,527,527,330,330,216,216,158,158,85,85,,,,,,,,,,,,,,,,,,,,,,,,,,,,,,,,,,,,,,,,,,,,,,,,
9829,1600,9832,9817,,0,0,0,0,0,0,0,0,0,0,0,0,0,1,1,6,6,7,7,7,7,6,6,6,6,6,6,6,6,6,6,6,6,6,6,6,6,6,6,3,3,2,2,1,1,1,1,1,1,,,,,,,,,,,,,,,,,,,,,,,,,,,,,,,,,,,,,,,,,,,,,,,,
9830,1500,9826,9832,,0,60,60,61,61,43,43,46,46,54,54,59,59,165,165,1034,1034,1217,1217,1116,1116,1091,1091,994,994,936,936,928,928,983,983,979,979,992,992,1064,1064,1008,1008,527,527,330,330,216,216,158,158,85,85,,,,,,,,,,,,,,,,,,,,,,,,,,,,,,,,,,,,,,,,,,,,,,,,
9831,1200,387,10083,,0,0,0,0,0,0,0,0,0,0,0,0,0,1,1,9,9,11,11,10,10,10,10,9,9,9,9,9,9,9,9,9,9,9,9,10,10,9,9,4,4,3,3,2,2,1,1,1,1,,,,,,,,,,,,,,,,,,,,,,,,,,,,,,,,,,,,,,,,,,,,,,,,
9832,2000,9842,9830,9829;10197,2,60,60,61,61,43,43,46,46,54,54,59,59,165,165,1034,1034,1217,1217,1116,1116,1091,1091,994,994,936,936,928,928,983,983,979,979,992,992,1064,1064,1008,1008,527,527,330,330,216,216,158,158,85,85,,,,,,,,,,,,,,,,,,,,,,,,,,,,,,,,,,,,,,,,,,,,,,,,
9833,4400,9840,10042,,0,44,44,46,46,32,32,34,34,40,40,44,44,122,122,1037,1037,1195,1195,1144,1144,1114,1114,1024,1024,952,952,976,976,977,977,1009,1009,1021,1021,1079,1079,999,999,376,376,237,237,157,157,114,114,60,60,,,,,,,,,,,,,,,,,,,,,,,,,,,,,,,,,,,,,,,,,,,,,,,,
9834,3850,9840,9820,,0,44,44,46,46,32,32,34,34,40,40,44,44,122,122,1037,1037,1195,1195,1144,1144,1114,1114,1024,1024,952,952,976,976,977,977,1009,1009,1021,1021,1079,1079,999,999,376,376,237,237,157,157,114,114,60,60,,,,,,,,,,,,,,,,,,,,,,,,,,,,,,,,,,,,,,,,,,,,,,,,
9835,2500,9838,9826,,0,60,60,61,61,43,43,46,46,54,54,59,59,165,165,1034,1034,1217,1217,1116,1116,1091,1091,994,994,936,936,928,928,983,983,979,979,992,992,1064,1064,1008,1008,527,527,330,330,216,216,158,158,85,85,,,,,,,,,,,,,,,,,,,,,,,,,,,,,,,,,,,,,,,,,,,,,,,,
9836,2000,9825,9838,,0,60,60,61,61,43,43,46,46,54,54,59,59,165,165,1034,1034,1217,1217,1116,1116,1091,1091,994,994,936,936,928,928,983,983,979,979,992,992,1064,1064,1008,1008,527,527,330,330,216,216,158,158,85,85,,,,,,,,,,,,,,,,,,,,,,,,,,,,,,,,,,,,,,,,,,,,,,,,
9837,1500,,10022,,0,60,60,61,61,43,43,46,46,54,54,59,59,165,165,1034,1034,1217,1217,1116,1116,1091,1091,994,994,936,936,928,928,983,983,979,979,992,992,1064,1064,1008,1008,527,527,330,330,216,216,158,158,85,85,,,,,,,,,,,,,,,,,,,,,,,,,,,,,,,,,,,,,,,,,,,,,,,,
9838,1600,9844,9836,9835;10185,2,0,0,0,0,0,0,0,0,0,0,0,0,1,1,5,5,6,6,5,5,5,5,5,5,5,5,5,5,5,5,5,5,5,5,5,5,5,5,3,3,2,2,1,1,1,1,0,0,,,,,,,,,,,,,,,,,,,,,,,,,,,,,,,,,,,,,,,,,,,,,,,,
9839,2500,10188,10042,,0,44,44,46,46,32,32,34,34,40,40,44,44,122,122,1037,1037,1195,1195,1144,1144,1114,1114,1024,1024,952,952,976,976,977,977,1009,1009,1021,1021,1079,1079,999,999,376,376,237,237,157,157,114,114,60,60,,,,,,,,,,,,,,,,,,,,,,,,,,,,,,,,,,,,,,,,,,,,,,,,
9840,4400,9850,9834,9833;10195,2,44,44,46,46,32,32,34,34,40,40,44,44,122,122,1037,1037,1195,1195,1144,1144,1114,1114,1024,1024,952,952,976,976,977,977,1009,1009,1021,1021,1079,1079,999,999,376,376,237,237,157,157,114,114,60,60,,,,,,,,,,,,,,,,,,,,,,,,,,,,,,,,,,,,,,,,,,,,,,,,
9841,4400,9843,9811,,0,44,44,46,46,32,32,34,34,40,40,44,44,122,122,1037,1037,1195,1195,1144,1144,1114,1114,1024,1024,952,952,976,976,977,977,1009,1009,1021,1021,1079,1079,999,999,376,376,237,237,157,157,114,114,60,60,,,,,,,,,,,,,,,,,,,,,,,,,,,,,,,,,,,,,,,,,,,,,,,,
9842,1500,10024,9832,,0,60,60,61,61,43,43,46,46,54,54,59,59,165,165,1034,1034,1217,1217,1116,1116,1091,1091,994,994,936,936,928,928,983,983,979,979,992,992,1064,1064,1008,1008,527,527,330,330,216,216,158,158,85,85,,,,,,,,,,,,,,,,,,,,,,,,,,,,,,,,,,,,,,,,,,,,,,,,
9843,1600,9879,388,9841;10212,2,0,0,0,0,0,0,0,0,0,0,0,0,1,1,7,7,8,8,7,7,7,7,7,7,6,6,6,6,6,6,6,6,7,7,7,7,6,6,3,3,2,2,1,1,1,1,0,0,,,,,,,,,,,,,,,,,,,,,,,,,,,,,,,,,,,,,,,,,,,,,,,,
9844,1600,9838,10198,,0,0,0,0,0,0,0,0,0,0,0,0,0,1,1,5,5,6,6,5,5,5,5,5,5,5,5,4,4,5,5,5,5,5,5,5,5,5,5,3,3,2,2,1,1,1,1,0,0,,,,,,,,,,,,,,,,,,,,,,,,,,,,,,,,,,,,,,,,,,,,,,,,
9845,3000,9811,10078,,0,44,44,46,46,32,32,34,34,40,40,44,44,122,122,1037,1037,1195,1195,1144,1144,1114,1114,1024,1024,952,952,976,976,977,977,1009,1009,1021,1021,1079,1079,999,999,376,376,237,237,157,157,114,114,60,60,,,,,,,,,,,,,,,,,,,,,,,,,,,,,,,,,,,,,,,,,,,,,,,,
9846,1600,10188,9825,,0,0,0,0,0,0,0,0,0,0,0,0,0,1,1,6,6,7,7,7,7,7,7,6,6,6,6,6,6,6,6,6,6,6,6,7,7,6,6,3,3,2,2,1,1,1,1,0,0,,,,,,,,,,,,,,,,,,,,,,,,,,,,,,,,,,,,,,,,,,,,,,,,
9847,2500,9849,10022,,0,60,60,61,61,43,43,46,46,54,54,59,59,165,165,1034,1034,1217,1217,1116,1116,1091,1091,994,994,936,936,928,928,983,983,979,979,992,992,1064,1064,1008,1008,527,527,330,330,216,216,158,158,85,85,,,,,,,,,,,,,,,,,,,,,,,,,,,,,,,,,,,,,,,,,,,,,,,,
9848,300,,9849,,0,0,0,0,0,0,0,0,0,0,0,0,0,1,1,8,8,9,9,8,8,8,8,7,7,7,7,7,7,7,7,7,7,7,7,8,8,7,7,4,4,2,2,2,2,1,1,1,1,,,,,,,,,,,,,,,,,,,,,,,,,,,,,,,,,,,,,,,,,,,,,,,,
9849,300,5465,9847,9848;9852,2,1,1,1,1,0,0,0,0,1,1,1,1,2,2,10,10,12,12,11,11,10,10,9,9,9,9,9,9,9,9,9,9,9,9,10,10,10,10,5,5,3,3,2,2,1,1,1,1,,,,,,,,,,,,,,,,,,,,,,,,,,,,,,,,,,,,,,,,,,,,,,,,
9850,3850,9840,9853,,0,44,44,46,46,32,32,34,34,40,40,44,44,122,122,1037,1037,1195,1195,1144,1144,1114,1114,1024,1024,952,952,976,976,977,977,1009,1009,1021,1021,1079,1079,999,999,376,376,237,237,157,157,114,114,60,60,,,,,,,,,,,,,,,,,,,,,,,,,,,,,,,,,,,,,,,,,,,,,,,,
9851,1500,10186,9853,,0,44,44,46,46,32,32,34,34,40,40,44,44,122,122,1037,1037,1195,1195,1144,1144,1114,1114,1024,1024,952,952,976,976,977,977,1009,1009,1021,1021,1079,1079,999,999,376,376,237,237,157,157,114,114,60,60,,,,,,,,,,,,,,,,,,,,,,,,,,,,,,,,,,,,,,,,,,,,,,,,
9852,500,9849,9891,,0,60,60,61,61,43,43,46,46,54,54,59,59,165,165,1034,1034,1217,1217,1116,1116,1091,1091,994,994,936,936,928,928,983,983,979,979,992,992,1064,1064,1008,1008,527,527,330,330,216,216,158,158,85,85,,,,,,,,,,,,,,,,,,,,,,,,,,,,,,,,,,,,,,,,,,,,,,,,
9853,3000,9850,9851,10187;9857;9865,3,44,44,46,46,32,32,34,34,40,40,44,44,122,122,1037,1037,1195,1195,1144,1144,1114,1114,1024,1024,952,952,976,976,977,977,1009,1009,1021,1021,1079,1079,999,999,376,376,237,237,157,157,114,114,60,60,,,,,,,,,,,,,,,,,,,,,,,,,,,,,,,,,,,,,,,,,,,,,,,,
9854,1500,9858,10198,,0,60,60,61,61,43,43,46,46,54,54,59,59,165,165,1034,1034,1217,1217,1116,1116,1091,1091,994,994,936,936,928,928,983,983,979,979,992,992,1064,1064,1008,1008,527,527,330,330,216,216,158,158,85,85,,,,,,,,,,,,,,,,,,,,,,,,,,,,,,,,,,,,,,,,,,,,,,,,
9855,2000,9860,10196,,0,44,44,46,46,32,32,34,34,40,40,44,44,122,122,1037,1037,1195,1195,1144,1144,1114,1114,1024,1024,952,952,976,976,977,977,1009,1009,1021,1021,1079,1079,999,999,376,376,237,237,157,157,114,114,60,60,,,,,,,,,,,,,,,,,,,,,,,,,,,,,,,,,,,,,,,,,,,,,,,,
9856,2500,10186,9858,,0,60,60,61,61,43,43,46,46,54,54,59,59,165,165,1034,1034,1217,1217,1116,1116,1091,1091,994,994,936,936,928,928,983,983,979,979,992,992,1064,1064,1008,1008,527,527,330,330,216,216,158,158,85,85,,,,,,,,,,,,,,,,,,,,,,,,,,,,,,,,,,,,,,,,,,,,,,,,
9857,2500,9853,9860,,0,44,44,46,46,32,32,34,34,40,40,44,44,122,122,1037,1037,1195,1195,1144,1144,1114,1114,1024,1024,952,952,976,976,977,977,1009,1009,1021,1021,1079,1079,999,999,376,376,237,237,157,157,114,114,60,60,,,,,,,,,,,,,,,,,,,,,,,,,,,,,,,,,,,,,,,,,,,,,,,,
9858,2500,9869,9856,9854;9886,2,60,60,61,61,43,43,46,46,54,54,59,59,165,165,1034,1034,1217,1217,1116,1116,1091,1091,994,994,936,936,928,928,983,983,979,979,992,992,1064,1064,1008,1008,527,527,330,330,216,216,158,158,85,85,,,,,,,,,,,,,,,,,,,,,,,,,,,,,,,,,,,,,,,,,,,,,,,,
9859,800,10211,9863,,0,0,0,0,0,0,0,0,0,0,0,0,0,1,1,4,4,5,5,4,4,4,4,4,4,3,3,4,4,4,4,4,4,4,4,4,4,4,4,2,2,1,1,1,1,0,0,0,0,,,,,,,,,,,,,,,,,,,,,,,,,,,,,,,,,,,,,,,,,,,,,,,,
9860,3000,9866,9855,9857;10189;9868,3,44,44,46,46,32,32,34,34,40,40,44,44,122,122,1037,1037,1195,1195,1144,1144,1114,1114,1024,1024,952,952,976,976,977,977,1009,1009,1021,1021,1079,1079,999,999,376,376,237,237,157,157,114,114,60,60,,,,,,,,,,,,,,,,,,,,,,,,,,,,,,,,,,,,,,,,,,,,,,,,
9861,1600,10209,9863,,0,0,0,0,0,0,0,0,0,0,0,0,0,0,0,2,2,2,2,2,2,2,2,2,2,2,2,2,2,2,2,2,2,2,2,2,2,2,2,1,1,0,0,0,0,0,0,0,0,,,,,,,,,,,,,,,,,,,,,,,,,,,,,,,,,,,,,,,,,,,,,,,,
9862,1650,,6084,,0,60,60,61,61,43,43,46,46,54,54,59,59,165,165,1034,1034,1217,1217,1116,1116,1091,1091,994,994,936,936,928,928,983,983,979,979,992,992,1064,1064,1008,1008,527,527,330,330,216,216,158,158,85,85,,,,,,,,,,,,,,,,,,,,,,,,,,,,,,,,,,,,,,,,,,,,,,,,
9863,1600,10204,9859,9861;9877,2,0,0,0,0,0,0,0,0,0,0,0,0,1,1,4,4,5,5,4,4,4,4,4,4,4,4,4,4,4,4,4,4,4,4,4,4,4,4,2,2,1,1,1,1,1,1,0,0,,,,,,,,,,,,,,,,,,,,,,,,,,,,,,,,,,,,,,,,,,,,,,,,
9864,4400,10213,514,,0,44,44,46,46,32,32,34,34,40,40,44,44,122,122,1037,1037,1195,1195,1144,1144,1114,1114,1024,1024,952,952,976,976,977,977,1009,1009,1021,1021,1079,1079,999,999,376,376,237,237,157,157,114,114,60,60,,,,,,,,,,,,,,,,,,,,,,,,,,,,,,,,,,,,,,,,,,,,,,,,
9865,1600,9853,9871,,0,0,0,0,0,0,0,0,0,0,0,0,0,1,1,5,5,6,6,6,6,6,6,5,5,5,5,5,5,5,5,5,5,5,5,5,5,5,5,2,2,1,1,1,1,1,1,0,0,,,,,,,,,,,,,,,,,,,,,,,,,,,,,,,,,,,,,,,,,,,,,,,,
9866,1200,9860,9871,9868,1,0,0,0,0,0,0,0,0,0,0,0,0,1,1,6,6,7,7,7,7,6,6,6,6,5,5,6,6,6,6,6,6,6,6,6,6,6,6,3,3,2,2,1,1,1,1,0,0,,,,,,,,,,,,,,,,,,,,,,,,,,,,,,,,,,,,,,,,,,,,,,,,
9867,1500,10192,10193,,0,44,44,46,46,32,32,34,34,40,40,44,44,122,122,1037,1037,1195,1195,1144,1144,1114,1114,1024,1024,952,952,976,976,977,977,1009,1009,1021,1021,1079,1079,999,999,376,376,237,237,157,157,114,114,60,60,,,,,,,,,,,,,,,,,,,,,,,,,,,,,,,,,,,,,,,,,,,,,,,,
9868,1600,9874,9866,9860,1,0,0,0,0,0,0,0,0,0,0,0,0,1,1,7,7,9,9,8,8,8,8,7,7,7,7,7,7,7,7,7,7,7,7,8,8,7,7,3,3,2,2,1,1,1,1,1,1,,,,,,,,,,,,,,,,,,,,,,,,,,,,,,,,,,,,,,,,,,,,,,,,
9869,1600,9858,10184,,0,0,0,0,0,0,0,0,0,0,0,0,0,1,1,5,5,5,5,5,5,5,5,4,4,4,4,4,4,4,4,4,4,4,4,5,5,5,5,2,2,1,1,1,1,1,1,0,0,,,,,,,,,,,,,,,,,,,,,,,,,,,,,,,,,,,,,,,,,,,,,,,,
9870,1500,9874,10190,,0,44,44,46,46,32,32,34,34,40,40,44,44,122,122,1037,1037,1195,1195,1144,1144,1114,1114,1024,1024,952,952,976,976,977,977,1009,1009,1021,1021,1079,1079,999,999,376,376,237,237,157,157,114,114,60,60,,,,,,,,,,,,,,,,,,,,,,,,,,,,,,,,,,,,,,,,,,,,,,,,
9871,2000,9889,9866,9865;9882,2,44,44,46,46,32,32,34,34,40,40,44,44,122,122,1037,1037,1195,1195,1144,1144,1114,1114,1024,1024,952,952,976,976,977,977,1009,1009,1021,1021,1079,1079,999,999,376,376,237,237,157,157,114,114,60,60,,,,,,,,,,,,,,,,,,,,,,,,,,,,,,,,,,,,,,,,,,,,,,,,
9872,1200,,10182,,0,4,4,5,5,3,3,4,4,4,4,4,4,12,12,154,154,174,174,174,174,169,169,156,156,144,144,152,152,144,144,154,154,156,156,162,162,147,147,34,34,22,22,15,15,11,11,6,6,,,,,,,,,,,,,,,,,,,,,,,,,,,,,,,,,,,,,,,,,,,,,,,,
9873,1200,10209,10207,,0,0,0,0,0,0,0,0,0,0,0,0,0,1,1,4,4,5,5,4,4,4,4,4,4,4,4,4,4,4,4,4,4,4,4,4,4,4,4,2,2,1,1,1,1,1,1,0,0,,,,,,,,,,,,,,,,,,,,,,,,,,,,,,,,,,,,,,,,,,,,,,,,
9874,2000,9870,9883,9868;9888,2,44,44,46,46,32,32,34,34,40,40,44,44,122,122,1037,1037,1195,1195,1144,1144,1114,1114,1024,1024,952,952,976,976,977,977,1009,1009,1021,1021,1079,1079,999,999,376,376,237,237,157,157,114,114,60,60,,,,,,,,,,,,,,,,,,,,,,,,,,,,,,,,,,,,,,,,,,,,,,,,
9875,1600,10205,10207,,0,0,0,0,0,0,0,0,0,0,0,0,0,1,1,4,4,4,4,4,4,4,4,4,4,3,3,4,4,4,4,4,4,4,4,4,4,4,4,2,2,1,1,1,1,0,0,0,0,,,,,,,,,,,,,,,,,,,,,,,,,,,,,,,,,,,,,,,,,,,,,,,,
9876,800,10203,9880,,0,0,0,0,0,0,0,0,0,0,0,0,0,0,0,2,2,3,3,2,2,2,2,2,2,2,2,2,2,2,2,2,2,2,2,2,2,2,2,1,1,1,1,0,0,0,0,0,0,,,,,,,,,,,,,,,,,,,,,,,,,,,,,,,,,,,,,,,,,,,,,,,,
9877,2000,9863,9880,,0,44,44,46,46,32,32,34,34,40,40,44,44,122,122,1037,1037,1195,1195,1144,1144,1114,1114,1024,1024,952,952,976,976,977,977,1009,1009,1021,1021,1079,1079,999,999,376,376,237,237,157,157,114,114,60,60,,,,,,,,,,,,,,,,,,,,,,,,,,,,,,,,,,,,,,,,,,,,,,,,
9878,2750,298,9881,,0,44,44,46,46,32,32,34,34,40,40,44,44,122,122,1037,1037,1195,1195,1144,1144,1114,1114,1024,1024,952,952,976,976,977,977,1009,1009,1021,1021,1079,1079,999,999,376,376,237,237,157,157,114,114,60,60,,,,,,,,,,,,,,,,,,,,,,,,,,,,,,,,,,,,,,,,,,,,,,,,
9879,1600,9843,10211,,0,0,0,0,0,0,0,0,0,0,0,0,0,0,0,1,1,1,1,1,1,1,1,1,1,1,1,1,1,1,1,1,1,1,1,1,1,1,1,0,0,0,0,0,0,0,0,0,0,,,,,,,,,,,,,,,,,,,,,,,,,,,,,,,,,,,,,,,,,,,,,,,,
9880,1600,10201,9876,9877;10216,2,0,0,0,0,0,0,0,0,0,0,0,0,0,0,3,3,3,3,3,3,3,3,3,3,2,2,2,2,2,2,3,3,3,3,3,3,3,3,1,1,1,1,0,0,0,0,0,0,,,,,,,,,,,,,,,,,,,,,,,,,,,,,,,,,,,,,,,,,,,,,,,,
9881,2500,10214,10206,9878;9892,2,44,44,46,46,32,32,34,34,40,40,44,44,122,122,1037,1037,1195,1195,1144,1144,1114,1114,1024,1024,952,952,976,976,977,977,1009,1009,1021,1021,1079,1079,999,999,376,376,237,237,157,157,114,114,60,60,,,,,,,,,,,,,,,,,,,,,,,,,,,,,,,,,,,,,,,,,,,,,,,,
9882,3000,9887,9871,,0,44,44,46,46,32,32,34,34,40,40,44,44,122,122,1037,1037,1195,1195,1144,1144,1114,1114,1024,1024,952,952,976,976,977,977,1009,1009,1021,1021,1079,1079,999,999,376,376,237,237,157,157,114,114,60,60,,,,,,,,,,,,,,,,,,,,,,,,,,,,,,,,,,,,,,,,,,,,,,,,
9883,1500,9874,9887,,0,44,44,46,46,32,32,34,34,40,40,44,44,122,122,1037,1037,1195,1195,1144,1144,1114,1114,1024,1024,952,952,976,976,977,977,1009,1009,1021,1021,1079,1079,999,999,376,376,237,237,157,157,114,114,60,60,,,,,,,,,,,,,,,,,,,,,,,,,,,,,,,,,,,,,,,,,,,,,,,,
9884,1600,10202,10205,,0,0,0,0,0,0,0,0,0,0,0,0,0,1,1,5,5,6,6,6,6,6,6,5,5,5,5,5,5,5,5,5,5,5,5,6,6,5,5,2,2,1,1,1,1,1,1,0,0,,,,,,,,,,,,,,,,,,,,,,,,,,,,,,,,,,,,,,,,,,,,,,,,
9885,1200,6080,10205,,0,0,0,0,0,0,0,0,0,0,0,0,0,1,1,6,6,7,7,7,7,7,7,6,6,6,6,6,6,6,6,6,6,6,6,7,7,6,6,3,3,2,2,1,1,1,1,0,0,,,,,,,,,,,,,,,,,,,,,,,,,,,,,,,,,,,,,,,,,,,,,,,,
9886,2500,5304,9858,,0,60,60,61,61,43,43,46,46,54,54,59,59,165,165,1034,1034,1217,1217,1116,1116,1091,1091,994,994,936,936,928,928,983,983,979,979,992,992,1064,1064,1008,1008,527,527,330,330,216,216,158,158,85,85,,,,,,,,,,,,,,,,,,,,,,,,,,,,,,,,,,,,,,,,,,,,,,,,
9887,2500,5332,9883,9882;5328,2,0,0,0,0,0,0,0,0,0,0,0,0,0,0,1138,1138,1201,1201,1284,1284,1257,1257,1168,1168,1084,1084,1145,1145,1051,1051,1179,1179,1173,1173,1211,1211,1091,1091,0,0,0,0,0,0,0,0,0,0,,,,,,,,,,,,,,,,,,,,,,,,,,,,,,,,,,,,,,,,,,,,,,,,
9888,1600,9874,5305,,0,53,53,55,55,38,38,42,42,48,48,53,53,146,146,715,715,891,891,804,804,768,768,707,707,638,638,676,676,679,679,669,669,696,696,738,738,671,671,411,411,264,264,178,178,130,130,66,66,,,,,,,,,,,,,,,,,,,,,,,,,,,,,,,,,,,,,,,,,,,,,,,,
9889,2500,5304,9871,,0,60,60,61,61,43,43,46,46,54,54,59,59,165,165,1034,1034,1217,1217,1116,1116,1091,1091,994,994,936,936,928,928,983,983,979,979,992,992,1064,1064,1008,1008,527,527,330,330,216,216,158,158,85,85,,,,,,,,,,,,,,,,,,,,,,,,,,,,,,,,,,,,,,,,,,,,,,,,
9890,1500,10200,5305,,0,44,44,46,46,32,32,34,34,40,40,44,44,122,122,1037,1037,1195,1195,1144,1144,1114,1114,1024,1024,952,952,976,976,977,977,1009,1009,1021,1021,1079,1079,999,999,376,376,237,237,157,157,114,114,60,60,,,,,,,,,,,,,,,,,,,,,,,,,,,,,,,,,,,,,,,,,,,,,,,,
9891,2500,10184,10024,9852,1,60,60,61,61,43,43,46,46,54,54,59,59,165,165,1034,1034,1217,1217,1116,1116,1091,1091,994,994,936,936,928,928,983,983,979,979,992,992,1064,1064,1008,1008,527,527,330,330,216,216,158,158,85,85,,,,,,,,,,,,,,,,,,,,,,,,,,,,,,,,,,,,,,,,,,,,,,,,
9892,3000,9881,6080,,0,67,67,70,70,49,49,53,53,62,62,67,67,186,186,910,910,1134,1134,1023,1023,977,977,900,900,812,812,861,861,864,864,851,851,886,886,939,939,854,854,524,524,336,336,227,227,165,165,84,84,,,,,,,,,,,,,,,,,,,,,,,,,,,,,,,,,,,,,,,,,,,,,,,,
9893,2000,10182,5915,,0,60,60,61,61,43,43,46,46,54,54,59,59,165,165,1034,1034,1217,1217,1116,1116,1091,1091,994,994,936,936,928,928,983,983,979,979,992,992,1064,1064,1008,1008,527,527,330,330,216,216,158,158,85,85,,,,,,,,,,,,,,,,,,,,,,,,,,,,,,,,,,,,,,,,,,,,,,,,
9894,1600,9896,10017,9788;9803;10031,3,0,0,0,0,0,0,0,0,0,0,0,0,1,1,5,5,5,5,5,5,5,5,4,4,4,4,4,4,4,4,4,4,4,4,5,5,5,5,2,2,1,1,1,1,1,1,0,0,,,,,,,,,,,,,,,,,,,,,,,,,,,,,,,,,,,,,,,,,,,,,,,,
9895,4000,9993,9896,10005;10019;9897,3,60,60,61,61,43,43,46,46,54,54,59,59,165,165,1034,1034,1217,1217,1116,1116,1091,1091,994,994,936,936,928,928,983,983,979,979,992,992,1064,1064,1008,1008,527,527,330,330,216,216,158,158,85,85,,,,,,,,,,,,,,,,,,,,,,,,,,,,,,,,,,,,,,,,,,,,,,,,
9896,4400,17715,10223,166;9784;17716;17717;10052;9780;10051;10053;10054;9786;17722;9788;10071;9796;9894;10072;10076;9803;10075;10073;10074;10008;10007;10006;10005;9895,26,0,0,0,0,0,0,0,0,0,0,0,0,0,0,1138,1138,1201,1201,1284,1284,1257,1257,1168,1168,1084,1084,1145,1145,1051,1051,1179,1179,1173,1173,1211,1211,1091,1091,0,0,0,0,0,0,0,0,0,0,,,,,,,,,,,,,,,,,,,,,,,,,,,,,,,,,,,,,,,,,,,,,,,,
9897,4400,9895,,,0,60,60,61,61,43,43,46,46,54,54,59,59,165,165,1034,1034,1217,1217,1116,1116,1091,1091,994,994,936,936,928,928,983,983,979,979,992,992,1064,1064,1008,1008,527,527,330,330,216,216,158,158,85,85,,,,,,,,,,,,,,,,,,,,,,,,,,,,,,,,,,,,,,,,,,,,,,,,
9898,800,9619,,,0,0,0,0,0,0,0,0,0,0,0,0,0,0,0,2,2,2,2,2,2,2,2,2,2,2,2,2,2,2,2,2,2,2,2,2,2,2,2,1,1,1,1,0,0,0,0,0,0,,,,,,,,,,,,,,,,,,,,,,,,,,,,,,,,,,,,,,,,,,,,,,,,
9899,300,,9900,,0,0,0,0,0,0,0,0,0,0,0,0,0,0,0,1,1,1,1,1,1,1,1,0,0,0,0,0,0,0,0,0,0,0,0,1,1,1,1,0,0,0,0,0,0,0,0,0,0,,,,,,,,,,,,,,,,,,,,,,,,,,,,,,,,,,,,,,,,,,,,,,,,
99,4400,484,65,,0,27,27,28,28,20,20,21,21,25,25,27,27,74,74,1049,1049,1182,1182,1170,1170,1126,1126,1056,1056,970,970,1022,1022,982,982,1052,1052,1066,1066,1112,1112,1010,1010,210,210,134,134,91,91,66,66,34,34,,,,,,,,,,,,,,,,,,,,,,,,,,,,,,,,,,,,,,,,,,,,,,,,
9900,1200,9899,9901,,0,0,0,0,0,0,0,0,0,0,0,0,0,0,0,1,1,1,1,1,1,1,1,1,1,1,1,1,1,1,1,1,1,1,1,1,1,1,1,0,0,0,0,0,0,0,0,0,0,,,,,,,,,,,,,,,,,,,,,,,,,,,,,,,,,,,,,,,,,,,,,,,,
9901,800,9900,9608,9590,1,0,0,0,0,0,0,0,0,0,0,0,0,0,0,1,1,1,1,1,1,1,1,1,1,1,1,1,1,1,1,1,1,1,1,1,1,1,1,0,0,0,0,0,0,0,0,0,0,,,,,,,,,,,,,,,,,,,,,,,,,,,,,,,,,,,,,,,,,,,,,,,,
9902,800,9903,6892,,0,0,0,0,0,0,0,0,0,0,0,0,0,1,1,4,4,5,5,5,5,4,4,4,4,4,4,4,4,4,4,4,4,4,4,4,4,4,4,2,2,1,1,1,1,1,1,0,0,,,,,,,,,,,,,,,,,,,,,,,,,,,,,,,,,,,,,,,,,,,,,,,,
9903,300,9902,6894,9590,1,0,0,0,0,0,0,0,0,0,0,0,0,0,0,0,0,1,1,0,0,0,0,0,0,0,0,0,0,0,0,0,0,0,0,0,0,0,0,0,0,0,0,0,0,0,0,0,0,,,,,,,,,,,,,,,,,,,,,,,,,,,,,,,,,,,,,,,,,,,,,,,,
9904,400,9641,9905,,0,0,0,0,0,0,0,0,0,0,0,0,0,0,0,2,2,2,2,2,2,2,2,2,2,2,2,2,2,2,2,2,2,2,2,2,2,2,2,1,1,1,1,0,0,0,0,0,0,,,,,,,,,,,,,,,,,,,,,,,,,,,,,,,,,,,,,,,,,,,,,,,,
9905,300,9630,9906,9904,1,0,0,0,0,0,0,0,0,0,0,0,0,0,0,2,2,2,2,2,2,2,2,2,2,2,2,2,2,2,2,2,2,2,2,2,2,2,2,1,1,1,1,0,0,0,0,0,0,,,,,,,,,,,,,,,,,,,,,,,,,,,,,,,,,,,,,,,,,,,,,,,,
9906,800,9907,9905,,0,0,0,0,0,0,0,0,0,0,0,0,0,0,0,2,2,2,2,2,2,2,2,2,2,2,2,2,2,2,2,2,2,2,2,2,2,2,2,1,1,1,1,0,0,0,0,0,0,,,,,,,,,,,,,,,,,,,,,,,,,,,,,,,,,,,,,,,,,,,,,,,,
9907,600,9635,9906,9615,1,0,0,0,0,0,0,0,0,0,0,0,0,0,0,2,2,2,2,2,2,2,2,2,2,1,1,1,1,2,2,1,1,2,2,2,2,2,2,1,1,0,0,0,0,0,0,0,0,,,,,,,,,,,,,,,,,,,,,,,,,,,,,,,,,,,,,,,,,,,,,,,,
9908,1200,9585,9909,,0,0,0,0,0,0,0,0,0,0,0,0,0,0,0,1,1,1,1,1,1,1,1,1,1,1,1,1,1,1,1,1,1,1,1,1,1,1,1,0,0,0,0,0,0,0,0,0,0,,,,,,,,,,,,,,,,,,,,,,,,,,,,,,,,,,,,,,,,,,,,,,,,
9909,600,9598,9618,9908,1,0,0,0,0,0,0,0,0,0,0,0,0,0,0,1,1,1,1,1,1,1,1,1,1,1,1,1,1,1,1,1,1,1,1,1,1,1,1,1,1,0,0,0,0,0,0,0,0,,,,,,,,,,,,,,,,,,,,,,,,,,,,,,,,,,,,,,,,,,,,,,,,
9910,800,9911,9670,,0,0,0,0,0,0,0,0,0,0,0,0,0,0,0,1,1,1,1,1,1,1,1,1,1,1,1,1,1,1,1,1,1,1,1,1,1,1,1,1,1,0,0,0,0,0,0,0,0,,,,,,,,,,,,,,,,,,,,,,,,,,,,,,,,,,,,,,,,,,,,,,,,
9911,800,9666,9910,9660,1,0,0,0,0,0,0,0,0,0,0,0,0,0,0,1,1,2,2,2,2,2,2,1,1,1,1,1,1,1,1,1,1,1,1,1,1,1,1,1,1,0,0,0,0,0,0,0,0,,,,,,,,,,,,,,,,,,,,,,,,,,,,,,,,,,,,,,,,,,,,,,,,
9912,1200,9585,9913,,0,0,0,0,0,0,0,0,0,0,0,0,0,0,0,1,1,1,1,1,1,1,1,1,1,1,1,1,1,1,1,1,1,1,1,1,1,1,1,0,0,0,0,0,0,0,0,0,0,,,,,,,,,,,,,,,,,,,,,,,,,,,,,,,,,,,,,,,,,,,,,,,,
9913,400,9593,9600,9912,1,0,0,0,0,0,0,0,0,0,0,0,0,0,0,1,1,1,1,1,1,1,1,1,1,1,1,1,1,1,1,1,1,1,1,1,1,1,1,0,0,0,0,0,0,0,0,0,0,,,,,,,,,,,,,,,,,,,,,,,,,,,,,,,,,,,,,,,,,,,,,,,,
9914,1200,9915,9623,,0,0,0,0,0,0,0,0,0,0,0,0,0,0,0,2,2,2,2,2,2,2,2,2,2,2,2,2,2,2,2,2,2,2,2,2,2,2,2,1,1,1,1,0,0,0,0,0,0,,,,,,,,,,,,,,,,,,,,,,,,,,,,,,,,,,,,,,,,,,,,,,,,
9915,400,9648,9914,9621,1,0,0,0,0,0,0,0,0,0,0,0,0,0,0,3,3,3,3,3,3,3,3,3,3,2,2,2,2,2,2,2,2,3,3,3,3,3,3,1,1,1,1,1,1,0,0,0,0,,,,,,,,,,,,,,,,,,,,,,,,,,,,,,,,,,,,,,,,,,,,,,,,
9916,4400,10143,9917,,0,67,67,70,70,49,49,53,53,62,62,67,67,186,186,910,910,1134,1134,1023,1023,977,977,900,900,812,812,861,861,864,864,851,851,886,886,939,939,854,854,524,524,336,336,227,227,165,165,84,84,,,,,,,,,,,,,,,,,,,,,,,,,,,,,,,,,,,,,,,,,,,,,,,,
9917,800,9916,9683,9918,1,0,0,0,0,0,0,0,0,0,0,0,0,0,0,3,3,4,4,3,3,3,3,3,3,3,3,3,3,3,3,3,3,3,3,3,3,3,3,2,2,1,1,1,1,0,0,0,0,,,,,,,,,,,,,,,,,,,,,,,,,,,,,,,,,,,,,,,,,,,,,,,,
9918,2500,9917,9919,,0,67,67,70,70,49,49,53,53,62,62,67,67,186,186,910,910,1134,1134,1023,1023,977,977,900,900,812,812,861,861,864,864,851,851,886,886,939,939,854,854,524,524,336,336,227,227,165,165,84,84,,,,,,,,,,,,,,,,,,,,,,,,,,,,,,,,,,,,,,,,,,,,,,,,
9919,800,9668,9646,9918,1,0,0,0,0,0,0,0,0,0,0,0,0,0,0,3,3,4,4,3,3,3,3,3,3,3,3,3,3,3,3,3,3,3,3,3,3,3,3,2,2,1,1,1,1,0,0,0,0,,,,,,,,,,,,,,,,,,,,,,,,,,,,,,,,,,,,,,,,,,,,,,,,
9920,4400,9675,9921,,0,67,67,70,70,49,49,53,53,62,62,67,67,186,186,910,910,1134,1134,1023,1023,977,977,900,900,812,812,861,861,864,864,851,851,886,886,939,939,854,854,524,524,336,336,227,227,165,165,84,84,,,,,,,,,,,,,,,,,,,,,,,,,,,,,,,,,,,,,,,,,,,,,,,,
9921,800,9920,10122,9922,1,0,0,0,0,0,0,0,0,0,0,0,0,0,0,3,3,4,4,3,3,3,3,3,3,3,3,3,3,3,3,3,3,3,3,3,3,3,3,2,2,1,1,1,1,0,0,0,0,,,,,,,,,,,,,,,,,,,,,,,,,,,,,,,,,,,,,,,,,,,,,,,,
9922,2000,9923,9921,,0,67,67,70,70,49,49,53,53,62,62,67,67,186,186,910,910,1134,1134,1023,1023,977,977,900,900,812,812,861,861,864,864,851,851,886,886,939,939,854,854,524,524,336,336,227,227,165,165,84,84,,,,,,,,,,,,,,,,,,,,,,,,,,,,,,,,,,,,,,,,,,,,,,,,
9923,400,9673,9633,9922,1,0,0,0,0,0,0,0,0,0,0,0,0,0,0,3,3,4,4,3,3,3,3,3,3,3,3,3,3,3,3,3,3,3,3,3,3,3,3,2,2,1,1,1,1,0,0,0,0,,,,,,,,,,,,,,,,,,,,,,,,,,,,,,,,,,,,,,,,,,,,,,,,
9924,1200,9931,9925,,0,0,0,0,0,0,0,0,0,0,0,0,0,0,0,3,3,4,4,3,3,3,3,3,3,3,3,3,3,3,3,3,3,3,3,3,3,3,3,2,2,1,1,1,1,0,0,0,0,,,,,,,,,,,,,,,,,,,,,,,,,,,,,,,,,,,,,,,,,,,,,,,,
9925,300,9628,9633,9924,1,0,0,0,0,0,0,0,0,0,0,0,0,0,0,3,3,3,3,3,3,3,3,3,3,3,3,3,3,3,3,3,3,3,3,3,3,3,3,1,1,1,1,1,1,0,0,0,0,,,,,,,,,,,,,,,,,,,,,,,,,,,,,,,,,,,,,,,,,,,,,,,,
9926,800,9645,9927,,0,0,0,0,0,0,0,0,0,0,0,0,0,0,0,2,2,3,3,3,3,2,2,2,2,2,2,2,2,2,2,2,2,2,2,2,2,2,2,1,1,1,1,0,0,0,0,0,0,,,,,,,,,,,,,,,,,,,,,,,,,,,,,,,,,,,,,,,,,,,,,,,,
9927,800,9926,9928,9634,1,0,0,0,0,0,0,0,0,0,0,0,0,0,0,2,2,2,2,2,2,2,2,2,2,2,2,2,2,2,2,2,2,2,2,2,2,2,2,1,1,1,1,0,0,0,0,0,0,,,,,,,,,,,,,,,,,,,,,,,,,,,,,,,,,,,,,,,,,,,,,,,,
9928,800,9929,9927,,0,0,0,0,0,0,0,0,0,0,0,0,0,0,0,2,2,2,2,2,2,2,2,2,2,2,2,2,2,2,2,2,2,2,2,2,2,2,2,1,1,0,0,0,0,0,0,0,0,,,,,,,,,,,,,,,,,,,,,,,,,,,,,,,,,,,,,,,,,,,,,,,,
9929,800,9928,9930,9626,1,0,0,0,0,0,0,0,0,0,0,0,0,0,0,1,1,2,2,2,2,1,1,1,1,1,1,1,1,1,1,1,1,1,1,1,1,1,1,1,1,0,0,0,0,0,0,0,0,,,,,,,,,,,,,,,,,,,,,,,,,,,,,,,,,,,,,,,,,,,,,,,,
9930,800,9929,9931,,0,0,0,0,0,0,0,0,0,0,0,0,0,0,0,1,1,1,1,1,1,1,1,1,1,1,1,1,1,1,1,1,1,1,1,1,1,1,1,0,0,0,0,0,0,0,0,0,0,,,,,,,,,,,,,,,,,,,,,,,,,,,,,,,,,,,,,,,,,,,,,,,,
9931,800,9932,9930,9924,1,0,0,0,0,0,0,0,0,0,0,0,0,0,0,1,1,1,1,1,1,1,1,1,1,1,1,1,1,1,1,1,1,1,1,1,1,1,1,0,0,0,0,0,0,0,0,0,0,,,,,,,,,,,,,,,,,,,,,,,,,,,,,,,,,,,,,,,,,,,,,,,,
9932,800,9931,9933,,0,0,0,0,0,0,0,0,0,0,0,0,0,0,0,3,3,4,4,3,3,3,3,3,3,3,3,3,3,3,3,3,3,3,3,3,3,3,3,2,2,1,1,1,1,0,0,0,0,,,,,,,,,,,,,,,,,,,,,,,,,,,,,,,,,,,,,,,,,,,,,,,,
9933,800,9632,9932,9601,1,0,0,0,0,0,0,0,0,0,0,0,0,0,0,3,3,4,4,3,3,3,3,3,3,3,3,3,3,3,3,3,3,3,3,3,3,3,3,2,2,1,1,1,1,0,0,0,0,,,,,,,,,,,,,,,,,,,,,,,,,,,,,,,,,,,,,,,,,,,,,,,,
9934,2500,9607,9935,,0,67,67,70,70,49,49,53,53,62,62,67,67,186,186,910,910,1134,1134,1023,1023,977,977,900,900,812,812,861,861,864,864,851,851,886,886,939,939,854,854,524,524,336,336,227,227,165,165,84,84,,,,,,,,,,,,,,,,,,,,,,,,,,,,,,,,,,,,,,,,,,,,,,,,
9935,1000,6901,9936,9934,1,67,67,70,70,49,49,53,53,62,62,67,67,186,186,910,910,1134,1134,1023,1023,977,977,900,900,812,812,861,861,864,864,851,851,886,886,939,939,854,854,524,524,336,336,227,227,165,165,84,84,,,,,,,,,,,,,,,,,,,,,,,,,,,,,,,,,,,,,,,,,,,,,,,,
9936,800,9935,9937,9632,1,0,0,0,0,0,0,0,0,0,0,0,0,0,0,3,3,4,4,3,3,3,3,3,3,3,3,3,3,3,3,3,3,3,3,3,3,3,3,2,2,1,1,1,1,0,0,0,0,,,,,,,,,,,,,,,,,,,,,,,,,,,,,,,,,,,,,,,,,,,,,,,,
9937,1200,9938,9936,9587,1,0,0,0,0,0,0,0,0,0,0,0,0,0,0,3,3,3,3,3,3,3,3,3,3,3,3,3,3,3,3,3,3,3,3,3,3,3,3,1,1,1,1,1,1,0,0,0,0,,,,,,,,,,,,,,,,,,,,,,,,,,,,,,,,,,,,,,,,,,,,,,,,
9938,800,9939,9937,,0,33,33,31,31,22,22,23,23,26,26,31,31,88,88,1055,1055,1119,1119,1058,1058,1080,1080,966,966,980,980,861,861,1008,1008,1021,1021,988,988,1080,1080,1096,1096,421,421,249,249,150,150,110,110,68,68,,,,,,,,,,,,,,,,,,,,,,,,,,,,,,,,,,,,,,,,,,,,,,,,
9939,300,9940,6896,9938,1,0,0,0,0,0,0,0,0,0,0,0,0,0,0,0,0,0,0,0,0,0,0,0,0,0,0,0,0,0,0,0,0,0,0,0,0,0,0,0,0,0,0,0,0,0,0,0,0,,,,,,,,,,,,,,,,,,,,,,,,,,,,,,,,,,,,,,,,,,,,,,,,
9940,1200,9939,6908,,0,0,0,0,0,0,0,0,0,0,0,0,0,0,0,3,3,4,4,3,3,3,3,3,3,3,3,3,3,3,3,3,3,3,3,3,3,3,3,2,2,1,1,1,1,0,0,0,0,,,,,,,,,,,,,,,,,,,,,,,,,,,,,,,,,,,,,,,,,,,,,,,,
9941,4400,9645,9942,,0,67,67,70,70,49,49,53,53,62,62,67,67,186,186,910,910,1134,1134,1023,1023,977,977,900,900,812,812,861,861,864,864,851,851,886,886,939,939,854,854,524,524,336,336,227,227,165,165,84,84,,,,,,,,,,,,,,,,,,,,,,,,,,,,,,,,,,,,,,,,,,,,,,,,
9942,800,9627,9943,9941,1,0,0,0,0,0,0,0,0,0,0,0,0,0,0,2,2,3,3,3,3,2,2,2,2,2,2,2,2,2,2,2,2,2,2,2,2,2,2,1,1,1,1,0,0,0,0,0,0,,,,,,,,,,,,,,,,,,,,,,,,,,,,,,,,,,,,,,,,,,,,,,,,
9943,4000,9944,9942,,0,67,67,70,70,49,49,53,53,62,62,67,67,186,186,910,910,1134,1134,1023,1023,977,977,900,900,812,812,861,861,864,864,851,851,886,886,939,939,854,854,524,524,336,336,227,227,165,165,84,84,,,,,,,,,,,,,,,,,,,,,,,,,,,,,,,,,,,,,,,,,,,,,,,,
9944,800,9644,9620,9943,1,0,0,0,0,0,0,0,0,0,0,0,0,0,0,2,2,3,3,3,3,2,2,2,2,2,2,2,2,2,2,2,2,2,2,2,2,2,2,1,1,1,1,0,0,0,0,0,0,,,,,,,,,,,,,,,,,,,,,,,,,,,,,,,,,,,,,,,,,,,,,,,,
9945,1200,9946,9612,,0,0,0,0,0,0,0,0,0,0,0,0,0,0,0,2,2,2,2,2,2,2,2,2,2,2,2,2,2,2,2,2,2,2,2,2,2,2,2,1,1,0,0,0,0,0,0,0,0,,,,,,,,,,,,,,,,,,,,,,,,,,,,,,,,,,,,,,,,,,,,,,,,
9946,300,9945,9616,9649,1,0,0,0,0,0,0,0,0,0,0,0,0,0,0,2,2,2,2,2,2,2,2,2,2,2,2,2,2,2,2,2,2,2,2,2,2,2,2,1,1,0,0,0,0,0,0,0,0,,,,,,,,,,,,,,,,,,,,,,,,,,,,,,,,,,,,,,,,,,,,,,,,
9947,800,9612,9948,,0,0,0,0,0,0,0,0,0,0,0,0,0,0,0,2,2,2,2,2,2,2,2,2,2,2,2,2,2,2,2,2,2,2,2,2,2,2,2,1,1,0,0,0,0,0,0,0,0,,,,,,,,,,,,,,,,,,,,,,,,,,,,,,,,,,,,,,,,,,,,,,,,
9948,300,9947,9605,9949,1,0,0,0,0,0,0,0,0,0,0,0,0,0,0,2,2,2,2,2,2,2,2,1,1,1,1,1,1,1,1,1,1,2,2,2,2,2,2,1,1,0,0,0,0,0,0,0,0,,,,,,,,,,,,,,,,,,,,,,,,,,,,,,,,,,,,,,,,,,,,,,,,
9949,600,9950,9948,,0,0,0,0,0,0,0,0,0,0,0,0,0,0,0,1,1,2,2,2,2,2,2,1,1,1,1,1,1,1,1,1,1,1,1,2,2,1,1,1,1,0,0,0,0,0,0,0,0,,,,,,,,,,,,,,,,,,,,,,,,,,,,,,,,,,,,,,,,,,,,,,,,
9950,400,9594,9951,9949,1,0,0,0,0,0,0,0,0,0,0,0,0,0,0,1,1,2,2,1,1,1,1,1,1,1,1,1,1,1,1,1,1,1,1,1,1,1,1,1,1,0,0,0,0,0,0,0,0,,,,,,,,,,,,,,,,,,,,,,,,,,,,,,,,,,,,,,,,,,,,,,,,
9951,600,9952,9950,,0,0,0,0,0,0,0,0,0,0,0,0,0,0,0,1,1,1,1,1,1,1,1,1,1,1,1,1,1,1,1,1,1,1,1,1,1,1,1,0,0,0,0,0,0,0,0,0,0,,,,,,,,,,,,,,,,,,,,,,,,,,,,,,,,,,,,,,,,,,,,,,,,
9952,300,9595,9951,9606,1,0,0,0,0,0,0,0,0,0,0,0,0,0,0,1,1,1,1,1,1,1,1,1,1,1,1,1,1,1,1,1,1,1,1,1,1,1,1,0,0,0,0,0,0,0,0,0,0,,,,,,,,,,,,,,,,,,,,,,,,,,,,,,,,,,,,,,,,,,,,,,,,
9953,4400,9954,9612,,0,67,67,70,70,49,49,53,53,62,62,67,67,186,186,910,910,1134,1134,1023,1023,977,977,900,900,812,812,861,861,864,864,851,851,886,886,939,939,854,854,524,524,336,336,227,227,165,165,84,84,,,,,,,,,,,,,,,,,,,,,,,,,,,,,,,,,,,,,,,,,,,,,,,,
9954,800,9955,9596,9953,1,0,0,0,0,0,0,0,0,0,0,0,0,0,0,2,2,3,3,2,2,2,2,2,2,2,2,2,2,2,2,2,2,2,2,2,2,2,2,1,1,1,1,0,0,0,0,0,0,,,,,,,,,,,,,,,,,,,,,,,,,,,,,,,,,,,,,,,,,,,,,,,,
9955,800,9954,9956,,0,0,0,0,0,0,0,0,0,0,0,0,0,0,0,2,2,2,2,2,2,2,2,2,2,2,2,2,2,2,2,2,2,2,2,2,2,2,2,1,1,1,1,0,0,0,0,0,0,,,,,,,,,,,,,,,,,,,,,,,,,,,,,,,,,,,,,,,,,,,,,,,,
9956,800,9955,9617,9957,1,0,0,0,0,0,0,0,0,0,0,0,0,0,0,2,2,2,2,2,2,2,2,2,2,2,2,2,2,2,2,2,2,2,2,2,2,2,2,1,1,0,0,0,0,0,0,0,0,,,,,,,,,,,,,,,,,,,,,,,,,,,,,,,,,,,,,,,,,,,,,,,,
9957,400,9956,9958,,0,0,0,0,0,0,0,0,0,0,0,0,0,0,0,2,2,2,2,2,2,2,2,2,2,2,2,2,2,2,2,2,2,2,2,2,2,2,2,1,1,1,1,0,0,0,0,0,0,,,,,,,,,,,,,,,,,,,,,,,,,,,,,,,,,,,,,,,,,,,,,,,,
9958,800,9611,9592,9957,1,0,0,0,0,0,0,0,0,0,0,0,0,0,0,2,2,2,2,2,2,2,2,2,2,2,2,2,2,2,2,2,2,2,2,2,2,2,2,1,1,1,1,0,0,0,0,0,0,,,,,,,,,,,,,,,,,,,,,,,,,,,,,,,,,,,,,,,,,,,,,,,,
9959,4400,9960,9589,,0,67,67,70,70,49,49,53,53,62,62,67,67,186,186,910,910,1134,1134,1023,1023,977,977,900,900,812,812,861,861,864,864,851,851,886,886,939,939,854,854,524,524,336,336,227,227,165,165,84,84,,,,,,,,,,,,,,,,,,,,,,,,,,,,,,,,,,,,,,,,,,,,,,,,
9960,800,9611,9604,9959,1,0,0,0,0,0,0,0,0,0,0,0,0,0,0,2,2,3,3,3,3,3,3,2,2,2,2,2,2,2,2,2,2,2,2,3,3,2,2,1,1,1,1,0,0,0,0,0,0,,,,,,,,,,,,,,,,,,,,,,,,,,,,,,,,,,,,,,,,,,,,,,,,
9961,800,9964,9640,,0,33,33,31,31,22,22,23,23,26,26,31,31,88,88,1055,1055,1119,1119,1058,1058,1080,1080,966,966,980,980,861,861,1008,1008,1021,1021,988,988,1080,1080,1096,1096,421,421,249,249,150,150,110,110,68,68,,,,,,,,,,,,,,,,,,,,,,,,,,,,,,,,,,,,,,,,,,,,,,,,
9962,800,9651,9662,9963,1,0,0,0,0,0,0,0,0,0,0,0,0,0,0,1,1,1,1,1,1,1,1,1,1,1,1,1,1,1,1,1,1,1,1,1,1,1,1,0,0,0,0,0,0,0,0,0,0,,,,,,,,,,,,,,,,,,,,,,,,,,,,,,,,,,,,,,,,,,,,,,,,
9963,800,9964,9962,,0,0,0,0,0,0,0,0,0,0,0,0,0,0,0,1,1,1,1,1,1,1,1,1,1,1,1,1,1,1,1,1,1,1,1,1,1,1,1,0,0,0,0,0,0,0,0,0,0,,,,,,,,,,,,,,,,,,,,,,,,,,,,,,,,,,,,,,,,,,,,,,,,
9964,800,9642,9961,9963,1,0,0,0,0,0,0,0,0,0,0,0,0,0,0,1,1,1,1,1,1,1,1,1,1,1,1,1,1,1,1,1,1,1,1,1,1,1,1,0,0,0,0,0,0,0,0,0,0,,,,,,,,,,,,,,,,,,,,,,,,,,,,,,,,,,,,,,,,,,,,,,,,
9965,1200,9671,9966,,0,0,0,0,0,0,0,0,0,0,0,0,0,0,0,1,1,1,1,1,1,1,1,1,1,1,1,1,1,1,1,1,1,1,1,1,1,1,1,0,0,0,0,0,0,0,0,0,0,,,,,,,,,,,,,,,,,,,,,,,,,,,,,,,,,,,,,,,,,,,,,,,,
9966,800,9655,9967,9965,1,0,0,0,0,0,0,0,0,0,0,0,0,0,0,1,1,1,1,1,1,1,1,1,1,1,1,1,1,1,1,1,1,1,1,1,1,1,1,0,0,0,0,0,0,0,0,0,0,,,,,,,,,,,,,,,,,,,,,,,,,,,,,,,,,,,,,,,,,,,,,,,,
9967,800,9968,9966,,0,0,0,0,0,0,0,0,0,0,0,0,0,0,0,1,1,1,1,1,1,1,1,1,1,1,1,1,1,1,1,1,1,1,1,1,1,1,1,0,0,0,0,0,0,0,0,0,0,,,,,,,,,,,,,,,,,,,,,,,,,,,,,,,,,,,,,,,,,,,,,,,,
9968,800,9647,9667,9967,1,0,0,0,0,0,0,0,0,0,0,0,0,0,0,1,1,1,1,1,1,1,1,1,1,1,1,1,1,1,1,1,1,1,1,1,1,1,1,0,0,0,0,0,0,0,0,0,0,,,,,,,,,,,,,,,,,,,,,,,,,,,,,,,,,,,,,,,,,,,,,,,,
9969,1200,9970,9671,,0,0,0,0,0,0,0,0,0,0,0,0,0,0,0,0,0,1,1,1,1,1,1,0,0,0,0,0,0,0,0,0,0,0,0,1,1,0,0,0,0,0,0,0,0,0,0,0,0,,,,,,,,,,,,,,,,,,,,,,,,,,,,,,,,,,,,,,,,,,,,,,,,
9970,400,9661,9969,9971,1,0,0,0,0,0,0,0,0,0,0,0,0,0,0,1,1,1,1,1,1,1,1,1,1,1,1,1,1,1,1,1,1,1,1,1,1,1,1,0,0,0,0,0,0,0,0,0,0,,,,,,,,,,,,,,,,,,,,,,,,,,,,,,,,,,,,,,,,,,,,,,,,
9971,800,9970,9972,,0,0,0,0,0,0,0,0,0,0,0,0,0,0,0,1,1,1,1,1,1,1,1,1,1,1,1,1,1,1,1,1,1,1,1,1,1,1,1,0,0,0,0,0,0,0,0,0,0,,,,,,,,,,,,,,,,,,,,,,,,,,,,,,,,,,,,,,,,,,,,,,,,
9972,400,9665,9637,9971,1,0,0,0,0,0,0,0,0,0,0,0,0,0,0,1,1,1,1,1,1,1,1,1,1,1,1,1,1,1,1,1,1,1,1,1,1,1,1,0,0,0,0,0,0,0,0,0,0,,,,,,,,,,,,,,,,,,,,,,,,,,,,,,,,,,,,,,,,,,,,,,,,
9973,1200,9974,9625,,0,0,0,0,0,0,0,0,0,0,0,0,0,0,0,1,1,1,1,1,1,1,1,1,1,1,1,1,1,1,1,1,1,1,1,1,1,1,1,0,0,0,0,0,0,0,0,0,0,,,,,,,,,,,,,,,,,,,,,,,,,,,,,,,,,,,,,,,,,,,,,,,,
9974,800,9975,9614,9973,1,0,0,0,0,0,0,0,0,0,0,0,0,0,0,1,1,1,1,1,1,1,1,1,1,1,1,1,1,1,1,1,1,1,1,1,1,1,1,0,0,0,0,0,0,0,0,0,0,,,,,,,,,,,,,,,,,,,,,,,,,,,,,,,,,,,,,,,,,,,,,,,,
9975,800,9974,9976,,0,0,0,0,0,0,0,0,0,0,0,0,0,0,0,1,1,1,1,1,1,1,1,1,1,1,1,1,1,1,1,1,1,1,1,1,1,1,1,0,0,0,0,0,0,0,0,0,0,,,,,,,,,,,,,,,,,,,,,,,,,,,,,,,,,,,,,,,,,,,,,,,,
9976,800,9609,9977,9975,1,0,0,0,0,0,0,0,0,0,0,0,0,0,0,1,1,1,1,1,1,1,1,1,1,1,1,1,1,1,1,1,1,1,1,1,1,1,1,0,0,0,0,0,0,0,0,0,0,,,,,,,,,,,,,,,,,,,,,,,,,,,,,,,,,,,,,,,,,,,,,,,,
9977,1200,9978,9976,,0,0,0,0,0,0,0,0,0,0,0,0,0,0,0,1,1,1,1,1,1,1,1,1,1,1,1,1,1,1,1,1,1,1,1,1,1,1,1,0,0,0,0,0,0,0,0,0,0,,,,,,,,,,,,,,,,,,,,,,,,,,,,,,,,,,,,,,,,,,,,,,,,
9978,800,9624,9602,9977,1,0,0,0,0,0,0,0,0,0,0,0,0,0,0,2,2,2,2,2,2,2,2,2,2,2,2,2,2,2,2,2,2,2,2,2,2,2,2,1,1,0,0,0,0,0,0,0,0,,,,,,,,,,,,,,,,,,,,,,,,,,,,,,,,,,,,,,,,,,,,,,,,
9979,300,,9980,,0,0,0,0,0,0,0,0,0,0,0,0,0,0,0,1,1,1,1,1,1,1,1,1,1,1,1,1,1,1,1,1,1,1,1,1,1,1,1,0,0,0,0,0,0,0,0,0,0,,,,,,,,,,,,,,,,,,,,,,,,,,,,,,,,,,,,,,,,,,,,,,,,
9980,800,9979,9609,9599,1,0,0,0,0,0,0,0,0,0,0,0,0,0,0,1,1,1,1,1,1,1,1,1,1,1,1,1,1,1,1,1,1,1,1,1,1,1,1,0,0,0,0,0,0,0,0,0,0,,,,,,,,,,,,,,,,,,,,,,,,,,,,,,,,,,,,,,,,,,,,,,,,
9981,600,9982,,,0,0,0,0,0,0,0,0,0,0,0,0,0,0,0,1,1,1,1,1,1,1,1,1,1,1,1,1,1,1,1,1,1,1,1,1,1,1,1,0,0,0,0,0,0,0,0,0,0,,,,,,,,,,,,,,,,,,,,,,,,,,,,,,,,,,,,,,,,,,,,,,,,
9982,600,9599,9981,9602,1,0,0,0,0,0,0,0,0,0,0,0,0,0,0,1,1,1,1,1,1,1,1,1,1,1,1,1,1,1,1,1,1,1,1,1,1,1,1,0,0,0,0,0,0,0,0,0,0,,,,,,,,,,,,,,,,,,,,,,,,,,,,,,,,,,,,,,,,,,,,,,,,
9983,800,9992,9984,,0,0,0,0,0,0,0,0,0,0,0,0,0,0,0,2,2,3,3,3,3,2,2,2,2,2,2,2,2,2,2,2,2,2,2,2,2,2,2,1,1,1,1,0,0,0,0,0,0,,,,,,,,,,,,,,,,,,,,,,,,,,,,,,,,,,,,,,,,,,,,,,,,
9984,400,9983,9985,9631,1,0,0,0,0,0,0,0,0,0,0,0,0,0,0,2,2,2,2,2,2,2,2,2,2,2,2,2,2,2,2,2,2,2,2,2,2,2,2,1,1,0,0,0,0,0,0,0,0,,,,,,,,,,,,,,,,,,,,,,,,,,,,,,,,,,,,,,,,,,,,,,,,
9985,600,9986,9984,,0,0,0,0,0,0,0,0,0,0,0,0,0,0,0,1,1,2,2,2,2,2,2,1,1,1,1,1,1,1,1,1,1,1,1,2,2,1,1,1,1,0,0,0,0,0,0,0,0,,,,,,,,,,,,,,,,,,,,,,,,,,,,,,,,,,,,,,,,,,,,,,,,
9986,400,9985,9637,9987,1,0,0,0,0,0,0,0,0,0,0,0,0,0,0,2,2,2,2,2,2,2,2,2,2,2,2,2,2,2,2,2,2,2,2,2,2,2,2,1,1,0,0,0,0,0,0,0,0,,,,,,,,,,,,,,,,,,,,,,,,,,,,,,,,,,,,,,,,,,,,,,,,
9987,800,9988,9986,,0,0,0,0,0,0,0,0,0,0,0,0,0,0,0,2,2,3,3,3,3,2,2,2,2,2,2,2,2,2,2,2,2,2,2,2,2,2,2,1,1,1,1,0,0,0,0,0,0,,,,,,,,,,,,,,,,,,,,,,,,,,,,,,,,,,,,,,,,,,,,,,,,
9988,550,9987,6903,9624,1,67,67,70,70,49,49,53,53,62,62,67,67,186,186,910,910,1134,1134,1023,1023,977,977,900,900,812,812,861,861,864,864,851,851,886,886,939,939,854,854,524,524,336,336,227,227,165,165,84,84,,,,,,,,,,,,,,,,,,,,,,,,,,,,,,,,,,,,,,,,,,,,,,,,
9989,4400,9992,6882,,0,54,54,54,54,38,38,41,41,48,48,53,53,149,149,1126,1126,1279,1279,1185,1185,1176,1176,1064,1064,1030,1030,978,978,1073,1073,1075,1075,1072,1072,1157,1157,1124,1124,530,530,326,326,208,208,152,152,86,86,,,,,,,,,,,,,,,,,,,,,,,,,,,,,,,,,,,,,,,,,,,,,,,,
9990,1200,9991,9757,9667,1,0,0,0,0,0,0,0,0,0,0,0,0,0,0,2,2,3,3,3,3,2,2,2,2,2,2,2,2,2,2,2,2,2,2,2,2,2,2,1,1,1,1,0,0,0,0,0,0,,,,,,,,,,,,,,,,,,,,,,,,,,,,,,,,,,,,,,,,,,,,,,,,
9991,300,9992,9990,,0,0,0,0,0,0,0,0,0,0,0,0,0,0,0,2,2,3,3,3,3,3,3,2,2,2,2,2,2,2,2,2,2,2,2,3,3,2,2,1,1,1,1,0,0,0,0,0,0,,,,,,,,,,,,,,,,,,,,,,,,,,,,,,,,,,,,,,,,,,,,,,,,
9992,1100,9991,9989,9983,1,67,67,70,70,49,49,53,53,62,62,67,67,186,186,910,910,1134,1134,1023,1023,977,977,900,900,812,812,861,861,864,864,851,851,886,886,939,939,854,854,524,524,336,336,227,227,165,165,84,84,,,,,,,,,,,,,,,,,,,,,,,,,,,,,,,,,,,,,,,,,,,,,,,,
9993,3500,9895,9994,,0,60,60,61,61,43,43,46,46,54,54,59,59,165,165,1034,1034,1217,1217,1116,1116,1091,1091,994,994,936,936,928,928,983,983,979,979,992,992,1064,1064,1008,1008,527,527,330,330,216,216,158,158,85,85,,,,,,,,,,,,,,,,,,,,,,,,,,,,,,,,,,,,,,,,,,,,,,,,
9994,300,9993,9795,9760,1,0,0,0,0,0,0,0,0,0,0,0,0,0,0,3,3,4,4,3,3,3,3,3,3,3,3,3,3,3,3,3,3,3,3,3,3,3,3,2,2,1,1,1,1,0,0,0,0,,,,,,,,,,,,,,,,,,,,,,,,,,,,,,,,,,,,,,,,,,,,,,,,
9995,1200,10010,10004,,0,0,0,0,0,0,0,0,0,0,0,0,0,1,1,8,8,9,9,8,8,8,8,7,7,7,7,7,7,7,7,7,7,7,7,8,8,8,8,4,4,2,2,2,2,1,1,1,1,,,,,,,,,,,,,,,,,,,,,,,,,,,,,,,,,,,,,,,,,,,,,,,,
9996,800,9997,10084,9749,1,0,0,0,0,0,0,0,0,0,0,0,0,0,0,3,3,3,3,3,3,3,3,2,2,2,2,2,2,2,2,2,2,2,2,3,3,3,3,1,1,1,1,1,1,0,0,0,0,,,,,,,,,,,,,,,,,,,,,,,,,,,,,,,,,,,,,,,,,,,,,,,,
9997,1200,9998,9996,,0,0,0,0,0,0,0,0,0,0,0,0,0,0,0,3,3,4,4,3,3,3,3,3,3,3,3,3,3,3,3,3,3,3,3,3,3,3,3,2,2,1,1,1,1,0,0,0,0,,,,,,,,,,,,,,,,,,,,,,,,,,,,,,,,,,,,,,,,,,,,,,,,
9998,300,9999,9760,9997,1,0,0,0,0,0,0,0,0,0,0,0,0,0,0,3,3,4,4,3,3,3,3,3,3,3,3,3,3,3,3,3,3,3,3,3,3,3,3,2,2,1,1,1,1,0,0,0,0,,,,,,,,,,,,,,,,,,,,,,,,,,,,,,,,,,,,,,,,,,,,,,,,
9999,2500,9998,10000,,0,60,60,61,61,43,43,46,46,54,54,59,59,165,165,1034,1034,1217,1217,1116,1116,1091,1091,994,994,936,936,928,928,983,983,979,979,992,992,1064,1064,1008,1008,527,527,330,330,216,216,158,158,85,85,,,,,,,,,,,,,,,,,,,,,,,,,,,,,,,,,,,,,,,,,,,,,,,,
tran_0001c305-0530-45d8-a1e8-45b5e6c8c638,4400,tran_1f44e1e9-b1f3-4074-ba51-94c62640ebf2,tran_dd65c98f-a540-4751-b725-8a5b085f8a54,,0,44,44,45,45,32,32,34,34,40,40,44,44,122,122,967,967,1118,1118,1048,1048,1018,1018,940,940,881,881,886,886,916,916,935,935,947,947,1007,1007,945,945,387,387,243,243,159,159,116,116,62,62,,,,,,,,,,,,,,,,,,,,,,,,,,,,,,,,,,,,,,,,,,,,,,,,
tran_005cd04a-f72f-4e55-b54a-1b99a2726f8b,4400,tran_e861b453-fe68-4993-9312-fdfe40365435,tran_c903433a-9d13-49dc-bf8d-3766eb4217b0,,0,44,44,45,45,32,32,34,34,40,40,44,44,122,122,967,967,1118,1118,1048,1048,1018,1018,940,940,881,881,886,886,916,916,935,935,947,947,1007,1007,945,945,387,387,243,243,159,159,116,116,62,62,,,,,,,,,,,,,,,,,,,,,,,,,,,,,,,,,,,,,,,,,,,,,,,,
tran_007f2d69-278f-4179-9858-55bdac0ed09d,300,tran_22621db5-032c-45bf-9419-22f29b5bd8fe,tran_e77b6a81-4bec-4792-9a47-6337ff2418b9,tran_3bc3166f-6a0e-4854-891f-29bedf550c94,1,44,44,45,45,32,32,34,34,40,40,44,44,122,122,967,967,1118,1118,1048,1048,1018,1018,940,940,881,881,886,886,916,916,935,935,947,947,1007,1007,945,945,387,387,243,243,159,159,116,116,62,62,,,,,,,,,,,,,,,,,,,,,,,,,,,,,,,,,,,,,,,,,,,,,,,,
tran_009ede1e-45d6-434b-84f1-d8942f10aabe,4000,tran_f4a22809-791b-4a94-9b8a-1c46d140374a,tran_7e112a6b-1119-4936-a35d-fb8ae3239925,,0,44,44,45,45,32,32,34,34,40,40,44,44,122,122,967,967,1118,1118,1048,1048,1018,1018,940,940,881,881,886,886,916,916,935,935,947,947,1007,1007,945,945,387,387,243,243,159,159,116,116,62,62,,,,,,,,,,,,,,,,,,,,,,,,,,,,,,,,,,,,,,,,,,,,,,,,
tran_00c60951-5815-4037-b78b-fa8424b0367c,4400,tran_79517036-c56b-4d50-a346-5517875303db,tran_0e5eab55-eec0-4395-a256-28c475b127c9,,0,44,44,45,45,32,32,34,34,40,40,44,44,122,122,967,967,1118,1118,1048,1048,1018,1018,940,940,881,881,886,886,916,916,935,935,947,947,1007,1007,945,945,387,387,243,243,159,159,116,116,62,62,,,,,,,,,,,,,,,,,,,,,,,,,,,,,,,,,,,,,,,,,,,,,,,,
tran_00d6bd71-ca9f-4d92-8a1c-35237faedc0d,4400,tran_8f2b61f2-9405-41ee-b322-6db20c796c73,tran_d4927747-b77d-4355-8d0d-e8d745767029,,0,44,44,45,45,32,32,34,34,40,40,44,44,122,122,967,967,1118,1118,1048,1048,1018,1018,940,940,881,881,886,886,916,916,935,935,947,947,1007,1007,945,945,387,387,243,243,159,159,116,116,62,62,,,,,,,,,,,,,,,,,,,,,,,,,,,,,,,,,,,,,,,,,,,,,,,,
tran_00e45579-aae3-41a8-a761-2ec856d36614,550,tran_ca1c5a93-cc87-4b73-9422-f75097416212,tran_d917aaf1-b620-4a6d-a0ce-d81c6ad256eb,tran_5d8d9e40-def0-405c-b128-2209d30d8090,1,44,44,45,45,32,32,34,34,40,40,44,44,122,122,967,967,1118,1118,1048,1048,1018,1018,940,940,881,881,886,886,916,916,935,935,947,947,1007,1007,945,945,387,387,243,243,159,159,116,116,62,62,,,,,,,,,,,,,,,,,,,,,,,,,,,,,,,,,,,,,,,,,,,,,,,,
tran_011ca131-1e93-4a71-bf3d-365435c90433,1100,tran_a28c64af-a486-4530-975c-3d630f0969f5,tran_f5545923-c4ba-42c1-93fd-d8706b73a9f1,tran_5b28a711-d701-4ed9-b5a6-b55360fad3e0;tran_037f5421-96ec-45ba-94f6-1a95511616b3,2,44,44,45,45,32,32,34,34,40,40,44,44,122,122,967,967,1118,1118,1048,1048,1018,1018,940,940,881,881,886,886,916,916,935,935,947,947,1007,1007,945,945,387,387,243,243,159,159,116,116,62,62,,,,,,,,,,,,,,,,,,,,,,,,,,,,,,,,,,,,,,,,,,,,,,,,
tran_0169ef51-e577-4471-a190-2c9c0af43a67,800,tran_79685cbe-5b91-4293-ae38-0782b763121d,tran_a8700842-2ab7-462e-b64f-ebe8cd2bcd32,,0,44,44,45,45,32,32,34,34,40,40,44,44,122,122,967,967,1118,1118,1048,1048,1018,1018,940,940,881,881,886,886,916,916,935,935,947,947,1007,1007,945,945,387,387,243,243,159,159,116,116,62,62,,,,,,,,,,,,,,,,,,,,,,,,,,,,,,,,,,,,,,,,,,,,,,,,
tran_01835bc1-1653-4e67-8fd9-ed97ed5dcdbe,4400,tran_0b1fa315-970c-472a-b0f6-f49386d43bc4,tran_30026e4b-5bad-4243-a0d8-8ebad4e95bc4,,0,44,44,45,45,32,32,34,34,40,40,44,44,122,122,967,967,1118,1118,1048,1048,1018,1018,940,940,881,881,886,886,916,916,935,935,947,947,1007,1007,945,945,387,387,243,243,159,159,116,116,62,62,,,,,,,,,,,,,,,,,,,,,,,,,,,,,,,,,,,,,,,,,,,,,,,,
tran_0188b681-b259-4d17-b1d8-bb7fcd058044,800,tran_40cf00bf-bb44-4235-8e1d-1ae48f122ca8,tran_8a7c1419-09e7-4a15-8b67-c553773a0b89,tran_3433bcb2-c10e-40e7-8b65-78a46cd4bd55;tran_df6c6c6c-2ab6-427c-9403-0182102ccb4e,2,44,44,45,45,32,32,34,34,40,40,44,44,122,122,967,967,1118,1118,1048,1048,1018,1018,940,940,881,881,886,886,916,916,935,935,947,947,1007,1007,945,945,387,387,243,243,159,159,116,116,62,62,,,,,,,,,,,,,,,,,,,,,,,,,,,,,,,,,,,,,,,,,,,,,,,,
tran_0194fe1c-1417-42d6-a14e-bccb4d727be0,4000,tran_79517036-c56b-4d50-a346-5517875303db,tran_d7ac487c-fea8-470a-9d93-08541074e85d,,0,44,44,45,45,32,32,34,34,40,40,44,44,122,122,967,967,1118,1118,1048,1048,1018,1018,940,940,881,881,886,886,916,916,935,935,947,947,1007,1007,945,945,387,387,243,243,159,159,116,116,62,62,,,,,,,,,,,,,,,,,,,,,,,,,,,,,,,,,,,,,,,,,,,,,,,,
tran_01e7a9c3-ce9a-475f-973f-4cfc668b2058,3500,tran_4f10cc1e-b20b-45d6-be90-1f23432adb06,tran_52ba5c9e-ee6f-4bea-9f97-e2eb27482275,,0,44,44,45,45,32,32,34,34,40,40,44,44,122,122,967,967,1118,1118,1048,1048,1018,1018,940,940,881,881,886,886,916,916,935,935,947,947,1007,1007,945,945,387,387,243,243,159,159,116,116,62,62,,,,,,,,,,,,,,,,,,,,,,,,,,,,,,,,,,,,,,,,,,,,,,,,
tran_02258733-6ad7-4b6b-a135-0e0e4abdec19,4400,tran_faa520a5-5678-4dae-87fe-1dbdfb85e1df,tran_30dd0023-3777-4459-a6ea-76d584a28b9b,tran_1279b14f-6987-47e1-a3b0-edb6fd833949;tran_9d2b0759-35d2-497a-8cbf-0c46070f5508,2,44,44,45,45,32,32,34,34,40,40,44,44,122,122,967,967,1118,1118,1048,1048,1018,1018,940,940,881,881,886,886,916,916,935,935,947,947,1007,1007,945,945,387,387,243,243,159,159,116,116,62,62,,,,,,,,,,,,,,,,,,,,,,,,,,,,,,,,,,,,,,,,,,,,,,,,
tran_026a28ab-742f-4885-b8b6-09481db01403,4400,tran_7dce03f3-e5de-487c-a9ee-ef9d6f3f4912,tran_70829790-92c6-4f9b-8649-55398b656fd2,,0,44,44,45,45,32,32,34,34,40,40,44,44,122,122,967,967,1118,1118,1048,1048,1018,1018,940,940,881,881,886,886,916,916,935,935,947,947,1007,1007,945,945,387,387,243,243,159,159,116,116,62,62,,,,,,,,,,,,,,,,,,,,,,,,,,,,,,,,,,,,,,,,,,,,,,,,
tran_02b43726-c956-4602-9707-1f9071aaf519,3500,tran_115b104a-df20-4b4b-b18c-c1c260bdbb1c,tran_383010c1-2cf1-42f3-83d1-291941154c6d,,0,44,44,45,45,32,32,34,34,40,40,44,44,122,122,967,967,1118,1118,1048,1048,1018,1018,940,940,881,881,886,886,916,916,935,935,947,947,1007,1007,945,945,387,387,243,243,159,159,116,116,62,62,,,,,,,,,,,,,,,,,,,,,,,,,,,,,,,,,,,,,,,,,,,,,,,,
tran_02b63488-f599-4f61-8ce3-8feda5346abd,2200,tran_e3708763-7507-4d95-ac7f-9170b106b21f,tran_c55a00f7-ec5d-4383-8538-4fb501c930ea,tran_bdefac06-e1fe-4d75-b7e1-9b82ba3ffd58,1,44,44,45,45,32,32,34,34,40,40,44,44,122,122,967,967,1118,1118,1048,1048,1018,1018,940,940,881,881,886,886,916,916,935,935,947,947,1007,1007,945,945,387,387,243,243,159,159,116,116,62,62,,,,,,,,,,,,,,,,,,,,,,,,,,,,,,,,,,,,,,,,,,,,,,,,
tran_032d7b73-aa02-4d6b-b4b3-e8dcfc57f243,4000,tran_e9da2025-37aa-4d64-be85-00ead90d3fc6,tran_1901f66b-2003-468a-aad2-69bcf1b3b5b4,,0,44,44,45,45,32,32,34,34,40,40,44,44,122,122,967,967,1118,1118,1048,1048,1018,1018,940,940,881,881,886,886,916,916,935,935,947,947,1007,1007,945,945,387,387,243,243,159,159,116,116,62,62,,,,,,,,,,,,,,,,,,,,,,,,,,,,,,,,,,,,,,,,,,,,,,,,
tran_037f5421-96ec-45ba-94f6-1a95511616b3,4400,tran_811b824e-fa46-4818-821b-73beba710c7f,tran_011ca131-1e93-4a71-bf3d-365435c90433,,0,44,44,45,45,32,32,34,34,40,40,44,44,122,122,967,967,1118,1118,1048,1048,1018,1018,940,940,881,881,886,886,916,916,935,935,947,947,1007,1007,945,945,387,387,243,243,159,159,116,116,62,62,,,,,,,,,,,,,,,,,,,,,,,,,,,,,,,,,,,,,,,,,,,,,,,,
tran_038664f0-23e9-470f-9b36-a5058a227d02,1200,tran_bc850f35-76fd-4544-9df9-c7964bb81a51,tran_d32dcb47-878f-4079-a5d0-64ef4a450582,tran_a4381b72-4e4c-4f26-beef-1725f204d61c;tran_a363d6bb-2763-44b0-877f-5ae58ed9f69d,2,44,44,45,45,32,32,34,34,40,40,44,44,122,122,967,967,1118,1118,1048,1048,1018,1018,940,940,881,881,886,886,916,916,935,935,947,947,1007,1007,945,945,387,387,243,243,159,159,116,116,62,62,,,,,,,,,,,,,,,,,,,,,,,,,,,,,,,,,,,,,,,,,,,,,,,,
tran_03a67bf6-ad94-49c8-bf9c-26703b234757,4400,tran_a6902f49-c37e-4b33-8888-89dcd5557096,tran_e3c99975-eada-43a2-9ce6-a6237fe14715,,0,44,44,45,45,32,32,34,34,40,40,44,44,122,122,967,967,1118,1118,1048,1048,1018,1018,940,940,881,881,886,886,916,916,935,935,947,947,1007,1007,945,945,387,387,243,243,159,159,116,116,62,62,,,,,,,,,,,,,,,,,,,,,,,,,,,,,,,,,,,,,,,,,,,,,,,,
tran_03e2e639-d5e7-4ea3-8410-30e8c5c241d1,3850,tran_abaa9e1b-f796-49cf-a113-7e3ec36c5db0,tran_9d2b0759-35d2-497a-8cbf-0c46070f5508,tran_5c4fa3ac-3812-4aeb-85ae-6c863586e6aa;tran_f2bca131-2c05-4c28-90c7-335100301eeb,2,44,44,45,45,32,32,34,34,40,40,44,44,122,122,967,967,1118,1118,1048,1048,1018,1018,940,940,881,881,886,886,916,916,935,935,947,947,1007,1007,945,945,387,387,243,243,159,159,116,116,62,62,,,,,,,,,,,,,,,,,,,,,,,,,,,,,,,,,,,,,,,,,,,,,,,,
tran_03ea36d0-5658-4307-9c4e-9de96a0008c7,3300,tran_8f335b15-a3e4-49fc-bb1f-97473cad4705,tran_79dff284-d536-48c2-9883-256614794fcf,tran_5d73fe31-707f-4480-a771-263e97179962;tran_3aaacea6-a171-4427-902e-7f1062447d1f,2,44,44,45,45,32,32,34,34,40,40,44,44,122,122,967,967,1118,1118,1048,1048,1018,1018,940,940,881,881,886,886,916,916,935,935,947,947,1007,1007,945,945,387,387,243,243,159,159,116,116,62,62,,,,,,,,,,,,,,,,,,,,,,,,,,,,,,,,,,,,,,,,,,,,,,,,
tran_04072f18-559a-4774-b5a0-fffabf9f46a7,2000,tran_239ae957-b987-487d-9c96-0ed8d87c0fc9,tran_c2de5f4e-d5fc-41a5-b484-47501ec14185,,0,44,44,45,45,32,32,34,34,40,40,44,44,122,122,967,967,1118,1118,1048,1048,1018,1018,940,940,881,881,886,886,916,916,935,935,947,947,1007,1007,945,945,387,387,243,243,159,159,116,116,62,62,,,,,,,,,,,,,,,,,,,,,,,,,,,,,,,,,,,,,,,,,,,,,,,,
tran_0410af57-0e51-497c-80a6-86fe4adbbbe0,2500,tran_28cd538a-ec9e-4917-8646-e5a0e4aea0b0,tran_fe8f35c0-3f60-4c5c-9dc0-7e6da4d0dca0,,0,44,44,45,45,32,32,34,34,40,40,44,44,122,122,967,967,1118,1118,1048,1048,1018,1018,940,940,881,881,886,886,916,916,935,935,947,947,1007,1007,945,945,387,387,243,243,159,159,116,116,62,62,,,,,,,,,,,,,,,,,,,,,,,,,,,,,,,,,,,,,,,,,,,,,,,,
tran_041e7ab9-a5e3-4ebd-8be4-4d14069df9e2,4400,tran_24833f42-e4b2-404f-a87b-ccc5863757cb,tran_b4d566ae-0805-47cf-b4c9-b70e298331c2,,0,44,44,45,45,32,32,34,34,40,40,44,44,122,122,967,967,1118,1118,1048,1048,1018,1018,940,940,881,881,886,886,916,916,935,935,947,947,1007,1007,945,945,387,387,243,243,159,159,116,116,62,62,,,,,,,,,,,,,,,,,,,,,,,,,,,,,,,,,,,,,,,,,,,,,,,,
tran_045df786-1079-43f7-880f-cd6d39957dbc,4400,tran_4bbf7e2d-6130-4103-af38-178dc5050b50,tran_4526cad7-5460-43fd-b534-91ad8c691272,,0,44,44,45,45,32,32,34,34,40,40,44,44,122,122,967,967,1118,1118,1048,1048,1018,1018,940,940,881,881,886,886,916,916,935,935,947,947,1007,1007,945,945,387,387,243,243,159,159,116,116,62,62,,,,,,,,,,,,,,,,,,,,,,,,,,,,,,,,,,,,,,,,,,,,,,,,
tran_048787e7-2501-4f45-82a7-05d41416e3dc,3000,tran_9aade559-8aac-4c4f-a806-31ac0246a5cc,tran_9095a14f-094c-412a-9f45-c16183078eae,,0,44,44,45,45,32,32,34,34,40,40,44,44,122,122,967,967,1118,1118,1048,1048,1018,1018,940,940,881,881,886,886,916,916,935,935,947,947,1007,1007,945,945,387,387,243,243,159,159,116,116,62,62,,,,,,,,,,,,,,,,,,,,,,,,,,,,,,,,,,,,,,,,,,,,,,,,
tran_04f708a9-557f-4ba0-99f2-3abeafc22ce8,4400,tran_1f334ccd-3a76-45e6-a59b-68b00e147fa8,tran_68c6b4fa-33fb-4efe-b480-8a0950dc15ca,,0,44,44,45,45,32,32,34,34,40,40,44,44,122,122,967,967,1118,1118,1048,1048,1018,1018,940,940,881,881,886,886,916,916,935,935,947,947,1007,1007,945,945,387,387,243,243,159,159,116,116,62,62,,,,,,,,,,,,,,,,,,,,,,,,,,,,,,,,,,,,,,,,,,,,,,,,
tran_0633e21a-a2a0-416c-830e-3aa7b20b4eed,1200,tran_5f4f5186-5c56-46f6-998c-c549799ea501,tran_e4c25307-dcf2-4953-a64c-f2c8f860961c,tran_c78539c5-eb2b-4c98-8a1a-9eed49ae641f;tran_35cfa2cb-b740-4cb7-bd93-b7ce6974094c,2,44,44,45,45,32,32,34,34,40,40,44,44,122,122,967,967,1118,1118,1048,1048,1018,1018,940,940,881,881,886,886,916,916,935,935,947,947,1007,1007,945,945,387,387,243,243,159,159,116,116,62,62,,,,,,,,,,,,,,,,,,,,,,,,,,,,,,,,,,,,,,,,,,,,,,,,
tran_069e4898-a7c1-4096-8d91-a6d689954a3d,800,tran_db223364-d89f-4b6b-882f-c001a421cf76,tran_e76e2c40-e95b-4d15-8d14-b82195622318,,0,44,44,45,45,32,32,34,34,40,40,44,44,122,122,967,967,1118,1118,1048,1048,1018,1018,940,940,881,881,886,886,916,916,935,935,947,947,1007,1007,945,945,387,387,243,243,159,159,116,116,62,62,,,,,,,,,,,,,,,,,,,,,,,,,,,,,,,,,,,,,,,,,,,,,,,,
tran_06a25a88-552a-4d0a-82e7-3e56d371be74,4400,tran_34b2f358-785b-435e-9937-e1c0960e2470,tran_4182d080-5780-4fb4-9c48-ed2ded2ad814,,0,44,44,45,45,32,32,34,34,40,40,44,44,122,122,967,967,1118,1118,1048,1048,1018,1018,940,940,881,881,886,886,916,916,935,935,947,947,1007,1007,945,945,387,387,243,243,159,159,116,116,62,62,,,,,,,,,,,,,,,,,,,,,,,,,,,,,,,,,,,,,,,,,,,,,,,,
tran_06a681f1-fd91-46dc-bd50-245485e68a1c,4400,tran_57d4275a-b689-4aec-aab1-bbbd8760e67f,tran_2b51662f-c5ed-4a62-85d2-0a5443e73b56,,0,42,42,39,39,28,28,29,29,34,34,39,39,112,112,1343,1343,1424,1424,1347,1347,1375,1375,1229,1229,1247,1247,1096,1096,1282,1282,1299,1299,1257,1257,1375,1375,1394,1394,536,536,316,316,190,190,140,140,87,87,,,,,,,,,,,,,,,,,,,,,,,,,,,,,,,,,,,,,,,,,,,,,,,,
tran_06d6ff2d-4939-4e8e-b40c-eb52544d8019,4400,tran_c5cfd1c3-24b2-46a2-a066-c7044bb25028,tran_261b5675-b583-4faf-8f95-63501e616b2a,,0,44,44,45,45,32,32,34,34,40,40,44,44,122,122,967,967,1118,1118,1048,1048,1018,1018,940,940,881,881,886,886,916,916,935,935,947,947,1007,1007,945,945,387,387,243,243,159,159,116,116,62,62,,,,,,,,,,,,,,,,,,,,,,,,,,,,,,,,,,,,,,,,,,,,,,,,
tran_0770447b-c5a4-40cf-b34d-157cb6509c43,4400,tran_5fdaacd9-12f0-453a-8063-fa4edd822f82,tran_d9481331-69cb-41b5-ba55-b28dd43a9169,,0,44,44,45,45,32,32,34,34,40,40,44,44,122,122,967,967,1118,1118,1048,1048,1018,1018,940,940,881,881,886,886,916,916,935,935,947,947,1007,1007,945,945,387,387,243,243,159,159,116,116,62,62,,,,,,,,,,,,,,,,,,,,,,,,,,,,,,,,,,,,,,,,,,,,,,,,
tran_077dda6a-1449-42f9-8526-f550437784bc,1200,tran_07f68675-7ae4-454c-92a5-137fcd329c2d,tran_d4590ec6-f9be-43e6-b760-a3eb8cf05ea3,,0,44,44,45,45,32,32,34,34,40,40,44,44,122,122,967,967,1118,1118,1048,1048,1018,1018,940,940,881,881,886,886,916,916,935,935,947,947,1007,1007,945,945,387,387,243,243,159,159,116,116,62,62,,,,,,,,,,,,,,,,,,,,,,,,,,,,,,,,,,,,,,,,,,,,,,,,
tran_07b2d90a-15db-4acd-aa9c-e4b30ee03f63,4400,4008,,,0,0,0,0,0,0,0,0,0,0,0,0,0,0,0,1138,1138,1201,1201,1284,1284,1257,1257,1168,1168,1084,1084,1145,1145,1051,1051,1179,1179,1173,1173,1211,1211,1091,1091,0,0,0,0,0,0,0,0,0,0,,,,,,,,,,,,,,,,,,,,,,,,,,,,,,,,,,,,,,,,,,,,,,,,
tran_07f68675-7ae4-454c-92a5-137fcd329c2d,800,tran_16477a20-182e-42c9-a480-d6ea89b9e8c3,tran_077dda6a-1449-42f9-8526-f550437784bc,tran_186c11b0-804a-4988-89e3-3473038e38b7,1,44,44,45,45,32,32,34,34,40,40,44,44,122,122,967,967,1118,1118,1048,1048,1018,1018,940,940,881,881,886,886,916,916,935,935,947,947,1007,1007,945,945,387,387,243,243,159,159,116,116,62,62,,,,,,,,,,,,,,,,,,,,,,,,,,,,,,,,,,,,,,,,,,,,,,,,
tran_0804b2e3-8c40-4809-83d5-1d71936c0db4,1600,tran_9b7384b3-0d05-4909-a9a4-94dd02534a59,tran_2abbc7cc-1f0d-4392-a518-3f9a0d313f73,tran_a5cc36c1-da6f-444c-8422-80300c83416a,1,44,44,45,45,32,32,34,34,40,40,44,44,122,122,967,967,1118,1118,1048,1048,1018,1018,940,940,881,881,886,886,916,916,935,935,947,947,1007,1007,945,945,387,387,243,243,159,159,116,116,62,62,,,,,,,,,,,,,,,,,,,,,,,,,,,,,,,,,,,,,,,,,,,,,,,,
tran_080c767f-cdce-4086-8e11-5c78d848ac2d,400,tran_cc0c0f68-7736-46b9-91c4-714f77e1048f,tran_79973cdc-65d2-4e4c-95b6-df7132622767,tran_124ce716-406c-4a4e-80ce-7662046e4e5d,1,44,44,45,45,32,32,34,34,40,40,44,44,122,122,967,967,1118,1118,1048,1048,1018,1018,940,940,881,881,886,886,916,916,935,935,947,947,1007,1007,945,945,387,387,243,243,159,159,116,116,62,62,,,,,,,,,,,,,,,,,,,,,,,,,,,,,,,,,,,,,,,,,,,,,,,,
tran_08152cbe-edfc-46e9-8aa7-333b6e5a3d63,4000,tran_b7c8b404-4c35-428b-8d42-3e866a933d82,tran_b1bc58ae-becc-42ea-8ab4-f0757bef086e,,0,44,44,45,45,32,32,34,34,40,40,44,44,122,122,967,967,1118,1118,1048,1048,1018,1018,940,940,881,881,886,886,916,916,935,935,947,947,1007,1007,945,945,387,387,243,243,159,159,116,116,62,62,,,,,,,,,,,,,,,,,,,,,,,,,,,,,,,,,,,,,,,,,,,,,,,,
tran_081eadba-9ae1-4e9b-ac5c-8ab91050de84,2750,tran_d67bd27f-4d10-4a05-9e32-7853eba65a34,tran_e90cece4-df80-4828-9e6e-ed490506640c,tran_0c11b786-06ec-42d9-a47d-5bc5a4c713e5;tran_f2b50e7d-e58b-4397-b30d-98815f55b7d2,2,44,44,45,45,32,32,34,34,40,40,44,44,122,122,967,967,1118,1118,1048,1048,1018,1018,940,940,881,881,886,886,916,916,935,935,947,947,1007,1007,945,945,387,387,243,243,159,159,116,116,62,62,,,,,,,,,,,,,,,,,,,,,,,,,,,,,,,,,,,,,,,,,,,,,,,,
tran_0823c138-098f-4fda-aa8b-ad0294e02dbd,800,tran_6359bda5-4ca6-49c7-998a-c2475e291498,tran_1c3376be-c050-45be-be9f-4f85e9669ff8,tran_4a0a33a1-5230-41cd-9143-8280e5b82d6f;tran_404ffaa6-7936-404b-8f25-daf576581051,2,44,44,45,45,32,32,34,34,40,40,44,44,122,122,967,967,1118,1118,1048,1048,1018,1018,940,940,881,881,886,886,916,916,935,935,947,947,1007,1007,945,945,387,387,243,243,159,159,116,116,62,62,,,,,,,,,,,,,,,,,,,,,,,,,,,,,,,,,,,,,,,,,,,,,,,,
tran_084e5006-bb72-4d03-99a1-dcbc66c1817d,1200,tran_e31684ae-95d4-42eb-b3fa-a8fc3c97ffcf,tran_29c58649-cea1-42ed-b067-e90bcad1cfe6,,0,44,44,45,45,32,32,34,34,40,40,44,44,122,122,967,967,1118,1118,1048,1048,1018,1018,940,940,881,881,886,886,916,916,935,935,947,947,1007,1007,945,945,387,387,243,243,159,159,116,116,62,62,,,,,,,,,,,,,,,,,,,,,,,,,,,,,,,,,,,,,,,,,,,,,,,,
tran_0851be4c-1b1e-489d-923c-c7eab58dc9a8,800,tran_9f40debc-7ff1-4f9f-b557-d411fcc6eceb,tran_b3b2b905-2801-4b76-8c29-fc6f15dc9f6c,tran_6e5311f6-bf07-4e4e-8f07-5f252121ea24,1,44,44,45,45,32,32,34,34,40,40,44,44,122,122,967,967,1118,1118,1048,1048,1018,1018,940,940,881,881,886,886,916,916,935,935,947,947,1007,1007,945,945,387,387,243,243,159,159,116,116,62,62,,,,,,,,,,,,,,,,,,,,,,,,,,,,,,,,,,,,,,,,,,,,,,,,
tran_08b89939-b6e1-4001-81b6-dc20b7892b88,4400,tran_6f395174-41d4-4801-816d-3b3dec38d034,tran_8bbe1cfc-cc0c-467b-8abd-270442332055,,0,44,44,45,45,32,32,34,34,40,40,44,44,122,122,967,967,1118,1118,1048,1048,1018,1018,940,940,881,881,886,886,916,916,935,935,947,947,1007,1007,945,945,387,387,243,243,159,159,116,116,62,62,,,,,,,,,,,,,,,,,,,,,,,,,,,,,,,,,,,,,,,,,,,,,,,,
tran_08cbfbe2-964b-4cd6-bcb5-a528915b83a9,4400,tran_5bc234df-5e1d-4c50-9264-a1c4c1b88131,tran_54a45aaa-1c75-4941-9b4f-8f2827f19b94,,0,44,44,45,45,32,32,34,34,40,40,44,44,122,122,967,967,1118,1118,1048,1048,1018,1018,940,940,881,881,886,886,916,916,935,935,947,947,1007,1007,945,945,387,387,243,243,159,159,116,116,62,62,,,,,,,,,,,,,,,,,,,,,,,,,,,,,,,,,,,,,,,,,,,,,,,,
tran_08ef9bd2-27cd-4d7a-b908-4400a839e210,4400,tran_2be81680-ad20-4ffe-aea1-242e1cf2d9f1,tran_1a5c0739-fc9e-4a31-b5f0-400130d8cb6a,,0,44,44,45,45,32,32,34,34,40,40,44,44,122,122,967,967,1118,1118,1048,1048,1018,1018,940,940,881,881,886,886,916,916,935,935,947,947,1007,1007,945,945,387,387,243,243,159,159,116,116,62,62,,,,,,,,,,,,,,,,,,,,,,,,,,,,,,,,,,,,,,,,,,,,,,,,
tran_090498a4-dceb-40e3-8354-db2f7248a7ef,1200,tran_675cf48d-de3f-41cd-8b3b-06f33310046f,tran_20077819-4a3b-4138-bc60-e7d3f1d0279b,tran_36539801-238c-4bfa-9689-fd3770434864,1,44,44,45,45,32,32,34,34,40,40,44,44,122,122,967,967,1118,1118,1048,1048,1018,1018,940,940,881,881,886,886,916,916,935,935,947,947,1007,1007,945,945,387,387,243,243,159,159,116,116,62,62,,,,,,,,,,,,,,,,,,,,,,,,,,,,,,,,,,,,,,,,,,,,,,,,
tran_090e8607-b8f1-4e30-a585-67989b3549c0,4400,11798,tran_2b50a570-5669-46b2-ad8e-6b9bcc0439e5,,0,0,0,0,0,0,0,0,0,0,0,0,0,0,0,1156,1156,1275,1275,1184,1184,1063,1063,1121,1121,1033,1033,1056,1056,1105,1105,1218,1218,1250,1250,1308,1308,1226,1226,0,0,0,0,0,0,0,0,0,0,,,,,,,,,,,,,,,,,,,,,,,,,,,,,,,,,,,,,,,,,,,,,,,,
tran_0954f5ec-7174-428f-867b-030bf5537c82,400,tran_1705c163-5cf5-45ff-9dda-452344380df2,tran_c501ead4-d456-4961-83cd-33958f2e458d,tran_b8e6f8a7-b50e-4f09-abf8-5763757e0861,1,44,44,45,45,32,32,34,34,40,40,44,44,122,122,967,967,1118,1118,1048,1048,1018,1018,940,940,881,881,886,886,916,916,935,935,947,947,1007,1007,945,945,387,387,243,243,159,159,116,116,62,62,,,,,,,,,,,,,,,,,,,,,,,,,,,,,,,,,,,,,,,,,,,,,,,,
tran_09710620-06c9-45e4-bd95-6602c3a26bd7,1200,tran_5025a25e-175f-40cf-a3b0-5d7105635787,tran_d5cd9c31-88d2-4bea-aa2d-b9b3334dd162,,0,44,44,45,45,32,32,34,34,40,40,44,44,122,122,967,967,1118,1118,1048,1048,1018,1018,940,940,881,881,886,886,916,916,935,935,947,947,1007,1007,945,945,387,387,243,243,159,159,116,116,62,62,,,,,,,,,,,,,,,,,,,,,,,,,,,,,,,,,,,,,,,,,,,,,,,,
tran_09a22819-a60f-411f-9d31-adef29686d5e,4400,tran_e84a88b2-b3b2-497c-a886-452efbdac89f,tran_fc04f943-e292-47a2-ac55-bbf6459f3d09,,0,44,44,45,45,32,32,34,34,40,40,44,44,122,122,967,967,1118,1118,1048,1048,1018,1018,940,940,881,881,886,886,916,916,935,935,947,947,1007,1007,945,945,387,387,243,243,159,159,116,116,62,62,,,,,,,,,,,,,,,,,,,,,,,,,,,,,,,,,,,,,,,,,,,,,,,,
tran_09b7f719-fe2c-4d18-bb17-be3a9a7d01f9,400,tran_0ed4f63b-40f3-400f-8064-1e5e70163637,tran_cd1e03de-80d0-4a64-96ea-867f87f0c6d0,,0,44,44,45,45,32,32,34,34,40,40,44,44,122,122,967,967,1118,1118,1048,1048,1018,1018,940,940,881,881,886,886,916,916,935,935,947,947,1007,1007,945,945,387,387,243,243,159,159,116,116,62,62,,,,,,,,,,,,,,,,,,,,,,,,,,,,,,,,,,,,,,,,,,,,,,,,
tran_09f7e2bb-ef12-4282-8ca3-d341c6f4516f,1200,tran_1b1bd41a-ee60-4bfe-9e87-f98f855f45ae,tran_bdee57a5-80c3-4af3-83f9-9d756e5f0005,tran_7f20accf-a795-41cf-8252-1d55889724b8,1,44,44,45,45,32,32,34,34,40,40,44,44,122,122,967,967,1118,1118,1048,1048,1018,1018,940,940,881,881,886,886,916,916,935,935,947,947,1007,1007,945,945,387,387,243,243,159,159,116,116,62,62,,,,,,,,,,,,,,,,,,,,,,,,,,,,,,,,,,,,,,,,,,,,,,,,
tran_0a21935c-8a41-4d0d-b33c-5434ece49a6c,300,tran_dc229769-541a-434a-8c0c-b231fc91370f,tran_9f9ae5f9-23be-41d6-ae9a-6fdc660779de,tran_5f639000-304a-4e33-9be1-b3a15e95bdcd,1,44,44,45,45,32,32,34,34,40,40,44,44,122,122,967,967,1118,1118,1048,1048,1018,1018,940,940,881,881,886,886,916,916,935,935,947,947,1007,1007,945,945,387,387,243,243,159,159,116,116,62,62,,,,,,,,,,,,,,,,,,,,,,,,,,,,,,,,,,,,,,,,,,,,,,,,
tran_0a5a6531-a81f-4e05-a66f-64e05551f476,3500,tran_395c2f3d-ec40-449a-bed8-75a97fcb6875,tran_c9e0e169-2e49-4b5e-94ef-e453e0fd766c,,0,44,44,45,45,32,32,34,34,40,40,44,44,122,122,967,967,1118,1118,1048,1048,1018,1018,940,940,881,881,886,886,916,916,935,935,947,947,1007,1007,945,945,387,387,243,243,159,159,116,116,62,62,,,,,,,,,,,,,,,,,,,,,,,,,,,,,,,,,,,,,,,,,,,,,,,,
tran_0a5abb0f-b53e-4af1-90aa-171a9f68de1c,1200,tran_9e0dd48d-65bd-4618-b476-1a6b0cdfa350,tran_bc05f582-22a6-46a4-8fb2-1980cd2e9e90,,0,44,44,45,45,32,32,34,34,40,40,44,44,122,122,967,967,1118,1118,1048,1048,1018,1018,940,940,881,881,886,886,916,916,935,935,947,947,1007,1007,945,945,387,387,243,243,159,159,116,116,62,62,,,,,,,,,,,,,,,,,,,,,,,,,,,,,,,,,,,,,,,,,,,,,,,,
tran_0a690f2a-b86e-4088-a064-2a73ea48cc57,4400,tran_e9da2025-37aa-4d64-be85-00ead90d3fc6,tran_f1b607c3-0e60-48db-8cd8-9666a57dc888,,0,44,44,45,45,32,32,34,34,40,40,44,44,122,122,967,967,1118,1118,1048,1048,1018,1018,940,940,881,881,886,886,916,916,935,935,947,947,1007,1007,945,945,387,387,243,243,159,159,116,116,62,62,,,,,,,,,,,,,,,,,,,,,,,,,,,,,,,,,,,,,,,,,,,,,,,,
tran_0a698e16-3934-43ce-9dc0-7ffafead684a,3000,tran_d357b143-7c80-4d0f-8f7a-a1259bc84e93,tran_350446de-0bf8-4c4e-9196-78ffe0999fd0,tran_4d95f915-0bbb-46e8-88f2-d00ed3eea0d5,1,44,44,45,45,32,32,34,34,40,40,44,44,122,122,967,967,1118,1118,1048,1048,1018,1018,940,940,881,881,886,886,916,916,935,935,947,947,1007,1007,945,945,387,387,243,243,159,159,116,116,62,62,,,,,,,,,,,,,,,,,,,,,,,,,,,,,,,,,,,,,,,,,,,,,,,,
tran_0a93b1d1-4f2e-400a-90a7-00c1e55f4553,1600,tran_ad85532d-086c-478c-afff-026ac274985c,tran_8409cc6f-a106-437b-b314-f90972ff0bdb,tran_73986f3f-4bad-477a-829e-20f0938ba01b;tran_3593a586-b214-4751-b3f8-b0a6f339ffeb,2,44,44,45,45,32,32,34,34,40,40,44,44,122,122,967,967,1118,1118,1048,1048,1018,1018,940,940,881,881,886,886,916,916,935,935,947,947,1007,1007,945,945,387,387,243,243,159,159,116,116,62,62,,,,,,,,,,,,,,,,,,,,,,,,,,,,,,,,,,,,,,,,,,,,,,,,
tran_0b1fa315-970c-472a-b0f6-f49386d43bc4,1000,tran_81099371-8ff5-48b0-ab3c-7b4e5ae978ba,tran_2d923e89-ffc6-4db0-a4cc-c5454401c7c9,tran_01835bc1-1653-4e67-8fd9-ed97ed5dcdbe;tran_9ddf1a9a-8bfc-4dcf-aa74-0e132078b511,2,44,44,45,45,32,32,34,34,40,40,44,44,122,122,967,967,1118,1118,1048,1048,1018,1018,940,940,881,881,886,886,916,916,935,935,947,947,1007,1007,945,945,387,387,243,243,159,159,116,116,62,62,,,,,,,,,,,,,,,,,,,,,,,,,,,,,,,,,,,,,,,,,,,,,,,,
tran_0b7c6932-f4a2-4669-ad14-f76ff4093bd6,4400,tran_575f458d-7afc-43c9-859a-759fac98bf1e,16280,,0,44,44,45,45,32,32,34,34,40,40,44,44,122,122,967,967,1118,1118,1048,1048,1018,1018,940,940,881,881,886,886,916,916,935,935,947,947,1007,1007,945,945,387,387,243,243,159,159,116,116,62,62,,,,,,,,,,,,,,,,,,,,,,,,,,,,,,,,,,,,,,,,,,,,,,,,
tran_0c11b786-06ec-42d9-a47d-5bc5a4c713e5,4400,tran_081eadba-9ae1-4e9b-ac5c-8ab91050de84,tran_cfd63963-38c2-4085-9d4c-59aa25cb05f4,,0,44,44,45,45,32,32,34,34,40,40,44,44,122,122,967,967,1118,1118,1048,1048,1018,1018,940,940,881,881,886,886,916,916,935,935,947,947,1007,1007,945,945,387,387,243,243,159,159,116,116,62,62,,,,,,,,,,,,,,,,,,,,,,,,,,,,,,,,,,,,,,,,,,,,,,,,
tran_0c693629-6880-4ea5-b730-833824b37f88,2500,tran_5c4fa3ac-3812-4aeb-85ae-6c863586e6aa,tran_d86e89ac-4df1-4b56-86fb-a847c6641c10,tran_e917743f-e2d5-4b94-b2fd-5fc6caab6457,1,44,44,45,45,32,32,34,34,40,40,44,44,122,122,967,967,1118,1118,1048,1048,1018,1018,940,940,881,881,886,886,916,916,935,935,947,947,1007,1007,945,945,387,387,243,243,159,159,116,116,62,62,,,,,,,,,,,,,,,,,,,,,,,,,,,,,,,,,,,,,,,,,,,,,,,,
tran_0ce29836-1998-452b-90e2-2e7651d544a3,3850,tran_baf2c390-5740-4907-b7bd-d727f06f74fb,tran_27077cec-e4ef-4da2-a32e-86650720b28f,,0,44,44,45,45,32,32,34,34,40,40,44,44,122,122,967,967,1118,1118,1048,1048,1018,1018,940,940,881,881,886,886,916,916,935,935,947,947,1007,1007,945,945,387,387,243,243,159,159,116,116,62,62,,,,,,,,,,,,,,,,,,,,,,,,,,,,,,,,,,,,,,,,,,,,,,,,
tran_0cfa84c8-2598-45ca-bae6-44d8d65c7998,4400,tran_31c16de5-7872-445f-8b41-4cc35467b6cb,tran_cac8d554-b009-4e72-8a84-6dbc478c71da,,0,44,44,45,45,32,32,34,34,40,40,44,44,122,122,967,967,1118,1118,1048,1048,1018,1018,940,940,881,881,886,886,916,916,935,935,947,947,1007,1007,945,945,387,387,243,243,159,159,116,116,62,62,,,,,,,,,,,,,,,,,,,,,,,,,,,,,,,,,,,,,,,,,,,,,,,,
tran_0d607341-d45c-4ae1-ba6c-abbd99fb29b9,4400,tran_27e9c11e-11de-444d-a3f4-d3d69b7e0287,tran_a7b6a495-6841-46ef-8ec1-8b9b841715c9,tran_3f0b68f1-57b1-42a6-8df8-cc24a57fbe9f,1,44,44,45,45,32,32,34,34,40,40,44,44,122,122,967,967,1118,1118,1048,1048,1018,1018,940,940,881,881,886,886,916,916,935,935,947,947,1007,1007,945,945,387,387,243,243,159,159,116,116,62,62,,,,,,,,,,,,,,,,,,,,,,,,,,,,,,,,,,,,,,,,,,,,,,,,
tran_0d607cf3-2c85-4cf7-9193-27d5cc4e7e62,4400,tran_18ef8764-3709-467c-9c1b-546fa040ea84,tran_7f8d0d6a-936c-40fa-9a5a-fb771a2c2dfd,tran_4f2a6790-d907-4e51-9df9-991d89a5a291;tran_bb4c8bc2-22aa-4af7-bdac-fd4d28ad6684;tran_2c9d0ef3-1288-4b1f-bec0-e685a535d9a4;16769,4,44,44,45,45,32,32,34,34,40,40,44,44,122,122,967,967,1118,1118,1048,1048,1018,1018,940,940,881,881,886,886,916,916,935,935,947,947,1007,1007,945,945,387,387,243,243,159,159,116,116,62,62,,,,,,,,,,,,,,,,,,,,,,,,,,,,,,,,,,,,,,,,,,,,,,,,
tran_0d9fc454-83a8-4d39-aab2-7816481301f9,4400,tran_8fcd8f13-9117-4ee6-8123-1f3f982dc3bb,tran_c5783510-b301-4e15-afa8-3b41cf3bebd1,,0,44,44,45,45,32,32,34,34,40,40,44,44,122,122,967,967,1118,1118,1048,1048,1018,1018,940,940,881,881,886,886,916,916,935,935,947,947,1007,1007,945,945,387,387,243,243,159,159,116,116,62,62,,,,,,,,,,,,,,,,,,,,,,,,,,,,,,,,,,,,,,,,,,,,,,,,
tran_0e39194f-e2b4-4aa0-b47f-a9db66563465,4400,tran_ac3aa9c2-3358-4c21-a41e-a889865fb440,tran_17337e39-f04d-43fe-96e0-6ebba9dfbc8f,,0,44,44,45,45,32,32,34,34,40,40,44,44,122,122,967,967,1118,1118,1048,1048,1018,1018,940,940,881,881,886,886,916,916,935,935,947,947,1007,1007,945,945,387,387,243,243,159,159,116,116,62,62,,,,,,,,,,,,,,,,,,,,,,,,,,,,,,,,,,,,,,,,,,,,,,,,
tran_0e5eab55-eec0-4395-a256-28c475b127c9,4400,tran_ef1b39a3-5a65-4418-9af2-f44b89399cc9,tran_505f0c5f-60cc-4e60-91e8-e1b18434e851,tran_4df2f245-475b-457b-9709-472efdaab380;tran_00c60951-5815-4037-b78b-fa8424b0367c;tran_2a770eb7-c7ae-4734-a220-86761b734785,3,44,44,45,45,32,32,34,34,40,40,44,44,122,122,967,967,1118,1118,1048,1048,1018,1018,940,940,881,881,886,886,916,916,935,935,947,947,1007,1007,945,945,387,387,243,243,159,159,116,116,62,62,,,,,,,,,,,,,,,,,,,,,,,,,,,,,,,,,,,,,,,,,,,,,,,,
tran_0e63535e-3374-4784-94b7-6d413a1d04a2,2000,tran_d8ff85c1-1b51-4c87-a045-26f621a78d2f,tran_44516b1b-b728-460f-9925-19a295066fc7,tran_b72129ce-7c9b-4f37-bc52-ca8a4a3568ff,1,44,44,45,45,32,32,34,34,40,40,44,44,122,122,967,967,1118,1118,1048,1048,1018,1018,940,940,881,881,886,886,916,916,935,935,947,947,1007,1007,945,945,387,387,243,243,159,159,116,116,62,62,,,,,,,,,,,,,,,,,,,,,,,,,,,,,,,,,,,,,,,,,,,,,,,,
tran_0ed4f63b-40f3-400f-8064-1e5e70163637,1600,,tran_09b7f719-fe2c-4d18-bb17-be3a9a7d01f9,,0,44,44,45,45,32,32,34,34,40,40,44,44,122,122,967,967,1118,1118,1048,1048,1018,1018,940,940,881,881,886,886,916,916,935,935,947,947,1007,1007,945,945,387,387,243,243,159,159,116,116,62,62,,,,,,,,,,,,,,,,,,,,,,,,,,,,,,,,,,,,,,,,,,,,,,,,
tran_0f18086a-9bd5-4691-8d09-dbfd94aa488d,4000,tran_571c1411-a146-4f90-bb4c-1fce69f60800,,,0,44,44,45,45,32,32,34,34,40,40,44,44,122,122,967,967,1118,1118,1048,1048,1018,1018,940,940,881,881,886,886,916,916,935,935,947,947,1007,1007,945,945,387,387,243,243,159,159,116,116,62,62,,,,,,,,,,,,,,,,,,,,,,,,,,,,,,,,,,,,,,,,,,,,,,,,
tran_0f1d51e5-599b-40af-ad8c-98236f5d765a,4400,tran_4bbf7e2d-6130-4103-af38-178dc5050b50,tran_554b0305-068b-4f15-a069-8b504732b9b9,,0,44,44,45,45,32,32,34,34,40,40,44,44,122,122,967,967,1118,1118,1048,1048,1018,1018,940,940,881,881,886,886,916,916,935,935,947,947,1007,1007,945,945,387,387,243,243,159,159,116,116,62,62,,,,,,,,,,,,,,,,,,,,,,,,,,,,,,,,,,,,,,,,,,,,,,,,
tran_0f513e0c-7d63-4720-aab4-7c0775ba2497,4000,tran_9303c1be-95ce-4864-bc40-ab8b83f3f1c3,tran_f6b05309-6891-443b-9e53-3c5d2d627ec4,,0,44,44,45,45,32,32,34,34,40,40,44,44,122,122,967,967,1118,1118,1048,1048,1018,1018,940,940,881,881,886,886,916,916,935,935,947,947,1007,1007,945,945,387,387,243,243,159,159,116,116,62,62,,,,,,,,,,,,,,,,,,,,,,,,,,,,,,,,,,,,,,,,,,,,,,,,
tran_0fc5cc2d-ca7f-49d5-a121-e84401448785,4400,tran_6cf6c6f8-433d-4ed9-a6f1-a657cb3ec644,tran_1a62b2ef-df27-4969-b620-0dd471ba8507,tran_fb885c7e-4a30-4535-b72c-8526d953e2cd,1,44,44,45,45,32,32,34,34,40,40,44,44,122,122,967,967,1118,1118,1048,1048,1018,1018,940,940,881,881,886,886,916,916,935,935,947,947,1007,1007,945,945,387,387,243,243,159,159,116,116,62,62,,,,,,,,,,,,,,,,,,,,,,,,,,,,,,,,,,,,,,,,,,,,,,,,
tran_101383a6-9873-4418-98d7-54c013155fd6,2500,tran_35dd4106-041e-4d54-ac49-1e868f72c3e3,tran_eb549f35-eb3c-45b0-a691-b2a3bee77935,tran_50beac52-afee-413d-9839-834416252676,1,44,44,45,45,32,32,34,34,40,40,44,44,122,122,967,967,1118,1118,1048,1048,1018,1018,940,940,881,881,886,886,916,916,935,935,947,947,1007,1007,945,945,387,387,243,243,159,159,116,116,62,62,,,,,,,,,,,,,,,,,,,,,,,,,,,,,,,,,,,,,,,,,,,,,,,,
tran_1087493b-4a58-4926-8283-2e9aea6d6f8c,4400,3507,tran_e1487ea8-d9dc-4fe0-b3ba-65a787282204,,0,44,44,45,45,32,32,34,34,40,40,44,44,122,122,967,967,1118,1118,1048,1048,1018,1018,940,940,881,881,886,886,916,916,935,935,947,947,1007,1007,945,945,387,387,243,243,159,159,116,116,62,62,,,,,,,,,,,,,,,,,,,,,,,,,,,,,,,,,,,,,,,,,,,,,,,,
tran_1093a8a7-708a-4327-a9f1-789f1d0e9c52,4400,tran_9a3c996b-e70f-40d6-a2ef-c3df5e5a13f9,tran_53826c24-45db-4e1f-9acc-b3dad0e84681,,0,44,44,45,45,32,32,34,34,40,40,44,44,122,122,967,967,1118,1118,1048,1048,1018,1018,940,940,881,881,886,886,916,916,935,935,947,947,1007,1007,945,945,387,387,243,243,159,159,116,116,62,62,,,,,,,,,,,,,,,,,,,,,,,,,,,,,,,,,,,,,,,,,,,,,,,,
tran_10cd75f9-2c6d-4054-b8b7-35457a774e2b,1100,tran_8f1394fa-01c7-4822-92ec-e2cca8797cfb,tran_9629efa8-7d30-4daa-8278-3a8ba05f496c,tran_1b1bd41a-ee60-4bfe-9e87-f98f855f45ae;tran_8ef0665d-3c8e-4eb0-b88e-4353b7215b8c,2,44,44,45,45,32,32,34,34,40,40,44,44,122,122,967,967,1118,1118,1048,1048,1018,1018,940,940,881,881,886,886,916,916,935,935,947,947,1007,1007,945,945,387,387,243,243,159,159,116,116,62,62,,,,,,,,,,,,,,,,,,,,,,,,,,,,,,,,,,,,,,,,,,,,,,,,
tran_115b104a-df20-4b4b-b18c-c1c260bdbb1c,3000,tran_02b43726-c956-4602-9707-1f9071aaf519,tran_7f0d5996-5152-4c64-9648-6950b948d4c7,tran_d04cf997-e4a3-4981-8867-3924758e086e;tran_4cd9d38a-c1b8-4613-bc69-5f322f436e56,2,44,44,45,45,32,32,34,34,40,40,44,44,122,122,967,967,1118,1118,1048,1048,1018,1018,940,940,881,881,886,886,916,916,935,935,947,947,1007,1007,945,945,387,387,243,243,159,159,116,116,62,62,,,,,,,,,,,,,,,,,,,,,,,,,,,,,,,,,,,,,,,,,,,,,,,,
tran_11675a11-da12-413f-a90d-b9da81ea79e9,300,tran_fda0d604-e62b-4881-b4f6-e3a883f668c2,tran_806a31aa-9420-49c5-8c72-380bd48bc4eb,tran_2e058912-99f9-4091-af2e-14dded0dece8,1,44,44,45,45,32,32,34,34,40,40,44,44,122,122,967,967,1118,1118,1048,1048,1018,1018,940,940,881,881,886,886,916,916,935,935,947,947,1007,1007,945,945,387,387,243,243,159,159,116,116,62,62,,,,,,,,,,,,,,,,,,,,,,,,,,,,,,,,,,,,,,,,,,,,,,,,
tran_116e2f79-9906-4ac3-b72d-d0e1ae74a4c2,4400,tran_27e80b85-7097-44fc-bf6a-cdd1ca10f1ca,16662,,0,44,44,45,45,32,32,34,34,40,40,44,44,122,122,967,967,1118,1118,1048,1048,1018,1018,940,940,881,881,886,886,916,916,935,935,947,947,1007,1007,945,945,387,387,243,243,159,159,116,116,62,62,,,,,,,,,,,,,,,,,,,,,,,,,,,,,,,,,,,,,,,,,,,,,,,,
tran_116ec7d7-94d0-49af-98fd-3320dcf2fbc5,2500,,tran_e3fc5049-af35-46f9-b15b-5ee1968d4c9a,,0,44,44,45,45,32,32,34,34,40,40,44,44,122,122,967,967,1118,1118,1048,1048,1018,1018,940,940,881,881,886,886,916,916,935,935,947,947,1007,1007,945,945,387,387,243,243,159,159,116,116,62,62,,,,,,,,,,,,,,,,,,,,,,,,,,,,,,,,,,,,,,,,,,,,,,,,
tran_117ae2ca-d23b-4319-b61a-321beba2c06e,4400,5288,tran_9158e8b4-f6ea-48fc-a7d9-faadd947b26c,5056;tran_4a1379cf-4a50-4add-9d23-d87dca2ea9f3,2,44,44,45,45,32,32,34,34,40,40,44,44,122,122,967,967,1118,1118,1048,1048,1018,1018,940,940,881,881,886,886,916,916,935,935,947,947,1007,1007,945,945,387,387,243,243,159,159,116,116,62,62,,,,,,,,,,,,,,,,,,,,,,,,,,,,,,,,,,,,,,,,,,,,,,,,
tran_11911707-85a9-4511-9029-deb6a29b6d2c,4400,tran_575f458d-7afc-43c9-859a-759fac98bf1e,tran_5f577755-00bd-45d2-beec-9addc0d7c2df,,0,44,44,45,45,32,32,34,34,40,40,44,44,122,122,967,967,1118,1118,1048,1048,1018,1018,940,940,881,881,886,886,916,916,935,935,947,947,1007,1007,945,945,387,387,243,243,159,159,116,116,62,62,,,,,,,,,,,,,,,,,,,,,,,,,,,,,,,,,,,,,,,,,,,,,,,,
tran_11af191a-0df4-4687-a574-152634d169ac,800,tran_ecd3d373-94f2-41d5-96cc-4b8c997bdb7a,tran_25fb35f3-8619-4f8d-92de-085095c503b0,,0,33,33,31,31,22,22,23,23,26,26,31,31,88,88,1055,1055,1119,1119,1058,1058,1080,1080,966,966,980,980,861,861,1008,1008,1021,1021,988,988,1080,1080,1096,1096,421,421,249,249,150,150,110,110,68,68,,,,,,,,,,,,,,,,,,,,,,,,,,,,,,,,,,,,,,,,,,,,,,,,
tran_11f653da-c40f-4d69-b0b4-04746f46672d,3850,tran_8681e543-ac7e-4695-bc75-3ebf6a4d2c40,tran_945756c0-538c-442b-9d2d-a58ef2b22a59,tran_cfd9bb25-ee73-448d-99c3-f7f5989fa998,1,44,44,45,45,32,32,34,34,40,40,44,44,122,122,967,967,1118,1118,1048,1048,1018,1018,940,940,881,881,886,886,916,916,935,935,947,947,1007,1007,945,945,387,387,243,243,159,159,116,116,62,62,,,,,,,,,,,,,,,,,,,,,,,,,,,,,,,,,,,,,,,,,,,,,,,,
tran_124ce716-406c-4a4e-80ce-7662046e4e5d,1600,tran_080c767f-cdce-4086-8e11-5c78d848ac2d,tran_65d30646-e47f-4b48-b6ee-4edbec276766,,0,44,44,45,45,32,32,34,34,40,40,44,44,122,122,967,967,1118,1118,1048,1048,1018,1018,940,940,881,881,886,886,916,916,935,935,947,947,1007,1007,945,945,387,387,243,243,159,159,116,116,62,62,,,,,,,,,,,,,,,,,,,,,,,,,,,,,,,,,,,,,,,,,,,,,,,,
tran_1279b14f-6987-47e1-a3b0-edb6fd833949,2200,tran_02258733-6ad7-4b6b-a135-0e0e4abdec19,tran_7d7889b0-f01b-458f-855e-29b481e812be,,0,67,67,70,70,49,49,53,53,62,62,67,67,186,186,910,910,1134,1134,1023,1023,977,977,900,900,812,812,861,861,864,864,851,851,886,886,939,939,854,854,524,524,336,336,227,227,165,165,84,84,,,,,,,,,,,,,,,,,,,,,,,,,,,,,,,,,,,,,,,,,,,,,,,,
tran_127f464b-7bb0-4616-b6fb-6a67929f0b4c,2500,tran_2530af6d-1d68-4b4a-aab2-606b2f900769,tran_18a372f5-91c1-4881-8e47-d9d42a01c429,,0,44,44,45,45,32,32,34,34,40,40,44,44,122,122,967,967,1118,1118,1048,1048,1018,1018,940,940,881,881,886,886,916,916,935,935,947,947,1007,1007,945,945,387,387,243,243,159,159,116,116,62,62,,,,,,,,,,,,,,,,,,,,,,,,,,,,,,,,,,,,,,,,,,,,,,,,
tran_12ebfcd1-7f55-4860-b86d-926ca1c87ef6,3850,tran_6d4db2aa-71c7-41f4-8c5a-02dd2c8dd19d,tran_4d221407-12fe-4650-b585-2b53ac85540d,tran_2e481174-f713-4cc7-b8fe-24428977eaf9,1,44,44,45,45,32,32,34,34,40,40,44,44,122,122,967,967,1118,1118,1048,1048,1018,1018,940,940,881,881,886,886,916,916,935,935,947,947,1007,1007,945,945,387,387,243,243,159,159,116,116,62,62,,,,,,,,,,,,,,,,,,,,,,,,,,,,,,,,,,,,,,,,,,,,,,,,
tran_13016641-5616-489e-817d-bc4d5d7f4d2d,4400,tran_785c8fc8-5ec2-4022-8600-78199b5b47e2,tran_188d9058-4f3c-4313-9cef-ea5a15fdf6c2,,0,44,44,45,45,32,32,34,34,40,40,44,44,122,122,967,967,1118,1118,1048,1048,1018,1018,940,940,881,881,886,886,916,916,935,935,947,947,1007,1007,945,945,387,387,243,243,159,159,116,116,62,62,,,,,,,,,,,,,,,,,,,,,,,,,,,,,,,,,,,,,,,,,,,,,,,,
tran_130b13a7-63bd-4a94-b45c-f23a2efe0dde,4400,tran_32dfe6ff-a6cb-492e-b511-691d455ee756,tran_395c2f3d-ec40-449a-bed8-75a97fcb6875,,0,44,44,45,45,32,32,34,34,40,40,44,44,122,122,967,967,1118,1118,1048,1048,1018,1018,940,940,881,881,886,886,916,916,935,935,947,947,1007,1007,945,945,387,387,243,243,159,159,116,116,62,62,,,,,,,,,,,,,,,,,,,,,,,,,,,,,,,,,,,,,,,,,,,,,,,,
tran_13164e44-c3d8-40a0-8adc-0ba7720f09f6,4400,tran_919d575d-2d11-4bbc-bde8-f0341259b1a8,tran_d687b5ee-d108-4216-9a5e-8a6bbd43f2a9,,0,44,44,45,45,32,32,34,34,40,40,44,44,122,122,967,967,1118,1118,1048,1048,1018,1018,940,940,881,881,886,886,916,916,935,935,947,947,1007,1007,945,945,387,387,243,243,159,159,116,116,62,62,,,,,,,,,,,,,,,,,,,,,,,,,,,,,,,,,,,,,,,,,,,,,,,,
tran_1322f59d-e135-437b-ac35-2abae0f6c77a,4400,tran_4e2eafe4-3114-42fc-afc8-e47be7990a4b,tran_5bb0478a-ded6-4c53-a1f4-9076f02e6f1c,,0,44,44,45,45,32,32,34,34,40,40,44,44,122,122,967,967,1118,1118,1048,1048,1018,1018,940,940,881,881,886,886,916,916,935,935,947,947,1007,1007,945,945,387,387,243,243,159,159,116,116,62,62,,,,,,,,,,,,,,,,,,,,,,,,,,,,,,,,,,,,,,,,,,,,,,,,
tran_1367cf7f-b3ed-490d-8a1e-bfc212e616ba,1200,tran_296b0a88-bbc4-4916-a551-297d6c4115e8,tran_1ba3f774-8835-4e09-bd0c-544a2d2fae47,,0,44,44,45,45,32,32,34,34,40,40,44,44,122,122,967,967,1118,1118,1048,1048,1018,1018,940,940,881,881,886,886,916,916,935,935,947,947,1007,1007,945,945,387,387,243,243,159,159,116,116,62,62,,,,,,,,,,,,,,,,,,,,,,,,,,,,,,,,,,,,,,,,,,,,,,,,
tran_1370c342-70cc-4b65-94ad-b959b82945aa,1600,tran_d78fb3e1-9ad3-40bc-943f-22c3a45bbbea,tran_34dde172-4c2a-4041-93ee-967479bb9041,,0,44,44,45,45,32,32,34,34,40,40,44,44,122,122,967,967,1118,1118,1048,1048,1018,1018,940,940,881,881,886,886,916,916,935,935,947,947,1007,1007,945,945,387,387,243,243,159,159,116,116,62,62,,,,,,,,,,,,,,,,,,,,,,,,,,,,,,,,,,,,,,,,,,,,,,,,
tran_1389400a-0ecc-49da-b737-89b6508dbb06,4000,tran_d4b3e098-f7e9-4727-9e18-71c4af80a5e1,tran_5825809e-cf15-45bb-bfe0-1bca18657ad6,tran_391b5f38-e5ba-48a0-afe8-23d957efe2aa;tran_c3498a47-3054-42f2-9e1f-1c2b9c1963c3,2,44,44,45,45,32,32,34,34,40,40,44,44,122,122,967,967,1118,1118,1048,1048,1018,1018,940,940,881,881,886,886,916,916,935,935,947,947,1007,1007,945,945,387,387,243,243,159,159,116,116,62,62,,,,,,,,,,,,,,,,,,,,,,,,,,,,,,,,,,,,,,,,,,,,,,,,
tran_13c852c2-54eb-4078-84f3-854020e97916,3500,tran_a2c97679-1e24-41ce-9fd7-b12d48dec10a,tran_b56b7aa3-a0f5-4db5-9959-d266c706b607,tran_7f0d5996-5152-4c64-9648-6950b948d4c7,1,44,44,45,45,32,32,34,34,40,40,44,44,122,122,967,967,1118,1118,1048,1048,1018,1018,940,940,881,881,886,886,916,916,935,935,947,947,1007,1007,945,945,387,387,243,243,159,159,116,116,62,62,,,,,,,,,,,,,,,,,,,,,,,,,,,,,,,,,,,,,,,,,,,,,,,,
tran_13e5c6da-eb25-4656-a161-83b152b346f2,4400,tran_8a7c1419-09e7-4a15-8b67-c553773a0b89,tran_a86fdecf-1e9c-4c1f-be0c-d87e81d9ea80,tran_508beb1d-c175-40c9-af6b-cdca4ed5bf2e,1,44,44,45,45,32,32,34,34,40,40,44,44,122,122,967,967,1118,1118,1048,1048,1018,1018,940,940,881,881,886,886,916,916,935,935,947,947,1007,1007,945,945,387,387,243,243,159,159,116,116,62,62,,,,,,,,,,,,,,,,,,,,,,,,,,,,,,,,,,,,,,,,,,,,,,,,
tran_13fd0da4-ea47-47b4-920e-2a6fa286418a,3000,tran_333e257d-6bb4-4d5d-bf3d-57cffd9ebb04,tran_d99b3902-f2d9-40f6-8f87-53db5793487c,,0,44,44,45,45,32,32,34,34,40,40,44,44,122,122,967,967,1118,1118,1048,1048,1018,1018,940,940,881,881,886,886,916,916,935,935,947,947,1007,1007,945,945,387,387,243,243,159,159,116,116,62,62,,,,,,,,,,,,,,,,,,,,,,,,,,,,,,,,,,,,,,,,,,,,,,,,
tran_143fb006-ed52-4bae-b0aa-45aebcbeb570,4400,tran_1b7f1947-fc81-4c17-b357-38f799a0690c,tran_cef5d71c-4e4b-41e5-baec-f8939321c970,,0,44,44,45,45,32,32,34,34,40,40,44,44,122,122,967,967,1118,1118,1048,1048,1018,1018,940,940,881,881,886,886,916,916,935,935,947,947,1007,1007,945,945,387,387,243,243,159,159,116,116,62,62,,,,,,,,,,,,,,,,,,,,,,,,,,,,,,,,,,,,,,,,,,,,,,,,
tran_146e9ade-8d10-4f15-bd78-0da15f396fea,4400,tran_74775fb5-2bf7-4179-9a87-2368c0a397c8,,tran_d3e699e1-e7df-49c6-b1a2-644c9c34f370,1,44,44,45,45,32,32,34,34,40,40,44,44,122,122,967,967,1118,1118,1048,1048,1018,1018,940,940,881,881,886,886,916,916,935,935,947,947,1007,1007,945,945,387,387,243,243,159,159,116,116,62,62,,,,,,,,,,,,,,,,,,,,,,,,,,,,,,,,,,,,,,,,,,,,,,,,
tran_1476b04c-621e-47e8-ac2f-0accd0a94124,2500,tran_c801a341-53c9-4b64-aaa7-b8453055e7cb,tran_7d7889b0-f01b-458f-855e-29b481e812be,,0,44,44,45,45,32,32,34,34,40,40,44,44,122,122,967,967,1118,1118,1048,1048,1018,1018,940,940,881,881,886,886,916,916,935,935,947,947,1007,1007,945,945,387,387,243,243,159,159,116,116,62,62,,,,,,,,,,,,,,,,,,,,,,,,,,,,,,,,,,,,,,,,,,,,,,,,
tran_14d19d9f-6536-4440-b31f-31ac57cbc5e5,4000,tran_c1f1cd12-65cd-42e4-8942-a7ec43b898d0,,tran_7853bfa0-f524-424f-ba4d-c86357dadb70,1,44,44,45,45,32,32,34,34,40,40,44,44,122,122,967,967,1118,1118,1048,1048,1018,1018,940,940,881,881,886,886,916,916,935,935,947,947,1007,1007,945,945,387,387,243,243,159,159,116,116,62,62,,,,,,,,,,,,,,,,,,,,,,,,,,,,,,,,,,,,,,,,,,,,,,,,
tran_15283aa3-8d30-4ce7-8751-092d3ef9b39e,4400,tran_a947af58-bdb2-47cc-a7b4-02f57ed395b9,tran_c2d53e2b-8bcf-4f2e-b242-351da1421fe5,,0,44,44,45,45,32,32,34,34,40,40,44,44,122,122,967,967,1118,1118,1048,1048,1018,1018,940,940,881,881,886,886,916,916,935,935,947,947,1007,1007,945,945,387,387,243,243,159,159,116,116,62,62,,,,,,,,,,,,,,,,,,,,,,,,,,,,,,,,,,,,,,,,,,,,,,,,
tran_1532a227-3ab5-4b77-8904-1399c5d6d022,3500,5066,tran_a22884eb-0633-4a35-8f82-41bbcc911691,tran_4a1379cf-4a50-4add-9d23-d87dca2ea9f3;tran_74db64dd-b794-4b6b-bbe0-3496e4fc0e48,2,44,44,45,45,32,32,34,34,40,40,44,44,122,122,967,967,1118,1118,1048,1048,1018,1018,940,940,881,881,886,886,916,916,935,935,947,947,1007,1007,945,945,387,387,243,243,159,159,116,116,62,62,,,,,,,,,,,,,,,,,,,,,,,,,,,,,,,,,,,,,,,,,,,,,,,,
tran_1581cf09-bf41-4f62-a2c9-0e0594ede28b,2000,tran_4182d080-5780-4fb4-9c48-ed2ded2ad814,tran_4dcf1d32-5e03-466e-9344-2c998d274140,,0,44,44,45,45,32,32,34,34,40,40,44,44,122,122,967,967,1118,1118,1048,1048,1018,1018,940,940,881,881,886,886,916,916,935,935,947,947,1007,1007,945,945,387,387,243,243,159,159,116,116,62,62,,,,,,,,,,,,,,,,,,,,,,,,,,,,,,,,,,,,,,,,,,,,,,,,
tran_15d1bca2-9df2-461a-84ee-584c3c0197fd,1000,tran_16e72566-f19e-43ee-9d28-1ae216aad73c,tran_7c40e8f3-3f6b-4100-93f7-183f26848ec7,tran_ab521328-a27a-4c2e-8bfb-38cec36f11a2,1,44,44,45,45,32,32,34,34,40,40,44,44,122,122,967,967,1118,1118,1048,1048,1018,1018,940,940,881,881,886,886,916,916,935,935,947,947,1007,1007,945,945,387,387,243,243,159,159,116,116,62,62,,,,,,,,,,,,,,,,,,,,,,,,,,,,,,,,,,,,,,,,,,,,,,,,
tran_15efaca0-e394-43b2-8019-d02627d7b299,1600,tran_e6cc7a12-c6a9-4887-a596-5714914296bf,tran_1c1b9892-ad03-4299-9b0e-dfb7b1dab63a,,0,44,44,45,45,32,32,34,34,40,40,44,44,122,122,967,967,1118,1118,1048,1048,1018,1018,940,940,881,881,886,886,916,916,935,935,947,947,1007,1007,945,945,387,387,243,243,159,159,116,116,62,62,,,,,,,,,,,,,,,,,,,,,,,,,,,,,,,,,,,,,,,,,,,,,,,,
tran_162fde99-1d32-49be-8034-56da1fc06901,4400,tran_28cd538a-ec9e-4917-8646-e5a0e4aea0b0,tran_437f134e-1baf-4113-9b74-ff15524a638f,,0,44,44,45,45,32,32,34,34,40,40,44,44,122,122,967,967,1118,1118,1048,1048,1018,1018,940,940,881,881,886,886,916,916,935,935,947,947,1007,1007,945,945,387,387,243,243,159,159,116,116,62,62,,,,,,,,,,,,,,,,,,,,,,,,,,,,,,,,,,,,,,,,,,,,,,,,
tran_16477a20-182e-42c9-a480-d6ea89b9e8c3,1200,tran_1e55e048-4d68-45f4-b7df-0254a096c381,tran_07f68675-7ae4-454c-92a5-137fcd329c2d,,0,44,44,45,45,32,32,34,34,40,40,44,44,122,122,967,967,1118,1118,1048,1048,1018,1018,940,940,881,881,886,886,916,916,935,935,947,947,1007,1007,945,945,387,387,243,243,159,159,116,116,62,62,,,,,,,,,,,,,,,,,,,,,,,,,,,,,,,,,,,,,,,,,,,,,,,,
tran_1670839c-b12b-4217-a295-bfde5deda191,4400,tran_94c8ac8d-9e28-458e-a8c4-f6ee5154f83d,tran_dc678557-f8d2-4790-b074-11c8a0d58ae8,,0,44,44,45,45,32,32,34,34,40,40,44,44,122,122,967,967,1118,1118,1048,1048,1018,1018,940,940,881,881,886,886,916,916,935,935,947,947,1007,1007,945,945,387,387,243,243,159,159,116,116,62,62,,,,,,,,,,,,,,,,,,,,,,,,,,,,,,,,,,,,,,,,,,,,,,,,
tran_16e72566-f19e-43ee-9d28-1ae216aad73c,3000,tran_cedb1ffd-f5b5-44a2-a5bb-9e10a18d0978,tran_15d1bca2-9df2-461a-84ee-584c3c0197fd,,0,44,44,45,45,32,32,34,34,40,40,44,44,122,122,967,967,1118,1118,1048,1048,1018,1018,940,940,881,881,886,886,916,916,935,935,947,947,1007,1007,945,945,387,387,243,243,159,159,116,116,62,62,,,,,,,,,,,,,,,,,,,,,,,,,,,,,,,,,,,,,,,,,,,,,,,,
tran_1705c163-5cf5-45ff-9dda-452344380df2,4400,tran_0954f5ec-7174-428f-867b-030bf5537c82,tran_431e318b-8bd1-4528-8612-c1c3b8262f71,,0,44,44,45,45,32,32,34,34,40,40,44,44,122,122,967,967,1118,1118,1048,1048,1018,1018,940,940,881,881,886,886,916,916,935,935,947,947,1007,1007,945,945,387,387,243,243,159,159,116,116,62,62,,,,,,,,,,,,,,,,,,,,,,,,,,,,,,,,,,,,,,,,,,,,,,,,
tran_170bafda-2ee1-4be0-9578-b33cf0219f03,4400,tran_b4dfded0-567a-4f49-af25-946e34f4dc7f,tran_7a8b6575-3359-4c8f-aff5-c87889ba1ccb,,0,44,44,45,45,32,32,34,34,40,40,44,44,122,122,967,967,1118,1118,1048,1048,1018,1018,940,940,881,881,886,886,916,916,935,935,947,947,1007,1007,945,945,387,387,243,243,159,159,116,116,62,62,,,,,,,,,,,,,,,,,,,,,,,,,,,,,,,,,,,,,,,,,,,,,,,,
tran_1726027a-7f3b-45ce-bd8c-90cfea850734,3500,,tran_e0542ddd-96a4-47f1-9c9f-31730544c9ec,,0,44,44,45,45,32,32,34,34,40,40,44,44,122,122,967,967,1118,1118,1048,1048,1018,1018,940,940,881,881,886,886,916,916,935,935,947,947,1007,1007,945,945,387,387,243,243,159,159,116,116,62,62,,,,,,,,,,,,,,,,,,,,,,,,,,,,,,,,,,,,,,,,,,,,,,,,
tran_17337e39-f04d-43fe-96e0-6ebba9dfbc8f,800,tran_aa15cac3-3b05-4d17-a738-090833a3b455,tran_7807da7a-e13d-414a-8f33-470a82517a7b,tran_68dc8307-ec6e-4154-a3a8-9a6718ee9996;tran_0e39194f-e2b4-4aa0-b47f-a9db66563465,2,44,44,45,45,32,32,34,34,40,40,44,44,122,122,967,967,1118,1118,1048,1048,1018,1018,940,940,881,881,886,886,916,916,935,935,947,947,1007,1007,945,945,387,387,243,243,159,159,116,116,62,62,,,,,,,,,,,,,,,,,,,,,,,,,,,,,,,,,,,,,,,,,,,,,,,,
tran_1737664c-636d-4b4e-bdb1-edca9ed935b2,1600,tran_a93d2d9e-341c-469f-9cd6-570912e67c9e,tran_f148a116-ab16-45b0-b3ac-ed86e6a8dbb3,tran_f39a3a8f-4cf0-4b94-82b2-175d3ff8a4ee;tran_8267f0e5-0e0e-425b-8e42-51135f99420a,2,44,44,45,45,32,32,34,34,40,40,44,44,122,122,967,967,1118,1118,1048,1048,1018,1018,940,940,881,881,886,886,916,916,935,935,947,947,1007,1007,945,945,387,387,243,243,159,159,116,116,62,62,,,,,,,,,,,,,,,,,,,,,,,,,,,,,,,,,,,,,,,,,,,,,,,,
tran_174bcdd3-29e3-4820-a93d-80badf70d36e,300,tran_6f3a4ee8-8bf6-455e-be00-341267b77e55,tran_f4a22809-791b-4a94-9b8a-1c46d140374a,,0,44,44,45,45,32,32,34,34,40,40,44,44,122,122,967,967,1118,1118,1048,1048,1018,1018,940,940,881,881,886,886,916,916,935,935,947,947,1007,1007,945,945,387,387,243,243,159,159,116,116,62,62,,,,,,,,,,,,,,,,,,,,,,,,,,,,,,,,,,,,,,,,,,,,,,,,
tran_174ce230-b605-4141-a87b-3cbc67d8ba48,2500,tran_9309cff4-e104-4f66-9a0b-a25b11e37465,tran_c0d06005-63f3-4cd8-b565-69a463911e45,tran_c588e594-5f92-4d3e-9a77-7b7c3364617b;tran_7a0a657a-3fcb-4e99-b061-fe0712f7e7ad,2,44,44,45,45,32,32,34,34,40,40,44,44,122,122,967,967,1118,1118,1048,1048,1018,1018,940,940,881,881,886,886,916,916,935,935,947,947,1007,1007,945,945,387,387,243,243,159,159,116,116,62,62,,,,,,,,,,,,,,,,,,,,,,,,,,,,,,,,,,,,,,,,,,,,,,,,
tran_17c801be-99a7-4e2d-9818-0c4478d0a8f2,4400,3971,tran_93a64a34-b1d5-4095-b39b-bf978ae05b99,3930,1,44,44,45,45,32,32,34,34,40,40,44,44,122,122,967,967,1118,1118,1048,1048,1018,1018,940,940,881,881,886,886,916,916,935,935,947,947,1007,1007,945,945,387,387,243,243,159,159,116,116,62,62,,,,,,,,,,,,,,,,,,,,,,,,,,,,,,,,,,,,,,,,,,,,,,,,
tran_185533e5-fbe2-4f67-9cae-d3315a150121,1200,tran_ab40e443-7e14-4ebc-9485-54b6361c629b,tran_1ea86e49-a399-4291-8b8c-e638e493ec63,,0,44,44,45,45,32,32,34,34,40,40,44,44,122,122,967,967,1118,1118,1048,1048,1018,1018,940,940,881,881,886,886,916,916,935,935,947,947,1007,1007,945,945,387,387,243,243,159,159,116,116,62,62,,,,,,,,,,,,,,,,,,,,,,,,,,,,,,,,,,,,,,,,,,,,,,,,
tran_186c11b0-804a-4988-89e3-3473038e38b7,4400,tran_499e04c7-8e58-4ce2-b142-e67be9e240d0,tran_07f68675-7ae4-454c-92a5-137fcd329c2d,,0,44,44,45,45,32,32,34,34,40,40,44,44,122,122,967,967,1118,1118,1048,1048,1018,1018,940,940,881,881,886,886,916,916,935,935,947,947,1007,1007,945,945,387,387,243,243,159,159,116,116,62,62,,,,,,,,,,,,,,,,,,,,,,,,,,,,,,,,,,,,,,,,,,,,,,,,
tran_188d9058-4f3c-4313-9cef-ea5a15fdf6c2,4400,tran_13016641-5616-489e-817d-bc4d5d7f4d2d,tran_6605e393-062e-4e95-8f64-a7a59af048c7,tran_92ee6c41-6ebc-45da-a31d-25c89559627a;tran_89b2c970-a5da-4ffa-b43b-1a246409dd8f,2,44,44,45,45,32,32,34,34,40,40,44,44,122,122,967,967,1118,1118,1048,1048,1018,1018,940,940,881,881,886,886,916,916,935,935,947,947,1007,1007,945,945,387,387,243,243,159,159,116,116,62,62,,,,,,,,,,,,,,,,,,,,,,,,,,,,,,,,,,,,,,,,,,,,,,,,
tran_18a372f5-91c1-4881-8e47-d9d42a01c429,3500,tran_b608560f-ecf7-44ff-90f8-d32c90316f5c,tran_9158e8b4-f6ea-48fc-a7d9-faadd947b26c,tran_127f464b-7bb0-4616-b6fb-6a67929f0b4c;tran_bc4803f8-c5ec-4e7c-9170-25637fecac0a,2,44,44,45,45,32,32,34,34,40,40,44,44,122,122,967,967,1118,1118,1048,1048,1018,1018,940,940,881,881,886,886,916,916,935,935,947,947,1007,1007,945,945,387,387,243,243,159,159,116,116,62,62,,,,,,,,,,,,,,,,,,,,,,,,,,,,,,,,,,,,,,,,,,,,,,,,
tran_18ab8f6c-db0f-46ff-b9ca-ac680a58cbef,800,tran_df4c8e31-7a4d-4dbc-a35c-bfc565d2cac0,tran_994372cc-d2a2-400d-b995-3cf4545d962b,tran_dcc459ba-6c92-4df9-a319-87ba5a05233d,1,44,44,45,45,32,32,34,34,40,40,44,44,122,122,967,967,1118,1118,1048,1048,1018,1018,940,940,881,881,886,886,916,916,935,935,947,947,1007,1007,945,945,387,387,243,243,159,159,116,116,62,62,,,,,,,,,,,,,,,,,,,,,,,,,,,,,,,,,,,,,,,,,,,,,,,,
tran_18ef8764-3709-467c-9c1b-546fa040ea84,4400,tran_0d607cf3-2c85-4cf7-9193-27d5cc4e7e62,tran_1b278465-7067-4e77-ac0c-139dc2720b8a,,0,44,44,45,45,32,32,34,34,40,40,44,44,122,122,967,967,1118,1118,1048,1048,1018,1018,940,940,881,881,886,886,916,916,935,935,947,947,1007,1007,945,945,387,387,243,243,159,159,116,116,62,62,,,,,,,,,,,,,,,,,,,,,,,,,,,,,,,,,,,,,,,,,,,,,,,,
tran_18f7c63b-4fef-44d3-a7ca-b458f592edaa,300,tran_b8060569-0505-4245-be29-22128576944e,tran_eeff9ed1-0c50-48b2-b1cb-41d01e5ec008,tran_9cc60147-0cb2-4d6d-bdc6-dd791b29b5b6;tran_f98c3923-7c2c-412b-b809-63fcd2883619,2,44,44,45,45,32,32,34,34,40,40,44,44,122,122,967,967,1118,1118,1048,1048,1018,1018,940,940,881,881,886,886,916,916,935,935,947,947,1007,1007,945,945,387,387,243,243,159,159,116,116,62,62,,,,,,,,,,,,,,,,,,,,,,,,,,,,,,,,,,,,,,,,,,,,,,,,
tran_1901f66b-2003-468a-aad2-69bcf1b3b5b4,4000,tran_6b1e1bc3-4a4c-4901-8ff3-4e9e5f83d1b5,tran_83f81fd0-c10f-4dcf-b37c-817582477e3c,tran_032d7b73-aa02-4d6b-b4b3-e8dcfc57f243,1,44,44,45,45,32,32,34,34,40,40,44,44,122,122,967,967,1118,1118,1048,1048,1018,1018,940,940,881,881,886,886,916,916,935,935,947,947,1007,1007,945,945,387,387,243,243,159,159,116,116,62,62,,,,,,,,,,,,,,,,,,,,,,,,,,,,,,,,,,,,,,,,,,,,,,,,
tran_1970b1d3-eb13-4cae-874e-dd0c7f916a21,3000,tran_a1379e0b-03e1-4f4b-8a4c-57e50ca41e72,tran_919d575d-2d11-4bbc-bde8-f0341259b1a8,,0,44,44,45,45,32,32,34,34,40,40,44,44,122,122,967,967,1118,1118,1048,1048,1018,1018,940,940,881,881,886,886,916,916,935,935,947,947,1007,1007,945,945,387,387,243,243,159,159,116,116,62,62,,,,,,,,,,,,,,,,,,,,,,,,,,,,,,,,,,,,,,,,,,,,,,,,
tran_19a8c433-1c48-4578-abdf-4faf2beef77d,1200,tran_be4ce453-9777-48d6-acb2-2fe5fba2cc31,tran_50fe80d0-c982-437e-bdf2-1d706ead44d7,tran_30dd0023-3777-4459-a6ea-76d584a28b9b,1,44,44,45,45,32,32,34,34,40,40,44,44,122,122,967,967,1118,1118,1048,1048,1018,1018,940,940,881,881,886,886,916,916,935,935,947,947,1007,1007,945,945,387,387,243,243,159,159,116,116,62,62,,,,,,,,,,,,,,,,,,,,,,,,,,,,,,,,,,,,,,,,,,,,,,,,
tran_19ea7f54-c5e1-4483-a53a-278c16d62bf8,1600,tran_5d5f3046-f3e5-44ad-8d08-7144b81a5afa,tran_7ec08cd3-b4c4-45f4-87b8-cffdca6ef6ab,tran_50beac52-afee-413d-9839-834416252676,1,44,44,45,45,32,32,34,34,40,40,44,44,122,122,967,967,1118,1118,1048,1048,1018,1018,940,940,881,881,886,886,916,916,935,935,947,947,1007,1007,945,945,387,387,243,243,159,159,116,116,62,62,,,,,,,,,,,,,,,,,,,,,,,,,,,,,,,,,,,,,,,,,,,,,,,,
tran_19f6a4c9-5b36-4add-8dde-62a0c1915672,4400,tran_8a537b27-2dfd-49bf-bf85-a72ef610fa91,tran_ab40e443-7e14-4ebc-9485-54b6361c629b,,0,44,44,45,45,32,32,34,34,40,40,44,44,122,122,967,967,1118,1118,1048,1048,1018,1018,940,940,881,881,886,886,916,916,935,935,947,947,1007,1007,945,945,387,387,243,243,159,159,116,116,62,62,,,,,,,,,,,,,,,,,,,,,,,,,,,,,,,,,,,,,,,,,,,,,,,,
tran_1a28768b-c9d5-4887-9a1a-3578be333f1b,3000,16286,tran_bdee57a5-80c3-4af3-83f9-9d756e5f0005,tran_ef4b13a6-0e73-4553-b521-cd569b0b62fb;tran_83f81fd0-c10f-4dcf-b37c-817582477e3c,2,44,44,45,45,32,32,34,34,40,40,44,44,122,122,967,967,1118,1118,1048,1048,1018,1018,940,940,881,881,886,886,916,916,935,935,947,947,1007,1007,945,945,387,387,243,243,159,159,116,116,62,62,,,,,,,,,,,,,,,,,,,,,,,,,,,,,,,,,,,,,,,,,,,,,,,,
tran_1a5c0739-fc9e-4a31-b5f0-400130d8cb6a,2500,tran_c140a36e-b476-4ee8-adba-5d7a545035b0,tran_9ba87b3d-31e9-489e-b819-be3e2e1e6a9b,tran_9705067a-5baa-47c6-8350-fbafdf46b5b2;tran_08ef9bd2-27cd-4d7a-b908-4400a839e210,2,44,44,45,45,32,32,34,34,40,40,44,44,122,122,967,967,1118,1118,1048,1048,1018,1018,940,940,881,881,886,886,916,916,935,935,947,947,1007,1007,945,945,387,387,243,243,159,159,116,116,62,62,,,,,,,,,,,,,,,,,,,,,,,,,,,,,,,,,,,,,,,,,,,,,,,,
tran_1a62b2ef-df27-4969-b620-0dd471ba8507,4400,tran_6cf6c6f8-433d-4ed9-a6f1-a657cb3ec644,,tran_0fc5cc2d-ca7f-49d5-a121-e84401448785,1,44,44,45,45,32,32,34,34,40,40,44,44,122,122,967,967,1118,1118,1048,1048,1018,1018,940,940,881,881,886,886,916,916,935,935,947,947,1007,1007,945,945,387,387,243,243,159,159,116,116,62,62,,,,,,,,,,,,,,,,,,,,,,,,,,,,,,,,,,,,,,,,,,,,,,,,
tran_1b08e13c-1ee4-49a1-a6ae-41710270583e,4000,tran_d7799c7f-e808-4394-9e64-34cfa61cf6ea,tran_f6b05309-6891-443b-9e53-3c5d2d627ec4,,0,44,44,45,45,32,32,34,34,40,40,44,44,122,122,967,967,1118,1118,1048,1048,1018,1018,940,940,881,881,886,886,916,916,935,935,947,947,1007,1007,945,945,387,387,243,243,159,159,116,116,62,62,,,,,,,,,,,,,,,,,,,,,,,,,,,,,,,,,,,,,,,,,,,,,,,,
tran_1b1bd41a-ee60-4bfe-9e87-f98f855f45ae,4400,tran_10cd75f9-2c6d-4054-b8b7-35457a774e2b,tran_09f7e2bb-ef12-4282-8ca3-d341c6f4516f,,0,44,44,45,45,32,32,34,34,40,40,44,44,122,122,967,967,1118,1118,1048,1048,1018,1018,940,940,881,881,886,886,916,916,935,935,947,947,1007,1007,945,945,387,387,243,243,159,159,116,116,62,62,,,,,,,,,,,,,,,,,,,,,,,,,,,,,,,,,,,,,,,,,,,,,,,,
tran_1b278465-7067-4e77-ac0c-139dc2720b8a,4000,16833,tran_18ef8764-3709-467c-9c1b-546fa040ea84,tran_b79b3433-c5c8-439b-bee6-0a793725c8cd;tran_4134c7bd-b641-442e-8802-4ef1b7d5c91c,2,44,44,45,45,32,32,34,34,40,40,44,44,122,122,967,967,1118,1118,1048,1048,1018,1018,940,940,881,881,886,886,916,916,935,935,947,947,1007,1007,945,945,387,387,243,243,159,159,116,116,62,62,,,,,,,,,,,,,,,,,,,,,,,,,,,,,,,,,,,,,,,,,,,,,,,,
tran_1b639d3f-2676-4a50-9cf1-98fde3c4e793,4400,tran_30a16f1d-4a15-4d71-ae95-6ac6001b65c3,tran_27e9c11e-11de-444d-a3f4-d3d69b7e0287,tran_ce1f9382-0fba-49db-acd4-18f1c4c20c23;tran_f4cc7ecd-5e6a-4b20-a4e7-2c6312ed3146;tran_4d221407-12fe-4650-b585-2b53ac85540d,3,44,44,45,45,32,32,34,34,40,40,44,44,122,122,967,967,1118,1118,1048,1048,1018,1018,940,940,881,881,886,886,916,916,935,935,947,947,1007,1007,945,945,387,387,243,243,159,159,116,116,62,62,,,,,,,,,,,,,,,,,,,,,,,,,,,,,,,,,,,,,,,,,,,,,,,,
tran_1b7f1947-fc81-4c17-b357-38f799a0690c,1200,tran_27206790-3018-4fbd-b169-36a1058113b6,tran_a4381b72-4e4c-4f26-beef-1725f204d61c,tran_20d74a5e-3079-406d-9f87-c6c76e1ddaaf;tran_143fb006-ed52-4bae-b0aa-45aebcbeb570,2,44,44,45,45,32,32,34,34,40,40,44,44,122,122,967,967,1118,1118,1048,1048,1018,1018,940,940,881,881,886,886,916,916,935,935,947,947,1007,1007,945,945,387,387,243,243,159,159,116,116,62,62,,,,,,,,,,,,,,,,,,,,,,,,,,,,,,,,,,,,,,,,,,,,,,,,
tran_1b8350c9-bd42-47e1-864d-ddf961464413,4400,tran_4526cad7-5460-43fd-b534-91ad8c691272,tran_20df8fac-a4db-45fb-8f33-4fdc6c755f37,,0,44,44,45,45,32,32,34,34,40,40,44,44,122,122,967,967,1118,1118,1048,1048,1018,1018,940,940,881,881,886,886,916,916,935,935,947,947,1007,1007,945,945,387,387,243,243,159,159,116,116,62,62,,,,,,,,,,,,,,,,,,,,,,,,,,,,,,,,,,,,,,,,,,,,,,,,
tran_1b94fff3-06d1-465f-a3e8-695aa44c9b19,4400,tran_f2c09950-6952-4708-bf54-b8629b233d7a,tran_51842f9d-de87-4091-8155-e9f3f6688c15,,0,44,44,45,45,32,32,34,34,40,40,44,44,122,122,967,967,1118,1118,1048,1048,1018,1018,940,940,881,881,886,886,916,916,935,935,947,947,1007,1007,945,945,387,387,243,243,159,159,116,116,62,62,,,,,,,,,,,,,,,,,,,,,,,,,,,,,,,,,,,,,,,,,,,,,,,,
tran_1b9f18bd-eb9c-46bb-865c-e83d44f8664e,800,tran_a980e123-9784-4b0a-95a5-d8456332d4b7,tran_38f1ae10-616a-49a9-aa3b-708bab0a09c8,tran_387b3254-0a42-4e3d-a443-64fc050897a7,1,44,44,45,45,32,32,34,34,40,40,44,44,122,122,967,967,1118,1118,1048,1048,1018,1018,940,940,881,881,886,886,916,916,935,935,947,947,1007,1007,945,945,387,387,243,243,159,159,116,116,62,62,,,,,,,,,,,,,,,,,,,,,,,,,,,,,,,,,,,,,,,,,,,,,,,,
tran_1ba3f774-8835-4e09-bd0c-544a2d2fae47,300,tran_1367cf7f-b3ed-490d-8a1e-bfc212e616ba,tran_bf874809-74ba-4e80-8e08-d83227cd1076,16289,1,44,44,45,45,32,32,34,34,40,40,44,44,122,122,967,967,1118,1118,1048,1048,1018,1018,940,940,881,881,886,886,916,916,935,935,947,947,1007,1007,945,945,387,387,243,243,159,159,116,116,62,62,,,,,,,,,,,,,,,,,,,,,,,,,,,,,,,,,,,,,,,,,,,,,,,,
tran_1bae704f-de9f-4ae8-af5a-38f92244cf6c,3000,tran_6040224e-d680-41bb-b262-d686033cf508,tran_de3e1116-8fc2-4e2b-bbf8-b07fa8683ee9,,0,44,44,45,45,32,32,34,34,40,40,44,44,122,122,967,967,1118,1118,1048,1048,1018,1018,940,940,881,881,886,886,916,916,935,935,947,947,1007,1007,945,945,387,387,243,243,159,159,116,116,62,62,,,,,,,,,,,,,,,,,,,,,,,,,,,,,,,,,,,,,,,,,,,,,,,,
tran_1bc37572-2bef-4888-929e-4e5f8491b839,800,tran_87fa6f35-9504-43a1-b4a4-8d837d44a5c8,tran_795e0a9e-a22c-43db-9c15-9b7caeee0c28,,0,44,44,45,45,32,32,34,34,40,40,44,44,122,122,967,967,1118,1118,1048,1048,1018,1018,940,940,881,881,886,886,916,916,935,935,947,947,1007,1007,945,945,387,387,243,243,159,159,116,116,62,62,,,,,,,,,,,,,,,,,,,,,,,,,,,,,,,,,,,,,,,,,,,,,,,,
tran_1c1b9892-ad03-4299-9b0e-dfb7b1dab63a,2500,tran_15efaca0-e394-43b2-8019-d02627d7b299,tran_a50adbc3-2001-4dde-ac8e-34e25b1d0bb3,tran_4c9422e8-f648-46d6-8920-944e8d06e8f9;tran_814cff4a-178f-467b-a97e-06363a20da75,2,44,44,45,45,32,32,34,34,40,40,44,44,122,122,967,967,1118,1118,1048,1048,1018,1018,940,940,881,881,886,886,916,916,935,935,947,947,1007,1007,945,945,387,387,243,243,159,159,116,116,62,62,,,,,,,,,,,,,,,,,,,,,,,,,,,,,,,,,,,,,,,,,,,,,,,,
tran_1c3376be-c050-45be-be9f-4f85e9669ff8,800,tran_0823c138-098f-4fda-aa8b-ad0294e02dbd,tran_6a05f57f-a7a5-4d41-bddc-08f7fce1ffac,,0,44,44,45,45,32,32,34,34,40,40,44,44,122,122,967,967,1118,1118,1048,1048,1018,1018,940,940,881,881,886,886,916,916,935,935,947,947,1007,1007,945,945,387,387,243,243,159,159,116,116,62,62,,,,,,,,,,,,,,,,,,,,,,,,,,,,,,,,,,,,,,,,,,,,,,,,
tran_1cdffc64-e532-4775-83c1-cd14745e8cce,2500,tran_c5947098-26fa-4d55-8350-4a2b4f92bd4a,tran_667a00b9-fcf2-400b-94b9-c05fae97e020,,0,44,44,45,45,32,32,34,34,40,40,44,44,122,122,967,967,1118,1118,1048,1048,1018,1018,940,940,881,881,886,886,916,916,935,935,947,947,1007,1007,945,945,387,387,243,243,159,159,116,116,62,62,,,,,,,,,,,,,,,,,,,,,,,,,,,,,,,,,,,,,,,,,,,,,,,,
tran_1ce28655-c635-469e-a830-1ae9d368101f,4000,tran_8aaa5ab8-9840-4f61-9857-f89d9e255c4c,tran_cdb78879-e733-4280-9ad1-dcbf4014d906,,0,44,44,45,45,32,32,34,34,40,40,44,44,122,122,967,967,1118,1118,1048,1048,1018,1018,940,940,881,881,886,886,916,916,935,935,947,947,1007,1007,945,945,387,387,243,243,159,159,116,116,62,62,,,,,,,,,,,,,,,,,,,,,,,,,,,,,,,,,,,,,,,,,,,,,,,,
tran_1d31c9ab-ced1-4984-83c8-db6d85831c78,3500,tran_4f52b6f8-3c2c-40c3-ad43-6b6aeffef70c,tran_ac1604ad-db92-4ae3-a1c3-94ee5d0b4e35,,0,44,44,45,45,32,32,34,34,40,40,44,44,122,122,967,967,1118,1118,1048,1048,1018,1018,940,940,881,881,886,886,916,916,935,935,947,947,1007,1007,945,945,387,387,243,243,159,159,116,116,62,62,,,,,,,,,,,,,,,,,,,,,,,,,,,,,,,,,,,,,,,,,,,,,,,,
tran_1d51e0e0-d35f-4c99-a4b4-536e03fc1fbc,4400,tran_5268424b-8eab-4522-ba9d-52b072e1f028,tran_5f1ad0bc-dd95-4c31-92d1-121e1cecc0ac,,0,44,44,45,45,32,32,34,34,40,40,44,44,122,122,967,967,1118,1118,1048,1048,1018,1018,940,940,881,881,886,886,916,916,935,935,947,947,1007,1007,945,945,387,387,243,243,159,159,116,116,62,62,,,,,,,,,,,,,,,,,,,,,,,,,,,,,,,,,,,,,,,,,,,,,,,,
tran_1d58425b-7e3c-4c66-aea9-c42a3bd53565,4000,tran_bf68c694-30ed-439a-abf0-d570b8949214,tran_d78fb3e1-9ad3-40bc-943f-22c3a45bbbea,,0,44,44,45,45,32,32,34,34,40,40,44,44,122,122,967,967,1118,1118,1048,1048,1018,1018,940,940,881,881,886,886,916,916,935,935,947,947,1007,1007,945,945,387,387,243,243,159,159,116,116,62,62,,,,,,,,,,,,,,,,,,,,,,,,,,,,,,,,,,,,,,,,,,,,,,,,
tran_1d661778-ddbf-417b-b42a-585f5d6920cf,500,tran_868e53bd-99ed-4f51-b49a-7447b16a4263,tran_b2e292d7-8b20-4160-a668-e555d6a0cbe9,tran_612cf644-984a-4591-8567-9e7d65540ed8;tran_f9455ffa-5ede-44e3-bec2-ec29c7a83b3f,2,44,44,45,45,32,32,34,34,40,40,44,44,122,122,967,967,1118,1118,1048,1048,1018,1018,940,940,881,881,886,886,916,916,935,935,947,947,1007,1007,945,945,387,387,243,243,159,159,116,116,62,62,,,,,,,,,,,,,,,,,,,,,,,,,,,,,,,,,,,,,,,,,,,,,,,,
tran_1dc36a28-2940-4388-b862-15af3d7a5c59,800,tran_89a6d1b7-dc29-4991-95c4-c284a4e7ad53,tran_3c2309fb-2c52-47a6-897d-18bbcdc03091,tran_3ee50c19-a195-477e-bcc8-a31e9e9287d1,1,44,44,45,45,32,32,34,34,40,40,44,44,122,122,967,967,1118,1118,1048,1048,1018,1018,940,940,881,881,886,886,916,916,935,935,947,947,1007,1007,945,945,387,387,243,243,159,159,116,116,62,62,,,,,,,,,,,,,,,,,,,,,,,,,,,,,,,,,,,,,,,,,,,,,,,,
tran_1dc3b809-a721-4aeb-99d8-60b3aea99731,300,tran_48e0642b-adca-4dc9-ade3-b5d0efec17d3,tran_928b9891-ea38-41f8-ae8d-a2dc90446aa4,tran_988fec77-214d-4500-9ff3-8205e8ec5eb4,1,44,44,45,45,32,32,34,34,40,40,44,44,122,122,967,967,1118,1118,1048,1048,1018,1018,940,940,881,881,886,886,916,916,935,935,947,947,1007,1007,945,945,387,387,243,243,159,159,116,116,62,62,,,,,,,,,,,,,,,,,,,,,,,,,,,,,,,,,,,,,,,,,,,,,,,,
tran_1e0f12f0-7ebb-41b1-b885-b3c03b86b9c1,4000,tran_444b0fef-a7d5-4f05-9ac7-0f10150b64f1,tran_a4d9a3bd-ed91-4bb7-9b4f-5484c0287dd0,,0,44,44,45,45,32,32,34,34,40,40,44,44,122,122,967,967,1118,1118,1048,1048,1018,1018,940,940,881,881,886,886,916,916,935,935,947,947,1007,1007,945,945,387,387,243,243,159,159,116,116,62,62,,,,,,,,,,,,,,,,,,,,,,,,,,,,,,,,,,,,,,,,,,,,,,,,
tran_1e400d23-adf9-4d74-853a-840a900ef313,4400,tran_9303c1be-95ce-4864-bc40-ab8b83f3f1c3,tran_54a45aaa-1c75-4941-9b4f-8f2827f19b94,,0,44,44,45,45,32,32,34,34,40,40,44,44,122,122,967,967,1118,1118,1048,1048,1018,1018,940,940,881,881,886,886,916,916,935,935,947,947,1007,1007,945,945,387,387,243,243,159,159,116,116,62,62,,,,,,,,,,,,,,,,,,,,,,,,,,,,,,,,,,,,,,,,,,,,,,,,
tran_1e55e048-4d68-45f4-b7df-0254a096c381,1200,tran_8c8e3752-964f-440e-89d2-fa6f9f666bb7,tran_16477a20-182e-42c9-a480-d6ea89b9e8c3,tran_39faaeeb-f93b-433f-8759-2d5d0a684e14;tran_c9e4f03f-15cc-463e-91a0-b1d24b180fae,2,53,53,55,55,38,38,42,42,48,48,53,53,146,146,715,715,891,891,804,804,768,768,707,707,638,638,676,676,679,679,669,669,696,696,738,738,671,671,411,411,264,264,178,178,130,130,66,66,,,,,,,,,,,,,,,,,,,,,,,,,,,,,,,,,,,,,,,,,,,,,,,,
tran_1e91bd68-fc47-4e87-bdd2-f52dbac4dee1,800,tran_9b9f7525-4b0c-4947-8a3f-37ab14cee4bb,tran_c62c1fe7-59b3-4fe2-930e-eb9af94ab00e,tran_981973f9-874f-4a46-952b-549e0f135ef3,1,44,44,45,45,32,32,34,34,40,40,44,44,122,122,967,967,1118,1118,1048,1048,1018,1018,940,940,881,881,886,886,916,916,935,935,947,947,1007,1007,945,945,387,387,243,243,159,159,116,116,62,62,,,,,,,,,,,,,,,,,,,,,,,,,,,,,,,,,,,,,,,,,,,,,,,,
tran_1ea86e49-a399-4291-8b8c-e638e493ec63,1600,tran_436ed35b-ec70-4c20-ae71-3f0a2abb59df,tran_185533e5-fbe2-4f67-9cae-d3315a150121,tran_8ef0665d-3c8e-4eb0-b88e-4353b7215b8c;tran_ac0a8822-a636-4da3-8f33-7c3b496c491a,2,44,44,45,45,32,32,34,34,40,40,44,44,122,122,967,967,1118,1118,1048,1048,1018,1018,940,940,881,881,886,886,916,916,935,935,947,947,1007,1007,945,945,387,387,243,243,159,159,116,116,62,62,,,,,,,,,,,,,,,,,,,,,,,,,,,,,,,,,,,,,,,,,,,,,,,,
tran_1eeee319-6e4d-4f68-b6f6-62c8bcb3e30f,300,tran_2e745b6d-525b-47a5-a93f-2cd82551989b,tran_a2fb718f-80bd-40ed-9548-608572bc3fed,tran_5e236e7b-2e46-4f2e-bc52-addf4aad35d6,1,44,44,45,45,32,32,34,34,40,40,44,44,122,122,967,967,1118,1118,1048,1048,1018,1018,940,940,881,881,886,886,916,916,935,935,947,947,1007,1007,945,945,387,387,243,243,159,159,116,116,62,62,,,,,,,,,,,,,,,,,,,,,,,,,,,,,,,,,,,,,,,,,,,,,,,,
tran_1f334ccd-3a76-45e6-a59b-68b00e147fa8,1200,tran_af98452d-4de1-4f7c-b5bb-3ffeb997b428,tran_04f708a9-557f-4ba0-99f2-3abeafc22ce8,tran_3959058f-220e-471e-bfa9-1243d436cb46,1,44,44,45,45,32,32,34,34,40,40,44,44,122,122,967,967,1118,1118,1048,1048,1018,1018,940,940,881,881,886,886,916,916,935,935,947,947,1007,1007,945,945,387,387,243,243,159,159,116,116,62,62,,,,,,,,,,,,,,,,,,,,,,,,,,,,,,,,,,,,,,,,,,,,,,,,
tran_1f354a08-c419-48ad-94d8-99bc5cc9dbaf,2000,tran_a8262081-82a4-48ac-8e69-d4f58346102d,tran_932301c4-9516-4fae-a8c7-bb30f26eb0d8,,0,44,44,45,45,32,32,34,34,40,40,44,44,122,122,967,967,1118,1118,1048,1048,1018,1018,940,940,881,881,886,886,916,916,935,935,947,947,1007,1007,945,945,387,387,243,243,159,159,116,116,62,62,,,,,,,,,,,,,,,,,,,,,,,,,,,,,,,,,,,,,,,,,,,,,,,,
tran_1f3f099e-67e9-4e99-91e0-09655ef650e6,4400,tran_d3ec4294-ba4a-4b8d-b8f5-0a8b26b6464a,tran_f2bb0df2-afb1-4bde-8295-990732658506,,0,44,44,45,45,32,32,34,34,40,40,44,44,122,122,967,967,1118,1118,1048,1048,1018,1018,940,940,881,881,886,886,916,916,935,935,947,947,1007,1007,945,945,387,387,243,243,159,159,116,116,62,62,,,,,,,,,,,,,,,,,,,,,,,,,,,,,,,,,,,,,,,,,,,,,,,,
tran_1f44e1e9-b1f3-4074-ba51-94c62640ebf2,300,tran_9e196e66-8196-4605-a174-23507d37ac12,tran_8cef6662-7dec-4f10-beb0-00da9f7c51aa,tran_0001c305-0530-45d8-a1e8-45b5e6c8c638,1,44,44,45,45,32,32,34,34,40,40,44,44,122,122,967,967,1118,1118,1048,1048,1018,1018,940,940,881,881,886,886,916,916,935,935,947,947,1007,1007,945,945,387,387,243,243,159,159,116,116,62,62,,,,,,,,,,,,,,,,,,,,,,,,,,,,,,,,,,,,,,,,,,,,,,,,
tran_1f721032-d3be-45bb-851b-8e0455b446e3,4400,tran_baf2c390-5740-4907-b7bd-d727f06f74fb,tran_4e2eafe4-3114-42fc-afc8-e47be7990a4b,,0,44,44,45,45,32,32,34,34,40,40,44,44,122,122,967,967,1118,1118,1048,1048,1018,1018,940,940,881,881,886,886,916,916,935,935,947,947,1007,1007,945,945,387,387,243,243,159,159,116,116,62,62,,,,,,,,,,,,,,,,,,,,,,,,,,,,,,,,,,,,,,,,,,,,,,,,
tran_1fe94025-d8cc-47c3-b885-362cb7f58ff7,2500,tran_d7da4d09-4fb2-477b-bf97-0c2d73589111,tran_2b50a570-5669-46b2-ad8e-6b9bcc0439e5,,0,44,44,45,45,32,32,34,34,40,40,44,44,122,122,967,967,1118,1118,1048,1048,1018,1018,940,940,881,881,886,886,916,916,935,935,947,947,1007,1007,945,945,387,387,243,243,159,159,116,116,62,62,,,,,,,,,,,,,,,,,,,,,,,,,,,,,,,,,,,,,,,,,,,,,,,,
tran_20077819-4a3b-4138-bc60-e7d3f1d0279b,4400,tran_090498a4-dceb-40e3-8354-db2f7248a7ef,tran_40ce49bf-db44-4280-86f7-cb70f343ee81,,0,44,44,45,45,32,32,34,34,40,40,44,44,122,122,967,967,1118,1118,1048,1048,1018,1018,940,940,881,881,886,886,916,916,935,935,947,947,1007,1007,945,945,387,387,243,243,159,159,116,116,62,62,,,,,,,,,,,,,,,,,,,,,,,,,,,,,,,,,,,,,,,,,,,,,,,,
tran_200f789a-9078-4012-80ab-eaa47b749635,1200,tran_40ce49bf-db44-4280-86f7-cb70f343ee81,tran_4f10cc1e-b20b-45d6-be90-1f23432adb06,,0,44,44,45,45,32,32,34,34,40,40,44,44,122,122,967,967,1118,1118,1048,1048,1018,1018,940,940,881,881,886,886,916,916,935,935,947,947,1007,1007,945,945,387,387,243,243,159,159,116,116,62,62,,,,,,,,,,,,,,,,,,,,,,,,,,,,,,,,,,,,,,,,,,,,,,,,
tran_201741bf-570e-435a-be1b-2facfd60c249,2500,tran_5ad6053e-6ba2-470a-a32d-e5aa65625ef8,tran_4f52b6f8-3c2c-40c3-ad43-6b6aeffef70c,,0,44,44,45,45,32,32,34,34,40,40,44,44,122,122,967,967,1118,1118,1048,1048,1018,1018,940,940,881,881,886,886,916,916,935,935,947,947,1007,1007,945,945,387,387,243,243,159,159,116,116,62,62,,,,,,,,,,,,,,,,,,,,,,,,,,,,,,,,,,,,,,,,,,,,,,,,
tran_20265efa-7e8b-48e4-9e76-fa02e121e62d,4400,tran_eeb7330c-6e60-4a2e-9d3b-1759f492eb38,tran_86fd0ad6-13bb-46a3-b52b-e179bb6dff5b,,0,44,44,45,45,32,32,34,34,40,40,44,44,122,122,967,967,1118,1118,1048,1048,1018,1018,940,940,881,881,886,886,916,916,935,935,947,947,1007,1007,945,945,387,387,243,243,159,159,116,116,62,62,,,,,,,,,,,,,,,,,,,,,,,,,,,,,,,,,,,,,,,,,,,,,,,,
tran_209a2ac7-69f9-4739-a41b-5d55a9fadfed,3000,tran_22a36e68-3df5-4577-b953-aca3f943bfa7,tran_bd801986-8644-4708-b693-aeeaa9e63a30,tran_7d091889-5bf3-4acd-a8aa-97bb28d4bac8;tran_f6cc99c6-f75b-49a7-8101-4716424bb154,2,44,44,45,45,32,32,34,34,40,40,44,44,122,122,967,967,1118,1118,1048,1048,1018,1018,940,940,881,881,886,886,916,916,935,935,947,947,1007,1007,945,945,387,387,243,243,159,159,116,116,62,62,,,,,,,,,,,,,,,,,,,,,,,,,,,,,,,,,,,,,,,,,,,,,,,,
tran_20d74a5e-3079-406d-9f87-c6c76e1ddaaf,2000,tran_554b0305-068b-4f15-a069-8b504732b9b9,tran_1b7f1947-fc81-4c17-b357-38f799a0690c,,0,44,44,45,45,32,32,34,34,40,40,44,44,122,122,967,967,1118,1118,1048,1048,1018,1018,940,940,881,881,886,886,916,916,935,935,947,947,1007,1007,945,945,387,387,243,243,159,159,116,116,62,62,,,,,,,,,,,,,,,,,,,,,,,,,,,,,,,,,,,,,,,,,,,,,,,,
tran_20df8fac-a4db-45fb-8f33-4fdc6c755f37,4400,tran_853eb7e7-3af0-4b28-be97-e95f8cc7afdd,tran_c3e7434b-aa74-41ef-bf96-c7c2a98e3a08,tran_1b8350c9-bd42-47e1-864d-ddf961464413;tran_f17cc791-0415-4e0e-b438-49a3562c85b6;tran_2e8344d2-7320-4ffe-9112-bd8a42f72b2d,3,44,44,45,45,32,32,34,34,40,40,44,44,122,122,967,967,1118,1118,1048,1048,1018,1018,940,940,881,881,886,886,916,916,935,935,947,947,1007,1007,945,945,387,387,243,243,159,159,116,116,62,62,,,,,,,,,,,,,,,,,,,,,,,,,,,,,,,,,,,,,,,,,,,,,,,,
tran_2107ea11-fcff-4bb8-9767-4028ef0813de,4400,tran_2bc8030e-b69d-44e0-9684-564ecf1c74d2,tran_898c5a08-9589-4635-9434-0e4ca2aea599,,0,44,44,45,45,32,32,34,34,40,40,44,44,122,122,967,967,1118,1118,1048,1048,1018,1018,940,940,881,881,886,886,916,916,935,935,947,947,1007,1007,945,945,387,387,243,243,159,159,116,116,62,62,,,,,,,,,,,,,,,,,,,,,,,,,,,,,,,,,,,,,,,,,,,,,,,,
tran_210f17ab-bc82-4e68-98da-70ea2d590b45,4400,tran_b3ec9384-3574-4bfe-861c-a6f169ed1cdd,tran_7b309370-756c-4f0d-a41a-3bfe1d125b47,tran_6ba038e1-3d9f-497b-ac0a-24078c9b263b,1,44,44,45,45,32,32,34,34,40,40,44,44,122,122,967,967,1118,1118,1048,1048,1018,1018,940,940,881,881,886,886,916,916,935,935,947,947,1007,1007,945,945,387,387,243,243,159,159,116,116,62,62,,,,,,,,,,,,,,,,,,,,,,,,,,,,,,,,,,,,,,,,,,,,,,,,
tran_21572c71-13dc-46cf-8d24-4eeb35d6355f,2750,tran_ac8ab91c-a409-4efa-b08b-5c7e4d8dfdc7,tran_3ed2ced8-b6d5-4446-b0e0-ed9bc1b816d2,tran_6a7e6065-9942-4992-8996-2244c2f91122;tran_5d73fe31-707f-4480-a771-263e97179962,2,44,44,45,45,32,32,34,34,40,40,44,44,122,122,967,967,1118,1118,1048,1048,1018,1018,940,940,881,881,886,886,916,916,935,935,947,947,1007,1007,945,945,387,387,243,243,159,159,116,116,62,62,,,,,,,,,,,,,,,,,,,,,,,,,,,,,,,,,,,,,,,,,,,,,,,,
tran_2157f80f-437d-4ef5-bf6e-64ab72219026,1200,tran_9b47a8ee-0bc5-4442-815d-c08220e0ad2b,tran_bb01bd88-4b46-43f0-b5bd-d5b0b7d9d540,tran_dfbe9439-96a0-41f8-9076-e93a44c44e35;tran_be96dedc-e907-4a1d-a285-07418169f03f,2,44,44,45,45,32,32,34,34,40,40,44,44,122,122,967,967,1118,1118,1048,1048,1018,1018,940,940,881,881,886,886,916,916,935,935,947,947,1007,1007,945,945,387,387,243,243,159,159,116,116,62,62,,,,,,,,,,,,,,,,,,,,,,,,,,,,,,,,,,,,,,,,,,,,,,,,
tran_217912dd-f90f-4ebd-9ee7-4400f21ab66a,800,tran_46a413e2-cc4a-45e3-9a73-2d29b909c188,tran_a46f2280-9f70-4480-abef-615b3f03bfb9,tran_3be6736e-0ac4-421c-884e-8de46e94a20d;tran_7785030a-0a8f-407e-a88e-495c51b5985f,2,44,44,45,45,32,32,34,34,40,40,44,44,122,122,967,967,1118,1118,1048,1048,1018,1018,940,940,881,881,886,886,916,916,935,935,947,947,1007,1007,945,945,387,387,243,243,159,159,116,116,62,62,,,,,,,,,,,,,,,,,,,,,,,,,,,,,,,,,,,,,,,,,,,,,,,,
tran_21d57d3a-eeb8-40af-8e80-56f55705adab,1000,tran_ed8347db-c578-415c-bf17-d389aa96517c,tran_b9d73e88-974e-490d-af2d-a512ccb98e0f,tran_31232e36-0b98-4810-bdaf-142e28b901f5,1,44,44,45,45,32,32,34,34,40,40,44,44,122,122,967,967,1118,1118,1048,1048,1018,1018,940,940,881,881,886,886,916,916,935,935,947,947,1007,1007,945,945,387,387,243,243,159,159,116,116,62,62,,,,,,,,,,,,,,,,,,,,,,,,,,,,,,,,,,,,,,,,,,,,,,,,
tran_22621db5-032c-45bf-9419-22f29b5bd8fe,4400,tran_80457e38-da1c-4cdd-84c0-391ed84abc86,tran_007f2d69-278f-4179-9858-55bdac0ed09d,,0,44,44,45,45,32,32,34,34,40,40,44,44,122,122,967,967,1118,1118,1048,1048,1018,1018,940,940,881,881,886,886,916,916,935,935,947,947,1007,1007,945,945,387,387,243,243,159,159,116,116,62,62,,,,,,,,,,,,,,,,,,,,,,,,,,,,,,,,,,,,,,,,,,,,,,,,
tran_2275e01e-70b8-4be3-b569-5a72b65b7766,3500,tran_431e318b-8bd1-4528-8612-c1c3b8262f71,tran_f18836d2-481d-49f7-9bfd-455d2ae86611,,0,44,44,45,45,32,32,34,34,40,40,44,44,122,122,967,967,1118,1118,1048,1048,1018,1018,940,940,881,881,886,886,916,916,935,935,947,947,1007,1007,945,945,387,387,243,243,159,159,116,116,62,62,,,,,,,,,,,,,,,,,,,,,,,,,,,,,,,,,,,,,,,,,,,,,,,,
tran_22841a39-9022-40ae-86d2-38a4b781fa71,1200,tran_6d98246a-92cb-4c14-a866-a0d22fcbd992,tran_6819aeb4-fd7a-4910-8a4c-3584f71b5f83,tran_3ee50c19-a195-477e-bcc8-a31e9e9287d1;tran_994372cc-d2a2-400d-b995-3cf4545d962b,2,44,44,45,45,32,32,34,34,40,40,44,44,122,122,967,967,1118,1118,1048,1048,1018,1018,940,940,881,881,886,886,916,916,935,935,947,947,1007,1007,945,945,387,387,243,243,159,159,116,116,62,62,,,,,,,,,,,,,,,,,,,,,,,,,,,,,,,,,,,,,,,,,,,,,,,,
tran_22a36e68-3df5-4577-b953-aca3f943bfa7,800,tran_3e16a207-e74b-4cb7-9c38-8b7171a62f4f,tran_209a2ac7-69f9-4739-a41b-5d55a9fadfed,tran_e4a3cd5b-30cf-4c09-a939-4214638e32cf;tran_7d091889-5bf3-4acd-a8aa-97bb28d4bac8,2,44,44,45,45,32,32,34,34,40,40,44,44,122,122,967,967,1118,1118,1048,1048,1018,1018,940,940,881,881,886,886,916,916,935,935,947,947,1007,1007,945,945,387,387,243,243,159,159,116,116,62,62,,,,,,,,,,,,,,,,,,,,,,,,,,,,,,,,,,,,,,,,,,,,,,,,
tran_22a54e65-fcef-4112-a14f-7c944e2cb6a6,1000,tran_6040224e-d680-41bb-b262-d686033cf508,tran_546699b5-4c79-4ed9-9700-bc90a66668eb,,0,44,44,45,45,32,32,34,34,40,40,44,44,122,122,967,967,1118,1118,1048,1048,1018,1018,940,940,881,881,886,886,916,916,935,935,947,947,1007,1007,945,945,387,387,243,243,159,159,116,116,62,62,,,,,,,,,,,,,,,,,,,,,,,,,,,,,,,,,,,,,,,,,,,,,,,,
tran_22b15d29-24d1-4d93-a63a-8a73275eece4,2500,tran_561f3e5f-d779-484a-b772-ba9f22cc9693,tran_3ec7e852-4591-4f65-98ed-c3560ad94d4f,,0,44,44,45,45,32,32,34,34,40,40,44,44,122,122,967,967,1118,1118,1048,1048,1018,1018,940,940,881,881,886,886,916,916,935,935,947,947,1007,1007,945,945,387,387,243,243,159,159,116,116,62,62,,,,,,,,,,,,,,,,,,,,,,,,,,,,,,,,,,,,,,,,,,,,,,,,
tran_23624eb6-8ef6-4bc1-ab70-5e452cfa012f,2500,tran_b7f3bde2-47c7-4257-810e-a64a814f99a2,tran_d049c3c0-ecab-42c3-80ce-f5db47faf7a3,,0,44,44,45,45,32,32,34,34,40,40,44,44,122,122,967,967,1118,1118,1048,1048,1018,1018,940,940,881,881,886,886,916,916,935,935,947,947,1007,1007,945,945,387,387,243,243,159,159,116,116,62,62,,,,,,,,,,,,,,,,,,,,,,,,,,,,,,,,,,,,,,,,,,,,,,,,
tran_236444a7-020a-4abc-a9ef-4a539a13d3e7,2500,tran_d5154435-ba8a-455b-bd3c-7d99931e2149,tran_f2b6e9cc-94d8-45ca-82bc-8b838db6a6d8,tran_8155b901-7adf-459b-8973-6136e83cd2da;tran_d86e89ac-4df1-4b56-86fb-a847c6641c10,2,44,44,45,45,32,32,34,34,40,40,44,44,122,122,967,967,1118,1118,1048,1048,1018,1018,940,940,881,881,886,886,916,916,935,935,947,947,1007,1007,945,945,387,387,243,243,159,159,116,116,62,62,,,,,,,,,,,,,,,,,,,,,,,,,,,,,,,,,,,,,,,,,,,,,,,,
tran_239ae957-b987-487d-9c96-0ed8d87c0fc9,2000,tran_c07ce826-b246-46ed-8546-74bb6e5042b9,tran_04072f18-559a-4774-b5a0-fffabf9f46a7,15597;tran_5cf99d11-a04d-4d84-8e98-9577809ded77,2,44,44,45,45,32,32,34,34,40,40,44,44,122,122,967,967,1118,1118,1048,1048,1018,1018,940,940,881,881,886,886,916,916,935,935,947,947,1007,1007,945,945,387,387,243,243,159,159,116,116,62,62,,,,,,,,,,,,,,,,,,,,,,,,,,,,,,,,,,,,,,,,,,,,,,,,
tran_23cdf8c2-8e9c-45bf-96ba-99c671eff0ec,4400,tran_2530af6d-1d68-4b4a-aab2-606b2f900769,tran_fc4c3e37-c4ff-4a17-a8d0-2c132a1a0448,,0,44,44,45,45,32,32,34,34,40,40,44,44,122,122,967,967,1118,1118,1048,1048,1018,1018,940,940,881,881,886,886,916,916,935,935,947,947,1007,1007,945,945,387,387,243,243,159,159,116,116,62,62,,,,,,,,,,,,,,,,,,,,,,,,,,,,,,,,,,,,,,,,,,,,,,,,
tran_24282bad-25c7-4872-80f7-ea80d8941c80,4400,tran_d01fa06d-26c9-4728-94b7-3844b9829c1c,16383,18610;tran_8de7cc96-f50f-462a-bf17-1e4f7bb06c59,2,44,44,45,45,32,32,34,34,40,40,44,44,122,122,967,967,1118,1118,1048,1048,1018,1018,940,940,881,881,886,886,916,916,935,935,947,947,1007,1007,945,945,387,387,243,243,159,159,116,116,62,62,,,,,,,,,,,,,,,,,,,,,,,,,,,,,,,,,,,,,,,,,,,,,,,,
tran_2455b779-8916-4139-b205-0c839c607966,4400,tran_68866ad8-7bdc-4a75-9ed2-f4dbd2b3822e,tran_f84d5326-ba4f-4423-b55d-b1ecebf4c233,,0,44,44,45,45,32,32,34,34,40,40,44,44,122,122,967,967,1118,1118,1048,1048,1018,1018,940,940,881,881,886,886,916,916,935,935,947,947,1007,1007,945,945,387,387,243,243,159,159,116,116,62,62,,,,,,,,,,,,,,,,,,,,,,,,,,,,,,,,,,,,,,,,,,,,,,,,
tran_24833f42-e4b2-404f-a87b-ccc5863757cb,1000,tran_8338f552-6a10-4748-936f-5651dba8a4fc,tran_e2f0f44f-8944-4881-94a2-c48c75781590,tran_041e7ab9-a5e3-4ebd-8be4-4d14069df9e2,1,44,44,45,45,32,32,34,34,40,40,44,44,122,122,967,967,1118,1118,1048,1048,1018,1018,940,940,881,881,886,886,916,916,935,935,947,947,1007,1007,945,945,387,387,243,243,159,159,116,116,62,62,,,,,,,,,,,,,,,,,,,,,,,,,,,,,,,,,,,,,,,,,,,,,,,,
tran_25032f71-18df-4d39-b01c-f146aa192f2f,1200,tran_4b8481ea-bb15-43c9-9b9c-ce832b36d745,tran_d5032d0d-e63c-4004-80d8-26d17b47f07e,,0,44,44,45,45,32,32,34,34,40,40,44,44,122,122,967,967,1118,1118,1048,1048,1018,1018,940,940,881,881,886,886,916,916,935,935,947,947,1007,1007,945,945,387,387,243,243,159,159,116,116,62,62,,,,,,,,,,,,,,,,,,,,,,,,,,,,,,,,,,,,,,,,,,,,,,,,
tran_2530af6d-1d68-4b4a-aab2-606b2f900769,1600,tran_f5ac3eb3-78cd-460b-a0c4-890629e6fa22,tran_127f464b-7bb0-4616-b6fb-6a67929f0b4c,tran_23cdf8c2-8e9c-45bf-96ba-99c671eff0ec,1,44,44,45,45,32,32,34,34,40,40,44,44,122,122,967,967,1118,1118,1048,1048,1018,1018,940,940,881,881,886,886,916,916,935,935,947,947,1007,1007,945,945,387,387,243,243,159,159,116,116,62,62,,,,,,,,,,,,,,,,,,,,,,,,,,,,,,,,,,,,,,,,,,,,,,,,
tran_258ebb41-ef8d-4b9f-ab7c-dfff7dbfdbb9,500,tran_afadeb4e-e86a-4c14-a293-5286d9b9a7ed,tran_7659579b-f817-4a26-8152-be98e4023a93,tran_93a33089-696e-4cd2-8174-8f3d6559e4ad,1,44,44,45,45,32,32,34,34,40,40,44,44,122,122,967,967,1118,1118,1048,1048,1018,1018,940,940,881,881,886,886,916,916,935,935,947,947,1007,1007,945,945,387,387,243,243,159,159,116,116,62,62,,,,,,,,,,,,,,,,,,,,,,,,,,,,,,,,,,,,,,,,,,,,,,,,
tran_25ce7968-31ad-40e1-a765-c3718bbce7fb,4400,tran_74e7f691-e4f8-488b-b2a9-8163b4d2493a,tran_d5d39e19-17bd-4678-a7f9-738d0803ae22,,0,44,44,45,45,32,32,34,34,40,40,44,44,122,122,967,967,1118,1118,1048,1048,1018,1018,940,940,881,881,886,886,916,916,935,935,947,947,1007,1007,945,945,387,387,243,243,159,159,116,116,62,62,,,,,,,,,,,,,,,,,,,,,,,,,,,,,,,,,,,,,,,,,,,,,,,,
tran_25fb35f3-8619-4f8d-92de-085095c503b0,400,tran_b9a8fbdc-1999-40f4-be72-fcba96f55862,tran_11af191a-0df4-4687-a574-152634d169ac,tran_c6fe42b0-2c6e-4333-b103-8bdbc26239ff,1,44,44,45,45,32,32,34,34,40,40,44,44,122,122,967,967,1118,1118,1048,1048,1018,1018,940,940,881,881,886,886,916,916,935,935,947,947,1007,1007,945,945,387,387,243,243,159,159,116,116,62,62,,,,,,,,,,,,,,,,,,,,,,,,,,,,,,,,,,,,,,,,,,,,,,,,
tran_261b5675-b583-4faf-8f95-63501e616b2a,300,tran_06d6ff2d-4939-4e8e-b40c-eb52544d8019,tran_9e0b1b4d-96bd-4833-964d-4c232f786688,tran_9538f5d4-80ab-41ff-b59c-b4fdb53324bf,1,44,44,45,45,32,32,34,34,40,40,44,44,122,122,967,967,1118,1118,1048,1048,1018,1018,940,940,881,881,886,886,916,916,935,935,947,947,1007,1007,945,945,387,387,243,243,159,159,116,116,62,62,,,,,,,,,,,,,,,,,,,,,,,,,,,,,,,,,,,,,,,,,,,,,,,,
tran_2656ebae-d255-42a7-bf14-020ad2d28294,800,tran_8558ce7e-497f-49e6-bac7-a8243639c313,tran_a5d11933-aee5-4849-823b-b809276f3b75,tran_b0644f7a-d619-47fa-88de-a57156162dc3,1,44,44,45,45,32,32,34,34,40,40,44,44,122,122,967,967,1118,1118,1048,1048,1018,1018,940,940,881,881,886,886,916,916,935,935,947,947,1007,1007,945,945,387,387,243,243,159,159,116,116,62,62,,,,,,,,,,,,,,,,,,,,,,,,,,,,,,,,,,,,,,,,,,,,,,,,
tran_265ca9a0-d7e9-414e-8145-99124e36c61e,1100,tran_9b47a8ee-0bc5-4442-815d-c08220e0ad2b,tran_436ed35b-ec70-4c20-ae71-3f0a2abb59df,tran_3c27084d-e3a0-43ab-9e59-5b9af86665a3,1,44,44,45,45,32,32,34,34,40,40,44,44,122,122,967,967,1118,1118,1048,1048,1018,1018,940,940,881,881,886,886,916,916,935,935,947,947,1007,1007,945,945,387,387,243,243,159,159,116,116,62,62,,,,,,,,,,,,,,,,,,,,,,,,,,,,,,,,,,,,,,,,,,,,,,,,
tran_2687e0c4-16f3-4ad8-a9d7-7136645833df,800,tran_e76e2c40-e95b-4d15-8d14-b82195622318,tran_d99b3902-f2d9-40f6-8f87-53db5793487c,,0,44,44,45,45,32,32,34,34,40,40,44,44,122,122,967,967,1118,1118,1048,1048,1018,1018,940,940,881,881,886,886,916,916,935,935,947,947,1007,1007,945,945,387,387,243,243,159,159,116,116,62,62,,,,,,,,,,,,,,,,,,,,,,,,,,,,,,,,,,,,,,,,,,,,,,,,
tran_27077cec-e4ef-4da2-a32e-86650720b28f,2750,tran_0ce29836-1998-452b-90e2-2e7651d544a3,tran_34d3f9ef-d59f-4aae-ba25-c9f2befc5457,4857;tran_8dc331cd-379f-4616-9edb-7bd8b55995c1,2,44,44,45,45,32,32,34,34,40,40,44,44,122,122,967,967,1118,1118,1048,1048,1018,1018,940,940,881,881,886,886,916,916,935,935,947,947,1007,1007,945,945,387,387,243,243,159,159,116,116,62,62,,,,,,,,,,,,,,,,,,,,,,,,,,,,,,,,,,,,,,,,,,,,,,,,
tran_271f37e1-d917-4fb0-89ad-4bfd2754f892,400,tran_36539801-238c-4bfa-9689-fd3770434864,tran_5fa0c625-0769-4574-933a-a056f79bee00,tran_f06b5f5a-aa2c-4b9e-bae5-a4a26d8481c9,1,44,44,45,45,32,32,34,34,40,40,44,44,122,122,967,967,1118,1118,1048,1048,1018,1018,940,940,881,881,886,886,916,916,935,935,947,947,1007,1007,945,945,387,387,243,243,159,159,116,116,62,62,,,,,,,,,,,,,,,,,,,,,,,,,,,,,,,,,,,,,,,,,,,,,,,,
tran_27206790-3018-4fbd-b169-36a1058113b6,4400,tran_1b7f1947-fc81-4c17-b357-38f799a0690c,tran_d3e699e1-e7df-49c6-b1a2-644c9c34f370,tran_bf63a880-7595-43cb-914c-d92890e074b4,1,44,44,45,45,32,32,34,34,40,40,44,44,122,122,967,967,1118,1118,1048,1048,1018,1018,940,940,881,881,886,886,916,916,935,935,947,947,1007,1007,945,945,387,387,243,243,159,159,116,116,62,62,,,,,,,,,,,,,,,,,,,,,,,,,,,,,,,,,,,,,,,,,,,,,,,,
tran_2735bc19-c797-41df-a880-f93c1858ea4d,3000,tran_e488b740-b75a-411b-bc07-d19d5ac06fa0,tran_b2356e2a-e1d9-464c-9e41-7e1ab8464c29,tran_f5855da6-900e-4327-8261-5a60ce50fe4f,1,44,44,45,45,32,32,34,34,40,40,44,44,122,122,967,967,1118,1118,1048,1048,1018,1018,940,940,881,881,886,886,916,916,935,935,947,947,1007,1007,945,945,387,387,243,243,159,159,116,116,62,62,,,,,,,,,,,,,,,,,,,,,,,,,,,,,,,,,,,,,,,,,,,,,,,,
tran_27e80b85-7097-44fc-bf6a-cdd1ca10f1ca,2750,tran_ae5eb099-ddf0-4255-ad20-5c94b981ca66,tran_116e2f79-9906-4ac3-b72d-d0e1ae74a4c2,tran_2bc8f5e6-f00e-4255-8ad0-74a95653089b,1,44,44,45,45,32,32,34,34,40,40,44,44,122,122,967,967,1118,1118,1048,1048,1018,1018,940,940,881,881,886,886,916,916,935,935,947,947,1007,1007,945,945,387,387,243,243,159,159,116,116,62,62,,,,,,,,,,,,,,,,,,,,,,,,,,,,,,,,,,,,,,,,,,,,,,,,
tran_27e9c11e-11de-444d-a3f4-d3d69b7e0287,4400,tran_0d607341-d45c-4ae1-ba6c-abbd99fb29b9,tran_1b639d3f-2676-4a50-9cf1-98fde3c4e793,,0,44,44,45,45,32,32,34,34,40,40,44,44,122,122,967,967,1118,1118,1048,1048,1018,1018,940,940,881,881,886,886,916,916,935,935,947,947,1007,1007,945,945,387,387,243,243,159,159,116,116,62,62,,,,,,,,,,,,,,,,,,,,,,,,,,,,,,,,,,,,,,,,,,,,,,,,
tran_27fbcd0d-1f74-4b3c-90c2-a783bfba9ce5,1200,tran_a518c5bb-a8a8-4106-a60d-28f0710faf9a,tran_9092a3e1-8642-4af7-8b15-b5f30e8bff6e,tran_505f0c5f-60cc-4e60-91e8-e1b18434e851,1,44,44,45,45,32,32,34,34,40,40,44,44,122,122,967,967,1118,1118,1048,1048,1018,1018,940,940,881,881,886,886,916,916,935,935,947,947,1007,1007,945,945,387,387,243,243,159,159,116,116,62,62,,,,,,,,,,,,,,,,,,,,,,,,,,,,,,,,,,,,,,,,,,,,,,,,
tran_28816844-464a-4f5f-ad5f-9e4af8268712,3500,tran_94c8ac8d-9e28-458e-a8c4-f6ee5154f83d,tran_912d9716-fc2b-4e08-9a93-e1e2293bb9bf,,0,44,44,45,45,32,32,34,34,40,40,44,44,122,122,967,967,1118,1118,1048,1048,1018,1018,940,940,881,881,886,886,916,916,935,935,947,947,1007,1007,945,945,387,387,243,243,159,159,116,116,62,62,,,,,,,,,,,,,,,,,,,,,,,,,,,,,,,,,,,,,,,,,,,,,,,,
tran_2896f35f-1fa9-4489-b82f-2e7c165748ed,2750,tran_a6e174f6-f056-4a39-a471-6f29e6f166b9,tran_e1d10cab-2ca2-4d6c-89df-46782bd6d436,tran_e33a61b9-6d70-49d4-ab6a-bd7170d5a445;tran_c112376c-0c82-42bf-a03b-40dba0d0f424,2,44,44,45,45,32,32,34,34,40,40,44,44,122,122,967,967,1118,1118,1048,1048,1018,1018,940,940,881,881,886,886,916,916,935,935,947,947,1007,1007,945,945,387,387,243,243,159,159,116,116,62,62,,,,,,,,,,,,,,,,,,,,,,,,,,,,,,,,,,,,,,,,,,,,,,,,
tran_28cd538a-ec9e-4917-8646-e5a0e4aea0b0,800,tran_162fde99-1d32-49be-8034-56da1fc06901,tran_0410af57-0e51-497c-80a6-86fe4adbbbe0,tran_6f0d7627-ead6-482f-a8bb-bd4237ef5dae,1,44,44,45,45,32,32,34,34,40,40,44,44,122,122,967,967,1118,1118,1048,1048,1018,1018,940,940,881,881,886,886,916,916,935,935,947,947,1007,1007,945,945,387,387,243,243,159,159,116,116,62,62,,,,,,,,,,,,,,,,,,,,,,,,,,,,,,,,,,,,,,,,,,,,,,,,
tran_28d39b79-0bf7-4de6-9583-65a7f4642f95,2500,tran_9730b185-aae7-4c1e-9e91-fcff7d20edf7,tran_41d9f054-dba3-4e44-9152-996406f3b690,,0,44,44,45,45,32,32,34,34,40,40,44,44,122,122,967,967,1118,1118,1048,1048,1018,1018,940,940,881,881,886,886,916,916,935,935,947,947,1007,1007,945,945,387,387,243,243,159,159,116,116,62,62,,,,,,,,,,,,,,,,,,,,,,,,,,,,,,,,,,,,,,,,,,,,,,,,
tran_296b0a88-bbc4-4916-a551-297d6c4115e8,1650,tran_1367cf7f-b3ed-490d-8a1e-bfc212e616ba,16288,tran_d0bf5dc0-5ffd-4768-9896-941e7a065340,1,44,44,45,45,32,32,34,34,40,40,44,44,122,122,967,967,1118,1118,1048,1048,1018,1018,940,940,881,881,886,886,916,916,935,935,947,947,1007,1007,945,945,387,387,243,243,159,159,116,116,62,62,,,,,,,,,,,,,,,,,,,,,,,,,,,,,,,,,,,,,,,,,,,,,,,,
tran_29728381-473e-4056-a3c0-73e1f307b39a,2750,tran_8f1394fa-01c7-4822-92ec-e2cca8797cfb,,,0,44,44,45,45,32,32,34,34,40,40,44,44,122,122,967,967,1118,1118,1048,1048,1018,1018,940,940,881,881,886,886,916,916,935,935,947,947,1007,1007,945,945,387,387,243,243,159,159,116,116,62,62,,,,,,,,,,,,,,,,,,,,,,,,,,,,,,,,,,,,,,,,,,,,,,,,
tran_298f314c-2e35-4793-9a0b-e7ca4619d54c,800,tran_4a4abe70-ea89-4c49-829c-7b566f6ced9a,tran_c3e7434b-aa74-41ef-bf96-c7c2a98e3a08,tran_6a679ba2-7355-498e-8159-865b70cdf1f3,1,44,44,45,45,32,32,34,34,40,40,44,44,122,122,967,967,1118,1118,1048,1048,1018,1018,940,940,881,881,886,886,916,916,935,935,947,947,1007,1007,945,945,387,387,243,243,159,159,116,116,62,62,,,,,,,,,,,,,,,,,,,,,,,,,,,,,,,,,,,,,,,,,,,,,,,,
tran_29c58649-cea1-42ed-b067-e90bcad1cfe6,1100,tran_f008d591-c222-4c96-beae-954f27088155,tran_ad85532d-086c-478c-afff-026ac274985c,tran_084e5006-bb72-4d03-99a1-dcbc66c1817d,1,44,44,45,45,32,32,34,34,40,40,44,44,122,122,967,967,1118,1118,1048,1048,1018,1018,940,940,881,881,886,886,916,916,935,935,947,947,1007,1007,945,945,387,387,243,243,159,159,116,116,62,62,,,,,,,,,,,,,,,,,,,,,,,,,,,,,,,,,,,,,,,,,,,,,,,,
tran_2a2cd124-4987-443f-a742-4a079ab0c066,4400,tran_b78e72c2-8775-462a-8bd8-fb0833b4fabc,tran_70265b59-9640-4fd0-a96c-300efe92aab1,,0,44,44,45,45,32,32,34,34,40,40,44,44,122,122,967,967,1118,1118,1048,1048,1018,1018,940,940,881,881,886,886,916,916,935,935,947,947,1007,1007,945,945,387,387,243,243,159,159,116,116,62,62,,,,,,,,,,,,,,,,,,,,,,,,,,,,,,,,,,,,,,,,,,,,,,,,
tran_2a5ad6f5-472a-4070-83d9-aca6c726954a,4000,tran_af7689df-c9ad-4b14-ba42-253a574018d6,tran_e6cc7a12-c6a9-4887-a596-5714914296bf,,0,44,44,45,45,32,32,34,34,40,40,44,44,122,122,967,967,1118,1118,1048,1048,1018,1018,940,940,881,881,886,886,916,916,935,935,947,947,1007,1007,945,945,387,387,243,243,159,159,116,116,62,62,,,,,,,,,,,,,,,,,,,,,,,,,,,,,,,,,,,,,,,,,,,,,,,,
tran_2a770eb7-c7ae-4734-a220-86761b734785,1200,tran_0e5eab55-eec0-4395-a256-28c475b127c9,tran_a624273b-c4f3-4fa6-887e-63c8459765ff,,0,44,44,45,45,32,32,34,34,40,40,44,44,122,122,967,967,1118,1118,1048,1048,1018,1018,940,940,881,881,886,886,916,916,935,935,947,947,1007,1007,945,945,387,387,243,243,159,159,116,116,62,62,,,,,,,,,,,,,,,,,,,,,,,,,,,,,,,,,,,,,,,,,,,,,,,,
tran_2abbc7cc-1f0d-4392-a518-3f9a0d313f73,2000,tran_0804b2e3-8c40-4809-83d5-1d71936c0db4,tran_f2bb0df2-afb1-4bde-8295-990732658506,,0,44,44,45,45,32,32,34,34,40,40,44,44,122,122,967,967,1118,1118,1048,1048,1018,1018,940,940,881,881,886,886,916,916,935,935,947,947,1007,1007,945,945,387,387,243,243,159,159,116,116,62,62,,,,,,,,,,,,,,,,,,,,,,,,,,,,,,,,,,,,,,,,,,,,,,,,
tran_2ad4e42a-8a13-4fcf-b95b-c5d24393aa0d,4400,tran_c2f89a48-5c2f-4217-b459-78941fc3923c,tran_d48dd53d-cb6d-4a31-94e0-fb0b2a7f72c0,,0,44,44,45,45,32,32,34,34,40,40,44,44,122,122,967,967,1118,1118,1048,1048,1018,1018,940,940,881,881,886,886,916,916,935,935,947,947,1007,1007,945,945,387,387,243,243,159,159,116,116,62,62,,,,,,,,,,,,,,,,,,,,,,,,,,,,,,,,,,,,,,,,,,,,,,,,
tran_2ada1eb9-75e3-4e88-b181-671ae9d0e191,4400,tran_c5d7c6c4-a73e-434c-a640-b0b39e4899a5,,,0,44,44,45,45,32,32,34,34,40,40,44,44,122,122,967,967,1118,1118,1048,1048,1018,1018,940,940,881,881,886,886,916,916,935,935,947,947,1007,1007,945,945,387,387,243,243,159,159,116,116,62,62,,,,,,,,,,,,,,,,,,,,,,,,,,,,,,,,,,,,,,,,,,,,,,,,
tran_2b0554d8-cac9-4789-89d1-5849aca3f908,4400,15606,,tran_2b0554d8-cac9-4789-89d1-5849aca3f908,1,42,42,39,39,28,28,29,29,34,34,39,39,112,112,1343,1343,1424,1424,1347,1347,1375,1375,1229,1229,1247,1247,1096,1096,1282,1282,1299,1299,1257,1257,1375,1375,1394,1394,536,536,316,316,190,190,140,140,87,87,,,,,,,,,,,,,,,,,,,,,,,,,,,,,,,,,,,,,,,,,,,,,,,,
tran_2b26610d-4018-492e-9983-1b8831214d23,4400,tran_d6679767-f65e-46fe-a4b9-eb9d2ef2af3b,tran_c0d55c92-3818-4ddb-ada0-10f5ebe0034d,,0,44,44,45,45,32,32,34,34,40,40,44,44,122,122,967,967,1118,1118,1048,1048,1018,1018,940,940,881,881,886,886,916,916,935,935,947,947,1007,1007,945,945,387,387,243,243,159,159,116,116,62,62,,,,,,,,,,,,,,,,,,,,,,,,,,,,,,,,,,,,,,,,,,,,,,,,
tran_2b343da9-7cff-4fbf-b2e8-148e2687b7c2,1200,tran_d16fba1c-e48a-4369-a87e-75fdc154b132,tran_c037efc6-633a-4a68-a7fc-e3b448f83244,,0,44,44,45,45,32,32,34,34,40,40,44,44,122,122,967,967,1118,1118,1048,1048,1018,1018,940,940,881,881,886,886,916,916,935,935,947,947,1007,1007,945,945,387,387,243,243,159,159,116,116,62,62,,,,,,,,,,,,,,,,,,,,,,,,,,,,,,,,,,,,,,,,,,,,,,,,
tran_2b43265f-1742-4a69-9a29-ede8f94fa4d9,2500,tran_4ab04e6c-5cb0-4466-94cf-f34934341190,tran_73fabe54-293e-4bb9-9df5-ba5e9af641db,,0,44,44,45,45,32,32,34,34,40,40,44,44,122,122,967,967,1118,1118,1048,1048,1018,1018,940,940,881,881,886,886,916,916,935,935,947,947,1007,1007,945,945,387,387,243,243,159,159,116,116,62,62,,,,,,,,,,,,,,,,,,,,,,,,,,,,,,,,,,,,,,,,,,,,,,,,
tran_2b44f17a-586e-4498-9160-93069a66faa2,4400,tran_d031bc99-0414-4aaf-ac85-4b7ff53add76,tran_e54dfffd-ceff-431e-ac69-a131717474ce,,0,44,44,45,45,32,32,34,34,40,40,44,44,122,122,967,967,1118,1118,1048,1048,1018,1018,940,940,881,881,886,886,916,916,935,935,947,947,1007,1007,945,945,387,387,243,243,159,159,116,116,62,62,,,,,,,,,,,,,,,,,,,,,,,,,,,,,,,,,,,,,,,,,,,,,,,,
tran_2b4d964c-ed35-4c4b-8953-fe5f905f8ec2,4000,tran_9b3fb295-04ab-44d5-bdf7-5b931a7c9170,tran_7a8b6575-3359-4c8f-aff5-c87889ba1ccb,,0,44,44,45,45,32,32,34,34,40,40,44,44,122,122,967,967,1118,1118,1048,1048,1018,1018,940,940,881,881,886,886,916,916,935,935,947,947,1007,1007,945,945,387,387,243,243,159,159,116,116,62,62,,,,,,,,,,,,,,,,,,,,,,,,,,,,,,,,,,,,,,,,,,,,,,,,
tran_2b50a570-5669-46b2-ad8e-6b9bcc0439e5,300,tran_d879ac76-a0b2-4957-a0bb-3b782268d777,tran_1fe94025-d8cc-47c3-b885-362cb7f58ff7,tran_090e8607-b8f1-4e30-a585-67989b3549c0,1,44,44,45,45,32,32,34,34,40,40,44,44,122,122,967,967,1118,1118,1048,1048,1018,1018,940,940,881,881,886,886,916,916,935,935,947,947,1007,1007,945,945,387,387,243,243,159,159,116,116,62,62,,,,,,,,,,,,,,,,,,,,,,,,,,,,,,,,,,,,,,,,,,,,,,,,
tran_2b51662f-c5ed-4a62-85d2-0a5443e73b56,300,tran_06a681f1-fd91-46dc-bd50-245485e68a1c,tran_dc229769-541a-434a-8c0c-b231fc91370f,tran_584d86c8-6ed2-47f4-b92e-edc9c492de96,1,44,44,45,45,32,32,34,34,40,40,44,44,122,122,967,967,1118,1118,1048,1048,1018,1018,940,940,881,881,886,886,916,916,935,935,947,947,1007,1007,945,945,387,387,243,243,159,159,116,116,62,62,,,,,,,,,,,,,,,,,,,,,,,,,,,,,,,,,,,,,,,,,,,,,,,,
tran_2ba0b527-93a4-4f0c-b0fa-d1225a33930b,1200,tran_4182d080-5780-4fb4-9c48-ed2ded2ad814,tran_5b1213a7-b4d2-42a4-9d46-09c5cc51a069,,0,44,44,45,45,32,32,34,34,40,40,44,44,122,122,967,967,1118,1118,1048,1048,1018,1018,940,940,881,881,886,886,916,916,935,935,947,947,1007,1007,945,945,387,387,243,243,159,159,116,116,62,62,,,,,,,,,,,,,,,,,,,,,,,,,,,,,,,,,,,,,,,,,,,,,,,,
tran_2bc8030e-b69d-44e0-9684-564ecf1c74d2,4000,tran_2107ea11-fcff-4bb8-9767-4028ef0813de,tran_2e5d0199-ff6d-46d6-b412-c9bb6e8e67de,tran_6e045a66-0d55-4270-bb78-7a317e646958,1,44,44,45,45,32,32,34,34,40,40,44,44,122,122,967,967,1118,1118,1048,1048,1018,1018,940,940,881,881,886,886,916,916,935,935,947,947,1007,1007,945,945,387,387,243,243,159,159,116,116,62,62,,,,,,,,,,,,,,,,,,,,,,,,,,,,,,,,,,,,,,,,,,,,,,,,
tran_2bc8f5e6-f00e-4255-8ad0-74a95653089b,4000,tran_27e80b85-7097-44fc-bf6a-cdd1ca10f1ca,tran_e736b83d-1502-45bb-9350-5896c742bec9,,0,44,44,45,45,32,32,34,34,40,40,44,44,122,122,967,967,1118,1118,1048,1048,1018,1018,940,940,881,881,886,886,916,916,935,935,947,947,1007,1007,945,945,387,387,243,243,159,159,116,116,62,62,,,,,,,,,,,,,,,,,,,,,,,,,,,,,,,,,,,,,,,,,,,,,,,,
tran_2bd64ccb-e656-4214-b4bf-96d3e423c1b1,2500,tran_c8a35baa-289a-4bc0-823d-d6f7b22387eb,16538,tran_d30b3d8e-9fef-44ea-91e8-b746691604b5;16542,2,0,0,0,0,0,0,0,0,0,0,0,0,0,0,1138,1138,1201,1201,1284,1284,1257,1257,1168,1168,1084,1084,1145,1145,1051,1051,1179,1179,1173,1173,1211,1211,1091,1091,0,0,0,0,0,0,0,0,0,0,,,,,,,,,,,,,,,,,,,,,,,,,,,,,,,,,,,,,,,,,,,,,,,,
tran_2be81680-ad20-4ffe-aea1-242e1cf2d9f1,3500,tran_6d34e3b9-6e12-44f5-bd0d-786627fa362c,tran_e1d10cab-2ca2-4d6c-89df-46782bd6d436,tran_3a4cddbc-ef03-4d4f-95b7-4162897a16f1;tran_08ef9bd2-27cd-4d7a-b908-4400a839e210,2,44,44,45,45,32,32,34,34,40,40,44,44,122,122,967,967,1118,1118,1048,1048,1018,1018,940,940,881,881,886,886,916,916,935,935,947,947,1007,1007,945,945,387,387,243,243,159,159,116,116,62,62,,,,,,,,,,,,,,,,,,,,,,,,,,,,,,,,,,,,,,,,,,,,,,,,
tran_2c4d96a8-bcc3-48aa-82e4-8201be9b6539,300,tran_38f1ae10-616a-49a9-aa3b-708bab0a09c8,tran_bd8ae8ad-1ecb-4133-b606-eef6d3c9e190,tran_67960ad2-ff83-4518-901f-7413032342bc,1,44,44,45,45,32,32,34,34,40,40,44,44,122,122,967,967,1118,1118,1048,1048,1018,1018,940,940,881,881,886,886,916,916,935,935,947,947,1007,1007,945,945,387,387,243,243,159,159,116,116,62,62,,,,,,,,,,,,,,,,,,,,,,,,,,,,,,,,,,,,,,,,,,,,,,,,
tran_2c6c0108-b1de-4711-a32c-97ac3a5cca65,4400,tran_688513a0-336a-42d6-aef8-037526b11f0d,tran_944b1c4d-f844-4432-87b6-bae46537631c,,0,44,44,45,45,32,32,34,34,40,40,44,44,122,122,967,967,1118,1118,1048,1048,1018,1018,940,940,881,881,886,886,916,916,935,935,947,947,1007,1007,945,945,387,387,243,243,159,159,116,116,62,62,,,,,,,,,,,,,,,,,,,,,,,,,,,,,,,,,,,,,,,,,,,,,,,,
tran_2c9d0ef3-1288-4b1f-bec0-e685a535d9a4,4400,tran_0d607cf3-2c85-4cf7-9193-27d5cc4e7e62,tran_7218c82d-517f-453a-b521-ceaaa737c462,,0,44,44,45,45,32,32,34,34,40,40,44,44,122,122,967,967,1118,1118,1048,1048,1018,1018,940,940,881,881,886,886,916,916,935,935,947,947,1007,1007,945,945,387,387,243,243,159,159,116,116,62,62,,,,,,,,,,,,,,,,,,,,,,,,,,,,,,,,,,,,,,,,,,,,,,,,
tran_2ca726ff-3370-40d3-8de1-7f63ed9e263b,300,tran_cab7eefa-05e5-4a2a-8ada-86afe8e0fb54,tran_54504f15-55b9-46b3-b90a-e85150e81820,tran_52b03f37-04cf-4c37-9275-42dad37959a9,1,44,44,45,45,32,32,34,34,40,40,44,44,122,122,967,967,1118,1118,1048,1048,1018,1018,940,940,881,881,886,886,916,916,935,935,947,947,1007,1007,945,945,387,387,243,243,159,159,116,116,62,62,,,,,,,,,,,,,,,,,,,,,,,,,,,,,,,,,,,,,,,,,,,,,,,,
tran_2cb25da8-0129-4e10-837e-c72b9a9c8ec2,3500,tran_32dfe6ff-a6cb-492e-b511-691d455ee756,tran_e736b83d-1502-45bb-9350-5896c742bec9,,0,44,44,45,45,32,32,34,34,40,40,44,44,122,122,967,967,1118,1118,1048,1048,1018,1018,940,940,881,881,886,886,916,916,935,935,947,947,1007,1007,945,945,387,387,243,243,159,159,116,116,62,62,,,,,,,,,,,,,,,,,,,,,,,,,,,,,,,,,,,,,,,,,,,,,,,,
tran_2cbde0f2-3622-47fd-8a63-f60f8191f52a,4400,tran_6c898dd9-8d26-44f2-9d2d-3e54fdaa0017,tran_5f465b1c-031a-4eb3-b980-41a956cbc5fb,,0,44,44,45,45,32,32,34,34,40,40,44,44,122,122,967,967,1118,1118,1048,1048,1018,1018,940,940,881,881,886,886,916,916,935,935,947,947,1007,1007,945,945,387,387,243,243,159,159,116,116,62,62,,,,,,,,,,,,,,,,,,,,,,,,,,,,,,,,,,,,,,,,,,,,,,,,
tran_2d56aaa4-c289-4c5e-82a0-c667dc988315,4400,tran_cef5d71c-4e4b-41e5-baec-f8939321c970,tran_d48dd53d-cb6d-4a31-94e0-fb0b2a7f72c0,,0,44,44,45,45,32,32,34,34,40,40,44,44,122,122,967,967,1118,1118,1048,1048,1018,1018,940,940,881,881,886,886,916,916,935,935,947,947,1007,1007,945,945,387,387,243,243,159,159,116,116,62,62,,,,,,,,,,,,,,,,,,,,,,,,,,,,,,,,,,,,,,,,,,,,,,,,
tran_2d923e89-ffc6-4db0-a4cc-c5454401c7c9,4000,tran_c2d53e2b-8bcf-4f2e-b242-351da1421fe5,tran_0b1fa315-970c-472a-b0f6-f49386d43bc4,,0,44,44,45,45,32,32,34,34,40,40,44,44,122,122,967,967,1118,1118,1048,1048,1018,1018,940,940,881,881,886,886,916,916,935,935,947,947,1007,1007,945,945,387,387,243,243,159,159,116,116,62,62,,,,,,,,,,,,,,,,,,,,,,,,,,,,,,,,,,,,,,,,,,,,,,,,
tran_2da51415-f090-471f-9504-68de56e8c29b,4400,tran_5939fee2-63ef-4296-8ddd-8c26365369a0,tran_7be5b697-a3a0-4a52-91f6-52b95cebd519,,0,44,44,45,45,32,32,34,34,40,40,44,44,122,122,967,967,1118,1118,1048,1048,1018,1018,940,940,881,881,886,886,916,916,935,935,947,947,1007,1007,945,945,387,387,243,243,159,159,116,116,62,62,,,,,,,,,,,,,,,,,,,,,,,,,,,,,,,,,,,,,,,,,,,,,,,,
tran_2dcb6a76-1eab-4ece-b7c6-7e1cd226bcee,1600,tran_3959058f-220e-471e-bfa9-1243d436cb46,tran_5b1213a7-b4d2-42a4-9d46-09c5cc51a069,,0,44,44,45,45,32,32,34,34,40,40,44,44,122,122,967,967,1118,1118,1048,1048,1018,1018,940,940,881,881,886,886,916,916,935,935,947,947,1007,1007,945,945,387,387,243,243,159,159,116,116,62,62,,,,,,,,,,,,,,,,,,,,,,,,,,,,,,,,,,,,,,,,,,,,,,,,
tran_2e03cfbf-9ecb-4ae5-a8aa-5f60ea3d452a,3500,tran_fd77d9f2-440d-4c0e-86dd-b253f00e90b5,tran_43e22460-2d37-4e61-b7db-e29783f758ef,,0,44,44,45,45,32,32,34,34,40,40,44,44,122,122,967,967,1118,1118,1048,1048,1018,1018,940,940,881,881,886,886,916,916,935,935,947,947,1007,1007,945,945,387,387,243,243,159,159,116,116,62,62,,,,,,,,,,,,,,,,,,,,,,,,,,,,,,,,,,,,,,,,,,,,,,,,
tran_2e04f4c8-b497-4608-b48e-4a5ce4bb264f,400,tran_721581e6-56ae-4a86-bf3e-5e675e1432d6,tran_eb616753-394a-45c8-b5d7-7f3892d54205,tran_c4177c80-5057-43af-98bd-b987775cbe36,1,44,44,45,45,32,32,34,34,40,40,44,44,122,122,967,967,1118,1118,1048,1048,1018,1018,940,940,881,881,886,886,916,916,935,935,947,947,1007,1007,945,945,387,387,243,243,159,159,116,116,62,62,,,,,,,,,,,,,,,,,,,,,,,,,,,,,,,,,,,,,,,,,,,,,,,,
tran_2e058912-99f9-4091-af2e-14dded0dece8,4400,tran_ea832e5a-513a-4d98-ba0d-452f0c56ebf6,tran_11675a11-da12-413f-a90d-b9da81ea79e9,,0,44,44,45,45,32,32,34,34,40,40,44,44,122,122,967,967,1118,1118,1048,1048,1018,1018,940,940,881,881,886,886,916,916,935,935,947,947,1007,1007,945,945,387,387,243,243,159,159,116,116,62,62,,,,,,,,,,,,,,,,,,,,,,,,,,,,,,,,,,,,,,,,,,,,,,,,
tran_2e0aafaa-7f19-4cd2-b9a2-40353ff44b3b,800,tran_de221618-0bea-42af-9ab0-1f8993590fe2,tran_8855d28b-4077-4adb-8450-cfd2a3c2aa86,,0,44,44,45,45,32,32,34,34,40,40,44,44,122,122,967,967,1118,1118,1048,1048,1018,1018,940,940,881,881,886,886,916,916,935,935,947,947,1007,1007,945,945,387,387,243,243,159,159,116,116,62,62,,,,,,,,,,,,,,,,,,,,,,,,,,,,,,,,,,,,,,,,,,,,,,,,
tran_2e481174-f713-4cc7-b8fe-24428977eaf9,4400,15866,tran_12ebfcd1-7f55-4860-b86d-926ca1c87ef6,,0,0,0,0,0,0,0,0,0,0,0,0,0,0,0,1138,1138,1201,1201,1284,1284,1257,1257,1168,1168,1084,1084,1145,1145,1051,1051,1179,1179,1173,1173,1211,1211,1091,1091,0,0,0,0,0,0,0,0,0,0,,,,,,,,,,,,,,,,,,,,,,,,,,,,,,,,,,,,,,,,,,,,,,,,
tran_2e5d0199-ff6d-46d6-b412-c9bb6e8e67de,2500,tran_acad3eb8-d379-4595-a123-5b9dd88d0a74,tran_2bc8030e-b69d-44e0-9684-564ecf1c74d2,,0,44,44,45,45,32,32,34,34,40,40,44,44,122,122,967,967,1118,1118,1048,1048,1018,1018,940,940,881,881,886,886,916,916,935,935,947,947,1007,1007,945,945,387,387,243,243,159,159,116,116,62,62,,,,,,,,,,,,,,,,,,,,,,,,,,,,,,,,,,,,,,,,,,,,,,,,
tran_2e745b6d-525b-47a5-a93f-2cd82551989b,300,tran_1eeee319-6e4d-4f68-b6f6-62c8bcb3e30f,tran_dd65c98f-a540-4751-b725-8a5b085f8a54,,0,44,44,45,45,32,32,34,34,40,40,44,44,122,122,967,967,1118,1118,1048,1048,1018,1018,940,940,881,881,886,886,916,916,935,935,947,947,1007,1007,945,945,387,387,243,243,159,159,116,116,62,62,,,,,,,,,,,,,,,,,,,,,,,,,,,,,,,,,,,,,,,,,,,,,,,,
tran_2e76fb59-4151-4374-86a8-7e0786c8afb2,1200,tran_854ed414-806a-4914-b03f-b2dc8ab07f89,tran_d16fba1c-e48a-4369-a87e-75fdc154b132,,0,44,44,45,45,32,32,34,34,40,40,44,44,122,122,967,967,1118,1118,1048,1048,1018,1018,940,940,881,881,886,886,916,916,935,935,947,947,1007,1007,945,945,387,387,243,243,159,159,116,116,62,62,,,,,,,,,,,,,,,,,,,,,,,,,,,,,,,,,,,,,,,,,,,,,,,,
tran_2e8344d2-7320-4ffe-9112-bd8a42f72b2d,4400,tran_20df8fac-a4db-45fb-8f33-4fdc6c755f37,tran_dc678557-f8d2-4790-b074-11c8a0d58ae8,,0,44,44,45,45,32,32,34,34,40,40,44,44,122,122,967,967,1118,1118,1048,1048,1018,1018,940,940,881,881,886,886,916,916,935,935,947,947,1007,1007,945,945,387,387,243,243,159,159,116,116,62,62,,,,,,,,,,,,,,,,,,,,,,,,,,,,,,,,,,,,,,,,,,,,,,,,
tran_2f0653a2-46dd-407c-bd22-6225abd81841,1600,tran_aefec74f-d610-4f0c-95e9-4dc101a588dc,tran_ac1604ad-db92-4ae3-a1c3-94ee5d0b4e35,,0,44,44,45,45,32,32,34,34,40,40,44,44,122,122,967,967,1118,1118,1048,1048,1018,1018,940,940,881,881,886,886,916,916,935,935,947,947,1007,1007,945,945,387,387,243,243,159,159,116,116,62,62,,,,,,,,,,,,,,,,,,,,,,,,,,,,,,,,,,,,,,,,,,,,,,,,
tran_2f0ac8c8-c69c-4dca-a7c4-b83a44d6a4eb,4400,tran_be121c7f-6994-4b31-a93d-24010b03bf74,tran_b9a8fbdc-1999-40f4-be72-fcba96f55862,tran_39faaeeb-f93b-433f-8759-2d5d0a684e14,1,44,44,45,45,32,32,34,34,40,40,44,44,122,122,967,967,1118,1118,1048,1048,1018,1018,940,940,881,881,886,886,916,916,935,935,947,947,1007,1007,945,945,387,387,243,243,159,159,116,116,62,62,,,,,,,,,,,,,,,,,,,,,,,,,,,,,,,,,,,,,,,,,,,,,,,,
tran_2f214eaf-820c-452f-b33b-b81cfbe0958a,4400,15594,tran_3110819f-cada-414d-9671-ed0705e993b5,,0,44,44,45,45,32,32,34,34,40,40,44,44,122,122,967,967,1118,1118,1048,1048,1018,1018,940,940,881,881,886,886,916,916,935,935,947,947,1007,1007,945,945,387,387,243,243,159,159,116,116,62,62,,,,,,,,,,,,,,,,,,,,,,,,,,,,,,,,,,,,,,,,,,,,,,,,
tran_2f2ad58c-5903-4d9f-af50-ab753eb3b666,4000,tran_b1530cae-22e9-48b0-9e3c-b4dd997fb05a,tran_34dde172-4c2a-4041-93ee-967479bb9041,,0,44,44,45,45,32,32,34,34,40,40,44,44,122,122,967,967,1118,1118,1048,1048,1018,1018,940,940,881,881,886,886,916,916,935,935,947,947,1007,1007,945,945,387,387,243,243,159,159,116,116,62,62,,,,,,,,,,,,,,,,,,,,,,,,,,,,,,,,,,,,,,,,,,,,,,,,
tran_2f5c59d4-01c1-44b7-92de-0bb6a433e058,4400,tran_abdcfebb-262c-48c5-ad7a-67b495d512d5,11718,,0,44,44,45,45,32,32,34,34,40,40,44,44,122,122,967,967,1118,1118,1048,1048,1018,1018,940,940,881,881,886,886,916,916,935,935,947,947,1007,1007,945,945,387,387,243,243,159,159,116,116,62,62,,,,,,,,,,,,,,,,,,,,,,,,,,,,,,,,,,,,,,,,,,,,,,,,
tran_30026e4b-5bad-4243-a0d8-8ebad4e95bc4,3850,tran_940f985f-4103-4538-a845-558c72f6cda9,tran_01835bc1-1653-4e67-8fd9-ed97ed5dcdbe,tran_de462bb7-eb82-418a-ac47-326139745dec;tran_44c81680-5d6e-4677-9ccd-f1fc3a98c150,2,44,44,45,45,32,32,34,34,40,40,44,44,122,122,967,967,1118,1118,1048,1048,1018,1018,940,940,881,881,886,886,916,916,935,935,947,947,1007,1007,945,945,387,387,243,243,159,159,116,116,62,62,,,,,,,,,,,,,,,,,,,,,,,,,,,,,,,,,,,,,,,,,,,,,,,,
tran_3057ba66-3781-483e-ab86-846893e11339,1100,tran_5f4f5186-5c56-46f6-998c-c549799ea501,tran_93a33089-696e-4cd2-8174-8f3d6559e4ad,tran_ef85fd36-46b2-431a-a262-eb84e49e3585,1,44,44,45,45,32,32,34,34,40,40,44,44,122,122,967,967,1118,1118,1048,1048,1018,1018,940,940,881,881,886,886,916,916,935,935,947,947,1007,1007,945,945,387,387,243,243,159,159,116,116,62,62,,,,,,,,,,,,,,,,,,,,,,,,,,,,,,,,,,,,,,,,,,,,,,,,
tran_309266ba-2ff9-4aa9-a689-6d231c6eb613,1200,tran_b1530cae-22e9-48b0-9e3c-b4dd997fb05a,tran_912d9716-fc2b-4e08-9a93-e1e2293bb9bf,,0,44,44,45,45,32,32,34,34,40,40,44,44,122,122,967,967,1118,1118,1048,1048,1018,1018,940,940,881,881,886,886,916,916,935,935,947,947,1007,1007,945,945,387,387,243,243,159,159,116,116,62,62,,,,,,,,,,,,,,,,,,,,,,,,,,,,,,,,,,,,,,,,,,,,,,,,
tran_30a16f1d-4a15-4d71-ae95-6ac6001b65c3,4400,tran_c40a104e-f4d2-41b3-9452-436dd7b39281,tran_1b639d3f-2676-4a50-9cf1-98fde3c4e793,,0,44,44,45,45,32,32,34,34,40,40,44,44,122,122,967,967,1118,1118,1048,1048,1018,1018,940,940,881,881,886,886,916,916,935,935,947,947,1007,1007,945,945,387,387,243,243,159,159,116,116,62,62,,,,,,,,,,,,,,,,,,,,,,,,,,,,,,,,,,,,,,,,,,,,,,,,
tran_30ccbb78-b5e0-47ce-8d2e-1bdf81395bb1,800,tran_5ed6db48-b73f-4266-ae31-e865cb585d67,tran_d9dfab77-6833-4d0e-950a-3afccbe47a7e,,0,44,44,45,45,32,32,34,34,40,40,44,44,122,122,967,967,1118,1118,1048,1048,1018,1018,940,940,881,881,886,886,916,916,935,935,947,947,1007,1007,945,945,387,387,243,243,159,159,116,116,62,62,,,,,,,,,,,,,,,,,,,,,,,,,,,,,,,,,,,,,,,,,,,,,,,,
tran_30dd0023-3777-4459-a6ea-76d584a28b9b,3300,tran_02258733-6ad7-4b6b-a135-0e0e4abdec19,tran_19a8c433-1c48-4578-abdf-4faf2beef77d,,0,44,44,45,45,32,32,34,34,40,40,44,44,122,122,967,967,1118,1118,1048,1048,1018,1018,940,940,881,881,886,886,916,916,935,935,947,947,1007,1007,945,945,387,387,243,243,159,159,116,116,62,62,,,,,,,,,,,,,,,,,,,,,,,,,,,,,,,,,,,,,,,,,,,,,,,,
tran_3110819f-cada-414d-9671-ed0705e993b5,4400,15661,tran_2f214eaf-820c-452f-b33b-b81cfbe0958a,tran_9ac41fe8-a326-4747-b261-d1c88510723d,1,0,0,0,0,0,0,0,0,0,0,0,0,0,0,1138,1138,1201,1201,1284,1284,1257,1257,1168,1168,1084,1084,1145,1145,1051,1051,1179,1179,1173,1173,1211,1211,1091,1091,0,0,0,0,0,0,0,0,0,0,,,,,,,,,,,,,,,,,,,,,,,,,,,,,,,,,,,,,,,,,,,,,,,,
tran_31232e36-0b98-4810-bdaf-142e28b901f5,1600,tran_21d57d3a-eeb8-40af-8e80-56f55705adab,tran_c3069ff1-7c2c-4379-bb43-ad5d82a71151,,0,44,44,45,45,32,32,34,34,40,40,44,44,122,122,967,967,1118,1118,1048,1048,1018,1018,940,940,881,881,886,886,916,916,935,935,947,947,1007,1007,945,945,387,387,243,243,159,159,116,116,62,62,,,,,,,,,,,,,,,,,,,,,,,,,,,,,,,,,,,,,,,,,,,,,,,,
tran_315124d4-106f-42a9-87f9-171988a70972,2500,tran_e165808d-a40d-4885-930a-59d1c5a9b573,tran_cddf8e89-d33b-41fc-8168-0278baa0cb16,,0,44,44,45,45,32,32,34,34,40,40,44,44,122,122,967,967,1118,1118,1048,1048,1018,1018,940,940,881,881,886,886,916,916,935,935,947,947,1007,1007,945,945,387,387,243,243,159,159,116,116,62,62,,,,,,,,,,,,,,,,,,,,,,,,,,,,,,,,,,,,,,,,,,,,,,,,
tran_315f849c-e755-4d05-8d1b-402be96158a4,4400,tran_b304e8b4-7af1-422e-beb1-6b76422b2b98,tran_f3960677-482f-4d66-a1ff-748d31f8016c,,0,44,44,45,45,32,32,34,34,40,40,44,44,122,122,967,967,1118,1118,1048,1048,1018,1018,940,940,881,881,886,886,916,916,935,935,947,947,1007,1007,945,945,387,387,243,243,159,159,116,116,62,62,,,,,,,,,,,,,,,,,,,,,,,,,,,,,,,,,,,,,,,,,,,,,,,,
tran_3186f308-1d36-430b-a878-2e7b32b77311,300,tran_5f639000-304a-4e33-9be1-b3a15e95bdcd,tran_fcb24147-5dd5-4daa-a6f0-19492f963d38,tran_4240d0cc-967c-4f2c-890e-fc2cd7311b13,1,44,44,45,45,32,32,34,34,40,40,44,44,122,122,967,967,1118,1118,1048,1048,1018,1018,940,940,881,881,886,886,916,916,935,935,947,947,1007,1007,945,945,387,387,243,243,159,159,116,116,62,62,,,,,,,,,,,,,,,,,,,,,,,,,,,,,,,,,,,,,,,,,,,,,,,,
tran_319ca519-78a3-455c-8086-04da6e375a5f,4400,,tran_fb885c7e-4a30-4535-b72c-8526d953e2cd,,0,44,44,45,45,32,32,34,34,40,40,44,44,122,122,967,967,1118,1118,1048,1048,1018,1018,940,940,881,881,886,886,916,916,935,935,947,947,1007,1007,945,945,387,387,243,243,159,159,116,116,62,62,,,,,,,,,,,,,,,,,,,,,,,,,,,,,,,,,,,,,,,,,,,,,,,,
tran_31c16de5-7872-445f-8b41-4cc35467b6cb,1200,tran_6e5311f6-bf07-4e4e-8f07-5f252121ea24,tran_3e113b0b-d610-4173-8b0e-a8ac07c427cc,tran_0cfa84c8-2598-45ca-bae6-44d8d65c7998,1,44,44,45,45,32,32,34,34,40,40,44,44,122,122,967,967,1118,1118,1048,1048,1018,1018,940,940,881,881,886,886,916,916,935,935,947,947,1007,1007,945,945,387,387,243,243,159,159,116,116,62,62,,,,,,,,,,,,,,,,,,,,,,,,,,,,,,,,,,,,,,,,,,,,,,,,
tran_31e4a0e2-3c49-4e72-859c-4bf8d1a0def8,300,tran_f7921b0f-f9d7-444a-9d0a-a975f4da7beb,tran_995e5e96-5bed-4f99-ad14-35c467dc0dc8,tran_3bc3166f-6a0e-4854-891f-29bedf550c94,1,44,44,45,45,32,32,34,34,40,40,44,44,122,122,967,967,1118,1118,1048,1048,1018,1018,940,940,881,881,886,886,916,916,935,935,947,947,1007,1007,945,945,387,387,243,243,159,159,116,116,62,62,,,,,,,,,,,,,,,,,,,,,,,,,,,,,,,,,,,,,,,,,,,,,,,,
tran_321c84b0-6a48-4de0-ac3a-075911c9a11b,3300,tran_d1b9da98-b62d-4806-90ac-ad74c823c241,,tran_6e045a66-0d55-4270-bb78-7a317e646958,1,44,44,45,45,32,32,34,34,40,40,44,44,122,122,967,967,1118,1118,1048,1048,1018,1018,940,940,881,881,886,886,916,916,935,935,947,947,1007,1007,945,945,387,387,243,243,159,159,116,116,62,62,,,,,,,,,,,,,,,,,,,,,,,,,,,,,,,,,,,,,,,,,,,,,,,,
tran_322f96d6-2d27-4d6e-a934-8f9768ec052a,4400,tran_a6f4dbdd-7593-46e8-978e-5b9f2daff45b,tran_4a668cd3-f0c3-4b11-99db-894a3d938edd,,0,44,44,45,45,32,32,34,34,40,40,44,44,122,122,967,967,1118,1118,1048,1048,1018,1018,940,940,881,881,886,886,916,916,935,935,947,947,1007,1007,945,945,387,387,243,243,159,159,116,116,62,62,,,,,,,,,,,,,,,,,,,,,,,,,,,,,,,,,,,,,,,,,,,,,,,,
tran_32d0ec5a-150e-4eb4-a8a5-1002abeef945,3000,11411,tran_79517036-c56b-4d50-a346-5517875303db,tran_8acc12df-c93c-483e-be81-21cd1a6deec3,1,44,44,45,45,32,32,34,34,40,40,44,44,122,122,967,967,1118,1118,1048,1048,1018,1018,940,940,881,881,886,886,916,916,935,935,947,947,1007,1007,945,945,387,387,243,243,159,159,116,116,62,62,,,,,,,,,,,,,,,,,,,,,,,,,,,,,,,,,,,,,,,,,,,,,,,,
tran_32dfe6ff-a6cb-492e-b511-691d455ee756,2500,tran_130b13a7-63bd-4a94-b45c-f23a2efe0dde,tran_ec5d4aeb-72b9-457b-be1d-e406a885bebe,tran_a42471d8-1e02-43b2-9af9-d0332ee2e43e;tran_2cb25da8-0129-4e10-837e-c72b9a9c8ec2,2,44,44,45,45,32,32,34,34,40,40,44,44,122,122,967,967,1118,1118,1048,1048,1018,1018,940,940,881,881,886,886,916,916,935,935,947,947,1007,1007,945,945,387,387,243,243,159,159,116,116,62,62,,,,,,,,,,,,,,,,,,,,,,,,,,,,,,,,,,,,,,,,,,,,,,,,
tran_3305b67c-776a-42c0-a26e-8255e82dde3d,2000,5211,tran_d5154435-ba8a-455b-bd3c-7d99931e2149,tran_99ec0bc0-01fa-4ee4-87aa-550e249e996a,1,44,44,45,45,32,32,34,34,40,40,44,44,122,122,967,967,1118,1118,1048,1048,1018,1018,940,940,881,881,886,886,916,916,935,935,947,947,1007,1007,945,945,387,387,243,243,159,159,116,116,62,62,,,,,,,,,,,,,,,,,,,,,,,,,,,,,,,,,,,,,,,,,,,,,,,,
tran_333bb82c-8aed-4f6b-851d-df14c72855bc,4400,tran_d65ab49c-1bae-46e8-8358-9eb1a21e5ef9,tran_b56b7aa3-a0f5-4db5-9959-d266c706b607,tran_f8f3d4c8-7e81-4a64-a15c-78219ba6d009;tran_efbbabff-8983-4355-8306-a79d7272159b,2,44,44,45,45,32,32,34,34,40,40,44,44,122,122,967,967,1118,1118,1048,1048,1018,1018,940,940,881,881,886,886,916,916,935,935,947,947,1007,1007,945,945,387,387,243,243,159,159,116,116,62,62,,,,,,,,,,,,,,,,,,,,,,,,,,,,,,,,,,,,,,,,,,,,,,,,
tran_333e257d-6bb4-4d5d-bf3d-57cffd9ebb04,3500,tran_13fd0da4-ea47-47b4-920e-2a6fa286418a,tran_ae031a46-e05c-4c88-81a9-bdcbe497c390,tran_94cf875b-0fc1-4c19-88ad-b9fe4189d0e0;tran_4d1046bd-a5f5-498f-8924-601e80ed8085,2,44,44,45,45,32,32,34,34,40,40,44,44,122,122,967,967,1118,1118,1048,1048,1018,1018,940,940,881,881,886,886,916,916,935,935,947,947,1007,1007,945,945,387,387,243,243,159,159,116,116,62,62,,,,,,,,,,,,,,,,,,,,,,,,,,,,,,,,,,,,,,,,,,,,,,,,
tran_33ccea8d-da8a-44c0-8630-23ab35d56fcb,800,tran_bc5ced8e-22d1-42fd-a7e6-31c451a57dd5,tran_4b2a5f49-27d0-4064-b8b4-ab9561c53e02,tran_be07d233-2cec-4d6d-8d69-e2a2f1afba1d,1,44,44,45,45,32,32,34,34,40,40,44,44,122,122,967,967,1118,1118,1048,1048,1018,1018,940,940,881,881,886,886,916,916,935,935,947,947,1007,1007,945,945,387,387,243,243,159,159,116,116,62,62,,,,,,,,,,,,,,,,,,,,,,,,,,,,,,,,,,,,,,,,,,,,,,,,
tran_33cea811-1e6f-43bc-92aa-0ab29ecd62c0,4400,,tran_737cb81b-60de-4e51-9b74-759cd9b4331c,,0,44,44,45,45,32,32,34,34,40,40,44,44,122,122,967,967,1118,1118,1048,1048,1018,1018,940,940,881,881,886,886,916,916,935,935,947,947,1007,1007,945,945,387,387,243,243,159,159,116,116,62,62,,,,,,,,,,,,,,,,,,,,,,,,,,,,,,,,,,,,,,,,,,,,,,,,
tran_3433bcb2-c10e-40e7-8b65-78a46cd4bd55,3500,tran_0188b681-b259-4d17-b1d8-bb7fcd058044,tran_aefec74f-d610-4f0c-95e9-4dc101a588dc,,0,44,44,45,45,32,32,34,34,40,40,44,44,122,122,967,967,1118,1118,1048,1048,1018,1018,940,940,881,881,886,886,916,916,935,935,947,947,1007,1007,945,945,387,387,243,243,159,159,116,116,62,62,,,,,,,,,,,,,,,,,,,,,,,,,,,,,,,,,,,,,,,,,,,,,,,,
tran_3446d89e-b26c-4dfc-8dd9-11ed27d844de,4400,tran_c427f48e-4bfc-4d88-a058-b67fb9237624,tran_9ace8f49-f587-4bc6-bb33-97fc0ef87917,,0,44,44,45,45,32,32,34,34,40,40,44,44,122,122,967,967,1118,1118,1048,1048,1018,1018,940,940,881,881,886,886,916,916,935,935,947,947,1007,1007,945,945,387,387,243,243,159,159,116,116,62,62,,,,,,,,,,,,,,,,,,,,,,,,,,,,,,,,,,,,,,,,,,,,,,,,
tran_348c2676-0bfd-46df-85e4-620db048b9d8,300,tran_fdcf305a-f9f3-4a8e-acd3-f52c66fef6b7,tran_409d45be-ed29-486c-b938-e99049af8c7a,,0,44,44,45,45,32,32,34,34,40,40,44,44,122,122,967,967,1118,1118,1048,1048,1018,1018,940,940,881,881,886,886,916,916,935,935,947,947,1007,1007,945,945,387,387,243,243,159,159,116,116,62,62,,,,,,,,,,,,,,,,,,,,,,,,,,,,,,,,,,,,,,,,,,,,,,,,
tran_349f7949-3405-473d-bc5d-d5199cd08391,2500,tran_abdcfebb-262c-48c5-ad7a-67b495d512d5,tran_36fbf329-0497-4aa1-9d3c-13cfd0188c35,,0,44,44,45,45,32,32,34,34,40,40,44,44,122,122,967,967,1118,1118,1048,1048,1018,1018,940,940,881,881,886,886,916,916,935,935,947,947,1007,1007,945,945,387,387,243,243,159,159,116,116,62,62,,,,,,,,,,,,,,,,,,,,,,,,,,,,,,,,,,,,,,,,,,,,,,,,
tran_34b2f358-785b-435e-9937-e1c0960e2470,1600,tran_06a25a88-552a-4d0a-82e7-3e56d371be74,tran_aa15cac3-3b05-4d17-a738-090833a3b455,tran_d29e5db7-bd1a-4271-9775-215181e10d18;tran_df98a198-820a-4f84-8937-5b884ec1d32e,2,44,44,45,45,32,32,34,34,40,40,44,44,122,122,967,967,1118,1118,1048,1048,1018,1018,940,940,881,881,886,886,916,916,935,935,947,947,1007,1007,945,945,387,387,243,243,159,159,116,116,62,62,,,,,,,,,,,,,,,,,,,,,,,,,,,,,,,,,,,,,,,,,,,,,,,,
tran_34bc9979-fd47-4104-a830-b10d6d786c35,2500,tran_53826c24-45db-4e1f-9acc-b3dad0e84681,tran_4b514e65-912e-4de5-9bd9-1be3e4dd5ab6,,0,44,44,45,45,32,32,34,34,40,40,44,44,122,122,967,967,1118,1118,1048,1048,1018,1018,940,940,881,881,886,886,916,916,935,935,947,947,1007,1007,945,945,387,387,243,243,159,159,116,116,62,62,,,,,,,,,,,,,,,,,,,,,,,,,,,,,,,,,,,,,,,,,,,,,,,,
tran_34c1ed87-59fa-44bb-a768-aff30487206c,3500,tran_62c5c362-32fa-4813-92c0-aa65e0fca405,tran_7b309370-756c-4f0d-a41a-3bfe1d125b47,,0,44,44,45,45,32,32,34,34,40,40,44,44,122,122,967,967,1118,1118,1048,1048,1018,1018,940,940,881,881,886,886,916,916,935,935,947,947,1007,1007,945,945,387,387,243,243,159,159,116,116,62,62,,,,,,,,,,,,,,,,,,,,,,,,,,,,,,,,,,,,,,,,,,,,,,,,
tran_34cc296c-46fd-4db5-8181-ebb382d582be,4400,tran_833a6883-1c6d-49b2-b941-e545bd5bd7f7,tran_6f395174-41d4-4801-816d-3b3dec38d034,,0,44,44,45,45,32,32,34,34,40,40,44,44,122,122,967,967,1118,1118,1048,1048,1018,1018,940,940,881,881,886,886,916,916,935,935,947,947,1007,1007,945,945,387,387,243,243,159,159,116,116,62,62,,,,,,,,,,,,,,,,,,,,,,,,,,,,,,,,,,,,,,,,,,,,,,,,
tran_34d3f9ef-d59f-4aae-ba25-c9f2befc5457,4400,tran_27077cec-e4ef-4da2-a32e-86650720b28f,tran_aaea5f34-f4c2-4aa9-b3a9-f43b2581d834,,0,67,67,70,70,49,49,53,53,62,62,67,67,186,186,910,910,1134,1134,1023,1023,977,977,900,900,812,812,861,861,864,864,851,851,886,886,939,939,854,854,524,524,336,336,227,227,165,165,84,84,,,,,,,,,,,,,,,,,,,,,,,,,,,,,,,,,,,,,,,,,,,,,,,,
tran_34da69ec-e0b3-4e7d-9141-339dc463a94f,1200,,tran_4d260f4c-5df5-4ce9-b296-e96bd7cc4b03,,0,44,44,45,45,32,32,34,34,40,40,44,44,122,122,967,967,1118,1118,1048,1048,1018,1018,940,940,881,881,886,886,916,916,935,935,947,947,1007,1007,945,945,387,387,243,243,159,159,116,116,62,62,,,,,,,,,,,,,,,,,,,,,,,,,,,,,,,,,,,,,,,,,,,,,,,,
tran_34dde172-4c2a-4041-93ee-967479bb9041,1200,tran_1370c342-70cc-4b65-94ad-b959b82945aa,tran_9f40debc-7ff1-4f9f-b557-d411fcc6eceb,tran_2f2ad58c-5903-4d9f-af50-ab753eb3b666,1,44,44,45,45,32,32,34,34,40,40,44,44,122,122,967,967,1118,1118,1048,1048,1018,1018,940,940,881,881,886,886,916,916,935,935,947,947,1007,1007,945,945,387,387,243,243,159,159,116,116,62,62,,,,,,,,,,,,,,,,,,,,,,,,,,,,,,,,,,,,,,,,,,,,,,,,
tran_350446de-0bf8-4c4e-9196-78ffe0999fd0,1600,tran_bc4803f8-c5ec-4e7c-9170-25637fecac0a,tran_0a698e16-3934-43ce-9dc0-7ffafead684a,tran_a22884eb-0633-4a35-8f82-41bbcc911691,1,44,44,45,45,32,32,34,34,40,40,44,44,122,122,967,967,1118,1118,1048,1048,1018,1018,940,940,881,881,886,886,916,916,935,935,947,947,1007,1007,945,945,387,387,243,243,159,159,116,116,62,62,,,,,,,,,,,,,,,,,,,,,,,,,,,,,,,,,,,,,,,,,,,,,,,,
tran_3540daed-7265-4457-805e-145dce7f06be,4000,tran_3be88f95-255d-4ac5-acb0-925a572278ee,tran_5b5e5cdb-7d1d-4033-b7f0-a0ad5238ca07,,0,44,44,45,45,32,32,34,34,40,40,44,44,122,122,967,967,1118,1118,1048,1048,1018,1018,940,940,881,881,886,886,916,916,935,935,947,947,1007,1007,945,945,387,387,243,243,159,159,116,116,62,62,,,,,,,,,,,,,,,,,,,,,,,,,,,,,,,,,,,,,,,,,,,,,,,,
tran_358f333b-6f8a-4ca2-af7a-a96c11301c0f,600,tran_c5947098-26fa-4d55-8350-4a2b4f92bd4a,,,0,44,44,45,45,32,32,34,34,40,40,44,44,122,122,967,967,1118,1118,1048,1048,1018,1018,940,940,881,881,886,886,916,916,935,935,947,947,1007,1007,945,945,387,387,243,243,159,159,116,116,62,62,,,,,,,,,,,,,,,,,,,,,,,,,,,,,,,,,,,,,,,,,,,,,,,,
tran_358fe247-07d6-4633-9e71-6affe3b318aa,4400,tran_5f465b1c-031a-4eb3-b980-41a956cbc5fb,tran_c858b55d-b3fe-4479-a6b8-de97992d2a85,,0,44,44,45,45,32,32,34,34,40,40,44,44,122,122,967,967,1118,1118,1048,1048,1018,1018,940,940,881,881,886,886,916,916,935,935,947,947,1007,1007,945,945,387,387,243,243,159,159,116,116,62,62,,,,,,,,,,,,,,,,,,,,,,,,,,,,,,,,,,,,,,,,,,,,,,,,
tran_3593a586-b214-4751-b3f8-b0a6f339ffeb,4400,tran_932301c4-9516-4fae-a8c7-bb30f26eb0d8,tran_0a93b1d1-4f2e-400a-90a7-00c1e55f4553,,0,44,44,45,45,32,32,34,34,40,40,44,44,122,122,967,967,1118,1118,1048,1048,1018,1018,940,940,881,881,886,886,916,916,935,935,947,947,1007,1007,945,945,387,387,243,243,159,159,116,116,62,62,,,,,,,,,,,,,,,,,,,,,,,,,,,,,,,,,,,,,,,,,,,,,,,,
tran_35cfa2cb-b740-4cb7-bd93-b7ce6974094c,1200,tran_e4603f5e-0ec7-4b76-a526-d6dc3f547cdf,tran_0633e21a-a2a0-416c-830e-3aa7b20b4eed,,0,44,44,45,45,32,32,34,34,40,40,44,44,122,122,967,967,1118,1118,1048,1048,1018,1018,940,940,881,881,886,886,916,916,935,935,947,947,1007,1007,945,945,387,387,243,243,159,159,116,116,62,62,,,,,,,,,,,,,,,,,,,,,,,,,,,,,,,,,,,,,,,,,,,,,,,,
tran_35dd4106-041e-4d54-ac49-1e868f72c3e3,1600,tran_101383a6-9873-4418-98d7-54c013155fd6,tran_37fa9d48-453d-4e73-a5d6-d7626529f8b7,,0,44,44,45,45,32,32,34,34,40,40,44,44,122,122,967,967,1118,1118,1048,1048,1018,1018,940,940,881,881,886,886,916,916,935,935,947,947,1007,1007,945,945,387,387,243,243,159,159,116,116,62,62,,,,,,,,,,,,,,,,,,,,,,,,,,,,,,,,,,,,,,,,,,,,,,,,
tran_360601a3-c61b-486a-b81d-5b8c87a2e542,4400,tran_eeb7330c-6e60-4a2e-9d3b-1759f492eb38,tran_7a8b6575-3359-4c8f-aff5-c87889ba1ccb,,0,44,44,45,45,32,32,34,34,40,40,44,44,122,122,967,967,1118,1118,1048,1048,1018,1018,940,940,881,881,886,886,916,916,935,935,947,947,1007,1007,945,945,387,387,243,243,159,159,116,116,62,62,,,,,,,,,,,,,,,,,,,,,,,,,,,,,,,,,,,,,,,,,,,,,,,,
tran_3643aef1-8543-4f11-a665-9638651c32ce,4400,tran_b254b380-d9c1-400b-8734-ab3e39d38833,tran_e736b83d-1502-45bb-9350-5896c742bec9,,0,44,44,45,45,32,32,34,34,40,40,44,44,122,122,967,967,1118,1118,1048,1048,1018,1018,940,940,881,881,886,886,916,916,935,935,947,947,1007,1007,945,945,387,387,243,243,159,159,116,116,62,62,,,,,,,,,,,,,,,,,,,,,,,,,,,,,,,,,,,,,,,,,,,,,,,,
tran_36539801-238c-4bfa-9689-fd3770434864,1200,tran_090498a4-dceb-40e3-8354-db2f7248a7ef,tran_271f37e1-d917-4fb0-89ad-4bfd2754f892,,0,53,53,55,55,38,38,42,42,48,48,53,53,146,146,715,715,891,891,804,804,768,768,707,707,638,638,676,676,679,679,669,669,696,696,738,738,671,671,411,411,264,264,178,178,130,130,66,66,,,,,,,,,,,,,,,,,,,,,,,,,,,,,,,,,,,,,,,,,,,,,,,,
tran_36aa591e-3d9e-425c-82f3-c73bf69a281b,4400,tran_c2ee82c3-16f8-4007-ad5f-7092155826bf,tran_61f9effd-170d-4aff-ab90-2d067b518f62,,0,44,44,45,45,32,32,34,34,40,40,44,44,122,122,967,967,1118,1118,1048,1048,1018,1018,940,940,881,881,886,886,916,916,935,935,947,947,1007,1007,945,945,387,387,243,243,159,159,116,116,62,62,,,,,,,,,,,,,,,,,,,,,,,,,,,,,,,,,,,,,,,,,,,,,,,,
tran_36c0edd4-3848-4c26-984e-8ec90683e8ae,4000,tran_8c076948-7efe-4fbd-9252-e45308ed3259,tran_467ed51b-cdfa-44d8-8362-c5b51a3e4497,,0,44,44,45,45,32,32,34,34,40,40,44,44,122,122,967,967,1118,1118,1048,1048,1018,1018,940,940,881,881,886,886,916,916,935,935,947,947,1007,1007,945,945,387,387,243,243,159,159,116,116,62,62,,,,,,,,,,,,,,,,,,,,,,,,,,,,,,,,,,,,,,,,,,,,,,,,
tran_36c7a25e-9c88-4fd6-b238-d05b91cecb5c,4400,tran_d9dfab77-6833-4d0e-950a-3afccbe47a7e,tran_36fbf329-0497-4aa1-9d3c-13cfd0188c35,,0,44,44,45,45,32,32,34,34,40,40,44,44,122,122,967,967,1118,1118,1048,1048,1018,1018,940,940,881,881,886,886,916,916,935,935,947,947,1007,1007,945,945,387,387,243,243,159,159,116,116,62,62,,,,,,,,,,,,,,,,,,,,,,,,,,,,,,,,,,,,,,,,,,,,,,,,
tran_36fbf329-0497-4aa1-9d3c-13cfd0188c35,2750,11719,tran_36c7a25e-9c88-4fd6-b238-d05b91cecb5c,tran_349f7949-3405-473d-bc5d-d5199cd08391,1,44,44,45,45,32,32,34,34,40,40,44,44,122,122,967,967,1118,1118,1048,1048,1018,1018,940,940,881,881,886,886,916,916,935,935,947,947,1007,1007,945,945,387,387,243,243,159,159,116,116,62,62,,,,,,,,,,,,,,,,,,,,,,,,,,,,,,,,,,,,,,,,,,,,,,,,
tran_37a0a7db-474e-424a-a6fd-267bddc0e9f6,1200,18387,tran_3edbd902-64b0-4398-ae07-cad7b5b4d4e5,,0,53,53,55,55,38,38,42,42,48,48,53,53,146,146,715,715,891,891,804,804,768,768,707,707,638,638,676,676,679,679,669,669,696,696,738,738,671,671,411,411,264,264,178,178,130,130,66,66,,,,,,,,,,,,,,,,,,,,,,,,,,,,,,,,,,,,,,,,,,,,,,,,
tran_37ce5314-f30f-40f8-bd3d-3b5b4c80771e,4000,tran_ecaa3fe6-a880-49b6-b610-2d76751639b8,tran_5d70f4dd-03e8-4f74-9001-587af0fc2290,,0,44,44,45,45,32,32,34,34,40,40,44,44,122,122,967,967,1118,1118,1048,1048,1018,1018,940,940,881,881,886,886,916,916,935,935,947,947,1007,1007,945,945,387,387,243,243,159,159,116,116,62,62,,,,,,,,,,,,,,,,,,,,,,,,,,,,,,,,,,,,,,,,,,,,,,,,
tran_37d4c35a-ecfb-4928-8db2-6a2b02093220,4400,tran_c7a04ce2-3c56-4bf3-8c56-c58e2f58b911,tran_c0382363-32a1-49e8-b52e-2d1ae469d14d,,0,44,44,45,45,32,32,34,34,40,40,44,44,122,122,967,967,1118,1118,1048,1048,1018,1018,940,940,881,881,886,886,916,916,935,935,947,947,1007,1007,945,945,387,387,243,243,159,159,116,116,62,62,,,,,,,,,,,,,,,,,,,,,,,,,,,,,,,,,,,,,,,,,,,,,,,,
tran_37fa9d48-453d-4e73-a5d6-d7626529f8b7,1200,tran_35dd4106-041e-4d54-ac49-1e868f72c3e3,tran_cace5f1e-17b9-4fee-9b3e-d5ac60ae25aa,tran_d8ff85c1-1b51-4c87-a045-26f621a78d2f,1,44,44,45,45,32,32,34,34,40,40,44,44,122,122,967,967,1118,1118,1048,1048,1018,1018,940,940,881,881,886,886,916,916,935,935,947,947,1007,1007,945,945,387,387,243,243,159,159,116,116,62,62,,,,,,,,,,,,,,,,,,,,,,,,,,,,,,,,,,,,,,,,,,,,,,,,
tran_3826c7ef-f5a1-432b-91b7-f511511f1423,4400,tran_c29d3e60-62e6-4acc-b4ea-3c78158a298a,tran_76ae3169-1645-4d1d-a184-3dcabd8a0a0b,,0,44,44,45,45,32,32,34,34,40,40,44,44,122,122,967,967,1118,1118,1048,1048,1018,1018,940,940,881,881,886,886,916,916,935,935,947,947,1007,1007,945,945,387,387,243,243,159,159,116,116,62,62,,,,,,,,,,,,,,,,,,,,,,,,,,,,,,,,,,,,,,,,,,,,,,,,
tran_383010c1-2cf1-42f3-83d1-291941154c6d,3000,tran_02b43726-c956-4602-9707-1f9071aaf519,tran_4328f456-047d-43db-b4bc-39d4ecee0a82,tran_714c8962-b108-4f04-81db-9c1a397dc4c4;tran_c140a36e-b476-4ee8-adba-5d7a545035b0,2,44,44,45,45,32,32,34,34,40,40,44,44,122,122,967,967,1118,1118,1048,1048,1018,1018,940,940,881,881,886,886,916,916,935,935,947,947,1007,1007,945,945,387,387,243,243,159,159,116,116,62,62,,,,,,,,,,,,,,,,,,,,,,,,,,,,,,,,,,,,,,,,,,,,,,,,
tran_387b3254-0a42-4e3d-a443-64fc050897a7,3000,tran_f4a22809-791b-4a94-9b8a-1c46d140374a,tran_1b9f18bd-eb9c-46bb-865c-e83d44f8664e,,0,44,44,45,45,32,32,34,34,40,40,44,44,122,122,967,967,1118,1118,1048,1048,1018,1018,940,940,881,881,886,886,916,916,935,935,947,947,1007,1007,945,945,387,387,243,243,159,159,116,116,62,62,,,,,,,,,,,,,,,,,,,,,,,,,,,,,,,,,,,,,,,,,,,,,,,,
tran_38805914-db43-4f13-b6f5-b81c14286e6c,4400,tran_41d9f054-dba3-4e44-9152-996406f3b690,tran_8a537b27-2dfd-49bf-bf85-a72ef610fa91,,0,44,44,45,45,32,32,34,34,40,40,44,44,122,122,967,967,1118,1118,1048,1048,1018,1018,940,940,881,881,886,886,916,916,935,935,947,947,1007,1007,945,945,387,387,243,243,159,159,116,116,62,62,,,,,,,,,,,,,,,,,,,,,,,,,,,,,,,,,,,,,,,,,,,,,,,,
tran_38d74608-6a55-465c-834c-7ce56c075c20,4400,tran_e861b453-fe68-4993-9312-fdfe40365435,tran_87320166-5b1d-47d1-8693-475971b7c2b5,,0,0,0,0,0,0,0,0,0,0,0,0,0,0,0,1138,1138,1201,1201,1284,1284,1257,1257,1168,1168,1084,1084,1145,1145,1051,1051,1179,1179,1173,1173,1211,1211,1091,1091,0,0,0,0,0,0,0,0,0,0,,,,,,,,,,,,,,,,,,,,,,,,,,,,,,,,,,,,,,,,,,,,,,,,
tran_38f1ae10-616a-49a9-aa3b-708bab0a09c8,3500,tran_1b9f18bd-eb9c-46bb-865c-e83d44f8664e,tran_2c4d96a8-bcc3-48aa-82e4-8201be9b6539,,0,44,44,45,45,32,32,34,34,40,40,44,44,122,122,967,967,1118,1118,1048,1048,1018,1018,940,940,881,881,886,886,916,916,935,935,947,947,1007,1007,945,945,387,387,243,243,159,159,116,116,62,62,,,,,,,,,,,,,,,,,,,,,,,,,,,,,,,,,,,,,,,,,,,,,,,,
tran_390f9807-a1b2-4175-adb0-51ac2ca00eba,4400,tran_409d45be-ed29-486c-b938-e99049af8c7a,,,0,44,44,45,45,32,32,34,34,40,40,44,44,122,122,967,967,1118,1118,1048,1048,1018,1018,940,940,881,881,886,886,916,916,935,935,947,947,1007,1007,945,945,387,387,243,243,159,159,116,116,62,62,,,,,,,,,,,,,,,,,,,,,,,,,,,,,,,,,,,,,,,,,,,,,,,,
tran_391b5f38-e5ba-48a0-afe8-23d957efe2aa,4400,tran_40440557-ccbe-4258-8c09-7d7468d03bc5,tran_b249ef4d-7a53-4c04-9441-415dd3d23d39,tran_2b0554d8-cac9-4789-89d1-5849aca3f908;tran_1389400a-0ecc-49da-b737-89b6508dbb06;tran_c3498a47-3054-42f2-9e1f-1c2b9c1963c3,3,44,44,45,45,32,32,34,34,40,40,44,44,122,122,967,967,1118,1118,1048,1048,1018,1018,940,940,881,881,886,886,916,916,935,935,947,947,1007,1007,945,945,387,387,243,243,159,159,116,116,62,62,,,,,,,,,,,,,,,,,,,,,,,,,,,,,,,,,,,,,,,,,,,,,,,,
tran_3938686e-8147-4862-b895-e5dd9ca8dbe7,1600,,tran_4bfb29f4-d905-4bbb-a86b-98381ccbbf30,,0,44,44,45,45,32,32,34,34,40,40,44,44,122,122,967,967,1118,1118,1048,1048,1018,1018,940,940,881,881,886,886,916,916,935,935,947,947,1007,1007,945,945,387,387,243,243,159,159,116,116,62,62,,,,,,,,,,,,,,,,,,,,,,,,,,,,,,,,,,,,,,,,,,,,,,,,
tran_3959058f-220e-471e-bfa9-1243d436cb46,4400,tran_2dcb6a76-1eab-4ece-b7c6-7e1cd226bcee,tran_1f334ccd-3a76-45e6-a59b-68b00e147fa8,tran_b9ede55d-fc8d-46eb-aaa9-ff60f830f2df;tran_a86fdecf-1e9c-4c1f-be0c-d87e81d9ea80,2,44,44,45,45,32,32,34,34,40,40,44,44,122,122,967,967,1118,1118,1048,1048,1018,1018,940,940,881,881,886,886,916,916,935,935,947,947,1007,1007,945,945,387,387,243,243,159,159,116,116,62,62,,,,,,,,,,,,,,,,,,,,,,,,,,,,,,,,,,,,,,,,,,,,,,,,
tran_395c2f3d-ec40-449a-bed8-75a97fcb6875,2200,tran_130b13a7-63bd-4a94-b45c-f23a2efe0dde,tran_fd177bf3-5c55-45d4-8212-d545a9fb32e1,tran_0a5a6531-a81f-4e05-a66f-64e05551f476,1,44,44,45,45,32,32,34,34,40,40,44,44,122,122,967,967,1118,1118,1048,1048,1018,1018,940,940,881,881,886,886,916,916,935,935,947,947,1007,1007,945,945,387,387,243,243,159,159,116,116,62,62,,,,,,,,,,,,,,,,,,,,,,,,,,,,,,,,,,,,,,,,,,,,,,,,
tran_396e985c-7c78-4313-b7ef-14ec591f42e7,500,tran_b918fe44-2fb9-4033-a6ec-ca19341e646d,tran_472542e6-9323-4fd3-b41b-f50eb02c2b60,tran_6f0d7627-ead6-482f-a8bb-bd4237ef5dae,1,44,44,45,45,32,32,34,34,40,40,44,44,122,122,967,967,1118,1118,1048,1048,1018,1018,940,940,881,881,886,886,916,916,935,935,947,947,1007,1007,945,945,387,387,243,243,159,159,116,116,62,62,,,,,,,,,,,,,,,,,,,,,,,,,,,,,,,,,,,,,,,,,,,,,,,,
tran_398faa5d-6229-45a7-87ef-8cf213461e2e,4000,tran_b7c8b404-4c35-428b-8d42-3e866a933d82,tran_5fdaacd9-12f0-453a-8063-fa4edd822f82,,0,44,44,45,45,32,32,34,34,40,40,44,44,122,122,967,967,1118,1118,1048,1048,1018,1018,940,940,881,881,886,886,916,916,935,935,947,947,1007,1007,945,945,387,387,243,243,159,159,116,116,62,62,,,,,,,,,,,,,,,,,,,,,,,,,,,,,,,,,,,,,,,,,,,,,,,,
tran_39f1cbb3-cd6b-46ec-bad7-679e0cfdcfb9,2200,tran_7ec08cd3-b4c4-45f4-87b8-cffdca6ef6ab,tran_6a7e6065-9942-4992-8996-2244c2f91122,tran_b72129ce-7c9b-4f37-bc52-ca8a4a3568ff,1,44,44,45,45,32,32,34,34,40,40,44,44,122,122,967,967,1118,1118,1048,1048,1018,1018,940,940,881,881,886,886,916,916,935,935,947,947,1007,1007,945,945,387,387,243,243,159,159,116,116,62,62,,,,,,,,,,,,,,,,,,,,,,,,,,,,,,,,,,,,,,,,,,,,,,,,
tran_39faaeeb-f93b-433f-8759-2d5d0a684e14,4400,tran_1e55e048-4d68-45f4-b7df-0254a096c381,tran_2f0ac8c8-c69c-4dca-a7c4-b83a44d6a4eb,,0,44,44,45,45,32,32,34,34,40,40,44,44,122,122,967,967,1118,1118,1048,1048,1018,1018,940,940,881,881,886,886,916,916,935,935,947,947,1007,1007,945,945,387,387,243,243,159,159,116,116,62,62,,,,,,,,,,,,,,,,,,,,,,,,,,,,,,,,,,,,,,,,,,,,,,,,
tran_3a458ecc-8f82-40ce-a350-5e2a2c27838d,4400,tran_a0fc507b-6259-433a-8de4-7170bbab8026,tran_3f005230-5f80-43df-90e3-723c58f3025f,,0,0,0,0,0,0,0,0,0,0,0,0,0,0,0,1156,1156,1275,1275,1184,1184,1063,1063,1121,1121,1033,1033,1056,1056,1105,1105,1218,1218,1250,1250,1308,1308,1226,1226,0,0,0,0,0,0,0,0,0,0,,,,,,,,,,,,,,,,,,,,,,,,,,,,,,,,,,,,,,,,,,,,,,,,
tran_3a4afdc7-4689-4d75-ad9d-7cf62e9a7417,1200,tran_aefec74f-d610-4f0c-95e9-4dc101a588dc,tran_8c8e3a9b-4da2-4539-b09b-d1b18c55582b,,0,44,44,45,45,32,32,34,34,40,40,44,44,122,122,967,967,1118,1118,1048,1048,1018,1018,940,940,881,881,886,886,916,916,935,935,947,947,1007,1007,945,945,387,387,243,243,159,159,116,116,62,62,,,,,,,,,,,,,,,,,,,,,,,,,,,,,,,,,,,,,,,,,,,,,,,,
tran_3a4cddbc-ef03-4d4f-95b7-4162897a16f1,4400,tran_9b190af6-f4ba-4e88-8711-acb5264e84f8,tran_2be81680-ad20-4ffe-aea1-242e1cf2d9f1,tran_4328f456-047d-43db-b4bc-39d4ecee0a82;tran_e1d10cab-2ca2-4d6c-89df-46782bd6d436,2,44,44,45,45,32,32,34,34,40,40,44,44,122,122,967,967,1118,1118,1048,1048,1018,1018,940,940,881,881,886,886,916,916,935,935,947,947,1007,1007,945,945,387,387,243,243,159,159,116,116,62,62,,,,,,,,,,,,,,,,,,,,,,,,,,,,,,,,,,,,,,,,,,,,,,,,
tran_3a52f225-6b29-451c-8744-42ba309b49e5,4400,tran_5d13e120-f008-4fdb-b877-0e1190e15438,tran_706353ae-1294-4479-b560-45463e360129,tran_89b2c970-a5da-4ffa-b43b-1a246409dd8f;tran_966e0c91-cc3b-4eef-b9d4-0f6598833744,2,44,44,45,45,32,32,34,34,40,40,44,44,122,122,967,967,1118,1118,1048,1048,1018,1018,940,940,881,881,886,886,916,916,935,935,947,947,1007,1007,945,945,387,387,243,243,159,159,116,116,62,62,,,,,,,,,,,,,,,,,,,,,,,,,,,,,,,,,,,,,,,,,,,,,,,,
tran_3a558c84-a1f2-4f32-ac16-2c63758d0b5a,1200,tran_b79b3433-c5c8-439b-bee6-0a793725c8cd,tran_8690bfd5-131a-4f50-9486-ccec15454a8b,17007,1,44,44,45,45,32,32,34,34,40,40,44,44,122,122,967,967,1118,1118,1048,1048,1018,1018,940,940,881,881,886,886,916,916,935,935,947,947,1007,1007,945,945,387,387,243,243,159,159,116,116,62,62,,,,,,,,,,,,,,,,,,,,,,,,,,,,,,,,,,,,,,,,,,,,,,,,
tran_3a82b048-f7b0-4259-b81a-fdebdb86ad76,800,tran_e0542ddd-96a4-47f1-9c9f-31730544c9ec,tran_789798c1-c443-4506-b625-f1c5302617f5,,0,44,44,45,45,32,32,34,34,40,40,44,44,122,122,967,967,1118,1118,1048,1048,1018,1018,940,940,881,881,886,886,916,916,935,935,947,947,1007,1007,945,945,387,387,243,243,159,159,116,116,62,62,,,,,,,,,,,,,,,,,,,,,,,,,,,,,,,,,,,,,,,,,,,,,,,,
tran_3aaacea6-a171-4427-902e-7f1062447d1f,2500,tran_e03ae19b-dd88-4347-acc2-d02e841ca6f1,tran_03ea36d0-5658-4307-9c4e-9de96a0008c7,,0,44,44,45,45,32,32,34,34,40,40,44,44,122,122,967,967,1118,1118,1048,1048,1018,1018,940,940,881,881,886,886,916,916,935,935,947,947,1007,1007,945,945,387,387,243,243,159,159,116,116,62,62,,,,,,,,,,,,,,,,,,,,,,,,,,,,,,,,,,,,,,,,,,,,,,,,
tran_3aabc791-2581-48f1-b1e5-fde62eb83466,4400,tran_9aade559-8aac-4c4f-a806-31ac0246a5cc,tran_5939fee2-63ef-4296-8ddd-8c26365369a0,,0,44,44,45,45,32,32,34,34,40,40,44,44,122,122,967,967,1118,1118,1048,1048,1018,1018,940,940,881,881,886,886,916,916,935,935,947,947,1007,1007,945,945,387,387,243,243,159,159,116,116,62,62,,,,,,,,,,,,,,,,,,,,,,,,,,,,,,,,,,,,,,,,,,,,,,,,
tran_3aafe1bb-cd1d-400b-a21c-457b92b0ad8f,3500,tran_bb01bd88-4b46-43f0-b5bd-d5b0b7d9d540,tran_3f1cbc4d-8d82-4216-b988-6def7efb293a,tran_e7bb6e33-d56c-404e-9c8c-c7f7557a1a46;tran_6096b62d-111c-4902-85e3-1ce60b31ed21,2,44,44,45,45,32,32,34,34,40,40,44,44,122,122,967,967,1118,1118,1048,1048,1018,1018,940,940,881,881,886,886,916,916,935,935,947,947,1007,1007,945,945,387,387,243,243,159,159,116,116,62,62,,,,,,,,,,,,,,,,,,,,,,,,,,,,,,,,,,,,,,,,,,,,,,,,
tran_3b8489d3-8025-4e61-9d96-8388b4daf257,300,tran_a9dbc10e-ff36-4ab8-805f-3834b62ef74d,tran_83941157-4d61-4ae1-8c7e-588a2ae7ec15,tran_3e16a207-e74b-4cb7-9c38-8b7171a62f4f,1,44,44,45,45,32,32,34,34,40,40,44,44,122,122,967,967,1118,1118,1048,1048,1018,1018,940,940,881,881,886,886,916,916,935,935,947,947,1007,1007,945,945,387,387,243,243,159,159,116,116,62,62,,,,,,,,,,,,,,,,,,,,,,,,,,,,,,,,,,,,,,,,,,,,,,,,
tran_3bc3166f-6a0e-4854-891f-29bedf550c94,600,tran_007f2d69-278f-4179-9858-55bdac0ed09d,tran_31e4a0e2-3c49-4e72-859c-4bf8d1a0def8,,0,44,44,45,45,32,32,34,34,40,40,44,44,122,122,967,967,1118,1118,1048,1048,1018,1018,940,940,881,881,886,886,916,916,935,935,947,947,1007,1007,945,945,387,387,243,243,159,159,116,116,62,62,,,,,,,,,,,,,,,,,,,,,,,,,,,,,,,,,,,,,,,,,,,,,,,,
tran_3bdebd1d-16cc-4908-9849-27908e86deba,1650,tran_641537b3-2012-4ec1-9560-98e3d5781199,tran_cf5f935d-b526-4436-be1e-3c7fc0ace159,tran_a46f2280-9f70-4480-abef-615b3f03bfb9;tran_7a8e071a-b704-453c-b594-b171a6b1f446,2,44,44,45,45,32,32,34,34,40,40,44,44,122,122,967,967,1118,1118,1048,1048,1018,1018,940,940,881,881,886,886,916,916,935,935,947,947,1007,1007,945,945,387,387,243,243,159,159,116,116,62,62,,,,,,,,,,,,,,,,,,,,,,,,,,,,,,,,,,,,,,,,,,,,,,,,
tran_3be6736e-0ac4-421c-884e-8de46e94a20d,4400,tran_420fd61d-b577-43c2-9099-5bad6f61bb37,tran_217912dd-f90f-4ebd-9ee7-4400f21ab66a,,0,44,44,45,45,32,32,34,34,40,40,44,44,122,122,967,967,1118,1118,1048,1048,1018,1018,940,940,881,881,886,886,916,916,935,935,947,947,1007,1007,945,945,387,387,243,243,159,159,116,116,62,62,,,,,,,,,,,,,,,,,,,,,,,,,,,,,,,,,,,,,,,,,,,,,,,,
tran_3be88f95-255d-4ac5-acb0-925a572278ee,4400,tran_3540daed-7265-4457-805e-145dce7f06be,5210,tran_efe641f3-0759-410b-b4d6-e1806062d48b,1,44,44,45,45,32,32,34,34,40,40,44,44,122,122,967,967,1118,1118,1048,1048,1018,1018,940,940,881,881,886,886,916,916,935,935,947,947,1007,1007,945,945,387,387,243,243,159,159,116,116,62,62,,,,,,,,,,,,,,,,,,,,,,,,,,,,,,,,,,,,,,,,,,,,,,,,
tran_3be8f32d-26d9-4c1e-bc2c-5ebe6ea15c08,2200,tran_5a0bd2f7-58eb-4bfb-986b-199cb1f020fe,tran_f2c4d508-42b8-433a-b33e-82e1bc2bb0da,tran_51e5b01d-6559-4148-9062-8e8b097a4553,1,44,44,45,45,32,32,34,34,40,40,44,44,122,122,967,967,1118,1118,1048,1048,1018,1018,940,940,881,881,886,886,916,916,935,935,947,947,1007,1007,945,945,387,387,243,243,159,159,116,116,62,62,,,,,,,,,,,,,,,,,,,,,,,,,,,,,,,,,,,,,,,,,,,,,,,,
tran_3c2309fb-2c52-47a6-897d-18bbcdc03091,1600,tran_1dc36a28-2940-4388-b862-15af3d7a5c59,tran_cab240bc-2423-4404-8938-6f0aaba988b1,,0,44,44,45,45,32,32,34,34,40,40,44,44,122,122,967,967,1118,1118,1048,1048,1018,1018,940,940,881,881,886,886,916,916,935,935,947,947,1007,1007,945,945,387,387,243,243,159,159,116,116,62,62,,,,,,,,,,,,,,,,,,,,,,,,,,,,,,,,,,,,,,,,,,,,,,,,
tran_3c27084d-e3a0-43ab-9e59-5b9af86665a3,4400,tran_df889c76-3bf7-4e64-9c43-9afb702de298,tran_265ca9a0-d7e9-414e-8145-99124e36c61e,,0,44,44,45,45,32,32,34,34,40,40,44,44,122,122,967,967,1118,1118,1048,1048,1018,1018,940,940,881,881,886,886,916,916,935,935,947,947,1007,1007,945,945,387,387,243,243,159,159,116,116,62,62,,,,,,,,,,,,,,,,,,,,,,,,,,,,,,,,,,,,,,,,,,,,,,,,
tran_3cc4d24a-9d62-418d-9830-c5c121629515,1200,tran_ac0ca38c-0702-479d-9d19-32a2aa156335,tran_7e4c8b0b-cd50-4b1b-bfcf-cb9b3b0239cb,tran_a363d6bb-2763-44b0-877f-5ae58ed9f69d;tran_6819aeb4-fd7a-4910-8a4c-3584f71b5f83,2,44,44,45,45,32,32,34,34,40,40,44,44,122,122,967,967,1118,1118,1048,1048,1018,1018,940,940,881,881,886,886,916,916,935,935,947,947,1007,1007,945,945,387,387,243,243,159,159,116,116,62,62,,,,,,,,,,,,,,,,,,,,,,,,,,,,,,,,,,,,,,,,,,,,,,,,
tran_3d62a9be-8f43-4922-aaa0-d238b75b6915,1200,tran_3d75cc98-7280-43e7-81ea-7b88c50d877b,tran_ff69a30b-b24d-4731-bb27-aea515a44e5e,,0,44,44,45,45,32,32,34,34,40,40,44,44,122,122,967,967,1118,1118,1048,1048,1018,1018,940,940,881,881,886,886,916,916,935,935,947,947,1007,1007,945,945,387,387,243,243,159,159,116,116,62,62,,,,,,,,,,,,,,,,,,,,,,,,,,,,,,,,,,,,,,,,,,,,,,,,
tran_3d69b442-a4d4-45ca-af09-7c04bee073a7,600,tran_d1dae378-50d9-4ac4-b343-640a57fc17db,tran_dfab2fe5-6caf-442c-ad0c-c82583226416,,0,44,44,45,45,32,32,34,34,40,40,44,44,122,122,967,967,1118,1118,1048,1048,1018,1018,940,940,881,881,886,886,916,916,935,935,947,947,1007,1007,945,945,387,387,243,243,159,159,116,116,62,62,,,,,,,,,,,,,,,,,,,,,,,,,,,,,,,,,,,,,,,,,,,,,,,,
tran_3d75cc98-7280-43e7-81ea-7b88c50d877b,3000,tran_3d62a9be-8f43-4922-aaa0-d238b75b6915,tran_d623956f-df40-49f4-af5c-5ee3998b7f40,tran_814cff4a-178f-467b-a97e-06363a20da75,1,44,44,45,45,32,32,34,34,40,40,44,44,122,122,967,967,1118,1118,1048,1048,1018,1018,940,940,881,881,886,886,916,916,935,935,947,947,1007,1007,945,945,387,387,243,243,159,159,116,116,62,62,,,,,,,,,,,,,,,,,,,,,,,,,,,,,,,,,,,,,,,,,,,,,,,,
tran_3e113b0b-d610-4173-8b0e-a8ac07c427cc,800,tran_8cbf9a75-5e9c-416d-bb0c-70535e3e5464,tran_31c16de5-7872-445f-8b41-4cc35467b6cb,,0,44,44,45,45,32,32,34,34,40,40,44,44,122,122,967,967,1118,1118,1048,1048,1018,1018,940,940,881,881,886,886,916,916,935,935,947,947,1007,1007,945,945,387,387,243,243,159,159,116,116,62,62,,,,,,,,,,,,,,,,,,,,,,,,,,,,,,,,,,,,,,,,,,,,,,,,
tran_3e139c5d-b4fc-4f04-80ef-17a0ffe1f6b2,1600,tran_790ef7c3-558e-41bf-a48b-2425d6d51a0c,tran_7357d45b-8b47-474e-b9ee-443678f7597b,,0,44,44,45,45,32,32,34,34,40,40,44,44,122,122,967,967,1118,1118,1048,1048,1018,1018,940,940,881,881,886,886,916,916,935,935,947,947,1007,1007,945,945,387,387,243,243,159,159,116,116,62,62,,,,,,,,,,,,,,,,,,,,,,,,,,,,,,,,,,,,,,,,,,,,,,,,
tran_3e16a207-e74b-4cb7-9c38-8b7171a62f4f,1200,tran_22a36e68-3df5-4577-b953-aca3f943bfa7,tran_3b8489d3-8025-4e61-9d96-8388b4daf257,,0,33,33,31,31,22,22,23,23,26,26,31,31,88,88,1055,1055,1119,1119,1058,1058,1080,1080,966,966,980,980,861,861,1008,1008,1021,1021,988,988,1080,1080,1096,1096,421,421,249,249,150,150,110,110,68,68,,,,,,,,,,,,,,,,,,,,,,,,,,,,,,,,,,,,,,,,,,,,,,,,
tran_3e377bda-21ca-4bb6-8d4e-f97a212e643c,2000,tran_b1ede8ba-7587-4f39-addd-d056ec8c8609,tran_ecf8c8b1-ac6b-4ed0-b282-dc442988b04e,tran_4336801e-5e3a-4cfe-91d9-16d38fbe664c;tran_9bad2f39-5b1e-40cc-8ee8-96584a0b201a,2,44,44,45,45,32,32,34,34,40,40,44,44,122,122,967,967,1118,1118,1048,1048,1018,1018,940,940,881,881,886,886,916,916,935,935,947,947,1007,1007,945,945,387,387,243,243,159,159,116,116,62,62,,,,,,,,,,,,,,,,,,,,,,,,,,,,,,,,,,,,,,,,,,,,,,,,
tran_3eb4fa53-d4c1-4ea2-ae88-28a460179752,2000,tran_989be9f3-c4cb-4717-9a64-ad044a4497f2,tran_86fe4759-01dd-4fba-8e9e-be4a832203f9,,0,44,44,45,45,32,32,34,34,40,40,44,44,122,122,967,967,1118,1118,1048,1048,1018,1018,940,940,881,881,886,886,916,916,935,935,947,947,1007,1007,945,945,387,387,243,243,159,159,116,116,62,62,,,,,,,,,,,,,,,,,,,,,,,,,,,,,,,,,,,,,,,,,,,,,,,,
tran_3ec74d2b-f365-41e3-8ce1-2a9edeca6f53,300,tran_82205a21-8956-4dc9-907b-167acf116e66,,tran_4fdbf5d3-879d-4164-a87c-1ff403eff4b3;tran_c9f1e66e-3822-4ea9-b8dd-4a5697a40637,2,44,44,45,45,32,32,34,34,40,40,44,44,122,122,967,967,1118,1118,1048,1048,1018,1018,940,940,881,881,886,886,916,916,935,935,947,947,1007,1007,945,945,387,387,243,243,159,159,116,116,62,62,,,,,,,,,,,,,,,,,,,,,,,,,,,,,,,,,,,,,,,,,,,,,,,,
tran_3ec7e852-4591-4f65-98ed-c3560ad94d4f,2200,tran_6ed0cd64-624a-4bda-b6a2-175587de6718,tran_22b15d29-24d1-4d93-a63a-8a73275eece4,tran_6da331c4-b955-452d-9142-258e7d0b8a13,1,44,44,45,45,32,32,34,34,40,40,44,44,122,122,967,967,1118,1118,1048,1048,1018,1018,940,940,881,881,886,886,916,916,935,935,947,947,1007,1007,945,945,387,387,243,243,159,159,116,116,62,62,,,,,,,,,,,,,,,,,,,,,,,,,,,,,,,,,,,,,,,,,,,,,,,,
tran_3ed2ced8-b6d5-4446-b0e0-ed9bc1b816d2,4400,tran_c30d994e-9f44-4e6e-accb-92c59ee2a933,tran_21572c71-13dc-46cf-8d24-4eeb35d6355f,,0,44,44,45,45,32,32,34,34,40,40,44,44,122,122,967,967,1118,1118,1048,1048,1018,1018,940,940,881,881,886,886,916,916,935,935,947,947,1007,1007,945,945,387,387,243,243,159,159,116,116,62,62,,,,,,,,,,,,,,,,,,,,,,,,,,,,,,,,,,,,,,,,,,,,,,,,
tran_3edbd902-64b0-4398-ae07-cad7b5b4d4e5,1200,tran_37a0a7db-474e-424a-a6fd-267bddc0e9f6,tran_d4988ddc-ae8f-4719-a74e-569c0d15df3c,tran_cb97cfee-1ee1-4335-94f5-464b0487a2b9;tran_73986f3f-4bad-477a-829e-20f0938ba01b,2,44,44,45,45,32,32,34,34,40,40,44,44,122,122,967,967,1118,1118,1048,1048,1018,1018,940,940,881,881,886,886,916,916,935,935,947,947,1007,1007,945,945,387,387,243,243,159,159,116,116,62,62,,,,,,,,,,,,,,,,,,,,,,,,,,,,,,,,,,,,,,,,,,,,,,,,
tran_3ee50c19-a195-477e-bcc8-a31e9e9287d1,1200,tran_1dc36a28-2940-4388-b862-15af3d7a5c59,tran_22841a39-9022-40ae-86d2-38a4b781fa71,,0,44,44,45,45,32,32,34,34,40,40,44,44,122,122,967,967,1118,1118,1048,1048,1018,1018,940,940,881,881,886,886,916,916,935,935,947,947,1007,1007,945,945,387,387,243,243,159,159,116,116,62,62,,,,,,,,,,,,,,,,,,,,,,,,,,,,,,,,,,,,,,,,,,,,,,,,
tran_3ee5c229-2738-46dd-b93d-0799796d78e2,1600,tran_f69a2ae6-f624-4f36-8469-5116fa9ac891,tran_da4a04df-8faa-4a15-9160-1f40881fc58b,,0,44,44,45,45,32,32,34,34,40,40,44,44,122,122,967,967,1118,1118,1048,1048,1018,1018,940,940,881,881,886,886,916,916,935,935,947,947,1007,1007,945,945,387,387,243,243,159,159,116,116,62,62,,,,,,,,,,,,,,,,,,,,,,,,,,,,,,,,,,,,,,,,,,,,,,,,
tran_3f005230-5f80-43df-90e3-723c58f3025f,1100,tran_3a458ecc-8f82-40ce-a350-5e2a2c27838d,tran_977f08c5-6425-43a7-a3d9-2a7e82f295de,3700,1,44,44,45,45,32,32,34,34,40,40,44,44,122,122,967,967,1118,1118,1048,1048,1018,1018,940,940,881,881,886,886,916,916,935,935,947,947,1007,1007,945,945,387,387,243,243,159,159,116,116,62,62,,,,,,,,,,,,,,,,,,,,,,,,,,,,,,,,,,,,,,,,,,,,,,,,
tran_3f0b68f1-57b1-42a6-8df8-cc24a57fbe9f,4400,tran_f84d5326-ba4f-4423-b55d-b1ecebf4c233,tran_0d607341-d45c-4ae1-ba6c-abbd99fb29b9,,0,44,44,45,45,32,32,34,34,40,40,44,44,122,122,967,967,1118,1118,1048,1048,1018,1018,940,940,881,881,886,886,916,916,935,935,947,947,1007,1007,945,945,387,387,243,243,159,159,116,116,62,62,,,,,,,,,,,,,,,,,,,,,,,,,,,,,,,,,,,,,,,,,,,,,,,,
tran_3f1cbc4d-8d82-4216-b988-6def7efb293a,2500,tran_499e04c7-8e58-4ce2-b142-e67be9e240d0,tran_3aafe1bb-cd1d-400b-a21c-457b92b0ad8f,,0,44,44,45,45,32,32,34,34,40,40,44,44,122,122,967,967,1118,1118,1048,1048,1018,1018,940,940,881,881,886,886,916,916,935,935,947,947,1007,1007,945,945,387,387,243,243,159,159,116,116,62,62,,,,,,,,,,,,,,,,,,,,,,,,,,,,,,,,,,,,,,,,,,,,,,,,
tran_3f2a4d0a-586f-4b9e-9121-b769b4e65703,800,tran_f7921b0f-f9d7-444a-9d0a-a975f4da7beb,tran_7305f975-b256-4a7b-ab74-d63418ec32b3,tran_f694bfd5-294f-4560-b01e-742b10e58c8a,1,44,44,45,45,32,32,34,34,40,40,44,44,122,122,967,967,1118,1118,1048,1048,1018,1018,940,940,881,881,886,886,916,916,935,935,947,947,1007,1007,945,945,387,387,243,243,159,159,116,116,62,62,,,,,,,,,,,,,,,,,,,,,,,,,,,,,,,,,,,,,,,,,,,,,,,,
tran_3f3bb220-39ed-4837-bd98-d8b3a2400749,3000,tran_5c445de4-ae6f-4cb2-b0bd-f2a72bab78ff,tran_9ee92c4c-dcd3-4c9c-a191-a25aa3bacecd,tran_8dc331cd-379f-4616-9edb-7bd8b55995c1,1,44,44,45,45,32,32,34,34,40,40,44,44,122,122,967,967,1118,1118,1048,1048,1018,1018,940,940,881,881,886,886,916,916,935,935,947,947,1007,1007,945,945,387,387,243,243,159,159,116,116,62,62,,,,,,,,,,,,,,,,,,,,,,,,,,,,,,,,,,,,,,,,,,,,,,,,
tran_3f48128d-726c-4130-8d1e-4217f5b852d8,4000,tran_c5cfd1c3-24b2-46a2-a066-c7044bb25028,tran_9122fc1e-cb14-41f3-8af9-01bbf0a993a3,,0,44,44,45,45,32,32,34,34,40,40,44,44,122,122,967,967,1118,1118,1048,1048,1018,1018,940,940,881,881,886,886,916,916,935,935,947,947,1007,1007,945,945,387,387,243,243,159,159,116,116,62,62,,,,,,,,,,,,,,,,,,,,,,,,,,,,,,,,,,,,,,,,,,,,,,,,
tran_3f5d03ec-b34f-4dd8-b59e-771edfddf0c6,2000,tran_cd7ee853-49aa-4d81-9025-b3370af04cfc,tran_b7f3bde2-47c7-4257-810e-a64a814f99a2,,0,44,44,45,45,32,32,34,34,40,40,44,44,122,122,967,967,1118,1118,1048,1048,1018,1018,940,940,881,881,886,886,916,916,935,935,947,947,1007,1007,945,945,387,387,243,243,159,159,116,116,62,62,,,,,,,,,,,,,,,,,,,,,,,,,,,,,,,,,,,,,,,,,,,,,,,,
tran_3fdd59e4-5d37-4089-913b-2867123dfadc,500,tran_d4e9e9ee-5e4c-41aa-892b-ff5251e327e6,tran_58f98fa5-45f4-49c0-976a-c068bd3be75e,tran_c501ead4-d456-4961-83cd-33958f2e458d,1,44,44,45,45,32,32,34,34,40,40,44,44,122,122,967,967,1118,1118,1048,1048,1018,1018,940,940,881,881,886,886,916,916,935,935,947,947,1007,1007,945,945,387,387,243,243,159,159,116,116,62,62,,,,,,,,,,,,,,,,,,,,,,,,,,,,,,,,,,,,,,,,,,,,,,,,
tran_40095b5b-7977-4c0e-9668-8830639bc4f6,4000,tran_ee52f69b-585f-4b7e-b867-b14d90f472f3,tran_be42996a-51f6-46ef-bc03-0151281b9a38,,0,44,44,45,45,32,32,34,34,40,40,44,44,122,122,967,967,1118,1118,1048,1048,1018,1018,940,940,881,881,886,886,916,916,935,935,947,947,1007,1007,945,945,387,387,243,243,159,159,116,116,62,62,,,,,,,,,,,,,,,,,,,,,,,,,,,,,,,,,,,,,,,,,,,,,,,,
tran_40440557-ccbe-4258-8c09-7d7468d03bc5,2500,tran_391b5f38-e5ba-48a0-afe8-23d957efe2aa,tran_e57874f5-0dea-4a4f-b217-13600498ee69,tran_977f08c5-6425-43a7-a3d9-2a7e82f295de;tran_8960cdb4-3416-4b91-80b2-ea6a54a1a922,2,44,44,45,45,32,32,34,34,40,40,44,44,122,122,967,967,1118,1118,1048,1048,1018,1018,940,940,881,881,886,886,916,916,935,935,947,947,1007,1007,945,945,387,387,243,243,159,159,116,116,62,62,,,,,,,,,,,,,,,,,,,,,,,,,,,,,,,,,,,,,,,,,,,,,,,,
tran_404ffaa6-7936-404b-8f25-daf576581051,4400,tran_70829790-92c6-4f9b-8649-55398b656fd2,tran_0823c138-098f-4fda-aa8b-ad0294e02dbd,,0,44,44,45,45,32,32,34,34,40,40,44,44,122,122,967,967,1118,1118,1048,1048,1018,1018,940,940,881,881,886,886,916,916,935,935,947,947,1007,1007,945,945,387,387,243,243,159,159,116,116,62,62,,,,,,,,,,,,,,,,,,,,,,,,,,,,,,,,,,,,,,,,,,,,,,,,
tran_409d45be-ed29-486c-b938-e99049af8c7a,300,tran_390f9807-a1b2-4175-adb0-51ac2ca00eba,tran_72b7ed03-86db-4a49-9ffc-8f13d4a63232,tran_348c2676-0bfd-46df-85e4-620db048b9d8,1,44,44,45,45,32,32,34,34,40,40,44,44,122,122,967,967,1118,1118,1048,1048,1018,1018,940,940,881,881,886,886,916,916,935,935,947,947,1007,1007,945,945,387,387,243,243,159,159,116,116,62,62,,,,,,,,,,,,,,,,,,,,,,,,,,,,,,,,,,,,,,,,,,,,,,,,
tran_40ce49bf-db44-4280-86f7-cb70f343ee81,2500,tran_675a7983-82aa-4d8e-a00e-09929291b971,tran_20077819-4a3b-4138-bc60-e7d3f1d0279b,tran_200f789a-9078-4012-80ab-eaa47b749635;tran_8fdaa3d6-063a-4ac2-92c4-0a5e1a906693,2,44,44,45,45,32,32,34,34,40,40,44,44,122,122,967,967,1118,1118,1048,1048,1018,1018,940,940,881,881,886,886,916,916,935,935,947,947,1007,1007,945,945,387,387,243,243,159,159,116,116,62,62,,,,,,,,,,,,,,,,,,,,,,,,,,,,,,,,,,,,,,,,,,,,,,,,
tran_40cf00bf-bb44-4235-8e1d-1ae48f122ca8,2500,tran_0188b681-b259-4d17-b1d8-bb7fcd058044,tran_4f52b6f8-3c2c-40c3-ad43-6b6aeffef70c,,0,44,44,45,45,32,32,34,34,40,40,44,44,122,122,967,967,1118,1118,1048,1048,1018,1018,940,940,881,881,886,886,916,916,935,935,947,947,1007,1007,945,945,387,387,243,243,159,159,116,116,62,62,,,,,,,,,,,,,,,,,,,,,,,,,,,,,,,,,,,,,,,,,,,,,,,,
tran_410fcf85-04a2-4355-82fa-cb62deb6f8ef,2500,tran_c103397f-4c06-4769-8945-8e518613bdd9,tran_eccb6b31-2842-4ba7-8385-13991ba98623,,0,44,44,45,45,32,32,34,34,40,40,44,44,122,122,967,967,1118,1118,1048,1048,1018,1018,940,940,881,881,886,886,916,916,935,935,947,947,1007,1007,945,945,387,387,243,243,159,159,116,116,62,62,,,,,,,,,,,,,,,,,,,,,,,,,,,,,,,,,,,,,,,,,,,,,,,,
tran_4119915c-3822-4c20-9769-717625bb3fd0,4400,tran_c103397f-4c06-4769-8945-8e518613bdd9,tran_f2c09950-6952-4708-bf54-b8629b233d7a,,0,44,44,45,45,32,32,34,34,40,40,44,44,122,122,967,967,1118,1118,1048,1048,1018,1018,940,940,881,881,886,886,916,916,935,935,947,947,1007,1007,945,945,387,387,243,243,159,159,116,116,62,62,,,,,,,,,,,,,,,,,,,,,,,,,,,,,,,,,,,,,,,,,,,,,,,,
tran_4134c7bd-b641-442e-8802-4ef1b7d5c91c,3500,tran_1b278465-7067-4e77-ac0c-139dc2720b8a,16769,,0,44,44,45,45,32,32,34,34,40,40,44,44,122,122,967,967,1118,1118,1048,1048,1018,1018,940,940,881,881,886,886,916,916,935,935,947,947,1007,1007,945,945,387,387,243,243,159,159,116,116,62,62,,,,,,,,,,,,,,,,,,,,,,,,,,,,,,,,,,,,,,,,,,,,,,,,
tran_4182d080-5780-4fb4-9c48-ed2ded2ad814,1200,tran_f5545923-c4ba-42c1-93fd-d8706b73a9f1,tran_1581cf09-bf41-4f62-a2c9-0e0594ede28b,tran_06a25a88-552a-4d0a-82e7-3e56d371be74;tran_2ba0b527-93a4-4f0c-b0fa-d1225a33930b,2,44,44,45,45,32,32,34,34,40,40,44,44,122,122,967,967,1118,1118,1048,1048,1018,1018,940,940,881,881,886,886,916,916,935,935,947,947,1007,1007,945,945,387,387,243,243,159,159,116,116,62,62,,,,,,,,,,,,,,,,,,,,,,,,,,,,,,,,,,,,,,,,,,,,,,,,
tran_41d9f054-dba3-4e44-9152-996406f3b690,1200,tran_8742acda-1763-4767-a3fd-89409b7410ce,tran_38805914-db43-4f13-b6f5-b81c14286e6c,tran_28d39b79-0bf7-4de6-9583-65a7f4642f95;tran_49ab6962-96c3-4f44-95fc-963fcd9d74e1,2,44,44,45,45,32,32,34,34,40,40,44,44,122,122,967,967,1118,1118,1048,1048,1018,1018,940,940,881,881,886,886,916,916,935,935,947,947,1007,1007,945,945,387,387,243,243,159,159,116,116,62,62,,,,,,,,,,,,,,,,,,,,,,,,,,,,,,,,,,,,,,,,,,,,,,,,
tran_41dbe7f2-d5f5-4116-9905-b2985961a68b,400,tran_79973cdc-65d2-4e4c-95b6-df7132622767,tran_9c76ec0c-c866-4629-adb3-0f9752221395,tran_ee5fcbc0-2340-44b8-9f89-3fb44f498c2e,1,44,44,45,45,32,32,34,34,40,40,44,44,122,122,967,967,1118,1118,1048,1048,1018,1018,940,940,881,881,886,886,916,916,935,935,947,947,1007,1007,945,945,387,387,243,243,159,159,116,116,62,62,,,,,,,,,,,,,,,,,,,,,,,,,,,,,,,,,,,,,,,,,,,,,,,,
tran_420fd61d-b577-43c2-9099-5bad6f61bb37,800,tran_d354d7c8-72e6-4488-a775-5444375b3b55,tran_8b91bfa6-66cd-4422-8cc9-cf6abe1ccaec,tran_83e24bb8-3282-4385-8376-37f65fcb50d6;tran_3be6736e-0ac4-421c-884e-8de46e94a20d,2,44,44,45,45,32,32,34,34,40,40,44,44,122,122,967,967,1118,1118,1048,1048,1018,1018,940,940,881,881,886,886,916,916,935,935,947,947,1007,1007,945,945,387,387,243,243,159,159,116,116,62,62,,,,,,,,,,,,,,,,,,,,,,,,,,,,,,,,,,,,,,,,,,,,,,,,
tran_42132998-27e9-4b75-9cdc-fa7310a5d638,4400,tran_829bede8-337a-4c80-ad7d-46c4e488304f,tran_9730b185-aae7-4c1e-9e91-fcff7d20edf7,,0,44,44,45,45,32,32,34,34,40,40,44,44,122,122,967,967,1118,1118,1048,1048,1018,1018,940,940,881,881,886,886,916,916,935,935,947,947,1007,1007,945,945,387,387,243,243,159,159,116,116,62,62,,,,,,,,,,,,,,,,,,,,,,,,,,,,,,,,,,,,,,,,,,,,,,,,
tran_4240d0cc-967c-4f2c-890e-fc2cd7311b13,1600,tran_3186f308-1d36-430b-a878-2e7b32b77311,,,0,44,44,45,45,32,32,34,34,40,40,44,44,122,122,967,967,1118,1118,1048,1048,1018,1018,940,940,881,881,886,886,916,916,935,935,947,947,1007,1007,945,945,387,387,243,243,159,159,116,116,62,62,,,,,,,,,,,,,,,,,,,,,,,,,,,,,,,,,,,,,,,,,,,,,,,,
tran_4278f6eb-4ac1-49ac-8b48-13f57402035e,1200,tran_db37de7d-9365-4a93-98b5-36d58903a90c,15927,tran_9891aeb0-527c-4d47-bb9f-786b9de66c55,1,44,44,45,45,32,32,34,34,40,40,44,44,122,122,967,967,1118,1118,1048,1048,1018,1018,940,940,881,881,886,886,916,916,935,935,947,947,1007,1007,945,945,387,387,243,243,159,159,116,116,62,62,,,,,,,,,,,,,,,,,,,,,,,,,,,,,,,,,,,,,,,,,,,,,,,,
tran_428fad6f-2fa6-4a46-8907-d917480d84c9,4400,tran_919d575d-2d11-4bbc-bde8-f0341259b1a8,tran_d031bc99-0414-4aaf-ac85-4b7ff53add76,,0,44,44,45,45,32,32,34,34,40,40,44,44,122,122,967,967,1118,1118,1048,1048,1018,1018,940,940,881,881,886,886,916,916,935,935,947,947,1007,1007,945,945,387,387,243,243,159,159,116,116,62,62,,,,,,,,,,,,,,,,,,,,,,,,,,,,,,,,,,,,,,,,,,,,,,,,
tran_431e318b-8bd1-4528-8612-c1c3b8262f71,600,,tran_1705c163-5cf5-45ff-9dda-452344380df2,tran_d54c1c82-6e19-4f09-b45b-622dd568a841;tran_2275e01e-70b8-4be3-b569-5a72b65b7766,2,44,44,45,45,32,32,34,34,40,40,44,44,122,122,967,967,1118,1118,1048,1048,1018,1018,940,940,881,881,886,886,916,916,935,935,947,947,1007,1007,945,945,387,387,243,243,159,159,116,116,62,62,,,,,,,,,,,,,,,,,,,,,,,,,,,,,,,,,,,,,,,,,,,,,,,,
tran_4328f456-047d-43db-b4bc-39d4ecee0a82,4400,tran_383010c1-2cf1-42f3-83d1-291941154c6d,tran_3a4cddbc-ef03-4d4f-95b7-4162897a16f1,,0,44,44,45,45,32,32,34,34,40,40,44,44,122,122,967,967,1118,1118,1048,1048,1018,1018,940,940,881,881,886,886,916,916,935,935,947,947,1007,1007,945,945,387,387,243,243,159,159,116,116,62,62,,,,,,,,,,,,,,,,,,,,,,,,,,,,,,,,,,,,,,,,,,,,,,,,
tran_4336801e-5e3a-4cfe-91d9-16d38fbe664c,4400,tran_62c5c362-32fa-4813-92c0-aa65e0fca405,tran_3e377bda-21ca-4bb6-8d4e-f97a212e643c,,0,44,44,45,45,32,32,34,34,40,40,44,44,122,122,967,967,1118,1118,1048,1048,1018,1018,940,940,881,881,886,886,916,916,935,935,947,947,1007,1007,945,945,387,387,243,243,159,159,116,116,62,62,,,,,,,,,,,,,,,,,,,,,,,,,,,,,,,,,,,,,,,,,,,,,,,,
tran_43395528-dc9b-4a54-9c40-cbf1c2d045a6,550,tran_b8060569-0505-4245-be29-22128576944e,tran_f2c4d508-42b8-433a-b33e-82e1bc2bb0da,tran_b249ef4d-7a53-4c04-9441-415dd3d23d39,1,44,44,45,45,32,32,34,34,40,40,44,44,122,122,967,967,1118,1118,1048,1048,1018,1018,940,940,881,881,886,886,916,916,935,935,947,947,1007,1007,945,945,387,387,243,243,159,159,116,116,62,62,,,,,,,,,,,,,,,,,,,,,,,,,,,,,,,,,,,,,,,,,,,,,,,,
tran_436ed35b-ec70-4c20-ae71-3f0a2abb59df,2500,tran_1ea86e49-a399-4291-8b8c-e638e493ec63,tran_265ca9a0-d7e9-414e-8145-99124e36c61e,,0,44,44,45,45,32,32,34,34,40,40,44,44,122,122,967,967,1118,1118,1048,1048,1018,1018,940,940,881,881,886,886,916,916,935,935,947,947,1007,1007,945,945,387,387,243,243,159,159,116,116,62,62,,,,,,,,,,,,,,,,,,,,,,,,,,,,,,,,,,,,,,,,,,,,,,,,
tran_437f134e-1baf-4113-9b74-ff15524a638f,300,tran_82a0777c-d8d4-4828-a6a1-4ba2d3cd80d9,tran_62376046-9615-45f1-897b-1cf65b0fa67f,tran_162fde99-1d32-49be-8034-56da1fc06901,1,44,44,45,45,32,32,34,34,40,40,44,44,122,122,967,967,1118,1118,1048,1048,1018,1018,940,940,881,881,886,886,916,916,935,935,947,947,1007,1007,945,945,387,387,243,243,159,159,116,116,62,62,,,,,,,,,,,,,,,,,,,,,,,,,,,,,,,,,,,,,,,,,,,,,,,,
tran_43e22460-2d37-4e61-b7db-e29783f758ef,2000,,tran_2e03cfbf-9ecb-4ae5-a8aa-5f60ea3d452a,,0,44,44,45,45,32,32,34,34,40,40,44,44,122,122,967,967,1118,1118,1048,1048,1018,1018,940,940,881,881,886,886,916,916,935,935,947,947,1007,1007,945,945,387,387,243,243,159,159,116,116,62,62,,,,,,,,,,,,,,,,,,,,,,,,,,,,,,,,,,,,,,,,,,,,,,,,
tran_444b0fef-a7d5-4f05-9ac7-0f10150b64f1,1600,tran_897cdd14-29c7-4283-a3ee-c50f7d9b850d,tran_1e0f12f0-7ebb-41b1-b885-b3c03b86b9c1,tran_69ed06e6-e266-4a7a-a81c-fc269fd5df22;tran_da83073f-f890-4a0d-a07c-19d349ea4de2,2,44,44,45,45,32,32,34,34,40,40,44,44,122,122,967,967,1118,1118,1048,1048,1018,1018,940,940,881,881,886,886,916,916,935,935,947,947,1007,1007,945,945,387,387,243,243,159,159,116,116,62,62,,,,,,,,,,,,,,,,,,,,,,,,,,,,,,,,,,,,,,,,,,,,,,,,
tran_44516b1b-b728-460f-9925-19a295066fc7,4400,tran_0e63535e-3374-4784-94b7-6d413a1d04a2,tran_d5cd9c31-88d2-4bea-aa2d-b9b3334dd162,,0,44,44,45,45,32,32,34,34,40,40,44,44,122,122,967,967,1118,1118,1048,1048,1018,1018,940,940,881,881,886,886,916,916,935,935,947,947,1007,1007,945,945,387,387,243,243,159,159,116,116,62,62,,,,,,,,,,,,,,,,,,,,,,,,,,,,,,,,,,,,,,,,,,,,,,,,
tran_44c81680-5d6e-4677-9ccd-f1fc3a98c150,4400,tran_30026e4b-5bad-4243-a0d8-8ebad4e95bc4,tran_6fe1c4d0-c6de-4efa-920b-aa44b6e57c96,,0,44,44,45,45,32,32,34,34,40,40,44,44,122,122,967,967,1118,1118,1048,1048,1018,1018,940,940,881,881,886,886,916,916,935,935,947,947,1007,1007,945,945,387,387,243,243,159,159,116,116,62,62,,,,,,,,,,,,,,,,,,,,,,,,,,,,,,,,,,,,,,,,,,,,,,,,
tran_44dacfa0-6096-4778-95de-8ae1af535382,3500,tran_ac8e9add-8e46-43c8-bc5d-d35c442c3962,tran_9ac41fe8-a326-4747-b261-d1c88510723d,tran_846494b8-0cc4-429c-92c8-4eb8bf075999,1,44,44,45,45,32,32,34,34,40,40,44,44,122,122,967,967,1118,1118,1048,1048,1018,1018,940,940,881,881,886,886,916,916,935,935,947,947,1007,1007,945,945,387,387,243,243,159,159,116,116,62,62,,,,,,,,,,,,,,,,,,,,,,,,,,,,,,,,,,,,,,,,,,,,,,,,
tran_4526cad7-5460-43fd-b534-91ad8c691272,4400,tran_045df786-1079-43f7-880f-cd6d39957dbc,tran_c037efc6-633a-4a68-a7fc-e3b448f83244,tran_1b8350c9-bd42-47e1-864d-ddf961464413,1,44,44,45,45,32,32,34,34,40,40,44,44,122,122,967,967,1118,1118,1048,1048,1018,1018,940,940,881,881,886,886,916,916,935,935,947,947,1007,1007,945,945,387,387,243,243,159,159,116,116,62,62,,,,,,,,,,,,,,,,,,,,,,,,,,,,,,,,,,,,,,,,,,,,,,,,
tran_454a667c-52a5-4893-957f-3c33a7e41731,4400,tran_7eabd9ef-0adc-42bc-bf2f-3c72c6709f75,tran_9aa673a4-3da8-4dda-b0b1-144e6c88f18d,,0,44,44,45,45,32,32,34,34,40,40,44,44,122,122,967,967,1118,1118,1048,1048,1018,1018,940,940,881,881,886,886,916,916,935,935,947,947,1007,1007,945,945,387,387,243,243,159,159,116,116,62,62,,,,,,,,,,,,,,,,,,,,,,,,,,,,,,,,,,,,,,,,,,,,,,,,
tran_458b3f21-f4cb-459c-9145-f71050c053fb,3300,tran_8c775672-9015-4920-bbd8-707bbcece630,tran_6c5a230a-111b-4a37-9337-bc97f216d701,tran_764ec3a8-53b5-4530-99b0-98bba8b470e8,1,44,44,45,45,32,32,34,34,40,40,44,44,122,122,967,967,1118,1118,1048,1048,1018,1018,940,940,881,881,886,886,916,916,935,935,947,947,1007,1007,945,945,387,387,243,243,159,159,116,116,62,62,,,,,,,,,,,,,,,,,,,,,,,,,,,,,,,,,,,,,,,,,,,,,,,,
tran_462f7afc-e344-4c8a-9414-1d7f0c7cf758,4400,tran_b8cbec16-aa8e-4fa1-8d8a-f893a74a35ae,tran_f01039ec-05ca-49e9-8c30-de4fa87d9827,,0,44,44,45,45,32,32,34,34,40,40,44,44,122,122,967,967,1118,1118,1048,1048,1018,1018,940,940,881,881,886,886,916,916,935,935,947,947,1007,1007,945,945,387,387,243,243,159,159,116,116,62,62,,,,,,,,,,,,,,,,,,,,,,,,,,,,,,,,,,,,,,,,,,,,,,,,
tran_467ed51b-cdfa-44d8-8362-c5b51a3e4497,1500,tran_36c0edd4-3848-4c26-984e-8ec90683e8ae,tran_e9a6511c-b4a4-4e70-b1a7-6889fcd3d6af,tran_b1e2909c-44a0-4070-9fe7-c6a105c3e25b,1,44,44,45,45,32,32,34,34,40,40,44,44,122,122,967,967,1118,1118,1048,1048,1018,1018,940,940,881,881,886,886,916,916,935,935,947,947,1007,1007,945,945,387,387,243,243,159,159,116,116,62,62,,,,,,,,,,,,,,,,,,,,,,,,,,,,,,,,,,,,,,,,,,,,,,,,
tran_46814990-4ed4-40a9-b30d-4a5eab113bbb,2000,tran_a5c14db0-7e3f-439c-9e6a-c16d756ad4c1,tran_90fff2ee-ab95-4e03-8deb-23636fa11c07,,0,44,44,45,45,32,32,34,34,40,40,44,44,122,122,967,967,1118,1118,1048,1048,1018,1018,940,940,881,881,886,886,916,916,935,935,947,947,1007,1007,945,945,387,387,243,243,159,159,116,116,62,62,,,,,,,,,,,,,,,,,,,,,,,,,,,,,,,,,,,,,,,,,,,,,,,,
tran_46891fe9-e4e8-44fb-a9bb-45d95b98422f,4400,tran_4b892cd0-c05b-4cba-9b08-557be13da38d,,,0,44,44,45,45,32,32,34,34,40,40,44,44,122,122,967,967,1118,1118,1048,1048,1018,1018,940,940,881,881,886,886,916,916,935,935,947,947,1007,1007,945,945,387,387,243,243,159,159,116,116,62,62,,,,,,,,,,,,,,,,,,,,,,,,,,,,,,,,,,,,,,,,,,,,,,,,
tran_46a413e2-cc4a-45e3-9a73-2d29b909c188,800,tran_674f157e-9231-452a-a884-51a0eedcbcd8,tran_217912dd-f90f-4ebd-9ee7-4400f21ab66a,,0,44,44,45,45,32,32,34,34,40,40,44,44,122,122,967,967,1118,1118,1048,1048,1018,1018,940,940,881,881,886,886,916,916,935,935,947,947,1007,1007,945,945,387,387,243,243,159,159,116,116,62,62,,,,,,,,,,,,,,,,,,,,,,,,,,,,,,,,,,,,,,,,,,,,,,,,
tran_46ece5ee-f00e-44e4-8672-e6c675cdf6e7,600,tran_a44aca12-2d84-4605-8726-c4e95aa989e4,tran_87fa6f35-9504-43a1-b4a4-8d837d44a5c8,,0,44,44,45,45,32,32,34,34,40,40,44,44,122,122,967,967,1118,1118,1048,1048,1018,1018,940,940,881,881,886,886,916,916,935,935,947,947,1007,1007,945,945,387,387,243,243,159,159,116,116,62,62,,,,,,,,,,,,,,,,,,,,,,,,,,,,,,,,,,,,,,,,,,,,,,,,
tran_472542e6-9323-4fd3-b41b-f50eb02c2b60,2500,tran_eef4dfe9-91e4-4318-b859-a8496d869bef,tran_396e985c-7c78-4313-b7ef-14ec591f42e7,,0,44,44,45,45,32,32,34,34,40,40,44,44,122,122,967,967,1118,1118,1048,1048,1018,1018,940,940,881,881,886,886,916,916,935,935,947,947,1007,1007,945,945,387,387,243,243,159,159,116,116,62,62,,,,,,,,,,,,,,,,,,,,,,,,,,,,,,,,,,,,,,,,,,,,,,,,
tran_472ec25d-542f-4060-8717-b12f58fa218a,3000,tran_fc04f943-e292-47a2-ac55-bbf6459f3d09,tran_fd77d9f2-440d-4c0e-86dd-b253f00e90b5,,0,44,44,45,45,32,32,34,34,40,40,44,44,122,122,967,967,1118,1118,1048,1048,1018,1018,940,940,881,881,886,886,916,916,935,935,947,947,1007,1007,945,945,387,387,243,243,159,159,116,116,62,62,,,,,,,,,,,,,,,,,,,,,,,,,,,,,,,,,,,,,,,,,,,,,,,,
tran_4756b7ce-f26b-4717-b878-492c3c9da0b2,1200,tran_a1d02fbe-7b34-4986-811a-fed1e8ade600,tran_cab240bc-2423-4404-8938-6f0aaba988b1,,0,44,44,45,45,32,32,34,34,40,40,44,44,122,122,967,967,1118,1118,1048,1048,1018,1018,940,940,881,881,886,886,916,916,935,935,947,947,1007,1007,945,945,387,387,243,243,159,159,116,116,62,62,,,,,,,,,,,,,,,,,,,,,,,,,,,,,,,,,,,,,,,,,,,,,,,,
tran_477bfe60-1f94-4042-b9a9-b1b254c6a32c,4400,tran_c30d994e-9f44-4e6e-accb-92c59ee2a933,tran_8bbe1cfc-cc0c-467b-8abd-270442332055,,0,44,44,45,45,32,32,34,34,40,40,44,44,122,122,967,967,1118,1118,1048,1048,1018,1018,940,940,881,881,886,886,916,916,935,935,947,947,1007,1007,945,945,387,387,243,243,159,159,116,116,62,62,,,,,,,,,,,,,,,,,,,,,,,,,,,,,,,,,,,,,,,,,,,,,,,,
tran_489920f0-32cb-4866-bc29-766e915bca6f,4400,tran_6040224e-d680-41bb-b262-d686033cf508,tran_b372075e-5de1-427b-9a0f-8405537986af,,0,44,44,45,45,32,32,34,34,40,40,44,44,122,122,967,967,1118,1118,1048,1048,1018,1018,940,940,881,881,886,886,916,916,935,935,947,947,1007,1007,945,945,387,387,243,243,159,159,116,116,62,62,,,,,,,,,,,,,,,,,,,,,,,,,,,,,,,,,,,,,,,,,,,,,,,,
tran_48e0642b-adca-4dc9-ade3-b5d0efec17d3,2500,tran_795e0a9e-a22c-43db-9c15-9b7caeee0c28,tran_1dc3b809-a721-4aeb-99d8-60b3aea99731,,0,44,44,45,45,32,32,34,34,40,40,44,44,122,122,967,967,1118,1118,1048,1048,1018,1018,940,940,881,881,886,886,916,916,935,935,947,947,1007,1007,945,945,387,387,243,243,159,159,116,116,62,62,,,,,,,,,,,,,,,,,,,,,,,,,,,,,,,,,,,,,,,,,,,,,,,,
tran_4927a14e-0cf6-4c29-83f6-d6b89cfe8d1f,1100,tran_f8db697a-30a1-4efa-9776-97be2a244f1d,tran_566201c4-09b9-4b7a-9576-efd86a80b30a,tran_b953eb73-1080-40ed-871c-bbec4f7e76c4,1,44,44,45,45,32,32,34,34,40,40,44,44,122,122,967,967,1118,1118,1048,1048,1018,1018,940,940,881,881,886,886,916,916,935,935,947,947,1007,1007,945,945,387,387,243,243,159,159,116,116,62,62,,,,,,,,,,,,,,,,,,,,,,,,,,,,,,,,,,,,,,,,,,,,,,,,
tran_493f158b-e7bf-471a-827b-e7b6348b5a98,4000,3608,tran_c3498a47-3054-42f2-9e1f-1c2b9c1963c3,,0,0,0,0,0,0,0,0,0,0,0,0,0,0,0,1138,1138,1201,1201,1284,1284,1257,1257,1168,1168,1084,1084,1145,1145,1051,1051,1179,1179,1173,1173,1211,1211,1091,1091,0,0,0,0,0,0,0,0,0,0,,,,,,,,,,,,,,,,,,,,,,,,,,,,,,,,,,,,,,,,,,,,,,,,
tran_496b702e-720d-4217-ab8e-8f9440dbbc84,1650,tran_d5e8361e-5732-4eb6-bf22-17ef2acffa13,tran_d1985c3b-2e3d-46f9-ae5c-3037828b5ce2,,0,44,44,45,45,32,32,34,34,40,40,44,44,122,122,967,967,1118,1118,1048,1048,1018,1018,940,940,881,881,886,886,916,916,935,935,947,947,1007,1007,945,945,387,387,243,243,159,159,116,116,62,62,,,,,,,,,,,,,,,,,,,,,,,,,,,,,,,,,,,,,,,,,,,,,,,,
tran_4981e249-d4a0-4b1c-bfcf-10742fdd84ac,4400,tran_5b5e5cdb-7d1d-4033-b7f0-a0ad5238ca07,4959,,0,67,67,70,70,49,49,53,53,62,62,67,67,186,186,910,910,1134,1134,1023,1023,977,977,900,900,812,812,861,861,864,864,851,851,886,886,939,939,854,854,524,524,336,336,227,227,165,165,84,84,,,,,,,,,,,,,,,,,,,,,,,,,,,,,,,,,,,,,,,,,,,,,,,,
tran_499e04c7-8e58-4ce2-b142-e67be9e240d0,1200,tran_3f1cbc4d-8d82-4216-b988-6def7efb293a,tran_d6aca38e-1914-4913-96ee-219ceaf3bcaa,tran_d48ae084-3847-4eeb-b4d9-7175d9c18828;tran_c21e3169-87be-416b-8ca0-b8e330c2a635;tran_186c11b0-804a-4988-89e3-3473038e38b7,3,44,44,45,45,32,32,34,34,40,40,44,44,122,122,967,967,1118,1118,1048,1048,1018,1018,940,940,881,881,886,886,916,916,935,935,947,947,1007,1007,945,945,387,387,243,243,159,159,116,116,62,62,,,,,,,,,,,,,,,,,,,,,,,,,,,,,,,,,,,,,,,,,,,,,,,,
tran_49ab6962-96c3-4f44-95fc-963fcd9d74e1,2500,tran_41d9f054-dba3-4e44-9152-996406f3b690,tran_5f1ad0bc-dd95-4c31-92d1-121e1cecc0ac,,0,44,44,45,45,32,32,34,34,40,40,44,44,122,122,967,967,1118,1118,1048,1048,1018,1018,940,940,881,881,886,886,916,916,935,935,947,947,1007,1007,945,945,387,387,243,243,159,159,116,116,62,62,,,,,,,,,,,,,,,,,,,,,,,,,,,,,,,,,,,,,,,,,,,,,,,,
tran_4a0a33a1-5230-41cd-9143-8280e5b82d6f,4400,tran_a66b312f-a0de-4ff3-9636-31e4416dfab6,tran_0823c138-098f-4fda-aa8b-ad0294e02dbd,,0,44,44,45,45,32,32,34,34,40,40,44,44,122,122,967,967,1118,1118,1048,1048,1018,1018,940,940,881,881,886,886,916,916,935,935,947,947,1007,1007,945,945,387,387,243,243,159,159,116,116,62,62,,,,,,,,,,,,,,,,,,,,,,,,,,,,,,,,,,,,,,,,,,,,,,,,
tran_4a0ae239-4dfd-4b87-b6b3-50568893b9d1,2500,tran_b372075e-5de1-427b-9a0f-8405537986af,tran_bcf0d06c-09a8-4abb-a1f4-067e7ee065aa,,0,44,44,45,45,32,32,34,34,40,40,44,44,122,122,967,967,1118,1118,1048,1048,1018,1018,940,940,881,881,886,886,916,916,935,935,947,947,1007,1007,945,945,387,387,243,243,159,159,116,116,62,62,,,,,,,,,,,,,,,,,,,,,,,,,,,,,,,,,,,,,,,,,,,,,,,,
tran_4a1379cf-4a50-4add-9d23-d87dca2ea9f3,4400,tran_1532a227-3ab5-4b77-8904-1399c5d6d022,tran_117ae2ca-d23b-4319-b61a-321beba2c06e,,0,44,44,45,45,32,32,34,34,40,40,44,44,122,122,967,967,1118,1118,1048,1048,1018,1018,940,940,881,881,886,886,916,916,935,935,947,947,1007,1007,945,945,387,387,243,243,159,159,116,116,62,62,,,,,,,,,,,,,,,,,,,,,,,,,,,,,,,,,,,,,,,,,,,,,,,,
tran_4a1a4d9b-a635-460e-bafe-d6f2ab6b0876,4400,tran_ac3aa9c2-3358-4c21-a41e-a889865fb440,tran_7dba5f86-f6b5-4ad0-991c-c082071d07f2,,0,44,44,45,45,32,32,34,34,40,40,44,44,122,122,967,967,1118,1118,1048,1048,1018,1018,940,940,881,881,886,886,916,916,935,935,947,947,1007,1007,945,945,387,387,243,243,159,159,116,116,62,62,,,,,,,,,,,,,,,,,,,,,,,,,,,,,,,,,,,,,,,,,,,,,,,,
tran_4a4abe70-ea89-4c49-829c-7b566f6ced9a,4000,tran_298f314c-2e35-4793-9a0b-e7ca4619d54c,tran_84ca2e19-87f3-4698-b0ed-f06b0ce30622,,0,44,44,45,45,32,32,34,34,40,40,44,44,122,122,967,967,1118,1118,1048,1048,1018,1018,940,940,881,881,886,886,916,916,935,935,947,947,1007,1007,945,945,387,387,243,243,159,159,116,116,62,62,,,,,,,,,,,,,,,,,,,,,,,,,,,,,,,,,,,,,,,,,,,,,,,,
tran_4a4f4e8d-6e56-4d44-81c5-023235fb9084,2500,tran_a624273b-c4f3-4fa6-887e-63c8459765ff,tran_8cbf9a75-5e9c-416d-bb0c-70535e3e5464,,0,44,44,45,45,32,32,34,34,40,40,44,44,122,122,967,967,1118,1118,1048,1048,1018,1018,940,940,881,881,886,886,916,916,935,935,947,947,1007,1007,945,945,387,387,243,243,159,159,116,116,62,62,,,,,,,,,,,,,,,,,,,,,,,,,,,,,,,,,,,,,,,,,,,,,,,,
tran_4a5e9a59-da57-4194-93a9-b3fa038560ab,4400,,tran_a3565895-3b32-499c-be97-88a83f049ffd,tran_88688c02-c8ea-4186-8644-760cb78004d2;tran_5d70f4dd-03e8-4f74-9001-587af0fc2290,2,44,44,45,45,32,32,34,34,40,40,44,44,122,122,967,967,1118,1118,1048,1048,1018,1018,940,940,881,881,886,886,916,916,935,935,947,947,1007,1007,945,945,387,387,243,243,159,159,116,116,62,62,,,,,,,,,,,,,,,,,,,,,,,,,,,,,,,,,,,,,,,,,,,,,,,,
tran_4a668cd3-f0c3-4b11-99db-894a3d938edd,1600,tran_f5930764-782a-4b29-965c-3e74ca85e0ef,tran_dad10b1d-2c57-4ead-9434-b6a14ead8926,tran_9bad2f39-5b1e-40cc-8ee8-96584a0b201a;tran_322f96d6-2d27-4d6e-a934-8f9768ec052a,2,44,44,45,45,32,32,34,34,40,40,44,44,122,122,967,967,1118,1118,1048,1048,1018,1018,940,940,881,881,886,886,916,916,935,935,947,947,1007,1007,945,945,387,387,243,243,159,159,116,116,62,62,,,,,,,,,,,,,,,,,,,,,,,,,,,,,,,,,,,,,,,,,,,,,,,,
tran_4a91746c-1476-430d-b750-9d180518610b,4400,tran_bd5a4ae6-b6db-4e1c-8972-5adb63fba49f,tran_854ed414-806a-4914-b03f-b2dc8ab07f89,,0,44,44,45,45,32,32,34,34,40,40,44,44,122,122,967,967,1118,1118,1048,1048,1018,1018,940,940,881,881,886,886,916,916,935,935,947,947,1007,1007,945,945,387,387,243,243,159,159,116,116,62,62,,,,,,,,,,,,,,,,,,,,,,,,,,,,,,,,,,,,,,,,,,,,,,,,
tran_4aa96519-3f58-4e7b-8d05-3778d41eb753,1200,tran_de3e1116-8fc2-4e2b-bbf8-b07fa8683ee9,tran_a452014f-673b-4104-9383-c9bb246bf0a7,,0,44,44,45,45,32,32,34,34,40,40,44,44,122,122,967,967,1118,1118,1048,1048,1018,1018,940,940,881,881,886,886,916,916,935,935,947,947,1007,1007,945,945,387,387,243,243,159,159,116,116,62,62,,,,,,,,,,,,,,,,,,,,,,,,,,,,,,,,,,,,,,,,,,,,,,,,
tran_4aaebb95-538d-4cf3-a5d1-fc3cbf1caac4,4000,tran_d629bb9b-953e-4079-ae6d-f7aba99808c8,,tran_9dd8a932-b5ef-44c7-af52-8899c508ad54,1,44,44,45,45,32,32,34,34,40,40,44,44,122,122,967,967,1118,1118,1048,1048,1018,1018,940,940,881,881,886,886,916,916,935,935,947,947,1007,1007,945,945,387,387,243,243,159,159,116,116,62,62,,,,,,,,,,,,,,,,,,,,,,,,,,,,,,,,,,,,,,,,,,,,,,,,
tran_4ab04e6c-5cb0-4466-94cf-f34934341190,300,tran_f18e94ef-24ec-4405-8636-f3e8f924a512,tran_8e9fbe8c-f6f6-406a-b56c-267234fdfcdf,tran_2b43265f-1742-4a69-9a29-ede8f94fa4d9,1,44,44,45,45,32,32,34,34,40,40,44,44,122,122,967,967,1118,1118,1048,1048,1018,1018,940,940,881,881,886,886,916,916,935,935,947,947,1007,1007,945,945,387,387,243,243,159,159,116,116,62,62,,,,,,,,,,,,,,,,,,,,,,,,,,,,,,,,,,,,,,,,,,,,,,,,
tran_4ab6a64f-9b5b-4890-8ec3-d6bb4a16ea57,2000,tran_e1d10cab-2ca2-4d6c-89df-46782bd6d436,tran_a6e174f6-f056-4a39-a471-6f29e6f166b9,tran_5025a25e-175f-40cf-a3b0-5d7105635787,1,44,44,45,45,32,32,34,34,40,40,44,44,122,122,967,967,1118,1118,1048,1048,1018,1018,940,940,881,881,886,886,916,916,935,935,947,947,1007,1007,945,945,387,387,243,243,159,159,116,116,62,62,,,,,,,,,,,,,,,,,,,,,,,,,,,,,,,,,,,,,,,,,,,,,,,,
tran_4b2a5f49-27d0-4064-b8b4-ab9561c53e02,4400,tran_5671ba47-207f-455a-8ee5-a95c2c74a7e3,tran_33ccea8d-da8a-44c0-8630-23ab35d56fcb,,0,44,44,45,45,32,32,34,34,40,40,44,44,122,122,967,967,1118,1118,1048,1048,1018,1018,940,940,881,881,886,886,916,916,935,935,947,947,1007,1007,945,945,387,387,243,243,159,159,116,116,62,62,,,,,,,,,,,,,,,,,,,,,,,,,,,,,,,,,,,,,,,,,,,,,,,,
tran_4b4d844b-c340-4f6b-969e-f38bdcd83263,300,tran_c656a443-47cc-4bba-bb5b-967e680e2a83,tran_e77b6a81-4bec-4792-9a47-6337ff2418b9,tran_70069cb1-78a4-4e41-a517-184bf4d46a16,1,44,44,45,45,32,32,34,34,40,40,44,44,122,122,967,967,1118,1118,1048,1048,1018,1018,940,940,881,881,886,886,916,916,935,935,947,947,1007,1007,945,945,387,387,243,243,159,159,116,116,62,62,,,,,,,,,,,,,,,,,,,,,,,,,,,,,,,,,,,,,,,,,,,,,,,,
tran_4b514e65-912e-4de5-9bd9-1be3e4dd5ab6,1650,,tran_ec2084d6-89b0-4729-a033-63210f023ac2,tran_34bc9979-fd47-4104-a830-b10d6d786c35;tran_8254e3ac-cefc-4977-a908-03d021865705,2,44,44,45,45,32,32,34,34,40,40,44,44,122,122,967,967,1118,1118,1048,1048,1018,1018,940,940,881,881,886,886,916,916,935,935,947,947,1007,1007,945,945,387,387,243,243,159,159,116,116,62,62,,,,,,,,,,,,,,,,,,,,,,,,,,,,,,,,,,,,,,,,,,,,,,,,
tran_4b73e435-94ec-4593-bc41-bd862242c5e5,550,tran_5ed6db48-b73f-4266-ae31-e865cb585d67,tran_7eabd9ef-0adc-42bc-bf2f-3c72c6709f75,,0,44,44,45,45,32,32,34,34,40,40,44,44,122,122,967,967,1118,1118,1048,1048,1018,1018,940,940,881,881,886,886,916,916,935,935,947,947,1007,1007,945,945,387,387,243,243,159,159,116,116,62,62,,,,,,,,,,,,,,,,,,,,,,,,,,,,,,,,,,,,,,,,,,,,,,,,
tran_4b8481ea-bb15-43c9-9b9c-ce832b36d745,300,tran_25032f71-18df-4d39-b01c-f146aa192f2f,tran_d354d7c8-72e6-4488-a775-5444375b3b55,tran_aa074d48-6c14-444e-9195-b93a1fcc31d4,1,44,44,45,45,32,32,34,34,40,40,44,44,122,122,967,967,1118,1118,1048,1048,1018,1018,940,940,881,881,886,886,916,916,935,935,947,947,1007,1007,945,945,387,387,243,243,159,159,116,116,62,62,,,,,,,,,,,,,,,,,,,,,,,,,,,,,,,,,,,,,,,,,,,,,,,,
tran_4b892cd0-c05b-4cba-9b08-557be13da38d,300,tran_aabea17a-9f44-4b54-b818-559fd4767625,tran_46891fe9-e4e8-44fb-a9bb-45d95b98422f,tran_ad72fcc9-3b50-4361-a1d4-e085802cfd97;tran_72b7ed03-86db-4a49-9ffc-8f13d4a63232,2,44,44,45,45,32,32,34,34,40,40,44,44,122,122,967,967,1118,1118,1048,1048,1018,1018,940,940,881,881,886,886,916,916,935,935,947,947,1007,1007,945,945,387,387,243,243,159,159,116,116,62,62,,,,,,,,,,,,,,,,,,,,,,,,,,,,,,,,,,,,,,,,,,,,,,,,
tran_4bbf7e2d-6130-4103-af38-178dc5050b50,4400,,tran_0f1d51e5-599b-40af-ad8c-98236f5d765a,tran_f8c477cc-f998-400b-9d91-fa15af633a97;tran_045df786-1079-43f7-880f-cd6d39957dbc,2,44,44,45,45,32,32,34,34,40,40,44,44,122,122,967,967,1118,1118,1048,1048,1018,1018,940,940,881,881,886,886,916,916,935,935,947,947,1007,1007,945,945,387,387,243,243,159,159,116,116,62,62,,,,,,,,,,,,,,,,,,,,,,,,,,,,,,,,,,,,,,,,,,,,,,,,
tran_4bdf1b4d-be37-433a-830a-d8d95e7c51e2,4400,tran_f9c32b11-76d9-4084-be3a-4eaf387bdcf6,16659,,0,44,44,45,45,32,32,34,34,40,40,44,44,122,122,967,967,1118,1118,1048,1048,1018,1018,940,940,881,881,886,886,916,916,935,935,947,947,1007,1007,945,945,387,387,243,243,159,159,116,116,62,62,,,,,,,,,,,,,,,,,,,,,,,,,,,,,,,,,,,,,,,,,,,,,,,,
tran_4bfb29f4-d905-4bbb-a86b-98381ccbbf30,1200,tran_3938686e-8147-4862-b895-e5dd9ca8dbe7,tran_ae5eb099-ddf0-4255-ad20-5c94b981ca66,tran_8c2c4666-e66b-430d-8f5e-2ce55cf5303a,1,44,44,45,45,32,32,34,34,40,40,44,44,122,122,967,967,1118,1118,1048,1048,1018,1018,940,940,881,881,886,886,916,916,935,935,947,947,1007,1007,945,945,387,387,243,243,159,159,116,116,62,62,,,,,,,,,,,,,,,,,,,,,,,,,,,,,,,,,,,,,,,,,,,,,,,,
tran_4c47e439-7d58-43f2-80ac-44cc8d5fc2ae,4400,tran_779c38bc-7cf9-42d4-8708-d9269ca1d818,tran_5b5e5cdb-7d1d-4033-b7f0-a0ad5238ca07,,0,44,44,45,45,32,32,34,34,40,40,44,44,122,122,967,967,1118,1118,1048,1048,1018,1018,940,940,881,881,886,886,916,916,935,935,947,947,1007,1007,945,945,387,387,243,243,159,159,116,116,62,62,,,,,,,,,,,,,,,,,,,,,,,,,,,,,,,,,,,,,,,,,,,,,,,,
tran_4c5530e2-bf09-4dc7-85b0-29734738463c,4400,tran_ff69a30b-b24d-4731-bb27-aea515a44e5e,tran_6624a802-a244-475d-b89d-19613c08084b,,0,44,44,45,45,32,32,34,34,40,40,44,44,122,122,967,967,1118,1118,1048,1048,1018,1018,940,940,881,881,886,886,916,916,935,935,947,947,1007,1007,945,945,387,387,243,243,159,159,116,116,62,62,,,,,,,,,,,,,,,,,,,,,,,,,,,,,,,,,,,,,,,,,,,,,,,,
tran_4c8a4f2d-b80f-45cf-a3d1-e87197f04e06,4400,tran_99b4704e-c100-4ccb-84ea-a113f2981bd2,tran_824cab8d-1f2e-46f1-9d4b-e6e99f14201e,,0,44,44,45,45,32,32,34,34,40,40,44,44,122,122,967,967,1118,1118,1048,1048,1018,1018,940,940,881,881,886,886,916,916,935,935,947,947,1007,1007,945,945,387,387,243,243,159,159,116,116,62,62,,,,,,,,,,,,,,,,,,,,,,,,,,,,,,,,,,,,,,,,,,,,,,,,
tran_4c9422e8-f648-46d6-8920-944e8d06e8f9,4400,tran_1c1b9892-ad03-4299-9b0e-dfb7b1dab63a,tran_de3e1116-8fc2-4e2b-bbf8-b07fa8683ee9,,0,44,44,45,45,32,32,34,34,40,40,44,44,122,122,967,967,1118,1118,1048,1048,1018,1018,940,940,881,881,886,886,916,916,935,935,947,947,1007,1007,945,945,387,387,243,243,159,159,116,116,62,62,,,,,,,,,,,,,,,,,,,,,,,,,,,,,,,,,,,,,,,,,,,,,,,,
tran_4c9c8b56-9b69-4111-b626-ca6b5bb93452,4400,tran_932301c4-9516-4fae-a8c7-bb30f26eb0d8,tran_d99b3902-f2d9-40f6-8f87-53db5793487c,,0,44,44,45,45,32,32,34,34,40,40,44,44,122,122,967,967,1118,1118,1048,1048,1018,1018,940,940,881,881,886,886,916,916,935,935,947,947,1007,1007,945,945,387,387,243,243,159,159,116,116,62,62,,,,,,,,,,,,,,,,,,,,,,,,,,,,,,,,,,,,,,,,,,,,,,,,
tran_4cb82a53-c6f3-4396-bf4d-f88b87c89f77,3500,tran_eeb7330c-6e60-4a2e-9d3b-1759f492eb38,tran_c9e0e169-2e49-4b5e-94ef-e453e0fd766c,,0,44,44,45,45,32,32,34,34,40,40,44,44,122,122,967,967,1118,1118,1048,1048,1018,1018,940,940,881,881,886,886,916,916,935,935,947,947,1007,1007,945,945,387,387,243,243,159,159,116,116,62,62,,,,,,,,,,,,,,,,,,,,,,,,,,,,,,,,,,,,,,,,,,,,,,,,
tran_4cd9d38a-c1b8-4613-bc69-5f322f436e56,4400,tran_115b104a-df20-4b4b-b18c-c1c260bdbb1c,tran_cdb78879-e733-4280-9ad1-dcbf4014d906,,0,44,44,45,45,32,32,34,34,40,40,44,44,122,122,967,967,1118,1118,1048,1048,1018,1018,940,940,881,881,886,886,916,916,935,935,947,947,1007,1007,945,945,387,387,243,243,159,159,116,116,62,62,,,,,,,,,,,,,,,,,,,,,,,,,,,,,,,,,,,,,,,,,,,,,,,,
tran_4cf44eb2-9559-4a90-abcd-dfe7af4dc6e3,1200,tran_abf965ce-c263-42aa-b772-3c6bb3d1486e,tran_a452014f-673b-4104-9383-c9bb246bf0a7,,0,44,44,45,45,32,32,34,34,40,40,44,44,122,122,967,967,1118,1118,1048,1048,1018,1018,940,940,881,881,886,886,916,916,935,935,947,947,1007,1007,945,945,387,387,243,243,159,159,116,116,62,62,,,,,,,,,,,,,,,,,,,,,,,,,,,,,,,,,,,,,,,,,,,,,,,,
tran_4d1046bd-a5f5-498f-8924-601e80ed8085,4400,tran_5ce9da68-6c10-4072-841c-a84a2cbaa45b,tran_333e257d-6bb4-4d5d-bf3d-57cffd9ebb04,,0,44,44,45,45,32,32,34,34,40,40,44,44,122,122,967,967,1118,1118,1048,1048,1018,1018,940,940,881,881,886,886,916,916,935,935,947,947,1007,1007,945,945,387,387,243,243,159,159,116,116,62,62,,,,,,,,,,,,,,,,,,,,,,,,,,,,,,,,,,,,,,,,,,,,,,,,
tran_4d221407-12fe-4650-b585-2b53ac85540d,4400,tran_1b639d3f-2676-4a50-9cf1-98fde3c4e793,tran_12ebfcd1-7f55-4860-b86d-926ca1c87ef6,,0,44,44,45,45,32,32,34,34,40,40,44,44,122,122,967,967,1118,1118,1048,1048,1018,1018,940,940,881,881,886,886,916,916,935,935,947,947,1007,1007,945,945,387,387,243,243,159,159,116,116,62,62,,,,,,,,,,,,,,,,,,,,,,,,,,,,,,,,,,,,,,,,,,,,,,,,
tran_4d260f4c-5df5-4ce9-b296-e96bd7cc4b03,1200,tran_34da69ec-e0b3-4e7d-9141-339dc463a94f,tran_5825809e-cf15-45bb-bfe0-1bca18657ad6,tran_f98c3923-7c2c-412b-b809-63fcd2883619;tran_eeff9ed1-0c50-48b2-b1cb-41d01e5ec008,2,44,44,45,45,32,32,34,34,40,40,44,44,122,122,967,967,1118,1118,1048,1048,1018,1018,940,940,881,881,886,886,916,916,935,935,947,947,1007,1007,945,945,387,387,243,243,159,159,116,116,62,62,,,,,,,,,,,,,,,,,,,,,,,,,,,,,,,,,,,,,,,,,,,,,,,,
tran_4d95f915-0bbb-46e8-88f2-d00ed3eea0d5,1200,tran_f9c32b11-76d9-4084-be3a-4eaf387bdcf6,tran_0a698e16-3934-43ce-9dc0-7ffafead684a,,0,44,44,45,45,32,32,34,34,40,40,44,44,122,122,967,967,1118,1118,1048,1048,1018,1018,940,940,881,881,886,886,916,916,935,935,947,947,1007,1007,945,945,387,387,243,243,159,159,116,116,62,62,,,,,,,,,,,,,,,,,,,,,,,,,,,,,,,,,,,,,,,,,,,,,,,,
tran_4db05d51-75a1-46bf-a7ab-61c19ae7f056,4400,tran_a233f3cb-dc5a-446f-b858-cc9141e3a0de,tran_87320166-5b1d-47d1-8693-475971b7c2b5,,0,0,0,0,0,0,0,0,0,0,0,0,0,0,0,1156,1156,1275,1275,1184,1184,1063,1063,1121,1121,1033,1033,1056,1056,1105,1105,1218,1218,1250,1250,1308,1308,1226,1226,0,0,0,0,0,0,0,0,0,0,,,,,,,,,,,,,,,,,,,,,,,,,,,,,,,,,,,,,,,,,,,,,,,,
tran_4dcf1d32-5e03-466e-9344-2c998d274140,2500,tran_5f465b1c-031a-4eb3-b980-41a956cbc5fb,tran_5b1213a7-b4d2-42a4-9d46-09c5cc51a069,tran_1581cf09-bf41-4f62-a2c9-0e0594ede28b,1,44,44,45,45,32,32,34,34,40,40,44,44,122,122,967,967,1118,1118,1048,1048,1018,1018,940,940,881,881,886,886,916,916,935,935,947,947,1007,1007,945,945,387,387,243,243,159,159,116,116,62,62,,,,,,,,,,,,,,,,,,,,,,,,,,,,,,,,,,,,,,,,,,,,,,,,
tran_4de2a56c-a474-4439-9b65-ab3a7406467d,1000,tran_bbc25ee8-bb71-40a7-a6da-15a9b416d53b,,,0,42,42,39,39,28,28,29,29,34,34,39,39,112,112,1343,1343,1424,1424,1347,1347,1375,1375,1229,1229,1247,1247,1096,1096,1282,1282,1299,1299,1257,1257,1375,1375,1394,1394,536,536,316,316,190,190,140,140,87,87,,,,,,,,,,,,,,,,,,,,,,,,,,,,,,,,,,,,,,,,,,,,,,,,
tran_4df2f245-475b-457b-9709-472efdaab380,4400,tran_c7a04ce2-3c56-4bf3-8c56-c58e2f58b911,tran_0e5eab55-eec0-4395-a256-28c475b127c9,,0,44,44,45,45,32,32,34,34,40,40,44,44,122,122,967,967,1118,1118,1048,1048,1018,1018,940,940,881,881,886,886,916,916,935,935,947,947,1007,1007,945,945,387,387,243,243,159,159,116,116,62,62,,,,,,,,,,,,,,,,,,,,,,,,,,,,,,,,,,,,,,,,,,,,,,,,
tran_4e2eafe4-3114-42fc-afc8-e47be7990a4b,2500,tran_1f721032-d3be-45bb-851b-8e0455b446e3,tran_4fdea82f-60b2-4372-ba00-5b66a1b38363,tran_1322f59d-e135-437b-ac35-2abae0f6c77a;tran_eb549f35-eb3c-45b0-a691-b2a3bee77935,2,44,44,45,45,32,32,34,34,40,40,44,44,122,122,967,967,1118,1118,1048,1048,1018,1018,940,940,881,881,886,886,916,916,935,935,947,947,1007,1007,945,945,387,387,243,243,159,159,116,116,62,62,,,,,,,,,,,,,,,,,,,,,,,,,,,,,,,,,,,,,,,,,,,,,,,,
tran_4e3270ef-a297-4593-b12c-bec9eea287ec,800,tran_521a2c99-5708-453e-948f-0451ee3cfd71,tran_8c076948-7efe-4fbd-9252-e45308ed3259,,0,44,44,45,45,32,32,34,34,40,40,44,44,122,122,967,967,1118,1118,1048,1048,1018,1018,940,940,881,881,886,886,916,916,935,935,947,947,1007,1007,945,945,387,387,243,243,159,159,116,116,62,62,,,,,,,,,,,,,,,,,,,,,,,,,,,,,,,,,,,,,,,,,,,,,,,,
tran_4ea14fe7-31c2-4bb2-b70b-87aac2493401,800,tran_84d9e01a-7c2f-4427-bde0-7505979e4888,15411,15405,1,44,44,45,45,32,32,34,34,40,40,44,44,122,122,967,967,1118,1118,1048,1048,1018,1018,940,940,881,881,886,886,916,916,935,935,947,947,1007,1007,945,945,387,387,243,243,159,159,116,116,62,62,,,,,,,,,,,,,,,,,,,,,,,,,,,,,,,,,,,,,,,,,,,,,,,,
tran_4eac989a-edad-4721-bfcc-e7e283a98212,800,tran_a65c8ba8-b8f2-45cb-b5f2-50f7d76eb0d5,tran_decd3d5a-57ce-432a-a83f-6b27c3e09eeb,,0,44,44,45,45,32,32,34,34,40,40,44,44,122,122,967,967,1118,1118,1048,1048,1018,1018,940,940,881,881,886,886,916,916,935,935,947,947,1007,1007,945,945,387,387,243,243,159,159,116,116,62,62,,,,,,,,,,,,,,,,,,,,,,,,,,,,,,,,,,,,,,,,,,,,,,,,
tran_4ebfe2fa-d362-45ce-8925-bc15a47738fa,3300,tran_71c78274-bbdf-42b8-ac41-7b595dfe9be4,17843,tran_d01fa06d-26c9-4728-94b7-3844b9829c1c;tran_ac6f0483-c8b5-4837-9465-0ad19da0ca6e,2,44,44,45,45,32,32,34,34,40,40,44,44,122,122,967,967,1118,1118,1048,1048,1018,1018,940,940,881,881,886,886,916,916,935,935,947,947,1007,1007,945,945,387,387,243,243,159,159,116,116,62,62,,,,,,,,,,,,,,,,,,,,,,,,,,,,,,,,,,,,,,,,,,,,,,,,
tran_4f10cc1e-b20b-45d6-be90-1f23432adb06,1600,tran_200f789a-9078-4012-80ab-eaa47b749635,tran_01e7a9c3-ce9a-475f-973f-4cfc668b2058,tran_f06b5f5a-aa2c-4b9e-bae5-a4a26d8481c9,1,44,44,45,45,32,32,34,34,40,40,44,44,122,122,967,967,1118,1118,1048,1048,1018,1018,940,940,881,881,886,886,916,916,935,935,947,947,1007,1007,945,945,387,387,243,243,159,159,116,116,62,62,,,,,,,,,,,,,,,,,,,,,,,,,,,,,,,,,,,,,,,,,,,,,,,,
tran_4f2a6790-d907-4e51-9df9-991d89a5a291,4400,tran_5d70f4dd-03e8-4f74-9001-587af0fc2290,tran_0d607cf3-2c85-4cf7-9193-27d5cc4e7e62,,0,44,44,45,45,32,32,34,34,40,40,44,44,122,122,967,967,1118,1118,1048,1048,1018,1018,940,940,881,881,886,886,916,916,935,935,947,947,1007,1007,945,945,387,387,243,243,159,159,116,116,62,62,,,,,,,,,,,,,,,,,,,,,,,,,,,,,,,,,,,,,,,,,,,,,,,,
tran_4f52b6f8-3c2c-40c3-ad43-6b6aeffef70c,800,tran_201741bf-570e-435a-be1b-2facfd60c249,tran_1d31c9ab-ced1-4984-83c8-db6d85831c78,tran_40cf00bf-bb44-4235-8e1d-1ae48f122ca8,1,44,44,45,45,32,32,34,34,40,40,44,44,122,122,967,967,1118,1118,1048,1048,1018,1018,940,940,881,881,886,886,916,916,935,935,947,947,1007,1007,945,945,387,387,243,243,159,159,116,116,62,62,,,,,,,,,,,,,,,,,,,,,,,,,,,,,,,,,,,,,,,,,,,,,,,,
tran_4f52eb6d-5eab-48ee-bd85-575738955771,800,tran_571c1411-a146-4f90-bb4c-1fce69f60800,tran_d6679767-f65e-46fe-a4b9-eb9d2ef2af3b,,0,33,33,31,31,22,22,23,23,26,26,31,31,88,88,1055,1055,1119,1119,1058,1058,1080,1080,966,966,980,980,861,861,1008,1008,1021,1021,988,988,1080,1080,1096,1096,421,421,249,249,150,150,110,110,68,68,,,,,,,,,,,,,,,,,,,,,,,,,,,,,,,,,,,,,,,,,,,,,,,,
tran_4fbeed7e-d7e5-4bfd-87c9-689c28b74509,4400,tran_d4927747-b77d-4355-8d0d-e8d745767029,,,0,44,44,45,45,32,32,34,34,40,40,44,44,122,122,967,967,1118,1118,1048,1048,1018,1018,940,940,881,881,886,886,916,916,935,935,947,947,1007,1007,945,945,387,387,243,243,159,159,116,116,62,62,,,,,,,,,,,,,,,,,,,,,,,,,,,,,,,,,,,,,,,,,,,,,,,,
tran_4fdbf5d3-879d-4164-a87c-1ff403eff4b3,4400,tran_b944a71b-c1ea-4298-a7ac-1ca58e4614e8,tran_3ec74d2b-f365-41e3-8ce1-2a9edeca6f53,,0,44,44,45,45,32,32,34,34,40,40,44,44,122,122,967,967,1118,1118,1048,1048,1018,1018,940,940,881,881,886,886,916,916,935,935,947,947,1007,1007,945,945,387,387,243,243,159,159,116,116,62,62,,,,,,,,,,,,,,,,,,,,,,,,,,,,,,,,,,,,,,,,,,,,,,,,
tran_4fdea82f-60b2-4372-ba00-5b66a1b38363,4400,tran_d5e8361e-5732-4eb6-bf22-17ef2acffa13,tran_4e2eafe4-3114-42fc-afc8-e47be7990a4b,,0,44,44,45,45,32,32,34,34,40,40,44,44,122,122,967,967,1118,1118,1048,1048,1018,1018,940,940,881,881,886,886,916,916,935,935,947,947,1007,1007,945,945,387,387,243,243,159,159,116,116,62,62,,,,,,,,,,,,,,,,,,,,,,,,,,,,,,,,,,,,,,,,,,,,,,,,
tran_5025a25e-175f-40cf-a3b0-5d7105635787,3500,tran_e1d10cab-2ca2-4d6c-89df-46782bd6d436,tran_aaea5f34-f4c2-4aa9-b3a9-f43b2581d834,tran_5c445de4-ae6f-4cb2-b0bd-f2a72bab78ff;tran_09710620-06c9-45e4-bd95-6602c3a26bd7;tran_4ab6a64f-9b5b-4890-8ec3-d6bb4a16ea57;tran_61a7064d-2651-4f78-a09c-bdb5fa42c95c,4,44,44,45,45,32,32,34,34,40,40,44,44,122,122,967,967,1118,1118,1048,1048,1018,1018,940,940,881,881,886,886,916,916,935,935,947,947,1007,1007,945,945,387,387,243,243,159,159,116,116,62,62,,,,,,,,,,,,,,,,,,,,,,,,,,,,,,,,,,,,,,,,,,,,,,,,
tran_505f0c5f-60cc-4e60-91e8-e1b18434e851,4400,tran_27fbcd0d-1f74-4b3c-90c2-a783bfba9ce5,tran_0e5eab55-eec0-4395-a256-28c475b127c9,,0,44,44,45,45,32,32,34,34,40,40,44,44,122,122,967,967,1118,1118,1048,1048,1018,1018,940,940,881,881,886,886,916,916,935,935,947,947,1007,1007,945,945,387,387,243,243,159,159,116,116,62,62,,,,,,,,,,,,,,,,,,,,,,,,,,,,,,,,,,,,,,,,,,,,,,,,
tran_508beb1d-c175-40c9-af6b-cdca4ed5bf2e,4400,tran_13e5c6da-eb25-4656-a161-83b152b346f2,tran_61f9effd-170d-4aff-ab90-2d067b518f62,,0,44,44,45,45,32,32,34,34,40,40,44,44,122,122,967,967,1118,1118,1048,1048,1018,1018,940,940,881,881,886,886,916,916,935,935,947,947,1007,1007,945,945,387,387,243,243,159,159,116,116,62,62,,,,,,,,,,,,,,,,,,,,,,,,,,,,,,,,,,,,,,,,,,,,,,,,
tran_50beac52-afee-413d-9839-834416252676,4400,tran_101383a6-9873-4418-98d7-54c013155fd6,tran_19ea7f54-c5e1-4483-a53a-278c16d62bf8,,0,44,44,45,45,32,32,34,34,40,40,44,44,122,122,967,967,1118,1118,1048,1048,1018,1018,940,940,881,881,886,886,916,916,935,935,947,947,1007,1007,945,945,387,387,243,243,159,159,116,116,62,62,,,,,,,,,,,,,,,,,,,,,,,,,,,,,,,,,,,,,,,,,,,,,,,,
tran_50fe80d0-c982-437e-bdf2-1d706ead44d7,4400,tran_19a8c433-1c48-4578-abdf-4faf2beef77d,tran_ce266dba-9f98-47ed-9bad-5f13a3c9c745,,0,44,44,45,45,32,32,34,34,40,40,44,44,122,122,967,967,1118,1118,1048,1048,1018,1018,940,940,881,881,886,886,916,916,935,935,947,947,1007,1007,945,945,387,387,243,243,159,159,116,116,62,62,,,,,,,,,,,,,,,,,,,,,,,,,,,,,,,,,,,,,,,,,,,,,,,,
tran_5110d8ae-31b6-44bb-ad28-fd705be59c0c,1100,tran_8acc12df-c93c-483e-be81-21cd1a6deec3,tran_806a31aa-9420-49c5-8c72-380bd48bc4eb,tran_9c19940c-14a7-4dae-a11f-c073f82263bd;11559,2,44,44,45,45,32,32,34,34,40,40,44,44,122,122,967,967,1118,1118,1048,1048,1018,1018,940,940,881,881,886,886,916,916,935,935,947,947,1007,1007,945,945,387,387,243,243,159,159,116,116,62,62,,,,,,,,,,,,,,,,,,,,,,,,,,,,,,,,,,,,,,,,,,,,,,,,
tran_51842f9d-de87-4091-8155-e9f3f6688c15,4000,tran_f69ce523-4d9c-48a7-980d-11109f56603e,tran_1b94fff3-06d1-465f-a3e8-695aa44c9b19,tran_da83073f-f890-4a0d-a07c-19d349ea4de2;16807,2,44,44,45,45,32,32,34,34,40,40,44,44,122,122,967,967,1118,1118,1048,1048,1018,1018,940,940,881,881,886,886,916,916,935,935,947,947,1007,1007,945,945,387,387,243,243,159,159,116,116,62,62,,,,,,,,,,,,,,,,,,,,,,,,,,,,,,,,,,,,,,,,,,,,,,,,
tran_51b40786-5384-4a9d-879b-b40cdd9f527a,4400,tran_7f6d8e15-8497-48f1-8df2-711b54fe0bbf,tran_be42996a-51f6-46ef-bc03-0151281b9a38,,0,44,44,45,45,32,32,34,34,40,40,44,44,122,122,967,967,1118,1118,1048,1048,1018,1018,940,940,881,881,886,886,916,916,935,935,947,947,1007,1007,945,945,387,387,243,243,159,159,116,116,62,62,,,,,,,,,,,,,,,,,,,,,,,,,,,,,,,,,,,,,,,,,,,,,,,,
tran_51e5b01d-6559-4148-9062-8e8b097a4553,1600,tran_3be8f32d-26d9-4c1e-bc2c-5ebe6ea15c08,tran_79685cbe-5b91-4293-ae38-0782b763121d,,0,44,44,45,45,32,32,34,34,40,40,44,44,122,122,967,967,1118,1118,1048,1048,1018,1018,940,940,881,881,886,886,916,916,935,935,947,947,1007,1007,945,945,387,387,243,243,159,159,116,116,62,62,,,,,,,,,,,,,,,,,,,,,,,,,,,,,,,,,,,,,,,,,,,,,,,,
tran_521a2c99-5708-453e-948f-0451ee3cfd71,800,tran_4e3270ef-a297-4593-b12c-bec9eea287ec,tran_adebe3c8-c9f9-4926-bc05-89f08dbe3478,tran_dfca3c38-403d-4d9c-b14d-f0bce35f05bd,1,44,44,45,45,32,32,34,34,40,40,44,44,122,122,967,967,1118,1118,1048,1048,1018,1018,940,940,881,881,886,886,916,916,935,935,947,947,1007,1007,945,945,387,387,243,243,159,159,116,116,62,62,,,,,,,,,,,,,,,,,,,,,,,,,,,,,,,,,,,,,,,,,,,,,,,,
tran_5268424b-8eab-4522-ba9d-52b072e1f028,1500,tran_7586d34f-ebed-47b1-b39c-e3e0e1016589,tran_1d51e0e0-d35f-4c99-a4b4-536e03fc1fbc,tran_b9d5760e-dff4-4634-b424-a7caf46f9f1c,1,44,44,45,45,32,32,34,34,40,40,44,44,122,122,967,967,1118,1118,1048,1048,1018,1018,940,940,881,881,886,886,916,916,935,935,947,947,1007,1007,945,945,387,387,243,243,159,159,116,116,62,62,,,,,,,,,,,,,,,,,,,,,,,,,,,,,,,,,,,,,,,,,,,,,,,,
tran_52a5ad13-0c9b-483c-a781-8eedd06926ad,1200,tran_ae672d38-10f7-48e3-9302-54cc1ad13b72,tran_ff69a30b-b24d-4731-bb27-aea515a44e5e,,0,44,44,45,45,32,32,34,34,40,40,44,44,122,122,967,967,1118,1118,1048,1048,1018,1018,940,940,881,881,886,886,916,916,935,935,947,947,1007,1007,945,945,387,387,243,243,159,159,116,116,62,62,,,,,,,,,,,,,,,,,,,,,,,,,,,,,,,,,,,,,,,,,,,,,,,,
tran_52b03f37-04cf-4c37-9275-42dad37959a9,1200,tran_2ca726ff-3370-40d3-8de1-7f63ed9e263b,,,0,44,44,45,45,32,32,34,34,40,40,44,44,122,122,967,967,1118,1118,1048,1048,1018,1018,940,940,881,881,886,886,916,916,935,935,947,947,1007,1007,945,945,387,387,243,243,159,159,116,116,62,62,,,,,,,,,,,,,,,,,,,,,,,,,,,,,,,,,,,,,,,,,,,,,,,,
tran_52b31f75-a784-4ad9-8c47-035dbdd24eee,3000,tran_fe8f35c0-3f60-4c5c-9dc0-7e6da4d0dca0,tran_65d30646-e47f-4b48-b6ee-4edbec276766,,0,44,44,45,45,32,32,34,34,40,40,44,44,122,122,967,967,1118,1118,1048,1048,1018,1018,940,940,881,881,886,886,916,916,935,935,947,947,1007,1007,945,945,387,387,243,243,159,159,116,116,62,62,,,,,,,,,,,,,,,,,,,,,,,,,,,,,,,,,,,,,,,,,,,,,,,,
tran_52ba5c9e-ee6f-4bea-9f97-e2eb27482275,2500,tran_01e7a9c3-ce9a-475f-973f-4cfc668b2058,tran_f2b6e9cc-94d8-45ca-82bc-8b838db6a6d8,tran_5a75344d-8a91-49f2-945e-fd2c3bfaf8dc;tran_9346c80d-26a3-4c0f-a40e-b08375a93464,2,44,44,45,45,32,32,34,34,40,40,44,44,122,122,967,967,1118,1118,1048,1048,1018,1018,940,940,881,881,886,886,916,916,935,935,947,947,1007,1007,945,945,387,387,243,243,159,159,116,116,62,62,,,,,,,,,,,,,,,,,,,,,,,,,,,,,,,,,,,,,,,,,,,,,,,,
tran_53826c24-45db-4e1f-9acc-b3dad0e84681,1200,tran_c3df285e-d495-48d1-aae6-b8d58d4a3c2c,tran_34bc9979-fd47-4104-a830-b10d6d786c35,tran_1093a8a7-708a-4327-a9f1-789f1d0e9c52,1,44,44,45,45,32,32,34,34,40,40,44,44,122,122,967,967,1118,1118,1048,1048,1018,1018,940,940,881,881,886,886,916,916,935,935,947,947,1007,1007,945,945,387,387,243,243,159,159,116,116,62,62,,,,,,,,,,,,,,,,,,,,,,,,,,,,,,,,,,,,,,,,,,,,,,,,
tran_53aba2dd-9ecc-4f9c-8ed8-58566d1dfc4f,4400,tran_be775aa1-9aa9-461b-9361-05b9669764a9,tran_a947af58-bdb2-47cc-a7b4-02f57ed395b9,,0,44,44,45,45,32,32,34,34,40,40,44,44,122,122,967,967,1118,1118,1048,1048,1018,1018,940,940,881,881,886,886,916,916,935,935,947,947,1007,1007,945,945,387,387,243,243,159,159,116,116,62,62,,,,,,,,,,,,,,,,,,,,,,,,,,,,,,,,,,,,,,,,,,,,,,,,
tran_53b8381f-d97e-4b33-bd76-388bcf144b88,3300,tran_5b50f35a-edcc-4594-b87a-698232689988,tran_e7b92c43-b76d-4955-b44f-11996d22b239,,0,44,44,45,45,32,32,34,34,40,40,44,44,122,122,967,967,1118,1118,1048,1048,1018,1018,940,940,881,881,886,886,916,916,935,935,947,947,1007,1007,945,945,387,387,243,243,159,159,116,116,62,62,,,,,,,,,,,,,,,,,,,,,,,,,,,,,,,,,,,,,,,,,,,,,,,,
tran_542a3187-4fa4-4af7-832b-7fb17a1f32d2,4400,17044,tran_7be5b697-a3a0-4a52-91f6-52b95cebd519,,0,44,44,45,45,32,32,34,34,40,40,44,44,122,122,967,967,1118,1118,1048,1048,1018,1018,940,940,881,881,886,886,916,916,935,935,947,947,1007,1007,945,945,387,387,243,243,159,159,116,116,62,62,,,,,,,,,,,,,,,,,,,,,,,,,,,,,,,,,,,,,,,,,,,,,,,,
tran_54471a40-bfa2-4e19-86fd-5da2d44993a7,3000,tran_79a3f277-edd9-4888-af09-f2e8e63cc513,tran_9095a14f-094c-412a-9f45-c16183078eae,,0,44,44,45,45,32,32,34,34,40,40,44,44,122,122,967,967,1118,1118,1048,1048,1018,1018,940,940,881,881,886,886,916,916,935,935,947,947,1007,1007,945,945,387,387,243,243,159,159,116,116,62,62,,,,,,,,,,,,,,,,,,,,,,,,,,,,,,,,,,,,,,,,,,,,,,,,
tran_54504f15-55b9-46b3-b90a-e85150e81820,300,tran_2ca726ff-3370-40d3-8de1-7f63ed9e263b,tran_7e112a6b-1119-4936-a35d-fb8ae3239925,,0,44,44,45,45,32,32,34,34,40,40,44,44,122,122,967,967,1118,1118,1048,1048,1018,1018,940,940,881,881,886,886,916,916,935,935,947,947,1007,1007,945,945,387,387,243,243,159,159,116,116,62,62,,,,,,,,,,,,,,,,,,,,,,,,,,,,,,,,,,,,,,,,,,,,,,,,
tran_545ef300-93dd-410b-8d2e-d0975e45b20f,3000,tran_d78fb3e1-9ad3-40bc-943f-22c3a45bbbea,tran_d5032d0d-e63c-4004-80d8-26d17b47f07e,,0,44,44,45,45,32,32,34,34,40,40,44,44,122,122,967,967,1118,1118,1048,1048,1018,1018,940,940,881,881,886,886,916,916,935,935,947,947,1007,1007,945,945,387,387,243,243,159,159,116,116,62,62,,,,,,,,,,,,,,,,,,,,,,,,,,,,,,,,,,,,,,,,,,,,,,,,
tran_546699b5-4c79-4ed9-9700-bc90a66668eb,1000,tran_22a54e65-fcef-4112-a14f-7c944e2cb6a6,tran_fa1dc73a-eb44-4279-89be-5e5bb853b929,tran_635e719c-73cc-4815-9ec2-755703ca2e22,1,44,44,45,45,32,32,34,34,40,40,44,44,122,122,967,967,1118,1118,1048,1048,1018,1018,940,940,881,881,886,886,916,916,935,935,947,947,1007,1007,945,945,387,387,243,243,159,159,116,116,62,62,,,,,,,,,,,,,,,,,,,,,,,,,,,,,,,,,,,,,,,,,,,,,,,,
tran_54a45aaa-1c75-4941-9b4f-8f2827f19b94,4000,tran_baf11617-7fdc-4d69-a614-b4fed17f4e9d,tran_08cbfbe2-964b-4cd6-bcb5-a528915b83a9,tran_1e400d23-adf9-4d74-853a-840a900ef313;4834,2,44,44,45,45,32,32,34,34,40,40,44,44,122,122,967,967,1118,1118,1048,1048,1018,1018,940,940,881,881,886,886,916,916,935,935,947,947,1007,1007,945,945,387,387,243,243,159,159,116,116,62,62,,,,,,,,,,,,,,,,,,,,,,,,,,,,,,,,,,,,,,,,,,,,,,,,
tran_54e0ca52-dcd1-4106-84f4-f498fb95cab7,300,tran_707a1a1a-c106-4210-927b-341c4b7e96ec,tran_c5d7c6c4-a73e-434c-a640-b0b39e4899a5,,0,44,44,45,45,32,32,34,34,40,40,44,44,122,122,967,967,1118,1118,1048,1048,1018,1018,940,940,881,881,886,886,916,916,935,935,947,947,1007,1007,945,945,387,387,243,243,159,159,116,116,62,62,,,,,,,,,,,,,,,,,,,,,,,,,,,,,,,,,,,,,,,,,,,,,,,,
tran_554b0305-068b-4f15-a069-8b504732b9b9,1200,tran_20d74a5e-3079-406d-9f87-c6c76e1ddaaf,tran_f3babcf8-795f-4d0c-a020-1ba146401289,tran_0f1d51e5-599b-40af-ad8c-98236f5d765a,1,44,44,45,45,32,32,34,34,40,40,44,44,122,122,967,967,1118,1118,1048,1048,1018,1018,940,940,881,881,886,886,916,916,935,935,947,947,1007,1007,945,945,387,387,243,243,159,159,116,116,62,62,,,,,,,,,,,,,,,,,,,,,,,,,,,,,,,,,,,,,,,,,,,,,,,,
tran_556e9a51-322d-48dd-8e8a-1b0e4f70cceb,4400,tran_d9481331-69cb-41b5-ba55-b28dd43a9169,tran_b2991535-2219-46a0-898f-9124f1dea2ba,,0,44,44,45,45,32,32,34,34,40,40,44,44,122,122,967,967,1118,1118,1048,1048,1018,1018,940,940,881,881,886,886,916,916,935,935,947,947,1007,1007,945,945,387,387,243,243,159,159,116,116,62,62,,,,,,,,,,,,,,,,,,,,,,,,,,,,,,,,,,,,,,,,,,,,,,,,
tran_558f35a2-b00f-430f-93fe-13ac0cb64072,3000,tran_a4d9a3bd-ed91-4bb7-9b4f-5484c0287dd0,tran_f2c09950-6952-4708-bf54-b8629b233d7a,,0,44,44,45,45,32,32,34,34,40,40,44,44,122,122,967,967,1118,1118,1048,1048,1018,1018,940,940,881,881,886,886,916,916,935,935,947,947,1007,1007,945,945,387,387,243,243,159,159,116,116,62,62,,,,,,,,,,,,,,,,,,,,,,,,,,,,,,,,,,,,,,,,,,,,,,,,
tran_561894a9-3ae3-4099-aab0-603c9b4fbd7e,4000,tran_b304e8b4-7af1-422e-beb1-6b76422b2b98,tran_8d8846c8-f5c7-4221-b364-89cf4a6b7858,,0,44,44,45,45,32,32,34,34,40,40,44,44,122,122,967,967,1118,1118,1048,1048,1018,1018,940,940,881,881,886,886,916,916,935,935,947,947,1007,1007,945,945,387,387,243,243,159,159,116,116,62,62,,,,,,,,,,,,,,,,,,,,,,,,,,,,,,,,,,,,,,,,,,,,,,,,
tran_561f3e5f-d779-484a-b772-ba9f22cc9693,300,,tran_ee4fd511-5b78-49e7-b7fd-8b7a0cf1717a,tran_22b15d29-24d1-4d93-a63a-8a73275eece4;tran_a1415377-8a51-4fd0-9c93-994d3f6a64f6,2,44,44,45,45,32,32,34,34,40,40,44,44,122,122,967,967,1118,1118,1048,1048,1018,1018,940,940,881,881,886,886,916,916,935,935,947,947,1007,1007,945,945,387,387,243,243,159,159,116,116,62,62,,,,,,,,,,,,,,,,,,,,,,,,,,,,,,,,,,,,,,,,,,,,,,,,
tran_566201c4-09b9-4b7a-9576-efd86a80b30a,1600,tran_4927a14e-0cf6-4c29-83f6-d6b89cfe8d1f,3805,,0,44,44,45,45,32,32,34,34,40,40,44,44,122,122,967,967,1118,1118,1048,1048,1018,1018,940,940,881,881,886,886,916,916,935,935,947,947,1007,1007,945,945,387,387,243,243,159,159,116,116,62,62,,,,,,,,,,,,,,,,,,,,,,,,,,,,,,,,,,,,,,,,,,,,,,,,
tran_5671ba47-207f-455a-8ee5-a95c2c74a7e3,800,tran_4b2a5f49-27d0-4064-b8b4-ab9561c53e02,tran_d917aaf1-b620-4a6d-a0ce-d81c6ad256eb,tran_8960cdb4-3416-4b91-80b2-ea6a54a1a922,1,44,44,45,45,32,32,34,34,40,40,44,44,122,122,967,967,1118,1118,1048,1048,1018,1018,940,940,881,881,886,886,916,916,935,935,947,947,1007,1007,945,945,387,387,243,243,159,159,116,116,62,62,,,,,,,,,,,,,,,,,,,,,,,,,,,,,,,,,,,,,,,,,,,,,,,,
tran_571c1411-a146-4f90-bb4c-1fce69f60800,600,tran_0f18086a-9bd5-4691-8d09-dbfd94aa488d,tran_4f52eb6d-5eab-48ee-bd85-575738955771,tran_57c009a4-b12a-47ae-91cb-1103a01022f5,1,44,44,45,45,32,32,34,34,40,40,44,44,122,122,967,967,1118,1118,1048,1048,1018,1018,940,940,881,881,886,886,916,916,935,935,947,947,1007,1007,945,945,387,387,243,243,159,159,116,116,62,62,,,,,,,,,,,,,,,,,,,,,,,,,,,,,,,,,,,,,,,,,,,,,,,,
tran_575f458d-7afc-43c9-859a-759fac98bf1e,400,tran_ee4fd511-5b78-49e7-b7fd-8b7a0cf1717a,tran_708916ba-08c8-4157-a712-3258dcdfe4d8,tran_0b7c6932-f4a2-4669-ad14-f76ff4093bd6;tran_11911707-85a9-4511-9029-deb6a29b6d2c,2,44,44,45,45,32,32,34,34,40,40,44,44,122,122,967,967,1118,1118,1048,1048,1018,1018,940,940,881,881,886,886,916,916,935,935,947,947,1007,1007,945,945,387,387,243,243,159,159,116,116,62,62,,,,,,,,,,,,,,,,,,,,,,,,,,,,,,,,,,,,,,,,,,,,,,,,
tran_576f528c-0f03-4333-8bb3-34abee55c342,4400,tran_8a5b1233-c9b8-45b6-bb18-15ab72ec06f5,tran_d1985c3b-2e3d-46f9-ae5c-3037828b5ce2,,0,67,67,70,70,49,49,53,53,62,62,67,67,186,186,910,910,1134,1134,1023,1023,977,977,900,900,812,812,861,861,864,864,851,851,886,886,939,939,854,854,524,524,336,336,227,227,165,165,84,84,,,,,,,,,,,,,,,,,,,,,,,,,,,,,,,,,,,,,,,,,,,,,,,,
tran_579c984e-939f-4553-9497-2a78c7762e33,2500,tran_68866ad8-7bdc-4a75-9ed2-f4dbd2b3822e,tran_fe8f35c0-3f60-4c5c-9dc0-7e6da4d0dca0,,0,44,44,45,45,32,32,34,34,40,40,44,44,122,122,967,967,1118,1118,1048,1048,1018,1018,940,940,881,881,886,886,916,916,935,935,947,947,1007,1007,945,945,387,387,243,243,159,159,116,116,62,62,,,,,,,,,,,,,,,,,,,,,,,,,,,,,,,,,,,,,,,,,,,,,,,,
tran_57c009a4-b12a-47ae-91cb-1103a01022f5,1200,tran_ad63e103-3793-4697-ab4c-2c952a208fa0,tran_571c1411-a146-4f90-bb4c-1fce69f60800,,0,44,44,45,45,32,32,34,34,40,40,44,44,122,122,967,967,1118,1118,1048,1048,1018,1018,940,940,881,881,886,886,916,916,935,935,947,947,1007,1007,945,945,387,387,243,243,159,159,116,116,62,62,,,,,,,,,,,,,,,,,,,,,,,,,,,,,,,,,,,,,,,,,,,,,,,,
tran_57d4275a-b689-4aec-aab1-bbbd8760e67f,4400,tran_a3565895-3b32-499c-be97-88a83f049ffd,tran_06a681f1-fd91-46dc-bd50-245485e68a1c,tran_f5779eb4-51c8-4303-8b9c-fd0c1de6e321;tran_e7419217-7656-4705-912d-6ffea07088aa,2,44,44,45,45,32,32,34,34,40,40,44,44,122,122,967,967,1118,1118,1048,1048,1018,1018,940,940,881,881,886,886,916,916,935,935,947,947,1007,1007,945,945,387,387,243,243,159,159,116,116,62,62,,,,,,,,,,,,,,,,,,,,,,,,,,,,,,,,,,,,,,,,,,,,,,,,
tran_57ddb379-e6e1-41bb-b74f-0a65862bbe90,4000,tran_6624a802-a244-475d-b89d-19613c08084b,tran_c903433a-9d13-49dc-bf8d-3766eb4217b0,,0,44,44,45,45,32,32,34,34,40,40,44,44,122,122,967,967,1118,1118,1048,1048,1018,1018,940,940,881,881,886,886,916,916,935,935,947,947,1007,1007,945,945,387,387,243,243,159,159,116,116,62,62,,,,,,,,,,,,,,,,,,,,,,,,,,,,,,,,,,,,,,,,,,,,,,,,
tran_5825809e-cf15-45bb-bfe0-1bca18657ad6,400,tran_4d260f4c-5df5-4ce9-b296-e96bd7cc4b03,tran_1389400a-0ecc-49da-b737-89b6508dbb06,,0,44,44,45,45,32,32,34,34,40,40,44,44,122,122,967,967,1118,1118,1048,1048,1018,1018,940,940,881,881,886,886,916,916,935,935,947,947,1007,1007,945,945,387,387,243,243,159,159,116,116,62,62,,,,,,,,,,,,,,,,,,,,,,,,,,,,,,,,,,,,,,,,,,,,,,,,
tran_5831b082-d80e-4cdd-aa4b-ae4bb1673991,4400,tran_88688c02-c8ea-4186-8644-760cb78004d2,tran_f2bb0df2-afb1-4bde-8295-990732658506,,0,44,44,45,45,32,32,34,34,40,40,44,44,122,122,967,967,1118,1118,1048,1048,1018,1018,940,940,881,881,886,886,916,916,935,935,947,947,1007,1007,945,945,387,387,243,243,159,159,116,116,62,62,,,,,,,,,,,,,,,,,,,,,,,,,,,,,,,,,,,,,,,,,,,,,,,,
tran_584d86c8-6ed2-47f4-b92e-edc9c492de96,2500,tran_dc229769-541a-434a-8c0c-b231fc91370f,tran_2b51662f-c5ed-4a62-85d2-0a5443e73b56,,0,67,67,70,70,49,49,53,53,62,62,67,67,186,186,910,910,1134,1134,1023,1023,977,977,900,900,812,812,861,861,864,864,851,851,886,886,939,939,854,854,524,524,336,336,227,227,165,165,84,84,,,,,,,,,,,,,,,,,,,,,,,,,,,,,,,,,,,,,,,,,,,,,,,,
tran_58f014ae-5daa-469d-881e-2b423267e5f2,4400,tran_e88e4664-f63e-47d4-848f-d540cc6adacb,16989,,0,0,0,0,0,0,0,0,0,0,0,0,0,0,0,1138,1138,1201,1201,1284,1284,1257,1257,1168,1168,1084,1084,1145,1145,1051,1051,1179,1179,1173,1173,1211,1211,1091,1091,0,0,0,0,0,0,0,0,0,0,,,,,,,,,,,,,,,,,,,,,,,,,,,,,,,,,,,,,,,,,,,,,,,,
tran_58f98fa5-45f4-49c0-976a-c068bd3be75e,3000,tran_c0d55c92-3818-4ddb-ada0-10f5ebe0034d,tran_3fdd59e4-5d37-4089-913b-2867123dfadc,,0,44,44,45,45,32,32,34,34,40,40,44,44,122,122,967,967,1118,1118,1048,1048,1018,1018,940,940,881,881,886,886,916,916,935,935,947,947,1007,1007,945,945,387,387,243,243,159,159,116,116,62,62,,,,,,,,,,,,,,,,,,,,,,,,,,,,,,,,,,,,,,,,,,,,,,,,
tran_5939fee2-63ef-4296-8ddd-8c26365369a0,2200,tran_9796fcfe-d96e-4ac7-891a-902a701e26bc,tran_3aabc791-2581-48f1-b1e5-fde62eb83466,tran_2da51415-f090-471f-9504-68de56e8c29b,1,44,44,45,45,32,32,34,34,40,40,44,44,122,122,967,967,1118,1118,1048,1048,1018,1018,940,940,881,881,886,886,916,916,935,935,947,947,1007,1007,945,945,387,387,243,243,159,159,116,116,62,62,,,,,,,,,,,,,,,,,,,,,,,,,,,,,,,,,,,,,,,,,,,,,,,,
tran_595dacbc-7cb4-46a9-8e5f-70597b96e43d,4400,5209,tran_d5d39e19-17bd-4678-a7f9-738d0803ae22,,0,44,44,45,45,32,32,34,34,40,40,44,44,122,122,967,967,1118,1118,1048,1048,1018,1018,940,940,881,881,886,886,916,916,935,935,947,947,1007,1007,945,945,387,387,243,243,159,159,116,116,62,62,,,,,,,,,,,,,,,,,,,,,,,,,,,,,,,,,,,,,,,,,,,,,,,,
tran_596348bb-b3eb-4f13-a752-a05f483649db,4400,tran_9aa673a4-3da8-4dda-b0b1-144e6c88f18d,tran_c40a104e-f4d2-41b3-9452-436dd7b39281,,0,44,44,45,45,32,32,34,34,40,40,44,44,122,122,967,967,1118,1118,1048,1048,1018,1018,940,940,881,881,886,886,916,916,935,935,947,947,1007,1007,945,945,387,387,243,243,159,159,116,116,62,62,,,,,,,,,,,,,,,,,,,,,,,,,,,,,,,,,,,,,,,,,,,,,,,,
tran_59cb4429-5b91-43a4-99f7-4dcad2049d16,4400,tran_fd1ac63c-6311-4bdd-8fdf-0682cf34eede,tran_5bb0478a-ded6-4c53-a1f4-9076f02e6f1c,,0,44,44,45,45,32,32,34,34,40,40,44,44,122,122,967,967,1118,1118,1048,1048,1018,1018,940,940,881,881,886,886,916,916,935,935,947,947,1007,1007,945,945,387,387,243,243,159,159,116,116,62,62,,,,,,,,,,,,,,,,,,,,,,,,,,,,,,,,,,,,,,,,,,,,,,,,
tran_59d74202-4726-4117-9aab-de323a72460f,1650,tran_e1d10cab-2ca2-4d6c-89df-46782bd6d436,tran_7571a0e7-ad4c-4ca9-ad94-f53d2cb20a10,,0,44,44,45,45,32,32,34,34,40,40,44,44,122,122,967,967,1118,1118,1048,1048,1018,1018,940,940,881,881,886,886,916,916,935,935,947,947,1007,1007,945,945,387,387,243,243,159,159,116,116,62,62,,,,,,,,,,,,,,,,,,,,,,,,,,,,,,,,,,,,,,,,,,,,,,,,
tran_59e33976-4a28-495a-b57c-4f0cd171be40,1600,tran_9e0dd48d-65bd-4618-b476-1a6b0cdfa350,tran_5ad6053e-6ba2-470a-a32d-e5aa65625ef8,,0,33,33,31,31,22,22,23,23,26,26,31,31,88,88,1055,1055,1119,1119,1058,1058,1080,1080,966,966,980,980,861,861,1008,1008,1021,1021,988,988,1080,1080,1096,1096,421,421,249,249,150,150,110,110,68,68,,,,,,,,,,,,,,,,,,,,,,,,,,,,,,,,,,,,,,,,,,,,,,,,
tran_59fdf223-5f01-42bd-85df-70ffb370bac7,4400,tran_6d34e3b9-6e12-44f5-bd0d-786627fa362c,tran_c68b3b4d-cb43-40d5-b7d4-5e4f5a359f62,,0,44,44,45,45,32,32,34,34,40,40,44,44,122,122,967,967,1118,1118,1048,1048,1018,1018,940,940,881,881,886,886,916,916,935,935,947,947,1007,1007,945,945,387,387,243,243,159,159,116,116,62,62,,,,,,,,,,,,,,,,,,,,,,,,,,,,,,,,,,,,,,,,,,,,,,,,
tran_5a0bd2f7-58eb-4bfb-986b-199cb1f020fe,4400,15619,tran_3be8f32d-26d9-4c1e-bc2c-5ebe6ea15c08,,0,44,44,45,45,32,32,34,34,40,40,44,44,122,122,967,967,1118,1118,1048,1048,1018,1018,940,940,881,881,886,886,916,916,935,935,947,947,1007,1007,945,945,387,387,243,243,159,159,116,116,62,62,,,,,,,,,,,,,,,,,,,,,,,,,,,,,,,,,,,,,,,,,,,,,,,,
tran_5a6015e3-a78f-4956-93b4-34cea23419eb,2750,18396,tran_9861565e-2d55-40b4-b4f2-13d9ad41b2a5,tran_f14bd693-f5c3-4314-b3a3-6e37a326d80b;17906,2,67,67,70,70,49,49,53,53,62,62,67,67,186,186,910,910,1134,1134,1023,1023,977,977,900,900,812,812,861,861,864,864,851,851,886,886,939,939,854,854,524,524,336,336,227,227,165,165,84,84,,,,,,,,,,,,,,,,,,,,,,,,,,,,,,,,,,,,,,,,,,,,,,,,
tran_5a75344d-8a91-49f2-945e-fd2c3bfaf8dc,4400,tran_52ba5c9e-ee6f-4bea-9f97-e2eb27482275,tran_779c38bc-7cf9-42d4-8708-d9269ca1d818,,0,44,44,45,45,32,32,34,34,40,40,44,44,122,122,967,967,1118,1118,1048,1048,1018,1018,940,940,881,881,886,886,916,916,935,935,947,947,1007,1007,945,945,387,387,243,243,159,159,116,116,62,62,,,,,,,,,,,,,,,,,,,,,,,,,,,,,,,,,,,,,,,,,,,,,,,,
tran_5aabffa5-aa77-4e95-be28-434a7bd63301,4400,tran_727710b8-80e0-4524-ba1b-beed37f12d24,,,0,44,44,45,45,32,32,34,34,40,40,44,44,122,122,967,967,1118,1118,1048,1048,1018,1018,940,940,881,881,886,886,916,916,935,935,947,947,1007,1007,945,945,387,387,243,243,159,159,116,116,62,62,,,,,,,,,,,,,,,,,,,,,,,,,,,,,,,,,,,,,,,,,,,,,,,,
tran_5ad6053e-6ba2-470a-a32d-e5aa65625ef8,300,tran_7305f975-b256-4a7b-ab74-d63418ec32b3,tran_201741bf-570e-435a-be1b-2facfd60c249,tran_59e33976-4a28-495a-b57c-4f0cd171be40,1,44,44,45,45,32,32,34,34,40,40,44,44,122,122,967,967,1118,1118,1048,1048,1018,1018,940,940,881,881,886,886,916,916,935,935,947,947,1007,1007,945,945,387,387,243,243,159,159,116,116,62,62,,,,,,,,,,,,,,,,,,,,,,,,,,,,,,,,,,,,,,,,,,,,,,,,
tran_5b10d3ae-d4c7-4775-a0ae-df3c078d8579,4400,tran_e31684ae-95d4-42eb-b3fa-a8fc3c97ffcf,tran_a8262081-82a4-48ac-8e69-d4f58346102d,,0,44,44,45,45,32,32,34,34,40,40,44,44,122,122,967,967,1118,1118,1048,1048,1018,1018,940,940,881,881,886,886,916,916,935,935,947,947,1007,1007,945,945,387,387,243,243,159,159,116,116,62,62,,,,,,,,,,,,,,,,,,,,,,,,,,,,,,,,,,,,,,,,,,,,,,,,
tran_5b1213a7-b4d2-42a4-9d46-09c5cc51a069,1200,tran_4dcf1d32-5e03-466e-9344-2c998d274140,tran_f18e94ef-24ec-4405-8636-f3e8f924a512,tran_2dcb6a76-1eab-4ece-b7c6-7e1cd226bcee;tran_2ba0b527-93a4-4f0c-b0fa-d1225a33930b,2,44,44,45,45,32,32,34,34,40,40,44,44,122,122,967,967,1118,1118,1048,1048,1018,1018,940,940,881,881,886,886,916,916,935,935,947,947,1007,1007,945,945,387,387,243,243,159,159,116,116,62,62,,,,,,,,,,,,,,,,,,,,,,,,,,,,,,,,,,,,,,,,,,,,,,,,
tran_5b28a711-d701-4ed9-b5a6-b55360fad3e0,800,tran_011ca131-1e93-4a71-bf3d-365435c90433,tran_d3f88400-1631-4110-a420-ad916f2f6cfa,,0,44,44,45,45,32,32,34,34,40,40,44,44,122,122,967,967,1118,1118,1048,1048,1018,1018,940,940,881,881,886,886,916,916,935,935,947,947,1007,1007,945,945,387,387,243,243,159,159,116,116,62,62,,,,,,,,,,,,,,,,,,,,,,,,,,,,,,,,,,,,,,,,,,,,,,,,
tran_5b50f35a-edcc-4594-b87a-698232689988,550,,tran_53b8381f-d97e-4b33-bd76-388bcf144b88,,0,44,44,45,45,32,32,34,34,40,40,44,44,122,122,967,967,1118,1118,1048,1048,1018,1018,940,940,881,881,886,886,916,916,935,935,947,947,1007,1007,945,945,387,387,243,243,159,159,116,116,62,62,,,,,,,,,,,,,,,,,,,,,,,,,,,,,,,,,,,,,,,,,,,,,,,,
tran_5b5e5cdb-7d1d-4033-b7f0-a0ad5238ca07,3300,tran_4c47e439-7d58-43f2-80ac-44cc8d5fc2ae,tran_4981e249-d4a0-4b1c-bfcf-10742fdd84ac,tran_3540daed-7265-4457-805e-145dce7f06be;tran_8155b901-7adf-459b-8973-6136e83cd2da,2,44,44,45,45,32,32,34,34,40,40,44,44,122,122,967,967,1118,1118,1048,1048,1018,1018,940,940,881,881,886,886,916,916,935,935,947,947,1007,1007,945,945,387,387,243,243,159,159,116,116,62,62,,,,,,,,,,,,,,,,,,,,,,,,,,,,,,,,,,,,,,,,,,,,,,,,
tran_5bb0478a-ded6-4c53-a1f4-9076f02e6f1c,2500,tran_59cb4429-5b91-43a4-99f7-4dcad2049d16,tran_9d486e83-2f76-4cc0-ab00-d94940bd7e3e,tran_a1e06d60-9917-4d1c-ad24-1d412d206ed3;tran_1322f59d-e135-437b-ac35-2abae0f6c77a,2,44,44,45,45,32,32,34,34,40,40,44,44,122,122,967,967,1118,1118,1048,1048,1018,1018,940,940,881,881,886,886,916,916,935,935,947,947,1007,1007,945,945,387,387,243,243,159,159,116,116,62,62,,,,,,,,,,,,,,,,,,,,,,,,,,,,,,,,,,,,,,,,,,,,,,,,
tran_5bc234df-5e1d-4c50-9264-a1c4c1b88131,2750,4813,tran_95c115fc-82da-44c9-b5e9-d7784589721c,tran_c4e00101-186b-4015-8cb2-afb4ebf1faec;tran_08cbfbe2-964b-4cd6-bcb5-a528915b83a9,2,44,44,45,45,32,32,34,34,40,40,44,44,122,122,967,967,1118,1118,1048,1048,1018,1018,940,940,881,881,886,886,916,916,935,935,947,947,1007,1007,945,945,387,387,243,243,159,159,116,116,62,62,,,,,,,,,,,,,,,,,,,,,,,,,,,,,,,,,,,,,,,,,,,,,,,,
tran_5bce7171-830a-45f8-ab4e-9e4091344d18,4400,tran_94c8ac8d-9e28-458e-a8c4-f6ee5154f83d,tran_9a3c996b-e70f-40d6-a2ef-c3df5e5a13f9,,0,44,44,45,45,32,32,34,34,40,40,44,44,122,122,967,967,1118,1118,1048,1048,1018,1018,940,940,881,881,886,886,916,916,935,935,947,947,1007,1007,945,945,387,387,243,243,159,159,116,116,62,62,,,,,,,,,,,,,,,,,,,,,,,,,,,,,,,,,,,,,,,,,,,,,,,,
tran_5bcffe53-26b8-4794-8f83-15a7211afe80,4400,,tran_5ed6db48-b73f-4266-ae31-e865cb585d67,,0,44,44,45,45,32,32,34,34,40,40,44,44,122,122,967,967,1118,1118,1048,1048,1018,1018,940,940,881,881,886,886,916,916,935,935,947,947,1007,1007,945,945,387,387,243,243,159,159,116,116,62,62,,,,,,,,,,,,,,,,,,,,,,,,,,,,,,,,,,,,,,,,,,,,,,,,
tran_5c445de4-ae6f-4cb2-b0bd-f2a72bab78ff,4400,tran_3f3bb220-39ed-4837-bd98-d8b3a2400749,tran_5025a25e-175f-40cf-a3b0-5d7105635787,,0,44,44,45,45,32,32,34,34,40,40,44,44,122,122,967,967,1118,1118,1048,1048,1018,1018,940,940,881,881,886,886,916,916,935,935,947,947,1007,1007,945,945,387,387,243,243,159,159,116,116,62,62,,,,,,,,,,,,,,,,,,,,,,,,,,,,,,,,,,,,,,,,,,,,,,,,
tran_5c4fa3ac-3812-4aeb-85ae-6c863586e6aa,4400,tran_03e2e639-d5e7-4ea3-8410-30e8c5c241d1,tran_0c693629-6880-4ea5-b730-833824b37f88,,0,44,44,45,45,32,32,34,34,40,40,44,44,122,122,967,967,1118,1118,1048,1048,1018,1018,940,940,881,881,886,886,916,916,935,935,947,947,1007,1007,945,945,387,387,243,243,159,159,116,116,62,62,,,,,,,,,,,,,,,,,,,,,,,,,,,,,,,,,,,,,,,,,,,,,,,,
tran_5cc0b664-b9bb-4ab4-974b-95f70928976e,2500,tran_c8a35baa-289a-4bc0-823d-d6f7b22387eb,tran_776f9235-09b8-4c1b-98aa-e44b835ea3de,tran_90339b09-9700-459b-835c-41c749cce5ad;16928,2,44,44,45,45,32,32,34,34,40,40,44,44,122,122,967,967,1118,1118,1048,1048,1018,1018,940,940,881,881,886,886,916,916,935,935,947,947,1007,1007,945,945,387,387,243,243,159,159,116,116,62,62,,,,,,,,,,,,,,,,,,,,,,,,,,,,,,,,,,,,,,,,,,,,,,,,
tran_5ce2a66f-0d0c-49bf-b76e-9561a4fd07cc,2500,tran_a8262081-82a4-48ac-8e69-d4f58346102d,tran_bcf0d06c-09a8-4abb-a1f4-067e7ee065aa,,0,44,44,45,45,32,32,34,34,40,40,44,44,122,122,967,967,1118,1118,1048,1048,1018,1018,940,940,881,881,886,886,916,916,935,935,947,947,1007,1007,945,945,387,387,243,243,159,159,116,116,62,62,,,,,,,,,,,,,,,,,,,,,,,,,,,,,,,,,,,,,,,,,,,,,,,,
tran_5ce9da68-6c10-4072-841c-a84a2cbaa45b,3500,tran_a9d9ad94-6d4e-4b5b-828d-dc9f59ce0651,tran_4d1046bd-a5f5-498f-8924-601e80ed8085,tran_de462bb7-eb82-418a-ac47-326139745dec,1,44,44,45,45,32,32,34,34,40,40,44,44,122,122,967,967,1118,1118,1048,1048,1018,1018,940,940,881,881,886,886,916,916,935,935,947,947,1007,1007,945,945,387,387,243,243,159,159,116,116,62,62,,,,,,,,,,,,,,,,,,,,,,,,,,,,,,,,,,,,,,,,,,,,,,,,
tran_5cf99d11-a04d-4d84-8e98-9577809ded77,4400,tran_239ae957-b987-487d-9c96-0ed8d87c0fc9,tran_f6b05309-6891-443b-9e53-3c5d2d627ec4,,0,44,44,45,45,32,32,34,34,40,40,44,44,122,122,967,967,1118,1118,1048,1048,1018,1018,940,940,881,881,886,886,916,916,935,935,947,947,1007,1007,945,945,387,387,243,243,159,159,116,116,62,62,,,,,,,,,,,,,,,,,,,,,,,,,,,,,,,,,,,,,,,,,,,,,,,,
tran_5cfcd084-251a-4379-8170-813d1b879974,4400,tran_92e5864b-236c-4090-837c-b3dcb27a5096,tran_8cb6f434-9d01-4603-970c-ff27b252a827,,0,44,44,45,45,32,32,34,34,40,40,44,44,122,122,967,967,1118,1118,1048,1048,1018,1018,940,940,881,881,886,886,916,916,935,935,947,947,1007,1007,945,945,387,387,243,243,159,159,116,116,62,62,,,,,,,,,,,,,,,,,,,,,,,,,,,,,,,,,,,,,,,,,,,,,,,,
tran_5d13e120-f008-4fdb-b877-0e1190e15438,800,tran_b7c8b404-4c35-428b-8d42-3e866a933d82,tran_3a52f225-6b29-451c-8744-42ba309b49e5,,0,44,44,45,45,32,32,34,34,40,40,44,44,122,122,967,967,1118,1118,1048,1048,1018,1018,940,940,881,881,886,886,916,916,935,935,947,947,1007,1007,945,945,387,387,243,243,159,159,116,116,62,62,,,,,,,,,,,,,,,,,,,,,,,,,,,,,,,,,,,,,,,,,,,,,,,,
tran_5d1c763b-a19a-4863-bb17-a1fe87188873,4400,tran_e9da2025-37aa-4d64-be85-00ead90d3fc6,tran_e5c6f669-4fb8-4a67-b165-fcb60d980e3b,,0,44,44,45,45,32,32,34,34,40,40,44,44,122,122,967,967,1118,1118,1048,1048,1018,1018,940,940,881,881,886,886,916,916,935,935,947,947,1007,1007,945,945,387,387,243,243,159,159,116,116,62,62,,,,,,,,,,,,,,,,,,,,,,,,,,,,,,,,,,,,,,,,,,,,,,,,
tran_5d5f3046-f3e5-44ad-8d08-7144b81a5afa,4400,tran_19ea7f54-c5e1-4483-a53a-278c16d62bf8,tran_d5e8361e-5732-4eb6-bf22-17ef2acffa13,,0,44,44,45,45,32,32,34,34,40,40,44,44,122,122,967,967,1118,1118,1048,1048,1018,1018,940,940,881,881,886,886,916,916,935,935,947,947,1007,1007,945,945,387,387,243,243,159,159,116,116,62,62,,,,,,,,,,,,,,,,,,,,,,,,,,,,,,,,,,,,,,,,,,,,,,,,
tran_5d70f4dd-03e8-4f74-9001-587af0fc2290,4000,tran_cca3b061-6f6a-442a-b313-1aff58a97936,tran_37ce5314-f30f-40f8-bd3d-3b5b4c80771e,tran_4a5e9a59-da57-4194-93a9-b3fa038560ab;tran_4f2a6790-d907-4e51-9df9-991d89a5a291,2,44,44,45,45,32,32,34,34,40,40,44,44,122,122,967,967,1118,1118,1048,1048,1018,1018,940,940,881,881,886,886,916,916,935,935,947,947,1007,1007,945,945,387,387,243,243,159,159,116,116,62,62,,,,,,,,,,,,,,,,,,,,,,,,,,,,,,,,,,,,,,,,,,,,,,,,
tran_5d73fe31-707f-4480-a771-263e97179962,4400,tran_21572c71-13dc-46cf-8d24-4eeb35d6355f,tran_03ea36d0-5658-4307-9c4e-9de96a0008c7,,0,44,44,45,45,32,32,34,34,40,40,44,44,122,122,967,967,1118,1118,1048,1048,1018,1018,940,940,881,881,886,886,916,916,935,935,947,947,1007,1007,945,945,387,387,243,243,159,159,116,116,62,62,,,,,,,,,,,,,,,,,,,,,,,,,,,,,,,,,,,,,,,,,,,,,,,,
tran_5d8d9e40-def0-405c-b128-2209d30d8090,4400,tran_00e45579-aae3-41a8-a761-2ec856d36614,tran_e497ad12-3968-4c48-b3fb-0ade1f44886e,,0,44,44,45,45,32,32,34,34,40,40,44,44,122,122,967,967,1118,1118,1048,1048,1018,1018,940,940,881,881,886,886,916,916,935,935,947,947,1007,1007,945,945,387,387,243,243,159,159,116,116,62,62,,,,,,,,,,,,,,,,,,,,,,,,,,,,,,,,,,,,,,,,,,,,,,,,
tran_5e236e7b-2e46-4f2e-bc52-addf4aad35d6,4400,tran_c04a7817-2f08-49c3-a48f-e5a15bf0a9f9,tran_1eeee319-6e4d-4f68-b6f6-62c8bcb3e30f,,0,44,44,45,45,32,32,34,34,40,40,44,44,122,122,967,967,1118,1118,1048,1048,1018,1018,940,940,881,881,886,886,916,916,935,935,947,947,1007,1007,945,945,387,387,243,243,159,159,116,116,62,62,,,,,,,,,,,,,,,,,,,,,,,,,,,,,,,,,,,,,,,,,,,,,,,,
tran_5e5325d6-9056-4788-ba13-ed26c05b56b5,4400,tran_bb4c8bc2-22aa-4af7-bdac-fd4d28ad6684,tran_d687b5ee-d108-4216-9a5e-8a6bbd43f2a9,,0,44,44,45,45,32,32,34,34,40,40,44,44,122,122,967,967,1118,1118,1048,1048,1018,1018,940,940,881,881,886,886,916,916,935,935,947,947,1007,1007,945,945,387,387,243,243,159,159,116,116,62,62,,,,,,,,,,,,,,,,,,,,,,,,,,,,,,,,,,,,,,,,,,,,,,,,
tran_5ed6db48-b73f-4266-ae31-e865cb585d67,550,tran_5bcffe53-26b8-4794-8f83-15a7211afe80,tran_30ccbb78-b5e0-47ce-8d2e-1bdf81395bb1,tran_4b73e435-94ec-4593-bc41-bd862242c5e5,1,44,44,45,45,32,32,34,34,40,40,44,44,122,122,967,967,1118,1118,1048,1048,1018,1018,940,940,881,881,886,886,916,916,935,935,947,947,1007,1007,945,945,387,387,243,243,159,159,116,116,62,62,,,,,,,,,,,,,,,,,,,,,,,,,,,,,,,,,,,,,,,,,,,,,,,,
tran_5f1ad0bc-dd95-4c31-92d1-121e1cecc0ac,2200,tran_49ab6962-96c3-4f44-95fc-963fcd9d74e1,tran_9861565e-2d55-40b4-b4f2-13d9ad41b2a5,tran_1d51e0e0-d35f-4c99-a4b4-536e03fc1fbc;tran_9e3666f2-bb27-4156-a56f-e1e04de9b472,2,44,44,45,45,32,32,34,34,40,40,44,44,122,122,967,967,1118,1118,1048,1048,1018,1018,940,940,881,881,886,886,916,916,935,935,947,947,1007,1007,945,945,387,387,243,243,159,159,116,116,62,62,,,,,,,,,,,,,,,,,,,,,,,,,,,,,,,,,,,,,,,,,,,,,,,,
tran_5f465b1c-031a-4eb3-b980-41a956cbc5fb,4400,tran_4dcf1d32-5e03-466e-9344-2c998d274140,tran_2cbde0f2-3622-47fd-8a63-f60f8191f52a,tran_358fe247-07d6-4633-9e71-6affe3b318aa;tran_b9ede55d-fc8d-46eb-aaa9-ff60f830f2df,2,44,44,45,45,32,32,34,34,40,40,44,44,122,122,967,967,1118,1118,1048,1048,1018,1018,940,940,881,881,886,886,916,916,935,935,947,947,1007,1007,945,945,387,387,243,243,159,159,116,116,62,62,,,,,,,,,,,,,,,,,,,,,,,,,,,,,,,,,,,,,,,,,,,,,,,,
tran_5f48df3a-6d2d-450a-b881-e4e90dc19371,3000,tran_c2d53e2b-8bcf-4f2e-b242-351da1421fe5,tran_944b1c4d-f844-4432-87b6-bae46537631c,,0,44,44,45,45,32,32,34,34,40,40,44,44,122,122,967,967,1118,1118,1048,1048,1018,1018,940,940,881,881,886,886,916,916,935,935,947,947,1007,1007,945,945,387,387,243,243,159,159,116,116,62,62,,,,,,,,,,,,,,,,,,,,,,,,,,,,,,,,,,,,,,,,,,,,,,,,
tran_5f4f5186-5c56-46f6-998c-c549799ea501,4400,tran_0633e21a-a2a0-416c-830e-3aa7b20b4eed,tran_3057ba66-3781-483e-ab86-846893e11339,,0,44,44,45,45,32,32,34,34,40,40,44,44,122,122,967,967,1118,1118,1048,1048,1018,1018,940,940,881,881,886,886,916,916,935,935,947,947,1007,1007,945,945,387,387,243,243,159,159,116,116,62,62,,,,,,,,,,,,,,,,,,,,,,,,,,,,,,,,,,,,,,,,,,,,,,,,
tran_5f577755-00bd-45d2-beec-9addc0d7c2df,1500,tran_b5383803-2275-45e4-ae69-9a18d488f083,tran_8254e3ac-cefc-4977-a908-03d021865705,tran_11911707-85a9-4511-9029-deb6a29b6d2c,1,44,44,45,45,32,32,34,34,40,40,44,44,122,122,967,967,1118,1118,1048,1048,1018,1018,940,940,881,881,886,886,916,916,935,935,947,947,1007,1007,945,945,387,387,243,243,159,159,116,116,62,62,,,,,,,,,,,,,,,,,,,,,,,,,,,,,,,,,,,,,,,,,,,,,,,,
tran_5f639000-304a-4e33-9be1-b3a15e95bdcd,800,tran_3186f308-1d36-430b-a878-2e7b32b77311,tran_0a21935c-8a41-4d0d-b33c-5434ece49a6c,,0,44,44,45,45,32,32,34,34,40,40,44,44,122,122,967,967,1118,1118,1048,1048,1018,1018,940,940,881,881,886,886,916,916,935,935,947,947,1007,1007,945,945,387,387,243,243,159,159,116,116,62,62,,,,,,,,,,,,,,,,,,,,,,,,,,,,,,,,,,,,,,,,,,,,,,,,
tran_5fa0c625-0769-4574-933a-a056f79bee00,1500,tran_9cb5cb5f-3a36-43b9-8117-e24df81a0fe0,tran_271f37e1-d917-4fb0-89ad-4bfd2754f892,,0,67,67,70,70,49,49,53,53,62,62,67,67,186,186,910,910,1134,1134,1023,1023,977,977,900,900,812,812,861,861,864,864,851,851,886,886,939,939,854,854,524,524,336,336,227,227,165,165,84,84,,,,,,,,,,,,,,,,,,,,,,,,,,,,,,,,,,,,,,,,,,,,,,,,
tran_5fdaacd9-12f0-453a-8063-fa4edd822f82,1200,tran_0770447b-c5a4-40cf-b34d-157cb6509c43,tran_398faa5d-6229-45a7-87ef-8cf213461e2e,tran_ca86702f-3cd6-45fd-95d7-a311115c5bfa,1,44,44,45,45,32,32,34,34,40,40,44,44,122,122,967,967,1118,1118,1048,1048,1018,1018,940,940,881,881,886,886,916,916,935,935,947,947,1007,1007,945,945,387,387,243,243,159,159,116,116,62,62,,,,,,,,,,,,,,,,,,,,,,,,,,,,,,,,,,,,,,,,,,,,,,,,
tran_6040224e-d680-41bb-b262-d686033cf508,2000,tran_1bae704f-de9f-4ae8-af5a-38f92244cf6c,tran_22a54e65-fcef-4112-a14f-7c944e2cb6a6,tran_489920f0-32cb-4866-bc29-766e915bca6f,1,44,44,45,45,32,32,34,34,40,40,44,44,122,122,967,967,1118,1118,1048,1048,1018,1018,940,940,881,881,886,886,916,916,935,935,947,947,1007,1007,945,945,387,387,243,243,159,159,116,116,62,62,,,,,,,,,,,,,,,,,,,,,,,,,,,,,,,,,,,,,,,,,,,,,,,,
tran_6096b62d-111c-4902-85e3-1ce60b31ed21,4400,tran_3aafe1bb-cd1d-400b-a21c-457b92b0ad8f,tran_d7254953-e7e1-46ee-9430-be59206409eb,,0,44,44,45,45,32,32,34,34,40,40,44,44,122,122,967,967,1118,1118,1048,1048,1018,1018,940,940,881,881,886,886,916,916,935,935,947,947,1007,1007,945,945,387,387,243,243,159,159,116,116,62,62,,,,,,,,,,,,,,,,,,,,,,,,,,,,,,,,,,,,,,,,,,,,,,,,
tran_60d7ab2b-ee32-4464-8dd0-ff11f8d3d767,1600,tran_bd5a4ae6-b6db-4e1c-8972-5adb63fba49f,tran_9a3c996b-e70f-40d6-a2ef-c3df5e5a13f9,,0,44,44,45,45,32,32,34,34,40,40,44,44,122,122,967,967,1118,1118,1048,1048,1018,1018,940,940,881,881,886,886,916,916,935,935,947,947,1007,1007,945,945,387,387,243,243,159,159,116,116,62,62,,,,,,,,,,,,,,,,,,,,,,,,,,,,,,,,,,,,,,,,,,,,,,,,
tran_61165176-7faf-4c6f-aaa2-82f78c7688d5,4400,tran_7eabd9ef-0adc-42bc-bf2f-3c72c6709f75,tran_abdcfebb-262c-48c5-ad7a-67b495d512d5,,0,44,44,45,45,32,32,34,34,40,40,44,44,122,122,967,967,1118,1118,1048,1048,1018,1018,940,940,881,881,886,886,916,916,935,935,947,947,1007,1007,945,945,387,387,243,243,159,159,116,116,62,62,,,,,,,,,,,,,,,,,,,,,,,,,,,,,,,,,,,,,,,,,,,,,,,,
tran_612cf644-984a-4591-8567-9e7d65540ed8,3500,tran_1d661778-ddbf-417b-b42a-585f5d6920cf,tran_667a00b9-fcf2-400b-94b9-c05fae97e020,,0,44,44,45,45,32,32,34,34,40,40,44,44,122,122,967,967,1118,1118,1048,1048,1018,1018,940,940,881,881,886,886,916,916,935,935,947,947,1007,1007,945,945,387,387,243,243,159,159,116,116,62,62,,,,,,,,,,,,,,,,,,,,,,,,,,,,,,,,,,,,,,,,,,,,,,,,
tran_615d7298-990d-4dc6-8761-bd52e6ef7248,3000,3757,16746,,0,44,44,45,45,32,32,34,34,40,40,44,44,122,122,967,967,1118,1118,1048,1048,1018,1018,940,940,881,881,886,886,916,916,935,935,947,947,1007,1007,945,945,387,387,243,243,159,159,116,116,62,62,,,,,,,,,,,,,,,,,,,,,,,,,,,,,,,,,,,,,,,,,,,,,,,,
tran_615dd296-c08c-4c52-9469-07088c839477,1000,tran_b26d42d7-c910-4d7f-8cc8-5bb9d9eeedf3,tran_672ddca0-d141-4984-9311-8e1f0988b407,tran_b5fc653f-36ff-445a-b699-49203460d636;tran_c3df285e-d495-48d1-aae6-b8d58d4a3c2c,2,44,44,45,45,32,32,34,34,40,40,44,44,122,122,967,967,1118,1118,1048,1048,1018,1018,940,940,881,881,886,886,916,916,935,935,947,947,1007,1007,945,945,387,387,243,243,159,159,116,116,62,62,,,,,,,,,,,,,,,,,,,,,,,,,,,,,,,,,,,,,,,,,,,,,,,,
tran_61a0111f-f91c-4d31-8789-0da4d470abc6,800,tran_6f3a4ee8-8bf6-455e-be00-341267b77e55,tran_68c6b4fa-33fb-4efe-b480-8a0950dc15ca,,0,44,44,45,45,32,32,34,34,40,40,44,44,122,122,967,967,1118,1118,1048,1048,1018,1018,940,940,881,881,886,886,916,916,935,935,947,947,1007,1007,945,945,387,387,243,243,159,159,116,116,62,62,,,,,,,,,,,,,,,,,,,,,,,,,,,,,,,,,,,,,,,,,,,,,,,,
tran_61a7064d-2651-4f78-a09c-bdb5fa42c95c,3000,tran_e1d10cab-2ca2-4d6c-89df-46782bd6d436,tran_5025a25e-175f-40cf-a3b0-5d7105635787,tran_8f335b15-a3e4-49fc-bb1f-97473cad4705;tran_9b190af6-f4ba-4e88-8711-acb5264e84f8,2,44,44,45,45,32,32,34,34,40,40,44,44,122,122,967,967,1118,1118,1048,1048,1018,1018,940,940,881,881,886,886,916,916,935,935,947,947,1007,1007,945,945,387,387,243,243,159,159,116,116,62,62,,,,,,,,,,,,,,,,,,,,,,,,,,,,,,,,,,,,,,,,,,,,,,,,
tran_61f9effd-170d-4aff-ab90-2d067b518f62,2500,tran_8e9fbe8c-f6f6-406a-b56c-267234fdfcdf,tran_36aa591e-3d9e-425c-82f3-c73bf69a281b,tran_508beb1d-c175-40c9-af6b-cdca4ed5bf2e,1,44,44,45,45,32,32,34,34,40,40,44,44,122,122,967,967,1118,1118,1048,1048,1018,1018,940,940,881,881,886,886,916,916,935,935,947,947,1007,1007,945,945,387,387,243,243,159,159,116,116,62,62,,,,,,,,,,,,,,,,,,,,,,,,,,,,,,,,,,,,,,,,,,,,,,,,
tran_62376046-9615-45f1-897b-1cf65b0fa67f,4400,tran_73fabe54-293e-4bb9-9df5-ba5e9af641db,tran_437f134e-1baf-4113-9b74-ff15524a638f,,0,44,44,45,45,32,32,34,34,40,40,44,44,122,122,967,967,1118,1118,1048,1048,1018,1018,940,940,881,881,886,886,916,916,935,935,947,947,1007,1007,945,945,387,387,243,243,159,159,116,116,62,62,,,,,,,,,,,,,,,,,,,,,,,,,,,,,,,,,,,,,,,,,,,,,,,,
tran_62ba248b-eec5-4f72-a256-cd1fe1f78f0d,3850,tran_c7285a38-e547-4ef6-9533-3877b9635630,tran_eea80eb8-6a3f-460c-a510-eec0ac2a04d7,tran_e854f952-dcd3-4500-b6cc-74cd946518e8,1,44,44,45,45,32,32,34,34,40,40,44,44,122,122,967,967,1118,1118,1048,1048,1018,1018,940,940,881,881,886,886,916,916,935,935,947,947,1007,1007,945,945,387,387,243,243,159,159,116,116,62,62,,,,,,,,,,,,,,,,,,,,,,,,,,,,,,,,,,,,,,,,,,,,,,,,
tran_62c5c362-32fa-4813-92c0-aa65e0fca405,3000,tran_c588e594-5f92-4d3e-9a77-7b7c3364617b,tran_34c1ed87-59fa-44bb-a768-aff30487206c,tran_7b40d179-1459-4528-803e-5c95433b533d;tran_4336801e-5e3a-4cfe-91d9-16d38fbe664c,2,44,44,45,45,32,32,34,34,40,40,44,44,122,122,967,967,1118,1118,1048,1048,1018,1018,940,940,881,881,886,886,916,916,935,935,947,947,1007,1007,945,945,387,387,243,243,159,159,116,116,62,62,,,,,,,,,,,,,,,,,,,,,,,,,,,,,,,,,,,,,,,,,,,,,,,,
tran_634a2043-5bc1-402d-aa17-a751cdb4cf06,1500,tran_dea3f7dc-fd78-4779-b3f6-467c81117e4e,tran_8d381d29-3a55-41fc-bcc2-8da01bba1666,tran_ea4e89a2-011f-4b89-a4b5-b903dd3538c9,1,44,44,45,45,32,32,34,34,40,40,44,44,122,122,967,967,1118,1118,1048,1048,1018,1018,940,940,881,881,886,886,916,916,935,935,947,947,1007,1007,945,945,387,387,243,243,159,159,116,116,62,62,,,,,,,,,,,,,,,,,,,,,,,,,,,,,,,,,,,,,,,,,,,,,,,,
tran_63583b33-6f83-49b9-a36d-4e6d5a2b746f,4400,tran_c8ae8308-cbc1-498f-be3f-0b2733ace917,tran_db02be35-d06e-4e7f-85de-73341cc07111,,0,44,44,45,45,32,32,34,34,40,40,44,44,122,122,967,967,1118,1118,1048,1048,1018,1018,940,940,881,881,886,886,916,916,935,935,947,947,1007,1007,945,945,387,387,243,243,159,159,116,116,62,62,,,,,,,,,,,,,,,,,,,,,,,,,,,,,,,,,,,,,,,,,,,,,,,,
tran_6359bda5-4ca6-49c7-998a-c2475e291498,3500,tran_0823c138-098f-4fda-aa8b-ad0294e02dbd,tran_ea832e5a-513a-4d98-ba0d-452f0c56ebf6,,0,44,44,45,45,32,32,34,34,40,40,44,44,122,122,967,967,1118,1118,1048,1048,1018,1018,940,940,881,881,886,886,916,916,935,935,947,947,1007,1007,945,945,387,387,243,243,159,159,116,116,62,62,,,,,,,,,,,,,,,,,,,,,,,,,,,,,,,,,,,,,,,,,,,,,,,,
tran_635e719c-73cc-4815-9ec2-755703ca2e22,400,tran_789798c1-c443-4506-b625-f1c5302617f5,tran_546699b5-4c79-4ed9-9700-bc90a66668eb,,0,44,44,45,45,32,32,34,34,40,40,44,44,122,122,967,967,1118,1118,1048,1048,1018,1018,940,940,881,881,886,886,916,916,935,935,947,947,1007,1007,945,945,387,387,243,243,159,159,116,116,62,62,,,,,,,,,,,,,,,,,,,,,,,,,,,,,,,,,,,,,,,,,,,,,,,,
tran_63765e8b-c8de-4204-b2e1-00baaf43d232,1200,tran_c0d55c92-3818-4ddb-ada0-10f5ebe0034d,tran_7303a7dd-22fd-49de-8db7-d9d997d9fdbe,,0,44,44,45,45,32,32,34,34,40,40,44,44,122,122,967,967,1118,1118,1048,1048,1018,1018,940,940,881,881,886,886,916,916,935,935,947,947,1007,1007,945,945,387,387,243,243,159,159,116,116,62,62,,,,,,,,,,,,,,,,,,,,,,,,,,,,,,,,,,,,,,,,,,,,,,,,
tran_63e44f37-a73a-4dc0-9f5c-7ecf0cebb05a,4400,tran_fd1ac63c-6311-4bdd-8fdf-0682cf34eede,tran_baf2c390-5740-4907-b7bd-d727f06f74fb,,0,44,44,45,45,32,32,34,34,40,40,44,44,122,122,967,967,1118,1118,1048,1048,1018,1018,940,940,881,881,886,886,916,916,935,935,947,947,1007,1007,945,945,387,387,243,243,159,159,116,116,62,62,,,,,,,,,,,,,,,,,,,,,,,,,,,,,,,,,,,,,,,,,,,,,,,,
tran_641537b3-2012-4ec1-9560-98e3d5781199,4400,tran_3bdebd1d-16cc-4908-9849-27908e86deba,tran_7e112a6b-1119-4936-a35d-fb8ae3239925,,0,44,44,45,45,32,32,34,34,40,40,44,44,122,122,967,967,1118,1118,1048,1048,1018,1018,940,940,881,881,886,886,916,916,935,935,947,947,1007,1007,945,945,387,387,243,243,159,159,116,116,62,62,,,,,,,,,,,,,,,,,,,,,,,,,,,,,,,,,,,,,,,,,,,,,,,,
tran_6470640e-8907-429e-bd68-96b3f73baf43,3000,tran_b372075e-5de1-427b-9a0f-8405537986af,,tran_dfef8289-7548-4504-a870-7be639dcf0e8,1,44,44,45,45,32,32,34,34,40,40,44,44,122,122,967,967,1118,1118,1048,1048,1018,1018,940,940,881,881,886,886,916,916,935,935,947,947,1007,1007,945,945,387,387,243,243,159,159,116,116,62,62,,,,,,,,,,,,,,,,,,,,,,,,,,,,,,,,,,,,,,,,,,,,,,,,
tran_649bd22e-b90d-4f57-af0a-e14b8eaa43be,4400,11800,tran_d7ac487c-fea8-470a-9d93-08541074e85d,,0,44,44,45,45,32,32,34,34,40,40,44,44,122,122,967,967,1118,1118,1048,1048,1018,1018,940,940,881,881,886,886,916,916,935,935,947,947,1007,1007,945,945,387,387,243,243,159,159,116,116,62,62,,,,,,,,,,,,,,,,,,,,,,,,,,,,,,,,,,,,,,,,,,,,,,,,
tran_64c5c22f-9760-4e48-b4f6-79cac0e4aac5,4400,tran_c947cdef-aa38-47eb-976d-88fd67885634,tran_cfd63963-38c2-4085-9d4c-59aa25cb05f4,,0,44,44,45,45,32,32,34,34,40,40,44,44,122,122,967,967,1118,1118,1048,1048,1018,1018,940,940,881,881,886,886,916,916,935,935,947,947,1007,1007,945,945,387,387,243,243,159,159,116,116,62,62,,,,,,,,,,,,,,,,,,,,,,,,,,,,,,,,,,,,,,,,,,,,,,,,
tran_657480dc-29c6-4d96-aad1-610cb2a43512,4400,tran_6a05f57f-a7a5-4d41-bddc-08f7fce1ffac,tran_bd99a001-5217-4816-81f6-d4cab539ff25,,0,44,44,45,45,32,32,34,34,40,40,44,44,122,122,967,967,1118,1118,1048,1048,1018,1018,940,940,881,881,886,886,916,916,935,935,947,947,1007,1007,945,945,387,387,243,243,159,159,116,116,62,62,,,,,,,,,,,,,,,,,,,,,,,,,,,,,,,,,,,,,,,,,,,,,,,,
tran_65905f64-ff9f-48af-9649-4b3b9416ec07,4400,tran_a947af58-bdb2-47cc-a7b4-02f57ed395b9,,,0,44,44,45,45,32,32,34,34,40,40,44,44,122,122,967,967,1118,1118,1048,1048,1018,1018,940,940,881,881,886,886,916,916,935,935,947,947,1007,1007,945,945,387,387,243,243,159,159,116,116,62,62,,,,,,,,,,,,,,,,,,,,,,,,,,,,,,,,,,,,,,,,,,,,,,,,
tran_65d30646-e47f-4b48-b6ee-4edbec276766,500,tran_82a0777c-d8d4-4828-a6a1-4ba2d3cd80d9,tran_b447d9aa-5397-4059-863a-5ed1c177e321,tran_52b31f75-a784-4ad9-8c47-035dbdd24eee;tran_124ce716-406c-4a4e-80ce-7662046e4e5d,2,44,44,45,45,32,32,34,34,40,40,44,44,122,122,967,967,1118,1118,1048,1048,1018,1018,940,940,881,881,886,886,916,916,935,935,947,947,1007,1007,945,945,387,387,243,243,159,159,116,116,62,62,,,,,,,,,,,,,,,,,,,,,,,,,,,,,,,,,,,,,,,,,,,,,,,,
tran_65d3db63-fe2a-4046-9e2d-b8e53ed5f62a,4400,tran_eb61d2cf-ff67-4333-91f1-f04d79079322,tran_9a3c996b-e70f-40d6-a2ef-c3df5e5a13f9,,0,44,44,45,45,32,32,34,34,40,40,44,44,122,122,967,967,1118,1118,1048,1048,1018,1018,940,940,881,881,886,886,916,916,935,935,947,947,1007,1007,945,945,387,387,243,243,159,159,116,116,62,62,,,,,,,,,,,,,,,,,,,,,,,,,,,,,,,,,,,,,,,,,,,,,,,,
tran_6605e393-062e-4e95-8f64-a7a59af048c7,2750,,tran_188d9058-4f3c-4313-9cef-ea5a15fdf6c2,,0,44,44,45,45,32,32,34,34,40,40,44,44,122,122,967,967,1118,1118,1048,1048,1018,1018,940,940,881,881,886,886,916,916,935,935,947,947,1007,1007,945,945,387,387,243,243,159,159,116,116,62,62,,,,,,,,,,,,,,,,,,,,,,,,,,,,,,,,,,,,,,,,,,,,,,,,
tran_6624a802-a244-475d-b89d-19613c08084b,800,tran_b51f5447-ecb3-4a70-a626-95139a17fe2f,tran_720f9c15-93bb-4a89-ae32-425a8021a3b9,tran_4c5530e2-bf09-4dc7-85b0-29734738463c;tran_57ddb379-e6e1-41bb-b74f-0a65862bbe90,2,44,44,45,45,32,32,34,34,40,40,44,44,122,122,967,967,1118,1118,1048,1048,1018,1018,940,940,881,881,886,886,916,916,935,935,947,947,1007,1007,945,945,387,387,243,243,159,159,116,116,62,62,,,,,,,,,,,,,,,,,,,,,,,,,,,,,,,,,,,,,,,,,,,,,,,,
tran_6627f37a-ac2c-48ab-98e5-48f3a04a9e86,4400,tran_6a05f57f-a7a5-4d41-bddc-08f7fce1ffac,,,0,42,42,39,39,28,28,29,29,34,34,39,39,112,112,1343,1343,1424,1424,1347,1347,1375,1375,1229,1229,1247,1247,1096,1096,1282,1282,1299,1299,1257,1257,1375,1375,1394,1394,536,536,316,316,190,190,140,140,87,87,,,,,,,,,,,,,,,,,,,,,,,,,,,,,,,,,,,,,,,,,,,,,,,,
tran_667a00b9-fcf2-400b-94b9-c05fae97e020,1000,tran_78e1e141-114c-4e04-8243-751e9a8ee0d6,tran_1cdffc64-e532-4775-83c1-cd14745e8cce,tran_7659579b-f817-4a26-8152-be98e4023a93;tran_612cf644-984a-4591-8567-9e7d65540ed8,2,44,44,45,45,32,32,34,34,40,40,44,44,122,122,967,967,1118,1118,1048,1048,1018,1018,940,940,881,881,886,886,916,916,935,935,947,947,1007,1007,945,945,387,387,243,243,159,159,116,116,62,62,,,,,,,,,,,,,,,,,,,,,,,,,,,,,,,,,,,,,,,,,,,,,,,,
tran_6692113c-2233-409b-9025-ea1b3d7e7993,1100,tran_b0c7747f-b3a2-46cb-8308-5187ecdbded4,tran_c7a04ce2-3c56-4bf3-8c56-c58e2f58b911,,0,44,44,45,45,32,32,34,34,40,40,44,44,122,122,967,967,1118,1118,1048,1048,1018,1018,940,940,881,881,886,886,916,916,935,935,947,947,1007,1007,945,945,387,387,243,243,159,159,116,116,62,62,,,,,,,,,,,,,,,,,,,,,,,,,,,,,,,,,,,,,,,,,,,,,,,,
tran_66983bdd-3800-4f03-b3ff-60f6d39879bc,4400,tran_a44aca12-2d84-4605-8726-c4e95aa989e4,tran_e62d333c-0db7-4dd7-b2c9-2ff31d5c042f,,0,44,44,45,45,32,32,34,34,40,40,44,44,122,122,967,967,1118,1118,1048,1048,1018,1018,940,940,881,881,886,886,916,916,935,935,947,947,1007,1007,945,945,387,387,243,243,159,159,116,116,62,62,,,,,,,,,,,,,,,,,,,,,,,,,,,,,,,,,,,,,,,,,,,,,,,,
tran_66a731c9-14c4-4fb3-88f5-3c0965ab6844,2000,tran_6ba038e1-3d9f-497b-ac0a-24078c9b263b,tran_86fd0ad6-13bb-46a3-b52b-e179bb6dff5b,tran_b3ec9384-3574-4bfe-861c-a6f169ed1cdd,1,44,44,45,45,32,32,34,34,40,40,44,44,122,122,967,967,1118,1118,1048,1048,1018,1018,940,940,881,881,886,886,916,916,935,935,947,947,1007,1007,945,945,387,387,243,243,159,159,116,116,62,62,,,,,,,,,,,,,,,,,,,,,,,,,,,,,,,,,,,,,,,,,,,,,,,,
tran_6724ba88-faf7-4c85-bd03-79a2dfd64fd4,4400,tran_7bd15b1e-df23-44f0-9354-fd78a6305fa9,tran_e03ae19b-dd88-4347-acc2-d02e841ca6f1,,0,44,44,45,45,32,32,34,34,40,40,44,44,122,122,967,967,1118,1118,1048,1048,1018,1018,940,940,881,881,886,886,916,916,935,935,947,947,1007,1007,945,945,387,387,243,243,159,159,116,116,62,62,,,,,,,,,,,,,,,,,,,,,,,,,,,,,,,,,,,,,,,,,,,,,,,,
tran_672ddca0-d141-4984-9311-8e1f0988b407,2000,tran_eb61d2cf-ff67-4333-91f1-f04d79079322,tran_615dd296-c08c-4c52-9469-07088c839477,,0,44,44,45,45,32,32,34,34,40,40,44,44,122,122,967,967,1118,1118,1048,1048,1018,1018,940,940,881,881,886,886,916,916,935,935,947,947,1007,1007,945,945,387,387,243,243,159,159,116,116,62,62,,,,,,,,,,,,,,,,,,,,,,,,,,,,,,,,,,,,,,,,,,,,,,,,
tran_674f157e-9231-452a-a884-51a0eedcbcd8,1100,tran_46a413e2-cc4a-45e3-9a73-2d29b909c188,tran_930725af-d22a-4ce2-bc30-0e7cafdf22d6,tran_aa074d48-6c14-444e-9195-b93a1fcc31d4,1,44,44,45,45,32,32,34,34,40,40,44,44,122,122,967,967,1118,1118,1048,1048,1018,1018,940,940,881,881,886,886,916,916,935,935,947,947,1007,1007,945,945,387,387,243,243,159,159,116,116,62,62,,,,,,,,,,,,,,,,,,,,,,,,,,,,,,,,,,,,,,,,,,,,,,,,
tran_675a7983-82aa-4d8e-a00e-09929291b971,4400,tran_40ce49bf-db44-4280-86f7-cb70f343ee81,tran_ea29319d-4fdb-4060-a03d-c16ab7876ec9,tran_b9284977-b49b-4f49-9c1a-d046938c5b36,1,44,44,45,45,32,32,34,34,40,40,44,44,122,122,967,967,1118,1118,1048,1048,1018,1018,940,940,881,881,886,886,916,916,935,935,947,947,1007,1007,945,945,387,387,243,243,159,159,116,116,62,62,,,,,,,,,,,,,,,,,,,,,,,,,,,,,,,,,,,,,,,,,,,,,,,,
tran_675cf48d-de3f-41cd-8b3b-06f33310046f,4000,tran_090498a4-dceb-40e3-8354-db2f7248a7ef,tran_7d7889b0-f01b-458f-855e-29b481e812be,,0,44,44,45,45,32,32,34,34,40,40,44,44,122,122,967,967,1118,1118,1048,1048,1018,1018,940,940,881,881,886,886,916,916,935,935,947,947,1007,1007,945,945,387,387,243,243,159,159,116,116,62,62,,,,,,,,,,,,,,,,,,,,,,,,,,,,,,,,,,,,,,,,,,,,,,,,
tran_67960ad2-ff83-4518-901f-7413032342bc,4400,tran_c858b55d-b3fe-4479-a6b8-de97992d2a85,tran_2c4d96a8-bcc3-48aa-82e4-8201be9b6539,,0,44,44,45,45,32,32,34,34,40,40,44,44,122,122,967,967,1118,1118,1048,1048,1018,1018,940,940,881,881,886,886,916,916,935,935,947,947,1007,1007,945,945,387,387,243,243,159,159,116,116,62,62,,,,,,,,,,,,,,,,,,,,,,,,,,,,,,,,,,,,,,,,,,,,,,,,
tran_6819aeb4-fd7a-4910-8a4c-3584f71b5f83,4400,tran_22841a39-9022-40ae-86d2-38a4b781fa71,tran_3cc4d24a-9d62-418d-9830-c5c121629515,,0,44,44,45,45,32,32,34,34,40,40,44,44,122,122,967,967,1118,1118,1048,1048,1018,1018,940,940,881,881,886,886,916,916,935,935,947,947,1007,1007,945,945,387,387,243,243,159,159,116,116,62,62,,,,,,,,,,,,,,,,,,,,,,,,,,,,,,,,,,,,,,,,,,,,,,,,
tran_688513a0-336a-42d6-aef8-037526b11f0d,1100,18091,tran_2c6c0108-b1de-4711-a32c-97ac3a5cca65,tran_b654ba5e-b257-4cd1-ad08-3cb9838b0001,1,44,44,45,45,32,32,34,34,40,40,44,44,122,122,967,967,1118,1118,1048,1048,1018,1018,940,940,881,881,886,886,916,916,935,935,947,947,1007,1007,945,945,387,387,243,243,159,159,116,116,62,62,,,,,,,,,,,,,,,,,,,,,,,,,,,,,,,,,,,,,,,,,,,,,,,,
tran_68866ad8-7bdc-4a75-9ed2-f4dbd2b3822e,4400,tran_2455b779-8916-4139-b205-0c839c607966,tran_579c984e-939f-4553-9497-2a78c7762e33,tran_cda96ca2-6d7f-42d5-91df-91159e246b1f,1,44,44,45,45,32,32,34,34,40,40,44,44,122,122,967,967,1118,1118,1048,1048,1018,1018,940,940,881,881,886,886,916,916,935,935,947,947,1007,1007,945,945,387,387,243,243,159,159,116,116,62,62,,,,,,,,,,,,,,,,,,,,,,,,,,,,,,,,,,,,,,,,,,,,,,,,
tran_68c6b4fa-33fb-4efe-b480-8a0950dc15ca,300,tran_61a0111f-f91c-4d31-8789-0da4d470abc6,tran_04f708a9-557f-4ba0-99f2-3abeafc22ce8,tran_7785030a-0a8f-407e-a88e-495c51b5985f,1,44,44,45,45,32,32,34,34,40,40,44,44,122,122,967,967,1118,1118,1048,1048,1018,1018,940,940,881,881,886,886,916,916,935,935,947,947,1007,1007,945,945,387,387,243,243,159,159,116,116,62,62,,,,,,,,,,,,,,,,,,,,,,,,,,,,,,,,,,,,,,,,,,,,,,,,
tran_68dc8307-ec6e-4154-a3a8-9a6718ee9996,4400,tran_c903433a-9d13-49dc-bf8d-3766eb4217b0,tran_17337e39-f04d-43fe-96e0-6ebba9dfbc8f,,0,44,44,45,45,32,32,34,34,40,40,44,44,122,122,967,967,1118,1118,1048,1048,1018,1018,940,940,881,881,886,886,916,916,935,935,947,947,1007,1007,945,945,387,387,243,243,159,159,116,116,62,62,,,,,,,,,,,,,,,,,,,,,,,,,,,,,,,,,,,,,,,,,,,,,,,,
tran_69ed06e6-e266-4a7a-a81c-fc269fd5df22,4400,tran_444b0fef-a7d5-4f05-9ac7-0f10150b64f1,tran_9aade559-8aac-4c4f-a806-31ac0246a5cc,,0,44,44,45,45,32,32,34,34,40,40,44,44,122,122,967,967,1118,1118,1048,1048,1018,1018,940,940,881,881,886,886,916,916,935,935,947,947,1007,1007,945,945,387,387,243,243,159,159,116,116,62,62,,,,,,,,,,,,,,,,,,,,,,,,,,,,,,,,,,,,,,,,,,,,,,,,
tran_6a05f57f-a7a5-4d41-bddc-08f7fce1ffac,400,tran_1c3376be-c050-45be-be9f-4f85e9669ff8,tran_6627f37a-ac2c-48ab-98e5-48f3a04a9e86,tran_657480dc-29c6-4d96-aad1-610cb2a43512,1,44,44,45,45,32,32,34,34,40,40,44,44,122,122,967,967,1118,1118,1048,1048,1018,1018,940,940,881,881,886,886,916,916,935,935,947,947,1007,1007,945,945,387,387,243,243,159,159,116,116,62,62,,,,,,,,,,,,,,,,,,,,,,,,,,,,,,,,,,,,,,,,,,,,,,,,
tran_6a679ba2-7355-498e-8159-865b70cdf1f3,1200,tran_7357d45b-8b47-474e-b9ee-443678f7597b,tran_298f314c-2e35-4793-9a0b-e7ca4619d54c,,0,44,44,45,45,32,32,34,34,40,40,44,44,122,122,967,967,1118,1118,1048,1048,1018,1018,940,940,881,881,886,886,916,916,935,935,947,947,1007,1007,945,945,387,387,243,243,159,159,116,116,62,62,,,,,,,,,,,,,,,,,,,,,,,,,,,,,,,,,,,,,,,,,,,,,,,,
tran_6a7e6065-9942-4992-8996-2244c2f91122,4400,tran_39f1cbb3-cd6b-46ec-bad7-679e0cfdcfb9,tran_21572c71-13dc-46cf-8d24-4eeb35d6355f,,0,44,44,45,45,32,32,34,34,40,40,44,44,122,122,967,967,1118,1118,1048,1048,1018,1018,940,940,881,881,886,886,916,916,935,935,947,947,1007,1007,945,945,387,387,243,243,159,159,116,116,62,62,,,,,,,,,,,,,,,,,,,,,,,,,,,,,,,,,,,,,,,,,,,,,,,,
tran_6b1e1bc3-4a4c-4901-8ff3-4e9e5f83d1b5,4400,tran_76ae3169-1645-4d1d-a184-3dcabd8a0a0b,tran_1901f66b-2003-468a-aad2-69bcf1b3b5b4,,0,44,44,45,45,32,32,34,34,40,40,44,44,122,122,967,967,1118,1118,1048,1048,1018,1018,940,940,881,881,886,886,916,916,935,935,947,947,1007,1007,945,945,387,387,243,243,159,159,116,116,62,62,,,,,,,,,,,,,,,,,,,,,,,,,,,,,,,,,,,,,,,,,,,,,,,,
tran_6ba038e1-3d9f-497b-ac0a-24078c9b263b,1600,tran_66a731c9-14c4-4fb3-88f5-3c0965ab6844,,tran_210f17ab-bc82-4e68-98da-70ea2d590b45;tran_b3ec9384-3574-4bfe-861c-a6f169ed1cdd,2,44,44,45,45,32,32,34,34,40,40,44,44,122,122,967,967,1118,1118,1048,1048,1018,1018,940,940,881,881,886,886,916,916,935,935,947,947,1007,1007,945,945,387,387,243,243,159,159,116,116,62,62,,,,,,,,,,,,,,,,,,,,,,,,,,,,,,,,,,,,,,,,,,,,,,,,
tran_6c5a230a-111b-4a37-9337-bc97f216d701,4400,tran_7dba5f86-f6b5-4ad0-991c-c082071d07f2,tran_458b3f21-f4cb-459c-9145-f71050c053fb,,0,44,44,45,45,32,32,34,34,40,40,44,44,122,122,967,967,1118,1118,1048,1048,1018,1018,940,940,881,881,886,886,916,916,935,935,947,947,1007,1007,945,945,387,387,243,243,159,159,116,116,62,62,,,,,,,,,,,,,,,,,,,,,,,,,,,,,,,,,,,,,,,,,,,,,,,,
tran_6c88a0da-c5a7-461e-8698-c9b73a41efaa,2000,tran_b96c7ebd-25c8-450d-8bc5-eff588cc2961,tran_d77d65ef-f50d-4d47-9d45-30d726733f64,tran_e3ee56fb-a114-42e2-9dae-31dae14ddfb7,1,44,44,45,45,32,32,34,34,40,40,44,44,122,122,967,967,1118,1118,1048,1048,1018,1018,940,940,881,881,886,886,916,916,935,935,947,947,1007,1007,945,945,387,387,243,243,159,159,116,116,62,62,,,,,,,,,,,,,,,,,,,,,,,,,,,,,,,,,,,,,,,,,,,,,,,,
tran_6c898dd9-8d26-44f2-9d2d-3e54fdaa0017,300,tran_2cbde0f2-3622-47fd-8a63-f60f8191f52a,tran_bd8ae8ad-1ecb-4133-b606-eef6d3c9e190,tran_7fb98cc5-12a0-46d8-b512-659bbf4b7fe6,1,44,44,45,45,32,32,34,34,40,40,44,44,122,122,967,967,1118,1118,1048,1048,1018,1018,940,940,881,881,886,886,916,916,935,935,947,947,1007,1007,945,945,387,387,243,243,159,159,116,116,62,62,,,,,,,,,,,,,,,,,,,,,,,,,,,,,,,,,,,,,,,,,,,,,,,,
tran_6ce0285b-daa2-4f7d-9f65-e627cc1a6585,1600,,tran_eef4dfe9-91e4-4318-b859-a8496d869bef,,0,44,44,45,45,32,32,34,34,40,40,44,44,122,122,967,967,1118,1118,1048,1048,1018,1018,940,940,881,881,886,886,916,916,935,935,947,947,1007,1007,945,945,387,387,243,243,159,159,116,116,62,62,,,,,,,,,,,,,,,,,,,,,,,,,,,,,,,,,,,,,,,,,,,,,,,,
tran_6cf6c6f8-433d-4ed9-a6f1-a657cb3ec644,1200,tran_b249ef4d-7a53-4c04-9441-415dd3d23d39,tran_0fc5cc2d-ca7f-49d5-a121-e84401448785,tran_c3498a47-3054-42f2-9e1f-1c2b9c1963c3;tran_1a62b2ef-df27-4969-b620-0dd471ba8507,2,44,44,45,45,32,32,34,34,40,40,44,44,122,122,967,967,1118,1118,1048,1048,1018,1018,940,940,881,881,886,886,916,916,935,935,947,947,1007,1007,945,945,387,387,243,243,159,159,116,116,62,62,,,,,,,,,,,,,,,,,,,,,,,,,,,,,,,,,,,,,,,,,,,,,,,,
tran_6d34e3b9-6e12-44f5-bd0d-786627fa362c,3500,tran_d687b5ee-d108-4216-9a5e-8a6bbd43f2a9,tran_e1d10cab-2ca2-4d6c-89df-46782bd6d436,tran_2be81680-ad20-4ffe-aea1-242e1cf2d9f1;tran_59fdf223-5f01-42bd-85df-70ffb370bac7,2,44,44,45,45,32,32,34,34,40,40,44,44,122,122,967,967,1118,1118,1048,1048,1018,1018,940,940,881,881,886,886,916,916,935,935,947,947,1007,1007,945,945,387,387,243,243,159,159,116,116,62,62,,,,,,,,,,,,,,,,,,,,,,,,,,,,,,,,,,,,,,,,,,,,,,,,
tran_6d4db2aa-71c7-41f4-8c5a-02dd2c8dd19d,800,tran_12ebfcd1-7f55-4860-b86d-926ca1c87ef6,tran_b7f3bde2-47c7-4257-810e-a64a814f99a2,,0,44,44,45,45,32,32,34,34,40,40,44,44,122,122,967,967,1118,1118,1048,1048,1018,1018,940,940,881,881,886,886,916,916,935,935,947,947,1007,1007,945,945,387,387,243,243,159,159,116,116,62,62,,,,,,,,,,,,,,,,,,,,,,,,,,,,,,,,,,,,,,,,,,,,,,,,
tran_6d8c0166-5a04-4f87-b736-f57dec0e3709,4400,tran_f1b607c3-0e60-48db-8cd8-9666a57dc888,tran_c2f89a48-5c2f-4217-b459-78941fc3923c,,0,44,44,45,45,32,32,34,34,40,40,44,44,122,122,967,967,1118,1118,1048,1048,1018,1018,940,940,881,881,886,886,916,916,935,935,947,947,1007,1007,945,945,387,387,243,243,159,159,116,116,62,62,,,,,,,,,,,,,,,,,,,,,,,,,,,,,,,,,,,,,,,,,,,,,,,,
tran_6d98246a-92cb-4c14-a866-a0d22fcbd992,4400,tran_c1f26def-b77d-4011-bc8f-95303e2972c3,tran_22841a39-9022-40ae-86d2-38a4b781fa71,,0,44,44,45,45,32,32,34,34,40,40,44,44,122,122,967,967,1118,1118,1048,1048,1018,1018,940,940,881,881,886,886,916,916,935,935,947,947,1007,1007,945,945,387,387,243,243,159,159,116,116,62,62,,,,,,,,,,,,,,,,,,,,,,,,,,,,,,,,,,,,,,,,,,,,,,,,
tran_6da331c4-b955-452d-9142-258e7d0b8a13,3000,tran_3ec7e852-4591-4f65-98ed-c3560ad94d4f,11320,,0,44,44,45,45,32,32,34,34,40,40,44,44,122,122,967,967,1118,1118,1048,1048,1018,1018,940,940,881,881,886,886,916,916,935,935,947,947,1007,1007,945,945,387,387,243,243,159,159,116,116,62,62,,,,,,,,,,,,,,,,,,,,,,,,,,,,,,,,,,,,,,,,,,,,,,,,
tran_6dfe9e87-d518-4090-9dfb-2c7e2544eaa0,2500,tran_811b824e-fa46-4818-821b-73beba710c7f,tran_73fabe54-293e-4bb9-9df5-ba5e9af641db,,0,67,67,70,70,49,49,53,53,62,62,67,67,186,186,910,910,1134,1134,1023,1023,977,977,900,900,812,812,861,861,864,864,851,851,886,886,939,939,854,854,524,524,336,336,227,227,165,165,84,84,,,,,,,,,,,,,,,,,,,,,,,,,,,,,,,,,,,,,,,,,,,,,,,,
tran_6e045a66-0d55-4270-bb78-7a317e646958,3000,tran_2bc8030e-b69d-44e0-9684-564ecf1c74d2,tran_321c84b0-6a48-4de0-ac3a-075911c9a11b,,0,44,44,45,45,32,32,34,34,40,40,44,44,122,122,967,967,1118,1118,1048,1048,1018,1018,940,940,881,881,886,886,916,916,935,935,947,947,1007,1007,945,945,387,387,243,243,159,159,116,116,62,62,,,,,,,,,,,,,,,,,,,,,,,,,,,,,,,,,,,,,,,,,,,,,,,,
tran_6e5311f6-bf07-4e4e-8f07-5f252121ea24,4400,tran_0851be4c-1b1e-489d-923c-c7eab58dc9a8,tran_31c16de5-7872-445f-8b41-4cc35467b6cb,,0,44,44,45,45,32,32,34,34,40,40,44,44,122,122,967,967,1118,1118,1048,1048,1018,1018,940,940,881,881,886,886,916,916,935,935,947,947,1007,1007,945,945,387,387,243,243,159,159,116,116,62,62,,,,,,,,,,,,,,,,,,,,,,,,,,,,,,,,,,,,,,,,,,,,,,,,
tran_6e70c802-7e0e-49ec-8eb0-6d126fdfb39d,4400,tran_b8cbec16-aa8e-4fa1-8d8a-f893a74a35ae,tran_ae672d38-10f7-48e3-9302-54cc1ad13b72,,0,44,44,45,45,32,32,34,34,40,40,44,44,122,122,967,967,1118,1118,1048,1048,1018,1018,940,940,881,881,886,886,916,916,935,935,947,947,1007,1007,945,945,387,387,243,243,159,159,116,116,62,62,,,,,,,,,,,,,,,,,,,,,,,,,,,,,,,,,,,,,,,,,,,,,,,,
tran_6e9dc82f-c6d8-4acb-8018-3926a7d5b02e,3000,tran_b254b380-d9c1-400b-8734-ab3e39d38833,tran_8458bbd4-864d-446c-aa0e-c7ed5e2c5b9c,,0,44,44,45,45,32,32,34,34,40,40,44,44,122,122,967,967,1118,1118,1048,1048,1018,1018,940,940,881,881,886,886,916,916,935,935,947,947,1007,1007,945,945,387,387,243,243,159,159,116,116,62,62,,,,,,,,,,,,,,,,,,,,,,,,,,,,,,,,,,,,,,,,,,,,,,,,
tran_6ed0cd64-624a-4bda-b6a2-175587de6718,4400,16294,tran_3ec7e852-4591-4f65-98ed-c3560ad94d4f,,0,44,44,45,45,32,32,34,34,40,40,44,44,122,122,967,967,1118,1118,1048,1048,1018,1018,940,940,881,881,886,886,916,916,935,935,947,947,1007,1007,945,945,387,387,243,243,159,159,116,116,62,62,,,,,,,,,,,,,,,,,,,,,,,,,,,,,,,,,,,,,,,,,,,,,,,,
tran_6f0d7627-ead6-482f-a8bb-bd4237ef5dae,600,tran_28cd538a-ec9e-4917-8646-e5a0e4aea0b0,tran_396e985c-7c78-4313-b7ef-14ec591f42e7,,0,44,44,45,45,32,32,34,34,40,40,44,44,122,122,967,967,1118,1118,1048,1048,1018,1018,940,940,881,881,886,886,916,916,935,935,947,947,1007,1007,945,945,387,387,243,243,159,159,116,116,62,62,,,,,,,,,,,,,,,,,,,,,,,,,,,,,,,,,,,,,,,,,,,,,,,,
tran_6f0e773e-5631-43dc-891e-887a4f9da8cb,4000,tran_e2b1d7bc-9f8f-4fb5-b6c9-d599b82b252a,tran_b918fe44-2fb9-4033-a6ec-ca19341e646d,tran_a21dee66-9d7d-4f31-8102-db80d36d9d5c,1,44,44,45,45,32,32,34,34,40,40,44,44,122,122,967,967,1118,1118,1048,1048,1018,1018,940,940,881,881,886,886,916,916,935,935,947,947,1007,1007,945,945,387,387,243,243,159,159,116,116,62,62,,,,,,,,,,,,,,,,,,,,,,,,,,,,,,,,,,,,,,,,,,,,,,,,
tran_6f395174-41d4-4801-816d-3b3dec38d034,2500,tran_34cc296c-46fd-4db5-8181-ebb382d582be,tran_d65ab49c-1bae-46e8-8358-9eb1a21e5ef9,tran_08b89939-b6e1-4001-81b6-dc20b7892b88,1,67,67,70,70,49,49,53,53,62,62,67,67,186,186,910,910,1134,1134,1023,1023,977,977,900,900,812,812,861,861,864,864,851,851,886,886,939,939,854,854,524,524,336,336,227,227,165,165,84,84,,,,,,,,,,,,,,,,,,,,,,,,,,,,,,,,,,,,,,,,,,,,,,,,
tran_6f3a4ee8-8bf6-455e-be00-341267b77e55,300,tran_61a0111f-f91c-4d31-8789-0da4d470abc6,tran_174bcdd3-29e3-4820-a93d-80badf70d36e,tran_cab7eefa-05e5-4a2a-8ada-86afe8e0fb54;tran_7fb98cc5-12a0-46d8-b512-659bbf4b7fe6,2,44,44,45,45,32,32,34,34,40,40,44,44,122,122,967,967,1118,1118,1048,1048,1018,1018,940,940,881,881,886,886,916,916,935,935,947,947,1007,1007,945,945,387,387,243,243,159,159,116,116,62,62,,,,,,,,,,,,,,,,,,,,,,,,,,,,,,,,,,,,,,,,,,,,,,,,
tran_6f773375-158a-4bf8-8132-79da6b5049ca,2500,tran_abaa9e1b-f796-49cf-a113-7e3ec36c5db0,tran_7fa7025e-d32e-4437-b559-f479aa4fc820,tran_99ec0bc0-01fa-4ee4-87aa-550e249e996a;tran_b608560f-ecf7-44ff-90f8-d32c90316f5c,2,44,44,45,45,32,32,34,34,40,40,44,44,122,122,967,967,1118,1118,1048,1048,1018,1018,940,940,881,881,886,886,916,916,935,935,947,947,1007,1007,945,945,387,387,243,243,159,159,116,116,62,62,,,,,,,,,,,,,,,,,,,,,,,,,,,,,,,,,,,,,,,,,,,,,,,,
tran_6fdee8ee-24ae-470f-bb8c-451e3c4056de,3500,tran_a6e174f6-f056-4a39-a471-6f29e6f166b9,tran_74e7f691-e4f8-488b-b2a9-8163b4d2493a,,0,44,44,45,45,32,32,34,34,40,40,44,44,122,122,967,967,1118,1118,1048,1048,1018,1018,940,940,881,881,886,886,916,916,935,935,947,947,1007,1007,945,945,387,387,243,243,159,159,116,116,62,62,,,,,,,,,,,,,,,,,,,,,,,,,,,,,,,,,,,,,,,,,,,,,,,,
tran_6fe1c4d0-c6de-4efa-920b-aa44b6e57c96,3300,tran_ffe45441-674e-4032-9b25-312a8446f51b,tran_a6055ff7-2ef9-49cd-85a2-b308b200f5f1,tran_44c81680-5d6e-4677-9ccd-f1fc3a98c150,1,44,44,45,45,32,32,34,34,40,40,44,44,122,122,967,967,1118,1118,1048,1048,1018,1018,940,940,881,881,886,886,916,916,935,935,947,947,1007,1007,945,945,387,387,243,243,159,159,116,116,62,62,,,,,,,,,,,,,,,,,,,,,,,,,,,,,,,,,,,,,,,,,,,,,,,,
tran_70069cb1-78a4-4e41-a517-184bf4d46a16,1200,tran_b78e72c2-8775-462a-8bd8-fb0833b4fabc,tran_4b4d844b-c340-4f6b-969e-f38bdcd83263,,0,44,44,45,45,32,32,34,34,40,40,44,44,122,122,967,967,1118,1118,1048,1048,1018,1018,940,940,881,881,886,886,916,916,935,935,947,947,1007,1007,945,945,387,387,243,243,159,159,116,116,62,62,,,,,,,,,,,,,,,,,,,,,,,,,,,,,,,,,,,,,,,,,,,,,,,,
tran_70265b59-9640-4fd0-a96c-300efe92aab1,1650,tran_995e5e96-5bed-4f99-ad14-35c467dc0dc8,tran_ac6b9b67-7b16-49d1-a0bf-22472160577d,tran_2a2cd124-4987-443f-a742-4a079ab0c066,1,44,44,45,45,32,32,34,34,40,40,44,44,122,122,967,967,1118,1118,1048,1048,1018,1018,940,940,881,881,886,886,916,916,935,935,947,947,1007,1007,945,945,387,387,243,243,159,159,116,116,62,62,,,,,,,,,,,,,,,,,,,,,,,,,,,,,,,,,,,,,,,,,,,,,,,,
tran_706353ae-1294-4479-b560-45463e360129,4400,tran_a7e1c955-1979-44b7-9577-a6fe8e5b1112,tran_3a52f225-6b29-451c-8744-42ba309b49e5,,0,44,44,45,45,32,32,34,34,40,40,44,44,122,122,967,967,1118,1118,1048,1048,1018,1018,940,940,881,881,886,886,916,916,935,935,947,947,1007,1007,945,945,387,387,243,243,159,159,116,116,62,62,,,,,,,,,,,,,,,,,,,,,,,,,,,,,,,,,,,,,,,,,,,,,,,,
tran_707a1a1a-c106-4210-927b-341c4b7e96ec,550,tran_9365b7ac-8be5-423c-9f84-7e7a34f1c12b,15607,tran_54e0ca52-dcd1-4106-84f4-f498fb95cab7,1,44,44,45,45,32,32,34,34,40,40,44,44,122,122,967,967,1118,1118,1048,1048,1018,1018,940,940,881,881,886,886,916,916,935,935,947,947,1007,1007,945,945,387,387,243,243,159,159,116,116,62,62,,,,,,,,,,,,,,,,,,,,,,,,,,,,,,,,,,,,,,,,,,,,,,,,
tran_70829790-92c6-4f9b-8649-55398b656fd2,800,tran_fda0d604-e62b-4881-b4f6-e3a883f668c2,tran_026a28ab-742f-4885-b8b6-09481db01403,tran_404ffaa6-7936-404b-8f25-daf576581051,1,44,44,45,45,32,32,34,34,40,40,44,44,122,122,967,967,1118,1118,1048,1048,1018,1018,940,940,881,881,886,886,916,916,935,935,947,947,1007,1007,945,945,387,387,243,243,159,159,116,116,62,62,,,,,,,,,,,,,,,,,,,,,,,,,,,,,,,,,,,,,,,,,,,,,,,,
tran_708916ba-08c8-4157-a712-3258dcdfe4d8,1200,tran_575f458d-7afc-43c9-859a-759fac98bf1e,tran_7e8d9483-d117-4a79-8585-ee0cf469ddae,,0,44,44,45,45,32,32,34,34,40,40,44,44,122,122,967,967,1118,1118,1048,1048,1018,1018,940,940,881,881,886,886,916,916,935,935,947,947,1007,1007,945,945,387,387,243,243,159,159,116,116,62,62,,,,,,,,,,,,,,,,,,,,,,,,,,,,,,,,,,,,,,,,,,,,,,,,
tran_714c8962-b108-4f04-81db-9c1a397dc4c4,2000,tran_e03ae19b-dd88-4347-acc2-d02e841ca6f1,tran_383010c1-2cf1-42f3-83d1-291941154c6d,,0,44,44,45,45,32,32,34,34,40,40,44,44,122,122,967,967,1118,1118,1048,1048,1018,1018,940,940,881,881,886,886,916,916,935,935,947,947,1007,1007,945,945,387,387,243,243,159,159,116,116,62,62,,,,,,,,,,,,,,,,,,,,,,,,,,,,,,,,,,,,,,,,,,,,,,,,
tran_71b3f160-8aa3-481a-acb0-601b39824e81,2500,tran_dbf7360b-4f22-44a2-9336-8a77a7398dce,tran_9891aeb0-527c-4d47-bb9f-786b9de66c55,tran_8c775672-9015-4920-bbd8-707bbcece630;15452,2,44,44,45,45,32,32,34,34,40,40,44,44,122,122,967,967,1118,1118,1048,1048,1018,1018,940,940,881,881,886,886,916,916,935,935,947,947,1007,1007,945,945,387,387,243,243,159,159,116,116,62,62,,,,,,,,,,,,,,,,,,,,,,,,,,,,,,,,,,,,,,,,,,,,,,,,
tran_71c78274-bbdf-42b8-ac41-7b595dfe9be4,4400,tran_4ebfe2fa-d362-45ce-8925-bc15a47738fa,tran_fab7777f-2a15-4225-bf0f-e280b2a05984,,0,44,44,45,45,32,32,34,34,40,40,44,44,122,122,967,967,1118,1118,1048,1048,1018,1018,940,940,881,881,886,886,916,916,935,935,947,947,1007,1007,945,945,387,387,243,243,159,159,116,116,62,62,,,,,,,,,,,,,,,,,,,,,,,,,,,,,,,,,,,,,,,,,,,,,,,,
tran_720f9c15-93bb-4a89-ae32-425a8021a3b9,600,tran_e861b453-fe68-4993-9312-fdfe40365435,tran_6624a802-a244-475d-b89d-19613c08084b,,0,44,44,45,45,32,32,34,34,40,40,44,44,122,122,967,967,1118,1118,1048,1048,1018,1018,940,940,881,881,886,886,916,916,935,935,947,947,1007,1007,945,945,387,387,243,243,159,159,116,116,62,62,,,,,,,,,,,,,,,,,,,,,,,,,,,,,,,,,,,,,,,,,,,,,,,,
tran_721581e6-56ae-4a86-bf3e-5e675e1432d6,800,tran_92e5864b-236c-4090-837c-b3dcb27a5096,tran_2e04f4c8-b497-4608-b48e-4a5ce4bb264f,,0,44,44,45,45,32,32,34,34,40,40,44,44,122,122,967,967,1118,1118,1048,1048,1018,1018,940,940,881,881,886,886,916,916,935,935,947,947,1007,1007,945,945,387,387,243,243,159,159,116,116,62,62,,,,,,,,,,,,,,,,,,,,,,,,,,,,,,,,,,,,,,,,,,,,,,,,
tran_7218c82d-517f-453a-b521-ceaaa737c462,4400,tran_2c9d0ef3-1288-4b1f-bec0-e685a535d9a4,16995,tran_72f087a2-51cd-4770-92f2-e9993b60cd88;16729,2,44,44,45,45,32,32,34,34,40,40,44,44,122,122,967,967,1118,1118,1048,1048,1018,1018,940,940,881,881,886,886,916,916,935,935,947,947,1007,1007,945,945,387,387,243,243,159,159,116,116,62,62,,,,,,,,,,,,,,,,,,,,,,,,,,,,,,,,,,,,,,,,,,,,,,,,
tran_723cfb83-afb5-4461-a832-627d0416d480,4400,tran_b9284977-b49b-4f49-9c1a-d046938c5b36,tran_779c38bc-7cf9-42d4-8708-d9269ca1d818,,0,44,44,45,45,32,32,34,34,40,40,44,44,122,122,967,967,1118,1118,1048,1048,1018,1018,940,940,881,881,886,886,916,916,935,935,947,947,1007,1007,945,945,387,387,243,243,159,159,116,116,62,62,,,,,,,,,,,,,,,,,,,,,,,,,,,,,,,,,,,,,,,,,,,,,,,,
tran_727710b8-80e0-4524-ba1b-beed37f12d24,3850,tran_a6df32db-6b83-47e7-8351-610cfb3bf781,tran_5aabffa5-aa77-4e95-be28-434a7bd63301,tran_eea80eb8-6a3f-460c-a510-eec0ac2a04d7,1,44,44,45,45,32,32,34,34,40,40,44,44,122,122,967,967,1118,1118,1048,1048,1018,1018,940,940,881,881,886,886,916,916,935,935,947,947,1007,1007,945,945,387,387,243,243,159,159,116,116,62,62,,,,,,,,,,,,,,,,,,,,,,,,,,,,,,,,,,,,,,,,,,,,,,,,
tran_72b7ed03-86db-4a49-9ffc-8f13d4a63232,300,tran_409d45be-ed29-486c-b938-e99049af8c7a,tran_4b892cd0-c05b-4cba-9b08-557be13da38d,,0,44,44,45,45,32,32,34,34,40,40,44,44,122,122,967,967,1118,1118,1048,1048,1018,1018,940,940,881,881,886,886,916,916,935,935,947,947,1007,1007,945,945,387,387,243,243,159,159,116,116,62,62,,,,,,,,,,,,,,,,,,,,,,,,,,,,,,,,,,,,,,,,,,,,,,,,
tran_72f087a2-51cd-4770-92f2-e9993b60cd88,3850,tran_7218c82d-517f-453a-b521-ceaaa737c462,,16769,1,44,44,45,45,32,32,34,34,40,40,44,44,122,122,967,967,1118,1118,1048,1048,1018,1018,940,940,881,881,886,886,916,916,935,935,947,947,1007,1007,945,945,387,387,243,243,159,159,116,116,62,62,,,,,,,,,,,,,,,,,,,,,,,,,,,,,,,,,,,,,,,,,,,,,,,,
tran_7303a7dd-22fd-49de-8db7-d9d997d9fdbe,800,tran_63765e8b-c8de-4204-b2e1-00baaf43d232,tran_d6aca38e-1914-4913-96ee-219ceaf3bcaa,tran_ad63e103-3793-4697-ab4c-2c952a208fa0,1,44,44,45,45,32,32,34,34,40,40,44,44,122,122,967,967,1118,1118,1048,1048,1018,1018,940,940,881,881,886,886,916,916,935,935,947,947,1007,1007,945,945,387,387,243,243,159,159,116,116,62,62,,,,,,,,,,,,,,,,,,,,,,,,,,,,,,,,,,,,,,,,,,,,,,,,
tran_7305f975-b256-4a7b-ab74-d63418ec32b3,1600,tran_3f2a4d0a-586f-4b9e-9121-b769b4e65703,tran_5ad6053e-6ba2-470a-a32d-e5aa65625ef8,,0,33,33,31,31,22,22,23,23,26,26,31,31,88,88,1055,1055,1119,1119,1058,1058,1080,1080,966,966,980,980,861,861,1008,1008,1021,1021,988,988,1080,1080,1096,1096,421,421,249,249,150,150,110,110,68,68,,,,,,,,,,,,,,,,,,,,,,,,,,,,,,,,,,,,,,,,,,,,,,,,
tran_7357d45b-8b47-474e-b9ee-443678f7597b,1200,tran_3e139c5d-b4fc-4f04-80ef-17a0ffe1f6b2,tran_c7ad3f7f-1ede-4c8d-9006-42d9e89724e5,tran_6a679ba2-7355-498e-8159-865b70cdf1f3,1,44,44,45,45,32,32,34,34,40,40,44,44,122,122,967,967,1118,1118,1048,1048,1018,1018,940,940,881,881,886,886,916,916,935,935,947,947,1007,1007,945,945,387,387,243,243,159,159,116,116,62,62,,,,,,,,,,,,,,,,,,,,,,,,,,,,,,,,,,,,,,,,,,,,,,,,
tran_737cb81b-60de-4e51-9b74-759cd9b4331c,4400,tran_9dd8a932-b5ef-44c7-af52-8899c508ad54,tran_a6902f49-c37e-4b33-8888-89dcd5557096,tran_33cea811-1e6f-43bc-92aa-0ab29ecd62c0,1,44,44,45,45,32,32,34,34,40,40,44,44,122,122,967,967,1118,1118,1048,1048,1018,1018,940,940,881,881,886,886,916,916,935,935,947,947,1007,1007,945,945,387,387,243,243,159,159,116,116,62,62,,,,,,,,,,,,,,,,,,,,,,,,,,,,,,,,,,,,,,,,,,,,,,,,
tran_73986f3f-4bad-477a-829e-20f0938ba01b,1200,tran_0a93b1d1-4f2e-400a-90a7-00c1e55f4553,tran_3edbd902-64b0-4398-ae07-cad7b5b4d4e5,,0,44,44,45,45,32,32,34,34,40,40,44,44,122,122,967,967,1118,1118,1048,1048,1018,1018,940,940,881,881,886,886,916,916,935,935,947,947,1007,1007,945,945,387,387,243,243,159,159,116,116,62,62,,,,,,,,,,,,,,,,,,,,,,,,,,,,,,,,,,,,,,,,,,,,,,,,
tran_73fabe54-293e-4bb9-9df5-ba5e9af641db,1200,tran_2b43265f-1742-4a69-9a29-ede8f94fa4d9,tran_62376046-9615-45f1-897b-1cf65b0fa67f,tran_6dfe9e87-d518-4090-9dfb-2c7e2544eaa0,1,44,44,45,45,32,32,34,34,40,40,44,44,122,122,967,967,1118,1118,1048,1048,1018,1018,940,940,881,881,886,886,916,916,935,935,947,947,1007,1007,945,945,387,387,243,243,159,159,116,116,62,62,,,,,,,,,,,,,,,,,,,,,,,,,,,,,,,,,,,,,,,,,,,,,,,,
tran_73fdc34b-0cc4-4928-b1df-875e4cb64d22,1600,tran_a233f3cb-dc5a-446f-b858-cc9141e3a0de,tran_e165808d-a40d-4885-930a-59d1c5a9b573,,0,44,44,45,45,32,32,34,34,40,40,44,44,122,122,967,967,1118,1118,1048,1048,1018,1018,940,940,881,881,886,886,916,916,935,935,947,947,1007,1007,945,945,387,387,243,243,159,159,116,116,62,62,,,,,,,,,,,,,,,,,,,,,,,,,,,,,,,,,,,,,,,,,,,,,,,,
tran_7435c8ed-be1b-4d2b-b9d2-6ecbe96b0928,2000,tran_9cb5cb5f-3a36-43b9-8117-e24df81a0fe0,tran_755aa98e-fd9e-4e32-b893-2b2d68e6a1d8,,0,44,44,45,45,32,32,34,34,40,40,44,44,122,122,967,967,1118,1118,1048,1048,1018,1018,940,940,881,881,886,886,916,916,935,935,947,947,1007,1007,945,945,387,387,243,243,159,159,116,116,62,62,,,,,,,,,,,,,,,,,,,,,,,,,,,,,,,,,,,,,,,,,,,,,,,,
tran_74775fb5-2bf7-4179-9a87-2368c0a397c8,4400,tran_f8c477cc-f998-400b-9d91-fa15af633a97,tran_f0239265-1979-4236-ae89-273ed82e07e7,tran_146e9ade-8d10-4f15-bd78-0da15f396fea,1,44,44,45,45,32,32,34,34,40,40,44,44,122,122,967,967,1118,1118,1048,1048,1018,1018,940,940,881,881,886,886,916,916,935,935,947,947,1007,1007,945,945,387,387,243,243,159,159,116,116,62,62,,,,,,,,,,,,,,,,,,,,,,,,,,,,,,,,,,,,,,,,,,,,,,,,
tran_74db64dd-b794-4b6b-bbe0-3496e4fc0e48,4400,tran_1532a227-3ab5-4b77-8904-1399c5d6d022,tran_f9c32b11-76d9-4084-be3a-4eaf387bdcf6,,0,44,44,45,45,32,32,34,34,40,40,44,44,122,122,967,967,1118,1118,1048,1048,1018,1018,940,940,881,881,886,886,916,916,935,935,947,947,1007,1007,945,945,387,387,243,243,159,159,116,116,62,62,,,,,,,,,,,,,,,,,,,,,,,,,,,,,,,,,,,,,,,,,,,,,,,,
tran_74e7f691-e4f8-488b-b2a9-8163b4d2493a,2500,4886,tran_6fdee8ee-24ae-470f-bb8c-451e3c4056de,4897;tran_25ce7968-31ad-40e1-a765-c3718bbce7fb,2,44,44,45,45,32,32,34,34,40,40,44,44,122,122,967,967,1118,1118,1048,1048,1018,1018,940,940,881,881,886,886,916,916,935,935,947,947,1007,1007,945,945,387,387,243,243,159,159,116,116,62,62,,,,,,,,,,,,,,,,,,,,,,,,,,,,,,,,,,,,,,,,,,,,,,,,
tran_755aa98e-fd9e-4e32-b893-2b2d68e6a1d8,2500,tran_faa520a5-5678-4dae-87fe-1dbdfb85e1df,tran_e917743f-e2d5-4b94-b2fd-5fc6caab6457,tran_7435c8ed-be1b-4d2b-b9d2-6ecbe96b0928,1,44,44,45,45,32,32,34,34,40,40,44,44,122,122,967,967,1118,1118,1048,1048,1018,1018,940,940,881,881,886,886,916,916,935,935,947,947,1007,1007,945,945,387,387,243,243,159,159,116,116,62,62,,,,,,,,,,,,,,,,,,,,,,,,,,,,,,,,,,,,,,,,,,,,,,,,
tran_756e4e67-9745-4a02-818c-7155360ae630,4400,tran_cddf8e89-d33b-41fc-8168-0278baa0cb16,tran_86fe4759-01dd-4fba-8e9e-be4a832203f9,,0,44,44,45,45,32,32,34,34,40,40,44,44,122,122,967,967,1118,1118,1048,1048,1018,1018,940,940,881,881,886,886,916,916,935,935,947,947,1007,1007,945,945,387,387,243,243,159,159,116,116,62,62,,,,,,,,,,,,,,,,,,,,,,,,,,,,,,,,,,,,,,,,,,,,,,,,
tran_7571a0e7-ad4c-4ca9-ad94-f53d2cb20a10,3300,tran_e1d10cab-2ca2-4d6c-89df-46782bd6d436,tran_d1480cec-4456-4c88-9524-9663ff23e899,tran_b9284977-b49b-4f49-9c1a-d046938c5b36;tran_59d74202-4726-4117-9aab-de323a72460f,2,44,44,45,45,32,32,34,34,40,40,44,44,122,122,967,967,1118,1118,1048,1048,1018,1018,940,940,881,881,886,886,916,916,935,935,947,947,1007,1007,945,945,387,387,243,243,159,159,116,116,62,62,,,,,,,,,,,,,,,,,,,,,,,,,,,,,,,,,,,,,,,,,,,,,,,,
tran_7586d34f-ebed-47b1-b39c-e3e0e1016589,2500,tran_8a537b27-2dfd-49bf-bf85-a72ef610fa91,tran_5268424b-8eab-4522-ba9d-52b072e1f028,,0,44,44,45,45,32,32,34,34,40,40,44,44,122,122,967,967,1118,1118,1048,1048,1018,1018,940,940,881,881,886,886,916,916,935,935,947,947,1007,1007,945,945,387,387,243,243,159,159,116,116,62,62,,,,,,,,,,,,,,,,,,,,,,,,,,,,,,,,,,,,,,,,,,,,,,,,
tran_764ec3a8-53b5-4530-99b0-98bba8b470e8,4400,tran_938dca3a-dcf1-426d-b293-dfc5b567606b,tran_458b3f21-f4cb-459c-9145-f71050c053fb,,0,44,44,45,45,32,32,34,34,40,40,44,44,122,122,967,967,1118,1118,1048,1048,1018,1018,940,940,881,881,886,886,916,916,935,935,947,947,1007,1007,945,945,387,387,243,243,159,159,116,116,62,62,,,,,,,,,,,,,,,,,,,,,,,,,,,,,,,,,,,,,,,,,,,,,,,,
tran_7659579b-f817-4a26-8152-be98e4023a93,2500,tran_667a00b9-fcf2-400b-94b9-c05fae97e020,tran_258ebb41-ef8d-4b9f-ab7c-dfff7dbfdbb9,,0,44,44,45,45,32,32,34,34,40,40,44,44,122,122,967,967,1118,1118,1048,1048,1018,1018,940,940,881,881,886,886,916,916,935,935,947,947,1007,1007,945,945,387,387,243,243,159,159,116,116,62,62,,,,,,,,,,,,,,,,,,,,,,,,,,,,,,,,,,,,,,,,,,,,,,,,
tran_76ae3169-1645-4d1d-a184-3dcabd8a0a0b,1650,tran_6b1e1bc3-4a4c-4901-8ff3-4e9e5f83d1b5,tran_3826c7ef-f5a1-432b-91b7-f511511f1423,tran_9a32f6d2-ba41-4457-8927-5b3439d32808,1,44,44,45,45,32,32,34,34,40,40,44,44,122,122,967,967,1118,1118,1048,1048,1018,1018,940,940,881,881,886,886,916,916,935,935,947,947,1007,1007,945,945,387,387,243,243,159,159,116,116,62,62,,,,,,,,,,,,,,,,,,,,,,,,,,,,,,,,,,,,,,,,,,,,,,,,
tran_776f9235-09b8-4c1b-98aa-e44b835ea3de,4000,tran_7be5b697-a3a0-4a52-91f6-52b95cebd519,tran_5cc0b664-b9bb-4ab4-974b-95f70928976e,,0,44,44,45,45,32,32,34,34,40,40,44,44,122,122,967,967,1118,1118,1048,1048,1018,1018,940,940,881,881,886,886,916,916,935,935,947,947,1007,1007,945,945,387,387,243,243,159,159,116,116,62,62,,,,,,,,,,,,,,,,,,,,,,,,,,,,,,,,,,,,,,,,,,,,,,,,
tran_7785030a-0a8f-407e-a88e-495c51b5985f,4400,tran_68c6b4fa-33fb-4efe-b480-8a0950dc15ca,tran_217912dd-f90f-4ebd-9ee7-4400f21ab66a,,0,44,44,45,45,32,32,34,34,40,40,44,44,122,122,967,967,1118,1118,1048,1048,1018,1018,940,940,881,881,886,886,916,916,935,935,947,947,1007,1007,945,945,387,387,243,243,159,159,116,116,62,62,,,,,,,,,,,,,,,,,,,,,,,,,,,,,,,,,,,,,,,,,,,,,,,,
tran_779c38bc-7cf9-42d4-8708-d9269ca1d818,3300,tran_723cfb83-afb5-4461-a832-627d0416d480,tran_4c47e439-7d58-43f2-80ac-44cc8d5fc2ae,tran_921a9e41-9812-4f20-a088-ab8eac85251f;tran_5a75344d-8a91-49f2-945e-fd2c3bfaf8dc,2,44,44,45,45,32,32,34,34,40,40,44,44,122,122,967,967,1118,1118,1048,1048,1018,1018,940,940,881,881,886,886,916,916,935,935,947,947,1007,1007,945,945,387,387,243,243,159,159,116,116,62,62,,,,,,,,,,,,,,,,,,,,,,,,,,,,,,,,,,,,,,,,,,,,,,,,
tran_77e9cbfe-25d5-410e-9535-50d91f866bb8,4400,tran_f694bfd5-294f-4560-b01e-742b10e58c8a,tran_f8b54cad-99c9-4a13-b758-920c08c76657,tran_a21dee66-9d7d-4f31-8102-db80d36d9d5c,1,44,44,45,45,32,32,34,34,40,40,44,44,122,122,967,967,1118,1118,1048,1048,1018,1018,940,940,881,881,886,886,916,916,935,935,947,947,1007,1007,945,945,387,387,243,243,159,159,116,116,62,62,,,,,,,,,,,,,,,,,,,,,,,,,,,,,,,,,,,,,,,,,,,,,,,,
tran_77edd494-91d0-4bfc-9315-616d6d89f90c,4000,tran_8855d28b-4077-4adb-8450-cfd2a3c2aa86,tran_829bede8-337a-4c80-ad7d-46c4e488304f,,0,44,44,45,45,32,32,34,34,40,40,44,44,122,122,967,967,1118,1118,1048,1048,1018,1018,940,940,881,881,886,886,916,916,935,935,947,947,1007,1007,945,945,387,387,243,243,159,159,116,116,62,62,,,,,,,,,,,,,,,,,,,,,,,,,,,,,,,,,,,,,,,,,,,,,,,,
tran_7807da7a-e13d-414a-8f33-470a82517a7b,3000,tran_17337e39-f04d-43fe-96e0-6ebba9dfbc8f,tran_87320166-5b1d-47d1-8693-475971b7c2b5,,0,42,42,39,39,28,28,29,29,34,34,39,39,112,112,1343,1343,1424,1424,1347,1347,1375,1375,1229,1229,1247,1247,1096,1096,1282,1282,1299,1299,1257,1257,1375,1375,1394,1394,536,536,316,316,190,190,140,140,87,87,,,,,,,,,,,,,,,,,,,,,,,,,,,,,,,,,,,,,,,,,,,,,,,,
tran_7853bfa0-f524-424f-ba4d-c86357dadb70,600,tran_14d19d9f-6536-4440-b31f-31ac57cbc5e5,tran_ca1c5a93-cc87-4b73-9422-f75097416212,tran_c1f1cd12-65cd-42e4-8942-a7ec43b898d0,1,44,44,45,45,32,32,34,34,40,40,44,44,122,122,967,967,1118,1118,1048,1048,1018,1018,940,940,881,881,886,886,916,916,935,935,947,947,1007,1007,945,945,387,387,243,243,159,159,116,116,62,62,,,,,,,,,,,,,,,,,,,,,,,,,,,,,,,,,,,,,,,,,,,,,,,,
tran_785c8fc8-5ec2-4022-8600-78199b5b47e2,2000,tran_8bd37c08-19a7-4d5c-b259-5cbacf1871d2,tran_e3ee56fb-a114-42e2-9dae-31dae14ddfb7,tran_13016641-5616-489e-817d-bc4d5d7f4d2d,1,44,44,45,45,32,32,34,34,40,40,44,44,122,122,967,967,1118,1118,1048,1048,1018,1018,940,940,881,881,886,886,916,916,935,935,947,947,1007,1007,945,945,387,387,243,243,159,159,116,116,62,62,,,,,,,,,,,,,,,,,,,,,,,,,,,,,,,,,,,,,,,,,,,,,,,,
tran_789798c1-c443-4506-b625-f1c5302617f5,800,tran_3a82b048-f7b0-4259-b81a-fdebdb86ad76,tran_9ccaf503-5c02-49ea-ac8c-85c08e80d3b3,tran_635e719c-73cc-4815-9ec2-755703ca2e22,1,44,44,45,45,32,32,34,34,40,40,44,44,122,122,967,967,1118,1118,1048,1048,1018,1018,940,940,881,881,886,886,916,916,935,935,947,947,1007,1007,945,945,387,387,243,243,159,159,116,116,62,62,,,,,,,,,,,,,,,,,,,,,,,,,,,,,,,,,,,,,,,,,,,,,,,,
tran_78e1e141-114c-4e04-8243-751e9a8ee0d6,600,tran_667a00b9-fcf2-400b-94b9-c05fae97e020,tran_a44aca12-2d84-4605-8726-c4e95aa989e4,,0,44,44,45,45,32,32,34,34,40,40,44,44,122,122,967,967,1118,1118,1048,1048,1018,1018,940,940,881,881,886,886,916,916,935,935,947,947,1007,1007,945,945,387,387,243,243,159,159,116,116,62,62,,,,,,,,,,,,,,,,,,,,,,,,,,,,,,,,,,,,,,,,,,,,,,,,
tran_790ef7c3-558e-41bf-a48b-2425d6d51a0c,1100,tran_7e4c8b0b-cd50-4b1b-bfcf-cb9b3b0239cb,tran_89a6d1b7-dc29-4991-95c4-c284a4e7ad53,tran_3e139c5d-b4fc-4f04-80ef-17a0ffe1f6b2,1,44,44,45,45,32,32,34,34,40,40,44,44,122,122,967,967,1118,1118,1048,1048,1018,1018,940,940,881,881,886,886,916,916,935,935,947,947,1007,1007,945,945,387,387,243,243,159,159,116,116,62,62,,,,,,,,,,,,,,,,,,,,,,,,,,,,,,,,,,,,,,,,,,,,,,,,
tran_79517036-c56b-4d50-a346-5517875303db,1200,tran_0194fe1c-1417-42d6-a14e-bccb4d727be0,tran_00c60951-5815-4037-b78b-fa8424b0367c,tran_32d0ec5a-150e-4eb4-a8a5-1002abeef945,1,44,44,45,45,32,32,34,34,40,40,44,44,122,122,967,967,1118,1118,1048,1048,1018,1018,940,940,881,881,886,886,916,916,935,935,947,947,1007,1007,945,945,387,387,243,243,159,159,116,116,62,62,,,,,,,,,,,,,,,,,,,,,,,,,,,,,,,,,,,,,,,,,,,,,,,,
tran_795e0a9e-a22c-43db-9c15-9b7caeee0c28,400,tran_1bc37572-2bef-4888-929e-4e5f8491b839,tran_48e0642b-adca-4dc9-ade3-b5d0efec17d3,tran_85018be9-fb32-4146-95e8-1b4cf274118c,1,44,44,45,45,32,32,34,34,40,40,44,44,122,122,967,967,1118,1118,1048,1048,1018,1018,940,940,881,881,886,886,916,916,935,935,947,947,1007,1007,945,945,387,387,243,243,159,159,116,116,62,62,,,,,,,,,,,,,,,,,,,,,,,,,,,,,,,,,,,,,,,,,,,,,,,,
tran_7968542c-e317-4997-83d2-f449cf4ef9eb,4000,tran_a0fc507b-6259-433a-8de4-7170bbab8026,tran_e497ad12-3968-4c48-b3fb-0ade1f44886e,,0,44,44,45,45,32,32,34,34,40,40,44,44,122,122,967,967,1118,1118,1048,1048,1018,1018,940,940,881,881,886,886,916,916,935,935,947,947,1007,1007,945,945,387,387,243,243,159,159,116,116,62,62,,,,,,,,,,,,,,,,,,,,,,,,,,,,,,,,,,,,,,,,,,,,,,,,
tran_79685cbe-5b91-4293-ae38-0782b763121d,1100,tran_b2ef45f6-0804-4480-8637-9a4bfed5e80a,tran_51e5b01d-6559-4148-9062-8e8b097a4553,tran_0169ef51-e577-4471-a190-2c9c0af43a67,1,44,44,45,45,32,32,34,34,40,40,44,44,122,122,967,967,1118,1118,1048,1048,1018,1018,940,940,881,881,886,886,916,916,935,935,947,947,1007,1007,945,945,387,387,243,243,159,159,116,116,62,62,,,,,,,,,,,,,,,,,,,,,,,,,,,,,,,,,,,,,,,,,,,,,,,,
tran_799114e9-c52a-4cee-8fe2-a325dd6ab744,4400,tran_e6a1af9b-7bc0-413f-8577-8a003c215f18,tran_c427f48e-4bfc-4d88-a058-b67fb9237624,,0,44,44,45,45,32,32,34,34,40,40,44,44,122,122,967,967,1118,1118,1048,1048,1018,1018,940,940,881,881,886,886,916,916,935,935,947,947,1007,1007,945,945,387,387,243,243,159,159,116,116,62,62,,,,,,,,,,,,,,,,,,,,,,,,,,,,,,,,,,,,,,,,,,,,,,,,
tran_79973cdc-65d2-4e4c-95b6-df7132622767,600,tran_41dbe7f2-d5f5-4116-9905-b2985961a68b,tran_080c767f-cdce-4086-8e11-5c78d848ac2d,,0,44,44,45,45,32,32,34,34,40,40,44,44,122,122,967,967,1118,1118,1048,1048,1018,1018,940,940,881,881,886,886,916,916,935,935,947,947,1007,1007,945,945,387,387,243,243,159,159,116,116,62,62,,,,,,,,,,,,,,,,,,,,,,,,,,,,,,,,,,,,,,,,,,,,,,,,
tran_79a3f277-edd9-4888-af09-f2e8e63cc513,1650,tran_bd88f621-29e8-4709-b40c-0e3e10db1e33,tran_adebe3c8-c9f9-4926-bc05-89f08dbe3478,tran_896d85b7-8bff-43d4-a3b1-22e91a2276fe;tran_54471a40-bfa2-4e19-86fd-5da2d44993a7,2,44,44,45,45,32,32,34,34,40,40,44,44,122,122,967,967,1118,1118,1048,1048,1018,1018,940,940,881,881,886,886,916,916,935,935,947,947,1007,1007,945,945,387,387,243,243,159,159,116,116,62,62,,,,,,,,,,,,,,,,,,,,,,,,,,,,,,,,,,,,,,,,,,,,,,,,
tran_79dff284-d536-48c2-9883-256614794fcf,4400,tran_03ea36d0-5658-4307-9c4e-9de96a0008c7,tran_8bbe1cfc-cc0c-467b-8abd-270442332055,,0,44,44,45,45,32,32,34,34,40,40,44,44,122,122,967,967,1118,1118,1048,1048,1018,1018,940,940,881,881,886,886,916,916,935,935,947,947,1007,1007,945,945,387,387,243,243,159,159,116,116,62,62,,,,,,,,,,,,,,,,,,,,,,,,,,,,,,,,,,,,,,,,,,,,,,,,
tran_7a0a657a-3fcb-4e99-b061-fe0712f7e7ad,3000,tran_174ce230-b605-4141-a87b-3cbc67d8ba48,tran_87f9bdaf-b4d8-44b0-a419-71960df40ed8,,0,44,44,45,45,32,32,34,34,40,40,44,44,122,122,967,967,1118,1118,1048,1048,1018,1018,940,940,881,881,886,886,916,916,935,935,947,947,1007,1007,945,945,387,387,243,243,159,159,116,116,62,62,,,,,,,,,,,,,,,,,,,,,,,,,,,,,,,,,,,,,,,,,,,,,,,,
tran_7a758970-9236-4623-8dca-a8436f388370,4400,tran_ac644def-da41-4d62-a5e5-29d180855bdf,tran_c3ef79e9-172d-41eb-9f56-4090959b5111,tran_b1b3732c-e07e-4825-bd8c-c1da74621be5;tran_d29e5db7-bd1a-4271-9775-215181e10d18,2,44,44,45,45,32,32,34,34,40,40,44,44,122,122,967,967,1118,1118,1048,1048,1018,1018,940,940,881,881,886,886,916,916,935,935,947,947,1007,1007,945,945,387,387,243,243,159,159,116,116,62,62,,,,,,,,,,,,,,,,,,,,,,,,,,,,,,,,,,,,,,,,,,,,,,,,
tran_7a8b6575-3359-4c8f-aff5-c87889ba1ccb,2500,tran_360601a3-c61b-486a-b81d-5b8c87a2e542,tran_d3646cb4-7ac9-4aaa-be5c-1176b615a2f1,tran_2b4d964c-ed35-4c4b-8953-fe5f905f8ec2;tran_170bafda-2ee1-4be0-9578-b33cf0219f03,2,44,44,45,45,32,32,34,34,40,40,44,44,122,122,967,967,1118,1118,1048,1048,1018,1018,940,940,881,881,886,886,916,916,935,935,947,947,1007,1007,945,945,387,387,243,243,159,159,116,116,62,62,,,,,,,,,,,,,,,,,,,,,,,,,,,,,,,,,,,,,,,,,,,,,,,,
tran_7a8e071a-b704-453c-b594-b171a6b1f446,1200,tran_ae672d38-10f7-48e3-9302-54cc1ad13b72,tran_3bdebd1d-16cc-4908-9849-27908e86deba,,0,44,44,45,45,32,32,34,34,40,40,44,44,122,122,967,967,1118,1118,1048,1048,1018,1018,940,940,881,881,886,886,916,916,935,935,947,947,1007,1007,945,945,387,387,243,243,159,159,116,116,62,62,,,,,,,,,,,,,,,,,,,,,,,,,,,,,,,,,,,,,,,,,,,,,,,,
tran_7b0aa7d9-a7fb-401b-b76c-7d6be2a2520c,300,tran_b447d9aa-5397-4059-863a-5ed1c177e321,tran_f937f272-72c8-47de-8e40-b6eba7df327b,tran_a7b6a495-6841-46ef-8ec1-8b9b841715c9,1,44,44,45,45,32,32,34,34,40,40,44,44,122,122,967,967,1118,1118,1048,1048,1018,1018,940,940,881,881,886,886,916,916,935,935,947,947,1007,1007,945,945,387,387,243,243,159,159,116,116,62,62,,,,,,,,,,,,,,,,,,,,,,,,,,,,,,,,,,,,,,,,,,,,,,,,
tran_7b309370-756c-4f0d-a41a-3bfe1d125b47,2000,tran_34c1ed87-59fa-44bb-a768-aff30487206c,tran_8fdaa3d6-063a-4ac2-92c4-0a5e1a906693,tran_210f17ab-bc82-4e68-98da-70ea2d590b45,1,44,44,45,45,32,32,34,34,40,40,44,44,122,122,967,967,1118,1118,1048,1048,1018,1018,940,940,881,881,886,886,916,916,935,935,947,947,1007,1007,945,945,387,387,243,243,159,159,116,116,62,62,,,,,,,,,,,,,,,,,,,,,,,,,,,,,,,,,,,,,,,,,,,,,,,,
tran_7b40d179-1459-4528-803e-5c95433b533d,4400,,tran_62c5c362-32fa-4813-92c0-aa65e0fca405,,0,44,44,45,45,32,32,34,34,40,40,44,44,122,122,967,967,1118,1118,1048,1048,1018,1018,940,940,881,881,886,886,916,916,935,935,947,947,1007,1007,945,945,387,387,243,243,159,159,116,116,62,62,,,,,,,,,,,,,,,,,,,,,,,,,,,,,,,,,,,,,,,,,,,,,,,,
tran_7b7af5eb-7ee0-4790-92b8-622231325341,4400,tran_d3ec4294-ba4a-4b8d-b8f5-0a8b26b6464a,,tran_bc725392-db41-42f7-b004-1837a79d4647,1,0,0,0,0,0,0,0,0,0,0,0,0,0,0,1138,1138,1201,1201,1284,1284,1257,1257,1168,1168,1084,1084,1145,1145,1051,1051,1179,1179,1173,1173,1211,1211,1091,1091,0,0,0,0,0,0,0,0,0,0,,,,,,,,,,,,,,,,,,,,,,,,,,,,,,,,,,,,,,,,,,,,,,,,
tran_7bd15b1e-df23-44f0-9354-fd78a6305fa9,3850,tran_efbbabff-8983-4355-8306-a79d7272159b,tran_6724ba88-faf7-4c85-bd03-79a2dfd64fd4,tran_99e8f0de-411e-44e3-8d19-8220ad7c7a8a;tran_d04cf997-e4a3-4981-8867-3924758e086e,2,44,44,45,45,32,32,34,34,40,40,44,44,122,122,967,967,1118,1118,1048,1048,1018,1018,940,940,881,881,886,886,916,916,935,935,947,947,1007,1007,945,945,387,387,243,243,159,159,116,116,62,62,,,,,,,,,,,,,,,,,,,,,,,,,,,,,,,,,,,,,,,,,,,,,,,,
tran_7be5b697-a3a0-4a52-91f6-52b95cebd519,2500,tran_897cdd14-29c7-4283-a3ee-c50f7d9b850d,tran_776f9235-09b8-4c1b-98aa-e44b835ea3de,tran_2da51415-f090-471f-9504-68de56e8c29b;tran_542a3187-4fa4-4af7-832b-7fb17a1f32d2,2,44,44,45,45,32,32,34,34,40,40,44,44,122,122,967,967,1118,1118,1048,1048,1018,1018,940,940,881,881,886,886,916,916,935,935,947,947,1007,1007,945,945,387,387,243,243,159,159,116,116,62,62,,,,,,,,,,,,,,,,,,,,,,,,,,,,,,,,,,,,,,,,,,,,,,,,
tran_7c40e8f3-3f6b-4100-93f7-183f26848ec7,3500,tran_15d1bca2-9df2-461a-84ee-584c3c0197fd,tran_8a5b1233-c9b8-45b6-bb18-15ab72ec06f5,,0,44,44,45,45,32,32,34,34,40,40,44,44,122,122,967,967,1118,1118,1048,1048,1018,1018,940,940,881,881,886,886,916,916,935,935,947,947,1007,1007,945,945,387,387,243,243,159,159,116,116,62,62,,,,,,,,,,,,,,,,,,,,,,,,,,,,,,,,,,,,,,,,,,,,,,,,
tran_7c5ed608-1c56-41d4-a367-20cbbd544bbd,4400,tran_c274f2da-c6cd-43d9-a664-881ade99cc3b,tran_ab40e443-7e14-4ebc-9485-54b6361c629b,,0,44,44,45,45,32,32,34,34,40,40,44,44,122,122,967,967,1118,1118,1048,1048,1018,1018,940,940,881,881,886,886,916,916,935,935,947,947,1007,1007,945,945,387,387,243,243,159,159,116,116,62,62,,,,,,,,,,,,,,,,,,,,,,,,,,,,,,,,,,,,,,,,,,,,,,,,
tran_7cd36aba-ca40-4e78-9a78-2778c032a92d,4400,tran_b4dfded0-567a-4f49-af25-946e34f4dc7f,tran_c9e0e169-2e49-4b5e-94ef-e453e0fd766c,,0,44,44,45,45,32,32,34,34,40,40,44,44,122,122,967,967,1118,1118,1048,1048,1018,1018,940,940,881,881,886,886,916,916,935,935,947,947,1007,1007,945,945,387,387,243,243,159,159,116,116,62,62,,,,,,,,,,,,,,,,,,,,,,,,,,,,,,,,,,,,,,,,,,,,,,,,
tran_7d03bdb4-7c2c-4ccc-b48f-95b3860262c1,800,,11801,,0,44,44,45,45,32,32,34,34,40,40,44,44,122,122,967,967,1118,1118,1048,1048,1018,1018,940,940,881,881,886,886,916,916,935,935,947,947,1007,1007,945,945,387,387,243,243,159,159,116,116,62,62,,,,,,,,,,,,,,,,,,,,,,,,,,,,,,,,,,,,,,,,,,,,,,,,
tran_7d05c94b-c6b0-4570-bcde-c2c150f6da6e,1600,tran_c4e00101-186b-4015-8cb2-afb4ebf1faec,15609,4803,1,44,44,45,45,32,32,34,34,40,40,44,44,122,122,967,967,1118,1118,1048,1048,1018,1018,940,940,881,881,886,886,916,916,935,935,947,947,1007,1007,945,945,387,387,243,243,159,159,116,116,62,62,,,,,,,,,,,,,,,,,,,,,,,,,,,,,,,,,,,,,,,,,,,,,,,,
tran_7d091889-5bf3-4acd-a8aa-97bb28d4bac8,4000,tran_22a36e68-3df5-4577-b953-aca3f943bfa7,tran_209a2ac7-69f9-4739-a41b-5d55a9fadfed,tran_e47e38c7-bcea-4aa5-9236-2b0c6fc6c6f0,1,44,44,45,45,32,32,34,34,40,40,44,44,122,122,967,967,1118,1118,1048,1048,1018,1018,940,940,881,881,886,886,916,916,935,935,947,947,1007,1007,945,945,387,387,243,243,159,159,116,116,62,62,,,,,,,,,,,,,,,,,,,,,,,,,,,,,,,,,,,,,,,,,,,,,,,,
tran_7d363725-80d4-47c8-9a34-d13544ba98f8,4400,tran_f6b05309-6891-443b-9e53-3c5d2d627ec4,tran_d5e8361e-5732-4eb6-bf22-17ef2acffa13,tran_9d486e83-2f76-4cc0-ab00-d94940bd7e3e,1,44,44,45,45,32,32,34,34,40,40,44,44,122,122,967,967,1118,1118,1048,1048,1018,1018,940,940,881,881,886,886,916,916,935,935,947,947,1007,1007,945,945,387,387,243,243,159,159,116,116,62,62,,,,,,,,,,,,,,,,,,,,,,,,,,,,,,,,,,,,,,,,,,,,,,,,
tran_7d7889b0-f01b-458f-855e-29b481e812be,2200,tran_1279b14f-6987-47e1-a3b0-edb6fd833949,tran_1476b04c-621e-47e8-ac2f-0accd0a94124,tran_675cf48d-de3f-41cd-8b3b-06f33310046f,1,44,44,45,45,32,32,34,34,40,40,44,44,122,122,967,967,1118,1118,1048,1048,1018,1018,940,940,881,881,886,886,916,916,935,935,947,947,1007,1007,945,945,387,387,243,243,159,159,116,116,62,62,,,,,,,,,,,,,,,,,,,,,,,,,,,,,,,,,,,,,,,,,,,,,,,,
tran_7dba5f86-f6b5-4ad0-991c-c082071d07f2,800,tran_6c5a230a-111b-4a37-9337-bc97f216d701,tran_4a1a4d9b-a635-460e-bafe-d6f2ab6b0876,tran_c84b4338-0a33-4755-8d6c-b2e348c0f5ac,1,44,44,45,45,32,32,34,34,40,40,44,44,122,122,967,967,1118,1118,1048,1048,1018,1018,940,940,881,881,886,886,916,916,935,935,947,947,1007,1007,945,945,387,387,243,243,159,159,116,116,62,62,,,,,,,,,,,,,,,,,,,,,,,,,,,,,,,,,,,,,,,,,,,,,,,,
tran_7dce03f3-e5de-487c-a9ee-ef9d6f3f4912,1600,tran_9c19940c-14a7-4dae-a11f-c073f82263bd,,tran_026a28ab-742f-4885-b8b6-09481db01403;tran_ef1b39a3-5a65-4418-9af2-f44b89399cc9,2,44,44,45,45,32,32,34,34,40,40,44,44,122,122,967,967,1118,1118,1048,1048,1018,1018,940,940,881,881,886,886,916,916,935,935,947,947,1007,1007,945,945,387,387,243,243,159,159,116,116,62,62,,,,,,,,,,,,,,,,,,,,,,,,,,,,,,,,,,,,,,,,,,,,,,,,
tran_7e112a6b-1119-4936-a35d-fb8ae3239925,800,tran_009ede1e-45d6-434b-84f1-d8942f10aabe,tran_a61ebdbb-99d0-48fd-9f36-2a3e9856637c,tran_641537b3-2012-4ec1-9560-98e3d5781199;tran_54504f15-55b9-46b3-b90a-e85150e81820,2,44,44,45,45,32,32,34,34,40,40,44,44,122,122,967,967,1118,1118,1048,1048,1018,1018,940,940,881,881,886,886,916,916,935,935,947,947,1007,1007,945,945,387,387,243,243,159,159,116,116,62,62,,,,,,,,,,,,,,,,,,,,,,,,,,,,,,,,,,,,,,,,,,,,,,,,
tran_7e4c8b0b-cd50-4b1b-bfcf-cb9b3b0239cb,1200,tran_3cc4d24a-9d62-418d-9830-c5c121629515,tran_790ef7c3-558e-41bf-a48b-2425d6d51a0c,,0,44,44,45,45,32,32,34,34,40,40,44,44,122,122,967,967,1118,1118,1048,1048,1018,1018,940,940,881,881,886,886,916,916,935,935,947,947,1007,1007,945,945,387,387,243,243,159,159,116,116,62,62,,,,,,,,,,,,,,,,,,,,,,,,,,,,,,,,,,,,,,,,,,,,,,,,
tran_7e715638-44dd-4ace-8335-6eb1e9730180,4400,tran_89531585-613a-434c-ada7-5fd4b52c1fa0,tran_a4e44e4c-a451-42d5-97f7-10bbd7a2cbd5,tran_ef4b13a6-0e73-4553-b521-cd569b0b62fb,1,44,44,45,45,32,32,34,34,40,40,44,44,122,122,967,967,1118,1118,1048,1048,1018,1018,940,940,881,881,886,886,916,916,935,935,947,947,1007,1007,945,945,387,387,243,243,159,159,116,116,62,62,,,,,,,,,,,,,,,,,,,,,,,,,,,,,,,,,,,,,,,,,,,,,,,,
tran_7e8d9483-d117-4a79-8585-ee0cf469ddae,1100,tran_ec2084d6-89b0-4729-a033-63210f023ac2,tran_8f226781-31e0-412d-a9a3-2f8776e7994b,tran_b26d42d7-c910-4d7f-8cc8-5bb9d9eeedf3;tran_708916ba-08c8-4157-a712-3258dcdfe4d8,2,44,44,45,45,32,32,34,34,40,40,44,44,122,122,967,967,1118,1118,1048,1048,1018,1018,940,940,881,881,886,886,916,916,935,935,947,947,1007,1007,945,945,387,387,243,243,159,159,116,116,62,62,,,,,,,,,,,,,,,,,,,,,,,,,,,,,,,,,,,,,,,,,,,,,,,,
tran_7eabd9ef-0adc-42bc-bf2f-3c72c6709f75,4400,tran_454a667c-52a5-4893-957f-3c33a7e41731,tran_4b73e435-94ec-4593-bc41-bd862242c5e5,tran_61165176-7faf-4c6f-aaa2-82f78c7688d5,1,44,44,45,45,32,32,34,34,40,40,44,44,122,122,967,967,1118,1118,1048,1048,1018,1018,940,940,881,881,886,886,916,916,935,935,947,947,1007,1007,945,945,387,387,243,243,159,159,116,116,62,62,,,,,,,,,,,,,,,,,,,,,,,,,,,,,,,,,,,,,,,,,,,,,,,,
tran_7ec08cd3-b4c4-45f4-87b8-cffdca6ef6ab,4400,tran_19ea7f54-c5e1-4483-a53a-278c16d62bf8,tran_39f1cbb3-cd6b-46ec-bad7-679e0cfdcfb9,,0,44,44,45,45,32,32,34,34,40,40,44,44,122,122,967,967,1118,1118,1048,1048,1018,1018,940,940,881,881,886,886,916,916,935,935,947,947,1007,1007,945,945,387,387,243,243,159,159,116,116,62,62,,,,,,,,,,,,,,,,,,,,,,,,,,,,,,,,,,,,,,,,,,,,,,,,
tran_7ecfa8f4-0c9d-4be9-b7cd-6c4f00f8e533,4000,,tran_cfd63963-38c2-4085-9d4c-59aa25cb05f4,15601,1,44,44,45,45,32,32,34,34,40,40,44,44,122,122,967,967,1118,1118,1048,1048,1018,1018,940,940,881,881,886,886,916,916,935,935,947,947,1007,1007,945,945,387,387,243,243,159,159,116,116,62,62,,,,,,,,,,,,,,,,,,,,,,,,,,,,,,,,,,,,,,,,,,,,,,,,
tran_7f0d5996-5152-4c64-9648-6950b948d4c7,4400,tran_115b104a-df20-4b4b-b18c-c1c260bdbb1c,tran_13c852c2-54eb-4078-84f3-854020e97916,,0,44,44,45,45,32,32,34,34,40,40,44,44,122,122,967,967,1118,1118,1048,1048,1018,1018,940,940,881,881,886,886,916,916,935,935,947,947,1007,1007,945,945,387,387,243,243,159,159,116,116,62,62,,,,,,,,,,,,,,,,,,,,,,,,,,,,,,,,,,,,,,,,,,,,,,,,
tran_7f122031-5438-468f-87d6-bb84e670257b,1200,tran_f217315b-3f88-4c39-a921-52327257df78,tran_f294069f-f072-4048-9a1c-54b1eb2ecdbf,,0,33,33,31,31,22,22,23,23,26,26,31,31,88,88,1055,1055,1119,1119,1058,1058,1080,1080,966,966,980,980,861,861,1008,1008,1021,1021,988,988,1080,1080,1096,1096,421,421,249,249,150,150,110,110,68,68,,,,,,,,,,,,,,,,,,,,,,,,,,,,,,,,,,,,,,,,,,,,,,,,
tran_7f20accf-a795-41cf-8252-1d55889724b8,1200,tran_09f7e2bb-ef12-4282-8ca3-d341c6f4516f,tran_90b19f3f-3b01-4d62-b4f3-8fc78c7152bb,,0,44,44,45,45,32,32,34,34,40,40,44,44,122,122,967,967,1118,1118,1048,1048,1018,1018,940,940,881,881,886,886,916,916,935,935,947,947,1007,1007,945,945,387,387,243,243,159,159,116,116,62,62,,,,,,,,,,,,,,,,,,,,,,,,,,,,,,,,,,,,,,,,,,,,,,,,
tran_7f6d8e15-8497-48f1-8df2-711b54fe0bbf,2500,tran_f28c2e22-8d26-4ea5-b050-0fdfd7eb1881,tran_51b40786-5384-4a9d-879b-b40cdd9f527a,tran_f0155472-0dd9-416b-9680-40a78d9db45d,1,44,44,45,45,32,32,34,34,40,40,44,44,122,122,967,967,1118,1118,1048,1048,1018,1018,940,940,881,881,886,886,916,916,935,935,947,947,1007,1007,945,945,387,387,243,243,159,159,116,116,62,62,,,,,,,,,,,,,,,,,,,,,,,,,,,,,,,,,,,,,,,,,,,,,,,,
tran_7f8d0d6a-936c-40fa-9a5a-fb771a2c2dfd,1600,tran_0d607cf3-2c85-4cf7-9193-27d5cc4e7e62,tran_9ace8f49-f587-4bc6-bb33-97fc0ef87917,,0,44,44,45,45,32,32,34,34,40,40,44,44,122,122,967,967,1118,1118,1048,1048,1018,1018,940,940,881,881,886,886,916,916,935,935,947,947,1007,1007,945,945,387,387,243,243,159,159,116,116,62,62,,,,,,,,,,,,,,,,,,,,,,,,,,,,,,,,,,,,,,,,,,,,,,,,
tran_7fa7025e-d32e-4437-b559-f479aa4fc820,3500,5302,tran_6f773375-158a-4bf8-8132-79da6b5049ca,,0,44,44,45,45,32,32,34,34,40,40,44,44,122,122,967,967,1118,1118,1048,1048,1018,1018,940,940,881,881,886,886,916,916,935,935,947,947,1007,1007,945,945,387,387,243,243,159,159,116,116,62,62,,,,,,,,,,,,,,,,,,,,,,,,,,,,,,,,,,,,,,,,,,,,,,,,
tran_7fb98cc5-12a0-46d8-b512-659bbf4b7fe6,4400,tran_6f3a4ee8-8bf6-455e-be00-341267b77e55,tran_6c898dd9-8d26-44f2-9d2d-3e54fdaa0017,,0,44,44,45,45,32,32,34,34,40,40,44,44,122,122,967,967,1118,1118,1048,1048,1018,1018,940,940,881,881,886,886,916,916,935,935,947,947,1007,1007,945,945,387,387,243,243,159,159,116,116,62,62,,,,,,,,,,,,,,,,,,,,,,,,,,,,,,,,,,,,,,,,,,,,,,,,
tran_80026f0a-2e9d-4bb4-88d1-d73bcf02cd2e,4400,tran_ac3aa9c2-3358-4c21-a41e-a889865fb440,tran_938dca3a-dcf1-426d-b293-dfc5b567606b,,0,44,44,45,45,32,32,34,34,40,40,44,44,122,122,967,967,1118,1118,1048,1048,1018,1018,940,940,881,881,886,886,916,916,935,935,947,947,1007,1007,945,945,387,387,243,243,159,159,116,116,62,62,,,,,,,,,,,,,,,,,,,,,,,,,,,,,,,,,,,,,,,,,,,,,,,,
tran_80457e38-da1c-4cdd-84c0-391ed84abc86,4400,tran_22621db5-032c-45bf-9419-22f29b5bd8fe,tran_e2b1d7bc-9f8f-4fb5-b6c9-d599b82b252a,tran_cda96ca2-6d7f-42d5-91df-91159e246b1f,1,44,44,45,45,32,32,34,34,40,40,44,44,122,122,967,967,1118,1118,1048,1048,1018,1018,940,940,881,881,886,886,916,916,935,935,947,947,1007,1007,945,945,387,387,243,243,159,159,116,116,62,62,,,,,,,,,,,,,,,,,,,,,,,,,,,,,,,,,,,,,,,,,,,,,,,,
tran_806a31aa-9420-49c5-8c72-380bd48bc4eb,4400,tran_11675a11-da12-413f-a90d-b9da81ea79e9,tran_5110d8ae-31b6-44bb-ad28-fd705be59c0c,,0,44,44,45,45,32,32,34,34,40,40,44,44,122,122,967,967,1118,1118,1048,1048,1018,1018,940,940,881,881,886,886,916,916,935,935,947,947,1007,1007,945,945,387,387,243,243,159,159,116,116,62,62,,,,,,,,,,,,,,,,,,,,,,,,,,,,,,,,,,,,,,,,,,,,,,,,
tran_81099371-8ff5-48b0-ab3c-7b4e5ae978ba,1200,tran_989be9f3-c4cb-4717-9a64-ad044a4497f2,tran_0b1fa315-970c-472a-b0f6-f49386d43bc4,,0,44,44,45,45,32,32,34,34,40,40,44,44,122,122,967,967,1118,1118,1048,1048,1018,1018,940,940,881,881,886,886,916,916,935,935,947,947,1007,1007,945,945,387,387,243,243,159,159,116,116,62,62,,,,,,,,,,,,,,,,,,,,,,,,,,,,,,,,,,,,,,,,,,,,,,,,
tran_811b824e-fa46-4818-821b-73beba710c7f,1200,tran_e218c3e8-1cfe-4157-8c01-cc58985f10c2,tran_6dfe9e87-d518-4090-9dfb-2c7e2544eaa0,tran_037f5421-96ec-45ba-94f6-1a95511616b3;tran_84d9e01a-7c2f-4427-bde0-7505979e4888,2,44,44,45,45,32,32,34,34,40,40,44,44,122,122,967,967,1118,1118,1048,1048,1018,1018,940,940,881,881,886,886,916,916,935,935,947,947,1007,1007,945,945,387,387,243,243,159,159,116,116,62,62,,,,,,,,,,,,,,,,,,,,,,,,,,,,,,,,,,,,,,,,,,,,,,,,
tran_814cff4a-178f-467b-a97e-06363a20da75,4400,tran_3d75cc98-7280-43e7-81ea-7b88c50d877b,tran_1c1b9892-ad03-4299-9b0e-dfb7b1dab63a,,0,44,44,45,45,32,32,34,34,40,40,44,44,122,122,967,967,1118,1118,1048,1048,1018,1018,940,940,881,881,886,886,916,916,935,935,947,947,1007,1007,945,945,387,387,243,243,159,159,116,116,62,62,,,,,,,,,,,,,,,,,,,,,,,,,,,,,,,,,,,,,,,,,,,,,,,,
tran_8155b901-7adf-459b-8973-6136e83cd2da,4400,tran_5b5e5cdb-7d1d-4033-b7f0-a0ad5238ca07,tran_236444a7-020a-4abc-a9ef-4a539a13d3e7,,0,44,44,45,45,32,32,34,34,40,40,44,44,122,122,967,967,1118,1118,1048,1048,1018,1018,940,940,881,881,886,886,916,916,935,935,947,947,1007,1007,945,945,387,387,243,243,159,159,116,116,62,62,,,,,,,,,,,,,,,,,,,,,,,,,,,,,,,,,,,,,,,,,,,,,,,,
tran_8189e039-5a21-4afd-a936-ffdb06869c08,3000,tran_e3b5fc04-6e15-4af7-8175-db9a45ecc955,tran_9730b185-aae7-4c1e-9e91-fcff7d20edf7,,0,44,44,45,45,32,32,34,34,40,40,44,44,122,122,967,967,1118,1118,1048,1048,1018,1018,940,940,881,881,886,886,916,916,935,935,947,947,1007,1007,945,945,387,387,243,243,159,159,116,116,62,62,,,,,,,,,,,,,,,,,,,,,,,,,,,,,,,,,,,,,,,,,,,,,,,,
tran_81c238c1-02d2-42f1-afbb-81f3a49ab0e8,1200,tran_bf68c694-30ed-439a-abf0-d570b8949214,tran_b1530cae-22e9-48b0-9e3c-b4dd997fb05a,,0,44,44,45,45,32,32,34,34,40,40,44,44,122,122,967,967,1118,1118,1048,1048,1018,1018,940,940,881,881,886,886,916,916,935,935,947,947,1007,1007,945,945,387,387,243,243,159,159,116,116,62,62,,,,,,,,,,,,,,,,,,,,,,,,,,,,,,,,,,,,,,,,,,,,,,,,
tran_81dc9f9b-c50c-4900-8c13-a81113b6a131,3500,tran_c3677506-835f-4890-85e1-1bb1c177d7a5,,tran_9712d08c-e623-4418-8188-5da4aa388389,1,44,44,45,45,32,32,34,34,40,40,44,44,122,122,967,967,1118,1118,1048,1048,1018,1018,940,940,881,881,886,886,916,916,935,935,947,947,1007,1007,945,945,387,387,243,243,159,159,116,116,62,62,,,,,,,,,,,,,,,,,,,,,,,,,,,,,,,,,,,,,,,,,,,,,,,,
tran_82205a21-8956-4dc9-907b-167acf116e66,1600,tran_3ec74d2b-f365-41e3-8ce1-2a9edeca6f53,11654,,0,44,44,45,45,32,32,34,34,40,40,44,44,122,122,967,967,1118,1118,1048,1048,1018,1018,940,940,881,881,886,886,916,916,935,935,947,947,1007,1007,945,945,387,387,243,243,159,159,116,116,62,62,,,,,,,,,,,,,,,,,,,,,,,,,,,,,,,,,,,,,,,,,,,,,,,,
tran_824cab8d-1f2e-46f1-9d4b-e6e99f14201e,800,tran_8409cc6f-a106-437b-b314-f90972ff0bdb,tran_b4108102-d541-4c93-bf2b-f372e1e0bfec,tran_4c8a4f2d-b80f-45cf-a3d1-e87197f04e06,1,44,44,45,45,32,32,34,34,40,40,44,44,122,122,967,967,1118,1118,1048,1048,1018,1018,940,940,881,881,886,886,916,916,935,935,947,947,1007,1007,945,945,387,387,243,243,159,159,116,116,62,62,,,,,,,,,,,,,,,,,,,,,,,,,,,,,,,,,,,,,,,,,,,,,,,,
tran_8254e3ac-cefc-4977-a908-03d021865705,3000,tran_4b514e65-912e-4de5-9bd9-1be3e4dd5ab6,tran_5f577755-00bd-45d2-beec-9addc0d7c2df,,0,44,44,45,45,32,32,34,34,40,40,44,44,122,122,967,967,1118,1118,1048,1048,1018,1018,940,940,881,881,886,886,916,916,935,935,947,947,1007,1007,945,945,387,387,243,243,159,159,116,116,62,62,,,,,,,,,,,,,,,,,,,,,,,,,,,,,,,,,,,,,,,,,,,,,,,,
tran_8267f0e5-0e0e-425b-8e42-51135f99420a,4400,tran_1737664c-636d-4b4e-bdb1-edca9ed935b2,tran_e31684ae-95d4-42eb-b3fa-a8fc3c97ffcf,,0,44,44,45,45,32,32,34,34,40,40,44,44,122,122,967,967,1118,1118,1048,1048,1018,1018,940,940,881,881,886,886,916,916,935,935,947,947,1007,1007,945,945,387,387,243,243,159,159,116,116,62,62,,,,,,,,,,,,,,,,,,,,,,,,,,,,,,,,,,,,,,,,,,,,,,,,
tran_829bede8-337a-4c80-ad7d-46c4e488304f,1200,tran_42132998-27e9-4b75-9cdc-fa7310a5d638,tran_77edd494-91d0-4bfc-9315-616d6d89f90c,tran_94980a40-122c-4e62-90fd-279b4841670a,1,44,44,45,45,32,32,34,34,40,40,44,44,122,122,967,967,1118,1118,1048,1048,1018,1018,940,940,881,881,886,886,916,916,935,935,947,947,1007,1007,945,945,387,387,243,243,159,159,116,116,62,62,,,,,,,,,,,,,,,,,,,,,,,,,,,,,,,,,,,,,,,,,,,,,,,,
tran_82a0777c-d8d4-4828-a6a1-4ba2d3cd80d9,2500,tran_437f134e-1baf-4113-9b74-ff15524a638f,tran_65d30646-e47f-4b48-b6ee-4edbec276766,,0,44,44,45,45,32,32,34,34,40,40,44,44,122,122,967,967,1118,1118,1048,1048,1018,1018,940,940,881,881,886,886,916,916,935,935,947,947,1007,1007,945,945,387,387,243,243,159,159,116,116,62,62,,,,,,,,,,,,,,,,,,,,,,,,,,,,,,,,,,,,,,,,,,,,,,,,
tran_8338f552-6a10-4748-936f-5651dba8a4fc,3000,tran_ac3aa9c2-3358-4c21-a41e-a889865fb440,tran_24833f42-e4b2-404f-a87b-ccc5863757cb,,0,44,44,45,45,32,32,34,34,40,40,44,44,122,122,967,967,1118,1118,1048,1048,1018,1018,940,940,881,881,886,886,916,916,935,935,947,947,1007,1007,945,945,387,387,243,243,159,159,116,116,62,62,,,,,,,,,,,,,,,,,,,,,,,,,,,,,,,,,,,,,,,,,,,,,,,,
tran_833a6883-1c6d-49b2-b941-e545bd5bd7f7,1600,tran_f1889257-fb06-49a2-b489-9858233be88f,tran_34cc296c-46fd-4db5-8181-ebb382d582be,tran_d70cfdc6-9419-43c5-99a7-ac33fb18072c;tran_ab521328-a27a-4c2e-8bfb-38cec36f11a2,2,44,44,45,45,32,32,34,34,40,40,44,44,122,122,967,967,1118,1118,1048,1048,1018,1018,940,940,881,881,886,886,916,916,935,935,947,947,1007,1007,945,945,387,387,243,243,159,159,116,116,62,62,,,,,,,,,,,,,,,,,,,,,,,,,,,,,,,,,,,,,,,,,,,,,,,,
tran_83941157-4d61-4ae1-8c7e-588a2ae7ec15,3000,tran_3b8489d3-8025-4e61-9d96-8388b4daf257,tran_e47e38c7-bcea-4aa5-9236-2b0c6fc6c6f0,,0,67,67,70,70,49,49,53,53,62,62,67,67,186,186,910,910,1134,1134,1023,1023,977,977,900,900,812,812,861,861,864,864,851,851,886,886,939,939,854,854,524,524,336,336,227,227,165,165,84,84,,,,,,,,,,,,,,,,,,,,,,,,,,,,,,,,,,,,,,,,,,,,,,,,
tran_83c34bb7-330e-478c-8eb4-34aad1e601ff,4400,tran_d3ec4294-ba4a-4b8d-b8f5-0a8b26b6464a,tran_e3c99975-eada-43a2-9ce6-a6237fe14715,,0,44,44,45,45,32,32,34,34,40,40,44,44,122,122,967,967,1118,1118,1048,1048,1018,1018,940,940,881,881,886,886,916,916,935,935,947,947,1007,1007,945,945,387,387,243,243,159,159,116,116,62,62,,,,,,,,,,,,,,,,,,,,,,,,,,,,,,,,,,,,,,,,,,,,,,,,
tran_83e24bb8-3282-4385-8376-37f65fcb50d6,4000,tran_dfab2fe5-6caf-442c-ad0c-c82583226416,tran_420fd61d-b577-43c2-9099-5bad6f61bb37,,0,44,44,45,45,32,32,34,34,40,40,44,44,122,122,967,967,1118,1118,1048,1048,1018,1018,940,940,881,881,886,886,916,916,935,935,947,947,1007,1007,945,945,387,387,243,243,159,159,116,116,62,62,,,,,,,,,,,,,,,,,,,,,,,,,,,,,,,,,,,,,,,,,,,,,,,,
tran_83f81fd0-c10f-4dcf-b37c-817582477e3c,4400,tran_1901f66b-2003-468a-aad2-69bcf1b3b5b4,tran_1a28768b-c9d5-4887-9a1a-3578be333f1b,,0,44,44,45,45,32,32,34,34,40,40,44,44,122,122,967,967,1118,1118,1048,1048,1018,1018,940,940,881,881,886,886,916,916,935,935,947,947,1007,1007,945,945,387,387,243,243,159,159,116,116,62,62,,,,,,,,,,,,,,,,,,,,,,,,,,,,,,,,,,,,,,,,,,,,,,,,
tran_8409cc6f-a106-437b-b314-f90972ff0bdb,1200,tran_824cab8d-1f2e-46f1-9d4b-e6e99f14201e,tran_0a93b1d1-4f2e-400a-90a7-00c1e55f4553,,0,44,44,45,45,32,32,34,34,40,40,44,44,122,122,967,967,1118,1118,1048,1048,1018,1018,940,940,881,881,886,886,916,916,935,935,947,947,1007,1007,945,945,387,387,243,243,159,159,116,116,62,62,,,,,,,,,,,,,,,,,,,,,,,,,,,,,,,,,,,,,,,,,,,,,,,,
tran_8458bbd4-864d-446c-aa0e-c7ed5e2c5b9c,2000,tran_fd177bf3-5c55-45d4-8212-d545a9fb32e1,tran_dc8aa8d4-91b5-4c33-b4c7-78e5a2bec532,tran_6e9dc82f-c6d8-4acb-8018-3926a7d5b02e,1,44,44,45,45,32,32,34,34,40,40,44,44,122,122,967,967,1118,1118,1048,1048,1018,1018,940,940,881,881,886,886,916,916,935,935,947,947,1007,1007,945,945,387,387,243,243,159,159,116,116,62,62,,,,,,,,,,,,,,,,,,,,,,,,,,,,,,,,,,,,,,,,,,,,,,,,
tran_846223c1-65dc-4b7d-882a-be1418d1ab3d,4400,tran_ecaa3fe6-a880-49b6-b610-2d76751639b8,tran_bb4c8bc2-22aa-4af7-bdac-fd4d28ad6684,,0,44,44,45,45,32,32,34,34,40,40,44,44,122,122,967,967,1118,1118,1048,1048,1018,1018,940,940,881,881,886,886,916,916,935,935,947,947,1007,1007,945,945,387,387,243,243,159,159,116,116,62,62,,,,,,,,,,,,,,,,,,,,,,,,,,,,,,,,,,,,,,,,,,,,,,,,
tran_846494b8-0cc4-429c-92c8-4eb8bf075999,4400,tran_44dacfa0-6096-4778-95de-8ae1af535382,tran_8f2b61f2-9405-41ee-b322-6db20c796c73,,0,44,44,45,45,32,32,34,34,40,40,44,44,122,122,967,967,1118,1118,1048,1048,1018,1018,940,940,881,881,886,886,916,916,935,935,947,947,1007,1007,945,945,387,387,243,243,159,159,116,116,62,62,,,,,,,,,,,,,,,,,,,,,,,,,,,,,,,,,,,,,,,,,,,,,,,,
tran_84ca2e19-87f3-4698-b0ed-f06b0ce30622,1200,tran_f3babcf8-795f-4d0c-a020-1ba146401289,tran_4a4abe70-ea89-4c49-829c-7b566f6ced9a,tran_bc850f35-76fd-4544-9df9-c7964bb81a51,1,44,44,45,45,32,32,34,34,40,40,44,44,122,122,967,967,1118,1118,1048,1048,1018,1018,940,940,881,881,886,886,916,916,935,935,947,947,1007,1007,945,945,387,387,243,243,159,159,116,116,62,62,,,,,,,,,,,,,,,,,,,,,,,,,,,,,,,,,,,,,,,,,,,,,,,,
tran_84d9e01a-7c2f-4427-bde0-7505979e4888,4400,tran_811b824e-fa46-4818-821b-73beba710c7f,tran_4ea14fe7-31c2-4bb2-b70b-87aac2493401,,0,44,44,45,45,32,32,34,34,40,40,44,44,122,122,967,967,1118,1118,1048,1048,1018,1018,940,940,881,881,886,886,916,916,935,935,947,947,1007,1007,945,945,387,387,243,243,159,159,116,116,62,62,,,,,,,,,,,,,,,,,,,,,,,,,,,,,,,,,,,,,,,,,,,,,,,,
tran_85018be9-fb32-4146-95e8-1b4cf274118c,4400,tran_c1f26def-b77d-4011-bc8f-95303e2972c3,tran_795e0a9e-a22c-43db-9c15-9b7caeee0c28,,0,44,44,45,45,32,32,34,34,40,40,44,44,122,122,967,967,1118,1118,1048,1048,1018,1018,940,940,881,881,886,886,916,916,935,935,947,947,1007,1007,945,945,387,387,243,243,159,159,116,116,62,62,,,,,,,,,,,,,,,,,,,,,,,,,,,,,,,,,,,,,,,,,,,,,,,,
tran_8512a852-d3bd-4ed8-a016-397024eb0963,1500,tran_a1d02fbe-7b34-4986-811a-fed1e8ade600,tran_dc678557-f8d2-4790-b074-11c8a0d58ae8,,0,44,44,45,45,32,32,34,34,40,40,44,44,122,122,967,967,1118,1118,1048,1048,1018,1018,940,940,881,881,886,886,916,916,935,935,947,947,1007,1007,945,945,387,387,243,243,159,159,116,116,62,62,,,,,,,,,,,,,,,,,,,,,,,,,,,,,,,,,,,,,,,,,,,,,,,,
tran_85371ee6-1de4-4fd1-9742-22d2b9ea11ed,4400,,tran_fafaa4b3-042c-4726-a5cb-6566324e0180,,0,44,44,45,45,32,32,34,34,40,40,44,44,122,122,967,967,1118,1118,1048,1048,1018,1018,940,940,881,881,886,886,916,916,935,935,947,947,1007,1007,945,945,387,387,243,243,159,159,116,116,62,62,,,,,,,,,,,,,,,,,,,,,,,,,,,,,,,,,,,,,,,,,,,,,,,,
tran_853eb7e7-3af0-4b28-be97-e95f8cc7afdd,4400,tran_20df8fac-a4db-45fb-8f33-4fdc6c755f37,tran_d16fba1c-e48a-4369-a87e-75fdc154b132,,0,44,44,45,45,32,32,34,34,40,40,44,44,122,122,967,967,1118,1118,1048,1048,1018,1018,940,940,881,881,886,886,916,916,935,935,947,947,1007,1007,945,945,387,387,243,243,159,159,116,116,62,62,,,,,,,,,,,,,,,,,,,,,,,,,,,,,,,,,,,,,,,,,,,,,,,,
tran_854ed414-806a-4914-b03f-b2dc8ab07f89,800,tran_f3f5cdf6-aeba-4eed-a2e0-daf34b22031f,tran_4a91746c-1476-430d-b750-9d180518610b,tran_bf874809-74ba-4e80-8e08-d83227cd1076;tran_2e76fb59-4151-4374-86a8-7e0786c8afb2,2,44,44,45,45,32,32,34,34,40,40,44,44,122,122,967,967,1118,1118,1048,1048,1018,1018,940,940,881,881,886,886,916,916,935,935,947,947,1007,1007,945,945,387,387,243,243,159,159,116,116,62,62,,,,,,,,,,,,,,,,,,,,,,,,,,,,,,,,,,,,,,,,,,,,,,,,
tran_8558ce7e-497f-49e6-bac7-a8243639c313,1200,tran_db223364-d89f-4b6b-882f-c001a421cf76,tran_2656ebae-d255-42a7-bf14-020ad2d28294,,0,44,44,45,45,32,32,34,34,40,40,44,44,122,122,967,967,1118,1118,1048,1048,1018,1018,940,940,881,881,886,886,916,916,935,935,947,947,1007,1007,945,945,387,387,243,243,159,159,116,116,62,62,,,,,,,,,,,,,,,,,,,,,,,,,,,,,,,,,,,,,,,,,,,,,,,,
tran_8681e543-ac7e-4695-bc75-3ebf6a4d2c40,4400,tran_abf965ce-c263-42aa-b772-3c6bb3d1486e,tran_11f653da-c40f-4d69-b0b4-04746f46672d,,0,44,44,45,45,32,32,34,34,40,40,44,44,122,122,967,967,1118,1118,1048,1048,1018,1018,940,940,881,881,886,886,916,916,935,935,947,947,1007,1007,945,945,387,387,243,243,159,159,116,116,62,62,,,,,,,,,,,,,,,,,,,,,,,,,,,,,,,,,,,,,,,,,,,,,,,,
tran_868a8a85-5143-48d6-b424-c81c57ccca33,2500,tran_d7da4d09-4fb2-477b-bf97-0c2d73589111,tran_f8799f40-6614-4c14-81ca-d64d4eabdead,,0,44,44,45,45,32,32,34,34,40,40,44,44,122,122,967,967,1118,1118,1048,1048,1018,1018,940,940,881,881,886,886,916,916,935,935,947,947,1007,1007,945,945,387,387,243,243,159,159,116,116,62,62,,,,,,,,,,,,,,,,,,,,,,,,,,,,,,,,,,,,,,,,,,,,,,,,
tran_868e53bd-99ed-4f51-b49a-7447b16a4263,2500,tran_bf68c694-30ed-439a-abf0-d570b8949214,tran_1d661778-ddbf-417b-b42a-585f5d6920cf,,0,42,42,39,39,28,28,29,29,34,34,39,39,112,112,1343,1343,1424,1424,1347,1347,1375,1375,1229,1229,1247,1247,1096,1096,1282,1282,1299,1299,1257,1257,1375,1375,1394,1394,536,536,316,316,190,190,140,140,87,87,,,,,,,,,,,,,,,,,,,,,,,,,,,,,,,,,,,,,,,,,,,,,,,,
tran_8690bfd5-131a-4f50-9486-ccec15454a8b,1200,tran_3a558c84-a1f2-4f32-ac16-2c63758d0b5a,tran_da4a04df-8faa-4a15-9160-1f40881fc58b,,0,44,44,45,45,32,32,34,34,40,40,44,44,122,122,967,967,1118,1118,1048,1048,1018,1018,940,940,881,881,886,886,916,916,935,935,947,947,1007,1007,945,945,387,387,243,243,159,159,116,116,62,62,,,,,,,,,,,,,,,,,,,,,,,,,,,,,,,,,,,,,,,,,,,,,,,,
tran_86fd0ad6-13bb-46a3-b52b-e179bb6dff5b,2500,tran_b1ede8ba-7587-4f39-addd-d056ec8c8609,tran_e4dc3d84-4ecc-4bdc-854e-421238127d9f,tran_66a731c9-14c4-4fb3-88f5-3c0965ab6844;tran_20265efa-7e8b-48e4-9e76-fa02e121e62d,2,44,44,45,45,32,32,34,34,40,40,44,44,122,122,967,967,1118,1118,1048,1048,1018,1018,940,940,881,881,886,886,916,916,935,935,947,947,1007,1007,945,945,387,387,243,243,159,159,116,116,62,62,,,,,,,,,,,,,,,,,,,,,,,,,,,,,,,,,,,,,,,,,,,,,,,,
tran_86fe4759-01dd-4fba-8e9e-be4a832203f9,1000,tran_a6047d25-9ceb-4ade-b7cb-983ae0cbc249,tran_3eb4fa53-d4c1-4ea2-ae88-28a460179752,tran_756e4e67-9745-4a02-818c-7155360ae630,1,44,44,45,45,32,32,34,34,40,40,44,44,122,122,967,967,1118,1118,1048,1048,1018,1018,940,940,881,881,886,886,916,916,935,935,947,947,1007,1007,945,945,387,387,243,243,159,159,116,116,62,62,,,,,,,,,,,,,,,,,,,,,,,,,,,,,,,,,,,,,,,,,,,,,,,,
tran_87320166-5b1d-47d1-8693-475971b7c2b5,500,tran_7807da7a-e13d-414a-8f33-470a82517a7b,tran_a6047d25-9ceb-4ade-b7cb-983ae0cbc249,tran_38d74608-6a55-465c-834c-7ce56c075c20;tran_4db05d51-75a1-46bf-a7ab-61c19ae7f056,2,44,44,45,45,32,32,34,34,40,40,44,44,122,122,967,967,1118,1118,1048,1048,1018,1018,940,940,881,881,886,886,916,916,935,935,947,947,1007,1007,945,945,387,387,243,243,159,159,116,116,62,62,,,,,,,,,,,,,,,,,,,,,,,,,,,,,,,,,,,,,,,,,,,,,,,,
tran_8742acda-1763-4767-a3fd-89409b7410ce,4400,tran_41d9f054-dba3-4e44-9152-996406f3b690,tran_90fff2ee-ab95-4e03-8deb-23636fa11c07,,0,44,44,45,45,32,32,34,34,40,40,44,44,122,122,967,967,1118,1118,1048,1048,1018,1018,940,940,881,881,886,886,916,916,935,935,947,947,1007,1007,945,945,387,387,243,243,159,159,116,116,62,62,,,,,,,,,,,,,,,,,,,,,,,,,,,,,,,,,,,,,,,,,,,,,,,,
tran_87a095f6-ff6c-4385-9688-a0dcb0ddc308,1600,,tran_8e72968a-7cd0-4f78-be50-088a0687f6fd,,0,44,44,45,45,32,32,34,34,40,40,44,44,122,122,967,967,1118,1118,1048,1048,1018,1018,940,940,881,881,886,886,916,916,935,935,947,947,1007,1007,945,945,387,387,243,243,159,159,116,116,62,62,,,,,,,,,,,,,,,,,,,,,,,,,,,,,,,,,,,,,,,,,,,,,,,,
tran_87f9bdaf-b4d8-44b0-a419-71960df40ed8,2000,tran_de09e88f-9149-486d-b21f-c955c8cb3318,tran_7a0a657a-3fcb-4e99-b061-fe0712f7e7ad,tran_dfca3c38-403d-4d9c-b14d-f0bce35f05bd,1,44,44,45,45,32,32,34,34,40,40,44,44,122,122,967,967,1118,1118,1048,1048,1018,1018,940,940,881,881,886,886,916,916,935,935,947,947,1007,1007,945,945,387,387,243,243,159,159,116,116,62,62,,,,,,,,,,,,,,,,,,,,,,,,,,,,,,,,,,,,,,,,,,,,,,,,
tran_87fa6f35-9504-43a1-b4a4-8d837d44a5c8,300,tran_46ece5ee-f00e-44e4-8672-e6c675cdf6e7,tran_1bc37572-2bef-4888-929e-4e5f8491b839,tran_dcc459ba-6c92-4df9-a319-87ba5a05233d,1,44,44,45,45,32,32,34,34,40,40,44,44,122,122,967,967,1118,1118,1048,1048,1018,1018,940,940,881,881,886,886,916,916,935,935,947,947,1007,1007,945,945,387,387,243,243,159,159,116,116,62,62,,,,,,,,,,,,,,,,,,,,,,,,,,,,,,,,,,,,,,,,,,,,,,,,
tran_882f6d22-df31-436e-ad04-dfa5ad37940e,4400,tran_f6bb16b0-bac3-45b6-8f7b-b0600ed4a89a,tran_f1b607c3-0e60-48db-8cd8-9666a57dc888,,0,44,44,45,45,32,32,34,34,40,40,44,44,122,122,967,967,1118,1118,1048,1048,1018,1018,940,940,881,881,886,886,916,916,935,935,947,947,1007,1007,945,945,387,387,243,243,159,159,116,116,62,62,,,,,,,,,,,,,,,,,,,,,,,,,,,,,,,,,,,,,,,,,,,,,,,,
tran_8855d28b-4077-4adb-8450-cfd2a3c2aa86,800,tran_d07516bb-cfa6-46a5-82f6-4aef0197f24a,tran_77edd494-91d0-4bfc-9315-616d6d89f90c,tran_2e0aafaa-7f19-4cd2-b9a2-40353ff44b3b,1,44,44,45,45,32,32,34,34,40,40,44,44,122,122,967,967,1118,1118,1048,1048,1018,1018,940,940,881,881,886,886,916,916,935,935,947,947,1007,1007,945,945,387,387,243,243,159,159,116,116,62,62,,,,,,,,,,,,,,,,,,,,,,,,,,,,,,,,,,,,,,,,,,,,,,,,
tran_88688c02-c8ea-4186-8644-760cb78004d2,4400,tran_4a5e9a59-da57-4194-93a9-b3fa038560ab,tran_a3565895-3b32-499c-be97-88a83f049ffd,tran_5831b082-d80e-4cdd-aa4b-ae4bb1673991,1,44,44,45,45,32,32,34,34,40,40,44,44,122,122,967,967,1118,1118,1048,1048,1018,1018,940,940,881,881,886,886,916,916,935,935,947,947,1007,1007,945,945,387,387,243,243,159,159,116,116,62,62,,,,,,,,,,,,,,,,,,,,,,,,,,,,,,,,,,,,,,,,,,,,,,,,
tran_89531585-613a-434c-ada7-5fd4b52c1fa0,4400,tran_90b19f3f-3b01-4d62-b4f3-8fc78c7152bb,tran_7e715638-44dd-4ace-8335-6eb1e9730180,,0,44,44,45,45,32,32,34,34,40,40,44,44,122,122,967,967,1118,1118,1048,1048,1018,1018,940,940,881,881,886,886,916,916,935,935,947,947,1007,1007,945,945,387,387,243,243,159,159,116,116,62,62,,,,,,,,,,,,,,,,,,,,,,,,,,,,,,,,,,,,,,,,,,,,,,,,
tran_8960cdb4-3416-4b91-80b2-ea6a54a1a922,1600,tran_40440557-ccbe-4258-8c09-7d7468d03bc5,tran_5671ba47-207f-455a-8ee5-a95c2c74a7e3,,0,44,44,45,45,32,32,34,34,40,40,44,44,122,122,967,967,1118,1118,1048,1048,1018,1018,940,940,881,881,886,886,916,916,935,935,947,947,1007,1007,945,945,387,387,243,243,159,159,116,116,62,62,,,,,,,,,,,,,,,,,,,,,,,,,,,,,,,,,,,,,,,,,,,,,,,,
tran_896d85b7-8bff-43d4-a3b1-22e91a2276fe,4400,tran_eccb6b31-2842-4ba7-8385-13991ba98623,tran_79a3f277-edd9-4888-af09-f2e8e63cc513,,0,44,44,45,45,32,32,34,34,40,40,44,44,122,122,967,967,1118,1118,1048,1048,1018,1018,940,940,881,881,886,886,916,916,935,935,947,947,1007,1007,945,945,387,387,243,243,159,159,116,116,62,62,,,,,,,,,,,,,,,,,,,,,,,,,,,,,,,,,,,,,,,,,,,,,,,,
tran_897cdd14-29c7-4283-a3ee-c50f7d9b850d,4400,tran_7be5b697-a3a0-4a52-91f6-52b95cebd519,tran_444b0fef-a7d5-4f05-9ac7-0f10150b64f1,,0,44,44,45,45,32,32,34,34,40,40,44,44,122,122,967,967,1118,1118,1048,1048,1018,1018,940,940,881,881,886,886,916,916,935,935,947,947,1007,1007,945,945,387,387,243,243,159,159,116,116,62,62,,,,,,,,,,,,,,,,,,,,,,,,,,,,,,,,,,,,,,,,,,,,,,,,
tran_898c5a08-9589-4635-9434-0e4ca2aea599,3000,tran_2107ea11-fcff-4bb8-9767-4028ef0813de,tran_bd3f9a25-8969-4ca4-9924-b7d97deaf6f3,tran_92ee6c41-6ebc-45da-a31d-25c89559627a,1,44,44,45,45,32,32,34,34,40,40,44,44,122,122,967,967,1118,1118,1048,1048,1018,1018,940,940,881,881,886,886,916,916,935,935,947,947,1007,1007,945,945,387,387,243,243,159,159,116,116,62,62,,,,,,,,,,,,,,,,,,,,,,,,,,,,,,,,,,,,,,,,,,,,,,,,
tran_89a6d1b7-dc29-4991-95c4-c284a4e7ad53,4400,tran_1dc36a28-2940-4388-b862-15af3d7a5c59,tran_790ef7c3-558e-41bf-a48b-2425d6d51a0c,,0,44,44,45,45,32,32,34,34,40,40,44,44,122,122,967,967,1118,1118,1048,1048,1018,1018,940,940,881,881,886,886,916,916,935,935,947,947,1007,1007,945,945,387,387,243,243,159,159,116,116,62,62,,,,,,,,,,,,,,,,,,,,,,,,,,,,,,,,,,,,,,,,,,,,,,,,
tran_89b2c970-a5da-4ffa-b43b-1a246409dd8f,4400,tran_188d9058-4f3c-4313-9cef-ea5a15fdf6c2,tran_3a52f225-6b29-451c-8744-42ba309b49e5,,0,44,44,45,45,32,32,34,34,40,40,44,44,122,122,967,967,1118,1118,1048,1048,1018,1018,940,940,881,881,886,886,916,916,935,935,947,947,1007,1007,945,945,387,387,243,243,159,159,116,116,62,62,,,,,,,,,,,,,,,,,,,,,,,,,,,,,,,,,,,,,,,,,,,,,,,,
tran_8a537b27-2dfd-49bf-bf85-a72ef610fa91,1200,tran_c052fd5d-5523-4d05-8bde-66aafc78e64c,tran_19f6a4c9-5b36-4add-8dde-62a0c1915672,tran_7586d34f-ebed-47b1-b39c-e3e0e1016589;tran_38805914-db43-4f13-b6f5-b81c14286e6c,2,44,44,45,45,32,32,34,34,40,40,44,44,122,122,967,967,1118,1118,1048,1048,1018,1018,940,940,881,881,886,886,916,916,935,935,947,947,1007,1007,945,945,387,387,243,243,159,159,116,116,62,62,,,,,,,,,,,,,,,,,,,,,,,,,,,,,,,,,,,,,,,,,,,,,,,,
tran_8a5b1233-c9b8-45b6-bb18-15ab72ec06f5,2500,tran_576f528c-0f03-4333-8bb3-34abee55c342,tran_9bf91d57-6600-4c56-97de-0347a281a2c2,tran_d67bd27f-4d10-4a05-9e32-7853eba65a34;tran_7c40e8f3-3f6b-4100-93f7-183f26848ec7,2,44,44,45,45,32,32,34,34,40,40,44,44,122,122,967,967,1118,1118,1048,1048,1018,1018,940,940,881,881,886,886,916,916,935,935,947,947,1007,1007,945,945,387,387,243,243,159,159,116,116,62,62,,,,,,,,,,,,,,,,,,,,,,,,,,,,,,,,,,,,,,,,,,,,,,,,
tran_8a7c1419-09e7-4a15-8b67-c553773a0b89,1200,tran_13e5c6da-eb25-4656-a161-83b152b346f2,tran_0188b681-b259-4d17-b1d8-bb7fcd058044,,0,44,44,45,45,32,32,34,34,40,40,44,44,122,122,967,967,1118,1118,1048,1048,1018,1018,940,940,881,881,886,886,916,916,935,935,947,947,1007,1007,945,945,387,387,243,243,159,159,116,116,62,62,,,,,,,,,,,,,,,,,,,,,,,,,,,,,,,,,,,,,,,,,,,,,,,,
tran_8aaa5ab8-9840-4f61-9857-f89d9e255c4c,2500,tran_1ce28655-c635-469e-a830-1ae9d368101f,tran_c2fcf9fb-b3ec-471f-8fe9-e230f15f640d,tran_dea3f7dc-fd78-4779-b3f6-467c81117e4e,1,44,44,45,45,32,32,34,34,40,40,44,44,122,122,967,967,1118,1118,1048,1048,1018,1018,940,940,881,881,886,886,916,916,935,935,947,947,1007,1007,945,945,387,387,243,243,159,159,116,116,62,62,,,,,,,,,,,,,,,,,,,,,,,,,,,,,,,,,,,,,,,,,,,,,,,,
tran_8ab6559b-850d-488b-8d07-ef4d03e6c40b,1200,tran_c1f26def-b77d-4011-bc8f-95303e2972c3,tran_dcc459ba-6c92-4df9-a319-87ba5a05233d,,0,44,44,45,45,32,32,34,34,40,40,44,44,122,122,967,967,1118,1118,1048,1048,1018,1018,940,940,881,881,886,886,916,916,935,935,947,947,1007,1007,945,945,387,387,243,243,159,159,116,116,62,62,,,,,,,,,,,,,,,,,,,,,,,,,,,,,,,,,,,,,,,,,,,,,,,,
tran_8acc12df-c93c-483e-be81-21cd1a6deec3,4400,tran_5110d8ae-31b6-44bb-ad28-fd705be59c0c,tran_32d0ec5a-150e-4eb4-a8a5-1002abeef945,,0,44,44,45,45,32,32,34,34,40,40,44,44,122,122,967,967,1118,1118,1048,1048,1018,1018,940,940,881,881,886,886,916,916,935,935,947,947,1007,1007,945,945,387,387,243,243,159,159,116,116,62,62,,,,,,,,,,,,,,,,,,,,,,,,,,,,,,,,,,,,,,,,,,,,,,,,
tran_8b1d5592-7c84-441d-96b2-e05a0cafd136,3500,,tran_dfef8289-7548-4504-a870-7be639dcf0e8,tran_bbc25ee8-bb71-40a7-a6da-15a9b416d53b,1,44,44,45,45,32,32,34,34,40,40,44,44,122,122,967,967,1118,1118,1048,1048,1018,1018,940,940,881,881,886,886,916,916,935,935,947,947,1007,1007,945,945,387,387,243,243,159,159,116,116,62,62,,,,,,,,,,,,,,,,,,,,,,,,,,,,,,,,,,,,,,,,,,,,,,,,
tran_8b91bfa6-66cd-4422-8cc9-cf6abe1ccaec,800,tran_420fd61d-b577-43c2-9099-5bad6f61bb37,tran_8e578f61-9ea8-4fa9-8f86-ddfa62f29d25,,0,44,44,45,45,32,32,34,34,40,40,44,44,122,122,967,967,1118,1118,1048,1048,1018,1018,940,940,881,881,886,886,916,916,935,935,947,947,1007,1007,945,945,387,387,243,243,159,159,116,116,62,62,,,,,,,,,,,,,,,,,,,,,,,,,,,,,,,,,,,,,,,,,,,,,,,,
tran_8bbe1cfc-cc0c-467b-8abd-270442332055,3300,tran_99e8f0de-411e-44e3-8d19-8220ad7c7a8a,tran_477bfe60-1f94-4042-b9a9-b1b254c6a32c,tran_08b89939-b6e1-4001-81b6-dc20b7892b88;tran_79dff284-d536-48c2-9883-256614794fcf,2,44,44,45,45,32,32,34,34,40,40,44,44,122,122,967,967,1118,1118,1048,1048,1018,1018,940,940,881,881,886,886,916,916,935,935,947,947,1007,1007,945,945,387,387,243,243,159,159,116,116,62,62,,,,,,,,,,,,,,,,,,,,,,,,,,,,,,,,,,,,,,,,,,,,,,,,
tran_8bd37c08-19a7-4d5c-b259-5cbacf1871d2,4400,tran_785c8fc8-5ec2-4022-8600-78199b5b47e2,tran_acad3eb8-d379-4595-a123-5b9dd88d0a74,,0,44,44,45,45,32,32,34,34,40,40,44,44,122,122,967,967,1118,1118,1048,1048,1018,1018,940,940,881,881,886,886,916,916,935,935,947,947,1007,1007,945,945,387,387,243,243,159,159,116,116,62,62,,,,,,,,,,,,,,,,,,,,,,,,,,,,,,,,,,,,,,,,,,,,,,,,
tran_8c076948-7efe-4fbd-9252-e45308ed3259,2000,tran_4e3270ef-a297-4593-b12c-bec9eea287ec,tran_ecf8c8b1-ac6b-4ed0-b282-dc442988b04e,tran_9309cff4-e104-4f66-9a0b-a25b11e37465;tran_f5930764-782a-4b29-965c-3e74ca85e0ef;tran_36c0edd4-3848-4c26-984e-8ec90683e8ae,3,44,44,45,45,32,32,34,34,40,40,44,44,122,122,967,967,1118,1118,1048,1048,1018,1018,940,940,881,881,886,886,916,916,935,935,947,947,1007,1007,945,945,387,387,243,243,159,159,116,116,62,62,,,,,,,,,,,,,,,,,,,,,,,,,,,,,,,,,,,,,,,,,,,,,,,,
tran_8c2c4666-e66b-430d-8f5e-2ce55cf5303a,1500,,tran_f09596de-4a36-4d07-bee9-3eae399d739e,tran_4bfb29f4-d905-4bbb-a86b-98381ccbbf30,1,44,44,45,45,32,32,34,34,40,40,44,44,122,122,967,967,1118,1118,1048,1048,1018,1018,940,940,881,881,886,886,916,916,935,935,947,947,1007,1007,945,945,387,387,243,243,159,159,116,116,62,62,,,,,,,,,,,,,,,,,,,,,,,,,,,,,,,,,,,,,,,,,,,,,,,,
tran_8c341a10-753d-44e6-8f96-b46f26d76641,2500,tran_8cb6f434-9d01-4603-970c-ff27b252a827,tran_db30b2b0-3422-45fd-a5c6-1d9f010e3c9f,,0,44,44,45,45,32,32,34,34,40,40,44,44,122,122,967,967,1118,1118,1048,1048,1018,1018,940,940,881,881,886,886,916,916,935,935,947,947,1007,1007,945,945,387,387,243,243,159,159,116,116,62,62,,,,,,,,,,,,,,,,,,,,,,,,,,,,,,,,,,,,,,,,,,,,,,,,
tran_8c775672-9015-4920-bbd8-707bbcece630,4400,tran_458b3f21-f4cb-459c-9145-f71050c053fb,tran_71b3f160-8aa3-481a-acb0-601b39824e81,,0,44,44,45,45,32,32,34,34,40,40,44,44,122,122,967,967,1118,1118,1048,1048,1018,1018,940,940,881,881,886,886,916,916,935,935,947,947,1007,1007,945,945,387,387,243,243,159,159,116,116,62,62,,,,,,,,,,,,,,,,,,,,,,,,,,,,,,,,,,,,,,,,,,,,,,,,
tran_8c8e3752-964f-440e-89d2-fa6f9f666bb7,1600,tran_e5941559-8a01-43ad-ba01-af5905d4e6fa,tran_1e55e048-4d68-45f4-b7df-0254a096c381,,0,53,53,55,55,38,38,42,42,48,48,53,53,146,146,715,715,891,891,804,804,768,768,707,707,638,638,676,676,679,679,669,669,696,696,738,738,671,671,411,411,264,264,178,178,130,130,66,66,,,,,,,,,,,,,,,,,,,,,,,,,,,,,,,,,,,,,,,,,,,,,,,,
tran_8c8e3a9b-4da2-4539-b09b-d1b18c55582b,800,tran_930725af-d22a-4ce2-bc30-0e7cafdf22d6,tran_3a4afdc7-4689-4d75-ad9d-7cf62e9a7417,tran_af98452d-4de1-4f7c-b5bb-3ffeb997b428,1,44,44,45,45,32,32,34,34,40,40,44,44,122,122,967,967,1118,1118,1048,1048,1018,1018,940,940,881,881,886,886,916,916,935,935,947,947,1007,1007,945,945,387,387,243,243,159,159,116,116,62,62,,,,,,,,,,,,,,,,,,,,,,,,,,,,,,,,,,,,,,,,,,,,,,,,
tran_8cb6f434-9d01-4603-970c-ff27b252a827,3000,tran_8c341a10-753d-44e6-8f96-b46f26d76641,tran_5cfcd084-251a-4379-8170-813d1b879974,tran_bdefac06-e1fe-4d75-b7e1-9b82ba3ffd58;tran_902daaa7-312e-4ff4-98c0-cd971e96e1f6,2,44,44,45,45,32,32,34,34,40,40,44,44,122,122,967,967,1118,1118,1048,1048,1018,1018,940,940,881,881,886,886,916,916,935,935,947,947,1007,1007,945,945,387,387,243,243,159,159,116,116,62,62,,,,,,,,,,,,,,,,,,,,,,,,,,,,,,,,,,,,,,,,,,,,,,,,
tran_8cbf9a75-5e9c-416d-bb0c-70535e3e5464,1200,tran_3e113b0b-d610-4173-8b0e-a8ac07c427cc,tran_4a4f4e8d-6e56-4d44-81c5-023235fb9084,tran_fca450f9-901b-4cc5-a17d-48215eb463a4;tran_afdca232-5ddb-4324-bec4-a9c4d4d06fc8,2,44,44,45,45,32,32,34,34,40,40,44,44,122,122,967,967,1118,1118,1048,1048,1018,1018,940,940,881,881,886,886,916,916,935,935,947,947,1007,1007,945,945,387,387,243,243,159,159,116,116,62,62,,,,,,,,,,,,,,,,,,,,,,,,,,,,,,,,,,,,,,,,,,,,,,,,
tran_8cef6662-7dec-4f10-beb0-00da9f7c51aa,300,tran_1f44e1e9-b1f3-4074-ba51-94c62640ebf2,11782,,0,44,44,45,45,32,32,34,34,40,40,44,44,122,122,967,967,1118,1118,1048,1048,1018,1018,940,940,881,881,886,886,916,916,935,935,947,947,1007,1007,945,945,387,387,243,243,159,159,116,116,62,62,,,,,,,,,,,,,,,,,,,,,,,,,,,,,,,,,,,,,,,,,,,,,,,,
tran_8d381d29-3a55-41fc-bcc2-8da01bba1666,3500,tran_634a2043-5bc1-402d-aa17-a751cdb4cf06,tran_e54dfffd-ceff-431e-ac69-a131717474ce,,0,44,44,45,45,32,32,34,34,40,40,44,44,122,122,967,967,1118,1118,1048,1048,1018,1018,940,940,881,881,886,886,916,916,935,935,947,947,1007,1007,945,945,387,387,243,243,159,159,116,116,62,62,,,,,,,,,,,,,,,,,,,,,,,,,,,,,,,,,,,,,,,,,,,,,,,,
tran_8d8846c8-f5c7-4221-b364-89cf4a6b7858,4000,tran_561894a9-3ae3-4099-aab0-603c9b4fbd7e,tran_8f231233-bf0f-445f-aa42-66ef53ffadcc,tran_d2629884-88bc-45d1-9041-26929ec4d65c;tran_d4dbd6f9-c129-4845-b0d7-7ecae706e2a4,2,44,44,45,45,32,32,34,34,40,40,44,44,122,122,967,967,1118,1118,1048,1048,1018,1018,940,940,881,881,886,886,916,916,935,935,947,947,1007,1007,945,945,387,387,243,243,159,159,116,116,62,62,,,,,,,,,,,,,,,,,,,,,,,,,,,,,,,,,,,,,,,,,,,,,,,,
tran_8dc331cd-379f-4616-9edb-7bd8b55995c1,4400,tran_3f3bb220-39ed-4837-bd98-d8b3a2400749,tran_27077cec-e4ef-4da2-a32e-86650720b28f,,0,44,44,45,45,32,32,34,34,40,40,44,44,122,122,967,967,1118,1118,1048,1048,1018,1018,940,940,881,881,886,886,916,916,935,935,947,947,1007,1007,945,945,387,387,243,243,159,159,116,116,62,62,,,,,,,,,,,,,,,,,,,,,,,,,,,,,,,,,,,,,,,,,,,,,,,,
tran_8de7cc96-f50f-462a-bf17-1e4f7bb06c59,4400,tran_24282bad-25c7-4872-80f7-ea80d8941c80,tran_fab7777f-2a15-4225-bf0f-e280b2a05984,,0,44,44,45,45,32,32,34,34,40,40,44,44,122,122,967,967,1118,1118,1048,1048,1018,1018,940,940,881,881,886,886,916,916,935,935,947,947,1007,1007,945,945,387,387,243,243,159,159,116,116,62,62,,,,,,,,,,,,,,,,,,,,,,,,,,,,,,,,,,,,,,,,,,,,,,,,
tran_8e35ba92-08cc-46a2-aac7-2a327fd0d808,4400,tran_bc05f582-22a6-46a4-8fb2-1980cd2e9e90,tran_decd3d5a-57ce-432a-a83f-6b27c3e09eeb,,0,44,44,45,45,32,32,34,34,40,40,44,44,122,122,967,967,1118,1118,1048,1048,1018,1018,940,940,881,881,886,886,916,916,935,935,947,947,1007,1007,945,945,387,387,243,243,159,159,116,116,62,62,,,,,,,,,,,,,,,,,,,,,,,,,,,,,,,,,,,,,,,,,,,,,,,,
tran_8e578f61-9ea8-4fa9-8f86-ddfa62f29d25,400,tran_8b91bfa6-66cd-4422-8cc9-cf6abe1ccaec,tran_a2fb3959-5c4a-432b-9a0b-75226944a620,tran_cf5f935d-b526-4436-be1e-3c7fc0ace159,1,44,44,45,45,32,32,34,34,40,40,44,44,122,122,967,967,1118,1118,1048,1048,1018,1018,940,940,881,881,886,886,916,916,935,935,947,947,1007,1007,945,945,387,387,243,243,159,159,116,116,62,62,,,,,,,,,,,,,,,,,,,,,,,,,,,,,,,,,,,,,,,,,,,,,,,,
tran_8e72968a-7cd0-4f78-be50-088a0687f6fd,1500,tran_f339f354-863a-45b5-aa8a-cafb4c0ccfef,tran_87a095f6-ff6c-4385-9688-a0dcb0ddc308,tran_95c115fc-82da-44c9-b5e9-d7784589721c,1,44,44,45,45,32,32,34,34,40,40,44,44,122,122,967,967,1118,1118,1048,1048,1018,1018,940,940,881,881,886,886,916,916,935,935,947,947,1007,1007,945,945,387,387,243,243,159,159,116,116,62,62,,,,,,,,,,,,,,,,,,,,,,,,,,,,,,,,,,,,,,,,,,,,,,,,
tran_8e9fbe8c-f6f6-406a-b56c-267234fdfcdf,4400,tran_61f9effd-170d-4aff-ab90-2d067b518f62,tran_4ab04e6c-5cb0-4466-94cf-f34934341190,,0,44,44,45,45,32,32,34,34,40,40,44,44,122,122,967,967,1118,1118,1048,1048,1018,1018,940,940,881,881,886,886,916,916,935,935,947,947,1007,1007,945,945,387,387,243,243,159,159,116,116,62,62,,,,,,,,,,,,,,,,,,,,,,,,,,,,,,,,,,,,,,,,,,,,,,,,
tran_8ef0665d-3c8e-4eb0-b88e-4353b7215b8c,4400,tran_1ea86e49-a399-4291-8b8c-e638e493ec63,tran_10cd75f9-2c6d-4054-b8b7-35457a774e2b,,0,44,44,45,45,32,32,34,34,40,40,44,44,122,122,967,967,1118,1118,1048,1048,1018,1018,940,940,881,881,886,886,916,916,935,935,947,947,1007,1007,945,945,387,387,243,243,159,159,116,116,62,62,,,,,,,,,,,,,,,,,,,,,,,,,,,,,,,,,,,,,,,,,,,,,,,,
tran_8f1394fa-01c7-4822-92ec-e2cca8797cfb,4400,tran_c29d3e60-62e6-4acc-b4ea-3c78158a298a,tran_10cd75f9-2c6d-4054-b8b7-35457a774e2b,tran_a04f8ee8-9481-4862-a2a1-c8bd70c8d937;tran_29728381-473e-4056-a3c0-73e1f307b39a,2,44,44,45,45,32,32,34,34,40,40,44,44,122,122,967,967,1118,1118,1048,1048,1018,1018,940,940,881,881,886,886,916,916,935,935,947,947,1007,1007,945,945,387,387,243,243,159,159,116,116,62,62,,,,,,,,,,,,,,,,,,,,,,,,,,,,,,,,,,,,,,,,,,,,,,,,
tran_8f226781-31e0-412d-a9a3-2f8776e7994b,4400,tran_7e8d9483-d117-4a79-8585-ee0cf469ddae,16277,,0,42,42,39,39,28,28,29,29,34,34,39,39,112,112,1343,1343,1424,1424,1347,1347,1375,1375,1229,1229,1247,1247,1096,1096,1282,1282,1299,1299,1257,1257,1375,1375,1394,1394,536,536,316,316,190,190,140,140,87,87,,,,,,,,,,,,,,,,,,,,,,,,,,,,,,,,,,,,,,,,,,,,,,,,
tran_8f231233-bf0f-445f-aa42-66ef53ffadcc,3000,tran_b4dfded0-567a-4f49-af25-946e34f4dc7f,tran_8d8846c8-f5c7-4221-b364-89cf4a6b7858,,0,44,44,45,45,32,32,34,34,40,40,44,44,122,122,967,967,1118,1118,1048,1048,1018,1018,940,940,881,881,886,886,916,916,935,935,947,947,1007,1007,945,945,387,387,243,243,159,159,116,116,62,62,,,,,,,,,,,,,,,,,,,,,,,,,,,,,,,,,,,,,,,,,,,,,,,,
tran_8f2b61f2-9405-41ee-b322-6db20c796c73,3300,tran_00d6bd71-ca9f-4d92-8a1c-35237faedc0d,tran_846494b8-0cc4-429c-92c8-4eb8bf075999,tran_a6df32db-6b83-47e7-8351-610cfb3bf781,1,44,44,45,45,32,32,34,34,40,40,44,44,122,122,967,967,1118,1118,1048,1048,1018,1018,940,940,881,881,886,886,916,916,935,935,947,947,1007,1007,945,945,387,387,243,243,159,159,116,116,62,62,,,,,,,,,,,,,,,,,,,,,,,,,,,,,,,,,,,,,,,,,,,,,,,,
tran_8f335b15-a3e4-49fc-bb1f-97473cad4705,4400,tran_61a7064d-2651-4f78-a09c-bdb5fa42c95c,tran_03ea36d0-5658-4307-9c4e-9de96a0008c7,tran_fc7e6600-0ad8-449a-8f0f-f97a7ec5b4a1,1,44,44,45,45,32,32,34,34,40,40,44,44,122,122,967,967,1118,1118,1048,1048,1018,1018,940,940,881,881,886,886,916,916,935,935,947,947,1007,1007,945,945,387,387,243,243,159,159,116,116,62,62,,,,,,,,,,,,,,,,,,,,,,,,,,,,,,,,,,,,,,,,,,,,,,,,
tran_8fcd8f13-9117-4ee6-8123-1f3f982dc3bb,1200,tran_c3a0c474-548c-4006-acd1-b41ef29ff42a,tran_dbf7360b-4f22-44a2-9336-8a77a7398dce,tran_c84b4338-0a33-4755-8d6c-b2e348c0f5ac;tran_0d9fc454-83a8-4d39-aab2-7816481301f9,2,44,44,45,45,32,32,34,34,40,40,44,44,122,122,967,967,1118,1118,1048,1048,1018,1018,940,940,881,881,886,886,916,916,935,935,947,947,1007,1007,945,945,387,387,243,243,159,159,116,116,62,62,,,,,,,,,,,,,,,,,,,,,,,,,,,,,,,,,,,,,,,,,,,,,,,,
tran_8fdaa3d6-063a-4ac2-92c4-0a5e1a906693,3500,tran_7b309370-756c-4f0d-a41a-3bfe1d125b47,tran_40ce49bf-db44-4280-86f7-cb70f343ee81,,0,44,44,45,45,32,32,34,34,40,40,44,44,122,122,967,967,1118,1118,1048,1048,1018,1018,940,940,881,881,886,886,916,916,935,935,947,947,1007,1007,945,945,387,387,243,243,159,159,116,116,62,62,,,,,,,,,,,,,,,,,,,,,,,,,,,,,,,,,,,,,,,,,,,,,,,,
tran_8fdf63dc-ce11-4a81-8f8b-a2af8cb25e39,400,11456,tran_9830de3b-bf56-437e-bc2f-121a8f7d8663,tran_f918f702-5ea2-4840-92c0-eb45b4ca495e,1,44,44,45,45,32,32,34,34,40,40,44,44,122,122,967,967,1118,1118,1048,1048,1018,1018,940,940,881,881,886,886,916,916,935,935,947,947,1007,1007,945,945,387,387,243,243,159,159,116,116,62,62,,,,,,,,,,,,,,,,,,,,,,,,,,,,,,,,,,,,,,,,,,,,,,,,
tran_902daaa7-312e-4ff4-98c0-cd971e96e1f6,4400,tran_c496a086-19c0-43f1-b3fc-28ead41a350d,tran_8cb6f434-9d01-4603-970c-ff27b252a827,,0,44,44,45,45,32,32,34,34,40,40,44,44,122,122,967,967,1118,1118,1048,1048,1018,1018,940,940,881,881,886,886,916,916,935,935,947,947,1007,1007,945,945,387,387,243,243,159,159,116,116,62,62,,,,,,,,,,,,,,,,,,,,,,,,,,,,,,,,,,,,,,,,,,,,,,,,
tran_90339b09-9700-459b-835c-41c749cce5ad,4400,tran_5cc0b664-b9bb-4ab4-974b-95f70928976e,tran_b254b380-d9c1-400b-8734-ab3e39d38833,,0,44,44,45,45,32,32,34,34,40,40,44,44,122,122,967,967,1118,1118,1048,1048,1018,1018,940,940,881,881,886,886,916,916,935,935,947,947,1007,1007,945,945,387,387,243,243,159,159,116,116,62,62,,,,,,,,,,,,,,,,,,,,,,,,,,,,,,,,,,,,,,,,,,,,,,,,
tran_9092a3e1-8642-4af7-8b15-b5f30e8bff6e,1600,tran_d7ac487c-fea8-470a-9d93-08541074e85d,tran_27fbcd0d-1f74-4b3c-90c2-a783bfba9ce5,,0,44,44,45,45,32,32,34,34,40,40,44,44,122,122,967,967,1118,1118,1048,1048,1018,1018,940,940,881,881,886,886,916,916,935,935,947,947,1007,1007,945,945,387,387,243,243,159,159,116,116,62,62,,,,,,,,,,,,,,,,,,,,,,,,,,,,,,,,,,,,,,,,,,,,,,,,
tran_9095a14f-094c-412a-9f45-c16183078eae,1200,tran_54471a40-bfa2-4e19-86fd-5da2d44993a7,tran_cd3505bd-e915-4bc9-a45a-f10888e9b1c5,tran_e9a6511c-b4a4-4e70-b1a7-6889fcd3d6af;tran_048787e7-2501-4f45-82a7-05d41416e3dc,2,44,44,45,45,32,32,34,34,40,40,44,44,122,122,967,967,1118,1118,1048,1048,1018,1018,940,940,881,881,886,886,916,916,935,935,947,947,1007,1007,945,945,387,387,243,243,159,159,116,116,62,62,,,,,,,,,,,,,,,,,,,,,,,,,,,,,,,,,,,,,,,,,,,,,,,,
tran_90b19f3f-3b01-4d62-b4f3-8fc78c7152bb,1200,tran_c79aa264-e613-4b4b-9655-7f0bee680392,tran_7f20accf-a795-41cf-8252-1d55889724b8,tran_89531585-613a-434c-ada7-5fd4b52c1fa0,1,44,44,45,45,32,32,34,34,40,40,44,44,122,122,967,967,1118,1118,1048,1048,1018,1018,940,940,881,881,886,886,916,916,935,935,947,947,1007,1007,945,945,387,387,243,243,159,159,116,116,62,62,,,,,,,,,,,,,,,,,,,,,,,,,,,,,,,,,,,,,,,,,,,,,,,,
tran_90fff2ee-ab95-4e03-8deb-23636fa11c07,1200,tran_94980a40-122c-4e62-90fd-279b4841670a,tran_46814990-4ed4-40a9-b30d-4a5eab113bbb,tran_8742acda-1763-4767-a3fd-89409b7410ce;tran_e3f29e62-e055-4556-8dec-b79b0d37f8d3,2,44,44,45,45,32,32,34,34,40,40,44,44,122,122,967,967,1118,1118,1048,1048,1018,1018,940,940,881,881,886,886,916,916,935,935,947,947,1007,1007,945,945,387,387,243,243,159,159,116,116,62,62,,,,,,,,,,,,,,,,,,,,,,,,,,,,,,,,,,,,,,,,,,,,,,,,
tran_9122fc1e-cb14-41f3-8af9-01bbf0a993a3,300,tran_3f48128d-726c-4130-8d1e-4217f5b852d8,tran_ec9b3355-8be4-4852-8f0c-b685437884dc,tran_a5071144-e7c6-46a3-8327-7694e0f04c31,1,44,44,45,45,32,32,34,34,40,40,44,44,122,122,967,967,1118,1118,1048,1048,1018,1018,940,940,881,881,886,886,916,916,935,935,947,947,1007,1007,945,945,387,387,243,243,159,159,116,116,62,62,,,,,,,,,,,,,,,,,,,,,,,,,,,,,,,,,,,,,,,,,,,,,,,,
tran_912d9716-fc2b-4e08-9a93-e1e2293bb9bf,800,tran_e4a3cd5b-30cf-4c09-a939-4214638e32cf,tran_309266ba-2ff9-4aa9-a689-6d231c6eb613,tran_28816844-464a-4f5f-ad5f-9e4af8268712;tran_b0bfe0b5-e42d-4781-bfb4-5770cc21a236,2,44,44,45,45,32,32,34,34,40,40,44,44,122,122,967,967,1118,1118,1048,1048,1018,1018,940,940,881,881,886,886,916,916,935,935,947,947,1007,1007,945,945,387,387,243,243,159,159,116,116,62,62,,,,,,,,,,,,,,,,,,,,,,,,,,,,,,,,,,,,,,,,,,,,,,,,
tran_9158e8b4-f6ea-48fc-a7d9-faadd947b26c,4400,tran_117ae2ca-d23b-4319-b61a-321beba2c06e,tran_18a372f5-91c1-4881-8e47-d9d42a01c429,,0,44,44,45,45,32,32,34,34,40,40,44,44,122,122,967,967,1118,1118,1048,1048,1018,1018,940,940,881,881,886,886,916,916,935,935,947,947,1007,1007,945,945,387,387,243,243,159,159,116,116,62,62,,,,,,,,,,,,,,,,,,,,,,,,,,,,,,,,,,,,,,,,,,,,,,,,
tran_917a11fb-91ed-47d9-a468-3c07db4b81a8,4400,tran_e54dfffd-ceff-431e-ac69-a131717474ce,tran_bba6b3c1-c088-40bd-a307-462e5a4d08e2,,0,44,44,45,45,32,32,34,34,40,40,44,44,122,122,967,967,1118,1118,1048,1048,1018,1018,940,940,881,881,886,886,916,916,935,935,947,947,1007,1007,945,945,387,387,243,243,159,159,116,116,62,62,,,,,,,,,,,,,,,,,,,,,,,,,,,,,,,,,,,,,,,,,,,,,,,,
tran_919d575d-2d11-4bbc-bde8-f0341259b1a8,2500,tran_428fad6f-2fa6-4a46-8907-d917480d84c9,tran_13164e44-c3d8-40a0-8adc-0ba7720f09f6,tran_1970b1d3-eb13-4cae-874e-dd0c7f916a21,1,44,44,45,45,32,32,34,34,40,40,44,44,122,122,967,967,1118,1118,1048,1048,1018,1018,940,940,881,881,886,886,916,916,935,935,947,947,1007,1007,945,945,387,387,243,243,159,159,116,116,62,62,,,,,,,,,,,,,,,,,,,,,,,,,,,,,,,,,,,,,,,,,,,,,,,,
tran_921a9e41-9812-4f20-a088-ab8eac85251f,4400,tran_fd77d9f2-440d-4c0e-86dd-b253f00e90b5,tran_779c38bc-7cf9-42d4-8708-d9269ca1d818,,0,44,44,45,45,32,32,34,34,40,40,44,44,122,122,967,967,1118,1118,1048,1048,1018,1018,940,940,881,881,886,886,916,916,935,935,947,947,1007,1007,945,945,387,387,243,243,159,159,116,116,62,62,,,,,,,,,,,,,,,,,,,,,,,,,,,,,,,,,,,,,,,,,,,,,,,,
tran_921fa583-9bd5-4aba-8b48-e831b9fadf3c,1200,tran_d07516bb-cfa6-46a5-82f6-4aef0197f24a,tran_a93d2d9e-341c-469f-9cd6-570912e67c9e,tran_d9dd2665-58d5-48b6-ae9b-838af9d1c4ef,1,44,44,45,45,32,32,34,34,40,40,44,44,122,122,967,967,1118,1118,1048,1048,1018,1018,940,940,881,881,886,886,916,916,935,935,947,947,1007,1007,945,945,387,387,243,243,159,159,116,116,62,62,,,,,,,,,,,,,,,,,,,,,,,,,,,,,,,,,,,,,,,,,,,,,,,,
tran_9287ec4a-2ad1-4c6d-a300-c66032339ef2,4400,3767,,,0,44,44,45,45,32,32,34,34,40,40,44,44,122,122,967,967,1118,1118,1048,1048,1018,1018,940,940,881,881,886,886,916,916,935,935,947,947,1007,1007,945,945,387,387,243,243,159,159,116,116,62,62,,,,,,,,,,,,,,,,,,,,,,,,,,,,,,,,,,,,,,,,,,,,,,,,
tran_928b9891-ea38-41f8-ae8d-a2dc90446aa4,3500,tran_b1530cae-22e9-48b0-9e3c-b4dd997fb05a,tran_1dc3b809-a721-4aeb-99d8-60b3aea99731,,0,44,44,45,45,32,32,34,34,40,40,44,44,122,122,967,967,1118,1118,1048,1048,1018,1018,940,940,881,881,886,886,916,916,935,935,947,947,1007,1007,945,945,387,387,243,243,159,159,116,116,62,62,,,,,,,,,,,,,,,,,,,,,,,,,,,,,,,,,,,,,,,,,,,,,,,,
tran_92e5864b-236c-4090-837c-b3dcb27a5096,500,tran_5cfcd084-251a-4379-8170-813d1b879974,tran_d650f67b-03fb-4d7f-b777-8238def711bd,tran_721581e6-56ae-4a86-bf3e-5e675e1432d6,1,44,44,45,45,32,32,34,34,40,40,44,44,122,122,967,967,1118,1118,1048,1048,1018,1018,940,940,881,881,886,886,916,916,935,935,947,947,1007,1007,945,945,387,387,243,243,159,159,116,116,62,62,,,,,,,,,,,,,,,,,,,,,,,,,,,,,,,,,,,,,,,,,,,,,,,,
tran_92ee6c41-6ebc-45da-a31d-25c89559627a,4400,tran_188d9058-4f3c-4313-9cef-ea5a15fdf6c2,tran_898c5a08-9589-4635-9434-0e4ca2aea599,,0,44,44,45,45,32,32,34,34,40,40,44,44,122,122,967,967,1118,1118,1048,1048,1018,1018,940,940,881,881,886,886,916,916,935,935,947,947,1007,1007,945,945,387,387,243,243,159,159,116,116,62,62,,,,,,,,,,,,,,,,,,,,,,,,,,,,,,,,,,,,,,,,,,,,,,,,
tran_9303c1be-95ce-4864-bc40-ab8b83f3f1c3,3500,tran_a1e06d60-9917-4d1c-ad24-1d412d206ed3,tran_9e8897db-436b-4e82-8c7c-1d59f92927c1,tran_0f513e0c-7d63-4720-aab4-7c0775ba2497;tran_1e400d23-adf9-4d74-853a-840a900ef313,2,44,44,45,45,32,32,34,34,40,40,44,44,122,122,967,967,1118,1118,1048,1048,1018,1018,940,940,881,881,886,886,916,916,935,935,947,947,1007,1007,945,945,387,387,243,243,159,159,116,116,62,62,,,,,,,,,,,,,,,,,,,,,,,,,,,,,,,,,,,,,,,,,,,,,,,,
tran_930725af-d22a-4ce2-bc30-0e7cafdf22d6,4400,tran_8c8e3a9b-4da2-4539-b09b-d1b18c55582b,tran_674f157e-9231-452a-a884-51a0eedcbcd8,,0,44,44,45,45,32,32,34,34,40,40,44,44,122,122,967,967,1118,1118,1048,1048,1018,1018,940,940,881,881,886,886,916,916,935,935,947,947,1007,1007,945,945,387,387,243,243,159,159,116,116,62,62,,,,,,,,,,,,,,,,,,,,,,,,,,,,,,,,,,,,,,,,,,,,,,,,
tran_9309cff4-e104-4f66-9a0b-a25b11e37465,4000,tran_8c076948-7efe-4fbd-9252-e45308ed3259,tran_174ce230-b605-4141-a87b-3cbc67d8ba48,,0,44,44,45,45,32,32,34,34,40,40,44,44,122,122,967,967,1118,1118,1048,1048,1018,1018,940,940,881,881,886,886,916,916,935,935,947,947,1007,1007,945,945,387,387,243,243,159,159,116,116,62,62,,,,,,,,,,,,,,,,,,,,,,,,,,,,,,,,,,,,,,,,,,,,,,,,
tran_932301c4-9516-4fae-a8c7-bb30f26eb0d8,1200,tran_3593a586-b214-4751-b3f8-b0a6f339ffeb,tran_4c9c8b56-9b69-4111-b626-ca6b5bb93452,tran_1f354a08-c419-48ad-94d8-99bc5cc9dbaf,1,44,44,45,45,32,32,34,34,40,40,44,44,122,122,967,967,1118,1118,1048,1048,1018,1018,940,940,881,881,886,886,916,916,935,935,947,947,1007,1007,945,945,387,387,243,243,159,159,116,116,62,62,,,,,,,,,,,,,,,,,,,,,,,,,,,,,,,,,,,,,,,,,,,,,,,,
tran_9346c80d-26a3-4c0f-a40e-b08375a93464,4400,tran_9cb5cb5f-3a36-43b9-8117-e24df81a0fe0,tran_52ba5c9e-ee6f-4bea-9f97-e2eb27482275,,0,44,44,45,45,32,32,34,34,40,40,44,44,122,122,967,967,1118,1118,1048,1048,1018,1018,940,940,881,881,886,886,916,916,935,935,947,947,1007,1007,945,945,387,387,243,243,159,159,116,116,62,62,,,,,,,,,,,,,,,,,,,,,,,,,,,,,,,,,,,,,,,,,,,,,,,,
tran_9365b7ac-8be5-423c-9f84-7e7a34f1c12b,1100,,tran_707a1a1a-c106-4210-927b-341c4b7e96ec,,0,44,44,45,45,32,32,34,34,40,40,44,44,122,122,967,967,1118,1118,1048,1048,1018,1018,940,940,881,881,886,886,916,916,935,935,947,947,1007,1007,945,945,387,387,243,243,159,159,116,116,62,62,,,,,,,,,,,,,,,,,,,,,,,,,,,,,,,,,,,,,,,,,,,,,,,,
tran_938dca3a-dcf1-426d-b293-dfc5b567606b,3850,tran_764ec3a8-53b5-4530-99b0-98bba8b470e8,tran_80026f0a-2e9d-4bb4-88d1-d73bcf02cd2e,tran_96ec9622-da8f-4ba3-aac1-b0851b054a52,1,44,44,45,45,32,32,34,34,40,40,44,44,122,122,967,967,1118,1118,1048,1048,1018,1018,940,940,881,881,886,886,916,916,935,935,947,947,1007,1007,945,945,387,387,243,243,159,159,116,116,62,62,,,,,,,,,,,,,,,,,,,,,,,,,,,,,,,,,,,,,,,,,,,,,,,,
tran_93a33089-696e-4cd2-8174-8f3d6559e4ad,4400,tran_258ebb41-ef8d-4b9f-ab7c-dfff7dbfdbb9,tran_3057ba66-3781-483e-ab86-846893e11339,,0,44,44,45,45,32,32,34,34,40,40,44,44,122,122,967,967,1118,1118,1048,1048,1018,1018,940,940,881,881,886,886,916,916,935,935,947,947,1007,1007,945,945,387,387,243,243,159,159,116,116,62,62,,,,,,,,,,,,,,,,,,,,,,,,,,,,,,,,,,,,,,,,,,,,,,,,
tran_93a64a34-b1d5-4095-b39b-bf978ae05b99,4400,tran_17c801be-99a7-4e2d-9818-0c4478d0a8f2,tran_fafaa4b3-042c-4726-a5cb-6566324e0180,,0,44,44,45,45,32,32,34,34,40,40,44,44,122,122,967,967,1118,1118,1048,1048,1018,1018,940,940,881,881,886,886,916,916,935,935,947,947,1007,1007,945,945,387,387,243,243,159,159,116,116,62,62,,,,,,,,,,,,,,,,,,,,,,,,,,,,,,,,,,,,,,,,,,,,,,,,
tran_940f985f-4103-4538-a845-558c72f6cda9,4400,tran_db223364-d89f-4b6b-882f-c001a421cf76,tran_30026e4b-5bad-4243-a0d8-8ebad4e95bc4,,0,44,44,45,45,32,32,34,34,40,40,44,44,122,122,967,967,1118,1118,1048,1048,1018,1018,940,940,881,881,886,886,916,916,935,935,947,947,1007,1007,945,945,387,387,243,243,159,159,116,116,62,62,,,,,,,,,,,,,,,,,,,,,,,,,,,,,,,,,,,,,,,,,,,,,,,,
tran_944b1c4d-f844-4432-87b6-bae46537631c,800,tran_5f48df3a-6d2d-450a-b881-e4e90dc19371,tran_2c6c0108-b1de-4711-a32c-97ac3a5cca65,tran_ae031a46-e05c-4c88-81a9-bdcbe497c390,1,44,44,45,45,32,32,34,34,40,40,44,44,122,122,967,967,1118,1118,1048,1048,1018,1018,940,940,881,881,886,886,916,916,935,935,947,947,1007,1007,945,945,387,387,243,243,159,159,116,116,62,62,,,,,,,,,,,,,,,,,,,,,,,,,,,,,,,,,,,,,,,,,,,,,,,,
tran_945756c0-538c-442b-9d2d-a58ef2b22a59,4400,tran_f9d51d23-8c93-4c4f-b366-90e8fa57c351,tran_11f653da-c40f-4d69-b0b4-04746f46672d,,0,44,44,45,45,32,32,34,34,40,40,44,44,122,122,967,967,1118,1118,1048,1048,1018,1018,940,940,881,881,886,886,916,916,935,935,947,947,1007,1007,945,945,387,387,243,243,159,159,116,116,62,62,,,,,,,,,,,,,,,,,,,,,,,,,,,,,,,,,,,,,,,,,,,,,,,,
tran_94980a40-122c-4e62-90fd-279b4841670a,2500,tran_90fff2ee-ab95-4e03-8deb-23636fa11c07,tran_829bede8-337a-4c80-ad7d-46c4e488304f,,0,44,44,45,45,32,32,34,34,40,40,44,44,122,122,967,967,1118,1118,1048,1048,1018,1018,940,940,881,881,886,886,916,916,935,935,947,947,1007,1007,945,945,387,387,243,243,159,159,116,116,62,62,,,,,,,,,,,,,,,,,,,,,,,,,,,,,,,,,,,,,,,,,,,,,,,,
tran_94c8ac8d-9e28-458e-a8c4-f6ee5154f83d,4400,tran_a9dbc10e-ff36-4ab8-805f-3834b62ef74d,tran_5bce7171-830a-45f8-ab4e-9e4091344d18,tran_1670839c-b12b-4217-a295-bfde5deda191;tran_28816844-464a-4f5f-ad5f-9e4af8268712,2,44,44,45,45,32,32,34,34,40,40,44,44,122,122,967,967,1118,1118,1048,1048,1018,1018,940,940,881,881,886,886,916,916,935,935,947,947,1007,1007,945,945,387,387,243,243,159,159,116,116,62,62,,,,,,,,,,,,,,,,,,,,,,,,,,,,,,,,,,,,,,,,,,,,,,,,
tran_94cf875b-0fc1-4c19-88ad-b9fe4189d0e0,4400,tran_333e257d-6bb4-4d5d-bf3d-57cffd9ebb04,18049,,0,44,44,45,45,32,32,34,34,40,40,44,44,122,122,967,967,1118,1118,1048,1048,1018,1018,940,940,881,881,886,886,916,916,935,935,947,947,1007,1007,945,945,387,387,243,243,159,159,116,116,62,62,,,,,,,,,,,,,,,,,,,,,,,,,,,,,,,,,,,,,,,,,,,,,,,,
tran_9538f5d4-80ab-41ff-b59c-b4fdb53324bf,4400,,tran_261b5675-b583-4faf-8f95-63501e616b2a,,0,44,44,45,45,32,32,34,34,40,40,44,44,122,122,967,967,1118,1118,1048,1048,1018,1018,940,940,881,881,886,886,916,916,935,935,947,947,1007,1007,945,945,387,387,243,243,159,159,116,116,62,62,,,,,,,,,,,,,,,,,,,,,,,,,,,,,,,,,,,,,,,,,,,,,,,,
tran_9540f0de-4e51-48da-a6a0-752bc1c6c947,4000,tran_9ef1b566-b2fd-4e5d-9b87-459cfd83e3da,tran_9dd8a932-b5ef-44c7-af52-8899c508ad54,,0,44,44,45,45,32,32,34,34,40,40,44,44,122,122,967,967,1118,1118,1048,1048,1018,1018,940,940,881,881,886,886,916,916,935,935,947,947,1007,1007,945,945,387,387,243,243,159,159,116,116,62,62,,,,,,,,,,,,,,,,,,,,,,,,,,,,,,,,,,,,,,,,,,,,,,,,
tran_95c115fc-82da-44c9-b5e9-d7784589721c,4400,tran_8e72968a-7cd0-4f78-be50-088a0687f6fd,tran_5bc234df-5e1d-4c50-9264-a1c4c1b88131,,0,44,44,45,45,32,32,34,34,40,40,44,44,122,122,967,967,1118,1118,1048,1048,1018,1018,940,940,881,881,886,886,916,916,935,935,947,947,1007,1007,945,945,387,387,243,243,159,159,116,116,62,62,,,,,,,,,,,,,,,,,,,,,,,,,,,,,,,,,,,,,,,,,,,,,,,,
tran_9629efa8-7d30-4daa-8278-3a8ba05f496c,1200,tran_fdd5e35c-7966-48c8-b79b-2943f3c0bc82,tran_10cd75f9-2c6d-4054-b8b7-35457a774e2b,,0,44,44,45,45,32,32,34,34,40,40,44,44,122,122,967,967,1118,1118,1048,1048,1018,1018,940,940,881,881,886,886,916,916,935,935,947,947,1007,1007,945,945,387,387,243,243,159,159,116,116,62,62,,,,,,,,,,,,,,,,,,,,,,,,,,,,,,,,,,,,,,,,,,,,,,,,
tran_966e0c91-cc3b-4eef-b9d4-0f6598833744,4400,tran_c8ae8308-cbc1-498f-be3f-0b2733ace917,tran_3a52f225-6b29-451c-8744-42ba309b49e5,,0,44,44,45,45,32,32,34,34,40,40,44,44,122,122,967,967,1118,1118,1048,1048,1018,1018,940,940,881,881,886,886,916,916,935,935,947,947,1007,1007,945,945,387,387,243,243,159,159,116,116,62,62,,,,,,,,,,,,,,,,,,,,,,,,,,,,,,,,,,,,,,,,,,,,,,,,
tran_96ec9622-da8f-4ba3-aac1-b0851b054a52,2750,tran_a233f3cb-dc5a-446f-b858-cc9141e3a0de,tran_938dca3a-dcf1-426d-b293-dfc5b567606b,,0,44,44,45,45,32,32,34,34,40,40,44,44,122,122,967,967,1118,1118,1048,1048,1018,1018,940,940,881,881,886,886,916,916,935,935,947,947,1007,1007,945,945,387,387,243,243,159,159,116,116,62,62,,,,,,,,,,,,,,,,,,,,,,,,,,,,,,,,,,,,,,,,,,,,,,,,
tran_9705067a-5baa-47c6-8350-fbafdf46b5b2,4400,tran_cdb78879-e733-4280-9ad1-dcbf4014d906,tran_1a5c0739-fc9e-4a31-b5f0-400130d8cb6a,,0,44,44,45,45,32,32,34,34,40,40,44,44,122,122,967,967,1118,1118,1048,1048,1018,1018,940,940,881,881,886,886,916,916,935,935,947,947,1007,1007,945,945,387,387,243,243,159,159,116,116,62,62,,,,,,,,,,,,,,,,,,,,,,,,,,,,,,,,,,,,,,,,,,,,,,,,
tran_9712d08c-e623-4418-8188-5da4aa388389,1000,,17836,tran_81dc9f9b-c50c-4900-8c13-a81113b6a131;tran_f14bd693-f5c3-4314-b3a3-6e37a326d80b,2,44,44,45,45,32,32,34,34,40,40,44,44,122,122,967,967,1118,1118,1048,1048,1018,1018,940,940,881,881,886,886,916,916,935,935,947,947,1007,1007,945,945,387,387,243,243,159,159,116,116,62,62,,,,,,,,,,,,,,,,,,,,,,,,,,,,,,,,,,,,,,,,,,,,,,,,
tran_9730b185-aae7-4c1e-9e91-fcff7d20edf7,1200,tran_8189e039-5a21-4afd-a936-ffdb06869c08,tran_42132998-27e9-4b75-9cdc-fa7310a5d638,tran_b012e471-3497-4998-be1a-83c36bd08abd;tran_28d39b79-0bf7-4de6-9583-65a7f4642f95,2,44,44,45,45,32,32,34,34,40,40,44,44,122,122,967,967,1118,1118,1048,1048,1018,1018,940,940,881,881,886,886,916,916,935,935,947,947,1007,1007,945,945,387,387,243,243,159,159,116,116,62,62,,,,,,,,,,,,,,,,,,,,,,,,,,,,,,,,,,,,,,,,,,,,,,,,
tran_977f08c5-6425-43a7-a3d9-2a7e82f295de,4400,tran_3f005230-5f80-43df-90e3-723c58f3025f,tran_c3498a47-3054-42f2-9e1f-1c2b9c1963c3,tran_40440557-ccbe-4258-8c09-7d7468d03bc5,1,44,44,45,45,32,32,34,34,40,40,44,44,122,122,967,967,1118,1118,1048,1048,1018,1018,940,940,881,881,886,886,916,916,935,935,947,947,1007,1007,945,945,387,387,243,243,159,159,116,116,62,62,,,,,,,,,,,,,,,,,,,,,,,,,,,,,,,,,,,,,,,,,,,,,,,,
tran_978169a3-6d24-4612-8d15-61e3e56d92cf,3000,,tran_e54dfffd-ceff-431e-ac69-a131717474ce,,0,44,44,45,45,32,32,34,34,40,40,44,44,122,122,967,967,1118,1118,1048,1048,1018,1018,940,940,881,881,886,886,916,916,935,935,947,947,1007,1007,945,945,387,387,243,243,159,159,116,116,62,62,,,,,,,,,,,,,,,,,,,,,,,,,,,,,,,,,,,,,,,,,,,,,,,,
tran_9796fcfe-d96e-4ac7-891a-902a701e26bc,3500,tran_d5dd0f75-01b2-4159-b070-617d2e79dc15,tran_5939fee2-63ef-4296-8ddd-8c26365369a0,,0,44,44,45,45,32,32,34,34,40,40,44,44,122,122,967,967,1118,1118,1048,1048,1018,1018,940,940,881,881,886,886,916,916,935,935,947,947,1007,1007,945,945,387,387,243,243,159,159,116,116,62,62,,,,,,,,,,,,,,,,,,,,,,,,,,,,,,,,,,,,,,,,,,,,,,,,
tran_981973f9-874f-4a46-952b-549e0f135ef3,1500,tran_1e91bd68-fc47-4e87-bdd2-f52dbac4dee1,tran_c3677506-835f-4890-85e1-1bb1c177d7a5,,0,44,44,45,45,32,32,34,34,40,40,44,44,122,122,967,967,1118,1118,1048,1048,1018,1018,940,940,881,881,886,886,916,916,935,935,947,947,1007,1007,945,945,387,387,243,243,159,159,116,116,62,62,,,,,,,,,,,,,,,,,,,,,,,,,,,,,,,,,,,,,,,,,,,,,,,,
tran_9830de3b-bf56-437e-bc2f-121a8f7d8663,300,tran_dd65c98f-a540-4751-b725-8a5b085f8a54,tran_8fdf63dc-ce11-4a81-8f8b-a2af8cb25e39,,0,44,44,45,45,32,32,34,34,40,40,44,44,122,122,967,967,1118,1118,1048,1048,1018,1018,940,940,881,881,886,886,916,916,935,935,947,947,1007,1007,945,945,387,387,243,243,159,159,116,116,62,62,,,,,,,,,,,,,,,,,,,,,,,,,,,,,,,,,,,,,,,,,,,,,,,,
tran_9861565e-2d55-40b4-b4f2-13d9ad41b2a5,4400,tran_5a6015e3-a78f-4956-93b4-34cea23419eb,tran_5f1ad0bc-dd95-4c31-92d1-121e1cecc0ac,,0,44,44,45,45,32,32,34,34,40,40,44,44,122,122,967,967,1118,1118,1048,1048,1018,1018,940,940,881,881,886,886,916,916,935,935,947,947,1007,1007,945,945,387,387,243,243,159,159,116,116,62,62,,,,,,,,,,,,,,,,,,,,,,,,,,,,,,,,,,,,,,,,,,,,,,,,
tran_988fec77-214d-4500-9ff3-8205e8ec5eb4,4400,tran_b466cda7-0417-4df9-96eb-1241860ff02b,tran_1dc3b809-a721-4aeb-99d8-60b3aea99731,,0,44,44,45,45,32,32,34,34,40,40,44,44,122,122,967,967,1118,1118,1048,1048,1018,1018,940,940,881,881,886,886,916,916,935,935,947,947,1007,1007,945,945,387,387,243,243,159,159,116,116,62,62,,,,,,,,,,,,,,,,,,,,,,,,,,,,,,,,,,,,,,,,,,,,,,,,
tran_9891aeb0-527c-4d47-bb9f-786b9de66c55,2500,tran_4278f6eb-4ac1-49ac-8b48-13f57402035e,tran_71b3f160-8aa3-481a-acb0-601b39824e81,,0,44,44,45,45,32,32,34,34,40,40,44,44,122,122,967,967,1118,1118,1048,1048,1018,1018,940,940,881,881,886,886,916,916,935,935,947,947,1007,1007,945,945,387,387,243,243,159,159,116,116,62,62,,,,,,,,,,,,,,,,,,,,,,,,,,,,,,,,,,,,,,,,,,,,,,,,
tran_989be9f3-c4cb-4717-9a64-ad044a4497f2,600,tran_3eb4fa53-d4c1-4ea2-ae88-28a460179752,tran_81099371-8ff5-48b0-ab3c-7b4e5ae978ba,tran_a6055ff7-2ef9-49cd-85a2-b308b200f5f1,1,44,44,45,45,32,32,34,34,40,40,44,44,122,122,967,967,1118,1118,1048,1048,1018,1018,940,940,881,881,886,886,916,916,935,935,947,947,1007,1007,945,945,387,387,243,243,159,159,116,116,62,62,,,,,,,,,,,,,,,,,,,,,,,,,,,,,,,,,,,,,,,,,,,,,,,,
tran_9920426e-1c00-4de7-bd2a-4f1d5479873b,4400,,,,0,44,44,45,45,32,32,34,34,40,40,44,44,122,122,967,967,1118,1118,1048,1048,1018,1018,940,940,881,881,886,886,916,916,935,935,947,947,1007,1007,945,945,387,387,243,243,159,159,116,116,62,62,,,,,,,,,,,,,,,,,,,,,,,,,,,,,,,,,,,,,,,,,,,,,,,,
tran_994372cc-d2a2-400d-b995-3cf4545d962b,1200,tran_22841a39-9022-40ae-86d2-38a4b781fa71,tran_18ab8f6c-db0f-46ff-b9ca-ac680a58cbef,,0,44,44,45,45,32,32,34,34,40,40,44,44,122,122,967,967,1118,1118,1048,1048,1018,1018,940,940,881,881,886,886,916,916,935,935,947,947,1007,1007,945,945,387,387,243,243,159,159,116,116,62,62,,,,,,,,,,,,,,,,,,,,,,,,,,,,,,,,,,,,,,,,,,,,,,,,
tran_995e5e96-5bed-4f99-ad14-35c467dc0dc8,1200,tran_70265b59-9640-4fd0-a96c-300efe92aab1,tran_31e4a0e2-3c49-4e72-859c-4bf8d1a0def8,,0,44,44,45,45,32,32,34,34,40,40,44,44,122,122,967,967,1118,1118,1048,1048,1018,1018,940,940,881,881,886,886,916,916,935,935,947,947,1007,1007,945,945,387,387,243,243,159,159,116,116,62,62,,,,,,,,,,,,,,,,,,,,,,,,,,,,,,,,,,,,,,,,,,,,,,,,
tran_99b4704e-c100-4ccb-84ea-a113f2981bd2,1200,tran_9ef0bac0-1b4d-4f06-a010-5aacd5e048c1,tran_ce8e7a8b-037c-4f0a-acfa-ac6f9360e14a,tran_4c8a4f2d-b80f-45cf-a3d1-e87197f04e06,1,44,44,45,45,32,32,34,34,40,40,44,44,122,122,967,967,1118,1118,1048,1048,1018,1018,940,940,881,881,886,886,916,916,935,935,947,947,1007,1007,945,945,387,387,243,243,159,159,116,116,62,62,,,,,,,,,,,,,,,,,,,,,,,,,,,,,,,,,,,,,,,,,,,,,,,,
tran_99e8f0de-411e-44e3-8d19-8220ad7c7a8a,3000,tran_7bd15b1e-df23-44f0-9354-fd78a6305fa9,tran_8bbe1cfc-cc0c-467b-8abd-270442332055,,0,44,44,45,45,32,32,34,34,40,40,44,44,122,122,967,967,1118,1118,1048,1048,1018,1018,940,940,881,881,886,886,916,916,935,935,947,947,1007,1007,945,945,387,387,243,243,159,159,116,116,62,62,,,,,,,,,,,,,,,,,,,,,,,,,,,,,,,,,,,,,,,,,,,,,,,,
tran_99ec0bc0-01fa-4ee4-87aa-550e249e996a,4400,tran_3305b67c-776a-42c0-a26e-8255e82dde3d,tran_6f773375-158a-4bf8-8132-79da6b5049ca,,0,44,44,45,45,32,32,34,34,40,40,44,44,122,122,967,967,1118,1118,1048,1048,1018,1018,940,940,881,881,886,886,916,916,935,935,947,947,1007,1007,945,945,387,387,243,243,159,159,116,116,62,62,,,,,,,,,,,,,,,,,,,,,,,,,,,,,,,,,,,,,,,,,,,,,,,,
tran_9a32f6d2-ba41-4457-8927-5b3439d32808,2500,tran_76ae3169-1645-4d1d-a184-3dcabd8a0a0b,tran_e5c6f669-4fb8-4a67-b165-fcb60d980e3b,,0,44,44,45,45,32,32,34,34,40,40,44,44,122,122,967,967,1118,1118,1048,1048,1018,1018,940,940,881,881,886,886,916,916,935,935,947,947,1007,1007,945,945,387,387,243,243,159,159,116,116,62,62,,,,,,,,,,,,,,,,,,,,,,,,,,,,,,,,,,,,,,,,,,,,,,,,
tran_9a3c996b-e70f-40d6-a2ef-c3df5e5a13f9,3000,tran_1093a8a7-708a-4327-a9f1-789f1d0e9c52,tran_60d7ab2b-ee32-4464-8dd0-ff11f8d3d767,tran_65d3db63-fe2a-4046-9e2d-b8e53ed5f62a;tran_5bce7171-830a-45f8-ab4e-9e4091344d18,2,44,44,45,45,32,32,34,34,40,40,44,44,122,122,967,967,1118,1118,1048,1048,1018,1018,940,940,881,881,886,886,916,916,935,935,947,947,1007,1007,945,945,387,387,243,243,159,159,116,116,62,62,,,,,,,,,,,,,,,,,,,,,,,,,,,,,,,,,,,,,,,,,,,,,,,,
tran_9aa673a4-3da8-4dda-b0b1-144e6c88f18d,4400,tran_f4cc7ecd-5e6a-4b20-a4e7-2c6312ed3146,tran_596348bb-b3eb-4f13-a752-a05f483649db,tran_454a667c-52a5-4893-957f-3c33a7e41731,1,44,44,45,45,32,32,34,34,40,40,44,44,122,122,967,967,1118,1118,1048,1048,1018,1018,940,940,881,881,886,886,916,916,935,935,947,947,1007,1007,945,945,387,387,243,243,159,159,116,116,62,62,,,,,,,,,,,,,,,,,,,,,,,,,,,,,,,,,,,,,,,,,,,,,,,,
tran_9aade559-8aac-4c4f-a806-31ac0246a5cc,1650,tran_048787e7-2501-4f45-82a7-05d41416e3dc,tran_69ed06e6-e266-4a7a-a81c-fc269fd5df22,tran_3aabc791-2581-48f1-b1e5-fde62eb83466,1,44,44,45,45,32,32,34,34,40,40,44,44,122,122,967,967,1118,1118,1048,1048,1018,1018,940,940,881,881,886,886,916,916,935,935,947,947,1007,1007,945,945,387,387,243,243,159,159,116,116,62,62,,,,,,,,,,,,,,,,,,,,,,,,,,,,,,,,,,,,,,,,,,,,,,,,
tran_9ac41fe8-a326-4747-b261-d1c88510723d,4400,tran_44dacfa0-6096-4778-95de-8ae1af535382,tran_3110819f-cada-414d-9671-ed0705e993b5,,0,44,44,45,45,32,32,34,34,40,40,44,44,122,122,967,967,1118,1118,1048,1048,1018,1018,940,940,881,881,886,886,916,916,935,935,947,947,1007,1007,945,945,387,387,243,243,159,159,116,116,62,62,,,,,,,,,,,,,,,,,,,,,,,,,,,,,,,,,,,,,,,,,,,,,,,,
tran_9ace8f49-f587-4bc6-bb33-97fc0ef87917,1600,tran_7f8d0d6a-936c-40fa-9a5a-fb771a2c2dfd,tran_9f8bb0e4-a15a-410d-a6a4-81bf1a70b1ab,tran_3446d89e-b26c-4dfc-8dd9-11ed27d844de;tran_bfd05dae-1a1b-48c3-96bb-15db6416d3eb,2,44,44,45,45,32,32,34,34,40,40,44,44,122,122,967,967,1118,1118,1048,1048,1018,1018,940,940,881,881,886,886,916,916,935,935,947,947,1007,1007,945,945,387,387,243,243,159,159,116,116,62,62,,,,,,,,,,,,,,,,,,,,,,,,,,,,,,,,,,,,,,,,,,,,,,,,
tran_9b190af6-f4ba-4e88-8711-acb5264e84f8,4400,tran_61a7064d-2651-4f78-a09c-bdb5fa42c95c,tran_3a4cddbc-ef03-4d4f-95b7-4162897a16f1,tran_f9ce7078-b305-481d-b9f1-42e2cb4dde10;tran_e1d10cab-2ca2-4d6c-89df-46782bd6d436,2,0,0,0,0,0,0,0,0,0,0,0,0,0,0,1138,1138,1201,1201,1284,1284,1257,1257,1168,1168,1084,1084,1145,1145,1051,1051,1179,1179,1173,1173,1211,1211,1091,1091,0,0,0,0,0,0,0,0,0,0,,,,,,,,,,,,,,,,,,,,,,,,,,,,,,,,,,,,,,,,,,,,,,,,
tran_9b2a82ce-b4fb-4708-9468-f1f25236f5ad,2500,tran_c274f2da-c6cd-43d9-a664-881ade99cc3b,tran_fdd5e35c-7966-48c8-b79b-2943f3c0bc82,,0,44,44,45,45,32,32,34,34,40,40,44,44,122,122,967,967,1118,1118,1048,1048,1018,1018,940,940,881,881,886,886,916,916,935,935,947,947,1007,1007,945,945,387,387,243,243,159,159,116,116,62,62,,,,,,,,,,,,,,,,,,,,,,,,,,,,,,,,,,,,,,,,,,,,,,,,
tran_9b3fb295-04ab-44d5-bdf7-5b931a7c9170,1600,tran_cf0e87c0-ea3c-4863-82b1-2f62df73a0d6,tran_a96e6b35-1686-4f13-83dd-3b8ac5a2fe45,tran_be4ce453-9777-48d6-acb2-2fe5fba2cc31;tran_2b4d964c-ed35-4c4b-8953-fe5f905f8ec2,2,44,44,45,45,32,32,34,34,40,40,44,44,122,122,967,967,1118,1118,1048,1048,1018,1018,940,940,881,881,886,886,916,916,935,935,947,947,1007,1007,945,945,387,387,243,243,159,159,116,116,62,62,,,,,,,,,,,,,,,,,,,,,,,,,,,,,,,,,,,,,,,,,,,,,,,,
tran_9b47a8ee-0bc5-4442-815d-c08220e0ad2b,4400,tran_2157f80f-437d-4ef5-bf6e-64ab72219026,tran_265ca9a0-d7e9-414e-8145-99124e36c61e,,0,44,44,45,45,32,32,34,34,40,40,44,44,122,122,967,967,1118,1118,1048,1048,1018,1018,940,940,881,881,886,886,916,916,935,935,947,947,1007,1007,945,945,387,387,243,243,159,159,116,116,62,62,,,,,,,,,,,,,,,,,,,,,,,,,,,,,,,,,,,,,,,,,,,,,,,,
tran_9b7384b3-0d05-4909-a9a4-94dd02534a59,4400,tran_0804b2e3-8c40-4809-83d5-1d71936c0db4,tran_ecaa3fe6-a880-49b6-b610-2d76751639b8,,0,44,44,45,45,32,32,34,34,40,40,44,44,122,122,967,967,1118,1118,1048,1048,1018,1018,940,940,881,881,886,886,916,916,935,935,947,947,1007,1007,945,945,387,387,243,243,159,159,116,116,62,62,,,,,,,,,,,,,,,,,,,,,,,,,,,,,,,,,,,,,,,,,,,,,,,,
tran_9b9f7525-4b0c-4947-8a3f-37ab14cee4bb,4400,tran_1e91bd68-fc47-4e87-bdd2-f52dbac4dee1,,,0,44,44,45,45,32,32,34,34,40,40,44,44,122,122,967,967,1118,1118,1048,1048,1018,1018,940,940,881,881,886,886,916,916,935,935,947,947,1007,1007,945,945,387,387,243,243,159,159,116,116,62,62,,,,,,,,,,,,,,,,,,,,,,,,,,,,,,,,,,,,,,,,,,,,,,,,
tran_9ba87b3d-31e9-489e-b819-be3e2e1e6a9b,4400,tran_c68b3b4d-cb43-40d5-b7d4-5e4f5a359f62,tran_1a5c0739-fc9e-4a31-b5f0-400130d8cb6a,,0,44,44,45,45,32,32,34,34,40,40,44,44,122,122,967,967,1118,1118,1048,1048,1018,1018,940,940,881,881,886,886,916,916,935,935,947,947,1007,1007,945,945,387,387,243,243,159,159,116,116,62,62,,,,,,,,,,,,,,,,,,,,,,,,,,,,,,,,,,,,,,,,,,,,,,,,
tran_9bad2f39-5b1e-40cc-8ee8-96584a0b201a,4000,tran_4a668cd3-f0c3-4b11-99db-894a3d938edd,tran_3e377bda-21ca-4bb6-8d4e-f97a212e643c,,0,44,44,45,45,32,32,34,34,40,40,44,44,122,122,967,967,1118,1118,1048,1048,1018,1018,940,940,881,881,886,886,916,916,935,935,947,947,1007,1007,945,945,387,387,243,243,159,159,116,116,62,62,,,,,,,,,,,,,,,,,,,,,,,,,,,,,,,,,,,,,,,,,,,,,,,,
tran_9bf91d57-6600-4c56-97de-0347a281a2c2,3000,tran_8a5b1233-c9b8-45b6-bb18-15ab72ec06f5,tran_c947cdef-aa38-47eb-976d-88fd67885634,,0,44,44,45,45,32,32,34,34,40,40,44,44,122,122,967,967,1118,1118,1048,1048,1018,1018,940,940,881,881,886,886,916,916,935,935,947,947,1007,1007,945,945,387,387,243,243,159,159,116,116,62,62,,,,,,,,,,,,,,,,,,,,,,,,,,,,,,,,,,,,,,,,,,,,,,,,
tran_9c0a753a-7cbe-4952-b116-7562757d80ec,4000,tran_cef5d71c-4e4b-41e5-baec-f8939321c970,tran_f6bb16b0-bac3-45b6-8f7b-b0600ed4a89a,,0,44,44,45,45,32,32,34,34,40,40,44,44,122,122,967,967,1118,1118,1048,1048,1018,1018,940,940,881,881,886,886,916,916,935,935,947,947,1007,1007,945,945,387,387,243,243,159,159,116,116,62,62,,,,,,,,,,,,,,,,,,,,,,,,,,,,,,,,,,,,,,,,,,,,,,,,
tran_9c19940c-14a7-4dae-a11f-c073f82263bd,3500,tran_7dce03f3-e5de-487c-a9ee-ef9d6f3f4912,tran_5110d8ae-31b6-44bb-ad28-fd705be59c0c,,0,44,44,45,45,32,32,34,34,40,40,44,44,122,122,967,967,1118,1118,1048,1048,1018,1018,940,940,881,881,886,886,916,916,935,935,947,947,1007,1007,945,945,387,387,243,243,159,159,116,116,62,62,,,,,,,,,,,,,,,,,,,,,,,,,,,,,,,,,,,,,,,,,,,,,,,,
tran_9c76ec0c-c866-4629-adb3-0f9752221395,1600,tran_d049c3c0-ecab-42c3-80ce-f5db47faf7a3,tran_41dbe7f2-d5f5-4116-9905-b2985961a68b,,0,44,44,45,45,32,32,34,34,40,40,44,44,122,122,967,967,1118,1118,1048,1048,1018,1018,940,940,881,881,886,886,916,916,935,935,947,947,1007,1007,945,945,387,387,243,243,159,159,116,116,62,62,,,,,,,,,,,,,,,,,,,,,,,,,,,,,,,,,,,,,,,,,,,,,,,,
tran_9cb5cb5f-3a36-43b9-8117-e24df81a0fe0,2500,tran_9346c80d-26a3-4c0f-a40e-b08375a93464,tran_5fa0c625-0769-4574-933a-a056f79bee00,tran_7435c8ed-be1b-4d2b-b9d2-6ecbe96b0928,1,44,44,45,45,32,32,34,34,40,40,44,44,122,122,967,967,1118,1118,1048,1048,1018,1018,940,940,881,881,886,886,916,916,935,935,947,947,1007,1007,945,945,387,387,243,243,159,159,116,116,62,62,,,,,,,,,,,,,,,,,,,,,,,,,,,,,,,,,,,,,,,,,,,,,,,,
tran_9cc60147-0cb2-4d6d-bdc6-dd791b29b5b6,3000,tran_b8060569-0505-4245-be29-22128576944e,tran_18f7c63b-4fef-44d3-a7ca-b458f592edaa,,0,44,44,45,45,32,32,34,34,40,40,44,44,122,122,967,967,1118,1118,1048,1048,1018,1018,940,940,881,881,886,886,916,916,935,935,947,947,1007,1007,945,945,387,387,243,243,159,159,116,116,62,62,,,,,,,,,,,,,,,,,,,,,,,,,,,,,,,,,,,,,,,,,,,,,,,,
tran_9ccaf503-5c02-49ea-ac8c-85c08e80d3b3,4400,tran_789798c1-c443-4506-b625-f1c5302617f5,tran_dfef8289-7548-4504-a870-7be639dcf0e8,,0,44,44,45,45,32,32,34,34,40,40,44,44,122,122,967,967,1118,1118,1048,1048,1018,1018,940,940,881,881,886,886,916,916,935,935,947,947,1007,1007,945,945,387,387,243,243,159,159,116,116,62,62,,,,,,,,,,,,,,,,,,,,,,,,,,,,,,,,,,,,,,,,,,,,,,,,
tran_9d2b0759-35d2-497a-8cbf-0c46070f5508,4400,tran_02258733-6ad7-4b6b-a135-0e0e4abdec19,tran_03e2e639-d5e7-4ea3-8410-30e8c5c241d1,,0,44,44,45,45,32,32,34,34,40,40,44,44,122,122,967,967,1118,1118,1048,1048,1018,1018,940,940,881,881,886,886,916,916,935,935,947,947,1007,1007,945,945,387,387,243,243,159,159,116,116,62,62,,,,,,,,,,,,,,,,,,,,,,,,,,,,,,,,,,,,,,,,,,,,,,,,
tran_9d486e83-2f76-4cc0-ab00-d94940bd7e3e,4400,tran_5bb0478a-ded6-4c53-a1f4-9076f02e6f1c,tran_7d363725-80d4-47c8-9a34-d13544ba98f8,,0,44,44,45,45,32,32,34,34,40,40,44,44,122,122,967,967,1118,1118,1048,1048,1018,1018,940,940,881,881,886,886,916,916,935,935,947,947,1007,1007,945,945,387,387,243,243,159,159,116,116,62,62,,,,,,,,,,,,,,,,,,,,,,,,,,,,,,,,,,,,,,,,,,,,,,,,
tran_9dd8a932-b5ef-44c7-af52-8899c508ad54,4400,tran_4aaebb95-538d-4cf3-a5d1-fc3cbf1caac4,tran_737cb81b-60de-4e51-9b74-759cd9b4331c,tran_ee9a53d5-5fe8-4358-b758-7b5c70d59549;tran_c4177c80-5057-43af-98bd-b987775cbe36;tran_9540f0de-4e51-48da-a6a0-752bc1c6c947,3,44,44,45,45,32,32,34,34,40,40,44,44,122,122,967,967,1118,1118,1048,1048,1018,1018,940,940,881,881,886,886,916,916,935,935,947,947,1007,1007,945,945,387,387,243,243,159,159,116,116,62,62,,,,,,,,,,,,,,,,,,,,,,,,,,,,,,,,,,,,,,,,,,,,,,,,
tran_9ddf1a9a-8bfc-4dcf-aa74-0e132078b511,4400,tran_0b1fa315-970c-472a-b0f6-f49386d43bc4,tran_a18513fb-cefc-4d68-a4af-bcc947ccf402,,0,44,44,45,45,32,32,34,34,40,40,44,44,122,122,967,967,1118,1118,1048,1048,1018,1018,940,940,881,881,886,886,916,916,935,935,947,947,1007,1007,945,945,387,387,243,243,159,159,116,116,62,62,,,,,,,,,,,,,,,,,,,,,,,,,,,,,,,,,,,,,,,,,,,,,,,,
tran_9e0b1b4d-96bd-4833-964d-4c232f786688,800,tran_261b5675-b583-4faf-8f95-63501e616b2a,tran_d4927747-b77d-4355-8d0d-e8d745767029,,0,44,44,45,45,32,32,34,34,40,40,44,44,122,122,967,967,1118,1118,1048,1048,1018,1018,940,940,881,881,886,886,916,916,935,935,947,947,1007,1007,945,945,387,387,243,243,159,159,116,116,62,62,,,,,,,,,,,,,,,,,,,,,,,,,,,,,,,,,,,,,,,,,,,,,,,,
tran_9e0dd48d-65bd-4618-b476-1a6b0cdfa350,1200,tran_0a5abb0f-b53e-4af1-90aa-171a9f68de1c,tran_59e33976-4a28-495a-b57c-4f0cd171be40,tran_ac6b9b67-7b16-49d1-a0bf-22472160577d,1,44,44,45,45,32,32,34,34,40,40,44,44,122,122,967,967,1118,1118,1048,1048,1018,1018,940,940,881,881,886,886,916,916,935,935,947,947,1007,1007,945,945,387,387,243,243,159,159,116,116,62,62,,,,,,,,,,,,,,,,,,,,,,,,,,,,,,,,,,,,,,,,,,,,,,,,
tran_9e196e66-8196-4605-a174-23507d37ac12,300,tran_1f44e1e9-b1f3-4074-ba51-94c62640ebf2,tran_d9dfab77-6833-4d0e-950a-3afccbe47a7e,,0,44,44,45,45,32,32,34,34,40,40,44,44,122,122,967,967,1118,1118,1048,1048,1018,1018,940,940,881,881,886,886,916,916,935,935,947,947,1007,1007,945,945,387,387,243,243,159,159,116,116,62,62,,,,,,,,,,,,,,,,,,,,,,,,,,,,,,,,,,,,,,,,,,,,,,,,
tran_9e3666f2-bb27-4156-a56f-e1e04de9b472,4400,tran_5f1ad0bc-dd95-4c31-92d1-121e1cecc0ac,tran_a5c14db0-7e3f-439c-9e6a-c16d756ad4c1,,0,44,44,45,45,32,32,34,34,40,40,44,44,122,122,967,967,1118,1118,1048,1048,1018,1018,940,940,881,881,886,886,916,916,935,935,947,947,1007,1007,945,945,387,387,243,243,159,159,116,116,62,62,,,,,,,,,,,,,,,,,,,,,,,,,,,,,,,,,,,,,,,,,,,,,,,,
tran_9e8897db-436b-4e82-8c7c-1d59f92927c1,4400,tran_c2de5f4e-d5fc-41a5-b484-47501ec14185,tran_9303c1be-95ce-4864-bc40-ab8b83f3f1c3,,0,44,44,45,45,32,32,34,34,40,40,44,44,122,122,967,967,1118,1118,1048,1048,1018,1018,940,940,881,881,886,886,916,916,935,935,947,947,1007,1007,945,945,387,387,243,243,159,159,116,116,62,62,,,,,,,,,,,,,,,,,,,,,,,,,,,,,,,,,,,,,,,,,,,,,,,,
tran_9ee92c4c-dcd3-4c9c-a191-a25aa3bacecd,4400,tran_3f3bb220-39ed-4837-bd98-d8b3a2400749,tran_baf2c390-5740-4907-b7bd-d727f06f74fb,,0,44,44,45,45,32,32,34,34,40,40,44,44,122,122,967,967,1118,1118,1048,1048,1018,1018,940,940,881,881,886,886,916,916,935,935,947,947,1007,1007,945,945,387,387,243,243,159,159,116,116,62,62,,,,,,,,,,,,,,,,,,,,,,,,,,,,,,,,,,,,,,,,,,,,,,,,
tran_9ef0bac0-1b4d-4f06-a010-5aacd5e048c1,4400,tran_99b4704e-c100-4ccb-84ea-a113f2981bd2,18702,,0,67,67,70,70,49,49,53,53,62,62,67,67,186,186,910,910,1134,1134,1023,1023,977,977,900,900,812,812,861,861,864,864,851,851,886,886,939,939,854,854,524,524,336,336,227,227,165,165,84,84,,,,,,,,,,,,,,,,,,,,,,,,,,,,,,,,,,,,,,,,,,,,,,,,
tran_9ef1b566-b2fd-4e5d-9b87-459cfd83e3da,4400,tran_9540f0de-4e51-48da-a6a0-752bc1c6c947,tran_f8f3d4c8-7e81-4a64-a15c-78219ba6d009,,0,44,44,45,45,32,32,34,34,40,40,44,44,122,122,967,967,1118,1118,1048,1048,1018,1018,940,940,881,881,886,886,916,916,935,935,947,947,1007,1007,945,945,387,387,243,243,159,159,116,116,62,62,,,,,,,,,,,,,,,,,,,,,,,,,,,,,,,,,,,,,,,,,,,,,,,,
tran_9f40debc-7ff1-4f9f-b557-d411fcc6eceb,4400,tran_0851be4c-1b1e-489d-923c-c7eab58dc9a8,tran_34dde172-4c2a-4041-93ee-967479bb9041,,0,67,67,70,70,49,49,53,53,62,62,67,67,186,186,910,910,1134,1134,1023,1023,977,977,900,900,812,812,861,861,864,864,851,851,886,886,939,939,854,854,524,524,336,336,227,227,165,165,84,84,,,,,,,,,,,,,,,,,,,,,,,,,,,,,,,,,,,,,,,,,,,,,,,,
tran_9f4927ab-9562-42f3-90e0-54acbefebbd9,1200,tran_d4988ddc-ae8f-4719-a74e-569c0d15df3c,tran_c758879d-e8fe-4add-b6bf-dad67b2e249a,tran_e3f29e62-e055-4556-8dec-b79b0d37f8d3;tran_dcb1d435-ca2e-46cd-af28-daaed3dcec94,2,44,44,45,45,32,32,34,34,40,40,44,44,122,122,967,967,1118,1118,1048,1048,1018,1018,940,940,881,881,886,886,916,916,935,935,947,947,1007,1007,945,945,387,387,243,243,159,159,116,116,62,62,,,,,,,,,,,,,,,,,,,,,,,,,,,,,,,,,,,,,,,,,,,,,,,,
tran_9f8bb0e4-a15a-410d-a6a4-81bf1a70b1ab,1200,tran_9ace8f49-f587-4bc6-bb33-97fc0ef87917,tran_e88e4664-f63e-47d4-848f-d540cc6adacb,,0,44,44,45,45,32,32,34,34,40,40,44,44,122,122,967,967,1118,1118,1048,1048,1018,1018,940,940,881,881,886,886,916,916,935,935,947,947,1007,1007,945,945,387,387,243,243,159,159,116,116,62,62,,,,,,,,,,,,,,,,,,,,,,,,,,,,,,,,,,,,,,,,,,,,,,,,
tran_9f9ae5f9-23be-41d6-ae9a-6fdc660779de,4400,tran_0a21935c-8a41-4d0d-b33c-5434ece49a6c,,,0,44,44,45,45,32,32,34,34,40,40,44,44,122,122,967,967,1118,1118,1048,1048,1018,1018,940,940,881,881,886,886,916,916,935,935,947,947,1007,1007,945,945,387,387,243,243,159,159,116,116,62,62,,,,,,,,,,,,,,,,,,,,,,,,,,,,,,,,,,,,,,,,,,,,,,,,
tran_9faba82d-23f8-475b-89fc-2a130fb7510d,2500,tran_cedb1ffd-f5b5-44a2-a5bb-9e10a18d0978,tran_c947cdef-aa38-47eb-976d-88fd67885634,,0,42,42,39,39,28,28,29,29,34,34,39,39,112,112,1343,1343,1424,1424,1347,1347,1375,1375,1229,1229,1247,1247,1096,1096,1282,1282,1299,1299,1257,1257,1375,1375,1394,1394,536,536,316,316,190,190,140,140,87,87,,,,,,,,,,,,,,,,,,,,,,,,,,,,,,,,,,,,,,,,,,,,,,,,
tran_a04f8ee8-9481-4862-a2a1-c8bd70c8d937,1200,,tran_8f1394fa-01c7-4822-92ec-e2cca8797cfb,,0,44,44,45,45,32,32,34,34,40,40,44,44,122,122,967,967,1118,1118,1048,1048,1018,1018,940,940,881,881,886,886,916,916,935,935,947,947,1007,1007,945,945,387,387,243,243,159,159,116,116,62,62,,,,,,,,,,,,,,,,,,,,,,,,,,,,,,,,,,,,,,,,,,,,,,,,
tran_a0fc507b-6259-433a-8de4-7170bbab8026,1000,,tran_7968542c-e317-4997-83d2-f449cf4ef9eb,tran_3a458ecc-8f82-40ce-a350-5e2a2c27838d;tran_afcdb5c7-d134-4116-b512-512e5993e5c3,2,44,44,45,45,32,32,34,34,40,40,44,44,122,122,967,967,1118,1118,1048,1048,1018,1018,940,940,881,881,886,886,916,916,935,935,947,947,1007,1007,945,945,387,387,243,243,159,159,116,116,62,62,,,,,,,,,,,,,,,,,,,,,,,,,,,,,,,,,,,,,,,,,,,,,,,,
tran_a113c20a-4421-4b70-bb10-52603216afcd,4000,tran_c40a104e-f4d2-41b3-9452-436dd7b39281,tran_f8799f40-6614-4c14-81ca-d64d4eabdead,,0,44,44,45,45,32,32,34,34,40,40,44,44,122,122,967,967,1118,1118,1048,1048,1018,1018,940,940,881,881,886,886,916,916,935,935,947,947,1007,1007,945,945,387,387,243,243,159,159,116,116,62,62,,,,,,,,,,,,,,,,,,,,,,,,,,,,,,,,,,,,,,,,,,,,,,,,
tran_a1379e0b-03e1-4f4b-8a4c-57e50ca41e72,1200,tran_1970b1d3-eb13-4cae-874e-dd0c7f916a21,tran_c00a03be-30b3-44fb-b4e4-6322bbe7351a,tran_ea4e89a2-011f-4b89-a4b5-b903dd3538c9,1,44,44,45,45,32,32,34,34,40,40,44,44,122,122,967,967,1118,1118,1048,1048,1018,1018,940,940,881,881,886,886,916,916,935,935,947,947,1007,1007,945,945,387,387,243,243,159,159,116,116,62,62,,,,,,,,,,,,,,,,,,,,,,,,,,,,,,,,,,,,,,,,,,,,,,,,
tran_a1415377-8a51-4fd0-9c93-994d3f6a64f6,3000,tran_561f3e5f-d779-484a-b772-ba9f22cc9693,tran_b944a71b-c1ea-4298-a7ac-1ca58e4614e8,,0,44,44,45,45,32,32,34,34,40,40,44,44,122,122,967,967,1118,1118,1048,1048,1018,1018,940,940,881,881,886,886,916,916,935,935,947,947,1007,1007,945,945,387,387,243,243,159,159,116,116,62,62,,,,,,,,,,,,,,,,,,,,,,,,,,,,,,,,,,,,,,,,,,,,,,,,
tran_a18513fb-cefc-4d68-a4af-bcc947ccf402,550,tran_f698afec-73a3-4251-9c6e-41551c6d4284,tran_9ddf1a9a-8bfc-4dcf-aa74-0e132078b511,tran_eb40ce1b-de92-464a-b1e2-cd8c9900d22b,1,44,44,45,45,32,32,34,34,40,40,44,44,122,122,967,967,1118,1118,1048,1048,1018,1018,940,940,881,881,886,886,916,916,935,935,947,947,1007,1007,945,945,387,387,243,243,159,159,116,116,62,62,,,,,,,,,,,,,,,,,,,,,,,,,,,,,,,,,,,,,,,,,,,,,,,,
tran_a1d02fbe-7b34-4986-811a-fed1e8ade600,600,tran_4756b7ce-f26b-4717-b878-492c3c9da0b2,tran_f5d77d9b-a47b-4aca-a641-ad376f8885fa,tran_8512a852-d3bd-4ed8-a016-397024eb0963,1,44,44,45,45,32,32,34,34,40,40,44,44,122,122,967,967,1118,1118,1048,1048,1018,1018,940,940,881,881,886,886,916,916,935,935,947,947,1007,1007,945,945,387,387,243,243,159,159,116,116,62,62,,,,,,,,,,,,,,,,,,,,,,,,,,,,,,,,,,,,,,,,,,,,,,,,
tran_a1e06d60-9917-4d1c-ad24-1d412d206ed3,3500,tran_9303c1be-95ce-4864-bc40-ab8b83f3f1c3,tran_5bb0478a-ded6-4c53-a1f4-9076f02e6f1c,,0,44,44,45,45,32,32,34,34,40,40,44,44,122,122,967,967,1118,1118,1048,1048,1018,1018,940,940,881,881,886,886,916,916,935,935,947,947,1007,1007,945,945,387,387,243,243,159,159,116,116,62,62,,,,,,,,,,,,,,,,,,,,,,,,,,,,,,,,,,,,,,,,,,,,,,,,
tran_a1ede5e2-b129-4e7e-9920-6b9ae3842572,4400,tran_de221618-0bea-42af-9ab0-1f8993590fe2,tran_df889c76-3bf7-4e64-9c43-9afb702de298,,0,44,44,45,45,32,32,34,34,40,40,44,44,122,122,967,967,1118,1118,1048,1048,1018,1018,940,940,881,881,886,886,916,916,935,935,947,947,1007,1007,945,945,387,387,243,243,159,159,116,116,62,62,,,,,,,,,,,,,,,,,,,,,,,,,,,,,,,,,,,,,,,,,,,,,,,,
tran_a21dee66-9d7d-4f31-8102-db80d36d9d5c,4400,tran_77e9cbfe-25d5-410e-9535-50d91f866bb8,tran_6f0e773e-5631-43dc-891e-887a4f9da8cb,,0,44,44,45,45,32,32,34,34,40,40,44,44,122,122,967,967,1118,1118,1048,1048,1018,1018,940,940,881,881,886,886,916,916,935,935,947,947,1007,1007,945,945,387,387,243,243,159,159,116,116,62,62,,,,,,,,,,,,,,,,,,,,,,,,,,,,,,,,,,,,,,,,,,,,,,,,
tran_a22884eb-0633-4a35-8f82-41bbcc911691,2500,tran_1532a227-3ab5-4b77-8904-1399c5d6d022,tran_350446de-0bf8-4c4e-9196-78ffe0999fd0,,0,44,44,45,45,32,32,34,34,40,40,44,44,122,122,967,967,1118,1118,1048,1048,1018,1018,940,940,881,881,886,886,916,916,935,935,947,947,1007,1007,945,945,387,387,243,243,159,159,116,116,62,62,,,,,,,,,,,,,,,,,,,,,,,,,,,,,,,,,,,,,,,,,,,,,,,,
tran_a233f3cb-dc5a-446f-b858-cc9141e3a0de,4400,tran_4db05d51-75a1-46bf-a7ab-61c19ae7f056,tran_73fdc34b-0cc4-4928-b1df-875e4cb64d22,tran_96ec9622-da8f-4ba3-aac1-b0851b054a52,1,44,44,45,45,32,32,34,34,40,40,44,44,122,122,967,967,1118,1118,1048,1048,1018,1018,940,940,881,881,886,886,916,916,935,935,947,947,1007,1007,945,945,387,387,243,243,159,159,116,116,62,62,,,,,,,,,,,,,,,,,,,,,,,,,,,,,,,,,,,,,,,,,,,,,,,,
tran_a28c64af-a486-4530-975c-3d630f0969f5,1650,tran_b4d566ae-0805-47cf-b4c9-b70e298331c2,tran_011ca131-1e93-4a71-bf3d-365435c90433,,0,44,44,45,45,32,32,34,34,40,40,44,44,122,122,967,967,1118,1118,1048,1048,1018,1018,940,940,881,881,886,886,916,916,935,935,947,947,1007,1007,945,945,387,387,243,243,159,159,116,116,62,62,,,,,,,,,,,,,,,,,,,,,,,,,,,,,,,,,,,,,,,,,,,,,,,,
tran_a29a93cc-ce1d-4ab7-86b8-8f97e86ceefa,2000,tran_b2991535-2219-46a0-898f-9124f1dea2ba,tran_b1bc58ae-becc-42ea-8ab4-f0757bef086e,,0,44,44,45,45,32,32,34,34,40,40,44,44,122,122,967,967,1118,1118,1048,1048,1018,1018,940,940,881,881,886,886,916,916,935,935,947,947,1007,1007,945,945,387,387,243,243,159,159,116,116,62,62,,,,,,,,,,,,,,,,,,,,,,,,,,,,,,,,,,,,,,,,,,,,,,,,
tran_a2c97679-1e24-41ce-9fd7-b12d48dec10a,4400,tran_13c852c2-54eb-4078-84f3-854020e97916,tran_bba6b3c1-c088-40bd-a307-462e5a4d08e2,,0,44,44,45,45,32,32,34,34,40,40,44,44,122,122,967,967,1118,1118,1048,1048,1018,1018,940,940,881,881,886,886,916,916,935,935,947,947,1007,1007,945,945,387,387,243,243,159,159,116,116,62,62,,,,,,,,,,,,,,,,,,,,,,,,,,,,,,,,,,,,,,,,,,,,,,,,
tran_a2fb3959-5c4a-432b-9a0b-75226944a620,1200,tran_e6cc7a12-c6a9-4887-a596-5714914296bf,tran_8e578f61-9ea8-4fa9-8f86-ddfa62f29d25,,0,44,44,45,45,32,32,34,34,40,40,44,44,122,122,967,967,1118,1118,1048,1048,1018,1018,940,940,881,881,886,886,916,916,935,935,947,947,1007,1007,945,945,387,387,243,243,159,159,116,116,62,62,,,,,,,,,,,,,,,,,,,,,,,,,,,,,,,,,,,,,,,,,,,,,,,,
tran_a2fb718f-80bd-40ed-9548-608572bc3fed,2500,tran_1eeee319-6e4d-4f68-b6f6-62c8bcb3e30f,,,0,44,44,45,45,32,32,34,34,40,40,44,44,122,122,967,967,1118,1118,1048,1048,1018,1018,940,940,881,881,886,886,916,916,935,935,947,947,1007,1007,945,945,387,387,243,243,159,159,116,116,62,62,,,,,,,,,,,,,,,,,,,,,,,,,,,,,,,,,,,,,,,,,,,,,,,,
tran_a33b995a-055b-4d3e-94aa-48be4b088870,4400,tran_d7da4d09-4fb2-477b-bf97-0c2d73589111,tran_c04a7817-2f08-49c3-a48f-e5a15bf0a9f9,,0,44,44,45,45,32,32,34,34,40,40,44,44,122,122,967,967,1118,1118,1048,1048,1018,1018,940,940,881,881,886,886,916,916,935,935,947,947,1007,1007,945,945,387,387,243,243,159,159,116,116,62,62,,,,,,,,,,,,,,,,,,,,,,,,,,,,,,,,,,,,,,,,,,,,,,,,
tran_a3565895-3b32-499c-be97-88a83f049ffd,4400,tran_57d4275a-b689-4aec-aab1-bbbd8760e67f,tran_4a5e9a59-da57-4194-93a9-b3fa038560ab,tran_88688c02-c8ea-4186-8644-760cb78004d2,1,44,44,45,45,32,32,34,34,40,40,44,44,122,122,967,967,1118,1118,1048,1048,1018,1018,940,940,881,881,886,886,916,916,935,935,947,947,1007,1007,945,945,387,387,243,243,159,159,116,116,62,62,,,,,,,,,,,,,,,,,,,,,,,,,,,,,,,,,,,,,,,,,,,,,,,,
tran_a363d6bb-2763-44b0-877f-5ae58ed9f69d,4400,tran_038664f0-23e9-470f-9b36-a5058a227d02,tran_3cc4d24a-9d62-418d-9830-c5c121629515,,0,44,44,45,45,32,32,34,34,40,40,44,44,122,122,967,967,1118,1118,1048,1048,1018,1018,940,940,881,881,886,886,916,916,935,935,947,947,1007,1007,945,945,387,387,243,243,159,159,116,116,62,62,,,,,,,,,,,,,,,,,,,,,,,,,,,,,,,,,,,,,,,,,,,,,,,,
tran_a42471d8-1e02-43b2-9af9-d0332ee2e43e,4000,tran_b4dfded0-567a-4f49-af25-946e34f4dc7f,tran_32dfe6ff-a6cb-492e-b511-691d455ee756,,0,44,44,45,45,32,32,34,34,40,40,44,44,122,122,967,967,1118,1118,1048,1048,1018,1018,940,940,881,881,886,886,916,916,935,935,947,947,1007,1007,945,945,387,387,243,243,159,159,116,116,62,62,,,,,,,,,,,,,,,,,,,,,,,,,,,,,,,,,,,,,,,,,,,,,,,,
tran_a4381b72-4e4c-4f26-beef-1725f204d61c,4400,tran_038664f0-23e9-470f-9b36-a5058a227d02,tran_1b7f1947-fc81-4c17-b357-38f799a0690c,,0,44,44,45,45,32,32,34,34,40,40,44,44,122,122,967,967,1118,1118,1048,1048,1018,1018,940,940,881,881,886,886,916,916,935,935,947,947,1007,1007,945,945,387,387,243,243,159,159,116,116,62,62,,,,,,,,,,,,,,,,,,,,,,,,,,,,,,,,,,,,,,,,,,,,,,,,
tran_a44aca12-2d84-4605-8726-c4e95aa989e4,300,tran_78e1e141-114c-4e04-8243-751e9a8ee0d6,tran_46ece5ee-f00e-44e4-8672-e6c675cdf6e7,tran_66983bdd-3800-4f03-b3ff-60f6d39879bc,1,44,44,45,45,32,32,34,34,40,40,44,44,122,122,967,967,1118,1118,1048,1048,1018,1018,940,940,881,881,886,886,916,916,935,935,947,947,1007,1007,945,945,387,387,243,243,159,159,116,116,62,62,,,,,,,,,,,,,,,,,,,,,,,,,,,,,,,,,,,,,,,,,,,,,,,,
tran_a452014f-673b-4104-9383-c9bb246bf0a7,1650,tran_4cf44eb2-9559-4a90-abcd-dfe7af4dc6e3,tran_e0a353eb-7fb0-4e57-8d12-c51c93742a5a,tran_4aa96519-3f58-4e7b-8d05-3778d41eb753,1,44,44,45,45,32,32,34,34,40,40,44,44,122,122,967,967,1118,1118,1048,1048,1018,1018,940,940,881,881,886,886,916,916,935,935,947,947,1007,1007,945,945,387,387,243,243,159,159,116,116,62,62,,,,,,,,,,,,,,,,,,,,,,,,,,,,,,,,,,,,,,,,,,,,,,,,
tran_a46f2280-9f70-4480-abef-615b3f03bfb9,1200,tran_3bdebd1d-16cc-4908-9849-27908e86deba,tran_217912dd-f90f-4ebd-9ee7-4400f21ab66a,,0,44,44,45,45,32,32,34,34,40,40,44,44,122,122,967,967,1118,1118,1048,1048,1018,1018,940,940,881,881,886,886,916,916,935,935,947,947,1007,1007,945,945,387,387,243,243,159,159,116,116,62,62,,,,,,,,,,,,,,,,,,,,,,,,,,,,,,,,,,,,,,,,,,,,,,,,
tran_a4d9a3bd-ed91-4bb7-9b4f-5484c0287dd0,1200,tran_1e0f12f0-7ebb-41b1-b885-b3c03b86b9c1,tran_558f35a2-b00f-430f-93fe-13ac0cb64072,tran_bd88f621-29e8-4709-b40c-0e3e10db1e33,1,44,44,45,45,32,32,34,34,40,40,44,44,122,122,967,967,1118,1118,1048,1048,1018,1018,940,940,881,881,886,886,916,916,935,935,947,947,1007,1007,945,945,387,387,243,243,159,159,116,116,62,62,,,,,,,,,,,,,,,,,,,,,,,,,,,,,,,,,,,,,,,,,,,,,,,,
tran_a4e44e4c-a451-42d5-97f7-10bbd7a2cbd5,4400,tran_fab7777f-2a15-4225-bf0f-e280b2a05984,tran_7e715638-44dd-4ace-8335-6eb1e9730180,,0,44,44,45,45,32,32,34,34,40,40,44,44,122,122,967,967,1118,1118,1048,1048,1018,1018,940,940,881,881,886,886,916,916,935,935,947,947,1007,1007,945,945,387,387,243,243,159,159,116,116,62,62,,,,,,,,,,,,,,,,,,,,,,,,,,,,,,,,,,,,,,,,,,,,,,,,
tran_a5071144-e7c6-46a3-8327-7694e0f04c31,3000,tran_9122fc1e-cb14-41f3-8af9-01bbf0a993a3,tran_db30b2b0-3422-45fd-a5c6-1d9f010e3c9f,,0,44,44,45,45,32,32,34,34,40,40,44,44,122,122,967,967,1118,1118,1048,1048,1018,1018,940,940,881,881,886,886,916,916,935,935,947,947,1007,1007,945,945,387,387,243,243,159,159,116,116,62,62,,,,,,,,,,,,,,,,,,,,,,,,,,,,,,,,,,,,,,,,,,,,,,,,
tran_a50adbc3-2001-4dde-ac8e-34e25b1d0bb3,4400,tran_1c1b9892-ad03-4299-9b0e-dfb7b1dab63a,tran_abf965ce-c263-42aa-b772-3c6bb3d1486e,,0,44,44,45,45,32,32,34,34,40,40,44,44,122,122,967,967,1118,1118,1048,1048,1018,1018,940,940,881,881,886,886,916,916,935,935,947,947,1007,1007,945,945,387,387,243,243,159,159,116,116,62,62,,,,,,,,,,,,,,,,,,,,,,,,,,,,,,,,,,,,,,,,,,,,,,,,
tran_a518c5bb-a8a8-4106-a60d-28f0710faf9a,3500,tran_27fbcd0d-1f74-4b3c-90c2-a783bfba9ce5,tran_a65c8ba8-b8f2-45cb-b5f2-50f7d76eb0d5,,0,44,44,45,45,32,32,34,34,40,40,44,44,122,122,967,967,1118,1118,1048,1048,1018,1018,940,940,881,881,886,886,916,916,935,935,947,947,1007,1007,945,945,387,387,243,243,159,159,116,116,62,62,,,,,,,,,,,,,,,,,,,,,,,,,,,,,,,,,,,,,,,,,,,,,,,,
tran_a5c14db0-7e3f-439c-9e6a-c16d756ad4c1,1200,tran_e7ef12f4-0824-4904-81fc-6f9256dfa1a6,tran_46814990-4ed4-40a9-b30d-4a5eab113bbb,tran_9e3666f2-bb27-4156-a56f-e1e04de9b472;tran_cb97cfee-1ee1-4335-94f5-464b0487a2b9,2,44,44,45,45,32,32,34,34,40,40,44,44,122,122,967,967,1118,1118,1048,1048,1018,1018,940,940,881,881,886,886,916,916,935,935,947,947,1007,1007,945,945,387,387,243,243,159,159,116,116,62,62,,,,,,,,,,,,,,,,,,,,,,,,,,,,,,,,,,,,,,,,,,,,,,,,
tran_a5cc36c1-da6f-444c-8422-80300c83416a,4400,tran_0804b2e3-8c40-4809-83d5-1d71936c0db4,tran_e3c99975-eada-43a2-9ce6-a6237fe14715,,0,0,0,0,0,0,0,0,0,0,0,0,0,0,0,1138,1138,1201,1201,1284,1284,1257,1257,1168,1168,1084,1084,1145,1145,1051,1051,1179,1179,1173,1173,1211,1211,1091,1091,0,0,0,0,0,0,0,0,0,0,,,,,,,,,,,,,,,,,,,,,,,,,,,,,,,,,,,,,,,,,,,,,,,,
tran_a5d11933-aee5-4849-823b-b809276f3b75,800,tran_2656ebae-d255-42a7-bf14-020ad2d28294,tran_abf965ce-c263-42aa-b772-3c6bb3d1486e,,0,44,44,45,45,32,32,34,34,40,40,44,44,122,122,967,967,1118,1118,1048,1048,1018,1018,940,940,881,881,886,886,916,916,935,935,947,947,1007,1007,945,945,387,387,243,243,159,159,116,116,62,62,,,,,,,,,,,,,,,,,,,,,,,,,,,,,,,,,,,,,,,,,,,,,,,,
tran_a602b3f0-a1f8-4362-a18c-fd8e878c7583,4400,tran_f8b54cad-99c9-4a13-b758-920c08c76657,tran_eef4dfe9-91e4-4318-b859-a8496d869bef,tran_b16f3312-bb2a-4aa3-a378-9f4d53665622,1,44,44,45,45,32,32,34,34,40,40,44,44,122,122,967,967,1118,1118,1048,1048,1018,1018,940,940,881,881,886,886,916,916,935,935,947,947,1007,1007,945,945,387,387,243,243,159,159,116,116,62,62,,,,,,,,,,,,,,,,,,,,,,,,,,,,,,,,,,,,,,,,,,,,,,,,
tran_a6047d25-9ceb-4ade-b7cb-983ae0cbc249,3000,tran_86fe4759-01dd-4fba-8e9e-be4a832203f9,tran_87320166-5b1d-47d1-8693-475971b7c2b5,,0,42,42,39,39,28,28,29,29,34,34,39,39,112,112,1343,1343,1424,1424,1347,1347,1375,1375,1229,1229,1247,1247,1096,1096,1282,1282,1299,1299,1257,1257,1375,1375,1394,1394,536,536,316,316,190,190,140,140,87,87,,,,,,,,,,,,,,,,,,,,,,,,,,,,,,,,,,,,,,,,,,,,,,,,
tran_a6055ff7-2ef9-49cd-85a2-b308b200f5f1,4400,tran_989be9f3-c4cb-4717-9a64-ad044a4497f2,tran_6fe1c4d0-c6de-4efa-920b-aa44b6e57c96,,0,44,44,45,45,32,32,34,34,40,40,44,44,122,122,967,967,1118,1118,1048,1048,1018,1018,940,940,881,881,886,886,916,916,935,935,947,947,1007,1007,945,945,387,387,243,243,159,159,116,116,62,62,,,,,,,,,,,,,,,,,,,,,,,,,,,,,,,,,,,,,,,,,,,,,,,,
tran_a61ebdbb-99d0-48fd-9f36-2a3e9856637c,1200,tran_7e112a6b-1119-4936-a35d-fb8ae3239925,tran_b8cbec16-aa8e-4fa1-8d8a-f893a74a35ae,,0,44,44,45,45,32,32,34,34,40,40,44,44,122,122,967,967,1118,1118,1048,1048,1018,1018,940,940,881,881,886,886,916,916,935,935,947,947,1007,1007,945,945,387,387,243,243,159,159,116,116,62,62,,,,,,,,,,,,,,,,,,,,,,,,,,,,,,,,,,,,,,,,,,,,,,,,
tran_a624273b-c4f3-4fa6-887e-63c8459765ff,800,tran_aabea17a-9f44-4b54-b818-559fd4767625,tran_2a770eb7-c7ae-4734-a220-86761b734785,tran_4a4f4e8d-6e56-4d44-81c5-023235fb9084,1,44,44,45,45,32,32,34,34,40,40,44,44,122,122,967,967,1118,1118,1048,1048,1018,1018,940,940,881,881,886,886,916,916,935,935,947,947,1007,1007,945,945,387,387,243,243,159,159,116,116,62,62,,,,,,,,,,,,,,,,,,,,,,,,,,,,,,,,,,,,,,,,,,,,,,,,
tran_a65c8ba8-b8f2-45cb-b5f2-50f7d76eb0d5,1200,tran_4eac989a-edad-4721-bfcc-e7e283a98212,tran_a518c5bb-a8a8-4106-a60d-28f0710faf9a,tran_e52e1555-ad1e-48e7-ac33-df0f2012cf95,1,44,44,45,45,32,32,34,34,40,40,44,44,122,122,967,967,1118,1118,1048,1048,1018,1018,940,940,881,881,886,886,916,916,935,935,947,947,1007,1007,945,945,387,387,243,243,159,159,116,116,62,62,,,,,,,,,,,,,,,,,,,,,,,,,,,,,,,,,,,,,,,,,,,,,,,,
tran_a66b312f-a0de-4ff3-9636-31e4416dfab6,800,tran_adef7ecd-baf7-40e9-b82d-ed36880db5d5,tran_b9d73e88-974e-490d-af2d-a512ccb98e0f,tran_c9f1e66e-3822-4ea9-b8dd-4a5697a40637;tran_4a0a33a1-5230-41cd-9143-8280e5b82d6f,2,44,44,45,45,32,32,34,34,40,40,44,44,122,122,967,967,1118,1118,1048,1048,1018,1018,940,940,881,881,886,886,916,916,935,935,947,947,1007,1007,945,945,387,387,243,243,159,159,116,116,62,62,,,,,,,,,,,,,,,,,,,,,,,,,,,,,,,,,,,,,,,,,,,,,,,,
tran_a6902f49-c37e-4b33-8888-89dcd5557096,4400,tran_cd1e03de-80d0-4a64-96ea-867f87f0c6d0,tran_737cb81b-60de-4e51-9b74-759cd9b4331c,tran_03a67bf6-ad94-49c8-bf9c-26703b234757,1,44,44,45,45,32,32,34,34,40,40,44,44,122,122,967,967,1118,1118,1048,1048,1018,1018,940,940,881,881,886,886,916,916,935,935,947,947,1007,1007,945,945,387,387,243,243,159,159,116,116,62,62,,,,,,,,,,,,,,,,,,,,,,,,,,,,,,,,,,,,,,,,,,,,,,,,
tran_a6df32db-6b83-47e7-8351-610cfb3bf781,4400,tran_727710b8-80e0-4524-ba1b-beed37f12d24,tran_8f2b61f2-9405-41ee-b322-6db20c796c73,,0,44,44,45,45,32,32,34,34,40,40,44,44,122,122,967,967,1118,1118,1048,1048,1018,1018,940,940,881,881,886,886,916,916,935,935,947,947,1007,1007,945,945,387,387,243,243,159,159,116,116,62,62,,,,,,,,,,,,,,,,,,,,,,,,,,,,,,,,,,,,,,,,,,,,,,,,
tran_a6e174f6-f056-4a39-a471-6f29e6f166b9,2500,tran_e1d10cab-2ca2-4d6c-89df-46782bd6d436,tran_6fdee8ee-24ae-470f-bb8c-451e3c4056de,tran_4ab6a64f-9b5b-4890-8ec3-d6bb4a16ea57;tran_2896f35f-1fa9-4489-b82f-2e7c165748ed,2,44,44,45,45,32,32,34,34,40,40,44,44,122,122,967,967,1118,1118,1048,1048,1018,1018,940,940,881,881,886,886,916,916,935,935,947,947,1007,1007,945,945,387,387,243,243,159,159,116,116,62,62,,,,,,,,,,,,,,,,,,,,,,,,,,,,,,,,,,,,,,,,,,,,,,,,
tran_a6f4dbdd-7593-46e8-978e-5b9f2daff45b,1600,tran_322f96d6-2d27-4d6e-a934-8f9768ec052a,tran_b1e2909c-44a0-4070-9fe7-c6a105c3e25b,tran_e14af74c-adfe-40cb-a4e7-4b3329a3e505,1,44,44,45,45,32,32,34,34,40,40,44,44,122,122,967,967,1118,1118,1048,1048,1018,1018,940,940,881,881,886,886,916,916,935,935,947,947,1007,1007,945,945,387,387,243,243,159,159,116,116,62,62,,,,,,,,,,,,,,,,,,,,,,,,,,,,,,,,,,,,,,,,,,,,,,,,
tran_a797d370-4a89-4f84-a58c-9075d13268c0,1200,tran_e4603f5e-0ec7-4b76-a526-d6dc3f547cdf,tran_d4590ec6-f9be-43e6-b760-a3eb8cf05ea3,,0,44,44,45,45,32,32,34,34,40,40,44,44,122,122,967,967,1118,1118,1048,1048,1018,1018,940,940,881,881,886,886,916,916,935,935,947,947,1007,1007,945,945,387,387,243,243,159,159,116,116,62,62,,,,,,,,,,,,,,,,,,,,,,,,,,,,,,,,,,,,,,,,,,,,,,,,
tran_a7b6a495-6841-46ef-8ec1-8b9b841715c9,300,tran_7b0aa7d9-a7fb-401b-b76c-7d6be2a2520c,tran_0d607341-d45c-4ae1-ba6c-abbd99fb29b9,,0,44,44,45,45,32,32,34,34,40,40,44,44,122,122,967,967,1118,1118,1048,1048,1018,1018,940,940,881,881,886,886,916,916,935,935,947,947,1007,1007,945,945,387,387,243,243,159,159,116,116,62,62,,,,,,,,,,,,,,,,,,,,,,,,,,,,,,,,,,,,,,,,,,,,,,,,
tran_a7e1c955-1979-44b7-9577-a6fe8e5b1112,2500,tran_c5e44d87-4773-47f6-943a-9b46fcfa0dbc,tran_706353ae-1294-4479-b560-45463e360129,tran_d77d65ef-f50d-4d47-9d45-30d726733f64,1,44,44,45,45,32,32,34,34,40,40,44,44,122,122,967,967,1118,1118,1048,1048,1018,1018,940,940,881,881,886,886,916,916,935,935,947,947,1007,1007,945,945,387,387,243,243,159,159,116,116,62,62,,,,,,,,,,,,,,,,,,,,,,,,,,,,,,,,,,,,,,,,,,,,,,,,
tran_a8262081-82a4-48ac-8e69-d4f58346102d,1200,tran_5ce2a66f-0d0c-49bf-b76e-9561a4fd07cc,tran_1f354a08-c419-48ad-94d8-99bc5cc9dbaf,tran_5b10d3ae-d4c7-4775-a0ae-df3c078d8579;tran_c7fd2b96-d6bc-40f0-8e15-04a6a1154710,2,44,44,45,45,32,32,34,34,40,40,44,44,122,122,967,967,1118,1118,1048,1048,1018,1018,940,940,881,881,886,886,916,916,935,935,947,947,1007,1007,945,945,387,387,243,243,159,159,116,116,62,62,,,,,,,,,,,,,,,,,,,,,,,,,,,,,,,,,,,,,,,,,,,,,,,,
tran_a86fdecf-1e9c-4c1f-be0c-d87e81d9ea80,4400,tran_3959058f-220e-471e-bfa9-1243d436cb46,tran_13e5c6da-eb25-4656-a161-83b152b346f2,,0,44,44,45,45,32,32,34,34,40,40,44,44,122,122,967,967,1118,1118,1048,1048,1018,1018,940,940,881,881,886,886,916,916,935,935,947,947,1007,1007,945,945,387,387,243,243,159,159,116,116,62,62,,,,,,,,,,,,,,,,,,,,,,,,,,,,,,,,,,,,,,,,,,,,,,,,
tran_a8700842-2ab7-462e-b64f-ebe8cd2bcd32,600,15928,15603,tran_0169ef51-e577-4471-a190-2c9c0af43a67,1,44,44,45,45,32,32,34,34,40,40,44,44,122,122,967,967,1118,1118,1048,1048,1018,1018,940,940,881,881,886,886,916,916,935,935,947,947,1007,1007,945,945,387,387,243,243,159,159,116,116,62,62,,,,,,,,,,,,,,,,,,,,,,,,,,,,,,,,,,,,,,,,,,,,,,,,
tran_a93d2d9e-341c-469f-9cd6-570912e67c9e,4400,tran_1737664c-636d-4b4e-bdb1-edca9ed935b2,tran_921fa583-9bd5-4aba-8b48-e831b9fadf3c,,0,44,44,45,45,32,32,34,34,40,40,44,44,122,122,967,967,1118,1118,1048,1048,1018,1018,940,940,881,881,886,886,916,916,935,935,947,947,1007,1007,945,945,387,387,243,243,159,159,116,116,62,62,,,,,,,,,,,,,,,,,,,,,,,,,,,,,,,,,,,,,,,,,,,,,,,,
tran_a947af58-bdb2-47cc-a7b4-02f57ed395b9,1650,tran_f698afec-73a3-4251-9c6e-41551c6d4284,tran_53aba2dd-9ecc-4f9c-8ed8-58566d1dfc4f,tran_15283aa3-8d30-4ce7-8751-092d3ef9b39e;tran_65905f64-ff9f-48af-9649-4b3b9416ec07,2,44,44,45,45,32,32,34,34,40,40,44,44,122,122,967,967,1118,1118,1048,1048,1018,1018,940,940,881,881,886,886,916,916,935,935,947,947,1007,1007,945,945,387,387,243,243,159,159,116,116,62,62,,,,,,,,,,,,,,,,,,,,,,,,,,,,,,,,,,,,,,,,,,,,,,,,
tran_a96e6b35-1686-4f13-83dd-3b8ac5a2fe45,2500,tran_c801a341-53c9-4b64-aaa7-b8453055e7cb,tran_9b3fb295-04ab-44d5-bdf7-5b931a7c9170,,0,44,44,45,45,32,32,34,34,40,40,44,44,122,122,967,967,1118,1118,1048,1048,1018,1018,940,940,881,881,886,886,916,916,935,935,947,947,1007,1007,945,945,387,387,243,243,159,159,116,116,62,62,,,,,,,,,,,,,,,,,,,,,,,,,,,,,,,,,,,,,,,,,,,,,,,,
tran_a980e123-9784-4b0a-95a5-d8456332d4b7,2500,tran_f01039ec-05ca-49e9-8c30-de4fa87d9827,tran_1b9f18bd-eb9c-46bb-865c-e83d44f8664e,,0,44,44,45,45,32,32,34,34,40,40,44,44,122,122,967,967,1118,1118,1048,1048,1018,1018,940,940,881,881,886,886,916,916,935,935,947,947,1007,1007,945,945,387,387,243,243,159,159,116,116,62,62,,,,,,,,,,,,,,,,,,,,,,,,,,,,,,,,,,,,,,,,,,,,,,,,
tran_a9d9ad94-6d4e-4b5b-828d-dc9f59ce0651,4400,tran_5ce9da68-6c10-4072-841c-a84a2cbaa45b,tran_e76e2c40-e95b-4d15-8d14-b82195622318,,0,44,44,45,45,32,32,34,34,40,40,44,44,122,122,967,967,1118,1118,1048,1048,1018,1018,940,940,881,881,886,886,916,916,935,935,947,947,1007,1007,945,945,387,387,243,243,159,159,116,116,62,62,,,,,,,,,,,,,,,,,,,,,,,,,,,,,,,,,,,,,,,,,,,,,,,,
tran_a9dbc10e-ff36-4ab8-805f-3834b62ef74d,4400,tran_94c8ac8d-9e28-458e-a8c4-f6ee5154f83d,tran_3b8489d3-8025-4e61-9d96-8388b4daf257,,0,67,67,70,70,49,49,53,53,62,62,67,67,186,186,910,910,1134,1134,1023,1023,977,977,900,900,812,812,861,861,864,864,851,851,886,886,939,939,854,854,524,524,336,336,227,227,165,165,84,84,,,,,,,,,,,,,,,,,,,,,,,,,,,,,,,,,,,,,,,,,,,,,,,,
tran_aa074d48-6c14-444e-9195-b93a1fcc31d4,4400,tran_674f157e-9231-452a-a884-51a0eedcbcd8,tran_4b8481ea-bb15-43c9-9b9c-ce832b36d745,,0,44,44,45,45,32,32,34,34,40,40,44,44,122,122,967,967,1118,1118,1048,1048,1018,1018,940,940,881,881,886,886,916,916,935,935,947,947,1007,1007,945,945,387,387,243,243,159,159,116,116,62,62,,,,,,,,,,,,,,,,,,,,,,,,,,,,,,,,,,,,,,,,,,,,,,,,
tran_aa15cac3-3b05-4d17-a738-090833a3b455,4400,tran_17337e39-f04d-43fe-96e0-6ebba9dfbc8f,tran_34b2f358-785b-435e-9937-e1c0960e2470,,0,44,44,45,45,32,32,34,34,40,40,44,44,122,122,967,967,1118,1118,1048,1048,1018,1018,940,940,881,881,886,886,916,916,935,935,947,947,1007,1007,945,945,387,387,243,243,159,159,116,116,62,62,,,,,,,,,,,,,,,,,,,,,,,,,,,,,,,,,,,,,,,,,,,,,,,,
tran_aabea17a-9f44-4b54-b818-559fd4767625,4400,tran_4b892cd0-c05b-4cba-9b08-557be13da38d,tran_a624273b-c4f3-4fa6-887e-63c8459765ff,,0,44,44,45,45,32,32,34,34,40,40,44,44,122,122,967,967,1118,1118,1048,1048,1018,1018,940,940,881,881,886,886,916,916,935,935,947,947,1007,1007,945,945,387,387,243,243,159,159,116,116,62,62,,,,,,,,,,,,,,,,,,,,,,,,,,,,,,,,,,,,,,,,,,,,,,,,
tran_aac2927c-4220-431f-833c-7f505fbd6ed1,600,tran_c758879d-e8fe-4add-b6bf-dad67b2e249a,tran_d9dd2665-58d5-48b6-ae9b-838af9d1c4ef,tran_e723aaaf-e971-4439-9f0f-66b6e9326384,1,44,44,45,45,32,32,34,34,40,40,44,44,122,122,967,967,1118,1118,1048,1048,1018,1018,940,940,881,881,886,886,916,916,935,935,947,947,1007,1007,945,945,387,387,243,243,159,159,116,116,62,62,,,,,,,,,,,,,,,,,,,,,,,,,,,,,,,,,,,,,,,,,,,,,,,,
tran_aaea5f34-f4c2-4aa9-b3a9-f43b2581d834,3850,4882,tran_e1d10cab-2ca2-4d6c-89df-46782bd6d436,tran_34d3f9ef-d59f-4aae-ba25-c9f2befc5457;tran_5025a25e-175f-40cf-a3b0-5d7105635787,2,44,44,45,45,32,32,34,34,40,40,44,44,122,122,967,967,1118,1118,1048,1048,1018,1018,940,940,881,881,886,886,916,916,935,935,947,947,1007,1007,945,945,387,387,243,243,159,159,116,116,62,62,,,,,,,,,,,,,,,,,,,,,,,,,,,,,,,,,,,,,,,,,,,,,,,,
tran_ab40e443-7e14-4ebc-9485-54b6361c629b,2000,tran_c62c1fe7-59b3-4fe2-930e-eb9af94ab00e,tran_185533e5-fbe2-4f67-9cae-d3315a150121,tran_7c5ed608-1c56-41d4-a367-20cbbd544bbd;tran_b9d5760e-dff4-4634-b424-a7caf46f9f1c;tran_19f6a4c9-5b36-4add-8dde-62a0c1915672,3,44,44,45,45,32,32,34,34,40,40,44,44,122,122,967,967,1118,1118,1048,1048,1018,1018,940,940,881,881,886,886,916,916,935,935,947,947,1007,1007,945,945,387,387,243,243,159,159,116,116,62,62,,,,,,,,,,,,,,,,,,,,,,,,,,,,,,,,,,,,,,,,,,,,,,,,
tran_ab521328-a27a-4c2e-8bfb-38cec36f11a2,4400,tran_15d1bca2-9df2-461a-84ee-584c3c0197fd,tran_833a6883-1c6d-49b2-b941-e545bd5bd7f7,,0,44,44,45,45,32,32,34,34,40,40,44,44,122,122,967,967,1118,1118,1048,1048,1018,1018,940,940,881,881,886,886,916,916,935,935,947,947,1007,1007,945,945,387,387,243,243,159,159,116,116,62,62,,,,,,,,,,,,,,,,,,,,,,,,,,,,,,,,,,,,,,,,,,,,,,,,
tran_ab911707-42b6-4c86-8a7c-7643002320aa,2500,tran_e88e4664-f63e-47d4-848f-d540cc6adacb,,,0,44,44,45,45,32,32,34,34,40,40,44,44,122,122,967,967,1118,1118,1048,1048,1018,1018,940,940,881,881,886,886,916,916,935,935,947,947,1007,1007,945,945,387,387,243,243,159,159,116,116,62,62,,,,,,,,,,,,,,,,,,,,,,,,,,,,,,,,,,,,,,,,,,,,,,,,
tran_abaa9e1b-f796-49cf-a113-7e3ec36c5db0,4400,tran_6f773375-158a-4bf8-8132-79da6b5049ca,tran_03e2e639-d5e7-4ea3-8410-30e8c5c241d1,,0,44,44,45,45,32,32,34,34,40,40,44,44,122,122,967,967,1118,1118,1048,1048,1018,1018,940,940,881,881,886,886,916,916,935,935,947,947,1007,1007,945,945,387,387,243,243,159,159,116,116,62,62,,,,,,,,,,,,,,,,,,,,,,,,,,,,,,,,,,,,,,,,,,,,,,,,
tran_abdcfebb-262c-48c5-ad7a-67b495d512d5,4400,tran_349f7949-3405-473d-bc5d-d5199cd08391,tran_61165176-7faf-4c6f-aaa2-82f78c7688d5,tran_2f5c59d4-01c1-44b7-92de-0bb6a433e058,1,44,44,45,45,32,32,34,34,40,40,44,44,122,122,967,967,1118,1118,1048,1048,1018,1018,940,940,881,881,886,886,916,916,935,935,947,947,1007,1007,945,945,387,387,243,243,159,159,116,116,62,62,,,,,,,,,,,,,,,,,,,,,,,,,,,,,,,,,,,,,,,,,,,,,,,,
tran_abf965ce-c263-42aa-b772-3c6bb3d1486e,1600,tran_a5d11933-aee5-4849-823b-b809276f3b75,tran_a50adbc3-2001-4dde-ac8e-34e25b1d0bb3,tran_4cf44eb2-9559-4a90-abcd-dfe7af4dc6e3;tran_8681e543-ac7e-4695-bc75-3ebf6a4d2c40,2,44,44,45,45,32,32,34,34,40,40,44,44,122,122,967,967,1118,1118,1048,1048,1018,1018,940,940,881,881,886,886,916,916,935,935,947,947,1007,1007,945,945,387,387,243,243,159,159,116,116,62,62,,,,,,,,,,,,,,,,,,,,,,,,,,,,,,,,,,,,,,,,,,,,,,,,
tran_ac0a8822-a636-4da3-8f33-7c3b496c491a,4400,tran_1ea86e49-a399-4291-8b8c-e638e493ec63,tran_e3b5fc04-6e15-4af7-8175-db9a45ecc955,,0,44,44,45,45,32,32,34,34,40,40,44,44,122,122,967,967,1118,1118,1048,1048,1018,1018,940,940,881,881,886,886,916,916,935,935,947,947,1007,1007,945,945,387,387,243,243,159,159,116,116,62,62,,,,,,,,,,,,,,,,,,,,,,,,,,,,,,,,,,,,,,,,,,,,,,,,
tran_ac0ca38c-0702-479d-9d19-32a2aa156335,1600,tran_3cc4d24a-9d62-418d-9830-c5c121629515,tran_d6679767-f65e-46fe-a4b9-eb9d2ef2af3b,,0,44,44,45,45,32,32,34,34,40,40,44,44,122,122,967,967,1118,1118,1048,1048,1018,1018,940,940,881,881,886,886,916,916,935,935,947,947,1007,1007,945,945,387,387,243,243,159,159,116,116,62,62,,,,,,,,,,,,,,,,,,,,,,,,,,,,,,,,,,,,,,,,,,,,,,,,
tran_ac1604ad-db92-4ae3-a1c3-94ee5d0b4e35,800,tran_2f0653a2-46dd-407c-bd22-6225abd81841,tran_b0d3e9b0-1192-472f-8de0-e74696b3125b,tran_1d31c9ab-ced1-4984-83c8-db6d85831c78,1,44,44,45,45,32,32,34,34,40,40,44,44,122,122,967,967,1118,1118,1048,1048,1018,1018,940,940,881,881,886,886,916,916,935,935,947,947,1007,1007,945,945,387,387,243,243,159,159,116,116,62,62,,,,,,,,,,,,,,,,,,,,,,,,,,,,,,,,,,,,,,,,,,,,,,,,
tran_ac3aa9c2-3358-4c21-a41e-a889865fb440,800,tran_8338f552-6a10-4748-936f-5651dba8a4fc,tran_80026f0a-2e9d-4bb4-88d1-d73bcf02cd2e,tran_0e39194f-e2b4-4aa0-b47f-a9db66563465;tran_4a1a4d9b-a635-460e-bafe-d6f2ab6b0876,2,44,44,45,45,32,32,34,34,40,40,44,44,122,122,967,967,1118,1118,1048,1048,1018,1018,940,940,881,881,886,886,916,916,935,935,947,947,1007,1007,945,945,387,387,243,243,159,159,116,116,62,62,,,,,,,,,,,,,,,,,,,,,,,,,,,,,,,,,,,,,,,,,,,,,,,,
tran_ac644def-da41-4d62-a5e5-29d180855bdf,4400,tran_c858b55d-b3fe-4479-a6b8-de97992d2a85,tran_7a758970-9236-4623-8dca-a8436f388370,,0,44,44,45,45,32,32,34,34,40,40,44,44,122,122,967,967,1118,1118,1048,1048,1018,1018,940,940,881,881,886,886,916,916,935,935,947,947,1007,1007,945,945,387,387,243,243,159,159,116,116,62,62,,,,,,,,,,,,,,,,,,,,,,,,,,,,,,,,,,,,,,,,,,,,,,,,
tran_ac6b9b67-7b16-49d1-a0bf-22472160577d,4400,tran_9e0dd48d-65bd-4618-b476-1a6b0cdfa350,tran_70265b59-9640-4fd0-a96c-300efe92aab1,,0,44,44,45,45,32,32,34,34,40,40,44,44,122,122,967,967,1118,1118,1048,1048,1018,1018,940,940,881,881,886,886,916,916,935,935,947,947,1007,1007,945,945,387,387,243,243,159,159,116,116,62,62,,,,,,,,,,,,,,,,,,,,,,,,,,,,,,,,,,,,,,,,,,,,,,,,
tran_ac6f0483-c8b5-4837-9465-0ad19da0ca6e,4400,tran_4ebfe2fa-d362-45ce-8925-bc15a47738fa,tran_c3677506-835f-4890-85e1-1bb1c177d7a5,,0,44,44,45,45,32,32,34,34,40,40,44,44,122,122,967,967,1118,1118,1048,1048,1018,1018,940,940,881,881,886,886,916,916,935,935,947,947,1007,1007,945,945,387,387,243,243,159,159,116,116,62,62,,,,,,,,,,,,,,,,,,,,,,,,,,,,,,,,,,,,,,,,,,,,,,,,
tran_ac8ab91c-a409-4efa-b08b-5c7e4d8dfdc7,4400,tran_d5cd9c31-88d2-4bea-aa2d-b9b3334dd162,tran_21572c71-13dc-46cf-8d24-4eeb35d6355f,,0,44,44,45,45,32,32,34,34,40,40,44,44,122,122,967,967,1118,1118,1048,1048,1018,1018,940,940,881,881,886,886,916,916,935,935,947,947,1007,1007,945,945,387,387,243,243,159,159,116,116,62,62,,,,,,,,,,,,,,,,,,,,,,,,,,,,,,,,,,,,,,,,,,,,,,,,
tran_ac8e9add-8e46-43c8-bc5d-d35c442c3962,3500,tran_44dacfa0-6096-4778-95de-8ae1af535382,tran_c5d7c6c4-a73e-434c-a640-b0b39e4899a5,,0,44,44,45,45,32,32,34,34,40,40,44,44,122,122,967,967,1118,1118,1048,1048,1018,1018,940,940,881,881,886,886,916,916,935,935,947,947,1007,1007,945,945,387,387,243,243,159,159,116,116,62,62,,,,,,,,,,,,,,,,,,,,,,,,,,,,,,,,,,,,,,,,,,,,,,,,
tran_acad3eb8-d379-4595-a123-5b9dd88d0a74,2500,tran_e9c8d9be-562e-448e-8f4f-f13884cca0e1,tran_2e5d0199-ff6d-46d6-b412-c9bb6e8e67de,tran_8bd37c08-19a7-4d5c-b259-5cbacf1871d2,1,44,44,45,45,32,32,34,34,40,40,44,44,122,122,967,967,1118,1118,1048,1048,1018,1018,940,940,881,881,886,886,916,916,935,935,947,947,1007,1007,945,945,387,387,243,243,159,159,116,116,62,62,,,,,,,,,,,,,,,,,,,,,,,,,,,,,,,,,,,,,,,,,,,,,,,,
tran_ad104dcd-afbd-43f2-9a3d-de2b7c32f386,4400,,15900,15902,1,44,44,45,45,32,32,34,34,40,40,44,44,122,122,967,967,1118,1118,1048,1048,1018,1018,940,940,881,881,886,886,916,916,935,935,947,947,1007,1007,945,945,387,387,243,243,159,159,116,116,62,62,,,,,,,,,,,,,,,,,,,,,,,,,,,,,,,,,,,,,,,,,,,,,,,,
tran_ad63e103-3793-4697-ab4c-2c952a208fa0,4400,tran_7303a7dd-22fd-49de-8db7-d9d997d9fdbe,tran_e4603f5e-0ec7-4b76-a526-d6dc3f547cdf,tran_57c009a4-b12a-47ae-91cb-1103a01022f5,1,44,44,45,45,32,32,34,34,40,40,44,44,122,122,967,967,1118,1118,1048,1048,1018,1018,940,940,881,881,886,886,916,916,935,935,947,947,1007,1007,945,945,387,387,243,243,159,159,116,116,62,62,,,,,,,,,,,,,,,,,,,,,,,,,,,,,,,,,,,,,,,,,,,,,,,,
tran_ad72fcc9-3b50-4361-a1d4-e085802cfd97,1200,tran_4b892cd0-c05b-4cba-9b08-557be13da38d,tran_bd801986-8644-4708-b693-aeeaa9e63a30,,0,44,44,45,45,32,32,34,34,40,40,44,44,122,122,967,967,1118,1118,1048,1048,1018,1018,940,940,881,881,886,886,916,916,935,935,947,947,1007,1007,945,945,387,387,243,243,159,159,116,116,62,62,,,,,,,,,,,,,,,,,,,,,,,,,,,,,,,,,,,,,,,,,,,,,,,,
tran_ad85532d-086c-478c-afff-026ac274985c,1600,tran_29c58649-cea1-42ed-b067-e90bcad1cfe6,tran_0a93b1d1-4f2e-400a-90a7-00c1e55f4553,,0,44,44,45,45,32,32,34,34,40,40,44,44,122,122,967,967,1118,1118,1048,1048,1018,1018,940,940,881,881,886,886,916,916,935,935,947,947,1007,1007,945,945,387,387,243,243,159,159,116,116,62,62,,,,,,,,,,,,,,,,,,,,,,,,,,,,,,,,,,,,,,,,,,,,,,,,
tran_adebe3c8-c9f9-4926-bc05-89f08dbe3478,4400,tran_521a2c99-5708-453e-948f-0451ee3cfd71,tran_79a3f277-edd9-4888-af09-f2e8e63cc513,,0,44,44,45,45,32,32,34,34,40,40,44,44,122,122,967,967,1118,1118,1048,1048,1018,1018,940,940,881,881,886,886,916,916,935,935,947,947,1007,1007,945,945,387,387,243,243,159,159,116,116,62,62,,,,,,,,,,,,,,,,,,,,,,,,,,,,,,,,,,,,,,,,,,,,,,,,
tran_adef7ecd-baf7-40e9-b82d-ed36880db5d5,1200,tran_bd99a001-5217-4816-81f6-d4cab539ff25,tran_a66b312f-a0de-4ff3-9636-31e4416dfab6,,0,44,44,45,45,32,32,34,34,40,40,44,44,122,122,967,967,1118,1118,1048,1048,1018,1018,940,940,881,881,886,886,916,916,935,935,947,947,1007,1007,945,945,387,387,243,243,159,159,116,116,62,62,,,,,,,,,,,,,,,,,,,,,,,,,,,,,,,,,,,,,,,,,,,,,,,,
tran_ae031a46-e05c-4c88-81a9-bdcbe497c390,4400,tran_944b1c4d-f844-4432-87b6-bae46537631c,tran_333e257d-6bb4-4d5d-bf3d-57cffd9ebb04,,0,44,44,45,45,32,32,34,34,40,40,44,44,122,122,967,967,1118,1118,1048,1048,1018,1018,940,940,881,881,886,886,916,916,935,935,947,947,1007,1007,945,945,387,387,243,243,159,159,116,116,62,62,,,,,,,,,,,,,,,,,,,,,,,,,,,,,,,,,,,,,,,,,,,,,,,,
tran_ae08951c-2519-4107-a6e7-e7d221d2f63c,4400,tran_da4a04df-8faa-4a15-9160-1f40881fc58b,tran_bb4c8bc2-22aa-4af7-bdac-fd4d28ad6684,,0,44,44,45,45,32,32,34,34,40,40,44,44,122,122,967,967,1118,1118,1048,1048,1018,1018,940,940,881,881,886,886,916,916,935,935,947,947,1007,1007,945,945,387,387,243,243,159,159,116,116,62,62,,,,,,,,,,,,,,,,,,,,,,,,,,,,,,,,,,,,,,,,,,,,,,,,
tran_ae5eb099-ddf0-4255-ad20-5c94b981ca66,1200,tran_27e80b85-7097-44fc-bf6a-cdd1ca10f1ca,tran_4bfb29f4-d905-4bbb-a86b-98381ccbbf30,,0,44,44,45,45,32,32,34,34,40,40,44,44,122,122,967,967,1118,1118,1048,1048,1018,1018,940,940,881,881,886,886,916,916,935,935,947,947,1007,1007,945,945,387,387,243,243,159,159,116,116,62,62,,,,,,,,,,,,,,,,,,,,,,,,,,,,,,,,,,,,,,,,,,,,,,,,
tran_ae672d38-10f7-48e3-9302-54cc1ad13b72,1200,tran_7a8e071a-b704-453c-b594-b171a6b1f446,tran_52a5ad13-0c9b-483c-a781-8eedd06926ad,tran_fdaccfc2-1de6-44b4-87ed-f7882a46ade5;tran_6e70c802-7e0e-49ec-8eb0-6d126fdfb39d,2,44,44,45,45,32,32,34,34,40,40,44,44,122,122,967,967,1118,1118,1048,1048,1018,1018,940,940,881,881,886,886,916,916,935,935,947,947,1007,1007,945,945,387,387,243,243,159,159,116,116,62,62,,,,,,,,,,,,,,,,,,,,,,,,,,,,,,,,,,,,,,,,,,,,,,,,
tran_aefc168e-97ad-4526-add5-011aec92c22a,4400,tran_d1985c3b-2e3d-46f9-ae5c-3037828b5ce2,tran_d7799c7f-e808-4394-9e64-34cfa61cf6ea,,0,44,44,45,45,32,32,34,34,40,40,44,44,122,122,967,967,1118,1118,1048,1048,1018,1018,940,940,881,881,886,886,916,916,935,935,947,947,1007,1007,945,945,387,387,243,243,159,159,116,116,62,62,,,,,,,,,,,,,,,,,,,,,,,,,,,,,,,,,,,,,,,,,,,,,,,,
tran_aefec74f-d610-4f0c-95e9-4dc101a588dc,300,tran_2f0653a2-46dd-407c-bd22-6225abd81841,tran_3a4afdc7-4689-4d75-ad9d-7cf62e9a7417,tran_3433bcb2-c10e-40e7-8b65-78a46cd4bd55,1,44,44,45,45,32,32,34,34,40,40,44,44,122,122,967,967,1118,1118,1048,1048,1018,1018,940,940,881,881,886,886,916,916,935,935,947,947,1007,1007,945,945,387,387,243,243,159,159,116,116,62,62,,,,,,,,,,,,,,,,,,,,,,,,,,,,,,,,,,,,,,,,,,,,,,,,
tran_af7689df-c9ad-4b14-ba42-253a574018d6,1200,tran_2a5ad6f5-472a-4070-83d9-aca6c726954a,tran_fa1dc73a-eb44-4279-89be-5e5bb853b929,tran_d1dae378-50d9-4ac4-b343-640a57fc17db,1,44,44,45,45,32,32,34,34,40,40,44,44,122,122,967,967,1118,1118,1048,1048,1018,1018,940,940,881,881,886,886,916,916,935,935,947,947,1007,1007,945,945,387,387,243,243,159,159,116,116,62,62,,,,,,,,,,,,,,,,,,,,,,,,,,,,,,,,,,,,,,,,,,,,,,,,
tran_af98452d-4de1-4f7c-b5bb-3ffeb997b428,600,tran_8c8e3a9b-4da2-4539-b09b-d1b18c55582b,tran_1f334ccd-3a76-45e6-a59b-68b00e147fa8,,0,44,44,45,45,32,32,34,34,40,40,44,44,122,122,967,967,1118,1118,1048,1048,1018,1018,940,940,881,881,886,886,916,916,935,935,947,947,1007,1007,945,945,387,387,243,243,159,159,116,116,62,62,,,,,,,,,,,,,,,,,,,,,,,,,,,,,,,,,,,,,,,,,,,,,,,,
tran_afadeb4e-e86a-4c14-a293-5286d9b9a7ed,3000,tran_e0542ddd-96a4-47f1-9c9f-31730544c9ec,tran_258ebb41-ef8d-4b9f-ab7c-dfff7dbfdbb9,,0,44,44,45,45,32,32,34,34,40,40,44,44,122,122,967,967,1118,1118,1048,1048,1018,1018,940,940,881,881,886,886,916,916,935,935,947,947,1007,1007,945,945,387,387,243,243,159,159,116,116,62,62,,,,,,,,,,,,,,,,,,,,,,,,,,,,,,,,,,,,,,,,,,,,,,,,
tran_afcdb5c7-d134-4116-b512-512e5993e5c3,4400,tran_a0fc507b-6259-433a-8de4-7170bbab8026,tran_e7b92c43-b76d-4955-b44f-11996d22b239,,0,44,44,45,45,32,32,34,34,40,40,44,44,122,122,967,967,1118,1118,1048,1048,1018,1018,940,940,881,881,886,886,916,916,935,935,947,947,1007,1007,945,945,387,387,243,243,159,159,116,116,62,62,,,,,,,,,,,,,,,,,,,,,,,,,,,,,,,,,,,,,,,,,,,,,,,,
tran_afdca232-5ddb-4324-bec4-a9c4d4d06fc8,4400,tran_8cbf9a75-5e9c-416d-bb0c-70535e3e5464,tran_cac8d554-b009-4e72-8a84-6dbc478c71da,,0,0,0,0,0,0,0,0,0,0,0,0,0,0,0,1138,1138,1201,1201,1284,1284,1257,1257,1168,1168,1084,1084,1145,1145,1051,1051,1179,1179,1173,1173,1211,1211,1091,1091,0,0,0,0,0,0,0,0,0,0,,,,,,,,,,,,,,,,,,,,,,,,,,,,,,,,,,,,,,,,,,,,,,,,
tran_b012e471-3497-4998-be1a-83c36bd08abd,1200,tran_9730b185-aae7-4c1e-9e91-fcff7d20edf7,tran_df889c76-3bf7-4e64-9c43-9afb702de298,,0,44,44,45,45,32,32,34,34,40,40,44,44,122,122,967,967,1118,1118,1048,1048,1018,1018,940,940,881,881,886,886,916,916,935,935,947,947,1007,1007,945,945,387,387,243,243,159,159,116,116,62,62,,,,,,,,,,,,,,,,,,,,,,,,,,,,,,,,,,,,,,,,,,,,,,,,
tran_b0644f7a-d619-47fa-88de-a57156162dc3,4400,tran_f9d51d23-8c93-4c4f-b366-90e8fa57c351,tran_2656ebae-d255-42a7-bf14-020ad2d28294,,0,44,44,45,45,32,32,34,34,40,40,44,44,122,122,967,967,1118,1118,1048,1048,1018,1018,940,940,881,881,886,886,916,916,935,935,947,947,1007,1007,945,945,387,387,243,243,159,159,116,116,62,62,,,,,,,,,,,,,,,,,,,,,,,,,,,,,,,,,,,,,,,,,,,,,,,,
tran_b0bfe0b5-e42d-4781-bfb4-5770cc21a236,4400,tran_fdcf305a-f9f3-4a8e-acd3-f52c66fef6b7,tran_912d9716-fc2b-4e08-9a93-e1e2293bb9bf,,0,44,44,45,45,32,32,34,34,40,40,44,44,122,122,967,967,1118,1118,1048,1048,1018,1018,940,940,881,881,886,886,916,916,935,935,947,947,1007,1007,945,945,387,387,243,243,159,159,116,116,62,62,,,,,,,,,,,,,,,,,,,,,,,,,,,,,,,,,,,,,,,,,,,,,,,,
tran_b0c7747f-b3a2-46cb-8308-5187ecdbded4,4400,tran_bd801986-8644-4708-b693-aeeaa9e63a30,tran_6692113c-2233-409b-9025-ea1b3d7e7993,,0,67,67,70,70,49,49,53,53,62,62,67,67,186,186,910,910,1134,1134,1023,1023,977,977,900,900,812,812,861,861,864,864,851,851,886,886,939,939,854,854,524,524,336,336,227,227,165,165,84,84,,,,,,,,,,,,,,,,,,,,,,,,,,,,,,,,,,,,,,,,,,,,,,,,
tran_b0d3e9b0-1192-472f-8de0-e74696b3125b,2500,tran_ac1604ad-db92-4ae3-a1c3-94ee5d0b4e35,tran_decd3d5a-57ce-432a-a83f-6b27c3e09eeb,,0,44,44,45,45,32,32,34,34,40,40,44,44,122,122,967,967,1118,1118,1048,1048,1018,1018,940,940,881,881,886,886,916,916,935,935,947,947,1007,1007,945,945,387,387,243,243,159,159,116,116,62,62,,,,,,,,,,,,,,,,,,,,,,,,,,,,,,,,,,,,,,,,,,,,,,,,
tran_b1530cae-22e9-48b0-9e3c-b4dd997fb05a,300,tran_81c238c1-02d2-42f1-afbb-81f3a49ab0e8,tran_309266ba-2ff9-4aa9-a689-6d231c6eb613,tran_928b9891-ea38-41f8-ae8d-a2dc90446aa4;tran_2f2ad58c-5903-4d9f-af50-ab753eb3b666,2,44,44,45,45,32,32,34,34,40,40,44,44,122,122,967,967,1118,1118,1048,1048,1018,1018,940,940,881,881,886,886,916,916,935,935,947,947,1007,1007,945,945,387,387,243,243,159,159,116,116,62,62,,,,,,,,,,,,,,,,,,,,,,,,,,,,,,,,,,,,,,,,,,,,,,,,
tran_b16f3312-bb2a-4aa3-a378-9f4d53665622,4400,tran_c2ee82c3-16f8-4007-ad5f-7092155826bf,tran_a602b3f0-a1f8-4362-a18c-fd8e878c7583,,0,44,44,45,45,32,32,34,34,40,40,44,44,122,122,967,967,1118,1118,1048,1048,1018,1018,940,940,881,881,886,886,916,916,935,935,947,947,1007,1007,945,945,387,387,243,243,159,159,116,116,62,62,,,,,,,,,,,,,,,,,,,,,,,,,,,,,,,,,,,,,,,,,,,,,,,,
tran_b1b3732c-e07e-4825-bd8c-c1da74621be5,3000,tran_f01039ec-05ca-49e9-8c30-de4fa87d9827,tran_7a758970-9236-4623-8dca-a8436f388370,,0,44,44,45,45,32,32,34,34,40,40,44,44,122,122,967,967,1118,1118,1048,1048,1018,1018,940,940,881,881,886,886,916,916,935,935,947,947,1007,1007,945,945,387,387,243,243,159,159,116,116,62,62,,,,,,,,,,,,,,,,,,,,,,,,,,,,,,,,,,,,,,,,,,,,,,,,
tran_b1bc58ae-becc-42ea-8ab4-f0757bef086e,2000,tran_a29a93cc-ce1d-4ab7-86b8-8f97e86ceefa,tran_08152cbe-edfc-46e9-8aa7-333b6e5a3d63,tran_ca86702f-3cd6-45fd-95d7-a311115c5bfa,1,44,44,45,45,32,32,34,34,40,40,44,44,122,122,967,967,1118,1118,1048,1048,1018,1018,940,940,881,881,886,886,916,916,935,935,947,947,1007,1007,945,945,387,387,243,243,159,159,116,116,62,62,,,,,,,,,,,,,,,,,,,,,,,,,,,,,,,,,,,,,,,,,,,,,,,,
tran_b1e2909c-44a0-4070-9fe7-c6a105c3e25b,4400,tran_a6f4dbdd-7593-46e8-978e-5b9f2daff45b,tran_467ed51b-cdfa-44d8-8362-c5b51a3e4497,,0,44,44,45,45,32,32,34,34,40,40,44,44,122,122,967,967,1118,1118,1048,1048,1018,1018,940,940,881,881,886,886,916,916,935,935,947,947,1007,1007,945,945,387,387,243,243,159,159,116,116,62,62,,,,,,,,,,,,,,,,,,,,,,,,,,,,,,,,,,,,,,,,,,,,,,,,
tran_b1ede8ba-7587-4f39-addd-d056ec8c8609,4000,tran_86fd0ad6-13bb-46a3-b52b-e179bb6dff5b,tran_3e377bda-21ca-4bb6-8d4e-f97a212e643c,,0,44,44,45,45,32,32,34,34,40,40,44,44,122,122,967,967,1118,1118,1048,1048,1018,1018,940,940,881,881,886,886,916,916,935,935,947,947,1007,1007,945,945,387,387,243,243,159,159,116,116,62,62,,,,,,,,,,,,,,,,,,,,,,,,,,,,,,,,,,,,,,,,,,,,,,,,
tran_b20de7c2-ae5a-4e64-8bdf-548f7ba8bb00,4400,,tran_e1487ea8-d9dc-4fe0-b3ba-65a787282204,,0,44,44,45,45,32,32,34,34,40,40,44,44,122,122,967,967,1118,1118,1048,1048,1018,1018,940,940,881,881,886,886,916,916,935,935,947,947,1007,1007,945,945,387,387,243,243,159,159,116,116,62,62,,,,,,,,,,,,,,,,,,,,,,,,,,,,,,,,,,,,,,,,,,,,,,,,
tran_b2356e2a-e1d9-464c-9e41-7e1ab8464c29,4000,tran_e3fc5049-af35-46f9-b15b-5ee1968d4c9a,tran_2735bc19-c797-41df-a880-f93c1858ea4d,,0,44,44,45,45,32,32,34,34,40,40,44,44,122,122,967,967,1118,1118,1048,1048,1018,1018,940,940,881,881,886,886,916,916,935,935,947,947,1007,1007,945,945,387,387,243,243,159,159,116,116,62,62,,,,,,,,,,,,,,,,,,,,,,,,,,,,,,,,,,,,,,,,,,,,,,,,
tran_b249ef4d-7a53-4c04-9441-415dd3d23d39,4400,tran_c3498a47-3054-42f2-9e1f-1c2b9c1963c3,tran_43395528-dc9b-4a54-9c40-cbf1c2d045a6,tran_391b5f38-e5ba-48a0-afe8-23d957efe2aa;tran_6cf6c6f8-433d-4ed9-a6f1-a657cb3ec644,2,44,44,45,45,32,32,34,34,40,40,44,44,122,122,967,967,1118,1118,1048,1048,1018,1018,940,940,881,881,886,886,916,916,935,935,947,947,1007,1007,945,945,387,387,243,243,159,159,116,116,62,62,,,,,,,,,,,,,,,,,,,,,,,,,,,,,,,,,,,,,,,,,,,,,,,,
tran_b254b380-d9c1-400b-8734-ab3e39d38833,2200,tran_90339b09-9700-459b-835c-41c749cce5ad,tran_6e9dc82f-c6d8-4acb-8018-3926a7d5b02e,tran_3643aef1-8543-4f11-a665-9638651c32ce,1,44,44,45,45,32,32,34,34,40,40,44,44,122,122,967,967,1118,1118,1048,1048,1018,1018,940,940,881,881,886,886,916,916,935,935,947,947,1007,1007,945,945,387,387,243,243,159,159,116,116,62,62,,,,,,,,,,,,,,,,,,,,,,,,,,,,,,,,,,,,,,,,,,,,,,,,
tran_b26d42d7-c910-4d7f-8cc8-5bb9d9eeedf3,1200,tran_615dd296-c08c-4c52-9469-07088c839477,tran_7e8d9483-d117-4a79-8585-ee0cf469ddae,,0,44,44,45,45,32,32,34,34,40,40,44,44,122,122,967,967,1118,1118,1048,1048,1018,1018,940,940,881,881,886,886,916,916,935,935,947,947,1007,1007,945,945,387,387,243,243,159,159,116,116,62,62,,,,,,,,,,,,,,,,,,,,,,,,,,,,,,,,,,,,,,,,,,,,,,,,
tran_b2991535-2219-46a0-898f-9124f1dea2ba,2200,tran_556e9a51-322d-48dd-8e8a-1b0e4f70cceb,tran_c283c558-bfba-4e68-a76f-e65f67f10fa6,3719;tran_a29a93cc-ce1d-4ab7-86b8-8f97e86ceefa,2,44,44,45,45,32,32,34,34,40,40,44,44,122,122,967,967,1118,1118,1048,1048,1018,1018,940,940,881,881,886,886,916,916,935,935,947,947,1007,1007,945,945,387,387,243,243,159,159,116,116,62,62,,,,,,,,,,,,,,,,,,,,,,,,,,,,,,,,,,,,,,,,,,,,,,,,
tran_b2e292d7-8b20-4160-a668-e555d6a0cbe9,1600,tran_dfab2fe5-6caf-442c-ad0c-c82583226416,tran_1d661778-ddbf-417b-b42a-585f5d6920cf,,0,44,44,45,45,32,32,34,34,40,40,44,44,122,122,967,967,1118,1118,1048,1048,1018,1018,940,940,881,881,886,886,916,916,935,935,947,947,1007,1007,945,945,387,387,243,243,159,159,116,116,62,62,,,,,,,,,,,,,,,,,,,,,,,,,,,,,,,,,,,,,,,,,,,,,,,,
tran_b2ef45f6-0804-4480-8637-9a4bfed5e80a,4400,tran_c5cfd1c3-24b2-46a2-a066-c7044bb25028,tran_79685cbe-5b91-4293-ae38-0782b763121d,,0,67,67,70,70,49,49,53,53,62,62,67,67,186,186,910,910,1134,1134,1023,1023,977,977,900,900,812,812,861,861,864,864,851,851,886,886,939,939,854,854,524,524,336,336,227,227,165,165,84,84,,,,,,,,,,,,,,,,,,,,,,,,,,,,,,,,,,,,,,,,,,,,,,,,
tran_b304e8b4-7af1-422e-beb1-6b76422b2b98,2500,tran_561894a9-3ae3-4099-aab0-603c9b4fbd7e,tran_315f849c-e755-4d05-8d1b-402be96158a4,tran_e488b740-b75a-411b-bc07-d19d5ac06fa0,1,44,44,45,45,32,32,34,34,40,40,44,44,122,122,967,967,1118,1118,1048,1048,1018,1018,940,940,881,881,886,886,916,916,935,935,947,947,1007,1007,945,945,387,387,243,243,159,159,116,116,62,62,,,,,,,,,,,,,,,,,,,,,,,,,,,,,,,,,,,,,,,,,,,,,,,,
tran_b372075e-5de1-427b-9a0f-8405537986af,2500,tran_4a0ae239-4dfd-4b87-b6b3-50568893b9d1,tran_6470640e-8907-429e-bd68-96b3f73baf43,tran_489920f0-32cb-4866-bc29-766e915bca6f,1,44,44,45,45,32,32,34,34,40,40,44,44,122,122,967,967,1118,1118,1048,1048,1018,1018,940,940,881,881,886,886,916,916,935,935,947,947,1007,1007,945,945,387,387,243,243,159,159,116,116,62,62,,,,,,,,,,,,,,,,,,,,,,,,,,,,,,,,,,,,,,,,,,,,,,,,
tran_b3b2b905-2801-4b76-8c29-fc6f15dc9f6c,800,tran_0851be4c-1b1e-489d-923c-c7eab58dc9a8,tran_fdcf305a-f9f3-4a8e-acd3-f52c66fef6b7,,0,33,33,31,31,22,22,23,23,26,26,31,31,88,88,1055,1055,1119,1119,1058,1058,1080,1080,966,966,980,980,861,861,1008,1008,1021,1021,988,988,1080,1080,1096,1096,421,421,249,249,150,150,110,110,68,68,,,,,,,,,,,,,,,,,,,,,,,,,,,,,,,,,,,,,,,,,,,,,,,,
tran_b3ec9384-3574-4bfe-861c-a6f169ed1cdd,2000,tran_210f17ab-bc82-4e68-98da-70ea2d590b45,tran_66a731c9-14c4-4fb3-88f5-3c0965ab6844,tran_6ba038e1-3d9f-497b-ac0a-24078c9b263b,1,44,44,45,45,32,32,34,34,40,40,44,44,122,122,967,967,1118,1118,1048,1048,1018,1018,940,940,881,881,886,886,916,916,935,935,947,947,1007,1007,945,945,387,387,243,243,159,159,116,116,62,62,,,,,,,,,,,,,,,,,,,,,,,,,,,,,,,,,,,,,,,,,,,,,,,,
tran_b4108102-d541-4c93-bf2b-f372e1e0bfec,1600,18704,tran_824cab8d-1f2e-46f1-9d4b-e6e99f14201e,,0,53,53,55,55,38,38,42,42,48,48,53,53,146,146,715,715,891,891,804,804,768,768,707,707,638,638,676,676,679,679,669,669,696,696,738,738,671,671,411,411,264,264,178,178,130,130,66,66,,,,,,,,,,,,,,,,,,,,,,,,,,,,,,,,,,,,,,,,,,,,,,,,
tran_b447d9aa-5397-4059-863a-5ed1c177e321,1600,tran_7b0aa7d9-a7fb-401b-b76c-7d6be2a2520c,tran_65d30646-e47f-4b48-b6ee-4edbec276766,,0,44,44,45,45,32,32,34,34,40,40,44,44,122,122,967,967,1118,1118,1048,1048,1018,1018,940,940,881,881,886,886,916,916,935,935,947,947,1007,1007,945,945,387,387,243,243,159,159,116,116,62,62,,,,,,,,,,,,,,,,,,,,,,,,,,,,,,,,,,,,,,,,,,,,,,,,
tran_b466cda7-0417-4df9-96eb-1241860ff02b,1600,tran_988fec77-214d-4500-9ff3-8205e8ec5eb4,tran_f06d9c17-0043-471e-8ae8-564c3da4cc79,tran_bac62dbb-0cf5-4274-9cfa-8c9ad4213311,1,44,44,45,45,32,32,34,34,40,40,44,44,122,122,967,967,1118,1118,1048,1048,1018,1018,940,940,881,881,886,886,916,916,935,935,947,947,1007,1007,945,945,387,387,243,243,159,159,116,116,62,62,,,,,,,,,,,,,,,,,,,,,,,,,,,,,,,,,,,,,,,,,,,,,,,,
tran_b4d566ae-0805-47cf-b4c9-b70e298331c2,550,tran_a28c64af-a486-4530-975c-3d630f0969f5,tran_041e7ab9-a5e3-4ebd-8be4-4d14069df9e2,tran_c3a0c474-548c-4006-acd1-b41ef29ff42a,1,44,44,45,45,32,32,34,34,40,40,44,44,122,122,967,967,1118,1118,1048,1048,1018,1018,940,940,881,881,886,886,916,916,935,935,947,947,1007,1007,945,945,387,387,243,243,159,159,116,116,62,62,,,,,,,,,,,,,,,,,,,,,,,,,,,,,,,,,,,,,,,,,,,,,,,,
tran_b4dfded0-567a-4f49-af25-946e34f4dc7f,2750,tran_8f231233-bf0f-445f-aa42-66ef53ffadcc,tran_7cd36aba-ca40-4e78-9a78-2778c032a92d,tran_170bafda-2ee1-4be0-9578-b33cf0219f03;tran_a42471d8-1e02-43b2-9af9-d0332ee2e43e,2,44,44,45,45,32,32,34,34,40,40,44,44,122,122,967,967,1118,1118,1048,1048,1018,1018,940,940,881,881,886,886,916,916,935,935,947,947,1007,1007,945,945,387,387,243,243,159,159,116,116,62,62,,,,,,,,,,,,,,,,,,,,,,,,,,,,,,,,,,,,,,,,,,,,,,,,
tran_b51f5447-ecb3-4a70-a626-95139a17fe2f,800,tran_6624a802-a244-475d-b89d-19613c08084b,tran_b8cbec16-aa8e-4fa1-8d8a-f893a74a35ae,,0,44,44,45,45,32,32,34,34,40,40,44,44,122,122,967,967,1118,1118,1048,1048,1018,1018,940,940,881,881,886,886,916,916,935,935,947,947,1007,1007,945,945,387,387,243,243,159,159,116,116,62,62,,,,,,,,,,,,,,,,,,,,,,,,,,,,,,,,,,,,,,,,,,,,,,,,
tran_b5383803-2275-45e4-ae69-9a18d488f083,1600,tran_bd99a001-5217-4816-81f6-d4cab539ff25,tran_5f577755-00bd-45d2-beec-9addc0d7c2df,,0,44,44,45,45,32,32,34,34,40,40,44,44,122,122,967,967,1118,1118,1048,1048,1018,1018,940,940,881,881,886,886,916,916,935,935,947,947,1007,1007,945,945,387,387,243,243,159,159,116,116,62,62,,,,,,,,,,,,,,,,,,,,,,,,,,,,,,,,,,,,,,,,,,,,,,,,
tran_b56b7aa3-a0f5-4db5-9959-d266c706b607,2500,tran_333bb82c-8aed-4f6b-851d-df14c72855bc,tran_13c852c2-54eb-4078-84f3-854020e97916,,0,44,44,45,45,32,32,34,34,40,40,44,44,122,122,967,967,1118,1118,1048,1048,1018,1018,940,940,881,881,886,886,916,916,935,935,947,947,1007,1007,945,945,387,387,243,243,159,159,116,116,62,62,,,,,,,,,,,,,,,,,,,,,,,,,,,,,,,,,,,,,,,,,,,,,,,,
tran_b5b818dd-49bf-461a-a238-2d9e5df0c769,800,,tran_b944a71b-c1ea-4298-a7ac-1ca58e4614e8,,0,44,44,45,45,32,32,34,34,40,40,44,44,122,122,967,967,1118,1118,1048,1048,1018,1018,940,940,881,881,886,886,916,916,935,935,947,947,1007,1007,945,945,387,387,243,243,159,159,116,116,62,62,,,,,,,,,,,,,,,,,,,,,,,,,,,,,,,,,,,,,,,,,,,,,,,,
tran_b5fc653f-36ff-445a-b699-49203460d636,4400,16276,tran_615dd296-c08c-4c52-9469-07088c839477,,0,44,44,45,45,32,32,34,34,40,40,44,44,122,122,967,967,1118,1118,1048,1048,1018,1018,940,940,881,881,886,886,916,916,935,935,947,947,1007,1007,945,945,387,387,243,243,159,159,116,116,62,62,,,,,,,,,,,,,,,,,,,,,,,,,,,,,,,,,,,,,,,,,,,,,,,,
tran_b608560f-ecf7-44ff-90f8-d32c90316f5c,4400,tran_6f773375-158a-4bf8-8132-79da6b5049ca,tran_18a372f5-91c1-4881-8e47-d9d42a01c429,,0,44,44,45,45,32,32,34,34,40,40,44,44,122,122,967,967,1118,1118,1048,1048,1018,1018,940,940,881,881,886,886,916,916,935,935,947,947,1007,1007,945,945,387,387,243,243,159,159,116,116,62,62,,,,,,,,,,,,,,,,,,,,,,,,,,,,,,,,,,,,,,,,,,,,,,,,
tran_b654ba5e-b257-4cd1-ad08-3cb9838b0001,4400,tran_688513a0-336a-42d6-aef8-037526b11f0d,tran_be775aa1-9aa9-461b-9361-05b9669764a9,,0,67,67,70,70,49,49,53,53,62,62,67,67,186,186,910,910,1134,1134,1023,1023,977,977,900,900,812,812,861,861,864,864,851,851,886,886,939,939,854,854,524,524,336,336,227,227,165,165,84,84,,,,,,,,,,,,,,,,,,,,,,,,,,,,,,,,,,,,,,,,,,,,,,,,
tran_b72129ce-7c9b-4f37-bc52-ca8a4a3568ff,4400,tran_0e63535e-3374-4784-94b7-6d413a1d04a2,tran_39f1cbb3-cd6b-46ec-bad7-679e0cfdcfb9,,0,44,44,45,45,32,32,34,34,40,40,44,44,122,122,967,967,1118,1118,1048,1048,1018,1018,940,940,881,881,886,886,916,916,935,935,947,947,1007,1007,945,945,387,387,243,243,159,159,116,116,62,62,,,,,,,,,,,,,,,,,,,,,,,,,,,,,,,,,,,,,,,,,,,,,,,,
tran_b78e72c2-8775-462a-8bd8-fb0833b4fabc,1650,tran_70069cb1-78a4-4e41-a517-184bf4d46a16,tran_2a2cd124-4987-443f-a742-4a079ab0c066,tran_ce1f9382-0fba-49db-acd4-18f1c4c20c23,1,44,44,45,45,32,32,34,34,40,40,44,44,122,122,967,967,1118,1118,1048,1048,1018,1018,940,940,881,881,886,886,916,916,935,935,947,947,1007,1007,945,945,387,387,243,243,159,159,116,116,62,62,,,,,,,,,,,,,,,,,,,,,,,,,,,,,,,,,,,,,,,,,,,,,,,,
tran_b79b3433-c5c8-439b-bee6-0a793725c8cd,2500,tran_1b278465-7067-4e77-ac0c-139dc2720b8a,tran_3a558c84-a1f2-4f32-ac16-2c63758d0b5a,,0,44,44,45,45,32,32,34,34,40,40,44,44,122,122,967,967,1118,1118,1048,1048,1018,1018,940,940,881,881,886,886,916,916,935,935,947,947,1007,1007,945,945,387,387,243,243,159,159,116,116,62,62,,,,,,,,,,,,,,,,,,,,,,,,,,,,,,,,,,,,,,,,,,,,,,,,
tran_b7c8b404-4c35-428b-8d42-3e866a933d82,2000,tran_5d13e120-f008-4fdb-b877-0e1190e15438,tran_08152cbe-edfc-46e9-8aa7-333b6e5a3d63,tran_398faa5d-6229-45a7-87ef-8cf213461e2e,1,44,44,45,45,32,32,34,34,40,40,44,44,122,122,967,967,1118,1118,1048,1048,1018,1018,940,940,881,881,886,886,916,916,935,935,947,947,1007,1007,945,945,387,387,243,243,159,159,116,116,62,62,,,,,,,,,,,,,,,,,,,,,,,,,,,,,,,,,,,,,,,,,,,,,,,,
tran_b7f3bde2-47c7-4257-810e-a64a814f99a2,300,tran_23624eb6-8ef6-4bc1-ab70-5e452cfa012f,tran_6d4db2aa-71c7-41f4-8c5a-02dd2c8dd19d,tran_3f5d03ec-b34f-4dd8-b59e-771edfddf0c6,1,44,44,45,45,32,32,34,34,40,40,44,44,122,122,967,967,1118,1118,1048,1048,1018,1018,940,940,881,881,886,886,916,916,935,935,947,947,1007,1007,945,945,387,387,243,243,159,159,116,116,62,62,,,,,,,,,,,,,,,,,,,,,,,,,,,,,,,,,,,,,,,,,,,,,,,,
tran_b8060569-0505-4245-be29-22128576944e,4400,tran_18f7c63b-4fef-44d3-a7ca-b458f592edaa,tran_43395528-dc9b-4a54-9c40-cbf1c2d045a6,tran_9cc60147-0cb2-4d6d-bdc6-dd791b29b5b6,1,44,44,45,45,32,32,34,34,40,40,44,44,122,122,967,967,1118,1118,1048,1048,1018,1018,940,940,881,881,886,886,916,916,935,935,947,947,1007,1007,945,945,387,387,243,243,159,159,116,116,62,62,,,,,,,,,,,,,,,,,,,,,,,,,,,,,,,,,,,,,,,,,,,,,,,,
tran_b85719d7-164c-4da0-828d-c75c0ef16d8f,4400,15619,,,0,0,0,0,0,0,0,0,0,0,0,0,0,0,0,1156,1156,1275,1275,1184,1184,1063,1063,1121,1121,1033,1033,1056,1056,1105,1105,1218,1218,1250,1250,1308,1308,1226,1226,0,0,0,0,0,0,0,0,0,0,,,,,,,,,,,,,,,,,,,,,,,,,,,,,,,,,,,,,,,,,,,,,,,,
tran_b8a2700b-e672-4270-9064-fc720f26aea8,1650,tran_be96dedc-e907-4a1d-a285-07418169f03f,tran_c6fe42b0-2c6e-4333-b103-8bdbc26239ff,tran_fba2a646-6907-43cb-8e30-f583fca7f608;tran_eab04137-e97d-415a-b137-0f9320dd4a0f,2,44,44,45,45,32,32,34,34,40,40,44,44,122,122,967,967,1118,1118,1048,1048,1018,1018,940,940,881,881,886,886,916,916,935,935,947,947,1007,1007,945,945,387,387,243,243,159,159,116,116,62,62,,,,,,,,,,,,,,,,,,,,,,,,,,,,,,,,,,,,,,,,,,,,,,,,
tran_b8cbec16-aa8e-4fa1-8d8a-f893a74a35ae,1200,tran_b51f5447-ecb3-4a70-a626-95139a17fe2f,tran_a61ebdbb-99d0-48fd-9f36-2a3e9856637c,tran_6e70c802-7e0e-49ec-8eb0-6d126fdfb39d;tran_462f7afc-e344-4c8a-9414-1d7f0c7cf758,2,44,44,45,45,32,32,34,34,40,40,44,44,122,122,967,967,1118,1118,1048,1048,1018,1018,940,940,881,881,886,886,916,916,935,935,947,947,1007,1007,945,945,387,387,243,243,159,159,116,116,62,62,,,,,,,,,,,,,,,,,,,,,,,,,,,,,,,,,,,,,,,,,,,,,,,,
tran_b8e6f8a7-b50e-4f09-abf8-5763757e0861,4400,tran_cef5d71c-4e4b-41e5-baec-f8939321c970,tran_0954f5ec-7174-428f-867b-030bf5537c82,,0,44,44,45,45,32,32,34,34,40,40,44,44,122,122,967,967,1118,1118,1048,1048,1018,1018,940,940,881,881,886,886,916,916,935,935,947,947,1007,1007,945,945,387,387,243,243,159,159,116,116,62,62,,,,,,,,,,,,,,,,,,,,,,,,,,,,,,,,,,,,,,,,,,,,,,,,
tran_b918fe44-2fb9-4033-a6ec-ca19341e646d,1500,tran_6f0e773e-5631-43dc-891e-887a4f9da8cb,tran_396e985c-7c78-4313-b7ef-14ec591f42e7,,0,44,44,45,45,32,32,34,34,40,40,44,44,122,122,967,967,1118,1118,1048,1048,1018,1018,940,940,881,881,886,886,916,916,935,935,947,947,1007,1007,945,945,387,387,243,243,159,159,116,116,62,62,,,,,,,,,,,,,,,,,,,,,,,,,,,,,,,,,,,,,,,,,,,,,,,,
tran_b9284977-b49b-4f49-9c1a-d046938c5b36,4400,tran_c112376c-0c82-42bf-a03b-40dba0d0f424,tran_7571a0e7-ad4c-4ca9-ad94-f53d2cb20a10,tran_e1d10cab-2ca2-4d6c-89df-46782bd6d436;tran_723cfb83-afb5-4461-a832-627d0416d480;tran_ea29319d-4fdb-4060-a03d-c16ab7876ec9;tran_675a7983-82aa-4d8e-a00e-09929291b971,4,0,0,0,0,0,0,0,0,0,0,0,0,0,0,1138,1138,1201,1201,1284,1284,1257,1257,1168,1168,1084,1084,1145,1145,1051,1051,1179,1179,1173,1173,1211,1211,1091,1091,0,0,0,0,0,0,0,0,0,0,,,,,,,,,,,,,,,,,,,,,,,,,,,,,,,,,,,,,,,,,,,,,,,,
tran_b944a71b-c1ea-4298-a7ac-1ca58e4614e8,400,tran_b5b818dd-49bf-461a-a238-2d9e5df0c769,tran_4fdbf5d3-879d-4164-a87c-1ff403eff4b3,tran_a1415377-8a51-4fd0-9c93-994d3f6a64f6,1,44,44,45,45,32,32,34,34,40,40,44,44,122,122,967,967,1118,1118,1048,1048,1018,1018,940,940,881,881,886,886,916,916,935,935,947,947,1007,1007,945,945,387,387,243,243,159,159,116,116,62,62,,,,,,,,,,,,,,,,,,,,,,,,,,,,,,,,,,,,,,,,,,,,,,,,
tran_b953eb73-1080-40ed-871c-bbec4f7e76c4,800,tran_d9481331-69cb-41b5-ba55-b28dd43a9169,tran_4927a14e-0cf6-4c29-83f6-d6b89cfe8d1f,,0,44,44,45,45,32,32,34,34,40,40,44,44,122,122,967,967,1118,1118,1048,1048,1018,1018,940,940,881,881,886,886,916,916,935,935,947,947,1007,1007,945,945,387,387,243,243,159,159,116,116,62,62,,,,,,,,,,,,,,,,,,,,,,,,,,,,,,,,,,,,,,,,,,,,,,,,
tran_b96c7ebd-25c8-450d-8bc5-eff588cc2961,4400,tran_c427f48e-4bfc-4d88-a058-b67fb9237624,tran_6c88a0da-c5a7-461e-8698-c9b73a41efaa,,0,44,44,45,45,32,32,34,34,40,40,44,44,122,122,967,967,1118,1118,1048,1048,1018,1018,940,940,881,881,886,886,916,916,935,935,947,947,1007,1007,945,945,387,387,243,243,159,159,116,116,62,62,,,,,,,,,,,,,,,,,,,,,,,,,,,,,,,,,,,,,,,,,,,,,,,,
tran_b9a8fbdc-1999-40f4-be72-fcba96f55862,1200,tran_2f0ac8c8-c69c-4dca-a7c4-b83a44d6a4eb,tran_25fb35f3-8619-4f8d-92de-085095c503b0,,0,33,33,31,31,22,22,23,23,26,26,31,31,88,88,1055,1055,1119,1119,1058,1058,1080,1080,966,966,980,980,861,861,1008,1008,1021,1021,988,988,1080,1080,1096,1096,421,421,249,249,150,150,110,110,68,68,,,,,,,,,,,,,,,,,,,,,,,,,,,,,,,,,,,,,,,,,,,,,,,,
tran_b9d5760e-dff4-4634-b424-a7caf46f9f1c,4000,tran_ab40e443-7e14-4ebc-9485-54b6361c629b,tran_5268424b-8eab-4522-ba9d-52b072e1f028,,0,44,44,45,45,32,32,34,34,40,40,44,44,122,122,967,967,1118,1118,1048,1048,1018,1018,940,940,881,881,886,886,916,916,935,935,947,947,1007,1007,945,945,387,387,243,243,159,159,116,116,62,62,,,,,,,,,,,,,,,,,,,,,,,,,,,,,,,,,,,,,,,,,,,,,,,,
tran_b9d73e88-974e-490d-af2d-a512ccb98e0f,2500,tran_21d57d3a-eeb8-40af-8e80-56f55705adab,tran_a66b312f-a0de-4ff3-9636-31e4416dfab6,,0,44,44,45,45,32,32,34,34,40,40,44,44,122,122,967,967,1118,1118,1048,1048,1018,1018,940,940,881,881,886,886,916,916,935,935,947,947,1007,1007,945,945,387,387,243,243,159,159,116,116,62,62,,,,,,,,,,,,,,,,,,,,,,,,,,,,,,,,,,,,,,,,,,,,,,,,
tran_b9ede55d-fc8d-46eb-aaa9-ff60f830f2df,4400,tran_5f465b1c-031a-4eb3-b980-41a956cbc5fb,tran_3959058f-220e-471e-bfa9-1243d436cb46,,0,44,44,45,45,32,32,34,34,40,40,44,44,122,122,967,967,1118,1118,1048,1048,1018,1018,940,940,881,881,886,886,916,916,935,935,947,947,1007,1007,945,945,387,387,243,243,159,159,116,116,62,62,,,,,,,,,,,,,,,,,,,,,,,,,,,,,,,,,,,,,,,,,,,,,,,,
tran_bac62dbb-0cf5-4274-9cfa-8c9ad4213311,3500,tran_c1f26def-b77d-4011-bc8f-95303e2972c3,tran_b466cda7-0417-4df9-96eb-1241860ff02b,,0,44,44,45,45,32,32,34,34,40,40,44,44,122,122,967,967,1118,1118,1048,1048,1018,1018,940,940,881,881,886,886,916,916,935,935,947,947,1007,1007,945,945,387,387,243,243,159,159,116,116,62,62,,,,,,,,,,,,,,,,,,,,,,,,,,,,,,,,,,,,,,,,,,,,,,,,
tran_bad2a4e0-eab1-4e13-ab64-5d5b12433655,2000,tran_fc4c3e37-c4ff-4a17-a8d0-2c132a1a0448,tran_d357b143-7c80-4d0f-8f7a-a1259bc84e93,,0,44,44,45,45,32,32,34,34,40,40,44,44,122,122,967,967,1118,1118,1048,1048,1018,1018,940,940,881,881,886,886,916,916,935,935,947,947,1007,1007,945,945,387,387,243,243,159,159,116,116,62,62,,,,,,,,,,,,,,,,,,,,,,,,,,,,,,,,,,,,,,,,,,,,,,,,
tran_baf11617-7fdc-4d69-a614-b4fed17f4e9d,4400,tran_54a45aaa-1c75-4941-9b4f-8f2827f19b94,tran_fd1ac63c-6311-4bdd-8fdf-0682cf34eede,,0,44,44,45,45,32,32,34,34,40,40,44,44,122,122,967,967,1118,1118,1048,1048,1018,1018,940,940,881,881,886,886,916,916,935,935,947,947,1007,1007,945,945,387,387,243,243,159,159,116,116,62,62,,,,,,,,,,,,,,,,,,,,,,,,,,,,,,,,,,,,,,,,,,,,,,,,
tran_baf2c390-5740-4907-b7bd-d727f06f74fb,2500,tran_1f721032-d3be-45bb-851b-8e0455b446e3,tran_0ce29836-1998-452b-90e2-2e7651d544a3,tran_63e44f37-a73a-4dc0-9f5c-7ecf0cebb05a;tran_9ee92c4c-dcd3-4c9c-a191-a25aa3bacecd,2,44,44,45,45,32,32,34,34,40,40,44,44,122,122,967,967,1118,1118,1048,1048,1018,1018,940,940,881,881,886,886,916,916,935,935,947,947,1007,1007,945,945,387,387,243,243,159,159,116,116,62,62,,,,,,,,,,,,,,,,,,,,,,,,,,,,,,,,,,,,,,,,,,,,,,,,
tran_bb01bd88-4b46-43f0-b5bd-d5b0b7d9d540,3000,tran_3aafe1bb-cd1d-400b-a21c-457b92b0ad8f,tran_2157f80f-437d-4ef5-bf6e-64ab72219026,,0,44,44,45,45,32,32,34,34,40,40,44,44,122,122,967,967,1118,1118,1048,1048,1018,1018,940,940,881,881,886,886,916,916,935,935,947,947,1007,1007,945,945,387,387,243,243,159,159,116,116,62,62,,,,,,,,,,,,,,,,,,,,,,,,,,,,,,,,,,,,,,,,,,,,,,,,
tran_bb4c8bc2-22aa-4af7-bdac-fd4d28ad6684,4400,tran_0d607cf3-2c85-4cf7-9193-27d5cc4e7e62,tran_5e5325d6-9056-4788-ba13-ed26c05b56b5,tran_846223c1-65dc-4b7d-882a-be1418d1ab3d;tran_ae08951c-2519-4107-a6e7-e7d221d2f63c,2,44,44,45,45,32,32,34,34,40,40,44,44,122,122,967,967,1118,1118,1048,1048,1018,1018,940,940,881,881,886,886,916,916,935,935,947,947,1007,1007,945,945,387,387,243,243,159,159,116,116,62,62,,,,,,,,,,,,,,,,,,,,,,,,,,,,,,,,,,,,,,,,,,,,,,,,
tran_bba6b3c1-c088-40bd-a307-462e5a4d08e2,2500,tran_917a11fb-91ed-47d9-a468-3c07db4b81a8,tran_a2c97679-1e24-41ce-9fd7-b12d48dec10a,tran_c5e6c6a2-b654-4047-8464-a6a280cdb955,1,44,44,45,45,32,32,34,34,40,40,44,44,122,122,967,967,1118,1118,1048,1048,1018,1018,940,940,881,881,886,886,916,916,935,935,947,947,1007,1007,945,945,387,387,243,243,159,159,116,116,62,62,,,,,,,,,,,,,,,,,,,,,,,,,,,,,,,,,,,,,,,,,,,,,,,,
tran_bbc25ee8-bb71-40a7-a6da-15a9b416d53b,2500,,tran_4de2a56c-a474-4439-9b65-ab3a7406467d,tran_c9e4f03f-15cc-463e-91a0-b1d24b180fae;tran_8b1d5592-7c84-441d-96b2-e05a0cafd136,2,44,44,45,45,32,32,34,34,40,40,44,44,122,122,967,967,1118,1118,1048,1048,1018,1018,940,940,881,881,886,886,916,916,935,935,947,947,1007,1007,945,945,387,387,243,243,159,159,116,116,62,62,,,,,,,,,,,,,,,,,,,,,,,,,,,,,,,,,,,,,,,,,,,,,,,,
tran_bc05f582-22a6-46a4-8fb2-1980cd2e9e90,3850,tran_cfe417f3-c497-4744-b751-573e4d52233d,tran_0a5abb0f-b53e-4af1-90aa-171a9f68de1c,tran_8e35ba92-08cc-46a2-aac7-2a327fd0d808,1,44,44,45,45,32,32,34,34,40,40,44,44,122,122,967,967,1118,1118,1048,1048,1018,1018,940,940,881,881,886,886,916,916,935,935,947,947,1007,1007,945,945,387,387,243,243,159,159,116,116,62,62,,,,,,,,,,,,,,,,,,,,,,,,,,,,,,,,,,,,,,,,,,,,,,,,
tran_bc4803f8-c5ec-4e7c-9170-25637fecac0a,4400,tran_18a372f5-91c1-4881-8e47-d9d42a01c429,tran_350446de-0bf8-4c4e-9196-78ffe0999fd0,,0,44,44,45,45,32,32,34,34,40,40,44,44,122,122,967,967,1118,1118,1048,1048,1018,1018,940,940,881,881,886,886,916,916,935,935,947,947,1007,1007,945,945,387,387,243,243,159,159,116,116,62,62,,,,,,,,,,,,,,,,,,,,,,,,,,,,,,,,,,,,,,,,,,,,,,,,
tran_bc5ced8e-22d1-42fd-a7e6-31c451a57dd5,800,tran_fb885c7e-4a30-4535-b72c-8526d953e2cd,tran_33ccea8d-da8a-44c0-8630-23ab35d56fcb,,0,44,44,45,45,32,32,34,34,40,40,44,44,122,122,967,967,1118,1118,1048,1048,1018,1018,940,940,881,881,886,886,916,916,935,935,947,947,1007,1007,945,945,387,387,243,243,159,159,116,116,62,62,,,,,,,,,,,,,,,,,,,,,,,,,,,,,,,,,,,,,,,,,,,,,,,,
tran_bc725392-db41-42f7-b004-1837a79d4647,4400,tran_7b7af5eb-7ee0-4790-92b8-622231325341,,,0,44,44,45,45,32,32,34,34,40,40,44,44,122,122,967,967,1118,1118,1048,1048,1018,1018,940,940,881,881,886,886,916,916,935,935,947,947,1007,1007,945,945,387,387,243,243,159,159,116,116,62,62,,,,,,,,,,,,,,,,,,,,,,,,,,,,,,,,,,,,,,,,,,,,,,,,
tran_bc850f35-76fd-4544-9df9-c7964bb81a51,2500,tran_038664f0-23e9-470f-9b36-a5058a227d02,tran_84ca2e19-87f3-4698-b0ed-f06b0ce30622,,0,44,44,45,45,32,32,34,34,40,40,44,44,122,122,967,967,1118,1118,1048,1048,1018,1018,940,940,881,881,886,886,916,916,935,935,947,947,1007,1007,945,945,387,387,243,243,159,159,116,116,62,62,,,,,,,,,,,,,,,,,,,,,,,,,,,,,,,,,,,,,,,,,,,,,,,,
tran_bcf0d06c-09a8-4abb-a1f4-067e7ee065aa,1200,tran_5ce2a66f-0d0c-49bf-b76e-9561a4fd07cc,tran_4a0ae239-4dfd-4b87-b6b3-50568893b9d1,tran_f148a116-ab16-45b0-b3ac-ed86e6a8dbb3;tran_e0a353eb-7fb0-4e57-8d12-c51c93742a5a,2,44,44,45,45,32,32,34,34,40,40,44,44,122,122,967,967,1118,1118,1048,1048,1018,1018,940,940,881,881,886,886,916,916,935,935,947,947,1007,1007,945,945,387,387,243,243,159,159,116,116,62,62,,,,,,,,,,,,,,,,,,,,,,,,,,,,,,,,,,,,,,,,,,,,,,,,
tran_bd3f9a25-8969-4ca4-9924-b7d97deaf6f3,3500,,tran_898c5a08-9589-4635-9434-0e4ca2aea599,,0,44,44,45,45,32,32,34,34,40,40,44,44,122,122,967,967,1118,1118,1048,1048,1018,1018,940,940,881,881,886,886,916,916,935,935,947,947,1007,1007,945,945,387,387,243,243,159,159,116,116,62,62,,,,,,,,,,,,,,,,,,,,,,,,,,,,,,,,,,,,,,,,,,,,,,,,
tran_bd5a4ae6-b6db-4e1c-8972-5adb63fba49f,1000,tran_60d7ab2b-ee32-4464-8dd0-ff11f8d3d767,tran_f17cc791-0415-4e0e-b438-49a3562c85b6,tran_4a91746c-1476-430d-b750-9d180518610b,1,44,44,45,45,32,32,34,34,40,40,44,44,122,122,967,967,1118,1118,1048,1048,1018,1018,940,940,881,881,886,886,916,916,935,935,947,947,1007,1007,945,945,387,387,243,243,159,159,116,116,62,62,,,,,,,,,,,,,,,,,,,,,,,,,,,,,,,,,,,,,,,,,,,,,,,,
tran_bd801986-8644-4708-b693-aeeaa9e63a30,800,tran_ad72fcc9-3b50-4361-a1d4-e085802cfd97,tran_b0c7747f-b3a2-46cb-8308-5187ecdbded4,tran_209a2ac7-69f9-4739-a41b-5d55a9fadfed,1,44,44,45,45,32,32,34,34,40,40,44,44,122,122,967,967,1118,1118,1048,1048,1018,1018,940,940,881,881,886,886,916,916,935,935,947,947,1007,1007,945,945,387,387,243,243,159,159,116,116,62,62,,,,,,,,,,,,,,,,,,,,,,,,,,,,,,,,,,,,,,,,,,,,,,,,
tran_bd88f621-29e8-4709-b40c-0e3e10db1e33,1600,tran_a4d9a3bd-ed91-4bb7-9b4f-5484c0287dd0,tran_79a3f277-edd9-4888-af09-f2e8e63cc513,,0,44,44,45,45,32,32,34,34,40,40,44,44,122,122,967,967,1118,1118,1048,1048,1018,1018,940,940,881,881,886,886,916,916,935,935,947,947,1007,1007,945,945,387,387,243,243,159,159,116,116,62,62,,,,,,,,,,,,,,,,,,,,,,,,,,,,,,,,,,,,,,,,,,,,,,,,
tran_bd8ae8ad-1ecb-4133-b606-eef6d3c9e190,300,tran_6c898dd9-8d26-44f2-9d2d-3e54fdaa0017,tran_2c4d96a8-bcc3-48aa-82e4-8201be9b6539,,0,44,44,45,45,32,32,34,34,40,40,44,44,122,122,967,967,1118,1118,1048,1048,1018,1018,940,940,881,881,886,886,916,916,935,935,947,947,1007,1007,945,945,387,387,243,243,159,159,116,116,62,62,,,,,,,,,,,,,,,,,,,,,,,,,,,,,,,,,,,,,,,,,,,,,,,,
tran_bd99a001-5217-4816-81f6-d4cab539ff25,800,tran_adef7ecd-baf7-40e9-b82d-ed36880db5d5,tran_657480dc-29c6-4d96-aad1-610cb2a43512,tran_b5383803-2275-45e4-ae69-9a18d488f083,1,44,44,45,45,32,32,34,34,40,40,44,44,122,122,967,967,1118,1118,1048,1048,1018,1018,940,940,881,881,886,886,916,916,935,935,947,947,1007,1007,945,945,387,387,243,243,159,159,116,116,62,62,,,,,,,,,,,,,,,,,,,,,,,,,,,,,,,,,,,,,,,,,,,,,,,,
tran_bdee57a5-80c3-4af3-83f9-9d756e5f0005,4400,tran_09f7e2bb-ef12-4282-8ca3-d341c6f4516f,tran_1a28768b-c9d5-4887-9a1a-3578be333f1b,,0,44,44,45,45,32,32,34,34,40,40,44,44,122,122,967,967,1118,1118,1048,1048,1018,1018,940,940,881,881,886,886,916,916,935,935,947,947,1007,1007,945,945,387,387,243,243,159,159,116,116,62,62,,,,,,,,,,,,,,,,,,,,,,,,,,,,,,,,,,,,,,,,,,,,,,,,
tran_bdefac06-e1fe-4d75-b7e1-9b82ba3ffd58,4400,tran_02b63488-f599-4f61-8ce3-8feda5346abd,tran_8cb6f434-9d01-4603-970c-ff27b252a827,,0,44,44,45,45,32,32,34,34,40,40,44,44,122,122,967,967,1118,1118,1048,1048,1018,1018,940,940,881,881,886,886,916,916,935,935,947,947,1007,1007,945,945,387,387,243,243,159,159,116,116,62,62,,,,,,,,,,,,,,,,,,,,,,,,,,,,,,,,,,,,,,,,,,,,,,,,
tran_be07d233-2cec-4d6d-8d69-e2a2f1afba1d,4400,,tran_33ccea8d-da8a-44c0-8630-23ab35d56fcb,,0,44,44,45,45,32,32,34,34,40,40,44,44,122,122,967,967,1118,1118,1048,1048,1018,1018,940,940,881,881,886,886,916,916,935,935,947,947,1007,1007,945,945,387,387,243,243,159,159,116,116,62,62,,,,,,,,,,,,,,,,,,,,,,,,,,,,,,,,,,,,,,,,,,,,,,,,
tran_be121c7f-6994-4b31-a93d-24010b03bf74,4400,tran_d7254953-e7e1-46ee-9430-be59206409eb,tran_2f0ac8c8-c69c-4dca-a7c4-b83a44d6a4eb,,0,44,44,45,45,32,32,34,34,40,40,44,44,122,122,967,967,1118,1118,1048,1048,1018,1018,940,940,881,881,886,886,916,916,935,935,947,947,1007,1007,945,945,387,387,243,243,159,159,116,116,62,62,,,,,,,,,,,,,,,,,,,,,,,,,,,,,,,,,,,,,,,,,,,,,,,,
tran_be42996a-51f6-46ef-bc03-0151281b9a38,2500,tran_51b40786-5384-4a9d-879b-b40cdd9f527a,tran_cf0e87c0-ea3c-4863-82b1-2f62df73a0d6,tran_40095b5b-7977-4c0e-9668-8830639bc4f6,1,44,44,45,45,32,32,34,34,40,40,44,44,122,122,967,967,1118,1118,1048,1048,1018,1018,940,940,881,881,886,886,916,916,935,935,947,947,1007,1007,945,945,387,387,243,243,159,159,116,116,62,62,,,,,,,,,,,,,,,,,,,,,,,,,,,,,,,,,,,,,,,,,,,,,,,,
tran_be4ce453-9777-48d6-acb2-2fe5fba2cc31,3000,tran_9b3fb295-04ab-44d5-bdf7-5b931a7c9170,tran_19a8c433-1c48-4578-abdf-4faf2beef77d,,0,44,44,45,45,32,32,34,34,40,40,44,44,122,122,967,967,1118,1118,1048,1048,1018,1018,940,940,881,881,886,886,916,916,935,935,947,947,1007,1007,945,945,387,387,243,243,159,159,116,116,62,62,,,,,,,,,,,,,,,,,,,,,,,,,,,,,,,,,,,,,,,,,,,,,,,,
tran_be775aa1-9aa9-461b-9361-05b9669764a9,1650,18700,tran_53aba2dd-9ecc-4f9c-8ed8-58566d1dfc4f,tran_b654ba5e-b257-4cd1-ad08-3cb9838b0001,1,44,44,45,45,32,32,34,34,40,40,44,44,122,122,967,967,1118,1118,1048,1048,1018,1018,940,940,881,881,886,886,916,916,935,935,947,947,1007,1007,945,945,387,387,243,243,159,159,116,116,62,62,,,,,,,,,,,,,,,,,,,,,,,,,,,,,,,,,,,,,,,,,,,,,,,,
tran_be96dedc-e907-4a1d-a285-07418169f03f,4400,tran_2157f80f-437d-4ef5-bf6e-64ab72219026,tran_b8a2700b-e672-4270-9064-fc720f26aea8,,0,44,44,45,45,32,32,34,34,40,40,44,44,122,122,967,967,1118,1118,1048,1048,1018,1018,940,940,881,881,886,886,916,916,935,935,947,947,1007,1007,945,945,387,387,243,243,159,159,116,116,62,62,,,,,,,,,,,,,,,,,,,,,,,,,,,,,,,,,,,,,,,,,,,,,,,,
tran_bf63a880-7595-43cb-914c-d92890e074b4,3000,tran_d48dd53d-cb6d-4a31-94e0-fb0b2a7f72c0,tran_27206790-3018-4fbd-b169-36a1058113b6,,0,67,67,70,70,49,49,53,53,62,62,67,67,186,186,910,910,1134,1134,1023,1023,977,977,900,900,812,812,861,861,864,864,851,851,886,886,939,939,854,854,524,524,336,336,227,227,165,165,84,84,,,,,,,,,,,,,,,,,,,,,,,,,,,,,,,,,,,,,,,,,,,,,,,,
tran_bf68c694-30ed-439a-abf0-d570b8949214,300,tran_1d58425b-7e3c-4c66-aea9-c42a3bd53565,tran_868e53bd-99ed-4f51-b49a-7447b16a4263,tran_81c238c1-02d2-42f1-afbb-81f3a49ab0e8,1,44,44,45,45,32,32,34,34,40,40,44,44,122,122,967,967,1118,1118,1048,1048,1018,1018,940,940,881,881,886,886,916,916,935,935,947,947,1007,1007,945,945,387,387,243,243,159,159,116,116,62,62,,,,,,,,,,,,,,,,,,,,,,,,,,,,,,,,,,,,,,,,,,,,,,,,
tran_bf874809-74ba-4e80-8e08-d83227cd1076,4000,tran_1ba3f774-8835-4e09-bd0c-544a2d2fae47,tran_854ed414-806a-4914-b03f-b2dc8ab07f89,,0,44,44,45,45,32,32,34,34,40,40,44,44,122,122,967,967,1118,1118,1048,1048,1018,1018,940,940,881,881,886,886,916,916,935,935,947,947,1007,1007,945,945,387,387,243,243,159,159,116,116,62,62,,,,,,,,,,,,,,,,,,,,,,,,,,,,,,,,,,,,,,,,,,,,,,,,
tran_bfd05dae-1a1b-48c3-96bb-15db6416d3eb,4400,tran_9ace8f49-f587-4bc6-bb33-97fc0ef87917,,,0,44,44,45,45,32,32,34,34,40,40,44,44,122,122,967,967,1118,1118,1048,1048,1018,1018,940,940,881,881,886,886,916,916,935,935,947,947,1007,1007,945,945,387,387,243,243,159,159,116,116,62,62,,,,,,,,,,,,,,,,,,,,,,,,,,,,,,,,,,,,,,,,,,,,,,,,
tran_c00a03be-30b3-44fb-b4e4-6322bbe7351a,2500,tran_c68b3b4d-cb43-40d5-b7d4-5e4f5a359f62,tran_a1379e0b-03e1-4f4b-8a4c-57e50ca41e72,,0,44,44,45,45,32,32,34,34,40,40,44,44,122,122,967,967,1118,1118,1048,1048,1018,1018,940,940,881,881,886,886,916,916,935,935,947,947,1007,1007,945,945,387,387,243,243,159,159,116,116,62,62,,,,,,,,,,,,,,,,,,,,,,,,,,,,,,,,,,,,,,,,,,,,,,,,
tran_c037efc6-633a-4a68-a7fc-e3b448f83244,4400,tran_4526cad7-5460-43fd-b534-91ad8c691272,16306,tran_2b343da9-7cff-4fbf-b2e8-148e2687b7c2,1,67,67,70,70,49,49,53,53,62,62,67,67,186,186,910,910,1134,1134,1023,1023,977,977,900,900,812,812,861,861,864,864,851,851,886,886,939,939,854,854,524,524,336,336,227,227,165,165,84,84,,,,,,,,,,,,,,,,,,,,,,,,,,,,,,,,,,,,,,,,,,,,,,,,
tran_c0382363-32a1-49e8-b52e-2d1ae469d14d,2200,tran_37d4c35a-ecfb-4928-8db2-6a2b02093220,tran_d42b7161-4d28-4a78-8754-2904876490ab,tran_f6cc99c6-f75b-49a7-8101-4716424bb154,1,44,44,45,45,32,32,34,34,40,40,44,44,122,122,967,967,1118,1118,1048,1048,1018,1018,940,940,881,881,886,886,916,916,935,935,947,947,1007,1007,945,945,387,387,243,243,159,159,116,116,62,62,,,,,,,,,,,,,,,,,,,,,,,,,,,,,,,,,,,,,,,,,,,,,,,,
tran_c04a7817-2f08-49c3-a48f-e5a15bf0a9f9,800,tran_5e236e7b-2e46-4f2e-bc52-addf4aad35d6,tran_a33b995a-055b-4d3e-94aa-48be4b088870,tran_c429f793-9df4-4921-8d8d-7323d0e4d8e9,1,44,44,45,45,32,32,34,34,40,40,44,44,122,122,967,967,1118,1118,1048,1048,1018,1018,940,940,881,881,886,886,916,916,935,935,947,947,1007,1007,945,945,387,387,243,243,159,159,116,116,62,62,,,,,,,,,,,,,,,,,,,,,,,,,,,,,,,,,,,,,,,,,,,,,,,,
tran_c052fd5d-5523-4d05-8bde-66aafc78e64c,1600,tran_8a537b27-2dfd-49bf-bf85-a72ef610fa91,tran_e3b5fc04-6e15-4af7-8175-db9a45ecc955,,0,44,44,45,45,32,32,34,34,40,40,44,44,122,122,967,967,1118,1118,1048,1048,1018,1018,940,940,881,881,886,886,916,916,935,935,947,947,1007,1007,945,945,387,387,243,243,159,159,116,116,62,62,,,,,,,,,,,,,,,,,,,,,,,,,,,,,,,,,,,,,,,,,,,,,,,,
tran_c0680e04-a4aa-4992-bd1b-ee357658ba54,3000,tran_e5c6f669-4fb8-4a67-b165-fcb60d980e3b,tran_f6bb16b0-bac3-45b6-8f7b-b0600ed4a89a,,0,44,44,45,45,32,32,34,34,40,40,44,44,122,122,967,967,1118,1118,1048,1048,1018,1018,940,940,881,881,886,886,916,916,935,935,947,947,1007,1007,945,945,387,387,243,243,159,159,116,116,62,62,,,,,,,,,,,,,,,,,,,,,,,,,,,,,,,,,,,,,,,,,,,,,,,,
tran_c07ce826-b246-46ed-8546-74bb6e5042b9,2500,15613,tran_239ae957-b987-487d-9c96-0ed8d87c0fc9,,0,67,67,70,70,49,49,53,53,62,62,67,67,186,186,910,910,1134,1134,1023,1023,977,977,900,900,812,812,861,861,864,864,851,851,886,886,939,939,854,854,524,524,336,336,227,227,165,165,84,84,,,,,,,,,,,,,,,,,,,,,,,,,,,,,,,,,,,,,,,,,,,,,,,,
tran_c0d06005-63f3-4cd8-b565-69a463911e45,4400,tran_174ce230-b605-4141-a87b-3cbc67d8ba48,tran_d1480cec-4456-4c88-9524-9663ff23e899,,0,44,44,45,45,32,32,34,34,40,40,44,44,122,122,967,967,1118,1118,1048,1048,1018,1018,940,940,881,881,886,886,916,916,935,935,947,947,1007,1007,945,945,387,387,243,243,159,159,116,116,62,62,,,,,,,,,,,,,,,,,,,,,,,,,,,,,,,,,,,,,,,,,,,,,,,,
tran_c0d55c92-3818-4ddb-ada0-10f5ebe0034d,1200,tran_d32dcb47-878f-4079-a5d0-64ef4a450582,tran_63765e8b-c8de-4204-b2e1-00baaf43d232,tran_58f98fa5-45f4-49c0-976a-c068bd3be75e;tran_2b26610d-4018-492e-9983-1b8831214d23,2,44,44,45,45,32,32,34,34,40,40,44,44,122,122,967,967,1118,1118,1048,1048,1018,1018,940,940,881,881,886,886,916,916,935,935,947,947,1007,1007,945,945,387,387,243,243,159,159,116,116,62,62,,,,,,,,,,,,,,,,,,,,,,,,,,,,,,,,,,,,,,,,,,,,,,,,
tran_c103397f-4c06-4769-8945-8e518613bdd9,2500,tran_410fcf85-04a2-4355-82fa-cb62deb6f8ef,tran_c7e0b09d-0cbf-4b0e-a118-b6635003e4cf,tran_4119915c-3822-4c20-9769-717625bb3fd0,1,44,44,45,45,32,32,34,34,40,40,44,44,122,122,967,967,1118,1118,1048,1048,1018,1018,940,940,881,881,886,886,916,916,935,935,947,947,1007,1007,945,945,387,387,243,243,159,159,116,116,62,62,,,,,,,,,,,,,,,,,,,,,,,,,,,,,,,,,,,,,,,,,,,,,,,,
tran_c112376c-0c82-42bf-a03b-40dba0d0f424,3300,tran_2896f35f-1fa9-4489-b82f-2e7c165748ed,tran_b9284977-b49b-4f49-9c1a-d046938c5b36,tran_e33a61b9-6d70-49d4-ab6a-bd7170d5a445;tran_e1d10cab-2ca2-4d6c-89df-46782bd6d436,2,44,44,45,45,32,32,34,34,40,40,44,44,122,122,967,967,1118,1118,1048,1048,1018,1018,940,940,881,881,886,886,916,916,935,935,947,947,1007,1007,945,945,387,387,243,243,159,159,116,116,62,62,,,,,,,,,,,,,,,,,,,,,,,,,,,,,,,,,,,,,,,,,,,,,,,,
tran_c140a36e-b476-4ee8-adba-5d7a545035b0,4400,tran_1a5c0739-fc9e-4a31-b5f0-400130d8cb6a,tran_383010c1-2cf1-42f3-83d1-291941154c6d,,0,67,67,70,70,49,49,53,53,62,62,67,67,186,186,910,910,1134,1134,1023,1023,977,977,900,900,812,812,861,861,864,864,851,851,886,886,939,939,854,854,524,524,336,336,227,227,165,165,84,84,,,,,,,,,,,,,,,,,,,,,,,,,,,,,,,,,,,,,,,,,,,,,,,,
tran_c1c02e83-6944-4184-9373-b543ccbabb04,4400,11782,tran_f82d660b-3465-4916-82f8-be0ea23a6151,,0,44,44,45,45,32,32,34,34,40,40,44,44,122,122,967,967,1118,1118,1048,1048,1018,1018,940,940,881,881,886,886,916,916,935,935,947,947,1007,1007,945,945,387,387,243,243,159,159,116,116,62,62,,,,,,,,,,,,,,,,,,,,,,,,,,,,,,,,,,,,,,,,,,,,,,,,
tran_c1f1cd12-65cd-42e4-8942-a7ec43b898d0,4400,tran_e7b92c43-b76d-4955-b44f-11996d22b239,tran_7853bfa0-f524-424f-ba4d-c86357dadb70,tran_14d19d9f-6536-4440-b31f-31ac57cbc5e5,1,44,44,45,45,32,32,34,34,40,40,44,44,122,122,967,967,1118,1118,1048,1048,1018,1018,940,940,881,881,886,886,916,916,935,935,947,947,1007,1007,945,945,387,387,243,243,159,159,116,116,62,62,,,,,,,,,,,,,,,,,,,,,,,,,,,,,,,,,,,,,,,,,,,,,,,,
tran_c1f26def-b77d-4011-bc8f-95303e2972c3,1200,tran_bac62dbb-0cf5-4274-9cfa-8c9ad4213311,tran_8ab6559b-850d-488b-8d07-ef4d03e6c40b,tran_6d98246a-92cb-4c14-a866-a0d22fcbd992;tran_85018be9-fb32-4146-95e8-1b4cf274118c,2,44,44,45,45,32,32,34,34,40,40,44,44,122,122,967,967,1118,1118,1048,1048,1018,1018,940,940,881,881,886,886,916,916,935,935,947,947,1007,1007,945,945,387,387,243,243,159,159,116,116,62,62,,,,,,,,,,,,,,,,,,,,,,,,,,,,,,,,,,,,,,,,,,,,,,,,
tran_c21e3169-87be-416b-8ca0-b8e330c2a635,4400,tran_d4590ec6-f9be-43e6-b760-a3eb8cf05ea3,tran_499e04c7-8e58-4ce2-b142-e67be9e240d0,,0,44,44,45,45,32,32,34,34,40,40,44,44,122,122,967,967,1118,1118,1048,1048,1018,1018,940,940,881,881,886,886,916,916,935,935,947,947,1007,1007,945,945,387,387,243,243,159,159,116,116,62,62,,,,,,,,,,,,,,,,,,,,,,,,,,,,,,,,,,,,,,,,,,,,,,,,
tran_c274f2da-c6cd-43d9-a664-881ade99cc3b,2500,tran_7c5ed608-1c56-41d4-a367-20cbbd544bbd,tran_9b2a82ce-b4fb-4708-9468-f1f25236f5ad,,0,44,44,45,45,32,32,34,34,40,40,44,44,122,122,967,967,1118,1118,1048,1048,1018,1018,940,940,881,881,886,886,916,916,935,935,947,947,1007,1007,945,945,387,387,243,243,159,159,116,116,62,62,,,,,,,,,,,,,,,,,,,,,,,,,,,,,,,,,,,,,,,,,,,,,,,,
tran_c283c558-bfba-4e68-a76f-e65f67f10fa6,4400,tran_b2991535-2219-46a0-898f-9124f1dea2ba,tran_db02be35-d06e-4e7f-85de-73341cc07111,,0,67,67,70,70,49,49,53,53,62,62,67,67,186,186,910,910,1134,1134,1023,1023,977,977,900,900,812,812,861,861,864,864,851,851,886,886,939,939,854,854,524,524,336,336,227,227,165,165,84,84,,,,,,,,,,,,,,,,,,,,,,,,,,,,,,,,,,,,,,,,,,,,,,,,
tran_c29d3e60-62e6-4acc-b4ea-3c78158a298a,1200,tran_3826c7ef-f5a1-432b-91b7-f511511f1423,tran_dfbe9439-96a0-41f8-9076-e93a44c44e35,tran_8f1394fa-01c7-4822-92ec-e2cca8797cfb,1,44,44,45,45,32,32,34,34,40,40,44,44,122,122,967,967,1118,1118,1048,1048,1018,1018,940,940,881,881,886,886,916,916,935,935,947,947,1007,1007,945,945,387,387,243,243,159,159,116,116,62,62,,,,,,,,,,,,,,,,,,,,,,,,,,,,,,,,,,,,,,,,,,,,,,,,
tran_c2d53e2b-8bcf-4f2e-b242-351da1421fe5,800,tran_5f48df3a-6d2d-450a-b881-e4e90dc19371,tran_2d923e89-ffc6-4db0-a4cc-c5454401c7c9,tran_15283aa3-8d30-4ce7-8751-092d3ef9b39e,1,44,44,45,45,32,32,34,34,40,40,44,44,122,122,967,967,1118,1118,1048,1048,1018,1018,940,940,881,881,886,886,916,916,935,935,947,947,1007,1007,945,945,387,387,243,243,159,159,116,116,62,62,,,,,,,,,,,,,,,,,,,,,,,,,,,,,,,,,,,,,,,,,,,,,,,,
tran_c2de5f4e-d5fc-41a5-b484-47501ec14185,3000,tran_04072f18-559a-4774-b5a0-fffabf9f46a7,tran_f339f354-863a-45b5-aa8a-cafb4c0ccfef,15598;tran_9e8897db-436b-4e82-8c7c-1d59f92927c1,2,44,44,45,45,32,32,34,34,40,40,44,44,122,122,967,967,1118,1118,1048,1048,1018,1018,940,940,881,881,886,886,916,916,935,935,947,947,1007,1007,945,945,387,387,243,243,159,159,116,116,62,62,,,,,,,,,,,,,,,,,,,,,,,,,,,,,,,,,,,,,,,,,,,,,,,,
tran_c2ee82c3-16f8-4007-ad5f-7092155826bf,4400,tran_df6c6c6c-2ab6-427c-9403-0182102ccb4e,tran_36aa591e-3d9e-425c-82f3-c73bf69a281b,tran_b16f3312-bb2a-4aa3-a378-9f4d53665622,1,44,44,45,45,32,32,34,34,40,40,44,44,122,122,967,967,1118,1118,1048,1048,1018,1018,940,940,881,881,886,886,916,916,935,935,947,947,1007,1007,945,945,387,387,243,243,159,159,116,116,62,62,,,,,,,,,,,,,,,,,,,,,,,,,,,,,,,,,,,,,,,,,,,,,,,,
tran_c2f89a48-5c2f-4217-b459-78941fc3923c,4400,tran_2ad4e42a-8a13-4fcf-b95b-c5d24393aa0d,tran_c4a29d0a-b784-451b-ac32-8c4907b228c6,tran_6d8c0166-5a04-4f87-b736-f57dec0e3709,1,44,44,45,45,32,32,34,34,40,40,44,44,122,122,967,967,1118,1118,1048,1048,1018,1018,940,940,881,881,886,886,916,916,935,935,947,947,1007,1007,945,945,387,387,243,243,159,159,116,116,62,62,,,,,,,,,,,,,,,,,,,,,,,,,,,,,,,,,,,,,,,,,,,,,,,,
tran_c2fcf9fb-b3ec-471f-8fe9-e230f15f640d,4400,tran_c68b3b4d-cb43-40d5-b7d4-5e4f5a359f62,tran_8aaa5ab8-9840-4f61-9857-f89d9e255c4c,,0,44,44,45,45,32,32,34,34,40,40,44,44,122,122,967,967,1118,1118,1048,1048,1018,1018,940,940,881,881,886,886,916,916,935,935,947,947,1007,1007,945,945,387,387,243,243,159,159,116,116,62,62,,,,,,,,,,,,,,,,,,,,,,,,,,,,,,,,,,,,,,,,,,,,,,,,
tran_c3069ff1-7c2c-4379-bb43-ad5d82a71151,1650,tran_cde9faa9-17da-4bda-a92f-4900c8bd3188,tran_31232e36-0b98-4810-bdaf-142e28b901f5,11385,1,44,44,45,45,32,32,34,34,40,40,44,44,122,122,967,967,1118,1118,1048,1048,1018,1018,940,940,881,881,886,886,916,916,935,935,947,947,1007,1007,945,945,387,387,243,243,159,159,116,116,62,62,,,,,,,,,,,,,,,,,,,,,,,,,,,,,,,,,,,,,,,,,,,,,,,,
tran_c30d994e-9f44-4e6e-accb-92c59ee2a933,1600,tran_3ed2ced8-b6d5-4446-b0e0-ed9bc1b816d2,tran_f1889257-fb06-49a2-b489-9858233be88f,tran_477bfe60-1f94-4042-b9a9-b1b254c6a32c,1,44,44,45,45,32,32,34,34,40,40,44,44,122,122,967,967,1118,1118,1048,1048,1018,1018,940,940,881,881,886,886,916,916,935,935,947,947,1007,1007,945,945,387,387,243,243,159,159,116,116,62,62,,,,,,,,,,,,,,,,,,,,,,,,,,,,,,,,,,,,,,,,,,,,,,,,
tran_c3498a47-3054-42f2-9e1f-1c2b9c1963c3,4400,tran_e33f10a7-8ba6-478e-a407-35480997e89e,tran_493f158b-e7bf-471a-827b-e7b6348b5a98,tran_2b0554d8-cac9-4789-89d1-5849aca3f908;tran_b249ef4d-7a53-4c04-9441-415dd3d23d39;tran_1389400a-0ecc-49da-b737-89b6508dbb06;tran_391b5f38-e5ba-48a0-afe8-23d957efe2aa;tran_6cf6c6f8-433d-4ed9-a6f1-a657cb3ec644;tran_d4b3e098-f7e9-4727-9e18-71c4af80a5e1;tran_977f08c5-6425-43a7-a3d9-2a7e82f295de,7,44,44,45,45,32,32,34,34,40,40,44,44,122,122,967,967,1118,1118,1048,1048,1018,1018,940,940,881,881,886,886,916,916,935,935,947,947,1007,1007,945,945,387,387,243,243,159,159,116,116,62,62,,,,,,,,,,,,,,,,,,,,,,,,,,,,,,,,,,,,,,,,,,,,,,,,
tran_c3677506-835f-4890-85e1-1bb1c177d7a5,3500,tran_981973f9-874f-4a46-952b-549e0f135ef3,tran_ac6f0483-c8b5-4837-9465-0ad19da0ca6e,17819;tran_81dc9f9b-c50c-4900-8c13-a81113b6a131,2,44,44,45,45,32,32,34,34,40,40,44,44,122,122,967,967,1118,1118,1048,1048,1018,1018,940,940,881,881,886,886,916,916,935,935,947,947,1007,1007,945,945,387,387,243,243,159,159,116,116,62,62,,,,,,,,,,,,,,,,,,,,,,,,,,,,,,,,,,,,,,,,,,,,,,,,
tran_c3a0c474-548c-4006-acd1-b41ef29ff42a,1600,tran_b4d566ae-0805-47cf-b4c9-b70e298331c2,tran_8fcd8f13-9117-4ee6-8123-1f3f982dc3bb,,0,44,44,45,45,32,32,34,34,40,40,44,44,122,122,967,967,1118,1118,1048,1048,1018,1018,940,940,881,881,886,886,916,916,935,935,947,947,1007,1007,945,945,387,387,243,243,159,159,116,116,62,62,,,,,,,,,,,,,,,,,,,,,,,,,,,,,,,,,,,,,,,,,,,,,,,,
tran_c3df285e-d495-48d1-aae6-b8d58d4a3c2c,4400,tran_615dd296-c08c-4c52-9469-07088c839477,tran_53826c24-45db-4e1f-9acc-b3dad0e84681,,0,44,44,45,45,32,32,34,34,40,40,44,44,122,122,967,967,1118,1118,1048,1048,1018,1018,940,940,881,881,886,886,916,916,935,935,947,947,1007,1007,945,945,387,387,243,243,159,159,116,116,62,62,,,,,,,,,,,,,,,,,,,,,,,,,,,,,,,,,,,,,,,,,,,,,,,,
tran_c3e7434b-aa74-41ef-bf96-c7c2a98e3a08,2500,tran_20df8fac-a4db-45fb-8f33-4fdc6c755f37,tran_298f314c-2e35-4793-9a0b-e7ca4619d54c,,0,44,44,45,45,32,32,34,34,40,40,44,44,122,122,967,967,1118,1118,1048,1048,1018,1018,940,940,881,881,886,886,916,916,935,935,947,947,1007,1007,945,945,387,387,243,243,159,159,116,116,62,62,,,,,,,,,,,,,,,,,,,,,,,,,,,,,,,,,,,,,,,,,,,,,,,,
tran_c3ef79e9-172d-41eb-9f56-4090959b5111,4400,tran_c903433a-9d13-49dc-bf8d-3766eb4217b0,tran_7a758970-9236-4623-8dca-a8436f388370,,0,44,44,45,45,32,32,34,34,40,40,44,44,122,122,967,967,1118,1118,1048,1048,1018,1018,940,940,881,881,886,886,916,916,935,935,947,947,1007,1007,945,945,387,387,243,243,159,159,116,116,62,62,,,,,,,,,,,,,,,,,,,,,,,,,,,,,,,,,,,,,,,,,,,,,,,,
tran_c40a104e-f4d2-41b3-9452-436dd7b39281,2200,tran_cfe417f3-c497-4744-b751-573e4d52233d,tran_596348bb-b3eb-4f13-a752-a05f483649db,tran_a113c20a-4421-4b70-bb10-52603216afcd;tran_30a16f1d-4a15-4d71-ae95-6ac6001b65c3,2,44,44,45,45,32,32,34,34,40,40,44,44,122,122,967,967,1118,1118,1048,1048,1018,1018,940,940,881,881,886,886,916,916,935,935,947,947,1007,1007,945,945,387,387,243,243,159,159,116,116,62,62,,,,,,,,,,,,,,,,,,,,,,,,,,,,,,,,,,,,,,,,,,,,,,,,
tran_c4177c80-5057-43af-98bd-b987775cbe36,2500,tran_9dd8a932-b5ef-44c7-af52-8899c508ad54,tran_2e04f4c8-b497-4608-b48e-4a5ce4bb264f,,0,44,44,45,45,32,32,34,34,40,40,44,44,122,122,967,967,1118,1118,1048,1048,1018,1018,940,940,881,881,886,886,916,916,935,935,947,947,1007,1007,945,945,387,387,243,243,159,159,116,116,62,62,,,,,,,,,,,,,,,,,,,,,,,,,,,,,,,,,,,,,,,,,,,,,,,,
tran_c427f48e-4bfc-4d88-a058-b67fb9237624,2000,tran_799114e9-c52a-4cee-8fe2-a325dd6ab744,tran_3446d89e-b26c-4dfc-8dd9-11ed27d844de,tran_b96c7ebd-25c8-450d-8bc5-eff588cc2961,1,44,44,45,45,32,32,34,34,40,40,44,44,122,122,967,967,1118,1118,1048,1048,1018,1018,940,940,881,881,886,886,916,916,935,935,947,947,1007,1007,945,945,387,387,243,243,159,159,116,116,62,62,,,,,,,,,,,,,,,,,,,,,,,,,,,,,,,,,,,,,,,,,,,,,,,,
tran_c429f793-9df4-4921-8d8d-7323d0e4d8e9,1600,tran_c04a7817-2f08-49c3-a48f-e5a15bf0a9f9,tran_d9dfab77-6833-4d0e-950a-3afccbe47a7e,,0,44,44,45,45,32,32,34,34,40,40,44,44,122,122,967,967,1118,1118,1048,1048,1018,1018,940,940,881,881,886,886,916,916,935,935,947,947,1007,1007,945,945,387,387,243,243,159,159,116,116,62,62,,,,,,,,,,,,,,,,,,,,,,,,,,,,,,,,,,,,,,,,,,,,,,,,
tran_c496a086-19c0-43f1-b3fc-28ead41a350d,3000,tran_ee9a53d5-5fe8-4358-b758-7b5c70d59549,tran_eb616753-394a-45c8-b5d7-7f3892d54205,tran_902daaa7-312e-4ff4-98c0-cd971e96e1f6,1,44,44,45,45,32,32,34,34,40,40,44,44,122,122,967,967,1118,1118,1048,1048,1018,1018,940,940,881,881,886,886,916,916,935,935,947,947,1007,1007,945,945,387,387,243,243,159,159,116,116,62,62,,,,,,,,,,,,,,,,,,,,,,,,,,,,,,,,,,,,,,,,,,,,,,,,
tran_c4a29d0a-b784-451b-ac32-8c4907b228c6,4400,tran_d3e699e1-e7df-49c6-b1a2-644c9c34f370,tran_c2f89a48-5c2f-4217-b459-78941fc3923c,,0,44,44,45,45,32,32,34,34,40,40,44,44,122,122,967,967,1118,1118,1048,1048,1018,1018,940,940,881,881,886,886,916,916,935,935,947,947,1007,1007,945,945,387,387,243,243,159,159,116,116,62,62,,,,,,,,,,,,,,,,,,,,,,,,,,,,,,,,,,,,,,,,,,,,,,,,
tran_c4e00101-186b-4015-8cb2-afb4ebf1faec,3300,tran_5bc234df-5e1d-4c50-9264-a1c4c1b88131,tran_7d05c94b-c6b0-4570-bcde-c2c150f6da6e,,0,44,44,45,45,32,32,34,34,40,40,44,44,122,122,967,967,1118,1118,1048,1048,1018,1018,940,940,881,881,886,886,916,916,935,935,947,947,1007,1007,945,945,387,387,243,243,159,159,116,116,62,62,,,,,,,,,,,,,,,,,,,,,,,,,,,,,,,,,,,,,,,,,,,,,,,,
tran_c4fe93a1-4fb9-41b0-bb05-faf58fef484c,4400,tran_eccb6b31-2842-4ba7-8385-13991ba98623,,,0,67,67,70,70,49,49,53,53,62,62,67,67,186,186,910,910,1134,1134,1023,1023,977,977,900,900,812,812,861,861,864,864,851,851,886,886,939,939,854,854,524,524,336,336,227,227,165,165,84,84,,,,,,,,,,,,,,,,,,,,,,,,,,,,,,,,,,,,,,,,,,,,,,,,
tran_c501ead4-d456-4961-83cd-33958f2e458d,1600,tran_3fdd59e4-5d37-4089-913b-2867123dfadc,tran_0954f5ec-7174-428f-867b-030bf5537c82,,0,44,44,45,45,32,32,34,34,40,40,44,44,122,122,967,967,1118,1118,1048,1048,1018,1018,940,940,881,881,886,886,916,916,935,935,947,947,1007,1007,945,945,387,387,243,243,159,159,116,116,62,62,,,,,,,,,,,,,,,,,,,,,,,,,,,,,,,,,,,,,,,,,,,,,,,,
tran_c55a00f7-ec5d-4383-8538-4fb501c930ea,1200,tran_f294069f-f072-4048-9a1c-54b1eb2ecdbf,tran_02b63488-f599-4f61-8ce3-8feda5346abd,,0,44,44,45,45,32,32,34,34,40,40,44,44,122,122,967,967,1118,1118,1048,1048,1018,1018,940,940,881,881,886,886,916,916,935,935,947,947,1007,1007,945,945,387,387,243,243,159,159,116,116,62,62,,,,,,,,,,,,,,,,,,,,,,,,,,,,,,,,,,,,,,,,,,,,,,,,
tran_c5783510-b301-4e15-afa8-3b41cf3bebd1,1500,tran_e218c3e8-1cfe-4157-8c01-cc58985f10c2,15407,tran_0d9fc454-83a8-4d39-aab2-7816481301f9;15402,2,44,44,45,45,32,32,34,34,40,40,44,44,122,122,967,967,1118,1118,1048,1048,1018,1018,940,940,881,881,886,886,916,916,935,935,947,947,1007,1007,945,945,387,387,243,243,159,159,116,116,62,62,,,,,,,,,,,,,,,,,,,,,,,,,,,,,,,,,,,,,,,,,,,,,,,,
tran_c588e594-5f92-4d3e-9a77-7b7c3364617b,4400,tran_62c5c362-32fa-4813-92c0-aa65e0fca405,tran_174ce230-b605-4141-a87b-3cbc67d8ba48,,0,44,44,45,45,32,32,34,34,40,40,44,44,122,122,967,967,1118,1118,1048,1048,1018,1018,940,940,881,881,886,886,916,916,935,935,947,947,1007,1007,945,945,387,387,243,243,159,159,116,116,62,62,,,,,,,,,,,,,,,,,,,,,,,,,,,,,,,,,,,,,,,,,,,,,,,,
tran_c5947098-26fa-4d55-8350-4a2b4f92bd4a,300,tran_1cdffc64-e532-4775-83c1-cd14745e8cce,tran_d1dae378-50d9-4ac4-b343-640a57fc17db,tran_358f333b-6f8a-4ca2-af7a-a96c11301c0f,1,44,44,45,45,32,32,34,34,40,40,44,44,122,122,967,967,1118,1118,1048,1048,1018,1018,940,940,881,881,886,886,916,916,935,935,947,947,1007,1007,945,945,387,387,243,243,159,159,116,116,62,62,,,,,,,,,,,,,,,,,,,,,,,,,,,,,,,,,,,,,,,,,,,,,,,,
tran_c5cfd1c3-24b2-46a2-a066-c7044bb25028,300,tran_b2ef45f6-0804-4480-8637-9a4bfed5e80a,,tran_06d6ff2d-4939-4e8e-b40c-eb52544d8019;tran_3f48128d-726c-4130-8d1e-4217f5b852d8,2,44,44,45,45,32,32,34,34,40,40,44,44,122,122,967,967,1118,1118,1048,1048,1018,1018,940,940,881,881,886,886,916,916,935,935,947,947,1007,1007,945,945,387,387,243,243,159,159,116,116,62,62,,,,,,,,,,,,,,,,,,,,,,,,,,,,,,,,,,,,,,,,,,,,,,,,
tran_c5d7c6c4-a73e-434c-a640-b0b39e4899a5,800,tran_ac8e9add-8e46-43c8-bc5d-d35c442c3962,tran_2ada1eb9-75e3-4e88-b181-671ae9d0e191,tran_54e0ca52-dcd1-4106-84f4-f498fb95cab7,1,44,44,45,45,32,32,34,34,40,40,44,44,122,122,967,967,1118,1118,1048,1048,1018,1018,940,940,881,881,886,886,916,916,935,935,947,947,1007,1007,945,945,387,387,243,243,159,159,116,116,62,62,,,,,,,,,,,,,,,,,,,,,,,,,,,,,,,,,,,,,,,,,,,,,,,,
tran_c5e44d87-4773-47f6-943a-9b46fcfa0dbc,4400,tran_a7e1c955-1979-44b7-9577-a6fe8e5b1112,tran_e88e4664-f63e-47d4-848f-d540cc6adacb,,0,44,44,45,45,32,32,34,34,40,40,44,44,122,122,967,967,1118,1118,1048,1048,1018,1018,940,940,881,881,886,886,916,916,935,935,947,947,1007,1007,945,945,387,387,243,243,159,159,116,116,62,62,,,,,,,,,,,,,,,,,,,,,,,,,,,,,,,,,,,,,,,,,,,,,,,,
tran_c5e6c6a2-b654-4047-8464-a6a280cdb955,3500,tran_cdb78879-e733-4280-9ad1-dcbf4014d906,tran_bba6b3c1-c088-40bd-a307-462e5a4d08e2,,0,44,44,45,45,32,32,34,34,40,40,44,44,122,122,967,967,1118,1118,1048,1048,1018,1018,940,940,881,881,886,886,916,916,935,935,947,947,1007,1007,945,945,387,387,243,243,159,159,116,116,62,62,,,,,,,,,,,,,,,,,,,,,,,,,,,,,,,,,,,,,,,,,,,,,,,,
tran_c62c1fe7-59b3-4fe2-930e-eb9af94ab00e,4000,tran_1e91bd68-fc47-4e87-bdd2-f52dbac4dee1,tran_ab40e443-7e14-4ebc-9485-54b6361c629b,,0,44,44,45,45,32,32,34,34,40,40,44,44,122,122,967,967,1118,1118,1048,1048,1018,1018,940,940,881,881,886,886,916,916,935,935,947,947,1007,1007,945,945,387,387,243,243,159,159,116,116,62,62,,,,,,,,,,,,,,,,,,,,,,,,,,,,,,,,,,,,,,,,,,,,,,,,
tran_c656a443-47cc-4bba-bb5b-967e680e2a83,1200,tran_4b4d844b-c340-4f6b-969e-f38bdcd83263,tran_f84d5326-ba4f-4423-b55d-b1ecebf4c233,,0,44,44,45,45,32,32,34,34,40,40,44,44,122,122,967,967,1118,1118,1048,1048,1018,1018,940,940,881,881,886,886,916,916,935,935,947,947,1007,1007,945,945,387,387,243,243,159,159,116,116,62,62,,,,,,,,,,,,,,,,,,,,,,,,,,,,,,,,,,,,,,,,,,,,,,,,
tran_c68b3b4d-cb43-40d5-b7d4-5e4f5a359f62,3000,tran_9ba87b3d-31e9-489e-b819-be3e2e1e6a9b,tran_c00a03be-30b3-44fb-b4e4-6322bbe7351a,tran_c2fcf9fb-b3ec-471f-8fe9-e230f15f640d;tran_59fdf223-5f01-42bd-85df-70ffb370bac7,2,44,44,45,45,32,32,34,34,40,40,44,44,122,122,967,967,1118,1118,1048,1048,1018,1018,940,940,881,881,886,886,916,916,935,935,947,947,1007,1007,945,945,387,387,243,243,159,159,116,116,62,62,,,,,,,,,,,,,,,,,,,,,,,,,,,,,,,,,,,,,,,,,,,,,,,,
tran_c6fe42b0-2c6e-4333-b103-8bdbc26239ff,4400,tran_b8a2700b-e672-4270-9064-fc720f26aea8,tran_25fb35f3-8619-4f8d-92de-085095c503b0,,0,44,44,45,45,32,32,34,34,40,40,44,44,122,122,967,967,1118,1118,1048,1048,1018,1018,940,940,881,881,886,886,916,916,935,935,947,947,1007,1007,945,945,387,387,243,243,159,159,116,116,62,62,,,,,,,,,,,,,,,,,,,,,,,,,,,,,,,,,,,,,,,,,,,,,,,,
tran_c7285a38-e547-4ef6-9533-3877b9635630,4400,,tran_62ba248b-eec5-4f72-a256-cd1fe1f78f0d,,0,44,44,45,45,32,32,34,34,40,40,44,44,122,122,967,967,1118,1118,1048,1048,1018,1018,940,940,881,881,886,886,916,916,935,935,947,947,1007,1007,945,945,387,387,243,243,159,159,116,116,62,62,,,,,,,,,,,,,,,,,,,,,,,,,,,,,,,,,,,,,,,,,,,,,,,,
tran_c758879d-e8fe-4add-b6bf-dad67b2e249a,800,tran_aac2927c-4220-431f-833c-7f505fbd6ed1,tran_9f4927ab-9562-42f3-90e0-54acbefebbd9,,0,44,44,45,45,32,32,34,34,40,40,44,44,122,122,967,967,1118,1118,1048,1048,1018,1018,940,940,881,881,886,886,916,916,935,935,947,947,1007,1007,945,945,387,387,243,243,159,159,116,116,62,62,,,,,,,,,,,,,,,,,,,,,,,,,,,,,,,,,,,,,,,,,,,,,,,,
tran_c78539c5-eb2b-4c98-8a1a-9eed49ae641f,800,tran_e62d333c-0db7-4dd7-b2c9-2ff31d5c042f,tran_0633e21a-a2a0-416c-830e-3aa7b20b4eed,,0,44,44,45,45,32,32,34,34,40,40,44,44,122,122,967,967,1118,1118,1048,1048,1018,1018,940,940,881,881,886,886,916,916,935,935,947,947,1007,1007,945,945,387,387,243,243,159,159,116,116,62,62,,,,,,,,,,,,,,,,,,,,,,,,,,,,,,,,,,,,,,,,,,,,,,,,
tran_c79aa264-e613-4b4b-9655-7f0bee680392,4400,tran_90b19f3f-3b01-4d62-b4f3-8fc78c7152bb,tran_fdd5e35c-7966-48c8-b79b-2943f3c0bc82,,0,44,44,45,45,32,32,34,34,40,40,44,44,122,122,967,967,1118,1118,1048,1048,1018,1018,940,940,881,881,886,886,916,916,935,935,947,947,1007,1007,945,945,387,387,243,243,159,159,116,116,62,62,,,,,,,,,,,,,,,,,,,,,,,,,,,,,,,,,,,,,,,,,,,,,,,,
tran_c7a04ce2-3c56-4bf3-8c56-c58e2f58b911,800,tran_6692113c-2233-409b-9025-ea1b3d7e7993,,tran_37d4c35a-ecfb-4928-8db2-6a2b02093220;tran_4df2f245-475b-457b-9709-472efdaab380,2,44,44,45,45,32,32,34,34,40,40,44,44,122,122,967,967,1118,1118,1048,1048,1018,1018,940,940,881,881,886,886,916,916,935,935,947,947,1007,1007,945,945,387,387,243,243,159,159,116,116,62,62,,,,,,,,,,,,,,,,,,,,,,,,,,,,,,,,,,,,,,,,,,,,,,,,
tran_c7ad3f7f-1ede-4c8d-9006-42d9e89724e5,4400,tran_cab240bc-2423-4404-8938-6f0aaba988b1,tran_7357d45b-8b47-474e-b9ee-443678f7597b,,0,44,44,45,45,32,32,34,34,40,40,44,44,122,122,967,967,1118,1118,1048,1048,1018,1018,940,940,881,881,886,886,916,916,935,935,947,947,1007,1007,945,945,387,387,243,243,159,159,116,116,62,62,,,,,,,,,,,,,,,,,,,,,,,,,,,,,,,,,,,,,,,,,,,,,,,,
tran_c7e0b09d-0cbf-4b0e-a118-b6635003e4cf,4400,tran_c103397f-4c06-4769-8945-8e518613bdd9,tran_d687b5ee-d108-4216-9a5e-8a6bbd43f2a9,,0,44,44,45,45,32,32,34,34,40,40,44,44,122,122,967,967,1118,1118,1048,1048,1018,1018,940,940,881,881,886,886,916,916,935,935,947,947,1007,1007,945,945,387,387,243,243,159,159,116,116,62,62,,,,,,,,,,,,,,,,,,,,,,,,,,,,,,,,,,,,,,,,,,,,,,,,
tran_c7fd2b96-d6bc-40f0-8e15-04a6a1154710,4400,tran_a8262081-82a4-48ac-8e69-d4f58346102d,tran_db223364-d89f-4b6b-882f-c001a421cf76,,0,44,44,45,45,32,32,34,34,40,40,44,44,122,122,967,967,1118,1118,1048,1048,1018,1018,940,940,881,881,886,886,916,916,935,935,947,947,1007,1007,945,945,387,387,243,243,159,159,116,116,62,62,,,,,,,,,,,,,,,,,,,,,,,,,,,,,,,,,,,,,,,,,,,,,,,,
tran_c801a341-53c9-4b64-aaa7-b8453055e7cb,2000,tran_e4dc3d84-4ecc-4bdc-854e-421238127d9f,tran_a96e6b35-1686-4f13-83dd-3b8ac5a2fe45,tran_1476b04c-621e-47e8-ac2f-0accd0a94124,1,44,44,45,45,32,32,34,34,40,40,44,44,122,122,967,967,1118,1118,1048,1048,1018,1018,940,940,881,881,886,886,916,916,935,935,947,947,1007,1007,945,945,387,387,243,243,159,159,116,116,62,62,,,,,,,,,,,,,,,,,,,,,,,,,,,,,,,,,,,,,,,,,,,,,,,,
tran_c84b4338-0a33-4755-8d6c-b2e348c0f5ac,3000,tran_8fcd8f13-9117-4ee6-8123-1f3f982dc3bb,tran_7dba5f86-f6b5-4ad0-991c-c082071d07f2,,0,44,44,45,45,32,32,34,34,40,40,44,44,122,122,967,967,1118,1118,1048,1048,1018,1018,940,940,881,881,886,886,916,916,935,935,947,947,1007,1007,945,945,387,387,243,243,159,159,116,116,62,62,,,,,,,,,,,,,,,,,,,,,,,,,,,,,,,,,,,,,,,,,,,,,,,,
tran_c8530aba-3327-401f-9157-82d9f87e5f0d,4400,,tran_ecd3d373-94f2-41d5-96cc-4b8c997bdb7a,,0,42,42,39,39,28,28,29,29,34,34,39,39,112,112,1343,1343,1424,1424,1347,1347,1375,1375,1229,1229,1247,1247,1096,1096,1282,1282,1299,1299,1257,1257,1375,1375,1394,1394,536,536,316,316,190,190,140,140,87,87,,,,,,,,,,,,,,,,,,,,,,,,,,,,,,,,,,,,,,,,,,,,,,,,
tran_c858b55d-b3fe-4479-a6b8-de97992d2a85,4400,tran_67960ad2-ff83-4518-901f-7413032342bc,tran_ac644def-da41-4d62-a5e5-29d180855bdf,tran_358fe247-07d6-4633-9e71-6affe3b318aa,1,44,44,45,45,32,32,34,34,40,40,44,44,122,122,967,967,1118,1118,1048,1048,1018,1018,940,940,881,881,886,886,916,916,935,935,947,947,1007,1007,945,945,387,387,243,243,159,159,116,116,62,62,,,,,,,,,,,,,,,,,,,,,,,,,,,,,,,,,,,,,,,,,,,,,,,,
tran_c8a35baa-289a-4bc0-823d-d6f7b22387eb,4400,tran_5cc0b664-b9bb-4ab4-974b-95f70928976e,tran_2bd64ccb-e656-4214-b4bf-96d3e423c1b1,,0,44,44,45,45,32,32,34,34,40,40,44,44,122,122,967,967,1118,1118,1048,1048,1018,1018,940,940,881,881,886,886,916,916,935,935,947,947,1007,1007,945,945,387,387,243,243,159,159,116,116,62,62,,,,,,,,,,,,,,,,,,,,,,,,,,,,,,,,,,,,,,,,,,,,,,,,
tran_c8ae8308-cbc1-498f-be3f-0b2733ace917,4000,tran_63583b33-6f83-49b9-a36d-4e6d5a2b746f,tran_966e0c91-cc3b-4eef-b9d4-0f6598833744,tran_e03b4a55-1911-465f-8cc7-ce832373fc11,1,44,44,45,45,32,32,34,34,40,40,44,44,122,122,967,967,1118,1118,1048,1048,1018,1018,940,940,881,881,886,886,916,916,935,935,947,947,1007,1007,945,945,387,387,243,243,159,159,116,116,62,62,,,,,,,,,,,,,,,,,,,,,,,,,,,,,,,,,,,,,,,,,,,,,,,,
tran_c903433a-9d13-49dc-bf8d-3766eb4217b0,4400,tran_57ddb379-e6e1-41bb-b74f-0a65862bbe90,tran_68dc8307-ec6e-4154-a3a8-9a6718ee9996,tran_005cd04a-f72f-4e55-b54a-1b99a2726f8b;tran_c3ef79e9-172d-41eb-9f56-4090959b5111,2,44,44,45,45,32,32,34,34,40,40,44,44,122,122,967,967,1118,1118,1048,1048,1018,1018,940,940,881,881,886,886,916,916,935,935,947,947,1007,1007,945,945,387,387,243,243,159,159,116,116,62,62,,,,,,,,,,,,,,,,,,,,,,,,,,,,,,,,,,,,,,,,,,,,,,,,
tran_c947cdef-aa38-47eb-976d-88fd67885634,1000,tran_64c5c22f-9760-4e48-b4f6-79cac0e4aac5,tran_9faba82d-23f8-475b-89fc-2a130fb7510d,tran_9bf91d57-6600-4c56-97de-0347a281a2c2,1,44,44,45,45,32,32,34,34,40,40,44,44,122,122,967,967,1118,1118,1048,1048,1018,1018,940,940,881,881,886,886,916,916,935,935,947,947,1007,1007,945,945,387,387,243,243,159,159,116,116,62,62,,,,,,,,,,,,,,,,,,,,,,,,,,,,,,,,,,,,,,,,,,,,,,,,
tran_c9e0e169-2e49-4b5e-94ef-e453e0fd766c,1600,tran_4cb82a53-c6f3-4396-bf4d-f88b87c89f77,tran_0a5a6531-a81f-4e05-a66f-64e05551f476,tran_7cd36aba-ca40-4e78-9a78-2778c032a92d,1,44,44,45,45,32,32,34,34,40,40,44,44,122,122,967,967,1118,1118,1048,1048,1018,1018,940,940,881,881,886,886,916,916,935,935,947,947,1007,1007,945,945,387,387,243,243,159,159,116,116,62,62,,,,,,,,,,,,,,,,,,,,,,,,,,,,,,,,,,,,,,,,,,,,,,,,
tran_c9e4f03f-15cc-463e-91a0-b1d24b180fae,4400,tran_bbc25ee8-bb71-40a7-a6da-15a9b416d53b,,tran_1e55e048-4d68-45f4-b7df-0254a096c381,1,44,44,45,45,32,32,34,34,40,40,44,44,122,122,967,967,1118,1118,1048,1048,1018,1018,940,940,881,881,886,886,916,916,935,935,947,947,1007,1007,945,945,387,387,243,243,159,159,116,116,62,62,,,,,,,,,,,,,,,,,,,,,,,,,,,,,,,,,,,,,,,,,,,,,,,,
tran_c9f1e66e-3822-4ea9-b8dd-4a5697a40637,4400,tran_3ec74d2b-f365-41e3-8ce1-2a9edeca6f53,tran_a66b312f-a0de-4ff3-9636-31e4416dfab6,,0,44,44,45,45,32,32,34,34,40,40,44,44,122,122,967,967,1118,1118,1048,1048,1018,1018,940,940,881,881,886,886,916,916,935,935,947,947,1007,1007,945,945,387,387,243,243,159,159,116,116,62,62,,,,,,,,,,,,,,,,,,,,,,,,,,,,,,,,,,,,,,,,,,,,,,,,
tran_ca1c5a93-cc87-4b73-9422-f75097416212,2500,tran_7853bfa0-f524-424f-ba4d-c86357dadb70,tran_00e45579-aae3-41a8-a761-2ec856d36614,,0,44,44,45,45,32,32,34,34,40,40,44,44,122,122,967,967,1118,1118,1048,1048,1018,1018,940,940,881,881,886,886,916,916,935,935,947,947,1007,1007,945,945,387,387,243,243,159,159,116,116,62,62,,,,,,,,,,,,,,,,,,,,,,,,,,,,,,,,,,,,,,,,,,,,,,,,
tran_ca86702f-3cd6-45fd-95d7-a311115c5bfa,4400,tran_5fdaacd9-12f0-453a-8063-fa4edd822f82,tran_b1bc58ae-becc-42ea-8ab4-f0757bef086e,,0,44,44,45,45,32,32,34,34,40,40,44,44,122,122,967,967,1118,1118,1048,1048,1018,1018,940,940,881,881,886,886,916,916,935,935,947,947,1007,1007,945,945,387,387,243,243,159,159,116,116,62,62,,,,,,,,,,,,,,,,,,,,,,,,,,,,,,,,,,,,,,,,,,,,,,,,
tran_cab240bc-2423-4404-8938-6f0aaba988b1,1200,tran_3c2309fb-2c52-47a6-897d-18bbcdc03091,tran_4756b7ce-f26b-4717-b878-492c3c9da0b2,tran_c7ad3f7f-1ede-4c8d-9006-42d9e89724e5;tran_f06d9c17-0043-471e-8ae8-564c3da4cc79,2,44,44,45,45,32,32,34,34,40,40,44,44,122,122,967,967,1118,1118,1048,1048,1018,1018,940,940,881,881,886,886,916,916,935,935,947,947,1007,1007,945,945,387,387,243,243,159,159,116,116,62,62,,,,,,,,,,,,,,,,,,,,,,,,,,,,,,,,,,,,,,,,,,,,,,,,
tran_cab7eefa-05e5-4a2a-8ada-86afe8e0fb54,4000,tran_2ca726ff-3370-40d3-8de1-7f63ed9e263b,tran_6f3a4ee8-8bf6-455e-be00-341267b77e55,,0,44,44,45,45,32,32,34,34,40,40,44,44,122,122,967,967,1118,1118,1048,1048,1018,1018,940,940,881,881,886,886,916,916,935,935,947,947,1007,1007,945,945,387,387,243,243,159,159,116,116,62,62,,,,,,,,,,,,,,,,,,,,,,,,,,,,,,,,,,,,,,,,,,,,,,,,
tran_cac8d554-b009-4e72-8a84-6dbc478c71da,4400,tran_0cfa84c8-2598-45ca-bae6-44d8d65c7998,tran_afdca232-5ddb-4324-bec4-a9c4d4d06fc8,tran_decd3d5a-57ce-432a-a83f-6b27c3e09eeb,1,44,44,45,45,32,32,34,34,40,40,44,44,122,122,967,967,1118,1118,1048,1048,1018,1018,940,940,881,881,886,886,916,916,935,935,947,947,1007,1007,945,945,387,387,243,243,159,159,116,116,62,62,,,,,,,,,,,,,,,,,,,,,,,,,,,,,,,,,,,,,,,,,,,,,,,,
tran_cace5f1e-17b9-4fee-9b3e-d5ac60ae25aa,1600,,tran_37fa9d48-453d-4e73-a5d6-d7626529f8b7,,0,44,44,45,45,32,32,34,34,40,40,44,44,122,122,967,967,1118,1118,1048,1048,1018,1018,940,940,881,881,886,886,916,916,935,935,947,947,1007,1007,945,945,387,387,243,243,159,159,116,116,62,62,,,,,,,,,,,,,,,,,,,,,,,,,,,,,,,,,,,,,,,,,,,,,,,,
tran_cb97cfee-1ee1-4335-94f5-464b0487a2b9,4400,tran_3edbd902-64b0-4398-ae07-cad7b5b4d4e5,tran_a5c14db0-7e3f-439c-9e6a-c16d756ad4c1,,0,44,44,45,45,32,32,34,34,40,40,44,44,122,122,967,967,1118,1118,1048,1048,1018,1018,940,940,881,881,886,886,916,916,935,935,947,947,1007,1007,945,945,387,387,243,243,159,159,116,116,62,62,,,,,,,,,,,,,,,,,,,,,,,,,,,,,,,,,,,,,,,,,,,,,,,,
tran_cc0c0f68-7736-46b9-91c4-714f77e1048f,1600,,tran_080c767f-cdce-4086-8e11-5c78d848ac2d,,0,44,44,45,45,32,32,34,34,40,40,44,44,122,122,967,967,1118,1118,1048,1048,1018,1018,940,940,881,881,886,886,916,916,935,935,947,947,1007,1007,945,945,387,387,243,243,159,159,116,116,62,62,,,,,,,,,,,,,,,,,,,,,,,,,,,,,,,,,,,,,,,,,,,,,,,,
tran_cca3b061-6f6a-442a-b313-1aff58a97936,4400,tran_5d70f4dd-03e8-4f74-9001-587af0fc2290,tran_e6a1af9b-7bc0-413f-8577-8a003c215f18,,0,44,44,45,45,32,32,34,34,40,40,44,44,122,122,967,967,1118,1118,1048,1048,1018,1018,940,940,881,881,886,886,916,916,935,935,947,947,1007,1007,945,945,387,387,243,243,159,159,116,116,62,62,,,,,,,,,,,,,,,,,,,,,,,,,,,,,,,,,,,,,,,,,,,,,,,,
tran_cd1e03de-80d0-4a64-96ea-867f87f0c6d0,4400,tran_09b7f719-fe2c-4d18-bb17-be3a9a7d01f9,tran_a6902f49-c37e-4b33-8888-89dcd5557096,,0,44,44,45,45,32,32,34,34,40,40,44,44,122,122,967,967,1118,1118,1048,1048,1018,1018,940,940,881,881,886,886,916,916,935,935,947,947,1007,1007,945,945,387,387,243,243,159,159,116,116,62,62,,,,,,,,,,,,,,,,,,,,,,,,,,,,,,,,,,,,,,,,,,,,,,,,
tran_cd3505bd-e915-4bc9-a45a-f10888e9b1c5,4400,tran_9095a14f-094c-412a-9f45-c16183078eae,tran_d5dd0f75-01b2-4159-b070-617d2e79dc15,,0,44,44,45,45,32,32,34,34,40,40,44,44,122,122,967,967,1118,1118,1048,1048,1018,1018,940,940,881,881,886,886,916,916,935,935,947,947,1007,1007,945,945,387,387,243,243,159,159,116,116,62,62,,,,,,,,,,,,,,,,,,,,,,,,,,,,,,,,,,,,,,,,,,,,,,,,
tran_cd7ee853-49aa-4d81-9025-b3370af04cfc,400,tran_db10298f-7115-44bb-bde3-a607cfcd22ff,tran_3f5d03ec-b34f-4dd8-b59e-771edfddf0c6,tran_ee5fcbc0-2340-44b8-9f89-3fb44f498c2e;15438,2,44,44,45,45,32,32,34,34,40,40,44,44,122,122,967,967,1118,1118,1048,1048,1018,1018,940,940,881,881,886,886,916,916,935,935,947,947,1007,1007,945,945,387,387,243,243,159,159,116,116,62,62,,,,,,,,,,,,,,,,,,,,,,,,,,,,,,,,,,,,,,,,,,,,,,,,
tran_cda96ca2-6d7f-42d5-91df-91159e246b1f,4400,tran_80457e38-da1c-4cdd-84c0-391ed84abc86,tran_68866ad8-7bdc-4a75-9ed2-f4dbd2b3822e,,0,44,44,45,45,32,32,34,34,40,40,44,44,122,122,967,967,1118,1118,1048,1048,1018,1018,940,940,881,881,886,886,916,916,935,935,947,947,1007,1007,945,945,387,387,243,243,159,159,116,116,62,62,,,,,,,,,,,,,,,,,,,,,,,,,,,,,,,,,,,,,,,,,,,,,,,,
tran_cdb78879-e733-4280-9ad1-dcbf4014d906,2750,tran_c5e6c6a2-b654-4047-8464-a6a280cdb955,tran_9705067a-5baa-47c6-8350-fbafdf46b5b2,tran_4cd9d38a-c1b8-4613-bc69-5f322f436e56;tran_1ce28655-c635-469e-a830-1ae9d368101f,2,44,44,45,45,32,32,34,34,40,40,44,44,122,122,967,967,1118,1118,1048,1048,1018,1018,940,940,881,881,886,886,916,916,935,935,947,947,1007,1007,945,945,387,387,243,243,159,159,116,116,62,62,,,,,,,,,,,,,,,,,,,,,,,,,,,,,,,,,,,,,,,,,,,,,,,,
tran_cddf8e89-d33b-41fc-8168-0278baa0cb16,1200,tran_315124d4-106f-42a9-87f9-171988a70972,tran_eb40ce1b-de92-464a-b1e2-cd8c9900d22b,tran_756e4e67-9745-4a02-818c-7155360ae630,1,44,44,45,45,32,32,34,34,40,40,44,44,122,122,967,967,1118,1118,1048,1048,1018,1018,940,940,881,881,886,886,916,916,935,935,947,947,1007,1007,945,945,387,387,243,243,159,159,116,116,62,62,,,,,,,,,,,,,,,,,,,,,,,,,,,,,,,,,,,,,,,,,,,,,,,,
tran_cde9faa9-17da-4bda-a92f-4900c8bd3188,4400,tran_ea832e5a-513a-4d98-ba0d-452f0c56ebf6,tran_c3069ff1-7c2c-4379-bb43-ad5d82a71151,,0,44,44,45,45,32,32,34,34,40,40,44,44,122,122,967,967,1118,1118,1048,1048,1018,1018,940,940,881,881,886,886,916,916,935,935,947,947,1007,1007,945,945,387,387,243,243,159,159,116,116,62,62,,,,,,,,,,,,,,,,,,,,,,,,,,,,,,,,,,,,,,,,,,,,,,,,
tran_ce1f9382-0fba-49db-acd4-18f1c4c20c23,4400,tran_b78e72c2-8775-462a-8bd8-fb0833b4fabc,tran_1b639d3f-2676-4a50-9cf1-98fde3c4e793,,0,44,44,45,45,32,32,34,34,40,40,44,44,122,122,967,967,1118,1118,1048,1048,1018,1018,940,940,881,881,886,886,916,916,935,935,947,947,1007,1007,945,945,387,387,243,243,159,159,116,116,62,62,,,,,,,,,,,,,,,,,,,,,,,,,,,,,,,,,,,,,,,,,,,,,,,,
tran_ce266dba-9f98-47ed-9bad-5f13a3c9c745,1500,tran_f2bca131-2c05-4c28-90c7-335100301eeb,tran_50fe80d0-c982-437e-bdf2-1d706ead44d7,tran_f28c2e22-8d26-4ea5-b050-0fdfd7eb1881,1,44,44,45,45,32,32,34,34,40,40,44,44,122,122,967,967,1118,1118,1048,1048,1018,1018,940,940,881,881,886,886,916,916,935,935,947,947,1007,1007,945,945,387,387,243,243,159,159,116,116,62,62,,,,,,,,,,,,,,,,,,,,,,,,,,,,,,,,,,,,,,,,,,,,,,,,
tran_ce8e7a8b-037c-4f0a-acfa-ac6f9360e14a,1600,tran_d99b3902-f2d9-40f6-8f87-53db5793487c,tran_99b4704e-c100-4ccb-84ea-a113f2981bd2,,0,44,44,45,45,32,32,34,34,40,40,44,44,122,122,967,967,1118,1118,1048,1048,1018,1018,940,940,881,881,886,886,916,916,935,935,947,947,1007,1007,945,945,387,387,243,243,159,159,116,116,62,62,,,,,,,,,,,,,,,,,,,,,,,,,,,,,,,,,,,,,,,,,,,,,,,,
tran_ceb4f25f-9c75-413d-8bf4-5db844636804,3000,tran_d031bc99-0414-4aaf-ac85-4b7ff53add76,,,0,44,44,45,45,32,32,34,34,40,40,44,44,122,122,967,967,1118,1118,1048,1048,1018,1018,940,940,881,881,886,886,916,916,935,935,947,947,1007,1007,945,945,387,387,243,243,159,159,116,116,62,62,,,,,,,,,,,,,,,,,,,,,,,,,,,,,,,,,,,,,,,,,,,,,,,,
tran_cedb1ffd-f5b5-44a2-a5bb-9e10a18d0978,300,tran_d70cfdc6-9419-43c5-99a7-ac33fb18072c,tran_16e72566-f19e-43ee-9d28-1ae216aad73c,tran_9faba82d-23f8-475b-89fc-2a130fb7510d,1,44,44,45,45,32,32,34,34,40,40,44,44,122,122,967,967,1118,1118,1048,1048,1018,1018,940,940,881,881,886,886,916,916,935,935,947,947,1007,1007,945,945,387,387,243,243,159,159,116,116,62,62,,,,,,,,,,,,,,,,,,,,,,,,,,,,,,,,,,,,,,,,,,,,,,,,
tran_cef5d71c-4e4b-41e5-baec-f8939321c970,1200,tran_143fb006-ed52-4bae-b0aa-45aebcbeb570,tran_9c0a753a-7cbe-4952-b116-7562757d80ec,tran_2d56aaa4-c289-4c5e-82a0-c667dc988315;tran_b8e6f8a7-b50e-4f09-abf8-5763757e0861,2,44,44,45,45,32,32,34,34,40,40,44,44,122,122,967,967,1118,1118,1048,1048,1018,1018,940,940,881,881,886,886,916,916,935,935,947,947,1007,1007,945,945,387,387,243,243,159,159,116,116,62,62,,,,,,,,,,,,,,,,,,,,,,,,,,,,,,,,,,,,,,,,,,,,,,,,
tran_cf0e87c0-ea3c-4863-82b1-2f62df73a0d6,1200,tran_9b3fb295-04ab-44d5-bdf7-5b931a7c9170,tran_be42996a-51f6-46ef-bc03-0151281b9a38,,0,44,44,45,45,32,32,34,34,40,40,44,44,122,122,967,967,1118,1118,1048,1048,1018,1018,940,940,881,881,886,886,916,916,935,935,947,947,1007,1007,945,945,387,387,243,243,159,159,116,116,62,62,,,,,,,,,,,,,,,,,,,,,,,,,,,,,,,,,,,,,,,,,,,,,,,,
tran_cf5f935d-b526-4436-be1e-3c7fc0ace159,4400,tran_8e578f61-9ea8-4fa9-8f86-ddfa62f29d25,tran_3bdebd1d-16cc-4908-9849-27908e86deba,,0,44,44,45,45,32,32,34,34,40,40,44,44,122,122,967,967,1118,1118,1048,1048,1018,1018,940,940,881,881,886,886,916,916,935,935,947,947,1007,1007,945,945,387,387,243,243,159,159,116,116,62,62,,,,,,,,,,,,,,,,,,,,,,,,,,,,,,,,,,,,,,,,,,,,,,,,
tran_cfd63963-38c2-4085-9d4c-59aa25cb05f4,2000,tran_64c5c22f-9760-4e48-b4f6-79cac0e4aac5,15617,tran_7ecfa8f4-0c9d-4be9-b7cd-6c4f00f8e533;tran_0c11b786-06ec-42d9-a47d-5bc5a4c713e5,2,44,44,45,45,32,32,34,34,40,40,44,44,122,122,967,967,1118,1118,1048,1048,1018,1018,940,940,881,881,886,886,916,916,935,935,947,947,1007,1007,945,945,387,387,243,243,159,159,116,116,62,62,,,,,,,,,,,,,,,,,,,,,,,,,,,,,,,,,,,,,,,,,,,,,,,,
tran_cfd9bb25-ee73-448d-99c3-f7f5989fa998,4400,tran_e861b453-fe68-4993-9312-fdfe40365435,tran_11f653da-c40f-4d69-b0b4-04746f46672d,,0,44,44,45,45,32,32,34,34,40,40,44,44,122,122,967,967,1118,1118,1048,1048,1018,1018,940,940,881,881,886,886,916,916,935,935,947,947,1007,1007,945,945,387,387,243,243,159,159,116,116,62,62,,,,,,,,,,,,,,,,,,,,,,,,,,,,,,,,,,,,,,,,,,,,,,,,
tran_cfe417f3-c497-4744-b751-573e4d52233d,4400,tran_c40a104e-f4d2-41b3-9452-436dd7b39281,tran_bc05f582-22a6-46a4-8fb2-1980cd2e9e90,,0,44,44,45,45,32,32,34,34,40,40,44,44,122,122,967,967,1118,1118,1048,1048,1018,1018,940,940,881,881,886,886,916,916,935,935,947,947,1007,1007,945,945,387,387,243,243,159,159,116,116,62,62,,,,,,,,,,,,,,,,,,,,,,,,,,,,,,,,,,,,,,,,,,,,,,,,
tran_d01fa06d-26c9-4728-94b7-3844b9829c1c,4400,tran_24282bad-25c7-4872-80f7-ea80d8941c80,tran_4ebfe2fa-d362-45ce-8925-bc15a47738fa,,0,44,44,45,45,32,32,34,34,40,40,44,44,122,122,967,967,1118,1118,1048,1048,1018,1018,940,940,881,881,886,886,916,916,935,935,947,947,1007,1007,945,945,387,387,243,243,159,159,116,116,62,62,,,,,,,,,,,,,,,,,,,,,,,,,,,,,,,,,,,,,,,,,,,,,,,,
tran_d031bc99-0414-4aaf-ac85-4b7ff53add76,2500,tran_2b44f17a-586e-4498-9160-93069a66faa2,tran_428fad6f-2fa6-4a46-8907-d917480d84c9,tran_ceb4f25f-9c75-413d-8bf4-5db844636804,1,44,44,45,45,32,32,34,34,40,40,44,44,122,122,967,967,1118,1118,1048,1048,1018,1018,940,940,881,881,886,886,916,916,935,935,947,947,1007,1007,945,945,387,387,243,243,159,159,116,116,62,62,,,,,,,,,,,,,,,,,,,,,,,,,,,,,,,,,,,,,,,,,,,,,,,,
tran_d049c3c0-ecab-42c3-80ce-f5db47faf7a3,300,tran_23624eb6-8ef6-4bc1-ab70-5e452cfa012f,tran_9c76ec0c-c866-4629-adb3-0f9752221395,tran_f937f272-72c8-47de-8e40-b6eba7df327b,1,44,44,45,45,32,32,34,34,40,40,44,44,122,122,967,967,1118,1118,1048,1048,1018,1018,940,940,881,881,886,886,916,916,935,935,947,947,1007,1007,945,945,387,387,243,243,159,159,116,116,62,62,,,,,,,,,,,,,,,,,,,,,,,,,,,,,,,,,,,,,,,,,,,,,,,,
tran_d04cf997-e4a3-4981-8867-3924758e086e,2500,tran_115b104a-df20-4b4b-b18c-c1c260bdbb1c,tran_7bd15b1e-df23-44f0-9354-fd78a6305fa9,,0,44,44,45,45,32,32,34,34,40,40,44,44,122,122,967,967,1118,1118,1048,1048,1018,1018,940,940,881,881,886,886,916,916,935,935,947,947,1007,1007,945,945,387,387,243,243,159,159,116,116,62,62,,,,,,,,,,,,,,,,,,,,,,,,,,,,,,,,,,,,,,,,,,,,,,,,
tran_d07516bb-cfa6-46a5-82f6-4aef0197f24a,300,tran_921fa583-9bd5-4aba-8b48-e831b9fadf3c,tran_8855d28b-4077-4adb-8450-cfd2a3c2aa86,,0,44,44,45,45,32,32,34,34,40,40,44,44,122,122,967,967,1118,1118,1048,1048,1018,1018,940,940,881,881,886,886,916,916,935,935,947,947,1007,1007,945,945,387,387,243,243,159,159,116,116,62,62,,,,,,,,,,,,,,,,,,,,,,,,,,,,,,,,,,,,,,,,,,,,,,,,
tran_d0bf5dc0-5ffd-4768-9896-941e7a065340,4400,tran_eb61d2cf-ff67-4333-91f1-f04d79079322,tran_296b0a88-bbc4-4916-a551-297d6c4115e8,,0,44,44,45,45,32,32,34,34,40,40,44,44,122,122,967,967,1118,1118,1048,1048,1018,1018,940,940,881,881,886,886,916,916,935,935,947,947,1007,1007,945,945,387,387,243,243,159,159,116,116,62,62,,,,,,,,,,,,,,,,,,,,,,,,,,,,,,,,,,,,,,,,,,,,,,,,
tran_d1480cec-4456-4c88-9524-9663ff23e899,4400,tran_d687b5ee-d108-4216-9a5e-8a6bbd43f2a9,tran_e1d10cab-2ca2-4d6c-89df-46782bd6d436,tran_7571a0e7-ad4c-4ca9-ad94-f53d2cb20a10;tran_c0d06005-63f3-4cd8-b565-69a463911e45,2,44,44,45,45,32,32,34,34,40,40,44,44,122,122,967,967,1118,1118,1048,1048,1018,1018,940,940,881,881,886,886,916,916,935,935,947,947,1007,1007,945,945,387,387,243,243,159,159,116,116,62,62,,,,,,,,,,,,,,,,,,,,,,,,,,,,,,,,,,,,,,,,,,,,,,,,
tran_d16fba1c-e48a-4369-a87e-75fdc154b132,300,tran_2b343da9-7cff-4fbf-b2e8-148e2687b7c2,tran_2e76fb59-4151-4374-86a8-7e0786c8afb2,16287;tran_853eb7e7-3af0-4b28-be97-e95f8cc7afdd,2,44,44,45,45,32,32,34,34,40,40,44,44,122,122,967,967,1118,1118,1048,1048,1018,1018,940,940,881,881,886,886,916,916,935,935,947,947,1007,1007,945,945,387,387,243,243,159,159,116,116,62,62,,,,,,,,,,,,,,,,,,,,,,,,,,,,,,,,,,,,,,,,,,,,,,,,
tran_d1985c3b-2e3d-46f9-ae5c-3037828b5ce2,1650,tran_496b702e-720d-4217-ab8e-8f9440dbbc84,tran_576f528c-0f03-4333-8bb3-34abee55c342,tran_aefc168e-97ad-4526-add5-011aec92c22a,1,44,44,45,45,32,32,34,34,40,40,44,44,122,122,967,967,1118,1118,1048,1048,1018,1018,940,940,881,881,886,886,916,916,935,935,947,947,1007,1007,945,945,387,387,243,243,159,159,116,116,62,62,,,,,,,,,,,,,,,,,,,,,,,,,,,,,,,,,,,,,,,,,,,,,,,,
tran_d1b9da98-b62d-4806-90ac-ad74c823c241,4400,,tran_321c84b0-6a48-4de0-ac3a-075911c9a11b,,0,44,44,45,45,32,32,34,34,40,40,44,44,122,122,967,967,1118,1118,1048,1048,1018,1018,940,940,881,881,886,886,916,916,935,935,947,947,1007,1007,945,945,387,387,243,243,159,159,116,116,62,62,,,,,,,,,,,,,,,,,,,,,,,,,,,,,,,,,,,,,,,,,,,,,,,,
tran_d1dae378-50d9-4ac4-b343-640a57fc17db,4400,tran_af7689df-c9ad-4b14-ba42-253a574018d6,tran_3d69b442-a4d4-45ca-af09-7c04bee073a7,tran_c5947098-26fa-4d55-8350-4a2b4f92bd4a,1,44,44,45,45,32,32,34,34,40,40,44,44,122,122,967,967,1118,1118,1048,1048,1018,1018,940,940,881,881,886,886,916,916,935,935,947,947,1007,1007,945,945,387,387,243,243,159,159,116,116,62,62,,,,,,,,,,,,,,,,,,,,,,,,,,,,,,,,,,,,,,,,,,,,,,,,
tran_d2629884-88bc-45d1-9041-26929ec4d65c,4400,tran_8d8846c8-f5c7-4221-b364-89cf4a6b7858,tran_ee52f69b-585f-4b7e-b867-b14d90f472f3,,0,44,44,45,45,32,32,34,34,40,40,44,44,122,122,967,967,1118,1118,1048,1048,1018,1018,940,940,881,881,886,886,916,916,935,935,947,947,1007,1007,945,945,387,387,243,243,159,159,116,116,62,62,,,,,,,,,,,,,,,,,,,,,,,,,,,,,,,,,,,,,,,,,,,,,,,,
tran_d29e5db7-bd1a-4271-9775-215181e10d18,3300,tran_34b2f358-785b-435e-9937-e1c0960e2470,tran_7a758970-9236-4623-8dca-a8436f388370,,0,44,44,45,45,32,32,34,34,40,40,44,44,122,122,967,967,1118,1118,1048,1048,1018,1018,940,940,881,881,886,886,916,916,935,935,947,947,1007,1007,945,945,387,387,243,243,159,159,116,116,62,62,,,,,,,,,,,,,,,,,,,,,,,,,,,,,,,,,,,,,,,,,,,,,,,,
tran_d30b3d8e-9fef-44ea-91e8-b746691604b5,4400,tran_2bd64ccb-e656-4214-b4bf-96d3e423c1b1,tran_e736b83d-1502-45bb-9350-5896c742bec9,,0,44,44,45,45,32,32,34,34,40,40,44,44,122,122,967,967,1118,1118,1048,1048,1018,1018,940,940,881,881,886,886,916,916,935,935,947,947,1007,1007,945,945,387,387,243,243,159,159,116,116,62,62,,,,,,,,,,,,,,,,,,,,,,,,,,,,,,,,,,,,,,,,,,,,,,,,
tran_d32dcb47-878f-4079-a5d0-64ef4a450582,1200,tran_c0d55c92-3818-4ddb-ada0-10f5ebe0034d,tran_038664f0-23e9-470f-9b36-a5058a227d02,,0,44,44,45,45,32,32,34,34,40,40,44,44,122,122,967,967,1118,1118,1048,1048,1018,1018,940,940,881,881,886,886,916,916,935,935,947,947,1007,1007,945,945,387,387,243,243,159,159,116,116,62,62,,,,,,,,,,,,,,,,,,,,,,,,,,,,,,,,,,,,,,,,,,,,,,,,
tran_d354d7c8-72e6-4488-a775-5444375b3b55,300,tran_420fd61d-b577-43c2-9099-5bad6f61bb37,tran_4b8481ea-bb15-43c9-9b9c-ce832b36d745,,0,44,44,45,45,32,32,34,34,40,40,44,44,122,122,967,967,1118,1118,1048,1048,1018,1018,940,940,881,881,886,886,916,916,935,935,947,947,1007,1007,945,945,387,387,243,243,159,159,116,116,62,62,,,,,,,,,,,,,,,,,,,,,,,,,,,,,,,,,,,,,,,,,,,,,,,,
tran_d357b143-7c80-4d0f-8f7a-a1259bc84e93,2500,tran_bad2a4e0-eab1-4e13-ab64-5d5b12433655,tran_0a698e16-3934-43ce-9dc0-7ffafead684a,16540,1,44,44,45,45,32,32,34,34,40,40,44,44,122,122,967,967,1118,1118,1048,1048,1018,1018,940,940,881,881,886,886,916,916,935,935,947,947,1007,1007,945,945,387,387,243,243,159,159,116,116,62,62,,,,,,,,,,,,,,,,,,,,,,,,,,,,,,,,,,,,,,,,,,,,,,,,
tran_d3646cb4-7ac9-4aaa-be5c-1176b615a2f1,3500,tran_7a8b6575-3359-4c8f-aff5-c87889ba1ccb,tran_ee52f69b-585f-4b7e-b867-b14d90f472f3,,0,44,44,45,45,32,32,34,34,40,40,44,44,122,122,967,967,1118,1118,1048,1048,1018,1018,940,940,881,881,886,886,916,916,935,935,947,947,1007,1007,945,945,387,387,243,243,159,159,116,116,62,62,,,,,,,,,,,,,,,,,,,,,,,,,,,,,,,,,,,,,,,,,,,,,,,,
tran_d3e699e1-e7df-49c6-b1a2-644c9c34f370,800,tran_27206790-3018-4fbd-b169-36a1058113b6,tran_146e9ade-8d10-4f15-bd78-0da15f396fea,tran_c4a29d0a-b784-451b-ac32-8c4907b228c6,1,44,44,45,45,32,32,34,34,40,40,44,44,122,122,967,967,1118,1118,1048,1048,1018,1018,940,940,881,881,886,886,916,916,935,935,947,947,1007,1007,945,945,387,387,243,243,159,159,116,116,62,62,,,,,,,,,,,,,,,,,,,,,,,,,,,,,,,,,,,,,,,,,,,,,,,,
tran_d3ec4294-ba4a-4b8d-b8f5-0a8b26b6464a,4400,tran_7b7af5eb-7ee0-4790-92b8-622231325341,tran_83c34bb7-330e-478c-8eb4-34aad1e601ff,tran_1f3f099e-67e9-4e99-91e0-09655ef650e6;tran_f5779eb4-51c8-4303-8b9c-fd0c1de6e321,2,44,44,45,45,32,32,34,34,40,40,44,44,122,122,967,967,1118,1118,1048,1048,1018,1018,940,940,881,881,886,886,916,916,935,935,947,947,1007,1007,945,945,387,387,243,243,159,159,116,116,62,62,,,,,,,,,,,,,,,,,,,,,,,,,,,,,,,,,,,,,,,,,,,,,,,,
tran_d3f88400-1631-4110-a420-ad916f2f6cfa,1000,tran_5b28a711-d701-4ed9-b5a6-b55360fad3e0,tran_e2f0f44f-8944-4881-94a2-c48c75781590,tran_df98a198-820a-4f84-8937-5b884ec1d32e,1,44,44,45,45,32,32,34,34,40,40,44,44,122,122,967,967,1118,1118,1048,1048,1018,1018,940,940,881,881,886,886,916,916,935,935,947,947,1007,1007,945,945,387,387,243,243,159,159,116,116,62,62,,,,,,,,,,,,,,,,,,,,,,,,,,,,,,,,,,,,,,,,,,,,,,,,
tran_d42b7161-4d28-4a78-8754-2904876490ab,4400,tran_c0382363-32a1-49e8-b52e-2d1ae469d14d,tran_e47e38c7-bcea-4aa5-9236-2b0c6fc6c6f0,,0,44,44,45,45,32,32,34,34,40,40,44,44,122,122,967,967,1118,1118,1048,1048,1018,1018,940,940,881,881,886,886,916,916,935,935,947,947,1007,1007,945,945,387,387,243,243,159,159,116,116,62,62,,,,,,,,,,,,,,,,,,,,,,,,,,,,,,,,,,,,,,,,,,,,,,,,
tran_d4590ec6-f9be-43e6-b760-a3eb8cf05ea3,800,tran_c21e3169-87be-416b-8ca0-b8e330c2a635,tran_a797d370-4a89-4f84-a58c-9075d13268c0,tran_077dda6a-1449-42f9-8526-f550437784bc,1,44,44,45,45,32,32,34,34,40,40,44,44,122,122,967,967,1118,1118,1048,1048,1018,1018,940,940,881,881,886,886,916,916,935,935,947,947,1007,1007,945,945,387,387,243,243,159,159,116,116,62,62,,,,,,,,,,,,,,,,,,,,,,,,,,,,,,,,,,,,,,,,,,,,,,,,
tran_d48ae084-3847-4eeb-b4d9-7175d9c18828,4400,tran_f18836d2-481d-49f7-9bfd-455d2ae86611,tran_499e04c7-8e58-4ce2-b142-e67be9e240d0,,0,44,44,45,45,32,32,34,34,40,40,44,44,122,122,967,967,1118,1118,1048,1048,1018,1018,940,940,881,881,886,886,916,916,935,935,947,947,1007,1007,945,945,387,387,243,243,159,159,116,116,62,62,,,,,,,,,,,,,,,,,,,,,,,,,,,,,,,,,,,,,,,,,,,,,,,,
tran_d48dd53d-cb6d-4a31-94e0-fb0b2a7f72c0,1200,tran_2ad4e42a-8a13-4fcf-b95b-c5d24393aa0d,tran_2d56aaa4-c289-4c5e-82a0-c667dc988315,tran_bf63a880-7595-43cb-914c-d92890e074b4,1,44,44,45,45,32,32,34,34,40,40,44,44,122,122,967,967,1118,1118,1048,1048,1018,1018,940,940,881,881,886,886,916,916,935,935,947,947,1007,1007,945,945,387,387,243,243,159,159,116,116,62,62,,,,,,,,,,,,,,,,,,,,,,,,,,,,,,,,,,,,,,,,,,,,,,,,
tran_d4927747-b77d-4355-8d0d-e8d745767029,800,tran_00d6bd71-ca9f-4d92-8a1c-35237faedc0d,tran_9e0b1b4d-96bd-4833-964d-4c232f786688,tran_4fbeed7e-d7e5-4bfd-87c9-689c28b74509,1,44,44,45,45,32,32,34,34,40,40,44,44,122,122,967,967,1118,1118,1048,1048,1018,1018,940,940,881,881,886,886,916,916,935,935,947,947,1007,1007,945,945,387,387,243,243,159,159,116,116,62,62,,,,,,,,,,,,,,,,,,,,,,,,,,,,,,,,,,,,,,,,,,,,,,,,
tran_d4988ddc-ae8f-4719-a74e-569c0d15df3c,800,tran_3edbd902-64b0-4398-ae07-cad7b5b4d4e5,tran_9f4927ab-9562-42f3-90e0-54acbefebbd9,,0,44,44,45,45,32,32,34,34,40,40,44,44,122,122,967,967,1118,1118,1048,1048,1018,1018,940,940,881,881,886,886,916,916,935,935,947,947,1007,1007,945,945,387,387,243,243,159,159,116,116,62,62,,,,,,,,,,,,,,,,,,,,,,,,,,,,,,,,,,,,,,,,,,,,,,,,
tran_d4b3e098-f7e9-4727-9e18-71c4af80a5e1,3000,tran_1389400a-0ecc-49da-b737-89b6508dbb06,,tran_c3498a47-3054-42f2-9e1f-1c2b9c1963c3,1,44,44,45,45,32,32,34,34,40,40,44,44,122,122,967,967,1118,1118,1048,1048,1018,1018,940,940,881,881,886,886,916,916,935,935,947,947,1007,1007,945,945,387,387,243,243,159,159,116,116,62,62,,,,,,,,,,,,,,,,,,,,,,,,,,,,,,,,,,,,,,,,,,,,,,,,
tran_d4dbd6f9-c129-4845-b0d7-7ecae706e2a4,4000,tran_8d8846c8-f5c7-4221-b364-89cf4a6b7858,tran_f09596de-4a36-4d07-bee9-3eae399d739e,,0,44,44,45,45,32,32,34,34,40,40,44,44,122,122,967,967,1118,1118,1048,1048,1018,1018,940,940,881,881,886,886,916,916,935,935,947,947,1007,1007,945,945,387,387,243,243,159,159,116,116,62,62,,,,,,,,,,,,,,,,,,,,,,,,,,,,,,,,,,,,,,,,,,,,,,,,
tran_d4e9e9ee-5e4c-41aa-892b-ff5251e327e6,3500,tran_f18836d2-481d-49f7-9bfd-455d2ae86611,tran_3fdd59e4-5d37-4089-913b-2867123dfadc,,0,44,44,45,45,32,32,34,34,40,40,44,44,122,122,967,967,1118,1118,1048,1048,1018,1018,940,940,881,881,886,886,916,916,935,935,947,947,1007,1007,945,945,387,387,243,243,159,159,116,116,62,62,,,,,,,,,,,,,,,,,,,,,,,,,,,,,,,,,,,,,,,,,,,,,,,,
tran_d5032d0d-e63c-4004-80d8-26d17b47f07e,300,tran_f9455ffa-5ede-44e3-bec2-ec29c7a83b3f,tran_545ef300-93dd-410b-8d2e-d0975e45b20f,tran_25032f71-18df-4d39-b01c-f146aa192f2f,1,44,44,45,45,32,32,34,34,40,40,44,44,122,122,967,967,1118,1118,1048,1048,1018,1018,940,940,881,881,886,886,916,916,935,935,947,947,1007,1007,945,945,387,387,243,243,159,159,116,116,62,62,,,,,,,,,,,,,,,,,,,,,,,,,,,,,,,,,,,,,,,,,,,,,,,,
tran_d5154435-ba8a-455b-bd3c-7d99931e2149,3500,tran_3305b67c-776a-42c0-a26e-8255e82dde3d,tran_236444a7-020a-4abc-a9ef-4a539a13d3e7,,0,44,44,45,45,32,32,34,34,40,40,44,44,122,122,967,967,1118,1118,1048,1048,1018,1018,940,940,881,881,886,886,916,916,935,935,947,947,1007,1007,945,945,387,387,243,243,159,159,116,116,62,62,,,,,,,,,,,,,,,,,,,,,,,,,,,,,,,,,,,,,,,,,,,,,,,,
tran_d54c1c82-6e19-4f09-b45b-622dd568a841,4000,tran_f6bb16b0-bac3-45b6-8f7b-b0600ed4a89a,tran_431e318b-8bd1-4528-8612-c1c3b8262f71,,0,44,44,45,45,32,32,34,34,40,40,44,44,122,122,967,967,1118,1118,1048,1048,1018,1018,940,940,881,881,886,886,916,916,935,935,947,947,1007,1007,945,945,387,387,243,243,159,159,116,116,62,62,,,,,,,,,,,,,,,,,,,,,,,,,,,,,,,,,,,,,,,,,,,,,,,,
tran_d5cd9c31-88d2-4bea-aa2d-b9b3334dd162,2500,tran_09710620-06c9-45e4-bd95-6602c3a26bd7,tran_ac8ab91c-a409-4efa-b08b-5c7e4d8dfdc7,tran_44516b1b-b728-460f-9925-19a295066fc7;tran_fc7e6600-0ad8-449a-8f0f-f97a7ec5b4a1,2,44,44,45,45,32,32,34,34,40,40,44,44,122,122,967,967,1118,1118,1048,1048,1018,1018,940,940,881,881,886,886,916,916,935,935,947,947,1007,1007,945,945,387,387,243,243,159,159,116,116,62,62,,,,,,,,,,,,,,,,,,,,,,,,,,,,,,,,,,,,,,,,,,,,,,,,
tran_d5d39e19-17bd-4678-a7f9-738d0803ae22,3300,tran_595dacbc-7cb4-46a9-8e5f-70597b96e43d,tran_ee4df6ec-28c6-4a39-802e-2605b057db75,tran_25ce7968-31ad-40e1-a765-c3718bbce7fb,1,44,44,45,45,32,32,34,34,40,40,44,44,122,122,967,967,1118,1118,1048,1048,1018,1018,940,940,881,881,886,886,916,916,935,935,947,947,1007,1007,945,945,387,387,243,243,159,159,116,116,62,62,,,,,,,,,,,,,,,,,,,,,,,,,,,,,,,,,,,,,,,,,,,,,,,,
tran_d5dd0f75-01b2-4159-b070-617d2e79dc15,2000,tran_dc8aa8d4-91b5-4c33-b4c7-78e5a2bec532,tran_cd3505bd-e915-4bc9-a45a-f10888e9b1c5,tran_e14af74c-adfe-40cb-a4e7-4b3329a3e505;tran_9796fcfe-d96e-4ac7-891a-902a701e26bc,2,44,44,45,45,32,32,34,34,40,40,44,44,122,122,967,967,1118,1118,1048,1048,1018,1018,940,940,881,881,886,886,916,916,935,935,947,947,1007,1007,945,945,387,387,243,243,159,159,116,116,62,62,,,,,,,,,,,,,,,,,,,,,,,,,,,,,,,,,,,,,,,,,,,,,,,,
tran_d5e8361e-5732-4eb6-bf22-17ef2acffa13,2500,tran_7d363725-80d4-47c8-9a34-d13544ba98f8,tran_5d5f3046-f3e5-44ad-8d08-7144b81a5afa,tran_496b702e-720d-4217-ab8e-8f9440dbbc84;tran_4fdea82f-60b2-4372-ba00-5b66a1b38363,2,44,44,45,45,32,32,34,34,40,40,44,44,122,122,967,967,1118,1118,1048,1048,1018,1018,940,940,881,881,886,886,916,916,935,935,947,947,1007,1007,945,945,387,387,243,243,159,159,116,116,62,62,,,,,,,,,,,,,,,,,,,,,,,,,,,,,,,,,,,,,,,,,,,,,,,,
tran_d623956f-df40-49f4-af5c-5ee3998b7f40,4400,tran_e861b453-fe68-4993-9312-fdfe40365435,tran_3d75cc98-7280-43e7-81ea-7b88c50d877b,,0,44,44,45,45,32,32,34,34,40,40,44,44,122,122,967,967,1118,1118,1048,1048,1018,1018,940,940,881,881,886,886,916,916,935,935,947,947,1007,1007,945,945,387,387,243,243,159,159,116,116,62,62,,,,,,,,,,,,,,,,,,,,,,,,,,,,,,,,,,,,,,,,,,,,,,,,
tran_d629bb9b-953e-4079-ae6d-f7aba99808c8,3300,tran_e854f952-dcd3-4500-b6cc-74cd946518e8,tran_f084a2e3-60c3-4930-b883-d0bfac415aaa,tran_4aaebb95-538d-4cf3-a5d1-fc3cbf1caac4,1,44,44,45,45,32,32,34,34,40,40,44,44,122,122,967,967,1118,1118,1048,1048,1018,1018,940,940,881,881,886,886,916,916,935,935,947,947,1007,1007,945,945,387,387,243,243,159,159,116,116,62,62,,,,,,,,,,,,,,,,,,,,,,,,,,,,,,,,,,,,,,,,,,,,,,,,
tran_d650f67b-03fb-4d7f-b777-8238def711bd,3000,,tran_92e5864b-236c-4090-837c-b3dcb27a5096,,0,44,44,45,45,32,32,34,34,40,40,44,44,122,122,967,967,1118,1118,1048,1048,1018,1018,940,940,881,881,886,886,916,916,935,935,947,947,1007,1007,945,945,387,387,243,243,159,159,116,116,62,62,,,,,,,,,,,,,,,,,,,,,,,,,,,,,,,,,,,,,,,,,,,,,,,,
tran_d65ab49c-1bae-46e8-8358-9eb1a21e5ef9,1600,tran_333bb82c-8aed-4f6b-851d-df14c72855bc,tran_6f395174-41d4-4801-816d-3b3dec38d034,,0,44,44,45,45,32,32,34,34,40,40,44,44,122,122,967,967,1118,1118,1048,1048,1018,1018,940,940,881,881,886,886,916,916,935,935,947,947,1007,1007,945,945,387,387,243,243,159,159,116,116,62,62,,,,,,,,,,,,,,,,,,,,,,,,,,,,,,,,,,,,,,,,,,,,,,,,
tran_d6679767-f65e-46fe-a4b9-eb9d2ef2af3b,1200,tran_4f52eb6d-5eab-48ee-bd85-575738955771,tran_ac0ca38c-0702-479d-9d19-32a2aa156335,tran_2b26610d-4018-492e-9983-1b8831214d23;tran_e4c25307-dcf2-4953-a64c-f2c8f860961c,2,44,44,45,45,32,32,34,34,40,40,44,44,122,122,967,967,1118,1118,1048,1048,1018,1018,940,940,881,881,886,886,916,916,935,935,947,947,1007,1007,945,945,387,387,243,243,159,159,116,116,62,62,,,,,,,,,,,,,,,,,,,,,,,,,,,,,,,,,,,,,,,,,,,,,,,,
tran_d67bd27f-4d10-4a05-9e32-7853eba65a34,4400,tran_8a5b1233-c9b8-45b6-bb18-15ab72ec06f5,tran_081eadba-9ae1-4e9b-ac5c-8ab91050de84,,0,44,44,45,45,32,32,34,34,40,40,44,44,122,122,967,967,1118,1118,1048,1048,1018,1018,940,940,881,881,886,886,916,916,935,935,947,947,1007,1007,945,945,387,387,243,243,159,159,116,116,62,62,,,,,,,,,,,,,,,,,,,,,,,,,,,,,,,,,,,,,,,,,,,,,,,,
tran_d687b5ee-d108-4216-9a5e-8a6bbd43f2a9,4400,tran_e1d10cab-2ca2-4d6c-89df-46782bd6d436,tran_5e5325d6-9056-4788-ba13-ed26c05b56b5,tran_6d34e3b9-6e12-44f5-bd0d-786627fa362c;tran_d1480cec-4456-4c88-9524-9663ff23e899;tran_13164e44-c3d8-40a0-8adc-0ba7720f09f6;tran_c7e0b09d-0cbf-4b0e-a118-b6635003e4cf,4,44,44,45,45,32,32,34,34,40,40,44,44,122,122,967,967,1118,1118,1048,1048,1018,1018,940,940,881,881,886,886,916,916,935,935,947,947,1007,1007,945,945,387,387,243,243,159,159,116,116,62,62,,,,,,,,,,,,,,,,,,,,,,,,,,,,,,,,,,,,,,,,,,,,,,,,
tran_d6aca38e-1914-4913-96ee-219ceaf3bcaa,1200,tran_7303a7dd-22fd-49de-8db7-d9d997d9fdbe,tran_499e04c7-8e58-4ce2-b142-e67be9e240d0,,0,44,44,45,45,32,32,34,34,40,40,44,44,122,122,967,967,1118,1118,1048,1048,1018,1018,940,940,881,881,886,886,916,916,935,935,947,947,1007,1007,945,945,387,387,243,243,159,159,116,116,62,62,,,,,,,,,,,,,,,,,,,,,,,,,,,,,,,,,,,,,,,,,,,,,,,,
tran_d70cfdc6-9419-43c5-99a7-ac33fb18072c,4400,tran_cedb1ffd-f5b5-44a2-a5bb-9e10a18d0978,tran_833a6883-1c6d-49b2-b941-e545bd5bd7f7,,0,0,0,0,0,0,0,0,0,0,0,0,0,0,0,1138,1138,1201,1201,1284,1284,1257,1257,1168,1168,1084,1084,1145,1145,1051,1051,1179,1179,1173,1173,1211,1211,1091,1091,0,0,0,0,0,0,0,0,0,0,,,,,,,,,,,,,,,,,,,,,,,,,,,,,,,,,,,,,,,,,,,,,,,,
tran_d7254953-e7e1-46ee-9430-be59206409eb,3000,tran_eab04137-e97d-415a-b137-0f9320dd4a0f,tran_6096b62d-111c-4902-85e3-1ce60b31ed21,tran_be121c7f-6994-4b31-a93d-24010b03bf74,1,44,44,45,45,32,32,34,34,40,40,44,44,122,122,967,967,1118,1118,1048,1048,1018,1018,940,940,881,881,886,886,916,916,935,935,947,947,1007,1007,945,945,387,387,243,243,159,159,116,116,62,62,,,,,,,,,,,,,,,,,,,,,,,,,,,,,,,,,,,,,,,,,,,,,,,,
tran_d7799c7f-e808-4394-9e64-34cfa61cf6ea,3500,tran_1b08e13c-1ee4-49a1-a6ae-41710270583e,tran_aefc168e-97ad-4526-add5-011aec92c22a,tran_f2b50e7d-e58b-4397-b30d-98815f55b7d2,1,44,44,45,45,32,32,34,34,40,40,44,44,122,122,967,967,1118,1118,1048,1048,1018,1018,940,940,881,881,886,886,916,916,935,935,947,947,1007,1007,945,945,387,387,243,243,159,159,116,116,62,62,,,,,,,,,,,,,,,,,,,,,,,,,,,,,,,,,,,,,,,,,,,,,,,,
tran_d77d65ef-f50d-4d47-9d45-30d726733f64,4400,tran_a7e1c955-1979-44b7-9577-a6fe8e5b1112,tran_6c88a0da-c5a7-461e-8698-c9b73a41efaa,,0,44,44,45,45,32,32,34,34,40,40,44,44,122,122,967,967,1118,1118,1048,1048,1018,1018,940,940,881,881,886,886,916,916,935,935,947,947,1007,1007,945,945,387,387,243,243,159,159,116,116,62,62,,,,,,,,,,,,,,,,,,,,,,,,,,,,,,,,,,,,,,,,,,,,,,,,
tran_d78fb3e1-9ad3-40bc-943f-22c3a45bbbea,300,tran_1370c342-70cc-4b65-94ad-b959b82945aa,tran_1d58425b-7e3c-4c66-aea9-c42a3bd53565,tran_545ef300-93dd-410b-8d2e-d0975e45b20f,1,44,44,45,45,32,32,34,34,40,40,44,44,122,122,967,967,1118,1118,1048,1048,1018,1018,940,940,881,881,886,886,916,916,935,935,947,947,1007,1007,945,945,387,387,243,243,159,159,116,116,62,62,,,,,,,,,,,,,,,,,,,,,,,,,,,,,,,,,,,,,,,,,,,,,,,,
tran_d7ac487c-fea8-470a-9d93-08541074e85d,550,tran_649bd22e-b90d-4f57-af0a-e14b8eaa43be,tran_9092a3e1-8642-4af7-8b15-b5f30e8bff6e,tran_0194fe1c-1417-42d6-a14e-bccb4d727be0,1,44,44,45,45,32,32,34,34,40,40,44,44,122,122,967,967,1118,1118,1048,1048,1018,1018,940,940,881,881,886,886,916,916,935,935,947,947,1007,1007,945,945,387,387,243,243,159,159,116,116,62,62,,,,,,,,,,,,,,,,,,,,,,,,,,,,,,,,,,,,,,,,,,,,,,,,
tran_d7da4d09-4fb2-477b-bf97-0c2d73589111,800,tran_1fe94025-d8cc-47c3-b885-362cb7f58ff7,tran_868a8a85-5143-48d6-b424-c81c57ccca33,tran_a33b995a-055b-4d3e-94aa-48be4b088870,1,44,44,45,45,32,32,34,34,40,40,44,44,122,122,967,967,1118,1118,1048,1048,1018,1018,940,940,881,881,886,886,916,916,935,935,947,947,1007,1007,945,945,387,387,243,243,159,159,116,116,62,62,,,,,,,,,,,,,,,,,,,,,,,,,,,,,,,,,,,,,,,,,,,,,,,,
tran_d86e89ac-4df1-4b56-86fb-a847c6641c10,4000,tran_0c693629-6880-4ea5-b730-833824b37f88,tran_236444a7-020a-4abc-a9ef-4a539a13d3e7,,0,44,44,45,45,32,32,34,34,40,40,44,44,122,122,967,967,1118,1118,1048,1048,1018,1018,940,940,881,881,886,886,916,916,935,935,947,947,1007,1007,945,945,387,387,243,243,159,159,116,116,62,62,,,,,,,,,,,,,,,,,,,,,,,,,,,,,,,,,,,,,,,,,,,,,,,,
tran_d879ac76-a0b2-4957-a0bb-3b782268d777,1600,tran_2b50a570-5669-46b2-ad8e-6b9bcc0439e5,11796,,0,33,33,31,31,22,22,23,23,26,26,31,31,88,88,1055,1055,1119,1119,1058,1058,1080,1080,966,966,980,980,861,861,1008,1008,1021,1021,988,988,1080,1080,1096,1096,421,421,249,249,150,150,110,110,68,68,,,,,,,,,,,,,,,,,,,,,,,,,,,,,,,,,,,,,,,,,,,,,,,,
tran_d8ff85c1-1b51-4c87-a045-26f621a78d2f,4000,tran_0e63535e-3374-4784-94b7-6d413a1d04a2,tran_37fa9d48-453d-4e73-a5d6-d7626529f8b7,,0,44,44,45,45,32,32,34,34,40,40,44,44,122,122,967,967,1118,1118,1048,1048,1018,1018,940,940,881,881,886,886,916,916,935,935,947,947,1007,1007,945,945,387,387,243,243,159,159,116,116,62,62,,,,,,,,,,,,,,,,,,,,,,,,,,,,,,,,,,,,,,,,,,,,,,,,
tran_d917aaf1-b620-4a6d-a0ce-d81c6ad256eb,4400,tran_5671ba47-207f-455a-8ee5-a95c2c74a7e3,tran_00e45579-aae3-41a8-a761-2ec856d36614,,0,44,44,45,45,32,32,34,34,40,40,44,44,122,122,967,967,1118,1118,1048,1048,1018,1018,940,940,881,881,886,886,916,916,935,935,947,947,1007,1007,945,945,387,387,243,243,159,159,116,116,62,62,,,,,,,,,,,,,,,,,,,,,,,,,,,,,,,,,,,,,,,,,,,,,,,,
tran_d9481331-69cb-41b5-ba55-b28dd43a9169,1100,tran_0770447b-c5a4-40cf-b34d-157cb6509c43,tran_b953eb73-1080-40ed-871c-bbec4f7e76c4,tran_556e9a51-322d-48dd-8e8a-1b0e4f70cceb,1,44,44,45,45,32,32,34,34,40,40,44,44,122,122,967,967,1118,1118,1048,1048,1018,1018,940,940,881,881,886,886,916,916,935,935,947,947,1007,1007,945,945,387,387,243,243,159,159,116,116,62,62,,,,,,,,,,,,,,,,,,,,,,,,,,,,,,,,,,,,,,,,,,,,,,,,
tran_d99b3902-f2d9-40f6-8f87-53db5793487c,1200,tran_ce8e7a8b-037c-4f0a-acfa-ac6f9360e14a,tran_2687e0c4-16f3-4ad8-a9d7-7136645833df,tran_4c9c8b56-9b69-4111-b626-ca6b5bb93452;tran_13fd0da4-ea47-47b4-920e-2a6fa286418a,2,44,44,45,45,32,32,34,34,40,40,44,44,122,122,967,967,1118,1118,1048,1048,1018,1018,940,940,881,881,886,886,916,916,935,935,947,947,1007,1007,945,945,387,387,243,243,159,159,116,116,62,62,,,,,,,,,,,,,,,,,,,,,,,,,,,,,,,,,,,,,,,,,,,,,,,,
tran_d9dd2665-58d5-48b6-ae9b-838af9d1c4ef,1200,tran_921fa583-9bd5-4aba-8b48-e831b9fadf3c,tran_aac2927c-4220-431f-833c-7f505fbd6ed1,,0,44,44,45,45,32,32,34,34,40,40,44,44,122,122,967,967,1118,1118,1048,1048,1018,1018,940,940,881,881,886,886,916,916,935,935,947,947,1007,1007,945,945,387,387,243,243,159,159,116,116,62,62,,,,,,,,,,,,,,,,,,,,,,,,,,,,,,,,,,,,,,,,,,,,,,,,
tran_d9dfab77-6833-4d0e-950a-3afccbe47a7e,400,tran_30ccbb78-b5e0-47ce-8d2e-1bdf81395bb1,tran_9e196e66-8196-4605-a174-23507d37ac12,tran_c429f793-9df4-4921-8d8d-7323d0e4d8e9;tran_36c7a25e-9c88-4fd6-b238-d05b91cecb5c,2,44,44,45,45,32,32,34,34,40,40,44,44,122,122,967,967,1118,1118,1048,1048,1018,1018,940,940,881,881,886,886,916,916,935,935,947,947,1007,1007,945,945,387,387,243,243,159,159,116,116,62,62,,,,,,,,,,,,,,,,,,,,,,,,,,,,,,,,,,,,,,,,,,,,,,,,
tran_da4a04df-8faa-4a15-9160-1f40881fc58b,2500,tran_3ee5c229-2738-46dd-b93d-0799796d78e2,tran_8690bfd5-131a-4f50-9486-ccec15454a8b,tran_ae08951c-2519-4107-a6e7-e7d221d2f63c;16817,2,44,44,45,45,32,32,34,34,40,40,44,44,122,122,967,967,1118,1118,1048,1048,1018,1018,940,940,881,881,886,886,916,916,935,935,947,947,1007,1007,945,945,387,387,243,243,159,159,116,116,62,62,,,,,,,,,,,,,,,,,,,,,,,,,,,,,,,,,,,,,,,,,,,,,,,,
tran_da83073f-f890-4a0d-a07c-19d349ea4de2,4400,tran_444b0fef-a7d5-4f05-9ac7-0f10150b64f1,tran_51842f9d-de87-4091-8155-e9f3f6688c15,,0,44,44,45,45,32,32,34,34,40,40,44,44,122,122,967,967,1118,1118,1048,1048,1018,1018,940,940,881,881,886,886,916,916,935,935,947,947,1007,1007,945,945,387,387,243,243,159,159,116,116,62,62,,,,,,,,,,,,,,,,,,,,,,,,,,,,,,,,,,,,,,,,,,,,,,,,
tran_dad10b1d-2c57-4ead-9434-b6a14ead8926,4000,tran_4a668cd3-f0c3-4b11-99db-894a3d938edd,tran_eeb7330c-6e60-4a2e-9d3b-1759f492eb38,,0,44,44,45,45,32,32,34,34,40,40,44,44,122,122,967,967,1118,1118,1048,1048,1018,1018,940,940,881,881,886,886,916,916,935,935,947,947,1007,1007,945,945,387,387,243,243,159,159,116,116,62,62,,,,,,,,,,,,,,,,,,,,,,,,,,,,,,,,,,,,,,,,,,,,,,,,
tran_db02be35-d06e-4e7f-85de-73341cc07111,800,4107,tran_c283c558-bfba-4e68-a76f-e65f67f10fa6,tran_63583b33-6f83-49b9-a36d-4e6d5a2b746f,1,44,44,45,45,32,32,34,34,40,40,44,44,122,122,967,967,1118,1118,1048,1048,1018,1018,940,940,881,881,886,886,916,916,935,935,947,947,1007,1007,945,945,387,387,243,243,159,159,116,116,62,62,,,,,,,,,,,,,,,,,,,,,,,,,,,,,,,,,,,,,,,,,,,,,,,,
tran_db10298f-7115-44bb-bde3-a607cfcd22ff,800,15882,tran_cd7ee853-49aa-4d81-9025-b3370af04cfc,,0,44,44,45,45,32,32,34,34,40,40,44,44,122,122,967,967,1118,1118,1048,1048,1018,1018,940,940,881,881,886,886,916,916,935,935,947,947,1007,1007,945,945,387,387,243,243,159,159,116,116,62,62,,,,,,,,,,,,,,,,,,,,,,,,,,,,,,,,,,,,,,,,,,,,,,,,
tran_db223364-d89f-4b6b-882f-c001a421cf76,1200,tran_069e4898-a7c1-4096-8d91-a6d689954a3d,tran_8558ce7e-497f-49e6-bac7-a8243639c313,tran_c7fd2b96-d6bc-40f0-8e15-04a6a1154710;tran_940f985f-4103-4538-a845-558c72f6cda9,2,44,44,45,45,32,32,34,34,40,40,44,44,122,122,967,967,1118,1118,1048,1048,1018,1018,940,940,881,881,886,886,916,916,935,935,947,947,1007,1007,945,945,387,387,243,243,159,159,116,116,62,62,,,,,,,,,,,,,,,,,,,,,,,,,,,,,,,,,,,,,,,,,,,,,,,,
tran_db30b2b0-3422-45fd-a5c6-1d9f010e3c9f,300,tran_f084a2e3-60c3-4930-b883-d0bfac415aaa,tran_a5071144-e7c6-46a3-8327-7694e0f04c31,tran_8c341a10-753d-44e6-8f96-b46f26d76641,1,44,44,45,45,32,32,34,34,40,40,44,44,122,122,967,967,1118,1118,1048,1048,1018,1018,940,940,881,881,886,886,916,916,935,935,947,947,1007,1007,945,945,387,387,243,243,159,159,116,116,62,62,,,,,,,,,,,,,,,,,,,,,,,,,,,,,,,,,,,,,,,,,,,,,,,,
tran_db37de7d-9365-4a93-98b5-36d58903a90c,4400,tran_e165808d-a40d-4885-930a-59d1c5a9b573,tran_4278f6eb-4ac1-49ac-8b48-13f57402035e,,0,44,44,45,45,32,32,34,34,40,40,44,44,122,122,967,967,1118,1118,1048,1048,1018,1018,940,940,881,881,886,886,916,916,935,935,947,947,1007,1007,945,945,387,387,243,243,159,159,116,116,62,62,,,,,,,,,,,,,,,,,,,,,,,,,,,,,,,,,,,,,,,,,,,,,,,,
tran_dbf7360b-4f22-44a2-9336-8a77a7398dce,2000,tran_8fcd8f13-9117-4ee6-8123-1f3f982dc3bb,tran_71b3f160-8aa3-481a-acb0-601b39824e81,,0,44,44,45,45,32,32,34,34,40,40,44,44,122,122,967,967,1118,1118,1048,1048,1018,1018,940,940,881,881,886,886,916,916,935,935,947,947,1007,1007,945,945,387,387,243,243,159,159,116,116,62,62,,,,,,,,,,,,,,,,,,,,,,,,,,,,,,,,,,,,,,,,,,,,,,,,
tran_dc229769-541a-434a-8c0c-b231fc91370f,4400,tran_0a21935c-8a41-4d0d-b33c-5434ece49a6c,tran_2b51662f-c5ed-4a62-85d2-0a5443e73b56,tran_584d86c8-6ed2-47f4-b92e-edc9c492de96,1,0,0,0,0,0,0,0,0,0,0,0,0,0,0,1138,1138,1201,1201,1284,1284,1257,1257,1168,1168,1084,1084,1145,1145,1051,1051,1179,1179,1173,1173,1211,1211,1091,1091,0,0,0,0,0,0,0,0,0,0,,,,,,,,,,,,,,,,,,,,,,,,,,,,,,,,,,,,,,,,,,,,,,,,
tran_dc678557-f8d2-4790-b074-11c8a0d58ae8,3500,tran_2e8344d2-7320-4ffe-9112-bd8a42f72b2d,tran_8512a852-d3bd-4ed8-a016-397024eb0963,tran_1670839c-b12b-4217-a295-bfde5deda191,1,44,44,45,45,32,32,34,34,40,40,44,44,122,122,967,967,1118,1118,1048,1048,1018,1018,940,940,881,881,886,886,916,916,935,935,947,947,1007,1007,945,945,387,387,243,243,159,159,116,116,62,62,,,,,,,,,,,,,,,,,,,,,,,,,,,,,,,,,,,,,,,,,,,,,,,,
tran_dc8aa8d4-91b5-4c33-b4c7-78e5a2bec532,2500,tran_8458bbd4-864d-446c-aa0e-c7ed5e2c5b9c,tran_d5dd0f75-01b2-4159-b070-617d2e79dc15,,0,44,44,45,45,32,32,34,34,40,40,44,44,122,122,967,967,1118,1118,1048,1048,1018,1018,940,940,881,881,886,886,916,916,935,935,947,947,1007,1007,945,945,387,387,243,243,159,159,116,116,62,62,,,,,,,,,,,,,,,,,,,,,,,,,,,,,,,,,,,,,,,,,,,,,,,,
tran_dcb1d435-ca2e-46cd-af28-daaed3dcec94,4400,tran_9f4927ab-9562-42f3-90e0-54acbefebbd9,tran_e31684ae-95d4-42eb-b3fa-a8fc3c97ffcf,,0,44,44,45,45,32,32,34,34,40,40,44,44,122,122,967,967,1118,1118,1048,1048,1018,1018,940,940,881,881,886,886,916,916,935,935,947,947,1007,1007,945,945,387,387,243,243,159,159,116,116,62,62,,,,,,,,,,,,,,,,,,,,,,,,,,,,,,,,,,,,,,,,,,,,,,,,
tran_dcc459ba-6c92-4df9-a319-87ba5a05233d,4400,tran_87fa6f35-9504-43a1-b4a4-8d837d44a5c8,tran_18ab8f6c-db0f-46ff-b9ca-ac680a58cbef,tran_8ab6559b-850d-488b-8d07-ef4d03e6c40b,1,44,44,45,45,32,32,34,34,40,40,44,44,122,122,967,967,1118,1118,1048,1048,1018,1018,940,940,881,881,886,886,916,916,935,935,947,947,1007,1007,945,945,387,387,243,243,159,159,116,116,62,62,,,,,,,,,,,,,,,,,,,,,,,,,,,,,,,,,,,,,,,,,,,,,,,,
tran_dd65c98f-a540-4751-b725-8a5b085f8a54,300,tran_0001c305-0530-45d8-a1e8-45b5e6c8c638,tran_2e745b6d-525b-47a5-a93f-2cd82551989b,tran_9830de3b-bf56-437e-bc2f-121a8f7d8663,1,44,44,45,45,32,32,34,34,40,40,44,44,122,122,967,967,1118,1118,1048,1048,1018,1018,940,940,881,881,886,886,916,916,935,935,947,947,1007,1007,945,945,387,387,243,243,159,159,116,116,62,62,,,,,,,,,,,,,,,,,,,,,,,,,,,,,,,,,,,,,,,,,,,,,,,,
tran_de09e88f-9149-486d-b21f-c955c8cb3318,4400,tran_87f9bdaf-b4d8-44b0-a419-71960df40ed8,tran_eccb6b31-2842-4ba7-8385-13991ba98623,,0,44,44,45,45,32,32,34,34,40,40,44,44,122,122,967,967,1118,1118,1048,1048,1018,1018,940,940,881,881,886,886,916,916,935,935,947,947,1007,1007,945,945,387,387,243,243,159,159,116,116,62,62,,,,,,,,,,,,,,,,,,,,,,,,,,,,,,,,,,,,,,,,,,,,,,,,
tran_de221618-0bea-42af-9ab0-1f8993590fe2,600,tran_2e0aafaa-7f19-4cd2-b9a2-40353ff44b3b,tran_f16f892a-3ec2-41c3-a990-8dedf0cf939d,tran_a1ede5e2-b129-4e7e-9920-6b9ae3842572,1,44,44,45,45,32,32,34,34,40,40,44,44,122,122,967,967,1118,1118,1048,1048,1018,1018,940,940,881,881,886,886,916,916,935,935,947,947,1007,1007,945,945,387,387,243,243,159,159,116,116,62,62,,,,,,,,,,,,,,,,,,,,,,,,,,,,,,,,,,,,,,,,,,,,,,,,
tran_de3e1116-8fc2-4e2b-bbf8-b07fa8683ee9,2500,tran_4aa96519-3f58-4e7b-8d05-3778d41eb753,tran_1bae704f-de9f-4ae8-af5a-38f92244cf6c,tran_4c9422e8-f648-46d6-8920-944e8d06e8f9,1,44,44,45,45,32,32,34,34,40,40,44,44,122,122,967,967,1118,1118,1048,1048,1018,1018,940,940,881,881,886,886,916,916,935,935,947,947,1007,1007,945,945,387,387,243,243,159,159,116,116,62,62,,,,,,,,,,,,,,,,,,,,,,,,,,,,,,,,,,,,,,,,,,,,,,,,
tran_de462bb7-eb82-418a-ac47-326139745dec,4400,tran_5ce9da68-6c10-4072-841c-a84a2cbaa45b,tran_30026e4b-5bad-4243-a0d8-8ebad4e95bc4,,0,44,44,45,45,32,32,34,34,40,40,44,44,122,122,967,967,1118,1118,1048,1048,1018,1018,940,940,881,881,886,886,916,916,935,935,947,947,1007,1007,945,945,387,387,243,243,159,159,116,116,62,62,,,,,,,,,,,,,,,,,,,,,,,,,,,,,,,,,,,,,,,,,,,,,,,,
tran_dea3f7dc-fd78-4779-b3f6-467c81117e4e,3000,tran_634a2043-5bc1-402d-aa17-a751cdb4cf06,tran_8aaa5ab8-9840-4f61-9857-f89d9e255c4c,,0,44,44,45,45,32,32,34,34,40,40,44,44,122,122,967,967,1118,1118,1048,1048,1018,1018,940,940,881,881,886,886,916,916,935,935,947,947,1007,1007,945,945,387,387,243,243,159,159,116,116,62,62,,,,,,,,,,,,,,,,,,,,,,,,,,,,,,,,,,,,,,,,,,,,,,,,
tran_decd3d5a-57ce-432a-a83f-6b27c3e09eeb,400,tran_b0d3e9b0-1192-472f-8de0-e74696b3125b,tran_4eac989a-edad-4721-bfcc-e7e283a98212,tran_cac8d554-b009-4e72-8a84-6dbc478c71da;tran_8e35ba92-08cc-46a2-aac7-2a327fd0d808,2,44,44,45,45,32,32,34,34,40,40,44,44,122,122,967,967,1118,1118,1048,1048,1018,1018,940,940,881,881,886,886,916,916,935,935,947,947,1007,1007,945,945,387,387,243,243,159,159,116,116,62,62,,,,,,,,,,,,,,,,,,,,,,,,,,,,,,,,,,,,,,,,,,,,,,,,
tran_df4c8e31-7a4d-4dbc-a35c-bfc565d2cac0,800,tran_18ab8f6c-db0f-46ff-b9ca-ac680a58cbef,tran_e62d333c-0db7-4dd7-b2c9-2ff31d5c042f,,0,44,44,45,45,32,32,34,34,40,40,44,44,122,122,967,967,1118,1118,1048,1048,1018,1018,940,940,881,881,886,886,916,916,935,935,947,947,1007,1007,945,945,387,387,243,243,159,159,116,116,62,62,,,,,,,,,,,,,,,,,,,,,,,,,,,,,,,,,,,,,,,,,,,,,,,,
tran_df6c6c6c-2ab6-427c-9403-0182102ccb4e,3500,tran_c2ee82c3-16f8-4007-ad5f-7092155826bf,tran_0188b681-b259-4d17-b1d8-bb7fcd058044,,0,42,42,39,39,28,28,29,29,34,34,39,39,112,112,1343,1343,1424,1424,1347,1347,1375,1375,1229,1229,1247,1247,1096,1096,1282,1282,1299,1299,1257,1257,1375,1375,1394,1394,536,536,316,316,190,190,140,140,87,87,,,,,,,,,,,,,,,,,,,,,,,,,,,,,,,,,,,,,,,,,,,,,,,,
tran_df889c76-3bf7-4e64-9c43-9afb702de298,1200,tran_3c27084d-e3a0-43ab-9e59-5b9af86665a3,tran_a1ede5e2-b129-4e7e-9920-6b9ae3842572,tran_fba2a646-6907-43cb-8e30-f583fca7f608;tran_b012e471-3497-4998-be1a-83c36bd08abd,2,44,44,45,45,32,32,34,34,40,40,44,44,122,122,967,967,1118,1118,1048,1048,1018,1018,940,940,881,881,886,886,916,916,935,935,947,947,1007,1007,945,945,387,387,243,243,159,159,116,116,62,62,,,,,,,,,,,,,,,,,,,,,,,,,,,,,,,,,,,,,,,,,,,,,,,,
tran_df98a198-820a-4f84-8937-5b884ec1d32e,4400,tran_34b2f358-785b-435e-9937-e1c0960e2470,tran_d3f88400-1631-4110-a420-ad916f2f6cfa,,0,44,44,45,45,32,32,34,34,40,40,44,44,122,122,967,967,1118,1118,1048,1048,1018,1018,940,940,881,881,886,886,916,916,935,935,947,947,1007,1007,945,945,387,387,243,243,159,159,116,116,62,62,,,,,,,,,,,,,,,,,,,,,,,,,,,,,,,,,,,,,,,,,,,,,,,,
tran_dfab2fe5-6caf-442c-ad0c-c82583226416,300,tran_b2e292d7-8b20-4160-a668-e555d6a0cbe9,tran_3d69b442-a4d4-45ca-af09-7c04bee073a7,tran_83e24bb8-3282-4385-8376-37f65fcb50d6,1,44,44,45,45,32,32,34,34,40,40,44,44,122,122,967,967,1118,1118,1048,1048,1018,1018,940,940,881,881,886,886,916,916,935,935,947,947,1007,1007,945,945,387,387,243,243,159,159,116,116,62,62,,,,,,,,,,,,,,,,,,,,,,,,,,,,,,,,,,,,,,,,,,,,,,,,
tran_dfbe9439-96a0-41f8-9076-e93a44c44e35,4400,tran_c29d3e60-62e6-4acc-b4ea-3c78158a298a,tran_2157f80f-437d-4ef5-bf6e-64ab72219026,,0,44,44,45,45,32,32,34,34,40,40,44,44,122,122,967,967,1118,1118,1048,1048,1018,1018,940,940,881,881,886,886,916,916,935,935,947,947,1007,1007,945,945,387,387,243,243,159,159,116,116,62,62,,,,,,,,,,,,,,,,,,,,,,,,,,,,,,,,,,,,,,,,,,,,,,,,
tran_dfca3c38-403d-4d9c-b14d-f0bce35f05bd,1200,tran_87f9bdaf-b4d8-44b0-a419-71960df40ed8,tran_521a2c99-5708-453e-948f-0451ee3cfd71,,0,44,44,45,45,32,32,34,34,40,40,44,44,122,122,967,967,1118,1118,1048,1048,1018,1018,940,940,881,881,886,886,916,916,935,935,947,947,1007,1007,945,945,387,387,243,243,159,159,116,116,62,62,,,,,,,,,,,,,,,,,,,,,,,,,,,,,,,,,,,,,,,,,,,,,,,,
tran_dfef8289-7548-4504-a870-7be639dcf0e8,4000,tran_9ccaf503-5c02-49ea-ac8c-85c08e80d3b3,,tran_8b1d5592-7c84-441d-96b2-e05a0cafd136;tran_6470640e-8907-429e-bd68-96b3f73baf43,2,44,44,45,45,32,32,34,34,40,40,44,44,122,122,967,967,1118,1118,1048,1048,1018,1018,940,940,881,881,886,886,916,916,935,935,947,947,1007,1007,945,945,387,387,243,243,159,159,116,116,62,62,,,,,,,,,,,,,,,,,,,,,,,,,,,,,,,,,,,,,,,,,,,,,,,,
tran_e03ae19b-dd88-4347-acc2-d02e841ca6f1,3500,tran_6724ba88-faf7-4c85-bd03-79a2dfd64fd4,tran_f9ce7078-b305-481d-b9f1-42e2cb4dde10,tran_3aaacea6-a171-4427-902e-7f1062447d1f;tran_714c8962-b108-4f04-81db-9c1a397dc4c4,2,44,44,45,45,32,32,34,34,40,40,44,44,122,122,967,967,1118,1118,1048,1048,1018,1018,940,940,881,881,886,886,916,916,935,935,947,947,1007,1007,945,945,387,387,243,243,159,159,116,116,62,62,,,,,,,,,,,,,,,,,,,,,,,,,,,,,,,,,,,,,,,,,,,,,,,,
tran_e03b4a55-1911-465f-8cc7-ce832373fc11,4400,tran_c8ae8308-cbc1-498f-be3f-0b2733ace917,tran_fafaa4b3-042c-4726-a5cb-6566324e0180,,0,44,44,45,45,32,32,34,34,40,40,44,44,122,122,967,967,1118,1118,1048,1048,1018,1018,940,940,881,881,886,886,916,916,935,935,947,947,1007,1007,945,945,387,387,243,243,159,159,116,116,62,62,,,,,,,,,,,,,,,,,,,,,,,,,,,,,,,,,,,,,,,,,,,,,,,,
tran_e0542ddd-96a4-47f1-9c9f-31730544c9ec,300,tran_3a82b048-f7b0-4259-b81a-fdebdb86ad76,tran_afadeb4e-e86a-4c14-a293-5286d9b9a7ed,tran_1726027a-7f3b-45ce-bd8c-90cfea850734,1,44,44,45,45,32,32,34,34,40,40,44,44,122,122,967,967,1118,1118,1048,1048,1018,1018,940,940,881,881,886,886,916,916,935,935,947,947,1007,1007,945,945,387,387,243,243,159,159,116,116,62,62,,,,,,,,,,,,,,,,,,,,,,,,,,,,,,,,,,,,,,,,,,,,,,,,
tran_e0a353eb-7fb0-4e57-8d12-c51c93742a5a,4400,tran_a452014f-673b-4104-9383-c9bb246bf0a7,tran_bcf0d06c-09a8-4abb-a1f4-067e7ee065aa,,0,44,44,45,45,32,32,34,34,40,40,44,44,122,122,967,967,1118,1118,1048,1048,1018,1018,940,940,881,881,886,886,916,916,935,935,947,947,1007,1007,945,945,387,387,243,243,159,159,116,116,62,62,,,,,,,,,,,,,,,,,,,,,,,,,,,,,,,,,,,,,,,,,,,,,,,,
tran_e1487ea8-d9dc-4fe0-b3ba-65a787282204,2200,3456,tran_1087493b-4a58-4926-8283-2e9aea6d6f8c,tran_b20de7c2-ae5a-4e64-8bdf-548f7ba8bb00,1,44,44,45,45,32,32,34,34,40,40,44,44,122,122,967,967,1118,1118,1048,1048,1018,1018,940,940,881,881,886,886,916,916,935,935,947,947,1007,1007,945,945,387,387,243,243,159,159,116,116,62,62,,,,,,,,,,,,,,,,,,,,,,,,,,,,,,,,,,,,,,,,,,,,,,,,
tran_e14af74c-adfe-40cb-a4e7-4b3329a3e505,3500,tran_a6f4dbdd-7593-46e8-978e-5b9f2daff45b,tran_d5dd0f75-01b2-4159-b070-617d2e79dc15,,0,44,44,45,45,32,32,34,34,40,40,44,44,122,122,967,967,1118,1118,1048,1048,1018,1018,940,940,881,881,886,886,916,916,935,935,947,947,1007,1007,945,945,387,387,243,243,159,159,116,116,62,62,,,,,,,,,,,,,,,,,,,,,,,,,,,,,,,,,,,,,,,,,,,,,,,,
tran_e165808d-a40d-4885-930a-59d1c5a9b573,300,tran_73fdc34b-0cc4-4928-b1df-875e4cb64d22,tran_315124d4-106f-42a9-87f9-171988a70972,tran_db37de7d-9365-4a93-98b5-36d58903a90c,1,44,44,45,45,32,32,34,34,40,40,44,44,122,122,967,967,1118,1118,1048,1048,1018,1018,940,940,881,881,886,886,916,916,935,935,947,947,1007,1007,945,945,387,387,243,243,159,159,116,116,62,62,,,,,,,,,,,,,,,,,,,,,,,,,,,,,,,,,,,,,,,,,,,,,,,,
tran_e1d10cab-2ca2-4d6c-89df-46782bd6d436,4400,4882,tran_d687b5ee-d108-4216-9a5e-8a6bbd43f2a9,tran_aaea5f34-f4c2-4aa9-b3a9-f43b2581d834;tran_5025a25e-175f-40cf-a3b0-5d7105635787;tran_4ab6a64f-9b5b-4890-8ec3-d6bb4a16ea57;tran_a6e174f6-f056-4a39-a471-6f29e6f166b9;tran_61a7064d-2651-4f78-a09c-bdb5fa42c95c;tran_2896f35f-1fa9-4489-b82f-2e7c165748ed;tran_9b190af6-f4ba-4e88-8711-acb5264e84f8;tran_e33a61b9-6d70-49d4-ab6a-bd7170d5a445;tran_c112376c-0c82-42bf-a03b-40dba0d0f424;tran_3a4cddbc-ef03-4d4f-95b7-4162897a16f1;tran_b9284977-b49b-4f49-9c1a-d046938c5b36;tran_2be81680-ad20-4ffe-aea1-242e1cf2d9f1;tran_59d74202-4726-4117-9aab-de323a72460f;tran_7571a0e7-ad4c-4ca9-ad94-f53d2cb20a10;tran_6d34e3b9-6e12-44f5-bd0d-786627fa362c;tran_d1480cec-4456-4c88-9524-9663ff23e899,16,44,44,45,45,32,32,34,34,40,40,44,44,122,122,967,967,1118,1118,1048,1048,1018,1018,940,940,881,881,886,886,916,916,935,935,947,947,1007,1007,945,945,387,387,243,243,159,159,116,116,62,62,,,,,,,,,,,,,,,,,,,,,,,,,,,,,,,,,,,,,,,,,,,,,,,,
tran_e218c3e8-1cfe-4157-8c01-cc58985f10c2,2500,tran_811b824e-fa46-4818-821b-73beba710c7f,tran_c5783510-b301-4e15-afa8-3b41cf3bebd1,,0,44,44,45,45,32,32,34,34,40,40,44,44,122,122,967,967,1118,1118,1048,1048,1018,1018,940,940,881,881,886,886,916,916,935,935,947,947,1007,1007,945,945,387,387,243,243,159,159,116,116,62,62,,,,,,,,,,,,,,,,,,,,,,,,,,,,,,,,,,,,,,,,,,,,,,,,
tran_e2b1d7bc-9f8f-4fb5-b6c9-d599b82b252a,4400,tran_6f0e773e-5631-43dc-891e-887a4f9da8cb,tran_80457e38-da1c-4cdd-84c0-391ed84abc86,,0,44,44,45,45,32,32,34,34,40,40,44,44,122,122,967,967,1118,1118,1048,1048,1018,1018,940,940,881,881,886,886,916,916,935,935,947,947,1007,1007,945,945,387,387,243,243,159,159,116,116,62,62,,,,,,,,,,,,,,,,,,,,,,,,,,,,,,,,,,,,,,,,,,,,,,,,
tran_e2f0f44f-8944-4881-94a2-c48c75781590,3000,tran_24833f42-e4b2-404f-a87b-ccc5863757cb,tran_d3f88400-1631-4110-a420-ad916f2f6cfa,,0,44,44,45,45,32,32,34,34,40,40,44,44,122,122,967,967,1118,1118,1048,1048,1018,1018,940,940,881,881,886,886,916,916,935,935,947,947,1007,1007,945,945,387,387,243,243,159,159,116,116,62,62,,,,,,,,,,,,,,,,,,,,,,,,,,,,,,,,,,,,,,,,,,,,,,,,
tran_e31684ae-95d4-42eb-b3fa-a8fc3c97ffcf,1200,tran_dcb1d435-ca2e-46cd-af28-daaed3dcec94,tran_5b10d3ae-d4c7-4775-a0ae-df3c078d8579,tran_8267f0e5-0e0e-425b-8e42-51135f99420a;tran_084e5006-bb72-4d03-99a1-dcbc66c1817d,2,44,44,45,45,32,32,34,34,40,40,44,44,122,122,967,967,1118,1118,1048,1048,1018,1018,940,940,881,881,886,886,916,916,935,935,947,947,1007,1007,945,945,387,387,243,243,159,159,116,116,62,62,,,,,,,,,,,,,,,,,,,,,,,,,,,,,,,,,,,,,,,,,,,,,,,,
tran_e33a61b9-6d70-49d4-ab6a-bd7170d5a445,1600,tran_e1d10cab-2ca2-4d6c-89df-46782bd6d436,tran_2896f35f-1fa9-4489-b82f-2e7c165748ed,tran_c112376c-0c82-42bf-a03b-40dba0d0f424,1,44,44,45,45,32,32,34,34,40,40,44,44,122,122,967,967,1118,1118,1048,1048,1018,1018,940,940,881,881,886,886,916,916,935,935,947,947,1007,1007,945,945,387,387,243,243,159,159,116,116,62,62,,,,,,,,,,,,,,,,,,,,,,,,,,,,,,,,,,,,,,,,,,,,,,,,
tran_e33f10a7-8ba6-478e-a407-35480997e89e,4400,tran_c3498a47-3054-42f2-9e1f-1c2b9c1963c3,tran_f217315b-3f88-4c39-a921-52327257df78,,0,44,44,45,45,32,32,34,34,40,40,44,44,122,122,967,967,1118,1118,1048,1048,1018,1018,940,940,881,881,886,886,916,916,935,935,947,947,1007,1007,945,945,387,387,243,243,159,159,116,116,62,62,,,,,,,,,,,,,,,,,,,,,,,,,,,,,,,,,,,,,,,,,,,,,,,,
tran_e3708763-7507-4d95-ac7f-9170b106b21f,4400,,tran_02b63488-f599-4f61-8ce3-8feda5346abd,,0,44,44,45,45,32,32,34,34,40,40,44,44,122,122,967,967,1118,1118,1048,1048,1018,1018,940,940,881,881,886,886,916,916,935,935,947,947,1007,1007,945,945,387,387,243,243,159,159,116,116,62,62,,,,,,,,,,,,,,,,,,,,,,,,,,,,,,,,,,,,,,,,,,,,,,,,
tran_e3b5fc04-6e15-4af7-8175-db9a45ecc955,1200,tran_ac0a8822-a636-4da3-8f33-7c3b496c491a,tran_8189e039-5a21-4afd-a936-ffdb06869c08,tran_c052fd5d-5523-4d05-8bde-66aafc78e64c,1,44,44,45,45,32,32,34,34,40,40,44,44,122,122,967,967,1118,1118,1048,1048,1018,1018,940,940,881,881,886,886,916,916,935,935,947,947,1007,1007,945,945,387,387,243,243,159,159,116,116,62,62,,,,,,,,,,,,,,,,,,,,,,,,,,,,,,,,,,,,,,,,,,,,,,,,
tran_e3c99975-eada-43a2-9ce6-a6237fe14715,4400,tran_83c34bb7-330e-478c-8eb4-34aad1e601ff,tran_03a67bf6-ad94-49c8-bf9c-26703b234757,tran_a5cc36c1-da6f-444c-8422-80300c83416a,1,44,44,45,45,32,32,34,34,40,40,44,44,122,122,967,967,1118,1118,1048,1048,1018,1018,940,940,881,881,886,886,916,916,935,935,947,947,1007,1007,945,945,387,387,243,243,159,159,116,116,62,62,,,,,,,,,,,,,,,,,,,,,,,,,,,,,,,,,,,,,,,,,,,,,,,,
tran_e3ee56fb-a114-42e2-9dae-31dae14ddfb7,3000,tran_6c88a0da-c5a7-461e-8698-c9b73a41efaa,tran_785c8fc8-5ec2-4022-8600-78199b5b47e2,,0,44,44,45,45,32,32,34,34,40,40,44,44,122,122,967,967,1118,1118,1048,1048,1018,1018,940,940,881,881,886,886,916,916,935,935,947,947,1007,1007,945,945,387,387,243,243,159,159,116,116,62,62,,,,,,,,,,,,,,,,,,,,,,,,,,,,,,,,,,,,,,,,,,,,,,,,
tran_e3f29e62-e055-4556-8dec-b79b0d37f8d3,4400,tran_9f4927ab-9562-42f3-90e0-54acbefebbd9,tran_90fff2ee-ab95-4e03-8deb-23636fa11c07,,0,67,67,70,70,49,49,53,53,62,62,67,67,186,186,910,910,1134,1134,1023,1023,977,977,900,900,812,812,861,861,864,864,851,851,886,886,939,939,854,854,524,524,336,336,227,227,165,165,84,84,,,,,,,,,,,,,,,,,,,,,,,,,,,,,,,,,,,,,,,,,,,,,,,,
tran_e3fc5049-af35-46f9-b15b-5ee1968d4c9a,1500,tran_116ec7d7-94d0-49af-98fd-3320dcf2fbc5,16660,tran_b2356e2a-e1d9-464c-9e41-7e1ab8464c29,1,44,44,45,45,32,32,34,34,40,40,44,44,122,122,967,967,1118,1118,1048,1048,1018,1018,940,940,881,881,886,886,916,916,935,935,947,947,1007,1007,945,945,387,387,243,243,159,159,116,116,62,62,,,,,,,,,,,,,,,,,,,,,,,,,,,,,,,,,,,,,,,,,,,,,,,,
tran_e4603f5e-0ec7-4b76-a526-d6dc3f547cdf,800,tran_35cfa2cb-b740-4cb7-bd93-b7ce6974094c,tran_a797d370-4a89-4f84-a58c-9075d13268c0,tran_ad63e103-3793-4697-ab4c-2c952a208fa0,1,44,44,45,45,32,32,34,34,40,40,44,44,122,122,967,967,1118,1118,1048,1048,1018,1018,940,940,881,881,886,886,916,916,935,935,947,947,1007,1007,945,945,387,387,243,243,159,159,116,116,62,62,,,,,,,,,,,,,,,,,,,,,,,,,,,,,,,,,,,,,,,,,,,,,,,,
tran_e47e38c7-bcea-4aa5-9236-2b0c6fc6c6f0,1200,tran_d42b7161-4d28-4a78-8754-2904876490ab,tran_7d091889-5bf3-4acd-a8aa-97bb28d4bac8,tran_83941157-4d61-4ae1-8c7e-588a2ae7ec15,1,44,44,45,45,32,32,34,34,40,40,44,44,122,122,967,967,1118,1118,1048,1048,1018,1018,940,940,881,881,886,886,916,916,935,935,947,947,1007,1007,945,945,387,387,243,243,159,159,116,116,62,62,,,,,,,,,,,,,,,,,,,,,,,,,,,,,,,,,,,,,,,,,,,,,,,,
tran_e488b740-b75a-411b-bc07-d19d5ac06fa0,1200,tran_2735bc19-c797-41df-a880-f93c1858ea4d,tran_b304e8b4-7af1-422e-beb1-6b76422b2b98,,0,44,44,45,45,32,32,34,34,40,40,44,44,122,122,967,967,1118,1118,1048,1048,1018,1018,940,940,881,881,886,886,916,916,935,935,947,947,1007,1007,945,945,387,387,243,243,159,159,116,116,62,62,,,,,,,,,,,,,,,,,,,,,,,,,,,,,,,,,,,,,,,,,,,,,,,,
tran_e497ad12-3968-4c48-b3fb-0ade1f44886e,1600,tran_e57874f5-0dea-4a4f-b217-13600498ee69,tran_5d8d9e40-def0-405c-b128-2209d30d8090,tran_7968542c-e317-4997-83d2-f449cf4ef9eb,1,44,44,45,45,32,32,34,34,40,40,44,44,122,122,967,967,1118,1118,1048,1048,1018,1018,940,940,881,881,886,886,916,916,935,935,947,947,1007,1007,945,945,387,387,243,243,159,159,116,116,62,62,,,,,,,,,,,,,,,,,,,,,,,,,,,,,,,,,,,,,,,,,,,,,,,,
tran_e4a3cd5b-30cf-4c09-a939-4214638e32cf,1200,tran_22a36e68-3df5-4577-b953-aca3f943bfa7,tran_912d9716-fc2b-4e08-9a93-e1e2293bb9bf,,0,44,44,45,45,32,32,34,34,40,40,44,44,122,122,967,967,1118,1118,1048,1048,1018,1018,940,940,881,881,886,886,916,916,935,935,947,947,1007,1007,945,945,387,387,243,243,159,159,116,116,62,62,,,,,,,,,,,,,,,,,,,,,,,,,,,,,,,,,,,,,,,,,,,,,,,,
tran_e4c25307-dcf2-4953-a64c-f2c8f860961c,4400,tran_d6679767-f65e-46fe-a4b9-eb9d2ef2af3b,tran_0633e21a-a2a0-416c-830e-3aa7b20b4eed,,0,44,44,45,45,32,32,34,34,40,40,44,44,122,122,967,967,1118,1118,1048,1048,1018,1018,940,940,881,881,886,886,916,916,935,935,947,947,1007,1007,945,945,387,387,243,243,159,159,116,116,62,62,,,,,,,,,,,,,,,,,,,,,,,,,,,,,,,,,,,,,,,,,,,,,,,,
tran_e4dc3d84-4ecc-4bdc-854e-421238127d9f,3500,tran_86fd0ad6-13bb-46a3-b52b-e179bb6dff5b,tran_c801a341-53c9-4b64-aaa7-b8453055e7cb,,0,44,44,45,45,32,32,34,34,40,40,44,44,122,122,967,967,1118,1118,1048,1048,1018,1018,940,940,881,881,886,886,916,916,935,935,947,947,1007,1007,945,945,387,387,243,243,159,159,116,116,62,62,,,,,,,,,,,,,,,,,,,,,,,,,,,,,,,,,,,,,,,,,,,,,,,,
tran_e52e1555-ad1e-48e7-ac33-df0f2012cf95,3500,tran_a65c8ba8-b8f2-45cb-b5f2-50f7d76eb0d5,tran_f8799f40-6614-4c14-81ca-d64d4eabdead,,0,44,44,45,45,32,32,34,34,40,40,44,44,122,122,967,967,1118,1118,1048,1048,1018,1018,940,940,881,881,886,886,916,916,935,935,947,947,1007,1007,945,945,387,387,243,243,159,159,116,116,62,62,,,,,,,,,,,,,,,,,,,,,,,,,,,,,,,,,,,,,,,,,,,,,,,,
tran_e54dfffd-ceff-431e-ac69-a131717474ce,3000,tran_8d381d29-3a55-41fc-bcc2-8da01bba1666,tran_978169a3-6d24-4612-8d15-61e3e56d92cf,tran_917a11fb-91ed-47d9-a468-3c07db4b81a8;tran_2b44f17a-586e-4498-9160-93069a66faa2,2,44,44,45,45,32,32,34,34,40,40,44,44,122,122,967,967,1118,1118,1048,1048,1018,1018,940,940,881,881,886,886,916,916,935,935,947,947,1007,1007,945,945,387,387,243,243,159,159,116,116,62,62,,,,,,,,,,,,,,,,,,,,,,,,,,,,,,,,,,,,,,,,,,,,,,,,
tran_e57874f5-0dea-4a4f-b217-13600498ee69,4400,tran_e497ad12-3968-4c48-b3fb-0ade1f44886e,tran_40440557-ccbe-4258-8c09-7d7468d03bc5,,0,44,44,45,45,32,32,34,34,40,40,44,44,122,122,967,967,1118,1118,1048,1048,1018,1018,940,940,881,881,886,886,916,916,935,935,947,947,1007,1007,945,945,387,387,243,243,159,159,116,116,62,62,,,,,,,,,,,,,,,,,,,,,,,,,,,,,,,,,,,,,,,,,,,,,,,,
tran_e5941559-8a01-43ad-ba01-af5905d4e6fa,800,tran_f39a3a8f-4cf0-4b94-82b2-175d3ff8a4ee,tran_8c8e3752-964f-440e-89d2-fa6f9f666bb7,tran_f0e92d8a-62ec-4819-bf12-cbca1c89a015,1,44,44,45,45,32,32,34,34,40,40,44,44,122,122,967,967,1118,1118,1048,1048,1018,1018,940,940,881,881,886,886,916,916,935,935,947,947,1007,1007,945,945,387,387,243,243,159,159,116,116,62,62,,,,,,,,,,,,,,,,,,,,,,,,,,,,,,,,,,,,,,,,,,,,,,,,
tran_e5c6f669-4fb8-4a67-b165-fcb60d980e3b,3500,tran_c0680e04-a4aa-4992-bd1b-ee357658ba54,tran_9a32f6d2-ba41-4457-8927-5b3439d32808,tran_5d1c763b-a19a-4863-bb17-a1fe87188873;tran_e7bb6e33-d56c-404e-9c8c-c7f7557a1a46,2,44,44,45,45,32,32,34,34,40,40,44,44,122,122,967,967,1118,1118,1048,1048,1018,1018,940,940,881,881,886,886,916,916,935,935,947,947,1007,1007,945,945,387,387,243,243,159,159,116,116,62,62,,,,,,,,,,,,,,,,,,,,,,,,,,,,,,,,,,,,,,,,,,,,,,,,
tran_e62d333c-0db7-4dd7-b2c9-2ff31d5c042f,800,tran_c78539c5-eb2b-4c98-8a1a-9eed49ae641f,tran_df4c8e31-7a4d-4dbc-a35c-bfc565d2cac0,tran_66983bdd-3800-4f03-b3ff-60f6d39879bc,1,44,44,45,45,32,32,34,34,40,40,44,44,122,122,967,967,1118,1118,1048,1048,1018,1018,940,940,881,881,886,886,916,916,935,935,947,947,1007,1007,945,945,387,387,243,243,159,159,116,116,62,62,,,,,,,,,,,,,,,,,,,,,,,,,,,,,,,,,,,,,,,,,,,,,,,,
tran_e6a1af9b-7bc0-413f-8577-8a003c215f18,2000,tran_799114e9-c52a-4cee-8fe2-a325dd6ab744,tran_e9c8d9be-562e-448e-8f4f-f13884cca0e1,tran_cca3b061-6f6a-442a-b313-1aff58a97936,1,44,44,45,45,32,32,34,34,40,40,44,44,122,122,967,967,1118,1118,1048,1048,1018,1018,940,940,881,881,886,886,916,916,935,935,947,947,1007,1007,945,945,387,387,243,243,159,159,116,116,62,62,,,,,,,,,,,,,,,,,,,,,,,,,,,,,,,,,,,,,,,,,,,,,,,,
tran_e6cc7a12-c6a9-4887-a596-5714914296bf,800,tran_a2fb3959-5c4a-432b-9a0b-75226944a620,tran_15efaca0-e394-43b2-8019-d02627d7b299,tran_2a5ad6f5-472a-4070-83d9-aca6c726954a;tran_fdaccfc2-1de6-44b4-87ed-f7882a46ade5,2,44,44,45,45,32,32,34,34,40,40,44,44,122,122,967,967,1118,1118,1048,1048,1018,1018,940,940,881,881,886,886,916,916,935,935,947,947,1007,1007,945,945,387,387,243,243,159,159,116,116,62,62,,,,,,,,,,,,,,,,,,,,,,,,,,,,,,,,,,,,,,,,,,,,,,,,
tran_e723aaaf-e971-4439-9f0f-66b6e9326384,3500,,tran_aac2927c-4220-431f-833c-7f505fbd6ed1,,0,44,44,45,45,32,32,34,34,40,40,44,44,122,122,967,967,1118,1118,1048,1048,1018,1018,940,940,881,881,886,886,916,916,935,935,947,947,1007,1007,945,945,387,387,243,243,159,159,116,116,62,62,,,,,,,,,,,,,,,,,,,,,,,,,,,,,,,,,,,,,,,,,,,,,,,,
tran_e736b83d-1502-45bb-9350-5896c742bec9,2750,tran_3643aef1-8543-4f11-a665-9638651c32ce,tran_2bc8f5e6-f00e-4255-8ad0-74a95653089b,tran_2cb25da8-0129-4e10-837e-c72b9a9c8ec2;tran_d30b3d8e-9fef-44ea-91e8-b746691604b5,2,44,44,45,45,32,32,34,34,40,40,44,44,122,122,967,967,1118,1118,1048,1048,1018,1018,940,940,881,881,886,886,916,916,935,935,947,947,1007,1007,945,945,387,387,243,243,159,159,116,116,62,62,,,,,,,,,,,,,,,,,,,,,,,,,,,,,,,,,,,,,,,,,,,,,,,,
tran_e7419217-7656-4705-912d-6ffea07088aa,4400,tran_57d4275a-b689-4aec-aab1-bbbd8760e67f,,,0,44,44,45,45,32,32,34,34,40,40,44,44,122,122,967,967,1118,1118,1048,1048,1018,1018,940,940,881,881,886,886,916,916,935,935,947,947,1007,1007,945,945,387,387,243,243,159,159,116,116,62,62,,,,,,,,,,,,,,,,,,,,,,,,,,,,,,,,,,,,,,,,,,,,,,,,
tran_e76e2c40-e95b-4d15-8d14-b82195622318,600,tran_2687e0c4-16f3-4ad8-a9d7-7136645833df,tran_069e4898-a7c1-4096-8d91-a6d689954a3d,tran_a9d9ad94-6d4e-4b5b-828d-dc9f59ce0651,1,44,44,45,45,32,32,34,34,40,40,44,44,122,122,967,967,1118,1118,1048,1048,1018,1018,940,940,881,881,886,886,916,916,935,935,947,947,1007,1007,945,945,387,387,243,243,159,159,116,116,62,62,,,,,,,,,,,,,,,,,,,,,,,,,,,,,,,,,,,,,,,,,,,,,,,,
tran_e77b6a81-4bec-4792-9a47-6337ff2418b9,2500,tran_007f2d69-278f-4179-9858-55bdac0ed09d,tran_4b4d844b-c340-4f6b-969e-f38bdcd83263,,0,44,44,45,45,32,32,34,34,40,40,44,44,122,122,967,967,1118,1118,1048,1048,1018,1018,940,940,881,881,886,886,916,916,935,935,947,947,1007,1007,945,945,387,387,243,243,159,159,116,116,62,62,,,,,,,,,,,,,,,,,,,,,,,,,,,,,,,,,,,,,,,,,,,,,,,,
tran_e7b92c43-b76d-4955-b44f-11996d22b239,4400,tran_53b8381f-d97e-4b33-bd76-388bcf144b88,tran_afcdb5c7-d134-4116-b512-512e5993e5c3,tran_c1f1cd12-65cd-42e4-8942-a7ec43b898d0;tran_fcb24147-5dd5-4daa-a6f0-19492f963d38,2,44,44,45,45,32,32,34,34,40,40,44,44,122,122,967,967,1118,1118,1048,1048,1018,1018,940,940,881,881,886,886,916,916,935,935,947,947,1007,1007,945,945,387,387,243,243,159,159,116,116,62,62,,,,,,,,,,,,,,,,,,,,,,,,,,,,,,,,,,,,,,,,,,,,,,,,
tran_e7bb6e33-d56c-404e-9c8c-c7f7557a1a46,4400,tran_3aafe1bb-cd1d-400b-a21c-457b92b0ad8f,tran_e5c6f669-4fb8-4a67-b165-fcb60d980e3b,,0,44,44,45,45,32,32,34,34,40,40,44,44,122,122,967,967,1118,1118,1048,1048,1018,1018,940,940,881,881,886,886,916,916,935,935,947,947,1007,1007,945,945,387,387,243,243,159,159,116,116,62,62,,,,,,,,,,,,,,,,,,,,,,,,,,,,,,,,,,,,,,,,,,,,,,,,
tran_e7ef12f4-0824-4904-81fc-6f9256dfa1a6,1200,17912,tran_a5c14db0-7e3f-439c-9e6a-c16d756ad4c1,,0,44,44,45,45,32,32,34,34,40,40,44,44,122,122,967,967,1118,1118,1048,1048,1018,1018,940,940,881,881,886,886,916,916,935,935,947,947,1007,1007,945,945,387,387,243,243,159,159,116,116,62,62,,,,,,,,,,,,,,,,,,,,,,,,,,,,,,,,,,,,,,,,,,,,,,,,
tran_e84a88b2-b3b2-497c-a886-452efbdac89f,2500,tran_09a22819-a60f-411f-9d31-adef29686d5e,tran_ee4df6ec-28c6-4a39-802e-2605b057db75,,0,44,44,45,45,32,32,34,34,40,40,44,44,122,122,967,967,1118,1118,1048,1048,1018,1018,940,940,881,881,886,886,916,916,935,935,947,947,1007,1007,945,945,387,387,243,243,159,159,116,116,62,62,,,,,,,,,,,,,,,,,,,,,,,,,,,,,,,,,,,,,,,,,,,,,,,,
tran_e854f952-dcd3-4500-b6cc-74cd946518e8,4400,tran_d629bb9b-953e-4079-ae6d-f7aba99808c8,tran_62ba248b-eec5-4f72-a256-cd1fe1f78f0d,,0,44,44,45,45,32,32,34,34,40,40,44,44,122,122,967,967,1118,1118,1048,1048,1018,1018,940,940,881,881,886,886,916,916,935,935,947,947,1007,1007,945,945,387,387,243,243,159,159,116,116,62,62,,,,,,,,,,,,,,,,,,,,,,,,,,,,,,,,,,,,,,,,,,,,,,,,
tran_e861b453-fe68-4993-9312-fdfe40365435,4400,tran_cfd9bb25-ee73-448d-99c3-f7f5989fa998,tran_005cd04a-f72f-4e55-b54a-1b99a2726f8b,tran_d623956f-df40-49f4-af5c-5ee3998b7f40;tran_720f9c15-93bb-4a89-ae32-425a8021a3b9;tran_38d74608-6a55-465c-834c-7ce56c075c20,3,44,44,45,45,32,32,34,34,40,40,44,44,122,122,967,967,1118,1118,1048,1048,1018,1018,940,940,881,881,886,886,916,916,935,935,947,947,1007,1007,945,945,387,387,243,243,159,159,116,116,62,62,,,,,,,,,,,,,,,,,,,,,,,,,,,,,,,,,,,,,,,,,,,,,,,,
tran_e88e4664-f63e-47d4-848f-d540cc6adacb,3000,tran_9f8bb0e4-a15a-410d-a6a4-81bf1a70b1ab,tran_ab911707-42b6-4c86-8a7c-7643002320aa,tran_c5e44d87-4773-47f6-943a-9b46fcfa0dbc;tran_58f014ae-5daa-469d-881e-2b423267e5f2,2,44,44,45,45,32,32,34,34,40,40,44,44,122,122,967,967,1118,1118,1048,1048,1018,1018,940,940,881,881,886,886,916,916,935,935,947,947,1007,1007,945,945,387,387,243,243,159,159,116,116,62,62,,,,,,,,,,,,,,,,,,,,,,,,,,,,,,,,,,,,,,,,,,,,,,,,
tran_e90cece4-df80-4828-9e6e-ed490506640c,4400,15613,tran_081eadba-9ae1-4e9b-ac5c-8ab91050de84,,0,44,44,45,45,32,32,34,34,40,40,44,44,122,122,967,967,1118,1118,1048,1048,1018,1018,940,940,881,881,886,886,916,916,935,935,947,947,1007,1007,945,945,387,387,243,243,159,159,116,116,62,62,,,,,,,,,,,,,,,,,,,,,,,,,,,,,,,,,,,,,,,,,,,,,,,,
tran_e917743f-e2d5-4b94-b2fd-5fc6caab6457,4000,tran_0c693629-6880-4ea5-b730-833824b37f88,tran_755aa98e-fd9e-4e32-b893-2b2d68e6a1d8,,0,44,44,45,45,32,32,34,34,40,40,44,44,122,122,967,967,1118,1118,1048,1048,1018,1018,940,940,881,881,886,886,916,916,935,935,947,947,1007,1007,945,945,387,387,243,243,159,159,116,116,62,62,,,,,,,,,,,,,,,,,,,,,,,,,,,,,,,,,,,,,,,,,,,,,,,,
tran_e9a6511c-b4a4-4e70-b1a7-6889fcd3d6af,3500,tran_9095a14f-094c-412a-9f45-c16183078eae,tran_467ed51b-cdfa-44d8-8362-c5b51a3e4497,,0,44,44,45,45,32,32,34,34,40,40,44,44,122,122,967,967,1118,1118,1048,1048,1018,1018,940,940,881,881,886,886,916,916,935,935,947,947,1007,1007,945,945,387,387,243,243,159,159,116,116,62,62,,,,,,,,,,,,,,,,,,,,,,,,,,,,,,,,,,,,,,,,,,,,,,,,
tran_e9c8d9be-562e-448e-8f4f-f13884cca0e1,3500,tran_acad3eb8-d379-4595-a123-5b9dd88d0a74,tran_e6a1af9b-7bc0-413f-8577-8a003c215f18,,0,44,44,45,45,32,32,34,34,40,40,44,44,122,122,967,967,1118,1118,1048,1048,1018,1018,940,940,881,881,886,886,916,916,935,935,947,947,1007,1007,945,945,387,387,243,243,159,159,116,116,62,62,,,,,,,,,,,,,,,,,,,,,,,,,,,,,,,,,,,,,,,,,,,,,,,,
tran_e9da2025-37aa-4d64-be85-00ead90d3fc6,4400,tran_032d7b73-aa02-4d6b-b4b3-e8dcfc57f243,tran_0a690f2a-b86e-4088-a064-2a73ea48cc57,16290;tran_5d1c763b-a19a-4863-bb17-a1fe87188873,2,44,44,45,45,32,32,34,34,40,40,44,44,122,122,967,967,1118,1118,1048,1048,1018,1018,940,940,881,881,886,886,916,916,935,935,947,947,1007,1007,945,945,387,387,243,243,159,159,116,116,62,62,,,,,,,,,,,,,,,,,,,,,,,,,,,,,,,,,,,,,,,,,,,,,,,,
tran_ea29319d-4fdb-4060-a03d-c16ab7876ec9,550,tran_b9284977-b49b-4f49-9c1a-d046938c5b36,tran_675a7983-82aa-4d8e-a00e-09929291b971,,0,44,44,45,45,32,32,34,34,40,40,44,44,122,122,967,967,1118,1118,1048,1048,1018,1018,940,940,881,881,886,886,916,916,935,935,947,947,1007,1007,945,945,387,387,243,243,159,159,116,116,62,62,,,,,,,,,,,,,,,,,,,,,,,,,,,,,,,,,,,,,,,,,,,,,,,,
tran_ea4e89a2-011f-4b89-a4b5-b903dd3538c9,4400,tran_634a2043-5bc1-402d-aa17-a751cdb4cf06,tran_a1379e0b-03e1-4f4b-8a4c-57e50ca41e72,,0,44,44,45,45,32,32,34,34,40,40,44,44,122,122,967,967,1118,1118,1048,1048,1018,1018,940,940,881,881,886,886,916,916,935,935,947,947,1007,1007,945,945,387,387,243,243,159,159,116,116,62,62,,,,,,,,,,,,,,,,,,,,,,,,,,,,,,,,,,,,,,,,,,,,,,,,
tran_ea832e5a-513a-4d98-ba0d-452f0c56ebf6,1200,tran_cde9faa9-17da-4bda-a92f-4900c8bd3188,tran_2e058912-99f9-4091-af2e-14dded0dece8,tran_6359bda5-4ca6-49c7-998a-c2475e291498;11650,2,44,44,45,45,32,32,34,34,40,40,44,44,122,122,967,967,1118,1118,1048,1048,1018,1018,940,940,881,881,886,886,916,916,935,935,947,947,1007,1007,945,945,387,387,243,243,159,159,116,116,62,62,,,,,,,,,,,,,,,,,,,,,,,,,,,,,,,,,,,,,,,,,,,,,,,,
tran_eab04137-e97d-415a-b137-0f9320dd4a0f,2500,tran_b8a2700b-e672-4270-9064-fc720f26aea8,tran_d7254953-e7e1-46ee-9430-be59206409eb,,0,44,44,45,45,32,32,34,34,40,40,44,44,122,122,967,967,1118,1118,1048,1048,1018,1018,940,940,881,881,886,886,916,916,935,935,947,947,1007,1007,945,945,387,387,243,243,159,159,116,116,62,62,,,,,,,,,,,,,,,,,,,,,,,,,,,,,,,,,,,,,,,,,,,,,,,,
tran_eb40ce1b-de92-464a-b1e2-cd8c9900d22b,3850,tran_cddf8e89-d33b-41fc-8168-0278baa0cb16,tran_a18513fb-cefc-4d68-a4af-bcc947ccf402,,0,44,44,45,45,32,32,34,34,40,40,44,44,122,122,967,967,1118,1118,1048,1048,1018,1018,940,940,881,881,886,886,916,916,935,935,947,947,1007,1007,945,945,387,387,243,243,159,159,116,116,62,62,,,,,,,,,,,,,,,,,,,,,,,,,,,,,,,,,,,,,,,,,,,,,,,,
tran_eb549f35-eb3c-45b0-a691-b2a3bee77935,4400,tran_101383a6-9873-4418-98d7-54c013155fd6,tran_4e2eafe4-3114-42fc-afc8-e47be7990a4b,,0,44,44,45,45,32,32,34,34,40,40,44,44,122,122,967,967,1118,1118,1048,1048,1018,1018,940,940,881,881,886,886,916,916,935,935,947,947,1007,1007,945,945,387,387,243,243,159,159,116,116,62,62,,,,,,,,,,,,,,,,,,,,,,,,,,,,,,,,,,,,,,,,,,,,,,,,
tran_eb616753-394a-45c8-b5d7-7f3892d54205,2000,tran_c496a086-19c0-43f1-b3fc-28ead41a350d,tran_2e04f4c8-b497-4608-b48e-4a5ce4bb264f,,0,44,44,45,45,32,32,34,34,40,40,44,44,122,122,967,967,1118,1118,1048,1048,1018,1018,940,940,881,881,886,886,916,916,935,935,947,947,1007,1007,945,945,387,387,243,243,159,159,116,116,62,62,,,,,,,,,,,,,,,,,,,,,,,,,,,,,,,,,,,,,,,,,,,,,,,,
tran_eb61d2cf-ff67-4333-91f1-f04d79079322,1200,tran_672ddca0-d141-4984-9311-8e1f0988b407,tran_f3f5cdf6-aeba-4eed-a2e0-daf34b22031f,tran_d0bf5dc0-5ffd-4768-9896-941e7a065340;tran_65d3db63-fe2a-4046-9e2d-b8e53ed5f62a,2,44,44,45,45,32,32,34,34,40,40,44,44,122,122,967,967,1118,1118,1048,1048,1018,1018,940,940,881,881,886,886,916,916,935,935,947,947,1007,1007,945,945,387,387,243,243,159,159,116,116,62,62,,,,,,,,,,,,,,,,,,,,,,,,,,,,,,,,,,,,,,,,,,,,,,,,
tran_ec2084d6-89b0-4729-a033-63210f023ac2,4400,tran_4b514e65-912e-4de5-9bd9-1be3e4dd5ab6,tran_7e8d9483-d117-4a79-8585-ee0cf469ddae,,0,44,44,45,45,32,32,34,34,40,40,44,44,122,122,967,967,1118,1118,1048,1048,1018,1018,940,940,881,881,886,886,916,916,935,935,947,947,1007,1007,945,945,387,387,243,243,159,159,116,116,62,62,,,,,,,,,,,,,,,,,,,,,,,,,,,,,,,,,,,,,,,,,,,,,,,,
tran_ec5d4aeb-72b9-457b-be1d-e406a885bebe,4400,tran_32dfe6ff-a6cb-492e-b511-691d455ee756,tran_f09596de-4a36-4d07-bee9-3eae399d739e,,0,44,44,45,45,32,32,34,34,40,40,44,44,122,122,967,967,1118,1118,1048,1048,1018,1018,940,940,881,881,886,886,916,916,935,935,947,947,1007,1007,945,945,387,387,243,243,159,159,116,116,62,62,,,,,,,,,,,,,,,,,,,,,,,,,,,,,,,,,,,,,,,,,,,,,,,,
tran_ec9b3355-8be4-4852-8f0c-b685437884dc,300,tran_f294069f-f072-4048-9a1c-54b1eb2ecdbf,tran_9122fc1e-cb14-41f3-8af9-01bbf0a993a3,,0,44,44,45,45,32,32,34,34,40,40,44,44,122,122,967,967,1118,1118,1048,1048,1018,1018,940,940,881,881,886,886,916,916,935,935,947,947,1007,1007,945,945,387,387,243,243,159,159,116,116,62,62,,,,,,,,,,,,,,,,,,,,,,,,,,,,,,,,,,,,,,,,,,,,,,,,
tran_ecaa3fe6-a880-49b6-b610-2d76751639b8,1600,tran_846223c1-65dc-4b7d-882a-be1418d1ab3d,tran_9b7384b3-0d05-4909-a9a4-94dd02534a59,tran_37ce5314-f30f-40f8-bd3d-3b5b4c80771e,1,44,44,45,45,32,32,34,34,40,40,44,44,122,122,967,967,1118,1118,1048,1048,1018,1018,940,940,881,881,886,886,916,916,935,935,947,947,1007,1007,945,945,387,387,243,243,159,159,116,116,62,62,,,,,,,,,,,,,,,,,,,,,,,,,,,,,,,,,,,,,,,,,,,,,,,,
tran_eccb6b31-2842-4ba7-8385-13991ba98623,2000,tran_896d85b7-8bff-43d4-a3b1-22e91a2276fe,tran_c4fe93a1-4fb9-41b0-bb05-faf58fef484c,tran_de09e88f-9149-486d-b21f-c955c8cb3318;tran_410fcf85-04a2-4355-82fa-cb62deb6f8ef,2,44,44,45,45,32,32,34,34,40,40,44,44,122,122,967,967,1118,1118,1048,1048,1018,1018,940,940,881,881,886,886,916,916,935,935,947,947,1007,1007,945,945,387,387,243,243,159,159,116,116,62,62,,,,,,,,,,,,,,,,,,,,,,,,,,,,,,,,,,,,,,,,,,,,,,,,
tran_ecd3d373-94f2-41d5-96cc-4b8c997bdb7a,550,tran_c8530aba-3327-401f-9157-82d9f87e5f0d,tran_11af191a-0df4-4687-a574-152634d169ac,tran_f16f892a-3ec2-41c3-a990-8dedf0cf939d,1,44,44,45,45,32,32,34,34,40,40,44,44,122,122,967,967,1118,1118,1048,1048,1018,1018,940,940,881,881,886,886,916,916,935,935,947,947,1007,1007,945,945,387,387,243,243,159,159,116,116,62,62,,,,,,,,,,,,,,,,,,,,,,,,,,,,,,,,,,,,,,,,,,,,,,,,
tran_ecf8c8b1-ac6b-4ed0-b282-dc442988b04e,800,tran_3e377bda-21ca-4bb6-8d4e-f97a212e643c,tran_8c076948-7efe-4fbd-9252-e45308ed3259,,0,44,44,45,45,32,32,34,34,40,40,44,44,122,122,967,967,1118,1118,1048,1048,1018,1018,940,940,881,881,886,886,916,916,935,935,947,947,1007,1007,945,945,387,387,243,243,159,159,116,116,62,62,,,,,,,,,,,,,,,,,,,,,,,,,,,,,,,,,,,,,,,,,,,,,,,,
tran_ed8347db-c578-415c-bf17-d389aa96517c,2000,11652,tran_21d57d3a-eeb8-40af-8e80-56f55705adab,,0,44,44,45,45,32,32,34,34,40,40,44,44,122,122,967,967,1118,1118,1048,1048,1018,1018,940,940,881,881,886,886,916,916,935,935,947,947,1007,1007,945,945,387,387,243,243,159,159,116,116,62,62,,,,,,,,,,,,,,,,,,,,,,,,,,,,,,,,,,,,,,,,,,,,,,,,
tran_ee4df6ec-28c6-4a39-802e-2605b057db75,4400,tran_d5d39e19-17bd-4678-a7f9-738d0803ae22,tran_e84a88b2-b3b2-497c-a886-452efbdac89f,,0,44,44,45,45,32,32,34,34,40,40,44,44,122,122,967,967,1118,1118,1048,1048,1018,1018,940,940,881,881,886,886,916,916,935,935,947,947,1007,1007,945,945,387,387,243,243,159,159,116,116,62,62,,,,,,,,,,,,,,,,,,,,,,,,,,,,,,,,,,,,,,,,,,,,,,,,
tran_ee4fd511-5b78-49e7-b7fd-8b7a0cf1717a,2000,tran_575f458d-7afc-43c9-859a-759fac98bf1e,tran_561f3e5f-d779-484a-b772-ba9f22cc9693,,0,44,44,45,45,32,32,34,34,40,40,44,44,122,122,967,967,1118,1118,1048,1048,1018,1018,940,940,881,881,886,886,916,916,935,935,947,947,1007,1007,945,945,387,387,243,243,159,159,116,116,62,62,,,,,,,,,,,,,,,,,,,,,,,,,,,,,,,,,,,,,,,,,,,,,,,,
tran_ee52f69b-585f-4b7e-b867-b14d90f472f3,2000,tran_40095b5b-7977-4c0e-9668-8830639bc4f6,tran_d3646cb4-7ac9-4aaa-be5c-1176b615a2f1,tran_d2629884-88bc-45d1-9041-26929ec4d65c,1,44,44,45,45,32,32,34,34,40,40,44,44,122,122,967,967,1118,1118,1048,1048,1018,1018,940,940,881,881,886,886,916,916,935,935,947,947,1007,1007,945,945,387,387,243,243,159,159,116,116,62,62,,,,,,,,,,,,,,,,,,,,,,,,,,,,,,,,,,,,,,,,,,,,,,,,
tran_ee5fcbc0-2340-44b8-9f89-3fb44f498c2e,2500,tran_cd7ee853-49aa-4d81-9025-b3370af04cfc,tran_41dbe7f2-d5f5-4116-9905-b2985961a68b,,0,44,44,45,45,32,32,34,34,40,40,44,44,122,122,967,967,1118,1118,1048,1048,1018,1018,940,940,881,881,886,886,916,916,935,935,947,947,1007,1007,945,945,387,387,243,243,159,159,116,116,62,62,,,,,,,,,,,,,,,,,,,,,,,,,,,,,,,,,,,,,,,,,,,,,,,,
tran_ee9a53d5-5fe8-4358-b758-7b5c70d59549,4400,tran_c496a086-19c0-43f1-b3fc-28ead41a350d,tran_9dd8a932-b5ef-44c7-af52-8899c508ad54,,0,44,44,45,45,32,32,34,34,40,40,44,44,122,122,967,967,1118,1118,1048,1048,1018,1018,940,940,881,881,886,886,916,916,935,935,947,947,1007,1007,945,945,387,387,243,243,159,159,116,116,62,62,,,,,,,,,,,,,,,,,,,,,,,,,,,,,,,,,,,,,,,,,,,,,,,,
tran_eea80eb8-6a3f-460c-a510-eec0ac2a04d7,4400,tran_727710b8-80e0-4524-ba1b-beed37f12d24,tran_62ba248b-eec5-4f72-a256-cd1fe1f78f0d,,0,44,44,45,45,32,32,34,34,40,40,44,44,122,122,967,967,1118,1118,1048,1048,1018,1018,940,940,881,881,886,886,916,916,935,935,947,947,1007,1007,945,945,387,387,243,243,159,159,116,116,62,62,,,,,,,,,,,,,,,,,,,,,,,,,,,,,,,,,,,,,,,,,,,,,,,,
tran_eeb7330c-6e60-4a2e-9d3b-1759f492eb38,1600,tran_360601a3-c61b-486a-b81d-5b8c87a2e542,tran_dad10b1d-2c57-4ead-9434-b6a14ead8926,tran_20265efa-7e8b-48e4-9e76-fa02e121e62d;tran_4cb82a53-c6f3-4396-bf4d-f88b87c89f77,2,44,44,45,45,32,32,34,34,40,40,44,44,122,122,967,967,1118,1118,1048,1048,1018,1018,940,940,881,881,886,886,916,916,935,935,947,947,1007,1007,945,945,387,387,243,243,159,159,116,116,62,62,,,,,,,,,,,,,,,,,,,,,,,,,,,,,,,,,,,,,,,,,,,,,,,,
tran_eef4dfe9-91e4-4318-b859-a8496d869bef,400,tran_472542e6-9323-4fd3-b41b-f50eb02c2b60,tran_6ce0285b-daa2-4f7d-9f65-e627cc1a6585,tran_a602b3f0-a1f8-4362-a18c-fd8e878c7583,1,44,44,45,45,32,32,34,34,40,40,44,44,122,122,967,967,1118,1118,1048,1048,1018,1018,940,940,881,881,886,886,916,916,935,935,947,947,1007,1007,945,945,387,387,243,243,159,159,116,116,62,62,,,,,,,,,,,,,,,,,,,,,,,,,,,,,,,,,,,,,,,,,,,,,,,,
tran_eeff9ed1-0c50-48b2-b1cb-41d01e5ec008,3500,tran_18f7c63b-4fef-44d3-a7ca-b458f592edaa,tran_4d260f4c-5df5-4ce9-b296-e96bd7cc4b03,,0,44,44,45,45,32,32,34,34,40,40,44,44,122,122,967,967,1118,1118,1048,1048,1018,1018,940,940,881,881,886,886,916,916,935,935,947,947,1007,1007,945,945,387,387,243,243,159,159,116,116,62,62,,,,,,,,,,,,,,,,,,,,,,,,,,,,,,,,,,,,,,,,,,,,,,,,
tran_ef1b39a3-5a65-4418-9af2-f44b89399cc9,4400,tran_7dce03f3-e5de-487c-a9ee-ef9d6f3f4912,tran_0e5eab55-eec0-4395-a256-28c475b127c9,,0,0,0,0,0,0,0,0,0,0,0,0,0,0,0,1138,1138,1201,1201,1284,1284,1257,1257,1168,1168,1084,1084,1145,1145,1051,1051,1179,1179,1173,1173,1211,1211,1091,1091,0,0,0,0,0,0,0,0,0,0,,,,,,,,,,,,,,,,,,,,,,,,,,,,,,,,,,,,,,,,,,,,,,,,
tran_ef4b13a6-0e73-4553-b521-cd569b0b62fb,4400,tran_7e715638-44dd-4ace-8335-6eb1e9730180,tran_1a28768b-c9d5-4887-9a1a-3578be333f1b,,0,44,44,45,45,32,32,34,34,40,40,44,44,122,122,967,967,1118,1118,1048,1048,1018,1018,940,940,881,881,886,886,916,916,935,935,947,947,1007,1007,945,945,387,387,243,243,159,159,116,116,62,62,,,,,,,,,,,,,,,,,,,,,,,,,,,,,,,,,,,,,,,,,,,,,,,,
tran_ef85fd36-46b2-431a-a262-eb84e49e3585,2000,,tran_3057ba66-3781-483e-ab86-846893e11339,,0,44,44,45,45,32,32,34,34,40,40,44,44,122,122,967,967,1118,1118,1048,1048,1018,1018,940,940,881,881,886,886,916,916,935,935,947,947,1007,1007,945,945,387,387,243,243,159,159,116,116,62,62,,,,,,,,,,,,,,,,,,,,,,,,,,,,,,,,,,,,,,,,,,,,,,,,
tran_efbbabff-8983-4355-8306-a79d7272159b,4400,tran_7bd15b1e-df23-44f0-9354-fd78a6305fa9,tran_333bb82c-8aed-4f6b-851d-df14c72855bc,,0,44,44,45,45,32,32,34,34,40,40,44,44,122,122,967,967,1118,1118,1048,1048,1018,1018,940,940,881,881,886,886,916,916,935,935,947,947,1007,1007,945,945,387,387,243,243,159,159,116,116,62,62,,,,,,,,,,,,,,,,,,,,,,,,,,,,,,,,,,,,,,,,,,,,,,,,
tran_efe641f3-0759-410b-b4d6-e1806062d48b,4400,tran_fc04f943-e292-47a2-ac55-bbf6459f3d09,tran_3be88f95-255d-4ac5-acb0-925a572278ee,,0,44,44,45,45,32,32,34,34,40,40,44,44,122,122,967,967,1118,1118,1048,1048,1018,1018,940,940,881,881,886,886,916,916,935,935,947,947,1007,1007,945,945,387,387,243,243,159,159,116,116,62,62,,,,,,,,,,,,,,,,,,,,,,,,,,,,,,,,,,,,,,,,,,,,,,,,
tran_f008d591-c222-4c96-beae-954f27088155,4400,,tran_29c58649-cea1-42ed-b067-e90bcad1cfe6,,0,44,44,45,45,32,32,34,34,40,40,44,44,122,122,967,967,1118,1118,1048,1048,1018,1018,940,940,881,881,886,886,916,916,935,935,947,947,1007,1007,945,945,387,387,243,243,159,159,116,116,62,62,,,,,,,,,,,,,,,,,,,,,,,,,,,,,,,,,,,,,,,,,,,,,,,,
tran_f01039ec-05ca-49e9-8c30-de4fa87d9827,800,tran_462f7afc-e344-4c8a-9414-1d7f0c7cf758,tran_a980e123-9784-4b0a-95a5-d8456332d4b7,tran_b1b3732c-e07e-4825-bd8c-c1da74621be5,1,44,44,45,45,32,32,34,34,40,40,44,44,122,122,967,967,1118,1118,1048,1048,1018,1018,940,940,881,881,886,886,916,916,935,935,947,947,1007,1007,945,945,387,387,243,243,159,159,116,116,62,62,,,,,,,,,,,,,,,,,,,,,,,,,,,,,,,,,,,,,,,,,,,,,,,,
tran_f0155472-0dd9-416b-9680-40a78d9db45d,3500,tran_7f6d8e15-8497-48f1-8df2-711b54fe0bbf,tran_f3960677-482f-4d66-a1ff-748d31f8016c,,0,44,44,45,45,32,32,34,34,40,40,44,44,122,122,967,967,1118,1118,1048,1048,1018,1018,940,940,881,881,886,886,916,916,935,935,947,947,1007,1007,945,945,387,387,243,243,159,159,116,116,62,62,,,,,,,,,,,,,,,,,,,,,,,,,,,,,,,,,,,,,,,,,,,,,,,,
tran_f0239265-1979-4236-ae89-273ed82e07e7,4400,tran_74775fb5-2bf7-4179-9a87-2368c0a397c8,16262,,0,67,67,70,70,49,49,53,53,62,62,67,67,186,186,910,910,1134,1134,1023,1023,977,977,900,900,812,812,861,861,864,864,851,851,886,886,939,939,854,854,524,524,336,336,227,227,165,165,84,84,,,,,,,,,,,,,,,,,,,,,,,,,,,,,,,,,,,,,,,,,,,,,,,,
tran_f06b5f5a-aa2c-4b9e-bae5-a4a26d8481c9,4400,tran_271f37e1-d917-4fb0-89ad-4bfd2754f892,tran_4f10cc1e-b20b-45d6-be90-1f23432adb06,,0,67,67,70,70,49,49,53,53,62,62,67,67,186,186,910,910,1134,1134,1023,1023,977,977,900,900,812,812,861,861,864,864,851,851,886,886,939,939,854,854,524,524,336,336,227,227,165,165,84,84,,,,,,,,,,,,,,,,,,,,,,,,,,,,,,,,,,,,,,,,,,,,,,,,
tran_f06d9c17-0043-471e-8ae8-564c3da4cc79,4400,tran_cab240bc-2423-4404-8938-6f0aaba988b1,tran_b466cda7-0417-4df9-96eb-1241860ff02b,,0,44,44,45,45,32,32,34,34,40,40,44,44,122,122,967,967,1118,1118,1048,1048,1018,1018,940,940,881,881,886,886,916,916,935,935,947,947,1007,1007,945,945,387,387,243,243,159,159,116,116,62,62,,,,,,,,,,,,,,,,,,,,,,,,,,,,,,,,,,,,,,,,,,,,,,,,
tran_f084a2e3-60c3-4930-b883-d0bfac415aaa,4400,tran_db30b2b0-3422-45fd-a5c6-1d9f010e3c9f,tran_d629bb9b-953e-4079-ae6d-f7aba99808c8,,0,44,44,45,45,32,32,34,34,40,40,44,44,122,122,967,967,1118,1118,1048,1048,1018,1018,940,940,881,881,886,886,916,916,935,935,947,947,1007,1007,945,945,387,387,243,243,159,159,116,116,62,62,,,,,,,,,,,,,,,,,,,,,,,,,,,,,,,,,,,,,,,,,,,,,,,,
tran_f09596de-4a36-4d07-bee9-3eae399d739e,2200,tran_ec5d4aeb-72b9-457b-be1d-e406a885bebe,tran_d4dbd6f9-c129-4845-b0d7-7ecae706e2a4,tran_8c2c4666-e66b-430d-8f5e-2ce55cf5303a,1,44,44,45,45,32,32,34,34,40,40,44,44,122,122,967,967,1118,1118,1048,1048,1018,1018,940,940,881,881,886,886,916,916,935,935,947,947,1007,1007,945,945,387,387,243,243,159,159,116,116,62,62,,,,,,,,,,,,,,,,,,,,,,,,,,,,,,,,,,,,,,,,,,,,,,,,
tran_f0e92d8a-62ec-4819-bf12-cbca1c89a015,3500,tran_e5941559-8a01-43ad-ba01-af5905d4e6fa,,,0,44,44,45,45,32,32,34,34,40,40,44,44,122,122,967,967,1118,1118,1048,1048,1018,1018,940,940,881,881,886,886,916,916,935,935,947,947,1007,1007,945,945,387,387,243,243,159,159,116,116,62,62,,,,,,,,,,,,,,,,,,,,,,,,,,,,,,,,,,,,,,,,,,,,,,,,
tran_f148a116-ab16-45b0-b3ac-ed86e6a8dbb3,4400,tran_1737664c-636d-4b4e-bdb1-edca9ed935b2,tran_bcf0d06c-09a8-4abb-a1f4-067e7ee065aa,,0,44,44,45,45,32,32,34,34,40,40,44,44,122,122,967,967,1118,1118,1048,1048,1018,1018,940,940,881,881,886,886,916,916,935,935,947,947,1007,1007,945,945,387,387,243,243,159,159,116,116,62,62,,,,,,,,,,,,,,,,,,,,,,,,,,,,,,,,,,,,,,,,,,,,,,,,
tran_f14bd693-f5c3-4314-b3a3-6e37a326d80b,4400,tran_9712d08c-e623-4418-8188-5da4aa388389,tran_5a6015e3-a78f-4956-93b4-34cea23419eb,,0,0,0,0,0,0,0,0,0,0,0,0,0,0,0,1138,1138,1201,1201,1284,1284,1257,1257,1168,1168,1084,1084,1145,1145,1051,1051,1179,1179,1173,1173,1211,1211,1091,1091,0,0,0,0,0,0,0,0,0,0,,,,,,,,,,,,,,,,,,,,,,,,,,,,,,,,,,,,,,,,,,,,,,,,
tran_f16f892a-3ec2-41c3-a990-8dedf0cf939d,800,tran_de221618-0bea-42af-9ab0-1f8993590fe2,tran_ecd3d373-94f2-41d5-96cc-4b8c997bdb7a,,0,44,44,45,45,32,32,34,34,40,40,44,44,122,122,967,967,1118,1118,1048,1048,1018,1018,940,940,881,881,886,886,916,916,935,935,947,947,1007,1007,945,945,387,387,243,243,159,159,116,116,62,62,,,,,,,,,,,,,,,,,,,,,,,,,,,,,,,,,,,,,,,,,,,,,,,,
tran_f17cc791-0415-4e0e-b438-49a3562c85b6,2000,tran_20df8fac-a4db-45fb-8f33-4fdc6c755f37,tran_bd5a4ae6-b6db-4e1c-8972-5adb63fba49f,,0,44,44,45,45,32,32,34,34,40,40,44,44,122,122,967,967,1118,1118,1048,1048,1018,1018,940,940,881,881,886,886,916,916,935,935,947,947,1007,1007,945,945,387,387,243,243,159,159,116,116,62,62,,,,,,,,,,,,,,,,,,,,,,,,,,,,,,,,,,,,,,,,,,,,,,,,
tran_f18836d2-481d-49f7-9bfd-455d2ae86611,600,tran_d48ae084-3847-4eeb-b4d9-7175d9c18828,tran_d4e9e9ee-5e4c-41aa-892b-ff5251e327e6,tran_2275e01e-70b8-4be3-b569-5a72b65b7766,1,44,44,45,45,32,32,34,34,40,40,44,44,122,122,967,967,1118,1118,1048,1048,1018,1018,940,940,881,881,886,886,916,916,935,935,947,947,1007,1007,945,945,387,387,243,243,159,159,116,116,62,62,,,,,,,,,,,,,,,,,,,,,,,,,,,,,,,,,,,,,,,,,,,,,,,,
tran_f1889257-fb06-49a2-b489-9858233be88f,4400,tran_833a6883-1c6d-49b2-b941-e545bd5bd7f7,tran_c30d994e-9f44-4e6e-accb-92c59ee2a933,,0,44,44,45,45,32,32,34,34,40,40,44,44,122,122,967,967,1118,1118,1048,1048,1018,1018,940,940,881,881,886,886,916,916,935,935,947,947,1007,1007,945,945,387,387,243,243,159,159,116,116,62,62,,,,,,,,,,,,,,,,,,,,,,,,,,,,,,,,,,,,,,,,,,,,,,,,
tran_f18e94ef-24ec-4405-8636-f3e8f924a512,4400,tran_5b1213a7-b4d2-42a4-9d46-09c5cc51a069,tran_4ab04e6c-5cb0-4466-94cf-f34934341190,,0,44,44,45,45,32,32,34,34,40,40,44,44,122,122,967,967,1118,1118,1048,1048,1018,1018,940,940,881,881,886,886,916,916,935,935,947,947,1007,1007,945,945,387,387,243,243,159,159,116,116,62,62,,,,,,,,,,,,,,,,,,,,,,,,,,,,,,,,,,,,,,,,,,,,,,,,
tran_f1b607c3-0e60-48db-8cd8-9666a57dc888,4000,tran_882f6d22-df31-436e-ad04-dfa5ad37940e,tran_6d8c0166-5a04-4f87-b736-f57dec0e3709,tran_0a690f2a-b86e-4088-a064-2a73ea48cc57,1,44,44,45,45,32,32,34,34,40,40,44,44,122,122,967,967,1118,1118,1048,1048,1018,1018,940,940,881,881,886,886,916,916,935,935,947,947,1007,1007,945,945,387,387,243,243,159,159,116,116,62,62,,,,,,,,,,,,,,,,,,,,,,,,,,,,,,,,,,,,,,,,,,,,,,,,
tran_f217315b-3f88-4c39-a921-52327257df78,600,tran_fc4c5f59-740b-4ee7-b8ae-5e19d316a064,tran_7f122031-5438-468f-87d6-bb84e670257b,tran_e33f10a7-8ba6-478e-a407-35480997e89e,1,33,33,31,31,22,22,23,23,26,26,31,31,88,88,1055,1055,1119,1119,1058,1058,1080,1080,966,966,980,980,861,861,1008,1008,1021,1021,988,988,1080,1080,1096,1096,421,421,249,249,150,150,110,110,68,68,,,,,,,,,,,,,,,,,,,,,,,,,,,,,,,,,,,,,,,,,,,,,,,,
tran_f28c2e22-8d26-4ea5-b050-0fdfd7eb1881,3500,tran_ce266dba-9f98-47ed-9bad-5f13a3c9c745,tran_7f6d8e15-8497-48f1-8df2-711b54fe0bbf,,0,44,44,45,45,32,32,34,34,40,40,44,44,122,122,967,967,1118,1118,1048,1048,1018,1018,940,940,881,881,886,886,916,916,935,935,947,947,1007,1007,945,945,387,387,243,243,159,159,116,116,62,62,,,,,,,,,,,,,,,,,,,,,,,,,,,,,,,,,,,,,,,,,,,,,,,,
tran_f294069f-f072-4048-9a1c-54b1eb2ecdbf,400,tran_ec9b3355-8be4-4852-8f0c-b685437884dc,tran_7f122031-5438-468f-87d6-bb84e670257b,tran_c55a00f7-ec5d-4383-8538-4fb501c930ea,1,44,44,45,45,32,32,34,34,40,40,44,44,122,122,967,967,1118,1118,1048,1048,1018,1018,940,940,881,881,886,886,916,916,935,935,947,947,1007,1007,945,945,387,387,243,243,159,159,116,116,62,62,,,,,,,,,,,,,,,,,,,,,,,,,,,,,,,,,,,,,,,,,,,,,,,,
tran_f2b50e7d-e58b-4397-b30d-98815f55b7d2,4400,tran_d7799c7f-e808-4394-9e64-34cfa61cf6ea,tran_081eadba-9ae1-4e9b-ac5c-8ab91050de84,,0,44,44,45,45,32,32,34,34,40,40,44,44,122,122,967,967,1118,1118,1048,1048,1018,1018,940,940,881,881,886,886,916,916,935,935,947,947,1007,1007,945,945,387,387,243,243,159,159,116,116,62,62,,,,,,,,,,,,,,,,,,,,,,,,,,,,,,,,,,,,,,,,,,,,,,,,
tran_f2b6e9cc-94d8-45ca-82bc-8b838db6a6d8,4400,tran_52ba5c9e-ee6f-4bea-9f97-e2eb27482275,tran_236444a7-020a-4abc-a9ef-4a539a13d3e7,,0,44,44,45,45,32,32,34,34,40,40,44,44,122,122,967,967,1118,1118,1048,1048,1018,1018,940,940,881,881,886,886,916,916,935,935,947,947,1007,1007,945,945,387,387,243,243,159,159,116,116,62,62,,,,,,,,,,,,,,,,,,,,,,,,,,,,,,,,,,,,,,,,,,,,,,,,
tran_f2bb0df2-afb1-4bde-8295-990732658506,3000,tran_1f3f099e-67e9-4e99-91e0-09655ef650e6,tran_2abbc7cc-1f0d-4392-a518-3f9a0d313f73,tran_5831b082-d80e-4cdd-aa4b-ae4bb1673991,1,44,44,45,45,32,32,34,34,40,40,44,44,122,122,967,967,1118,1118,1048,1048,1018,1018,940,940,881,881,886,886,916,916,935,935,947,947,1007,1007,945,945,387,387,243,243,159,159,116,116,62,62,,,,,,,,,,,,,,,,,,,,,,,,,,,,,,,,,,,,,,,,,,,,,,,,
tran_f2bca131-2c05-4c28-90c7-335100301eeb,3500,tran_03e2e639-d5e7-4ea3-8410-30e8c5c241d1,tran_ce266dba-9f98-47ed-9bad-5f13a3c9c745,,0,44,44,45,45,32,32,34,34,40,40,44,44,122,122,967,967,1118,1118,1048,1048,1018,1018,940,940,881,881,886,886,916,916,935,935,947,947,1007,1007,945,945,387,387,243,243,159,159,116,116,62,62,,,,,,,,,,,,,,,,,,,,,,,,,,,,,,,,,,,,,,,,,,,,,,,,
tran_f2c09950-6952-4708-bf54-b8629b233d7a,3300,tran_4119915c-3822-4c20-9769-717625bb3fd0,tran_1b94fff3-06d1-465f-a3e8-695aa44c9b19,tran_558f35a2-b00f-430f-93fe-13ac0cb64072,1,44,44,45,45,32,32,34,34,40,40,44,44,122,122,967,967,1118,1118,1048,1048,1018,1018,940,940,881,881,886,886,916,916,935,935,947,947,1007,1007,945,945,387,387,243,243,159,159,116,116,62,62,,,,,,,,,,,,,,,,,,,,,,,,,,,,,,,,,,,,,,,,,,,,,,,,
tran_f2c4d508-42b8-433a-b33e-82e1bc2bb0da,4400,tran_43395528-dc9b-4a54-9c40-cbf1c2d045a6,tran_3be8f32d-26d9-4c1e-bc2c-5ebe6ea15c08,tran_fc4c5f59-740b-4ee7-b8ae-5e19d316a064,1,44,44,45,45,32,32,34,34,40,40,44,44,122,122,967,967,1118,1118,1048,1048,1018,1018,940,940,881,881,886,886,916,916,935,935,947,947,1007,1007,945,945,387,387,243,243,159,159,116,116,62,62,,,,,,,,,,,,,,,,,,,,,,,,,,,,,,,,,,,,,,,,,,,,,,,,
tran_f339f354-863a-45b5-aa8a-cafb4c0ccfef,2500,tran_c2de5f4e-d5fc-41a5-b484-47501ec14185,tran_8e72968a-7cd0-4f78-be50-088a0687f6fd,,0,44,44,45,45,32,32,34,34,40,40,44,44,122,122,967,967,1118,1118,1048,1048,1018,1018,940,940,881,881,886,886,916,916,935,935,947,947,1007,1007,945,945,387,387,243,243,159,159,116,116,62,62,,,,,,,,,,,,,,,,,,,,,,,,,,,,,,,,,,,,,,,,,,,,,,,,
tran_f3960677-482f-4d66-a1ff-748d31f8016c,2500,tran_f5ac3eb3-78cd-460b-a0c4-890629e6fa22,tran_315f849c-e755-4d05-8d1b-402be96158a4,tran_f0155472-0dd9-416b-9680-40a78d9db45d,1,44,44,45,45,32,32,34,34,40,40,44,44,122,122,967,967,1118,1118,1048,1048,1018,1018,940,940,881,881,886,886,916,916,935,935,947,947,1007,1007,945,945,387,387,243,243,159,159,116,116,62,62,,,,,,,,,,,,,,,,,,,,,,,,,,,,,,,,,,,,,,,,,,,,,,,,
tran_f39a3a8f-4cf0-4b94-82b2-175d3ff8a4ee,1200,tran_1737664c-636d-4b4e-bdb1-edca9ed935b2,tran_e5941559-8a01-43ad-ba01-af5905d4e6fa,,0,44,44,45,45,32,32,34,34,40,40,44,44,122,122,967,967,1118,1118,1048,1048,1018,1018,940,940,881,881,886,886,916,916,935,935,947,947,1007,1007,945,945,387,387,243,243,159,159,116,116,62,62,,,,,,,,,,,,,,,,,,,,,,,,,,,,,,,,,,,,,,,,,,,,,,,,
tran_f3babcf8-795f-4d0c-a020-1ba146401289,4400,tran_84ca2e19-87f3-4698-b0ed-f06b0ce30622,tran_554b0305-068b-4f15-a069-8b504732b9b9,,0,44,44,45,45,32,32,34,34,40,40,44,44,122,122,967,967,1118,1118,1048,1048,1018,1018,940,940,881,881,886,886,916,916,935,935,947,947,1007,1007,945,945,387,387,243,243,159,159,116,116,62,62,,,,,,,,,,,,,,,,,,,,,,,,,,,,,,,,,,,,,,,,,,,,,,,,
tran_f3f5cdf6-aeba-4eed-a2e0-daf34b22031f,1200,tran_854ed414-806a-4914-b03f-b2dc8ab07f89,tran_eb61d2cf-ff67-4333-91f1-f04d79079322,,0,44,44,45,45,32,32,34,34,40,40,44,44,122,122,967,967,1118,1118,1048,1048,1018,1018,940,940,881,881,886,886,916,916,935,935,947,947,1007,1007,945,945,387,387,243,243,159,159,116,116,62,62,,,,,,,,,,,,,,,,,,,,,,,,,,,,,,,,,,,,,,,,,,,,,,,,
tran_f4a22809-791b-4a94-9b8a-1c46d140374a,300,tran_009ede1e-45d6-434b-84f1-d8942f10aabe,tran_174bcdd3-29e3-4820-a93d-80badf70d36e,tran_387b3254-0a42-4e3d-a443-64fc050897a7,1,44,44,45,45,32,32,34,34,40,40,44,44,122,122,967,967,1118,1118,1048,1048,1018,1018,940,940,881,881,886,886,916,916,935,935,947,947,1007,1007,945,945,387,387,243,243,159,159,116,116,62,62,,,,,,,,,,,,,,,,,,,,,,,,,,,,,,,,,,,,,,,,,,,,,,,,
tran_f4cc7ecd-5e6a-4b20-a4e7-2c6312ed3146,4400,tran_9aa673a4-3da8-4dda-b0b1-144e6c88f18d,tran_1b639d3f-2676-4a50-9cf1-98fde3c4e793,,0,44,44,45,45,32,32,34,34,40,40,44,44,122,122,967,967,1118,1118,1048,1048,1018,1018,940,940,881,881,886,886,916,916,935,935,947,947,1007,1007,945,945,387,387,243,243,159,159,116,116,62,62,,,,,,,,,,,,,,,,,,,,,,,,,,,,,,,,,,,,,,,,,,,,,,,,
tran_f5545923-c4ba-42c1-93fd-d8706b73a9f1,4400,tran_4182d080-5780-4fb4-9c48-ed2ded2ad814,tran_011ca131-1e93-4a71-bf3d-365435c90433,,0,0,0,0,0,0,0,0,0,0,0,0,0,0,0,1138,1138,1201,1201,1284,1284,1257,1257,1168,1168,1084,1084,1145,1145,1051,1051,1179,1179,1173,1173,1211,1211,1091,1091,0,0,0,0,0,0,0,0,0,0,,,,,,,,,,,,,,,,,,,,,,,,,,,,,,,,,,,,,,,,,,,,,,,,
tran_f5779eb4-51c8-4303-8b9c-fd0c1de6e321,4400,tran_57d4275a-b689-4aec-aab1-bbbd8760e67f,tran_d3ec4294-ba4a-4b8d-b8f5-0a8b26b6464a,,0,44,44,45,45,32,32,34,34,40,40,44,44,122,122,967,967,1118,1118,1048,1048,1018,1018,940,940,881,881,886,886,916,916,935,935,947,947,1007,1007,945,945,387,387,243,243,159,159,116,116,62,62,,,,,,,,,,,,,,,,,,,,,,,,,,,,,,,,,,,,,,,,,,,,,,,,
tran_f5855da6-900e-4327-8261-5a60ce50fe4f,3000,tran_fc4c3e37-c4ff-4a17-a8d0-2c132a1a0448,tran_2735bc19-c797-41df-a880-f93c1858ea4d,,0,44,44,45,45,32,32,34,34,40,40,44,44,122,122,967,967,1118,1118,1048,1048,1018,1018,940,940,881,881,886,886,916,916,935,935,947,947,1007,1007,945,945,387,387,243,243,159,159,116,116,62,62,,,,,,,,,,,,,,,,,,,,,,,,,,,,,,,,,,,,,,,,,,,,,,,,
tran_f5930764-782a-4b29-965c-3e74ca85e0ef,4400,tran_8c076948-7efe-4fbd-9252-e45308ed3259,tran_4a668cd3-f0c3-4b11-99db-894a3d938edd,,0,44,44,45,45,32,32,34,34,40,40,44,44,122,122,967,967,1118,1118,1048,1048,1018,1018,940,940,881,881,886,886,916,916,935,935,947,947,1007,1007,945,945,387,387,243,243,159,159,116,116,62,62,,,,,,,,,,,,,,,,,,,,,,,,,,,,,,,,,,,,,,,,,,,,,,,,
tran_f5ac3eb3-78cd-460b-a0c4-890629e6fa22,2500,tran_2530af6d-1d68-4b4a-aab2-606b2f900769,tran_f3960677-482f-4d66-a1ff-748d31f8016c,,0,44,44,45,45,32,32,34,34,40,40,44,44,122,122,967,967,1118,1118,1048,1048,1018,1018,940,940,881,881,886,886,916,916,935,935,947,947,1007,1007,945,945,387,387,243,243,159,159,116,116,62,62,,,,,,,,,,,,,,,,,,,,,,,,,,,,,,,,,,,,,,,,,,,,,,,,
tran_f5d77d9b-a47b-4aca-a641-ad376f8885fa,4400,tran_a1d02fbe-7b34-4986-811a-fed1e8ade600,,,0,44,44,45,45,32,32,34,34,40,40,44,44,122,122,967,967,1118,1118,1048,1048,1018,1018,940,940,881,881,886,886,916,916,935,935,947,947,1007,1007,945,945,387,387,243,243,159,159,116,116,62,62,,,,,,,,,,,,,,,,,,,,,,,,,,,,,,,,,,,,,,,,,,,,,,,,
tran_f694bfd5-294f-4560-b01e-742b10e58c8a,1600,tran_77e9cbfe-25d5-410e-9535-50d91f866bb8,tran_3f2a4d0a-586f-4b9e-9121-b769b4e65703,,0,44,44,45,45,32,32,34,34,40,40,44,44,122,122,967,967,1118,1118,1048,1048,1018,1018,940,940,881,881,886,886,916,916,935,935,947,947,1007,1007,945,945,387,387,243,243,159,159,116,116,62,62,,,,,,,,,,,,,,,,,,,,,,,,,,,,,,,,,,,,,,,,,,,,,,,,
tran_f698afec-73a3-4251-9c6e-41551c6d4284,4000,tran_a947af58-bdb2-47cc-a7b4-02f57ed395b9,tran_a18513fb-cefc-4d68-a4af-bcc947ccf402,,0,44,44,45,45,32,32,34,34,40,40,44,44,122,122,967,967,1118,1118,1048,1048,1018,1018,940,940,881,881,886,886,916,916,935,935,947,947,1007,1007,945,945,387,387,243,243,159,159,116,116,62,62,,,,,,,,,,,,,,,,,,,,,,,,,,,,,,,,,,,,,,,,,,,,,,,,
tran_f69a2ae6-f624-4f36-8469-5116fa9ac891,4400,tran_3ee5c229-2738-46dd-b93d-0799796d78e2,16860,,0,42,42,39,39,28,28,29,29,34,34,39,39,112,112,1343,1343,1424,1424,1347,1347,1375,1375,1229,1229,1247,1247,1096,1096,1282,1282,1299,1299,1257,1257,1375,1375,1394,1394,536,536,316,316,190,190,140,140,87,87,,,,,,,,,,,,,,,,,,,,,,,,,,,,,,,,,,,,,,,,,,,,,,,,
tran_f69ce523-4d9c-48a7-980d-11109f56603e,4400,tran_51842f9d-de87-4091-8155-e9f3f6688c15,17044,,0,67,67,70,70,49,49,53,53,62,62,67,67,186,186,910,910,1134,1134,1023,1023,977,977,900,900,812,812,861,861,864,864,851,851,886,886,939,939,854,854,524,524,336,336,227,227,165,165,84,84,,,,,,,,,,,,,,,,,,,,,,,,,,,,,,,,,,,,,,,,,,,,,,,,
tran_f6b05309-6891-443b-9e53-3c5d2d627ec4,4000,tran_5cf99d11-a04d-4d84-8e98-9577809ded77,tran_7d363725-80d4-47c8-9a34-d13544ba98f8,tran_1b08e13c-1ee4-49a1-a6ae-41710270583e;tran_0f513e0c-7d63-4720-aab4-7c0775ba2497,2,44,44,45,45,32,32,34,34,40,40,44,44,122,122,967,967,1118,1118,1048,1048,1018,1018,940,940,881,881,886,886,916,916,935,935,947,947,1007,1007,945,945,387,387,243,243,159,159,116,116,62,62,,,,,,,,,,,,,,,,,,,,,,,,,,,,,,,,,,,,,,,,,,,,,,,,
tran_f6bb16b0-bac3-45b6-8f7b-b0600ed4a89a,1500,tran_c0680e04-a4aa-4992-bd1b-ee357658ba54,tran_9c0a753a-7cbe-4952-b116-7562757d80ec,tran_882f6d22-df31-436e-ad04-dfa5ad37940e;tran_d54c1c82-6e19-4f09-b45b-622dd568a841,2,44,44,45,45,32,32,34,34,40,40,44,44,122,122,967,967,1118,1118,1048,1048,1018,1018,940,940,881,881,886,886,916,916,935,935,947,947,1007,1007,945,945,387,387,243,243,159,159,116,116,62,62,,,,,,,,,,,,,,,,,,,,,,,,,,,,,,,,,,,,,,,,,,,,,,,,
tran_f6cc99c6-f75b-49a7-8101-4716424bb154,1600,,tran_209a2ac7-69f9-4739-a41b-5d55a9fadfed,tran_c0382363-32a1-49e8-b52e-2d1ae469d14d,1,44,44,45,45,32,32,34,34,40,40,44,44,122,122,967,967,1118,1118,1048,1048,1018,1018,940,940,881,881,886,886,916,916,935,935,947,947,1007,1007,945,945,387,387,243,243,159,159,116,116,62,62,,,,,,,,,,,,,,,,,,,,,,,,,,,,,,,,,,,,,,,,,,,,,,,,
tran_f7921b0f-f9d7-444a-9d0a-a975f4da7beb,1200,tran_31e4a0e2-3c49-4e72-859c-4bf8d1a0def8,tran_3f2a4d0a-586f-4b9e-9121-b769b4e65703,,0,44,44,45,45,32,32,34,34,40,40,44,44,122,122,967,967,1118,1118,1048,1048,1018,1018,940,940,881,881,886,886,916,916,935,935,947,947,1007,1007,945,945,387,387,243,243,159,159,116,116,62,62,,,,,,,,,,,,,,,,,,,,,,,,,,,,,,,,,,,,,,,,,,,,,,,,
tran_f82d660b-3465-4916-82f8-be0ea23a6151,400,tran_f918f702-5ea2-4840-92c0-eb45b4ca495e,11461,tran_c1c02e83-6944-4184-9373-b543ccbabb04,1,44,44,45,45,32,32,34,34,40,40,44,44,122,122,967,967,1118,1118,1048,1048,1018,1018,940,940,881,881,886,886,916,916,935,935,947,947,1007,1007,945,945,387,387,243,243,159,159,116,116,62,62,,,,,,,,,,,,,,,,,,,,,,,,,,,,,,,,,,,,,,,,,,,,,,,,
tran_f84d5326-ba4f-4423-b55d-b1ecebf4c233,4400,tran_c656a443-47cc-4bba-bb5b-967e680e2a83,tran_2455b779-8916-4139-b205-0c839c607966,tran_3f0b68f1-57b1-42a6-8df8-cc24a57fbe9f,1,44,44,45,45,32,32,34,34,40,40,44,44,122,122,967,967,1118,1118,1048,1048,1018,1018,940,940,881,881,886,886,916,916,935,935,947,947,1007,1007,945,945,387,387,243,243,159,159,116,116,62,62,,,,,,,,,,,,,,,,,,,,,,,,,,,,,,,,,,,,,,,,,,,,,,,,
tran_f8799f40-6614-4c14-81ca-d64d4eabdead,2500,tran_a113c20a-4421-4b70-bb10-52603216afcd,tran_868a8a85-5143-48d6-b424-c81c57ccca33,tran_e52e1555-ad1e-48e7-ac33-df0f2012cf95,1,44,44,45,45,32,32,34,34,40,40,44,44,122,122,967,967,1118,1118,1048,1048,1018,1018,940,940,881,881,886,886,916,916,935,935,947,947,1007,1007,945,945,387,387,243,243,159,159,116,116,62,62,,,,,,,,,,,,,,,,,,,,,,,,,,,,,,,,,,,,,,,,,,,,,,,,
tran_f8b54cad-99c9-4a13-b758-920c08c76657,4400,tran_77e9cbfe-25d5-410e-9535-50d91f866bb8,tran_a602b3f0-a1f8-4362-a18c-fd8e878c7583,,0,44,44,45,45,32,32,34,34,40,40,44,44,122,122,967,967,1118,1118,1048,1048,1018,1018,940,940,881,881,886,886,916,916,935,935,947,947,1007,1007,945,945,387,387,243,243,159,159,116,116,62,62,,,,,,,,,,,,,,,,,,,,,,,,,,,,,,,,,,,,,,,,,,,,,,,,
tran_f8c477cc-f998-400b-9d91-fa15af633a97,4400,tran_74775fb5-2bf7-4179-9a87-2368c0a397c8,tran_4bbf7e2d-6130-4103-af38-178dc5050b50,,0,44,44,45,45,32,32,34,34,40,40,44,44,122,122,967,967,1118,1118,1048,1048,1018,1018,940,940,881,881,886,886,916,916,935,935,947,947,1007,1007,945,945,387,387,243,243,159,159,116,116,62,62,,,,,,,,,,,,,,,,,,,,,,,,,,,,,,,,,,,,,,,,,,,,,,,,
tran_f8db697a-30a1-4efa-9776-97be2a244f1d,4400,,tran_4927a14e-0cf6-4c29-83f6-d6b89cfe8d1f,,0,44,44,45,45,32,32,34,34,40,40,44,44,122,122,967,967,1118,1118,1048,1048,1018,1018,940,940,881,881,886,886,916,916,935,935,947,947,1007,1007,945,945,387,387,243,243,159,159,116,116,62,62,,,,,,,,,,,,,,,,,,,,,,,,,,,,,,,,,,,,,,,,,,,,,,,,
tran_f8f3d4c8-7e81-4a64-a15c-78219ba6d009,4400,tran_333bb82c-8aed-4f6b-851d-df14c72855bc,tran_9ef1b566-b2fd-4e5d-9b87-459cfd83e3da,,0,0,0,0,0,0,0,0,0,0,0,0,0,0,0,1156,1156,1275,1275,1184,1184,1063,1063,1121,1121,1033,1033,1056,1056,1105,1105,1218,1218,1250,1250,1308,1308,1226,1226,0,0,0,0,0,0,0,0,0,0,,,,,,,,,,,,,,,,,,,,,,,,,,,,,,,,,,,,,,,,,,,,,,,,
tran_f918f702-5ea2-4840-92c0-eb45b4ca495e,3000,tran_f82d660b-3465-4916-82f8-be0ea23a6151,tran_8fdf63dc-ce11-4a81-8f8b-a2af8cb25e39,,0,44,44,45,45,32,32,34,34,40,40,44,44,122,122,967,967,1118,1118,1048,1048,1018,1018,940,940,881,881,886,886,916,916,935,935,947,947,1007,1007,945,945,387,387,243,243,159,159,116,116,62,62,,,,,,,,,,,,,,,,,,,,,,,,,,,,,,,,,,,,,,,,,,,,,,,,
tran_f937f272-72c8-47de-8e40-b6eba7df327b,3000,tran_d049c3c0-ecab-42c3-80ce-f5db47faf7a3,tran_7b0aa7d9-a7fb-401b-b76c-7d6be2a2520c,,0,44,44,45,45,32,32,34,34,40,40,44,44,122,122,967,967,1118,1118,1048,1048,1018,1018,940,940,881,881,886,886,916,916,935,935,947,947,1007,1007,945,945,387,387,243,243,159,159,116,116,62,62,,,,,,,,,,,,,,,,,,,,,,,,,,,,,,,,,,,,,,,,,,,,,,,,
tran_f9455ffa-5ede-44e3-bec2-ec29c7a83b3f,4000,tran_d5032d0d-e63c-4004-80d8-26d17b47f07e,tran_1d661778-ddbf-417b-b42a-585f5d6920cf,,0,44,44,45,45,32,32,34,34,40,40,44,44,122,122,967,967,1118,1118,1048,1048,1018,1018,940,940,881,881,886,886,916,916,935,935,947,947,1007,1007,945,945,387,387,243,243,159,159,116,116,62,62,,,,,,,,,,,,,,,,,,,,,,,,,,,,,,,,,,,,,,,,,,,,,,,,
tran_f98c3923-7c2c-412b-b809-63fcd2883619,3500,tran_18f7c63b-4fef-44d3-a7ca-b458f592edaa,tran_4d260f4c-5df5-4ce9-b296-e96bd7cc4b03,,0,44,44,45,45,32,32,34,34,40,40,44,44,122,122,967,967,1118,1118,1048,1048,1018,1018,940,940,881,881,886,886,916,916,935,935,947,947,1007,1007,945,945,387,387,243,243,159,159,116,116,62,62,,,,,,,,,,,,,,,,,,,,,,,,,,,,,,,,,,,,,,,,,,,,,,,,
tran_f9c32b11-76d9-4084-be3a-4eaf387bdcf6,1600,tran_4d95f915-0bbb-46e8-88f2-d00ed3eea0d5,tran_74db64dd-b794-4b6b-bbe0-3496e4fc0e48,tran_4bdf1b4d-be37-433a-830a-d8d95e7c51e2,1,44,44,45,45,32,32,34,34,40,40,44,44,122,122,967,967,1118,1118,1048,1048,1018,1018,940,940,881,881,886,886,916,916,935,935,947,947,1007,1007,945,945,387,387,243,243,159,159,116,116,62,62,,,,,,,,,,,,,,,,,,,,,,,,,,,,,,,,,,,,,,,,,,,,,,,,
tran_f9ce7078-b305-481d-b9f1-42e2cb4dde10,4400,tran_9b190af6-f4ba-4e88-8711-acb5264e84f8,tran_e03ae19b-dd88-4347-acc2-d02e841ca6f1,,0,44,44,45,45,32,32,34,34,40,40,44,44,122,122,967,967,1118,1118,1048,1048,1018,1018,940,940,881,881,886,886,916,916,935,935,947,947,1007,1007,945,945,387,387,243,243,159,159,116,116,62,62,,,,,,,,,,,,,,,,,,,,,,,,,,,,,,,,,,,,,,,,,,,,,,,,
tran_f9d51d23-8c93-4c4f-b366-90e8fa57c351,1600,tran_b0644f7a-d619-47fa-88de-a57156162dc3,tran_ffe45441-674e-4032-9b25-312a8446f51b,tran_945756c0-538c-442b-9d2d-a58ef2b22a59,1,44,44,45,45,32,32,34,34,40,40,44,44,122,122,967,967,1118,1118,1048,1048,1018,1018,940,940,881,881,886,886,916,916,935,935,947,947,1007,1007,945,945,387,387,243,243,159,159,116,116,62,62,,,,,,,,,,,,,,,,,,,,,,,,,,,,,,,,,,,,,,,,,,,,,,,,
tran_fa1dc73a-eb44-4279-89be-5e5bb853b929,4400,tran_af7689df-c9ad-4b14-ba42-253a574018d6,tran_546699b5-4c79-4ed9-9700-bc90a66668eb,,0,44,44,45,45,32,32,34,34,40,40,44,44,122,122,967,967,1118,1118,1048,1048,1018,1018,940,940,881,881,886,886,916,916,935,935,947,947,1007,1007,945,945,387,387,243,243,159,159,116,116,62,62,,,,,,,,,,,,,,,,,,,,,,,,,,,,,,,,,,,,,,,,,,,,,,,,
tran_faa520a5-5678-4dae-87fe-1dbdfb85e1df,1600,tran_02258733-6ad7-4b6b-a135-0e0e4abdec19,tran_755aa98e-fd9e-4e32-b893-2b2d68e6a1d8,,0,44,44,45,45,32,32,34,34,40,40,44,44,122,122,967,967,1118,1118,1048,1048,1018,1018,940,940,881,881,886,886,916,916,935,935,947,947,1007,1007,945,945,387,387,243,243,159,159,116,116,62,62,,,,,,,,,,,,,,,,,,,,,,,,,,,,,,,,,,,,,,,,,,,,,,,,
tran_fab7777f-2a15-4225-bf0f-e280b2a05984,4000,16379,tran_71c78274-bbdf-42b8-ac41-7b595dfe9be4,tran_8de7cc96-f50f-462a-bf17-1e4f7bb06c59;tran_a4e44e4c-a451-42d5-97f7-10bbd7a2cbd5,2,44,44,45,45,32,32,34,34,40,40,44,44,122,122,967,967,1118,1118,1048,1048,1018,1018,940,940,881,881,886,886,916,916,935,935,947,947,1007,1007,945,945,387,387,243,243,159,159,116,116,62,62,,,,,,,,,,,,,,,,,,,,,,,,,,,,,,,,,,,,,,,,,,,,,,,,
tran_fafaa4b3-042c-4726-a5cb-6566324e0180,4400,tran_85371ee6-1de4-4fd1-9742-22d2b9ea11ed,tran_93a64a34-b1d5-4095-b39b-bf978ae05b99,tran_e03b4a55-1911-465f-8cc7-ce832373fc11,1,44,44,45,45,32,32,34,34,40,40,44,44,122,122,967,967,1118,1118,1048,1048,1018,1018,940,940,881,881,886,886,916,916,935,935,947,947,1007,1007,945,945,387,387,243,243,159,159,116,116,62,62,,,,,,,,,,,,,,,,,,,,,,,,,,,,,,,,,,,,,,,,,,,,,,,,
tran_fb885c7e-4a30-4535-b72c-8526d953e2cd,1100,tran_319ca519-78a3-455c-8086-04da6e375a5f,tran_0fc5cc2d-ca7f-49d5-a121-e84401448785,tran_bc5ced8e-22d1-42fd-a7e6-31c451a57dd5,1,44,44,45,45,32,32,34,34,40,40,44,44,122,122,967,967,1118,1118,1048,1048,1018,1018,940,940,881,881,886,886,916,916,935,935,947,947,1007,1007,945,945,387,387,243,243,159,159,116,116,62,62,,,,,,,,,,,,,,,,,,,,,,,,,,,,,,,,,,,,,,,,,,,,,,,,
tran_fba2a646-6907-43cb-8e30-f583fca7f608,4400,tran_df889c76-3bf7-4e64-9c43-9afb702de298,tran_b8a2700b-e672-4270-9064-fc720f26aea8,,0,44,44,45,45,32,32,34,34,40,40,44,44,122,122,967,967,1118,1118,1048,1048,1018,1018,940,940,881,881,886,886,916,916,935,935,947,947,1007,1007,945,945,387,387,243,243,159,159,116,116,62,62,,,,,,,,,,,,,,,,,,,,,,,,,,,,,,,,,,,,,,,,,,,,,,,,
tran_fc04f943-e292-47a2-ac55-bbf6459f3d09,4400,tran_09a22819-a60f-411f-9d31-adef29686d5e,tran_efe641f3-0759-410b-b4d6-e1806062d48b,tran_472ec25d-542f-4060-8717-b12f58fa218a,1,44,44,45,45,32,32,34,34,40,40,44,44,122,122,967,967,1118,1118,1048,1048,1018,1018,940,940,881,881,886,886,916,916,935,935,947,947,1007,1007,945,945,387,387,243,243,159,159,116,116,62,62,,,,,,,,,,,,,,,,,,,,,,,,,,,,,,,,,,,,,,,,,,,,,,,,
tran_fc4c3e37-c4ff-4a17-a8d0-2c132a1a0448,2500,tran_f5855da6-900e-4327-8261-5a60ce50fe4f,tran_bad2a4e0-eab1-4e13-ab64-5d5b12433655,tran_23cdf8c2-8e9c-45bf-96ba-99c671eff0ec,1,44,44,45,45,32,32,34,34,40,40,44,44,122,122,967,967,1118,1118,1048,1048,1018,1018,940,940,881,881,886,886,916,916,935,935,947,947,1007,1007,945,945,387,387,243,243,159,159,116,116,62,62,,,,,,,,,,,,,,,,,,,,,,,,,,,,,,,,,,,,,,,,,,,,,,,,
tran_fc4c5f59-740b-4ee7-b8ae-5e19d316a064,4400,tran_f2c4d508-42b8-433a-b33e-82e1bc2bb0da,tran_f217315b-3f88-4c39-a921-52327257df78,,0,44,44,45,45,32,32,34,34,40,40,44,44,122,122,967,967,1118,1118,1048,1048,1018,1018,940,940,881,881,886,886,916,916,935,935,947,947,1007,1007,945,945,387,387,243,243,159,159,116,116,62,62,,,,,,,,,,,,,,,,,,,,,,,,,,,,,,,,,,,,,,,,,,,,,,,,
tran_fc7e6600-0ad8-449a-8f0f-f97a7ec5b4a1,3500,tran_d5cd9c31-88d2-4bea-aa2d-b9b3334dd162,tran_8f335b15-a3e4-49fc-bb1f-97473cad4705,,0,44,44,45,45,32,32,34,34,40,40,44,44,122,122,967,967,1118,1118,1048,1048,1018,1018,940,940,881,881,886,886,916,916,935,935,947,947,1007,1007,945,945,387,387,243,243,159,159,116,116,62,62,,,,,,,,,,,,,,,,,,,,,,,,,,,,,,,,,,,,,,,,,,,,,,,,
tran_fca450f9-901b-4cc5-a17d-48215eb463a4,4400,tran_8cbf9a75-5e9c-416d-bb0c-70535e3e5464,tran_fdcf305a-f9f3-4a8e-acd3-f52c66fef6b7,,0,44,44,45,45,32,32,34,34,40,40,44,44,122,122,967,967,1118,1118,1048,1048,1018,1018,940,940,881,881,886,886,916,916,935,935,947,947,1007,1007,945,945,387,387,243,243,159,159,116,116,62,62,,,,,,,,,,,,,,,,,,,,,,,,,,,,,,,,,,,,,,,,,,,,,,,,
tran_fcb24147-5dd5-4daa-a6f0-19492f963d38,4400,tran_3186f308-1d36-430b-a878-2e7b32b77311,tran_e7b92c43-b76d-4955-b44f-11996d22b239,,0,42,42,39,39,28,28,29,29,34,34,39,39,112,112,1343,1343,1424,1424,1347,1347,1375,1375,1229,1229,1247,1247,1096,1096,1282,1282,1299,1299,1257,1257,1375,1375,1394,1394,536,536,316,316,190,190,140,140,87,87,,,,,,,,,,,,,,,,,,,,,,,,,,,,,,,,,,,,,,,,,,,,,,,,
tran_fd177bf3-5c55-45d4-8212-d545a9fb32e1,800,tran_8458bbd4-864d-446c-aa0e-c7ed5e2c5b9c,tran_395c2f3d-ec40-449a-bed8-75a97fcb6875,,0,44,44,45,45,32,32,34,34,40,40,44,44,122,122,967,967,1118,1118,1048,1048,1018,1018,940,940,881,881,886,886,916,916,935,935,947,947,1007,1007,945,945,387,387,243,243,159,159,116,116,62,62,,,,,,,,,,,,,,,,,,,,,,,,,,,,,,,,,,,,,,,,,,,,,,,,
tran_fd1ac63c-6311-4bdd-8fdf-0682cf34eede,2000,tran_59cb4429-5b91-43a4-99f7-4dcad2049d16,4845,tran_baf11617-7fdc-4d69-a614-b4fed17f4e9d;tran_63e44f37-a73a-4dc0-9f5c-7ecf0cebb05a,2,44,44,45,45,32,32,34,34,40,40,44,44,122,122,967,967,1118,1118,1048,1048,1018,1018,940,940,881,881,886,886,916,916,935,935,947,947,1007,1007,945,945,387,387,243,243,159,159,116,116,62,62,,,,,,,,,,,,,,,,,,,,,,,,,,,,,,,,,,,,,,,,,,,,,,,,
tran_fd77d9f2-440d-4c0e-86dd-b253f00e90b5,3000,tran_921a9e41-9812-4f20-a088-ab8eac85251f,tran_472ec25d-542f-4060-8717-b12f58fa218a,tran_2e03cfbf-9ecb-4ae5-a8aa-5f60ea3d452a,1,44,44,45,45,32,32,34,34,40,40,44,44,122,122,967,967,1118,1118,1048,1048,1018,1018,940,940,881,881,886,886,916,916,935,935,947,947,1007,1007,945,945,387,387,243,243,159,159,116,116,62,62,,,,,,,,,,,,,,,,,,,,,,,,,,,,,,,,,,,,,,,,,,,,,,,,
tran_fda0d604-e62b-4881-b4f6-e3a883f668c2,1600,tran_11675a11-da12-413f-a90d-b9da81ea79e9,tran_70829790-92c6-4f9b-8649-55398b656fd2,,0,44,44,45,45,32,32,34,34,40,40,44,44,122,122,967,967,1118,1118,1048,1048,1018,1018,940,940,881,881,886,886,916,916,935,935,947,947,1007,1007,945,945,387,387,243,243,159,159,116,116,62,62,,,,,,,,,,,,,,,,,,,,,,,,,,,,,,,,,,,,,,,,,,,,,,,,
tran_fdaccfc2-1de6-44b4-87ed-f7882a46ade5,4400,tran_ae672d38-10f7-48e3-9302-54cc1ad13b72,tran_e6cc7a12-c6a9-4887-a596-5714914296bf,,0,44,44,45,45,32,32,34,34,40,40,44,44,122,122,967,967,1118,1118,1048,1048,1018,1018,940,940,881,881,886,886,916,916,935,935,947,947,1007,1007,945,945,387,387,243,243,159,159,116,116,62,62,,,,,,,,,,,,,,,,,,,,,,,,,,,,,,,,,,,,,,,,,,,,,,,,
tran_fdcf305a-f9f3-4a8e-acd3-f52c66fef6b7,300,tran_b3b2b905-2801-4b76-8c29-fc6f15dc9f6c,tran_348c2676-0bfd-46df-85e4-620db048b9d8,tran_b0bfe0b5-e42d-4781-bfb4-5770cc21a236;tran_fca450f9-901b-4cc5-a17d-48215eb463a4,2,44,44,45,45,32,32,34,34,40,40,44,44,122,122,967,967,1118,1118,1048,1048,1018,1018,940,940,881,881,886,886,916,916,935,935,947,947,1007,1007,945,945,387,387,243,243,159,159,116,116,62,62,,,,,,,,,,,,,,,,,,,,,,,,,,,,,,,,,,,,,,,,,,,,,,,,
tran_fdd5e35c-7966-48c8-b79b-2943f3c0bc82,800,tran_9629efa8-7d30-4daa-8278-3a8ba05f496c,tran_9b2a82ce-b4fb-4708-9468-f1f25236f5ad,tran_c79aa264-e613-4b4b-9655-7f0bee680392,1,44,44,45,45,32,32,34,34,40,40,44,44,122,122,967,967,1118,1118,1048,1048,1018,1018,940,940,881,881,886,886,916,916,935,935,947,947,1007,1007,945,945,387,387,243,243,159,159,116,116,62,62,,,,,,,,,,,,,,,,,,,,,,,,,,,,,,,,,,,,,,,,,,,,,,,,
tran_fe8f35c0-3f60-4c5c-9dc0-7e6da4d0dca0,500,tran_0410af57-0e51-497c-80a6-86fe4adbbbe0,tran_579c984e-939f-4553-9497-2a78c7762e33,tran_52b31f75-a784-4ad9-8c47-035dbdd24eee,1,44,44,45,45,32,32,34,34,40,40,44,44,122,122,967,967,1118,1118,1048,1048,1018,1018,940,940,881,881,886,886,916,916,935,935,947,947,1007,1007,945,945,387,387,243,243,159,159,116,116,62,62,,,,,,,,,,,,,,,,,,,,,,,,,,,,,,,,,,,,,,,,,,,,,,,,
tran_ff69a30b-b24d-4731-bb27-aea515a44e5e,1200,tran_52a5ad13-0c9b-483c-a781-8eedd06926ad,tran_3d62a9be-8f43-4922-aaa0-d238b75b6915,tran_4c5530e2-bf09-4dc7-85b0-29734738463c,1,44,44,45,45,32,32,34,34,40,40,44,44,122,122,967,967,1118,1118,1048,1048,1018,1018,940,940,881,881,886,886,916,916,935,935,947,947,1007,1007,945,945,387,387,243,243,159,159,116,116,62,62,,,,,,,,,,,,,,,,,,,,,,,,,,,,,,,,,,,,,,,,,,,,,,,,
tran_ffe45441-674e-4032-9b25-312a8446f51b,3850,tran_f9d51d23-8c93-4c4f-b366-90e8fa57c351,tran_6fe1c4d0-c6de-4efa-920b-aa44b6e57c96,,0,44,44,45,45,32,32,34,34,40,40,44,44,122,122,967,967,1118,1118,1048,1048,1018,1018,940,940,881,881,886,886,916,916,935,935,947,947,1007,1007,945,945,387,387,243,243,159,159,116,116,62,62,,,,,,,,,,,,,,,,,,,,,,,,,,,,,,,,,,,,,,,,,,,,,,,,